-0.007
-0.004
-0.209
-0.268
-0.41
-0.485
-0.489
-0.509
-0.203
0.055
-0.009
0.054
0.09
0.054
10.332
10.332
-0.181
-0.451
-0.463
-0.606
-0.883
-1.241
-0.939
-1.065
-1.286
-1.059
-0.979
-1.226
-1.379
-1.435
-1.44
-1.209
-1.241
-1.144
-0.794
-0.693
-0.522
-0.583
-0.521
-0.591
-0.251
-0.276
-0.288
-0.32
-0.58
-0.69
-0.696
-0.525
-0.406
-0.107
0.188
-0.007
-0.051
-0.26
-0.616
-0.468
-0.468
-0.458
-0.311
-0.43
-0.508
-0.37
-0.32
-0.279
-0.094
-0.122
-0.179
-0.356
-0.135
-0.19
-0.292
-0.408
-0.065
-0.242
-0.052
-0.479
-0.329
-0.231
0.064
0.026
0.233
0.349
0.416
0.265
0.312
0.235
0.263
0.286
0.253
0.253
0.154
0.198
0.11
0.069
0.08
0.149
0.253
0.254
0.284
-0.036
-0.121
-0.051
-0.168
-0.152
-0.094
-0.174
-0.238
-0.174
-0.116
-0.059
-0.116
0.071
0.13
0.266
0.384
0.525
0.445
0.497
0.581
0.575
0.666
2.263
0.596
0.307
0.461
0.221
0.395
0.094
0.193
-0.044
-0.105
-0.155
-0.16
0.077
0.146
0.286
0.226
0.094
0.025
-0.039
-0.122
-0.294
-0.385
-0.675
-0.927
-0.993
-1.097
-1.055
-1.045
-0.916
-0.829
-0.501
-0.239
-0.254
-0.343
-0.496
-0.101
-0.301
0.022
-0.236
-0.242
-0.361
-0.285
-0.051
-0.194
-0.141
-0.11
-0.286
-0.176
-0.381
-0.311
-0.386
-0.374
-0.325
-0.194
-0.242
-0.219
0.044
0.104
-0.036
-0.061
0.228
0.025
-0.03
0.031
-0.096
-0.066
0.025
0.004
-0.128
-0.135
0.104
0.215
0.229
0.15
0.354
0.273
0.319
0.206
-0.044
-0.235
-0.258
-0.135
-0.354
-0.198
-0.081
0.091
0.019
0.015
0.398
0.48
0.585
0.724
0.552
0.593
0.666
0.829
0.83
0.94
1.265
1.387
1.606
1.901
1.925
1.983
1.943
1.93
1.989
1.855
1.87
1.665
2.087
1.994
1.963
2.064
2.172
2.284
2.221
2.223
1.976
1.907
1.693
1.703
1.448
1.489
1.514
1.184
1.099
1.038
0.995
0.911
0.865
0.763
1.031
1.169
1.059
1.163
1.306
1.521
1.373
1.374
1.25
1.235
1.046
1.101
0.934
1.135
0.93
0.763
0.61
0.745
0.459
0.251
0.45
0.26
0.294
0.244
0.492
0.247
0.374
0.385
0.625
0.746
0.449
0.588
0.516
0.427
0.589
0.339
0.461
0.343
0.496
0.585
0.497
0.655
0.785
0.855
0.749
1.022
1.164
1.194
1.271
1.406
1.375
1.365
1.51
1.413
1.374
1.469
1.365
1.346
1.366
1.134
1.173
0.889
1.035
0.989
0.841
0.638
0.605
0.369
0.05
-0.156
-0.532
-0.751
-0.67
-0.464
-0.134
-0.23
-0.341
-0.331
-0.623
-0.655
-0.497
-0.349
-0.231
-0.431
-0.465
-0.699
-0.828
-0.961
-0.814
-0.804
-0.671
-0.638
-0.497
-0.224
-0.265
-0.23
-0.14
-0.188
0.089
0.154
0.221
0.021
0.02
0.296
0.139
0.171
0.214
0.198
0.295
0.309
0.109
-0.018
-0.12
-0.075
-0.253
-0.217
-0.111
-0.141
-0.22
-0.194
-0.219
-0.335
-0.367
-0.291
-0.266
-0.306
-0.292
-0.203
-0.014
-0.259
-0.184
-0.025
0.258
0.249
0.384
0.315
0.143
0.106
0.044
-0.099
-0.285
-0.281
-0.163
-0.177
-0.083
-0.013
-0.126
-0.343
-0.441
-0.718
-0.978
-0.931
-0.86
-0.983
-0.92
-1.025
-0.79
-0.881
-0.81
-0.705
-0.859
-0.825
-1.036
-1.167
-1.076
-1.221
-1.131
-1.103
-0.819
-0.299
-0.536
-0.421
-0.401
-0.29
0.016
0.181
0.223
0.128
-0.003
-0.003
0.084
0.296
0.339
0.388
0.334
0.445
0.114
-0.004
0.297
0.005
-0.124
0.133
0.211
-0.228
-0.266
-0.247
-0.208
-0.079
-0.126
-0.268
-0.344
-0.354
-0.556
-0.501
-0.454
-0.631
-0.791
-0.888
-0.828
-0.848
-0.888
-0.659
-0.7
-0.651
-0.605
-0.785
-0.635
-0.66
-0.584
-0.429
-0.391
-0.385
-0.364
-0.468
-0.78
-1.022
-1.429
-1.397
-1.159
-0.763
-0.725
-0.586
-0.62
-0.855
-1.011
-0.735
-0.334
-0.614
-0.588
-0.744
-0.745
-0.504
-0.239
-0.31
-0.09
-0.007
0.239
0.169
0.039
0.071
-0.151
-0.039
-0.116
-0.173
-0.376
-0.677
-0.414
-0.539
-0.596
-0.343
-0.459
-0.261
-0.193
-0.297
-0.215
-0.569
-0.625
-0.594
-0.844
-0.575
-0.771
-1.006
-0.95
-1.204
-1.091
-1.046
-0.939
-0.786
-0.991
-1.012
-1.276
-1.274
-1.278
-1.264
-1.191
-1.224
-1.018
-1.164
-0.956
-1.052
-1.105
-0.939
-0.806
-0.59
-0.666
-0.713
-0.667
-0.932
-0.944
-0.796
-0.62
-0.535
-0.2
0.054
0.334
0.598
0.511
0.441
0.463
0.552
0.354
0.229
0.114
0.009
0.263
0.188
0.239
0.473
0.671
0.549
0.46
0.573
0.422
0.495
0.381
0.475
0.278
0.258
0.156
-10.336
-0.233
-0.174
0.203
0.182
0.208
0.149
0.118
0.294
0.319
0.292
0.131
0.081
0.155
-0.091
0.0
-0.018
0.184
0.32
0.32
0.344
0.41
0.486
0.586
0.98
0.691
0.753
0.794
0.468
0.384
0.098
0.27
0.486
0.427
0.492
0.46
0.074
0.158
10.332
10.332
0.524
0.519
0.38
0.432
0.598
0.8
0.766
0.889
1.07
0.919
0.86
0.711
0.526
0.486
0.463
0.531
0.84
0.897
0.874
0.871
0.904
0.888
0.875
1.064
1.209
1.241
1.157
1.049
0.893
0.955
1.011
0.999
0.859
0.921
0.839
1.055
1.161
1.25
1.371
1.135
1.179
0.713
0.791
0.44
0.529
0.606
0.74
0.8
0.729
0.725
0.646
0.534
0.539
0.805
0.738
0.665
0.522
0.325
0.356
0.196
0.133
0.133
0.321
0.471
0.608
0.756
0.555
0.634
0.591
0.744
0.95
1.012
0.875
0.826
0.595
0.655
0.728
0.728
0.735
1.012
0.905
0.874
0.761
0.916
0.973
1.323
1.225
1.23
1.416
1.33
1.385
1.376
1.576
1.845
2.09
2.146
2.085
2.14
1.93
1.699
1.856
1.565
1.669
1.913
1.631
1.644
1.558
1.571
1.541
1.318
1.475
1.364
1.01
1.041
0.753
0.555
0.318
0.251
0.223
0.463
0.414
0.311
0.004
-0.075
-0.279
-0.28
-0.06
-0.119
0.044
0.134
0.144
0.436
0.411
0.6
0.49
0.688
0.398
0.113
0.103
0.325
0.514
0.501
0.393
0.037
-0.226
-0.349
-0.709
-0.576
-0.409
-0.522
-0.51
-0.631
-0.834
-1.011
-1.115
-1.015
-0.954
-0.978
-0.367
-0.285
-0.229
-0.212
-0.075
-0.46
-0.733
-0.756
-0.516
-0.424
-0.208
-0.02
0.026
-0.111
-0.06
-0.413
-0.557
-0.711
-0.657
-0.478
-0.504
-0.492
-0.44
-0.351
-0.474
-0.26
-0.195
-0.135
-0.219
-0.214
-0.315
-0.372
-0.242
0.029
0.144
0.409
0.37
0.311
0.505
0.235
-0.075
-0.361
-0.233
-0.436
-0.417
-0.431
-0.12
-0.503
-0.376
-0.43
-0.515
-0.583
-0.514
-0.512
-0.601
-0.681
-0.796
-0.571
-0.474
-0.54
-0.422
-0.576
-0.275
-0.365
-0.512
-0.557
-0.49
-0.495
-0.489
-0.521
-0.279
-0.203
-0.304
-0.228
-0.355
0.094
0.182
0.365
0.391
0.11
0.099
-0.326
-0.071
-0.179
-0.177
-0.151
-0.469
-0.419
-0.466
-0.478
-0.235
-0.59
-0.526
-0.569
-0.581
-0.654
-0.645
-0.506
-0.554
-0.565
-0.496
-0.489
-0.639
-0.633
-0.367
0.0
0.323
0.265
0.366
0.367
0.315
0.278
0.275
0.233
0.453
0.474
0.323
0.435
0.088
0.015
0.141
0.365
0.718
0.566
0.364
0.311
0.286
0.367
0.223
0.319
0.206
0.265
0.401
0.029
-0.02
0.02
-0.004
0.185
0.241
0.285
0.247
-0.021
-0.239
-0.355
-0.212
-0.316
0.03
-0.113
-0.446
-0.458
-0.504
-0.326
-0.519
-0.588
-0.596
-0.374
-0.604
-0.735
-0.954
-0.657
-0.666
-0.35
-0.301
-0.154
-0.274
-0.173
-0.119
0.052
0.1
0.147
0.281
0.121
0.18
0.069
-0.04
-0.011
-0.314
-0.312
-0.351
-0.33
-0.344
-0.512
-0.355
-0.579
-0.759
-0.8
-0.66
-0.431
-0.537
-0.606
-0.623
-0.87
-0.744
-0.756
-0.826
-0.868
-0.699
-0.756
-0.961
-0.949
-0.841
-0.955
-0.749
-0.854
-0.784
-0.68
-0.42
-0.362
-0.529
-0.225
-0.289
-0.429
-0.529
-0.564
-0.03
-0.004
0.048
-0.01
-0.216
-0.211
-0.06
0.084
-0.025
0.128
0.375
0.275
0.236
0.35
0.532
0.406
0.536
0.395
0.385
0.244
0.455
0.521
0.291
0.203
0.682
0.81
0.888
0.876
1.111
0.921
0.814
0.885
0.948
0.824
1.01
0.94
0.655
0.576
0.374
0.3
0.216
0.375
-0.074
-0.245
-0.305
-0.139
-0.14
-0.355
-0.335
-0.171
0.02
-0.049
0.136
0.234
0.325
0.259
0.33
0.491
0.381
0.175
0.058
0.048
-0.072
0.266
0.119
0.141
0.399
0.364
-0.029
-0.182
-0.2
-0.058
0.029
-0.059
-0.346
-0.154
-0.088
-0.228
-0.356
-0.492
-0.734
-0.696
-0.623
-0.672
-0.355
-0.249
-10.336
0.386
0.51
0.484
0.475
0.65
0.79
0.979
1.131
0.826
0.896
0.753
0.623
0.696
0.82
0.87
0.738
0.891
0.791
0.917
0.696
0.745
0.839
0.811
0.896
1.116
1.139
0.958
0.828
0.776
0.814
0.738
0.601
0.601
0.393
0.559
0.504
0.4
0.549
0.666
0.78
0.849
0.958
0.715
0.72
0.657
0.542
0.611
0.661
0.796
0.675
0.665
0.689
0.696
0.98
1.161
1.264
1.075
1.117
0.839
0.807
0.744
0.434
0.422
0.443
0.57
0.496
0.628
0.859
1.159
1.238
0.88
0.75
0.755
0.829
0.473
0.89
0.546
0.546
0.485
0.703
0.679
0.821
0.999
1.111
1.131
1.045
0.981
0.51
0.633
0.618
0.649
0.454
0.638
0.645
0.544
0.593
0.594
0.335
0.318
0.439
0.443
0.343
0.096
-0.171
0.109
0.022
-0.161
-0.04
-0.098
0.256
0.506
0.54
0.37
0.446
0.349
0.395
0.145
-0.135
-0.238
-0.434
-0.376
-0.537
-0.624
-0.448
-0.395
-0.301
-0.261
-0.226
-0.283
-0.378
-0.57
-0.348
-0.134
-0.018
-0.033
-0.131
-0.084
-0.061
0.174
-0.014
0.247
0.361
0.216
-0.044
-0.013
-0.286
-0.35
-0.524
-0.67
-0.274
-0.336
-0.212
-0.464
-0.682
-0.64
-0.851
-0.891
-0.764
-0.768
-0.708
-0.833
-1.096
-1.061
-0.943
-0.902
-0.435
-0.299
-0.374
-0.236
-0.33
-0.229
-0.101
0.028
-0.168
0.12
-0.106
0.011
0.328
0.206
0.458
0.531
0.55
0.453
0.24
0.23
0.145
0.324
0.217
0.385
0.246
0.014
-0.006
-0.094
-0.22
0.051
-0.019
0.003
0.086
0.292
0.316
0.508
0.615
0.432
0.235
0.15
0.471
0.406
0.588
0.19
0.344
0.131
-0.16
-0.177
-0.386
-0.487
-0.417
0.033
0.03
0.1
-0.03
0.014
0.195
0.427
0.729
0.603
0.512
0.296
0.439
0.575
0.57
0.557
0.163
0.273
0.396
0.576
0.635
0.641
0.482
0.29
0.256
-0.016
-0.104
-0.57
-0.724
-0.735
-0.772
-0.469
-0.511
-0.312
-0.263
-0.021
0.051
-0.028
-0.007
-0.115
0.105
-0.378
-0.557
-0.866
-1.093
-0.734
-0.566
-0.624
-0.403
-0.39
-0.696
-0.894
-0.973
-0.925
-1.039
-1.126
-1.03
-0.926
-0.815
-1.065
-1.076
-1.228
-1.009
-0.661
-0.505
-0.509
-0.465
-0.461
-0.674
-0.48
-0.446
-0.408
-0.429
-0.3
-0.343
-0.584
-0.521
-0.446
-0.456
-0.485
-0.383
-0.071
-0.138
-0.125
-0.331
-0.176
-0.285
-0.098
-0.044
-0.001
-0.3
-0.28
-0.283
-0.326
-0.4
-0.083
-0.203
-0.241
-0.14
-0.546
-0.341
-0.438
-0.874
-0.766
-0.63
-0.37
-0.269
-0.147
-0.208
-0.033
-0.159
-0.331
-0.46
-0.531
-0.185
0.059
0.056
0.13
0.391
0.568
0.682
0.564
0.561
0.485
0.72
0.721
0.811
0.65
0.436
0.221
-0.312
-0.535
-0.556
-0.38
-0.215
0.135
0.225
0.306
0.069
0.013
-0.205
-0.168
-0.403
-0.275
-0.416
-0.2
-0.077
0.152
0.444
0.444
0.733
0.756
0.943
0.986
0.996
0.998
0.741
0.623
0.664
0.494
0.376
0.623
0.633
0.569
0.594
0.647
0.677
0.869
0.936
0.815
0.971
0.654
-0.031
-0.206
-0.217
-0.534
-0.738
-0.6
-0.833
-1.099
-1.055
-0.883
-0.771
-0.786
-0.595
-0.586
-0.736
-0.609
-0.547
-0.393
-0.147
-0.385
-0.285
-0.459
-0.201
0.105
0.072
0.294
0.504
0.401
0.214
0.065
-0.314
-0.2
0.176
0.479
0.463
0.804
0.849
0.828
1.119
1.323
1.235
1.3
1.423
1.347
1.621
1.785
1.782
1.576
1.346
1.419
1.415
1.47
1.228
1.305
1.551
1.365
0.807
0.51
0.47
0.235
0.109
-0.022
0.016
0.151
0.189
0.494
0.716
0.584
0.73
0.47
0.711
0.403
0.414
0.557
0.594
0.682
1.116
0.873
0.761
1.07
1.254
0.978
0.927
0.659
0.601
0.188
0.403
0.48
0.623
0.733
0.733
0.873
0.786
0.985
1.021
0.98
1.069
1.163
1.249
0.968
0.746
0.938
0.745
0.345
0.316
0.422
0.294
0.348
0.135
0.104
0.092
0.144
0.246
0.255
0.384
0.168
0.13
-0.089
-0.25
-0.156
-0.439
-0.256
0.156
0.425
0.461
0.496
0.344
0.225
0.015
0.13
0.23
-0.141
0.193
0.246
0.286
0.196
0.345
0.478
0.782
0.787
0.826
0.739
0.545
0.284
0.527
0.43
0.51
0.546
0.335
0.194
-0.26
-0.235
-0.018
-0.203
0.036
-0.305
-0.539
-0.316
-0.186
-0.254
-0.224
-0.219
-0.145
-0.086
-0.055
-0.119
0.064
0.318
0.399
0.756
0.774
0.931
0.9
0.754
0.471
0.238
0.334
0.465
0.695
0.92
0.914
0.846
0.759
0.686
0.652
0.596
0.241
0.486
0.487
0.431
0.596
0.286
0.504
0.42
0.398
0.527
0.24
-0.052
0.03
-0.261
-0.393
-0.31
-0.69
-0.81
-0.69
-0.828
-0.85
-0.749
-0.688
-0.718
-0.671
-0.723
-0.744
-0.614
-0.568
-0.399
-0.541
-0.508
-0.615
-0.821
-0.993
-1.064
-1.032
-1.211
-1.121
-1.185
-0.95
-1.149
-1.155
-1.159
-1.149
-0.878
-0.629
-0.689
-0.801
-0.944
-0.576
-0.266
-0.219
-0.274
-0.208
-0.231
-0.166
-0.417
-0.274
-0.225
-0.041
-0.241
-0.029
-0.203
-0.281
-0.104
0.011
0.125
0.312
0.061
0.403
0.495
0.372
0.043
-0.201
-0.143
-0.046
-0.029
-0.064
-0.208
-0.367
-0.621
-0.568
-0.616
-0.369
-0.08
0.045
-0.305
-0.209
-0.211
-0.343
-0.468
-0.537
-0.642
-0.779
-0.92
-0.919
-1.184
-1.205
-0.87
-0.802
-0.844
-0.713
-0.833
-1.201
-1.258
-1.234
-1.255
-1.241
-1.012
-1.104
-1.127
-1.33
-1.311
-1.31
-1.295
-0.925
-1.045
-0.652
-0.586
-0.705
-0.935
-0.807
-0.766
-0.283
-0.94
-0.086
0.151
0.312
0.169
0.104
0.1
0.185
0.255
0.279
0.239
0.405
0.359
0.461
0.596
0.398
0.321
0.182
0.081
-0.019
-0.105
0.005
0.424
0.651
0.564
0.667
0.816
0.79
1.173
0.782
0.75
0.615
0.326
0.059
0.17
0.122
0.362
0.355
0.265
0.306
0.239
0.124
-0.092
0.055
0.081
0.236
0.376
0.509
0.527
0.501
0.324
0.391
0.155
0.274
0.261
0.231
0.588
0.326
0.139
0.036
0.186
0.235
0.145
0.083
0.329
0.254
0.339
0.225
0.288
0.134
0.131
0.174
0.239
0.312
0.159
0.072
-0.035
-0.471
-0.629
-0.706
-0.511
-0.654
-0.715
-0.979
-1.191
-0.935
-0.555
-0.589
-0.576
-0.638
-0.64
-0.768
-0.711
-0.536
-0.09
-0.028
0.163
0.271
0.182
-0.084
-0.266
-0.275
-0.561
-0.189
-0.139
-0.006
0.334
0.244
0.163
0.241
0.475
0.575
0.531
0.893
1.018
1.026
1.232
1.198
0.958
0.945
1.14
1.001
1.012
1.061
0.864
1.028
0.79
0.826
0.92
1.074
1.375
1.445
1.323
1.198
1.482
1.176
0.512
0.745
0.895
0.64
0.745
0.925
0.63
0.953
0.7
0.901
1.011
0.859
0.824
0.746
0.406
0.359
0.319
0.3
0.41
0.276
0.136
0.028
0.022
0.107
0.281
0.781
0.534
0.711
0.914
1.089
1.125
0.9
0.936
0.784
0.955
0.825
0.77
0.768
0.688
0.684
0.466
0.369
0.31
0.268
0.338
0.691
0.517
0.497
0.475
0.177
0.069
0.324
0.465
0.264
0.292
0.343
0.242
0.11
0.309
0.209
0.37
0.468
0.514
0.441
0.413
0.328
0.436
0.63
0.736
0.953
0.995
1.304
1.255
1.154
1.147
1.23
1.203
0.806
0.726
0.482
0.519
0.594
0.787
0.672
0.669
0.794
0.915
0.916
0.571
0.503
0.421
0.484
0.456
0.74
0.686
0.858
0.901
0.68
0.61
0.715
0.785
0.59
0.66
0.876
0.93
1.174
1.114
1.068
1.173
1.127
1.216
1.031
0.936
1.13
0.829
1.066
0.931
0.998
0.999
0.04
0.606
0.383
0.436
0.302
0.173
0.191
0.224
0.225
0.175
0.247
0.361
0.286
0.266
0.094
0.185
0.147
-0.19
-0.174
0.01
0.221
0.059
-0.335
-10.336
-0.775
-1.251
-1.252
-0.999
-0.998
-0.661
-0.606
-0.718
-0.519
-0.301
-0.305
-0.193
0.343
0.226
0.394
0.356
-0.095
0.004
-0.03
-0.028
0.072
-1.011
-0.211
-0.416
-0.307
-0.215
-0.051
-0.001
-0.022
-0.045
-0.02
0.059
0.085
0.09
0.263
0.084
0.11
0.15
-0.011
-0.312
-0.261
-0.077
-0.184
-0.356
-0.644
-0.581
-0.48
-0.504
-0.404
-0.32
-0.085
0.13
0.221
0.125
0.214
-0.105
0.134
0.003
-0.161
-0.194
-0.275
-0.379
-0.13
-0.325
-0.279
-0.085
-0.271
-0.434
-0.266
-0.634
-0.456
-0.741
-1.136
-1.206
-1.413
-1.326
-1.195
-1.041
-1.009
-0.821
-0.655
-0.376
-0.151
-0.104
0.084
0.086
0.249
0.05
0.335
0.475
0.475
0.706
0.812
0.938
0.529
0.671
0.479
0.45
0.259
-0.05
-0.08
-0.016
-0.152
-0.144
0.079
0.003
-0.015
-0.072
-0.534
-0.726
-0.99
-0.902
-0.866
-1.097
-1.068
-1.099
-1.463
-1.281
-1.279
-0.906
-0.838
-0.828
-0.914
-0.82
-1.041
-1.024
-1.093
-1.129
-0.9
-0.983
-0.75
-0.634
-0.408
-0.406
-0.598
-0.244
-0.25
-0.343
-0.055
0.125
0.348
0.029
0.286
0.29
0.289
0.5
0.451
0.566
0.352
0.529
0.743
0.64
0.725
0.325
0.408
0.399
0.297
0.694
0.48
0.584
0.595
0.573
0.704
0.388
0.299
0.069
-0.147
-0.259
-0.443
-0.261
-0.296
-0.361
-0.478
-0.838
-0.995
-0.799
-0.828
-0.999
-0.905
-0.914
-1.09
-1.094
-0.998
-0.936
-0.777
-0.649
-0.7
-0.689
-0.614
-0.403
-0.27
-0.118
0.25
-0.001
0.226
0.284
0.233
0.269
0.043
0.111
-0.062
-0.221
-0.211
-0.331
-0.177
-0.441
-0.555
-0.691
-0.603
-0.604
-0.573
-0.829
-0.874
-0.99
-1.365
-1.061
-1.244
-1.124
-0.845
-0.978
-0.964
-0.912
-0.785
-0.791
-0.97
-0.776
-0.676
-0.492
-0.432
-0.535
-0.544
-0.855
-0.984
-0.974
-0.411
-0.339
-0.015
0.101
0.438
0.396
0.421
0.291
0.419
0.499
0.57
0.67
0.772
0.61
0.81
0.753
0.89
0.988
1.008
0.959
0.905
0.824
0.649
0.546
0.217
-0.016
0.016
0.44
0.426
0.451
0.376
0.764
0.611
0.711
0.481
0.761
0.976
0.96
0.912
0.927
0.986
1.229
1.094
1.095
0.891
0.856
0.881
0.85
0.671
0.583
0.716
0.753
0.603
0.603
0.524
0.378
0.235
0.331
0.381
0.588
0.621
0.833
0.811
0.719
0.604
0.288
0.196
0.46
0.394
0.251
0.367
-0.021
-0.119
-0.107
0.003
-0.062
0.055
0.185
0.424
0.424
0.186
0.299
0.031
0.107
0.175
0.385
0.581
0.416
0.434
0.335
0.169
0.336
0.41
0.465
0.453
0.537
0.623
0.853
0.875
0.991
0.99
1.195
1.274
1.406
1.434
1.433
1.596
1.627
1.893
1.615
1.805
1.854
1.804
2.093
2.185
2.283
2.074
2.158
2.096
2.02
1.806
1.659
1.795
1.88
1.725
1.539
1.406
1.645
1.359
1.235
1.271
1.078
0.703
0.561
0.408
0.512
0.37
0.318
0.326
0.618
0.606
0.835
0.639
0.706
0.915
0.576
0.494
0.527
0.575
0.724
0.675
10.332
10.332
0.526
0.281
0.07
-0.08
-0.371
-0.283
-0.177
-0.121
-0.334
-0.343
-0.454
-0.193
-0.208
-0.25
-0.432
-0.39
-0.406
-0.481
-0.398
-0.508
-0.651
-1.009
-0.897
-0.766
-0.99
-0.953
-0.912
-0.953
-0.656
-0.765
-0.657
-0.446
-0.175
0.163
0.144
0.514
0.225
0.2
0.309
0.458
0.634
0.579
0.849
0.991
0.965
1.009
1.009
0.795
0.633
0.676
0.878
0.888
0.879
0.761
0.509
0.154
0.2
0.028
-0.352
-0.605
-0.725
-0.67
-0.74
-0.677
-0.516
-0.396
-0.524
-0.279
-0.269
-0.107
-0.175
-0.088
-0.165
-0.239
0.018
0.052
0.147
0.156
0.084
-0.145
-0.406
-0.674
-0.78
-0.829
-0.72
-0.768
-0.758
-0.75
-0.8
-0.979
-1.05
-0.895
-0.811
-0.786
-0.739
-0.853
-1.125
-1.032
-1.179
-0.927
-0.831
-0.633
-0.531
-0.31
-0.14
-0.08
-0.135
0.03
-0.133
-0.045
0.059
0.039
-0.004
-0.235
-0.436
-0.654
-0.951
-0.936
-0.74
-0.593
-0.559
-0.401
-0.372
-0.331
-0.487
-0.369
-0.559
-0.52
-0.54
-0.598
-0.544
-0.557
-0.362
-0.456
-0.509
-0.388
-0.306
-0.23
-0.18
-0.261
-0.569
-0.425
-0.473
-0.432
-0.481
-0.425
-0.519
-0.739
-0.568
-0.52
-0.524
-0.61
-0.417
-0.45
-0.369
-0.329
-0.191
-0.104
0.035
0.21
0.12
0.19
0.106
0.007
-0.019
0.013
-0.101
0.034
-0.164
-0.122
-0.182
-0.381
-0.422
-0.699
-0.579
-0.69
-0.724
-0.44
-0.606
-0.684
-0.573
-0.669
-0.701
-0.573
-0.448
-0.398
-0.181
-0.636
-0.666
-0.504
-0.694
-0.544
-0.595
-0.641
-0.701
-0.625
-0.551
-0.415
-0.211
-0.155
-0.003
-0.119
-0.165
-0.26
-0.233
-0.2
-0.059
-0.44
0.092
0.255
0.258
0.289
0.328
-0.007
-0.18
-0.069
-0.39
-0.425
-0.515
-0.53
-0.481
-0.893
-0.844
-0.81
-0.693
-0.645
-0.694
-0.544
-0.614
-0.669
-0.55
-0.681
-0.593
-0.438
-0.496
-0.281
-0.399
-0.451
-0.573
-0.535
-0.361
-0.421
-0.345
-0.554
-0.405
-0.484
-0.378
-0.559
-0.519
-0.32
-0.411
-0.348
-0.156
-0.166
-0.314
-0.324
-0.47
-0.468
-0.549
-0.48
-0.456
-0.482
-0.284
-0.361
-0.052
-0.284
-0.181
-0.04
0.146
0.284
0.345
0.478
0.556
0.646
0.539
0.608
0.537
0.304
0.446
0.291
0.143
0.249
0.269
0.41
0.546
0.495
0.366
0.323
0.259
0.084
-0.061
0.084
0.169
0.03
0.006
-0.003
0.121
0.315
0.253
0.149
0.071
0.299
0.288
0.355
0.331
0.22
0.013
0.171
0.116
-0.306
-0.061
0.224
0.264
0.15
0.131
0.104
0.15
0.079
0.168
0.039
0.089
0.083
0.118
0.003
-0.116
-0.029
0.055
-0.165
0.225
0.055
0.154
0.26
0.255
0.487
0.411
0.456
0.517
0.573
0.8
0.915
0.924
0.946
0.774
0.781
0.45
0.66
0.777
0.896
0.863
0.96
1.218
0.97
0.895
0.868
0.846
0.738
0.765
0.779
0.78
0.941
1.011
1.364
1.131
1.055
1.239
1.022
0.911
1.078
1.0
1.2
1.331
1.29
1.34
1.32
1.21
1.159
1.189
1.423
1.329
1.331
1.282
1.048
1.234
1.423
1.484
1.664
1.629
1.69
1.752
1.775
1.784
1.671
1.603
1.766
1.594
1.778
1.89
1.542
1.583
1.189
0.916
0.811
0.664
0.482
0.432
0.559
0.485
0.588
0.669
0.517
0.365
0.091
0.163
0.215
0.426
0.291
0.52
0.398
0.471
0.514
0.359
0.514
0.268
0.215
0.39
0.266
0.378
0.525
0.738
0.424
0.414
0.492
0.739
0.729
0.672
0.57
0.378
0.306
0.549
0.451
0.565
0.509
0.436
0.42
0.141
0.06
0.048
0.118
0.129
0.113
-0.286
0.055
-0.118
0.193
0.261
0.52
0.599
0.566
0.294
0.441
0.534
0.449
0.334
0.439
0.396
0.394
0.809
0.525
0.694
0.726
0.355
0.494
0.124
-0.149
-0.056
0.02
0.04
0.1
0.099
-0.23
-0.51
-0.561
-0.725
-0.744
-0.809
-0.569
-0.851
-0.825
-0.77
-0.753
-0.49
-0.534
-0.351
-0.443
-0.606
-0.431
-0.357
-0.352
-0.459
-0.434
-0.6
-0.484
-0.362
-0.38
-0.241
-0.335
-0.194
-0.193
-0.033
-0.379
-0.361
-0.411
-0.512
-0.37
-0.399
-0.618
-0.753
-0.605
-0.676
-0.801
-0.542
-0.438
-0.526
-0.383
-0.396
-0.302
-0.456
-0.415
-0.516
-0.499
-0.408
-0.586
-0.549
-0.484
-0.576
-0.591
-0.674
-0.593
-0.738
-0.905
-0.85
-0.998
-0.769
-0.606
-0.75
-0.625
-0.378
-0.196
-0.581
-0.414
-0.503
-0.41
-0.229
-0.29
-0.135
-0.129
-0.022
-0.255
-0.413
-0.205
0.04
0.217
0.419
0.599
0.733
0.594
0.529
0.275
0.184
-0.096
-0.164
-0.006
0.071
-0.095
-0.199
-0.386
-0.411
-0.263
-0.247
-0.675
-0.585
-0.564
-0.755
-1.021
-0.984
-0.951
-0.97
-0.799
-1.089
-1.155
-1.566
-1.146
-1.195
-0.984
-0.809
-0.67
-0.74
-0.65
-0.888
-0.874
-0.971
-0.871
-0.677
-0.391
-0.069
0.247
0.256
0.319
0.395
0.546
0.494
0.769
0.745
0.869
0.885
0.816
0.695
0.559
0.583
0.482
0.394
0.319
0.419
0.331
0.235
0.113
0.124
0.059
0.208
-0.071
-0.155
-0.19
-0.274
-0.291
-0.446
-0.464
-0.413
-0.111
0.051
0.107
-0.031
-0.196
-0.249
-0.283
-0.3
-0.054
0.258
0.253
0.29
0.144
-0.109
-0.265
-0.329
-0.085
0.254
0.289
0.268
0.28
0.211
0.356
0.226
0.312
0.316
0.416
0.55
0.275
0.426
0.165
-0.045
-0.08
-0.109
0.014
-0.035
-0.07
-0.065
-0.276
0.031
0.25
0.405
0.156
0.349
0.343
0.323
0.18
-0.048
-0.125
-0.221
-0.48
-0.32
-0.366
-0.307
-0.352
-0.328
-0.304
-0.21
-0.236
0.009
-0.06
-0.111
0.081
-0.022
-0.184
-0.094
-0.181
-0.212
-0.016
-0.058
0.074
0.254
0.291
0.456
0.451
0.559
0.302
0.384
0.699
0.682
0.56
0.464
0.595
0.608
0.932
0.943
0.764
0.726
0.629
0.52
0.647
0.769
0.721
0.616
0.555
0.611
0.425
0.389
0.535
0.413
0.4
0.463
0.356
0.314
0.198
0.095
0.043
0.025
0.016
0.024
0.168
-0.037
-0.035
-0.312
-0.458
-0.338
-0.41
-0.285
-0.555
-0.22
-0.4
-0.144
-0.29
-0.15
0.02
-0.133
0.169
0.244
0.261
0.161
0.241
0.244
0.12
0.264
0.149
0.383
0.319
0.59
1.032
1.254
1.461
1.561
1.103
1.387
1.399
1.339
1.353
1.029
1.231
1.093
0.973
1.051
0.909
0.93
0.927
1.186
1.106
1.169
1.135
1.208
1.474
1.549
1.729
1.923
2.02
2.229
2.271
2.312
2.147
1.904
1.978
1.874
1.925
1.613
1.465
1.319
1.278
1.059
1.48
0.333
0.074
0.214
0.061
-0.048
-0.086
-0.238
-0.116
-0.129
-0.155
-0.537
-0.279
-0.062
-0.208
0.011
0.05
0.19
0.205
0.151
0.208
0.159
-0.013
-0.225
-0.244
-0.226
-0.101
-0.004
0.126
-0.005
0.109
0.12
0.04
0.362
0.576
0.871
0.76
0.854
0.715
0.671
0.719
0.579
0.628
0.491
0.427
0.586
0.739
0.706
0.449
0.769
1.052
0.651
0.569
0.889
0.75
0.804
0.691
0.725
0.786
0.686
0.649
0.536
0.883
1.004
1.199
1.167
10.332
2.769
0.811
0.593
0.217
0.085
0.289
0.389
0.351
0.468
0.519
0.556
0.55
0.48
0.636
0.634
0.527
0.631
0.48
0.6
0.603
0.463
0.515
0.268
0.404
0.662
0.595
0.665
0.421
0.171
0.022
-0.408
-0.775
-0.921
-0.966
-0.876
-0.787
-0.853
-0.935
-1.353
-1.451
-1.721
-1.683
-1.708
-1.775
-1.716
-1.58
-1.258
-1.298
-1.066
-1.022
-0.893
-0.904
-1.25
-1.353
-1.229
-1.103
-0.921
-0.642
-0.628
-0.711
-0.535
-0.484
-0.573
-0.432
-0.154
-0.199
-0.2
-0.205
-0.145
-0.182
-0.326
-0.495
-0.55
-0.744
-0.61
-0.42
-0.361
-0.361
-0.291
-0.15
0.131
0.212
0.27
0.417
0.406
0.355
0.47
0.556
0.432
0.494
0.455
0.631
0.512
0.385
0.539
0.657
0.686
0.216
0.36
0.323
0.0
-0.07
-0.266
-0.285
-0.334
-0.486
-0.489
-0.494
-0.466
-0.434
-0.364
-0.189
-0.109
0.092
-0.045
-0.129
-0.449
-0.185
-0.019
0.126
-0.124
-0.135
-0.079
-0.39
-0.085
-0.07
-0.13
0.086
-0.236
-0.147
0.077
-0.003
0.059
-0.236
-0.251
-0.145
-0.239
-0.226
-0.228
-0.326
-0.601
-0.584
-0.63
-0.791
-0.794
-0.786
-0.646
-0.858
-0.769
-0.946
-1.039
-0.911
-0.891
-0.764
-0.777
-0.936
-0.821
-0.961
-0.79
-0.816
-0.949
-0.931
-0.973
-0.695
-0.616
-0.711
-0.786
-0.659
-0.487
-0.76
-0.909
-0.522
-0.485
-0.323
-0.217
-0.188
-0.292
-0.247
-0.004
0.044
-0.107
0.15
0.061
-0.02
0.07
-0.224
-0.354
-0.455
-0.744
-0.796
-0.734
-0.62
-0.596
-0.386
-0.456
-0.374
-0.443
-0.718
-0.55
-0.486
-0.405
-0.224
-0.291
-0.395
-0.5
-0.43
-0.276
-0.25
-0.473
-0.351
-0.268
-0.221
-0.685
-0.698
-0.605
-0.599
-0.446
-0.481
-0.432
-0.396
-0.269
-0.276
-0.29
-0.244
-0.059
-0.224
-0.152
-0.056
0.001
-0.016
-0.035
-0.058
-0.059
-0.091
-0.035
0.281
0.138
0.318
0.135
0.361
0.177
-0.02
-0.256
-0.374
-0.351
-0.461
-0.198
-0.709
-0.885
-1.41
-0.703
-0.766
-1.039
-0.925
-0.855
-0.839
-0.749
-0.845
-0.851
-0.625
-0.611
-0.506
-0.139
0.003
0.194
0.206
0.234
0.124
-0.034
0.076
0.109
-7.639
0.359
0.321
0.53
0.693
0.628
0.753
0.745
0.75
0.751
0.893
0.958
0.915
0.929
0.723
0.876
0.841
0.696
0.635
0.574
0.165
0.049
-0.009
-0.011
0.072
-0.069
-0.431
-0.301
-0.3
-0.284
-0.24
-0.425
-0.464
-0.516
-0.365
-0.239
-0.095
-0.085
0.037
0.06
0.03
0.177
0.118
0.129
0.044
0.076
0.226
0.225
0.367
0.186
0.189
0.186
0.341
0.134
0.414
0.575
0.782
1.081
0.988
0.901
0.805
0.685
0.814
0.899
0.85
0.959
1.235
1.164
1.176
1.19
1.177
0.958
1.073
0.963
0.932
0.989
0.569
0.49
0.64
0.599
0.578
0.789
0.781
0.708
0.731
0.674
0.905
0.954
1.175
0.907
1.039
0.779
0.801
0.902
0.499
0.618
0.547
0.38
0.305
0.378
0.284
0.44
0.636
0.66
0.68
0.794
0.824
0.87
1.034
0.854
0.989
0.853
0.8
0.836
0.853
0.834
0.669
0.48
0.29
0.181
0.504
0.633
0.589
0.868
0.849
0.901
0.661
0.98
0.88
0.906
0.841
0.765
0.776
0.759
0.667
0.586
0.471
0.249
0.463
0.245
0.396
0.22
0.231
0.299
0.43
0.576
0.724
0.904
1.011
0.971
0.98
0.825
1.014
0.916
0.904
0.941
1.019
0.824
0.805
0.522
0.67
0.698
0.708
0.776
0.416
0.588
0.49
0.509
0.839
0.601
0.639
0.878
0.706
0.36
0.015
-0.029
-0.201
-0.444
-0.36
-0.547
-0.394
-0.265
-0.226
-0.129
-0.258
-0.224
-0.035
-0.302
-0.492
-0.521
-0.78
-0.599
-0.864
-0.496
-0.336
-0.443
-0.219
-0.439
-0.149
-0.084
-0.151
-0.239
-0.356
-0.461
-0.642
-0.504
-0.393
-0.376
-0.339
-0.278
-0.451
-0.393
-0.355
-0.465
-0.425
-0.638
-0.58
-0.801
-0.781
-1.009
-1.021
-1.026
-1.275
-1.24
-0.99
-0.978
-1.059
-1.025
-0.943
-0.938
-0.71
-0.851
-0.655
-0.504
-0.39
-0.238
-0.199
-0.396
-0.562
-0.781
-0.845
-0.746
-0.878
-0.677
-0.646
-0.512
-0.562
-0.45
-0.475
-0.321
-0.359
-0.335
-0.299
-0.144
-0.242
-0.242
-0.292
-0.265
-0.119
0.12
0.083
0.034
0.175
0.126
0.02
-0.03
0.01
-0.01
-0.01
0.039
0.116
0.264
0.304
0.21
0.266
0.138
0.154
-0.141
-0.175
-0.283
-0.344
-0.268
-0.212
-0.259
-0.556
-0.536
-0.721
-0.595
-0.497
-0.844
-0.996
-1.08
-1.131
-0.694
-0.693
-0.536
-0.38
-0.629
-0.474
-0.569
-0.629
-0.626
-0.532
-0.564
-0.584
-0.455
-0.514
-0.439
0.072
-0.011
0.32
0.351
0.256
0.211
-0.223
-0.23
-0.214
-0.009
0.079
0.18
0.16
0.295
0.07
-0.05
-0.077
-0.024
-10.074
-0.611
-0.375
-0.466
-0.506
-0.595
-0.6
-0.391
-0.264
-0.372
-0.419
-0.379
-0.596
-0.596
-0.7
-0.964
-1.025
-0.816
-0.966
-0.993
-0.971
-0.741
-0.635
-0.259
-0.111
-0.193
-0.051
-0.029
0.147
0.003
0.016
0.164
0.166
0.165
0.176
-0.199
-0.005
0.055
-0.035
-0.195
0.253
-0.026
-0.06
-0.129
-0.241
-0.427
-0.429
-0.25
-0.354
-0.26
-0.529
-0.554
-0.589
-0.405
-0.294
-0.431
-0.348
-0.269
-0.133
-0.179
0.064
-0.094
-0.039
-0.092
-0.074
0.253
0.24
0.479
0.521
0.455
0.409
0.184
0.285
0.145
0.224
0.245
0.359
0.443
0.654
0.49
0.426
0.529
0.725
0.754
0.522
0.464
0.57
0.4
0.326
0.454
0.547
0.651
0.818
0.897
1.091
1.161
1.35
1.512
1.441
1.51
1.058
1.018
1.08
1.114
0.724
0.833
0.86
0.713
0.661
0.416
0.589
0.52
0.657
0.604
0.619
0.411
0.174
0.046
0.034
0.201
0.203
0.241
0.288
0.33
0.454
0.546
0.716
0.695
0.77
0.806
0.473
0.242
0.11
-0.124
-0.278
-0.251
0.122
0.4
0.3
0.539
0.537
0.532
0.559
0.71
0.714
0.831
1.019
0.993
0.951
1.123
0.974
0.78
0.868
0.993
0.98
0.871
0.91
1.068
1.025
1.097
1.318
1.232
1.325
1.496
1.482
1.614
1.683
1.755
1.815
1.859
1.374
1.355
1.586
1.379
1.48
1.458
1.376
1.139
1.005
0.854
0.74
0.685
1.015
0.949
0.655
0.721
0.448
0.335
0.29
0.406
0.221
0.125
0.217
0.08
-0.048
-0.099
-0.08
0.049
0.011
-0.088
-0.189
-0.459
-0.356
-0.595
-0.634
-0.31
-0.468
-0.136
-0.205
0.091
0.186
0.144
0.133
0.069
0.171
0.11
0.171
0.166
0.321
0.324
0.486
0.55
0.425
0.474
0.297
0.381
0.278
0.401
0.341
0.144
0.009
-0.104
-0.061
-0.251
-0.191
-0.156
-0.119
-0.173
0.016
-0.203
-0.366
-0.334
-0.552
-0.819
-0.802
-0.693
-0.561
-0.776
-0.716
-0.541
-0.819
-0.989
-1.018
-0.911
-0.925
-1.054
-1.116
-1.154
-1.001
-0.816
-0.647
-0.361
-0.121
0.105
0.316
0.456
0.58
0.713
0.7
0.495
0.283
0.175
0.15
0.301
0.378
0.482
0.417
0.305
0.339
0.496
0.651
0.85
1.056
1.315
1.097
1.336
1.39
1.244
1.085
0.719
0.583
0.383
0.378
0.211
0.175
0.208
0.114
0.214
0.369
0.449
0.099
-0.041
0.054
-0.098
-0.284
-0.291
-0.328
-0.283
-0.345
-0.689
-0.626
-0.537
-0.598
-0.531
-0.401
-0.58
-0.539
-0.598
-0.454
-0.445
-0.525
-0.573
-0.482
-0.535
-0.534
-0.381
-0.372
-0.419
-0.273
-0.521
-0.534
-0.453
-0.54
-0.331
-0.598
-0.333
-0.326
-0.398
-0.37
-0.429
-0.399
-0.374
-0.555
-0.562
-0.64
-0.711
-0.711
-0.795
-0.723
-0.844
-0.97
-1.213
-1.073
-1.059
-0.914
-0.99
-1.01
-0.943
-0.806
-0.865
-0.889
-0.811
-0.853
-0.861
-0.951
-0.975
-0.96
-0.849
-0.861
-0.978
-0.836
-1.123
-1.024
-1.143
-1.284
-0.868
-1.136
-0.927
-0.984
-0.83
-0.584
-0.81
-0.618
-0.797
-0.726
-0.557
-0.708
-0.481
-0.41
-0.359
-0.348
-0.315
-0.152
-0.119
-0.285
-0.231
-0.158
-0.083
0.0
0.135
0.125
0.229
0.314
0.341
0.461
0.661
0.876
1.039
0.858
0.924
0.948
1.083
0.94
0.879
0.756
0.415
0.394
0.179
-0.138
-0.25
-0.284
-0.31
-0.413
-0.398
-0.574
-0.545
-0.532
-0.705
-0.807
-0.93
-0.97
-0.978
-0.883
-1.068
-1.115
-1.149
-1.304
-1.316
-1.353
-1.357
-1.13
-1.068
-1.219
-1.394
-1.468
-1.319
-1.216
-1.12
-1.259
-1.312
-1.304
-1.569
-1.683
-1.389
-1.265
-1.184
-4.361
-0.826
-0.829
-1.021
-0.959
-1.086
-0.995
-0.901
-0.948
-0.781
-0.725
-0.562
-0.238
-0.143
-0.171
-0.122
-0.095
-0.111
-0.037
-0.02
0.177
0.083
-0.022
-0.058
0.136
0.206
0.236
0.176
0.501
0.384
0.555
0.381
0.427
0.404
0.461
0.583
0.369
0.541
0.618
0.334
0.469
0.519
0.491
0.618
0.314
0.286
0.061
-0.03
-0.159
-0.23
-0.228
-0.113
-0.129
-0.254
-0.121
-0.155
-0.044
0.085
-0.003
0.155
-0.009
0.155
0.261
0.318
0.436
0.537
0.435
0.651
0.733
0.642
0.739
0.698
0.556
0.492
0.729
0.508
0.419
0.44
0.441
0.565
0.704
0.815
0.694
0.53
0.616
0.375
0.129
-0.105
-0.141
-0.312
-0.549
-0.729
-0.959
-0.768
-0.932
-0.936
-0.88
-0.845
-0.953
-0.801
-0.593
-0.689
-0.82
-0.78
-0.965
-0.598
-0.575
-0.413
-0.557
-0.514
-0.492
-0.48
-10.336
-0.485
-0.494
-0.547
-0.455
-0.386
-0.201
-0.066
-0.005
0.105
-0.019
-0.052
-0.004
0.304
0.5
0.441
0.296
0.634
0.61
0.639
0.581
0.324
0.228
0.229
0.177
0.135
0.176
0.305
0.37
0.326
0.133
-0.119
-0.226
-0.562
-0.481
-0.406
-0.381
-0.468
-0.414
-0.365
-0.427
-0.396
-0.304
-0.306
-0.143
-0.005
0.054
-0.022
0.072
-0.126
0.03
0.103
-0.011
-0.116
0.23
-0.039
-0.164
-0.145
-0.217
0.04
-0.043
0.079
0.145
0.051
0.141
0.085
0.16
0.258
0.13
0.239
0.244
0.344
0.166
0.201
0.106
-0.089
-0.143
-0.179
-0.231
-0.22
-0.439
-0.259
-0.286
-0.251
-0.408
-0.361
-0.625
-0.551
-0.52
-0.28
-0.386
-0.253
-0.422
-0.32
-0.258
-0.311
-0.069
-0.24
-0.105
-0.099
-0.279
-0.323
-0.516
-0.25
-0.104
-0.122
-0.03
-0.036
-0.05
-0.059
0.098
0.268
0.099
0.221
0.369
0.42
0.555
0.714
0.856
0.901
0.751
0.628
0.535
0.494
0.66
0.503
0.537
0.574
0.514
0.521
0.306
0.129
-0.173
-0.367
-0.041
-0.145
-0.199
-0.166
-0.168
0.03
0.011
0.144
0.223
0.28
0.355
0.405
0.459
0.519
0.527
0.494
0.531
0.455
0.152
-0.028
-0.061
-0.315
-0.19
-0.254
-0.098
-0.177
-0.089
-0.124
-0.107
0.149
0.003
0.004
-0.033
0.019
-0.072
0.184
0.285
0.224
0.328
0.346
0.263
0.338
0.228
0.19
0.106
0.051
0.072
0.224
-0.06
0.086
-0.026
0.039
0.02
-0.14
-0.328
-0.438
-0.176
-0.133
-0.155
0.058
-0.231
-0.069
-0.16
-0.11
0.001
-0.015
-0.115
-0.129
-0.201
-0.475
-0.579
-0.515
-0.725
-0.694
-0.554
-0.551
-0.575
-0.529
-0.504
-0.427
-0.314
-0.319
-0.285
-0.294
-0.554
-0.58
-0.75
-0.626
-0.79
-0.699
-0.541
-0.517
-0.541
-0.468
-0.39
-0.29
-0.594
-0.271
-0.369
-0.357
-0.325
-0.3
-0.265
-0.364
-0.235
-0.426
-0.333
-0.131
-0.194
-0.075
-0.079
0.061
0.14
0.131
0.146
0.296
0.343
0.514
0.517
0.552
0.641
0.826
0.754
0.679
0.703
0.593
0.515
0.226
0.182
0.235
-0.048
-0.103
-0.104
-0.247
-0.151
-0.019
-0.411
-0.256
-0.309
-0.231
-0.241
-0.251
-0.369
-0.361
-0.225
-0.216
-0.249
-0.018
0.006
-0.056
0.0
0.021
0.045
-0.241
-0.194
-0.205
-0.28
-0.166
-0.145
0.111
0.191
-0.109
0.155
0.185
0.092
0.089
0.268
0.136
0.311
0.181
0.253
0.256
0.224
0.354
0.408
0.365
0.3
0.366
0.309
0.265
0.321
0.201
0.125
0.028
-0.024
-0.026
0.106
0.028
0.009
-0.005
0.072
-0.125
0.199
0.024
-0.161
-0.115
-0.101
0.071
-0.048
0.04
-0.031
-0.055
-0.028
0.035
-0.129
0.079
-0.005
0.188
0.249
0.216
0.545
0.331
0.491
0.621
0.542
0.465
0.537
0.329
0.365
0.588
0.519
0.647
0.638
0.598
0.679
0.725
0.684
0.91
0.914
0.851
0.915
0.863
0.616
0.539
0.306
0.339
0.297
0.161
0.226
0.182
0.003
-0.019
-0.255
-0.288
-0.479
-0.42
-0.583
-0.421
-0.576
-0.705
-0.685
-0.791
-0.775
-0.917
-0.77
-0.595
-0.61
-0.504
-0.559
-0.516
-0.406
-0.357
-0.235
-0.401
-0.226
-0.098
-0.231
-0.151
-0.194
-0.116
-0.236
-0.14
-0.033
0.004
0.105
0.182
0.185
0.199
0.191
0.165
0.086
0.175
0.116
0.389
0.331
0.526
0.454
0.544
0.65
0.64
0.545
0.357
0.131
-0.217
-0.114
-0.018
0.079
0.247
0.196
0.195
0.199
0.196
0.444
0.38
0.388
0.221
0.234
0.176
0.247
0.168
0.365
0.469
0.505
0.521
0.509
0.943
0.858
0.871
0.754
0.657
0.642
0.645
0.711
0.708
0.796
0.579
0.571
0.718
0.514
0.682
0.496
0.278
0.383
0.289
0.115
0.072
-0.126
-0.31
-0.419
-0.444
-0.431
-0.765
-0.573
-0.497
-0.466
-0.49
-0.756
-2.224
-0.834
-0.85
-0.89
-1.137
-1.127
-1.065
-1.011
-0.929
-1.001
-1.019
-1.193
-1.036
-1.1
-1.155
-0.979
-1.029
-0.944
-0.766
-0.901
-0.655
-0.571
-0.628
-0.45
-0.386
-0.544
-0.52
