-0.312
-0.575
-0.608
-0.551
-0.499
-0.376
-0.451
-0.438
-0.484
-0.384
-0.346
-0.289
-0.286
-0.212
-0.216
-0.306
-0.28
-0.203
-0.231
-0.299
-0.239
-0.344
-0.279
-0.255
-0.17
-0.026
-0.069
-0.018
0.08
-0.006
-0.033
-0.143
-0.185
-0.064
-0.156
-0.088
-0.072
0.029
0.105
0.049
0.208
0.254
0.414
0.246
0.376
0.455
0.51
0.545
0.626
0.511
0.505
0.351
0.378
0.205
0.128
0.166
0.18
0.221
0.299
0.401
0.388
0.264
0.289
0.307
0.474
0.534
0.492
0.416
0.268
0.361
0.258
0.249
0.154
0.18
0.075
0.095
0.105
0.104
0.079
0.246
0.186
0.159
0.033
-0.036
0.044
0.062
-0.139
-0.098
-0.292
-0.258
-0.314
-0.228
-0.26
-0.301
-0.305
-0.441
-0.419
-0.385
-0.29
-0.349
-0.329
-0.385
-0.579
-0.503
-0.471
-0.537
-0.677
-0.764
-0.556
-0.485
-0.276
-0.245
-0.193
-0.212
-0.156
-0.103
-0.099
-0.206
-0.25
-0.299
-0.346
-0.525
-0.516
-0.589
-0.685
-0.736
-0.62
-0.677
-0.469
-0.647
-0.48
-0.292
-0.44
-0.205
-0.219
-0.196
-0.139
-0.005
0.085
0.22
0.255
0.249
0.233
0.146
0.074
0.133
0.034
0.006
-0.048
-0.072
0.033
-0.069
0.039
0.145
0.022
-0.011
0.007
0.043
0.193
0.135
0.107
0.124
0.122
0.054
0.001
0.084
0.089
0.203
0.188
0.349
0.239
0.39
0.366
0.314
0.338
0.403
0.438
0.304
0.375
0.304
0.444
0.468
0.357
-0.036
0.174
-0.089
0.089
-0.022
-0.043
0.133
-0.065
0.03
0.065
-0.139
-0.051
-0.079
-0.019
-0.051
-0.06
-0.133
-0.146
-0.294
-0.28
-0.416
-0.154
-0.048
-0.099
0.028
-0.065
-0.066
0.074
0.046
-0.129
0.03
-0.001
-0.003
0.226
0.101
0.006
0.176
0.186
0.136
-0.022
-0.049
-0.126
-0.156
-0.224
-0.323
-0.154
-0.216
-0.206
-0.124
-0.118
-0.113
-0.141
-0.199
-0.206
-0.161
-0.182
-0.043
-0.03
0.006
-0.041
-0.151
-0.346
-0.215
-0.226
-0.193
-0.144
-0.156
-0.245
-0.138
-0.086
-0.058
-0.05
0.049
-0.011
0.069
0.169
0.321
-0.007
0.013
-0.04
-0.041
-0.116
0.066
0.151
-0.025
0.159
0.145
0.049
0.161
0.214
0.085
0.21
0.175
0.065
0.166
-0.037
-0.099
-0.072
-0.04
-0.201
-0.256
-0.126
-0.195
-0.205
-0.226
-0.206
-0.235
-0.29
-0.338
-0.279
-0.263
-0.416
-0.514
-0.559
-0.681
-0.694
-0.735
-0.929
-0.761
-0.693
-0.802
-0.639
-0.481
-0.59
-0.586
-0.604
-0.568
-0.465
-0.503
-0.394
-0.295
-0.263
-0.328
-0.254
-0.181
-0.21
-0.098
-0.105
-0.084
0.031
0.019
0.168
0.13
0.194
0.168
0.121
0.083
0.101
0.081
0.02
0.031
0.154
0.052
0.233
0.058
0.125
0.391
0.328
0.292
0.316
0.118
0.113
0.13
0.173
0.046
0.104
0.18
0.126
0.08
0.113
0.234
0.199
0.136
0.14
0.08
0.051
0.019
-0.066
0.059
-0.065
0.03
-0.007
0.054
-0.125
-0.09
-0.103
-0.089
-0.083
-0.151
-0.194
-0.19
-0.195
-0.312
-0.26
-0.195
-0.193
-0.244
-0.175
-0.113
-0.045
-0.124
-0.12
-0.098
-0.105
-0.025
-0.015
-0.131
-0.21
-0.181
-0.223
-0.306
-0.406
-0.416
-0.426
-0.422
-0.581
-0.33
-0.638
-0.662
-0.583
-0.724
-0.598
-0.626
-0.579
-0.688
-0.608
-0.589
-0.659
-0.441
-0.599
-0.469
-0.375
-0.508
-0.422
-0.383
-0.226
-0.285
-0.239
-0.254
-0.19
-0.315
-0.269
-0.195
-0.185
-0.12
0.074
0.11
0.061
0.122
0.136
0.13
0.195
0.12
0.054
0.077
0.064
0.07
0.089
0.144
0.258
0.338
0.216
0.438
0.378
0.474
0.525
0.695
0.575
0.56
0.684
0.521
0.388
0.42
0.408
0.354
0.338
0.496
0.29
0.421
0.41
0.318
0.375
0.247
0.29
0.29
0.27
0.311
0.311
0.199
0.266
0.214
0.181
0.242
0.14
0.061
0.133
0.152
0.145
0.131
0.08
0.107
0.166
0.107
-0.014
-0.147
-0.09
0.116
-0.095
-0.188
-0.026
-0.089
-0.268
-0.193
-0.209
-0.191
-0.217
-0.206
-0.231
-0.17
-0.11
-0.141
-0.045
0.029
-0.015
0.118
0.128
-0.055
-0.02
-0.019
-0.059
-0.144
-0.09
-0.289
-0.321
-0.27
-0.334
-0.255
-0.238
-0.434
-0.258
-0.261
-0.335
-0.177
-0.259
-0.249
-0.083
0.048
-0.046
-0.054
0.055
0.085
0.006
0.058
0.011
-0.188
-0.092
-0.054
-0.146
-0.119
0.099
-0.011
-0.058
-0.195
-0.151
-0.124
-0.08
-0.05
-0.037
0.08
0.026
0.177
0.185
0.136
0.24
0.224
0.249
0.241
0.352
0.292
0.258
0.182
0.149
0.176
0.107
0.146
0.105
0.019
0.007
0.02
0.015
-0.01
0.114
0.071
0.133
-0.125
-0.124
-0.149
-0.168
-0.173
-0.186
-0.115
-0.119
-0.103
-0.135
-0.173
-0.128
-0.077
-0.169
-0.161
-0.099
-0.24
-0.185
-0.109
-0.152
-0.193
-0.188
-0.165
-0.164
-0.122
-0.071
-0.055
0.065
-0.083
-0.086
-0.049
-0.085
-0.046
0.021
0.054
-0.066
0.034
-0.033
-0.064
0.074
-0.05
0.119
0.198
0.22
0.168
0.124
0.134
0.131
0.253
0.11
0.071
0.045
0.061
-0.007
-0.018
0.089
0.052
0.096
0.122
0.089
0.134
0.154
0.249
0.256
0.169
0.417
0.173
0.24
0.22
0.133
0.129
0.238
0.22
0.118
0.105
0.14
0.092
0.193
0.154
0.231
0.228
0.306
0.259
0.121
0.124
0.109
0.276
0.246
0.194
0.263
0.115
0.264
0.077
0.316
0.071
0.126
0.166
0.125
0.098
0.014
0.001
-0.098
-0.175
-0.11
-0.094
-0.193
0.194
0.069
0.086
-0.034
-0.003
-0.062
-0.041
-0.044
-0.083
0.022
-0.081
-0.101
-0.193
-0.185
-0.311
-0.239
-0.168
-0.198
-0.164
-0.11
-0.025
-0.059
0.08
0.009
0.022
0.034
-0.014
0.175
0.149
0.254
0.321
0.372
0.265
0.297
0.211
0.258
0.374
0.343
0.45
0.369
0.41
0.516
0.508
0.496
0.486
0.48
0.489
0.345
0.241
0.403
0.334
0.278
0.349
0.381
0.33
0.249
0.429
0.408
0.321
0.532
0.295
0.45
0.448
0.334
0.389
0.285
0.361
0.28
0.329
0.366
0.415
0.426
0.422
0.497
0.419
0.438
0.371
0.344
0.255
0.214
0.175
0.193
0.103
0.048
0.096
0.174
0.175
0.244
0.35
0.144
0.251
0.275
0.29
0.255
0.177
0.275
0.131
0.256
0.294
0.307
0.425
0.229
0.304
0.23
0.182
0.062
0.0
0.021
-0.052
0.164
-0.216
-0.242
-0.292
-0.151
-0.101
0.028
0.234
0.294
0.321
0.371
0.306
0.415
0.396
0.409
0.388
0.647
0.664
0.69
0.718
0.64
0.754
0.885
1.01
0.801
0.831
1.021
0.759
0.736
0.672
0.603
0.863
0.84
0.834
0.647
0.698
0.642
0.55
0.345
0.226
0.134
0.278
0.241
0.193
0.31
0.28
0.289
0.372
0.061
0.128
0.39
0.195
0.369
0.403
0.321
0.319
0.406
0.376
0.348
0.386
0.611
0.552
0.536
0.595
0.606
0.631
0.714
0.846
0.785
0.744
0.765
0.574
0.547
0.349
0.414
0.319
0.425
0.55
0.517
0.669
0.83
0.96
1.014
0.912
0.815
0.623
0.61
0.539
0.586
0.344
0.448
0.511
0.69
0.723
0.684
0.728
0.642
0.641
0.647
0.516
0.436
0.185
0.268
0.236
0.3
0.231
0.328
0.124
0.199
0.256
0.225
0.294
0.182
0.278
0.211
0.173
0.311
0.3
0.265
0.177
0.139
0.028
-0.14
-0.297
-0.209
-0.226
-0.059
0.1
-0.005
0.118
0.125
0.203
0.394
0.364
0.444
0.439
0.318
0.386
0.473
-0.011
-0.079
-0.016
-0.065
-0.075
-0.281
-0.265
-0.301
-0.304
-0.51
-0.473
-0.2
-0.49
-0.573
-0.509
-0.568
-0.499
-0.554
-0.456
-0.679
-0.608
-0.521
-0.546
-0.354
-0.404
-0.362
-0.288
-0.291
-0.414
-0.441
-0.458
-0.374
-0.299
-0.103
-0.056
-0.189
-0.013
0.136
0.116
0.26
0.188
0.128
-0.009
-0.061
-0.037
-0.029
-0.205
-0.189
-0.136
-0.22
-0.173
-0.106
0.03
-0.02
-0.138
-0.212
-0.239
-0.224
-0.211
-0.236
-0.386
-0.084
-0.241
-0.134
-0.037
-0.23
-0.276
-0.401
-0.212
-0.211
-0.136
-0.135
-0.199
-0.154
-0.346
-0.345
-0.422
-0.331
-0.169
-0.077
-0.091
-0.193
-0.184
-0.155
-0.27
-0.266
-0.439
-0.18
-0.316
-0.367
-0.212
-0.234
-0.071
0.186
0.304
0.278
0.181
0.305
0.109
-0.061
-0.026
-0.046
0.006
0.029
0.021
-0.005
-0.131
-0.022
0.074
-0.071
0.033
0.045
-0.045
0.088
0.107
0.136
0.173
0.378
0.283
0.517
0.506
0.422
0.32
0.203
0.181
-0.004
0.048
0.092
0.069
-0.02
-0.113
-0.075
-0.019
-0.2
0.029
0.04
-0.111
-0.091
-0.346
-0.299
-0.349
-0.188
-0.26
-0.315
-0.145
-0.264
-0.335
-0.26
-0.285
-0.354
-0.304
-0.351
-0.23
-0.113
-0.134
-0.095
-0.119
0.048
0.055
0.217
0.164
0.122
0.006
0.058
0.143
0.125
0.086
0.124
0.021
-0.089
0.125
0.113
0.305
0.396
0.47
0.369
0.338
0.29
0.221
0.239
0.161
0.06
-0.004
-0.076
-0.185
-0.143
-0.081
-0.025
0.114
0.115
0.265
0.295
0.325
0.555
0.43
0.585
0.713
0.765
0.821
0.726
0.576
0.479
0.406
0.416
0.432
0.546
0.634
0.955
0.834
0.854
0.912
1.195
0.934
1.101
1.089
1.001
0.776
0.794
0.89
0.775
0.777
0.751
0.675
0.56
0.451
0.311
0.152
0.114
0.05
0.177
0.048
0.205
0.14
0.086
0.031
-0.016
-0.019
0.019
-0.043
-0.062
-0.126
-0.01
0.006
0.014
-0.203
-0.209
-0.239
-0.16
0.049
-0.094
-0.084
0.029
-0.125
0.034
0.083
-0.083
0.058
0.061
0.118
0.048
0.014
0.124
0.083
0.058
0.066
0.033
-0.111
-0.228
-0.369
-0.386
-0.484
-0.53
-0.475
-0.324
-0.585
-0.46
-0.629
-0.475
-0.364
-0.4
-0.406
-0.425
-0.331
-0.189
-0.256
-0.124
0.004
0.152
-0.033
0.24
0.19
0.17
0.265
0.297
0.482
0.482
0.484
0.394
0.5
0.564
0.704
0.721
0.65
0.761
0.603
0.565
0.645
0.532
0.309
0.362
0.119
0.075
0.103
-0.029
-0.001
0.001
0.02
-0.066
0.037
-0.072
-0.14
-0.126
-0.114
-0.075
-0.144
-0.079
-0.015
0.028
0.236
0.099
0.1
0.194
0.234
0.203
0.079
0.025
-0.005
0.034
0.039
0.03
-0.035
-0.029
0.005
0.04
0.081
0.168
0.31
0.294
0.278
0.245
0.37
0.427
0.299
0.32
0.274
0.314
0.338
0.463
0.521
0.522
0.284
0.385
0.31
0.143
-0.013
-0.059
-0.173
-0.239
-0.45
-0.326
-0.338
-0.413
-0.255
-0.209
-0.212
-0.171
-0.051
0.024
-0.035
-0.182
-0.115
-0.27
-0.16
-0.28
-0.285
-0.259
-0.391
-0.276
-0.066
-0.169
-0.179
0.058
-0.122
0.083
0.186
0.217
0.276
0.253
0.401
0.465
0.659
0.468
0.42
0.395
0.453
0.413
0.345
0.366
0.299
0.014
-0.15
0.089
-0.105
0.025
-0.03
-0.022
-0.126
-0.141
-0.115
-0.214
-0.229
-0.393
-0.269
-0.238
-0.311
-0.38
-0.417
-0.413
-0.285
-0.396
-0.399
-0.214
-0.297
-0.263
-0.375
-0.438
-0.321
-0.325
-0.51
-0.526
-0.69
-0.761
-0.691
-0.708
-0.781
-0.606
-0.649
-0.47
-0.501
-0.389
-0.511
-0.485
-0.295
-0.181
-0.11
-0.077
-0.041
-0.026
-0.01
-0.031
-0.044
-0.25
-0.403
-0.159
-0.212
-0.191
-0.088
-0.104
-0.02
-0.039
0.125
0.105
0.22
0.326
0.355
0.43
0.542
0.497
0.285
0.268
0.41
0.586
0.797
0.871
0.861
0.911
0.701
0.834
0.59
0.396
0.475
0.626
0.639
0.539
0.556
0.409
0.328
0.455
0.461
0.526
0.557
0.685
0.745
0.746
0.565
0.589
0.326
0.242
0.06
0.13
0.028
0.129
-0.15
-0.091
-0.231
-0.074
-0.141
-0.236
-0.14
-0.13
-0.18
-0.12
-0.279
-0.096
-0.113
-0.224
-0.119
-0.176
-0.175
-0.149
-0.188
-0.29
-0.168
-0.151
-0.092
0.088
0.099
0.003
0.071
-0.084
-0.015
-0.075
-0.086
-0.09
-0.193
-0.288
-0.366
-0.389
-0.446
-0.616
-0.487
-0.355
-0.21
-0.21
-0.331
-0.144
-0.076
-0.155
-0.188
-0.045
-0.109
-0.052
-0.136
-0.22
-0.151
-0.182
-0.182
-0.016
-0.016
0.069
0.261
0.174
0.198
0.136
0.255
0.133
-0.116
0.103
-0.024
0.098
0.217
0.155
0.081
-0.034
-0.145
0.011
-0.061
-0.007
0.083
0.036
0.103
0.029
0.273
0.424
0.495
0.444
0.223
0.036
-0.099
0.071
-0.125
-0.146
-0.245
-0.278
-0.36
-0.448
-0.541
-0.492
-0.461
-0.666
-0.481
-0.344
-0.469
-0.753
-0.729
-0.67
-0.726
-0.664
-0.503
-0.47
-0.409
-0.27
-0.193
-0.049
0.045
-0.033
-0.129
-0.01
-0.049
-0.147
-0.304
-0.329
-0.338
-0.221
-0.304
-0.103
-0.044
-0.173
-0.109
-0.175
-0.225
-0.169
-0.216
-0.326
-0.378
-0.352
-0.416
-0.468
-0.539
-0.753
-0.698
-0.69
-0.755
-0.618
-0.661
-0.536
-0.716
-0.698
-0.815
-0.779
-0.904
-0.82
-0.759
-0.865
-0.814
-0.786
-0.58
-0.566
-0.486
-0.378
-0.361
-0.1
-0.188
-0.092
-0.007
-0.136
-0.01
-0.199
-0.26
-0.348
-0.263
-0.379
-0.375
-0.372
-0.334
-0.206
-0.196
0.071
0.052
0.156
0.161
0.139
0.194
0.185
0.12
0.16
0.228
0.124
0.223
-0.043
0.182
0.039
-0.062
-0.136
-0.062
-0.109
-0.03
-0.031
-0.098
-0.193
-0.179
-0.221
-0.219
-0.42
-0.26
-0.311
-0.278
-0.324
-0.485
-0.383
-0.595
-0.3
-0.369
-0.431
-0.362
-0.362
-0.241
-0.109
-0.03
-0.011
0.212
0.454
0.196
0.224
0.099
-0.061
0.126
0.035
0.003
-0.074
-0.04
0.037
-0.03
-0.058
0.0
-0.166
-0.174
-0.049
-0.189
-0.161
-0.003
0.122
0.211
0.318
0.149
0.115
0.025
0.184
0.184
0.077
-0.071
-0.141
-0.092
-0.372
-0.26
-0.065
-0.069
-0.061
0.061
0.209
0.294
0.191
0.184
0.143
0.226
0.17
0.175
0.219
0.225
0.295
0.296
0.406
0.444
0.395
0.478
0.54
0.446
0.372
0.466
0.495
0.534
0.503
0.328
0.311
0.333
0.284
0.415
0.43
0.541
0.319
0.475
0.46
0.46
0.299
0.136
0.271
0.265
0.175
0.131
0.079
0.055
0.168
0.031
-0.095
0.028
0.022
0.12
-0.139
0.061
-0.039
-0.025
0.089
0.007
-0.106
0.007
0.052
-0.046
-0.015
-0.146
-0.001
0.014
-0.055
-0.009
-0.07
-0.158
-0.118
-0.124
-0.09
-0.129
-0.046
-0.249
-0.129
-0.072
-0.154
0.037
0.124
-0.007
0.14
0.118
0.124
-0.02
-0.089
0.011
0.165
0.035
0.022
0.1
-0.186
-0.231
-0.247
-0.128
-0.044
0.116
0.06
0.066
0.115
0.249
0.035
-0.043
-0.084
-0.129
-0.004
-0.144
-0.099
-0.128
-0.061
-0.074
-0.1
-0.125
-0.016
-0.083
0.121
0.07
0.096
0.098
0.334
0.455
0.49
0.517
0.51
0.636
0.585
0.559
0.341
0.323
0.19
0.307
0.098
-0.033
-0.09
-0.071
-0.199
-0.164
-0.138
-0.149
0.004
-0.095
-0.258
-0.196
-0.376
-0.555
-0.484
-0.331
-0.383
-0.405
-0.22
-0.263
-0.239
-0.315
-0.234
-0.214
-0.164
-0.091
-0.02
-0.056
-0.089
0.133
0.143
0.059
0.065
-0.203
-0.13
-0.176
-0.051
-0.203
-0.2
-0.249
-0.205
-0.206
-0.143
-0.124
0.006
-0.075
-0.074
0.013
0.061
0.212
0.328
0.361
0.269
0.436
0.319
0.101
0.427
0.404
0.395
0.544
0.564
0.524
0.711
0.698
0.695
0.926
0.66
0.628
0.466
0.417
0.459
0.44
0.396
0.5
0.28
0.348
0.094
0.013
0.12
0.092
0.209
0.208
0.212
0.241
0.299
0.214
0.179
0.196
0.005
-0.001
-0.119
0.011
0.115
0.201
0.085
-0.001
-0.054
0.015
-0.036
-0.019
0.001
-0.217
-0.19
-0.12
0.006
-0.164
-0.31
-0.128
-0.116
-0.104
-0.105
-0.125
0.125
0.094
0.07
0.295
0.025
0.085
0.056
-0.043
-0.115
-0.056
-0.075
-0.139
0.129
0.114
0.114
0.001
-0.014
-0.06
0.041
0.048
-0.224
-0.235
-0.182
-0.23
-0.258
-0.38
-0.398
-0.294
-0.411
-0.506
-0.516
-0.537
-0.482
-0.605
-0.537
-0.521
-0.655
-0.746
-0.846
-0.854
-1.038
-0.738
-0.586
-0.604
-0.693
-0.726
-0.466
-0.611
-0.641
-0.603
-0.611
-0.79
-0.584
-0.431
-0.481
-0.394
-0.427
-0.212
-0.199
-0.095
-0.019
0.009
0.146
-0.01
-0.1
0.114
0.114
-0.018
0.041
-0.077
-0.035
0.072
0.193
0.09
0.201
0.191
0.357
0.24
0.445
0.367
0.314
0.425
0.364
0.422
0.326
0.395
0.365
0.362
0.49
0.606
0.659
0.733
0.772
0.595
0.551
0.67
0.628
0.591
0.547
0.395
0.43
0.379
0.404
0.441
0.341
0.105
0.171
0.059
0.065
0.07
0.013
-0.025
-0.029
0.013
-0.044
0.007
-0.134
-0.046
-0.045
-0.041
-0.048
0.035
-0.096
-0.085
0.205
0.143
0.154
0.307
0.174
0.339
0.378
0.535
0.615
0.67
0.628
0.671
0.703
0.754
0.453
0.429
0.46
0.48
0.376
0.259
0.394
0.408
0.526
0.579
0.586
0.69
0.657
0.74
0.844
0.932
0.833
0.661
0.745
0.768
0.703
0.703
0.794
0.833
0.738
0.926
0.812
0.983
1.054
1.059
1.126
0.886
1.022
0.781
0.859
1.133
0.764
0.775
0.709
0.786
0.991
1.051
1.078
0.951
1.097
1.154
1.121
1.169
1.041
1.03
0.659
0.726
0.734
0.954
0.744
0.705
0.696
0.635
0.427
0.362
0.385
0.297
0.043
0.113
0.186
0.216
0.007
-0.089
0.02
0.056
0.024
0.092
0.214
0.088
-0.036
-0.061
-0.098
-0.224
-0.311
-0.3
-0.084
0.004
0.181
0.119
0.044
0.341
0.366
0.524
0.629
0.765
0.579
0.581
0.541
0.32
0.376
0.323
0.352
0.288
0.352
0.336
0.285
0.383
0.539
0.593
0.268
0.369
0.245
0.305
0.19
0.186
0.3
0.144
0.199
0.095
0.0
0.214
0.099
0.062
0.249
0.194
0.223
0.27
0.299
0.23
0.427
0.459
0.439
0.651
0.794
0.61
0.44
0.455
0.225
0.276
0.22
0.088
0.367
0.398
0.268
0.101
0.276
0.38
0.435
0.469
0.28
0.431
0.278
0.315
0.225
0.164
0.361
0.534
0.53
0.432
0.552
0.745
0.739
0.555
0.715
0.474
0.815
0.89
0.619
0.544
0.715
0.75
0.546
0.581
0.444
0.665
0.619
0.546
0.482
0.463
0.446
0.535
0.228
0.235
0.055
0.221
0.217
0.297
0.421
0.409
0.288
0.013
-0.166
-0.199
-0.233
-0.081
-0.039
0.021
0.111
0.16
0.203
0.351
0.361
0.556
0.584
0.715
0.685
0.795
0.746
0.63
0.716
0.536
0.665
0.818
0.676
0.92
0.698
0.669
0.544
0.671
0.595
0.466
0.485
0.481
0.478
0.411
0.292
0.371
0.309
0.349
0.413
0.566
0.448
0.521
0.536
0.461
0.414
0.255
0.269
0.38
0.291
0.179
0.256
0.283
0.357
0.508
0.366
0.588
0.645
0.825
0.863
0.738
0.765
0.759
0.81
0.805
0.871
0.939
1.026
1.08
0.915
0.636
0.568
0.599
0.549
0.584
0.484
0.438
0.585
0.458
0.42
0.333
0.215
0.281
0.055
-0.105
-0.115
-0.09
-0.07
0.134
0.169
0.344
0.652
0.431
0.531
0.286
0.411
0.386
0.399
0.54
0.568
0.705
0.672
0.888
0.84
1.018
1.034
0.92
0.936
0.971
0.949
0.834
0.749
0.675
0.496
0.512
0.456
0.336
0.254
0.238
0.519
0.301
0.106
0.105
0.114
0.069
0.01
-0.036
0.074
-0.04
-0.001
0.12
0.116
-0.013
0.04
-0.004
-0.13
-0.121
-0.18
-0.454
-0.266
-0.375
-0.39
-0.256
-0.388
-0.344
-0.484
-0.362
-0.413
-0.384
-0.258
-0.356
-0.47
-0.371
-0.326
-0.414
-0.451
-0.39
-0.354
-0.375
-0.56
-0.608
-0.671
-0.698
-0.509
-0.561
-0.484
-0.449
-0.331
-0.42
-0.414
-0.092
-0.291
-0.315
-0.085
-0.177
-0.259
-0.385
-0.365
-0.315
-0.366
-0.007
-0.065
0.054
0.11
0.021
0.113
0.081
0.103
0.061
0.013
-0.076
-0.156
-0.019
-0.036
0.266
0.176
0.228
0.254
0.466
0.448
0.591
0.432
0.278
0.294
0.208
0.27
0.56
0.31
0.468
0.51
0.48
0.541
0.591
0.716
0.481
0.354
0.403
0.203
0.324
0.062
-0.184
-0.199
-0.265
-0.417
-0.487
-0.669
-0.682
-0.829
-0.906
-1.113
-1.22
-1.436
-1.279
-1.345
-1.386
-1.375
-1.514
-1.528
-1.486
-1.472
-1.401
-1.173
-1.205
-1.157
-1.044
-1.106
-1.285
-1.364
-1.498
-1.575
-1.634
-1.573
-1.446
-1.356
-1.026
-0.906
-0.713
-0.601
-0.614
-0.586
-0.615
-0.487
-0.524
-0.242
-0.226
-0.091
-0.028
-0.054
0.147
0.155
0.194
0.059
0.076
-0.17
-0.166
-0.048
0.241
0.156
0.19
0.289
0.569
0.489
0.535
0.421
0.323
0.51
0.441
0.519
0.682
0.811
0.719
0.758
0.676
0.541
0.461
0.362
0.448
0.454
0.511
0.224
0.275
0.18
0.186
0.045
-0.009
-0.15
-0.422
-0.37
-0.365
-0.247
-0.302
0.018
0.058
0.247
0.21
0.041
-0.217
-0.094
-0.258
-0.26
-0.29
-0.242
-0.106
-0.02
-0.231
-0.38
-0.13
-0.225
-0.238
-0.223
-0.019
-0.24
-0.274
-0.31
-0.446
-0.466
-0.431
-0.599
-0.672
-0.708
-0.645
-0.7
-0.671
-0.623
-0.828
-0.938
-0.958
-1.079
-1.061
-0.878
-0.959
-0.99
-0.818
-0.746
-0.714
-0.661
-0.586
-0.499
-0.459
-0.598
-0.659
-0.555
-0.306
-0.385
-0.328
-0.194
-0.13
0.179
0.269
0.406
0.454
0.395
0.323
0.355
0.372
0.275
0.101
0.1
0.145
-0.013
0.186
0.009
-0.081
-0.154
-0.176
-0.186
-0.184
-0.249
-0.357
-0.396
-0.231
-0.094
-0.07
-0.081
-0.022
0.001
0.185
0.135
0.094
0.133
0.004
0.066
0.036
0.075
0.238
0.212
0.121
0.06
-0.006
-0.216
-0.249
-0.075
-0.17
-0.134
-0.116
-0.062
-0.487
-0.435
-0.35
-0.606
-0.486
-0.529
-0.576
-0.681
-0.665
-0.755
-0.806
-0.886
-0.87
-1.347
-1.159
-1.278
-1.18
-0.874
-0.719
-0.75
-0.656
-0.506
-0.555
-0.645
-0.603
-0.677
-0.654
-0.777
-0.794
-0.665
-0.604
-0.36
-0.04
-0.071
-0.144
-0.151
-0.104
-0.179
-0.19
-0.14
-0.203
-0.119
-0.098
-0.054
-0.184
-0.219
-0.429
-0.171
-0.27
-0.345
-0.361
-0.33
-0.376
-0.44
-0.424
-0.424
-0.475
-0.47
-0.436
-0.403
-0.409
-0.356
-0.449
-0.306
-0.092
-0.26
-0.098
-0.058
0.094
0.149
0.364
0.369
0.4
0.359
0.426
0.539
0.568
0.574
0.463
0.52
0.492
0.585
0.434
0.47
0.492
0.388
0.314
0.191
0.385
0.435
0.419
0.492
0.37
0.311
0.496
0.268
0.251
0.074
0.0
-0.054
-0.125
-0.27
-0.315
-0.297
-0.449
-0.453
-0.569
-0.53
-0.595
-0.691
-0.618
-0.589
-0.731
-0.84
-0.641
-0.781
-0.843
-0.649
-0.581
-0.562
-0.408
-0.455
-0.526
-0.539
-0.655
-0.574
-0.549
-0.325
-0.086
0.074
0.08
0.103
0.134
0.033
-0.059
-0.034
-0.165
-0.239
-0.333
-0.449
-0.509
-0.448
-0.438
-0.348
-0.29
-0.319
-0.091
0.01
0.049
-0.036
-0.1
-0.239
-0.24
-0.376
-0.286
-0.37
-0.166
-0.164
-0.33
-0.115
-0.171
-0.223
-0.191
-0.24
-0.013
-0.04
0.022
0.133
0.266
0.27
0.315
0.44
0.434
0.454
0.393
0.345
0.395
0.484
0.261
0.31
0.281
0.103
0.171
0.034
0.025
0.029
-0.058
0.013
0.08
0.004
0.233
0.096
0.203
0.151
0.021
0.054
0.004
-0.12
-0.305
-0.47
-0.52
-0.424
-0.199
-0.37
-0.242
-0.226
-0.208
-0.056
-0.151
-0.443
-0.359
-0.279
-0.31
-0.264
-0.422
-0.638
-0.438
-0.497
-0.473
-0.484
-0.391
-0.196
-0.28
-0.11
0.074
0.006
-0.004
0.045
0.072
0.052
0.059
0.168
0.052
0.036
0.095
0.01
0.049
0.043
0.211
0.179
0.139
0.19
0.219
0.139
0.13
0.079
0.179
0.264
0.114
0.084
-0.129
-0.101
-0.096
-0.17
-0.125
0.013
0.098
0.025
0.168
0.08
0.109
0.094
0.001
-0.122
0.151
-0.193
-0.338
-0.292
-0.288
-0.576
-0.348
-0.399
-0.398
-0.574
-0.646
-0.579
-0.536
-0.424
-0.525
-0.527
-0.599
-0.436
-0.43
-0.421
-0.435
-0.422
-0.51
-0.323
-0.331
-0.351
-0.306
-0.199
-0.343
-0.164
-0.185
-0.2
-0.19
-0.055
-0.064
-0.035
-0.088
-0.079
-0.055
-0.095
-0.058
0.114
0.177
0.328
0.233
0.333
0.378
0.326
0.425
0.37
0.439
0.177
0.379
0.482
0.21
0.326
0.494
0.525
0.393
0.219
0.05
-0.133
0.034
-0.089
-0.109
-0.173
-0.2
-0.285
-0.371
-0.32
-0.351
-0.129
-0.145
0.039
-0.022
-0.02
0.007
0.051
0.098
0.033
0.058
-0.088
-0.175
-0.062
0.2
0.075
0.147
0.236
0.364
0.419
0.438
0.22
0.118
0.121
0.247
-0.02
0.026
-0.056
-0.04
-0.014
0.154
-0.255
-0.329
-0.339
-0.444
-0.529
-0.431
-0.328
-0.305
-0.371
-0.331
-0.281
-0.177
-0.151
-0.003
-0.037
0.007
-0.072
-0.085
-0.061
-0.166
-0.118
-0.098
-0.045
0.041
-0.034
0.177
0.159
0.372
0.309
0.335
0.398
0.326
0.323
0.305
0.223
0.361
0.364
0.53
0.529
0.444
0.419
0.459
0.662
0.598
0.624
0.621
0.78
0.838
0.698
0.688
0.588
0.6
0.546
0.566
0.394
0.416
0.29
0.357
0.215
0.15
0.221
0.163
0.059
0.105
-0.005
-0.036
0.035
0.176
0.02
-0.07
-0.216
-0.349
-0.281
-0.315
-0.378
-0.362
-0.225
-0.062
-0.058
-0.113
0.014
-0.054
-0.116
-0.099
-0.015
-0.07
0.151
0.125
0.261
0.18
0.136
0.28
0.389
0.425
0.35
0.366
0.512
0.568
0.473
0.568
0.28
0.408
0.35
0.217
0.071
-0.018
0.1
-0.022
0.083
0.07
0.195
0.25
0.406
0.455
0.459
0.468
0.366
0.371
0.295
0.336
0.329
0.305
0.341
0.374
0.24
0.064
0.079
-0.08
-0.081
0.014
0.096
0.062
-0.124
0.092
-0.251
-0.062
-0.043
-0.208
-0.085
-0.079
-0.254
-0.091
-0.375
-0.381
-0.245
-0.144
-0.229
-0.348
-0.42
-0.352
-0.405
-0.258
-0.346
-0.22
-0.091
-0.249
-0.152
-0.341
-0.234
-0.188
-0.247
-0.216
-0.14
-0.033
-0.095
0.164
0.274
0.096
0.121
0.245
0.366
0.367
0.058
-0.101
-0.106
-0.194
-0.072
-0.164
-0.121
-0.011
-0.094
0.052
0.334
0.345
0.367
0.321
0.145
0.163
0.122
0.09
-0.041
0.003
-0.152
-0.119
-0.105
-0.149
-0.107
-0.104
-0.186
-0.011
-0.113
-0.18
-0.074
-0.191
-0.13
-0.26
-0.109
-0.106
-0.062
-0.033
0.107
0.124
0.193
-0.011
0.083
0.139
0.188
0.221
0.309
0.225
0.464
0.44
0.562
0.642
0.7
0.71
0.619
0.74
0.838
0.731
0.693
0.529
0.672
0.495
0.645
0.789
0.936
0.916
1.006
1.015
1.101
1.369
1.269
1.044
1.089
1.193
1.468
1.459
1.185
1.029
0.881
1.048
0.927
1.129
1.123
1.209
1.366
1.366
1.381
1.364
1.406
1.383
1.661
1.806
1.654
1.874
1.869
1.782
1.809
2.035
1.938
2.073
2.185
2.005
2.178
2.243
2.413
2.184
2.341
2.21
2.353
2.583
2.454
2.465
2.464
2.478
2.414
2.485
2.461
2.579
2.584
2.502
2.482
2.473
2.376
2.456
2.546
2.17
1.991
1.945
1.732
1.501
1.445
1.339
1.524
1.454
1.236
1.276
1.228
0.973
1.11
1.124
1.188
1.113
1.113
1.061
1.131
1.056
1.157
1.195
1.216
1.171
1.215
1.164
1.51
1.381
1.254
1.279
1.232
1.125
1.059
1.151
1.044
1.107
1.002
0.895
1.01
1.022
0.973
0.941
1.17
1.272
1.121
1.008
1.026
1.289
1.201
1.509
1.314
1.272
1.111
0.894
0.856
0.652
0.743
0.696
0.63
0.614
0.635
0.927
0.931
0.986
0.936
0.968
0.869
0.693
0.505
0.296
0.446
0.279
0.205
0.196
0.466
0.336
0.371
0.138
0.094
0.045
-0.27
-0.1
-0.072
-0.11
-0.109
-0.239
-0.309
-0.284
-0.297
-0.399
-0.694
-0.709
-0.465
-0.641
-0.531
-0.631
-0.654
-0.656
-0.888
-1.046
-0.98
-0.973
-0.963
-0.796
-0.661
-0.958
-0.986
-0.944
-1.055
-1.068
-0.953
-0.795
-0.698
-0.789
-0.883
-1.021
-1.149
-1.143
-1.046
-1.091
-1.254
-1.406
-1.204
-1.248
-1.046
-0.922
-0.755
-0.441
-0.241
-0.175
-0.169
-0.246
-0.297
-0.334
-0.357
-0.449
-0.426
-0.562
-0.265
-0.224
-0.235
-0.365
-0.27
-0.199
-0.154
-0.394
-0.484
-0.351
-0.475
-0.505
-0.669
-0.816
-0.785
-0.87
-0.736
-0.791
-0.579
-0.461
-0.343
-0.37
-0.574
-0.604
-0.534
-0.855
-0.714
-0.675
-0.724
-0.441
-0.432
-0.2
-0.269
-0.294
-0.2
-0.24
-0.305
-0.385
-0.12
-0.238
-0.31
-0.378
-0.468
-0.508
-0.465
-0.484
-0.496
-0.588
-0.812
-0.83
-0.591
-0.855
-1.041
-0.983
-1.068
-0.944
-1.143
-1.189
-1.144
-1.246
-1.066
-1.051
-1.018
-0.888
-1.058
-0.88
-0.916
-0.989
-1.093
-0.998
-1.129
-1.121
-1.135
-1.204
-1.16
-1.19
-1.374
-1.349
-1.301
-1.16
-1.256
-1.004
-1.093
-1.086
-0.927
-1.1
-1.194
-1.246
-1.099
-1.144
-0.874
-0.801
-0.728
-0.441
-0.196
-0.133
-0.104
0.001
-0.009
0.044
0.05
0.009
0.134
0.171
0.27
0.276
0.266
0.296
0.241
0.143
-0.039
-0.013
-0.203
-0.285
-0.23
-0.334
-0.395
-0.372
-0.249
-0.294
-0.219
-0.236
-0.174
-0.275
-0.168
0.101
0.138
0.254
0.216
0.133
0.261
0.29
0.179
-0.024
-0.129
-0.356
-0.307
-0.256
-0.238
-0.091
-0.179
-0.256
-0.216
-0.2
-0.062
-0.05
-0.03
0.011
-0.013
-0.106
-0.118
-0.055
-0.188
-0.11
0.04
0.033
0.174
0.376
0.264
0.307
0.403
0.336
0.212
0.365
0.205
-0.089
0.107
0.136
0.075
0.055
0.189
0.269
0.231
0.206
0.152
-0.05
-0.1
-0.221
-0.199
-0.44
-0.326
-0.487
-0.503
-0.361
-0.25
-0.242
-0.336
-0.438
-0.391
-0.398
-0.405
-0.458
-0.312
-0.145
-0.061
0.062
-0.05
0.03
0.089
-0.139
-0.234
-0.143
-0.129
-0.396
-0.355
-0.445
-0.649
-0.744
-0.976
-0.99
-1.097
-1.026
-1.094
-0.975
-0.941
-1.01
-0.995
-0.92
-0.96
-0.926
-0.769
-0.645
-0.547
-0.526
-0.364
-0.376
-0.119
-0.095
-0.01
0.046
0.098
0.026
-0.14
0.031
-0.011
0.249
0.271
0.245
0.179
0.378
0.415
0.403
0.496
0.534
0.527
0.504
0.651
0.77
0.629
0.795
0.73
0.61
0.492
0.763
0.51
0.361
0.425
0.284
0.17
0.24
0.004
-0.033
-0.164
-0.075
-0.18
-0.283
-0.398
-0.388
-0.468
-0.52
-0.491
-0.535
-0.492
-0.399
-0.427
-0.35
-0.255
-0.231
-0.279
-0.245
-0.281
-0.357
-0.416
-0.557
-0.536
-0.411
-0.591
-0.492
-0.509
-0.677
-0.718
-0.805
-0.734
-0.575
-0.579
-0.873
-0.804
-0.659
-0.652
-0.651
-0.843
-0.874
-0.88
-0.876
-0.791
-0.909
-0.91
-0.83
-0.764
-0.611
-0.618
-0.414
-0.32
-0.381
-0.249
-0.348
-0.544
-0.42
-0.35
-0.394
-0.283
-0.434
-0.372
-0.244
-0.381
-0.339
-0.118
-0.09
-0.072
-0.129
0.052
0.072
0.182
0.168
0.273
0.254
0.28
0.335
0.335
0.526
0.666
0.583
0.73
0.856
0.831
0.641
0.641
0.638
0.535
0.616
0.576
0.624
0.544
0.537
0.679
0.642
0.52
0.51
0.362
0.424
0.279
0.294
0.249
0.011
0.258
0.046
0.19
0.111
-0.015
-0.099
-0.284
-0.166
-0.205
-0.312
-0.284
-0.225
-0.273
-0.179
-0.269
-0.417
-0.281
-0.253
-0.215
-0.284
-0.438
-0.214
-0.253
-0.449
-0.422
-0.355
-0.427
-0.541
-0.421
-0.24
-0.046
0.014
0.056
-0.048
0.071
0.109
0.147
0.22
0.145
0.234
0.275
0.211
0.215
0.201
-0.02
0.004
-0.045
-0.071
-0.109
0.08
0.22
0.103
-0.081
-0.173
-0.191
-0.133
-0.007
0.025
-0.022
-0.089
-0.099
-0.048
0.088
0.076
0.115
0.261
0.323
0.456
0.269
0.414
0.514
0.562
0.529
0.404
0.288
0.249
0.417
0.441
0.608
0.406
0.38
0.318
0.279
0.478
0.233
0.268
0.289
-0.015
-0.07
-0.054
-0.114
-0.29
-0.292
-0.32
-0.325
-0.416
-0.416
-0.453
-0.27
-0.343
-0.384
-0.551
-0.541
-0.516
-0.296
-0.321
-0.344
-0.29
-0.352
-0.378
-0.255
-0.096
0.065
0.189
0.245
0.251
0.064
0.18
0.08
0.306
0.427
0.388
0.384
0.286
0.338
0.395
0.445
0.439
0.583
0.459
0.458
0.484
0.46
0.478
0.781
0.552
0.5
0.383
0.064
-0.099
0.151
0.124
0.258
0.276
0.228
0.022
0.125
0.15
-0.051
-0.018
0.166
-0.062
-0.179
-0.245
-0.229
-0.1
0.033
-0.05
-0.094
0.124
-0.188
-0.152
-0.339
-0.113
-0.072
-0.321
-0.487
-0.478
-0.349
-0.27
-0.169
-0.07
-0.181
-0.039
-0.165
-0.013
0.041
0.077
0.041
0.214
0.242
0.203
0.383
0.396
0.609
0.508
0.504
0.474
0.325
0.361
0.512
0.32
0.386
0.198
0.184
0.105
-0.055
0.083
0.084
0.031
0.242
0.066
-0.076
-0.09
-0.263
-0.32
-0.512
-0.375
-0.424
-0.378
-0.571
-0.36
-0.547
-0.671
-0.478
-0.48
-0.288
-0.244
-0.305
-0.216
-0.378
-0.3
-0.301
-0.3
-0.214
0.034
0.044
-0.103
-0.01
0.09
0.1
0.141
-0.04
0.079
0.037
-0.011
-0.072
-0.014
0.04
0.25
0.09
-0.338
-0.212
-0.135
-0.007
-0.103
-0.074
-0.062
-0.302
-0.406
-0.261
-0.284
-0.628
-0.584
-0.676
-0.611
-0.909
-0.823
-0.95
-0.902
-0.871
-0.986
-0.888
-1.083
-0.845
-0.694
-0.856
-0.415
-0.305
-0.146
-0.045
-0.136
-0.302
-0.57
-0.492
-0.589
-0.389
-0.554
-0.312
-0.344
-0.413
-0.304
-0.32
-0.288
-0.263
-0.224
-0.225
-0.254
-0.246
-0.17
-0.25
-0.186
-0.206
-0.13
0.005
-0.006
-0.109
0.004
-0.209
-0.179
-0.069
-0.177
-0.14
-0.114
-0.24
-0.381
-0.311
-0.651
-0.645
-0.635
-0.746
-0.878
-0.768
-0.754
-0.596
-0.346
-0.201
-0.024
0.005
0.291
0.453
0.529
0.38
0.445
0.367
0.273
0.141
-0.049
0.04
-0.046
-0.1
-0.168
-0.138
-0.281
-0.23
-0.185
-0.074
-0.09
-0.245
-0.201
-0.249
-0.4
-0.44
-0.305
-0.328
-0.289
-0.422
-0.438
-0.59
-0.288
-0.2
-0.256
-0.291
-0.2
-0.292
-0.186
-0.129
-0.38
-0.376
-0.181
-0.146
-0.115
-0.154
-0.221
-0.22
-0.4
-0.439
-0.432
-0.391
-0.408
-0.28
-0.422
-0.519
-0.453
-0.33
-0.105
-0.079
0.01
-0.039
0.044
0.022
0.039
0.242
0.314
0.083
0.011
0.203
0.3
0.396
0.468
0.436
0.694
0.615
0.621
0.735
0.886
0.955
0.94
1.012
1.214
1.289
1.18
1.009
0.994
1.019
1.069
0.966
1.231
1.163
1.198
1.274
1.219
1.208
1.336
1.214
1.026
1.034
1.124
1.319
1.109
1.436
1.215
1.17
1.312
1.211
1.489
1.639
1.694
1.495
1.754
1.68
1.677
2.033
1.871
1.921
1.951
2.161
2.047
2.159
2.065
2.076
2.093
2.086
2.305
2.353
2.45
2.595
2.522
2.911
2.936
3.038
2.88
2.917
2.89
3.025
2.958
2.893
2.922
3.158
2.989
2.95
3.033
2.851
2.821
2.768
2.794
2.764
2.701
2.59
2.4
2.269
2.394
2.31
2.312
2.45
2.304
2.425
2.344
2.212
2.409
2.442
2.638
2.326
2.449
2.034
2.024
1.886
1.875
1.92
1.941
2.0
1.741
1.548
1.27
1.339
1.144
1.265
1.46
1.501
1.433
1.468
1.338
1.124
1.311
0.946
0.885
1.045
1.181
1.443
1.104
1.086
1.34
1.088
1.298
1.28
1.183
1.343
1.331
1.522
1.268
1.242
0.976
0.888
1.048
1.071
1.465
1.274
1.048
0.856
0.66
0.544
0.459
0.603
0.495
0.662
0.576
0.75
0.505
0.6
0.443
0.465
0.348
0.456
0.25
0.318
0.326
0.359
0.233
0.128
-0.193
-0.249
-0.524
-0.283
-0.413
-0.421
-0.504
-0.54
-0.177
-0.18
-0.384
-0.341
-0.174
-0.177
0.024
0.209
0.043
0.307
0.186
0.105
0.39
0.24
0.04
0.028
-0.031
-0.14
-0.019
-0.302
-0.152
-0.212
-0.385
-0.381
-0.504
-0.403
-0.35
-0.526
-0.65
-0.806
-0.844
-0.894
-1.011
-1.0
-0.839
-0.888
-0.835
-0.693
-0.733
-0.826
-0.954
-0.924
-0.914
-0.581
-0.905
-0.986
-0.953
-0.797
-0.66
-0.725
-0.59
-0.746
-0.88
-0.845
-0.858
-1.032
-1.054
-0.905
-0.985
-0.965
-0.951
-0.826
-0.661
-0.694
-0.833
-0.835
-0.825
-0.921
-0.726
-0.75
-0.795
-0.723
-0.769
-0.823
-0.698
-0.576
-0.446
-0.51
-0.481
-0.83
-0.931
-1.096
-1.226
-1.259
-1.366
-1.309
-1.423
-1.565
-1.441
-1.379
-1.255
-1.109
-1.315
-1.21
-1.336
-1.384
-1.344
-1.305
-1.226
-1.224
-1.39
-1.504
-1.725
-1.514
-1.474
-1.448
-1.383
-1.516
-1.29
-1.32
-1.2
-1.136
-0.843
-0.797
-0.845
-0.816
-0.655
-0.583
-0.674
-0.639
-0.785
-0.995
-1.002
-1.116
-1.086
-1.055
-0.907
-0.805
-0.805
-0.869
-0.81
-0.951
-0.68
-0.676
-0.481
-0.652
-0.699
-0.656
-0.494
-0.436
-0.569
-0.792
-0.96
-0.751
-0.79
-0.859
-0.573
-0.446
-0.326
-0.5
-0.378
-0.154
-0.271
-0.352
-0.242
-0.194
-0.35
-0.465
-0.505
-0.539
-0.471
-0.331
-0.328
-0.201
-0.1
-0.04
-0.1
-0.015
-0.09
-0.165
-0.536
-0.335
-0.344
-0.348
-0.348
-0.396
-0.211
-0.349
-0.191
-0.31
-0.261
-0.19
-0.066
0.077
-0.009
-0.006
-0.001
-0.007
0.152
0.104
0.301
0.343
0.306
0.315
0.041
0.185
0.141
0.077
-0.066
0.059
-0.051
-0.168
-0.076
-0.214
-0.182
-0.338
-0.253
-0.198
-0.28
-0.189
-0.223
-0.156
-0.085
-0.205
0.054
-0.209
-0.034
-0.15
-0.223
-0.316
-0.246
-0.242
-0.028
-0.007
-0.016
-0.206
-0.27
-0.43
-0.631
-0.667
-0.598
-0.594
-0.599
-0.456
-0.579
-0.55
-0.624
-0.66
-0.562
-0.536
-0.68
-0.557
-0.422
-0.269
-0.26
-0.135
-0.221
-0.115
-0.066
-0.12
0.005
0.014
0.046
0.276
0.216
0.334
0.292
0.234
0.251
0.269
0.375
0.395
0.53
0.609
0.645
0.682
0.568
0.505
0.574
0.699
0.689
0.831
0.711
0.738
0.738
0.87
0.88
0.994
1.081
1.042
1.184
0.94
0.927
0.924
0.796
0.753
0.63
0.551
0.606
0.304
0.329
0.31
0.251
0.38
0.169
0.191
0.03
0.021
0.099
-0.007
-0.01
0.081
0.179
0.111
0.152
0.168
0.106
0.055
-0.064
-0.107
-0.186
-0.265
-0.331
-0.546
-0.509
-0.486
-0.646
-0.769
-0.701
-0.88
-0.888
-0.911
-0.819
-0.953
-1.05
-1.242
-1.206
-1.13
-1.193
-1.312
-1.111
-1.014
-0.823
-0.594
-0.405
-0.411
-0.216
-0.234
-0.062
0.031
0.114
0.214
0.296
0.355
-0.006
0.081
0.125
0.155
0.242
0.193
0.163
0.161
0.283
0.475
0.456
0.568
0.729
0.552
0.593
0.524
0.334
0.424
0.253
0.314
0.191
0.189
0.143
0.346
0.401
0.443
0.571
0.441
0.395
0.271
0.569
0.371
0.335
0.338
0.286
0.275
0.1
0.171
0.255
0.244
0.323
0.366
0.398
0.35
0.331
0.103
-0.007
0.028
-0.05
0.086
-0.104
0.077
0.094
0.009
0.01
-0.124
-0.08
-0.037
0.054
0.169
0.366
0.41
0.247
0.329
0.07
0.11
0.266
0.244
0.346
0.419
0.264
0.215
0.334
0.57
0.629
0.404
0.371
0.188
0.215
0.118
-0.03
0.037
0.15
0.285
0.31
0.209
0.399
0.307
0.62
0.724
0.615
0.6
0.62
0.75
0.682
0.695
0.755
0.785
0.638
0.723
0.634
0.86
0.807
0.61
0.768
0.696
0.46
0.375
0.235
0.334
0.414
0.501
0.463
0.448
0.417
0.589
0.492
0.181
0.131
0.081
0.275
0.029
0.22
0.089
0.06
0.173
0.076
0.179
-0.011
-0.066
-0.126
-0.223
-0.249
-0.161
-0.062
-0.039
-0.16
-0.048
-0.14
-0.194
-0.249
0.007
0.305
0.404
0.32
0.425
0.344
0.116
-0.199
0.034
-0.144
-0.022
-0.037
-0.021
-0.15
0.006
0.013
0.025
-0.055
-0.171
-0.22
-0.249
-0.271
-0.352
-0.299
-0.395
-0.449
-0.5
-0.556
-0.669
-0.604
-0.642
-0.645
-0.628
-0.644
-0.618
-0.623
-0.603
-0.674
-0.516
-0.441
-0.44
-0.414
-0.336
-0.168
-0.216
-0.242
-0.229
-0.24
-0.354
-0.294
-0.179
-0.281
-0.436
-0.583
-0.547
-0.151
-0.352
-0.348
-0.291
-0.647
-0.466
-0.478
-0.37
-0.019
-0.31
-0.395
-0.275
-0.26
-0.301
-0.345
-0.324
-0.229
-0.263
-0.458
-0.505
-0.422
-0.367
-0.47
-0.25
-0.284
-0.274
-0.231
-0.089
-0.125
-0.273
-0.22
-0.369
-0.451
-0.495
-0.536
-0.537
-0.471
-0.532
-0.325
-0.575
-0.494
-0.455
-0.335
-0.391
-0.366
-0.348
-0.275
-0.001
0.048
0.029
-0.035
-0.006
-0.079
-0.225
-0.253
-0.159
-0.156
-0.058
0.011
