-0.029
-0.094
-0.104
-0.22
-0.212
-0.388
-0.331
-0.129
0.13
0.19
0.015
-0.194
-0.455
-0.519
-0.51
-0.464
-0.445
-0.279
-0.226
-0.126
-0.163
-0.292
-0.189
-0.114
-0.425
-0.554
-0.561
-0.652
-0.686
-0.922
-0.841
-0.855
-0.925
-0.755
-0.53
-0.38
-0.374
-0.589
-0.545
-0.812
-0.839
-0.709
-0.85
-0.56
-0.388
-0.491
-0.461
-0.391
-0.585
-0.641
-0.593
-0.469
-0.29
-0.007
0.022
-0.11
-0.069
-0.004
0.072
0.031
-0.009
0.025
-0.048
0.193
0.159
0.119
0.083
0.171
0.091
0.409
0.642
0.65
0.292
0.461
0.06
-0.064
-0.104
0.033
-0.016
0.129
0.134
0.135
-10.336
-1.521
-0.32
-0.238
-0.261
-0.312
-0.278
-0.254
-0.448
-0.461
-0.279
-0.589
-0.39
-0.565
-0.536
-0.848
-0.814
-1.005
-0.91
-0.909
-0.775
-0.66
-0.549
-0.474
-0.393
-0.417
-0.586
-0.741
-0.549
-0.599
-0.297
-0.096
0.072
0.081
-0.139
-0.022
0.049
-0.079
0.02
0.075
0.11
-0.031
-0.379
-0.693
-0.651
-0.508
-0.378
-0.04
0.224
0.138
-0.104
-0.276
-0.274
-0.29
-0.206
-0.091
-0.208
-0.468
-0.755
-1.03
-1.159
-1.486
-1.461
-1.438
-1.252
-1.239
-1.413
-1.485
-1.681
-1.446
-1.657
-1.374
-1.169
-1.153
-0.897
-1.105
-1.001
-1.09
-1.201
-1.147
-1.097
-0.825
-0.696
-0.647
-0.571
-0.458
-0.198
-0.294
-0.378
-0.324
-0.242
0.143
-0.103
-0.109
0.166
0.301
0.451
0.66
0.471
0.725
0.711
0.608
0.534
0.283
0.152
0.292
0.504
0.576
0.681
0.588
0.599
0.568
0.439
0.268
0.179
0.006
-0.297
-0.185
-0.223
-0.586
-0.52
-0.459
-0.4
-0.349
-0.343
-0.181
-0.24
-0.166
-0.195
-0.233
-0.284
-0.478
-0.375
-0.459
-0.362
-0.383
-0.374
-0.334
-0.357
-0.163
-0.357
-0.208
-0.366
-0.624
-0.666
-0.631
-0.714
-0.82
-0.846
-0.745
-0.655
-0.59
-0.512
-0.398
-0.28
-0.059
0.052
-0.033
-0.18
-0.058
-0.25
-0.381
-0.425
-0.391
-0.588
-0.609
-0.445
-0.214
-0.1
0.091
-0.055
-0.056
-0.289
-0.238
-0.359
-0.404
-0.475
-0.456
-0.326
-0.249
-0.081
-0.216
-0.12
0.094
-0.048
-0.003
-0.011
-0.185
-0.361
-0.416
-0.413
-0.311
-0.831
-0.919
-0.863
-0.641
-0.652
-0.409
-0.316
-0.095
0.2
0.159
0.271
0.126
-0.191
-0.366
-0.532
-0.4
-0.314
0.076
-0.173
-0.129
-0.07
-0.009
-0.079
-0.048
0.266
0.381
0.271
0.281
0.399
0.39
0.2
-0.079
-0.269
-0.326
-0.531
-0.38
-0.383
-0.527
-0.39
-0.421
-0.276
-0.161
0.13
0.115
0.18
0.028
-0.069
-0.024
-0.214
-0.29
-0.575
-0.411
-0.114
0.31
0.36
0.406
0.56
0.499
0.478
0.372
0.144
0.135
0.075
-0.154
-0.315
-0.007
-0.013
0.059
0.2
-0.203
0.062
-0.11
0.089
0.045
-0.11
-0.144
-0.195
-0.164
-0.129
-0.292
-0.17
-0.138
0.016
0.049
0.099
0.275
0.394
0.544
0.744
0.826
0.858
0.894
0.89
1.361
1.271
1.464
1.443
1.545
1.676
1.864
1.824
1.845
2.046
1.8
1.906
1.949
2.075
1.953
1.79
1.886
1.681
1.751
1.67
1.772
1.61
1.606
1.584
1.292
1.051
0.765
0.65
0.746
0.541
0.451
0.398
0.43
0.417
0.466
0.471
0.496
0.645
0.669
0.888
0.785
0.85
0.941
0.76
0.734
0.795
0.695
0.693
0.958
0.98
1.036
1.121
1.153
1.09
0.925
0.915
0.829
0.601
0.868
0.633
0.756
0.785
0.789
0.787
0.594
0.833
0.984
1.073
1.031
1.179
1.093
1.03
1.36
1.494
1.615
1.583
1.395
1.321
1.235
1.219
1.464
1.389
1.249
1.184
1.395
1.151
0.902
0.834
0.794
0.716
0.787
0.541
0.642
0.73
0.946
0.973
0.917
0.965
0.821
0.676
0.524
0.453
0.642
0.786
0.825
0.828
0.974
0.917
0.766
0.671
0.792
0.514
0.618
0.751
0.934
0.948
0.871
0.77
0.686
0.445
0.434
0.422
0.301
0.378
0.399
0.318
0.26
0.352
0.301
0.365
0.531
0.517
0.379
0.281
0.149
0.31
0.33
0.206
0.291
0.164
0.098
-0.103
-0.398
-0.365
-0.179
-0.18
-0.119
-0.107
-0.278
-0.429
-0.497
-0.556
-0.482
-0.261
-0.212
-0.47
-0.424
-0.419
-0.557
-0.482
-0.436
-0.274
-0.35
-0.341
-0.431
-0.329
-0.416
-0.344
-0.195
-0.255
-0.24
-0.249
-0.56
-0.399
-0.53
-0.374
-0.489
-0.605
-0.542
-0.656
-0.591
-0.591
-0.399
-0.459
-0.105
0.033
-0.224
-0.228
-0.395
-0.745
-0.844
-0.772
-0.739
-0.549
-0.546
-0.456
-0.355
-0.367
-0.364
-0.238
-0.499
-0.215
-0.179
-0.208
-0.506
-0.876
-0.734
-0.7
-0.718
-0.701
-0.545
-0.638
-0.786
-0.517
-0.696
-0.596
-0.71
-0.906
-0.736
-0.557
-0.344
-0.246
-0.138
-0.022
0.081
0.233
0.36
0.499
0.455
0.578
0.386
0.083
0.212
0.103
0.064
0.164
0.125
0.015
-0.107
-0.276
-0.654
-0.372
-0.645
-0.575
-0.559
-0.39
-0.534
-0.66
-0.559
-0.684
-0.768
-0.92
-0.921
-0.769
-0.885
-0.84
-0.99
-1.113
-1.15
-1.1
-0.955
-0.708
-0.552
-0.71
-0.849
-0.965
-0.879
-0.907
-0.858
-0.781
-0.679
-0.848
-0.795
-0.863
-0.823
-0.864
-0.751
-0.589
-0.431
-0.408
-0.399
-0.335
-0.541
-0.565
-0.698
-0.566
-0.505
-0.619
-0.551
-0.583
-0.616
-0.741
-0.851
-0.809
-0.694
-0.855
-0.835
-0.866
-0.616
-0.441
-0.4
-0.289
-0.089
-0.133
-0.375
-0.348
-0.35
-0.516
-0.524
-0.294
-0.251
-0.24
-0.151
0.003
0.209
0.314
0.297
0.256
0.24
0.206
0.335
0.362
0.374
0.275
0.258
0.101
0.103
-0.134
-0.092
-0.275
-0.299
-0.291
-0.471
-0.205
-0.13
-0.184
-0.129
-0.033
-0.225
-0.164
-0.23
-0.514
-0.482
-0.508
-0.517
-0.435
-0.46
-0.301
-0.221
-0.348
-0.27
-0.389
-0.346
-0.438
-0.367
-0.331
0.01
-0.186
-0.169
-0.004
-0.114
0.23
-0.003
0.065
0.074
0.062
0.041
-0.064
0.086
0.133
0.26
0.048
0.135
0.146
-0.079
0.092
-0.072
-0.011
0.059
0.11
0.025
-0.3
-0.198
-0.143
-0.083
0.029
0.026
-0.016
-0.199
-0.325
-0.247
-0.058
-0.136
-0.083
-0.056
-0.201
-0.369
-0.273
-0.264
-0.235
-0.312
-0.453
-0.724
-0.69
-0.684
-0.85
-0.586
-0.735
-0.693
-0.691
-0.895
-0.878
-0.751
-0.911
-1.058
-0.995
-1.032
-1.064
-1.008
-0.895
-1.012
-0.907
-1.088
-0.807
-0.836
-1.039
-0.946
-1.068
-0.76
-0.552
-0.559
-0.763
-0.77
-0.938
-0.805
-0.831
-0.922
-0.871
-1.069
-1.015
-1.091
-1.004
-0.796
-0.596
-0.575
-0.578
-0.449
-0.576
-0.434
-0.239
-0.454
-0.26
-0.464
-0.478
-0.584
-0.644
-0.211
-10.336
0.154
0.364
0.505
0.561
0.614
0.512
0.654
0.631
0.823
0.73
0.589
0.858
0.784
0.618
0.715
0.787
1.049
0.938
1.038
0.9
1.089
1.068
0.985
1.101
0.904
0.929
0.956
1.046
1.219
1.351
1.435
1.555
1.491
1.656
1.69
1.619
1.5
1.465
1.364
1.109
0.973
0.958
0.492
0.796
0.929
1.099
1.042
0.805
1.094
0.774
0.604
0.604
0.706
0.568
0.482
0.64
0.6
0.651
0.768
0.829
0.881
0.909
0.89
0.82
0.776
0.619
0.639
0.649
0.634
0.797
0.669
0.84
0.738
0.81
0.835
0.912
0.605
0.496
0.71
0.655
0.891
0.874
1.113
1.22
1.137
1.211
1.051
0.973
0.792
0.562
0.638
0.705
0.669
0.522
0.639
0.541
0.685
0.453
0.642
0.655
0.639
0.776
0.635
0.557
0.356
0.359
0.535
0.411
0.416
0.443
0.662
0.854
1.05
1.103
1.011
0.976
0.839
0.945
0.883
0.971
0.838
0.851
0.864
0.718
0.858
0.874
1.05
1.131
1.302
1.225
1.129
1.311
1.185
1.258
1.218
1.143
1.335
1.13
1.116
1.169
1.096
1.157
0.925
1.173
1.23
1.312
1.46
1.469
1.571
1.439
1.481
1.472
1.525
1.509
1.376
1.228
1.248
1.324
1.394
1.588
1.605
1.511
1.438
1.569
1.335
1.363
1.26
1.141
1.104
1.116
1.051
1.15
1.25
1.176
1.218
0.935
0.682
0.508
0.147
-0.074
-0.044
-0.173
-0.239
-0.3
-0.556
-0.535
-0.451
-0.453
-0.479
-0.357
-0.175
0.188
0.185
0.059
-0.007
-0.095
-0.152
-0.49
-0.519
-0.514
-0.432
-0.251
-0.333
-0.11
-0.201
-0.121
-0.17
-0.094
-0.196
-0.506
-0.549
-0.431
-0.425
-0.393
-0.294
-0.242
-0.331
-0.471
-0.242
-0.064
0.17
0.411
0.216
0.256
0.116
0.194
0.329
0.205
0.436
0.615
0.816
0.802
0.659
0.258
0.194
0.161
0.066
0.364
0.406
0.388
-0.059
-0.244
-0.326
-0.505
-0.515
-0.446
-0.36
-0.631
-0.408
-0.815
-0.993
-1.084
-1.213
-0.964
-1.016
-0.921
-0.896
-0.944
-0.891
-0.709
-0.805
-0.821
-0.838
-0.716
-0.664
-0.569
-0.401
-0.52
-0.629
-0.555
-0.575
-0.645
-0.623
-0.6
-0.511
-0.605
-0.521
-0.506
-0.429
-0.461
-0.375
-0.633
-0.512
-0.463
-0.357
-0.41
-0.225
-0.302
-0.261
-0.531
-0.517
-0.414
-0.401
-0.329
-0.47
-0.552
-0.726
-0.859
-0.731
-0.819
-0.866
-0.75
-0.756
-0.794
-0.834
-1.031
-0.835
-0.807
-0.666
-0.679
-0.596
-0.375
-0.482
-0.469
-0.45
-0.201
-0.075
-0.111
-0.315
-0.409
-0.584
-0.314
-0.208
-0.168
-0.021
0.111
0.205
0.465
0.147
0.096
0.152
0.333
0.125
0.314
0.126
0.211
0.29
0.198
0.296
0.214
0.02
-0.095
-0.445
-0.676
-0.639
-0.633
-0.661
-0.633
-0.6
-0.873
-0.986
-0.97
-0.726
-0.586
-0.374
-0.431
-0.349
-0.307
-0.426
-0.375
-0.443
-0.644
-0.351
-0.296
-0.575
-0.585
-0.646
-0.927
-1.189
-1.344
-1.211
-1.009
-0.888
-0.909
-0.96
-1.141
-1.215
-1.282
-1.541
-1.218
-1.245
-1.244
-1.2
-1.095
-1.201
-1.127
-1.028
-0.743
-0.566
-0.576
-0.441
-0.484
-0.659
-0.603
-0.561
-0.542
-0.386
-0.554
-0.556
-0.39
-0.473
-0.444
-0.388
-0.43
-0.465
-0.33
-0.385
-0.29
-0.604
-0.291
-0.268
-0.185
-0.041
-0.294
-0.245
-0.365
-0.285
-0.565
-0.605
-0.536
-0.593
-0.314
-0.376
-0.22
-0.273
-0.361
-0.534
-0.521
-0.574
-0.647
-0.551
-0.284
-0.251
-0.2
0.07
0.18
0.125
0.223
0.275
0.19
-0.019
-0.019
0.195
0.133
0.138
0.343
0.481
0.36
0.609
0.55
0.408
0.295
0.26
0.217
0.186
0.228
0.33
0.32
0.425
0.328
0.191
-0.086
-0.134
-0.273
-0.111
-0.125
-0.01
0.045
-0.096
-0.099
0.074
-0.086
-0.15
-0.226
-0.121
-0.069
-0.119
-0.062
-0.099
0.174
-0.13
-0.174
-0.088
-0.388
-0.238
-0.133
-0.158
0.08
0.11
0.04
0.07
0.186
0.154
0.164
0.056
0.077
-0.08
-0.306
-0.405
-0.241
-0.456
-0.31
-0.164
0.035
0.275
0.14
0.079
-0.2
-0.454
-0.311
-0.23
-0.333
-0.21
-0.324
-0.215
-0.166
-0.026
0.158
0.191
0.297
0.378
0.245
0.274
0.432
0.519
0.546
0.535
0.482
0.555
0.647
0.496
0.84
1.074
1.115
1.103
1.334
1.292
1.364
1.37
1.594
1.401
1.38
1.284
0.978
0.939
0.924
0.925
0.858
0.899
1.034
1.056
1.025
1.04
0.963
0.989
0.754
0.761
0.644
0.63
0.769
0.769
0.909
0.931
0.9
0.784
0.936
0.756
0.689
0.675
0.405
0.396
0.388
0.439
0.346
0.44
0.443
0.378
0.499
0.42
0.5
0.466
0.599
0.642
0.771
0.68
0.807
0.754
0.876
0.839
0.661
0.598
0.785
0.876
0.805
0.89
0.738
0.9
0.79
0.665
0.763
0.792
0.963
0.86
0.785
0.675
0.706
0.551
0.661
0.499
0.556
0.554
0.669
0.851
0.809
0.835
0.691
0.771
1.004
0.534
0.396
0.45
0.409
0.42
0.352
0.323
0.443
0.319
0.51
0.448
0.58
0.894
0.96
1.086
1.129
1.203
1.509
1.451
1.492
1.625
1.916
1.875
1.959
2.002
1.89
1.924
1.792
1.519
1.155
0.964
0.921
0.766
1.069
0.948
0.895
0.72
0.651
0.425
0.291
0.048
-0.08
-0.099
0.065
0.329
0.346
0.28
0.254
0.307
0.182
0.055
0.436
0.608
0.791
0.724
0.667
0.791
0.396
0.735
0.719
0.719
0.866
0.999
1.113
0.641
0.763
0.736
1.179
1.289
1.27
1.039
0.91
0.853
0.979
0.894
0.81
0.815
0.909
0.725
0.766
0.312
0.331
0.104
-0.116
-0.333
-0.634
-0.461
-0.562
-0.258
-0.09
-0.19
0.253
0.255
0.307
0.299
0.05
-0.075
-0.169
-0.151
0.168
0.165
0.056
0.155
0.206
0.189
0.056
0.221
0.099
-0.031
0.025
-0.161
-0.209
-0.139
-0.104
0.146
0.286
0.069
0.039
-0.405
-0.41
-0.58
-0.436
-0.221
0.058
-0.098
0.052
0.033
0.013
-0.336
-0.499
-0.398
-0.335
-0.251
-0.245
-0.195
-0.223
-0.085
-0.121
-0.001
-0.089
-0.025
-0.231
-0.41
-0.721
-0.73
-0.471
-0.159
-0.019
-0.045
0.131
-0.049
-0.19
-0.039
-0.043
-0.111
0.018
0.052
-0.235
-0.491
-0.784
-1.062
-1.209
-1.216
-1.246
-1.064
-1.054
-0.986
-0.975
-1.159
-0.946
-1.199
-1.423
-1.463
-1.425
-1.355
-1.46
-1.474
-1.565
-1.724
-1.613
-1.772
-1.534
-1.728
-1.695
-1.598
-1.367
-1.384
-1.106
-0.983
-1.073
-1.074
-0.728
-0.744
-0.52
-0.816
-0.713
-0.969
-1.032
-1.28
-1.414
-1.617
-1.31
-1.194
-1.035
-0.667
-0.736
-0.633
-0.615
-0.635
-0.835
-0.805
-0.621
-0.228
-0.081
0.211
0.336
0.329
0.258
0.432
0.595
0.614
0.512
0.497
0.356
0.421
0.236
0.059
0.141
0.086
0.021
0.064
-0.021
-0.294
-0.357
-0.552
-0.667
-0.615
-0.403
-0.417
-0.285
-0.314
-0.49
-0.113
-0.086
-0.14
-0.106
-0.31
-0.234
-0.273
-0.384
-0.574
-0.324
-0.379
-0.328
-0.242
-0.171
0.069
0.273
0.225
0.101
0.11
-0.081
-0.011
-0.069
-0.056
-0.061
0.029
-0.188
-0.139
-0.338
-0.448
-0.374
-0.379
-0.217
-0.011
-0.3
-0.261
-0.589
-0.524
-0.62
-0.443
-0.07
0.211
0.156
0.124
-0.143
-0.186
-0.088
0.013
-0.055
0.106
0.095
0.088
0.025
-0.29
-0.146
-0.139
0.161
0.362
0.335
0.496
0.114
0.191
-0.064
0.022
-0.003
0.274
0.388
0.14
-0.129
-0.235
-0.285
-0.11
-0.12
-0.005
-0.247
-0.055
-0.155
-0.326
-0.499
-0.542
-0.59
-0.624
-0.831
-0.824
-0.769
-0.554
-0.729
-0.856
-0.738
-0.552
-0.289
-0.66
-0.699
-0.889
-0.993
-0.619
-0.421
-0.361
-0.427
-0.261
-0.154
-0.119
0.06
0.432
0.487
0.455
0.473
0.323
0.239
0.069
0.138
0.251
0.04
0.005
-0.125
-0.175
-0.196
-0.251
-0.201
-0.206
-0.215
-0.235
-0.511
-0.544
-0.491
-0.521
-0.346
-0.258
-0.356
-0.193
-0.284
-0.024
0.14
0.215
0.398
0.422
0.61
0.666
0.268
0.375
0.52
0.306
0.596
0.562
0.661
0.731
0.795
1.119
1.397
1.461
1.346
1.615
1.555
1.333
0.946
0.905
0.816
0.88
0.968
0.88
0.966
0.88
0.694
0.641
0.57
0.512
0.299
0.665
0.584
0.985
0.744
0.805
1.036
0.985
1.129
1.002
0.996
1.145
1.099
0.95
1.006
1.014
0.85
0.799
0.685
0.685
0.935
0.807
0.861
0.988
0.993
0.955
0.966
0.939
0.976
1.016
0.949
1.103
1.046
1.015
0.92
0.825
0.876
0.97
1.119
1.17
1.339
1.004
0.96
0.504
0.351
0.275
0.297
0.491
0.468
0.934
0.87
1.05
1.136
1.239
1.239
1.35
1.251
1.141
1.097
1.078
0.895
0.88
0.93
0.705
0.69
0.312
0.1
0.089
0.039
-0.247
-0.288
-0.114
-0.214
-0.236
-0.165
-0.179
-0.144
0.044
0.131
0.351
0.279
0.261
0.391
0.512
0.791
0.883
1.029
0.924
1.478
1.31
1.544
1.593
1.356
1.282
1.393
1.353
1.278
1.14
1.306
1.076
1.195
1.097
1.101
0.996
1.284
1.231
1.045
0.858
0.731
0.466
0.49
0.37
0.29
0.085
-0.045
-0.19
-0.499
-0.517
-0.706
-0.708
-0.594
-0.401
-0.369
-0.095
0.129
0.031
-0.251
-0.284
-0.219
-0.155
0.041
0.013
-0.089
-0.124
-0.129
-0.253
-0.036
-0.052
-0.129
-0.124
-0.26
-0.177
-0.113
-0.088
-0.08
-0.276
-0.041
-0.27
10.332
0.119
0.21
0.357
0.48
0.435
0.636
0.969
0.754
0.719
0.709
0.491
0.352
0.403
0.435
0.41
0.101
-0.026
0.223
0.129
-0.036
-0.088
-0.001
-0.354
-0.619
-0.691
-0.675
-0.62
-0.87
-0.821
-0.726
-0.749
-0.728
-0.745
-0.604
-0.588
-0.669
-0.68
-0.781
-0.911
-1.0
-0.711
-0.76
-0.586
-0.47
-0.57
-0.694
-0.802
-0.79
-0.826
-0.891
-0.814
-0.579
-0.448
-0.475
-0.48
-0.451
-0.885
-0.556
-0.345
-0.346
-0.179
0.115
-0.066
0.319
0.315
0.249
0.292
0.309
0.381
0.156
0.048
-0.051
-0.145
-0.221
-0.074
-0.014
-0.083
-0.085
-0.164
0.076
0.156
0.069
0.109
0.037
0.236
0.075
0.304
0.466
0.336
0.164
0.13
0.254
-0.007
-0.098
-0.179
-0.283
-0.75
-0.791
-1.022
-1.116
-1.505
-1.568
-1.715
-1.708
-1.636
-1.683
-1.71
-1.694
-1.611
-1.551
-1.691
-1.843
-1.829
-1.91
-2.12
-2.038
-1.866
-1.795
-1.958
-1.826
-1.586
-1.536
-1.37
-1.367
-1.126
-0.845
-0.856
-1.038
-0.677
-0.547
-0.384
-0.42
-0.307
-0.064
0.014
0.261
0.099
0.325
0.234
0.255
0.319
0.425
0.756
0.88
0.72
0.67
0.669
0.564
0.491
0.311
0.351
0.42
-10.336
0.24
0.256
0.235
0.199
0.079
0.367
0.432
0.547
0.72
0.675
0.646
0.621
0.495
0.458
0.52
0.318
0.234
0.299
0.344
0.36
0.019
0.1
-0.094
-0.031
0.19
0.279
0.393
0.217
0.355
0.404
0.439
0.566
0.8
0.989
0.576
0.239
0.014
-0.08
-0.242
0.2
0.184
0.212
0.581
0.343
0.22
-0.174
-0.422
-0.78
-0.589
-0.838
-0.787
-0.996
-1.035
-1.397
-1.354
-1.325
-1.074
-0.941
-0.699
-0.566
-0.744
-0.733
-0.738
-0.736
-0.734
-0.764
-0.656
-0.481
-0.689
-0.44
-0.669
-0.425
-0.206
0.022
-0.109
-0.316
-0.465
-0.685
-0.633
-0.65
-0.749
-0.634
-0.398
-0.415
-0.541
-0.55
-0.736
-0.64
-0.561
-0.652
-0.657
-0.609
-0.583
-0.874
-0.738
-0.49
-0.578
-0.179
0.039
0.238
0.14
0.284
0.411
0.305
0.261
0.362
0.375
0.323
0.169
0.364
0.338
0.491
0.481
0.601
0.635
0.432
0.419
0.519
0.625
0.459
0.532
0.527
0.714
0.562
0.787
0.851
0.989
0.944
0.88
0.974
0.996
1.031
1.04
1.061
1.054
1.062
1.299
1.336
1.502
1.472
1.491
1.008
1.059
1.103
1.351
1.548
1.456
1.461
1.221
0.93
0.681
0.586
0.765
0.713
0.897
1.021
1.006
0.824
0.889
0.666
0.44
0.562
0.374
0.361
0.104
-0.095
-0.037
-0.028
-0.026
-0.061
-0.07
0.077
0.198
0.03
0.263
0.18
0.177
0.346
0.185
-0.159
-0.18
-0.062
0.006
-0.141
0.351
0.616
0.446
0.475
0.726
0.65
0.695
0.816
0.854
0.975
1.284
1.199
1.226
1.134
1.421
1.464
1.541
1.589
1.51
1.318
1.236
1.401
1.311
1.381
1.48
1.423
0.959
0.799
0.526
0.435
0.421
0.441
0.242
0.011
-0.211
-0.086
-0.194
0.007
0.215
-0.156
-0.066
0.139
0.275
0.411
0.316
0.579
0.47
0.545
0.414
0.489
0.906
0.735
0.929
1.127
1.204
1.4
1.04
1.234
1.355
1.525
1.394
1.679
1.706
1.52
1.524
1.424
1.083
1.149
1.167
0.979
0.949
1.018
0.98
1.111
1.024
1.011
1.265
1.472
1.326
1.123
0.766
0.771
0.515
0.357
0.17
0.381
0.275
0.417
0.881
0.64
0.546
0.561
0.285
0.177
0.138
0.048
-0.271
-0.35
-0.334
-0.564
-0.583
-0.685
-0.772
-0.743
-0.5
-0.7
-0.781
-0.819
-0.676
-0.806
-0.745
-0.777
-0.81
-0.662
-0.709
-0.519
-0.333
-0.307
-0.413
-0.552
-0.758
-0.859
-0.741
-0.691
-0.63
-0.344
-0.361
-0.151
-0.229
-0.324
-0.27
-0.281
-0.278
-0.058
-0.166
-0.23
-0.181
-0.375
-0.271
-0.16
0.04
0.21
0.054
0.212
0.273
0.139
0.394
0.292
0.489
0.395
0.381
0.329
0.364
0.469
0.399
0.535
0.52
0.424
0.212
0.138
0.122
-0.379
-0.394
-0.241
-0.26
-0.333
-0.63
-0.623
-0.975
-0.891
-0.96
-0.888
-0.619
-0.605
-0.584
-0.699
-0.96
-1.026
-0.82
-0.659
-0.574
-0.65
-0.594
-0.594
-0.593
-0.759
-0.931
-1.079
-0.978
-0.932
-0.77
-0.569
-0.414
-0.35
-0.259
-0.246
-0.206
0.015
0.11
0.113
0.3
0.268
0.302
0.401
0.453
0.17
-0.074
-0.271
-0.194
-0.416
-0.464
-0.489
-0.356
-0.365
-0.284
-0.785
-0.781
-0.805
-0.729
-0.921
-0.885
-0.951
-0.996
-0.615
-0.765
-0.724
-0.652
-0.584
-0.438
-0.394
-0.381
-0.355
-0.487
-0.41
-0.366
-0.325
-0.131
-0.343
-0.06
0.025
-0.039
0.199
-0.089
-0.003
-0.16
-0.061
-0.325
-0.486
-0.68
-0.86
-0.976
-0.86
-0.806
-0.628
-0.58
-0.634
-0.73
-0.801
-0.541
-0.614
-0.598
-0.532
-0.771
-0.459
-0.61
-0.578
-0.349
-0.534
-0.568
-0.474
-0.388
-0.152
-0.014
0.211
0.46
0.542
0.432
0.641
0.616
0.719
0.6
0.492
0.361
0.455
0.724
0.787
0.701
0.545
0.883
0.486
0.481
0.429
0.456
0.333
0.456
0.338
0.44
0.348
0.173
0.263
0.185
0.251
0.086
0.085
-0.164
-0.225
-0.17
-0.076
0.006
-0.009
-0.215
-0.209
-0.223
0.031
-0.014
0.072
0.088
0.022
0.279
0.088
-0.041
0.217
0.155
0.051
-0.035
-0.311
-0.396
-0.484
-0.383
-0.453
-0.328
-0.161
-0.094
0.049
0.242
0.069
-0.034
-0.188
-0.206
-0.461
-0.611
-0.659
-0.699
-0.578
-0.699
-0.588
-0.594
-0.486
-0.372
-0.328
-0.468
-0.436
-0.451
-0.366
-0.266
-0.211
-0.124
-0.155
-0.398
-0.426
-0.666
-0.761
-0.69
-0.812
-0.764
-0.794
-0.756
-0.751
-0.649
-0.388
-0.372
-0.069
-0.122
-0.014
-0.072
-0.253
-0.062
0.28
0.295
0.471
0.386
0.343
0.356
0.359
0.331
0.323
0.381
0.376
0.524
0.2
-0.164
0.094
0.029
0.268
0.18
0.33
0.508
0.343
0.226
-0.062
-0.151
-0.188
-0.122
0.176
-0.009
0.338
0.159
0.071
0.103
0.092
0.033
0.091
0.184
0.171
0.299
0.495
0.444
0.569
0.744
0.936
0.88
0.863
0.828
0.984
0.915
0.527
0.524
0.604
0.334
0.336
0.336
0.279
0.215
0.4
0.304
0.305
0.465
0.471
0.726
0.547
0.139
0.29
0.482
0.726
0.916
1.089
1.011
0.94
1.036
1.076
1.14
1.24
1.251
1.106
1.026
1.262
1.239
1.17
0.96
0.904
0.825
0.836
1.025
0.855
0.784
0.73
0.772
0.821
0.904
0.99
1.073
1.123
0.955
1.065
1.054
1.248
1.274
1.272
1.262
1.26
1.141
0.939
0.876
1.052
0.856
0.603
0.545
0.371
0.599
0.611
0.696
0.949
0.921
0.781
0.659
0.562
0.693
0.769
0.888
1.124
1.133
1.264
1.234
1.071
1.031
0.608
0.635
0.6
0.535
0.854
0.686
0.682
0.478
0.359
0.398
0.315
0.4
0.291
0.514
0.3
0.155
0.198
-0.025
0.066
0.113
0.169
0.13
0.101
0.128
0.12
0.033
0.114
0.305
0.419
0.481
0.492
0.557
0.615
0.79
0.431
0.276
0.147
-0.043
-0.061
-0.055
0.069
0.086
0.25
0.173
0.253
0.376
0.391
0.245
0.019
0.219
0.039
0.041
0.061
0.031
-0.154
-0.508
-0.471
-0.473
-0.451
-0.804
-0.552
-0.393
-0.669
-0.623
-0.811
-0.739
-0.583
-0.329
-0.212
-0.351
-0.384
-0.212
-0.246
-0.446
-0.49
-0.566
-0.656
-0.714
-0.645
-0.623
-0.624
-0.745
-0.599
-0.312
-0.334
-0.35
-0.152
-0.158
-0.263
-0.345
-0.522
-0.39
-0.443
-0.515
-0.682
-0.711
-0.701
-0.73
-0.521
-0.501
-0.189
-0.04
-0.055
0.141
0.27
0.223
0.236
0.264
0.099
0.152
0.344
0.445
0.32
0.386
0.432
0.421
0.704
0.53
0.325
0.425
0.168
0.251
0.326
0.388
0.239
0.098
0.255
0.119
-0.07
-0.263
-0.211
-0.331
-0.464
-0.324
-0.458
-0.578
-0.333
-0.434
-0.261
-0.111
-0.31
-0.276
-0.191
-0.335
-0.41
-0.146
-0.271
-0.269
-0.294
-0.508
-0.868
-1.062
-1.26
-1.062
-0.875
-0.64
-0.794
-0.615
-0.608
-0.758
-0.775
-0.914
-0.973
-0.931
-0.734
-0.474
-0.593
-0.595
-0.863
-1.231
-1.091
-0.944
-0.591
-0.512
-0.205
-0.279
-0.366
-0.32
-0.42
-0.291
-0.199
-0.149
-0.275
0.1
-0.169
0.037
0.259
0.239
0.238
0.03
0.185
0.328
0.479
0.503
0.755
0.436
0.193
0.492
0.125
0.139
-0.116
-0.19
-0.314
-0.18
-0.279
-0.331
-0.425
-0.565
-0.367
-0.411
-0.375
-0.354
-0.163
-0.171
-0.569
-0.549
-0.244
-0.151
-0.173
-0.389
-0.261
-0.258
-0.352
-0.406
-0.604
-0.525
-0.84
-0.87
-0.71
-0.704
-0.861
-0.77
-0.792
-0.438
-0.674
-0.68
-0.529
-0.616
-0.557
-0.531
-0.468
-0.688
-0.375
-0.286
-0.425
-0.374
-0.114
-0.152
-0.191
-0.124
-0.074
-0.431
-0.356
-0.266
-0.133
0.05
0.159
0.21
0.118
0.316
0.044
-0.029
0.357
0.573
0.733
0.812
0.769
0.571
0.434
0.555
0.619
0.662
0.614
0.349
0.362
0.191
0.065
0.036
-0.191
-0.16
-0.286
-0.369
-0.468
-0.409
-0.633
-0.728
-0.71
-0.854
-0.976
-1.015
-1.323
-1.161
-1.001
-0.645
-0.44
-0.253
-0.299
-0.284
-0.196
-0.175
-0.238
-0.079
0.155
0.364
0.238
0.265
0.22
0.386
0.469
0.608
0.504
0.411
0.647
0.829
0.902
0.895
1.115
1.189
1.201
0.889
0.999
0.797
0.639
0.212
0.318
0.286
0.106
0.166
-0.015
0.176
0.118
0.015
-0.107
0.081
-0.181
-0.23
-0.19
-0.286
-0.4
-0.281
-0.351
-0.247
-0.285
-0.497
-0.506
-0.503
-0.276
-0.105
0.242
0.193
0.256
0.319
0.403
0.624
0.395
0.115
0.13
0.005
0.15
0.2
0.216
0.139
0.233
0.345
0.484
0.52
0.516
0.562
0.551
0.718
0.731
0.761
0.723
0.716
0.566
0.714
0.979
0.956
0.975
0.629
0.547
0.107
0.121
0.235
-0.015
0.058
0.106
0.088
0.1
0.146
0.4
0.506
0.539
0.729
1.021
1.245
1.315
1.403
1.171
1.199
1.444
1.258
1.279
1.276
1.276
1.298
1.44
1.42
1.37
1.56
1.675
1.914
1.931
1.732
1.68
1.576
1.539
1.485
1.434
1.649
1.809
1.616
1.729
1.61
1.542
1.474
1.123
1.209
1.23
1.052
0.961
1.137
1.151
1.147
0.85
0.725
0.802
0.964
0.941
0.769
-0.916
0.608
0.535
0.32
0.21
0.126
0.386
0.792
0.873
0.949
1.084
0.929
0.794
0.454
0.429
0.095
0.194
0.427
0.299
0.514
0.559
0.596
0.526
0.346
0.095
-0.021
-0.033
-0.26
-0.264
-0.581
-0.223
-0.075
0.001
0.009
-0.105
-0.061
-0.635
-0.725
-0.6
-0.539
-0.355
10.332
-0.083
0.01
-0.413
-0.649
-1.065
-0.988
-1.026
-0.864
-0.875
-0.828
-0.879
-0.863
-0.68
-0.641
-0.486
-0.517
-0.705
-0.714
-0.401
-0.244
-0.076
0.004
0.061
0.16
-0.331
-0.069
0.096
0.044
-0.071
-0.186
-0.297
-0.417
-0.208
-0.09
-0.125
-0.236
0.139
0.52
0.56
0.526
0.601
0.865
0.849
0.744
0.559
0.438
0.33
0.471
0.475
0.519
0.539
0.854
0.566
0.416
0.53
-0.575
0.118
0.12
0.072
0.041
0.046
-0.059
0.165
0.083
-0.001
-0.011
-0.037
0.03
-0.295
-0.242
-0.107
-0.169
-0.194
-0.212
-0.212
-0.17
0.173
0.168
-0.072
-0.309
-0.186
-0.009
-0.189
-0.065
-0.141
-0.31
-0.193
-0.13
-0.03
-0.009
-0.175
-0.221
-0.391
-0.42
-0.516
-0.689
-0.856
-1.01
-0.96
-0.949
-1.048
-0.782
-0.846
-0.568
-0.665
-0.604
-0.453
-0.588
-0.461
-0.596
-0.61
-0.652
-0.586
-0.362
-0.536
-0.208
-0.495
-0.305
-0.284
-0.357
-0.325
-0.474
-0.492
-0.271
-0.098
-0.022
0.1
0.011
0.3
0.42
0.393
0.514
0.396
0.438
0.451
0.682
0.652
0.46
0.584
0.735
0.825
0.999
0.801
0.682
0.735
0.671
0.32
-0.105
-0.05
-0.065
-0.229
-0.021
-0.424
-0.581
-0.527
-0.646
-0.705
-0.704
-0.804
-0.718
-0.758
-0.886
-0.973
-1.183
-1.195
-1.163
-0.981
-0.79
-0.503
-0.48
-0.506
-0.537
-0.57
-0.39
-0.346
-0.323
-0.364
-0.464
-0.331
-0.086
-0.048
0.253
0.371
0.659
0.575
0.576
0.583
0.451
0.212
-0.111
-0.075
-0.07
0.007
-0.217
-0.205
-0.352
-0.49
-0.552
-0.516
-0.551
-0.557
-0.455
-0.664
-0.682
-0.734
-0.796
-1.154
-1.018
-1.13
-1.08
-0.93
-0.672
-0.87
-0.689
-0.512
-0.552
-0.31
-0.29
-0.094
0.1
0.12
-0.154
-0.359
-0.357
-0.464
-0.369
-0.341
-0.143
-0.169
-0.318
-0.501
-0.448
-0.479
-0.522
-0.391
-0.354
-0.478
-0.246
-0.251
-0.205
-0.059
0.024
-0.028
0.091
-0.001
-0.336
-0.249
-0.386
-0.586
-0.698
-0.664
-0.391
-0.32
-0.193
-0.17
-0.349
-0.334
-0.501
-0.585
-0.336
-0.211
-0.061
0.085
0.173
0.2
0.152
-0.051
0.083
0.198
0.491
0.522
0.464
0.429
0.318
0.17
-0.14
0.115
0.299
0.524
0.499
0.506
0.459
0.38
0.521
0.734
0.614
0.461
0.346
0.549
0.471
0.323
0.246
0.254
0.19
0.312
0.463
0.465
0.458
0.234
0.104
0.295
0.256
0.169
0.173
0.352
0.359
0.552
0.161
-0.05
-0.104
-0.026
0.289
0.15
0.22
0.314
-0.058
-0.136
-0.196
-0.456
-0.557
-0.45
-0.39
-0.354
-0.176
0.035
0.069
-0.011
0.035
0.056
0.175
-0.003
0.094
-0.085
0.0
0.15
0.115
0.18
0.217
0.348
0.38
0.43
0.579
0.657
0.758
0.791
0.775
0.91
0.786
0.946
1.062
0.93
1.361
1.09
1.403
1.498
1.711
1.508
1.417
1.532
1.512
1.31
0.979
0.796
0.584
0.536
0.515
0.735
0.795
0.785
0.995
1.032
1.208
1.268
1.188
1.251
1.125
0.984
0.941
1.101
1.137
1.215
1.238
1.36
1.318
1.3
1.135
1.073
0.859
0.728
0.535
0.341
-0.015
0.134
0.182
0.181
0.247
0.517
0.781
0.531
0.296
0.072
-0.085
-0.395
-0.24
-0.193
-0.136
0.071
0.223
0.414
0.241
0.163
0.031
-0.037
-0.234
-0.654
-0.532
-0.424
-0.126
-0.039
0.107
-0.039
0.143
0.164
0.199
0.136
0.341
0.41
0.19
0.203
-0.001
-0.052
-0.103
-0.085
-0.15
0.083
0.185
-0.001
-0.394
-0.512
-0.372
-0.299
-0.19
-0.318
-0.175
-0.025
-0.223
-0.351
-0.357
-0.369
-0.085
-0.134
0.297
-0.13
-0.15
-0.396
-0.372
-0.506
-0.143
-0.09
0.022
0.04
0.034
-0.131
-0.07
0.141
0.036
0.351
0.149
-0.098
0.186
0.155
0.149
0.056
0.155
-0.115
-0.083
-0.066
-0.25
-0.08
0.006
0.21
0.069
0.06
0.23
0.09
0.09
0.061
0.039
0.083
-0.034
-0.07
-0.099
-0.134
-0.284
-0.772
-0.721
-0.703
-0.88
-0.909
-0.964
-1.08
-1.011
-1.448
-1.255
-10.336
-0.93
-0.954
-0.876
-0.864
-0.651
-0.688
-0.38
-0.689
-0.319
-0.136
-0.163
-0.245
-0.288
-0.311
-0.349
-0.245
-0.417
-0.056
-0.059
0.003
-0.035
-0.037
0.121
0.351
0.524
0.441
0.521
0.356
0.432
0.284
0.478
0.51
0.635
0.56
0.486
0.644
0.531
0.677
0.642
0.509
0.57
0.655
0.474
0.292
0.075
0.101
0.434
0.234
-0.044
-0.101
-0.062
-0.31
-0.136
-0.176
-0.01
-0.104
-0.175
-0.33
-0.565
-0.326
-0.307
-0.074
0.114
0.278
0.163
0.179
-0.164
-0.485
-0.688
-0.336
-0.08
-0.307
-0.266
-0.406
-0.514
-0.292
-0.283
-0.166
-0.133
-0.21
-0.15
-0.03
-0.171
-0.028
0.219
0.305
0.251
0.138
0.176
0.273
0.491
0.354
0.193
0.264
0.081
0.055
0.26
-0.324
-0.14
-0.285
-0.393
-0.496
-0.657
-0.733
-0.685
-0.561
-0.56
-0.394
-0.695
-0.561
-0.729
-0.829
-0.71
-1.01
-1.034
-0.914
-1.055
-1.032
-0.859
-0.606
-0.53
-0.35
-0.391
-0.481
-0.509
-0.609
-0.495
-0.39
-0.394
-0.343
-0.357
-0.285
-0.24
-0.247
-0.244
-0.075
-0.077
-0.155
-0.104
-0.214
-0.391
-0.568
-0.896
-0.964
-0.779
-0.796
-0.268
-0.6
-0.573
-0.463
-0.295
-0.305
-0.426
-0.198
-0.121
-0.124
-0.14
-0.083
-0.083
-0.086
0.095
0.255
0.304
0.168
0.306
0.355
0.151
0.052
-0.263
-0.018
-0.199
-0.088
-0.255
-0.084
-0.289
-0.254
-0.144
-0.099
-0.024
0.062
0.245
0.291
0.175
0.114
0.156
0.283
0.47
0.554
0.698
1.066
0.87
0.578
0.641
0.735
0.603
0.487
0.595
0.473
0.66
0.362
0.18
0.066
-0.089
-0.134
-0.075
-0.115
-0.181
-0.278
-0.296
-0.335
-0.512
-0.616
-0.642
-0.571
-0.352
-0.217
-0.216
-0.145
-0.223
-0.411
-0.27
-0.159
-0.05
0.075
0.12
0.278
0.375
0.48
0.624
0.838
0.511
0.67
0.85
1.149
1.288
1.619
1.945
2.049
1.968
1.953
2.051
2.234
2.164
2.188
2.016
1.788
1.791
2.101
1.32
1.646
1.826
1.573
1.569
1.385
1.225
1.005
0.84
0.755
0.665
0.649
0.481
0.158
-0.07
-0.031
-0.144
-0.111
-0.092
-0.174
0.13
0.399
0.294
0.389
0.261
0.18
0.261
0.355
0.166
0.312
0.54
0.244
0.329
0.546
0.544
0.468
0.615
0.905
0.682
0.726
0.696
0.814
0.943
0.623
0.557
0.521
0.411
0.47
0.657
0.296
0.399
0.481
0.416
0.194
0.111
-0.037
0.031
0.035
-0.09
0.003
0.163
0.256
0.22
0.214
0.362
0.161
0.439
0.036
0.239
-0.085
-0.095
-0.084
0.0
0.177
0.494
0.625
0.526
0.545
0.211
0.258
0.259
0.066
0.236
0.276
0.47
0.774
0.781
1.026
0.875
0.844
0.633
0.534
0.4
0.184
-0.086
-0.268
-0.025
-0.15
0.196
0.025
0.208
0.17
-0.011
0.075
-0.013
0.034
0.422
0.141
0.181
-0.186
-0.537
-0.588
-0.343
-0.506
-0.439
-0.421
-0.045
-0.044
-0.037
0.028
0.19
0.231
0.2
-0.119
0.028
-0.24
-0.385
-0.138
-0.215
-0.065
0.165
0.193
0.336
0.059
-0.168
-0.253
-0.179
-0.006
-0.074
-0.1
0.193
0.101
-0.079
-0.217
-0.091
-0.065
-0.103
-0.145
0.103
-0.164
-0.168
-0.311
-0.527
-0.416
-0.504
-0.376
-0.348
-0.491
-0.389
-0.46
-0.276
-0.189
-0.146
-0.491
-0.389
-0.434
-0.556
-0.761
-0.744
-0.883
-0.721
-0.889
-0.674
-0.698
-0.638
-0.631
-0.466
-0.306
-0.404
-0.297
-0.319
-0.254
-0.165
0.061
0.2
-0.039
0.156
-0.302
-0.573
-0.414
-0.485
-0.074
0.04
-0.011
-0.034
-0.158
-0.318
-0.636
-0.388
-0.797
-0.357
-0.24
-0.346
-0.441
-0.485
-0.309
-0.182
-0.058
-0.098
-0.116
-0.168
-0.1
-0.075
0.294
0.395
0.121
0.076
0.224
0.124
0.271
0.59
0.511
0.642
0.394
0.489
0.359
0.422
0.439
0.619
0.775
0.584
0.855
0.974
0.491
0.591
0.263
0.268
0.219
0.085
0.034
0.072
0.251
-0.107
-0.004
0.001
-0.128
-0.273
-0.201
-0.471
-0.676
-0.588
-0.615
-0.425
-0.26
-0.375
-0.371
-0.366
-0.426
-0.331
-0.253
-0.185
-0.212
-0.138
-0.216
0.037
-0.146
-0.028
-0.333
-0.326
-0.468
-0.522
-0.609
-0.794
-0.62
-0.66
-0.504
-0.43
-0.588
-0.27
-0.32
0.005
-0.116
0.037
-0.014
-0.109
-0.268
-0.339
-0.205
-0.266
-0.046
0.045
0.269
0.103
-0.049
0.06
0.037
0.346
0.318
0.305
-0.103
-0.019
-0.02
0.036
0.291
0.164
0.139
0.13
0.188
0.111
0.215
0.144
0.215
0.088
0.075
0.074
-0.268
-0.276
-0.182
-0.264
-0.411
-0.367
-0.329
-0.591
-0.679
-0.633
-0.586
-0.529
-0.439
-0.359
-0.266
-0.406
-0.531
-0.471
-0.636
-0.654
-0.636
-0.672
-0.927
-0.985
-0.912
-0.6
-0.283
-0.046
-0.113
-0.071
-0.122
-0.13
-0.106
-0.139
-0.159
0.001
0.114
-0.054
0.071
0.139
0.196
0.284
0.335
0.22
0.121
0.285
0.318
0.045
0.264
-0.031
-0.086
-0.056
-0.151
-0.086
-0.099
-0.182
-0.074
0.193
0.05
-0.064
-0.075
-0.085
0.081
-0.152
-1.48
0.152
0.185
0.035
0.074
0.099
0.124
0.095
0.294
0.371
0.383
0.485
0.408
0.524
0.478
0.403
0.28
0.242
0.32
0.595
0.456
0.512
0.341
0.331
0.364
0.393
0.284
0.083
0.168
0.105
-0.085
-0.024
0.091
0.076
0.361
0.323
0.525
0.448
0.682
0.75
0.642
0.739
0.644
0.681
0.5
0.413
0.408
0.516
0.276
0.519
0.435
0.647
0.588
0.491
0.45
0.405
0.376
0.469
0.685
0.696
0.525
0.605
0.445
0.399
0.446
0.57
0.53
0.482
0.355
0.841
0.405
0.451
0.264
0.345
0.535
0.618
0.72
0.875
1.165
0.991
1.25
1.466
1.341
1.468
1.42
1.519
1.371
1.534
1.69
1.456
1.221
1.2
1.226
1.325
1.334
1.319
1.141
1.285
1.325
1.367
0.927
0.709
0.55
0.799
0.721
0.556
0.848
0.321
0.459
0.614
0.595
0.41
0.354
0.245
0.273
0.29
0.464
0.344
0.324
0.55
0.544
0.812
1.046
0.802
0.939
0.614
0.594
0.55
0.348
0.16
-0.096
-0.208
-0.17
0.077
-0.103
-0.045
-0.421
-0.487
-0.438
-0.461
-0.444
-0.556
-0.639
-0.725
-0.765
-0.634
-0.512
-0.44
-0.273
-0.152
-0.208
-0.291
-0.399
-0.244
-0.261
-0.526
-0.286
-0.28
-0.116
0.061
-0.211
-0.111
-0.105
0.022
-0.432
-0.574
-0.672
-0.689
-0.899
-0.758
-1.005
-0.989
-0.78
-0.761
-0.809
-0.883
-0.642
-0.698
-0.796
-0.696
-0.708
-0.545
-0.521
-0.474
-0.374
-0.309
-0.076
0.285
0.355
0.422
0.479
0.431
0.429
0.25
0.264
0.385
0.36
0.268
0.405
0.374
0.456
0.268
0.319
0.495
0.321
0.312
0.378
0.254
0.26
0.099
-0.101
-0.131
-0.171
-0.212
-0.081
0.044
0.16
0.152
0.083
0.38
0.249
0.312
0.109
0.103
0.13
-0.007
0.186
0.27
0.492
0.618
0.875
1.062
1.093
0.935
0.839
0.608
0.691
0.61
0.323
0.121
0.118
0.158
0.101
0.154
-0.022
-0.08
-0.235
-0.328
-0.409
-0.555
-0.591
-0.682
-0.718
-0.758
-1.149
-1.218
-1.417
-1.558
-1.651
-1.591
-1.499
-1.498
-1.423
-1.326
-1.185
-0.846
-0.792
-0.584
-0.584
-0.554
-0.611
-0.7
-1.039
-1.269
-0.955
-0.819
-0.879
-0.514
-0.386
-0.348
-0.357
-0.147
-0.128
-0.115
-0.086
-0.015
0.02
-0.169
-0.3
-0.276
-0.279
-0.144
-0.175
-0.014
-0.052
-0.095
-0.164
-0.019
0.024
0.171
0.288
-0.033
-0.195
-0.247
-0.621
-0.571
-0.522
-0.542
-0.479
-0.314
-0.331
-0.315
-0.206
-0.138
-0.211
-0.306
-0.273
-0.305
-0.381
-0.088
-0.268
-0.04
0.081
0.151
0.399
0.425
0.51
0.466
0.451
0.522
0.468
0.586
0.682
0.545
0.581
0.541
0.044
-0.184
-0.305
-0.431
-0.623
-0.616
-0.694
-0.59
-0.776
-1.019
-0.934
-0.996
-0.911
-0.812
-0.955
-0.854
-0.925
-0.716
-0.871
-0.745
-0.556
-0.534
-0.379
-0.38
-0.386
-0.383
-0.556
-0.369
-0.48
-0.361
-0.616
-0.424
-0.556
-0.531
-0.564
-0.614
-0.559
-0.316
-0.109
-0.174
-0.049
0.098
0.266
0.324
0.152
0.028
0.129
-0.086
-0.179
-0.14
0.106
0.095
0.113
0.417
0.2
0.286
0.15
0.004
-0.083
-0.196
0.089
0.146
0.276
0.314
0.544
0.561
0.33
0.395
0.306
0.315
0.486
0.57
0.826
0.809
0.801
0.87
0.854
1.106
0.944
0.75
0.994
1.046
0.893
0.897
0.855
0.814
0.909
0.999
1.179
1.401
1.488
1.674
1.758
1.73
1.981
1.829
1.873
1.731
1.709
1.611
1.278
1.33
0.904
0.782
0.529
0.485
1.369
0.315
0.554
0.603
0.511
0.453
0.417
0.49
0.526
0.265
0.424
0.41
0.26
0.38
0.352
0.438
0.364
0.532
0.456
0.389
0.492
0.209
0.138
0.04
0.165
0.264
0.043
0.081
0.22
0.281
0.294
0.175
0.203
-0.054
-0.049
-0.101
-0.219
-0.311
-0.463
-0.593
-0.495
-0.155
-0.15
-0.084
0.007
-0.36
-0.551
-0.101
-0.094
0.051
0.228
0.311
0.586
0.631
0.593
0.698
0.709
0.706
0.875
1.11
1.075
1.085
1.103
1.145
1.5
1.285
1.366
1.364
1.229
1.286
1.095
0.861
0.708
0.638
0.576
0.556
0.492
0.924
0.936
0.796
0.652
0.69
0.491
0.22
0.251
0.14
-0.05
-0.054
0.003
0.271
0.274
0.146
0.128
0.094
0.085
-0.004
-0.235
-0.565
-0.435
-0.48
-0.515
-0.504
-0.279
