0.701
0.685
0.902
0.635
0.369
0.278
0.443
0.3
0.491
0.455
0.696
0.708
0.801
0.716
0.843
0.84
1.071
1.246
1.265
1.335
1.495
1.56
1.603
1.548
1.464
1.482
1.433
1.44
1.51
1.468
1.21
1.214
1.049
0.994
1.169
1.014
1.194
1.024
1.064
0.81
0.66
0.745
0.455
0.698
0.818
0.753
0.891
0.56
0.411
0.426
0.432
0.389
0.419
0.275
0.494
0.173
0.273
0.269
0.263
0.242
0.268
0.501
0.53
0.537
0.588
0.671
0.756
0.701
0.736
0.805
0.85
0.946
0.865
0.839
0.63
0.729
0.636
0.669
0.76
0.864
0.79
0.904
0.799
0.826
0.961
1.09
0.926
0.809
0.739
0.719
0.693
0.459
0.273
0.644
0.459
0.829
0.47
0.389
0.557
0.515
0.465
0.615
0.693
0.76
0.74
0.691
0.84
0.964
1.13
1.393
1.255
1.364
1.354
1.399
1.566
1.393
1.531
1.688
1.506
1.542
1.499
1.364
1.302
1.262
1.361
1.31
1.25
1.204
1.061
1.055
0.91
0.84
0.815
0.671
0.73
0.812
0.696
0.629
0.579
0.311
0.406
0.411
0.306
0.444
0.174
0.104
0.348
0.191
0.09
0.149
0.376
0.647
0.639
0.74
0.657
0.426
0.315
0.191
-0.016
0.001
-0.037
-0.349
-0.514
-0.605
-0.574
-0.461
-0.496
-0.184
0.007
0.24
0.158
0.15
0.331
0.149
0.049
0.191
0.254
0.471
0.7
0.929
1.157
1.154
1.083
1.214
1.218
1.149
0.971
0.851
0.566
0.417
0.726
0.749
0.629
0.751
0.656
0.56
0.469
0.019
0.074
-0.283
-0.436
-0.561
-0.738
-0.777
-0.635
-0.79
-0.812
-0.802
-0.676
-0.89
-0.789
-0.501
-0.44
-0.422
-0.24
-0.114
-0.056
-0.206
-0.417
-0.524
-0.489
-0.19
-0.239
-0.314
-0.089
0.076
0.088
0.052
0.203
0.177
-0.001
0.0
-0.055
-0.026
0.124
0.16
0.152
0.201
0.099
-0.033
-0.128
-0.235
-0.376
-0.468
-0.652
-0.772
-0.65
-0.86
-0.795
-0.854
-0.812
-0.605
-0.598
-0.667
-0.823
-0.821
-1.039
-0.926
-0.633
-0.469
-0.348
-0.279
-0.471
-0.414
-0.565
-0.765
-0.874
-0.646
-0.463
-0.52
-0.505
-0.506
-0.422
-0.545
-0.655
-0.593
-0.371
-0.439
-0.265
-0.254
-0.338
-0.485
-0.4
-0.306
-0.221
-0.339
-0.399
-0.463
-0.494
-0.576
-0.535
-0.484
-0.417
-0.164
-0.003
0.242
0.255
0.059
0.092
0.144
0.194
0.164
0.09
0.169
0.128
0.255
0.113
0.096
-0.121
0.052
-0.021
0.058
0.076
-0.099
-0.013
-0.071
-0.212
-0.286
-0.268
-0.351
-0.376
-0.279
-0.086
0.065
0.004
-0.344
-0.069
-0.133
-0.198
-0.106
-0.168
-0.072
0.054
0.029
0.106
0.258
0.072
-0.175
-0.188
-0.1
-0.165
-0.432
-0.579
-0.802
-0.936
-1.026
-1.04
-1.356
-1.194
-1.215
-1.26
-1.351
-1.476
-1.512
-1.6
-1.877
-1.681
-1.641
-1.39
-1.499
-1.461
-1.254
-1.258
-0.956
-0.805
-0.576
-0.751
-0.618
-0.49
-0.438
-0.378
-0.155
-0.135
0.122
0.432
0.265
0.443
0.315
0.345
0.455
0.354
0.429
-1.921
0.51
0.321
0.271
0.176
0.074
0.013
0.156
0.284
0.463
0.39
0.31
0.086
0.026
0.186
-0.346
-0.28
-0.417
-0.503
-0.334
-0.328
-0.316
-0.182
-0.309
-0.261
-0.216
-0.29
-0.345
-0.048
-0.014
-0.194
-0.253
-0.399
-0.321
-0.283
-0.253
-0.266
-0.258
-0.223
-0.005
-0.069
-0.13
-0.13
0.1
0.09
0.058
0.099
0.166
0.184
-0.016
0.08
0.242
0.159
0.26
0.309
0.264
0.182
0.149
0.026
0.11
0.116
0.346
0.343
0.235
0.339
0.173
-0.005
-0.029
0.014
0.07
0.17
0.129
0.1
0.173
0.184
0.0
0.181
0.094
-0.163
-0.251
-0.241
-0.23
-0.401
-0.4
-0.494
-0.48
-0.395
-0.324
-0.31
-0.335
-0.439
-0.374
-0.405
-0.292
-0.247
-0.194
-0.242
-0.217
-0.35
-0.119
-0.226
-0.046
-0.059
-0.015
0.236
0.307
0.27
0.451
0.436
0.448
0.341
0.333
0.417
0.395
0.551
0.497
0.286
0.31
0.374
0.413
0.591
0.436
0.61
0.596
0.422
0.361
0.089
0.198
-0.133
-0.129
-0.189
-0.211
-0.301
-0.436
-0.557
-0.386
-0.315
-0.231
-0.086
-0.168
-0.201
-0.271
-0.21
-0.37
-0.448
-0.184
-0.225
-0.07
-0.151
-0.291
0.06
-0.171
-0.4
-0.29
-0.266
-0.23
-0.136
0.11
0.139
0.069
0.147
0.186
0.182
0.365
0.505
0.537
0.27
0.3
0.336
0.16
0.238
0.255
0.276
0.408
0.404
0.391
0.319
0.206
0.241
0.16
0.161
-0.083
0.244
0.144
-0.044
-0.065
-0.173
-0.031
-0.12
-0.074
-0.075
0.0
0.088
0.193
0.198
0.152
0.371
0.512
0.465
0.439
0.096
0.045
-0.155
-0.354
-0.421
-0.431
-0.54
-0.519
-0.444
-0.414
-0.503
-0.454
-0.434
-0.62
-0.421
-0.611
-1.026
-0.68
-0.883
-0.774
-0.685
-0.526
-0.432
-0.364
-0.316
-0.309
-0.265
-0.185
-0.036
0.072
0.088
0.06
-0.163
-0.064
-0.039
0.107
0.092
0.219
0.424
0.44
0.525
0.35
0.549
0.351
0.344
0.241
0.088
-0.034
-0.065
0.044
0.086
0.196
0.119
0.191
0.088
0.095
0.069
-0.121
-0.176
-0.279
-0.404
-0.497
-0.594
-0.465
-0.246
-0.334
-0.111
-0.107
-0.1
-0.058
0.074
0.201
0.335
0.238
0.062
-0.126
-0.021
0.276
0.165
0.299
0.451
0.564
0.629
0.545
0.594
0.623
0.724
0.753
0.92
0.855
1.004
1.276
1.145
1.319
1.131
1.304
1.21
1.246
1.048
1.085
1.174
1.144
1.144
1.079
0.929
0.889
0.936
1.036
1.031
1.15
1.176
1.002
1.188
1.177
1.386
1.231
1.042
1.242
1.186
0.96
0.9
0.667
0.55
0.633
0.435
0.568
0.415
0.45
0.341
0.435
0.385
0.544
0.559
0.415
0.516
0.559
0.468
0.444
0.541
0.734
0.635
0.701
0.547
0.799
0.833
0.889
0.861
0.66
0.705
0.696
0.689
1.001
0.984
0.911
0.854
0.814
0.769
0.815
0.772
0.569
0.82
0.851
0.763
0.812
1.201
0.91
0.768
0.584
0.61
0.811
1.052
1.028
1.089
1.025
1.066
1.026
1.161
0.906
1.051
0.878
1.062
1.134
1.288
1.144
1.051
1.091
1.155
1.041
1.167
1.135
1.281
1.199
1.131
1.116
1.136
1.288
1.294
1.492
1.448
1.556
1.519
1.544
1.234
1.369
1.36
1.298
1.496
1.38
1.292
1.105
0.974
0.883
0.893
0.686
0.667
0.573
0.584
0.504
0.446
0.315
0.24
0.47
0.501
0.517
0.403
0.151
0.163
0.086
0.118
-0.133
-0.413
-0.449
-0.421
-0.28
-0.258
-0.214
-0.224
-0.416
-0.389
-0.642
-1.387
-0.974
-0.855
-1.039
-1.363
-1.081
-1.373
-1.221
-1.28
-1.532
-1.545
-1.444
10.332
-1.359
-1.019
-0.948
-1.004
-0.818
-0.758
-0.939
-1.016
-0.91
-0.946
-0.895
-0.85
-1.09
-0.994
-0.873
-0.93
-0.686
-0.544
-0.356
-0.296
-0.181
-0.15
-0.003
-0.216
-0.28
-0.205
-0.163
-0.091
-0.064
-0.085
-0.22
-0.219
-0.04
-0.052
-0.21
-0.045
-0.006
-0.084
0.0
0.069
-0.168
-0.125
0.244
0.22
0.338
0.18
0.179
0.119
0.163
0.15
0.128
0.1
-0.119
0.086
0.205
0.159
-0.034
0.14
0.265
0.189
-0.022
0.329
-0.021
-0.128
-0.089
-0.311
-0.276
-0.195
-0.228
-0.124
-0.186
-0.489
-0.403
-0.496
-0.405
-0.338
-0.406
-0.275
-0.339
-0.315
-0.384
-0.374
-0.296
-0.223
-0.246
0.006
0.088
0.189
0.147
-0.019
-0.048
-0.095
-0.07
-0.062
-0.299
-0.238
-0.346
-0.31
-0.309
-0.304
-0.398
-0.314
-0.163
-0.115
-0.33
0.006
-0.359
-0.335
-0.438
-0.54
-0.755
-0.614
-0.906
-1.014
-1.188
-1.241
-1.045
-1.189
-1.089
-0.934
-0.912
-0.875
-0.724
-0.56
-0.588
-0.516
-0.674
-0.674
-0.724
-0.703
-0.654
-0.562
-0.109
-0.283
-0.066
-0.194
-0.25
-0.083
-0.156
-0.076
-0.219
-0.388
-0.242
-0.18
-0.003
0.212
0.379
0.443
0.651
0.478
0.19
0.084
0.046
0.056
0.115
0.049
0.084
0.007
-0.176
-0.256
-0.427
-0.284
-0.504
-0.449
-0.508
-0.367
-0.552
-0.616
-0.562
-0.439
-0.396
-0.217
-0.374
-0.223
-0.306
-0.444
-0.316
-0.345
-0.165
-0.198
-0.158
-0.075
0.036
0.107
0.229
0.383
0.432
0.624
0.575
0.728
0.652
0.631
0.636
0.583
0.608
0.448
0.421
0.431
0.149
0.211
0.283
0.149
0.143
-0.018
0.149
-0.049
0.126
-0.136
-0.261
-0.194
-0.205
0.099
-0.174
-0.361
-0.426
-0.475
-0.694
-0.924
-1.054
-1.23
-1.278
-1.215
-1.05
-0.828
-0.805
-0.93
-0.946
-0.943
-0.885
-0.786
-0.654
-0.568
-0.479
-0.522
-0.496
-0.603
-0.304
-0.165
0.21
0.307
0.482
0.221
0.25
0.224
0.22
0.114
0.0
0.19
0.406
0.564
0.32
0.233
0.234
0.429
0.481
0.565
0.491
0.388
0.441
0.43
0.455
0.413
0.1
0.578
0.425
0.644
0.682
0.787
0.859
0.896
0.763
0.684
0.815
0.716
0.458
0.226
0.07
-0.22
-0.276
-0.37
-0.645
-0.63
-0.704
-0.525
-0.566
-0.833
-0.927
-0.855
-0.811
-0.78
-0.731
-0.821
-0.766
-0.696
-0.932
-1.099
-1.123
-1.024
-0.787
-0.586
-0.451
-0.33
-0.296
-0.251
-0.31
-0.519
-0.51
-0.398
-0.249
-0.44
-0.691
-0.463
-0.759
-0.552
-0.401
-0.481
-0.302
-0.515
-0.141
-0.259
-0.034
-0.069
-0.106
0.224
0.203
0.05
0.071
0.176
0.273
0.199
0.321
0.27
0.306
0.59
0.731
0.599
0.532
0.786
0.716
0.679
0.685
0.458
0.408
0.356
0.314
0.15
0.139
-0.095
-0.106
-0.143
-0.096
0.065
-0.061
-0.143
-0.321
-0.245
-0.297
-0.268
-0.194
-0.098
-0.104
0.189
-0.109
-0.064
-0.284
-0.37
-0.438
-0.666
-0.564
-0.736
-0.615
-0.618
-0.46
-0.18
-0.182
-0.146
-0.22
-0.236
-0.235
-0.2
-0.224
-0.228
-0.136
-0.333
-0.297
-0.291
-0.297
-0.297
-0.406
-0.51
-0.531
-0.566
-0.674
-0.585
-0.7
-0.603
-0.494
-0.64
-0.503
-0.575
-0.408
-0.296
-0.18
-0.044
-0.037
-0.121
-0.179
-0.107
0.04
0.217
0.364
0.485
0.326
0.424
0.263
0.128
0.146
0.259
0.59
0.638
0.591
0.615
0.471
0.527
0.824
0.7
0.833
0.833
0.508
0.89
0.848
0.919
1.045
0.948
1.15
1.052
1.304
1.194
1.375
1.31
1.369
1.294
1.218
1.231
1.062
0.951
0.714
0.669
0.816
0.79
0.819
0.679
0.562
0.647
0.354
0.156
0.275
0.244
0.318
0.547
0.478
0.605
0.544
0.557
0.679
0.802
0.72
0.746
0.86
0.777
0.733
0.88
1.034
0.998
0.771
0.792
0.924
1.051
1.214
1.38
1.441
1.479
1.304
1.34
1.274
1.335
1.33
1.266
1.341
1.186
1.265
0.968
0.97
0.825
0.895
0.979
0.995
1.075
1.21
1.31
1.522
1.515
1.449
1.439
1.39
1.524
1.665
1.69
1.77
1.63
1.369
1.613
1.18
1.269
1.381
1.189
1.459
1.549
1.559
1.65
1.542
1.711
1.529
1.869
1.698
1.581
1.766
1.614
1.739
1.64
1.699
1.2
1.046
0.76
0.611
0.449
0.374
0.544
0.616
0.536
0.335
0.305
0.302
0.126
0.196
0.2
0.268
0.596
0.662
0.421
0.465
0.479
0.479
0.23
0.238
-0.158
-0.125
-0.163
0.028
-0.058
-0.238
-0.185
-0.238
-0.113
-0.475
-0.496
-0.704
-0.57
-0.626
-0.718
-0.642
-0.584
-0.603
-0.459
-0.419
-0.386
-0.281
-0.616
-0.519
-0.315
-0.168
0.064
0.155
0.273
0.126
0.122
-0.095
-0.091
0.01
0.258
0.2
0.371
0.338
0.328
0.174
0.133
0.08
0.15
0.281
0.186
-0.04
-0.221
10.332
-0.247
-0.259
-0.292
-0.107
-0.454
-0.318
-0.414
-0.396
-0.542
-0.904
-1.005
-0.954
-0.93
-0.873
-0.796
-0.843
-0.776
-0.714
-0.573
-0.519
-0.36
-0.196
-0.564
-0.453
-0.704
-0.831
-0.77
-0.629
-0.667
-0.761
-0.691
-0.496
-0.555
-0.517
-0.542
-0.453
-0.454
-0.307
-0.242
-0.161
0.095
0.06
-0.021
0.115
0.119
0.096
0.21
0.101
0.235
-1.355
0.485
0.634
0.61
0.512
0.603
0.825
1.114
1.139
1.405
0.874
0.746
0.562
0.535
0.547
0.471
0.512
0.443
0.335
0.284
0.381
0.231
0.275
0.184
0.163
0.092
-0.005
-0.109
-0.515
-0.588
-0.912
-1.05
-0.945
-1.089
-0.863
-0.96
-1.029
-1.294
-1.173
-1.052
-1.05
-0.971
-1.14
-0.999
-0.975
-1.051
-0.848
-0.768
-0.787
-0.831
-0.66
-0.504
-0.451
-0.586
-0.615
-0.853
-0.853
-0.938
-1.052
-0.645
-0.781
-0.746
-0.734
-0.958
-0.736
-0.746
-0.845
-0.699
-0.736
-0.856
-1.116
-0.916
-1.001
-1.091
-1.109
-1.235
-1.12
-1.01
-1.127
-1.0
-0.688
-0.556
-0.356
-0.212
-0.445
-0.351
-0.565
-0.294
-0.255
-0.28
-0.066
0.165
0.215
-0.022
0.021
-0.01
0.143
0.14
0.233
0.176
0.291
0.309
0.315
0.255
0.181
0.39
0.659
0.406
0.22
0.385
0.208
0.177
0.151
0.254
0.229
0.239
0.219
0.17
0.045
0.196
0.245
0.344
0.283
0.315
0.362
0.526
0.474
0.454
0.326
0.369
0.366
0.182
0.049
0.024
0.006
-0.081
-0.005
0.08
0.2
0.035
0.143
0.036
0.217
0.264
0.263
0.427
0.441
0.404
0.391
0.304
0.116
0.154
-0.364
-0.139
-0.413
-0.352
-0.354
-0.585
-0.69
-0.473
-0.666
-0.644
-0.556
-0.521
-0.728
-0.578
-0.439
-0.453
-0.369
-0.295
-0.226
-0.129
-0.07
-0.066
0.184
0.205
0.051
0.345
0.438
0.753
0.619
0.824
0.721
0.655
0.864
0.667
0.65
0.718
0.814
0.784
0.733
0.725
0.745
0.735
0.578
0.611
0.534
0.354
0.408
0.335
0.141
-0.018
0.106
-0.092
-0.146
-0.1
-0.048
0.026
-0.109
-0.144
-0.385
-0.435
-0.614
-0.436
-0.455
-0.611
-0.539
-0.469
-0.489
-0.682
-0.496
-0.651
-0.628
-0.478
-0.585
-0.517
-0.676
-0.644
-0.784
-0.53
-0.346
-0.485
-0.265
-0.455
-0.343
-0.446
-0.236
-0.241
-0.314
-0.28
-0.035
-0.283
-0.386
-0.426
-0.521
-0.69
-0.621
-0.706
-0.411
-0.238
-0.106
-0.216
-0.254
-0.242
-0.296
-0.251
-0.075
-0.133
-0.268
-0.212
-0.341
-0.499
-0.464
-0.515
-0.458
-0.547
-0.59
-0.481
-0.426
-0.628
-0.744
-0.734
-0.623
-0.789
-0.733
-0.536
-0.386
-0.444
-0.596
-0.628
-0.503
-0.359
-0.356
-0.411
-0.33
-0.37
-0.504
-0.656
-0.71
-0.706
-0.639
-0.599
-0.446
-0.591
-0.603
-0.705
-0.661
-0.646
-0.609
-0.444
-0.562
-0.562
-0.641
-0.583
-0.504
-0.446
-0.495
-0.356
-0.39
-0.189
-0.335
-0.205
-0.173
0.041
0.206
0.114
0.244
0.386
0.328
0.285
0.292
0.431
0.436
0.234
0.335
0.421
0.569
0.479
0.804
0.74
0.684
0.897
0.85
0.855
0.85
0.993
0.899
0.932
0.915
0.886
1.189
1.252
1.356
1.414
1.4
1.391
1.43
1.443
1.625
1.599
1.637
1.308
1.526
1.561
1.137
1.363
1.395
1.079
0.994
1.2
0.848
0.784
0.721
0.741
0.771
0.915
0.902
0.893
0.856
0.909
0.861
0.79
0.721
0.77
0.876
0.804
0.585
0.633
0.411
0.497
0.396
0.531
0.409
0.27
0.333
0.39
0.455
0.359
0.519
0.606
0.905
0.88
0.895
1.083
0.94
0.96
1.04
1.091
1.171
1.115
1.222
1.093
1.129
1.153
0.945
0.944
0.974
0.82
0.598
0.95
1.042
1.216
1.11
0.983
0.94
0.86
0.713
0.784
0.824
1.089
1.116
1.265
1.44
1.43
1.459
1.426
1.519
1.731
1.67
1.67
1.73
1.424
1.379
1.113
1.005
0.743
0.642
0.709
0.444
0.765
0.861
0.938
0.836
0.711
0.554
0.19
-0.031
-0.336
-0.174
-0.271
-0.343
-0.365
-0.316
-0.601
-0.685
-0.603
-0.716
-0.641
-0.677
-0.465
-0.652
-0.469
-0.521
-0.723
-0.614
-0.399
-0.401
-0.403
-0.253
-0.328
0.114
0.013
0.095
0.177
0.344
0.539
0.55
0.836
0.991
1.038
1.285
1.238
1.25
1.359
1.232
1.465
1.071
0.885
0.843
0.417
0.475
0.385
0.464
0.36
0.434
0.575
0.361
0.273
0.152
0.107
0.19
0.122
-0.007
-0.118
-0.491
-0.608
-0.667
-0.86
-0.861
-0.777
-0.645
-0.431
-0.3
-0.325
-0.281
-0.128
-0.122
-0.015
-0.329
-0.352
-0.614
-0.768
-0.781
-0.865
-0.876
-0.638
-0.292
-0.224
-0.214
-0.384
-0.393
-0.314
-0.555
-0.404
-0.15
-0.219
-0.223
-0.393
-0.388
-0.406
-0.245
-0.348
-0.335
-0.384
-0.289
-0.278
-0.258
-0.107
0.014
-0.143
0.114
0.228
0.198
0.0
-0.036
0.115
0.14
0.052
-0.116
-0.075
-0.233
-0.061
-0.034
0.004
0.092
0.07
0.026
0.155
0.31
0.4
0.43
0.557
0.471
0.46
0.26
0.256
0.051
0.1
0.251
0.324
0.189
-0.013
0.136
0.129
0.15
0.031
-0.079
-0.393
-0.47
-0.586
-0.596
-0.6
-0.559
-0.745
-0.743
-0.839
-0.833
-0.812
-0.685
-0.669
-0.93
-0.676
-0.859
-0.765
-0.745
-0.444
-0.44
-0.516
-0.47
-0.421
-0.659
-0.606
-0.609
-0.479
-0.67
-0.755
-0.945
-1.271
-1.481
-1.482
-1.538
-1.33
-1.4
-1.316
-1.285
-1.363
-1.583
-1.354
-1.466
-1.275
-1.196
-1.329
-1.173
-1.114
-1.157
-1.3
-1.012
-1.025
-0.84
-0.605
-0.576
-0.544
-0.625
-0.618
-0.682
-0.522
-0.278
-0.226
-0.164
-0.141
-0.024
0.165
0.101
0.071
0.024
0.214
0.234
0.238
0.031
0.196
0.036
0.209
0.075
0.135
0.449
0.335
0.439
0.325
0.427
0.394
0.45
0.715
0.708
0.893
0.753
0.595
0.542
0.336
0.398
0.367
0.17
-0.175
-0.295
-0.066
-0.036
0.001
0.004
-0.037
0.138
-0.194
-0.176
-0.249
-0.217
-0.238
-0.376
-0.341
-0.354
-0.381
-0.175
-0.081
0.158
0.216
0.292
0.289
0.11
0.256
-0.072
-0.066
0.114
0.314
0.432
0.339
0.338
0.39
0.226
0.234
0.21
0.389
0.223
0.307
0.171
0.005
0.175
0.022
0.291
0.049
0.253
0.177
0.336
0.299
0.199
0.236
0.234
0.47
0.435
0.574
0.55
0.475
0.63
0.666
0.585
0.664
0.642
0.47
0.492
0.38
0.403
0.56
0.354
0.354
0.468
0.375
0.414
0.376
0.496
0.696
0.705
0.401
0.251
0.331
-0.2
-0.13
-0.466
-0.614
-0.647
-0.598
-0.594
-0.718
-0.696
-0.84
-0.866
-0.781
-0.764
-0.647
-0.615
-0.482
-0.465
-0.201
-0.165
-0.168
-0.23
-0.011
0.098
0.013
-0.013
0.036
0.014
-0.233
-0.335
-0.385
-0.386
-0.304
-0.302
-0.359
-0.537
-0.521
-0.545
-0.429
-0.325
-0.294
-0.134
-0.315
-0.443
-0.57
-0.787
-0.811
-0.554
-0.451
-0.265
-0.079
-0.246
-0.26
-0.485
-0.676
-0.97
-0.924
-0.995
-0.938
-0.95
-0.888
-0.925
-0.824
-0.859
-0.609
-0.706
-0.787
-0.6
-0.585
-0.46
-0.478
-0.419
-0.432
-0.329
-0.295
-0.336
-0.161
-0.184
-0.109
-0.019
-0.11
-0.081
-0.016
-0.177
-0.104
0.011
-0.103
-0.105
-0.173
-0.205
-0.077
0.011
0.031
-0.211
-0.152
-0.106
-0.176
-0.164
-0.271
-0.165
-0.031
-0.249
-0.074
0.004
0.022
0.133
0.231
0.045
0.147
0.449
0.312
0.009
0.396
0.348
0.25
0.284
0.084
0.328
0.25
0.517
0.566
0.43
0.399
0.425
0.554
0.427
0.651
0.526
0.425
0.288
0.186
0.21
0.552
0.828
0.86
1.133
1.133
1.115
1.04
0.899
1.014
0.934
0.724
0.616
0.245
0.143
0.296
0.324
0.497
0.599
0.694
0.432
0.351
0.372
0.352
0.435
0.474
0.3
0.299
0.11
0.072
0.12
0.13
0.321
0.571
0.672
0.552
0.47
0.531
0.471
0.696
0.986
0.823
0.561
0.427
0.242
0.18
0.022
0.065
0.233
0.354
0.522
0.964
0.863
0.644
0.501
0.47
0.55
0.389
0.326
0.182
0.134
0.0
0.028
0.08
0.239
0.295
0.393
0.545
0.579
0.744
0.349
0.489
0.705
0.676
0.833
0.782
0.675
0.604
0.801
0.782
0.895
0.784
0.986
1.042
0.874
1.089
1.058
0.866
0.888
0.699
0.456
0.475
0.814
0.807
1.221
0.99
1.09
1.16
1.141
1.038
1.069
1.111
1.305
1.501
1.515
1.776
1.56
1.725
1.812
1.724
1.502
1.654
1.485
1.446
1.405
1.438
1.414
1.39
1.357
1.49
1.248
1.421
1.463
1.574
1.338
1.37
1.453
1.269
0.99
0.995
0.904
0.644
0.751
0.771
0.398
0.289
0.37
0.212
0.389
0.684
0.85
1.058
0.851
0.68
0.434
-0.085
-0.39
-0.681
-0.471
-0.391
-0.195
-0.281
-0.468
-0.492
-0.394
-0.551
-0.388
-0.481
-0.57
-0.491
-0.619
-0.59
-0.681
-1.066
-1.344
-1.334
-1.193
-1.32
-1.321
-0.89
-1.05
-1.078
-0.969
-0.993
-0.797
-0.907
-0.993
-0.88
-0.958
-0.721
-2.474
-0.728
-0.508
-0.469
-0.115
-0.091
0.05
-0.18
-0.19
-0.147
-0.312
-0.361
-0.141
0.036
-0.003
-0.106
-0.026
-0.05
0.151
0.251
0.367
0.015
0.208
0.369
0.307
0.444
0.541
0.456
0.076
0.16
0.129
0.106
0.284
-0.075
-0.231
-0.283
-0.429
-0.492
-0.659
-0.38
-0.424
-0.508
-0.537
-0.787
-0.733
-0.664
-0.694
-0.357
-0.247
0.022
0.009
-0.081
-0.169
-0.138
0.022
0.086
0.16
0.154
0.037
0.084
-0.006
-0.114
0.105
-0.119
-0.364
-0.626
-0.554
-0.5
-0.419
-0.335
-0.246
-0.379
-0.375
-0.072
-0.2
-0.27
-0.146
-0.168
-0.239
-0.274
-0.184
-0.126
-0.196
-0.244
-0.413
-0.485
-0.497
-0.549
-0.743
-0.545
-0.503
-0.556
-0.566
-0.768
-0.621
-0.688
-0.634
-0.588
-0.58
-0.826
-0.526
-0.503
-0.38
-0.233
-0.292
-0.193
-0.323
-0.3
-0.47
-0.482
-0.383
-0.566
-0.618
-0.776
-0.427
-0.421
-0.5
-0.503
-0.664
-0.408
-0.541
-0.489
-0.366
-0.371
-0.998
-1.136
-1.213
-1.061
-0.998
-0.639
-0.492
-0.286
-0.32
-0.196
-0.312
-0.432
-0.576
-0.318
-0.48
-0.254
-0.48
-0.173
-0.279
-0.42
-0.215
-0.323
-0.059
0.065
0.111
0.254
0.49
0.62
0.706
0.519
0.535
0.5
0.35
0.126
0.238
-0.02
-0.076
-0.098
-0.074
-0.106
-0.01
0.028
0.118
0.391
0.36
0.339
0.304
-0.241
-0.144
-0.19
-0.294
-0.256
-0.422
-0.489
-0.67
-0.474
-0.575
-0.512
-0.552
-0.275
-0.333
-0.278
-0.316
-0.24
-0.535
-0.352
-0.186
-0.113
0.036
0.189
0.365
0.182
0.168
0.133
-0.284
-0.444
-0.456
-0.486
-0.564
-0.521
-0.515
-0.456
-0.351
-0.463
-0.486
-0.399
-0.4
-0.156
-0.13
0.188
0.054
0.169
0.296
0.374
0.329
0.471
0.444
0.515
0.61
0.391
0.525
0.629
0.536
0.406
0.426
0.524
0.584
0.379
0.333
0.246
-0.003
0.113
0.056
-0.02
-0.217
-0.113
-0.36
-0.435
-0.461
-0.419
-0.593
-0.344
-0.519
-0.497
-0.386
-0.43
-0.278
-0.406
-0.201
-0.173
-0.09
-0.12
-0.03
0.105
-0.018
0.136
0.321
0.496
0.43
0.549
0.569
0.506
0.659
0.639
0.544
0.434
0.42
0.338
0.349
0.359
0.362
0.284
0.163
0.086
-0.028
-0.425
-0.589
-0.499
-0.47
-0.532
-0.706
-0.823
-0.811
-0.77
-0.744
-0.78
-0.782
-0.901
-0.826
-0.916
-0.896
-1.143
-1.16
-1.209
-1.607
-1.24
-1.141
-1.034
-0.985
-0.718
-0.729
-0.66
-0.682
-0.626
-0.675
-0.719
-0.713
-0.736
-0.807
-0.715
-0.56
-0.311
-0.19
-0.225
-0.27
0.046
-0.186
-0.052
0.14
0.415
0.371
0.505
0.409
0.37
0.226
0.304
0.06
0.039
0.055
-0.075
-0.124
0.072
0.028
0.033
0.239
0.288
0.221
0.21
0.302
0.261
0.268
0.05
0.147
0.297
0.464
0.63
0.741
0.759
0.725
0.891
0.76
0.915
0.759
0.974
1.045
1.01
1.203
1.068
1.062
1.035
1.056
1.039
1.009
1.091
1.022
1.259
1.284
1.27
1.175
1.341
1.174
1.17
1.261
1.663
1.268
1.292
1.234
1.166
1.117
1.184
1.126
1.258
1.193
1.074
0.811
0.583
0.335
0.321
0.583
0.69
0.584
0.555
0.359
0.224
0.062
0.181
0.14
0.348
0.751
0.585
0.958
0.585
0.606
0.685
0.758
1.059
1.191
1.3
1.272
1.349
1.231
1.116
1.114
1.024
1.295
1.326
1.333
1.289
1.113
1.183
1.34
1.589
1.591
1.554
1.529
1.386
1.316
1.482
1.596
1.893
1.819
1.766
1.518
1.486
1.151
1.38
1.409
1.376
1.271
1.041
1.044
0.795
0.756
0.469
0.509
0.529
0.535
0.393
0.284
0.24
0.484
0.715
0.706
1.036
1.09
0.54
0.16
0.199
0.574
1.203
1.288
1.465
1.245
1.14
1.215
1.069
1.288
1.328
1.588
1.194
0.68
0.393
-0.089
0.046
0.051
0.098
0.17
-0.312
-0.526
-0.333
-0.349
-0.315
-0.62
-0.584
-0.559
-0.848
-0.708
-0.556
-0.823
-0.549
-0.351
-0.356
-0.599
-0.726
-0.84
-0.818
-0.799
-0.623
-0.509
-0.398
-0.18
-0.209
-0.115
-0.109
-0.216
-0.271
-0.009
0.372
0.376
0.376
0.522
0.795
0.371
0.475
0.586
0.501
0.693
0.984
0.724
0.789
0.429
0.275
0.2
0.122
-0.062
-0.152
-0.198
-0.166
-0.061
-0.043
-0.084
-0.026
-0.115
0.076
0.015
0.434
0.475
0.424
0.36
0.305
0.388
0.411
0.461
0.421
0.43
0.319
0.556
0.529
0.244
0.251
0.043
-0.101
0.02
-0.052
0.064
-0.096
-0.01
-0.367
-0.54
-0.594
-0.633
-0.628
-0.73
-0.599
-0.74
-0.766
-0.894
-0.988
-0.753
-0.924
-0.591
-0.799
-0.825
-1.071
-1.302
-1.215
-1.185
-0.958
-0.715
-0.575
-0.814
-1.031
-1.238
-1.216
-1.163
-1.198
-0.921
-0.941
-1.096
-0.963
-1.035
-0.735
-0.482
-0.186
-0.06
-0.111
-0.199
-0.525
-0.559
-0.516
-0.495
-0.294
-0.199
-0.061
-0.116
0.119
0.261
0.305
0.279
0.586
0.841
0.929
0.84
1.028
1.16
0.951
0.763
0.738
0.87
0.657
0.611
0.455
0.5
0.251
0.039
-0.01
-0.226
-0.435
-0.532
-0.578
-0.899
-1.078
-0.993
-0.856
-0.92
-0.479
-0.478
-0.52
-0.36
-0.26
-0.188
-0.17
-0.25
-0.18
-0.091
-0.209
-0.208
-0.233
-0.2
-0.413
-0.254
-0.281
-0.159
-0.234
-0.386
-0.295
-0.286
-0.359
-0.399
-0.421
-0.436
-0.49
-0.542
-0.651
-0.605
-0.677
-0.674
-0.593
-0.799
-0.686
-0.414
-0.249
-0.247
-0.039
0.134
0.12
-0.019
-0.08
-0.264
-0.146
-0.096
-0.021
-0.128
0.028
0.116
-0.084
-0.219
-0.463
-0.244
-0.51
-0.185
-0.431
-0.524
-0.594
-0.436
-0.651
-0.782
-0.675
-0.805
-0.616
-0.716
-0.806
-0.907
-0.888
-0.858
-0.935
-1.03
-0.98
-0.953
-0.991
-1.039
-1.125
-1.021
-0.973
-0.849
-0.981
-0.986
-0.655
-0.766
-0.644
-0.62
-0.734
-0.909
-0.85
-0.731
-0.644
-0.561
-0.405
-0.421
-0.278
-0.278
-0.316
0.005
-0.003
-0.208
-0.121
0.144
0.419
0.422
0.264
0.395
0.5
0.729
0.978
1.055
0.863
0.975
0.924
0.812
0.574
0.566
0.802
0.698
0.589
0.539
0.394
0.425
0.375
0.215
0.188
0.265
0.512
0.708
0.652
0.574
0.725
0.375
0.001
-0.045
-0.096
0.064
-0.055
0.005
0.096
-0.081
-0.168
-0.001
10.558
-22.401
-37.763
-29.442
-7.684
-27.205
2.555
19.196
-39.684
-22.405
31.036
33.276
-0.644
-3.845
11.515
-23.364
-27.205
19.515
24.955
-5.444
-5.764
24.636
-20.164
24.955
-40.004
19.196
-26.564
-23.044
27.518
-33.281
-0.641
-0.052
0.129
0.166
0.19
0.028
-0.091
-0.176
-0.064
0.015
0.128
-0.177
-0.025
-0.098
-0.16
-0.126
-0.341
-0.19
-0.405
-0.376
-0.12
-0.026
0.205
0.251
0.301
0.376
0.258
0.149
0.487
0.255
0.13
0.181
0.185
0.029
0.391
0.426
0.568
0.588
0.571
0.608
0.638
0.67
0.816
0.964
1.025
0.907
0.874
0.806
1.0
0.797
0.821
0.711
0.909
0.777
0.764
0.92
1.062
0.667
0.574
0.539
0.334
0.27
0.574
0.784
0.907
1.021
0.938
0.824
0.651
0.616
0.302
0.391
0.114
-0.03
0.001
0.051
0.035
-0.054
-0.184
-0.014
0.188
0.238
0.486
0.619
0.921
0.914
0.65
0.959
1.035
1.191
1.449
1.446
1.472
1.094
1.1
1.323
1.47
1.351
1.778
1.828
1.55
1.334
1.37
1.07
1.071
1.01
1.198
1.026
0.981
0.662
0.777
0.734
0.869
1.018
1.094
1.198
0.953
0.924
0.868
0.879
0.691
0.849
1.019
0.856
0.879
0.753
0.56
0.544
0.779
0.6
0.485
0.355
0.323
0.395
0.299
0.196
0.046
-0.03
0.039
0.036
-0.075
-0.2
0.041
0.004
0.251
0.331
0.212
0.351
0.421
0.509
0.399
0.309
0.54
0.448
0.586
0.812
0.685
0.58
0.686
0.794
0.736
0.623
0.714
0.706
0.66
0.8
0.76
0.662
0.425
0.576
0.655
0.6
0.789
0.775
0.799
0.705
0.626
0.429
-0.146
0.007
-0.161
-0.165
-0.084
0.041
0.241
0.088
0.259
0.246
-0.05
-0.136
-0.036
0.268
0.28
0.47
0.569
0.432
0.048
-0.188
-0.372
-0.475
-0.289
-0.388
-0.018
0.165
0.154
0.239
-0.116
-0.079
-0.179
-0.334
-0.269
-0.164
0.029
0.024
0.014
0.16
0.357
0.304
0.165
0.223
0.051
0.054
-0.081
-0.147
-0.288
-0.311
-0.138
-0.015
0.265
0.216
-0.024
-0.091
-0.3
-0.138
-0.184
0.126
0.02
0.335
0.19
0.436
0.238
-0.107
-0.079
-0.338
-0.25
-0.035
0.168
0.259
0.45
0.376
0.194
0.367
0.239
0.362
0.06
0.292
0.251
0.139
-0.085
-0.281
-0.324
-0.469
-0.31
-0.208
-0.278
-0.37
-0.479
-0.283
-0.381
-0.49
-0.569
-0.348
-0.099
-0.345
-0.395
-0.42
-0.319
-0.422
-0.448
-0.314
-0.53
-0.661
-0.848
-0.998
-1.357
-1.143
-1.101
-1.213
-1.357
-1.134
-1.302
-1.062
-0.649
-0.686
-0.48
-0.446
-0.408
-0.338
-0.403
-0.451
-0.545
-0.406
-0.471
-0.2
-0.005
-0.01
0.095
0.179
0.081
0.339
0.294
0.362
0.551
0.469
0.44
0.386
0.309
0.307
0.398
0.453
0.399
0.405
0.338
0.378
0.283
0.083
0.021
-0.107
0.052
-0.315
-0.424
-0.274
-0.234
-0.365
-0.216
-0.201
-0.206
-0.058
0.066
0.158
0.346
0.309
0.362
0.165
0.196
-0.016
-0.179
-0.199
-0.424
-0.083
-0.092
0.022
-0.014
-0.26
-0.275
-0.279
-0.173
-0.265
-0.266
-0.5
-0.701
-1.022
-0.943
-0.934
-1.049
-1.01
-0.864
-0.784
-0.645
-0.812
-0.733
-0.931
-0.966
-0.825
-0.515
-0.455
-0.586
-0.746
-0.728
-0.885
-0.64
-0.501
-0.151
0.086
0.139
0.145
0.193
0.009
-0.201
0.152
0.092
0.176
0.362
0.372
0.217
0.135
0.283
0.318
0.271
0.247
-0.015
-0.126
-0.335
-0.401
-0.393
-0.103
0.084
0.259
0.416
0.239
0.056
-0.119
-0.037
0.09
0.051
-0.058
-0.095
-0.263
-0.274
-0.289
-0.182
0.058
0.035
0.378
0.249
0.356
0.425
0.326
0.544
0.259
-0.003
0.211
0.269
0.537
0.726
0.529
0.578
0.501
0.635
0.484
0.491
0.362
0.152
-0.161
-0.349
-0.444
-0.427
-0.569
-0.453
-0.66
-0.525
-0.559
-0.251
-0.55
-0.575
-0.479
-0.659
-0.624
-0.633
-0.399
-0.473
-0.549
-0.726
-0.768
-0.647
-0.812
-0.909
-0.893
-3.675
-0.82
-0.846
-0.904
-0.816
-0.864
-0.974
-1.038
-1.371
-1.466
-1.244
-1.05
-1.149
-1.066
-1.169
-1.011
-1.066
-1.032
-0.869
-0.765
-0.506
-0.436
-0.479
-0.399
-0.642
-0.713
-0.787
-0.87
-0.69
-0.706
-0.552
-0.516
-0.532
-0.559
-0.667
-0.581
-0.525
-0.134
-0.12
-0.101
-0.158
-0.144
-0.283
-0.134
0.011
0.241
0.266
0.288
0.478
0.348
0.443
0.55
0.509
0.743
0.782
0.782
0.984
0.959
1.048
1.133
1.1
0.926
0.576
0.386
0.501
0.635
0.694
0.624
0.424
0.403
0.505
0.479
0.426
0.61
0.537
0.595
0.591
0.64
0.636
0.763
0.777
0.599
0.346
0.242
0.145
0.357
0.521
0.66
0.72
0.471
0.565
0.338
0.326
0.729
0.75
0.907
0.924
0.93
0.777
0.554
0.463
0.431
0.503
0.651
0.684
0.544
0.443
0.341
0.399
0.466
0.517
0.733
0.51
0.366
0.468
0.379
0.46
0.318
0.354
0.348
0.35
0.188
0.049
0.275
0.024
0.228
0.235
0.44
0.444
0.63
0.57
0.42
0.501
0.456
0.599
0.359
0.321
0.703
0.611
0.726
0.655
0.647
0.546
0.858
0.671
0.799
0.623
0.441
0.642
0.379
0.535
0.698
0.366
0.42
0.504
0.311
0.411
0.366
0.545
0.6
0.631
0.716
0.485
0.463
0.229
0.352
0.352
0.22
0.391
0.231
0.219
0.266
0.432
0.589
0.647
0.984
0.973
0.983
0.733
0.609
0.893
1.049
1.129
1.12
1.12
1.278
1.117
0.792
0.681
0.741
0.958
1.159
1.531
1.364
1.596
1.294
1.279
1.292
1.113
0.975
0.75
0.88
1.174
1.181
1.433
1.605
1.488
1.385
1.454
1.666
1.588
1.764
1.215
1.034
0.677
0.439
0.569
0.608
0.681
0.719
1.022
0.87
0.925
0.799
0.859
0.839
0.765
0.63
0.815
1.054
0.925
0.795
0.585
0.224
0.185
0.191
0.037
0.061
0.371
0.241
0.026
-0.025
0.098
0.251
0.344
0.269
0.113
0.145
-0.066
0.029
0.021
-0.01
-0.04
-0.104
0.031
0.056
-0.415
-0.704
-0.802
-0.88
-0.807
-0.618
-0.482
-0.26
-0.211
-0.194
-0.296
-0.357
-0.371
-0.403
-0.385
-0.058
-0.166
-0.143
0.046
-0.079
0.021
0.253
0.094
0.279
0.356
0.419
0.501
0.676
0.489
0.463
0.443
0.403
0.404
0.361
0.193
-0.136
-0.174
-0.273
-0.39
-0.524
-0.718
-0.934
-0.749
-0.638
-0.984
-1.076
-0.871
-1.13
-1.206
-1.234
-1.124
-1.134
-0.771
-0.825
-0.876
-0.794
-1.134
-1.272
-1.093
-1.176
-0.929
-1.008
-0.925
-0.81
-0.679
-0.656
-0.542
-0.515
-0.59
-0.536
-0.492
-0.422
-0.575
-0.514
-0.74
-0.73
-0.534
-0.586
-0.307
-0.321
-0.217
-0.106
0.039
0.224
0.371
0.644
0.435
0.301
0.091
-0.155
-0.165
-0.105
-0.2
-0.242
-0.203
-0.166
-0.124
0.076
-0.037
-0.17
-0.398
-0.667
-0.649
-0.5
-0.52
-0.365
-0.468
-0.496
-0.394
-0.316
-0.312
-0.18
-0.201
-0.084
0.007
-0.139
-0.268
-0.155
-0.454
-0.26
-0.239
-0.325
-0.19
-0.165
-0.22
-0.552
-0.291
-0.569
-0.805
-0.67
-0.765
-0.711
-0.634
-0.669
-0.621
-0.669
-0.685
-0.73
-0.789
-0.979
-1.011
-0.833
-1.059
-1.196
-0.966
-1.048
-1.029
-0.911
-0.878
-0.843
-0.704
-0.777
-0.831
-0.973
-1.055
-1.042
-1.351
-1.326
-1.204
-1.216
-1.249
-1.183
-1.109
-1.475
-1.321
-1.041
-0.906
-0.818
-0.64
-0.797
-0.591
-0.45
-0.416
-0.564
-0.471
-0.633
-0.545
-0.535
-0.299
-0.135
-0.009
0.174
0.11
-0.156
-0.049
-0.297
-0.135
-0.254
0.044
-0.022
0.185
0.147
0.284
0.295
0.339
0.44
0.375
0.256
0.329
0.478
0.51
0.485
0.693
0.494
0.638
0.644
0.475
0.515
0.552
0.451
0.103
-0.05
-0.245
-0.544
-0.51
-0.255
-0.221
-0.104
0.045
-0.302
-0.224
-0.28
-0.403
-0.596
-0.797
-0.966
-0.996
-0.853
-0.755
-0.864
-0.624
-0.804
-0.854
-0.709
-0.7
-0.522
-0.361
-0.591
-0.74
-0.772
-0.61
-0.638
-0.405
-0.325
-0.367
-0.103
-0.18
-0.021
0.125
0.058
-0.109
-0.092
-0.296
-0.175
0.049
0.38
0.386
0.522
0.606
0.625
0.786
0.403
0.369
0.164
0.241
0.219
0.323
0.568
0.241
0.062
-0.081
0.114
0.186
0.107
0.211
0.15
0.104
-0.019
-0.058
-0.062
0.219
0.32
0.26
0.369
0.362
0.344
0.481
0.535
0.69
0.823
1.0
0.975
1.13
0.932
0.925
0.878
0.816
0.714
0.944
0.864
0.774
0.863
0.799
0.958
0.946
1.238
1.355
1.387
1.475
1.395
1.463
1.416
1.434
1.357
1.174
1.121
1.031
1.07
1.315
1.195
1.189
1.028
0.851
0.775
0.844
0.674
0.633
0.634
0.294
0.307
0.443
0.47
0.526
0.576
0.449
0.684
0.77
0.72
0.598
0.556
0.304
0.357
0.258
0.429
0.492
0.283
0.588
0.556
0.644
0.47
0.716
0.728
0.626
0.59
0.72
0.879
0.989
0.588
0.744
0.775
0.855
0.971
0.927
0.926
0.966
1.041
0.904
0.926
0.754
0.721
0.719
0.824
8.078
1.01
1.166
1.035
0.686
0.384
0.36
0.555
0.642
0.616
0.536
0.314
0.169
-0.261
-0.044
0.147
0.52
0.626
0.461
0.65
0.739
0.616
0.694
0.831
0.724
1.088
0.869
0.828
0.826
1.143
1.124
1.022
1.19
0.988
0.755
0.776
0.883
1.114
1.06
1.219
1.136
0.916
0.931
0.61
0.704
0.595
0.631
0.729
0.771
0.796
0.484
0.362
0.258
0.09
0.151
0.081
0.051
0.02
-0.21
-0.234
-0.345
-0.219
-0.176
-0.219
-0.339
-0.497
-0.16
-0.27
-0.165
-0.007
0.022
0.037
-0.129
-0.199
0.1
0.046
0.065
0.077
0.315
0.321
0.158
-0.02
-0.198
-0.409
-0.468
-0.735
-0.593
-0.556
-0.631
-0.672
-0.754
-0.77
-0.436
-0.475
-0.386
-0.299
-0.465
-0.537
-0.828
-0.662
-0.639
-0.416
-0.328
-0.404
-0.265
-0.497
-0.478
-0.556
-0.512
-0.417
-0.716
-0.334
-0.406
-0.441
-0.191
0.145
0.214
0.542
0.63
0.911
0.823
0.855
0.755
0.771
0.869
0.989
0.821
0.723
0.639
0.389
0.301
0.139
0.025
-0.134
-0.274
-0.441
-0.372
-0.779
-0.866
-0.886
-0.869
-0.859
-0.776
-0.806
-0.765
-0.703
-0.906
-0.621
-0.858
-0.914
-1.019
-1.073
-1.264
-1.357
-1.624
-1.443
-0.914
-1.015
-1.039
-1.051
-1.136
-1.149
-1.031
-0.991
-0.57
-0.261
-0.194
-0.283
-0.464
-0.247
-0.129
-0.046
-0.286
-0.203
-0.169
0.083
0.186
0.475
0.495
0.864
0.988
0.93
0.894
0.706
0.094
0.03
0.086
0.206
0.503
0.574
0.758
0.806
0.205
0.001
0.156
0.378
0.438
0.1
-0.072
-0.193
-0.364
-0.244
-0.263
-0.004
0.226
0.466
0.36
0.33
0.224
0.234
0.29
0.092
0.175
0.062
0.143
-0.158
-0.046
-0.206
-0.241
-0.193
-0.113
-0.09
0.035
0.191
0.265
0.138
0.177
0.105
0.269
0.445
0.341
0.221
0.182
0.088
-0.212
-0.173
-0.188
0.039
0.011
0.129
-0.195
0.058
-0.044
-0.019
0.11
0.049
-0.161
-0.049
-0.005
0.216
0.239
0.251
0.215
0.206
-0.003
-0.034
0.104
-0.205
-0.23
-0.096
-0.037
-0.144
-0.139
-0.25
-0.164
-0.182
-0.039
-0.168
-0.349
-0.224
-0.492
-0.596
-0.718
-0.983
-0.646
-0.431
-0.48
-0.557
-0.684
-0.542
-0.544
-0.454
-0.44
-0.425
-0.734
-0.963
-0.897
-0.715
-0.858
-0.596
-0.666
-0.516
-0.247
-0.163
-0.147
-0.176
-0.114
0.151
0.064
0.278
0.22
0.221
0.04
-0.072
0.024
-0.138
-0.037
-0.114
-0.27
-0.355
-0.391
-0.41
-0.326
-0.475
-0.39
-0.581
-0.421
-0.394
-0.214
-0.083
0.065
0.07
-0.044
-0.014
-0.173
0.144
0.081
0.226
0.401
0.634
0.27
0.225
0.065
-0.056
-0.296
-0.562
-0.374
-0.386
-0.434
-0.416
-0.076
-0.165
-0.312
-0.325
-0.409
-0.383
-0.665
-0.634
-0.635
-0.479
-0.461
-0.496
-0.394
-0.56
-0.547
-0.413
-0.239
-0.021
0.074
-0.02
0.066
0.176
0.236
0.14
0.126
-0.081
-0.182
-0.212
-0.535
-0.625
-0.807
-0.939
-0.881
-0.716
-0.759
-0.781
-0.929
-0.984
-1.321
-1.459
-1.48
-1.383
-1.238
-1.055
-1.018
-1.006
-0.95
-0.855
-1.059
-1.051
-0.854
-0.723
-0.746
-0.609
-0.391
-0.426
-0.306
-0.151
-0.1
-0.08
0.025
0.349
0.474
0.497
0.583
0.741
0.685
0.621
0.456
0.666
0.84
1.055
0.801
0.922
1.219
1.274
1.123
1.088
1.124
1.177
1.171
1.149
1.193
1.306
1.674
1.626
1.67
1.665
1.367
1.255
1.344
1.544
1.693
2.007
1.704
1.744
1.433
1.245
1.161
1.219
1.258
1.052
1.261
1.204
1.015
0.955
0.624
0.542
0.404
0.519
0.552
0.378
0.374
0.588
0.379
0.297
0.22
0.315
0.311
0.326
0.75
0.894
1.071
1.001
1.046
1.086
1.029
1.161
1.078
1.134
1.143
1.159
0.896
0.764
0.348
0.345
0.302
0.221
0.33
0.427
0.289
0.258
0.158
0.203
0.146
0.249
0.208
0.323
0.059
0.278
0.422
0.27
0.226
0.296
0.588
0.819
0.791
0.661
0.478
0.49
0.482
0.791
0.878
1.045
1.042
1.131
0.932
0.958
1.038
0.985
1.014
0.876
0.951
1.109
1.0
1.034
1.127
1.234
1.183
1.3
1.106
1.16
1.17
1.195
1.203
1.284
1.225
1.264
1.161
0.999
1.149
0.758
0.825
0.893
0.77
0.58
