-0.173
-0.175
-0.159
-0.115
-0.14
-0.203
-0.119
-0.175
-0.138
-0.149
-0.118
-0.103
-0.113
-0.049
-0.163
-0.17
-0.144
-0.14
-0.086
-0.105
-0.111
-0.091
-0.151
-0.039
-0.136
-0.119
-0.083
-0.121
-0.141
-0.246
-0.105
-0.21
-0.226
-0.185
-0.166
-0.164
-0.106
-0.133
0.014
-0.11
-0.129
-0.1
-0.166
-0.052
-0.158
-0.098
-0.089
-0.074
0.065
0.004
-0.014
-0.006
0.064
-0.036
0.031
0.045
-0.006
0.026
0.054
0.089
0.03
0.044
0.11
0.111
0.092
0.106
0.169
0.146
0.15
0.139
0.121
0.072
0.08
0.059
-0.041
-0.007
0.022
0.04
0.101
0.101
0.126
0.016
-0.043
0.025
0.009
-0.149
-0.031
-0.055
-0.1
-0.043
-0.091
-0.069
-0.159
-0.111
-0.136
-0.149
-0.186
-0.122
-0.106
-0.205
-0.189
-0.159
-0.16
-0.179
-0.163
-0.209
-0.236
-0.16
-0.189
-0.15
-0.174
-0.105
-0.122
-0.085
-0.033
-0.071
-0.062
0.009
0.014
-0.037
-0.013
0.011
0.02
0.052
0.024
-0.011
-0.006
0.001
-0.071
-0.065
-0.044
-0.114
-0.154
-0.144
-0.17
-0.166
-0.177
-0.163
-0.15
-0.159
-0.215
-0.19
-0.115
-0.115
-0.124
-0.195
-0.114
-0.145
-0.099
-0.107
-0.133
-0.074
-0.099
-0.001
-0.022
-0.004
0.059
0.064
0.12
0.02
0.098
0.084
0.1
0.155
0.07
0.086
0.131
0.116
0.104
0.107
0.071
0.105
0.049
0.05
-0.016
-0.098
-0.046
-0.025
-0.054
0.013
0.039
-0.095
-0.159
-0.098
-0.109
-0.109
-0.08
-0.061
-0.061
-0.083
-0.11
-0.125
-0.134
-0.139
-0.044
-0.107
-0.099
-0.04
-0.111
-0.07
-0.079
-0.075
-0.064
-0.06
-0.054
-0.103
-0.058
-0.085
-0.05
-0.088
-0.028
-0.01
-0.011
0.07
0.045
0.037
0.013
0.046
0.083
0.107
0.049
0.074
0.061
0.051
0.0
-0.005
-0.005
-0.065
-0.107
-0.129
-0.024
-0.128
-0.185
-0.151
-0.159
-0.17
-0.099
-0.124
-0.081
-0.056
-0.044
0.021
0.11
0.184
0.115
0.113
0.113
0.113
0.177
0.15
0.126
0.085
0.168
0.12
0.151
0.13
0.098
0.173
0.14
0.119
0.06
0.163
0.15
0.239
0.212
0.177
0.231
0.249
0.234
0.244
0.22
0.224
0.263
0.249
0.203
0.249
0.229
0.235
0.231
0.292
0.275
0.138
0.161
0.124
0.135
0.122
0.159
0.131
0.114
0.101
0.066
0.122
0.089
0.106
0.08
0.051
0.005
0.026
0.08
0.024
0.033
0.006
0.033
-0.02
-0.001
0.03
0.025
0.02
0.003
-0.005
-0.036
-0.059
-0.033
-0.046
-0.074
-0.116
-0.115
-0.099
-0.1
-0.091
-0.152
-0.161
-0.104
-0.191
-0.185
-0.184
-0.181
-0.191
-0.249
-0.284
-0.201
-0.333
-0.415
-0.288
-0.314
-0.289
-0.261
-0.199
-0.326
-0.258
-0.269
-0.285
-0.16
-0.149
-0.083
-0.173
-0.143
-0.074
-0.074
-0.07
-0.026
0.094
0.054
0.046
0.061
0.045
0.075
0.08
0.161
0.158
0.163
0.189
0.219
0.25
0.266
0.302
0.319
0.315
0.24
0.212
0.264
0.253
0.247
0.273
0.215
0.184
0.184
0.168
0.131
0.216
0.155
0.031
0.028
0.026
0.026
0.07
0.028
0.04
-0.001
0.035
-0.001
-0.018
0.105
0.051
0.041
0.013
-0.019
-0.037
-0.11
-0.076
-0.121
-0.043
-0.045
-0.019
0.039
-0.024
-0.019
-0.044
-0.069
-0.058
-0.075
-0.014
0.024
0.031
-0.015
-0.054
-0.098
-0.076
-0.069
-0.046
-0.05
0.019
0.072
-0.011
-0.037
-0.083
-0.109
-0.064
-0.208
-0.188
-0.051
-0.151
-0.199
-0.143
-0.146
-0.14
-0.088
-0.065
-0.059
-0.089
-0.116
-0.125
-0.085
-0.088
-0.081
-0.088
-0.062
-0.031
-0.007
-0.011
-0.045
-0.076
0.034
-0.03
0.007
0.036
0.039
0.061
0.006
0.055
-0.004
0.054
0.086
0.11
0.083
0.07
0.138
0.161
0.084
0.136
0.115
0.095
0.079
0.095
0.033
0.052
0.098
0.069
0.133
0.164
0.19
0.04
-0.001
-0.016
0.006
0.014
0.056
0.033
0.033
-0.005
-0.016
0.069
0.01
0.028
0.016
-0.022
-0.001
-0.033
-0.006
-0.035
-0.005
-0.039
-0.01
-0.004
-0.02
0.033
-0.03
0.052
0.001
0.033
0.058
0.04
0.074
0.044
0.051
-0.009
0.009
0.034
-0.025
-0.026
-0.055
-0.075
-0.035
-0.074
-0.113
-0.133
-0.129
-0.14
-0.247
-0.244
-0.13
-0.255
-0.265
-0.246
-0.275
-0.274
-0.271
-0.269
-0.239
-0.233
-0.233
-0.241
-0.11
-0.17
-0.104
-0.179
-0.168
-0.115
-0.136
-0.06
-0.13
-0.04
-0.098
-0.054
-0.014
-0.066
0.044
0.036
0.075
0.041
0.016
0.054
0.1
0.139
0.118
0.141
0.229
0.254
0.209
0.253
0.205
0.244
0.229
0.223
0.182
0.176
0.196
0.191
0.166
0.193
0.225
0.098
0.094
0.114
0.081
0.08
0.072
0.07
0.071
0.011
0.066
0.014
0.04
0.031
0.003
-0.011
-0.056
0.024
-0.034
-0.028
-0.052
-0.028
-0.031
-0.065
-0.059
-0.114
-0.072
-0.125
-0.105
-0.163
-0.164
-0.14
-0.161
-0.124
-0.168
-0.135
-0.149
-0.151
-0.107
-0.11
-0.099
-0.095
-0.059
-0.089
-0.12
-0.144
-0.129
-0.111
-0.163
-0.226
-0.125
-0.219
-0.224
-0.246
-0.269
-0.284
-0.247
-0.21
-0.223
-0.226
-0.235
-0.221
-0.173
-0.139
-0.154
-0.14
-0.128
-0.072
-0.021
-0.021
0.043
0.034
0.064
0.05
0.061
0.104
0.085
0.17
0.128
0.182
0.13
0.126
0.154
0.209
0.194
0.191
0.211
0.23
0.21
0.198
0.19
0.193
0.186
0.17
0.121
0.109
0.11
0.121
0.129
0.016
0.198
0.026
0.04
0.018
-0.01
-0.018
0.005
0.037
-0.005
0.011
-0.014
-0.005
0.003
-0.034
-0.044
-0.049
-0.02
-0.031
0.01
0.003
0.011
-0.001
0.022
0.004
-0.051
0.013
-0.02
0.011
-0.022
-0.016
-0.024
-0.007
0.003
-0.028
-0.022
-0.019
-0.048
-0.048
-0.037
-0.081
-0.044
-0.07
-0.031
-0.036
-0.1
-0.104
-0.125
-0.118
-0.147
-0.216
-0.056
-0.219
-0.186
-0.199
-0.238
-0.19
-0.21
-0.161
-0.159
-0.195
-0.147
-0.198
-0.09
-0.141
-0.119
-0.114
-0.113
-0.059
-0.076
-0.049
-0.066
-0.021
-0.031
0.013
0.0
0.01
0.095
0.058
0.075
0.074
0.089
0.095
0.088
0.13
0.074
0.125
0.152
0.173
0.193
0.19
0.185
0.158
0.169
0.176
0.091
0.104
0.092
0.083
0.121
0.036
0.206
0.003
0.036
0.065
0.048
0.064
0.046
0.045
0.089
0.055
0.085
0.045
0.056
0.005
0.013
0.036
-0.007
0.052
-0.009
0.034
0.009
0.13
0.034
0.052
0.076
0.034
0.09
0.11
0.075
0.055
0.064
0.094
0.105
0.091
0.039
0.065
0.043
0.07
0.024
-0.013
0.034
0.05
0.055
0.015
-0.033
-0.052
-0.072
-0.054
-0.077
-0.168
-0.049
-0.229
-0.179
-0.211
-0.209
-0.196
-0.216
-0.214
-0.225
-0.275
-0.255
-0.247
-0.188
-0.114
-0.208
-0.149
-0.126
-0.133
-0.092
-0.125
-0.061
-0.091
-0.028
-0.051
-0.066
0.004
-0.02
0.1
0.034
0.013
0.043
0.071
0.173
0.188
0.195
0.208
0.259
0.256
0.176
0.188
0.194
0.182
0.173
0.19
0.161
0.165
0.164
0.145
0.136
0.069
0.193
-0.03
0.011
-0.006
-0.051
-0.016
0.019
0.086
0.049
0.054
0.025
0.074
0.06
0.079
0.065
0.076
0.121
0.118
0.128
0.074
0.101
0.105
0.106
0.076
0.076
0.14
0.081
0.118
0.098
0.084
0.086
0.044
0.058
-0.001
0.024
0.003
-0.018
-0.016
-0.016
-0.035
0.0
-0.005
-0.022
-0.036
-0.081
-0.113
-0.131
-0.131
-0.149
-0.241
-0.107
-0.258
-0.217
-0.23
-0.255
-0.226
-0.24
-0.184
-0.184
-0.234
-0.191
-0.226
-0.114
-0.135
-0.12
-0.12
-0.126
-0.054
-0.081
-0.029
-0.043
-0.007
0.009
-0.003
0.005
0.003
0.039
0.034
0.081
0.046
0.05
0.059
0.074
0.147
0.085
0.169
0.169
0.158
0.154
0.159
0.152
0.152
0.141
0.124
0.08
0.076
0.098
0.088
0.049
-0.026
0.16
-0.024
-0.016
-0.01
-0.035
-0.018
-0.024
-0.033
-0.049
-0.096
-0.052
-0.055
-0.018
-0.033
-0.05
-0.02
-0.054
-0.021
-0.083
-0.07
-0.056
-0.056
-0.035
-0.014
-0.015
-0.031
0.029
0.011
-0.01
-0.071
-0.046
-0.011
-0.028
-0.013
-0.013
-0.049
-0.062
-0.006
-0.045
-0.01
0.025
0.039
0.064
0.055
0.049
0.1
0.096
0.364
0.09
-0.103
0.059
-0.21
-0.189
-0.25
-0.269
-0.239
-0.231
-0.226
-0.221
-0.212
-0.234
-0.173
-0.155
-0.129
-0.131
-0.086
-0.083
-0.131
-0.041
-0.054
0.003
0.007
0.049
0.003
-0.005
0.05
0.031
0.107
0.064
0.096
0.09
0.074
0.106
0.126
0.1
0.091
0.145
0.159
0.151
0.147
0.122
0.163
0.138
0.121
0.07
0.076
0.086
0.074
0.059
-0.02
0.144
-0.039
0.007
0.003
-0.009
0.01
0.019
0.028
-0.005
0.01
0.014
0.029
0.048
0.05
0.01
0.013
0.077
0.028
0.055
0.041
0.029
0.154
0.048
0.004
0.05
0.058
0.043
0.105
0.074
0.054
0.098
0.06
0.06
0.043
0.024
0.029
0.079
0.072
0.065
0.013
0.08
0.109
0.121
0.149
0.118
0.01
-0.009
-0.029
-0.031
-0.089
-0.007
-0.18
-0.16
-0.145
-0.174
-0.122
-0.125
-0.138
-0.118
-0.143
-0.115
-0.169
-0.12
-0.113
-0.114
-0.116
-0.094
-0.046
-0.021
0.025
-0.011
0.092
0.098
0.109
0.144
0.151
0.245
0.236
0.302
0.335
0.294
0.321
0.33
0.415
0.396
0.403
0.426
0.419
0.42
0.399
0.359
0.323
0.265
0.224
0.177
0.44
0.114
0.14
0.133
0.009
0.125
-0.016
0.001
0.035
-0.043
-0.021
-0.022
-0.015
0.02
-0.026
0.055
0.054
0.06
0.094
0.02
0.059
0.044
0.064
0.024
0.064
0.118
0.134
0.131
0.125
0.121
0.116
0.109
0.13
0.1
0.099
0.12
0.135
0.075
0.116
0.054
0.071
0.069
0.029
0.01
0.005
-0.048
0.018
0.01
-0.019
-0.014
-0.043
-0.055
-0.083
-0.075
-0.139
-0.054
-0.196
-0.116
-0.216
-0.173
-0.16
-0.113
-0.113
-0.126
-0.12
-0.146
-0.059
-0.056
0.013
0.021
-0.022
0.072
-0.049
-0.007
-0.071
-0.12
-0.01
0.001
-0.004
-0.033
0.036
0.076
0.058
0.079
0.095
0.131
0.152
0.168
0.194
0.18
0.16
0.251
0.208
0.116
0.163
0.228
0.258
0.144
0.177
0.14
0.219
0.158
0.164
0.219
0.128
0.31
0.075
0.109
0.05
0.033
0.113
0.149
0.168
0.103
0.151
0.116
0.119
0.163
0.19
0.229
0.182
0.233
0.212
0.188
0.179
0.154
0.188
0.177
0.15
0.133
0.151
0.161
0.131
0.151
0.101
0.174
0.133
0.165
0.173
0.096
0.139
0.146
0.168
0.12
0.129
0.165
0.15
0.158
0.228
-0.066
0.043
-0.069
-0.049
0.006
-0.081
0.079
-0.046
-0.031
-0.074
-0.126
-0.045
-0.022
-0.037
0.084
0.044
0.094
0.092
0.169
0.138
0.189
0.284
0.349
0.436
0.424
0.46
0.514
0.544
0.494
0.527
0.541
0.539
0.601
0.53
0.594
0.586
0.609
0.689
0.664
0.794
0.634
0.546
0.603
0.557
0.52
0.516
0.521
0.515
0.691
0.571
0.616
0.654
0.65
0.645
0.688
0.562
0.76
0.451
0.508
0.439
0.481
0.546
0.529
0.516
0.525
0.534
0.578
0.54
0.526
0.516
0.443
0.479
0.494
0.506
0.549
0.544
0.559
0.604
0.482
0.441
0.531
0.486
0.514
0.492
0.419
0.48
0.394
0.496
0.465
0.38
0.409
0.454
0.374
0.345
0.619
0.312
0.339
0.463
0.414
0.435
0.35
0.338
0.386
0.35
0.283
0.31
0.482
0.425
0.505
0.461
0.497
0.547
0.624
0.714
0.535
0.63
0.51
0.401
0.386
0.285
0.256
0.352
0.306
0.246
0.292
0.268
0.413
0.39
0.321
0.41
0.441
0.463
0.425
0.482
0.404
0.525
0.604
0.485
0.53
0.509
0.489
0.496
0.639
0.486
0.408
0.393
0.3
0.312
0.212
0.174
0.085
0.269
0.186
0.156
0.168
-0.048
0.039
-0.092
-0.16
-0.199
-0.194
-0.107
-0.044
-0.061
-0.028
0.055
0.077
0.161
0.129
0.191
0.406
0.254
0.28
0.314
0.214
0.201
0.1
0.304
0.171
0.258
0.331
0.438
0.486
0.439
0.371
0.318
0.435
0.333
0.459
0.331
0.43
0.357
0.386
0.415
0.27
0.279
0.302
0.326
0.193
0.256
0.036
0.062
0.009
-0.179
-0.109
-0.208
0.021
-0.208
-0.426
-0.415
-0.419
-0.269
-0.284
-0.152
-0.177
-0.051
0.101
0.043
0.279
0.406
0.42
0.487
0.49
0.495
0.535
0.569
0.639
0.662
0.777
0.961
1.125
1.015
1.014
1.024
1.018
0.973
0.864
0.881
0.804
0.925
1.001
1.062
1.03
0.936
0.949
0.89
0.754
0.709
0.686
0.611
0.555
0.495
0.381
0.365
0.223
0.083
0.196
0.103
0.031
-0.115
-0.185
-0.145
0.188
-0.154
-0.059
-0.059
-0.028
0.036
-0.113
0.058
0.034
0.092
0.156
0.136
0.091
0.151
0.039
-0.044
0.044
-0.016
-0.031
0.116
-0.168
-0.007
-0.179
-0.028
-0.105
0.026
-0.104
-0.125
-0.072
-0.199
-0.149
-0.179
-0.154
0.06
0.198
0.09
0.0
-0.101
-0.244
-0.28
-0.389
-0.419
-0.521
-0.71
-0.562
-0.932
-0.738
-0.824
-0.729
-0.797
-0.608
-0.621
-0.524
-0.393
-0.441
-0.463
-0.395
-0.362
-0.274
-0.318
-0.238
-0.13
-0.009
0.166
0.076
0.051
0.199
0.041
0.171
0.352
0.383
0.426
0.517
0.341
0.31
0.258
0.438
0.44
0.546
0.486
0.575
0.598
0.633
0.576
0.571
0.698
0.704
0.718
0.588
0.516
0.578
0.804
0.744
0.655
0.915
0.786
0.797
0.69
0.656
0.724
0.667
0.546
0.578
0.696
0.705
0.644
0.828
0.755
0.569
0.99
1.103
1.004
0.693
0.576
0.394
0.331
0.221
0.136
0.08
0.019
0.021
-0.185
-0.115
-0.21
-0.223
-0.198
-0.408
-0.564
-0.549
-0.724
-0.635
-0.636
-0.591
-0.571
-0.574
-0.552
-0.546
-0.401
-0.299
-0.164
-0.006
0.064
-0.005
0.066
0.101
0.084
-0.015
0.044
0.156
0.325
0.339
0.362
0.329
0.259
0.325
0.359
0.263
0.446
0.405
0.526
0.479
0.512
0.379
0.494
0.421
0.33
0.427
0.228
0.171
0.316
0.357
0.362
0.415
0.405
0.231
0.329
0.2
0.37
0.333
0.365
0.42
0.42
0.41
0.414
0.254
0.362
0.31
0.235
0.164
0.21
0.099
0.049
0.054
0.034
0.144
-0.052
-0.17
-0.256
-0.18
-0.27
-0.415
-0.419
-0.537
-0.544
-0.584
-0.421
-0.427
-0.291
-0.376
-0.115
-0.254
-0.24
-0.176
-0.019
0.034
0.135
-0.098
-0.103
0.039
0.048
0.088
0.066
-0.011
0.22
0.191
0.238
0.151
0.149
0.249
0.208
0.107
0.21
0.143
0.206
0.025
-0.094
-0.126
-0.254
-0.107
-0.075
-0.12
-0.256
-0.259
-0.575
-0.56
-0.814
-0.763
-0.861
-0.893
-0.807
-0.84
-0.765
-0.873
-0.708
-0.756
-0.906
-0.964
-0.869
-0.744
-0.765
-0.504
-0.689
-0.529
-0.344
-0.111
-0.059
-0.09
-0.09
0.062
0.208
0.261
0.449
0.307
0.381
0.479
0.464
0.568
0.482
0.43
0.419
0.427
0.199
0.235
0.215
0.046
0.011
-0.107
-0.21
-0.024
-0.181
-0.239
-0.19
-0.271
-0.165
0.052
-0.152
0.044
0.161
0.164
0.056
0.164
0.126
0.109
0.295
0.226
0.18
0.095
0.007
0.05
-0.17
-0.189
-0.099
-0.241
-0.249
-0.355
-0.343
-0.386
-0.459
-0.246
-0.221
-0.072
0.046
-0.004
0.119
0.171
0.326
0.324
0.239
0.077
0.188
0.107
0.37
0.419
0.475
0.57
0.589
0.603
0.555
0.584
0.626
0.576
0.53
0.406
0.299
0.406
0.229
0.231
0.161
0.215
0.024
-0.049
-0.04
0.062
0.165
0.343
0.24
0.414
0.547
0.669
0.665
0.531
0.698
0.541
0.594
0.876
0.686
0.864
0.959
0.87
0.839
0.941
0.804
0.6
0.85
0.829
1.002
0.792
0.911
0.736
0.626
0.615
0.583
0.473
0.443
0.344
0.245
0.344
0.37
0.256
0.348
0.302
0.323
0.289
0.346
0.438
0.154
-0.01
0.22
0.181
0.264
0.326
0.372
0.351
0.435
0.416
0.364
0.39
0.524
0.399
0.357
0.166
0.128
0.106
0.001
0.028
-0.205
-0.092
-0.074
-0.013
0.0
0.058
0.251
0.056
-0.076
-0.16
-0.154
-0.199
-0.474
-0.39
-0.545
-0.623
-0.574
-0.524
-0.465
-0.395
-0.511
-0.365
-0.495
-0.384
-0.394
-0.441
-0.301
-0.355
-0.338
-0.284
-0.338
-0.429
-0.422
-0.436
-0.283
-0.319
-0.259
-0.24
-0.121
-0.166
-0.276
-0.291
-0.181
-0.105
-0.103
-0.164
-0.025
0.06
0.18
0.125
0.143
0.176
0.235
0.323
0.214
0.18
0.23
0.275
0.519
0.576
0.578
0.575
0.362
0.285
0.24
0.245
0.152
0.126
0.196
0.101
0.17
0.196
0.08
-0.049
-0.011
0.011
0.095
0.155
0.084
0.15
-0.135
-0.323
-0.194
-0.259
-0.376
-0.362
-0.451
-0.206
-0.245
-0.104
-0.07
-0.025
-0.074
-0.055
-0.107
-0.16
-0.094
-0.261
-0.159
-0.071
-0.115
-0.069
-0.211
-0.022
-0.163
-0.18
-0.124
-0.135
-0.214
-0.249
-0.359
-0.288
-0.304
-0.301
-0.196
-0.537
-0.44
-0.585
-0.514
-0.799
-0.791
-0.704
-0.711
-0.72
-0.796
-0.938
-0.905
-0.91
-1.12
-1.088
-0.805
-1.008
-0.941
-0.782
-0.718
-0.638
-0.628
-0.579
-0.497
-0.424
-0.454
-0.451
-0.234
-0.099
0.071
-0.034
-0.024
0.039
-0.01
-0.058
-0.091
-0.21
-0.461
-0.365
-0.461
-0.404
-0.384
-0.534
-0.431
-0.708
-0.859
-0.922
-0.804
-0.704
-0.753
-0.82
-0.824
-0.805
-0.779
-0.624
-0.713
-0.72
-0.733
-0.724
-0.729
-0.661
-0.594
-0.448
-0.61
-0.295
-0.421
-0.386
-0.2
-0.16
-0.072
0.036
0.01
0.217
0.388
0.224
0.254
0.054
0.154
0.034
0.104
0.171
0.14
0.138
0.107
0.2
0.099
0.11
0.111
0.174
0.131
0.083
0.126
-0.033
-0.096
-0.056
-0.12
-0.276
-0.244
-0.35
-0.406
-0.588
-0.741
-0.701
-0.628
-0.626
-0.662
-0.636
-0.57
-0.583
-0.525
-0.739
-0.8
-0.61
-0.74
-0.693
-0.53
-0.57
-0.516
-0.485
-0.527
-0.458
-0.463
-0.489
-0.312
-0.361
-0.239
-0.061
-0.043
0.101
0.065
0.24
0.185
0.011
0.169
0.081
0.264
0.234
0.194
0.223
0.306
0.52
0.573
0.623
0.559
0.525
0.531
0.525
0.639
0.657
0.689
0.642
0.398
0.432
0.26
0.35
0.231
0.121
0.094
-0.01
0.155
-0.018
-0.003
0.24
0.141
0.335
0.168
-0.001
0.136
0.071
0.221
0.247
0.31
0.547
0.453
0.47
0.449
0.601
0.481
0.703
0.636
0.5
0.573
0.366
0.331
0.104
0.13
0.124
0.165
0.061
0.011
-0.092
-0.146
-0.109
-0.304
-0.367
-0.306
-0.41
-0.432
-0.465
-0.449
-0.51
-0.54
-0.496
-0.341
-0.374
-0.333
-0.355
-0.411
-0.505
-0.463
-0.321
-0.215
-0.085
-0.14
-0.118
-0.072
-0.239
-0.206
-0.422
-0.216
-0.236
-0.206
-0.071
0.014
-0.036
-0.23
-0.302
-0.226
-0.166
-0.212
-0.141
-0.226
-0.049
-0.092
0.007
-0.04
-0.036
-0.048
-0.055
-0.084
-0.199
-0.174
-0.231
-0.149
-0.147
-0.154
-0.256
-0.08
0.092
0.019
0.07
-0.052
-0.241
0.031
-0.022
0.079
0.014
-0.046
0.007
0.022
0.124
0.043
0.228
-0.026
0.334
0.147
0.094
0.294
0.346
0.231
0.151
0.022
-0.039
-0.071
-0.136
-0.288
-0.296
-0.195
-0.29
-0.261
-0.236
-0.17
-0.076
-0.094
-0.006
-0.039
0.141
0.36
0.334
0.411
0.422
0.639
0.595
0.581
0.64
0.578
0.465
0.345
0.471
0.434
0.546
0.6
0.685
0.79
0.754
0.664
0.672
0.666
0.611
0.557
0.535
0.361
0.391
0.374
0.351
0.401
0.215
0.043
-0.028
0.051
-0.128
-0.125
-0.086
-0.224
-0.135
-0.184
-0.198
-0.22
-0.174
-0.297
-0.331
-0.408
-0.195
-0.088
-0.223
-0.301
-0.541
-0.386
-0.44
-0.325
-0.336
-0.276
-0.26
-0.445
-0.364
-0.415
-0.261
-0.343
-0.12
-0.107
-0.05
-0.045
-0.028
0.126
0.231
0.156
0.009
0.119
-0.048
0.062
-0.105
-0.029
-0.158
-0.289
-0.185
-0.301
-0.393
-0.229
-0.169
-0.136
-0.107
-0.135
-0.224
-0.039
-0.016
-0.046
0.005
0.01
-0.037
0.029
0.09
0.116
0.046
-0.009
-0.01
-0.059
0.0
-0.059
-0.094
-0.071
-0.096
-0.215
-0.166
-0.199
-0.228
-0.135
-0.29
-0.215
-0.208
-0.122
-0.217
-0.21
-0.323
-0.335
-0.334
-0.343
-0.369
-0.241
-0.346
-0.29
-0.314
-0.255
-0.32
-0.169
-0.215
-0.134
-0.182
-0.234
-0.271
-0.075
0.071
-0.006
0.143
0.152
0.106
0.208
-0.106
-0.081
-0.176
-0.099
-0.122
-0.238
-0.195
-0.084
0.024
-0.084
-0.128
-0.281
-0.158
-0.158
-0.18
-0.139
-0.045
0.013
-0.021
0.005
0.028
0.138
0.186
0.24
0.29
0.249
0.398
0.444
0.471
0.5
0.474
0.49
0.348
0.269
0.04
0.064
0.291
0.354
0.522
0.458
0.143
0.135
0.229
0.106
0.214
0.07
0.101
0.177
0.105
0.133
0.185
0.215
0.234
0.26
0.319
0.38
0.525
0.509
0.54
0.508
0.63
0.829
0.81
0.726
0.698
0.581
0.71
0.551
0.539
0.388
0.319
0.181
0.109
0.191
0.026
0.044
0.0
0.215
0.101
0.165
0.089
0.08
0.071
-0.114
-0.145
-0.29
-0.38
-0.585
-0.566
-0.406
-0.53
-0.584
-0.65
-0.416
-0.491
-0.529
-0.491
-0.585
-0.561
-0.685
-0.61
-0.503
-0.39
-0.331
-0.294
-0.226
-0.181
-0.089
-0.135
-0.092
-0.135
-0.114
-0.09
-0.169
-0.07
-0.14
-0.125
-0.106
-0.177
-0.196
-0.085
-0.176
-0.126
-0.048
-0.105
-0.033
-0.016
-0.03
-0.031
-0.079
-0.144
-0.083
0.019
-0.095
-0.004
-0.141
-0.083
-0.052
-0.052
0.01
-0.276
-0.114
-0.2
-0.061
-0.062
-0.088
0.08
0.228
0.031
0.022
0.143
0.226
0.357
0.4
0.35
0.372
0.445
0.492
0.439
0.36
0.271
0.371
0.411
0.505
0.432
0.512
0.453
0.515
0.432
0.378
0.356
0.344
0.306
0.24
0.122
-0.004
-0.07
-0.034
-0.091
-0.069
-0.266
-0.103
-0.203
-0.122
-0.049
-0.119
0.116
-0.17
-0.064
0.055
0.161
0.198
0.274
0.315
0.209
0.241
0.346
0.196
0.281
0.32
0.461
0.585
0.474
0.557
0.416
0.441
0.295
0.466
0.825
0.485
0.629
0.594
0.51
0.47
0.561
0.496
0.534
0.466
0.345
0.389
0.264
0.226
0.22
0.217
-0.083
0.052
0.182
0.077
0.205
-0.022
-0.074
0.085
0.135
0.095
0.341
0.216
0.133
0.126
0.163
0.236
0.107
0.212
0.258
0.253
0.335
0.302
0.164
0.352
0.27
0.292
0.364
0.247
0.155
0.233
-0.022
-0.065
0.045
0.084
0.009
0.081
0.083
-0.003
0.164
0.164
0.094
0.253
0.285
0.424
0.329
0.343
0.446
0.36
0.431
0.503
0.468
0.41
0.489
0.395
0.288
0.302
0.312
0.475
0.4
0.296
0.256
0.268
0.312
0.398
0.281
0.546
0.516
0.623
0.561
0.439
0.427
0.503
0.786
0.795
0.812
0.836
0.92
0.944
1.004
0.988
0.963
0.8
0.826
0.905
0.876
1.005
0.756
0.611
0.585
0.445
0.449
0.346
0.499
0.432
0.325
0.269
0.203
0.274
0.463
0.444
0.356
0.233
0.118
0.168
0.246
0.199
0.163
0.264
0.247
0.307
0.396
0.182
0.085
0.051
0.189
-0.025
-0.029
-0.015
0.159
0.17
0.26
0.265
0.258
0.284
0.396
0.336
0.519
0.499
0.594
0.654
0.638
0.704
0.716
0.75
0.797
0.759
1.068
0.988
1.242
1.188
1.131
1.062
1.01
0.897
0.861
0.84
0.794
0.811
0.619
0.629
0.583
0.474
0.67
0.851
0.771
0.784
0.744
0.781
0.664
0.863
0.656
0.745
0.879
0.951
1.03
1.377
1.221
1.395
1.385
1.377
1.376
1.251
1.194
1.18
0.944
1.008
1.069
0.907
0.675
0.689
0.856
1.009
0.866
0.746
0.765
0.546
0.611
0.652
0.545
0.588
0.654
0.53
0.49
0.474
0.62
0.464
0.57
0.475
0.45
0.532
0.426
0.473
0.463
0.434
0.478
0.441
0.361
0.309
0.229
0.216
0.113
0.128
0.263
0.55
0.729
0.628
0.531
0.705
0.856
0.921
0.951
1.008
1.129
1.038
0.814
0.829
0.605
0.65
0.604
0.64
0.616
0.677
0.672
0.676
0.522
0.52
0.537
0.415
0.364
0.516
0.425
0.413
0.596
0.664
0.484
0.334
0.448
0.301
0.28
0.186
0.098
0.101
0.258
0.264
0.289
0.189
0.188
0.163
0.186
-0.014
-0.144
0.026
0.119
-0.166
-0.312
-0.325
-0.623
-0.751
-0.376
-0.573
-0.566
-0.535
-0.61
-0.685
-0.503
-0.644
-0.544
-0.426
-0.378
-0.361
-0.49
-0.355
-0.356
-0.274
-0.225
-0.191
-0.211
-0.154
-0.034
-0.035
0.19
0.124
0.201
0.193
0.152
0.285
0.479
0.614
0.644
0.606
0.566
0.662
0.624
0.482
0.557
0.431
0.619
0.568
0.537
0.686
0.791
0.784
0.771
0.649
0.571
0.618
0.491
0.422
0.376
0.405
0.225
0.281
0.046
0.083
-0.045
-0.072
-0.219
-0.24
-0.489
-0.656
-0.686
-0.92
-0.756
-0.846
-0.926
-0.698
-0.671
-0.89
-0.647
-0.815
-0.659
-0.765
-0.511
-0.416
-0.224
-0.273
-0.319
-0.181
-0.149
-0.251
-0.171
-0.445
-0.268
-0.255
-0.246
-0.185
-0.159
0.01
-0.04
-0.014
-0.198
-0.064
-0.066
-0.279
-0.256
-0.015
0.021
-0.203
0.009
-0.13
-0.096
-0.118
-0.37
-0.27
-0.41
-0.345
-0.48
-0.375
-0.401
-0.573
-0.789
-0.745
-0.608
-0.555
-0.427
-0.446
-0.225
-0.247
-0.314
-0.345
-0.652
-0.547
-0.549
-0.568
-0.719
-0.642
-0.571
-0.671
-0.614
-0.735
-0.43
-0.235
-0.1
-0.173
-0.064
0.021
0.264
0.154
0.263
0.215
0.281
0.269
0.355
0.349
0.25
0.198
-0.175
-0.307
-0.226
-0.17
-0.039
0.024
0.061
0.013
0.094
0.208
0.379
0.28
0.334
0.482
0.348
0.474
0.341
0.346
0.304
0.049
-0.07
-0.224
-0.231
-0.383
-0.395
-0.401
-0.064
-0.139
-0.185
-0.349
-0.425
-0.536
-0.705
-0.734
-0.539
-0.405
-0.584
-0.859
-0.812
-0.939
-1.002
-0.799
-0.8
-0.738
-0.679
-0.756
-0.868
-0.924
-0.955
-0.753
-0.704
-0.708
-0.801
-0.763
-0.858
-0.73
-0.718
-0.787
-0.344
-0.199
0.019
0.161
0.069
-0.036
-0.037
-0.128
-0.214
0.024
0.081
0.236
0.281
0.214
0.42
0.318
0.422
0.125
0.0
-0.026
-0.07
-0.007
-0.081
-0.003
-0.18
-0.155
-0.259
-0.283
-0.296
-0.321
-0.351
-0.226
-0.103
-0.176
-0.251
-0.268
-0.06
-0.225
-0.043
-0.076
-0.31
-0.312
-0.524
-0.605
-0.61
-0.753
-0.564
-0.569
-0.424
-0.482
-0.494
-0.409
-0.338
-0.242
-0.139
-0.146
-0.18
-0.199
-0.059
-0.101
0.003
0.071
0.185
0.152
0.138
0.064
-0.034
-0.011
-0.113
-0.094
-0.144
-0.056
0.072
-0.021
0.147
-0.022
-0.175
-0.241
-0.134
-0.265
-0.38
-0.261
-0.266
-0.339
-0.31
-0.35
-0.425
-0.57
-0.505
-0.555
-0.796
-0.579
-0.864
-0.874
-0.939
-1.029
-1.055
-0.96
-0.927
-0.78
-0.766
-0.508
-0.583
-0.545
-0.474
-0.589
-0.413
-0.458
-0.44
-0.35
-0.375
-0.253
-0.214
-0.261
-0.139
-0.098
0.014
0.055
0.284
0.194
0.241
0.107
0.15
-0.075
-0.119
-0.105
-0.041
0.013
-0.016
0.033
-0.01
0.015
0.198
0.214
0.226
0.26
0.163
0.11
0.121
0.134
0.119
0.309
0.146
0.072
-0.139
-0.184
-0.225
-0.109
-0.176
-0.136
0.049
0.077
0.119
0.114
0.001
-0.105
-0.001
-0.12
-0.006
0.113
0.208
0.396
0.576
0.591
0.655
0.63
0.59
0.552
0.49
0.283
0.343
0.297
0.385
0.316
0.372
0.449
0.329
0.325
0.291
0.215
0.089
0.174
0.351
0.195
0.316
0.406
0.299
0.357
0.329
0.335
0.226
0.43
0.304
0.334
0.214
0.214
0.334
0.45
0.346
0.253
0.304
0.21
0.077
0.229
0.114
0.195
0.035
-0.111
-0.247
-0.286
-0.478
-0.583
-0.704
-0.721
-0.58
-0.594
-0.665
-0.728
-0.82
-0.723
-0.922
-0.844
-0.848
-0.724
-0.686
-0.703
-0.76
-0.681
-0.731
-0.873
-0.868
-0.946
-1.048
-0.994
-0.897
-0.876
-0.805
-0.691
-0.686
-0.634
-0.65
-0.557
-0.7
-0.766
-0.73
-0.414
-0.429
-0.413
-0.334
-0.41
-0.468
-0.546
-0.755
-0.61
-0.733
-0.694
-0.765
-0.666
-0.718
-0.61
-0.524
-0.416
-0.182
-0.125
-0.229
-0.094
-0.149
-0.151
-0.056
-0.021
0.013
0.086
-0.014
0.103
0.1
-0.03
-0.138
-0.203
-0.049
-0.174
-0.169
-0.156
0.024
0.143
0.019
-0.074
-0.168
-0.077
-0.048
-0.139
-0.195
-0.28
-0.415
-0.386
-0.606
-0.601
-0.688
-0.671
-0.601
-0.425
-0.489
-0.348
-0.35
-0.326
-0.226
-0.212
-0.219
-0.422
-0.395
-0.474
-0.598
-0.559
-0.526
-0.519
-0.519
-0.405
-0.539
-0.465
-0.479
-0.47
-0.375
-0.451
-0.275
-0.27
-0.294
-0.333
-0.343
-0.354
-0.35
-0.339
-0.133
0.075
0.045
0.028
-0.116
-0.15
-0.029
0.052
-0.019
-0.114
-0.224
-0.15
-0.255
-0.23
-0.065
-0.386
-0.136
-0.304
-0.281
-0.435
-0.52
-0.547
-0.677
-0.941
-0.729
-0.633
-0.724
-0.57
-0.583
-0.552
-0.561
-0.53
-0.458
-0.444
-0.393
-0.316
-0.296
-0.121
-0.037
-0.084
-0.003
0.065
0.22
0.226
0.193
0.364
0.525
0.512
0.474
0.405
0.411
0.386
0.401
0.405
0.281
0.214
0.19
0.026
0.179
0.188
0.007
0.094
-0.051
-0.134
-0.247
-0.325
-0.376
-0.455
-0.406
-0.451
-0.159
-0.214
-0.21
-0.139
-0.134
-0.048
-0.079
0.076
0.14
0.158
0.138
0.022
0.056
0.077
0.049
0.135
0.159
0.081
0.075
0.146
0.177
0.139
0.166
0.241
0.424
0.352
0.405
0.369
0.508
0.43
0.552
0.585
0.634
0.59
0.521
0.425
0.398
0.413
0.205
0.279
0.372
0.514
0.166
0.005
0.146
0.071
-0.018
0.041
0.122
-0.013
-0.083
-0.029
-0.06
-0.058
-0.015
-0.043
0.104
-0.043
-0.062
-0.085
0.026
-0.025
0.056
0.193
0.174
0.003
-0.103
-0.03
-0.114
-0.158
-0.133
-0.075
0.009
-0.004
-0.015
0.04
0.062
0.169
0.305
0.343
0.315
0.236
0.193
0.179
0.026
-0.179
-0.099
-0.348
-0.299
-0.371
-0.429
-0.549
-0.594
-0.456
-0.234
-0.334
-0.299
-0.275
-0.216
-0.208
-0.216
0.05
0.301
0.454
0.31
0.146
0.365
0.275
0.546
0.578
0.564
0.531
0.594
0.661
0.623
0.434
0.535
0.486
0.74
0.599
0.404
0.233
0.164
0.06
0.007
-0.069
0.024
0.135
-0.018
-0.21
-0.083
-0.04
-0.018
0.175
-0.029
-0.147
-0.274
-0.357
-0.335
-0.411
-0.596
-0.27
-0.205
-0.331
-0.12
-0.166
-0.159
0.007
-0.028
0.121
0.193
0.103
0.061
0.12
0.259
0.371
0.439
0.405
0.584
0.62
0.469
0.506
0.588
0.552
0.556
0.595
0.288
0.3
0.233
0.079
0.201
0.034
0.091
-0.166
-0.014
0.022
0.031
-0.089
-0.256
-0.265
-0.328
-0.211
-0.331
-0.283
-0.247
-0.171
-0.188
-0.311
-0.161
-0.279
-0.524
-0.215
-0.6
-0.561
-0.624
-0.67
-0.68
-0.494
-0.55
-0.55
-0.531
-0.58
-0.629
-0.48
-0.376
-0.364
-0.182
-0.106
0.03
0.006
-0.163
-0.361
-0.099
-0.145
-0.17
-0.051
0.033
0.081
0.084
0.171
0.134
0.144
0.186
0.11
0.147
0.189
0.203
0.154
0.328
0.478
0.21
0.448
0.411
0.5
0.409
0.44
0.408
0.662
0.531
0.606
0.49
0.411
0.121
0.236
0.259
0.312
0.33
0.398
0.354
0.284
0.107
0.214
0.044
0.02
0.007
0.115
0.015
0.296
0.25
0.32
0.364
0.175
0.2
0.294
0.094
0.159
0.01
0.269
0.304
0.17
0.199
0.026
0.159
0.03
0.238
-0.019
-0.299
-0.099
0.126
0.149
0.2
0.206
0.198
0.177
0.331
0.279
0.295
0.292
0.15
0.164
0.028
0.361
0.255
0.225
0.099
0.323
0.369
0.229
0.241
0.07
0.01
0.122
0.226
0.111
0.11
-0.055
-0.02
0.056
0.004
-0.217
-0.165
-0.196
-0.048
-0.258
-0.268
-0.251
-0.351
-0.081
-0.124
-0.245
0.084
-0.247
-0.041
0.141
0.126
0.209
0.454
0.28
0.385
0.302
0.2
0.496
0.401
0.425
0.606
0.675
0.636
0.834
0.609
0.721
0.688
0.779
0.75
0.769
0.988
0.969
1.01
1.022
0.944
0.86
0.999
0.963
1.0
1.169
1.189
1.333
1.444
1.463
1.235
1.446
1.394
1.51
1.395
1.278
0.984
1.059
1.196
1.175
1.086
0.938
1.083
1.089
1.18
1.062
1.068
1.2
1.175
0.988
1.021
1.105
0.938
0.963
0.87
0.695
0.666
0.729
0.695
0.86
0.699
0.791
0.652
0.846
0.499
0.461
0.38
0.436
0.647
0.54
0.8
0.938
0.971
1.15
0.851
1.018
0.88
0.865
0.894
0.854
0.966
1.055
1.1
1.171
1.285
1.146
1.123
0.958
1.15
1.166
1.193
1.049
0.939
0.876
0.921
1.074
1.03
1.04
1.153
1.171
1.296
1.335
1.526
1.414
1.545
1.416
1.532
1.759
1.686
1.479
1.466
1.509
1.434
1.42
1.256
1.133
1.081
1.071
0.935
1.176
1.248
1.288
1.326
1.157
1.054
1.111
1.11
1.022
0.828
0.963
1.018
0.754
0.761
0.688
0.534
0.425
0.417
0.45
0.28
0.703
0.529
0.395
0.51
0.354
0.641
0.591
0.635
0.654
0.851
0.689
0.8
0.84
0.811
0.754
0.726
0.522
0.321
0.371
0.751
0.804
0.893
0.736
0.894
1.014
0.576
0.217
0.461
0.606
0.565
0.66
0.698
0.49
0.427
0.552
0.487
0.57
0.581
0.471
0.504
0.6
0.756
0.846
0.723
0.601
0.631
0.739
0.795
0.809
0.873
0.873
0.925
0.745
0.864
0.899
0.963
0.919
0.666
0.614
0.759
0.897
0.667
0.733
0.591
0.58
0.574
0.535
0.344
0.229
0.185
0.214
0.3
0.201
0.104
0.273
-0.209
-0.016
-0.095
-0.356
-0.37
-0.32
-0.455
-0.497
-0.456
-0.469
-0.38
-0.473
-0.591
-0.645
-0.841
-0.802
-1.061
-1.155
-1.076
-0.871
-1.124
-1.039
-1.075
-0.983
-0.869
-0.915
-0.714
-0.551
-0.68
-0.583
-0.28
-0.325
-0.422
-0.429
-0.28
-0.27
-0.118
-0.064
-0.185
-0.174
-0.324
-0.156
-0.099
-0.161
-0.244
-0.31
-0.311
-0.4
-0.354
-0.23
-0.626
-0.661
-1.002
-0.963
-0.835
-0.961
-0.993
-1.215
-1.353
-1.466
-1.32
-1.205
-1.179
-1.121
-1.318
-1.329
-1.323
-1.195
-1.021
-1.049
-0.994
-0.797
-0.818
-0.664
-0.61
-0.54
-0.376
-0.236
-0.15
-0.292
-0.325
-0.36
-0.542
-0.338
-0.417
-0.323
-0.292
-0.349
-0.279
-0.425
-0.444
-0.301
-0.23
-0.394
-0.296
-0.122
-0.325
-0.15
-0.046
0.328
0.091
0.24
0.051
0.154
0.201
0.245
0.296
0.152
0.109
0.036
0.061
0.009
-0.231
-0.208
-0.444
-0.52
-0.598
-0.609
-0.575
-0.79
-0.728
-0.635
-0.624
-0.703
-0.835
-0.945
-1.014
-0.96
-0.988
-0.974
-1.115
-0.978
-1.066
-1.046
-0.953
-0.88
-0.802
-1.018
-0.7
-0.649
-0.566
-0.573
-0.55
-0.566
-0.5
-0.537
-0.27
-0.321
-0.413
-0.107
-0.215
-0.158
-0.251
-0.23
-0.21
-0.149
-0.004
0.021
0.037
0.256
0.26
0.231
0.598
0.289
0.219
-0.013
-0.254
-0.264
-0.344
-0.229
-0.181
-0.104
-0.034
-0.049
-0.177
-0.215
-0.491
-0.292
-0.416
-0.38
-0.046
0.035
0.266
0.535
0.619
0.655
0.886
0.897
0.844
0.994
1.147
1.167
1.163
1.176
1.115
1.109
1.126
1.083
1.026
1.094
0.714
0.461
0.279
0.281
0.138
-0.015
-0.014
-0.114
-0.29
-0.166
-0.141
-0.323
-0.307
-0.133
-0.36
-0.31
-0.325
-0.281
-0.32
-0.349
-0.352
-0.289
-0.367
-0.479
-0.623
-0.481
-0.361
-0.247
-0.119
-0.115
-0.374
-0.31
-0.283
-0.092
0.151
0.145
0.147
0.406
0.351
0.164
0.295
0.318
0.38
0.334
0.316
0.378
0.343
0.189
-0.147
-0.118
-0.203
-0.274
-0.367
-0.288
-0.311
-0.391
-0.319
-0.273
-0.194
-0.224
-0.19
-0.247
-0.101
-0.168
-0.018
-0.036
-0.052
-0.09
-0.116
-0.135
-0.034
-0.029
0.101
-0.083
-0.06
-0.006
-0.307
-0.438
-0.776
-0.839
-0.801
-0.583
-0.508
-0.596
-0.585
-0.679
-0.645
-0.677
-0.623
-0.544
-0.489
-0.46
-0.52
-0.581
-0.641
-0.574
-0.576
-0.421
-0.471
-0.446
-0.661
-0.864
-0.845
-1.091
-0.981
-1.097
-1.151
-1.201
-1.141
-1.146
-1.209
-0.998
-0.874
-0.571
-0.374
-0.432
-0.496
-0.367
-0.177
-0.193
0.054
0.09
0.194
0.29
0.338
0.506
0.496
0.385
0.415
0.421
0.231
0.238
-0.136
0.025
0.051
-0.041
0.048
-0.061
0.019
-0.205
-0.307
-0.416
-0.305
-0.177
-0.36
-0.236
-0.214
-0.292
-0.223
-0.253
-0.171
-0.176
-0.22
-0.173
-0.069
-0.196
-0.08
-0.105
-0.141
-0.156
-0.2
-0.352
-0.474
-0.453
-0.58
-0.583
-0.633
-0.604
-0.415
-0.551
-0.68
-0.855
-0.759
-0.922
-0.815
-0.682
-0.693
-0.659
-0.895
-0.825
-0.831
-0.807
-0.861
-0.785
-0.68
-0.571
-0.408
-0.21
-0.4
-0.214
-0.33
-0.32
-0.341
-0.401
-0.497
-0.646
-0.789
-0.823
-0.799
-0.57
-0.651
-0.619
-0.511
-0.639
-0.468
-0.6
-0.715
-0.794
-0.754
-0.724
-0.759
-0.738
-0.649
-0.611
-0.59
-0.561
-0.598
-0.535
-0.591
-0.509
-0.682
-0.408
-0.381
-0.355
-0.165
-0.05
-0.048
0.113
-0.104
-0.163
-0.09
-0.059
-0.02
0.034
-0.006
0.101
0.084
-0.09
-0.211
-0.263
-0.245
-0.316
-0.439
-0.564
-0.52
-0.49
-0.696
-0.71
-0.66
-0.58
-0.625
-0.564
-0.527
-0.492
-0.439
-0.383
-0.503
-0.299
-0.486
-0.295
-0.265
-0.166
-0.189
0.001
0.039
0.039
0.236
-0.011
0.226
0.31
0.31
0.276
0.288
0.361
0.345
0.334
0.259
0.278
0.436
0.352
0.464
0.415
0.389
0.234
0.062
-0.009
0.106
0.101
0.095
0.174
0.271
0.324
0.352
0.246
0.23
0.271
0.091
0.092
0.01
0.208
0.089
-0.098
-0.18
-0.159
-0.244
-0.199
-0.105
-0.101
-0.118
-0.288
-0.193
-0.404
-0.323
-0.212
-0.235
-0.141
0.025
-0.003
0.049
0.111
0.09
-0.009
0.001
-0.144
0.139
0.034
-0.039
-0.175
-0.109
0.044
0.081
0.138
0.155
0.249
0.208
0.036
0.083
0.201
0.361
0.268
0.077
0.134
0.265
0.107
0.174
0.226
0.12
0.263
0.177
0.249
0.285
0.139
0.099
0.182
-0.001
-0.058
-0.186
-0.005
0.113
0.001
-0.018
0.084
0.08
0.016
0.006
-0.151
-0.182
-0.103
-0.264
-0.219
-0.11
-0.141
-0.316
-0.326
-0.329
-0.314
-0.226
-0.084
-0.084
0.12
0.236
0.136
0.173
0.188
0.231
0.184
0.058
0.181
0.136
0.292
0.263
0.199
0.331
0.381
0.425
0.323
0.403
0.351
0.415
0.371
0.066
-0.009
-0.055
-0.184
-0.124
-0.21
-0.245
-0.302
-0.288
-0.415
-0.266
-0.159
-0.151
-0.103
-0.32
-0.266
-0.542
-0.591
-0.662
-0.552
-0.566
-0.753
-0.834
-0.733
-0.835
-0.896
-0.888
-0.726
-0.84
-0.902
-0.802
-0.711
-0.677
-0.652
-0.672
-0.719
-0.685
-0.591
-0.559
-0.494
-0.355
-0.369
-0.434
-0.535
-0.366
-0.449
-0.24
-0.08
-0.199
-0.239
-0.388
-0.269
-0.21
-0.175
-0.154
-0.091
0.141
0.146
0.021
-0.055
-0.221
-0.101
0.014
0.006
-0.024
-0.121
-0.086
-0.311
-0.054
-0.138
0.033
0.177
0.33
0.299
0.201
0.224
0.04
0.071
0.005
-0.055
-0.17
-0.315
-0.311
-0.439
-0.479
-0.47
-0.421
-0.495
-0.391
-0.211
-0.071
-0.065
0.007
0.079
0.094
0.152
0.064
0.061
-0.095
0.037
-0.265
-0.27
-0.199
-0.149
-0.039
0.083
-0.016
0.061
-0.189
-0.278
-0.26
-0.161
-0.3
-0.236
-0.109
-0.139
-0.133
-0.291
-0.1
-0.098
0.214
0.244
0.416
0.444
0.189
0.089
0.0
0.203
0.209
0.292
0.077
0.16
0.344
0.431
0.562
0.609
0.504
0.595
0.63
0.635
0.573
0.51
0.44
0.401
0.432
0.398
0.381
0.329
0.374
0.186
0.214
0.064
0.15
0.323
0.314
0.465
0.464
0.403
0.177
0.146
0.109
0.135
0.198
0.274
0.385
0.417
0.456
0.545
0.41
0.53
0.499
0.446
0.234
0.341
0.256
0.17
0.2
0.346
0.261
0.185
0.504
0.307
0.443
0.419
0.185
0.236
-0.128
0.124
0.041
0.024
0.095
-0.009
0.022
-0.125
-0.086
-0.051
-0.159
0.028
-0.043
0.286
0.305
0.225
0.328
0.193
0.475
0.318
0.356
0.536
0.715
0.686
0.574
0.674
0.649
0.642
0.749
0.736
0.751
0.883
