-0.539
-0.62
-0.654
-0.856
-0.938
-0.885
-0.984
-0.792
-0.686
-0.726
-0.549
-0.378
-0.403
-0.238
-0.413
-0.481
-0.329
-0.196
-0.196
-0.333
-0.324
-0.216
-0.324
-0.403
-0.264
-0.185
-0.083
-0.056
-0.124
-0.064
-0.066
-0.059
0.059
0.081
0.101
-0.319
-0.364
-0.403
-0.588
-0.559
-0.179
-0.323
-0.306
-0.394
-0.306
-0.344
-0.504
-0.448
-0.384
-0.421
-0.384
-0.486
-0.554
-0.666
-0.641
-0.435
-0.294
-0.188
-0.104
-0.124
-0.152
-0.164
-0.171
-0.071
0.106
0.249
-0.135
0.034
-0.125
-0.253
-0.224
-0.268
-0.393
-0.41
-0.555
-0.44
-0.367
-0.441
-0.481
-0.465
-0.464
-0.464
-0.549
-0.54
-0.484
-0.346
-0.191
-0.209
-0.195
-0.088
-0.034
-0.235
-0.217
-0.152
0.09
-0.013
0.113
0.022
0.006
0.11
0.026
0.103
0.125
0.191
0.258
0.184
0.229
0.206
0.181
0.163
0.294
0.524
0.37
0.234
0.381
0.43
0.464
0.47
0.475
0.547
0.599
0.669
0.758
0.532
0.546
0.333
0.23
0.033
-0.305
-0.25
-0.171
-0.173
-0.096
-0.223
-0.085
0.059
0.099
-0.013
-0.161
-0.429
-0.199
-0.41
-0.459
-0.251
-0.234
-0.343
-0.264
-0.18
-0.133
-0.044
0.22
-0.061
-0.084
-0.199
-0.188
-0.415
-0.486
-0.466
-0.431
-0.306
-0.19
-0.089
-0.129
0.044
-0.022
0.045
0.065
0.149
0.408
0.501
0.571
0.647
0.716
0.736
0.713
0.751
0.583
0.379
0.098
0.044
0.205
0.08
0.005
-0.048
-0.256
-0.288
-0.478
-0.473
-0.562
-0.59
-0.536
-0.536
-0.666
-0.896
-0.946
-0.818
-0.863
-0.711
-0.618
-0.569
-0.511
-0.527
-0.657
-0.606
-0.47
-0.398
-0.478
-0.355
-0.454
-0.328
-0.296
-0.365
-0.239
-0.156
-0.155
-0.219
-0.451
-0.489
-0.369
-0.375
-0.443
-0.403
-0.471
-0.552
-0.666
-0.85
-0.955
-0.965
-0.829
-0.739
-0.764
-0.699
-0.735
-0.779
-0.895
-0.946
-0.718
-0.58
-0.516
-0.585
-0.432
-0.417
-0.579
-0.54
-0.194
-0.143
-0.125
-0.077
-0.25
-0.158
-0.169
-0.122
-0.125
0.113
0.064
0.226
0.156
0.275
0.535
0.494
0.777
0.667
0.704
0.666
0.667
0.851
0.677
0.546
0.51
0.268
0.346
0.261
0.564
0.614
0.52
0.544
0.529
0.611
0.651
0.659
0.979
0.829
0.924
0.915
0.839
0.79
0.595
0.389
0.288
-0.131
-0.113
-0.242
-0.15
0.056
-0.015
-0.04
-0.17
-0.116
-0.348
-0.44
-0.391
-0.401
-0.445
-0.596
-0.68
-0.544
-0.614
-0.745
-0.626
-0.443
-0.266
-0.398
-0.606
-0.584
-0.549
-0.606
-0.519
-0.384
-0.156
-0.244
-0.219
-0.416
-0.27
-0.238
-0.231
-0.201
-0.052
-0.176
-0.188
-0.13
-0.343
-0.357
-0.007
-0.18
-0.147
-0.188
-0.215
-0.375
-0.445
-0.443
-0.439
-0.573
-0.481
-0.344
-0.334
-0.285
-0.45
-0.338
-0.459
-0.478
-0.544
-0.394
-0.357
-0.393
-0.403
-0.453
-0.319
-0.171
-0.329
-0.106
-0.092
-0.065
-0.003
0.024
0.225
0.233
0.289
0.122
0.056
0.036
-0.086
-0.052
0.039
0.36
0.198
0.255
0.359
0.069
0.179
0.089
-0.036
-0.116
-0.244
-0.114
-0.116
-0.052
-0.146
0.074
-0.005
0.075
-0.062
-0.309
-0.226
-0.125
-0.126
-0.043
0.013
0.011
0.009
0.024
-0.122
-0.081
-0.018
-0.118
-0.09
-0.129
-0.251
-0.144
-0.191
-0.171
-0.288
-0.139
-0.066
-0.173
0.081
0.009
0.095
0.024
-0.07
0.026
-0.159
-0.098
-0.32
-0.364
-0.311
-0.393
-0.294
-0.425
-0.208
-0.006
-0.092
-0.234
-0.326
-0.302
-0.434
-0.635
-0.647
-0.782
-0.843
-0.927
-0.932
-1.075
-1.225
-1.088
-0.959
-1.0
-0.848
-0.85
-1.035
-0.886
-1.18
-1.328
-1.126
-1.261
-1.096
-1.022
-0.841
-0.859
-0.599
-0.547
-0.404
-0.416
-0.403
-0.551
-0.626
-0.46
-0.549
-0.36
-0.413
-0.396
-0.35
-0.446
-0.229
-0.226
-0.255
-0.084
0.14
0.075
0.165
0.182
0.138
0.11
0.188
0.306
0.212
0.314
0.395
0.154
0.159
0.126
0.305
0.091
0.106
0.119
-0.098
0.015
-0.015
0.095
0.031
0.206
0.463
0.56
0.736
0.726
0.811
0.891
0.744
0.858
0.879
1.031
1.016
0.916
1.04
1.07
1.167
0.995
1.049
1.147
1.213
1.268
1.23
1.261
1.094
1.369
1.479
1.356
1.43
1.346
1.501
1.555
1.744
1.811
1.808
2.044
2.065
1.78
2.051
1.953
2.075
2.076
2.147
2.04
2.218
2.118
2.18
2.123
2.105
2.116
2.198
2.365
2.42
2.458
2.66
2.701
2.763
2.522
2.428
2.725
2.583
2.441
2.33
2.357
2.464
2.406
2.421
2.199
2.296
2.255
2.279
2.465
2.4
2.23
2.104
2.152
2.194
2.141
2.194
1.825
1.615
1.834
1.765
1.755
1.732
1.669
1.479
1.216
1.211
1.068
1.153
1.161
1.274
0.963
0.991
0.934
0.891
0.929
0.939
0.973
1.165
1.185
1.115
1.064
1.05
1.042
0.94
0.781
0.618
0.675
0.675
0.497
0.685
0.616
0.666
0.549
0.398
0.233
0.348
0.305
0.499
0.414
0.166
-0.139
-0.221
-0.25
-0.399
-0.289
-0.646
-0.371
-0.234
-0.19
-0.101
0.001
0.129
-0.128
-0.445
-0.19
-0.432
-0.614
-0.562
-0.625
-0.422
-0.539
-0.5
-0.649
-0.431
-0.509
-0.216
-0.081
-0.18
-0.006
-0.205
-0.036
-0.028
0.145
0.048
0.174
0.174
-0.099
0.159
0.113
0.191
0.425
0.596
0.595
0.269
0.254
0.161
0.435
0.439
0.436
0.314
0.211
0.034
-0.209
-0.319
-0.374
-0.312
-0.329
-0.229
-0.094
-0.206
-0.229
-0.182
-0.286
-0.349
-0.251
-0.242
-0.125
-0.134
0.009
0.366
-0.058
-0.184
-0.297
-0.242
-0.441
-0.69
-0.669
-0.846
-0.789
-0.948
-0.922
-1.056
-1.079
-1.139
-1.039
-1.018
-0.963
-0.826
-0.586
-0.772
-0.749
-0.726
-0.905
-0.983
-1.024
-1.041
-1.218
-1.425
-1.42
-1.454
-1.314
-1.183
-1.19
-1.12
-1.011
-0.921
-0.87
-0.984
-1.029
-0.725
-0.75
-0.927
-0.856
-0.818
-0.786
-0.864
-0.654
-0.389
-0.62
-0.47
-0.774
-0.802
-0.836
-0.846
-3.665
-0.88
-0.726
-0.661
-0.839
-0.578
-0.705
-0.661
-0.463
-0.59
-0.372
-0.269
-0.456
-0.135
-0.061
-0.311
-0.32
-0.38
-0.07
-0.08
-0.064
0.21
0.103
0.145
0.115
0.077
0.129
0.071
0.074
0.16
0.203
0.212
0.326
0.13
0.054
-0.091
-0.095
0.007
0.096
0.185
0.07
0.119
-0.004
0.028
-0.029
0.009
-0.075
-0.211
-0.119
-0.18
-0.297
-0.269
-0.23
0.004
0.089
0.159
-0.033
-0.116
-0.169
-0.231
-0.306
-0.36
-0.37
-0.385
-0.64
-0.841
-0.731
-0.701
-0.902
-0.921
-0.916
-0.905
-0.989
-1.089
-1.22
-1.376
-1.214
-1.309
-1.23
-0.995
-0.878
-0.816
-0.81
-0.954
-0.953
-0.998
-0.895
-0.801
-0.645
-0.733
-0.74
-0.758
-0.81
-0.659
-0.893
-0.642
-1.01
-0.901
-1.052
-0.831
-0.721
-0.698
-0.714
-0.706
-0.635
-0.795
-0.861
-0.616
-0.78
-0.478
-0.386
-0.294
-0.171
0.231
0.096
-0.064
-0.018
-0.025
0.064
0.122
0.195
0.15
0.221
0.28
0.039
0.055
0.191
0.19
0.22
0.319
0.334
0.302
0.104
0.069
0.182
0.022
0.191
0.388
0.503
0.393
0.294
0.254
0.244
0.169
0.395
0.36
0.139
0.216
-0.11
-0.254
-0.426
-0.438
-0.481
-0.531
-0.346
-0.276
-0.242
-0.369
-0.288
-0.276
-0.246
-0.28
-0.379
-0.33
-0.345
-0.265
-0.16
-0.161
0.07
0.226
0.062
0.041
-0.115
-0.077
0.014
-0.114
-0.294
-0.17
0.224
0.365
0.371
0.288
0.352
0.348
0.354
0.138
0.088
-0.001
0.077
-0.044
0.08
-0.163
-0.092
-0.19
-0.247
-0.268
-0.628
-0.615
-0.503
-0.26
-0.314
-0.147
-0.085
-0.141
-0.04
-0.079
-0.005
-0.083
0.15
0.228
0.269
0.374
0.466
0.475
0.357
0.378
0.511
0.532
0.675
0.768
0.665
0.848
1.002
0.916
0.841
0.664
0.346
0.575
0.649
0.725
0.595
0.728
0.771
0.807
1.008
0.741
0.784
0.754
0.674
0.65
0.646
0.7
0.624
0.579
0.641
0.679
0.346
0.328
0.311
0.23
0.066
0.015
-0.028
-0.025
-0.151
-0.05
0.177
0.189
0.074
-0.079
-0.171
-0.328
-0.225
-0.184
-0.143
-0.006
0.072
0.045
0.226
0.169
0.009
0.176
0.379
0.238
0.275
0.29
0.235
0.203
0.12
0.316
0.089
0.219
0.205
0.531
0.491
0.371
0.445
0.393
0.409
0.315
0.106
0.051
-0.061
0.081
-0.128
0.076
0.079
0.133
0.265
0.324
0.367
0.404
0.446
0.514
0.65
0.438
0.459
0.579
0.581
0.54
0.305
0.241
-0.019
-0.06
-0.166
-0.36
-0.556
-0.539
-0.455
-0.389
-0.456
-0.361
-0.453
-0.405
-0.595
-0.525
-0.68
-0.694
-0.843
-0.766
-0.966
-1.044
-0.834
-1.015
-1.005
-1.014
-1.101
-1.141
-1.274
-1.448
-1.451
-1.613
-1.51
-1.42
-1.364
-1.204
-1.44
-1.518
-1.423
-1.302
-1.149
-0.978
-0.77
-0.718
-0.819
-0.766
-0.618
-0.616
-0.6
-0.404
-0.292
0.051
0.075
0.143
0.318
0.372
0.503
0.516
0.319
0.352
0.339
0.278
0.417
0.535
0.419
0.408
0.261
0.325
0.345
0.456
0.521
0.395
0.39
0.177
0.219
0.149
0.19
0.273
0.043
-0.05
-0.16
-0.259
-0.149
-0.18
-0.161
-0.062
0.085
-0.176
-0.048
-0.083
-0.168
-0.242
-0.361
-0.401
-0.396
-0.434
-0.445
-0.489
-0.61
-0.626
-0.664
-0.603
-0.479
-0.375
-0.318
-0.497
-0.603
-0.651
-0.657
-0.434
-0.384
-0.103
0.092
0.372
0.409
0.249
0.385
0.201
0.194
0.314
0.381
0.346
0.269
0.326
0.261
0.1
0.059
0.168
0.129
0.345
0.071
0.217
0.212
-0.035
-0.144
-0.269
-0.656
-0.88
-0.614
-0.593
-0.435
-0.193
-0.329
-0.38
-0.491
-0.689
-0.775
-0.891
-1.169
-1.051
-1.085
-0.986
-0.863
-0.625
-0.568
-0.569
-0.527
-0.334
-0.336
-0.474
-0.371
-0.411
-0.514
-0.464
-0.468
-0.458
-0.21
-0.266
-0.158
-0.144
-0.161
-0.182
-0.049
-0.004
-0.025
0.094
0.336
0.525
0.656
0.681
0.614
0.485
0.314
0.386
0.348
0.286
0.372
0.026
0.081
0.09
0.039
-0.035
-0.077
-0.134
0.037
-0.083
-0.152
-0.266
-0.299
-0.221
-0.393
-0.398
-0.416
-0.318
-0.384
-0.328
-0.35
-0.394
-0.321
-0.366
-0.341
-0.345
-0.119
-0.214
-0.174
-0.131
-0.056
0.152
0.199
0.355
0.367
0.561
0.65
0.625
0.75
0.764
0.851
0.893
0.811
0.84
0.779
0.738
0.825
0.876
0.65
0.88
0.792
0.785
0.899
0.979
0.876
0.799
0.825
0.606
0.487
0.621
0.738
0.888
0.995
1.147
0.975
0.91
1.054
1.1
1.45
1.35
1.604
1.686
1.881
2.17
1.824
2.101
2.175
2.03
1.951
2.0
2.093
2.225
2.215
2.348
2.589
2.699
2.849
2.859
2.738
2.704
2.78
2.948
2.956
3.053
3.024
2.891
2.886
2.546
2.533
2.485
2.397
2.189
1.901
2.073
1.96
10.332
10.332
10.332
1.815
1.508
1.561
1.657
1.536
1.393
1.561
1.221
1.55
1.466
1.281
1.219
1.012
0.9
0.756
0.684
0.665
0.524
0.574
0.473
0.226
0.066
0.084
0.236
0.466
0.238
0.171
0.182
0.419
0.594
0.651
0.624
0.378
0.329
0.505
0.733
0.839
0.615
0.833
1.121
1.238
1.274
1.08
0.885
0.927
0.999
0.968
1.209
1.4
1.417
1.134
1.12
1.144
1.14
1.261
1.124
1.005
0.67
0.768
0.749
0.736
0.806
0.723
0.789
0.484
0.369
-0.092
-0.291
-0.144
-0.426
-0.508
-0.689
-0.741
-0.657
-0.82
-0.72
-0.781
-0.654
-0.576
-0.478
-0.606
-0.529
-0.416
-0.427
-0.175
-0.455
-0.445
-0.422
-0.443
-0.435
-0.775
-0.768
-0.83
-0.984
-0.769
-0.915
-0.919
-0.916
-0.93
-0.996
-0.978
-0.836
-0.6
-0.584
-0.639
-0.675
-0.698
-0.539
-0.403
-0.283
-0.334
-0.38
-0.345
-0.443
-0.588
-0.657
-0.589
-0.55
-0.505
-0.166
-0.177
-0.194
-0.299
-0.12
-0.009
-0.261
-0.176
-0.212
-0.195
-0.141
-0.245
-0.165
-0.526
-0.495
-0.606
-0.542
-0.761
-0.57
-0.554
-0.405
-0.444
-0.45
-0.424
-0.659
-0.545
-0.661
-0.539
-0.509
-0.514
-0.409
-0.647
-0.618
-0.584
-0.391
-0.581
-0.749
-0.73
-0.821
-0.571
-0.557
-0.599
-0.634
-0.454
-0.554
-0.38
-0.413
-0.487
-0.344
-0.326
-0.5
-0.431
-0.38
-0.379
-0.517
-0.432
-0.35
-0.323
-0.479
-0.516
-0.475
-0.728
-0.346
-0.276
-0.242
-0.242
-0.279
-0.403
-0.294
-0.33
-0.482
-0.638
-0.865
-0.639
-0.766
-0.776
-0.792
-0.478
-0.53
-0.485
-0.396
-0.143
-0.226
-0.239
-0.254
-0.221
-0.134
0.04
0.034
0.091
0.345
0.079
-0.024
-0.188
-0.14
-0.136
-0.219
-0.06
-0.155
-0.086
-0.466
-0.503
-0.42
-0.603
-0.705
-0.901
-0.9
-1.081
-0.999
-1.279
-1.205
-1.175
-1.12
-0.897
-0.682
-0.601
-0.68
-0.881
-0.789
-0.768
-0.6
-0.484
-0.386
-0.351
-0.384
-0.487
-0.278
-0.152
0.005
0.02
0.247
0.273
0.17
0.221
0.408
0.537
0.568
0.487
0.738
0.651
0.555
0.49
0.312
0.302
0.35
0.374
0.173
0.344
0.44
0.466
0.482
0.415
0.345
0.551
0.479
0.404
0.409
0.302
0.164
0.18
0.343
0.15
0.1
-0.151
-0.32
-0.398
-0.482
-0.378
-0.393
-0.345
-0.302
-0.398
-0.346
-0.19
-0.411
-0.184
-0.18
-0.155
-0.549
-0.596
-0.8
-0.766
-0.756
-1.097
-1.018
-1.097
-1.19
-1.32
-1.476
-1.528
-1.469
-1.385
-1.2
-1.188
-1.086
-0.894
-0.914
-0.859
-0.753
-0.546
-0.599
-0.463
-0.275
-0.354
-0.238
-0.013
0.01
0.03
0.119
0.211
0.302
0.42
0.458
0.621
0.735
0.897
0.925
0.85
0.677
0.506
0.405
0.263
0.212
0.24
-0.155
-0.201
-0.304
-0.215
-0.292
-0.147
-0.026
0.009
-0.244
-0.35
-0.249
-0.214
-0.242
-0.143
0.071
0.253
0.095
0.13
0.184
0.351
0.544
0.725
0.971
0.958
0.976
0.891
0.809
0.703
0.96
0.686
0.76
0.802
0.893
1.031
1.167
1.124
1.279
1.228
1.001
0.765
0.723
0.823
0.669
0.591
0.551
0.396
0.42
0.28
0.242
0.076
-0.335
-0.446
-0.604
-0.703
-0.826
-0.623
-0.888
-0.856
-0.936
-1.026
-0.971
-0.999
-1.228
-1.009
-0.993
-1.036
-0.769
-0.876
-0.772
-0.792
-0.62
-0.494
-0.505
-0.514
-0.44
-0.242
-0.17
-0.198
-0.138
-0.029
0.062
0.147
0.124
0.044
0.196
0.169
0.302
0.292
0.505
0.435
0.449
0.585
0.43
0.471
0.388
0.354
0.399
0.312
0.427
0.491
0.357
0.285
0.151
0.056
0.12
0.201
0.229
0.229
0.14
0.152
0.372
0.449
0.348
0.283
0.349
0.406
0.312
0.404
0.372
0.23
0.134
0.02
0.092
-0.035
-0.163
-0.229
-0.315
-0.415
-0.305
-0.417
-0.44
-0.527
-0.506
-0.589
-0.74
-0.644
-0.662
-0.691
-0.628
-0.594
-0.704
-0.728
-0.883
-1.054
-1.052
-1.116
-0.973
-1.049
-0.921
-0.871
-1.031
-0.963
-0.86
-0.71
-0.584
-0.596
-0.596
-0.424
-0.361
-0.176
0.051
0.138
0.226
0.264
0.251
0.219
0.19
0.125
-0.121
-0.175
-0.066
0.081
0.085
0.072
0.182
0.048
0.152
0.165
0.168
0.268
0.203
0.278
0.266
0.11
0.297
0.455
0.343
0.296
0.486
0.444
0.586
0.41
0.561
0.456
0.639
0.728
0.599
0.474
0.497
0.439
0.296
0.309
0.193
0.31
0.362
0.288
0.399
0.339
0.278
0.427
0.122
0.114
0.096
-0.077
0.003
-0.052
0.141
0.147
0.189
0.16
0.209
0.369
0.393
0.383
0.595
0.386
0.415
0.508
0.506
0.586
0.652
0.719
0.422
0.46
0.5
0.41
0.371
0.362
0.279
0.268
0.2
0.17
0.205
0.168
0.096
0.14
0.046
0.121
0.205
0.345
0.096
-0.179
-0.129
-0.357
-0.21
-0.294
-0.231
-0.326
-0.654
-0.562
-0.665
-0.591
-0.706
-0.83
-0.953
-0.82
-0.749
-0.927
-0.77
-0.746
-0.751
-0.851
-0.758
-0.746
-0.88
-0.774
-0.764
-0.524
-0.42
-0.312
-0.186
-0.266
-0.05
-0.031
0.2
0.404
0.449
0.395
0.341
0.302
0.043
0.041
-0.018
-0.039
-0.11
-0.181
0.026
-0.168
-0.161
-0.065
-0.264
-0.225
-0.14
-0.296
-0.32
-0.343
-0.369
-0.241
-0.265
-0.239
-0.165
-0.212
-0.135
0.119
0.325
0.35
0.194
0.15
0.041
0.13
-0.013
0.024
0.434
0.429
0.644
0.711
0.659
0.641
0.836
0.996
1.154
1.056
1.225
1.038
1.131
1.165
1.188
1.171
1.167
1.309
1.37
1.601
1.758
1.69
1.665
1.509
1.519
1.529
1.684
1.729
1.614
1.551
1.639
1.61
1.718
1.894
2.069
2.06
2.252
2.201
2.212
2.206
2.163
1.976
1.811
1.949
1.863
1.802
1.665
1.366
1.365
1.219
1.36
1.175
1.225
1.164
1.31
1.4
1.529
1.552
1.354
1.405
1.366
1.165
1.008
0.753
0.713
0.634
0.662
0.328
0.536
0.628
0.491
0.604
0.391
0.39
0.38
0.492
0.414
0.585
0.133
0.028
0.004
0.066
0.141
-0.041
0.026
0.139
0.128
0.165
0.265
0.56
0.466
0.338
0.453
0.691
0.62
0.57
0.512
0.565
0.487
0.229
0.39
0.302
0.598
0.551
0.566
0.739
0.571
0.672
0.525
0.504
0.536
0.863
1.004
0.89
1.176
1.22
0.954
1.206
1.089
1.146
1.074
0.874
0.941
0.853
0.759
0.807
0.42
0.586
0.471
0.487
0.439
0.276
0.231
0.196
0.091
-0.381
-0.831
-0.6
-0.618
-0.576
-0.681
-0.861
-0.929
-0.864
-0.986
-0.979
-1.002
-1.079
-1.029
-1.09
-1.218
-0.89
-0.805
-0.715
-0.679
-0.629
-0.5
-0.47
-0.302
-0.439
-0.44
-0.443
-0.461
-0.671
-0.879
-0.74
-0.69
-0.562
-0.539
-0.441
-0.505
-0.481
-0.456
-0.415
-0.432
-0.155
-0.116
0.161
0.122
0.064
0.075
0.08
0.133
0.174
0.09
0.007
0.003
-0.022
-0.098
0.125
0.107
0.059
0.089
-0.033
0.177
0.217
0.201
0.242
0.249
0.111
0.171
0.19
0.294
0.286
0.141
0.214
0.096
0.022
0.005
0.019
-0.194
-0.375
-0.484
-0.251
-0.23
-0.24
-0.149
-0.224
-0.51
-0.6
-0.675
-0.49
-0.489
-0.456
-0.531
-0.981
-1.254
-1.028
-1.299
-1.022
-1.145
-1.126
-1.088
-1.199
-1.177
-1.224
-1.163
-0.971
-1.147
-0.998
-0.915
-0.914
-0.95
-0.856
-0.945
-0.876
-0.721
-0.71
-0.784
-0.771
-0.698
-0.753
-0.779
-0.649
-0.689
-1.059
-1.059
-0.917
-1.032
-0.769
-0.619
-0.715
-0.525
-0.492
-0.511
-0.461
-0.611
-0.618
-0.619
-0.37
-0.245
-0.126
-0.043
0.261
0.25
0.32
0.226
0.526
0.011
0.098
0.155
0.122
0.26
0.084
0.08
-0.133
-0.294
-0.351
-0.509
-0.44
-0.529
-0.395
-0.475
-0.681
-0.685
-0.792
-0.849
-0.787
-0.594
-0.641
-0.641
-0.599
-0.544
-0.639
-0.574
-0.304
-0.275
-0.171
-0.311
-0.255
-0.119
-0.019
-0.024
-0.229
-0.229
-0.208
-0.226
-0.254
-0.242
-0.405
-0.279
-0.429
-0.18
-0.321
-0.085
-0.075
0.041
0.155
-0.001
-0.071
-0.056
0.115
0.28
0.414
0.434
0.372
-0.004
-0.014
-0.146
-0.119
0.233
0.105
0.066
-0.075
0.114
0.004
0.216
0.184
0.251
0.31
0.121
0.072
-0.065
-0.224
-0.084
-0.054
0.128
0.014
0.09
0.001
-0.069
-0.095
-0.179
-0.094
-0.072
-0.143
0.086
0.124
0.366
0.191
0.23
0.335
0.594
0.451
0.378
0.276
0.214
0.109
0.283
0.291
0.42
0.615
0.545
0.71
0.704
0.731
0.719
0.672
0.68
0.745
0.868
0.758
0.816
0.794
0.503
0.396
0.126
0.274
0.417
0.325
0.177
0.041
0.035
-0.182
-0.16
-0.04
0.026
-0.105
0.086
0.09
0.014
0.024
0.214
0.314
0.265
0.345
0.278
0.286
0.18
0.339
0.401
0.113
0.321
0.274
0.265
0.271
0.085
0.212
-0.065
-0.106
-0.055
-0.175
-0.169
-0.271
-0.325
-0.238
-0.356
-0.302
-0.45
-0.424
-0.529
-0.453
-0.495
-0.352
-0.556
-0.581
-0.596
-0.509
-0.583
-0.494
-0.376
-0.54
-0.479
-0.48
-0.406
-0.264
-0.184
-0.161
-0.111
0.14
0.15
0.275
0.38
0.319
0.295
0.219
0.149
-0.01
0.092
-0.044
-0.113
-0.22
-0.215
-0.048
-0.076
0.133
0.031
0.209
-0.181
-0.25
-0.158
-0.24
-0.302
-0.301
-0.501
-0.319
-0.532
-0.512
-0.487
-0.509
-0.35
-0.338
-0.346
-0.453
-0.32
-0.389
-0.532
-0.39
-0.12
-0.174
-0.003
0.177
0.122
0.224
0.168
0.223
0.31
0.281
0.352
0.485
0.53
0.706
0.734
0.527
0.315
0.27
0.114
0.11
0.139
0.141
-0.022
-0.086
-0.255
-0.422
-0.615
-0.73
-0.906
-1.026
-1.185
-1.264
-1.375
-1.419
-1.266
-1.26
-1.151
-0.981
-1.074
-1.133
-1.084
-0.988
-0.888
-0.704
-0.486
-0.351
-0.244
-0.024
0.04
-0.158
-0.25
-0.406
-0.158
0.091
0.176
0.266
0.1
0.126
0.186
0.265
0.5
0.439
0.593
0.529
0.371
0.376
0.33
0.415
0.421
0.416
0.29
0.083
-0.083
-0.174
-0.219
-0.22
-0.355
-0.271
-0.177
-0.177
-0.726
-0.829
-0.901
-0.919
-1.011
-0.919
-0.831
-0.689
-0.708
-0.624
-0.39
-0.456
-0.35
-0.224
-0.254
-0.326
-0.391
-0.305
-0.5
-0.338
-0.394
-0.351
-0.219
-0.035
0.022
0.074
0.01
-0.297
-0.125
-0.106
-0.251
-0.359
-0.444
-0.436
-0.537
-0.517
-0.414
-0.593
-0.642
-0.699
-0.787
-0.652
-0.883
-0.791
-0.809
-0.736
-0.736
-0.743
-0.672
-0.514
-0.889
-0.624
-0.724
-0.75
-0.809
-0.855
-0.585
-0.426
-0.495
-0.253
-0.256
-0.435
-0.427
-0.283
-0.571
-0.405
-0.552
-0.505
-0.519
-0.729
-0.453
-0.426
-0.499
-0.512
-0.361
-0.035
0.114
0.398
0.29
0.496
0.662
0.606
0.485
0.621
0.738
0.77
0.95
0.92
0.772
0.729
0.456
0.589
0.629
0.341
0.229
0.487
0.36
0.1
0.311
0.445
0.352
0.422
0.54
0.647
0.786
0.816
0.922
0.932
0.904
1.125
1.206
1.314
1.365
1.075
1.183
1.19
1.095
1.089
1.271
1.27
1.48
1.646
1.44
1.376
1.244
0.964
0.94
0.981
1.001
1.084
1.161
1.196
1.036
0.994
1.328
1.386
1.605
1.448
1.465
1.546
1.48
1.548
1.451
1.529
1.438
1.623
1.389
1.314
1.129
1.569
1.376
1.578
1.829
2.054
2.152
2.061
2.069
1.765
1.579
1.574
1.555
1.468
1.635
1.623
1.546
1.491
1.459
1.574
1.49
1.646
1.331
1.495
1.485
1.809
1.438
1.519
1.47
1.068
1.069
0.849
0.749
0.771
0.81
0.699
0.823
0.897
0.854
0.72
0.662
0.871
0.917
0.864
0.917
0.935
1.101
0.99
1.015
1.14
1.331
1.413
1.23
1.105
1.265
1.396
1.149
1.22
1.035
0.746
0.756
0.621
0.46
0.529
0.676
0.679
0.556
0.633
0.479
0.441
0.403
0.166
0.406
0.12
0.352
0.521
0.385
0.35
0.169
0.095
-0.212
-0.359
-0.339
-0.374
-0.221
-0.371
-0.403
-0.145
-0.362
-0.311
-0.26
-0.156
-0.028
-0.121
0.001
-0.143
-0.006
-0.066
-0.143
-0.234
-0.128
-0.231
-0.495
-0.51
-0.316
-0.424
-0.674
-0.556
-0.645
-0.905
-0.81
-0.855
-0.814
0.78
-0.785
-0.761
-0.978
-0.723
-0.619
-0.626
-0.314
-0.328
-0.23
-0.275
-0.191
-0.352
-0.461
-0.376
-0.641
-0.591
-0.425
-0.605
-0.571
-0.704
-0.67
-0.63
-0.652
-0.682
-0.504
-0.443
-0.455
-0.465
-0.381
-0.367
-0.446
-0.557
-0.6
-0.546
-0.348
-0.307
-0.3
-0.085
-0.21
-0.339
-0.449
-0.217
-0.221
-0.221
-0.099
-0.062
-0.136
-0.145
-0.268
-0.128
-0.22
-0.128
0.092
0.034
-0.131
-0.158
0.03
0.061
0.184
0.026
-0.156
-0.194
-0.638
-0.785
-0.888
-0.956
-0.799
-1.04
-1.137
-1.328
-1.329
-1.321
-1.157
-1.394
-1.651
-1.815
-1.701
-1.74
-1.811
-1.684
-1.735
-1.738
-1.69
-1.623
-1.62
-1.653
-1.626
-1.536
-1.505
-1.426
-1.367
-1.199
-0.968
-0.958
-0.841
-0.825
-0.771
-0.589
-0.478
-0.405
-0.254
-0.228
0.044
-0.02
-0.115
-0.055
-0.129
-0.386
-0.41
-0.25
-0.145
0.119
0.143
0.224
0.314
0.118
0.304
0.196
0.238
0.228
0.177
0.429
0.166
0.43
0.35
0.311
0.25
0.164
-0.031
-0.08
-0.065
-0.086
0.077
0.323
0.36
0.365
0.415
0.688
0.609
0.604
0.7
0.749
0.879
0.943
0.874
0.971
0.954
0.874
0.871
0.759
0.77
0.976
0.98
0.839
0.745
0.704
0.595
0.383
0.089
0.188
0.044
-0.107
-0.288
-0.453
-0.448
-0.546
-0.705
-0.595
-0.519
-0.781
-0.721
-0.44
-0.346
-0.27
-0.186
-0.231
-0.139
-0.233
-0.166
-0.203
0.005
-0.059
0.009
-0.114
-0.103
0.072
-0.021
0.19
-0.135
-0.241
-0.161
-0.515
-0.265
-0.352
-0.09
-0.041
0.07
-0.01
0.005
0.088
0.049
-0.131
0.025
-0.054
0.188
0.086
0.113
0.151
0.007
-0.179
-0.144
-0.341
-0.357
-0.105
0.118
0.106
0.367
0.058
0.133
0.094
0.076
0.205
0.08
-0.049
-0.096
-0.273
-0.099
-0.118
-0.19
-0.404
-0.394
-0.469
-0.661
-0.649
-0.749
-0.733
-1.058
-1.031
-1.111
-1.151
-1.16
-1.174
-0.971
-1.006
-0.888
-0.741
-0.888
-0.849
-0.708
-0.479
-0.506
-0.524
-0.556
-0.833
-0.73
-0.703
-0.505
-0.269
-0.598
-0.506
-0.286
-0.169
0.026
0.184
0.173
0.329
0.394
0.611
0.664
0.578
0.713
0.63
0.75
0.838
0.807
0.858
0.624
0.574
0.625
0.517
0.536
0.449
0.492
0.545
0.496
0.379
0.154
-0.06
-0.016
0.11
0.174
0.179
0.333
0.259
0.245
0.165
-0.028
-0.006
0.01
-0.022
-0.058
-0.036
-0.046
-0.139
-0.02
0.134
0.211
0.126
0.091
0.152
0.11
0.048
0.195
-0.013
-0.069
-0.035
0.165
0.18
0.131
0.383
0.406
0.526
0.441
0.348
0.544
0.306
0.284
0.094
0.013
-0.109
-0.069
0.08
0.161
0.279
0.32
0.263
0.234
0.486
0.193
0.246
0.208
0.315
0.366
0.371
0.647
0.604
0.629
0.491
0.554
0.296
0.236
0.194
0.164
0.092
-0.01
-0.069
-0.105
-0.255
-0.405
-0.372
-0.169
-0.44
-0.291
-0.593
-0.691
-0.705
-0.576
-0.445
-0.37
-0.355
-0.354
-0.386
-0.413
-0.605
-0.682
-0.943
-1.001
-1.069
-1.171
-1.376
-1.311
-1.25
-1.278
-1.251
-1.314
-0.934
-1.008
-0.881
-1.105
-0.955
-0.794
-0.787
-0.66
-0.659
-0.746
-0.713
-0.455
-0.256
-0.065
0.095
0.185
0.221
0.074
0.031
0.086
0.051
0.21
0.268
0.281
0.214
0.171
-0.075
-0.199
-0.181
-0.116
-0.158
-0.116
-0.103
-0.062
-0.311
-0.359
-0.22
-0.161
-0.111
-0.229
-0.058
-0.288
-0.206
-0.21
-0.122
-0.072
-0.151
-0.066
-0.058
0.113
0.291
0.155
0.636
0.84
0.797
0.812
0.728
0.491
0.285
0.27
0.448
0.571
0.688
0.561
0.649
0.994
0.906
1.189
1.025
1.167
0.963
1.049
0.971
0.902
0.646
0.639
0.642
0.426
0.74
0.665
0.625
0.676
0.571
0.355
0.278
0.434
0.324
0.388
-0.034
0.0
-0.095
-0.226
-0.205
-0.474
-0.52
-0.465
-0.551
-0.751
-0.782
-0.394
-0.455
-0.537
-0.414
-0.379
-0.541
-0.416
-0.179
-0.065
0.021
0.136
0.14
0.0
0.113
-0.015
-0.01
0.121
0.065
0.149
0.107
0.285
0.49
0.511
0.474
0.522
0.782
0.919
1.018
1.1
1.091
1.032
1.0
1.123
1.081
1.346
1.251
1.054
1.129
1.103
1.305
1.53
1.713
1.532
1.451
1.136
1.176
1.438
1.343
1.356
1.546
1.975
1.694
1.95
1.869
1.897
1.705
1.781
1.893
1.79
1.905
1.556
1.455
1.406
1.284
1.21
1.01
1.002
1.008
1.025
1.04
1.03
0.92
0.718
0.691
0.645
0.693
0.858
0.685
0.594
0.556
0.596
0.859
0.909
0.811
0.713
0.542
0.55
0.453
0.431
0.329
0.289
0.145
0.474
0.436
0.435
0.403
0.579
0.839
0.7
0.731
0.704
0.583
0.383
0.338
0.552
0.369
0.295
0.199
0.193
0.209
0.115
0.092
0.249
0.417
0.556
0.789
0.998
0.912
0.816
0.689
0.711
0.949
0.935
0.91
1.18
1.312
1.346
1.295
1.361
1.341
1.351
1.481
1.491
1.518
1.508
1.574
1.399
1.312
1.117
1.106
1.088
0.955
0.841
0.874
0.696
0.561
0.465
0.576
0.384
0.556
0.547
0.45
0.635
0.681
0.46
0.264
0.335
0.263
0.294
0.33
0.105
0.088
0.174
0.04
0.085
0.165
-0.06
-0.05
-0.181
-0.103
-0.228
0.316
-0.331
-0.39
-0.316
-0.482
-0.5
-0.49
-0.649
-0.843
-0.966
-1.081
-1.065
-1.186
-1.338
-1.403
-1.123
-1.344
-1.284
-1.258
-1.548
-1.214
-1.163
-1.29
-1.177
-1.139
-1.276
-1.19
-1.387
-1.242
-1.129
-1.124
-1.163
-1.286
-1.012
-1.16
-1.25
-1.198
-1.09
-1.159
-1.126
-0.894
-0.861
-0.594
-0.571
-0.591
-0.371
-0.223
-0.205
-0.461
-0.393
-0.141
0.011
0.062
-0.015
0.114
0.134
0.062
0.091
-0.08
-0.094
-0.122
-0.245
-0.122
-0.135
0.168
-0.088
0.179
-0.018
0.107
0.091
-0.026
-0.095
-0.473
-0.54
-0.511
-0.448
-0.495
-0.75
-0.81
-0.888
-0.775
-1.021
-0.789
-0.876
-1.136
-1.117
-1.203
-1.032
-1.091
-1.024
-0.905
-0.89
-0.751
-0.559
-0.685
-0.719
-0.874
-1.127
-1.074
-1.068
-1.016
-1.111
-1.17
-1.086
-0.968
-0.811
-0.909
-0.699
-0.906
-0.75
-0.77
-0.746
-0.885
-0.848
-0.786
-0.771
-0.828
-0.786
-0.62
-0.5
-0.263
-0.443
-0.301
-0.164
-0.168
0.036
-0.154
-0.26
-0.21
-0.149
-0.013
-0.184
-0.045
0.125
-0.021
0.075
-0.065
-0.155
-0.176
-0.25
-0.084
0.05
0.114
-0.079
-0.08
-0.13
-0.049
-0.1
-0.228
-0.384
-0.295
-0.301
-0.269
-0.367
-0.455
-0.471
-0.515
-0.471
-0.541
-0.782
-0.715
-0.509
-0.635
-0.55
-0.604
-0.413
-0.325
-0.42
-0.555
-0.304
-0.311
-0.339
-0.361
-0.174
-0.003
-0.16
-0.019
0.122
0.059
0.275
0.246
0.18
0.011
-0.026
-0.152
-0.221
-0.186
-0.266
-0.274
-0.485
-0.314
-0.552
-0.542
-0.655
-0.504
-0.228
-0.098
-0.134
-0.098
-0.357
-0.247
-0.179
-0.025
-0.065
-0.048
-0.193
-0.083
-0.101
-0.105
-0.021
-0.246
-0.099
-0.165
-0.281
-0.391
-0.45
-0.571
-0.55
-0.656
-0.674
-0.542
-0.71
-0.824
-0.951
-0.844
-0.823
-0.642
-0.479
-0.415
-0.269
0.146
0.072
0.055
0.193
0.149
0.09
0.195
0.331
0.35
0.44
0.685
0.571
0.758
0.549
0.649
0.679
0.753
0.733
0.782
0.73
0.85
0.922
0.83
0.619
0.549
0.53
0.501
0.497
0.495
0.4
0.429
0.49
0.499
0.445
0.559
0.503
0.583
0.514
0.546
0.345
0.226
0.256
0.194
0.188
0.166
-0.074
-0.27
-0.411
-0.44
-0.61
-0.539
-0.618
-0.679
-0.644
-0.684
-0.807
-0.693
-0.478
-0.223
-0.152
-0.061
0.031
-0.059
0.209
0.372
0.354
0.536
0.529
0.794
0.672
0.649
0.529
0.58
0.581
0.591
0.77
0.753
0.708
0.611
0.494
0.57
0.365
0.37
0.333
0.425
0.354
0.226
-0.019
-0.083
-0.22
-0.225
-0.14
-0.151
-0.174
-0.071
-0.366
-0.256
-0.291
-0.331
-0.146
-0.401
-0.586
-0.868
-0.816
-0.657
-0.369
-0.103
0.083
0.098
-0.039
0.006
0.088
0.12
-0.015
0.233
0.176
0.135
-0.11
-0.077
-0.022
0.02
0.12
0.024
0.054
0.107
-0.058
-0.116
-0.174
0.071
-0.033
-0.235
-0.092
-0.201
-0.144
-0.115
0.061
0.278
0.239
0.186
0.196
0.003
0.043
-0.186
-0.27
-0.159
-0.103
-0.061
-0.006
0.039
0.115
-0.06
0.065
0.235
0.427
0.24
0.26
0.146
-0.025
-0.056
0.182
0.158
0.235
0.329
0.261
0.285
0.179
0.281
0.365
0.426
0.416
0.449
0.44
0.481
0.48
0.4
0.408
0.296
0.159
0.212
0.039
0.185
0.36
0.419
0.547
0.469
0.601
0.534
0.599
0.349
0.266
0.24
0.326
0.27
0.395
0.348
0.45
0.63
0.73
0.565
0.684
0.549
0.526
0.355
0.456
0.22
0.145
0.517
0.37
0.18
0.444
0.226
0.18
0.031
-0.026
-0.08
-0.034
-0.044
-0.175
-0.177
-0.33
-0.273
-0.065
-0.135
-0.14
-0.134
-0.085
-0.182
-0.174
-0.253
-0.021
-0.166
0.04
0.064
0.06
0.064
0.185
0.408
0.281
0.429
0.36
0.143
-0.007
0.152
0.212
0.463
0.482
0.611
0.929
0.886
0.841
0.823
0.934
1.034
1.495
1.406
1.416
1.6
1.619
1.644
1.57
1.782
1.989
1.789
1.765
1.824
1.885
1.639
1.806
1.857
1.706
1.996
1.869
1.83
1.778
1.819
1.594
1.496
1.406
1.411
1.369
1.394
1.325
1.241
1.141
0.935
0.895
0.584
0.536
0.63
0.62
0.739
0.715
0.792
0.828
0.664
0.42
0.352
0.261
0.28
0.345
0.304
0.546
0.374
0.445
0.529
0.334
0.408
0.505
0.4
0.581
0.583
0.642
0.652
0.72
1.036
1.109
1.174
1.084
0.883
0.969
0.988
0.965
0.993
0.919
0.774
0.672
0.662
0.429
0.5
0.456
0.775
0.561
0.517
0.794
0.829
0.871
0.787
0.782
0.854
0.799
0.859
0.904
1.025
0.83
1.0
1.127
1.039
1.091
0.993
0.874
0.797
1.006
0.959
1.191
1.049
1.126
1.124
1.135
1.005
0.943
0.772
0.796
0.929
0.685
0.863
0.695
0.645
0.74
0.94
0.994
0.87
0.738
0.664
0.273
0.405
0.143
0.215
0.0
0.071
0.044
-0.229
-0.316
-0.42
-0.463
-0.519
-0.571
-0.522
-0.641
-0.484
-0.604
-0.598
-0.67
-0.599
-0.723
-0.699
-0.398
-0.13
0.069
0.109
0.152
0.145
0.268
10.332
10.332
0.077
0.125
-0.007
-0.135
-0.334
-0.193
-0.375
-0.539
-0.279
-0.274
-0.374
-0.182
-0.062
-0.158
-0.395
-0.504
-0.47
-0.292
-0.399
-0.309
-0.486
-0.619
-0.609
-0.75
-0.945
-0.586
-0.415
-0.36
-0.141
-0.128
-0.116
-0.26
-0.147
-0.3
-0.125
-0.041
0.147
-0.115
0.259
0.28
0.122
0.288
0.219
0.131
0.165
0.297
0.288
0.081
0.28
0.169
-0.101
0.026
-0.088
-0.09
-0.284
-0.399
-0.526
-0.546
-0.682
-0.831
-0.77
-1.066
-1.129
-1.383
-1.407
-1.71
-1.764
-1.684
-1.643
-1.584
-1.414
-1.302
-1.376
-1.53
-1.538
-1.752
-1.776
-1.9
-1.796
-1.924
-1.81
-1.866
-1.969
-1.841
-1.914
-1.988
-1.838
-1.704
-1.569
-1.286
-1.218
-1.445
-1.377
-1.556
-1.469
-1.458
-1.512
-1.417
-1.43
-0.951
-1.099
-1.018
-0.964
-0.815
-0.807
-1.039
-1.071
-0.85
-0.806
-0.81
-0.463
-0.35
-0.105
-0.018
-0.118
0.146
0.304
0.66
0.445
0.487
0.604
0.485
0.345
0.479
0.386
0.526
0.664
0.609
0.531
0.761
0.772
0.777
0.69
0.578
0.473
0.394
0.281
0.094
0.029
-0.076
-0.144
-0.188
-0.143
-0.177
-0.169
-0.199
-0.182
-0.156
-0.385
-0.107
-0.351
-0.339
-0.296
-0.228
0.092
0.014
-0.072
-0.09
-0.092
-0.228
-0.066
-0.052
-0.005
-0.247
-0.4
-0.406
-0.534
-0.405
-0.454
-0.372
-0.335
-0.246
-0.044
-0.169
-0.13
-0.072
-0.261
-0.236
-0.503
-0.491
-0.362
-0.36
-0.526
-0.51
-0.594
-0.734
-0.703
-0.568
-0.57
-0.619
-0.586
-0.43
-0.821
-0.805
-0.845
-0.941
-0.84
-0.859
-0.8
-0.666
-0.636
-0.64
-0.473
-0.306
-0.039
0.056
0.119
0.051
0.147
0.069
0.013
0.011
0.182
0.212
0.253
0.105
0.301
0.461
0.435
0.537
0.509
0.624
0.406
0.41
0.549
0.604
0.566
0.509
0.366
0.415
0.595
0.641
0.594
0.346
0.095
0.058
-0.03
-0.143
-0.217
-0.398
-0.686
-0.708
-0.573
-0.562
-0.4
-0.39
-0.366
-0.033
-0.238
0.011
-0.031
-0.346
-0.604
-0.654
-0.878
-0.807
-0.864
-0.796
-0.929
-1.018
-0.949
-0.858
-0.645
-0.787
-0.831
-0.764
-0.626
-0.891
-0.73
-0.464
-0.359
-0.259
-0.139
-0.14
-0.21
-0.138
0.11
0.05
0.181
0.143
0.321
0.647
0.776
0.904
0.71
0.753
0.625
0.621
0.422
0.261
0.284
0.314
0.224
0.071
0.128
0.075
0.029
-0.174
0.168
0.171
0.034
0.367
0.372
0.354
0.446
0.714
0.676
0.779
0.735
0.865
0.841
0.624
0.751
0.624
0.352
0.445
0.501
0.381
0.475
0.614
0.427
0.443
0.405
0.448
0.385
0.309
0.393
0.104
-0.08
-0.158
-0.264
-0.369
-0.343
-0.292
-0.352
-0.419
-0.274
-0.22
-0.138
-0.451
-0.405
-0.634
-0.823
-0.743
-0.878
-0.917
-1.09
-0.978
-0.841
-0.825
-0.995
-1.083
-1.26
-0.998
-1.004
-0.935
-0.844
-0.958
-1.155
-1.17
-0.981
-0.561
-0.791
-0.718
-0.846
-0.912
-0.899
-1.029
-0.759
-0.67
-0.361
-0.564
-0.586
-0.466
-0.37
-0.372
-0.281
-0.072
-0.09
-0.126
-0.13
0.013
0.035
0.269
0.415
0.581
0.529
0.556
0.628
0.664
0.721
0.771
0.797
0.728
0.583
0.66
0.73
0.812
0.864
1.121
1.002
0.853
0.799
1.005
0.875
1.054
1.004
1.016
0.995
1.029
0.984
1.176
1.139
1.183
0.998
0.839
0.873
1.062
1.124
1.206
1.141
1.135
0.951
0.941
0.901
0.874
0.804
0.691
0.661
0.654
0.649
0.854
0.714
0.631
0.688
0.886
0.919
0.802
0.823
0.839
0.709
0.531
0.456
0.391
0.422
0.367
0.311
0.378
0.339
0.504
0.263
0.359
0.146
0.344
0.455
0.626
0.455
0.556
0.484
0.542
0.682
0.706
0.695
0.534
0.591
0.749
0.876
0.886
0.917
1.04
0.893
0.955
0.891
0.91
0.811
0.741
0.744
0.63
0.726
0.955
0.986
0.896
0.761
0.77
0.698
0.854
0.584
0.626
0.636
0.596
0.726
0.819
0.845
0.812
0.831
0.711
0.735
0.779
0.654
0.89
0.662
0.644
0.539
0.542
0.674
0.746
0.645
0.431
0.315
0.489
0.421
0.759
0.647
0.806
0.831
0.694
0.774
0.691
0.809
0.821
1.15
1.04
1.066
0.854
1.036
0.865
0.902
0.736
0.768
1.004
1.032
1.269
1.385
1.23
1.43
1.498
1.571
1.401
1.363
1.329
1.23
1.347
1.226
1.116
0.98
1.062
1.045
1.032
0.824
1.304
0.924
0.925
0.706
0.48
0.615
0.451
0.335
0.193
-0.003
0.111
0.071
0.186
-0.095
-0.072
-0.236
-0.429
-0.645
-0.64
-0.55
-0.459
-0.551
-0.839
-0.951
-1.009
-0.978
-0.795
-0.744
-0.492
-0.624
-0.48
-0.569
-0.564
-0.667
-0.703
-0.765
-0.693
-0.473
-0.618
-0.589
-0.874
-1.135
-0.936
-1.091
-0.955
-0.849
-0.719
-0.776
-0.96
-1.225
-0.995
-1.071
-1.071
-1.3
-1.21
-0.924
-0.912
-1.006
-1.0
-0.9
-0.634
-0.575
-0.652
-0.594
-0.53
-0.526
-0.369
-0.339
-0.131
-0.128
-0.206
-0.2
-0.201
-0.318
-0.144
-0.318
-0.139
-0.139
-0.154
-0.375
-0.413
-0.464
-0.335
-0.466
-0.598
-0.58
-0.524
-0.529
-0.559
-0.503
-0.54
-0.44
-0.424
-0.369
-0.175
-0.378
-0.542
-0.466
-0.398
-0.362
-0.233
-0.422
-0.473
-0.449
-0.566
-0.484
-0.32
-0.408
-0.482
-0.166
-0.291
-0.21
-0.121
-0.125
-0.07
0.045
0.114
0.151
0.319
0.369
0.429
0.454
0.464
0.415
0.539
0.495
0.381
0.273
0.139
0.161
0.041
-0.044
-0.104
-0.184
-0.276
-0.484
-0.55
-0.656
-0.993
-1.055
-1.245
-1.341
-1.434
-1.554
-1.683
-1.861
-1.924
-2.011
-1.907
-2.058
-2.005
-1.981
-2.047
-1.936
-2.071
-1.994
-1.93
-1.703
-1.629
-1.349
-1.22
-1.256
-1.071
-1.01
-0.891
-0.795
-0.746
-0.644
-0.726
-0.554
-0.334
-0.26
-0.438
-0.504
-0.541
-0.38
-0.359
-0.432
-0.216
-0.131
-0.034
0.024
-0.095
0.028
0.07
-0.09
-0.118
0.092
0.086
-0.02
-0.09
-0.386
-0.535
-0.45
-0.338
-0.179
-0.079
0.28
0.302
0.25
0.448
0.309
0.14
0.219
0.39
0.465
0.619
0.796
0.799
0.881
1.036
1.064
1.04
0.988
1.066
0.789
0.744
0.831
0.799
0.792
0.844
0.875
0.859
0.631
0.156
-0.039
-0.005
0.028
0.143
0.049
0.135
-0.07
-0.154
-0.306
-0.285
-0.015
0.08
0.203
0.225
0.009
0.0
-0.181
-0.203
-0.26
-0.234
-0.059
-0.122
-0.161
-0.27
-0.515
-0.219
0.04
-0.114
0.216
0.269
0.42
0.419
0.381
0.62
0.566
0.758
0.916
0.659
0.682
0.573
0.249
0.271
0.311
0.312
0.434
0.454
0.621
0.708
0.482
0.383
0.171
0.364
0.18
0.054
0.186
0.124
0.154
0.088
-0.06
-0.161
-0.245
-0.231
-0.419
-0.464
-0.52
-0.492
-0.453
-0.35
-0.408
-0.3
-0.223
-0.066
-0.306
-0.345
-0.52
-0.403
-0.509
-0.636
-0.581
-0.88
-0.421
-0.456
-0.45
