1.975
2.022
2.1
1.77
1.8
1.742
1.654
1.621
1.726
1.61
1.766
1.86
1.956
2.071
2.252
2.44
2.172
2.025
2.31
2.085
2.056
2.031
1.939
2.006
2.196
1.715
1.396
1.476
1.476
1.439
1.403
1.391
1.393
1.52
1.465
1.56
1.498
1.539
1.525
1.466
1.415
1.3
1.366
1.554
1.588
1.591
1.325
1.38
1.196
0.812
0.804
1.093
0.789
0.516
0.079
-0.024
-0.174
0.107
0.211
0.283
0.098
-0.211
-0.355
-0.401
-0.362
-0.509
-0.319
-0.784
-0.729
-0.746
-0.84
-0.726
-0.912
-0.708
-0.721
-0.831
-0.591
-0.537
-0.494
-0.49
-0.58
-0.571
-0.473
-0.348
-0.118
-0.14
0.003
0.115
0.055
0.05
0.436
0.271
0.003
-0.003
-0.399
-0.536
-0.656
-0.405
-0.39
-0.041
0.018
0.135
0.02
-0.156
-0.285
-0.312
-0.731
-0.781
-1.001
-1.038
-1.125
-1.048
-0.881
-0.62
-0.509
-0.404
-0.481
-0.376
-0.25
-0.234
-0.506
-0.468
-0.501
-0.581
-0.341
-0.185
-0.116
-0.27
-0.189
-0.316
-0.139
0.051
-0.159
0.058
0.015
0.081
0.136
0.09
0.29
0.25
0.314
0.527
0.336
0.536
0.309
0.129
-0.064
-0.06
-0.113
-0.195
-0.276
0.046
-0.323
-0.341
-0.416
-0.271
-0.166
-0.359
-0.271
-0.475
-0.618
-0.696
-0.718
-0.451
-0.656
-0.535
-0.581
-0.586
-0.711
-0.965
-0.896
-1.163
-1.064
-1.083
-1.32
-1.258
-1.323
-1.318
-1.386
-1.094
-0.765
-0.579
-0.391
-0.228
-0.346
-0.31
-0.466
-0.458
-0.511
-0.556
-0.235
-0.251
-0.126
-0.076
-0.173
-0.115
-0.205
-0.154
-0.141
-0.274
-0.18
0.074
-0.449
-0.422
-0.454
-0.432
-0.438
-0.64
-0.556
-0.432
-0.696
-0.497
-0.42
-0.465
-0.499
-0.811
-1.018
-0.99
-1.103
-1.054
-0.893
-0.894
-0.902
-0.956
-0.86
-0.941
-0.753
-0.768
-0.67
-0.744
-0.568
-0.682
-0.611
-0.654
-0.889
-0.961
-0.863
-0.863
-0.875
-0.845
-0.665
-0.584
-0.339
-0.37
-0.441
-0.39
-0.661
-0.77
-0.888
-0.956
-1.056
-1.106
-1.38
-1.375
-1.424
-1.221
-1.127
-0.938
-1.038
-0.869
-0.953
-0.906
-1.038
-0.804
-0.805
-0.68
-0.698
-0.63
-0.562
-0.693
-0.625
-0.51
-0.47
-0.362
-0.47
-0.321
-0.401
-0.356
-0.264
-0.413
-0.575
-0.682
-0.594
-0.58
-0.416
-0.302
-0.302
-0.177
-0.119
-0.058
-0.206
-0.225
-0.517
-0.598
-0.596
-0.551
-0.409
-0.544
-0.604
-0.51
-0.584
-0.384
-0.546
-0.484
-0.62
-0.823
-0.733
-0.647
-0.655
-0.628
-0.698
-0.691
-0.38
-0.292
-0.171
-0.058
-0.171
-0.009
-0.048
-0.007
0.168
0.487
0.448
0.35
0.345
0.555
0.512
0.463
0.596
0.54
0.588
0.71
0.779
0.672
0.981
0.409
0.499
0.584
0.605
0.785
0.795
0.66
0.466
0.369
0.555
0.369
0.383
0.015
0.006
0.089
0.141
0.114
0.089
0.105
0.041
-0.079
0.019
-0.339
-0.311
-0.24
-0.326
-0.216
-0.182
-0.084
-0.001
-0.179
-0.295
-0.018
-0.051
0.066
0.088
0.026
-0.161
-0.239
-0.297
-0.318
-0.152
-0.226
-0.217
-0.173
-0.126
-0.219
-0.125
0.174
0.075
-0.105
-0.089
-0.219
-0.196
-0.352
-0.331
-0.219
-0.259
-0.1
-0.291
-0.431
-0.231
-0.482
-0.455
-0.326
-0.175
-0.034
-0.177
0.046
-0.094
-0.208
-0.14
-0.219
-0.288
-0.279
-0.155
-0.231
-0.065
0.122
0.205
0.269
0.223
0.434
0.514
0.537
0.52
0.626
0.625
0.806
0.699
0.761
0.681
0.654
0.685
0.584
0.659
0.524
0.415
0.299
0.011
-0.079
-0.181
-0.188
-0.113
-0.223
0.11
0.25
0.152
0.201
0.15
-0.088
-0.03
-0.1
-0.034
-0.361
-0.413
-0.367
-0.294
-0.29
-0.154
-0.021
-0.007
-0.079
-0.006
0.088
0.074
0.215
0.181
0.41
0.39
0.469
0.508
0.693
0.76
0.792
1.025
0.989
0.912
1.011
1.096
1.123
1.055
1.002
1.009
1.136
1.062
0.924
1.096
1.188
1.296
1.096
1.249
1.097
1.125
1.27
1.188
1.14
0.806
0.725
0.486
0.091
0.065
0.141
0.125
0.234
-0.088
0.134
-0.19
-0.42
-0.311
-0.522
-0.448
-0.486
-0.724
-0.945
-0.917
-0.875
-0.824
-0.753
-0.883
-0.824
-0.81
-0.676
-0.489
-0.263
-0.003
0.171
0.099
-0.034
-0.211
-0.424
-0.296
0.146
0.152
0.09
0.169
0.009
0.131
0.14
0.375
0.215
0.151
0.062
-0.095
0.084
-0.103
0.065
0.154
0.05
0.182
0.384
0.151
0.159
0.29
0.416
0.364
0.46
0.149
0.103
-0.08
0.105
0.196
0.159
0.43
0.369
0.346
0.144
0.241
0.217
0.401
0.446
0.67
0.709
0.797
0.95
0.939
1.041
1.155
1.446
1.431
1.421
1.414
1.396
1.51
1.566
1.282
1.347
1.456
1.515
1.679
1.51
1.194
1.256
1.292
1.339
1.353
1.534
1.488
1.455
1.789
1.684
1.606
1.876
1.799
1.92
1.63
1.857
1.466
1.229
1.254
1.246
1.26
1.468
1.551
1.199
1.214
1.104
1.177
1.105
1.33
1.405
1.349
1.339
1.298
1.193
1.143
1.446
1.558
1.374
1.255
1.199
1.224
1.181
1.321
1.239
1.226
1.218
0.981
1.145
1.045
0.97
1.124
0.8
0.868
0.801
0.71
0.814
0.994
0.98
1.161
1.246
1.326
1.213
1.304
1.545
1.191
1.113
0.574
0.761
0.474
0.645
0.684
0.7
0.67
0.685
0.843
0.586
0.593
0.57
0.559
0.625
0.782
0.853
0.766
0.679
0.667
0.275
0.283
0.077
0.261
-10.336
0.466
0.425
0.414
0.436
0.205
-0.134
-0.38
-0.463
-0.247
-0.193
-0.098
0.265
0.12
0.08
0.026
-0.179
-0.159
-0.341
-0.566
-0.499
-1.159
-1.228
-1.229
-1.201
-1.05
-1.005
-1.336
-1.33
-1.264
-1.074
-1.249
-1.069
-0.999
-1.044
-0.949
-0.917
-1.026
-1.1
-1.37
-1.316
-0.959
-0.782
-0.209
-0.166
-0.081
-0.239
-0.062
-0.107
0.001
0.059
0.089
-0.015
-0.229
-0.216
-0.439
-0.564
-0.341
-0.276
-0.084
-0.105
-0.306
-0.562
-0.912
-0.699
-0.763
-0.769
-0.955
-0.716
-0.916
-0.844
-0.974
-0.714
-0.81
-0.601
-0.676
-0.541
-0.71
-0.532
-0.385
-0.509
-0.512
-0.674
-0.621
-0.33
-0.179
-0.11
0.06
-0.151
-0.034
-0.216
-0.568
-0.705
-0.874
-0.95
-1.015
-1.157
-1.261
-1.305
-1.127
-1.028
-0.843
-0.951
-0.876
-0.907
-0.75
-0.769
-0.623
-0.73
-0.389
-0.65
-0.571
-0.504
-0.62
-0.713
-0.711
-0.684
-0.651
-0.716
-0.81
-0.696
-0.656
-0.459
-0.253
-0.238
-0.113
0.177
-0.111
0.143
0.149
0.352
0.059
0.045
-0.054
-0.001
-0.229
-0.263
-0.194
-0.242
-0.328
-0.33
-0.242
-0.274
-0.562
-0.503
-0.525
-0.264
-0.42
-0.395
-0.644
-0.736
-0.721
-0.588
-0.631
-0.644
-0.544
-0.54
-0.501
-0.385
-0.365
-0.242
-0.158
-0.174
-0.065
-0.099
-0.131
-0.156
-0.14
-0.177
0.05
0.043
-0.019
0.18
0.144
0.009
-0.043
0.124
-0.21
-0.311
-0.249
-0.302
-0.3
-0.092
-0.234
-0.276
-0.158
-0.225
-0.079
0.223
0.214
0.205
-0.049
0.004
-0.268
-0.268
-0.439
-0.7
-0.883
-1.004
-0.854
-0.601
-0.326
-0.149
-0.026
0.297
0.403
0.665
0.74
0.561
0.823
1.046
0.795
0.715
0.796
0.765
0.853
0.91
0.999
1.23
1.111
0.891
0.698
0.672
0.489
0.496
0.539
0.685
0.451
0.652
0.666
0.669
0.672
0.85
0.89
0.71
0.768
0.614
0.684
0.812
0.463
0.497
0.679
0.585
0.14
0.24
0.191
-0.116
0.143
0.077
0.173
0.31
0.02
0.09
-0.064
-0.263
-0.424
-0.371
-0.522
-0.259
-0.471
-0.415
-0.629
-0.84
-0.894
-0.95
-0.958
-0.715
-0.579
-0.593
-0.631
-0.674
-0.438
-0.341
-0.453
-0.25
-0.115
-0.058
-0.159
-0.11
-0.071
0.115
0.114
0.113
0.043
0.145
0.284
0.147
0.37
0.165
0.676
0.675
0.522
0.492
0.48
0.454
0.564
0.775
0.766
0.47
0.527
0.733
0.766
0.38
0.165
0.013
-0.155
-0.233
-0.378
-0.405
-0.603
-0.674
-0.96
-0.81
-0.784
-0.92
-0.704
-0.792
-0.464
-0.48
-0.487
-0.305
-0.333
-0.072
-0.139
-0.31
-0.454
-0.487
-0.716
-0.575
-0.848
-0.52
-0.672
-0.781
-0.823
-0.926
-1.068
-1.005
-0.964
-0.994
-0.721
-0.733
-0.408
-0.417
-0.249
-0.574
-0.588
-0.495
-0.652
-0.738
-0.91
-0.815
-0.802
-0.816
-0.764
-0.845
-0.779
-0.848
-1.002
-0.839
-0.915
-0.914
-0.777
-0.791
-0.505
-0.228
-0.2
-0.355
-0.475
-0.274
-0.339
-0.348
-0.357
-0.2
-0.205
-0.212
-0.217
-0.203
-0.458
-0.13
-0.134
-0.205
-0.12
-0.279
-0.292
-0.22
-0.292
-0.089
-0.019
0.253
0.356
0.439
0.446
0.603
0.59
0.657
0.666
0.715
0.539
0.765
0.745
0.634
0.671
0.532
0.522
0.586
0.677
0.721
0.559
0.743
0.835
0.768
0.686
0.824
0.753
0.839
0.652
0.527
0.508
0.4
0.242
0.234
0.139
0.084
0.015
0.013
-0.099
-0.021
-0.319
-0.454
-0.726
-0.679
-0.45
-0.404
-0.188
-0.158
-0.181
-0.365
-0.325
-0.205
-0.339
-0.029
-0.056
-0.177
-0.101
0.101
0.121
0.427
0.413
0.566
0.927
1.005
1.319
1.36
1.468
1.45
1.499
1.599
1.515
1.391
1.538
1.544
1.311
1.246
1.006
0.806
0.745
0.704
0.624
0.63
0.532
0.514
0.552
0.662
0.501
0.696
0.639
0.938
0.635
0.818
0.733
1.01
1.166
1.377
1.586
1.62
1.639
1.637
1.519
1.675
1.637
1.514
1.614
1.25
1.364
1.504
1.718
1.953
2.0
2.018
1.821
1.871
1.616
1.818
1.841
1.856
1.97
1.774
1.502
1.308
1.213
1.134
1.246
1.095
1.051
0.801
0.929
0.556
0.497
0.264
0.514
0.647
0.754
1.004
1.242
1.281
1.163
1.411
1.204
1.219
1.062
0.894
0.812
0.789
1.05
1.232
1.397
1.511
1.683
1.74
1.673
1.515
1.774
1.491
1.251
1.343
1.246
1.205
1.425
1.469
1.451
1.325
1.416
1.411
1.198
1.214
10.332
10.332
0.868
0.955
1.006
0.674
0.629
0.512
0.482
0.52
0.131
0.168
0.118
0.121
0.131
0.105
0.185
0.009
0.098
0.141
0.107
0.326
0.297
0.381
0.028
-0.02
-0.188
-0.193
-0.095
-0.466
-0.61
-0.586
-0.573
-0.446
-0.431
-0.278
-0.176
-0.13
-0.244
-0.191
-0.189
-0.101
-0.121
-0.228
-0.38
-0.516
-0.329
-0.225
-0.144
-0.255
-0.234
-0.326
-0.27
-0.07
-0.05
-0.079
-0.131
-0.186
0.0
-0.191
-0.245
-0.03
0.242
0.39
0.359
0.302
0.249
0.105
0.08
-0.076
-0.184
0.21
-0.076
-0.085
-0.323
-0.165
-0.177
-0.223
-0.09
-0.258
-0.171
-0.389
-0.649
-0.659
-0.763
-0.659
-0.784
-0.58
-0.561
-0.438
-0.436
-0.388
-0.586
-0.524
-0.71
-0.65
-0.593
-0.76
-0.833
-1.0
-0.956
-0.659
-0.657
-0.506
-0.6
-0.435
-0.475
-0.674
-0.706
-1.0
-1.174
-1.014
-0.709
-0.38
-0.242
-0.121
-0.278
-0.463
-0.789
-0.983
-1.025
-0.88
-1.241
-1.18
-1.439
-1.705
-1.781
-1.625
-1.431
-1.33
-1.115
-0.995
-0.943
-0.868
-1.006
-0.968
-1.006
-1.084
-1.052
-1.127
-1.0
-1.052
-0.879
-0.929
-0.781
-0.569
-0.689
-0.474
-0.601
-0.551
-0.883
-0.869
-1.019
-1.049
-0.731
-0.79
-0.71
-0.669
-0.451
-0.559
-0.509
-0.67
-0.797
-0.699
-0.581
-0.711
-0.681
-0.651
-0.899
-1.141
-1.155
-0.976
-1.208
-1.036
-0.772
-0.954
-0.865
-0.676
-0.636
-0.519
-0.454
-0.495
-0.388
-0.319
-0.384
-0.291
-0.024
-0.103
-0.14
-0.107
-0.12
-0.186
-0.055
-0.176
-0.214
-0.041
0.025
0.024
-0.099
-0.185
-0.24
-0.45
-0.517
-0.579
-0.409
-0.188
-0.104
-0.031
0.036
0.139
0.16
0.024
-0.159
-0.35
-0.444
-0.475
-0.509
-0.536
-0.336
-0.306
-0.279
-0.307
-0.166
-0.096
-0.138
0.089
0.259
0.129
0.099
-0.06
0.126
0.138
0.338
0.344
0.557
0.394
0.536
0.299
0.361
0.171
-0.009
0.01
-0.19
-0.384
-0.422
-0.61
-0.324
-0.283
-0.372
-0.409
-0.31
-0.281
-0.417
-0.104
-0.048
0.092
0.296
0.215
0.339
0.113
0.479
0.524
0.391
0.405
0.331
0.316
0.199
0.171
0.134
0.126
0.02
0.436
0.165
0.046
0.056
-0.131
-0.414
-0.281
-0.226
-0.432
-0.388
-0.424
-0.48
-0.383
-0.314
-0.45
-0.217
-0.186
-0.098
0.021
0.026
0.341
0.324
0.355
0.295
0.266
0.49
0.351
0.335
0.234
0.16
0.389
0.292
0.271
0.08
0.101
0.181
0.196
0.215
0.339
0.217
0.31
0.113
-0.055
-0.006
0.14
-0.045
0.103
0.02
-0.25
-0.514
-0.54
-0.807
-0.844
-0.815
-0.801
-0.682
-0.87
-0.969
-1.294
-1.15
-1.012
-0.929
-0.814
-0.728
-0.754
-0.79
-0.794
-0.724
-0.705
-0.674
-0.801
-0.891
-1.018
-0.836
-0.819
-0.878
-0.669
-0.776
-0.724
-0.922
-0.724
-0.682
-0.714
-0.583
-0.603
-0.494
-0.464
-0.605
-0.775
-0.545
-0.579
-0.524
-0.745
-0.841
-0.904
-0.823
-0.88
-0.835
-0.736
-0.922
-0.435
-0.29
-0.349
-0.139
-0.049
0.208
0.374
0.31
0.475
0.524
0.76
0.611
0.497
0.614
0.719
0.614
0.421
0.494
0.54
0.628
0.645
0.792
0.771
1.086
1.213
1.31
1.208
1.083
1.137
1.175
1.305
1.32
1.289
1.4
1.33
1.371
1.343
1.244
1.137
1.107
1.146
1.131
1.113
1.093
0.823
0.855
0.807
1.019
1.19
1.028
1.088
0.994
0.95
1.004
1.139
1.165
1.245
1.146
1.155
1.175
1.367
1.387
1.474
1.377
1.377
1.461
1.568
1.556
1.609
1.471
1.645
1.726
1.58
1.696
1.734
1.699
1.532
1.68
1.905
1.617
1.583
1.444
1.42
1.663
1.539
1.706
1.774
1.698
1.495
1.508
1.274
1.189
1.204
1.326
1.268
1.344
1.359
1.415
1.295
1.066
1.101
0.769
0.854
0.655
0.765
0.684
0.689
0.804
0.83
0.914
0.873
0.915
1.048
1.113
0.873
0.78
0.836
0.465
0.53
0.819
1.134
1.039
1.08
1.073
1.373
1.624
1.583
1.604
1.486
1.492
1.436
1.185
0.99
0.983
0.902
0.9
1.022
1.061
1.373
1.186
1.373
1.579
1.219
1.153
0.961
0.75
0.869
0.83
0.686
0.675
0.784
0.573
0.294
0.241
0.014
0.043
-0.061
0.15
0.054
0.189
0.265
0.318
0.129
0.104
0.283
0.206
0.635
0.787
0.69
0.797
0.812
0.833
0.614
0.651
0.78
0.634
0.69
0.331
0.478
0.583
0.552
0.623
0.691
0.758
0.724
0.761
0.657
0.535
0.645
0.374
0.451
0.362
0.365
0.291
0.297
0.288
0.514
0.013
0.085
0.188
0.028
-0.231
-0.65
-0.741
-0.924
-1.006
-1.011
-1.169
-1.448
-1.531
-1.346
-1.4
-1.395
-1.363
-1.032
-0.821
-0.912
-0.76
-0.921
-0.73
-0.863
-0.633
-0.709
-0.791
-0.888
-1.0
-0.826
-1.219
-1.028
-0.834
-0.935
-0.875
-1.127
-1.448
-1.37
-1.561
-1.655
-1.75
-1.744
-1.646
-1.789
-1.821
-2.036
-1.8
-1.614
-1.801
-1.593
-1.499
-1.228
-1.276
-1.264
-1.334
-1.407
-1.028
-1.07
-0.74
-0.711
-0.656
-0.701
-0.815
-0.756
-0.986
-0.819
-1.119
-0.824
-0.921
-1.036
-1.201
-1.169
-1.104
-1.016
-0.941
-1.035
-0.824
-0.454
-0.515
-0.635
-0.859
-0.926
-0.94
-0.981
-1.12
-1.326
-1.3
-1.39
-1.164
-0.931
-1.054
-1.009
-1.028
-0.939
-0.941
-0.599
-0.256
-0.024
-0.001
-0.268
-0.133
-0.185
-0.329
-0.048
0.125
0.131
0.411
0.419
0.278
0.645
0.689
0.759
0.784
0.608
0.84
0.594
0.728
0.819
0.93
0.756
0.804
0.706
0.691
0.694
0.642
0.593
0.446
0.575
0.848
0.881
0.968
0.825
0.709
0.709
0.372
0.4
0.341
0.341
0.164
-0.03
-0.004
0.066
0.239
0.088
0.304
0.384
0.345
0.054
-0.129
-0.42
-0.341
-0.375
-0.315
-0.576
-0.473
-0.492
-0.508
-0.547
-0.758
-0.93
-0.929
-0.812
-0.6
-0.619
-0.693
-0.809
-0.876
-0.996
-0.904
-0.93
-1.093
-0.935
-0.899
-1.045
-1.334
-1.064
-0.886
-0.825
-0.765
-0.956
-0.949
-1.184
-1.088
-1.215
-1.032
-0.708
-0.446
-0.316
-0.348
-0.266
-0.166
-0.263
-0.145
0.015
-0.024
-0.169
-0.028
-0.171
0.193
0.059
0.043
0.253
0.181
0.291
0.264
0.071
0.21
0.266
0.46
0.514
0.475
0.301
0.302
0.198
-0.069
-0.016
0.28
0.481
0.285
0.22
-0.126
0.051
-0.235
-0.631
-0.406
-0.378
-0.766
-0.571
-0.856
-0.799
-0.723
-0.615
-0.667
-0.725
-0.755
-0.76
-0.833
-0.641
-0.696
-0.324
-0.475
-0.534
-0.409
-0.361
-0.519
-0.6
-0.604
-0.694
-0.633
-0.809
-0.619
-0.605
-0.399
-0.416
-0.131
-0.174
0.024
0.146
0.445
0.189
0.24
0.305
0.124
0.146
0.193
0.149
0.361
0.379
0.379
0.359
0.389
0.371
0.274
0.193
0.199
0.062
-0.175
-0.268
-0.292
-0.299
-0.168
-0.361
-0.171
-0.388
-0.141
-0.174
-0.284
-0.003
0.1
0.11
0.04
0.088
-0.096
0.004
-0.041
-0.052
-0.139
0.077
0.12
0.062
0.191
0.156
0.247
0.365
0.522
0.585
0.471
0.403
0.545
0.638
0.581
0.573
0.515
0.149
-0.251
-0.119
-0.297
0.098
0.128
0.188
0.371
0.339
0.235
0.194
0.274
0.143
0.147
0.326
0.393
0.656
0.766
0.771
0.751
1.021
1.038
1.193
1.298
1.36
1.32
1.25
1.149
1.079
0.866
0.833
0.81
1.042
0.895
0.681
0.39
0.359
0.201
-0.034
0.086
0.13
0.326
0.059
-0.211
-0.304
-0.68
-0.85
-0.753
-0.595
-0.335
-0.356
-0.188
-0.104
-0.216
-0.278
-0.244
-0.149
0.029
0.182
0.0
0.181
-0.081
-0.174
-0.031
0.225
0.395
0.539
0.539
0.888
0.965
0.979
1.084
0.905
0.684
0.944
0.889
0.936
1.055
1.009
1.228
1.169
1.117
1.195
1.384
1.489
1.488
1.435
1.541
1.384
1.231
1.549
1.45
1.225
1.089
1.165
1.175
1.359
1.245
1.23
1.431
1.261
1.454
1.387
1.466
1.424
1.255
1.256
1.433
1.44
1.6
1.595
1.481
1.554
1.377
1.126
1.343
1.015
1.15
1.085
1.225
1.17
1.071
0.819
0.772
0.921
0.905
0.805
0.761
0.809
1.002
0.949
1.149
0.874
1.064
1.258
0.871
0.921
0.902
0.941
0.79
0.657
0.92
0.731
0.819
0.925
1.066
1.075
1.03
1.141
0.991
1.088
1.008
0.951
1.045
0.709
0.434
0.38
0.395
0.424
0.614
0.624
0.871
0.578
0.657
0.546
0.43
0.581
0.621
0.723
0.836
0.79
0.954
0.902
1.052
0.996
0.932
0.911
0.985
1.137
1.174
0.93
0.665
0.619
0.525
0.499
0.404
0.219
0.135
0.315
0.291
0.435
0.506
0.321
0.416
0.379
0.158
-0.041
-0.158
-0.116
0.092
0.26
0.205
0.138
0.316
0.3
0.386
0.269
0.496
0.299
0.188
0.07
-0.045
-0.045
-0.318
-0.039
0.229
0.348
0.306
0.524
0.422
0.598
0.65
0.667
0.537
0.544
0.615
0.225
0.04
0.0
0.059
-0.144
-0.08
-0.094
0.001
-0.258
-0.595
-0.811
-0.971
-1.413
-1.666
-1.482
-1.414
-1.466
-1.695
-1.627
-1.61
-1.445
-1.56
-1.351
-1.645
-1.729
-1.909
-1.801
-1.445
-1.134
-0.769
-0.761
-0.521
-0.681
-0.774
-0.909
-1.073
-0.856
-1.109
-0.88
-0.603
-0.415
-0.026
-0.171
0.001
0.031
0.052
-0.021
0.294
0.074
0.144
0.201
0.151
0.216
0.069
-0.201
-0.297
-0.186
0.104
0.111
0.216
0.086
0.305
0.039
0.01
0.133
0.217
0.181
0.074
-0.029
-0.141
-0.23
-0.043
-0.08
0.107
0.014
0.054
-0.007
-0.113
-0.161
-0.015
-0.149
-0.185
-0.29
-0.434
-0.509
-0.378
-0.134
-0.058
-0.05
-0.12
-0.164
-0.261
-0.33
-0.459
-0.464
-0.378
-0.174
-0.007
-0.049
-0.086
-0.266
-0.128
-0.245
-0.331
-0.211
-0.263
-0.274
-0.069
-0.269
-0.118
-0.349
-0.388
-0.497
-0.765
-0.89
-0.897
-0.954
-0.895
-0.88
-1.226
-1.119
-1.203
-1.346
-1.471
-1.512
-1.57
-1.51
-1.434
-1.279
-1.456
-1.329
-1.471
-1.424
-1.167
-0.936
-0.929
-0.802
-0.66
-0.84
-0.516
-0.624
-0.461
-0.271
-0.25
-0.08
-0.046
0.052
-0.255
-0.007
0.05
0.201
0.173
0.244
0.396
0.283
0.011
-0.12
-0.336
-0.388
-0.383
-0.527
-0.44
-0.635
-0.81
-0.79
-0.693
-0.941
-0.396
-0.276
-0.307
-0.173
-0.361
-0.354
-0.223
-0.062
0.033
0.259
0.263
0.199
0.251
0.25
0.245
0.18
0.208
-0.156
-0.144
-0.369
-0.305
-0.443
-0.146
-0.144
-0.106
0.173
0.188
0.361
0.396
0.253
0.296
0.335
0.27
0.323
0.266
0.305
0.094
0.059
-0.018
-0.029
0.149
-0.029
0.076
-0.04
-0.05
0.215
0.11
-0.296
-0.228
-0.399
-0.611
-0.574
-0.834
-0.795
-0.669
-0.388
-0.31
-0.369
-0.331
-0.463
-0.4
-0.399
-0.51
-0.554
-0.334
-0.43
-0.5
-0.552
-0.595
-0.399
-0.203
0.115
0.134
0.122
-0.036
-0.052
0.06
0.05
0.134
0.088
0.01
-0.3
-0.147
-0.179
-0.296
-0.175
0.103
0.08
0.101
0.136
0.094
0.101
0.225
0.013
-0.253
-0.242
-0.369
-0.361
-0.449
-0.731
-0.736
-0.704
-0.72
-0.589
-0.376
-0.524
-0.706
-0.833
-0.825
-0.975
-1.131
-0.907
-0.708
-0.777
-0.521
-0.355
-0.349
-0.427
-0.354
-0.401
-0.383
-0.105
-0.037
-0.045
-0.081
-0.166
0.094
0.015
-0.043
-0.098
0.058
0.31
0.357
0.189
0.003
-0.004
-0.013
0.138
0.126
0.244
0.302
0.315
-0.104
-0.136
-0.181
-0.357
-0.164
-0.339
-0.007
0.211
-0.115
0.235
0.061
-0.074
0.217
0.244
0.134
-0.001
0.125
0.081
0.007
0.092
0.095
0.186
0.033
0.217
0.25
0.37
0.186
0.212
0.329
0.214
0.36
0.385
0.664
0.503
0.474
0.199
0.219
0.104
0.08
0.296
-0.189
0.408
0.391
0.294
0.427
0.336
0.369
0.271
0.328
0.362
0.25
0.194
0.391
0.715
0.926
0.893
0.758
0.459
0.38
0.223
0.459
0.47
0.454
0.625
0.644
0.336
0.134
-0.154
-0.003
0.296
0.635
0.821
0.585
0.465
0.072
0.155
0.147
0.346
0.48
0.606
0.486
0.446
0.504
0.285
0.443
0.802
0.818
1.018
1.194
1.294
1.264
0.772
0.566
1.036
1.279
1.536
1.653
1.475
1.176
0.896
0.723
0.814
1.052
1.265
1.279
1.101
1.005
0.685
0.459
0.471
0.449
0.642
0.776
0.671
0.616
0.635
0.579
0.901
1.004
1.068
1.526
1.279
1.038
0.595
0.665
0.833
1.005
1.016
1.24
1.414
1.37
1.429
1.196
1.333
1.613
1.42
1.27
1.499
1.549
1.58
1.496
1.504
1.344
1.492
1.544
1.593
1.436
1.588
1.403
1.344
1.347
1.315
1.312
1.131
1.136
1.004
1.415
1.259
1.282
1.328
1.124
1.111
1.22
1.376
1.343
1.174
1.117
0.931
0.932
0.768
0.829
0.791
0.934
1.116
1.15
1.12
1.011
0.639
0.395
0.228
0.349
0.225
0.328
0.255
0.139
-0.16
-0.239
-0.47
-0.205
-0.3
-0.208
-0.185
-0.209
-0.071
-0.036
0.118
0.426
0.584
0.739
0.718
0.596
0.655
0.269
0.38
0.283
0.557
0.699
0.634
0.4
0.343
0.276
0.31
0.441
0.134
-0.119
-0.496
-0.564
-0.451
-0.182
-0.173
-0.062
-0.145
-0.405
-0.426
-0.616
-0.633
-0.865
-0.809
-0.776
-0.751
-0.876
-0.846
-0.662
-0.811
-0.779
-0.672
-0.569
-0.366
-0.188
0.02
-0.04
-0.144
-0.245
-0.295
-0.193
-0.3
-0.435
-0.766
-0.549
-0.71
-0.654
-0.431
-0.515
-0.532
-0.7
-0.549
-0.216
-0.389
-0.21
-0.061
-0.003
-0.245
-0.074
-0.122
-0.116
-0.175
-0.18
0.149
-0.144
-0.19
-0.391
-0.326
-0.614
-0.445
-0.329
-0.503
-0.774
-0.902
-0.835
-1.304
-1.016
-0.863
-0.785
-0.562
-0.626
-0.628
-0.703
-0.735
-0.781
-0.785
-0.532
-0.5
-0.497
-0.45
-0.534
-0.455
-0.288
-0.414
-0.395
-0.5
-0.713
-0.926
-1.049
-1.103
-1.099
-0.896
-0.58
-0.7
-0.694
-0.902
-1.031
-1.175
-1.343
-1.459
-1.511
-1.45
-1.448
-1.073
-1.025
-0.855
-0.647
-0.76
-0.264
-0.268
-0.188
-0.468
-0.503
-0.427
-0.319
-0.68
-0.725
-0.466
-0.614
-0.494
-0.388
-0.5
-0.124
-0.113
0.39
0.421
0.596
0.625
0.556
0.561
0.471
0.434
0.26
-0.058
-0.048
0.046
0.001
0.209
0.141
0.311
0.326
0.171
0.071
-0.367
-0.297
-0.536
-0.628
-0.681
-0.751
-0.799
-0.955
-1.009
-0.864
-0.768
-0.694
-0.77
-0.801
-0.701
-0.448
-0.56
-0.296
-0.417
-0.408
-0.514
-0.786
-0.741
-0.685
-0.694
-0.689
-0.915
-0.976
-0.772
-0.792
-0.901
-0.647
-0.47
-0.406
-0.238
-0.191
-0.318
-0.475
-0.721
-0.647
-0.401
-0.413
-0.325
-0.258
-0.27
-0.056
-0.034
0.09
-0.091
-0.013
-0.28
-0.209
-0.379
-0.634
-0.781
-0.75
-0.415
-0.314
-0.225
-0.304
-0.271
-0.241
-0.512
-0.547
-0.729
-0.527
-0.324
-0.465
-0.079
-0.189
0.037
0.246
0.374
0.357
0.113
0.16
-0.046
-0.048
-0.104
-0.345
-0.126
-0.009
0.206
0.265
0.21
0.372
0.497
0.578
0.4
0.378
0.438
0.571
0.496
0.57
0.561
0.499
0.541
0.725
0.599
0.824
0.537
0.475
0.379
0.211
0.234
0.253
0.212
0.026
0.28
0.229
0.312
0.466
0.29
0.545
0.12
0.048
-0.09
0.014
0.281
0.13
0.118
-0.029
-0.021
-0.034
-0.089
-0.095
-0.211
-0.155
-0.256
-0.352
-0.241
-0.164
-0.429
-0.309
-0.316
-0.39
-0.288
-0.421
-0.431
-0.547
-0.478
-0.552
-0.401
-0.486
-0.425
-0.333
-0.247
-0.233
-0.231
-0.104
-0.491
-0.547
-0.57
-0.37
-0.259
-0.254
-0.31
-0.221
-0.542
-0.453
-0.57
-0.41
-0.134
-0.128
0.146
0.196
0.074
0.217
-0.246
-0.144
-0.38
-0.259
-0.504
-0.465
-0.394
-0.321
-0.189
-0.049
-0.268
0.17
0.319
0.424
0.706
0.588
0.534
0.372
0.609
0.879
0.915
1.146
1.141
1.246
1.234
1.127
1.276
1.251
1.484
1.417
1.371
1.531
1.355
1.209
0.99
1.028
1.204
-2.065
1.153
1.225
1.085
1.056
0.979
0.81
0.829
0.823
0.802
0.754
0.594
0.644
0.6
0.644
0.879
0.729
0.699
0.902
0.921
1.039
1.199
1.346
1.314
1.104
1.406
0.994
0.97
0.985
0.809
1.016
1.105
0.844
0.594
0.701
0.802
0.956
0.92
1.026
0.816
0.831
0.782
0.444
0.448
0.738
0.487
0.703
0.481
0.283
0.526
0.512
0.621
0.43
0.196
0.265
0.211
0.478
0.519
0.529
0.549
0.609
0.508
0.573
0.549
0.596
0.542
0.609
0.626
0.516
0.411
0.526
0.385
0.535
0.474
0.583
0.647
1.065
1.231
0.974
0.948
0.751
0.425
0.384
0.256
0.338
0.451
0.519
0.512
0.415
0.535
0.487
0.552
0.826
0.64
0.645
0.242
0.275
0.131
0.171
-0.014
0.121
-0.056
-0.07
-0.011
0.08
0.051
0.191
0.035
0.101
0.091
0.196
0.273
-0.016
-0.015
-0.121
-0.069
0.194
0.114
0.233
0.215
0.378
0.338
0.217
0.244
0.189
-0.014
-0.129
-0.31
-0.321
-0.331
-0.376
-0.309
-0.201
-0.043
-0.026
-0.044
0.119
0.16
0.269
-0.045
-0.025
-0.62
-0.316
-0.659
-0.439
-0.514
-0.274
-0.391
-0.196
0.015
0.177
0.189
0.446
0.739
0.636
0.664
0.451
0.782
0.62
0.946
0.735
0.889
1.056
1.085
1.235
1.219
1.083
0.991
0.531
0.331
0.306
0.404
0.372
0.527
0.343
0.205
0.212
-0.004
-0.101
-0.266
-0.419
-0.631
-0.976
-1.03
-0.934
-1.117
-1.133
-1.13
-1.26
-1.284
-1.0
-1.039
-0.966
-0.968
-0.718
-0.859
-0.666
-0.585
-0.5
-0.557
-0.406
-0.372
-0.346
-0.283
-0.139
-0.134
0.03
-0.004
0.114
0.129
0.244
0.323
0.514
0.27
0.307
0.091
0.099
0.086
0.147
0.091
-0.05
-0.18
-0.165
-0.106
-0.344
-0.225
-0.297
-0.256
-0.196
-0.21
-0.3
-0.416
-0.336
-0.43
-0.633
-0.634
-0.836
-0.718
-0.701
-0.774
-0.907
-0.795
-0.736
-1.094
-1.193
-1.759
-1.603
-1.73
-1.596
-1.301
-1.301
-1.157
-1.218
-1.116
-1.01
-0.975
-0.919
-0.75
-0.894
-1.059
-0.889
-1.086
-1.097
-1.099
-0.889
-0.375
-0.158
0.013
-0.007
0.019
-0.025
-0.084
0.036
0.039
0.02
0.08
-0.224
-0.015
-0.09
-0.051
-0.025
0.161
0.357
0.568
0.465
0.429
0.182
0.24
0.059
-0.029
-0.089
-0.383
-0.341
-0.532
-0.425
-0.47
-0.198
-0.175
-0.195
-0.046
-0.14
-0.198
-0.35
-0.316
-0.466
-0.601
-0.596
-0.489
-0.54
-0.417
-0.383
-0.265
-0.16
-0.215
-0.036
0.169
0.297
0.515
0.312
0.261
0.336
0.029
-0.156
0.311
0.171
0.6
0.846
1.0
0.723
0.579
0.649
0.56
0.461
0.254
0.279
0.48
0.339
0.195
-0.094
-0.381
-0.383
-0.473
-0.357
-0.411
-0.2
-0.315
-0.255
-0.219
-0.343
-0.3
-0.324
-0.42
-1.008
-0.695
-0.634
-0.55
-0.649
-0.263
-0.211
-0.159
-0.369
-0.5
-0.296
-0.435
-0.41
-0.391
-0.484
-0.348
-0.292
-0.23
-0.196
-0.416
-0.797
-0.846
-0.905
-0.716
-0.569
-0.164
-0.264
-0.124
-0.133
-0.141
-0.019
0.103
0.092
0.309
0.161
-0.02
0.141
0.0
0.041
0.006
0.043
-0.161
0.128
-0.22
-0.324
-0.311
-0.471
-0.512
-0.41
-0.364
-0.436
-0.689
-0.701
-0.62
-0.504
-0.517
-0.323
-0.18
-0.239
-0.28
-0.312
-0.439
-0.521
-0.396
-0.344
-0.545
-0.51
-0.451
-0.576
-0.413
-0.383
-0.296
-0.144
-0.095
-0.088
-0.158
-0.124
0.006
-0.007
0.103
0.27
0.083
0.075
-0.004
-0.011
-0.045
0.045
0.031
-10.336
-0.006
0.04
0.094
0.159
-0.211
-0.258
-0.349
-0.09
0.026
0.06
0.244
0.398
0.276
0.348
0.246
0.233
0.113
0.11
0.149
0.037
-0.014
-0.064
-0.268
-0.346
-0.166
0.007
0.306
0.226
0.352
0.326
0.229
0.439
0.434
0.284
0.545
0.554
0.7
0.836
0.733
0.85
0.978
1.094
1.074
1.224
1.216
1.262
1.208
1.266
1.466
1.561
1.583
1.649
1.876
1.988
1.754
1.72
1.693
1.47
1.385
1.338
-0.188
1.062
1.35
1.407
1.294
1.137
0.891
0.84
0.693
0.631
0.65
0.635
0.776
0.729
0.738
0.652
0.854
1.154
1.301
1.268
1.393
1.476
1.621
1.806
1.871
1.744
1.5
1.635
1.431
1.399
1.083
0.991
1.185
1.061
1.12
1.134
1.417
1.376
1.27
1.379
1.244
1.271
1.255
1.443
1.254
1.292
1.244
0.973
1.135
1.278
1.028
1.241
1.049
1.344
1.438
1.519
1.502
1.721
1.56
1.411
1.23
1.278
1.222
1.1
0.985
1.127
1.161
1.278
1.085
0.971
0.666
0.403
0.177
-0.019
0.048
-0.198
-0.06
-0.336
-0.276
-0.396
-0.374
-0.42
-0.152
-0.046
0.007
-0.066
0.179
0.291
0.268
0.5
0.355
0.319
0.349
0.47
0.365
0.641
0.66
0.623
0.524
0.264
0.076
0.114
0.07
0.307
0.244
0.199
0.03
0.111
0.224
0.242
0.346
0.366
0.596
0.691
0.818
0.682
0.381
0.266
0.049
0.106
-0.005
-0.145
-0.193
-0.384
-0.371
-0.255
-0.46
-0.166
-0.198
-0.116
-0.166
-0.571
-0.81
-0.79
-0.652
-0.758
-0.771
-0.812
-0.764
-0.725
-0.916
-0.825
-0.912
-0.705
-0.735
-0.654
-0.506
-0.504
-0.176
-0.018
0.135
0.268
0.562
0.555
0.709
0.699
0.56
0.292
0.307
0.606
0.544
0.517
0.675
0.542
0.605
0.615
0.5
0.726
0.554
0.474
0.236
0.158
-0.194
-0.235
-0.388
-0.598
-0.416
-0.568
-0.893
-0.849
-0.845
-2.059
-1.028
-1.175
-1.366
-1.419
-1.693
-1.889
-1.9
-1.739
-1.683
-1.725
-1.848
-1.812
-1.924
-1.8
-1.897
-1.501
-1.373
-1.073
-0.924
-1.029
-1.058
-1.2
-1.32
-1.17
-1.296
-1.399
-1.004
-1.051
-0.932
-0.777
-0.835
-0.708
-0.645
-0.245
0.05
0.249
0.401
0.409
0.338
0.16
0.193
0.033
-0.191
-0.085
-0.048
0.251
0.083
0.219
0.36
0.562
0.366
0.331
0.268
0.061
0.06
-0.118
-0.316
-0.125
-0.091
-0.026
-0.1
-0.149
-0.143
-0.328
-0.321
-0.344
-0.242
-0.434
-0.61
-0.501
-0.784
-0.768
-0.854
-0.624
-0.276
-0.231
-0.105
0.146
-0.158
0.101
0.088
0.089
-0.033
-0.118
-0.295
-0.29
-0.271
-0.306
-0.076
-0.17
-0.11
-0.371
-0.169
-0.128
-0.164
-0.072
-0.13
-0.119
-0.005
-0.388
-0.285
-0.405
-0.427
-0.191
-0.13
-0.077
-0.105
-0.129
-0.321
-0.27
-0.386
-0.266
-0.39
-0.341
-0.199
-0.487
-0.414
-0.311
-0.379
-0.276
-0.346
-0.501
-0.66
-0.552
-0.866
-0.72
-0.427
-0.408
-0.5
-0.646
-0.836
-0.963
-0.881
-0.895
-0.636
-0.666
-0.492
-0.552
-0.646
-0.907
-0.818
-0.754
-0.588
-0.525
-0.591
-0.439
-0.329
-0.451
-0.58
-0.371
-0.241
-0.18
-0.007
0.199
0.189
0.028
-0.04
-0.307
-0.595
-1.135
-0.708
-0.77
-0.659
-0.501
-0.825
-0.662
-0.868
-0.679
-0.676
-0.411
-0.14
-0.212
-0.115
-0.255
-0.386
-0.585
-0.649
-0.413
-0.286
-0.334
-0.11
-0.307
-0.4
-0.454
-0.431
-0.275
-0.154
0.007
0.253
0.244
0.434
0.414
0.305
0.391
0.41
0.547
0.746
0.784
0.652
0.459
0.354
0.226
0.214
0.249
0.054
0.058
0.09
-0.145
-0.161
-0.505
-0.594
-0.524
-0.537
-0.446
-0.33
-0.14
-0.044
-0.083
-0.209
-0.256
0.109
0.009
0.096
0.223
0.395
0.509
0.666
0.726
0.81
0.781
0.881
1.022
1.06
1.219
1.204
1.286
1.586
1.379
1.549
1.436
1.621
1.482
1.453
1.405
1.335
1.304
1.292
1.324
1.446
1.338
1.363
1.251
1.211
1.123
0.954
1.061
0.927
1.064
1.188
1.232
1.272
1.055
0.848
0.838
1.165
1.093
1.42
1.645
1.851
1.588
1.181
0.998
0.854
0.959
0.911
1.123
1.046
1.048
1.183
0.984
0.875
0.818
0.797
0.774
0.811
0.936
0.794
0.896
0.888
0.72
0.686
0.851
0.544
0.715
1.069
1.081
1.231
1.091
1.022
0.885
0.955
1.028
0.925
0.932
1.032
1.1
1.321
1.229
1.355
1.441
1.484
1.508
1.176
0.89
0.959
0.889
0.875
0.89
0.624
0.217
0.247
0.338
0.319
0.594
0.723
0.714
0.901
0.811
0.626
0.449
0.35
0.166
0.256
0.364
0.354
0.339
0.27
0.124
-0.144
-0.028
-0.128
-0.105
0.066
0.122
0.344
0.465
0.427
0.309
0.666
0.759
0.714
0.746
0.614
0.466
0.315
0.161
0.216
0.474
0.517
0.383
0.269
0.833
0.825
0.603
0.475
0.199
0.216
-0.058
-0.18
-0.256
-0.348
-0.265
-0.356
-0.343
0.03
0.15
0.28
0.114
0.304
0.325
0.409
0.364
0.164
0.109
0.041
-0.01
-0.105
-0.158
-0.136
-0.045
0.111
0.145
-0.261
-0.506
-0.404
-0.46
-0.531
-0.321
-0.209
-0.129
-0.364
-0.297
-0.289
-0.401
-0.46
-0.254
-0.239
-0.356
-0.362
-0.535
-0.834
-0.667
-0.895
-0.954
-1.11
-1.135
-0.855
-0.652
-0.751
-0.714
-0.425
-0.41
-0.034
-0.043
-0.321
-0.591
-0.763
-0.801
-0.815
-0.667
-0.515
-0.284
-0.596
-0.76
-0.603
-0.589
-0.57
-0.515
-0.341
-0.371
-0.463
-0.484
-0.329
-0.349
-0.264
-0.009
0.201
-0.189
-0.188
-0.561
-0.856
-0.746
-0.431
-0.276
-0.315
-0.181
0.024
0.069
0.246
-0.116
-0.261
-0.015
-0.126
-0.115
-0.21
-0.341
-0.235
-0.415
-0.52
-0.57
-0.525
-0.458
-0.723
-0.876
-1.199
-1.312
-1.406
-1.321
-1.366
-1.2
-1.039
-0.838
-0.624
-0.696
-0.522
-0.508
-0.425
-0.376
-0.446
-0.225
-0.269
-0.321
-0.464
-0.26
-0.089
0.159
0.305
0.574
0.686
0.686
0.578
0.535
0.411
0.135
0.048
-0.036
0.099
0.058
0.092
0.19
0.115
0.434
-0.043
-0.2
-0.046
-0.07
-0.166
-0.511
-0.547
-0.693
-0.965
-0.975
-0.973
-1.135
-1.323
-1.222
-1.353
-1.07
-1.137
-0.936
-0.585
-0.67
-0.276
-0.138
-0.294
-0.104
-0.289
-0.203
-0.154
-0.026
0.031
0.163
0.376
0.346
0.371
0.416
0.459
0.417
0.541
0.698
0.714
0.487
0.463
0.482
0.446
0.062
0.211
0.281
0.113
0.268
0.122
-0.184
-0.077
-0.29
-0.506
-0.496
-0.224
-0.22
-0.058
-0.23
-0.362
-0.158
-0.301
-0.158
0.09
-0.129
0.006
-0.177
-0.201
-0.323
-0.386
-0.254
-0.346
-0.398
-0.448
-0.586
-0.714
-0.519
-0.552
-0.879
-0.896
-1.141
-1.26
-1.448
-1.254
-1.229
-1.041
-0.675
-0.536
-0.211
-0.291
-0.214
-0.301
-0.454
-0.555
-0.628
-0.46
-0.413
-0.214
-0.316
-0.311
-0.081
0.011
0.05
-0.054
0.033
0.141
0.024
-0.111
-0.184
-0.084
-0.103
-0.21
-0.196
-0.096
-0.158
-0.152
-0.236
-0.352
-0.26
-0.036
0.048
-0.113
-0.08
-0.099
0.02
0.18
0.223
0.028
0.177
0.247
0.415
0.3
0.223
0.288
0.27
0.367
0.465
0.574
0.68
0.713
0.726
0.642
0.682
0.693
0.561
0.616
0.465
0.408
0.331
0.177
0.174
0.345
0.226
0.225
0.24
0.214
-0.021
-0.193
-0.289
-0.27
-0.334
-0.24
-0.234
-0.319
-0.119
-0.177
-0.184
-0.291
-0.372
-0.288
-0.184
-0.141
-0.051
-0.044
0.075
0.215
0.241
0.416
0.478
0.509
0.78
0.889
1.018
1.155
1.231
1.127
1.008
1.159
1.405
1.33
1.423
1.416
1.302
1.256
1.393
1.34
1.911
1.742
1.894
2.179
1.914
1.68
1.376
0.974
1.196
1.591
1.671
1.823
1.708
1.864
1.879
1.812
1.869
1.515
1.671
1.482
1.308
1.04
0.841
0.968
1.136
0.986
0.799
0.984
0.996
1.049
1.094
1.164
0.951
0.985
0.964
0.869
0.774
0.426
0.552
0.461
0.526
0.659
0.456
0.088
0.101
0.035
-0.175
-0.278
-0.191
0.114
0.033
-0.216
-0.255
-0.273
-0.309
-0.134
-0.479
-0.196
-0.159
-0.354
-0.194
-0.163
-0.076
-0.076
0.284
0.246
0.175
0.24
0.212
0.416
0.233
0.599
0.642
0.666
0.576
0.71
0.634
0.714
0.85
0.736
1.071
0.796
0.921
1.005
0.996
1.137
1.173
1.385
1.325
1.083
0.804
0.824
0.661
0.795
0.774
0.65
0.324
0.474
0.5
0.401
0.217
-0.051
0.141
0.084
0.249
0.152
-0.089
0.001
0.221
0.44
0.539
0.703
1.014
0.976
1.01
1.089
1.039
1.181
1.101
0.815
0.806
0.769
0.445
0.424
0.455
0.261
0.321
0.256
0.454
0.343
0.536
0.41
0.264
0.208
0.265
0.331
0.161
0.089
-0.044
-0.305
0.04
0.104
0.399
0.28
0.557
0.601
0.681
0.634
0.609
0.302
0.354
0.301
0.541
0.48
0.302
0.264
0.169
-0.326
-0.372
-0.422
-0.389
-0.537
-0.409
-0.626
-0.686
-0.768
-1.219
-1.145
-1.325
-1.33
-1.185
-1.251
-0.941
-0.828
-0.846
-0.576
-0.714
-0.555
-0.552
-0.621
-0.615
-0.469
-0.276
-0.251
-0.216
-0.301
-0.273
-0.266
-0.131
-0.35
0.095
0.126
0.259
0.23
0.231
0.305
0.244
0.329
0.265
0.249
0.209
0.276
0.28
0.216
0.191
0.374
-0.036
-0.04
-0.261
-0.33
-0.281
-0.124
-0.215
-0.062
-0.072
-0.059
0.121
0.07
0.239
0.275
-0.006
0.145
0.196
0.259
0.085
-0.194
-0.036
-0.514
-0.58
-0.63
-0.725
-0.636
-0.469
-0.438
-0.512
-0.583
-0.449
-0.532
-0.51
-0.604
-0.385
-0.831
-0.891
-1.149
-1.193
-1.059
-1.113
-1.097
-1.416
-1.621
-1.745
-1.958
-1.876
-1.661
-1.806
-1.458
-1.468
-1.177
-1.117
-1.095
-1.295
-1.397
-1.379
-1.38
-0.959
-0.736
-0.696
-0.355
-0.326
-0.487
-0.404
-0.669
-0.946
-0.869
-0.628
-0.226
-0.101
-0.168
-0.421
-0.714
-0.73
-0.774
-0.009
0.198
0.198
0.209
0.2
0.316
-0.04
-1.039
0.039
0.39
0.541
0.631
0.734
0.573
0.244
0.345
0.305
0.189
0.284
0.149
0.205
0.089
-0.04
-0.174
-0.456
-0.41
-0.247
-0.041
-0.119
-0.215
-0.391
-0.703
-0.666
-0.639
-0.383
-0.388
-0.47
-0.398
-0.589
-0.449
-0.485
-0.473
-0.364
-0.194
-0.406
-0.263
-0.13
-0.071
0.071
-0.094
-0.089
0.081
0.304
0.534
0.534
0.67
0.74
1.022
0.961
0.915
0.838
0.535
0.279
0.059
-0.124
-0.214
-0.21
-0.471
-0.356
-0.319
-0.599
-0.891
-0.97
-0.914
-1.115
-1.194
-0.896
-0.994
-1.019
-1.049
-0.782
-0.819
-0.769
-0.686
-0.744
-0.67
-0.781
-0.675
-0.469
-0.768
-0.856
-0.92
-0.995
-1.269
-1.094
-1.115
-0.88
-0.579
-0.285
-0.03
0.075
-0.014
0.005
-0.118
0.02
0.195
0.621
0.818
1.025
0.885
0.657
0.787
1.244
1.546
1.41
1.366
1.281
0.855
0.569
0.515
