-0.15
-0.354
-0.095
0.001
-0.024
0.083
0.071
-0.022
-0.129
-0.189
-0.302
-0.459
-0.427
-0.291
-0.401
-0.441
-0.325
-0.404
-0.504
-0.652
-0.575
-0.644
-0.556
-0.514
-0.614
-0.599
-0.759
-0.494
-0.318
-0.216
-0.214
-0.129
-0.15
-0.069
-0.182
-0.075
-0.136
-0.174
-0.281
-0.216
-0.309
-0.416
-0.315
-0.265
-0.242
-0.459
-0.601
-0.645
-0.61
-0.623
-0.608
-0.51
-0.541
-0.422
-0.413
-0.491
-0.422
-0.394
-0.372
-0.401
-0.315
-0.288
-0.21
-0.089
-0.144
-0.111
0.039
-0.061
-0.079
-0.126
-0.048
-0.13
-0.076
0.051
0.114
0.056
0.111
0.13
0.324
0.401
0.284
0.449
0.676
0.834
0.863
0.906
1.091
0.816
0.743
0.656
0.366
0.4
0.35
0.338
0.21
0.309
0.191
0.144
0.044
0.259
0.223
0.14
0.079
0.125
0.194
0.065
0.212
0.105
0.076
-0.055
-0.188
-0.115
-0.061
-0.133
-0.139
-0.177
-0.283
-0.239
-0.389
-0.333
-0.058
-0.198
-0.182
-0.191
-0.189
-0.336
-0.362
-0.2
-0.314
-0.29
-0.511
-0.499
-0.568
-0.562
-0.749
-0.764
-0.76
-0.828
-0.745
-0.559
-0.777
-0.743
-0.64
-0.545
-0.559
-0.466
-0.284
-0.349
-0.367
-0.372
-0.474
-0.314
-0.326
-0.186
-0.41
-0.318
-0.328
-0.109
-0.121
-0.055
0.098
0.264
0.274
0.208
0.256
0.013
-0.151
-0.069
-0.145
0.048
0.026
-0.176
-0.077
-0.175
-0.096
-0.146
0.003
0.09
0.188
0.196
0.206
0.284
0.331
0.432
0.369
0.253
0.333
0.417
0.406
0.503
0.331
0.224
0.316
0.331
0.261
0.263
0.176
0.251
0.225
0.216
0.355
0.06
0.224
0.021
0.004
-0.07
-0.066
-0.036
-0.071
-0.095
0.014
0.101
-0.036
0.095
0.028
-0.1
-0.037
0.001
0.163
0.006
0.238
-0.016
-0.014
-0.174
-0.335
-0.324
-0.379
-0.436
-0.537
-0.389
-0.489
-0.521
-0.506
-0.503
-0.316
-0.321
-0.266
-0.171
-0.176
-0.016
-0.058
0.122
0.09
0.173
0.212
0.072
0.071
0.065
0.147
0.131
0.147
0.24
0.304
0.239
0.169
0.036
-0.119
-0.16
-0.245
-0.369
-0.539
-0.557
-0.401
-0.383
-0.405
-0.35
-0.279
-0.245
-0.161
-0.139
0.041
-0.302
-0.045
-0.166
-0.175
-0.239
-0.216
-0.362
-0.302
-0.345
-0.266
-0.379
-0.411
-0.455
-0.644
-0.552
-0.482
-0.314
-0.235
-0.164
-0.138
-0.163
-0.268
-0.271
-0.375
-0.269
-0.203
-0.255
-0.26
-0.174
-0.259
-0.134
-0.196
-0.124
-0.105
-0.111
-0.094
-0.092
-0.264
-0.126
-0.193
-0.184
-0.225
-0.234
-0.128
-0.19
-0.121
-0.151
-0.229
-0.212
-0.083
-0.343
-0.2
-0.338
-0.343
-0.453
-0.465
-0.362
-0.299
-0.273
-0.241
-0.118
-0.084
-0.151
-0.026
0.114
0.066
0.265
0.321
0.364
0.35
0.465
0.485
0.426
0.46
0.461
0.309
0.275
-0.075
-0.135
-0.3
-0.419
-0.386
-0.466
-0.403
-0.393
-0.378
-0.401
-0.509
-0.526
-0.471
-0.455
-0.304
-0.426
-0.415
-0.381
-0.367
-0.346
-0.254
-0.2
-0.19
-0.299
-0.242
-0.259
-0.305
-0.326
-0.295
-0.147
-0.131
-0.1
-0.186
-0.14
-0.118
-0.184
-0.125
-0.02
0.039
0.269
0.386
0.381
0.31
0.429
0.545
0.61
0.431
0.486
0.603
0.44
0.396
0.417
0.446
0.393
0.385
0.357
0.275
0.286
0.351
0.396
0.214
0.321
0.346
0.26
0.436
0.427
0.291
0.253
0.14
0.18
0.145
0.072
0.201
-0.05
0.099
-0.062
-0.059
-0.11
-0.081
-0.013
-0.003
-0.176
-0.105
-0.061
-0.096
-0.288
-0.154
-0.254
-0.357
-0.254
-0.189
-0.136
-0.092
-0.107
0.036
0.191
0.2
0.168
0.224
0.061
0.122
-0.182
-0.048
0.03
0.163
0.278
0.312
0.366
0.265
0.333
0.255
0.094
0.209
0.253
0.116
0.084
0.223
-0.024
0.083
0.066
0.17
0.134
0.269
0.08
0.062
0.014
0.007
-0.006
-0.129
0.007
-0.136
-0.139
-0.034
-0.149
-0.062
0.004
-0.014
-0.08
-0.15
-0.058
-0.062
0.113
-0.066
0.124
0.029
-0.021
-0.052
0.061
-0.113
-0.074
-0.264
-0.309
-0.304
-0.226
-0.12
-0.045
-0.075
-0.171
-0.238
-0.161
-0.16
-0.316
-0.333
-0.312
-0.283
-0.229
-0.166
-0.221
-0.281
-0.26
-0.191
-0.326
-0.034
-0.346
-0.294
-0.435
-0.625
-0.584
-0.531
-0.571
-0.541
-0.544
-0.57
-0.573
-0.456
-0.409
-0.54
-0.374
-0.284
-0.205
-0.182
-0.193
-0.091
-0.059
0.054
-0.119
-0.022
-0.195
-0.28
-0.228
-0.208
-0.196
-0.273
-0.307
-0.104
-0.221
-0.144
-0.225
-0.154
-0.159
-0.099
-0.138
-0.131
0.043
-0.011
0.025
-0.217
-0.176
-0.23
-0.115
-0.111
-0.278
-0.092
-0.161
-0.062
-0.091
-0.031
0.091
0.09
0.116
0.088
0.261
0.126
0.256
0.21
0.184
0.031
0.114
0.195
0.189
0.182
0.15
0.151
0.372
0.424
0.508
0.542
0.578
0.526
0.54
0.466
0.381
0.184
0.2
0.357
0.288
0.318
0.099
0.223
0.479
0.481
0.336
0.45
0.574
0.492
0.645
0.586
0.46
0.482
0.346
0.449
0.386
0.355
0.181
0.297
0.139
0.188
0.215
0.28
0.335
-0.005
0.099
0.015
0.276
0.268
0.24
0.209
0.315
0.229
0.235
0.324
0.275
0.246
0.271
0.49
0.601
0.503
0.441
0.338
0.375
0.489
0.516
0.585
0.65
0.537
0.464
0.443
0.328
0.264
0.214
0.228
0.009
0.06
0.129
0.121
-0.09
-0.294
-0.19
-0.33
-0.485
-0.399
-0.54
-0.413
-0.534
-0.458
-0.51
-0.424
-0.463
-0.501
-0.411
-0.438
-0.39
-0.295
-0.455
-0.365
-0.391
-0.301
-0.255
-0.366
-0.208
-0.305
-0.286
-0.25
-0.372
-0.182
-0.314
-0.238
-0.251
-0.182
-0.121
-0.175
-0.249
-0.239
-0.245
-0.163
-0.106
-0.11
-0.268
-0.264
-0.231
-0.325
-0.307
-0.421
-0.396
-0.718
-0.55
-0.601
-0.645
-0.578
-0.494
-0.497
-0.562
-0.299
-0.566
-0.49
-0.573
-0.58
-0.531
-0.448
-0.371
-0.532
-0.52
-0.478
-0.416
-0.376
-0.374
-0.336
-0.263
-0.496
-0.501
-0.547
-0.53
-0.536
-0.482
-0.413
-0.306
-0.361
-0.209
-0.161
-0.056
-0.075
-0.294
-0.054
0.026
0.05
0.072
-0.039
-0.08
-0.048
-0.014
-0.059
0.003
0.247
0.151
0.264
0.194
0.275
0.128
0.19
0.021
0.059
-0.283
-0.29
-0.586
-0.432
-0.539
-0.45
-0.492
-0.506
-0.403
-0.48
-0.482
-0.427
-0.419
-0.384
-0.329
-0.35
-0.424
-0.238
-0.233
-0.1
-0.094
0.007
-0.013
0.069
-0.014
0.049
0.119
0.125
-0.014
0.069
0.05
0.039
0.095
-0.07
0.08
0.107
0.021
0.09
0.099
0.056
0.007
0.103
0.091
0.109
0.064
0.14
0.019
0.074
0.005
-0.107
-0.189
0.058
-0.19
-0.138
-0.062
-0.156
0.009
-0.099
0.004
-0.271
-0.149
-0.084
-0.037
0.039
-0.018
0.025
-0.066
0.039
-0.011
0.03
0.049
0.041
0.035
0.044
0.024
-0.144
0.007
0.079
0.006
0.009
-0.006
0.054
0.019
0.061
0.021
-0.024
-0.035
0.046
0.08
0.119
0.177
0.08
0.064
-0.03
-0.039
-0.094
-0.139
-0.128
-0.124
-0.214
-0.286
-0.045
-0.309
-0.27
-0.292
-0.364
-0.309
-0.259
-0.206
-0.211
-0.294
-0.22
-0.247
-0.104
-0.15
-0.151
-0.1
-0.21
-0.014
-0.113
-0.049
-0.003
-0.024
0.054
0.02
0.107
-0.035
0.079
0.091
0.206
0.205
0.134
0.217
0.203
0.251
0.367
0.312
0.323
0.349
0.436
0.371
0.344
0.482
0.28
0.355
0.236
0.28
0.256
0.268
0.219
0.223
0.45
0.135
0.135
0.149
0.131
0.111
0.16
0.129
0.103
0.071
0.116
0.205
0.1
0.14
0.126
0.174
-0.004
0.05
0.166
0.111
-0.001
0.136
0.086
0.003
-0.062
0.014
0.062
-0.147
-0.103
-0.116
-0.24
-0.139
-0.166
-0.201
-0.193
-0.186
-0.173
-0.166
-0.129
-0.149
-0.076
-0.05
-0.214
-0.276
-0.253
-0.341
-0.374
-0.265
-0.489
-0.492
-0.302
-0.579
-0.352
-0.471
-0.474
-0.398
-0.351
-0.389
-0.357
-0.339
-0.375
-0.38
-0.43
-0.31
-0.336
-0.379
-0.321
-0.301
-0.274
-0.236
-0.189
-0.215
-0.131
-0.231
-0.174
-0.009
-0.007
0.129
0.092
0.14
0.199
0.23
0.278
0.338
0.369
0.352
0.381
0.396
0.425
0.438
0.456
0.419
0.486
0.481
0.635
0.561
0.564
0.611
0.629
0.212
0.38
0.238
0.283
0.344
0.271
0.203
0.274
0.225
0.11
0.103
0.212
0.383
0.223
0.26
0.408
0.22
0.315
0.211
0.323
0.279
0.186
0.236
0.194
0.098
-0.019
0.014
-0.021
-0.075
-0.124
-0.155
-0.114
-0.281
-0.235
-0.208
-0.25
-0.323
-0.304
-0.286
-0.184
-0.288
-0.12
-0.055
-0.104
-0.021
-0.081
-0.006
-0.015
0.029
0.056
0.03
0.129
-0.01
0.145
0.143
0.152
0.241
0.208
0.224
0.139
0.091
0.056
0.039
0.135
-0.058
0.156
0.259
0.306
0.315
0.316
0.374
0.326
0.369
0.359
0.36
0.393
0.444
0.421
0.326
0.344
0.284
0.306
0.364
0.305
0.405
0.357
0.323
0.38
0.343
0.378
0.367
0.51
0.494
0.525
0.555
1.133
0.386
0.398
0.386
0.421
0.3
0.53
0.391
0.411
0.316
0.309
0.48
0.586
0.755
0.824
0.701
1.036
1.032
1.085
1.167
1.123
0.893
0.814
0.693
0.586
0.675
0.655
0.551
0.588
0.552
0.469
0.5
0.639
0.593
0.66
0.76
0.805
0.828
0.966
0.964
1.073
1.052
1.05
1.016
0.905
0.921
0.901
0.875
0.894
0.953
0.943
1.059
0.995
1.031
1.135
1.046
1.136
1.058
1.213
1.084
1.134
1.21
1.163
1.066
0.961
0.965
0.994
0.964
0.735
0.805
0.81
0.693
0.68
0.738
0.833
0.805
0.932
0.861
0.883
0.796
0.759
0.755
0.625
0.654
0.539
0.573
0.688
0.703
0.688
0.693
0.551
0.496
0.508
0.594
0.546
0.672
0.496
0.583
0.641
0.539
0.517
0.5
0.468
0.289
0.486
0.344
0.541
0.469
0.618
0.62
0.603
0.657
0.522
0.501
0.372
0.456
0.394
0.256
0.258
0.335
0.323
0.147
0.156
0.096
0.089
0.103
-0.019
-0.099
-0.064
-0.135
0.056
-0.126
-0.239
-0.249
-0.38
-0.429
-0.391
-0.338
-0.385
-0.404
-0.417
-0.271
-0.391
-0.38
-0.411
-0.314
-0.259
-0.255
-0.191
-0.151
-0.062
-0.295
-0.263
-0.091
-0.119
-0.217
-0.261
-0.417
-0.375
-0.551
-0.434
-0.473
-0.432
-0.484
-0.596
-0.514
-0.321
-0.271
-0.152
-0.072
-0.048
0.049
0.302
0.334
0.375
0.54
0.435
0.432
0.3
0.182
0.144
-0.064
-0.191
-0.147
-0.045
-0.083
-0.043
-0.265
-0.316
-0.494
-0.491
-0.575
-0.532
-0.557
-0.526
-0.468
-0.359
-0.29
-0.236
-0.219
-0.116
-0.191
-0.326
-0.39
-0.405
-0.3
-0.016
-0.173
-0.195
-0.025
-0.045
0.043
0.049
0.043
-0.005
-0.182
-0.341
-0.297
-0.164
-0.259
-0.289
-0.144
-0.065
0.048
0.209
0.28
0.201
0.292
0.251
0.234
0.12
-0.036
-0.08
-0.212
-0.043
-0.367
-0.014
0.001
0.0
-0.191
-0.229
-0.164
-0.294
-0.331
-0.299
-0.319
-0.307
-0.244
-0.191
-0.265
-0.324
-0.36
-0.209
-0.15
-0.211
-0.217
-0.19
-0.366
-0.315
-0.36
-0.441
-0.434
-0.274
-0.321
-0.125
-0.004
0.1
0.268
0.247
0.396
0.179
0.3
0.165
0.177
0.416
0.534
0.647
0.616
0.696
0.667
0.599
0.598
0.705
0.826
0.709
0.659
0.481
0.38
0.42
0.333
0.331
0.212
0.304
0.453
0.376
0.49
0.424
0.478
0.47
0.339
0.311
0.516
0.713
0.624
0.542
0.525
0.772
0.646
0.744
0.651
0.669
0.681
0.357
0.289
0.307
0.324
0.238
0.103
0.062
0.033
-0.083
-0.072
-0.077
-0.052
-0.028
-0.158
-0.1
0.03
-0.01
-0.203
-0.25
-0.304
-0.256
-0.201
-0.124
-0.229
-0.134
-0.077
0.159
0.176
0.143
0.191
0.191
0.225
0.23
0.254
0.242
0.295
0.343
0.384
0.249
0.283
0.18
-0.01
-0.294
-0.39
-0.478
-0.583
-0.588
-0.674
-0.634
-0.633
-0.443
-0.393
-0.23
-0.115
-0.15
0.054
0.096
0.124
0.099
0.146
0.085
0.049
0.111
0.238
0.174
0.182
0.173
0.225
0.321
0.305
0.295
0.261
0.221
0.109
0.177
0.188
0.189
0.319
0.215
0.226
0.276
0.261
0.266
0.32
0.304
0.354
0.217
0.255
0.255
0.011
0.144
-0.052
-0.046
-0.095
0.089
-0.07
-0.079
-0.15
-0.256
-0.261
-0.329
-0.217
-0.104
-0.164
-0.199
-0.025
0.04
0.19
-0.041
0.025
0.049
-0.016
0.081
0.1
0.169
0.388
0.335
0.42
0.436
0.348
0.385
0.077
0.302
0.099
0.134
0.22
0.131
0.173
0.239
0.161
0.19
0.17
0.111
0.13
0.06
-0.081
-0.037
0.005
-0.062
0.024
-0.214
-0.231
-0.079
-0.18
-0.028
-0.125
-0.246
-0.199
-0.325
-0.3
-0.463
-0.504
-0.535
-0.586
-0.531
-0.464
-0.486
-0.464
-0.526
-0.465
-0.404
-0.367
-0.365
-0.103
-0.005
-0.115
0.12
0.065
0.069
0.035
0.051
0.039
-0.004
-0.059
-0.021
0.003
-0.05
0.188
0.215
0.301
0.497
0.511
0.366
0.386
0.284
0.333
0.273
0.228
0.299
0.399
0.306
0.341
0.343
0.163
0.309
0.074
-0.096
-0.081
-0.109
-0.031
0.107
0.084
0.242
0.43
0.458
0.51
0.409
0.255
0.305
0.406
0.286
0.389
0.408
0.297
0.436
0.49
0.625
0.629
0.693
0.672
0.66
0.795
0.675
0.661
0.576
0.741
0.485
0.349
0.339
0.309
0.209
0.16
0.105
0.214
-0.101
-0.08
-0.216
-0.369
-0.211
-0.316
-0.38
-0.45
-0.48
-0.578
-0.589
-0.59
-0.714
-0.805
-0.713
-0.532
-0.468
-0.344
-0.326
-0.171
-0.371
-0.42
-0.578
-0.604
-0.573
-0.651
-0.551
-0.72
-0.646
-0.679
-0.776
-0.755
-0.735
-0.676
-0.496
-0.404
-0.33
-0.206
-0.177
-0.056
0.029
-0.085
-0.086
-0.061
-0.066
-0.014
0.029
0.115
0.241
0.406
0.401
0.492
0.431
0.696
0.695
0.62
0.626
0.639
0.562
0.495
0.583
0.466
0.475
0.544
0.552
0.478
0.321
0.435
0.372
0.446
0.432
0.425
0.345
0.294
0.399
0.356
0.321
0.205
0.079
0.16
0.184
0.163
0.14
0.154
0.089
0.031
-0.118
-0.236
-0.264
-0.328
-0.198
-0.104
-0.013
-0.079
-0.271
-0.129
-0.265
-0.253
-0.419
-0.562
-0.638
-0.756
-0.878
-0.888
-0.883
-0.724
-0.902
-0.771
-0.814
-0.995
-0.986
-1.071
-1.09
-1.045
-0.927
-0.79
-0.881
-0.846
-0.873
-0.784
-0.615
-0.566
-0.391
-0.299
-0.362
-0.214
-0.206
-0.092
-0.034
0.013
0.04
0.033
-0.056
-0.029
0.081
0.135
0.113
0.194
0.065
0.101
-0.048
0.099
0.061
0.125
0.238
0.386
0.496
0.465
0.393
0.295
0.276
0.23
0.088
0.085
0.101
0.072
0.106
0.125
0.029
0.013
0.288
0.265
0.061
0.23
0.147
0.118
0.06
-0.089
-0.028
-0.052
-0.061
-0.143
-0.125
-0.135
-0.136
-0.199
-0.182
-0.279
-0.338
-0.378
-0.286
-0.351
-0.39
-0.399
-0.331
-0.19
-0.241
-0.271
-0.208
-0.116
-0.11
-0.174
-0.223
-0.199
-0.21
-0.254
-0.256
-0.4
-0.33
-0.226
-0.28
-0.21
-0.174
-0.129
-0.069
-0.07
0.014
-0.235
-0.19
-0.328
-0.329
-0.527
-0.605
-0.554
-0.503
-0.449
-0.443
-0.306
-0.194
-0.244
-0.283
-0.383
-0.378
-0.385
-0.48
-0.562
-0.606
-0.664
-0.521
-0.435
-0.328
-0.316
-0.276
-0.119
-0.121
0.037
0.144
0.06
0.144
0.111
0.045
-0.09
-0.015
-0.045
-0.071
-0.009
0.052
-0.059
0.065
0.074
0.066
0.066
-0.005
-0.046
-0.101
-0.084
-0.211
-0.333
-0.381
-0.362
-0.274
-0.443
-0.505
-0.614
-0.733
-0.881
-0.964
-0.839
-0.856
-0.585
-0.51
-0.466
-0.42
-0.408
-0.228
-0.177
0.019
0.206
0.048
0.256
0.305
0.29
0.201
0.169
0.211
0.352
0.258
0.321
0.198
0.107
0.135
0.115
-0.041
0.009
0.016
-0.024
-0.025
-0.026
0.021
0.095
0.165
0.045
-0.098
-0.02
0.003
-0.004
-0.018
-0.149
-0.198
-0.325
-0.389
-0.376
-0.349
-0.294
-0.247
-0.17
-0.341
-0.391
-0.276
-0.413
-0.499
-0.386
-0.405
-0.321
-0.43
-0.415
-0.524
-0.33
-0.367
-0.33
-0.256
-0.247
-0.309
-0.283
-0.179
-0.051
0.121
0.154
0.095
0.114
0.147
0.037
-0.006
0.099
0.052
0.096
0.169
0.19
0.254
0.09
0.037
-0.04
-0.051
-0.005
0.024
0.101
0.054
0.225
0.266
0.309
0.706
0.65
0.629
0.531
0.679
0.689
0.638
0.72
0.766
0.834
0.859
0.831
0.926
0.96
0.849
0.978
0.95
1.051
1.139
1.184
1.334
1.193
1.125
1.103
1.151
1.008
0.958
0.909
0.619
0.564
0.47
0.511
0.381
0.289
0.28
0.194
0.15
0.011
-0.186
-0.165
-0.144
-0.059
-0.071
-0.092
-0.173
-0.188
-0.436
-0.562
-0.595
-0.694
-0.591
-0.495
-0.714
-0.756
-0.802
-0.959
-0.955
-1.129
-0.886
-0.936
-0.9
-1.005
-1.111
-0.922
-1.135
-1.081
-1.006
-0.976
-0.756
-0.596
-0.55
-0.583
-0.5
-0.566
-0.532
-0.443
-0.564
-0.431
-0.255
-0.398
-0.295
-0.288
-0.26
-0.168
-0.372
-0.307
-0.294
-0.212
-0.264
-0.209
-0.242
-0.241
-0.069
-0.064
-0.016
-0.185
-0.089
-0.062
-0.238
-0.254
-0.03
-0.134
-0.116
-0.198
-0.158
-0.041
-0.09
0.071
0.045
-0.003
0.004
-0.074
-0.143
-0.158
-0.052
0.031
0.08
0.011
0.08
0.156
0.324
0.301
0.297
0.384
0.461
0.495
0.455
0.401
0.364
0.315
0.338
0.338
0.351
0.296
0.463
0.47
0.255
0.309
0.31
0.216
0.166
0.065
0.035
-0.039
0.086
0.003
-0.062
-0.141
-0.238
-0.029
-0.031
-0.302
-0.408
-0.309
-0.311
-0.164
-0.286
-0.444
-0.299
-0.188
-0.23
-0.288
-0.306
-0.235
-0.156
-0.238
-0.33
-0.089
0.001
0.208
0.17
0.295
0.254
0.22
0.105
0.113
0.26
0.295
0.38
0.362
0.276
0.42
0.439
0.634
0.579
0.503
0.346
0.416
0.38
0.147
0.168
0.014
0.164
0.107
0.109
0.01
0.066
0.158
0.128
-0.08
0.177
0.003
-0.19
-0.297
-0.201
-0.13
-0.143
-0.175
-0.176
-0.143
0.03
0.005
-0.006
0.141
0.084
0.072
0.23
0.165
-0.014
0.034
0.054
-0.301
-0.258
-0.193
-0.152
-0.168
-0.149
-0.229
-0.209
0.007
-0.268
-0.17
-0.188
-0.352
-0.39
-0.396
-0.59
-0.42
-0.321
-0.301
-0.234
-0.271
-0.124
-0.036
0.054
0.043
0.122
0.135
0.086
0.074
-0.199
-0.231
-0.069
0.081
-0.07
-0.168
-0.028
-0.152
-0.224
-0.289
-0.325
-0.431
-0.374
-0.348
-0.256
-0.245
-0.181
-0.177
-0.106
-0.037
0.035
0.096
0.018
-0.075
-0.043
0.006
0.061
0.136
0.014
-0.022
0.152
0.033
0.201
0.25
0.359
0.321
0.343
0.429
0.52
0.404
0.453
0.321
0.336
0.241
0.182
0.12
0.15
0.177
0.114
-0.052
0.14
-0.043
-0.24
-0.122
-0.348
-0.284
-0.378
-0.365
-0.312
-0.198
-0.109
-0.079
-0.06
0.004
0.056
0.131
0.168
0.104
0.425
0.395
0.435
0.381
0.372
0.559
0.526
0.666
0.769
0.711
0.819
0.676
0.807
0.71
0.736
0.676
0.631
0.614
0.719
0.599
0.739
0.863
0.693
0.821
0.655
0.858
0.799
0.929
0.934
0.916
0.916
0.964
0.71
0.856
0.753
0.629
0.539
0.641
0.665
0.586
0.704
0.779
0.776
0.726
0.623
0.463
0.443
0.44
0.401
0.629
0.634
0.76
0.657
0.68
0.583
0.522
0.83
0.82
0.794
0.855
0.728
0.858
0.666
0.812
0.54
0.68
0.609
0.341
0.542
0.718
0.65
0.677
0.568
0.364
0.236
0.329
0.11
0.188
-0.001
-0.056
-0.024
-0.174
-0.037
-0.071
-0.029
0.003
0.161
0.253
0.225
0.251
0.264
0.065
0.121
0.115
0.024
0.28
0.254
0.083
0.296
0.154
-0.03
0.264
0.346
0.471
0.672
0.647
0.628
0.686
0.551
0.672
0.615
0.662
0.979
0.814
0.774
0.74
0.989
0.676
0.674
0.559
0.4
0.408
0.555
0.46
0.506
0.625
0.552
0.819
0.753
0.858
0.904
1.14
1.119
1.265
1.472
1.419
1.51
1.481
1.528
1.596
1.49
1.691
1.509
1.522
1.515
1.688
1.758
1.489
1.417
1.301
1.364
1.444
1.476
1.562
1.726
1.695
2.006
2.188
1.994
2.007
1.933
1.841
1.784
1.781
1.75
1.695
1.617
1.474
1.476
1.449
1.235
1.211
1.127
1.05
0.881
0.728
0.676
0.505
0.537
0.556
0.455
0.449
0.573
0.424
-0.025
-0.037
0.085
0.168
0.196
0.414
0.519
0.662
0.706
0.681
0.818
0.588
0.524
0.441
0.601
0.605
0.634
0.601
0.427
0.588
0.524
0.415
0.455
0.45
0.359
0.259
0.226
0.28
0.461
0.509
0.714
0.708
0.492
0.589
0.328
0.456
0.496
0.454
0.357
0.256
0.271
0.035
0.013
-0.006
-0.209
-0.041
-0.17
-0.241
0.033
0.103
0.033
0.13
0.251
0.424
0.326
0.271
0.205
0.238
0.36
0.417
0.51
0.564
0.43
0.494
0.224
0.25
0.18
0.163
0.091
0.133
0.149
0.238
0.101
0.061
-0.04
-0.35
-0.333
-0.503
-0.645
-0.536
-0.526
-0.383
-0.263
-0.4
-0.484
-0.481
-0.468
-0.361
-0.348
-0.318
-0.316
-0.175
-0.199
-0.364
-0.201
-0.429
-0.259
-0.575
-0.47
-0.654
-0.753
-0.615
-0.59
-0.666
-0.469
-0.634
-10.336
-0.343
-0.259
-0.04
-0.095
-0.094
-0.16
-0.125
-0.281
-0.226
-0.265
-0.069
-0.048
0.004
-0.006
0.12
0.113
0.052
0.024
0.091
-0.061
-0.052
0.118
0.052
-0.119
-0.216
-0.297
-0.269
-0.223
-0.147
0.085
0.215
0.174
0.152
0.189
0.143
0.169
0.208
0.288
0.479
0.694
0.314
0.184
0.1
-0.079
0.365
0.436
0.451
0.501
0.413
0.625
0.319
0.38
0.578
0.521
0.521
0.534
0.429
0.04
-0.09
-0.113
0.11
0.331
0.362
0.406
0.302
0.309
0.263
-0.109
-0.241
-0.24
-0.482
-0.649
-0.723
-0.839
-0.669
-0.763
-0.756
-0.694
-0.439
-0.383
-0.328
-0.289
-0.371
-0.315
-0.429
-0.468
-0.444
-0.638
-0.654
-0.586
-0.879
-0.441
-0.453
-0.666
-0.631
-0.754
-0.708
-0.72
-0.734
-0.672
-0.599
-0.642
-0.745
-0.768
-0.734
-0.719
-0.806
-0.75
-0.746
-0.628
-0.705
-0.608
-0.733
-0.626
-0.586
-0.473
-0.31
-0.425
-0.351
-0.299
-0.224
-0.116
-0.07
0.155
0.362
0.676
0.695
0.655
0.515
0.464
0.383
0.306
0.234
0.046
0.07
0.054
-0.119
-0.196
-0.189
-0.119
-0.131
-0.206
-0.071
-0.085
-0.058
-0.07
0.0
-0.085
-0.166
-0.211
-0.118
0.003
-0.141
-0.013
0.206
0.223
0.185
0.18
0.256
0.147
0.266
0.311
0.075
0.001
0.212
0.247
0.164
0.161
0.066
0.274
0.24
0.255
0.154
0.055
0.041
0.045
-0.021
-0.124
-0.091
0.129
0.14
0.228
0.194
0.294
0.39
0.376
0.356
0.351
0.253
0.236
0.049
0.161
-0.004
-0.034
-0.026
-0.092
-0.206
-0.134
-0.019
0.149
0.175
0.092
0.021
-0.115
-0.273
-0.362
-0.265
-0.38
-0.343
-0.299
-0.292
-0.326
-0.386
-0.32
-0.076
0.037
0.092
0.094
0.151
0.036
0.048
0.09
-0.03
-0.028
0.033
-0.125
0.074
0.141
0.198
0.205
0.13
0.16
0.265
0.163
0.118
0.139
-0.191
-0.146
-0.052
-0.135
-0.163
-0.309
-0.296
-0.455
-0.481
-0.469
-0.562
-0.766
-0.729
-0.473
-0.454
-0.639
-0.585
-0.65
-0.61
-0.703
-0.858
-0.682
-0.671
-0.781
-0.608
-0.696
-0.781
-0.824
-0.963
-1.015
-0.863
-0.963
-0.776
-0.779
-0.641
-0.562
-0.55
-0.526
-0.345
-0.259
-0.301
-0.12
-0.331
-0.296
-0.32
-0.629
-0.661
-0.649
-0.556
-0.614
-0.54
-0.7
-0.721
-0.562
-0.719
-0.693
-0.647
-0.731
-0.739
-0.768
-0.784
-0.771
-0.829
-0.963
-0.805
-0.79
-0.734
-0.835
-0.676
-0.812
-0.991
-0.741
-0.669
-0.641
-0.641
-0.667
-0.713
-0.677
-0.67
-0.611
-0.531
-0.676
-0.514
-0.547
-0.474
-0.504
-0.424
-0.464
-0.416
-0.378
-0.383
-0.22
-0.191
-0.119
-0.111
-0.226
-0.12
-0.219
-0.256
-0.32
-0.3
-0.305
-0.42
-0.371
-0.429
-0.429
-0.211
-0.318
-0.074
0.044
0.037
-0.103
0.007
-0.019
0.059
0.014
-0.04
0.161
0.244
0.17
0.15
0.061
0.23
0.125
0.076
0.033
0.133
0.02
0.011
0.124
0.264
0.371
0.524
0.424
0.225
0.176
0.079
0.11
0.388
0.489
0.527
0.705
0.729
0.849
0.721
0.6
0.594
0.417
0.403
0.214
0.101
0.092
0.318
0.159
0.296
0.422
0.284
0.198
0.03
-0.176
-0.264
-0.223
-0.255
-0.051
-0.196
-0.054
-0.072
-0.159
-0.061
-0.403
-0.274
-0.228
-0.181
-0.485
-0.355
-0.386
-0.461
-0.735
-0.704
-0.52
-0.501
-0.537
-0.436
-0.263
-0.276
-0.321
-0.149
-0.271
-0.281
-0.285
-0.226
-0.228
-0.184
-0.036
0.004
0.025
0.106
0.05
0.1
0.06
-0.159
-0.165
-0.246
-0.116
-0.586
-0.631
-0.549
-0.64
-0.604
-0.657
-0.671
-0.772
-0.815
-0.909
-1.091
-0.968
-0.911
-0.968
-0.828
-0.864
-0.755
-0.67
-0.772
-0.635
-0.591
-0.324
-0.379
-0.335
-0.497
-0.565
-0.374
-0.318
-0.23
-0.104
-0.121
-0.098
-0.158
0.069
0.186
0.278
0.271
0.291
0.269
0.154
0.24
0.258
0.092
0.098
0.228
0.304
0.424
0.51
0.584
0.401
0.473
0.511
0.519
0.254
0.086
0.242
0.198
0.055
-0.003
0.131
0.455
0.383
0.552
0.506
0.427
0.628
0.83
0.76
0.938
0.951
0.81
0.724
0.73
0.583
0.784
0.724
0.681
0.469
0.351
0.253
0.233
0.249
0.206
0.28
0.378
0.236
0.211
0.193
0.066
0.05
0.186
0.164
-0.005
0.146
0.011
0.058
-0.03
-0.031
-0.181
-0.07
-0.033
-0.254
0.098
-0.114
-0.014
0.037
-0.062
0.0
0.052
0.045
-0.031
0.105
-0.036
0.025
0.036
0.129
-0.052
-0.001
-0.286
-0.226
-0.099
-0.35
-0.306
-0.242
-0.242
-0.241
-0.23
-0.224
-0.135
-0.004
-0.039
-0.07
-0.05
0.165
0.281
0.179
0.101
0.062
0.2
0.312
0.188
0.099
-0.018
-0.072
-0.194
-0.118
-0.079
0.065
0.054
0.141
0.229
0.25
-0.025
-0.107
-0.088
0.161
-0.128
-0.103
-0.01
-0.028
0.005
0.03
0.139
0.091
-0.043
-0.05
-0.193
-0.354
-0.372
-0.22
-0.276
-0.21
-0.06
-0.143
-0.104
-0.229
-0.285
-0.315
-0.221
-0.383
-0.269
-0.408
-0.238
-0.326
-0.359
-0.33
-0.138
-0.238
-0.245
-0.311
-0.479
-0.416
-0.275
-0.505
-0.413
-0.371
-0.302
-0.283
-0.104
-0.274
-0.304
-0.129
-0.049
-0.122
0.085
0.074
0.139
0.316
0.122
0.18
-0.016
-0.105
-0.069
-0.231
-0.029
-0.065
-0.052
-0.176
-0.242
-0.339
-0.393
-0.324
-0.501
-0.489
-0.453
-0.309
-0.156
-0.122
0.006
-0.011
0.109
0.058
0.138
0.235
0.276
0.359
0.265
0.152
0.271
0.256
0.263
0.374
0.253
0.27
0.155
0.21
0.23
0.145
0.152
0.114
0.122
0.126
0.103
-0.009
-0.036
-0.016
-0.119
-0.244
-0.265
-0.228
-0.085
-0.021
-0.275
-0.444
-0.203
-0.26
-0.175
-0.279
-0.435
-0.22
-0.23
-0.278
-0.255
-0.354
-0.201
-0.049
0.014
0.105
0.297
0.107
0.364
0.395
0.37
0.481
0.537
0.451
0.175
0.101
-0.033
-0.021
-0.013
-0.121
-0.236
-0.335
-0.375
-0.448
-0.605
-0.565
-0.6
-0.539
-0.659
-0.53
-0.51
-0.745
-0.616
-0.48
-0.557
-0.419
-0.304
-0.205
-0.169
-0.306
0.18
0.028
0.246
0.25
0.111
0.164
0.159
0.484
0.439
0.411
0.541
0.569
0.406
0.403
0.482
0.406
0.365
0.24
0.367
0.5
0.484
0.652
0.662
0.628
0.47
0.515
0.408
0.564
0.51
0.398
0.403
0.519
0.413
0.474
0.253
0.216
0.139
-0.001
0.138
0.299
0.242
0.071
0.244
0.196
0.69
0.487
0.48
0.383
0.328
0.532
0.431
0.268
0.296
0.503
0.378
0.414
0.417
0.249
0.525
0.496
0.475
0.388
0.413
0.416
0.181
0.217
0.03
0.135
0.104
0.181
0.111
-0.007
0.079
0.04
0.091
-0.028
0.101
0.105
0.055
-0.125
-0.024
-0.264
-0.349
-0.241
-0.129
-0.152
-0.128
-0.289
-0.372
-0.338
-0.362
-0.432
-0.336
-0.088
0.161
0.217
0.345
0.568
0.489
0.744
0.614
0.787
0.446
0.566
0.456
0.35
0.31
0.509
0.672
0.531
0.776
0.856
0.681
0.758
0.59
0.776
0.812
0.976
1.048
0.951
0.806
0.829
1.111
1.23
1.424
1.565
1.353
1.272
1.23
1.028
1.097
1.211
1.266
1.336
1.425
1.37
1.323
1.343
1.544
1.606
1.689
1.456
1.625
1.749
1.502
1.584
1.766
1.57
1.598
1.721
1.79
1.764
1.808
1.844
1.764
1.721
1.532
1.508
1.566
1.365
1.288
1.21
1.228
1.27
1.363
1.498
1.656
1.596
1.821
1.764
1.746
1.774
1.9
2.047
1.906
1.96
2.0
2.019
2.06
2.208
2.305
2.48
2.393
2.551
2.354
2.198
1.998
1.931
1.703
1.581
1.786
1.681
1.929
1.965
2.013
1.88
1.933
1.812
1.552
1.31
1.339
1.242
1.444
1.365
1.316
1.364
1.201
1.449
1.181
1.161
1.321
0.921
0.953
0.761
0.994
1.074
1.276
1.421
1.604
1.765
1.742
1.785
1.808
1.905
1.994
1.99
2.075
2.041
2.0
1.939
1.731
1.588
1.353
1.478
1.369
1.255
1.353
1.115
1.042
1.095
0.794
0.789
0.65
0.449
0.45
0.466
0.4
0.448
0.521
0.356
0.579
0.566
0.656
0.501
0.238
0.323
0.139
0.189
0.297
0.225
0.201
0.318
0.235
0.311
0.234
0.043
0.19
0.188
0.019
-0.07
-0.136
-0.361
-0.343
-0.234
-0.22
-0.144
-0.079
-0.175
-0.15
-0.296
-0.608
-0.193
-0.051
-0.176
-0.089
-0.09
-0.234
0.013
-0.168
-0.349
-0.131
10.332
-1.084
-0.26
-0.234
0.088
0.158
0.143
0.161
0.246
-0.113
-0.279
-0.249
-0.556
-0.485
-0.384
-0.381
-0.378
-0.504
-0.54
-0.511
-1.035
-1.011
-1.191
-1.203
-1.065
-0.863
-0.921
-1.064
-1.124
-1.407
-1.417
-1.141
-1.218
-1.349
-1.124
-0.848
-0.677
-0.706
-0.484
-0.389
-0.33
-0.574
-0.374
-0.36
-0.381
-0.254
-0.226
-0.007
-0.119
0.099
0.175
0.12
-0.018
-0.037
0.129
0.045
-0.126
-0.14
-0.22
-0.048
0.072
0.206
0.381
0.146
0.131
0.321
0.164
0.149
0.344
0.302
0.144
-0.147
-0.182
-0.05
0.101
0.099
0.258
0.301
0.43
0.682
0.681
0.782
0.63
0.413
0.345
0.417
0.479
0.443
0.216
-0.007
-0.039
0.052
0.126
0.083
0.179
0.015
0.01
-0.136
-0.045
-0.035
-0.321
-0.263
-0.446
-0.438
-0.46
-0.484
-0.532
-0.652
-0.671
-0.545
-0.505
-0.133
-0.086
-0.285
-0.335
-0.253
-0.499
-0.677
-0.718
-0.807
-0.95
-0.816
-0.926
-0.804
-0.724
-0.636
-0.584
-0.603
-0.512
-0.693
-0.57
-0.66
-0.532
-0.515
-0.319
-0.625
-0.535
-0.694
-0.61
-0.584
-0.503
-0.251
-0.096
-0.139
-0.026
-0.231
-0.376
-0.299
-0.158
-0.083
-0.278
-0.422
-0.145
-0.385
-0.554
-0.469
-0.584
-0.372
-0.564
-0.667
-0.696
-0.922
-0.821
-1.124
-0.925
-1.21
-1.242
-1.407
-1.188
-0.989
-0.765
-0.517
-0.38
-0.284
-0.312
-0.364
-0.5
-0.961
-0.769
-0.715
-0.669
-0.691
-0.441
-0.549
-0.485
-0.686
-0.721
-0.787
-0.635
-0.672
-0.724
-0.818
-0.873
-0.906
-0.924
-0.991
-1.074
-1.216
-1.268
-0.93
-1.328
-1.515
-1.206
-1.1
-1.034
-1.11
-1.146
-1.049
-0.912
-0.94
-0.87
-0.54
-0.401
-0.25
-0.355
-0.505
-0.396
-0.394
-0.386
-0.169
-0.022
-0.14
-0.3
-0.444
-0.482
-0.448
-0.461
-0.688
-0.738
-0.866
-0.89
-0.782
-0.895
-0.956
-0.966
-1.002
-0.845
-0.82
-0.772
-0.695
-0.631
-0.724
-1.071
-1.045
-0.989
-0.984
-0.945
-0.843
-0.642
-0.315
-0.271
-0.143
-0.273
-0.173
-0.389
-0.419
-0.352
-0.348
-0.36
-0.446
-0.305
-0.285
-0.306
-0.265
-0.302
-0.179
-0.216
-0.156
-0.022
-0.013
-0.006
0.111
-0.018
-0.021
0.118
0.139
0.001
-0.077
-0.359
-0.464
-0.499
-0.7
-0.825
-0.73
-0.806
-0.874
-0.802
-0.876
-0.846
-0.826
-0.777
-0.766
-0.725
-0.62
-0.562
-0.69
-0.711
-0.971
-1.038
-0.943
-1.144
-1.173
-1.226
-1.309
-1.038
-0.976
-1.009
-0.839
-0.902
-0.666
-0.684
-0.539
-0.57
-0.675
-0.606
-0.537
-0.489
-0.335
-0.199
-0.179
-0.035
-0.014
0.089
0.031
-0.058
0.209
0.072
0.083
0.051
0.01
0.103
0.081
0.121
0.26
0.529
0.651
0.675
0.721
0.749
0.556
0.601
0.569
0.496
0.527
0.527
0.487
0.514
0.691
0.787
0.615
0.61
0.688
0.559
0.383
0.35
0.302
0.326
0.315
0.15
0.177
0.118
0.136
0.28
0.324
0.454
0.405
0.485
0.325
0.22
0.044
-0.154
-0.229
-0.201
-0.307
-0.38
-0.449
-0.519
-0.671
-0.657
-0.599
-0.45
-0.453
-0.329
-0.403
-0.378
-0.42
-0.464
-0.475
-0.484
-0.44
-0.424
-0.323
-0.398
-0.551
-0.509
-0.7
-0.681
-0.672
-0.669
-0.43
-0.5
-0.458
-0.319
-0.11
0.165
0.372
0.504
0.677
0.604
0.453
0.359
0.419
0.443
0.406
0.375
0.336
0.062
0.263
-0.08
-0.036
0.056
0.056
0.037
0.109
0.046
0.077
0.18
-0.055
-0.058
0.083
-0.085
-0.134
-0.075
-0.253
-0.273
-0.329
-0.245
-0.371
-0.329
-0.205
-0.279
-0.147
-0.066
-0.179
-0.02
0.173
0.011
0.115
0.163
0.176
0.035
0.125
0.062
0.201
0.309
0.214
0.416
0.535
0.519
0.6
0.645
0.69
0.679
0.645
0.603
0.446
0.456
0.573
0.404
0.474
0.405
0.356
0.256
0.233
0.242
0.511
0.364
0.453
0.47
0.646
0.674
0.699
0.603
0.696
0.656
0.508
0.542
0.61
0.736
0.735
0.71
0.521
0.393
0.17
-0.001
0.035
-0.033
-0.034
-0.058
-0.084
-0.364
-0.497
-0.466
-0.422
-0.334
-0.393
-0.375
-0.212
-0.324
-0.276
-0.106
0.131
0.009
-0.119
0.039
-0.034
0.007
0.089
-0.037
0.181
-0.109
-0.035
0.13
0.07
-0.039
-0.107
-0.045
-0.169
-0.143
-0.339
-0.38
-0.079
-0.064
-0.134
-0.094
-0.184
-0.101
-0.109
-0.171
0.048
0.05
-0.075
0.083
0.185
0.115
0.15
0.062
0.116
0.07
0.045
-0.163
-0.135
-0.334
-0.07
-0.066
0.056
-0.025
0.011
-0.039
-0.015
-0.031
0.124
0.149
0.059
0.079
0.201
0.095
0.039
0.126
0.091
0.144
0.114
0.08
0.263
0.033
0.072
0.037
0.031
0.036
0.034
-0.283
-0.333
-0.486
-0.266
-0.378
-0.156
-0.08
-0.147
-0.41
-0.283
-0.181
-0.259
-0.284
-0.411
-0.356
-0.242
-0.181
-0.361
-0.26
-0.134
-0.274
-0.375
-0.432
-0.416
-0.443
-0.061
-0.212
-0.006
-0.014
-0.103
-0.135
-0.536
-0.676
-0.766
-0.524
-0.432
-0.515
-0.32
-0.626
-0.531
-0.44
-0.425
-0.443
-0.391
-0.274
-0.369
-0.323
-0.492
-0.399
-0.466
-0.464
-0.173
-0.071
-0.25
-0.365
-0.32
-0.565
-0.446
-0.43
-0.435
-0.492
-0.586
-0.57
-0.545
-0.482
-0.54
-0.552
-0.458
-0.43
-0.369
-0.429
-0.386
-0.38
-0.497
-0.614
-0.645
-0.545
-0.579
-0.674
-0.5
-0.487
-0.549
-0.366
-0.434
-0.294
-0.208
-0.151
-0.028
0.098
0.152
-0.081
-0.004
-0.089
0.03
-0.099
0.037
-0.084
0.037
0.036
0.203
0.265
0.041
0.075
-0.084
-0.103
0.03
-0.092
0.096
0.092
0.019
0.062
0.07
0.12
0.194
0.189
0.161
-0.02
-0.106
-0.011
-0.058
-0.176
-0.494
-0.521
-0.351
-0.319
-0.375
-0.435
-0.565
-0.598
-0.486
-0.509
-0.274
-0.268
-0.271
-0.334
-0.22
-0.181
-0.105
-0.04
0.074
0.275
0.107
0.13
0.098
0.126
0.304
0.128
0.106
-0.043
0.007
-0.043
-0.007
0.212
-0.003
0.206
0.271
0.471
0.469
0.644
0.57
0.667
0.555
0.574
0.487
0.598
0.485
0.743
0.677
0.731
0.873
0.961
0.738
0.675
0.774
0.828
0.733
0.51
0.503
0.434
0.432
0.398
0.414
0.365
0.47
0.425
0.609
0.684
0.623
0.623
0.501
0.547
0.239
0.271
0.253
0.196
0.28
0.35
0.76
0.902
0.945
1.095
1.286
1.45
1.828
1.936
1.896
1.843
1.655
1.674
1.718
2.146
2.045
2.08
2.294
2.321
2.22
2.256
2.25
2.306
2.306
2.281
2.311
2.37
2.344
2.45
2.654
2.544
2.58
2.53
2.681
2.941
2.765
3.025
2.709
2.712
2.728
2.771
2.676
2.623
2.893
2.614
2.684
2.559
2.482
2.583
2.603
2.626
2.509
2.645
2.714
2.581
2.482
2.379
2.428
2.421
2.289
2.438
2.225
2.34
2.297
2.209
1.85
1.768
1.945
2.001
1.679
1.939
1.876
1.684
1.683
1.296
1.42
1.278
1.381
1.624
1.75
1.681
1.696
1.925
1.802
1.749
1.688
1.488
1.399
1.566
1.461
1.52
1.649
1.624
1.785
1.709
1.688
1.466
1.104
1.181
0.899
0.859
0.642
0.461
0.208
0.16
0.029
0.173
-0.185
-0.217
-0.253
-0.496
-0.391
-0.421
-0.56
-0.505
-0.579
-0.182
-0.214
-0.27
-0.294
-0.375
-0.445
-0.321
-0.238
-0.575
-0.696
-0.591
-0.474
-0.27
-0.336
-0.393
-0.439
-0.138
-0.231
-0.01
0.186
0.195
0.316
0.219
0.159
-0.135
-0.271
-0.291
-0.155
-0.147
-0.215
-0.091
-0.208
-0.224
-0.323
-0.196
-0.225
-0.325
-0.29
-0.63
-0.698
-0.684
-0.699
-0.791
-0.845
-0.618
-0.753
-0.487
-0.27
-0.431
-0.089
-0.01
-0.389
-0.411
-0.336
-0.421
-0.657
-0.484
-0.177
-0.253
-0.417
-0.236
-0.223
-0.254
-0.57
-0.591
-0.694
-0.53
-0.568
-0.51
-0.549
-0.606
-0.623
-0.575
-0.859
-0.856
-1.036
-0.94
-0.836
-0.73
-1.005
-0.881
-0.911
-0.751
-0.761
-0.83
-0.844
-0.902
-0.799
-1.03
-0.904
-0.95
-0.83
-0.73
-0.755
-0.446
-0.362
-0.384
-0.487
-0.633
-0.594
-0.662
-1.016
-1.022
-1.13
-1.204
-1.204
-1.169
-0.915
-0.812
-1.124
-1.25
-1.36
-1.455
-1.387
-1.526
-1.494
-1.565
-1.736
-1.419
-1.571
-1.619
-1.661
-1.511
-1.669
-1.762
-1.445
-1.705
-1.463
-1.501
-1.479
-1.366
-1.365
-1.28
-1.196
-1.4
-1.565
-1.419
-1.33
-1.265
-1.359
-1.141
-1.121
-0.846
-0.821
-0.889
-0.776
-0.509
-0.537
-0.379
-0.182
0.029
0.152
0.221
0.349
0.309
0.3
0.515
0.35
0.259
0.175
0.08
0.044
0.044
0.158
0.273
0.378
0.168
0.29
0.374
0.329
0.259
0.105
0.046
-0.217
-0.33
-0.072
-0.039
-0.046
0.011
-0.003
-0.107
-0.088
-0.152
-0.3
-0.274
-0.47
-0.568
-0.634
-0.805
-0.726
-0.89
-0.776
-0.9
-0.855
-0.932
-0.818
-0.815
-0.53
-0.626
-0.616
-0.39
-0.379
-0.355
-0.316
-0.421
-0.596
-0.516
-0.435
-0.604
-0.802
-0.677
-0.74
-0.921
-0.863
-0.839
-0.921
-0.966
-1.075
-0.776
-0.774
-0.618
-0.611
-0.6
-0.273
-0.201
-0.09
0.062
-0.021
0.21
0.16
0.216
0.185
0.253
0.29
0.089
0.135
0.125
-0.004
-0.129
-0.212
-0.035
0.12
0.155
0.398
0.424
0.547
0.715
0.599
0.636
0.52
0.482
0.333
0.077
-0.196
-0.249
-0.151
-0.255
-0.106
-0.125
-0.086
-0.094
-0.175
-0.193
-0.21
-0.234
-0.4
-0.361
-0.362
-0.455
-0.326
-0.383
-0.254
-0.195
-0.109
-0.161
-0.062
-0.076
-0.114
-0.239
-0.193
-0.235
-0.261
-0.185
-0.161
-0.06
0.346
0.376
0.6
0.642
0.478
0.562
0.593
0.349
0.275
0.072
0.15
0.129
-0.039
-0.036
0.085
0.083
0.085
0.33
0.345
0.177
-0.049
-0.014
0.181
0.081
0.105
-0.072
-0.018
-0.099
-0.135
-0.184
-0.13
-0.147
-0.059
-0.164
-0.203
-0.191
-0.299
-0.194
-0.221
-0.136
0.113
0.083
0.0
-0.083
-0.181
-0.054
-0.071
-0.155
-0.076
0.03
0.051
0.229
0.139
0.212
0.14
0.278
0.165
0.238
0.266
0.396
0.453
0.654
0.62
0.628
0.536
0.569
0.517
0.71
0.512
0.409
0.344
0.349
0.559
0.36
0.28
0.336
0.185
0.254
0.185
0.001
0.231
0.385
0.378
0.641
0.394
0.63
0.584
0.551
0.485
0.475
0.42
0.685
1.071
0.716
0.749
0.905
0.839
0.94
1.076
1.0
0.922
1.038
1.009
1.143
1.114
0.965
0.999
1.126
1.048
0.83
0.801
0.566
0.398
0.289
0.219
0.044
0.155
0.238
0.217
0.135
-0.122
-0.325
-0.221
-0.39
-0.434
-0.461
-0.417
-0.401
-0.333
-0.384
-0.463
-0.463
-0.214
-0.278
-0.114
-0.114
-0.034
-0.079
-0.107
-0.119
0.039
-0.103
-0.156
-0.256
-0.465
-0.576
-0.44
-0.294
-0.357
-0.159
-0.193
