0.015
0.03
0.089
0.1
0.139
0.194
0.009
0.056
0.048
0.03
0.034
0.072
0.168
0.245
0.246
0.296
0.383
0.356
0.485
0.479
0.425
0.413
0.33
0.288
0.149
0.019
-0.013
-0.094
-0.188
-0.376
-0.48
-0.494
-0.599
-0.503
-0.708
-0.662
-0.679
-0.576
-0.44
-0.431
-0.366
-0.453
-0.278
-0.212
-0.164
-0.135
-0.233
-0.246
-0.286
-0.426
-0.388
-0.591
-0.446
-0.422
-0.361
-0.403
-0.465
-0.576
-0.537
-0.417
-0.419
-0.566
-0.609
-0.516
-0.606
-0.681
-0.645
-0.796
-0.751
-0.796
-0.794
-0.698
-0.726
-0.657
-0.696
-0.694
-0.733
-0.784
-0.631
-0.655
-0.573
-0.774
-0.45
-0.271
-0.31
-0.039
-0.166
-0.025
-0.007
0.106
0.305
0.291
0.424
0.434
0.403
0.42
0.443
0.525
0.583
0.63
0.741
0.721
0.891
0.505
0.344
0.306
0.048
0.05
0.033
-0.003
0.059
0.06
0.044
0.135
0.101
-0.033
0.13
0.019
0.028
0.077
0.239
0.14
0.169
0.092
0.116
0.134
0.177
0.113
-0.138
-0.17
-0.064
-0.214
-0.238
-0.355
-0.459
-0.441
-0.385
-0.239
-0.357
-0.209
-0.215
-0.191
-0.181
-0.294
-0.305
-0.173
-0.196
-0.214
-0.36
-0.458
-0.395
-0.515
-0.691
-0.709
-0.688
-0.716
-0.684
-0.761
-0.78
-0.78
-0.735
-0.785
-1.034
-1.028
-1.19
-1.24
-1.009
-1.189
-1.213
-1.188
-1.194
-1.157
-1.07
-1.038
-0.809
-0.626
-0.619
-0.56
-0.705
-0.708
-0.67
-0.718
-0.608
-0.566
-0.545
-0.431
-0.449
-0.355
-0.336
-0.249
-0.177
-0.077
-0.018
-0.016
0.265
0.348
0.374
0.446
0.436
0.686
0.515
0.52
0.59
0.626
0.593
0.46
0.426
0.307
0.475
0.501
0.511
0.351
0.219
0.206
0.324
0.128
0.45
0.29
0.203
0.158
0.126
-0.048
-0.098
0.011
-0.081
-0.059
-0.07
-0.045
-0.133
-0.198
-0.26
-0.427
-0.326
-0.335
-0.149
-0.217
-0.119
-0.092
-0.155
-0.052
-0.182
-0.225
-0.165
-0.01
0.029
-0.088
-0.135
-0.253
-0.236
-0.085
-0.225
-0.225
-0.288
-0.336
-0.273
-0.194
-0.121
-0.124
0.124
0.247
0.265
0.311
0.223
0.208
0.088
0.118
0.28
0.079
-0.025
-0.019
0.029
-0.129
-0.16
-0.141
0.043
0.05
0.19
0.206
0.386
0.41
0.281
0.176
0.246
0.223
0.393
0.351
0.309
0.238
0.29
0.198
0.08
-0.005
-0.104
-0.179
-0.113
-0.289
-0.33
-0.39
-0.256
-0.184
-0.324
-0.194
-0.194
-0.171
-0.133
-0.175
-0.177
-0.125
-0.07
-0.084
-0.084
-0.076
-0.166
-0.139
-0.226
-0.294
-0.044
-0.072
-0.13
-0.081
-0.061
0.024
0.092
0.001
0.079
0.069
0.13
0.286
0.422
0.526
0.671
0.751
0.77
0.784
0.672
0.588
0.59
0.449
0.31
0.121
-0.115
-0.216
-0.231
-0.239
-0.492
-0.499
-0.565
-0.802
-0.829
-0.999
-0.836
-0.959
-1.068
-1.083
-1.094
-1.101
-1.022
-0.941
-1.038
-0.917
-1.008
-0.904
-0.922
-0.858
-0.826
-0.86
-0.804
-0.998
-0.9
-0.739
-0.555
-0.47
-0.241
-0.089
0.173
0.259
0.345
0.323
0.449
0.43
0.336
0.344
0.403
0.29
0.354
0.361
0.352
0.27
0.194
0.134
-0.07
-0.149
-0.185
-0.154
0.052
0.025
-0.065
-0.211
-0.21
-0.193
-0.221
-0.188
-0.292
-0.349
-0.51
-0.606
-0.522
-0.631
-0.456
-0.436
-0.296
-0.386
-0.348
-0.266
-0.341
-0.36
-0.055
0.003
0.015
0.071
-0.198
-0.1
-0.158
-0.115
-0.088
-0.076
-0.116
-0.265
-0.096
0.0
-0.062
-0.025
-0.161
0.16
0.11
0.214
0.335
0.133
0.135
-0.026
-0.045
-0.173
-0.109
-0.065
-0.036
-0.03
0.021
0.158
0.193
0.081
0.214
0.193
0.049
-0.114
0.058
0.059
0.14
0.084
0.286
0.346
0.485
0.555
0.573
0.812
0.628
0.565
0.902
0.545
0.646
0.54
0.593
0.535
0.395
0.475
0.28
0.139
0.024
-0.159
-0.163
0.037
-0.064
-0.037
0.058
0.031
-0.029
-0.105
0.034
-0.046
-0.01
0.05
0.089
0.179
0.019
0.154
0.17
0.131
0.223
0.14
0.269
0.241
0.234
0.115
0.23
0.146
0.171
0.395
0.449
0.48
0.542
0.619
0.703
0.591
0.561
0.43
0.223
-0.003
-0.143
-0.352
-0.174
-0.278
-0.372
-0.527
-0.651
-0.547
-0.585
-0.686
-0.661
-0.7
-0.758
-0.641
-0.751
-0.695
-0.539
-0.574
-0.573
-0.414
-0.28
-0.094
-0.133
-0.104
-0.076
-0.018
0.006
0.175
0.193
0.301
0.168
0.209
0.107
0.041
-0.052
-0.246
-0.241
-0.15
-0.039
-0.114
-0.194
-0.176
-0.276
-0.164
-0.266
-0.416
-0.404
-0.401
-0.38
-0.46
-0.444
-0.626
-0.708
-0.67
-0.719
-0.794
-0.729
-0.834
-0.801
-0.805
-0.738
-0.67
-0.589
-0.434
-0.569
-0.544
-0.481
-0.355
-0.375
-0.451
-0.381
-0.348
-0.275
-0.245
-0.23
-0.024
0.151
0.013
0.096
0.279
0.11
0.255
0.344
0.32
0.435
0.244
0.511
0.499
0.404
0.351
0.196
0.238
0.225
0.21
0.245
0.174
0.177
0.217
0.246
0.113
0.188
0.118
-0.109
0.006
0.007
0.006
0.048
0.163
0.212
0.244
0.223
0.191
0.201
0.171
0.231
0.244
0.152
0.19
0.01
0.32
0.288
0.136
0.092
0.039
0.111
-0.026
0.094
0.046
-0.01
0.064
0.022
0.052
-0.035
-0.079
-0.146
-0.225
-0.316
-0.286
-0.021
0.004
0.086
0.099
0.186
0.039
-0.061
-0.229
-0.309
-0.372
-0.403
-0.534
-0.417
-0.512
-0.495
-0.464
-0.38
-0.388
-0.375
-0.324
-0.233
-0.336
-0.355
-0.321
-0.268
-0.289
-0.289
-0.344
-0.118
-0.101
-0.037
0.046
0.084
0.196
0.215
0.113
0.143
0.084
0.15
0.264
0.33
0.398
0.285
0.496
0.559
0.529
0.444
0.381
0.439
0.425
0.367
0.356
0.245
0.205
0.188
0.226
0.33
0.255
0.154
0.089
0.091
0.26
0.319
0.386
0.264
0.245
0.196
0.191
0.09
-0.035
0.034
-0.021
0.041
-0.025
0.165
0.19
0.13
0.175
0.263
0.212
0.166
0.165
0.075
-0.02
-0.036
0.025
-0.208
-0.224
-0.191
-0.306
-0.395
-0.443
-0.295
-0.285
-0.42
-0.386
-0.443
-0.39
-0.534
-0.405
-0.378
-0.364
-0.238
-0.164
-0.059
0.004
0.02
-0.055
0.091
0.1
0.004
0.051
0.16
0.089
0.024
0.149
0.04
0.089
0.026
0.159
0.208
0.045
0.274
0.419
0.367
0.378
0.226
0.17
0.072
0.006
0.031
-0.026
-0.121
-0.165
-0.356
-0.403
-0.526
-0.671
-0.416
-0.609
-0.606
-0.552
-0.557
-0.534
-0.585
-0.266
-0.288
-0.177
-0.12
-0.089
0.074
0.113
0.126
0.195
0.219
0.305
0.33
0.357
0.37
0.212
0.348
0.288
0.367
0.367
0.275
0.354
0.295
0.529
0.659
0.77
0.806
0.766
0.772
0.849
0.766
0.741
0.603
0.576
0.588
0.444
0.376
0.281
0.416
0.458
0.314
0.419
0.24
0.186
0.21
0.141
0.171
0.0
-0.031
-0.058
-0.255
-0.341
-0.361
-0.349
-0.364
-0.254
-0.124
-0.212
-0.163
-0.344
-0.36
-0.339
-0.289
-0.344
-0.38
-0.22
-0.395
-0.307
-0.42
-0.589
-0.655
-0.451
-0.333
-0.151
-0.144
-0.129
-0.292
-0.307
-0.365
-0.312
-0.124
-0.219
-0.263
-0.283
-0.379
-0.351
-0.292
-0.275
-0.544
-0.343
-0.276
-0.159
-0.205
-0.052
-0.164
-0.069
0.058
0.111
0.043
0.134
0.163
0.264
0.193
0.25
0.205
0.071
-0.021
-0.028
-0.085
-0.145
-0.045
-0.193
-0.289
-0.266
-0.405
-0.244
-0.378
-0.449
-0.341
-0.506
-0.552
-0.615
-0.787
-0.829
-0.789
-0.735
-0.802
-0.689
-0.689
-0.795
-0.755
-0.733
-0.621
-0.595
-0.65
-0.545
-0.609
-0.501
-0.569
-0.634
-0.404
-0.335
-0.432
-0.156
-0.075
0.105
0.055
0.05
0.119
0.072
0.169
0.076
0.2
0.164
0.188
0.21
0.159
0.159
0.14
0.15
0.266
0.22
0.18
0.12
0.098
0.165
0.221
0.103
0.419
0.239
0.296
0.405
0.464
0.471
0.451
0.461
0.466
0.515
0.443
0.468
0.508
0.408
0.366
0.24
0.246
0.233
0.301
0.239
0.265
0.284
0.286
0.4
0.359
0.499
0.611
0.772
0.841
0.796
0.932
0.93
0.891
0.843
0.891
0.845
0.964
0.853
0.853
0.841
0.758
0.841
0.779
0.797
0.846
0.78
0.682
0.647
0.583
0.625
0.599
0.534
0.37
0.177
0.071
0.062
0.056
0.101
0.085
0.104
0.131
0.094
0.014
-0.066
-0.02
0.159
0.113
0.193
0.174
0.105
0.169
0.066
0.18
0.111
0.021
0.058
-0.016
0.006
-0.019
-0.085
0.016
0.052
0.098
-0.055
-0.037
-0.105
-0.076
-0.08
-0.066
-0.069
-0.003
0.064
0.029
0.034
0.037
-0.009
-0.055
-0.094
-0.154
-0.064
-0.033
-0.019
-0.001
-0.013
-0.019
0.06
0.037
-0.01
-0.007
0.074
0.174
0.186
0.309
0.296
0.121
0.034
0.003
-0.089
-0.036
-0.041
-0.141
-0.116
-0.154
-0.216
-0.32
-0.198
-0.152
-0.116
-0.095
-0.231
-0.22
-0.216
-0.072
-0.015
-0.011
0.085
0.033
0.056
0.074
0.052
-0.013
-0.051
-0.072
-0.02
-0.014
-0.109
-0.075
-0.065
-0.101
0.025
0.136
0.161
0.094
0.094
0.088
0.139
0.145
0.013
0.113
0.081
0.066
0.133
0.11
0.116
0.191
0.147
0.116
0.094
0.015
0.0
-0.075
-0.02
-0.09
-0.056
-0.139
-0.098
-0.01
-0.058
-0.025
0.03
0.089
0.054
0.145
0.029
0.166
0.034
0.116
0.11
0.19
0.184
0.088
0.166
0.271
0.211
0.269
0.134
0.094
0.106
-0.15
-0.205
-0.088
-0.296
-0.422
-0.319
-0.238
-0.254
-0.164
-0.133
0.069
0.004
0.009
-0.04
0.1
0.099
-0.13
-0.034
-0.04
-0.044
0.107
0.088
0.215
0.273
0.251
0.311
0.335
0.335
0.228
0.264
0.19
0.21
0.104
0.096
0.179
0.181
0.144
0.113
0.173
0.163
0.071
-0.029
-0.138
-0.143
-0.239
-0.125
-0.119
-0.06
0.014
0.066
0.031
0.208
0.285
0.225
0.125
0.083
0.194
-0.006
0.101
0.15
0.125
0.066
0.114
0.216
0.236
0.345
0.341
0.465
0.47
0.53
0.09
0.603
0.574
0.797
0.907
0.897
0.951
0.787
0.821
0.784
0.774
0.794
0.771
0.792
0.792
0.816
0.812
0.677
0.73
0.606
0.626
0.414
0.521
0.369
0.385
0.331
0.264
0.214
0.292
0.307
0.235
0.064
0.109
0.075
-0.049
-0.129
-0.184
-0.212
-0.266
-0.367
-0.318
-0.494
-0.453
-0.366
-0.357
-0.27
-0.144
-0.14
0.014
0.084
0.305
0.244
0.441
0.468
0.655
0.716
0.53
0.776
0.801
0.864
0.881
0.944
0.865
0.879
0.863
0.85
0.836
0.845
0.782
0.819
0.738
0.885
0.848
0.828
0.734
0.583
0.505
0.503
0.371
0.27
0.138
0.179
0.229
0.074
-0.08
-0.095
-0.152
-0.334
-0.376
-0.49
-0.438
-0.641
-0.601
-0.604
-0.615
-0.449
-0.431
-0.321
-0.265
-0.209
-0.211
-0.171
-0.241
-0.18
-0.273
-0.289
-0.393
-0.425
-0.319
-0.26
-0.239
-0.415
-0.371
-0.413
-0.515
-0.626
-0.45
-0.386
-0.371
-0.314
-0.254
-0.398
-0.315
-0.278
-0.145
-0.138
-0.049
0.111
0.154
0.29
0.195
0.025
0.253
0.007
-0.007
-0.075
-0.026
0.116
0.099
-0.094
0.208
0.151
0.278
0.259
0.256
0.186
0.154
0.228
0.249
0.321
0.191
0.122
-0.015
-0.144
-0.173
-0.239
-0.266
-0.381
-0.391
-0.479
-0.633
-0.679
-0.701
-0.7
-0.701
-0.809
-0.779
-0.714
-0.802
-0.779
-1.0
-1.035
-1.026
-0.996
-0.836
-0.681
-0.794
-0.677
-0.787
-0.785
-0.853
-0.681
-0.693
-0.777
-0.776
-0.731
-0.818
-0.776
-0.779
-0.688
-0.565
-0.406
-0.297
-0.268
-0.35
-0.6
-0.57
-0.608
-0.601
-0.231
-0.235
-0.309
-0.103
-0.119
0.196
0.48
0.524
0.753
0.696
0.515
0.451
0.344
0.177
0.138
0.175
0.155
-0.27
-0.345
-0.413
-0.463
-0.561
-0.385
-0.306
-0.08
0.121
0.326
0.359
0.191
0.154
-0.126
-0.105
-0.169
-0.122
-0.362
-0.424
-0.541
-0.461
-0.455
-0.529
-0.58
-0.555
-0.595
-0.67
-0.905
-0.831
-0.855
-0.897
-0.881
-1.097
-1.1
-1.052
-0.845
-0.789
-0.823
-0.814
-0.812
-0.841
-0.809
-0.677
-0.654
-0.527
-0.343
-0.386
-0.336
-0.278
-0.295
-0.216
-0.065
-0.13
-0.118
-0.14
-0.041
0.065
0.216
0.341
0.244
0.236
0.261
0.125
-0.103
0.011
-0.18
-0.052
-0.045
-0.085
-0.089
0.044
0.011
0.122
0.143
0.081
0.088
-0.122
-0.266
-0.259
-0.179
-0.075
-0.184
-0.084
-0.033
-0.27
-0.276
-0.161
-0.084
-0.101
-0.098
-0.145
-0.021
0.033
0.064
0.191
0.048
0.124
0.131
0.195
0.088
0.166
0.115
0.26
0.388
0.246
0.251
0.269
0.32
0.245
0.324
0.329
0.147
0.077
0.171
0.044
0.19
0.291
0.115
0.231
0.098
-0.071
-0.146
-0.422
-0.361
-0.463
-0.59
-0.716
-0.694
-0.672
-0.89
-0.914
-0.922
-0.734
-0.792
-0.83
-0.705
-0.593
-0.536
-0.48
-0.505
-0.469
-0.316
-0.049
-0.065
0.104
0.182
0.321
0.44
0.464
0.556
0.496
0.628
0.907
0.986
0.956
1.022
1.079
1.219
1.134
1.025
0.986
0.975
0.891
0.94
1.024
1.089
1.157
1.201
1.04
0.851
0.784
0.688
0.686
0.555
0.458
0.416
0.179
0.249
0.184
0.105
-0.114
-0.216
-0.238
-0.4
-0.47
-0.623
-0.546
-0.556
-0.588
-0.883
-0.966
-0.981
-1.03
-1.147
-1.141
-1.094
-1.101
-0.95
-1.021
-1.028
-1.049
-1.125
-1.051
-1.204
-1.022
-1.052
-0.763
-0.6
-0.631
-0.459
-0.461
-0.404
-0.586
-0.53
-0.54
-0.495
-0.526
-0.55
-0.469
-0.482
-0.395
-0.349
-0.44
-0.27
-0.42
-0.299
-0.314
-0.331
-0.079
-0.084
-0.031
-0.122
0.061
-0.17
-0.134
-0.163
-0.201
-0.163
-0.085
-0.104
-0.118
-0.122
-0.13
-0.033
-0.036
0.033
0.16
0.212
0.545
0.638
0.619
0.741
0.713
0.711
0.711
0.618
0.562
0.531
0.355
0.221
0.196
0.38
0.279
0.228
0.22
0.239
0.318
0.301
0.205
-0.005
-0.208
-0.239
-0.166
-0.247
-0.301
-0.326
-0.344
-0.343
-0.508
-0.416
-0.37
-0.294
-0.229
-0.164
-0.028
0.06
0.312
0.16
0.139
0.086
0.151
0.088
0.169
0.11
0.091
0.074
0.263
0.275
0.229
0.076
-0.009
0.121
0.149
0.039
-0.035
-0.114
-0.14
-0.12
-0.141
-0.316
-0.431
-0.645
-0.751
-0.714
-0.598
-0.566
-0.76
-0.906
-0.94
-0.85
-0.875
-0.969
-1.039
-0.984
-0.878
-0.826
-0.701
-0.691
-0.718
-0.54
-0.411
-0.451
-0.316
-0.306
-0.21
-0.31
-0.304
-0.376
-0.491
-0.389
-0.357
-0.084
-0.21
-0.06
0.037
0.094
-0.005
-0.08
0.011
0.109
0.196
0.165
0.312
0.229
0.17
0.07
0.02
0.021
-0.19
-0.085
-0.15
-0.215
-0.161
-0.224
-0.107
-0.161
-0.036
-0.08
-0.131
-0.138
-0.199
-0.094
-0.091
-0.052
-0.001
0.01
0.039
0.128
0.062
0.06
-0.028
-0.018
-0.249
-0.185
-0.195
-0.209
-0.151
-0.23
-0.126
-0.22
-0.185
-0.323
-0.391
-0.48
-0.619
-0.531
-0.69
-0.77
-0.72
-0.735
-0.704
-0.61
-0.605
-0.638
-0.639
-0.635
-0.542
-0.443
-0.449
-0.285
-0.306
-0.199
-0.184
0.037
0.139
0.171
0.106
0.062
0.131
0.239
0.446
0.562
0.725
0.726
0.834
0.879
0.873
0.991
1.066
1.135
1.13
1.076
1.074
1.205
1.134
1.143
1.205
1.194
1.157
1.213
1.055
1.204
1.125
1.012
1.03
1.011
1.048
1.036
1.093
1.06
1.026
1.005
1.078
0.96
0.843
0.675
0.529
0.501
0.27
0.128
0.114
0.035
-0.156
-0.166
-0.12
-0.163
-0.043
-0.219
-0.268
-0.426
-0.381
-0.453
-0.413
-0.431
-0.427
-0.238
-0.086
-0.037
-0.089
-0.052
0.022
0.031
0.054
0.003
0.08
0.176
0.275
0.285
0.279
0.235
0.224
0.165
0.266
0.33
0.141
0.212
0.171
0.369
0.435
0.275
0.404
0.444
0.425
0.403
0.461
0.499
0.753
0.6
0.564
0.425
0.408
0.324
0.244
0.285
0.224
0.128
0.086
0.014
0.044
-0.034
-0.18
-0.196
-0.37
-0.381
-0.594
-0.635
-0.641
-0.531
-0.515
-0.552
-0.554
-0.426
-0.578
-0.609
-0.66
-0.74
-0.667
-0.781
-0.849
-0.927
-0.989
-0.88
-0.814
-0.85
-0.83
-0.894
-0.777
-0.705
-0.62
-0.578
-0.473
-0.45
-0.466
-0.484
-0.471
-0.357
-0.224
-0.163
-0.305
-0.544
-0.395
-0.144
-0.15
-0.278
-0.104
-0.081
-0.003
0.009
-0.048
-0.046
-0.071
-0.058
0.092
0.125
0.186
0.215
0.26
0.217
0.228
0.159
0.285
0.295
0.278
0.182
0.284
0.239
0.05
-0.025
-0.109
-0.158
-0.191
-0.286
-0.319
-0.5
-0.575
-0.662
-0.576
-0.539
-0.516
-0.485
-0.524
-0.555
-0.598
-0.52
-0.519
-0.388
-0.33
-0.104
0.048
0.055
0.156
0.089
0.089
0.096
0.156
0.095
-0.044
-0.048
-0.279
-0.294
-0.212
0.015
0.135
0.139
-0.018
0.013
0.029
-0.254
0.151
0.105
0.233
0.291
0.171
0.164
-0.003
0.118
0.164
0.15
0.255
0.124
0.141
0.115
0.106
0.05
-0.105
-0.069
-0.106
-0.01
-0.036
-0.028
0.026
0.273
0.225
0.299
0.356
0.431
0.339
0.285
0.169
0.152
0.199
0.122
-0.036
0.037
0.033
-0.031
0.066
-0.007
-0.062
-0.13
-0.28
-0.365
-0.297
-0.249
-0.333
-0.304
-0.033
-0.034
0.028
-0.048
0.103
0.119
-0.021
-0.037
0.04
0.189
0.13
0.263
0.185
0.334
0.311
0.315
0.311
0.206
0.354
0.256
0.299
0.404
0.461
0.546
0.361
0.537
0.596
0.713
0.655
0.667
0.875
0.924
0.845
0.911
0.812
0.623
0.594
0.64
0.551
0.606
0.441
0.465
0.092
-0.026
0.021
-0.165
-0.326
-0.247
-0.217
-0.375
-0.426
-0.525
-0.411
-0.339
-0.536
-0.565
-0.575
-0.546
-0.534
-0.503
-0.503
-0.42
-0.459
-0.364
-0.336
-0.362
-0.039
-0.044
-0.115
-0.045
-0.075
-0.146
-0.034
-0.018
-0.034
0.04
0.022
-0.016
-0.03
-0.034
0.128
0.061
0.13
0.14
0.166
0.044
-0.136
-0.115
-0.02
-0.138
0.013
0.119
0.009
-0.129
-0.168
-0.235
-0.336
-0.383
-0.49
-0.434
-0.475
-0.393
-0.404
-0.549
-0.415
-0.365
-0.269
-0.331
-0.16
-0.109
-0.292
-0.058
-0.041
0.188
0.121
0.136
0.16
0.305
0.371
0.649
0.566
0.799
0.909
0.9
0.976
1.154
1.113
1.031
1.049
1.134
1.103
1.155
1.15
1.089
1.086
1.048
1.0
0.981
1.012
1.068
1.03
1.083
0.772
0.619
0.579
0.542
0.539
0.436
0.465
0.409
0.44
0.484
0.441
0.421
0.284
0.217
0.033
-0.011
-0.235
-0.134
-0.113
-0.037
-0.186
-0.181
-0.19
-0.224
-0.184
-0.27
-0.245
-0.133
0.004
0.09
0.12
0.147
0.171
0.258
0.274
0.246
0.324
0.194
0.411
0.35
0.461
0.364
0.297
0.445
0.512
0.286
0.118
0.195
0.201
0.399
0.324
0.354
0.349
0.446
0.625
0.466
0.371
0.321
0.517
0.512
0.435
0.394
0.365
0.394
0.325
0.254
0.311
0.208
0.517
0.378
0.435
0.33
0.29
0.43
0.449
0.489
0.514
0.391
0.449
0.545
0.359
0.429
0.359
0.466
0.578
0.487
0.384
0.231
0.286
0.223
0.106
0.47
0.453
0.276
0.315
0.201
0.16
0.101
0.05
0.158
-0.031
-0.049
0.118
0.295
0.244
0.403
0.417
0.474
0.45
0.555
0.504
0.366
0.389
0.274
0.403
0.242
0.271
0.312
0.084
-0.022
-0.019
0.034
-0.039
0.14
0.119
0.273
0.247
0.247
0.399
0.351
0.499
0.67
0.634
0.5
0.549
0.596
0.575
0.506
0.478
0.367
0.566
0.59
0.739
0.568
0.549
0.568
0.481
0.434
0.504
0.621
0.474
0.309
0.149
0.242
0.173
0.103
0.088
0.02
-0.215
-0.2
-0.529
-0.487
-0.531
-0.376
-0.319
-0.288
-0.367
-0.583
-0.651
-0.804
-0.75
-0.761
-0.626
-0.725
-0.791
-0.699
-0.671
-0.845
-0.955
-0.991
-0.934
-0.911
-0.976
-1.052
-1.088
-1.024
-0.826
-0.899
-0.87
-0.846
-0.951
-0.848
-0.709
-0.812
-0.781
-0.531
-0.594
-0.269
-0.356
-0.221
-0.219
-0.15
0.129
0.28
0.426
0.354
0.526
0.603
0.519
0.665
0.631
0.531
0.72
0.575
0.509
0.541
0.756
0.777
0.768
0.716
0.79
0.772
0.74
0.893
0.92
0.893
0.839
0.895
0.806
0.844
0.888
0.698
0.782
0.596
0.666
0.654
0.704
0.654
0.559
0.494
0.344
0.291
0.484
0.312
0.105
-0.037
-0.181
-0.217
-0.28
-0.06
-0.154
-0.343
-0.497
-0.566
-0.744
-0.875
-0.968
-1.061
-1.126
-1.1
-1.166
-1.08
-1.085
-1.091
-1.17
-1.266
-1.024
-1.2
-1.284
-1.265
-1.218
-1.304
-1.3
-1.53
-1.539
-1.623
-1.659
-1.724
-1.759
-1.696
-1.449
-1.384
-1.415
-1.32
-1.21
-1.186
-1.069
-0.963
-0.855
-0.885
-1.021
-1.001
-0.968
-0.936
-0.929
-0.869
-0.709
-0.801
-0.735
-0.505
-0.55
-0.724
-0.684
-0.575
-0.62
-0.614
-0.625
-0.67
-0.654
-0.726
-0.647
-0.584
-0.596
-0.463
-0.364
-0.23
-0.147
-0.134
0.081
0.024
0.185
0.055
0.228
0.291
0.223
0.328
0.288
0.388
0.344
0.26
0.284
0.441
0.545
0.578
0.718
0.756
0.858
1.125
1.311
1.419
1.395
1.389
1.468
1.365
1.451
1.516
1.472
1.494
1.529
1.481
1.256
1.074
0.988
0.856
0.891
0.689
0.63
0.604
0.564
0.511
0.375
0.269
0.099
0.239
0.159
0.077
0.004
-0.031
-0.09
-0.179
-0.134
-0.225
-0.17
-0.194
-0.015
0.119
0.109
0.295
0.146
-0.054
-0.164
-0.208
-0.196
-0.256
-0.33
-0.429
-0.273
-0.221
-0.211
-0.325
-0.4
-0.401
-0.413
-0.329
-0.205
-0.152
-0.094
-0.09
-0.233
-0.16
-0.633
-0.527
-0.367
-0.459
-0.264
-0.39
-0.44
-0.621
-0.449
-0.436
-0.584
-0.693
-0.554
-0.547
-0.445
-0.438
-0.359
-0.312
-0.255
-0.209
-0.133
-0.321
-0.165
-0.143
-0.08
0.015
0.021
0.029
-0.101
0.126
0.143
0.331
0.619
0.595
0.701
0.679
0.71
0.63
0.785
0.802
0.724
0.571
0.569
0.39
0.33
0.343
0.276
0.365
0.28
0.369
0.266
0.144
0.033
-0.054
-0.064
-0.247
-0.126
-0.141
-0.138
-0.139
-0.094
-0.305
-0.149
-0.233
-0.175
-0.191
-0.288
-0.234
-0.261
-0.006
-0.1
-0.126
-0.03
0.005
-0.199
-0.19
-0.211
-0.14
-0.084
-0.15
-0.044
-0.01
-0.163
-0.106
-0.276
-0.357
-0.28
-0.362
-0.326
-0.268
-0.408
-0.231
-0.376
-0.386
-0.244
-0.217
-0.06
-0.098
-0.043
0.079
-0.099
-0.074
-0.089
-0.003
-0.098
0.025
-0.048
0.101
0.139
-0.106
0.128
0.09
0.133
0.022
-0.1
-0.059
-0.216
-0.14
-0.154
-0.16
-0.109
-0.163
-0.086
-0.011
0.146
-0.035
0.031
0.019
-0.111
-0.131
-0.294
-0.181
-0.194
-0.266
-0.28
-0.194
-0.181
-0.077
-0.031
0.0
0.031
-0.011
0.014
0.056
0.11
0.105
0.004
0.081
0.064
0.158
0.007
-0.016
0.003
0.134
-0.077
-0.185
-0.215
-0.234
-0.365
-0.283
-0.113
-0.166
-0.044
-0.08
-0.021
-0.084
-0.107
-0.152
-0.182
-0.221
-0.3
-0.284
-0.379
-0.409
-0.405
-0.369
-0.238
-0.215
-0.221
-0.131
-0.075
-0.122
-0.054
0.077
0.054
0.092
-0.025
-0.094
0.039
0.04
-0.036
-0.105
0.048
0.007
-0.189
-0.133
-0.229
-0.253
-0.408
-0.381
-0.74
-0.688
-0.8
-0.713
-0.816
-0.699
-0.865
-0.916
-0.891
-0.976
-0.858
-0.864
-0.871
-0.878
-0.893
-0.925
-0.911
-0.784
-0.681
-0.463
-0.388
-0.165
0.014
0.159
0.194
0.215
0.328
0.306
0.521
0.506
0.58
0.744
0.635
0.836
0.825
0.84
0.715
0.736
0.644
0.451
0.445
0.481
0.312
0.367
0.318
0.438
0.481
0.555
0.53
0.656
0.656
0.395
0.325
0.348
0.289
0.114
0.194
0.096
-0.007
-0.045
-0.055
-0.104
-0.092
-0.081
-0.176
-0.168
-0.141
-0.356
-0.395
-0.421
-0.38
-0.481
-0.348
-0.465
-0.49
-0.435
-0.505
-0.651
-0.755
-0.865
-0.806
-0.71
-0.647
-0.635
-0.579
-0.494
-0.524
-0.425
-0.339
-0.256
-0.343
-0.234
-0.247
-0.301
-0.35
-0.284
-0.406
-0.426
-0.443
-0.223
-0.503
-0.465
-0.524
-0.556
-0.638
-0.598
-0.726
-0.718
-0.75
-0.856
-0.963
-0.954
-0.944
-0.971
-0.986
-1.035
-1.028
-0.876
-0.97
-0.875
-0.955
-0.754
-0.685
-0.611
-0.489
-0.495
-0.271
-0.129
-0.128
-0.088
-0.02
0.12
0.217
0.286
0.362
0.474
0.666
0.688
0.84
0.815
1.03
0.924
1.031
1.189
1.095
1.191
1.161
1.196
0.95
1.16
1.135
0.893
0.802
0.651
0.75
0.667
0.764
0.665
0.55
0.585
0.489
0.38
0.338
0.278
0.223
0.189
0.259
0.255
0.249
0.228
0.18
0.247
0.334
0.422
0.396
0.506
0.229
0.175
0.083
0.044
0.1
-0.016
0.114
0.179
0.23
0.296
0.434
0.515
0.56
0.521
0.471
0.484
0.484
0.506
0.359
0.26
0.26
0.124
-0.03
0.077
-0.12
-0.229
-0.296
-0.285
-0.415
-0.307
-0.291
-0.214
-0.275
-0.334
-0.33
-0.216
-0.256
-0.33
-0.429
-0.526
-0.565
-0.714
-0.552
-0.58
-0.301
-0.343
-0.271
-0.158
-0.193
-0.191
-0.069
-0.098
0.06
-0.247
-0.107
-0.145
-0.077
-0.035
0.033
0.071
0.056
-0.021
0.004
0.015
0.016
-0.081
-0.139
-0.009
0.07
0.203
0.334
0.389
0.22
0.475
0.355
0.416
0.341
0.365
0.328
0.391
0.501
0.625
0.831
0.769
0.859
0.824
0.696
0.861
0.794
0.749
0.74
0.841
0.961
0.854
0.829
0.733
0.768
0.676
0.554
0.463
0.487
0.307
0.122
-0.01
-0.189
-0.417
-0.569
-0.76
-0.996
-1.19
-1.23
-1.12
-1.201
-1.216
-1.445
-1.396
-1.4
-1.42
-1.514
-1.41
-1.488
-1.436
-1.478
-1.349
-1.492
-1.52
-1.449
-1.306
-1.249
-1.268
-1.045
-1.044
-0.886
-0.8
-0.67
-0.51
-0.23
0.056
0.19
0.314
0.315
0.465
0.681
0.701
0.603
0.738
0.897
0.991
0.904
1.019
0.999
1.153
1.384
1.234
1.127
1.218
1.365
1.41
1.345
1.403
1.436
1.401
1.42
1.301
1.299
1.241
1.218
1.103
1.13
1.238
1.11
1.177
1.105
1.01
1.024
0.755
0.731
0.661
0.551
0.492
0.544
0.408
0.344
0.229
0.126
0.035
0.141
-0.116
-0.075
-0.147
-0.12
-0.169
-0.071
-0.175
-0.155
-0.058
-0.136
-0.124
-0.175
-0.146
-0.116
-0.323
-0.249
-0.362
-0.281
-0.268
-0.016
0.071
-0.116
-0.054
0.026
0.026
-0.015
-0.109
-0.069
-0.166
-0.124
-0.109
-0.189
-0.205
-0.253
-0.36
-0.371
-0.241
-0.636
-0.726
-0.775
-0.81
-0.718
-0.777
-0.665
-0.799
-0.719
-0.844
-0.818
-0.623
-0.504
-0.374
-0.48
-0.497
-0.372
-0.195
-0.216
-0.07
-0.188
-0.291
-0.379
-0.194
-0.256
-0.256
-0.029
0.139
-0.009
-0.179
-0.103
-0.221
-0.014
-0.238
-0.25
-0.291
-0.154
-0.209
-0.299
-0.454
-0.482
-0.343
-0.399
-0.179
-0.121
-0.198
-0.356
-0.329
-0.51
-0.226
-0.199
-0.254
-0.471
-0.552
-0.37
-0.355
-0.297
-0.366
-0.509
-0.375
-0.291
-0.378
-0.479
-0.484
-0.466
-0.295
-0.266
-0.274
-0.389
-0.431
-0.537
-0.506
-0.618
-0.689
-0.714
-0.527
-0.438
-0.273
0.02
0.138
0.186
0.159
-0.145
-0.049
-0.128
0.026
0.101
0.367
0.27
0.289
0.203
0.274
0.349
0.307
0.1
-0.029
-0.11
-0.246
-0.331
-0.121
-0.138
-0.086
-0.05
0.124
0.129
0.115
0.083
-0.096
-0.039
-0.166
-0.188
-0.133
-0.043
0.125
0.25
0.4
0.512
0.65
0.651
0.729
0.634
0.695
0.766
0.79
0.784
0.901
0.988
1.117
1.194
1.28
1.31
1.205
1.276
1.174
1.117
1.252
1.151
1.084
1.029
0.863
0.65
0.459
0.415
0.484
0.449
0.46
0.642
0.524
0.517
0.579
0.468
0.444
0.514
0.427
0.51
0.677
0.893
0.858
0.682
0.78
0.62
0.496
0.535
0.549
0.688
0.616
0.739
0.756
0.656
0.586
0.399
0.575
0.743
0.674
0.875
0.782
0.758
0.706
0.475
0.319
0.122
-0.052
-0.212
-0.297
-0.531
-0.633
-0.471
-0.496
-0.515
-0.616
-0.529
-0.44
-0.575
-0.435
-0.542
-0.713
-0.514
-0.557
-0.544
-0.501
-0.746
-0.705
-0.711
-0.645
-0.659
-0.71
-0.521
-0.535
-0.78
-0.33
-0.215
-0.155
0.021
0.124
0.136
0.346
0.315
0.384
0.486
0.575
0.568
0.708
0.575
0.491
0.466
0.355
0.446
0.321
0.393
0.325
0.208
0.256
0.215
0.03
-0.018
-0.064
-0.188
-0.219
-0.105
-0.253
-0.326
-0.395
-0.57
-0.681
-0.814
-0.87
-0.749
-0.671
-0.659
-0.595
-0.888
-1.089
-1.065
-1.079
-1.078
-1.09
-1.088
-1.012
-1.088
-1.035
-1.155
-1.036
-1.01
-0.818
-0.829
-0.861
-0.74
-0.782
-0.706
-0.736
-0.755
-0.723
-0.481
-0.417
-0.421
-0.323
-0.338
-0.311
-0.38
-0.244
-0.161
-0.24
-0.256
-0.111
-0.092
0.052
0.129
0.26
0.18
0.289
0.233
0.415
0.461
0.463
0.416
0.297
0.29
0.211
-0.024
0.091
-0.072
-0.193
-0.111
-0.065
-0.052
-0.239
-0.185
-0.236
-0.231
-0.016
-0.071
-0.051
0.046
-0.019
0.069
-0.096
-0.231
-0.08
-0.16
-0.266
-0.311
-0.173
-0.296
-0.184
-0.174
-0.259
-0.256
-0.326
-0.278
-0.524
-0.654
-0.445
-0.372
-0.471
-0.425
-0.448
-0.468
-0.331
-0.594
-0.571
-0.652
-0.56
-0.705
-0.545
-0.468
-0.286
-0.239
-0.161
-0.247
-0.133
-0.169
-0.177
0.005
0.08
0.336
0.62
0.939
1.135
1.151
1.24
1.21
1.14
1.236
1.231
1.071
0.966
0.969
0.841
0.635
0.515
0.421
0.336
0.07
-0.062
-0.255
-0.185
-0.052
-0.075
0.024
-0.1
-0.062
-0.028
-0.043
-0.191
-0.294
-0.471
-0.173
-0.036
-0.266
-0.386
-0.54
-0.556
-0.453
-0.571
-0.745
-0.874
-0.711
-0.69
-0.796
-0.51
-0.566
-0.606
-0.547
-0.634
-0.57
-0.734
-0.738
-0.704
-0.724
-0.754
-0.858
-0.605
-0.545
-0.4
-0.406
-0.371
-0.292
-0.463
-0.365
-0.283
-0.195
-0.143
0.019
0.026
0.199
0.228
0.216
0.386
0.41
0.401
0.4
0.328
0.441
0.245
0.362
0.504
0.701
0.688
0.751
0.782
0.873
1.028
0.876
0.87
0.95
1.018
0.863
0.86
0.965
1.08
1.079
1.174
1.048
1.014
0.91
0.9
0.819
0.818
0.639
0.585
0.645
0.615
0.559
0.497
0.395
0.233
0.302
0.354
0.233
0.114
0.236
0.259
0.256
0.283
0.374
0.52
0.474
0.487
0.381
0.354
0.424
0.499
0.464
0.667
0.623
0.565
0.359
0.699
0.696
0.82
0.859
1.046
0.849
0.74
0.672
0.657
0.718
0.569
0.401
0.406
0.139
0.013
0.001
-0.182
-0.161
-0.195
-0.195
-0.305
-0.371
-0.471
-0.552
-0.574
-0.705
-0.926
-1.126
-1.206
-1.199
-1.17
-1.195
-1.296
-1.105
-1.184
-1.149
-1.254
-1.064
-1.111
-1.101
-0.845
-0.804
-0.853
-0.714
-0.489
-0.268
-0.224
-0.014
0.273
0.318
0.441
0.505
0.404
0.269
0.264
0.18
0.134
0.064
0.048
0.056
0.231
0.29
0.378
0.235
0.273
0.139
0.124
-0.025
-0.061
0.007
-0.114
-0.311
-0.395
-0.351
-0.512
-0.512
-0.728
-0.709
-0.749
-0.512
-0.491
-0.768
-0.598
-0.701
-0.711
-0.654
-0.638
-0.795
-0.645
-0.651
-0.56
-0.319
-0.311
-0.33
-0.241
-0.229
-0.199
-0.168
-0.124
-0.196
-0.206
-0.263
-0.23
-0.301
-0.326
-0.296
-0.427
-0.526
-0.505
-0.448
-0.43
-0.49
-0.435
-0.535
-0.413
-0.339
-0.381
-0.185
-0.367
-0.361
-0.339
-0.352
-0.315
-0.456
-0.285
-0.149
-0.135
-0.154
-0.173
-0.095
0.076
0.12
0.133
0.235
0.261
0.276
0.255
0.295
0.259
0.261
0.22
0.275
0.206
0.3
0.445
0.219
0.295
0.38
0.478
0.492
0.49
0.652
0.555
0.57
0.606
0.741
0.755
0.656
0.662
0.728
0.725
0.789
0.951
0.838
0.711
0.569
0.281
0.288
0.491
0.515
0.584
0.41
0.193
0.146
-0.147
-0.159
-0.099
-0.233
-0.259
-0.344
-0.21
-0.316
-0.367
-0.341
-0.255
-0.394
-0.381
-0.379
-0.286
-0.242
-0.312
-0.383
-0.444
-0.489
-0.594
-0.711
-0.296
-0.645
-0.516
-0.535
-0.516
-0.49
-0.325
-0.149
-0.13
-0.045
0.013
0.055
-0.075
-0.107
-0.074
-0.096
-0.039
-0.048
0.056
0.092
0.054
-0.001
-0.088
-0.254
-0.393
-0.495
-0.711
-0.772
-0.647
-0.65
-0.664
-0.818
-0.644
-0.811
-0.662
-0.603
-0.615
-0.419
-0.398
-0.376
-0.405
-0.359
-0.451
-0.333
-0.231
-0.357
-0.299
-0.231
-0.139
-0.145
-0.045
-0.113
-0.144
0.079
0.14
0.031
0.006
0.081
0.071
0.209
0.225
0.281
0.367
0.499
0.416
0.321
0.304
0.359
0.223
0.16
0.29
0.236
0.294
0.291
0.39
0.443
0.547
0.546
0.479
0.487
0.333
0.424
0.321
0.253
0.089
-0.135
-0.08
-0.296
-0.39
-0.526
-0.554
-0.57
-0.596
-0.696
-0.666
-0.542
-0.641
-0.723
-0.691
-0.781
-0.758
-0.539
-0.424
-0.254
-0.253
-0.294
-0.028
-0.076
-0.035
0.154
0.151
0.129
0.048
0.126
0.101
-0.028
0.086
0.006
0.163
0.154
0.129
0.145
-0.01
0.143
0.281
0.31
0.445
0.434
0.463
0.573
0.408
0.379
0.364
0.529
0.65
0.574
0.716
0.699
0.763
0.628
0.675
0.765
0.855
1.034
1.086
1.029
1.074
1.088
1.201
1.009
1.03
1.016
0.989
1.125
0.835
0.777
0.871
0.734
0.876
0.863
0.843
0.856
0.912
0.901
1.001
1.022
1.036
0.936
0.75
0.693
0.328
0.206
0.471
0.295
0.416
0.425
0.326
0.369
0.31
0.28
0.138
0.081
-0.244
-0.171
-0.134
-0.17
-0.04
-0.184
-0.173
-0.314
-0.405
-0.362
-0.346
-0.399
-0.299
-0.375
-0.344
-0.292
-0.265
-0.159
-0.205
-0.184
-0.144
-0.081
0.119
0.349
0.365
0.489
0.531
0.443
0.466
0.325
0.355
0.29
0.276
0.289
0.052
0.238
0.244
0.26
0.44
0.459
0.714
0.82
0.652
0.739
0.759
0.802
0.986
1.114
0.985
1.083
1.131
0.886
0.831
0.695
0.651
0.675
0.681
0.624
0.471
0.259
0.14
0.036
-0.089
0.049
-0.036
0.131
-0.024
-0.033
-0.037
-0.219
-0.265
-0.427
-0.609
-0.494
-0.834
-0.782
-0.729
-0.806
-0.88
-1.275
-1.3
-1.234
-1.39
-1.505
-1.529
-1.529
-1.663
-1.545
-1.594
-1.576
-1.299
-1.292
-1.208
-1.163
-1.088
-0.866
-0.936
-0.826
-0.873
-0.829
-0.749
-0.614
-0.636
-0.709
-0.641
-0.666
-0.716
-0.667
-0.655
-0.556
-0.374
-0.343
-0.061
0.051
-0.001
0.039
-0.191
-0.138
-0.111
-0.305
-0.171
-0.128
-0.03
-0.009
-0.048
-0.02
-0.094
-0.015
-0.118
-0.21
-0.233
0.066
0.013
-0.104
-0.129
0.056
0.021
0.039
-0.007
0.036
-0.124
-0.195
-0.247
-0.374
-0.228
-0.212
-0.098
0.014
0.03
0.299
0.292
0.209
0.236
0.295
0.463
0.374
0.492
0.413
0.521
0.606
0.618
0.7
0.652
0.77
0.682
0.739
0.651
0.723
0.711
0.644
0.647
0.932
0.789
0.743
0.943
0.938
0.919
0.839
0.886
0.769
0.88
0.82
0.686
0.787
0.655
0.739
0.59
0.439
0.357
0.435
0.551
0.67
0.772
0.709
0.725
0.974
1.065
1.173
1.123
1.038
1.105
0.963
0.824
0.784
0.76
0.595
0.279
0.198
0.011
-0.034
-0.039
-0.2
-0.326
-0.269
-0.212
-0.406
-0.399
-0.39
-0.505
-0.536
-0.561
-0.739
-0.765
-0.945
-0.969
-1.161
-0.956
-1.028
-0.864
-1.011
-0.993
-1.125
-1.139
-1.085
-1.04
-1.068
-0.894
-0.812
-0.81
-0.681
-0.906
-0.715
-0.779
-0.766
-0.743
-0.662
-0.335
-0.194
-0.107
-0.07
-0.005
-0.049
-0.217
-0.216
-0.349
-0.439
-0.413
-0.542
-0.616
-0.522
-0.446
-0.511
-0.374
-0.41
-0.241
-0.037
-0.134
-0.155
-0.231
-0.056
-0.006
0.074
0.08
-0.113
-0.212
-0.236
-0.294
-0.224
-0.292
-0.359
-0.417
-0.59
-0.716
-0.72
-0.699
-0.75
-1.031
-1.159
-1.176
-1.186
-1.078
-1.081
-0.921
-0.819
-0.667
-0.44
-0.351
-0.264
-0.049
-0.05
0.048
0.186
0.276
0.165
0.296
0.35
0.186
0.084
-0.103
-0.119
-0.03
-0.061
-0.013
-0.034
0.045
0.238
0.149
0.048
0.049
0.066
0.005
0.049
0.003
-0.045
0.091
0.113
0.12
0.124
0.136
0.109
0.105
0.095
0.139
0.186
0.146
0.045
-0.092
-0.015
0.05
0.151
0.389
0.435
0.56
0.76
0.704
0.775
0.896
0.895
0.906
0.759
0.92
0.986
1.06
1.097
1.214
1.076
1.016
1.113
0.949
1.056
1.095
1.025
1.179
1.095
1.068
0.934
0.948
0.885
0.829
0.718
0.611
-4.885
0.453
0.591
0.674
0.431
0.403
0.109
0.029
-0.113
-0.401
-0.468
-0.562
-0.51
-0.415
-0.495
-0.532
-0.506
-0.458
-0.396
-0.315
-0.297
-0.265
-0.292
-0.367
-0.321
-0.263
-0.261
-0.201
0.001
0.051
0.062
0.006
0.014
-0.133
-0.098
-0.144
-0.271
-0.285
-0.264
-0.233
-0.107
-0.32
-0.281
-0.121
-0.13
-0.025
0.077
0.118
0.111
0.135
0.224
0.246
0.244
0.371
0.24
0.247
0.239
0.284
0.169
0.055
0.119
-0.124
-0.061
-0.241
-0.242
-0.179
-0.182
-0.094
-0.077
-0.061
0.049
-0.244
-0.316
-0.329
-0.492
-0.512
-0.73
-0.685
-0.768
-0.805
-0.765
-0.806
-0.759
-0.841
-0.844
-0.86
-0.91
-0.91
-0.958
-0.899
-1.146
-1.089
-1.164
-1.058
-1.145
-0.995
-0.956
-0.725
-0.489
-0.369
-0.081
-0.134
-0.118
-0.156
-0.191
-0.12
-0.268
-0.135
-0.083
-0.111
-0.025
-0.096
0.06
0.2
0.158
0.331
0.302
0.224
0.333
0.396
0.336
0.258
0.215
0.263
-0.015
-0.196
0.05
0.034
-0.054
-0.013
-0.119
-0.034
-0.034
-0.11
-0.005
0.159
0.134
0.225
0.234
0.124
0.233
0.15
0.241
0.168
0.152
-0.064
0.259
0.075
-0.048
-0.144
-0.249
-0.225
-0.422
-0.301
-0.251
-0.255
-0.302
-0.386
-0.429
-0.413
-0.369
-0.354
-0.346
-0.386
-0.364
-0.487
-0.595
-0.55
-0.645
-0.878
-0.901
-0.95
-0.974
-1.059
-0.821
-0.848
-0.814
-0.84
-0.828
-0.871
-0.764
-0.49
-0.431
-0.15
-0.083
-0.024
0.177
0.043
0.126
0.08
0.17
0.158
0.18
0.084
0.069
0.175
0.09
0.182
0.116
0.2
0.292
0.384
0.489
0.593
0.681
0.733
0.706
0.844
0.902
1.006
0.951
1.121
1.256
1.401
1.294
1.232
1.177
1.083
0.984
0.878
0.758
0.75
0.83
0.765
0.645
0.466
0.251
0.259
0.415
0.475
0.501
0.374
0.217
0.231
0.2
0.236
0.091
0.128
0.096
0.077
0.119
-0.062
0.072
-0.051
-0.02
-0.062
-0.021
0.155
0.231
0.254
0.056
-0.009
0.021
0.251
0.034
-0.061
-0.169
-0.051
-0.01
-0.033
-0.029
-0.09
-0.1
-0.241
-0.212
-0.534
-0.59
-0.584
-0.495
-0.226
-0.29
-0.456
-0.346
-0.458
-0.386
-0.372
-0.379
-0.349
-0.264
-0.15
-0.14
-0.229
-0.146
-0.006
-0.016
0.077
0.113
0.245
0.258
0.338
0.331
0.341
0.696
0.797
0.796
0.733
0.864
0.922
0.871
0.976
0.735
0.716
0.731
0.661
0.61
0.593
0.614
0.544
0.309
0.307
0.36
0.238
0.301
0.361
0.444
0.209
-0.02
-0.114
-0.346
-0.193
-0.124
-0.048
-0.092
-0.119
-0.245
-0.409
-0.61
-0.634
-0.6
-0.611
-0.55
-0.514
-0.432
-0.33
-0.185
-0.216
-0.28
-0.286
-0.391
-0.37
-0.422
-0.576
-0.646
-0.739
-0.701
-0.7
-0.786
-0.664
-0.478
-0.487
-0.436
-0.381
-0.271
-0.286
-0.319
-0.247
-0.334
-0.374
-0.357
-0.436
-0.271
-0.251
-0.184
0.04
0.335
0.185
0.389
0.439
0.605
0.686
0.741
0.839
0.71
0.843
0.844
0.97
1.014
0.955
1.068
1.011
1.176
1.248
1.064
1.113
1.096
0.983
0.812
0.761
0.833
0.881
0.694
0.829
0.924
0.944
0.922
0.843
0.836
0.829
0.719
0.739
0.785
0.749
0.574
0.66
0.448
0.506
0.374
0.381
0.441
0.406
0.439
0.434
0.454
0.425
0.464
0.325
0.141
-0.095
-0.041
0.041
0.077
0.221
0.186
0.325
0.449
0.526
0.404
0.542
0.575
0.68
0.474
0.393
0.304
0.099
0.425
0.321
0.375
0.256
0.372
0.401
0.284
0.2
0.199
0.242
0.249
0.203
-0.06
-0.055
0.061
-0.238
-0.175
-0.18
-0.294
-0.139
-0.3
-0.289
-0.288
-0.508
-0.701
-0.642
-0.729
-0.775
-0.814
-0.888
-0.951
-1.127
-1.11
-1.099
-0.932
-0.874
-0.87
-0.823
-0.949
-1.009
-1.236
-1.126
-1.046
-0.934
-0.868
-0.833
-0.639
-0.719
-0.705
-0.593
-0.318
-0.196
-0.069
0.164
0.098
0.338
0.244
0.365
0.334
0.307
0.529
0.381
