0.751
0.779
0.833
0.75
0.656
0.494
0.434
0.539
0.569
0.441
0.314
0.274
0.226
0.249
0.311
0.29
0.224
0.173
0.013
0.013
-0.146
-0.143
-0.014
-0.239
0.076
0.06
-0.052
-0.136
-0.14
-0.12
-0.265
-0.26
-0.128
-0.116
0.009
0.045
0.059
0.181
0.195
0.171
0.076
0.034
0.211
0.173
0.019
0.215
0.104
0.09
0.094
0.173
0.23
0.241
0.03
0.118
0.141
0.228
0.335
0.26
0.138
0.236
0.154
0.149
0.145
0.052
0.088
0.136
0.199
0.141
0.174
0.281
0.106
0.054
-0.1
-0.033
-0.224
-0.19
-0.35
-0.48
-0.554
-0.547
-0.791
-0.876
-0.985
-1.0
-1.094
-1.14
-1.204
-1.249
-1.339
-1.149
-1.029
-1.079
-1.145
-1.015
-0.904
-0.901
-0.818
-0.83
-0.682
-0.649
-0.629
-0.588
-0.526
-0.378
-0.331
-0.319
-0.235
-0.138
-0.185
-0.045
-0.129
-0.244
-0.329
-0.033
-0.039
0.241
0.351
0.468
0.489
0.449
0.432
0.603
0.65
0.715
0.823
0.731
0.786
0.57
0.584
0.606
0.546
0.459
0.37
0.584
0.501
0.354
0.316
0.143
0.306
0.289
0.254
0.296
0.261
0.236
0.235
0.229
0.454
0.404
0.56
0.357
0.355
0.331
0.049
-0.109
-0.302
-0.236
-0.22
-0.606
-0.446
-0.594
-0.606
-0.738
-0.639
-0.486
-0.555
-0.584
-0.473
-0.448
-0.394
-0.29
-0.058
0.116
0.071
0.185
0.31
0.364
0.299
0.194
0.31
0.364
0.37
0.414
0.578
0.655
0.52
0.517
0.685
0.806
0.635
0.504
0.693
0.78
0.768
0.854
0.893
0.97
0.931
0.829
0.901
0.994
0.749
0.72
0.599
0.585
0.375
0.193
0.235
0.215
0.156
0.034
-0.154
-0.161
-0.146
-0.164
-0.417
-0.305
-0.346
-0.242
-0.321
-0.431
-0.427
-0.427
-0.388
-0.429
-0.398
-0.56
-0.494
-0.458
-0.345
-0.47
-0.517
-0.391
-0.404
-0.361
-0.273
-0.229
-0.166
-0.015
0.025
0.188
0.326
0.131
0.501
0.584
0.564
0.75
0.89
0.771
0.703
0.688
0.769
0.785
0.635
0.67
0.625
0.695
0.701
0.635
0.705
0.675
0.545
0.486
0.391
0.424
0.329
0.419
0.115
0.007
-0.118
-0.238
-0.23
-0.19
-0.107
-0.302
-0.297
-0.217
-0.264
-0.273
-0.449
-0.492
-0.526
-0.471
-0.485
-0.634
-0.515
-0.651
-0.68
-0.64
-0.369
-0.324
-0.495
-0.501
-0.443
-0.378
-0.549
-0.369
-0.372
-0.312
-0.149
0.0
-0.188
-0.171
-0.091
0.08
0.119
0.006
0.07
0.004
0.025
-0.094
0.041
-0.25
0.325
0.141
0.182
0.171
0.288
0.331
0.224
0.224
0.316
0.198
0.299
0.323
0.205
0.184
0.284
0.223
0.352
0.324
0.35
0.369
0.362
0.399
0.443
0.644
0.659
0.845
0.791
0.759
0.769
0.503
0.651
0.689
0.635
0.594
0.569
0.554
0.753
0.689
0.425
0.606
0.511
0.339
0.362
0.367
0.253
0.138
0.245
-0.004
-0.095
-0.199
-0.152
-0.122
-0.19
-0.264
-0.171
-0.061
-0.151
-0.045
-0.04
-0.065
-0.011
-0.151
-0.135
-0.224
-0.281
-0.516
-0.509
-0.45
-0.46
-0.581
-0.427
-0.333
-0.431
-0.492
-0.564
-0.31
-0.18
-0.306
-0.079
0.107
0.126
0.278
0.319
0.343
0.325
0.416
0.214
0.285
0.475
0.487
0.367
0.514
0.629
0.526
0.779
0.588
0.897
0.814
0.63
0.554
0.795
0.746
0.657
0.596
0.44
0.522
0.405
0.212
0.335
0.231
-0.1
0.02
-0.058
-0.143
-0.128
-0.415
-0.434
-0.416
-0.335
-0.46
-0.685
-0.714
-0.745
-0.581
-0.504
-0.571
-0.62
-0.636
-0.47
-0.475
-0.39
-0.375
-0.408
-0.321
-0.288
-0.253
-0.274
-0.155
-0.372
-0.372
-0.339
-0.302
-0.26
-0.321
-0.22
-0.135
-0.109
-0.385
-0.21
-0.295
-0.26
-0.17
0.071
-0.199
-0.265
-0.214
-0.168
-0.026
0.02
0.17
0.258
0.224
0.44
0.417
0.404
0.519
0.444
0.561
0.728
0.828
0.859
0.79
1.055
0.941
0.875
0.89
0.981
0.921
0.994
0.834
0.685
0.626
0.652
0.45
0.386
0.501
0.481
0.551
0.652
0.647
0.655
0.515
0.525
0.426
0.481
0.706
0.583
0.541
0.583
0.251
0.302
0.561
0.661
0.381
0.552
0.486
0.581
0.448
0.236
0.319
0.276
0.185
0.083
0.065
0.214
0.18
0.226
0.654
0.453
0.312
0.458
0.226
0.289
0.455
0.236
0.46
0.422
0.504
0.318
0.341
0.425
0.371
0.51
0.479
0.408
0.405
0.271
0.346
0.106
0.174
-0.075
-0.264
-0.173
-0.37
-0.444
-0.669
-0.588
-0.755
-0.703
-0.881
-0.844
-0.866
-0.924
-0.839
-0.807
-0.986
-0.99
-0.902
-0.95
-1.13
-1.184
-1.196
-1.314
-1.269
-1.276
-1.225
-1.133
-1.292
-1.232
-1.319
-1.341
-1.391
-1.546
-1.581
-1.51
-1.525
-1.52
-1.617
-1.381
-1.218
-1.101
-0.861
-0.735
-0.576
-0.395
-0.273
-0.1
-0.024
0.11
0.143
0.13
0.034
0.17
0.145
0.249
0.469
0.381
0.547
0.549
0.565
0.519
0.644
0.561
0.516
0.459
0.42
0.496
0.399
0.054
-0.048
0.195
0.12
-0.045
-0.141
-0.278
-0.205
-0.409
-0.281
-0.294
-0.139
-0.091
-0.055
0.02
-0.104
-0.048
-0.081
-0.1
-0.072
0.114
0.185
0.09
0.074
0.056
0.026
-0.06
-0.163
-0.003
-0.141
-0.176
-0.41
-0.573
-0.67
-0.725
-0.713
-0.733
-0.98
-0.676
-0.84
-0.736
-0.379
-0.435
-0.385
-0.389
-0.495
-0.516
-0.504
-0.419
-0.273
-0.158
-0.031
-0.321
-0.341
-0.379
-0.375
-0.241
-0.265
-0.011
-0.154
-0.156
-0.189
-0.104
0.088
0.128
0.209
0.38
0.45
0.499
0.545
0.473
0.581
0.551
0.771
0.939
0.745
0.706
0.736
0.589
0.361
0.125
0.109
-0.076
-0.086
0.028
-0.064
-0.14
-0.159
-0.089
-0.234
-0.244
-0.138
-0.2
0.028
0.136
0.147
0.011
0.081
0.208
-0.01
0.107
0.2
0.244
0.234
0.184
0.095
0.077
0.176
0.077
0.104
0.209
0.339
0.453
0.473
0.486
0.408
0.52
0.386
0.555
0.54
0.439
0.539
0.512
0.324
0.226
0.311
0.179
0.02
0.206
0.179
0.186
0.136
0.146
0.131
0.405
0.346
0.128
0.295
0.329
0.128
0.135
0.051
0.076
0.007
-0.186
-0.221
-0.18
-0.514
-0.598
-0.674
-0.93
-1.05
-1.201
-1.175
-1.256
-1.225
-1.121
-1.061
-1.11
-1.137
-1.236
-1.198
-1.111
-1.321
-1.289
-1.129
-1.221
-1.151
-1.189
-1.039
-1.095
-0.974
-0.966
-0.729
-0.785
-0.916
-0.869
-0.769
-0.68
-0.795
-0.649
-0.506
-0.374
-0.334
-0.13
0.152
0.231
0.284
0.579
0.601
0.565
0.739
0.876
0.948
1.065
1.234
1.29
1.356
1.414
1.235
1.32
1.341
1.181
1.259
1.239
1.04
0.796
1.019
0.943
0.968
0.804
0.514
0.295
0.281
0.233
-0.015
-0.018
0.031
0.058
0.014
-0.024
-0.107
-0.072
0.048
-0.181
-0.3
-0.258
-0.241
-0.165
-0.084
-0.052
-0.095
-0.031
-0.226
-0.156
-0.136
-0.229
0.036
-0.136
-0.343
-0.45
-0.445
-0.343
-0.344
-0.288
-0.231
-0.239
-0.269
-0.096
-0.211
-0.084
-0.185
-0.133
0.12
0.121
0.111
-0.011
0.056
-0.007
0.061
-0.011
-0.021
0.074
0.089
0.173
0.145
-0.01
0.155
-0.173
-0.203
-0.095
0.025
-0.059
0.229
0.188
0.074
-0.02
0.095
0.121
0.149
0.07
0.036
0.114
0.118
0.059
0.134
0.103
0.223
0.085
-0.014
-0.136
-0.061
-0.106
-0.17
-0.229
-0.35
-0.306
-0.3
-0.225
-0.084
-0.048
-0.001
0.205
0.355
0.195
0.291
0.226
0.381
0.386
0.546
0.546
0.514
0.466
0.411
0.394
0.29
0.242
0.304
0.299
0.381
0.246
0.214
0.168
0.2
0.37
0.449
0.315
0.409
0.395
0.234
0.138
-0.094
0.031
0.125
0.169
0.152
0.14
0.229
0.184
0.105
0.17
0.019
0.004
-0.039
-0.092
-0.163
-0.061
-0.075
-0.034
-0.179
-0.013
0.104
0.193
0.309
0.245
0.459
0.526
0.444
0.441
0.537
0.506
0.626
0.641
0.674
0.826
0.66
0.675
0.599
0.385
0.554
0.378
0.509
0.396
0.302
0.256
0.109
0.096
0.034
0.044
-0.021
-0.058
-0.051
-0.114
-0.077
-0.334
-0.314
-0.304
-0.105
-0.152
-0.203
-0.458
-0.688
-0.766
-0.849
-0.75
-0.574
-0.561
-0.593
-0.562
-0.424
-0.522
-0.372
-0.254
-0.216
-0.044
-0.279
-0.201
-0.114
-0.283
-0.289
-0.195
-0.234
-0.276
-0.426
-0.465
-0.426
-0.309
-0.209
-0.32
-0.445
-0.638
-0.503
-0.415
-0.346
-0.362
-0.291
-0.17
-0.154
-0.092
-0.11
-0.033
-0.021
0.077
0.035
0.024
-0.014
-0.05
-0.134
-0.052
-0.194
-0.261
0.066
0.136
0.081
0.176
0.276
0.231
0.326
0.258
0.22
0.314
0.276
0.409
0.335
0.509
0.475
0.441
0.682
0.657
0.481
0.306
0.405
0.326
0.367
0.335
0.249
0.357
0.4
0.43
0.315
0.129
-0.071
0.341
0.205
0.145
0.219
0.125
0.124
-0.013
-0.045
-0.15
-0.233
-0.46
-0.424
-0.489
-0.608
-0.615
-0.651
-0.527
-0.536
-0.641
-0.758
-0.929
-0.981
-0.979
-0.951
-0.901
-0.724
-0.785
-0.505
-0.448
-0.314
-0.18
-0.25
0.056
0.13
0.306
0.27
0.109
0.196
0.333
0.46
0.489
0.542
0.356
0.225
0.27
0.25
0.404
0.545
0.654
0.501
0.413
-0.013
-0.019
-0.039
-0.026
-0.151
-0.283
-0.519
-0.503
-0.465
-0.512
-0.574
-0.432
-0.506
-0.531
-0.386
-0.193
-0.309
-0.256
-0.367
-0.365
-0.155
-0.04
0.258
0.216
0.346
0.283
0.221
0.185
0.22
0.205
0.056
0.17
0.101
0.399
0.505
0.42
0.436
0.492
0.534
0.631
0.671
0.578
0.569
0.509
0.669
0.893
1.262
1.375
1.629
1.718
1.699
1.688
1.66
1.726
1.72
1.726
1.631
1.79
1.528
1.425
1.476
1.22
0.978
1.016
0.816
0.894
0.686
0.6
0.295
0.193
0.011
0.05
-0.121
-0.136
0.104
0.031
-0.022
-0.161
-0.119
-0.041
-0.004
0.056
0.0
0.077
0.231
0.198
0.177
0.116
0.071
0.041
0.113
-0.122
0.08
0.044
-0.107
-0.24
-0.386
-0.574
-0.443
-0.331
-0.234
-0.348
-0.445
-0.279
-0.294
-0.059
-0.263
-0.144
0.088
0.04
-0.026
-0.189
-0.109
-0.12
-0.169
0.176
-0.037
-0.179
-0.095
-0.043
-0.046
-0.045
0.099
0.216
0.37
0.455
0.362
0.51
0.404
0.583
0.419
0.276
0.383
0.47
0.546
0.761
0.75
0.6
0.556
0.443
0.339
0.146
0.275
0.292
0.431
0.32
0.286
0.249
0.367
0.1
-0.001
-0.04
-0.066
-0.11
-0.212
-0.23
-0.268
-0.236
-0.328
-0.261
-0.219
-0.378
-0.3
-0.416
-0.469
-0.21
-0.396
-0.323
-0.324
-0.414
-0.435
-0.336
-0.302
-0.357
-0.362
-0.247
-0.17
-0.118
-0.131
-0.233
-0.256
-0.244
-0.185
-0.058
-0.056
0.001
0.001
0.086
-0.009
0.09
-0.09
-0.154
0.009
0.005
-0.199
-0.286
-0.416
-0.459
-0.487
-0.367
-0.425
-0.446
-0.527
-0.517
-0.478
-0.505
-0.574
-0.562
-0.32
-0.441
-0.469
-0.49
-0.292
-0.311
-0.436
-0.255
-0.422
-0.509
-0.601
-0.6
-0.571
-0.479
-0.169
-0.251
-0.08
0.02
-0.165
-0.014
-0.135
-0.256
-0.276
-0.365
-0.375
-0.383
-0.47
-0.451
-0.474
-0.454
-0.551
-0.557
-0.618
-0.72
-0.738
-0.655
-0.684
-0.715
-0.891
-0.588
-0.761
-0.615
-0.575
-0.45
-0.405
-0.448
-0.319
-0.661
-0.396
-0.403
-0.29
-0.329
-0.242
-0.312
-0.239
-0.17
-0.138
-0.029
-0.041
-0.04
-0.219
-0.105
-0.096
-0.115
-0.076
0.021
0.095
0.306
0.378
0.311
0.384
0.556
0.67
0.713
0.71
0.754
0.69
0.723
0.749
0.785
0.815
0.899
0.814
0.927
0.919
0.711
0.873
0.769
0.73
0.77
0.67
0.764
0.573
0.49
0.544
0.599
0.642
0.677
0.56
0.4
0.396
0.203
0.088
-0.113
-0.051
-0.141
-0.271
-0.219
-0.326
-0.71
-0.746
-0.709
-0.71
-0.624
-0.319
-0.484
-0.268
-0.209
-0.351
-0.487
-0.474
-0.615
-0.519
-0.479
-0.37
-0.086
0.033
0.196
0.115
0.09
-0.138
-0.141
-0.205
-0.259
-0.158
-0.333
-0.269
-0.386
-0.375
-0.259
-0.485
-0.036
-0.122
-0.234
-0.075
0.074
-0.028
-0.025
-0.23
-0.209
-0.062
-0.056
0.064
0.141
0.217
0.391
0.466
0.519
0.481
0.389
0.182
0.225
0.13
0.045
0.08
0.031
-0.136
-0.043
-0.022
-0.046
-0.088
-0.098
0.139
0.141
0.271
0.121
0.161
0.029
-0.138
-0.024
-0.101
-0.001
-0.051
0.041
-0.049
-0.188
-0.164
-0.145
-0.221
-0.149
-0.115
-0.124
-0.489
-0.571
-0.611
-0.413
-0.419
-0.395
-0.422
-0.555
-0.415
-0.555
-0.47
-0.494
-0.562
-0.42
-0.41
-0.365
-0.26
-0.299
-0.263
-0.233
-0.171
-0.081
-0.049
-0.056
-0.18
-0.198
-0.228
-0.226
-0.107
-0.284
-0.266
-0.228
-0.161
-0.254
-0.013
-0.019
-0.208
-0.143
-0.236
-0.101
-0.107
-0.174
-0.188
-0.247
-0.224
-0.398
-0.305
-0.275
-0.199
-0.25
-0.422
-0.349
-0.443
-0.517
-0.266
-0.306
-0.381
-0.444
-0.251
-0.242
-0.343
-0.291
-0.41
-0.275
-0.289
-0.201
-0.251
-0.361
-0.249
-0.139
-0.035
0.122
0.105
0.06
0.174
0.069
0.133
0.048
0.271
0.138
0.201
0.205
0.357
0.362
0.495
0.536
0.551
0.474
0.503
0.443
0.5
0.579
0.478
0.431
0.431
0.354
0.25
0.339
0.571
0.585
0.58
0.684
0.562
0.781
0.835
0.75
0.588
0.522
0.526
0.455
0.336
0.125
-0.083
0.143
-0.194
-0.279
-0.198
-0.29
-0.229
-0.316
-0.341
-0.501
-0.509
-0.486
-0.53
-0.519
-0.888
-0.919
-0.736
-0.698
-0.809
-0.709
-0.579
-0.432
-0.367
-0.264
-0.161
-0.039
0.118
0.191
0.315
0.369
0.487
0.584
0.77
0.651
0.728
0.77
1.039
0.976
0.989
1.131
1.032
1.04
0.916
0.809
0.816
0.792
0.67
0.509
0.731
0.738
0.755
0.78
0.914
1.144
0.938
1.036
0.961
0.836
0.87
0.805
0.776
0.792
0.835
0.828
0.807
0.746
0.799
0.801
1.018
0.889
0.751
0.804
0.82
0.642
0.601
0.461
0.689
0.539
0.384
0.446
0.299
0.394
0.235
0.062
0.08
-0.041
0.01
-0.051
0.043
-0.04
0.235
0.27
0.154
0.321
0.241
0.17
0.211
0.0
-0.022
-0.006
-0.144
-0.224
-0.357
-0.281
-0.506
-0.591
-0.657
-0.815
-0.807
-1.008
-0.841
-0.814
-0.73
-0.953
-1.051
-1.175
-1.114
-1.084
-0.963
-0.91
-0.846
-0.766
-0.664
-0.675
-0.818
-0.791
-0.719
-0.861
-0.864
-0.62
-0.274
-0.238
-0.056
-0.088
-0.118
-0.253
-0.212
0.052
-0.011
0.176
0.372
0.389
0.466
0.247
0.161
0.164
0.25
0.188
0.299
0.318
0.416
0.69
0.805
0.907
0.618
0.647
0.583
0.456
0.38
0.625
0.703
0.599
0.675
0.557
0.571
0.398
0.318
0.122
0.269
0.241
0.441
0.58
0.889
0.77
0.532
0.4
0.461
0.421
0.364
0.254
0.206
0.336
0.104
0.196
-0.041
-0.3
-0.138
-0.279
-0.209
-0.33
-0.304
-0.374
-0.341
-0.263
-0.319
-0.364
-0.246
-0.33
-0.449
-0.346
-0.532
-0.559
-0.427
-0.394
-0.011
-0.214
-0.265
-0.124
0.186
0.096
0.103
0.077
0.052
0.039
-0.011
-0.058
-0.105
-0.022
-0.176
-0.216
0.104
0.033
0.115
0.306
0.475
0.46
0.491
0.634
0.574
0.559
0.735
0.876
0.876
0.766
0.618
0.701
0.64
0.665
0.781
0.554
0.746
0.662
0.552
0.639
0.463
0.372
0.21
0.217
0.223
0.168
0.095
0.098
0.199
-0.016
-0.07
-0.164
-0.283
-0.474
-0.496
-0.36
-0.542
-0.542
-0.575
-0.779
-0.664
-0.856
-0.894
-1.116
-0.993
-0.993
-1.08
-0.927
-0.826
-0.81
-0.864
-0.749
-0.709
-0.91
-0.694
-0.666
-0.667
-0.465
-0.474
-0.244
-0.269
-0.113
-0.02
-0.077
-0.075
-0.231
0.021
0.294
0.33
0.259
0.274
0.39
0.494
0.647
0.562
0.755
0.865
0.883
1.008
0.874
1.048
0.851
0.699
0.575
0.456
0.362
0.473
0.469
0.652
0.599
0.41
0.475
0.496
0.419
0.526
0.654
0.706
0.641
0.677
0.486
0.429
0.431
0.491
0.552
0.46
0.41
0.333
0.311
0.41
0.371
0.521
0.536
0.618
0.818
0.744
0.79
0.851
0.69
0.644
0.638
0.614
0.459
0.357
0.323
0.105
0.166
0.083
-0.152
-0.309
-0.395
-0.244
-0.275
-0.491
-0.59
-0.494
-0.645
-0.635
-0.593
-0.641
-0.759
-0.715
-0.988
-0.895
-0.956
-0.965
-1.034
-0.934
-1.005
-1.141
-0.991
-0.886
-0.794
-0.59
-0.531
-0.614
-0.598
-0.411
-0.335
-0.311
-0.37
-0.381
-0.451
-0.551
-0.471
-0.628
-0.623
-0.76
-0.84
-0.753
-0.601
-0.481
-0.375
-0.279
-0.29
-0.544
-0.642
-0.475
-0.537
-0.521
-0.604
-0.276
-0.326
-0.236
-0.059
-0.081
0.158
0.278
0.311
0.516
0.58
0.569
0.838
1.06
1.26
1.143
1.252
1.146
1.073
1.21
0.994
1.272
1.319
1.281
1.204
1.061
1.255
1.094
1.125
0.948
0.569
0.343
0.22
0.049
-0.035
-0.33
0.051
-0.1
-0.283
-0.424
-0.554
-0.599
-0.771
-0.906
-1.005
-1.03
-0.949
-0.969
-1.14
-1.188
-1.338
-1.481
-1.56
-1.575
-1.556
-1.373
-1.292
-1.329
-1.271
-1.232
-1.413
-1.266
-1.23
-1.101
-1.032
-0.978
-0.897
-0.879
-0.874
-0.628
-0.645
-0.506
-0.346
-0.305
-0.19
-0.154
-0.107
0.064
0.165
0.315
0.291
0.198
0.314
0.305
0.316
0.261
0.284
0.216
0.36
0.288
0.396
0.334
0.56
0.564
0.508
0.446
0.343
0.381
0.193
0.221
-0.166
0.118
-0.099
0.072
-0.064
-0.154
-0.19
-0.223
-0.247
-0.333
-0.393
-0.374
-0.413
-0.14
-0.089
0.029
0.09
0.096
0.122
0.083
-0.001
0.173
0.076
0.004
0.261
0.286
0.333
0.421
0.536
0.571
0.471
0.531
0.49
0.444
0.484
0.294
0.249
0.399
0.305
0.225
0.223
0.226
0.266
0.295
0.175
0.285
0.255
0.281
-0.105
0.135
0.07
-0.004
-0.118
-0.175
-0.36
-0.403
-0.432
-0.561
-0.459
-0.36
-0.415
-0.441
-0.54
-0.278
-0.335
-0.24
-0.185
-0.129
-0.016
-0.074
-0.115
-0.176
0.014
-0.007
0.06
0.04
0.058
0.175
0.125
0.056
-0.128
-0.019
-0.2
-0.206
-0.223
-0.169
-0.133
-0.294
-0.294
-0.466
-0.413
-0.179
-0.171
-0.274
-0.268
-0.101
-0.238
-0.339
-0.319
-0.223
-0.265
-0.01
-0.046
-0.131
-0.106
-0.115
-0.241
-0.307
-0.25
-0.124
-0.164
-0.006
0.181
0.147
0.045
0.089
-0.12
-0.201
-0.115
-0.176
-0.064
-0.171
-0.139
-0.302
-0.09
-0.188
-0.156
0.0
-0.01
-0.139
-0.173
-0.121
0.001
-0.039
0.131
0.16
0.106
0.364
0.494
0.509
0.55
0.601
0.628
0.611
0.545
0.522
0.517
0.565
0.438
0.536
0.647
0.576
0.436
0.469
0.305
0.056
-0.034
-0.081
-0.24
-0.438
-0.45
-0.411
-0.45
-0.486
-0.439
-0.517
-0.448
-0.403
-0.345
-0.305
-0.174
-0.021
0.029
0.138
0.019
0.056
0.238
0.323
0.294
0.268
0.184
0.315
0.301
0.176
0.135
0.318
0.113
0.194
0.176
0.304
0.211
0.124
0.246
0.114
0.003
0.091
0.039
0.15
0.126
0.131
0.152
0.154
0.155
0.026
-0.015
0.005
-0.018
-0.016
-0.011
-0.11
-0.181
-0.22
-0.159
-0.03
-0.077
-0.06
-0.146
-0.214
-0.365
-0.33
-0.273
-0.319
-0.066
0.319
0.486
0.49
0.542
0.821
0.932
1.241
1.183
1.056
1.255
1.269
1.329
1.438
1.397
1.657
1.61
1.331
1.201
1.166
1.103
1.093
0.99
0.99
0.8
0.834
0.54
0.356
0.219
0.379
0.671
0.43
0.561
0.655
0.666
0.559
0.409
0.39
0.288
0.389
0.465
0.359
0.39
0.319
0.33
0.152
0.089
0.091
-0.036
-0.09
-0.041
-0.109
-0.036
-0.169
-0.352
-0.273
-0.288
-0.256
-0.194
-0.071
0.051
-0.075
-0.166
-0.379
-0.056
0.045
-0.066
0.03
-0.118
0.119
0.145
-0.182
-0.201
-0.195
-0.316
-0.238
-0.13
-0.536
-0.541
-0.449
-0.79
-0.694
-0.61
-0.677
-0.517
-0.421
-0.319
-0.246
-0.28
-0.384
-0.354
-0.351
-0.314
-0.169
-0.32
-0.114
-0.004
0.06
0.109
0.266
0.453
0.45
0.544
0.343
0.419
0.389
0.343
0.458
0.41
0.58
0.644
0.633
0.285
0.092
0.24
0.253
0.188
0.314
0.285
0.205
0.45
0.375
0.356
0.482
0.355
0.316
0.4
0.312
0.318
0.448
0.241
0.12
-0.016
-0.075
-0.299
-0.185
-0.254
-0.133
-0.286
-0.391
-0.304
-0.38
-0.288
-0.176
-0.288
-0.369
-0.473
-0.307
-0.503
-0.585
-0.65
-0.63
-0.552
-0.492
-0.562
-0.294
-0.141
-0.228
-0.131
-0.039
-0.176
-0.06
-0.133
-0.016
-0.191
-0.086
-0.101
-0.019
-0.14
-0.721
-0.44
-0.265
-0.194
-0.335
-0.575
-0.714
-0.534
-0.694
-0.774
-0.562
-0.775
-0.694
-0.581
-0.841
-0.713
-0.787
-0.638
-0.73
-0.753
-0.614
-0.453
-0.292
-0.2
-0.216
-0.085
0.069
-0.01
0.355
0.355
0.584
0.429
0.411
0.515
0.312
0.555
0.59
0.768
0.881
0.844
0.932
0.769
0.657
0.542
0.633
0.625
0.585
0.511
0.381
0.367
0.249
0.319
0.336
0.331
0.198
0.083
0.103
0.101
-0.014
0.065
0.297
0.306
0.064
-0.031
-0.129
-0.134
-0.205
-0.144
-0.124
-0.196
-0.355
-0.229
-0.276
-0.105
-0.184
-0.092
-0.075
-0.236
-0.107
-0.098
0.116
0.101
0.163
0.343
0.295
0.386
0.466
0.694
0.766
0.853
0.657
0.651
0.586
0.445
0.216
0.015
0.163
0.025
0.105
0.065
0.17
0.285
0.291
0.329
0.195
0.116
-0.052
-0.058
-0.273
-0.403
-0.519
-0.578
-0.561
-0.639
-0.76
-0.646
-0.571
-0.461
-0.544
-0.27
-0.349
-0.291
-0.25
-0.253
-0.349
-0.486
-0.36
-0.185
-0.046
-0.215
-0.149
-0.126
-0.091
-0.121
-0.076
-0.085
-0.328
-0.326
-0.505
-0.629
-0.603
-0.601
-0.355
-0.487
-0.618
-0.486
-0.413
-0.367
-0.346
-0.266
-0.072
0.003
0.135
-0.059
0.114
0.259
0.378
0.64
0.568
0.718
0.792
1.084
1.07
1.123
1.213
1.409
1.613
1.655
1.538
1.566
1.606
1.49
1.584
1.302
1.159
1.041
0.755
0.481
0.144
0.161
0.086
-0.014
-0.043
-0.291
0.006
-0.155
-0.103
-0.205
-0.535
-0.461
-0.726
-0.724
-0.988
-1.041
-1.157
-1.193
-1.269
-1.23
-1.386
-1.198
-1.097
-0.927
-0.665
-0.59
-0.63
-0.644
-0.508
-0.404
-0.359
-0.443
-0.357
-0.432
-0.441
-0.362
-0.263
-0.336
-0.311
-0.271
-0.23
-0.24
-0.175
-0.253
-0.271
-0.344
-0.594
-0.574
-0.754
-0.689
-0.601
-0.566
-0.432
-0.378
-0.436
-0.531
-0.372
-0.244
-0.182
-0.009
-0.126
0.044
-0.203
-0.181
-0.238
-0.216
0.009
0.079
0.125
0.214
0.286
0.276
0.208
0.181
0.02
0.118
0.181
0.186
0.028
0.13
-0.001
0.1
0.125
0.135
0.292
0.071
0.212
0.16
0.1
0.238
0.191
0.229
0.089
0.161
0.056
-0.129
-0.229
-0.367
-0.438
-0.424
-0.66
-0.492
-0.478
-0.466
-0.593
-0.652
-0.815
-0.895
-0.876
-0.968
-0.95
-0.765
-0.859
-0.701
-0.854
-0.871
-0.671
-0.559
-0.491
-0.555
-0.589
-0.527
-0.571
-0.586
-0.515
-0.562
-0.422
-0.425
-0.414
-0.152
-0.066
-0.273
-0.146
-0.011
-0.126
0.021
0.129
0.354
0.411
0.348
0.46
0.486
0.441
0.351
0.301
0.292
0.381
0.24
0.27
0.473
0.485
0.439
0.552
0.52
0.621
0.554
0.644
0.795
0.841
0.905
1.069
1.248
1.431
1.397
1.549
1.54
1.508
1.446
1.554
1.463
1.245
1.213
1.066
1.058
0.996
0.765
0.589
0.606
0.454
0.254
0.422
0.325
0.265
0.006
-0.229
-0.512
-0.547
-0.769
-0.515
-0.624
-0.556
-0.453
-0.366
-0.374
-0.345
-0.225
-0.279
-0.386
-0.333
-0.269
-0.417
-0.366
-0.268
-0.006
-0.281
-0.276
-0.234
-0.195
-0.228
-0.31
-0.331
-0.16
-0.305
-0.174
-0.37
-0.39
-0.453
-0.531
-0.615
-0.629
-0.604
-0.655
-0.258
-0.133
-0.145
0.025
-0.048
-0.118
-0.134
0.122
-0.188
-0.269
-0.043
-0.314
-0.365
-0.487
-0.299
-0.37
-0.341
-0.491
-0.473
-0.448
-0.346
-0.263
-0.099
-0.199
-0.088
-0.359
-0.389
-0.265
-0.182
-0.099
-0.081
0.048
0.371
0.312
0.15
0.2
0.174
0.069
0.019
-0.079
-0.223
-0.251
-0.143
-0.029
-0.019
0.124
0.233
0.296
0.285
0.263
0.111
0.246
0.092
0.004
-0.147
-0.115
-0.283
-0.216
-0.165
-0.208
0.076
0.065
0.049
0.003
-0.094
-0.058
0.195
0.039
0.256
0.105
0.107
0.184
0.307
0.422
0.485
0.491
0.585
0.711
0.685
0.763
0.695
0.753
0.503
0.465
0.32
0.365
0.36
0.318
0.399
0.25
0.414
0.481
0.486
0.451
0.693
0.695
0.744
0.614
0.645
0.471
0.384
0.241
0.043
0.15
0.019
0.08
-0.166
0.022
-0.049
-0.164
0.085
-0.107
-0.318
-0.305
-0.244
-0.214
-0.443
-0.579
-0.781
-0.925
-0.925
-0.964
-0.58
-0.706
-0.744
-0.568
-0.705
-0.409
-0.414
-0.184
-0.143
0.104
-0.118
-0.154
-0.105
0.193
0.375
0.741
0.92
0.999
1.099
1.169
1.025
1.242
1.051
1.324
1.31
1.136
1.131
1.143
1.228
1.147
1.061
1.106
1.05
0.993
0.996
1.08
1.157
1.161
1.312
1.331
1.054
1.01
0.935
0.828
0.586
0.421
0.261
0.126
0.164
0.11
0.253
0.2
0.146
0.291
0.216
0.014
-0.06
-0.015
-0.046
-0.081
-0.229
-0.113
-0.089
-0.109
-0.186
-0.039
-0.38
-0.263
-0.203
-0.42
-0.312
-0.374
-0.532
-0.547
-0.724
-0.848
-0.868
-0.85
-0.647
-0.384
-0.495
-0.421
-0.699
-0.725
-0.695
-0.581
-0.494
-0.615
-0.58
-0.846
-0.771
-0.961
-0.92
-0.78
-0.931
-0.864
-0.897
-1.074
-1.045
-0.989
-0.886
-0.839
-1.064
-1.041
-1.039
-0.975
-1.018
-0.765
-0.57
-0.44
-0.362
-0.304
-0.22
0.139
0.184
0.246
0.453
0.406
0.514
0.799
0.925
0.946
0.944
1.265
1.455
1.656
1.524
1.856
1.696
1.744
1.768
2.018
1.944
1.933
1.999
1.907
1.95
1.906
2.103
1.946
1.725
1.443
1.482
1.33
1.311
1.27
1.163
1.145
1.12
1.206
0.906
0.84
0.615
0.65
0.388
0.429
0.463
0.206
0.064
-0.037
-0.35
-0.278
-0.259
-0.391
-0.307
-0.071
-0.051
-0.122
-0.086
-0.335
-0.191
-0.06
-0.113
-0.096
0.083
-0.071
-0.133
-0.165
-0.296
-0.365
-0.344
-0.29
-0.425
-0.297
-0.445
-0.552
-0.593
-0.716
-0.734
-0.818
-0.579
-0.725
-0.571
-0.557
-0.589
-0.679
-0.626
-0.499
-0.376
-0.367
-0.304
-0.356
-0.299
-0.306
-0.27
-0.16
-0.098
-0.091
-0.086
-0.059
-0.043
0.046
-0.12
0.0
-0.075
-0.26
-0.365
-0.492
-0.466
-0.53
-0.441
-0.496
-0.338
-0.026
0.0
0.035
0.045
0.321
0.296
0.348
0.33
0.269
0.176
0.061
-0.128
-0.271
-0.233
-0.125
0.188
0.366
0.443
0.326
0.244
0.203
0.121
0.054
0.054
-0.071
-0.173
-0.19
-0.416
-0.738
-0.552
-0.535
-0.62
-0.351
-0.509
-0.45
-0.223
-0.321
-0.335
-0.403
-0.427
-0.487
-0.486
-0.551
-0.638
-0.718
-0.535
-0.503
-0.451
-0.791
-0.315
-0.504
-0.501
-0.444
-0.666
-0.539
-0.576
-0.598
-0.621
-0.646
-0.534
-0.639
-0.693
-0.521
-0.395
-0.406
-0.425
-0.292
-0.29
-0.297
-0.211
-0.188
-0.077
-0.01
0.154
0.464
0.304
0.129
0.411
0.578
0.738
0.625
0.865
0.98
0.87
1.021
1.23
1.241
1.305
1.188
1.195
1.113
0.911
0.963
0.976
0.94
0.754
0.714
0.84
0.815
0.824
0.819
0.807
0.912
0.844
0.82
0.654
0.579
0.62
0.694
0.685
0.557
0.691
0.659
0.646
0.624
0.525
0.624
0.32
0.259
0.158
0.208
0.403
0.42
0.5
0.508
0.465
0.229
0.014
-0.026
-0.199
-0.236
-0.285
-0.38
-0.436
-0.453
-0.401
-0.619
-0.659
-0.73
-0.74
-0.795
-0.616
-0.608
-0.781
-0.855
-1.042
-1.24
-1.166
-0.953
-1.042
-1.159
-1.144
-1.17
-1.147
-1.241
-1.0
-0.97
-0.797
-0.645
-0.519
-0.636
-0.549
-0.789
-0.664
-0.634
-0.506
-0.219
0.021
0.159
0.249
0.414
0.565
0.661
0.843
0.797
0.729
0.608
0.451
0.725
0.45
0.65
0.374
0.141
0.144
0.096
-0.115
0.039
-0.105
0.052
-0.107
-0.21
-0.049
-0.482
-0.496
-0.539
-0.425
-0.328
-0.288
-0.335
-0.143
-0.147
0.005
-0.261
-0.056
0.058
-0.105
0.004
-0.284
-0.352
-0.052
-0.217
-0.216
-0.31
-0.194
-0.236
-0.1
-0.014
-0.208
-0.051
-0.214
-0.343
-0.231
-0.395
-0.6
-0.721
-0.656
-0.576
-0.581
-0.338
-0.531
-0.31
-0.27
-0.479
-0.479
-0.417
-0.356
-0.171
-0.179
-0.21
-0.146
-0.219
-0.141
-0.295
-0.388
-0.315
-0.474
-0.383
-0.219
-0.064
-0.058
-0.034
0.125
0.131
0.239
0.104
0.106
0.081
-0.007
-0.109
-0.199
-0.441
-0.466
-0.198
-0.211
-0.133
-0.041
0.12
-0.455
-0.514
-0.38
-0.579
-0.361
-0.362
-0.52
-0.434
-0.473
-0.445
-0.552
-0.389
-0.221
-0.061
-0.259
-0.134
0.131
0.164
0.285
0.095
-0.08
-0.007
0.08
0.281
0.186
0.048
0.111
0.007
-0.128
-0.1
0.103
0.195
0.379
0.316
0.427
0.569
0.56
0.656
0.505
0.396
0.489
0.656
0.716
0.721
0.763
0.795
0.594
0.745
0.642
0.797
0.893
0.779
0.586
0.583
0.559
0.466
0.583
0.6
0.595
0.73
0.806
0.84
0.789
0.912
0.964
0.953
0.951
0.856
0.839
0.801
0.619
0.468
0.6
0.503
0.459
0.41
0.59
0.525
0.62
0.711
0.625
0.621
0.278
0.36
0.074
-0.009
-0.046
-0.007
-0.022
-0.094
0.031
-0.04
-0.015
-0.156
-0.245
-0.297
-0.215
-0.164
-0.386
-0.352
-0.56
-0.696
-0.646
-0.751
-0.738
-0.875
-0.944
-0.936
-1.068
-1.01
-0.764
-0.618
-0.626
-0.343
-0.422
-0.391
-0.367
-0.184
-0.124
-0.315
-0.239
-0.283
-0.242
-0.09
-0.074
-0.212
-0.147
-0.281
-0.386
-0.446
-0.431
-0.339
-0.144
-0.122
0.091
0.2
0.013
0.086
0.339
0.263
0.241
0.253
0.264
0.239
0.101
0.215
0.149
0.131
0.092
0.505
0.616
0.482
0.302
0.393
0.331
0.17
0.056
0.085
-0.031
0.009
0.049
-0.075
0.048
0.045
0.026
-0.006
0.184
0.35
0.38
0.71
0.413
0.544
0.624
0.615
0.479
0.56
0.525
0.352
0.185
0.311
0.286
0.438
0.26
0.618
0.664
0.796
0.864
1.109
1.045
0.976
0.958
0.922
0.873
0.838
0.799
0.706
0.583
0.487
0.292
0.305
0.033
-0.1
-0.256
-0.151
-0.415
-0.481
-0.665
-0.802
-0.656
-0.811
-0.93
-0.68
-0.6
-0.667
-0.919
-0.863
-0.914
-0.885
-0.848
-1.012
-1.076
-1.011
-0.976
-0.801
-0.764
-0.854
-1.012
-0.87
-0.796
-0.68
-0.522
-10.336
0.05
0.069
0.149
0.473
0.579
0.55
0.724
0.508
0.276
0.179
0.029
0.069
0.052
0.432
0.261
0.512
0.689
0.843
0.97
1.135
0.758
0.715
0.625
0.614
0.647
0.819
0.725
0.8
0.639
0.458
0.571
0.435
0.728
0.904
0.959
1.036
0.834
1.031
1.159
1.154
1.344
1.216
0.975
0.801
0.85
0.589
0.531
0.666
0.754
0.549
0.509
0.662
0.371
0.37
0.398
0.47
0.595
0.383
0.405
0.279
0.13
-0.1
-0.312
-0.341
-0.519
-0.39
-0.517
-0.496
-0.601
-0.759
-0.487
-0.664
-0.68
-0.664
-0.865
-0.845
-0.931
-0.956
-1.09
-0.929
-0.623
-0.626
-0.555
-0.324
-0.245
0.085
-0.136
0.069
0.035
-0.164
-0.194
0.18
0.161
0.215
0.046
0.031
0.01
0.058
0.273
-0.056
0.288
0.395
0.464
0.409
0.399
0.512
0.526
0.384
0.546
0.4
0.431
0.374
0.58
0.6
0.48
0.359
0.219
0.297
0.188
0.234
0.101
-0.133
-0.15
-0.17
-0.208
-0.106
-0.069
0.05
0.029
-0.159
0.124
0.198
0.376
0.285
0.458
0.48
0.315
0.431
0.399
0.434
0.325
0.275
0.214
0.365
0.372
0.381
0.474
0.37
0.326
0.209
0.186
0.23
0.08
0.005
0.12
0.065
-0.005
-0.18
-0.231
-0.154
-0.265
-0.279
-0.316
-0.176
-0.144
-0.155
-0.163
0.006
-0.15
-0.072
-0.17
-0.02
0.014
-0.19
-0.122
-0.015
0.184
0.33
0.555
0.489
0.444
0.32
0.276
0.136
0.136
0.205
0.175
0.083
0.071
0.06
-0.25
-0.371
-0.43
-0.531
-0.49
-0.49
-0.509
-0.45
-0.495
-0.631
-0.73
-0.889
-0.711
-0.865
-0.82
-0.776
-0.76
-0.881
-0.67
-0.662
-0.522
-0.184
-0.231
-0.135
-0.299
-0.39
-0.364
-0.294
-0.141
-0.109
-0.051
-0.006
0.19
0.045
0.158
0.279
0.309
0.201
0.255
0.256
0.594
0.449
0.5
0.372
0.635
0.621
0.575
0.68
0.73
0.916
1.068
1.08
0.92
0.811
0.694
0.614
0.546
0.644
0.51
0.349
0.2
0.028
-0.061
-0.249
-0.273
-0.357
-0.344
-0.691
-0.671
-0.593
-0.55
-0.253
-0.208
0.036
0.184
0.203
0.312
0.335
0.251
0.214
0.146
-0.007
0.146
0.09
0.043
0.052
-0.1
-0.074
-0.088
0.022
-0.009
-0.13
-0.059
-0.275
-0.416
-0.461
-0.393
-0.444
-0.464
-0.542
-0.551
-0.235
-0.09
-0.253
-0.269
-0.215
-0.164
-0.413
-0.424
-0.421
-0.199
-0.205
-0.138
-0.054
-0.003
-0.133
0.041
0.13
0.166
0.139
0.07
0.13
0.006
-0.052
-0.01
0.1
0.075
0.295
0.403
0.359
0.506
0.506
0.855
0.708
0.796
1.076
0.93
0.759
0.838
0.791
0.705
0.621
0.665
0.766
0.743
0.689
0.62
0.557
0.671
0.441
0.492
0.463
0.365
0.54
0.512
0.573
0.39
0.305
0.324
0.35
0.485
0.657
0.696
0.531
0.413
0.515
0.746
0.59
0.503
0.43
0.221
0.134
0.011
-0.069
-0.18
-0.239
-0.424
-0.385
-0.492
-0.474
-0.605
-0.619
-0.599
-0.675
-0.836
-0.831
-0.761
-0.866
-0.823
-0.759
-0.6
-0.959
-0.891
-0.899
-0.881
-0.834
-0.721
-0.676
-0.705
-0.886
-0.779
-0.492
-0.579
-0.323
-0.23
-0.08
-0.04
-0.234
-0.165
-0.143
-0.111
-0.022
-0.224
-0.138
-0.158
-0.105
-0.201
-0.295
-0.235
-0.164
-0.246
-0.325
-0.326
-0.324
-0.414
-0.515
-0.569
-0.478
-0.389
-0.359
-0.235
-0.376
-0.307
-0.28
-0.12
-0.138
-0.005
-0.304
-0.081
-0.103
-0.029
0.104
-0.107
-0.006
-0.14
-0.305
-0.216
-0.212
-0.052
-0.035
0.109
-0.058
-0.215
0.081
0.062
0.019
0.095
0.079
0.273
0.133
0.17
0.14
-0.003
0.007
-0.065
-0.029
-0.09
-0.179
-0.004
0.05
-0.026
-0.021
-0.365
-0.355
-0.417
-0.566
-0.496
-0.414
-0.503
-0.49
-0.551
-0.696
-0.446
-0.48
-0.512
-0.494
-0.605
-0.411
-0.38
-0.234
-0.215
-0.275
-0.292
-0.037
0.03
0.006
0.08
-0.071
0.02
-0.069
0.151
0.295
0.369
0.456
0.491
0.72
0.753
0.711
1.04
0.905
1.045
1.086
1.089
1.369
1.37
1.404
1.363
1.444
1.33
1.373
1.29
1.404
1.403
1.434
1.185
0.974
1.123
1.25
1.032
0.714
0.585
0.414
0.263
0.321
0.275
0.334
0.171
0.089
-0.184
-0.212
-0.284
-0.268
-0.208
-0.203
-0.411
-0.443
-0.657
-0.625
-0.63
-0.744
-0.819
-1.052
-0.993
-0.806
-0.851
-0.738
-0.699
-0.796
-0.763
-0.715
-1.012
-0.647
-0.62
-0.584
-0.434
-0.362
-0.376
-0.314
-0.422
-0.321
-0.343
-0.519
-0.431
-0.585
-0.465
-0.212
-0.42
-0.515
-0.633
-0.539
-0.359
-0.679
-0.491
-0.474
-0.475
-0.537
-0.566
-0.625
-0.666
-0.453
-0.497
-0.456
-0.554
-0.352
-0.304
0.061
0.19
0.315
0.449
0.179
0.346
0.357
0.276
0.414
0.511
0.595
0.416
0.43
0.555
0.405
0.625
0.504
0.644
0.77
0.806
0.94
0.865
0.611
0.677
0.715
0.729
0.671
0.611
0.557
0.639
0.61
0.659
0.905
0.921
0.785
0.756
0.693
0.174
0.3
0.18
0.286
0.39
0.336
0.211
0.075
0.166
0.151
0.09
0.171
-0.059
0.009
-0.124
-0.256
-0.18
-0.136
-0.03
-0.018
-0.181
-0.22
-0.2
-0.2
-0.12
-0.194
0.118
0.145
0.278
0.296
0.323
0.344
0.497
0.527
0.573
0.331
0.268
0.393
0.234
0.208
0.201
0.051
0.349
0.181
0.018
0.173
-0.14
-0.039
-0.079
0.156
0.173
0.314
0.36
0.145
0.084
0.231
0.143
0.288
0.034
-0.139
-0.497
-0.537
-0.661
-0.481
-0.599
-0.491
-0.645
-0.84
-0.61
-0.557
-0.5
-0.399
-0.259
-0.289
-0.276
-0.345
-0.57
-0.461
-0.444
-0.479
-0.365
-0.11
0.125
0.086
0.044
-0.043
-0.186
-0.079
-0.011
-0.069
-0.096
-0.333
-0.305
-0.335
-0.544
-0.453
-0.17
-0.214
-0.357
-0.306
-0.451
-0.405
-0.394
-0.37
-0.261
-0.311
-0.499
-0.709
-0.861
-0.874
-1.179
-1.031
-0.893
-0.784
-0.79
-0.49
-0.623
-0.489
-0.646
-0.686
-0.486
-0.279
-0.034
-0.046
-0.269
-0.283
-0.393
-0.259
-0.544
-0.2
-0.17
-0.258
-0.209
-0.095
0.07
0.159
0.268
0.006
-0.182
-0.362
-0.375
-0.304
-0.281
-0.239
-0.415
-0.151
-0.464
-0.149
-0.088
0.015
0.184
-0.113
-0.066
-0.199
-0.109
-0.122
-0.164
0.029
-0.028
0.033
-0.076
-0.196
-0.045
0.024
-0.1
-0.016
-0.009
-0.043
-0.091
-0.175
-0.245
-0.444
-0.625
-0.646
-0.685
-0.625
-0.586
-0.456
-0.491
-0.466
-0.091
-0.235
-0.126
-0.231
-0.219
-0.466
-0.444
-0.384
-0.45
-0.443
-0.449
-0.466
-0.328
-0.11
0.039
0.135
0.205
0.343
0.289
0.439
0.383
0.514
0.614
0.675
0.743
0.906
1.014
1.015
1.24
1.371
1.31
1.333
1.282
1.248
1.161
1.079
1.096
1.225
1.065
1.084
1.078
0.85
0.777
0.461
0.372
0.456
0.409
0.256
0.155
0.455
0.451
0.422
0.15
0.3
0.389
0.365
0.226
0.427
0.285
0.349
0.335
0.441
0.455
0.422
0.263
0.159
0.203
0.179
0.23
0.149
0.188
0.2
0.283
0.231
0.15
-0.175
-0.145
0.049
-0.118
-0.158
-0.035
-0.024
-0.09
-0.055
-0.12
-0.215
-0.302
-0.274
-0.395
-0.214
-0.025
-0.286
-0.343
-0.215
-0.259
-0.289
-0.269
-0.326
-0.333
-0.456
-0.521
-0.479
-0.453
-0.356
-0.339
-0.16
-0.145
-0.024
0.036
0.196
0.348
0.355
0.296
0.41
0.59
0.652
0.546
0.545
0.263
0.247
0.223
0.249
0.276
0.26
0.072
0.006
0.069
-0.08
0.045
-0.034
0.134
0.158
0.361
0.146
0.276
0.295
0.297
0.411
0.29
0.434
0.474
0.5
0.338
0.401
0.361
0.295
0.288
0.125
-0.035
0.229
0.086
0.188
0.145
0.165
-0.079
-0.23
-0.408
-0.375
-0.28
-0.414
-0.22
-0.295
-0.274
-0.278
-0.318
-0.334
-0.36
-0.302
-0.203
-0.072
-0.224
-0.046
-0.165
-0.015
-0.061
-0.242
-0.11
-0.045
-0.036
-0.156
-0.189
-0.144
-0.27
-0.224
-0.175
-0.034
0.111
0.219
0.154
0.17
0.251
0.32
0.429
0.446
0.438
0.306
0.335
0.646
0.269
0.601
0.598
0.674
0.74
0.672
0.408
0.364
0.341
0.209
0.124
0.283
-0.05
-0.072
-0.116
-0.198
-0.274
-0.143
0.075
0.026
-0.319
-0.115
-0.08
0.064
-0.072
0.066
0.09
0.339
0.324
0.471
0.647
0.796
0.787
0.789
1.041
0.821
0.771
0.784
0.779
0.656
0.519
0.59
0.482
0.529
0.492
0.456
0.56
0.584
0.521
0.478
0.355
0.356
0.031
-0.003
-0.242
-0.049
-0.035
-0.13
0.011
0.083
0.169
-0.025
0.079
-0.069
-0.03
0.039
-0.069
-0.212
-0.398
-0.486
-0.669
-0.656
-0.656
-0.676
-0.711
-0.833
-0.965
-0.938
-0.826
-0.835
-0.52
-0.615
-0.532
-0.559
-0.598
-0.529
-0.679
-0.667
-0.639
-0.69
-0.728
-0.751
-0.772
-0.845
-0.853
-0.812
-0.716
-0.766
-0.586
-0.551
-0.59
-0.524
-0.359
-0.334
-0.155
-0.181
-0.24
-0.319
-0.139
-0.23
-0.061
-0.296
-0.139
-0.143
-0.441
-0.544
-0.366
-0.431
-0.468
-0.557
-0.45
-0.576
-0.63
-0.556
-0.559
-0.456
-0.408
-0.501
-0.417
-0.514
-0.574
-0.616
-0.395
-0.736
-0.501
-0.517
-0.562
-0.559
-0.312
-0.32
-0.415
-0.221
-0.184
-0.007
0.199
0.241
0.233
0.155
0.18
0.159
0.294
0.251
0.054
-0.081
-0.149
0.046
-0.155
-0.134
0.149
0.531
0.714
0.568
0.681
0.393
0.251
0.319
0.083
0.226
0.657
0.719
0.826
0.823
0.736
0.539
0.364
0.531
0.394
0.341
0.191
0.384
0.333
0.149
0.059
-0.326
-0.268
-0.688
-0.704
-0.583
-0.86
-1.058
-1.081
-1.12
-1.294
-1.13
-0.919
-0.85
-0.902
-1.05
-0.983
-1.035
-0.939
-0.631
-0.438
-0.203
0.129
0.413
0.435
