-0.413
-0.546
-0.52
-0.395
-0.455
-0.359
-0.266
-0.323
-0.304
-0.24
-0.285
-0.165
-0.119
-0.056
0.044
0.168
0.301
0.312
0.465
0.38
0.306
0.48
0.497
0.405
0.4
0.555
0.459
0.484
0.706
0.524
0.651
0.695
0.583
0.59
0.682
0.699
0.736
0.869
0.765
0.681
0.61
0.497
0.396
0.394
0.309
0.288
0.246
0.054
0.089
0.146
-0.166
-0.212
-0.219
-0.189
-0.275
-0.233
-0.251
-0.492
-0.561
-0.541
-0.414
-0.274
-0.314
-0.246
-0.383
-0.159
-0.216
-0.054
-0.095
-0.025
-0.092
-0.224
-0.131
0.128
0.049
0.278
0.408
0.378
0.385
0.655
0.698
0.695
0.821
0.841
1.042
1.13
1.103
1.141
1.171
1.195
1.292
1.32
1.338
1.401
1.485
1.423
1.481
1.359
1.339
1.329
1.384
1.188
1.135
0.954
0.965
0.777
0.685
0.598
0.346
0.247
0.238
0.054
-0.206
-0.35
-0.395
-0.698
-0.805
-0.756
-0.746
-0.795
-0.85
-1.042
-0.869
-0.753
-0.854
-0.649
-0.746
-0.815
-0.724
-0.916
-0.855
-1.036
-0.888
-0.959
-0.816
-0.492
-0.5
-0.47
-0.47
-0.505
-0.399
-0.547
-0.556
-0.634
-0.511
-0.549
-0.309
-0.276
-0.357
-0.399
-0.29
-0.168
-0.285
-0.352
-0.259
-0.185
-0.152
-0.122
-0.174
-0.043
0.028
0.018
0.196
0.224
0.212
0.174
0.09
0.343
0.36
0.439
0.333
0.29
0.304
0.286
0.439
0.445
0.419
0.506
0.561
0.44
0.294
0.236
0.182
0.138
0.259
0.107
-0.036
0.004
0.14
0.216
0.349
0.219
0.273
0.133
0.226
0.29
0.184
0.241
0.288
0.122
0.055
0.109
0.188
0.126
0.311
0.46
0.475
0.509
0.569
0.71
1.0
1.12
1.071
1.034
1.234
1.496
1.561
1.708
1.635
1.637
1.505
1.335
1.28
1.186
1.198
1.125
0.941
0.835
0.739
0.731
0.711
0.666
0.594
0.59
0.258
0.424
0.086
0.134
0.116
0.0
-0.004
-0.044
-0.268
-0.37
-0.289
-0.314
-0.289
-0.531
-0.48
-0.594
-0.745
-0.661
-0.858
-0.74
-0.675
-0.686
-0.753
-0.65
-0.525
-0.631
-0.554
-0.652
-0.591
-0.666
-0.579
-0.415
-0.53
-0.461
-0.489
-0.391
-0.365
-0.473
-0.546
-0.583
-0.781
-0.797
-0.866
-0.777
-0.896
-0.566
-0.571
-0.367
-0.175
-0.074
0.09
0.054
-0.048
-0.072
0.003
0.061
0.062
0.105
0.174
0.294
0.393
0.64
0.555
0.512
0.626
0.72
0.651
0.532
0.69
0.57
0.596
0.541
0.429
0.482
0.438
0.489
0.416
0.336
0.163
0.122
-0.176
-0.275
-0.526
-0.609
-0.639
-1.676
-0.921
-0.854
-0.839
-0.804
-0.873
-0.932
-0.944
-0.859
-0.853
-0.841
-0.965
-0.765
-0.859
-0.839
-0.785
-0.794
-0.777
-0.711
-0.593
-0.409
-0.203
-0.174
-0.085
0.075
0.09
-0.07
-0.215
-0.147
-0.02
0.015
-0.01
-0.134
-0.13
0.08
-0.231
-0.134
-0.348
-0.126
-0.01
0.021
0.106
0.198
0.131
0.105
-0.028
0.014
-0.158
-0.09
-0.043
0.004
-0.138
-0.043
0.034
0.194
0.077
-0.044
-0.101
-0.094
-0.096
-0.013
-0.12
-0.145
-0.103
-0.159
-0.051
0.085
-0.04
-0.135
-0.1
-0.11
0.084
0.215
0.258
0.271
0.464
0.63
0.434
0.339
0.229
0.198
0.234
0.216
0.24
0.461
0.417
0.294
0.352
0.212
0.124
0.076
-0.026
-0.056
-0.21
-0.184
-0.231
-0.419
-0.508
-0.458
-0.465
-0.422
-0.348
-0.246
-0.335
-0.304
-0.209
-0.216
-0.122
-0.035
-0.061
-0.084
-0.06
0.065
0.014
-0.034
-0.11
0.083
-0.069
-0.12
-0.182
-0.14
-0.185
-0.265
-0.292
-0.258
-0.131
-0.191
0.041
0.046
0.005
-0.107
-0.022
-0.064
-0.186
-0.116
-0.04
-0.081
-0.173
-0.058
-0.135
-0.255
-0.295
-0.444
-0.369
-0.424
-0.589
-0.616
-0.723
-0.556
-0.37
-0.361
-0.291
-0.324
-0.263
-0.169
-0.061
0.079
0.175
0.171
0.258
0.25
0.22
0.238
0.269
0.171
0.349
0.297
0.146
0.238
0.198
0.054
0.049
0.048
0.06
0.015
0.005
-0.09
-0.037
-0.033
-0.044
0.143
0.106
-0.018
-0.001
0.005
-0.013
-0.081
-0.143
-0.341
-0.396
-0.487
-0.501
-0.583
-0.503
-0.436
-0.665
-0.588
-0.61
-0.446
-0.485
-0.416
-0.348
-0.31
-0.254
-0.211
-0.23
-0.181
-0.104
-0.046
0.103
0.264
0.223
0.258
0.079
0.014
0.015
-0.009
-0.309
-0.244
-0.146
-0.174
-0.26
-0.235
-0.239
-0.171
-0.203
-0.247
-0.181
-0.245
-0.254
-0.269
-0.191
-0.206
-0.149
-0.021
0.092
0.13
0.2
0.2
0.357
0.54
0.404
0.45
0.512
0.323
0.28
0.103
0.156
0.174
0.034
-0.019
0.021
-0.024
-0.146
-0.09
-0.122
-0.304
-0.413
-0.591
-0.633
-0.626
-0.723
-0.625
-0.514
-0.463
-0.352
-0.126
-0.375
-0.345
-0.336
-0.326
-0.396
-0.417
-0.306
-0.179
-0.281
-0.195
-0.189
-0.383
-0.173
-0.25
-0.028
0.13
0.006
0.145
0.171
0.165
0.128
0.195
0.15
0.005
0.191
0.247
0.21
0.216
0.146
0.263
0.209
0.154
0.182
0.301
0.361
0.36
0.427
0.389
0.487
0.41
0.324
0.285
0.42
0.386
0.431
0.456
0.417
0.579
0.48
0.495
0.24
0.247
0.292
0.089
-0.009
-0.048
-0.098
-0.136
-0.128
-0.1
-0.125
-0.18
-0.195
-0.297
-0.251
-0.349
-0.546
-0.396
-0.618
-0.661
-0.635
-0.431
-0.361
-0.149
-0.066
-0.034
-0.04
0.058
0.013
0.106
0.043
-0.025
0.186
0.134
0.338
0.372
0.253
0.233
0.156
0.083
0.105
0.37
0.385
0.416
0.32
0.319
0.359
0.44
0.489
0.424
0.443
0.539
0.474
0.316
0.249
0.185
0.189
0.206
0.305
0.302
0.302
0.08
0.121
0.019
0.065
0.051
-0.04
0.124
0.069
0.114
0.128
0.143
0.164
0.214
0.411
0.38
0.509
0.68
0.815
0.771
0.718
0.487
0.559
0.505
0.508
0.547
0.596
0.841
0.829
0.988
0.868
0.863
0.879
0.816
0.846
0.959
0.891
0.868
0.873
0.989
0.9
1.054
1.066
1.056
1.101
0.963
0.922
0.97
0.94
0.941
0.94
1.051
0.93
0.854
0.869
0.911
0.831
0.74
0.821
0.741
0.681
0.583
0.458
0.414
0.281
0.195
0.121
0.034
-0.052
-0.045
-0.098
-0.179
-0.048
-0.225
-0.184
-0.154
-0.279
-0.376
-0.391
-0.451
-0.544
-0.642
-0.685
-0.833
-0.92
-1.001
-0.949
-0.888
-0.738
-0.725
-0.694
-0.679
-0.636
-0.509
-0.491
-0.316
-0.229
-0.171
-0.191
-0.264
-0.348
-0.22
0.019
-0.115
-0.22
-0.149
-0.386
-0.261
-0.276
-0.264
-0.451
-0.297
-0.254
-0.275
-0.133
-0.244
-0.125
-0.028
0.11
0.119
0.274
0.37
0.446
0.534
0.46
0.628
0.739
0.755
0.879
0.745
0.614
0.471
0.496
0.444
0.438
0.527
0.339
0.189
0.107
0.095
0.024
-0.028
0.045
0.048
0.014
-0.016
-0.01
-0.189
-0.389
-0.499
-0.562
-0.506
0.439
-0.586
-0.56
-0.635
-0.586
-0.67
-0.759
-0.755
-0.731
-0.873
-0.789
-0.713
-0.769
-0.579
-0.399
-0.251
-0.03
-0.033
0.141
0.062
0.152
0.214
0.375
0.51
0.636
0.796
0.854
0.53
0.674
0.676
0.534
0.631
0.527
0.487
0.554
0.874
0.684
0.716
0.638
0.593
0.825
0.801
0.749
0.579
0.416
0.486
0.403
0.444
0.281
0.194
0.152
-0.31
-0.198
-0.301
-0.527
-0.745
-0.814
-0.969
-0.881
-0.765
-0.688
-0.574
-0.667
-0.565
-0.6
-0.701
-0.67
-0.716
-0.621
-0.555
-0.619
-0.68
-0.623
-0.676
-0.608
-0.545
-0.367
-0.5
-0.55
-0.554
-0.388
-0.484
-0.44
-0.314
-0.155
-1.981
-0.014
0.05
0.16
0.236
0.304
0.424
0.571
0.621
0.879
0.863
0.985
0.916
0.806
0.934
0.894
0.889
0.95
0.911
0.931
0.853
1.0
1.071
1.104
1.105
1.129
1.11
1.052
1.154
0.941
1.061
0.989
0.871
0.85
0.91
1.111
0.92
0.873
0.741
0.851
0.848
0.698
0.755
0.606
0.608
0.464
0.335
0.219
0.323
0.319
0.321
0.217
0.149
-0.092
-0.305
-0.424
-0.61
-0.78
-0.608
-0.703
-0.746
-0.625
-0.746
-0.656
-0.615
-0.782
-0.934
-1.048
-0.999
-0.936
-0.782
-0.497
-0.515
-0.556
-0.589
-0.61
-0.611
-0.691
-0.714
-0.559
-0.751
-0.796
-0.839
-0.969
-0.998
-1.011
-0.995
-0.905
-0.859
-0.94
-0.93
-0.941
-0.951
-0.79
-0.719
-0.838
-1.038
-1.166
-1.405
-1.426
-1.611
-1.57
-1.37
-1.65
-1.554
-1.52
-1.465
-1.644
-1.573
-1.423
-1.424
-1.164
-1.266
-1.127
-0.999
-0.886
-0.781
-0.83
-0.713
-0.708
-0.667
-0.532
-0.47
-0.544
-0.434
-0.221
-0.119
0.034
0.058
0.048
-0.016
0.005
-0.035
-0.036
0.076
0.169
0.275
0.459
0.539
0.738
0.74
0.652
0.551
0.429
0.246
0.201
0.151
0.188
0.206
0.221
0.46
0.473
0.588
0.33
0.276
0.039
-0.044
-0.02
0.025
0.04
0.174
0.034
-0.029
0.029
0.104
0.103
0.179
0.079
0.01
0.147
0.013
0.045
-0.173
-0.111
0.045
-0.026
0.015
0.165
0.366
0.385
0.275
0.371
0.429
0.439
0.405
0.584
0.723
0.657
0.639
0.769
0.893
0.836
0.899
0.796
0.848
0.804
0.814
0.631
0.4
0.355
0.168
0.198
0.206
0.121
0.13
0.154
0.098
0.084
0.043
-0.028
-0.089
-0.139
-0.045
0.094
0.448
0.431
0.471
0.355
0.526
0.484
0.569
0.634
0.583
0.544
0.487
0.305
0.147
0.217
0.061
0.037
0.074
0.07
-0.096
0.086
0.106
0.11
0.089
-0.059
0.086
0.05
0.122
0.118
0.214
0.348
0.444
0.544
0.365
0.444
0.426
0.59
0.645
0.866
1.019
0.981
0.925
0.965
0.906
0.801
0.826
0.804
0.974
0.751
0.621
0.323
0.238
0.105
-0.062
-0.136
-0.331
-0.274
-0.47
-0.506
-0.536
-0.621
-0.661
-0.63
-0.474
-0.554
-0.638
-0.596
-0.642
-0.62
-0.43
-0.328
-0.188
-0.143
-0.114
-0.25
-0.228
-0.154
-0.195
-0.185
0.04
0.091
0.103
0.113
0.139
0.086
0.098
0.18
0.143
0.107
0.149
-0.004
-0.035
-0.046
-0.049
-0.159
-0.138
-0.121
-0.31
-0.352
-0.414
-0.604
-0.411
-0.425
-0.324
-0.422
-0.424
-0.454
-0.425
-0.465
-0.461
-0.399
-0.231
-0.21
-0.316
-0.333
-0.454
-0.434
-0.311
-0.2
-0.217
-0.305
-0.276
-0.271
-0.39
-0.388
-0.35
-0.279
-0.088
-0.031
-0.134
-0.058
0.128
0.258
0.14
0.094
0.136
0.111
0.154
0.041
0.206
-0.014
-0.02
-0.106
-0.228
-0.059
-0.138
-0.013
-0.054
-0.018
-0.106
0.076
0.184
0.099
0.119
0.095
0.04
0.02
-0.109
-0.191
-0.305
-0.256
-0.224
-0.3
-0.4
-0.304
-0.25
-0.328
-0.224
-0.179
-0.101
-0.131
-0.179
-0.163
-0.244
-0.239
-0.034
0.101
0.224
0.17
0.17
0.106
0.185
0.1
0.041
-0.052
0.0
0.021
0.036
0.098
0.059
0.072
0.004
-0.126
-0.069
-0.055
-0.049
0.011
0.077
0.011
-0.058
0.015
0.041
0.059
0.104
0.133
0.101
0.329
0.336
0.288
0.307
0.405
0.522
0.601
0.652
0.688
0.56
0.772
0.576
0.586
0.465
0.494
0.619
0.495
0.515
0.328
0.465
0.329
0.335
0.479
0.301
0.159
0.186
-0.026
-0.122
-0.101
-0.239
-0.1
-0.177
-0.352
-0.22
-0.49
-0.427
-0.434
-0.341
-0.263
-0.143
-0.113
-0.125
-0.146
-0.17
-0.039
-0.043
0.014
0.024
0.061
0.031
0.125
0.2
0.12
0.106
0.209
0.2
0.281
0.381
0.475
0.578
0.44
0.715
0.682
0.624
0.585
0.64
0.515
0.59
0.689
0.645
0.644
0.654
0.647
0.609
0.486
0.628
0.564
0.485
0.434
0.329
0.198
0.278
0.239
0.299
0.065
-0.013
-0.075
-0.075
-0.138
-0.158
-0.054
-0.007
-0.092
-0.215
-0.219
-0.059
-0.212
-0.296
-0.236
-0.025
-0.215
0.185
-0.076
0.092
0.109
0.284
0.146
0.128
0.404
0.443
0.426
0.32
0.258
0.198
0.191
0.253
0.263
0.258
0.269
0.319
0.417
0.404
0.379
0.524
0.562
0.639
0.651
0.626
0.606
0.531
0.654
0.569
0.357
0.413
0.094
0.061
0.028
0.011
-0.014
-0.041
-0.069
-0.105
-0.25
-0.319
-0.331
-0.541
-0.623
-0.64
-0.705
-0.599
-0.689
-0.62
-0.714
-0.774
-0.802
-0.741
-0.723
-0.711
-0.728
-0.73
-0.591
-0.512
-0.486
-0.357
-0.196
-0.146
-0.03
0.035
0.115
0.304
0.314
0.238
0.292
0.357
0.383
0.45
0.608
0.745
0.866
0.893
0.917
0.973
0.833
1.038
0.911
0.885
0.746
0.56
0.545
0.421
0.478
0.28
0.007
-0.12
-0.264
-0.417
-0.401
-0.526
-0.48
-0.557
-0.54
-0.486
-0.654
-0.475
-0.542
-0.366
-0.256
-0.235
-0.061
-0.194
-0.193
-0.307
-0.385
-0.288
-0.374
-0.396
-0.326
-0.56
-0.419
-0.24
-0.316
-0.566
-0.4
-0.42
-0.349
-0.362
-0.32
-0.464
-0.292
-0.184
-0.255
-0.284
-0.448
-0.297
-0.419
-0.256
-0.401
-0.389
-0.314
-0.379
-0.074
0.116
0.294
0.255
0.55
0.756
0.598
0.74
0.921
1.119
1.145
1.301
1.269
1.109
1.254
1.175
1.574
1.685
1.935
1.978
1.992
1.859
1.812
1.853
1.772
1.85
1.791
1.736
1.641
1.404
1.515
1.492
1.334
1.333
1.441
1.629
1.376
1.218
1.115
0.949
0.94
1.07
0.993
0.948
0.846
0.763
0.33
0.33
0.118
0.074
0.113
0.196
0.487
0.586
0.657
0.547
0.781
0.693
0.529
0.619
0.635
0.689
0.574
0.264
0.23
0.345
0.497
0.331
0.411
0.329
0.223
0.025
0.203
0.291
0.173
0.203
0.323
0.219
0.149
0.1
-0.106
-0.206
-0.258
-0.321
-0.169
-0.075
-0.181
-0.241
-0.341
-0.61
-0.554
-0.509
-0.595
-0.508
-0.591
-0.32
-0.224
-0.179
-0.266
-0.253
-0.409
-0.289
-0.289
-0.205
-0.1
-0.233
-0.176
-0.188
-0.217
-0.263
-0.211
-0.065
-0.006
0.171
0.336
0.297
0.453
0.38
0.408
0.37
0.425
0.485
0.517
0.545
0.685
0.763
0.745
0.651
0.633
0.649
0.416
0.404
0.446
0.355
0.28
0.098
0.037
-0.181
-0.394
-0.596
-0.784
-0.853
-1.093
-0.973
-1.117
-1.107
-1.055
-1.225
-1.141
-1.054
-1.266
-1.186
-1.144
-1.036
-1.126
-1.011
-0.885
-1.103
-1.23
-1.139
-1.219
-1.292
-1.234
-1.149
-0.998
-0.868
-0.811
-0.628
-0.931
-0.864
-0.93
-0.791
-0.899
-0.978
-0.816
-0.891
-0.885
-0.991
-1.009
-0.955
-0.797
-0.935
-0.816
-0.739
-0.855
-0.88
-0.805
-0.74
-0.745
-0.586
-0.527
-0.547
-0.525
-0.391
-0.217
0.01
0.049
-0.048
0.009
0.261
0.275
0.27
0.21
0.306
0.306
0.532
0.779
0.7
0.819
0.559
0.704
0.805
0.719
0.706
0.769
0.926
0.698
0.545
0.471
0.283
0.354
0.165
0.048
-0.089
0.065
0.283
0.081
-0.081
-0.125
-0.283
-0.256
-0.16
-0.425
-0.299
-0.168
-0.268
-0.184
-0.19
-0.05
-0.254
-0.173
-0.083
-0.225
-0.014
-0.046
0.136
0.225
0.075
0.259
0.381
0.535
0.492
0.537
0.47
0.333
0.593
0.481
0.269
0.196
0.075
0.18
0.141
0.334
0.245
0.258
0.398
0.333
0.224
0.113
0.124
0.265
0.186
0.33
0.354
0.517
0.466
0.537
0.506
0.561
0.591
0.69
0.723
0.739
0.665
0.689
0.487
0.511
0.557
0.451
0.448
0.223
0.069
-0.095
-0.007
-0.37
-0.611
-0.713
-0.794
-0.671
-0.691
-0.799
-0.795
-0.851
-0.869
-0.965
-0.968
-1.035
-1.104
-1.185
-1.068
-1.153
-1.249
-1.318
-1.389
-1.446
-1.464
-1.492
-1.409
-1.36
-1.375
-1.385
-1.415
-1.3
-1.238
-1.23
-1.218
-1.225
-1.075
-0.861
-0.816
-0.73
-0.84
-0.756
-0.534
-0.356
-0.319
-0.199
-0.146
-0.161
0.041
-0.022
0.088
-0.05
0.039
-0.126
-0.048
0.111
0.212
0.468
0.551
0.684
0.686
0.655
0.603
0.664
0.735
0.601
0.495
0.364
0.361
0.334
0.406
0.55
0.662
0.688
1.004
1.029
0.995
0.955
0.936
0.834
0.932
0.905
0.853
0.818
0.736
0.936
0.75
0.772
0.682
0.614
0.503
0.441
0.214
0.044
0.028
0.031
0.156
0.275
0.326
0.398
0.258
0.06
0.05
-0.27
-0.398
-0.41
-0.395
-0.501
-0.396
-0.432
-0.398
-0.352
-0.263
-0.254
-0.211
-0.182
-0.164
-0.146
-0.058
0.181
0.129
0.106
0.301
0.299
0.306
0.393
0.401
0.491
0.628
0.675
0.633
0.537
0.225
0.198
-0.016
-0.009
0.05
-0.236
-0.105
-0.154
-0.121
-0.17
-0.307
-0.296
-0.525
-0.484
-0.44
-0.511
-0.65
-0.59
-0.473
-0.544
-0.335
-0.491
-0.505
-0.45
-0.425
-0.285
-0.225
-0.125
-0.12
-0.005
0.12
-0.006
0.114
0.051
0.02
-0.164
-0.115
0.086
0.066
0.144
0.126
0.075
-0.075
-0.09
-0.284
-0.348
-0.289
-0.309
-0.199
-0.156
-0.254
-0.139
-0.203
-0.156
-0.316
-0.355
-0.441
-0.449
-0.365
-0.365
-0.329
-0.271
-0.461
-0.449
-0.466
-0.53
-0.603
-0.609
-0.63
-0.63
-0.32
-0.53
-0.509
-0.38
-0.339
-0.268
-0.04
-0.049
-0.115
-0.115
-0.27
-0.129
-0.054
0.011
0.263
0.212
0.296
0.284
0.374
0.163
0.228
0.297
0.291
0.331
0.328
0.361
0.453
0.555
0.379
0.581
0.549
0.606
0.79
0.713
0.721
0.746
0.73
0.735
0.51
0.674
0.674
0.716
0.66
0.686
0.501
0.474
0.549
0.517
0.542
0.608
0.674
0.522
0.463
0.296
0.219
0.134
-0.003
-0.08
0.006
-0.081
-0.08
0.02
0.151
-0.024
0.11
0.066
0.201
0.201
0.125
0.22
0.189
0.247
0.306
0.636
0.743
0.795
1.13
1.107
1.056
0.905
0.854
0.92
0.893
0.874
0.871
1.079
1.113
1.113
1.088
1.17
0.886
0.904
1.025
0.905
0.974
0.868
0.726
0.626
0.448
0.389
0.601
0.495
0.672
0.481
0.571
0.591
0.659
0.516
0.46
0.343
0.297
0.309
0.13
0.043
-0.095
-0.191
-0.174
-0.104
-0.309
-0.48
-0.465
-0.449
-0.618
-0.63
-0.64
-0.606
-0.618
-0.681
-0.789
-0.698
-0.704
-0.834
-0.899
-0.843
-0.781
-0.693
-0.555
-0.451
-0.578
-0.586
-0.671
-0.561
-0.557
-0.542
-0.475
-0.625
-0.398
-0.326
-0.325
-0.369
-0.249
-0.408
-0.355
-0.394
-0.06
0.049
0.16
0.198
0.22
0.214
0.201
0.328
0.44
0.616
0.603
0.441
0.511
0.453
0.494
0.573
0.419
0.67
0.526
0.503
0.677
0.871
0.864
1.035
0.922
0.841
1.049
0.936
1.015
1.12
1.166
1.25
1.336
1.34
1.336
1.525
1.353
1.6
1.551
1.455
1.306
1.196
1.23
1.351
1.304
1.074
0.907
0.628
0.531
0.568
0.459
0.319
0.159
0.075
-0.155
-0.264
-0.116
-0.336
-0.31
-0.384
-0.554
-0.721
-0.589
-0.539
-0.714
-0.786
-0.861
-0.705
-0.777
-0.679
-0.603
-0.542
-0.394
-0.158
-0.16
-0.365
-0.266
-0.32
-0.206
-0.191
-0.071
-0.133
-0.119
-0.039
-0.021
-0.091
-0.253
-0.065
0.203
0.225
0.104
0.263
0.289
0.291
0.31
0.041
0.354
0.39
0.17
0.341
0.38
0.296
0.491
0.489
0.234
0.155
0.344
0.561
0.446
0.526
0.615
0.56
0.254
0.404
0.225
-0.077
-0.041
0.058
0.107
-0.004
-0.208
-0.152
-0.273
-0.508
-0.508
-0.664
-0.705
-0.711
-0.657
-0.516
-0.383
-0.115
0.033
0.284
0.329
0.3
0.18
-0.014
0.118
-0.009
-0.06
-0.009
-0.011
0.3
0.233
0.349
0.408
0.233
0.16
0.151
0.186
0.259
0.278
0.345
0.401
0.574
0.792
0.654
0.661
0.519
0.455
0.574
0.343
0.386
0.484
0.575
0.616
0.844
1.008
1.155
0.935
1.025
1.129
1.046
0.983
0.949
1.046
0.969
0.907
0.791
0.753
0.644
0.52
0.338
0.234
0.295
0.161
0.155
0.044
-0.095
0.028
-0.076
-0.121
0.049
-0.084
-0.445
-0.547
-0.465
-0.655
-0.654
-0.76
-0.779
-0.841
-0.891
-0.919
-0.777
-0.821
-0.777
-0.688
-0.672
-0.766
-0.799
-0.78
-0.755
-0.875
-0.878
-0.669
-0.432
-0.268
-0.18
-0.289
-0.171
-0.195
-0.205
-0.356
-0.435
-0.351
-0.352
-0.092
-0.235
-0.245
0.015
0.035
0.149
0.175
0.147
0.051
-0.003
0.083
-0.045
-0.07
-0.16
-0.1
0.079
0.221
0.026
0.106
-0.014
-0.066
-0.24
-0.344
-0.405
-0.554
-0.579
-0.738
-0.861
-0.998
-1.014
-1.018
-1.147
-0.94
-0.901
-0.894
-0.777
-0.843
-0.925
-0.77
-0.796
-0.735
-0.537
-0.616
-0.547
-0.51
-0.422
-0.406
-0.378
-0.138
0.045
-0.088
-0.022
0.037
0.196
0.216
0.229
0.268
0.283
0.139
0.106
-0.064
-0.203
-0.219
-0.396
-0.25
-0.284
-0.328
-0.444
-0.249
-0.109
-0.176
-0.217
-0.219
-0.33
-0.473
-0.319
-0.338
-0.164
-0.105
0.239
0.256
0.326
0.179
0.245
0.217
0.164
0.276
0.33
0.276
0.065
0.003
-0.091
-0.236
-0.235
-0.435
-0.26
-0.425
-0.306
-0.334
-0.328
-0.311
-0.448
-0.482
-0.631
-0.744
-0.756
-0.723
-0.681
-0.584
-0.71
-0.66
-0.537
-0.544
-0.394
-0.21
-0.109
0.066
-0.189
0.284
-0.055
0.01
0.052
0.04
0.389
0.376
0.451
0.415
0.416
0.609
0.674
0.725
0.724
0.818
0.775
0.65
0.522
0.422
0.508
0.675
0.916
0.766
0.809
0.881
0.72
0.501
0.489
0.535
0.425
0.593
0.688
0.706
0.646
0.516
0.525
0.443
0.179
0.062
-0.151
-0.305
-0.314
-0.42
-0.486
-0.608
-0.468
-0.542
-0.6
-0.615
-0.723
-0.774
-0.815
-0.955
-1.026
-1.07
-1.22
-1.171
-1.061
-1.041
-1.004
-1.018
-1.066
-1.248
-1.125
-1.198
-1.07
-0.902
-0.981
-1.04
-1.041
-0.858
-0.96
-0.753
-0.749
-0.883
-0.823
-0.806
-0.661
-0.534
-0.564
-0.473
-0.289
-0.254
-0.281
-0.228
-0.158
-0.009
-0.001
-0.003
0.083
0.13
0.269
-0.713
0.372
0.321
0.333
0.229
0.229
0.022
-0.013
0.077
-0.075
-0.27
-0.146
-0.239
-0.146
-0.331
-0.3
-0.33
-0.338
-0.186
-0.156
-0.271
-0.064
0.086
0.124
0.216
0.029
-0.004
0.138
-0.077
-0.095
-0.251
-0.159
-0.011
-0.046
0.251
0.113
0.367
0.256
0.396
0.258
0.31
0.284
0.221
0.536
0.565
0.675
0.635
0.734
0.74
0.725
0.721
0.829
0.526
0.415
0.508
0.484
0.41
0.216
0.28
0.436
0.224
0.08
-0.175
-0.239
-0.211
-0.365
-0.539
-0.465
-0.58
-0.568
-0.691
-0.64
-0.524
-0.395
-0.495
-0.37
-0.41
-0.557
-0.436
-0.524
-0.589
-0.514
-0.564
-0.579
-0.73
-0.604
-0.55
-0.406
-0.415
-0.43
-0.53
-0.64
-0.618
-0.729
-0.775
-0.789
-0.812
-0.66
-0.55
-0.364
-0.359
-0.241
-0.072
0.064
0.051
0.224
0.174
0.393
0.787
0.772
0.596
0.411
0.41
0.451
0.443
0.449
0.306
0.39
0.389
0.51
0.555
0.455
0.422
0.4
0.542
0.599
0.521
0.731
0.7
0.693
0.655
0.723
0.66
0.785
0.782
0.738
0.756
0.555
0.599
0.5
0.725
0.695
0.811
0.806
0.758
0.729
0.655
0.505
0.605
0.58
0.666
0.646
0.562
0.465
0.209
0.335
0.343
0.076
0.269
0.65
0.331
0.42
0.367
0.409
0.404
0.44
0.524
0.615
0.665
0.647
0.531
0.594
0.406
0.446
0.369
0.371
0.379
0.54
0.534
0.425
0.484
0.547
0.547
0.578
0.541
0.58
0.274
0.244
0.135
0.171
-0.022
0.151
0.199
0.125
0.16
0.128
0.238
0.295
0.163
0.186
0.052
0.35
0.302
0.455
0.349
0.556
0.453
0.426
0.471
0.286
0.152
0.033
-0.006
-0.044
0.089
0.138
0.052
0.105
0.043
0.149
0.039
0.159
0.062
-0.003
0.201
0.088
0.041
0.326
0.468
0.378
0.594
0.48
0.151
0.225
0.286
0.169
0.294
0.316
0.315
0.425
0.328
0.175
0.171
0.424
0.398
0.254
0.369
0.29
0.309
0.186
0.256
0.156
0.062
-0.118
-0.256
-0.201
-0.181
-0.521
-0.389
-0.315
-0.603
-0.381
-0.635
-0.458
-0.624
-0.497
-0.638
-0.517
-0.291
-0.571
-0.49
-0.291
-0.325
-0.31
-0.693
-0.487
-0.595
-0.434
-0.264
-0.25
-0.312
-0.215
0.048
-0.13
0.065
0.189
0.244
0.279
0.03
0.115
0.107
0.426
0.5
0.489
0.226
0.144
0.223
0.341
0.443
0.341
0.147
0.107
-0.151
-0.251
-0.261
-0.235
-0.051
0.104
0.372
0.615
0.517
0.785
0.841
0.909
0.667
0.629
0.733
0.739
1.048
1.038
1.016
1.205
1.219
1.21
1.265
1.232
1.495
1.486
1.465
1.409
1.195
1.198
1.305
1.387
1.252
1.244
1.145
1.091
0.771
0.646
0.52
0.445
0.489
0.31
0.036
-0.046
-0.079
-0.05
-0.281
-0.269
-0.215
-0.12
-0.231
-0.166
-0.154
-0.138
-0.086
-0.36
-0.029
0.095
-0.254
-0.41
-0.258
-0.217
-0.2
-0.217
-0.264
-0.302
-0.22
-0.416
-0.424
-0.405
-0.471
-0.381
-0.443
-0.503
-0.489
-0.285
-0.401
-0.369
-0.266
-0.158
-0.155
-0.27
-0.288
-0.496
-0.469
-0.475
-0.58
-0.511
-0.55
-0.388
-0.445
-0.255
-0.199
-0.173
0.021
0.072
0.2
0.229
0.024
-0.039
-0.056
0.056
0.301
0.236
0.181
0.241
0.372
0.189
0.055
0.024
0.096
0.066
-4.975
-0.089
-0.188
-0.098
-0.121
-0.114
-0.089
-0.003
-0.118
-0.074
-0.024
-0.069
-0.203
-0.115
-0.014
0.199
0.395
0.333
0.349
0.417
0.414
0.463
0.57
0.405
0.201
0.224
0.239
0.258
0.326
0.581
0.698
0.391
0.465
0.311
0.194
0.171
0.007
-0.051
-0.099
-0.144
-0.136
-0.128
-0.185
-0.355
-0.264
-0.014
-0.006
0.103
0.212
0.424
0.276
0.468
0.404
0.571
0.46
0.351
0.552
0.63
0.566
0.446
0.489
0.501
0.388
0.438
0.639
0.664
0.719
0.667
0.628
0.564
0.491
0.461
0.5
0.424
0.372
0.338
0.072
0.058
0.176
0.176
0.06
0.02
0.024
-0.066
-0.278
-0.408
-0.465
-0.453
-0.564
-0.616
-0.471
-0.474
-0.608
-0.455
-0.301
-0.275
-0.312
-0.329
-0.214
-0.19
-0.061
-0.105
-0.225
-0.254
-0.326
-0.562
-0.88
-0.807
-0.7
-0.605
-0.547
-0.541
-0.496
-0.516
-0.393
-0.357
-0.565
-0.561
-0.654
-0.736
-0.721
-0.636
-0.67
-0.86
-0.715
-0.6
-0.504
-0.448
-0.486
-0.466
-0.473
-0.552
-0.527
-0.451
-0.395
-0.505
-0.304
-0.168
-0.193
-0.206
-0.077
-0.181
0.083
0.191
0.379
0.519
0.395
0.49
0.436
0.443
0.39
0.436
0.555
0.596
0.705
0.754
0.768
0.708
0.659
0.56
0.482
0.527
0.469
0.484
0.233
0.11
0.029
-0.052
-0.12
-0.079
0.134
0.133
0.035
0.039
-0.079
-0.019
-0.161
0.033
0.155
0.155
0.013
0.02
-0.072
-0.054
-0.116
-0.188
-0.344
-0.331
-0.315
-0.316
-0.36
-0.36
-0.371
-0.246
-0.362
-0.417
-0.451
-0.454
-0.331
-0.41
-0.471
-0.522
-0.674
-0.735
-0.491
-0.38
-0.441
-0.43
-0.443
-0.305
-0.236
-0.065
0.158
0.2
0.296
0.284
0.152
0.104
0.061
0.164
0.181
0.231
0.285
0.376
0.268
0.165
0.004
-0.056
-0.086
-0.355
-0.189
-0.497
-0.559
-0.561
-0.758
-0.835
-0.875
-0.703
-0.559
-0.642
-0.464
-0.519
-0.53
-0.665
-0.7
-0.608
-0.504
-0.675
-0.69
-0.509
-0.46
-0.599
-0.425
-0.309
-0.329
-0.311
-0.244
-0.21
-0.325
-0.24
-0.333
-0.291
-0.386
-0.129
-0.279
-0.176
-0.051
0.015
0.07
0.052
0.144
0.149
0.215
0.211
0.365
0.345
0.24
0.259
0.229
0.328
0.217
0.077
0.049
0.129
-0.02
-0.136
-0.27
-0.229
-0.271
-0.241
-0.304
-0.279
-0.216
-0.15
-0.064
0.075
-0.085
-0.151
0.155
0.136
0.374
0.307
0.339
0.188
0.077
0.133
0.083
-0.025
0.041
0.147
0.119
0.035
-0.168
-0.039
0.022
0.019
-0.084
-0.09
-0.233
-0.429
-0.42
-0.43
-0.495
-0.378
-0.451
-0.324
-0.33
-0.349
-0.283
-0.278
-0.268
-0.133
-0.206
-0.129
-0.188
0.107
0.145
0.406
0.571
0.705
0.73
0.881
0.97
1.076
1.045
1.114
0.979
0.915
0.904
0.763
0.876
0.801
0.644
0.704
0.644
0.586
0.621
0.561
0.569
0.369
0.348
0.375
0.09
0.165
0.081
0.015
0.019
0.003
0.029
-0.083
0.129
0.021
0.06
0.122
0.092
0.069
-0.021
-0.054
0.021
-0.004
-0.066
-0.014
0.215
0.169
0.344
0.343
0.441
0.381
0.449
0.501
0.239
0.406
0.37
0.201
0.346
0.245
0.098
-0.005
-0.011
-0.075
-0.011
-0.163
-0.18
-0.268
-0.318
-0.324
-0.278
-0.403
-0.408
-0.367
-0.53
-0.3
-0.321
-0.149
0.031
0.104
0.211
0.059
0.253
0.245
0.367
0.319
0.141
0.106
0.013
0.013
-0.031
-0.009
0.188
0.217
0.389
0.281
0.339
0.468
0.496
0.495
0.405
0.529
0.491
0.484
0.31
0.372
0.515
0.47
0.311
0.253
0.188
0.07
0.15
0.144
0.083
0.055
-0.041
-0.121
-0.114
-0.09
0.089
0.075
0.147
0.136
0.118
0.004
-0.2
0.045
0.044
-0.072
0.051
0.116
0.122
-0.052
-0.019
0.17
0.081
0.131
0.182
0.025
0.174
0.009
0.001
0.129
0.364
0.427
0.284
0.223
0.139
0.095
0.152
0.069
0.253
0.273
0.08
0.116
0.234
0.454
0.383
0.521
0.247
0.301
0.304
0.281
0.275
0.168
0.38
0.424
0.345
0.203
0.346
0.395
0.432
0.479
0.426
0.394
0.307
0.465
0.299
0.175
0.11
-0.074
0.071
0.013
-0.051
-0.115
-0.345
-0.486
-0.605
-0.456
-0.455
-0.515
-0.403
-0.217
-0.138
-0.041
0.009
-0.046
-0.033
-0.075
-0.236
-0.15
0.058
0.179
0.236
0.314
0.341
0.314
0.31
0.211
0.16
0.101
0.175
0.311
0.244
0.333
0.246
0.531
0.328
0.314
0.496
0.526
0.878
0.932
0.878
1.153
1.044
1.353
1.252
1.299
1.278
1.206
1.179
1.073
0.984
0.811
0.731
0.775
0.621
0.427
0.519
0.455
0.421
0.416
0.331
0.323
0.284
0.052
-0.181
-0.139
-0.144
-0.296
-0.325
-0.494
-0.547
-0.491
-0.505
-0.542
-0.391
-0.278
-0.506
-0.596
-0.598
-0.422
-0.239
-0.318
-0.31
-0.497
-0.468
-0.679
-0.534
-0.581
-0.551
-0.614
-0.526
-0.559
-0.631
-0.642
-0.74
-0.674
-0.713
-0.599
-0.492
-0.443
-0.314
-0.177
-0.104
0.095
0.086
0.111
0.026
0.18
0.076
0.041
0.128
0.049
0.065
-0.007
0.034
0.052
-0.071
0.041
0.154
-0.088
-0.189
-0.179
-0.354
-0.35
-0.409
-0.177
-0.27
-0.316
-0.27
-0.325
-0.302
-0.234
-0.331
-0.099
-0.106
0.104
0.149
0.135
0.118
0.122
0.136
0.136
0.139
0.124
-0.096
-0.103
-0.2
-0.236
-0.201
-0.274
-0.36
-0.379
-0.271
-0.459
-0.306
-0.169
-0.251
-0.299
-0.2
-0.111
-0.159
0.005
0.028
0.013
0.18
0.054
-0.037
-0.113
-0.141
-0.253
-0.258
-0.306
-0.526
-0.605
-0.739
-0.446
-0.809
-0.431
-0.439
-0.411
-0.504
-0.574
-0.512
-0.278
-0.269
-0.279
-0.158
-0.189
-0.136
-0.206
-0.161
-0.114
-0.111
-0.04
-0.151
-0.147
-0.077
0.061
0.086
0.052
-0.026
-0.122
-0.273
-0.371
-0.321
-0.338
-0.305
-0.186
-0.11
-0.083
-0.121
-0.189
-0.201
-0.181
-0.166
-0.335
-0.279
-0.273
-0.43
-0.37
-0.354
-0.448
-0.288
-0.198
-0.19
-0.122
-0.351
-0.432
-0.43
-0.445
-0.571
-0.487
-0.281
-0.152
-0.136
0.071
0.011
0.111
0.033
-0.223
-0.306
-0.144
-0.074
0.075
0.095
-0.025
0.003
-0.08
-0.085
-0.1
0.169
0.185
0.091
-0.041
-0.028
-0.261
-0.224
-0.174
-0.286
-0.099
-0.095
-0.074
-0.12
-0.113
-0.145
-0.193
-0.266
-0.182
-0.04
-0.054
-0.259
-0.233
-0.181
-0.191
-0.217
0.109
0.045
0.174
0.022
-0.007
-0.069
-0.015
0.166
0.131
0.065
0.065
0.058
0.198
0.224
0.403
0.253
0.468
0.525
0.675
0.662
0.561
0.455
0.366
0.366
0.224
0.239
0.2
0.22
0.297
0.228
0.247
-0.152
-0.045
0.035
0.15
-0.04
0.191
0.152
0.075
0.025
0.092
0.151
0.164
0.025
-0.035
-0.16
-0.152
-0.185
-0.273
-0.24
0.024
-0.324
-0.198
-0.139
-0.13
-0.125
-0.383
-0.421
-0.522
-0.492
-0.515
-0.47
-0.525
-0.471
-0.249
-0.421
-0.19
-0.135
-0.366
-0.188
-0.045
0.244
0.263
0.077
0.241
0.176
0.074
0.113
0.251
0.425
0.201
0.485
0.399
0.598
0.639
0.685
0.897
0.879
0.883
0.931
0.88
0.87
0.868
0.763
0.881
0.787
0.672
0.662
0.625
0.449
0.624
0.346
0.37
0.295
0.431
0.46
0.508
0.449
0.458
0.596
0.539
0.736
0.836
0.841
0.784
0.893
0.818
0.421
0.574
0.381
0.307
0.212
0.164
-0.062
-0.251
-0.146
-0.401
-0.369
-0.42
-0.399
-0.474
-0.609
-0.681
-0.851
-0.781
-0.919
-0.754
-0.859
-0.855
-0.819
-0.807
-0.796
-0.746
-0.65
-0.795
-0.665
-0.471
-0.339
-0.225
-0.264
-0.124
-0.17
0.026
-0.151
-0.286
-0.185
-0.175
-0.211
-0.116
-0.106
-0.077
-0.136
0.044
0.016
-0.196
-0.351
-0.651
-0.517
-0.479
-0.328
-0.406
-0.312
-0.384
-0.46
-0.511
-0.419
-0.38
-0.471
-0.36
-0.466
-0.565
-0.519
-0.625
-0.486
-0.524
-0.45
-0.484
-0.374
-0.485
-0.546
-0.669
-0.681
-0.749
-0.62
-0.716
-0.625
-0.444
-0.321
-0.149
-0.056
0.161
-0.129
-0.013
0.011
-0.071
0.051
0.056
0.116
0.18
0.386
0.33
0.514
0.645
0.958
1.125
1.163
1.205
1.329
1.374
1.175
1.346
1.175
1.321
1.2
1.236
1.056
0.926
0.961
0.723
0.753
0.733
0.719
0.532
0.453
0.246
0.238
0.229
0.133
0.041
-0.003
-0.158
-0.076
-0.058
-0.135
-0.274
-0.328
-0.448
-0.372
-0.378
-0.425
-0.276
-0.36
-0.279
-0.326
-0.323
-0.43
-0.475
-0.374
-0.429
-0.541
-0.575
-0.601
-0.485
-0.491
-0.492
-0.336
-0.489
-0.36
-0.279
-0.103
0.12
0.278
0.229
0.383
0.508
0.535
0.506
0.621
0.719
0.831
0.905
1.137
1.324
1.145
1.251
1.34
1.404
1.627
1.755
1.761
1.549
1.52
1.356
1.366
1.229
1.229
1.109
0.834
0.682
0.424
0.264
-0.059
-0.161
-0.099
-0.124
-0.269
-0.24
-0.274
-0.249
-0.438
-0.511
-0.63
-0.68
-0.556
-0.679
-0.7
-0.93
-0.806
-0.92
-1.185
-1.177
-1.194
-1.215
-1.141
-1.222
-1.195
-1.258
-1.161
-1.275
-1.079
-0.955
-1.039
-1.044
-1.06
-0.955
-1.049
-1.035
-1.002
-1.056
-0.858
-0.765
-0.776
-0.7
-0.554
-0.58
-0.62
-0.63
-0.603
-0.684
-0.828
-0.685
-0.994
-0.866
-0.838
-0.81
-0.799
-0.685
-0.645
-0.62
-0.68
-0.511
-0.744
-0.669
-0.618
-0.448
-0.424
-0.425
-0.16
-0.215
-0.069
0.044
0.146
0.2
0.056
0.034
0.109
0.241
0.37
0.647
0.625
0.725
0.609
0.795
0.932
1.005
1.165
1.099
1.193
1.265
1.224
1.231
1.229
1.154
1.295
1.371
1.536
1.347
1.296
1.469
1.416
1.629
1.406
1.673
1.445
1.41
1.213
0.865
0.795
0.596
0.46
0.514
0.473
0.393
0.355
-0.115
-0.066
-0.092
-0.188
-0.247
-0.348
-0.421
-0.43
-0.475
-0.38
-0.221
-0.155
-0.089
-0.049
-0.141
-0.251
-0.29
-0.084
0.065
0.025
0.036
0.155
0.152
-0.158
-0.356
-0.631
-0.574
-0.564
-0.463
-0.434
-0.38
-0.376
-0.411
-0.261
-0.261
-0.325
-0.028
-0.309
-0.086
-0.101
-0.334
-0.101
-0.144
-0.188
-0.138
0.156
0.185
0.079
0.256
0.144
0.211
0.173
0.339
0.367
0.264
-0.244
0.056
0.101
0.044
-0.251
-0.357
-0.092
0.106
0.106
0.182
0.276
0.319
0.515
0.529
0.383
0.2
0.376
0.431
0.414
0.36
0.394
0.474
0.357
0.362
0.233
0.121
0.075
0.085
0.104
0.269
0.146
0.388
0.333
0.297
0.116
0.336
0.259
0.367
0.333
0.331
0.417
0.525
0.509
0.603
0.583
0.399
0.439
0.343
0.239
0.052
-0.138
-0.19
-0.414
-0.421
-0.411
-0.419
-0.383
-0.56
-0.499
-0.591
-0.635
-0.751
-0.584
-0.593
-0.399
-0.393
-0.43
-0.562
-0.594
-0.61
-0.479
-0.434
-0.413
-0.315
-0.225
-0.154
-0.174
-0.258
-0.138
-0.126
-0.203
0.149
0.092
-0.013
0.041
0.174
0.084
0.201
0.37
0.532
0.479
0.521
0.598
0.6
0.756
0.68
0.741
0.902
0.725
0.809
0.995
1.028
1.061
0.93
0.951
0.794
0.736
0.631
0.384
0.413
0.208
0.233
0.329
0.44
0.315
0.297
0.471
0.449
0.244
0.085
-0.071
0.03
-0.075
-0.251
-0.295
-0.144
-0.111
-0.061
-0.128
-0.115
-0.193
0.065
-0.049
-0.111
-0.195
-0.448
-0.302
-0.456
-0.623
-0.753
-1.0
-1.039
-1.054
-1.091
-1.025
-0.964
-1.0
-0.904
-0.834
-0.864
-0.797
-0.634
-0.728
-0.828
-0.883
-0.859
-0.925
-0.823
-0.753
-0.685
-0.623
-0.522
-0.376
-0.333
-0.405
-0.31
-0.359
-0.46
-0.579
-0.595
-0.594
-0.618
-0.621
-0.516
-0.525
-0.574
-0.526
-0.416
-0.268
-0.279
-0.415
-0.171
-0.086
-0.151
0.116
0.105
0.26
0.431
0.436
0.544
0.482
0.549
0.474
0.481
0.54
0.465
0.383
0.388
0.203
0.253
0.244
0.226
0.309
0.345
0.403
0.212
0.254
0.273
0.077
0.439
0.203
0.234
0.211
0.23
0.228
-0.052
-0.258
-0.425
-0.497
-0.45
-0.559
-0.621
-0.713
-0.804
-0.751
-0.738
-0.775
-0.754
-0.581
-0.426
-0.561
-0.515
-0.656
-0.436
-0.216
-0.096
-0.17
0.035
0.052
0.181
0.151
0.076
0.007
0.056
0.139
0.021
0.099
0.281
0.49
0.49
0.249
0.31
0.404
0.35
0.186
0.088
-0.104
-0.118
-0.083
-0.217
-0.165
-0.216
-0.219
-0.251
-0.275
-0.406
-0.375
-0.445
-0.37
-0.149
-0.256
-0.276
-0.241
-0.279
-0.319
-0.37
-0.45
-0.396
-0.482
-0.449
-0.664
-0.71
-0.672
-0.546
-0.589
-0.576
-0.545
-0.47
-0.364
-0.177
-0.261
-0.217
-0.188
-0.328
-0.215
-0.158
-0.074
0.138
0.155
0.22
0.376
0.451
0.348
0.48
0.463
0.351
0.339
0.335
0.405
0.652
0.635
0.626
0.676
0.821
0.925
0.943
0.944
1.31
1.466
1.341
1.17
1.268
1.231
1.242
1.387
1.404
1.475
1.598
1.629
1.897
1.724
1.961
1.685
1.448
1.621
1.393
1.375
1.254
1.289
1.331
1.25
1.22
0.999
0.834
0.608
0.61
0.593
0.276
0.1
-0.15
-0.384
-0.386
-0.573
-0.509
-0.68
-0.863
-0.932
-1.022
-1.377
-1.46
-1.539
-2.002
-2.093
-2.166
-2.114
-1.901
-1.889
-1.76
-1.609
-1.594
-1.798
-1.854
-1.708
-1.694
-1.72
-1.87
-1.481
-1.361
-1.458
-1.488
-1.673
-1.625
-1.552
-1.479
-1.414
-1.538
-1.414
-1.299
-1.143
-0.985
-0.744
-0.677
-0.603
-0.589
-0.27
-0.079
-0.098
0.007
0.041
0.052
0.374
0.549
0.667
0.568
0.539
0.459
0.531
0.546
0.566
0.765
0.764
0.804
0.749
1.025
1.251
1.438
1.481
1.505
1.607
1.684
1.615
1.387
1.34
1.396
1.404
1.328
1.221
1.04
0.88
0.981
0.854
0.953
0.835
0.739
0.729
0.644
0.417
0.105
0.004
-0.098
-0.348
-0.229
-0.205
-0.198
-0.165
-0.316
-0.346
-0.386
-0.133
-0.081
-0.05
-0.07
-0.089
0.193
0.189
0.175
0.145
0.302
0.366
0.416
0.519
0.63
0.628
0.584
0.541
0.495
0.521
0.334
0.367
0.339
0.297
0.32
0.255
0.191
0.304
0.352
0.411
0.731
0.849
0.866
0.873
0.826
0.894
0.89
0.785
0.759
0.824
0.946
0.91
0.781
0.741
0.685
0.849
0.969
0.868
0.698
0.432
0.52
0.121
0.007
-0.025
-0.212
-0.211
-0.41
-0.482
-0.59
-0.562
-0.671
-0.694
-0.604
-0.534
-0.541
-0.463
-0.534
-0.425
-0.416
-0.459
-0.296
-0.297
-0.103
-0.191
-0.092
0.009
0.146
0.228
0.372
0.539
0.781
0.614
0.614
0.66
0.89
0.787
0.792
0.677
0.667
0.633
0.661
0.596
0.435
0.629
0.618
0.659
0.65
0.598
0.63
0.596
0.738
0.677
0.63
0.67
0.559
0.273
0.16
0.07
0.011
-0.174
-0.217
-0.338
-0.349
-0.26
-0.365
-0.33
-0.351
-0.271
-0.411
-0.478
-0.461
-0.661
-0.738
-0.733
-0.796
-0.829
-0.944
-1.145
-0.995
-1.101
-1.343
-1.29
-1.326
-1.33
-1.54
-1.531
-1.776
-1.657
-1.571
-1.64
-1.555
-1.558
-1.551
-1.516
-1.459
-1.324
-1.238
-1.004
-0.89
-0.831
-0.57
-0.584
-0.383
-0.325
-0.21
-0.223
-0.246
-0.289
-0.422
-0.215
-0.076
0.283
0.184
0.268
0.268
0.349
0.465
0.605
0.764
0.606
0.718
0.628
0.7
0.588
0.709
0.794
0.679
0.669
0.769
0.755
0.73
0.919
0.83
0.834
1.019
0.946
0.75
0.546
0.585
0.331
0.239
0.128
-0.029
-0.056
-0.116
-0.305
-0.318
-0.478
