-0.283
-0.266
-0.031
-0.31
-0.165
-0.195
-0.299
-0.471
-0.531
-0.289
-0.36
-0.286
-0.318
-0.18
-0.115
-0.225
-0.164
-0.295
-0.158
-0.314
-0.284
-0.069
-0.182
-0.006
-0.083
0.004
-0.049
-0.009
-0.02
-0.16
-0.195
-0.086
-0.309
-0.214
-0.264
-0.351
-0.516
-0.466
-0.416
-0.362
-0.212
-0.234
-0.043
-0.016
-0.039
-0.046
0.049
0.231
0.236
0.199
0.121
0.092
0.234
0.25
0.188
0.216
0.315
0.344
0.331
0.388
0.362
0.334
0.424
0.359
0.35
0.331
0.384
0.349
0.06
0.11
0.128
0.141
0.235
0.129
0.176
0.19
0.188
0.28
0.122
0.131
0.062
0.115
0.109
0.152
-0.019
-0.235
-0.158
-0.109
0.024
-0.118
-0.059
-0.04
-0.019
-0.004
-0.007
0.114
-0.173
-0.034
0.015
-0.048
-0.011
0.039
0.268
0.194
0.304
0.399
0.323
0.305
0.312
0.41
0.44
0.59
0.409
0.569
0.559
0.361
0.395
0.269
0.321
0.258
0.306
0.219
0.14
0.16
0.28
0.38
0.416
0.51
0.496
0.403
0.47
0.497
0.466
0.652
0.749
0.526
0.471
0.526
0.369
0.292
0.338
0.294
0.225
0.228
0.11
0.065
-0.011
0.077
-0.155
-0.177
-0.242
-0.208
-0.166
-0.189
-0.169
-0.185
-0.154
-0.141
-0.084
-0.216
-0.181
-0.169
-0.236
-0.274
-0.236
-0.215
-0.283
-0.114
-0.145
-0.024
0.066
0.201
0.264
0.198
0.355
0.328
0.305
0.21
0.264
0.086
0.091
-0.001
0.029
0.161
0.229
0.074
0.292
0.489
0.455
0.362
0.406
0.51
0.46
0.463
0.549
0.575
0.584
0.72
0.771
0.802
0.734
0.542
0.619
0.425
0.471
0.375
0.325
0.291
0.315
0.206
0.225
0.249
0.271
0.355
0.357
0.238
0.234
0.291
0.079
0.04
0.1
0.209
0.214
0.211
0.089
0.072
0.171
0.104
0.129
0.145
0.21
0.188
0.106
0.085
0.229
0.059
0.06
0.024
0.061
0.024
0.046
0.079
0.165
0.075
-0.051
-0.103
-0.051
-0.116
-0.182
-0.206
-0.346
-0.405
-0.431
-0.33
-0.417
-0.198
-0.352
-0.393
-0.362
-0.351
-0.318
-0.225
-0.171
-0.14
-0.247
0.003
0.181
0.326
0.463
0.473
0.696
0.667
0.868
0.797
0.904
0.917
0.861
0.756
0.649
0.529
0.58
0.414
0.586
0.614
0.731
0.604
0.52
0.605
0.28
0.135
0.136
0.095
0.103
0.098
0.182
0.081
-0.085
-0.126
-0.294
-0.17
-0.345
-0.369
-0.294
-0.236
-0.318
-0.367
-0.266
-0.344
-0.419
-0.379
-0.531
-0.366
-0.38
-0.384
-0.311
-0.379
-0.06
-0.139
-0.176
-0.152
-0.179
-0.056
0.255
0.266
0.275
0.372
0.436
0.529
0.473
0.585
0.666
0.812
0.619
0.366
0.436
0.474
0.409
0.38
0.431
0.323
0.251
0.278
0.133
-0.06
-0.2
-0.049
0.111
0.109
0.13
0.158
0.089
-0.01
-0.056
0.039
-0.083
-0.109
-0.111
-0.214
-0.245
-0.36
-0.245
-0.511
-0.388
-0.555
-0.522
-0.479
-0.568
-0.586
-0.559
-0.465
-0.576
-0.699
-0.691
-0.525
-0.458
-0.409
-0.401
-0.422
-0.501
-0.601
-0.573
-0.55
-0.391
-0.305
-0.196
-0.506
-0.536
-0.499
-0.434
-0.51
-0.439
-0.621
-0.478
-0.537
-0.551
-0.419
-0.58
-0.364
-0.281
-0.249
-0.179
-0.075
0.041
-0.009
0.08
0.04
0.056
-0.088
-0.074
-0.28
-0.312
-0.234
-0.314
-0.474
-0.446
-0.468
-0.458
-0.725
-0.728
-0.791
-0.951
-0.941
-0.941
-1.093
-1.3
-1.194
-1.114
-1.12
-1.194
-1.369
-1.179
-1.225
-1.336
-1.331
-1.113
-1.281
-1.106
-1.012
-1.081
-1.036
-0.865
-0.626
-0.671
-0.569
-0.471
-0.453
-0.215
-0.188
-0.09
-0.241
-0.211
-0.121
0.028
0.126
0.031
-0.077
0.085
0.01
-0.106
-0.139
-0.217
-0.14
-0.019
-0.061
-0.085
-0.091
-0.173
-0.145
-0.171
-0.246
-0.128
-0.084
0.113
0.105
0.009
0.029
0.065
0.105
0.08
0.094
0.163
0.2
0.339
0.247
0.005
-0.175
-0.376
-0.233
-0.271
-0.161
-0.094
-0.113
0.08
0.1
0.139
0.134
0.269
0.152
0.256
0.279
0.154
0.292
0.289
0.099
0.01
-0.065
0.079
0.135
0.121
0.15
-0.004
0.226
-0.01
-0.219
-0.147
0.029
-0.147
-0.019
-0.258
-0.291
-0.378
-0.386
-0.214
-0.103
-0.168
-0.143
-0.168
-0.129
-0.126
-0.015
0.286
0.5
0.345
0.312
0.503
0.319
0.416
0.285
0.3
0.181
0.185
0.231
0.211
0.247
0.136
0.32
0.419
0.265
0.302
0.216
0.378
0.417
0.426
0.408
0.461
0.314
0.198
0.311
0.315
0.464
0.581
0.588
0.695
0.672
0.768
0.866
1.034
1.008
1.04
0.943
0.845
0.691
0.686
0.716
0.681
0.559
0.481
0.306
0.154
0.062
-0.036
-0.091
-0.071
-0.028
-0.109
-0.188
-0.181
-0.173
-0.264
-0.316
-0.098
-0.013
0.021
-0.003
0.045
0.011
0.009
-0.158
-0.177
-0.216
-0.205
-0.036
-0.041
-0.164
-0.216
-0.307
-0.432
-0.566
-0.645
-0.633
-0.497
-0.549
-0.549
-0.635
-0.657
-0.633
-0.631
-0.625
-0.662
-0.614
-0.711
-0.594
-0.521
-0.845
-0.715
-0.739
-0.626
-0.614
-0.638
-0.703
-0.71
-0.743
-0.766
-0.848
-0.812
-0.888
-0.848
-0.946
-0.961
-0.996
-0.855
-0.599
-0.189
-0.003
-0.088
0.083
0.297
0.241
0.574
0.521
0.883
0.875
1.046
1.089
1.048
1.238
1.111
1.186
1.029
0.939
0.71
0.585
0.531
0.509
0.526
0.501
0.664
0.63
0.591
0.506
0.456
0.219
-0.049
-0.079
-0.121
-0.271
-0.306
-0.386
-0.434
-0.456
-0.489
-0.438
-0.414
-0.323
-0.271
-0.51
-0.544
-0.6
-0.516
-0.485
-0.583
-0.426
-0.399
-0.419
-0.339
-0.411
-0.255
-0.134
-0.274
-0.463
-0.281
-0.194
-0.268
-0.22
-0.31
-0.212
-0.247
-0.229
-0.268
-0.205
-0.216
-0.177
-0.076
0.033
0.013
0.013
0.05
0.077
-0.084
-0.021
-0.141
-0.188
-0.015
-0.144
-0.325
-0.143
-0.06
-0.188
-0.349
-0.426
-0.409
-0.331
-0.588
-0.682
-0.527
-0.506
-0.465
-0.473
-0.401
-0.46
-0.36
-0.31
-0.405
-0.295
-0.355
-0.155
-0.062
0.026
0.029
0.115
0.175
0.13
0.179
0.119
0.235
0.223
0.28
0.44
0.235
0.383
0.265
0.351
0.215
0.191
0.177
0.195
0.22
0.319
0.329
0.411
0.526
0.517
0.48
0.398
0.395
0.393
0.324
0.236
0.254
0.163
0.062
-0.001
-0.105
-0.088
-0.259
-0.294
-0.233
-0.325
-0.395
-0.389
-0.413
-0.307
-0.219
-0.244
-0.239
-0.195
-0.152
-0.254
-0.225
-0.28
-0.119
-0.051
-0.155
-0.116
-0.158
0.014
0.145
0.261
0.341
0.305
0.486
0.446
0.494
0.389
0.343
0.333
0.286
0.259
0.238
0.239
0.233
0.198
0.266
0.163
0.163
0.049
0.089
0.05
-0.045
-0.195
-0.294
-0.323
-0.421
-0.516
-0.256
-0.376
-0.385
-0.31
-0.366
-0.463
-0.33
-0.339
-0.335
-0.456
-0.515
-0.444
-0.296
-0.345
-0.436
-0.422
-0.408
-0.316
-0.343
-0.261
-0.307
-0.388
-0.22
0.049
0.124
0.151
0.22
0.38
0.441
0.37
0.434
0.365
0.522
0.544
0.604
0.624
0.584
0.705
0.753
0.738
0.473
0.348
0.184
0.111
0.064
0.024
0.044
0.126
0.052
0.106
0.084
-0.04
-0.196
-0.109
-0.143
-0.071
-0.081
0.025
0.02
0.055
0.056
-0.049
0.045
-0.107
0.022
0.014
-0.062
-0.105
-0.154
-0.234
-0.26
-0.316
-0.394
-0.464
-0.471
-0.544
-0.494
-0.544
-0.384
-0.559
-0.49
-0.566
-0.689
-0.639
-0.584
-0.766
-0.781
-0.845
-0.869
-0.831
-0.833
-0.835
-0.754
-0.868
-0.891
-0.878
-0.891
-1.012
-1.005
-0.97
-0.733
-0.919
-0.97
-0.811
-0.688
-0.83
-0.63
-0.52
-0.372
-0.419
-0.25
-0.254
-0.051
0.039
-0.083
0.121
0.08
0.304
0.289
0.319
0.41
0.24
0.289
0.181
0.14
0.186
0.346
0.456
0.369
0.4
0.3
0.365
0.314
0.354
0.17
0.223
0.215
0.336
0.401
0.376
0.384
0.609
0.694
0.68
0.588
0.546
0.616
0.554
0.66
0.766
0.774
0.615
0.531
0.355
0.417
0.355
0.294
0.198
0.261
0.319
0.364
0.378
0.474
0.393
0.511
0.486
0.644
0.588
0.561
0.478
0.454
0.514
0.335
0.379
0.501
0.326
0.311
0.271
0.361
0.296
0.335
0.328
0.367
0.196
0.104
0.089
0.186
0.135
0.094
0.189
0.077
0.034
0.076
0.029
-0.048
-0.235
-0.206
-0.182
-0.25
-0.154
-0.085
-0.336
-0.619
-0.745
-0.754
-0.688
-0.638
-0.659
-0.611
-0.512
-0.522
-0.51
-0.46
-0.486
-0.469
-0.45
-0.48
-0.388
-0.417
-0.409
-0.284
-0.35
-0.314
-0.324
-0.226
-0.194
-0.259
-0.23
-0.284
-0.275
-0.37
-0.28
-0.371
-0.3
-0.223
-0.295
-0.296
-0.386
-0.289
-0.21
-0.122
-0.077
-0.131
-0.049
-0.084
-0.188
-0.264
-0.236
-0.301
-0.186
-0.175
-0.275
-0.53
-0.41
-0.339
-0.478
-0.371
-0.306
-0.242
-0.146
-0.236
-0.261
-0.326
-0.236
-0.203
-0.349
-0.265
-0.331
-0.376
-0.388
-0.268
-0.281
-0.217
-0.181
-0.221
-0.077
-0.005
0.177
0.104
0.22
0.306
0.171
0.1
0.179
0.05
0.1
0.226
0.319
0.32
0.365
0.273
0.473
0.63
0.484
0.429
0.55
0.537
0.501
0.487
0.511
0.726
0.511
0.623
0.606
0.505
0.451
0.486
0.315
0.41
0.105
0.059
0.208
0.304
0.211
0.09
0.031
0.006
0.181
0.359
0.266
0.15
0.135
0.158
-0.026
0.019
-0.028
0.055
0.077
0.069
0.165
0.185
0.254
0.346
0.401
0.454
0.531
0.473
0.564
0.698
0.581
0.676
0.75
0.525
0.474
0.465
0.459
0.405
0.486
0.481
0.626
0.489
0.436
0.201
0.309
0.344
0.355
0.591
0.699
0.714
0.7
0.63
0.682
0.542
0.469
0.429
0.276
0.324
0.264
0.135
0.125
0.107
-0.044
-0.059
0.031
-0.164
-0.116
-0.028
0.001
-0.092
-0.362
-0.375
-0.575
-0.578
-0.603
-0.759
-0.626
-0.769
-0.589
-0.699
-0.71
-0.605
-0.844
-0.766
-0.969
-0.934
-0.963
-1.06
-1.034
-1.039
-1.024
-0.915
-1.031
-0.849
-0.645
-0.689
-0.665
-0.681
-0.525
-0.365
-0.334
-0.27
-0.315
-0.279
-0.4
-0.205
-0.009
0.214
0.285
0.311
0.294
0.6
0.741
0.522
0.636
0.604
0.768
0.654
0.781
0.965
1.091
0.95
1.124
1.008
1.071
1.193
1.289
1.323
1.205
1.164
0.929
0.961
0.945
1.034
0.921
0.779
0.82
0.915
0.925
0.904
0.986
0.961
0.8
0.815
0.693
0.715
0.754
0.824
0.701
0.829
0.689
0.807
0.956
0.973
0.656
0.715
0.559
0.521
0.559
0.591
0.46
0.371
0.492
0.471
0.451
0.47
0.489
0.28
0.333
0.236
0.138
0.061
0.12
0.109
0.045
0.144
-0.015
-0.134
0.062
-0.021
-0.069
-0.007
0.092
0.135
-0.015
0.001
0.039
-0.039
0.01
-0.026
-0.08
0.105
0.072
0.135
0.124
0.242
0.42
0.512
0.636
0.512
0.642
0.776
0.843
0.963
0.922
0.874
0.868
0.905
0.761
0.759
0.654
0.703
0.922
0.86
0.642
0.65
0.465
0.53
0.27
0.336
0.233
0.124
0.151
0.035
0.241
0.19
0.16
0.225
0.225
0.319
0.198
0.125
-0.081
-0.146
-0.26
-0.335
-0.269
-0.224
-0.335
-0.352
-0.258
-0.326
-0.461
-0.542
-0.749
-0.606
-0.661
-0.698
-0.679
-0.665
-0.766
-0.796
-0.636
-0.573
-0.542
-0.497
-0.466
-0.414
-0.381
-0.309
-0.406
-0.28
-0.312
-0.338
-0.564
-0.481
-0.565
-0.532
-0.552
-0.578
-0.588
-0.805
-0.671
-0.527
-0.686
-0.67
-0.596
-0.482
-0.512
-0.441
-0.294
-0.279
-0.061
-0.122
-0.04
-0.034
0.266
0.296
0.273
0.12
0.269
0.524
0.454
0.367
0.425
0.537
0.739
0.991
1.034
1.012
1.099
1.066
1.085
1.117
0.944
0.979
0.96
1.078
1.135
1.093
0.973
0.965
1.002
0.92
0.906
0.929
0.738
0.53
0.294
0.191
0.226
0.149
0.133
0.09
-0.024
-0.295
-0.5
-0.566
-0.746
-0.869
-1.171
-1.296
-1.328
-1.505
-1.605
-1.845
-1.78
-1.82
-1.746
-1.756
-1.61
-1.665
-1.82
-1.846
-1.804
-1.734
-1.635
-1.26
-1.194
-1.199
-1.235
-1.039
-0.938
-0.938
-0.685
-0.561
-0.28
-0.061
0.001
0.018
0.071
0.077
0.499
0.552
0.759
0.902
1.084
1.234
1.434
1.566
1.676
1.604
1.77
2.055
2.106
1.857
1.935
1.796
1.756
1.721
1.617
1.591
1.601
1.554
1.431
1.47
1.526
1.419
1.24
0.906
0.821
1.031
0.806
0.638
0.385
0.389
0.279
0.161
-0.113
-0.171
-0.394
-0.654
-0.631
-0.414
-0.601
-0.443
-0.595
-0.681
-0.704
-0.731
-0.61
-0.536
-0.318
-0.456
-0.422
-0.395
-0.39
-0.309
-0.32
-0.06
-0.124
-0.02
-0.065
-0.107
-0.318
-0.398
-0.315
-0.369
-0.466
-0.524
-0.521
-0.496
-0.573
-0.618
-0.566
-0.715
-0.636
-0.698
-0.714
-0.802
-0.731
-0.647
-0.657
-0.698
-0.667
-0.725
-0.785
-0.638
-0.525
-0.581
-0.527
-0.312
-0.226
0.041
0.283
0.301
0.333
0.305
0.328
0.366
0.425
0.474
0.351
0.357
0.395
0.409
0.333
0.465
0.566
0.545
0.557
0.568
0.557
0.576
0.492
0.456
0.519
0.482
0.391
0.47
0.371
0.43
0.469
0.542
0.531
0.453
0.346
0.304
0.135
0.015
-0.04
0.221
-0.156
-0.12
-0.001
-0.049
0.06
-0.025
-0.105
-0.219
-0.286
-0.344
-0.221
-0.304
-0.464
-0.508
-0.555
-0.323
-0.321
-0.344
-0.448
-0.524
-0.413
-0.326
-0.33
-0.261
-0.184
-0.233
-0.221
-0.09
-0.076
-0.077
-0.005
0.036
0.051
0.095
0.256
0.186
0.249
0.256
0.216
0.022
-0.061
-0.188
-0.265
-0.294
-0.414
-0.33
-0.291
-0.361
-0.211
-0.113
-0.1
-0.16
-0.146
-0.177
-0.058
-0.15
-0.335
-0.394
-0.431
-0.345
-0.311
-0.434
-0.408
-0.436
-0.504
-0.454
-0.445
-0.486
-0.386
-0.329
-0.244
-0.173
-0.041
-0.077
-0.055
0.136
0.035
-0.025
-0.072
-0.028
-0.151
-0.006
0.058
0.028
-0.152
-0.107
-0.018
-0.104
-0.125
-0.125
-0.06
-0.075
-0.125
0.004
0.08
0.076
0.011
-0.181
-0.177
0.083
0.049
0.13
0.225
0.138
0.326
0.238
0.129
0.107
0.191
0.021
0.158
0.176
0.193
0.04
-0.003
0.009
-0.135
-0.149
-0.018
-0.239
-0.211
-0.116
-0.09
-0.233
-0.109
-0.152
-0.166
-0.116
-0.205
-0.198
-0.173
-0.156
-0.251
-0.109
-0.19
-0.013
0.069
0.26
0.135
0.122
0.122
0.119
0.145
0.098
-0.016
0.034
0.039
-0.144
-0.094
-0.114
-0.379
-0.307
-0.256
-0.274
-0.255
-0.286
-0.206
-0.264
-0.279
-0.161
-0.201
-0.279
-0.318
-0.39
-0.365
-0.458
-0.635
-0.568
-0.496
-0.542
-0.39
-0.339
-0.289
-0.185
-0.077
-0.185
-0.29
-0.453
-0.426
-0.54
-0.639
-0.724
-0.781
-0.86
-0.959
-0.993
-0.879
-0.879
-0.912
-0.936
-1.041
-0.814
-0.745
-0.704
-0.758
-0.57
-0.797
-0.948
-0.888
-0.693
-0.618
-0.681
-0.895
-0.642
-0.559
-0.228
-0.01
-0.041
-0.045
-0.092
0.033
0.105
0.115
0.136
0.17
0.309
0.324
0.345
0.388
0.524
0.614
0.633
0.541
0.291
0.361
0.179
0.279
0.275
0.408
0.706
0.685
0.698
0.609
0.676
0.675
0.686
0.791
0.777
0.656
0.47
0.536
0.36
0.278
0.195
0.186
0.177
0.283
0.128
0.163
0.229
0.238
0.26
0.164
0.06
0.026
0.081
0.17
-0.064
-0.106
-0.052
-0.229
-0.345
-0.339
-0.255
-0.133
-0.018
-0.064
0.051
0.084
0.115
0.065
0.115
-0.092
-0.181
0.033
0.101
0.022
-0.059
-0.072
-0.015
0.039
0.126
0.091
0.119
0.005
-0.13
-0.231
-0.251
-0.321
-0.254
-0.193
-0.049
-0.043
-0.109
0.077
0.015
0.122
0.077
0.174
0.228
-0.031
-0.081
-0.084
-0.06
-0.088
-0.155
-0.219
-0.146
-0.271
-0.28
-0.22
-0.205
-0.318
-0.289
-0.159
0.143
0.224
0.399
0.406
0.463
0.46
0.383
0.193
0.253
0.281
0.12
0.115
0.031
0.2
0.226
0.324
0.174
0.146
0.118
0.118
0.039
-0.016
0.003
0.11
0.036
0.036
0.043
0.064
-0.036
0.014
-0.095
-0.126
-0.147
-0.028
-0.08
-0.195
-0.15
-0.259
-0.2
-0.231
-0.372
-0.374
-0.318
-0.333
-0.385
-0.312
-0.365
-0.346
-0.269
-0.254
-0.359
-0.331
-0.4
-0.46
-0.556
-0.552
-0.679
-0.53
-0.575
-0.463
-0.479
-0.516
-0.175
-0.372
-0.39
-0.49
-0.391
-0.451
-0.315
-0.359
-0.305
-0.39
-0.367
-0.302
-0.166
-0.124
-0.098
-0.022
-0.096
-0.072
0.051
-0.03
-0.066
-0.079
0.105
0.076
0.066
0.195
0.2
0.36
0.44
0.304
0.354
0.508
0.415
0.366
0.241
0.256
0.185
0.236
0.184
0.286
0.189
0.181
0.076
-0.164
-0.274
-0.16
-0.209
-0.229
-0.316
-0.321
-0.448
-0.481
-0.506
-0.435
-0.465
-0.51
-0.42
-0.489
-0.459
-0.443
-0.45
-0.46
-0.35
-0.25
-0.239
-0.221
-0.231
-0.255
-0.256
0.046
0.021
0.2
0.305
0.216
0.357
0.276
0.28
0.324
0.323
0.245
0.19
0.124
0.271
0.316
0.338
0.593
0.623
0.705
0.787
0.711
0.608
0.731
0.889
0.948
0.994
1.071
0.94
0.946
0.874
0.731
0.843
0.959
1.044
0.835
0.885
0.755
0.65
0.435
0.427
0.371
0.274
0.326
0.305
0.174
0.001
0.006
0.065
0.079
-0.03
0.052
-0.055
0.014
-0.015
-0.263
-0.432
-0.595
-0.804
-0.76
-0.966
-1.154
-1.199
-1.164
-1.117
-1.135
-1.224
-1.116
-1.222
-1.081
-1.089
-1.06
-1.094
-1.04
-0.838
-0.781
-0.74
-0.843
-0.649
-0.688
-0.753
-0.86
-0.716
-0.645
-0.775
-0.688
-0.728
-0.586
-0.608
-0.551
-0.482
-0.504
-0.381
-0.341
-0.234
-0.194
-0.135
-0.238
-0.349
-0.203
-0.24
-0.23
-0.251
-0.084
-0.13
-0.166
-0.33
-0.371
-0.424
-0.43
-0.535
-0.514
-0.304
-0.386
-0.37
-0.385
-0.31
-0.224
-0.291
-0.296
-0.149
-0.103
0.058
-0.028
0.041
-0.016
-0.179
-0.088
-0.041
-0.169
-0.024
-0.004
-0.043
0.05
0.163
0.128
0.114
0.09
0.051
0.072
0.092
0.11
0.092
0.143
0.244
0.416
0.319
0.388
0.685
0.734
0.895
0.802
0.654
0.5
0.532
0.216
0.301
0.292
0.355
0.221
0.245
0.084
0.056
-0.005
-0.13
-0.149
-0.095
-0.116
-0.146
-0.206
-0.2
-0.201
-0.128
-0.238
-0.098
-0.062
-0.224
-0.161
0.168
0.158
0.255
0.465
0.541
0.504
0.667
0.699
0.675
0.695
0.787
1.024
1.056
0.953
0.995
1.126
1.2
1.195
1.068
1.179
1.177
1.221
1.175
0.763
1.296
1.501
1.346
1.384
1.386
1.285
1.321
1.258
1.181
0.995
0.838
0.932
0.932
0.922
0.934
0.866
0.679
0.608
0.491
0.42
0.505
0.31
0.31
0.496
0.546
0.443
0.331
0.372
0.37
0.399
0.375
0.403
0.281
0.245
0.329
0.242
0.306
0.261
0.275
0.147
-0.049
-0.022
-0.11
-0.046
0.077
0.024
0.103
0.004
0.085
-0.004
-0.006
-0.056
0.081
-0.098
-0.311
-0.445
-0.479
-0.413
-0.335
-0.512
-0.51
-0.509
-0.628
-0.329
-0.268
-0.066
-0.071
-0.115
-0.005
-0.001
0.077
0.188
0.185
0.319
0.413
0.435
0.56
0.661
0.878
0.984
1.049
1.025
1.1
0.935
0.905
1.058
0.92
1.124
0.986
1.062
1.103
0.906
0.654
0.603
0.598
0.639
0.468
0.266
0.329
0.177
0.234
0.263
0.143
-0.276
-0.254
-0.369
-0.386
-0.473
-0.35
-0.45
-0.315
-0.501
-0.573
-0.489
-0.329
-0.436
-0.39
-0.291
-0.275
-0.203
-0.029
-0.176
-0.212
-0.261
-0.17
-0.125
-0.21
-0.406
-0.341
-0.081
-0.201
0.009
-0.036
-0.13
-0.061
-0.168
-0.273
-0.385
-0.333
-0.266
-0.223
0.199
0.18
0.362
0.45
0.258
0.155
0.072
0.114
0.283
0.294
0.414
0.776
0.804
0.679
0.639
0.593
0.796
0.795
0.682
0.716
0.616
0.542
0.657
0.644
0.605
0.754
0.629
0.695
0.534
0.511
0.555
0.594
0.495
0.355
0.134
0.244
0.244
0.173
-0.065
0.028
-0.004
0.059
0.01
0.058
0.24
0.341
0.39
0.364
0.35
0.357
0.378
0.46
0.346
0.422
0.509
0.465
0.449
0.497
0.557
0.665
0.976
0.814
0.657
0.608
0.679
0.64
0.726
0.666
0.512
0.509
0.545
0.408
0.529
0.677
0.818
0.812
0.921
0.666
0.636
0.596
0.484
0.429
0.508
0.354
0.31
0.524
0.561
0.369
0.385
0.126
0.118
-0.077
-0.24
-0.487
-0.555
-0.455
-0.521
-0.578
-0.616
-0.667
-0.746
-0.667
-0.601
-0.57
-0.468
-0.66
-0.54
-0.744
-0.679
-0.929
-0.949
-0.864
-1.21
-1.193
-1.079
-0.979
-0.888
-1.058
-1.088
-1.038
-0.988
-0.966
-0.999
-0.755
-0.823
-0.733
-0.764
-0.795
-0.791
-0.86
-0.429
-0.445
-0.539
-0.51
-0.348
-0.246
-0.302
-0.221
-0.242
-0.254
-0.31
-0.43
-0.359
-0.336
-0.195
-0.085
0.064
0.092
0.246
0.263
0.386
0.427
0.439
0.419
0.43
0.492
0.593
0.561
0.512
0.49
0.654
0.688
0.333
0.251
0.088
-0.039
-0.143
-0.309
-0.471
-0.49
-0.594
-0.846
-1.049
-1.041
-1.174
-1.161
-1.221
-1.224
-1.338
-1.211
-1.121
-1.13
-1.135
-1.174
-1.224
-1.064
-1.008
-0.994
-1.001
-1.022
-0.855
-0.984
-0.919
-0.921
-0.938
-0.998
-0.976
-1.002
-0.939
-0.949
-0.894
-0.92
-0.825
-0.769
-0.751
-0.657
-0.574
-0.443
-0.571
-0.616
-0.344
-0.269
-0.378
-0.391
-0.27
0.004
-0.173
0.021
0.196
0.121
0.058
0.009
0.025
0.255
0.171
0.343
0.154
0.364
0.281
0.205
0.281
0.214
0.164
0.103
0.188
0.241
0.096
0.088
0.036
-0.024
-0.203
-0.044
0.094
0.115
0.211
0.348
0.314
0.346
0.206
0.214
0.245
0.169
0.091
0.084
0.036
-0.14
-0.075
-0.096
-0.044
-0.098
0.052
0.105
-0.099
-0.203
-0.264
-0.175
-0.179
-0.186
-0.164
-0.109
-0.236
-0.225
-0.219
-0.231
-0.36
-0.201
-0.121
-0.018
0.219
0.186
0.24
0.147
0.092
0.079
0.099
0.059
0.03
0.072
0.1
0.133
0.134
0.11
-0.024
-0.174
-0.143
-0.103
-0.144
-0.196
-0.269
-0.356
-0.436
-0.6
-0.633
-0.718
-0.819
-0.925
-0.916
-0.859
-0.91
-1.13
-1.12
-0.922
-1.083
-1.021
-0.812
-0.655
-0.691
-0.645
-0.604
-0.624
-0.644
-0.704
-0.609
-0.588
-0.628
-0.67
-0.715
-0.635
-0.552
-0.519
-0.376
-0.36
-0.177
-0.09
-0.033
0.061
0.193
0.251
0.289
0.557
0.618
0.794
0.714
0.818
0.958
0.976
0.941
0.989
0.944
0.949
0.973
0.959
0.828
0.985
0.853
0.885
0.796
0.785
0.616
0.796
0.838
0.846
0.701
0.661
0.733
0.699
0.675
0.725
0.636
0.55
0.446
0.63
0.753
0.876
0.848
0.959
1.032
1.016
1.183
1.196
1.125
1.165
0.949
0.881
0.973
0.978
0.92
0.954
0.761
0.738
0.689
0.436
0.331
0.264
0.296
0.247
0.234
0.265
0.165
0.069
0.006
0.014
-0.084
-0.113
-0.24
-0.168
-0.231
-0.214
-0.179
-0.304
-0.235
-0.125
-0.421
-0.405
-0.47
-0.459
-0.492
-0.51
-0.71
-0.715
-0.777
-0.91
-0.968
-1.034
-1.151
-1.186
-1.252
-1.341
-1.39
-1.45
-1.62
-1.593
-1.637
-1.562
-1.548
-1.45
-1.386
-1.421
-1.301
-1.305
-1.179
-0.959
-1.042
-0.97
-0.777
-0.689
-0.499
-0.461
-0.184
-0.088
-0.079
-0.086
-0.064
-0.031
-0.007
0.099
0.181
0.125
0.159
0.111
0.302
0.225
0.072
0.146
0.228
0.456
0.494
0.481
0.497
0.44
0.497
0.536
0.421
0.471
0.5
0.468
0.374
0.362
0.438
0.264
0.285
0.312
0.121
0.077
0.0
-0.014
-0.144
-0.166
-0.166
-0.151
-0.133
-0.258
-0.256
-0.251
-0.22
-0.438
-0.431
-0.485
-0.371
-0.525
-0.406
-0.324
-0.304
-0.212
-0.211
-0.301
-0.478
-0.463
-0.549
-0.499
-0.475
-0.427
-0.623
-0.536
-0.708
-0.519
-0.751
-0.65
-0.574
-0.464
-0.481
-0.547
-0.511
-0.492
-0.501
-0.394
-0.376
-0.292
-0.274
-0.254
-0.085
-0.022
0.036
-0.091
0.026
-0.006
0.104
0.059
0.122
0.125
0.21
0.355
0.366
0.44
0.458
0.603
0.482
0.367
0.36
0.339
0.343
0.403
0.345
0.354
0.52
0.564
0.5
0.509
0.455
0.203
0.41
0.281
0.189
0.085
0.085
-0.056
-0.11
-0.122
-0.201
-0.109
-0.124
-0.084
-0.151
-0.018
0.039
0.092
0.094
-0.029
0.025
0.011
0.029
-0.091
-0.217
-0.256
-0.415
-0.339
-0.454
-0.333
-0.376
-0.346
-0.194
-0.119
-0.072
-0.149
0.061
-0.03
-0.079
-0.024
-0.103
-0.075
0.11
0.171
0.288
0.304
0.199
0.356
0.19
0.297
0.281
0.168
0.253
0.414
0.22
0.329
0.466
0.391
0.526
0.47
0.494
0.441
0.54
0.531
0.551
0.508
0.59
0.517
0.409
0.211
0.27
0.29
0.333
0.479
0.299
0.27
0.244
0.239
0.273
0.233
0.367
0.229
0.119
0.212
0.09
0.2
0.468
0.352
0.4
0.362
0.253
0.203
0.233
0.25
0.159
0.161
0.18
0.259
0.29
0.265
0.515
0.318
0.388
0.341
0.216
0.379
0.549
0.381
0.473
0.324
0.281
0.367
0.438
0.274
0.307
0.294
0.311
0.427
0.463
0.545
0.511
0.46
0.55
0.596
0.478
0.536
0.69
0.618
0.604
0.512
0.448
0.463
0.474
0.461
0.439
0.385
0.453
0.508
0.544
0.362
0.422
0.448
0.374
0.425
0.419
0.413
0.427
0.384
0.275
0.283
0.29
0.07
-0.124
-0.138
-0.466
-0.531
-0.541
-0.594
-0.904
-0.691
-0.738
-1.08
-1.136
-1.181
-1.241
-1.274
-1.163
-1.34
-1.419
-1.356
-1.463
-1.3
-1.258
-1.146
-1.081
-0.843
-0.791
-0.751
-0.569
-0.686
-0.654
-0.689
-0.51
-0.529
-0.422
-0.242
0.054
0.151
0.109
0.244
0.378
0.573
0.768
0.868
0.917
1.041
1.136
1.06
1.15
1.305
1.114
1.008
1.255
1.189
1.022
0.989
1.012
0.961
1.014
0.927
1.0
0.854
0.929
0.816
0.753
0.736
0.741
0.759
0.688
0.749
0.54
0.271
0.426
0.128
0.077
-0.021
-0.056
-0.206
-0.119
0.029
-0.141
-0.199
-0.238
-0.23
-0.331
-0.211
-0.125
-0.164
-0.17
-0.376
-0.511
-0.324
-0.438
-0.29
-0.509
-0.525
-0.638
-0.534
-0.583
-0.275
-0.541
-0.37
-0.28
-0.242
-0.426
-0.201
-0.019
-0.011
0.046
-0.029
0.072
0.205
0.003
0.062
0.039
-0.088
0.031
0.004
0.005
0.028
-0.139
-0.22
-0.124
0.104
-0.01
-0.001
-0.07
0.299
0.184
0.251
0.285
0.268
0.432
0.435
0.36
0.266
0.175
0.22
0.383
0.448
0.516
0.556
0.431
0.446
0.365
0.481
0.355
0.338
0.496
0.623
0.595
0.434
0.426
0.359
-0.058
-0.031
-0.065
0.0
-0.014
0.019
0.179
0.155
0.359
0.52
0.562
0.606
0.657
0.741
0.657
0.815
0.845
0.894
0.896
0.961
0.881
0.86
0.927
0.874
0.885
0.856
1.045
1.09
1.012
1.12
1.159
1.252
1.124
1.151
1.044
0.84
0.759
0.749
0.721
0.536
0.521
0.501
0.388
0.344
0.141
0.149
-0.238
-0.475
-0.57
-0.521
-0.959
-1.004
-1.041
-1.058
-1.073
-1.049
-1.083
-1.11
-1.113
-0.96
-0.98
-0.699
-0.782
-0.956
-0.955
-0.917
-1.039
-0.853
-0.948
-0.958
-1.041
-0.818
-0.866
-0.64
-0.596
-0.44
-0.274
-0.263
0.026
0.141
0.351
0.394
0.46
0.554
0.681
0.6
0.606
0.86
0.75
0.571
0.618
0.362
0.357
0.339
0.268
0.241
0.152
-0.179
0.101
-0.077
-0.364
-0.505
-0.413
-0.49
-0.54
-0.606
-0.644
-0.585
-0.615
-0.549
-0.489
-0.55
-0.571
-0.464
-0.446
-0.478
-0.499
-0.385
-0.381
-0.468
-0.546
-0.535
-0.482
-0.484
-0.547
-0.677
-0.704
-0.749
-0.759
-0.955
-0.779
-0.749
-0.73
-0.618
-0.705
-0.526
-0.559
-0.47
-0.503
-0.361
-0.36
-0.29
-0.196
-0.176
-0.104
-0.006
0.121
0.256
0.215
0.211
0.041
-0.054
0.071
0.094
0.26
0.274
0.349
0.439
0.374
0.324
0.307
0.27
0.048
-0.079
0.031
-0.326
-0.448
-0.364
-0.46
-0.659
-0.557
-0.625
-0.703
-0.688
-0.815
-0.759
-0.731
-0.768
-0.78
-0.739
-0.665
-0.512
-0.367
-0.321
-0.379
-0.22
-0.221
-0.194
-0.23
-0.465
-0.455
-0.314
-0.321
-0.253
-0.229
-0.156
-0.216
-0.492
-0.297
-0.4
-0.44
-0.376
-0.263
-0.258
-0.23
-0.372
-0.356
-0.41
-0.396
-0.459
-0.346
-0.334
-0.134
-0.223
-0.052
0.092
0.098
0.034
0.062
0.131
0.049
-0.013
0.041
0.086
0.206
0.126
0.25
0.297
0.25
0.124
0.081
0.062
0.094
-0.081
-0.185
-0.24
-0.209
-0.304
-0.461
-0.432
-0.275
-0.362
-0.118
-0.021
-0.004
0.219
0.22
-0.076
-0.201
-0.234
-0.398
-0.531
-0.385
-0.536
-0.306
-0.307
-0.229
-0.234
-0.349
-0.311
-0.174
-0.217
-0.019
0.129
0.106
-0.046
-0.069
-0.245
-0.335
-0.294
-0.115
0.079
0.031
0.21
0.241
0.196
0.13
0.2
0.372
0.246
0.386
0.32
0.254
0.316
0.253
0.217
0.229
0.384
0.474
0.429
0.42
0.511
0.399
0.453
0.438
0.443
0.555
0.443
0.545
0.475
0.356
0.309
0.367
0.301
0.431
0.449
0.439
0.465
0.415
0.396
0.299
0.209
0.165
0.101
0.152
0.145
0.106
0.003
0.185
0.239
0.372
0.421
0.388
0.354
0.409
0.336
0.512
0.41
0.546
0.562
0.495
0.52
0.595
0.557
0.6
0.47
0.551
0.438
0.491
0.581
0.529
0.524
0.657
0.545
0.481
0.475
0.49
0.184
0.089
0.208
0.163
0.21
0.2
0.121
0.104
-0.026
-0.104
-0.241
-0.343
-0.33
-0.405
-0.339
-0.261
-0.19
-0.185
-0.279
-0.278
-0.361
-0.179
-0.173
-0.104
-0.013
-0.024
-0.075
-0.118
-0.131
-0.129
-0.109
-0.021
-0.276
-0.289
-0.311
-0.371
-0.301
-0.326
-0.364
-0.396
-0.296
-0.345
-0.394
-0.273
-0.409
-0.473
-0.536
-0.624
-0.497
-0.56
-0.689
-0.659
-0.811
-0.826
-0.58
-0.453
-0.456
-0.484
-0.414
-0.436
-0.338
-0.133
-0.036
-0.01
0.084
0.184
0.195
0.241
0.296
0.424
0.374
0.305
0.419
0.182
0.185
0.241
0.152
0.066
0.338
0.253
0.343
0.389
0.21
0.321
0.5
0.522
0.677
0.751
0.733
0.794
0.907
0.878
0.839
0.888
0.869
0.715
0.646
0.417
0.271
0.279
0.059
0.069
0.318
0.152
0.189
0.14
0.091
0.033
-0.231
-0.182
-0.2
-0.374
-0.385
-0.271
-0.212
-0.211
-0.156
-0.285
-0.189
-0.219
-0.214
-0.141
-0.292
-0.345
-0.416
-0.38
-0.269
-0.33
-0.246
-0.263
-0.165
-0.21
-0.36
-0.542
-0.449
-0.481
-0.334
-0.534
-0.474
-0.675
-0.818
-0.693
-0.519
-0.645
-0.61
-0.655
-0.616
-0.649
-0.585
-0.503
-0.496
-0.284
-0.569
-0.46
-0.514
-0.328
-0.379
-0.152
0.03
0.138
0.168
0.208
0.455
0.333
0.435
0.356
0.319
0.201
0.491
0.575
0.464
0.479
0.568
0.755
0.774
0.981
0.951
1.24
1.127
1.01
1.07
0.98
0.909
0.823
0.744
0.728
0.608
0.505
0.454
0.401
0.506
0.215
0.06
0.106
0.056
-0.113
-0.28
-0.325
-0.259
-0.311
-0.464
-0.556
-0.554
-0.64
-0.289
-0.285
-0.216
-0.319
-0.054
-0.051
-0.005
-0.005
-0.099
0.201
0.325
0.391
0.413
0.47
0.481
0.571
0.584
0.682
0.749
0.951
0.96
0.894
1.085
1.028
0.864
0.922
0.902
0.804
0.755
0.821
0.667
0.662
0.65
0.584
0.434
0.561
0.509
0.474
0.461
0.55
0.399
0.242
0.139
-0.013
-0.059
-0.122
-0.08
0.256
0.035
0.065
0.069
0.07
0.149
0.031
0.066
-0.081
-0.245
-0.247
-0.268
-0.391
-0.389
-0.421
-0.431
-0.555
-0.623
-0.46
-0.336
-0.324
-0.427
-0.514
-0.519
-0.576
-0.559
-0.696
-0.71
-0.545
-0.36
-0.225
-0.292
-0.221
-0.152
-0.081
-0.233
-0.015
-0.051
-0.088
0.009
-0.147
-0.094
-0.028
-0.156
-0.141
-0.159
-0.246
-0.19
-0.16
-0.198
-0.195
-0.28
-0.29
-0.015
-0.147
0.019
-0.033
0.124
0.14
0.11
0.05
-0.014
0.04
0.184
0.049
-0.106
-0.242
-0.146
-0.283
-0.361
-0.381
-0.394
-0.619
-0.657
-0.784
-0.758
-0.841
-0.713
-0.656
-0.578
-0.664
-0.625
-0.65
-0.481
-0.565
-0.306
-0.31
-0.1
-0.076
0.111
0.2
0.396
0.647
0.675
0.777
0.89
0.662
0.439
0.514
0.489
0.656
0.858
0.856
0.936
0.886
0.984
0.916
0.914
1.0
1.011
0.907
0.849
0.939
1.09
0.984
0.998
0.975
0.863
0.776
0.745
0.709
0.52
0.515
0.37
0.542
0.39
0.314
0.441
0.556
0.405
0.478
0.395
0.405
0.495
0.635
0.794
0.869
0.625
0.87
0.868
0.781
0.786
0.662
0.765
0.646
0.691
0.574
0.465
0.274
-0.043
-0.174
-0.179
-0.404
-0.344
-0.405
-0.444
-0.568
-0.53
-0.601
-0.708
-0.804
-0.98
-0.809
-0.733
-0.768
-0.836
-0.932
-0.772
-0.868
-0.784
-0.964
-0.866
-0.896
-0.714
-0.489
-0.464
-0.366
-0.281
-0.285
-0.163
-0.061
-0.085
-0.079
-0.096
-0.092
-0.033
0.109
0.02
-0.084
-0.007
-0.196
-0.305
-0.459
-0.44
-0.491
-0.517
-0.499
-0.578
-0.568
-0.675
-0.404
-0.401
-0.525
-0.469
-0.389
-0.517
-0.589
-0.504
-0.509
-0.574
-0.309
-0.211
-0.265
-0.216
-0.336
-0.535
-0.573
-0.615
-0.435
-0.432
-0.386
-0.315
-0.176
-0.103
-0.151
-0.115
-0.41
-0.348
-0.362
-0.487
-0.484
-0.383
-0.489
-0.324
-0.379
-0.334
-0.405
-0.351
-0.309
-0.426
-0.47
-0.497
-0.651
-0.487
-0.646
-0.559
-0.685
-0.751
-0.688
-0.824
-0.796
-0.545
-0.645
-0.676
-0.669
-0.275
-0.479
-0.315
-0.31
-0.09
-0.041
0.019
0.011
0.169
0.169
0.295
0.274
0.379
0.5
0.581
0.656
0.684
0.636
0.595
0.604
0.487
0.54
0.531
0.601
0.718
0.638
0.651
0.63
0.85
0.58
0.589
0.484
0.556
0.664
0.72
0.685
0.672
0.656
0.576
0.439
0.413
0.31
0.191
0.241
0.247
0.341
0.037
-0.07
-0.111
-0.103
-0.156
-0.212
-0.261
-0.059
-0.224
-0.208
-0.141
-0.301
-0.12
-0.107
-0.08
0.022
0.156
0.029
0.01
-0.064
-0.039
0.074
-0.028
0.121
0.16
0.128
0.263
0.254
0.247
0.209
0.388
0.386
0.509
0.554
0.48
0.487
0.496
0.416
0.487
0.46
0.508
0.391
0.253
0.12
-0.049
-0.054
-0.158
-0.022
-0.203
-0.309
-0.32
-0.497
-0.401
-0.439
-0.536
-0.615
-0.64
-0.708
-0.666
-0.743
-0.927
-0.571
-0.53
-0.512
-0.751
-0.789
-0.873
-0.756
-0.693
-0.526
-0.621
-0.521
-0.497
-0.335
-0.25
-0.312
-0.469
-0.264
-0.228
-0.28
-0.189
-0.118
-0.074
-0.122
0.026
0.007
-0.041
0.09
0.14
-0.005
-0.069
-0.118
-0.109
-0.121
-0.279
-0.432
-0.584
-0.497
-0.802
-0.519
-0.701
-0.758
-0.633
-0.463
-0.283
-0.376
-0.168
-0.014
0.031
0.198
0.372
0.208
0.174
0.092
0.122
0.19
0.214
0.188
0.149
0.223
0.071
-0.066
-0.089
-0.01
0.036
-0.12
0.02
-0.215
-0.134
-0.165
-0.249
-0.278
-0.375
-0.409
-0.509
-0.522
-0.589
-0.486
-0.562
-0.494
-0.463
-0.425
-0.356
-0.362
-0.458
-0.406
-0.413
-0.297
-0.352
-0.355
-0.06
-0.092
-0.09
-0.156
-0.118
-0.109
-0.092
-0.049
-0.033
-0.07
-0.019
-0.036
0.005
0.301
0.209
0.238
0.27
0.36
0.57
0.378
0.359
0.424
0.746
0.605
0.646
0.628
0.614
0.456
0.421
0.4
0.352
0.366
0.408
0.39
0.314
0.216
0.18
0.173
0.126
0.122
0.039
-0.149
-0.143
-0.048
-0.14
-0.07
-0.107
0.064
0.051
0.175
0.076
0.128
0.128
-0.031
-0.041
0.0
-0.031
0.034
-0.085
-0.077
-0.046
-0.109
0.037
0.071
0.089
0.164
0.276
0.324
0.284
0.393
0.352
0.328
0.241
0.388
0.254
0.174
0.221
0.16
0.198
0.163
0.403
0.265
0.349
0.309
0.379
0.26
0.225
0.309
0.211
0.304
0.557
0.549
0.605
0.564
0.568
0.534
0.568
0.421
0.283
0.08
-0.074
-0.275
-0.26
-0.29
-0.283
-0.189
-0.296
-0.329
-0.306
-0.302
-0.266
-0.217
-0.152
-0.077
-0.022
-0.014
-0.107
0.044
0.041
0.122
0.163
0.285
0.446
0.367
0.356
0.422
0.515
0.471
0.345
0.16
0.191
0.09
0.1
0.203
0.05
0.31
0.473
0.443
0.464
0.346
0.458
0.349
0.311
0.396
0.185
0.085
-0.04
-0.007
-0.015
0.121
-0.069
-0.1
-0.034
-0.026
-0.199
-0.182
-0.174
-0.095
-0.219
-0.384
-0.631
-0.47
-0.534
-0.571
-0.686
-0.836
-0.71
-0.575
-0.595
-0.531
-0.444
-0.47
-0.275
-0.339
-0.422
-0.275
-0.356
-0.398
-0.362
-0.429
-0.326
-0.394
-0.276
-0.165
-0.089
-0.118
0.085
0.19
0.143
0.201
0.246
0.201
0.254
0.24
0.259
0.201
0.116
0.121
-0.045
0.021
0.164
0.14
0.155
0.163
0.383
0.31
0.383
0.529
0.611
0.417
0.275
0.289
0.315
0.113
0.043
0.071
0.071
-0.04
-0.128
-0.224
-0.233
-0.399
-0.264
-0.421
-0.145
-0.224
-0.326
-0.27
-0.338
-0.331
-0.369
-0.323
-0.214
-0.179
-0.13
-0.273
-0.302
-0.239
-0.189
-0.066
0.188
0.215
0.283
0.416
0.517
0.805
0.881
0.929
0.758
0.9
0.774
0.751
0.705
0.54
0.461
0.432
0.318
0.236
0.143
-0.022
-0.024
-0.039
-0.125
-0.08
-0.203
-0.05
0.013
-0.086
0.066
0.155
0.256
0.425
0.111
0.27
0.259
0.3
0.176
0.221
0.339
0.25
0.27
0.304
0.297
0.07
-0.055
-0.188
-0.235
-0.389
-0.454
-0.375
-0.349
-0.371
-0.159
-0.209
-0.03
-0.128
-0.081
-0.325
-0.52
-0.569
-0.741
-0.753
-0.684
-0.649
-0.889
-0.681
-0.804
-0.802
-0.694
-0.829
-0.831
-0.779
-0.625
-0.316
-0.578
-0.431
-0.176
-0.052
0.278
0.323
0.54
0.708
0.672
0.74
0.92
0.92
1.085
1.039
1.06
1.266
1.43
1.585
1.585
1.715
1.654
1.72
1.904
2.004
2.014
2.1
2.131
2.181
2.188
2.07
1.713
1.651
1.651
1.49
1.401
1.742
1.566
1.756
1.68
1.741
1.669
1.665
1.698
1.545
1.522
1.316
1.259
1.433
1.441
1.495
1.214
1.011
1.042
0.941
0.869
0.619
0.711
0.585
0.61
0.408
0.265
0.203
0.154
0.086
-0.049
-0.158
-0.169
-0.289
-0.185
-0.256
-0.422
-0.499
-0.532
-0.57
-0.708
-0.698
-0.71
-0.539
-0.703
-0.703
-0.955
-0.93
-0.796
-0.84
-0.879
-0.794
-0.776
-0.955
-1.032
-1.036
-0.921
-1.071
-1.061
-1.126
-1.071
-0.98
-1.073
-0.814
-0.614
-0.56
-0.444
-0.278
-0.113
0.205
0.463
0.792
0.626
0.599
0.598
0.699
0.829
0.784
0.675
0.733
0.738
0.735
0.596
0.696
0.873
0.994
1.139
1.221
1.278
1.206
1.134
1.131
1.252
1.193
1.141
0.936
0.779
0.638
0.544
0.321
0.292
0.451
0.138
0.211
0.193
0.169
0.361
0.354
0.4
0.196
0.101
-0.04
-0.288
-0.266
-0.335
-0.391
-0.42
-0.468
-0.329
-0.336
-0.395
-0.519
-0.569
-0.568
-0.496
-0.67
-0.629
-0.615
-0.45
-0.48
-0.416
-0.458
-0.568
-0.539
-0.611
-0.675
-0.51
-0.605
-0.621
-0.713
-0.618
-0.615
-0.463
-0.316
-0.309
-0.486
-0.785
-0.85
-0.67
-0.696
-0.848
-0.936
-1.015
-1.005
-1.001
-0.93
-0.939
-0.971
-0.8
-0.861
-0.809
-0.649
-0.595
-0.464
-0.22
-0.336
-0.484
-0.355
-0.114
-0.036
-0.058
0.175
0.152
0.168
0.17
0.244
0.307
0.301
0.425
0.225
0.376
0.316
0.319
0.266
0.203
0.158
0.135
0.086
-0.034
-0.099
-0.109
-0.196
-0.124
-0.022
0.01
-0.158
-0.146
-0.138
-0.276
-0.356
-0.295
-0.007
-0.485
-0.487
-0.375
-0.44
-0.478
-0.545
-0.571
-0.41
-0.215
-0.35
-0.326
-0.024
-0.409
-0.413
-0.28
-0.339
-0.314
-0.066
-0.139
-0.22
-0.136
-0.056
-0.069
-0.003
0.216
0.177
0.356
0.364
0.516
0.375
0.424
0.416
0.406
0.357
0.486
0.573
0.701
0.799
0.861
0.715
0.749
0.676
0.61
0.497
0.537
0.43
0.429
0.475
0.134
-0.037
-0.128
-0.365
-0.485
-0.506
-0.693
-0.823
-0.724
-1.011
-1.001
-1.074
-1.121
-1.209
-1.371
-1.463
-1.554
-1.671
-1.554
-1.51
-1.667
-1.58
-1.469
-1.315
-1.265
-1.139
-0.989
-0.897
-0.656
-0.753
-0.79
-0.716
-0.589
-0.603
-0.537
-0.425
-0.405
-0.344
-0.249
-0.171
-0.156
0.055
0.109
0.096
0.369
0.246
0.539
0.794
0.746
0.968
1.002
1.215
1.221
1.246
1.347
1.222
1.204
1.314
1.311
1.379
1.475
1.626
1.698
1.671
1.65
1.52
1.232
1.371
