-1.406
-1.376
-1.417
-1.304
-1.205
-1.126
-1.086
-1.046
-0.724
-0.765
-0.556
-0.399
-0.21
-0.119
0.03
0.111
0.362
0.29
0.383
0.701
0.514
0.429
0.69
0.841
0.801
0.919
0.916
1.019
1.285
1.354
1.454
1.211
1.174
1.259
1.188
0.943
1.174
1.325
1.354
1.435
1.43
1.521
1.569
1.518
1.659
1.759
1.66
1.685
1.516
1.429
1.266
1.089
0.655
1.021
0.956
0.984
0.787
0.797
0.789
0.749
0.758
0.537
0.561
0.473
0.276
0.004
0.185
-0.255
-0.385
-0.233
-0.61
-0.801
-0.876
-0.924
-1.026
-1.43
-1.431
-1.226
-1.32
-1.344
-1.441
-1.565
-1.736
-1.591
-1.646
-1.755
-1.636
-1.529
-1.506
-1.499
-1.044
-1.069
-1.153
-0.953
-0.753
-0.708
-0.73
-0.733
-0.605
-0.427
-0.228
-0.09
0.136
0.289
0.334
0.499
0.424
0.42
0.684
0.746
0.907
0.698
0.676
0.965
0.958
1.075
1.265
1.146
1.219
1.174
1.329
1.065
1.213
1.179
0.868
0.674
0.305
0.065
-0.096
-0.328
-0.289
-0.514
-0.444
-0.241
-0.19
-0.281
-0.296
-0.385
-0.529
-0.443
-0.522
-0.333
-0.509
-0.486
-0.395
-0.51
-0.609
-0.65
-0.361
-0.352
-0.216
-0.083
-0.324
-0.333
-0.223
-0.384
-0.356
-0.389
-0.459
-0.522
-0.527
-0.465
-0.461
-0.539
-0.51
-0.621
-0.307
-0.45
-0.526
-0.388
-0.115
-0.111
-0.03
0.155
0.126
0.01
0.046
0.119
0.169
0.2
0.181
-0.072
-0.129
0.049
-0.037
-0.054
-0.099
-0.056
-0.039
-0.074
-0.215
-0.149
-0.114
-0.189
-0.176
0.194
0.217
0.211
0.364
0.398
0.269
0.443
0.314
0.484
0.53
0.585
0.719
0.829
0.719
0.657
0.53
0.635
0.684
0.881
0.836
0.768
0.983
0.961
1.213
1.1
1.149
1.117
1.114
0.929
0.859
0.848
0.735
0.62
0.556
0.691
0.647
0.734
0.485
0.371
0.431
0.401
0.463
0.38
0.464
0.224
0.201
0.091
-0.096
-0.058
-0.273
-0.244
-0.305
-0.354
-0.233
-0.388
-0.448
-0.399
-0.276
-0.149
-0.083
0.06
0.156
0.098
0.251
0.209
0.205
0.188
0.12
0.126
0.283
0.343
0.517
0.312
0.349
0.374
0.221
0.302
0.359
0.456
0.425
0.301
0.233
0.005
0.022
-0.041
-0.174
-0.069
0.074
0.147
0.146
0.255
0.075
-0.028
0.074
0.039
0.186
0.29
0.069
0.174
0.11
-0.211
-0.351
-0.344
-0.404
-0.306
-0.246
0.12
0.199
0.158
0.122
-0.098
-0.291
-0.13
-0.054
-0.044
0.133
0.261
0.366
0.456
0.595
0.685
0.723
0.59
0.537
0.64
0.623
0.792
0.636
0.806
0.763
0.791
0.932
1.008
1.186
1.06
1.103
0.975
0.704
0.589
0.33
0.47
0.375
0.154
0.245
0.089
0.285
0.378
0.189
0.214
0.033
-0.164
-0.084
-0.299
-0.214
-0.459
-0.514
-0.454
-0.446
-0.309
-0.181
-0.242
-0.103
-0.11
0.026
-0.036
-0.15
-0.241
-0.205
-0.269
-0.212
-0.198
-0.118
-0.189
-0.188
-0.241
-0.405
-0.281
-0.046
0.072
-0.105
-0.079
-0.094
-0.406
-0.339
-0.422
-0.46
-0.429
-0.508
-0.537
-0.517
-0.693
-0.606
-0.693
-0.659
-0.652
-0.484
-0.345
-0.381
-0.465
-0.611
-0.78
-0.814
-0.721
-0.865
-0.845
-0.988
-0.869
-1.019
-1.126
-1.355
-1.245
-1.262
-1.196
-1.161
-0.996
-1.09
-1.101
-0.905
-0.675
-0.531
-0.529
-0.421
-0.79
-0.89
-0.897
-0.841
-0.67
-0.69
-0.461
-0.296
-0.291
-0.333
-0.159
-0.17
-0.041
0.152
0.42
0.529
0.534
0.56
0.415
0.527
0.506
0.47
0.309
0.161
0.314
0.436
0.547
0.761
0.912
0.693
0.633
0.343
0.05
0.186
0.261
0.529
0.774
0.84
0.91
0.853
0.655
0.693
0.665
0.49
0.404
0.284
0.355
0.171
0.08
0.179
0.116
-0.006
-0.054
-0.03
0.119
0.01
0.05
0.165
0.046
-0.144
-0.242
-0.485
-0.521
-0.532
-0.466
-0.555
-0.5
-0.111
-0.125
-0.284
-0.299
-0.466
-0.478
-0.217
-0.17
-0.129
-0.098
0.301
-0.052
-0.024
0.12
0.261
0.699
0.76
1.001
0.945
0.78
0.886
0.905
1.096
1.129
1.219
1.074
0.989
0.896
0.581
0.743
0.604
0.84
0.841
0.66
0.503
0.511
0.487
0.38
0.478
0.519
0.38
-0.03
-0.161
-0.339
-0.525
-0.829
-0.902
-0.795
-0.564
-0.49
-0.551
-0.514
-0.489
-0.393
-0.403
-0.615
-0.79
-0.714
-0.858
-0.705
-1.127
-1.004
-1.161
-1.061
-1.018
-0.983
-0.714
-0.656
-0.569
-0.578
-0.725
-0.685
-0.491
-0.309
-0.154
-0.101
-0.26
0.009
-0.113
-0.018
-0.004
-0.305
-0.138
-0.351
-0.465
-0.231
-0.349
-0.173
-0.075
0.169
0.198
0.304
0.215
0.247
0.416
0.464
0.438
0.478
0.482
0.51
0.539
0.749
0.73
0.935
1.081
1.161
1.215
1.234
1.21
1.126
1.292
1.195
1.289
1.22
0.868
0.876
0.487
0.574
0.519
0.594
0.725
0.824
1.09
0.815
1.035
0.921
0.96
1.153
1.109
1.189
1.175
1.165
1.565
1.235
1.21
1.565
1.528
1.516
1.742
1.133
2.185
2.055
2.099
2.009
1.771
1.449
1.324
1.157
1.062
0.792
0.629
0.508
0.547
0.675
0.521
0.401
0.438
0.31
0.328
0.176
0.043
-0.177
-0.324
-0.435
-0.52
-0.645
-0.789
-0.635
-0.768
-0.708
-0.615
-0.651
-0.578
-0.45
-0.62
-0.492
-0.631
-0.571
-0.578
-0.509
-0.425
-0.516
-0.323
-0.645
-0.561
-0.541
-0.551
-0.504
-0.593
-0.605
-0.623
-0.698
-0.811
-0.83
-0.799
-0.819
-0.907
-1.004
-0.855
-1.109
-1.12
-1.116
-0.976
-0.955
-0.943
-0.652
-0.59
-0.599
-0.644
-0.448
-10.336
-0.789
-0.826
-0.98
-1.069
-0.945
-0.9
-0.644
-0.509
-0.596
-0.522
-0.355
-0.26
-0.307
-0.561
-0.346
-0.256
-0.201
-0.176
-0.284
-0.378
-0.48
-0.261
-0.365
-0.21
-0.226
-0.271
-0.261
-0.301
-0.431
-0.389
-0.44
-0.417
-0.25
-0.189
-0.169
-0.37
-0.224
-0.335
-0.265
-0.221
-0.075
0.015
0.133
0.383
0.334
0.391
0.449
0.531
0.289
0.394
0.24
0.315
0.53
0.345
0.359
0.463
0.494
0.539
0.554
0.92
0.999
0.945
0.973
1.048
1.061
0.95
1.041
1.002
0.754
0.87
0.661
0.761
0.67
0.634
0.595
0.685
0.874
0.906
0.886
0.736
0.634
0.496
0.473
0.682
0.723
0.634
0.657
0.698
0.474
0.489
0.573
0.698
0.851
0.843
0.669
0.574
0.461
0.23
-0.018
-0.188
-0.331
-0.599
-0.554
-0.35
-0.445
-0.506
-0.463
-0.461
-0.554
-0.446
-0.63
-0.789
-0.815
-0.934
-0.719
-0.779
-0.833
-0.811
-0.981
-0.834
-0.901
-0.539
-0.665
-0.589
-0.634
-0.489
-0.32
-0.27
-0.199
-0.22
-0.3
-0.193
-0.184
-0.025
-0.122
-0.089
-0.04
0.035
0.077
0.039
0.15
0.113
0.005
-0.059
-0.06
-0.071
-0.158
-0.16
-0.054
0.091
0.236
0.38
0.661
0.71
0.818
0.67
0.583
0.624
0.466
0.579
0.659
0.484
0.349
0.36
0.338
0.136
-0.17
-0.215
-0.37
-0.458
-0.825
-0.74
-1.001
-1.109
-1.221
-1.252
-1.119
-0.914
-0.893
-0.889
-0.864
-0.851
-0.829
-0.901
-1.032
-1.022
-0.963
-0.669
-0.628
-0.443
-0.596
-0.733
-0.53
-0.465
-0.506
-0.596
-0.425
-0.445
-0.365
-0.396
-0.278
-0.182
-0.305
-0.384
0.01
0.03
0.015
0.176
-0.019
0.176
0.074
-0.12
-0.055
0.118
0.193
0.475
0.491
0.675
0.54
0.675
0.585
0.728
0.619
0.674
0.546
0.413
0.179
0.168
0.168
0.201
0.265
0.215
0.182
0.185
0.02
-0.217
-0.274
-0.339
-0.399
-0.474
-0.336
-0.443
-0.391
-0.32
-0.47
-0.671
-0.838
-0.8
-0.961
-0.771
-0.652
-0.556
-0.506
-0.527
-0.521
-0.638
-0.47
-0.075
-0.136
0.045
0.014
-0.107
-0.06
-0.036
-0.03
-0.388
-0.398
-0.44
-0.231
-0.302
-0.401
-0.039
-0.36
-0.439
-0.343
-0.241
-0.324
-0.371
-0.641
-0.781
-0.645
-0.821
-0.614
-0.589
-0.508
-0.629
-0.666
-0.688
-0.62
-0.537
-0.638
-0.554
-0.599
-0.425
-0.408
-0.299
-0.286
-0.22
-0.07
-0.019
0.229
0.212
0.351
0.362
0.385
0.325
0.279
0.431
0.296
0.306
0.445
0.574
0.598
0.408
0.424
0.254
0.201
0.085
0.133
-0.154
-0.364
-0.403
-0.603
-0.652
-0.835
-0.646
-0.644
-0.916
-1.049
-1.216
-1.366
-1.546
-1.195
-0.916
-0.87
-0.89
-1.189
-1.336
-1.374
-1.21
-1.015
-0.776
-0.665
-0.726
-0.603
-0.936
-0.848
-0.531
-0.552
-0.259
-0.216
-0.052
0.159
0.514
0.403
0.474
0.473
0.43
0.26
0.119
0.189
0.184
-0.181
-0.281
-0.169
-0.1
0.056
0.463
0.647
0.586
0.414
0.417
0.089
0.206
0.223
0.389
0.06
0.615
0.794
0.98
1.125
0.958
1.015
1.218
1.151
1.51
1.788
1.883
2.049
2.154
2.033
1.938
1.81
1.944
1.916
2.025
1.79
1.735
1.88
1.752
1.844
1.776
1.859
1.953
1.765
1.554
1.613
1.508
1.396
1.127
1.086
0.889
0.981
0.871
0.821
0.61
0.618
0.744
0.728
0.807
0.708
0.636
0.152
-0.009
-0.13
-0.177
-0.275
-0.276
-0.376
-0.359
-0.274
-0.333
-0.499
-0.54
-0.475
-0.411
-0.556
-0.463
-0.459
-0.307
-0.484
-0.532
-0.494
-0.329
-0.47
-0.677
-0.735
-0.512
-0.556
-0.568
-0.388
-0.309
-0.316
-0.43
-0.834
-0.946
-0.974
-1.107
-0.902
-0.948
-0.795
-0.555
-0.378
-0.314
-0.29
-0.288
-0.376
-0.291
-0.254
-0.35
-0.515
-0.39
-0.62
-0.646
-0.583
-0.674
-0.481
-0.263
-0.357
-0.416
-0.408
-0.275
-0.164
-0.121
-0.018
0.065
0.146
0.215
0.255
0.266
0.401
0.409
0.326
0.366
0.206
0.249
0.492
0.435
0.487
0.331
0.246
0.119
-0.061
0.085
0.312
0.348
0.406
0.539
0.713
0.886
0.921
0.92
1.069
1.059
1.1
0.984
0.719
0.71
0.557
-0.214
0.345
0.65
0.633
0.729
0.743
0.921
1.001
1.09
1.099
1.052
1.228
1.261
1.16
0.941
1.014
0.806
0.621
0.521
0.521
0.451
0.408
0.516
0.429
0.383
0.451
0.378
0.333
0.319
0.306
0.258
0.255
0.226
0.133
0.111
-0.037
-0.056
-0.024
0.004
0.084
0.01
0.015
0.056
0.185
0.085
0.064
-0.221
-0.241
-0.242
-0.241
-0.385
-0.391
-0.156
-0.406
-0.445
-0.469
-0.294
-0.185
-0.043
0.176
0.357
0.383
0.48
0.4
0.624
0.495
0.383
0.255
0.028
0.168
0.131
0.319
0.242
0.083
-0.062
-0.22
-0.131
-0.036
0.131
0.234
0.25
0.305
0.166
0.219
0.299
0.228
0.072
0.048
0.039
-0.041
-0.235
-0.269
-0.331
-0.394
-0.542
-0.825
-0.764
-0.829
-0.785
-0.739
-0.71
-0.699
-0.492
-0.646
-0.624
-0.65
-0.672
-0.559
-0.441
-0.362
-0.385
-0.44
-0.321
-0.534
-0.5
-0.517
-0.761
-0.675
-0.691
-0.688
-0.601
-0.756
-0.441
-0.562
-0.33
-0.364
-0.251
-0.345
-0.517
-0.504
-0.713
-0.655
-0.601
-0.713
-0.881
-0.824
-0.73
-0.753
-0.606
-0.68
-0.753
-0.603
-0.95
-0.855
-0.791
-0.726
-0.661
-0.594
-0.655
-0.671
-0.552
-0.566
-0.143
-0.464
-0.494
-0.379
-0.27
-0.456
-0.555
-0.445
-0.221
-0.081
0.259
0.398
0.645
0.666
0.733
0.574
0.611
0.749
0.777
0.806
0.881
0.818
0.73
0.426
0.346
0.465
0.581
0.436
0.403
0.294
0.299
0.171
0.212
0.098
-0.136
0.08
0.075
0.054
0.015
0.044
-0.065
-0.099
-0.307
-0.52
-0.72
-0.555
-0.569
-0.464
-0.43
-0.537
-0.217
-0.364
-0.242
-0.228
-0.086
-0.086
-0.304
-0.198
-0.103
0.031
-0.014
-0.024
-0.006
0.055
-0.05
-0.168
-0.109
-0.003
-0.013
0.32
0.2
0.249
0.413
0.113
0.139
0.208
0.406
0.731
0.761
0.874
0.751
0.787
0.644
0.496
0.745
0.654
0.755
0.772
0.725
0.81
1.14
1.149
1.12
0.904
0.838
0.619
0.54
0.465
0.062
-0.135
-0.129
-0.254
-0.14
-0.427
-0.44
-0.289
-0.245
-0.321
-0.509
-0.256
-0.158
-0.306
-0.16
-0.121
-0.075
-0.135
-0.176
0.077
0.029
0.217
0.134
0.161
0.094
0.07
0.076
-0.003
-0.005
0.04
0.357
0.413
0.621
0.521
0.503
0.345
0.014
0.131
0.241
0.201
0.125
0.113
0.372
0.216
0.324
0.357
0.331
0.603
0.486
0.439
0.463
0.334
0.524
0.266
0.199
0.225
0.203
0.235
0.052
-0.184
-0.324
-0.26
-0.177
-0.201
-0.13
-0.009
-0.206
-0.29
-0.349
-0.391
-0.345
-0.251
0.062
0.071
-0.04
-0.07
-0.066
0.131
0.154
-0.026
-0.314
-0.033
-0.113
-0.139
-0.101
-0.21
0.143
0.138
0.286
0.336
0.33
0.301
0.45
0.635
0.895
0.826
0.885
0.815
0.901
1.011
1.175
0.974
1.18
1.039
1.016
0.899
0.851
0.893
0.772
0.75
0.77
0.821
0.787
0.459
0.399
0.345
0.19
0.269
0.16
0.085
0.217
0.435
0.536
0.57
0.469
0.351
0.524
0.609
0.6
0.294
0.383
0.223
0.239
0.417
0.514
0.544
0.449
0.55
0.537
0.652
0.419
0.295
0.326
0.194
0.065
-0.05
-0.107
-0.004
-0.228
-0.235
-0.329
-0.29
-0.115
-0.312
-0.223
-0.224
-0.185
0.056
0.021
0.066
0.349
0.275
0.506
0.579
0.879
0.87
0.851
0.989
0.75
0.554
0.47
0.271
0.241
0.296
0.45
0.432
0.329
0.314
0.285
0.355
0.399
0.211
0.23
0.306
0.251
0.173
-0.01
0.206
0.109
0.109
0.069
-0.061
-0.184
-0.33
-0.169
-0.014
-0.189
-0.122
-0.134
-0.266
-0.055
-0.246
0.03
-0.138
-0.134
-0.051
-0.079
0.011
-0.009
-0.015
-0.018
0.325
0.193
0.198
0.182
0.083
0.177
0.098
0.212
0.254
0.539
0.646
0.681
0.671
0.614
0.517
0.329
0.32
0.219
0.083
0.146
0.046
0.12
0.005
-0.044
-0.026
-0.326
-0.256
-0.253
-0.234
-0.354
-0.356
-0.198
-0.121
-0.226
-0.143
-0.061
0.019
-0.119
-0.23
-0.205
-0.311
-0.101
-0.169
-0.01
0.051
0.118
0.161
0.114
0.182
0.235
0.359
0.415
0.389
0.283
0.251
0.131
0.031
-0.104
-0.034
-0.111
0.031
-0.019
-0.08
-0.13
-0.27
-0.336
-0.546
-0.438
-0.571
-0.469
-0.385
-0.4
-0.301
-0.292
-0.371
-0.355
-0.416
-0.307
-0.254
-0.094
-0.281
-0.188
-0.249
-0.334
-0.65
-0.664
-0.698
-0.802
-1.109
-0.864
-0.794
-0.657
-0.633
-0.57
-0.515
-0.664
-0.644
-0.749
-0.669
-0.574
-0.489
-0.566
-0.562
-0.831
-1.012
-0.825
-0.828
-0.698
-0.774
-0.657
-0.656
-0.674
-0.724
-0.516
-0.492
-0.345
-0.217
-0.11
-0.1
-0.212
-0.36
-0.275
0.084
0.096
0.276
0.086
0.104
0.077
0.104
-0.037
-0.174
-0.072
-0.143
-0.179
-0.295
-0.362
-0.449
-0.333
-0.354
-0.283
-0.42
-0.118
-0.286
-0.269
-0.516
-0.508
-0.511
-0.51
-0.456
-0.506
-0.435
-0.216
-0.24
-0.349
-0.106
0.009
0.021
-0.018
0.11
-0.018
0.004
0.009
-0.258
-0.344
-0.255
-0.38
-0.239
-0.193
-0.291
-0.13
-0.044
-0.113
-0.121
0.0
0.086
0.033
0.242
0.443
0.367
0.379
0.449
0.414
0.443
0.338
0.486
0.23
0.105
0.19
0.035
-0.13
-0.496
-0.3
-0.619
-0.559
-0.495
-0.336
-0.318
-0.331
-0.482
-0.675
-0.733
-0.665
-0.738
-0.902
-0.684
-0.777
-0.486
-0.635
-0.834
-0.688
-0.659
-0.581
-0.774
-0.557
-0.451
-0.541
-0.319
-0.314
-0.17
-0.101
-0.052
-0.056
0.036
0.077
0.233
-0.055
0.083
-0.216
-0.39
-0.246
0.079
0.18
-0.239
-0.182
0.048
-0.109
0.271
0.268
0.522
0.335
0.385
0.514
0.427
0.388
0.395
0.422
0.615
0.419
0.503
0.485
0.698
0.562
0.516
0.681
0.527
0.421
0.32
0.323
0.185
0.19
0.211
0.176
0.193
0.147
0.104
0.244
0.149
0.304
0.261
0.236
0.198
0.406
0.16
-0.048
-0.056
-0.119
-0.331
-0.205
-0.224
0.033
0.022
-0.116
-0.106
-0.149
-0.113
-0.098
0.101
0.085
0.069
0.006
-0.239
0.039
-0.164
-0.146
-0.159
0.121
-0.037
0.0
0.04
-0.095
-0.062
-0.152
-0.009
-0.09
-0.051
-0.048
-0.109
-0.059
-0.151
-0.065
0.046
0.146
0.219
0.201
0.151
0.264
0.36
0.406
0.619
0.62
0.623
0.714
0.958
0.91
1.17
1.249
1.226
1.115
1.119
1.114
1.177
1.228
1.174
1.015
0.865
0.696
0.619
0.57
0.212
0.215
0.144
0.427
0.229
0.217
0.316
0.315
0.355
0.393
0.403
0.208
0.299
0.2
-0.156
-0.296
-0.379
-0.155
0.081
0.058
0.158
0.121
0.371
0.339
0.304
0.345
0.67
0.859
0.92
0.948
0.763
0.516
0.497
0.564
0.799
0.809
0.562
0.384
0.154
-0.01
-0.186
-0.184
-0.1
0.205
0.269
0.06
-0.065
-0.326
-0.425
-0.389
-0.531
-0.489
-0.521
-0.334
-0.576
-0.819
-0.916
-0.905
-0.907
-0.777
-0.792
-0.584
-0.589
-0.455
-0.559
-0.755
-0.733
-0.603
-0.579
-0.355
-0.456
-0.348
-0.208
-0.219
-0.141
-0.049
0.175
0.35
0.65
0.51
0.549
0.557
0.775
0.708
0.688
0.569
0.795
0.753
0.772
0.768
0.719
0.814
0.735
0.691
0.67
0.645
0.7
0.665
0.619
0.655
0.545
0.72
0.726
0.895
0.545
0.581
0.491
0.551
0.453
0.435
0.429
0.259
0.11
0.224
0.211
-0.02
0.18
0.034
0.035
0.041
-0.077
-0.034
0.015
0.341
0.225
0.161
0.109
0.122
0.079
0.05
-0.145
-0.059
0.01
0.044
-0.043
-0.169
-0.201
-0.198
-0.125
-0.124
0.14
0.098
0.195
0.036
0.011
-0.009
-0.037
-0.077
-0.146
-0.294
-0.431
-0.39
-0.386
-0.316
-0.735
-0.749
-0.828
-1.0
-1.123
-1.015
-0.718
-0.72
-0.807
-0.98
-1.232
-1.199
-1.085
-1.006
-0.814
-0.616
-0.674
-0.641
-0.552
-0.389
-0.55
-0.445
-0.599
-0.494
-0.585
-0.693
-0.811
-0.806
-0.666
-0.681
-0.444
-0.45
-0.144
-0.13
-0.045
-0.099
-0.535
-0.549
-0.532
-0.544
-0.515
-0.495
-0.61
-0.57
-0.515
-0.408
-0.206
-0.14
-0.249
-0.105
-0.23
-0.4
-0.354
-0.241
-0.244
-0.216
-0.205
-0.028
0.039
-0.099
-0.15
-0.048
0.013
0.022
0.039
0.284
0.113
0.054
-0.163
-0.179
-0.396
-0.251
-0.151
-0.094
-0.143
-0.156
-0.15
-0.029
0.212
0.208
0.41
0.616
0.655
0.714
0.628
0.642
0.595
0.524
0.573
0.444
0.331
0.38
0.424
0.431
0.333
0.33
0.111
-0.043
-0.024
-0.014
-0.22
-0.152
-0.223
-0.169
0.106
0.009
0.326
0.521
0.375
0.144
0.333
0.444
0.381
0.326
0.417
0.449
0.253
0.3
0.49
0.391
0.396
0.375
0.44
0.611
0.544
0.39
0.233
0.196
0.156
0.122
0.299
0.145
0.351
0.365
0.404
0.212
0.152
-0.083
-0.091
-0.069
-0.128
-0.388
-0.31
0.015
0.014
0.217
0.115
0.044
0.059
-0.02
-0.245
-0.146
-0.164
-0.229
-0.244
-0.19
-0.235
-0.13
-0.003
0.035
0.11
0.099
0.389
0.479
0.432
0.463
0.118
-0.096
-0.039
-0.275
-0.338
-0.36
-0.453
-0.606
-0.495
-0.649
-0.505
-0.52
-0.417
-0.403
-0.399
-0.394
-0.489
-0.47
-0.711
-0.514
-0.302
-0.325
0.158
0.092
0.147
0.206
0.13
0.395
0.198
0.211
0.365
0.629
0.491
0.896
0.975
0.74
0.809
0.966
0.939
0.789
0.746
0.641
0.699
0.631
0.441
0.781
0.743
0.932
0.904
0.75
0.795
0.915
1.056
1.0
0.998
1.062
1.056
1.137
1.075
1.134
1.096
0.97
0.956
0.902
1.045
1.052
1.006
0.816
0.744
0.598
0.52
0.432
0.244
0.261
0.352
0.427
0.273
0.223
0.066
0.052
-0.009
-0.173
-0.217
-0.098
-0.416
-0.619
-0.691
-0.638
-0.556
-0.514
-0.579
-0.505
-0.378
-0.083
-0.284
-0.417
-0.49
-0.35
-0.276
-0.464
-0.455
-0.568
-0.371
-0.536
-0.63
-0.455
-0.471
-0.321
-0.226
-0.268
-0.268
-0.29
-0.216
-0.2
-0.258
-0.443
-0.101
0.134
0.054
0.161
0.422
0.526
0.519
0.589
0.639
0.583
0.492
0.659
0.623
0.688
0.738
0.537
0.212
0.175
-0.145
-0.385
-0.29
-0.069
0.181
0.185
0.206
0.039
-0.06
-0.294
-0.324
-0.133
-0.114
-0.12
-0.319
-0.311
-0.439
-0.434
-0.431
-0.233
-0.151
-0.043
-0.043
-0.08
-0.013
-0.026
-0.165
0.033
0.125
-0.085
-0.125
-0.013
-0.099
0.191
0.106
0.198
0.156
0.062
0.091
0.351
0.324
0.285
0.352
0.294
0.334
0.072
-0.17
-0.179
-0.294
-0.081
-0.281
-0.338
-0.307
-0.301
-0.475
-0.594
-0.194
-0.169
-0.247
-0.156
-0.348
-0.562
-0.723
-0.75
-0.432
0.004
0.165
0.357
0.394
0.311
0.242
0.301
0.448
0.776
0.786
0.703
0.698
0.531
0.544
0.524
0.341
0.201
0.174
0.419
0.351
0.463
0.429
0.526
0.316
0.182
0.133
0.062
-0.019
-0.357
-0.657
-1.055
-1.028
-0.948
-1.1
-0.738
-0.738
-0.625
-0.395
-0.458
-0.47
-0.469
-0.575
-0.601
-0.651
-0.598
-0.565
-0.54
-0.638
-0.453
-0.566
-0.422
-0.338
-0.354
-0.107
-0.062
-0.034
-0.103
0.155
0.206
0.285
0.065
-0.004
0.031
-0.126
-0.095
-0.164
-0.16
-0.246
-0.184
0.014
-0.086
-0.16
-0.175
-0.274
-0.302
-0.242
-0.23
-0.315
-0.296
-0.357
-0.367
-0.386
-0.279
-0.378
-0.427
-0.514
-0.686
-0.706
-0.823
-0.922
-1.081
-1.079
-1.15
-1.131
-1.002
-1.009
-0.856
-0.794
-0.741
-0.713
-0.5
-0.403
-0.376
-0.119
-0.198
-0.233
-0.196
-0.161
0.09
0.169
-0.064
-0.1
-0.101
0.265
0.285
0.151
0.155
0.271
0.152
0.274
0.271
0.04
-0.04
-0.052
0.049
0.11
0.055
-0.085
-0.236
-0.23
-0.427
-0.644
-0.681
-0.754
-0.619
-0.754
-0.77
-0.575
-0.238
-0.059
-0.098
-0.185
-0.085
-0.01
0.143
0.155
0.318
0.393
0.598
0.446
0.422
0.276
0.059
0.019
-0.113
-0.281
-0.299
-0.372
-0.365
-0.208
-0.315
-0.601
-0.44
-0.406
-0.304
-0.495
-0.594
-0.448
-0.465
-0.606
-0.765
-0.661
-0.489
-0.365
-0.45
-0.634
-0.751
-0.759
-0.725
-0.595
-0.419
-0.281
-0.104
0.036
0.435
0.216
0.2
0.59
0.636
0.844
0.471
0.524
0.174
0.443
0.49
0.542
0.504
0.356
0.376
0.276
0.401
0.445
0.119
0.173
-0.133
0.09
-0.165
-0.242
-0.22
-0.246
-0.14
-0.448
-0.276
-0.141
-0.294
-0.244
-0.113
-0.022
0.099
-0.025
-0.329
-0.395
-0.526
-0.539
-0.421
-0.445
-0.417
-0.225
0.11
-0.101
0.103
0.12
0.367
0.492
0.662
0.703
0.422
0.721
0.766
0.914
1.029
0.98
0.956
1.065
1.196
1.414
1.429
1.385
1.094
1.185
1.127
1.0
1.259
1.086
1.137
1.075
1.096
1.354
1.458
1.575
1.441
1.531
1.675
1.519
1.598
1.46
1.367
1.214
1.061
1.083
1.059
0.849
0.81
0.682
0.508
0.461
0.419
0.555
0.444
0.326
0.205
0.022
-0.118
-0.25
0.169
-0.061
-0.177
-0.116
-0.203
-0.357
-0.307
-0.285
-0.284
-0.15
-0.2
-0.359
-0.344
-0.616
-0.552
-0.571
-0.604
-0.579
-0.506
-0.444
-0.348
-0.356
-0.354
-0.225
-0.254
-0.388
-0.199
-0.236
-0.14
-0.279
-0.115
-0.005
0.13
0.29
0.296
0.453
0.544
0.399
0.575
0.705
0.786
0.865
1.093
1.139
1.041
0.869
0.735
0.465
0.41
0.305
0.601
0.546
0.639
0.564
0.629
0.834
0.623
0.385
0.291
0.35
0.489
0.403
0.292
0.517
0.343
0.163
0.1
0.124
0.098
0.06
0.149
0.194
0.256
0.276
0.296
0.438
0.199
0.182
0.076
-0.06
-0.061
-0.259
-0.29
-0.203
-0.118
0.044
0.103
0.136
-0.03
-0.014
-0.24
-0.318
-0.54
-0.431
-0.319
-0.309
-0.198
-0.135
0.04
-0.013
0.113
-0.253
-0.421
-0.219
-0.179
-0.158
0.039
0.021
-0.094
-0.231
-0.279
-0.349
-0.319
-0.15
-0.128
-0.052
-0.001
0.061
0.278
0.335
0.316
0.546
0.179
0.173
0.09
0.037
-0.051
-0.13
-0.189
-0.311
-0.138
-0.219
-0.343
-0.489
-0.495
-0.555
-0.754
-0.744
-0.545
-0.486
-0.686
-0.549
-0.454
-0.491
-0.604
-0.49
-0.441
-0.435
-0.323
-0.361
-0.129
-0.201
-0.291
-0.165
-0.216
-0.165
-0.193
-0.311
-0.438
-0.599
-0.652
-0.76
-0.784
-0.714
-0.743
-0.739
-0.709
-0.845
-0.719
-0.441
-0.229
-0.041
-0.022
-0.217
-0.194
-0.164
-0.231
-0.104
0.021
0.035
0.001
0.125
0.334
0.357
0.205
0.115
0.116
0.049
0.15
0.38
0.325
0.738
0.271
0.1
0.233
0.224
0.343
0.352
0.341
0.344
0.677
0.399
0.329
0.278
0.399
0.179
0.181
0.1
0.174
0.356
0.52
0.657
0.73
0.88
0.836
0.699
0.769
0.895
0.956
0.965
0.95
0.685
0.731
0.734
0.642
0.484
0.759
0.571
0.286
0.147
0.226
0.059
-0.006
-0.319
-0.454
-0.68
-0.766
-0.787
-0.848
-1.0
-1.091
-1.046
-1.034
-1.064
-1.127
-1.262
-1.367
-1.181
-1.47
-1.522
-1.411
-1.685
-1.894
-1.728
-1.808
-1.812
-1.708
-1.711
-1.599
-1.482
-1.399
-1.134
-1.049
-0.779
-0.794
-0.705
-0.768
-0.744
-0.49
-0.48
-0.321
-0.223
-0.045
-0.028
0.005
0.036
-0.061
-0.061
-0.062
0.071
0.058
0.13
0.058
0.214
-0.079
0.021
0.043
0.146
0.534
0.454
0.46
0.506
0.305
0.499
0.494
0.524
0.605
0.588
0.68
0.618
0.914
0.6
0.398
0.524
0.534
0.497
0.501
0.37
0.44
0.338
0.208
0.104
-0.015
0.014
0.039
-0.101
0.001
-0.241
-0.247
-0.378
-0.545
-0.642
-0.774
-0.698
-0.562
-0.362
-0.241
0.04
0.226
0.357
0.388
0.295
0.328
0.265
0.258
0.315
0.544
0.561
0.792
0.91
0.796
0.795
0.715
0.806
0.823
0.708
1.114
0.839
1.076
0.797
0.681
0.555
0.12
0.077
-0.105
0.253
0.295
0.46
0.624
0.494
0.516
0.58
0.733
0.893
1.045
0.7
0.536
0.329
0.325
0.569
0.595
0.667
0.961
0.848
0.728
0.554
0.405
0.11
-0.119
0.005
-0.196
-0.043
-0.305
-0.185
-0.177
-0.113
-0.223
-0.171
0.054
0.185
0.302
0.435
0.398
0.667
0.821
0.794
0.782
0.634
0.636
0.581
0.768
0.841
0.863
1.074
1.193
1.179
1.078
0.912
0.88
0.765
0.598
0.465
0.494
0.644
0.511
0.588
0.581
0.585
0.55
0.315
0.135
0.159
0.001
-0.031
0.009
-0.124
-0.209
-0.354
-0.297
-0.249
-0.315
-0.352
-0.399
-0.455
-0.349
-0.352
-0.17
-0.138
-0.235
-0.362
-0.505
-0.169
-0.286
-0.077
-2.445
-0.175
-0.276
-0.273
-0.131
0.195
0.471
0.55
0.688
0.628
0.468
0.426
0.291
0.307
0.367
0.454
0.441
0.324
0.302
0.061
-0.258
-0.539
-0.466
-0.521
-0.444
-0.504
-0.662
-0.801
-0.999
-0.836
-0.679
-0.729
-0.589
-0.351
0.001
0.269
0.389
0.924
0.626
0.946
0.649
0.8
0.701
0.74
0.689
1.006
0.789
0.758
0.758
0.87
0.881
0.958
0.984
0.805
0.68
0.489
0.583
0.427
0.475
0.574
0.526
0.559
0.66
0.662
0.516
0.604
0.626
0.703
0.719
0.775
0.802
0.715
0.594
0.393
0.584
0.524
0.545
0.398
0.343
0.22
0.181
0.311
0.38
0.288
0.166
0.134
0.154
0.105
0.163
0.486
0.381
0.376
0.551
0.596
0.651
0.536
0.547
0.677
0.536
0.532
0.568
0.593
0.546
0.364
0.291
0.145
-0.07
0.007
-0.236
-0.158
0.113
0.266
0.233
0.325
0.426
0.574
0.411
0.415
0.468
0.451
0.51
0.589
0.575
0.716
0.736
0.824
0.652
0.633
0.545
0.604
0.568
0.319
0.291
0.062
-0.02
-0.173
-0.219
-0.215
-0.13
-0.143
-0.351
-0.226
-0.251
-0.305
-0.354
-0.369
-0.405
-0.478
-0.501
-0.625
-0.731
-0.756
-0.647
-0.429
-0.436
-0.516
-0.214
-0.319
-0.531
-0.512
-0.485
-0.395
-0.27
-0.12
-0.13
-0.088
0.043
-0.043
0.143
0.264
0.371
0.338
0.367
0.231
0.1
0.275
0.174
0.13
-0.115
-0.126
0.09
0.011
-0.189
-0.225
-0.361
-0.425
-0.623
-0.661
-0.729
-0.917
-0.854
-1.012
-0.966
-1.014
-1.025
-1.019
-1.177
-1.229
-1.16
-1.245
-1.232
-1.43
-1.23
-1.117
-1.059
-1.079
-1.081
-1.035
-1.094
-1.147
-1.066
-1.219
-1.149
-0.901
-0.986
-1.084
-1.238
-1.218
-1.256
-1.48
-1.285
-1.298
-1.186
-0.999
-0.975
-0.874
-0.917
-0.693
-0.916
-0.728
-0.647
-0.665
-0.684
-0.519
-0.39
-0.263
-0.289
-0.352
-0.471
-0.306
-0.256
-0.396
-0.286
-0.438
-0.544
-0.364
-0.38
-0.251
-0.203
-0.249
-0.115
0.16
0.165
0.177
0.154
0.098
0.329
0.345
0.466
0.52
0.772
0.838
0.896
0.925
0.924
0.896
0.85
0.958
0.969
1.03
1.265
1.48
1.331
1.424
1.331
1.264
1.105
1.096
1.176
1.194
1.275
1.176
1.225
1.096
1.18
1.113
0.927
0.784
0.745
0.756
0.909
0.797
0.705
0.681
0.551
0.616
0.463
0.355
0.251
0.245
0.152
0.065
-0.026
0.029
-0.133
-0.4
-0.514
-0.756
-1.036
-1.038
-0.995
-0.902
-0.925
-0.761
-0.491
-0.055
-0.318
-0.46
-0.492
-0.539
-0.432
-0.599
-0.797
-0.758
-0.865
-1.026
-1.068
-1.17
-1.153
-1.29
-1.298
-1.145
-1.1
-1.123
-0.966
-1.213
-1.146
-1.171
-1.103
-1.282
-0.894
-0.93
-0.786
-0.709
-0.578
-0.594
-0.535
-0.53
-0.639
-0.709
-0.651
-0.82
-0.879
-1.039
-0.819
-0.814
-0.388
-0.334
-0.253
0.004
0.169
0.352
0.443
0.694
0.516
0.336
0.642
0.831
0.995
0.896
0.94
1.029
1.018
0.978
0.936
1.113
1.046
0.993
1.105
0.979
0.948
0.848
0.95
0.821
0.876
0.974
0.875
0.919
0.91
1.091
1.316
1.468
1.495
1.471
1.401
1.09
0.829
0.843
0.804
0.964
1.208
1.074
1.115
1.094
0.861
0.934
0.871
0.895
0.846
0.878
1.004
0.758
0.815
0.724
0.638
0.662
0.58
0.284
0.32
0.266
0.266
-0.007
-0.036
-0.098
-0.135
-0.241
-0.326
-0.38
-0.492
-0.52
-0.536
-0.624
-0.521
-0.642
-0.681
-0.706
-0.546
-0.55
-0.491
-0.549
-0.569
-0.625
-0.594
-0.525
-0.56
-0.329
-0.269
-0.208
-0.128
0.066
0.121
0.223
0.219
0.264
0.169
-0.004
0.163
-0.088
-0.158
-0.056
0.083
0.328
0.365
0.466
0.338
0.346
0.209
0.014
0.152
0.255
0.241
0.39
0.598
0.718
0.409
0.325
0.253
0.173
0.367
0.45
0.706
0.869
0.633
0.55
0.469
0.299
0.088
0.261
0.253
0.482
0.478
0.352
0.434
0.521
0.611
0.576
0.501
0.443
0.346
0.439
0.309
0.039
-0.03
-0.016
-0.054
0.083
0.128
0.096
-0.135
-0.36
-0.459
-0.367
-0.316
-0.463
-0.487
-0.536
-0.581
-0.555
-0.728
-0.829
-1.04
-1.009
-1.111
-1.028
-1.039
-1.219
-1.401
-1.27
-1.439
-1.571
-1.541
-1.298
-1.416
-1.025
-1.136
-1.008
-0.909
-0.97
-0.749
-0.886
-0.871
-0.761
-0.735
-0.585
-0.475
-0.464
-0.451
-0.288
-0.138
-0.259
-0.456
-0.4
-0.291
-0.075
0.033
0.191
0.525
0.624
0.677
0.763
0.719
0.74
0.604
0.626
0.725
0.885
1.121
1.216
1.455
1.413
1.61
1.449
1.411
1.36
1.198
1.244
1.064
0.912
0.843
0.665
0.541
0.629
0.63
0.434
0.541
0.43
0.251
0.004
0.046
0.022
0.129
0.226
0.221
0.059
0.146
0.245
0.223
0.344
0.328
0.181
0.105
0.2
0.109
0.116
0.039
-0.304
-0.385
-0.329
-0.32
-0.247
-0.28
-0.393
-0.415
-0.43
-0.2
-0.245
-0.217
-0.369
-0.254
-0.351
-0.335
-0.41
-0.537
-0.461
-0.48
-0.501
-0.247
-0.495
-0.492
-0.474
-0.485
-0.656
-0.85
-0.751
-0.774
-0.647
-0.815
-0.749
-0.711
-0.616
-0.372
-0.417
-0.468
-0.571
-0.527
-0.819
-0.859
-0.812
-0.839
-0.759
-1.181
-1.088
-1.502
-1.522
-1.401
-1.141
-0.84
-0.68
-0.646
-0.89
-0.995
-1.026
-0.94
-0.833
-0.953
-0.934
-0.911
-0.978
-0.68
-0.67
-0.604
-0.492
-0.273
-0.158
-0.1
0.214
0.241
0.348
0.385
0.526
0.367
0.5
0.417
0.405
0.421
0.263
0.239
0.169
0.223
0.214
0.156
0.173
0.116
0.173
-0.009
-0.247
-0.199
-0.029
-0.186
-0.11
-0.092
0.048
0.026
0.203
0.271
0.109
-0.099
0.103
-0.381
-0.12
-0.044
-0.077
-0.189
-0.394
-0.46
-0.621
-0.559
-0.61
-0.497
-0.45
-0.654
-0.354
-0.319
-0.343
-0.269
-0.234
-0.535
-0.515
-0.459
-0.295
-0.268
0.075
0.113
0.305
0.146
0.07
0.098
0.239
0.529
0.625
0.839
1.028
0.946
0.94
0.927
0.906
1.198
1.357
1.456
1.445
1.363
1.276
1.141
0.996
0.841
0.795
1.018
0.706
0.695
0.836
0.789
0.85
0.883
0.873
0.67
0.448
0.362
0.07
0.2
0.236
0.394
0.655
0.645
0.606
0.719
0.539
0.611
0.581
0.679
0.739
0.87
0.874
0.625
0.506
0.573
0.304
0.395
0.296
0.106
-0.035
0.0
-0.088
-0.1
-0.251
-0.12
-0.315
-0.299
-0.541
-0.459
-0.629
-0.435
-0.571
-0.47
-0.409
-0.286
-0.688
-0.62
-0.753
-0.95
-0.873
-1.135
-1.018
-1.03
-0.902
-0.984
-1.046
-0.948
-0.979
-0.943
-0.641
-0.689
-0.473
-0.415
-0.229
-0.069
-0.049
-0.205
-0.096
-0.155
-0.224
-0.007
0.168
0.235
0.15
0.224
0.186
0.098
0.13
0.175
0.356
0.421
0.487
0.601
0.743
0.615
0.804
1.01
1.201
1.111
1.334
1.232
1.183
1.173
0.874
0.965
1.075
1.46
1.295
1.074
0.843
0.77
0.451
0.526
0.475
0.578
0.521
0.281
0.164
0.021
0.121
0.175
0.196
0.036
-0.026
-0.052
-0.506
-0.682
-0.644
-0.691
-0.701
-0.549
-0.364
-0.289
-0.444
-0.524
-0.549
-0.555
-0.586
-0.435
-0.296
-0.443
-0.571
-0.776
-0.879
-0.686
-0.489
-0.571
-0.55
-0.212
-0.051
-0.143
-0.236
-0.319
-0.236
-0.352
-0.391
-0.511
-0.527
-0.768
-0.647
-0.755
-0.564
-0.422
-0.23
-0.044
-0.072
-0.12
0.001
0.196
0.138
-0.044
0.075
0.191
0.106
0.161
0.19
0.396
0.378
0.307
0.424
0.461
0.484
0.549
0.319
0.471
0.588
0.561
0.569
0.39
0.416
0.486
0.505
0.508
0.616
0.628
0.573
0.644
0.631
0.461
0.419
0.239
0.05
-0.074
0.009
-0.052
0.058
0.276
0.249
0.305
0.324
0.163
0.028
-0.08
-0.116
-0.186
-0.176
-0.285
-0.14
-0.151
0.133
0.01
0.04
0.22
0.281
0.31
0.268
0.27
0.336
0.426
0.499
0.492
0.426
0.469
0.372
0.357
0.378
0.291
0.271
0.152
0.128
0.096
0.105
0.216
0.335
0.334
0.378
0.45
0.435
0.398
0.391
0.374
0.325
0.273
0.404
0.516
0.328
0.4
0.48
0.406
0.444
0.434
0.485
0.52
0.444
0.128
-0.077
-0.088
-0.258
-0.225
-0.21
-0.304
-0.435
-0.285
-0.288
-0.408
-0.159
0.009
0.088
-0.166
-0.014
-0.214
-0.315
-0.264
-0.13
0.179
0.283
0.315
0.59
0.646
0.78
0.639
0.638
0.766
0.713
0.59
0.48
0.352
0.388
0.561
0.714
0.734
0.705
0.52
0.429
0.378
0.278
0.619
0.544
0.193
0.323
0.27
0.129
-0.228
-0.279
-0.256
-0.264
-0.199
-0.263
-0.164
-0.11
-0.209
-0.226
-0.318
-0.259
-0.324
-0.509
-0.711
-0.696
-0.774
-0.925
-0.725
-0.566
-0.519
-0.749
-0.859
-0.74
-0.829
-0.774
-0.693
-0.769
-0.703
-0.487
-0.501
-0.359
-0.361
-0.352
-0.481
-0.371
-0.344
-0.346
-0.1
-0.145
-0.04
-0.133
-0.077
-0.266
-0.425
-0.31
-0.671
-0.521
-0.625
-0.679
-0.835
-0.795
-0.921
-0.805
-0.811
-0.929
-0.766
-0.766
-0.864
-0.966
-0.87
-0.833
-0.799
-0.569
-0.626
-0.465
-0.506
-0.631
-0.772
-0.652
-0.776
-0.705
-0.346
-0.651
-0.453
-0.061
0.107
0.129
-0.208
-0.155
-0.05
0.106
0.219
0.168
0.146
0.345
0.413
0.492
0.341
0.184
0.371
0.279
0.316
-0.049
0.045
0.184
-0.058
-0.035
-0.122
-0.094
0.024
0.072
0.095
-0.036
-0.074
0.161
0.13
0.289
0.268
0.41
0.221
0.214
0.195
-0.043
0.003
-0.163
-0.343
-0.381
-0.545
-0.47
-0.375
-0.169
-0.106
0.046
-0.011
0.054
-0.091
-0.263
-0.306
-0.599
-0.679
-0.499
-0.588
-0.635
-0.66
-0.575
-0.611
-0.706
-0.509
-0.405
-0.401
-0.378
-0.263
-0.346
-0.575
-0.676
-0.865
-0.829
-1.032
-0.784
-0.606
-0.294
-0.306
-0.088
-0.146
-0.1
0.109
0.247
0.47
0.601
0.679
0.609
0.596
0.825
0.919
1.091
1.324
1.814
1.855
1.975
1.911
1.754
1.664
1.54
1.369
1.528
1.346
1.365
1.404
1.374
1.466
1.404
1.485
1.333
1.304
1.2
1.141
0.839
0.633
0.345
0.276
0.281
0.163
0.121
0.325
0.119
-0.037
0.099
0.098
0.221
0.289
0.238
0.504
0.448
0.226
0.225
0.145
0.006
-0.079
-0.065
-0.124
0.072
0.12
0.089
-0.079
-0.166
-0.276
-0.339
-0.241
-0.354
-0.471
-0.424
-0.515
-0.718
-0.864
-0.833
-0.902
-0.915
-0.795
-0.63
-0.551
-0.669
-0.655
-0.64
-0.606
-0.357
-0.175
-0.048
0.106
-0.054
-0.189
-0.443
-0.417
-0.394
-0.41
-0.161
-0.292
-0.196
-0.18
-0.39
-0.42
-0.254
-0.35
-0.304
-0.289
-0.109
0.039
0.044
0.184
0.055
0.27
0.414
0.63
0.595
0.621
0.642
0.396
0.229
0.316
0.367
0.416
0.161
0.128
0.135
0.305
0.278
0.316
0.401
0.426
0.434
0.458
0.453
0.624
0.859
0.878
0.998
0.969
1.076
1.256
1.25
1.391
1.566
1.625
1.799
1.963
1.887
1.755
1.639
1.595
1.474
1.458
1.394
1.27
1.131
0.854
0.815
0.733
0.581
0.651
0.591
0.544
0.669
0.346
0.346
0.219
0.256
0.331
0.106
0.134
0.088
0.274
0.098
0.144
0.111
0.229
0.152
0.08
-0.216
-0.31
-0.446
-0.485
-0.554
-0.556
-0.561
-0.481
-0.39
-0.422
-0.244
-0.188
-0.372
-0.39
-0.489
-0.629
-0.6
-0.78
-0.429
-0.524
-0.568
-0.508
-0.265
-0.121
0.026
0.194
0.288
0.203
0.019
0.116
0.124
-0.024
-0.329
-0.331
-0.343
-0.515
-0.586
-0.547
-0.599
-0.715
-0.92
-1.129
-1.002
-1.021
-1.154
-10.336
-1.099
-1.141
-1.144
-1.134
-1.205
-1.179
-1.126
-0.988
-1.07
-0.823
-0.724
-0.873
-0.975
-0.93
-0.935
-0.995
-0.919
-0.776
-0.623
-0.429
-0.37
-0.339
-0.134
-0.06
-0.039
-0.037
-0.036
-0.013
0.041
-0.169
-0.225
-0.31
-0.28
-0.16
-0.043
-0.131
-0.179
0.01
0.31
0.299
0.386
0.321
0.551
0.458
0.425
0.581
0.547
0.48
0.289
0.292
0.022
-0.06
0.08
0.229
0.534
0.825
0.899
0.9
0.963
0.979
0.804
0.561
0.619
0.566
0.583
0.645
0.647
0.776
0.621
0.555
0.341
0.074
0.08
-0.199
-0.289
-0.107
-0.101
-0.188
-0.081
-0.092
-0.458
-0.621
-0.623
-0.738
-0.635
-0.671
-0.782
-0.805
-0.645
-0.667
-0.706
-0.564
-0.631
-0.677
-0.718
-0.609
-0.661
-0.671
-0.595
-0.652
-0.511
-0.574
-0.465
-0.419
-0.357
-0.343
-0.375
-0.134
-0.309
-0.422
-0.438
-0.403
-0.386
-0.166
-0.286
-0.318
-0.389
-0.302
-0.184
-0.251
0.059
0.062
0.284
-0.06
0.18
0.149
0.411
0.328
0.565
0.544
0.69
0.61
0.846
0.86
0.696
0.521
0.662
0.771
0.581
0.471
0.685
0.551
0.656
0.542
0.792
0.961
1.054
1.181
1.086
1.078
1.071
0.976
0.579
0.453
0.531
0.725
0.904
0.646
0.671
0.468
0.529
0.25
0.165
0.122
-0.41
-0.436
-0.503
-0.593
-0.511
-0.731
-0.779
-1.17
-0.835
-1.228
-1.354
-1.181
-1.295
-1.326
-1.269
-1.374
-1.365
-1.274
-1.264
-1.141
-1.012
-0.975
-0.89
-0.82
-0.599
-0.404
-0.266
-0.21
-0.135
-0.039
0.075
0.072
0.38
0.25
0.393
0.419
0.536
0.868
1.125
1.23
1.171
1.548
1.64
1.656
1.649
1.677
1.739
1.611
1.501
1.225
1.345
1.39
1.349
1.265
1.101
0.849
0.801
1.024
0.799
0.774
0.571
0.461
0.505
0.35
0.316
0.24
0.026
-0.077
-0.176
-0.134
-0.028
0.039
-0.045
-0.059
-0.156
-0.101
-0.155
-0.247
-0.395
-0.424
-0.531
-0.562
-0.873
-0.921
-0.826
-0.905
-0.991
-0.804
-0.771
-0.671
-0.629
-0.636
-0.576
-0.626
-0.667
-0.825
-0.59
-0.297
-0.429
-0.357
-0.441
-0.2
-0.135
0.06
0.12
0.056
0.074
0.036
0.374
0.259
0.414
0.463
0.59
0.636
0.73
0.76
0.841
0.969
0.888
0.88
0.969
0.897
0.786
0.818
0.829
0.819
0.849
0.948
0.698
0.779
0.76
0.728
0.723
0.72
0.594
0.463
0.759
0.676
0.685
0.843
0.791
