-0.77
-0.705
-0.719
-0.792
-0.68
-0.556
-0.473
-0.459
-0.431
-0.604
-0.414
-0.396
-0.41
-0.445
-0.421
-0.365
-0.38
-0.536
-0.833
-0.833
-0.843
-0.7
-0.759
-0.874
-1.025
-1.088
-1.059
-1.064
-0.94
-0.985
-1.06
-0.763
-0.934
-0.843
-0.951
-1.099
-1.13
-0.985
-0.95
-0.745
-0.699
-0.626
-0.564
-0.399
-0.343
-0.18
0.122
0.194
0.459
0.599
0.661
0.635
0.634
0.749
0.891
1.011
0.978
0.849
0.831
1.001
1.141
1.041
1.091
1.136
1.193
1.274
1.242
1.308
1.228
1.155
1.312
1.164
1.216
1.255
1.325
1.403
1.562
1.476
1.675
1.841
1.603
1.673
1.595
1.588
1.524
1.316
1.07
0.948
0.829
0.976
1.103
1.117
0.953
0.941
0.894
0.704
0.65
0.655
0.512
0.346
0.424
0.328
0.356
0.154
0.096
0.04
0.295
0.463
0.633
0.603
0.679
0.49
0.359
0.279
0.279
0.131
0.475
0.5
0.497
0.76
0.77
0.97
0.99
0.907
0.791
0.818
0.82
0.805
0.74
0.54
0.569
0.551
0.554
0.299
0.18
0.115
0.059
-0.22
-0.463
-0.675
-0.677
-0.575
-0.588
-0.661
-0.844
-0.801
-0.865
-0.779
-0.693
-0.777
-0.545
-0.463
-0.321
-0.24
-0.386
-0.301
-0.208
-0.221
-0.247
-0.341
-0.311
-0.333
-0.104
-0.296
-0.499
-0.588
-0.561
-0.494
-0.539
-0.43
-0.504
-0.585
-0.374
-0.616
-0.608
-0.672
-0.731
-0.605
-0.664
-0.588
-0.583
-0.61
-0.609
-0.669
-0.718
-0.695
-0.495
-0.659
-0.551
-0.661
-0.645
-0.569
-0.844
-0.851
-1.011
-0.905
-0.919
-0.995
-1.001
-0.818
-0.809
-0.874
-0.759
-0.814
-0.94
-0.824
-0.811
-0.709
-0.48
-0.465
-0.571
-0.499
-0.599
-0.48
-0.584
-0.614
-0.532
-0.458
-0.346
-0.141
-0.233
-0.35
-0.329
-0.565
-0.595
-0.59
-0.516
-0.492
-0.29
-0.107
-0.256
-0.147
-0.219
-0.221
-0.273
-0.316
-0.113
0.006
0.107
0.049
0.139
0.11
0.194
0.126
0.113
0.309
0.199
0.22
0.247
0.156
0.226
0.075
0.02
0.07
0.118
0.16
0.404
0.471
0.351
0.3
0.25
0.29
0.261
0.182
0.251
0.275
0.256
0.209
0.205
0.033
0.043
-0.225
-0.055
-0.215
-0.124
-0.279
-0.263
-0.326
-0.575
-0.41
-0.458
-0.561
-0.585
-0.618
-0.491
-0.51
-0.547
-0.49
-0.435
-0.411
-0.264
-0.242
-0.205
-0.254
-0.527
-0.495
-0.55
-0.395
-0.259
-0.185
-0.111
-0.16
0.003
0.037
-0.059
0.343
0.228
0.367
0.3
0.379
0.264
0.399
0.512
0.454
0.401
0.571
0.67
0.595
0.706
0.792
0.98
1.011
0.914
0.818
0.844
0.85
0.812
0.75
0.645
0.584
0.704
0.619
0.605
0.565
0.53
0.595
0.534
0.512
0.421
0.469
0.384
0.458
0.314
0.326
0.314
0.309
0.235
-0.306
0.13
0.175
0.184
0.24
0.295
0.089
0.119
-0.195
-0.233
-0.36
-0.364
-0.256
-0.383
-0.386
-0.448
-0.291
-0.261
-0.284
-0.344
-0.33
-0.194
-0.253
-0.36
-0.575
-0.345
-0.583
-0.458
-0.473
-0.485
-0.424
-0.291
-0.281
-0.176
-0.131
-0.033
-0.182
-0.064
-0.131
-0.179
-0.236
-0.135
-0.166
0.083
0.049
0.118
0.144
0.114
0.135
0.095
0.129
0.054
0.055
-0.104
-0.13
-0.143
-0.144
0.009
-0.028
-0.061
0.046
0.071
0.06
0.071
0.281
0.355
0.364
0.531
0.536
0.569
0.527
0.39
0.42
0.43
0.583
0.574
0.451
0.328
0.444
0.479
0.36
0.334
0.43
0.568
0.542
0.461
0.474
0.38
0.304
0.208
0.206
0.249
0.114
0.145
-0.06
0.144
-0.081
-0.139
-0.206
-0.25
-0.276
-0.413
-0.565
-0.645
-0.635
-0.626
-0.699
-0.679
-0.733
-0.714
-0.744
-0.816
-0.743
-0.781
-0.6
-0.475
-0.48
-0.503
-0.534
-0.519
-0.514
-0.496
-0.5
-0.355
-0.459
-0.269
-0.283
-0.365
-0.318
-0.191
-0.173
-0.225
-0.203
-0.21
0.089
-0.041
0.071
0.026
0.146
0.105
0.06
0.029
-0.091
0.081
0.084
0.088
0.039
-0.035
0.075
-0.046
-0.021
-0.085
-0.131
-0.104
-0.23
-0.113
-0.184
-0.19
-0.196
-0.27
-0.186
-0.225
-0.321
-0.211
-0.114
-0.19
-0.323
-0.42
-0.524
-0.499
-0.542
-0.596
-0.362
-0.366
-0.143
0.2
-0.077
-0.036
-0.129
0.037
0.09
0.037
0.013
0.021
0.001
0.044
0.01
0.103
0.146
0.152
0.309
0.32
0.427
0.307
0.384
0.562
0.379
0.31
0.229
0.285
0.436
0.324
0.359
0.394
0.396
0.53
0.464
0.359
0.326
0.288
0.19
-0.045
-0.235
-0.335
-0.191
-0.296
-0.436
-0.434
-0.425
-0.475
-0.438
-0.618
-0.554
-0.661
-0.743
-0.604
-0.8
-0.976
-0.956
-0.979
-0.879
-0.932
-0.85
-0.859
-0.87
-0.805
-0.95
-0.859
-0.965
-0.944
-1.009
-0.839
-0.875
-0.871
-0.9
-1.016
-0.909
-0.828
-0.709
-0.659
-0.629
-0.786
-0.734
-0.829
-0.724
-0.666
-0.631
-0.616
-0.459
-0.426
-0.316
-0.209
-0.141
-0.281
-0.071
-0.054
0.045
0.045
0.149
0.022
0.351
0.401
0.36
0.517
0.681
0.723
0.726
0.724
0.61
0.792
0.806
0.589
0.634
0.759
0.626
0.603
0.605
0.614
0.629
0.595
0.454
0.37
0.5
0.435
0.39
0.311
0.345
0.314
0.409
0.259
0.284
0.171
0.019
0.061
-0.001
-0.071
0.001
-0.169
-0.302
-0.33
-0.47
-0.492
-0.611
-0.33
-0.389
-0.431
-0.526
-0.534
-0.492
-0.491
-0.583
-0.709
-0.652
-0.66
-0.652
-0.521
-0.593
-0.508
-0.35
-0.357
-0.294
-0.201
-0.121
-0.122
-0.208
-0.121
-0.411
-0.233
-0.326
-0.459
-0.422
-0.4
-0.403
-0.405
-0.417
-0.469
-0.389
-0.445
-0.425
-0.236
-0.221
-0.095
0.033
0.109
0.166
0.052
0.081
0.11
0.208
0.147
0.238
0.429
0.376
0.443
0.527
0.579
0.681
0.685
0.905
1.022
1.065
1.121
1.129
1.121
1.184
1.153
1.084
0.929
0.865
0.779
0.588
0.72
0.576
0.464
0.417
0.53
0.575
0.701
0.515
0.47
0.539
0.56
0.49
0.552
0.623
0.61
0.461
0.459
0.519
0.464
0.416
0.531
0.474
0.413
0.27
0.144
0.066
0.22
0.416
0.511
0.534
0.619
0.631
0.55
0.551
0.545
0.549
0.61
0.662
0.526
0.349
0.29
0.091
0.003
-0.058
0.01
-0.075
-0.176
-0.124
-0.329
-0.235
-0.268
-0.348
-0.324
-0.38
-0.309
-0.352
-0.24
-0.215
-0.179
-0.058
-0.095
0.143
0.299
0.364
0.519
0.443
0.238
0.23
0.229
0.336
0.288
0.325
0.32
0.366
0.318
0.307
0.389
0.51
0.589
0.557
0.514
0.4
0.359
0.288
0.156
-0.045
0.131
0.201
0.136
0.113
0.076
0.019
0.138
0.118
0.088
0.129
0.106
-0.041
0.175
-0.04
0.006
0.186
0.229
0.341
0.473
0.429
0.474
0.471
0.5
0.552
0.69
0.584
0.731
0.682
0.574
0.7
0.604
0.749
0.709
0.787
0.871
0.984
1.088
1.106
1.281
1.199
1.235
1.125
1.117
1.289
1.029
1.239
1.318
1.62
1.615
1.808
1.695
1.854
1.788
1.809
1.814
1.728
1.588
1.356
1.633
1.222
1.215
1.145
1.278
1.336
0.95
0.955
0.802
0.676
0.623
0.427
0.561
0.5
0.408
0.29
0.154
0.0
0.083
-0.081
-0.247
-0.417
-0.484
-0.688
-0.604
-0.693
-0.625
-0.821
-0.5
-0.669
-0.659
-0.595
-0.583
-0.336
-0.623
-0.534
-0.581
-0.647
-0.759
-0.586
-0.715
-0.815
-0.9
-0.939
-0.864
-0.775
-0.802
-0.895
-0.889
-0.906
-0.909
-0.768
-0.973
-0.966
-0.969
-0.998
-0.986
-1.028
-1.009
-0.988
-0.991
-1.015
-1.011
-0.786
-0.69
-0.67
-0.841
-0.731
-0.758
-0.761
-0.851
-0.782
-0.782
-1.069
-1.141
-0.893
-0.932
-0.802
-0.764
-0.763
-0.701
-0.917
-0.802
-0.782
-0.608
-0.703
-0.719
-0.931
-0.549
-0.6
-0.542
-0.667
-0.413
-0.357
-0.521
-0.292
-0.354
-0.099
-0.194
-0.389
-0.146
-0.482
-0.45
-0.419
-0.226
-0.329
-0.383
-0.334
-0.384
-0.25
-0.366
-0.478
-0.591
-0.386
-0.058
-0.194
0.131
0.339
0.182
0.45
0.379
0.744
0.878
1.359
1.106
1.001
0.969
1.22
1.535
1.532
1.463
1.395
1.13
1.04
1.075
1.052
0.984
1.274
1.413
1.438
1.088
1.041
1.045
0.941
0.738
0.782
0.509
0.809
0.845
0.652
0.556
0.756
0.564
0.781
0.797
1.025
1.174
1.153
1.25
1.446
1.0
0.955
0.856
0.763
0.739
0.463
0.546
0.504
0.47
0.546
0.494
0.08
-0.071
-0.165
0.026
-0.003
0.333
0.512
0.52
0.396
0.454
0.328
0.36
0.196
0.331
0.168
0.161
0.147
0.374
0.438
0.374
0.351
0.451
0.426
0.378
0.509
0.568
0.7
0.853
0.693
0.763
0.365
0.578
0.504
0.465
0.48
0.636
0.556
0.588
0.794
0.764
0.677
0.93
0.966
1.05
0.968
1.153
1.14
1.255
1.181
1.193
1.166
1.073
1.105
1.099
1.22
1.022
1.069
0.924
0.907
1.106
0.824
0.766
0.821
0.685
0.405
0.35
0.118
0.004
-0.076
-0.239
-0.484
-0.594
-0.856
-0.944
-0.969
-1.039
-0.975
-0.996
-0.956
-0.925
-1.093
-1.25
-1.265
-1.279
-1.161
-1.169
-1.024
-0.876
-0.969
-0.929
-0.88
-0.958
-0.869
-0.981
-0.866
-0.885
-0.99
-0.831
-0.77
-0.578
-0.741
-0.601
-0.556
-0.689
-0.657
-0.634
-0.635
-0.621
-0.874
-0.92
-0.96
-0.71
-0.676
-0.651
-0.791
-0.854
-0.85
-0.605
-0.492
-0.41
-0.265
-0.334
-0.349
-0.406
-0.393
-0.584
-0.595
-0.55
-0.759
-0.365
-0.715
-0.638
-0.639
-0.451
-0.426
-0.413
-0.506
-0.527
-0.672
-0.623
-0.422
-0.289
-0.208
-0.306
-0.242
-0.215
-0.37
-0.107
-0.106
-0.001
0.215
0.215
0.394
0.517
0.55
0.631
0.746
0.735
0.654
0.835
0.845
0.84
0.75
0.695
0.62
0.598
0.576
0.56
0.439
0.531
0.681
0.818
0.765
0.709
0.649
0.466
0.211
0.396
0.199
0.319
0.239
0.056
0.091
0.004
-0.109
-0.146
-0.149
-0.111
-0.074
-0.14
-0.214
-0.335
-0.28
-0.468
-0.506
-0.562
-0.435
-0.383
-0.395
-0.256
-0.351
-0.231
-0.279
-0.212
-0.286
-0.378
-0.169
-0.32
-0.456
-0.492
-0.473
-0.376
-0.445
-0.224
-0.489
-0.568
-0.516
-0.161
-0.052
-0.184
-0.041
0.081
0.049
0.003
-0.188
-0.174
-0.312
-0.542
-0.484
-0.334
-0.504
-0.536
-0.496
-0.464
-0.532
-0.409
-0.45
-0.422
-0.406
-0.469
-0.369
-0.259
-0.296
-0.341
-0.441
-0.371
-0.29
-0.276
-0.169
-0.091
-0.058
0.121
0.065
0.128
0.128
0.151
0.29
0.395
0.461
0.459
0.296
0.422
0.495
0.512
0.509
0.561
0.61
0.537
0.713
0.58
0.586
0.527
0.426
0.381
0.306
0.281
0.215
0.149
0.201
0.245
0.15
0.166
0.245
0.064
0.056
-0.263
-0.273
-0.473
-0.456
-0.57
-0.509
-0.709
-0.682
-0.758
-0.772
-0.944
-0.974
-0.904
-0.826
-0.713
-0.685
-0.736
-0.6
-0.556
-0.503
-0.427
-0.455
-0.348
-0.295
-0.146
0.099
-0.003
0.037
0.124
-0.039
-0.04
0.285
0.333
0.26
0.173
0.394
0.361
0.29
0.43
0.31
0.344
0.343
0.242
0.305
0.456
0.381
0.449
0.391
0.367
0.393
0.255
0.344
0.32
0.205
0.182
0.031
-0.044
0.046
-0.169
0.08
-0.135
0.065
0.124
-0.058
-0.039
-0.143
-0.193
-0.328
-0.214
-0.253
-0.263
-0.195
-0.235
-0.121
-0.184
-0.264
-0.173
-0.079
-0.116
-0.046
-0.136
-0.228
-0.133
-0.077
-0.035
-0.13
-0.181
-0.188
-0.259
-0.32
-0.359
-0.334
-0.295
-0.16
0.314
0.336
0.562
0.504
0.429
0.48
0.541
0.547
0.578
0.541
0.485
0.425
0.401
0.432
0.331
0.384
0.305
0.359
0.307
0.334
0.221
0.209
0.071
0.177
0.238
0.077
0.249
0.215
0.104
0.145
0.086
0.055
-0.098
-0.048
-0.006
-0.015
-0.226
-0.143
0.009
-0.034
-0.013
0.253
0.422
0.641
0.614
0.665
0.715
0.696
0.468
0.263
0.47
0.212
0.307
0.122
0.058
0.037
0.064
-0.031
-0.049
-0.182
-0.15
-0.191
0.001
-0.014
-0.033
-0.145
-0.166
-0.184
-0.255
-0.189
0.011
0.085
-0.124
-0.116
-0.144
-0.29
-0.301
-0.39
-0.422
-0.463
-0.638
-0.623
-0.724
-0.68
-0.734
-0.519
-0.367
-0.391
-0.479
-0.6
-0.685
-0.7
-0.708
-0.629
-0.723
-0.77
-0.729
-0.772
-0.65
-0.562
-0.445
-0.27
-0.408
-0.426
-0.384
-0.406
-0.443
-0.469
-0.54
-0.388
-0.551
-0.39
-0.46
-0.458
-0.391
-0.5
-0.475
-0.459
-0.544
-0.47
-0.335
-0.285
-0.24
-0.271
-0.545
-0.594
-0.606
-0.435
-0.474
-0.471
-0.495
-0.431
-0.425
-0.286
-0.32
-0.395
-0.268
-0.045
-0.094
0.006
0.101
0.182
0.152
0.104
0.009
-0.091
-0.065
0.015
-0.043
-0.069
0.01
-0.15
-0.099
-0.13
-0.121
0.048
0.13
0.176
0.121
0.206
0.226
0.046
0.159
0.081
0.13
0.174
0.151
0.233
0.107
0.114
0.194
0.27
0.348
0.411
0.426
0.408
0.671
0.755
0.866
1.001
1.064
0.89
0.886
0.873
0.756
0.731
0.69
0.593
0.496
0.391
0.427
0.42
0.329
0.38
0.208
0.365
0.323
0.238
0.209
0.263
0.38
0.266
0.29
0.103
-0.036
-0.242
-0.283
-0.253
-0.394
-0.466
-0.405
-0.492
-0.527
-0.5
-0.6
-0.675
-0.651
-0.657
-0.682
-0.656
-0.559
-0.478
-0.506
-0.492
-0.539
-0.576
-0.657
-0.616
-0.63
-0.646
-0.519
-0.62
-0.568
-0.645
-0.474
-0.736
-0.624
-0.482
-0.415
-0.436
-0.333
-0.334
-0.179
-0.214
-0.034
-0.004
-0.154
-0.013
-0.181
-0.351
-0.3
-0.642
-0.599
-0.654
-0.729
-0.611
-0.585
-0.245
-0.189
-0.323
-0.206
-0.36
-0.062
0.086
0.131
0.18
0.114
0.217
0.25
0.326
0.324
0.594
0.716
0.779
0.718
0.93
1.011
1.009
1.022
1.004
0.99
1.099
1.123
1.185
1.203
1.163
1.336
1.366
1.201
1.2
1.113
1.029
0.91
0.77
0.66
0.525
0.469
0.398
0.416
0.351
0.541
0.496
0.301
0.23
0.203
0.253
0.174
0.17
0.138
0.133
0.143
0.049
-0.026
-0.01
0.103
-0.01
-0.116
-0.104
-0.279
-0.264
-0.065
-0.106
-0.051
-0.019
0.151
0.275
0.139
0.318
0.344
0.416
0.351
0.329
0.306
0.366
0.384
0.374
0.309
0.45
0.566
0.535
0.652
0.701
0.841
0.776
0.794
0.713
0.657
0.711
0.686
0.508
0.411
0.269
0.409
0.39
0.436
0.484
0.354
0.292
0.255
0.323
0.189
0.269
0.229
0.161
0.158
0.16
0.171
0.025
0.2
0.238
0.17
0.228
0.199
0.021
-0.212
-0.163
-0.296
-0.304
-0.384
-0.291
-0.478
-0.623
-0.682
-0.535
-0.509
-0.27
-0.297
-0.186
-0.386
-0.374
-0.208
-0.176
-0.111
-0.182
-0.23
-0.191
-0.233
-0.299
-0.209
-0.32
-0.343
-0.302
-0.385
-0.362
-0.349
-0.233
-0.251
-0.138
-0.159
-0.195
-0.221
-0.143
-0.338
-0.196
0.06
0.329
0.092
0.199
0.175
0.367
0.406
0.549
0.73
0.615
0.806
0.874
0.964
1.116
1.151
1.367
1.269
1.365
1.45
1.474
1.465
1.419
1.334
1.529
1.711
1.485
1.548
1.47
1.575
1.331
1.321
1.183
0.89
0.995
0.629
0.286
0.54
0.263
0.163
0.04
0.026
-0.149
-0.217
-0.155
-0.351
-0.225
-0.152
-0.074
-0.058
-0.398
-0.463
-0.745
-0.586
-0.636
-0.511
-0.534
-0.754
-0.885
-0.794
-0.976
-0.883
-0.818
-0.983
-0.624
-0.756
-0.828
-0.801
-0.698
-0.69
-0.723
-0.425
-0.665
-0.494
-0.448
-0.355
-0.266
-0.18
-0.189
-0.134
-0.129
0.088
0.214
0.107
0.352
0.417
0.471
0.497
0.349
0.384
0.323
0.326
0.116
0.284
0.301
-0.07
0.099
0.229
0.284
0.426
0.59
0.642
0.495
0.515
0.573
0.309
0.259
0.279
0.574
0.644
0.744
0.779
0.944
0.939
1.258
1.177
1.221
1.144
1.051
0.989
0.976
0.973
0.95
0.833
1.041
1.008
0.755
0.755
0.716
0.72
0.768
0.461
0.401
0.33
0.223
0.171
0.176
0.159
0.151
0.043
0.175
0.283
0.221
0.251
0.27
0.629
0.479
0.344
0.144
0.025
-0.139
-0.138
-0.318
-0.295
-0.491
-0.323
-0.336
-0.375
-0.26
-0.279
-0.465
-0.346
-0.666
-0.708
-0.841
-0.736
-0.861
-0.869
-0.634
-0.605
-0.534
-0.471
-0.615
-0.541
-0.542
-0.355
-0.343
-0.357
-0.284
-0.22
-0.217
-0.224
-0.299
-0.294
-0.35
-0.088
-0.241
-0.328
-0.285
-0.324
-0.266
-0.381
-0.258
-0.357
-0.234
-0.215
-0.319
-0.311
-0.241
-0.336
-0.261
-0.384
-0.385
-0.385
-0.492
-0.574
-0.578
-0.682
-0.625
-0.81
-0.718
-0.885
-0.894
-0.974
-1.03
-1.167
-1.173
-1.245
-1.27
-1.254
-1.294
-1.149
-1.141
-1.095
-0.907
-0.729
-0.686
-0.486
-0.236
-0.231
0.02
0.254
0.196
0.061
0.109
0.355
0.339
0.522
0.329
0.436
0.61
0.666
0.76
0.886
0.873
1.005
0.78
0.902
0.804
0.999
1.06
0.824
0.701
0.566
0.489
0.239
0.224
0.181
0.058
-0.056
-0.035
-0.064
-0.054
-0.133
-0.16
-0.226
-0.19
-0.323
-0.367
-0.388
-0.361
-0.495
-0.527
-0.455
-0.354
-0.36
-0.474
-0.516
-0.614
-0.761
-0.729
-0.675
-0.549
-0.542
-0.374
-0.419
-0.4
-0.484
-0.664
-0.559
-0.521
-0.468
-0.579
-0.541
-0.503
-0.547
-0.475
-0.527
-0.406
-0.554
-0.562
-0.328
-0.379
-0.279
-0.238
-0.181
0.114
0.161
0.198
0.226
0.403
0.352
0.283
0.438
0.48
0.629
0.616
0.755
0.623
0.745
0.68
0.754
0.745
0.709
0.698
0.714
0.715
0.709
0.791
0.691
0.496
0.459
0.506
0.456
0.511
0.611
0.39
0.512
0.334
0.214
0.189
0.054
0.15
0.046
0.052
-0.226
-0.203
-0.441
-0.581
-0.527
-0.479
-0.48
-0.631
-0.708
-0.761
-0.755
-0.665
-0.556
-0.484
-0.448
-0.408
-0.504
-0.31
-0.59
-0.438
-0.436
-0.268
-0.114
0.04
0.156
0.269
0.158
0.292
0.404
0.434
0.455
0.416
0.56
0.689
0.759
0.838
0.824
0.681
0.851
0.764
0.724
0.616
0.743
0.75
0.584
0.547
0.574
0.694
1.004
0.976
0.856
0.728
0.67
0.626
0.432
0.288
0.075
-0.005
-0.254
-0.38
-0.388
-0.44
-0.506
-0.475
-0.654
-0.676
-0.764
-0.858
-0.84
-0.795
-0.838
-0.996
-0.985
-1.274
-1.18
-1.176
-1.155
-1.058
-1.135
-1.054
-1.032
-1.179
-1.143
-1.19
-1.289
-1.365
-1.33
-1.369
-1.203
-1.15
-1.201
-1.308
-1.189
-1.406
-1.356
-1.131
-1.125
-0.84
-0.671
-0.626
-0.325
-0.072
-0.151
-0.022
0.239
0.2
0.288
0.271
0.106
0.194
0.095
0.146
-0.111
0.041
0.174
0.249
0.228
0.422
0.644
0.615
0.709
0.708
0.891
1.028
1.052
0.989
0.895
0.935
0.823
0.96
0.98
0.92
0.868
0.824
0.755
0.718
0.719
0.734
0.545
0.693
0.76
0.718
0.714
0.557
0.586
0.45
0.43
0.28
0.331
0.28
0.177
0.101
-0.079
-0.04
-0.104
-0.071
-0.084
-0.028
0.014
0.069
0.025
-0.217
-0.05
-0.164
0.055
-0.06
0.001
0.121
0.128
0.149
0.141
-0.061
-0.004
-0.098
0.001
-0.246
-0.069
-0.211
-0.286
-0.331
-0.333
-0.323
-0.409
-0.338
-0.263
-0.206
-0.264
-0.425
-0.404
-0.536
-0.499
-0.556
-0.444
-0.389
-0.509
-0.357
-0.432
-0.348
-0.229
-0.114
-0.061
0.085
0.219
0.42
0.578
0.571
0.807
0.68
0.79
0.9
0.896
1.203
1.147
1.206
0.995
1.001
0.645
0.688
0.711
0.638
0.58
0.435
0.469
0.334
0.41
0.416
0.323
0.375
0.435
0.325
0.279
0.26
0.212
0.369
0.374
0.384
0.417
0.408
0.432
0.416
0.484
0.343
0.199
0.23
0.195
0.088
0.121
0.105
0.036
-0.041
-0.151
-0.226
0.011
-0.081
-0.201
-0.289
-0.242
-0.19
-0.289
-0.394
-0.426
-0.318
-0.686
-0.659
-0.45
-0.723
-0.541
-0.619
-0.537
-0.509
-0.551
-0.482
-0.494
-0.438
-0.374
-0.233
-0.289
-0.049
-0.054
-0.128
-0.143
-0.116
0.086
0.034
0.136
-0.005
-0.037
0.031
-0.189
-0.296
-0.393
-0.611
-0.409
-0.743
-0.569
-0.578
-0.555
-0.866
-0.799
-0.765
-0.819
-0.759
-0.635
-0.725
-0.591
-0.561
-0.711
-0.726
-0.8
-0.791
-0.679
-0.65
-0.517
-0.66
-0.672
-0.645
-0.865
-0.771
-0.736
-0.709
-0.688
-0.574
-0.461
-0.505
-0.475
-0.351
-0.281
-0.263
-0.086
0.026
0.03
0.088
0.122
0.158
0.173
0.224
0.269
0.241
0.198
0.253
0.125
0.136
0.27
0.339
0.223
0.214
0.131
0.19
0.118
-0.016
-0.021
0.001
0.05
0.133
0.159
0.179
0.019
0.135
-0.016
0.065
-0.074
0.006
0.04
0.18
0.297
0.261
0.379
0.291
0.369
0.309
0.228
0.089
0.336
0.331
0.14
0.223
0.199
0.149
0.254
0.177
0.265
0.211
0.238
0.326
0.274
0.212
0.121
0.045
0.061
-0.052
0.161
0.111
0.175
0.121
0.15
0.2
0.147
0.279
0.435
0.295
0.378
0.455
0.537
0.633
0.693
0.868
0.749
0.806
0.701
0.79
0.741
0.726
0.725
0.775
0.836
0.845
0.921
1.0
1.126
1.066
1.115
1.114
1.318
1.361
1.271
1.336
1.329
1.316
1.319
1.175
1.028
1.183
1.015
1.041
0.943
0.824
0.87
0.603
0.466
0.273
0.156
0.12
-0.009
0.034
-0.261
-0.385
-0.624
-0.506
-0.413
-0.499
-0.391
-0.478
-0.319
-0.069
-0.271
-0.349
-0.295
-0.261
-0.32
-0.414
-0.292
-0.261
-0.049
0.182
0.114
0.128
-0.107
-0.234
-0.189
-0.056
0.139
0.065
0.215
0.194
0.136
0.141
-0.076
-0.166
-0.01
-0.129
-0.111
-0.025
0.119
0.321
0.463
0.446
0.403
0.299
0.338
0.163
0.029
0.036
-0.145
-0.305
-0.539
-0.641
-0.775
-0.776
-0.734
-0.768
-0.829
-0.754
-0.769
-0.796
-0.769
-0.664
-0.73
-0.75
-0.665
-0.571
-0.49
-0.426
-0.362
-0.465
-0.514
-0.504
-0.45
-0.401
-0.5
-0.413
-0.384
-0.48
-0.408
-0.219
-0.223
0.007
0.111
0.226
0.385
0.745
0.464
0.615
0.599
0.595
0.705
0.698
0.708
0.704
0.621
0.754
0.846
0.891
0.814
0.905
0.799
0.688
0.638
0.795
0.824
0.763
0.751
0.656
0.81
0.943
1.022
1.008
0.994
0.931
0.993
1.159
0.883
0.865
0.761
0.784
0.705
0.588
0.59
0.205
0.129
0.062
0.081
0.141
-0.161
-0.3
-0.278
-0.149
-0.238
-0.2
-0.371
-0.318
-0.441
-0.681
-0.731
-0.865
-0.799
-1.006
-1.035
-1.252
-1.1
-0.93
-1.093
-1.116
-1.008
-1.052
-0.859
-0.831
-0.879
-0.85
-0.87
-0.897
-0.859
-0.779
-0.81
-0.946
-0.776
-0.777
-0.669
-0.413
-0.351
-0.295
-0.234
0.019
-0.119
0.015
0.124
0.076
0.062
-0.004
0.111
0.13
0.223
0.279
0.356
0.479
0.562
0.598
0.755
0.756
0.955
0.758
0.787
0.823
1.005
0.94
0.76
0.78
0.64
0.693
0.671
0.85
0.721
0.879
0.915
0.765
0.659
0.58
0.575
0.388
0.109
0.098
-0.018
-0.026
0.021
0.043
-0.03
-0.113
-0.095
-0.144
-0.104
-0.2
0.001
0.0
0.17
0.122
0.269
0.2
0.152
0.139
0.08
-0.077
-0.099
-0.323
-0.168
-0.022
-0.169
-0.216
-0.188
-0.151
-0.198
-0.217
-0.14
-0.219
-0.026
0.005
-0.009
-0.029
-0.079
-0.21
-0.314
-0.196
-0.281
-0.395
-0.365
-0.464
-0.504
-0.545
-0.499
-0.549
-0.511
-0.403
-0.659
-0.689
-0.75
-0.855
-0.799
-0.739
-0.618
-0.774
-0.753
-0.746
-0.676
-0.61
-0.633
-0.733
-0.674
-0.691
-0.809
-0.785
-0.819
-0.745
-0.569
-0.545
-0.406
-0.386
-0.59
-0.791
-0.699
-0.715
-0.578
-0.401
-0.425
-0.24
-0.096
-0.065
0.029
-0.075
0.103
0.088
0.238
0.154
0.165
0.256
0.44
0.522
0.539
0.487
0.6
0.506
0.419
0.466
0.481
0.619
0.681
0.698
0.593
0.644
0.691
0.86
0.741
0.735
0.716
0.546
0.615
0.649
0.568
0.431
0.458
0.43
0.417
0.219
-0.044
-0.099
-0.211
-0.258
-0.388
-0.63
-0.391
-0.605
-0.571
-0.714
-0.723
-0.733
-0.618
-0.48
-0.35
-0.341
-0.408
-0.326
-0.339
-0.398
-0.216
-0.175
-0.096
-0.265
-0.085
-0.33
-0.208
-0.175
-0.23
-0.246
-0.33
-0.403
-0.36
-0.422
-0.487
-0.525
-0.524
-0.585
-0.682
-0.595
-0.596
-0.573
-0.621
-0.604
-0.677
-0.688
-0.703
-0.876
-0.651
-0.746
-0.753
-0.636
-0.64
-0.609
-0.495
-0.409
-0.455
-0.486
-0.494
-0.315
-0.46
-0.372
-0.434
-0.271
-0.359
-0.316
-0.285
-0.249
-0.234
-0.244
-0.173
-0.069
0.096
0.376
0.158
0.191
0.189
0.165
0.517
0.398
0.469
0.396
0.444
0.561
0.349
0.242
0.251
0.191
0.216
0.215
0.206
0.088
0.069
0.059
0.028
0.005
0.141
0.185
0.081
0.158
0.0
0.1
0.048
-0.011
-0.03
-0.361
-0.13
0.045
-0.105
-0.291
-0.545
-0.723
-0.539
-0.526
-0.426
-0.551
-0.634
-0.573
-0.659
-0.68
-0.526
-0.547
-0.427
-0.666
-0.73
-0.834
-0.775
-0.795
-0.916
-0.701
-0.666
-0.521
-0.479
-0.446
-0.471
-0.48
-0.43
-0.469
-0.326
-0.302
-0.19
-0.295
-0.075
0.196
0.182
0.314
0.208
0.329
0.435
0.364
0.486
0.346
0.616
0.714
0.806
0.981
0.777
0.92
1.157
1.274
1.444
1.329
1.376
1.499
1.453
1.472
1.357
1.321
1.208
1.149
1.078
0.904
1.032
0.994
0.74
0.494
0.458
0.638
0.628
0.77
0.704
0.566
0.471
0.323
0.199
0.166
0.279
0.295
0.263
0.18
0.083
-0.111
-0.131
-0.225
-0.193
-0.19
-0.311
-0.479
-0.469
-0.532
-0.689
-0.711
-0.759
-0.871
-0.911
-0.983
-0.899
-0.856
-0.801
-0.88
-0.794
-0.854
-0.787
-0.781
-0.734
-0.56
-0.586
-0.688
-0.906
-0.978
-0.899
-1.113
-0.915
-1.169
-1.116
-1.113
-1.236
-1.054
-1.062
-0.929
-0.87
-0.858
-0.831
-0.779
-0.635
-0.371
-0.208
-0.32
-0.302
-0.304
-0.274
-0.318
-0.25
-0.223
-0.299
-0.07
0.072
0.258
0.284
0.325
0.177
0.359
0.346
0.384
0.426
0.535
0.465
0.554
0.546
0.583
0.6
0.575
0.628
0.6
0.524
0.576
0.48
0.372
0.334
0.1
0.062
-0.041
0.101
-0.043
-0.194
-0.365
-0.436
-0.45
-0.136
-0.535
-0.444
-0.305
-0.103
-0.111
-0.292
-0.35
-0.283
-0.128
-0.318
-0.174
-0.339
-0.355
-0.346
-0.177
-0.199
-0.13
-0.015
-0.147
-0.146
-0.19
-0.11
-0.209
-0.096
0.034
0.134
0.215
0.099
0.312
0.1
0.224
0.105
0.036
0.077
-0.006
-0.126
-0.128
-0.12
-0.129
-0.299
-0.391
-0.27
-0.465
-0.389
-0.461
-0.411
-0.571
-0.475
-0.314
-0.294
-0.264
-0.201
-0.176
0.0
-0.098
-0.104
0.024
0.177
0.228
0.134
0.281
0.256
0.321
0.29
0.246
0.341
0.291
0.378
0.55
0.545
0.52
0.415
0.391
0.376
0.283
0.292
0.264
0.249
0.104
-0.061
0.054
0.013
0.043
0.036
0.056
-0.158
-0.279
-0.201
-0.201
-0.161
-0.15
-0.209
-0.199
0.001
0.009
-0.036
0.111
0.173
0.028
-0.058
-0.14
-0.031
0.006
0.099
0.144
0.288
0.094
0.105
0.26
0.28
0.424
0.355
0.348
0.595
0.623
0.489
0.454
0.527
0.655
0.601
0.713
0.807
0.98
1.169
1.056
1.31
1.312
1.167
1.294
1.326
1.394
1.409
1.573
1.751
1.911
1.9
2.083
2.089
1.939
1.899
1.694
1.74
1.798
1.471
1.599
1.225
1.091
1.029
0.965
0.566
0.71
0.47
0.451
0.346
0.301
0.119
-0.143
-0.198
-0.292
-0.414
-0.569
-0.743
-0.765
-0.789
-0.906
-1.002
-0.988
-1.051
-0.99
-0.902
-0.834
-0.996
-0.964
-0.911
-0.736
-0.69
-0.681
-0.724
-0.696
-0.634
-0.601
-0.62
-0.324
-0.208
-0.256
-0.194
-0.226
-0.006
-0.151
-0.214
-0.265
-0.118
-0.185
-0.104
-0.029
-0.101
-0.234
-0.226
-0.238
-0.31
-0.522
-0.5
-0.589
-0.721
-0.515
-0.73
-0.816
-0.902
-0.703
-0.886
-0.76
-0.81
-0.575
-0.492
-0.326
-0.441
-0.515
-0.555
-0.749
-0.631
-0.391
-0.329
-0.398
-0.29
-0.451
-0.506
-0.395
-0.302
-0.069
-0.065
-0.224
-0.149
-0.031
-0.175
-0.255
-0.146
-0.125
0.055
0.011
0.101
-0.089
-0.061
-0.086
-0.296
-0.149
-0.469
-0.542
-0.32
-0.208
-0.16
-0.385
-0.304
-0.119
-0.145
-0.019
-0.15
0.01
0.045
0.033
0.025
-0.058
-0.201
-0.095
-0.085
0.004
0.066
0.065
0.035
0.164
0.413
0.461
0.733
0.715
0.836
0.961
0.953
0.924
0.964
0.983
1.281
1.386
1.292
1.284
1.238
1.245
1.23
1.116
1.106
1.139
1.201
1.078
1.069
0.993
1.028
1.012
0.772
0.522
0.521
0.509
0.641
0.641
0.503
0.501
0.35
0.619
0.56
0.57
0.761
0.701
0.661
0.616
0.591
0.58
0.552
0.596
0.733
0.811
0.89
0.868
0.896
0.846
0.931
0.961
0.749
0.684
0.656
0.72
0.586
0.59
0.454
0.356
0.182
0.113
0.088
-0.001
-0.048
-0.028
-0.056
-0.037
0.009
-0.25
-0.111
-0.182
-0.124
-0.003
-0.201
-0.118
-0.155
-0.055
-0.229
-0.288
-0.315
-0.205
-0.301
-0.319
-0.349
-0.449
-0.509
-0.684
-0.871
-1.021
-0.897
-0.896
-0.87
-0.751
-0.797
-0.836
-0.899
-0.89
-0.965
-1.099
-0.989
-1.183
-1.114
-1.16
-1.14
-1.121
-1.046
-0.971
-0.941
-0.795
-0.839
-0.759
-0.797
-0.689
-0.704
-0.638
-0.55
-0.52
-0.459
-0.655
-0.601
-0.505
-0.53
-0.422
-0.429
-0.38
-0.466
-0.542
-0.468
-0.505
-0.391
-0.376
-0.425
-0.434
-0.501
-0.341
-0.323
-0.228
-0.319
-0.426
-0.41
-0.497
-0.366
-0.205
-0.106
-0.179
-0.193
-0.138
0.035
0.048
0.212
0.177
0.341
0.408
0.274
0.411
0.321
0.209
0.259
0.001
0.19
0.274
0.182
0.174
0.152
0.135
0.046
0.08
-0.065
-0.12
-0.022
0.054
-0.118
-0.08
-0.189
-0.122
-0.028
0.104
0.118
0.219
0.236
0.325
0.048
-0.08
-0.015
0.163
0.051
0.16
0.171
0.11
-0.045
-0.044
-0.06
0.141
0.279
0.333
0.324
0.39
0.365
0.473
0.527
0.527
0.583
0.608
0.562
0.431
0.491
0.461
0.356
0.276
0.12
0.066
0.104
0.35
0.17
0.19
0.29
0.179
0.007
-0.1
-0.244
-0.176
-0.18
-0.261
-0.345
-0.51
-0.566
-0.494
-0.807
-0.912
-0.96
-0.929
-0.835
-0.71
-0.519
-0.524
-0.58
-0.306
-0.288
-0.455
-0.41
-0.492
-0.297
-0.475
-0.38
-0.576
-0.474
-0.362
-0.44
-0.419
-0.269
-0.255
-0.22
-0.31
-0.32
-0.371
-0.537
-0.545
-0.667
-0.721
-0.814
-1.025
-0.94
-1.08
-1.01
-0.938
-0.855
-0.756
-0.657
-0.749
-0.734
-0.739
-0.801
-0.706
-0.871
-0.699
-0.758
-0.691
-0.718
-0.718
-0.753
-0.718
-0.588
-0.576
-0.455
-0.297
-0.29
-0.351
-0.348
-0.294
-0.173
-0.039
0.062
0.052
0.189
0.06
0.26
0.408
0.311
0.413
0.495
0.508
0.56
0.526
0.52
0.674
0.915
0.904
0.991
1.204
1.222
1.248
1.281
1.295
1.36
1.213
1.143
1.079
1.069
1.051
0.971
1.1
1.074
0.869
0.93
0.684
0.554
0.68
0.698
0.735
0.787
0.881
0.651
0.672
0.527
0.374
0.306
0.349
0.224
0.139
-0.035
-0.196
-0.147
-0.212
-0.201
-0.299
-0.131
-0.018
0.021
0.033
0.033
-0.01
0.158
0.161
0.139
0.122
-0.005
-0.114
-0.173
-0.18
-0.184
-0.223
-0.147
-0.122
-0.23
-0.19
-0.236
-0.245
-0.369
-0.274
-0.343
-0.304
-0.362
0.0
-0.306
-0.43
-0.4
-0.409
-0.466
-0.403
-0.422
-0.345
-0.357
-0.292
-0.139
0.044
0.084
0.278
0.316
0.38
0.449
0.501
0.596
0.686
0.731
0.772
0.68
0.79
0.845
0.886
0.745
0.699
0.468
0.374
0.32
0.163
0.333
0.336
0.499
0.571
0.484
0.307
0.29
0.24
0.212
0.124
0.429
0.302
0.188
0.325
0.168
0.219
0.164
0.168
0.124
-0.028
-0.016
-0.056
-0.041
-0.194
-0.09
-0.188
-0.109
-0.14
-0.083
-0.246
-0.176
-0.066
-0.165
-0.154
-0.106
-0.171
-0.144
-0.179
-0.286
-0.385
-0.386
-0.312
-0.328
-0.285
-0.271
-0.091
-0.143
0.046
0.149
0.305
0.401
0.371
0.301
0.076
0.164
0.352
0.614
0.537
0.531
0.345
0.416
0.314
0.236
0.389
0.417
0.561
0.32
0.455
0.168
0.084
0.152
0.0
-0.048
-0.129
-0.089
0.028
-0.199
-0.061
-0.195
-0.045
0.066
0.011
-0.018
-0.054
-0.1
-0.155
-0.235
-0.274
-0.214
-0.225
0.051
-0.016
0.122
0.139
0.173
0.231
-0.05
0.022
-0.119
-0.266
-0.099
-0.241
0.011
-0.039
0.013
-0.037
0.084
0.046
0.049
0.139
0.253
0.266
0.268
0.235
0.24
0.409
0.31
0.246
0.221
0.156
0.061
-0.136
-0.081
-0.029
0.054
-0.033
-0.015
-0.075
-0.016
-0.328
-0.2
-0.315
-0.419
-0.588
-0.556
-0.475
-0.492
-0.469
-0.401
-0.471
-0.57
-0.539
-0.624
-0.47
-0.609
-0.276
-0.414
-0.247
-0.266
-0.055
0.05
0.296
0.362
0.336
0.27
0.297
0.217
0.196
0.146
0.291
0.209
0.161
0.098
0.144
0.159
0.045
-0.044
0.028
-0.175
-0.221
-0.049
-0.086
0.045
-0.109
0.037
0.109
-0.085
-0.182
-0.319
-0.025
0.033
-0.125
-0.21
0.058
-0.092
0.084
0.07
0.051
0.115
0.164
0.228
-0.088
-0.191
-0.201
-0.185
-0.234
-0.198
-0.018
-0.244
-0.159
-0.066
0.084
-0.006
-0.086
-0.179
-0.03
-0.07
0.003
0.305
-0.136
0.16
-0.016
-0.058
0.08
0.105
0.18
0.256
0.425
0.177
0.309
0.225
0.225
0.414
0.364
0.461
0.547
0.531
0.605
0.629
0.633
0.806
0.754
0.853
1.022
0.944
0.95
0.834
0.893
0.921
1.076
0.826
0.714
0.731
0.679
0.638
0.87
0.734
0.976
0.89
0.919
1.034
1.096
1.107
0.851
0.763
0.681
0.81
0.664
0.771
0.818
0.878
0.879
0.779
0.593
0.588
0.42
0.214
0.168
-0.283
-0.036
-0.246
-0.381
-0.425
-0.509
-0.542
-0.721
-0.618
-0.689
-0.571
-0.595
-0.588
-0.659
-0.785
-0.869
-0.974
-0.866
-0.901
-0.902
-0.843
-0.629
-0.638
-0.371
-0.326
-0.323
-0.436
-0.345
-0.404
-0.355
-0.365
-0.226
-0.113
-0.086
-0.181
0.261
0.365
0.445
0.634
0.654
0.665
0.843
0.756
0.901
0.935
1.079
1.343
1.363
1.526
1.531
1.448
1.414
1.334
1.415
1.24
1.218
1.086
1.084
0.929
0.784
0.664
0.57
0.494
0.199
0.184
0.054
-0.036
-0.104
-0.286
-0.331
-0.445
-0.624
-0.736
-0.671
-1.004
-1.116
-1.215
-1.404
-1.478
-1.463
-1.519
-1.639
-1.614
-1.406
-1.286
-1.114
-1.105
-1.081
-0.875
-0.85
-0.812
-0.603
-0.527
-0.494
-0.789
-0.829
-0.661
-0.856
-0.909
-0.804
-0.926
-0.93
-0.873
-0.915
-1.059
-0.988
-0.94
-0.984
-0.896
-1.209
-0.993
-0.818
-0.682
-0.578
-0.575
-0.346
-0.416
-0.223
-0.256
-0.345
-0.384
-0.171
-0.305
-0.221
-0.273
-0.304
-0.259
-0.354
-0.256
0.003
-0.031
0.152
0.371
0.133
0.092
0.195
0.29
0.301
0.301
0.364
0.517
0.621
0.596
0.544
0.455
0.449
0.381
0.289
0.3
0.276
0.319
0.255
0.164
0.072
0.014
-0.086
-0.188
-0.156
-0.064
-0.048
-0.088
-0.061
-0.228
-0.223
-0.292
-0.444
-0.436
-0.559
-0.393
-0.479
-0.573
-0.399
-0.484
-0.562
-0.656
-0.649
-0.561
-0.575
-0.542
-0.598
-0.376
-0.55
-0.383
-0.455
-0.603
-0.579
-0.481
-0.365
-0.434
-0.443
-0.426
-0.339
-0.375
-0.378
-0.448
-0.469
-0.319
-0.408
-0.479
-0.451
-0.62
-0.774
-0.674
-0.836
-1.002
-0.761
-1.008
-0.769
-0.909
-0.88
-0.841
-0.853
-0.745
-0.856
-0.811
-0.851
-0.639
-0.662
-0.64
-0.64
-0.463
-0.296
-0.059
0.025
-0.013
0.035
0.255
0.328
0.36
0.458
0.604
0.463
0.655
0.736
0.836
0.991
0.93
1.044
1.308
1.165
1.201
1.12
1.048
0.968
0.958
0.934
1.0
1.116
1.109
1.219
1.115
0.749
0.656
0.448
0.469
0.494
0.281
0.345
0.088
0.19
0.039
-0.138
-0.181
-0.109
-0.15
-0.133
-0.151
-0.271
-0.099
0.033
0.124
0.155
0.181
0.297
0.253
0.238
0.259
0.219
0.095
0.0
0.062
-0.07
0.043
-0.026
-0.229
-0.335
-0.3
-0.492
-0.461
-0.281
-0.458
-0.341
-0.324
-0.241
-0.161
-0.241
-0.271
-0.359
-0.334
-0.089
-0.326
-0.291
-0.215
-0.325
-0.155
-0.26
-0.181
-0.281
-0.395
-0.542
-0.644
-0.569
-0.525
-0.588
-0.46
-0.479
-0.348
-0.469
-0.217
-0.219
-0.028
0.185
0.331
0.356
0.425
0.556
0.491
0.588
0.534
0.562
0.651
0.621
0.755
0.41
0.594
0.669
0.609
0.675
0.792
0.792
0.875
0.749
0.585
0.403
0.163
-0.041
0.111
-0.024
0.079
0.189
0.24
-0.056
-0.013
-0.011
-0.133
0.09
0.094
0.3
0.261
0.374
0.346
0.445
0.389
0.355
0.349
0.328
0.268
0.283
0.304
0.234
0.323
0.14
0.081
0.113
0.033
0.301
-0.025
0.054
0.072
0.06
0.096
0.048
0.055
0.085
-0.106
-0.119
-0.109
-0.289
-0.251
-0.264
-0.181
-0.181
-0.246
-0.279
-0.25
-0.319
-0.208
-0.116
-0.401
-0.215
-0.235
-0.279
-0.241
-0.195
-0.049
-0.164
-0.06
-0.061
-0.116
-0.16
-0.39
-0.149
-0.122
-0.188
-0.348
-0.265
-0.007
0.099
0.051
0.065
0.013
-0.062
0.015
0.114
0.244
0.145
0.278
0.454
0.413
0.193
0.225
0.22
0.24
0.029
0.245
0.059
0.329
0.241
0.254
0.212
0.205
0.188
0.346
0.168
0.265
0.214
0.206
0.133
0.0
0.106
0.04
-0.223
-0.349
-0.574
-0.854
-0.804
-0.688
-0.675
-0.636
-0.45
-0.455
-0.186
-0.264
-0.225
-0.236
-0.268
-0.159
-0.29
-0.134
-0.141
-0.03
0.173
0.165
0.083
0.231
0.246
0.318
0.561
0.636
0.749
0.698
0.791
0.699
0.688
0.573
0.624
0.853
0.94
0.836
0.825
0.902
1.161
1.096
0.948
1.026
1.03
0.998
0.909
0.825
1.137
1.039
1.073
0.818
0.605
0.517
0.333
0.555
0.431
0.345
0.239
0.264
0.45
0.274
0.309
0.254
0.201
0.31
0.126
0.135
-0.055
0.126
-0.075
-0.009
-0.199
-0.149
-0.149
-0.309
-0.399
-0.259
-0.304
-0.378
-0.286
-0.24
-0.361
-0.144
-0.08
0.041
0.013
0.19
0.231
0.28
0.319
0.352
0.501
0.485
0.532
0.364
0.352
0.109
0.388
0.415
0.532
0.514
0.427
0.398
0.375
0.569
0.429
0.384
0.225
0.189
0.133
0.071
0.021
-0.096
-0.328
-0.551
-0.738
-0.655
-0.62
-0.671
-0.594
-0.491
-0.515
-0.446
-0.479
-0.414
-0.41
-0.351
-0.296
-0.499
-0.324
-0.343
-0.378
-0.365
-0.468
-0.302
-0.26
-0.291
-0.302
-0.292
-0.166
-0.22
-0.341
-0.23
-0.311
-0.14
-0.107
-0.336
-0.111
-0.383
-0.417
-0.441
-0.333
-0.12
-0.12
0.159
0.163
0.033
0.077
0.107
0.278
0.289
0.352
0.226
0.455
0.599
0.659
0.973
1.038
0.961
1.039
1.088
1.08
1.568
1.671
1.74
1.895
1.421
1.463
1.235
1.414
1.318
1.516
1.724
1.555
1.519
1.518
1.397
1.285
1.262
1.161
1.018
0.861
0.969
0.93
0.796
0.669
0.269
0.516
0.383
0.281
0.029
-0.083
-0.066
-0.113
-0.095
-0.07
-0.161
-0.005
0.035
-0.029
-0.024
0.081
0.037
0.028
0.058
-0.051
0.005
0.048
0.095
0.09
-0.039
0.05
-0.185
-0.034
0.0
-0.128
-0.131
-0.076
-0.056
-0.188
-0.406
-0.321
-0.391
-0.471
-0.529
-0.374
-0.429
-0.481
-0.55
-0.578
-0.589
-0.684
-0.564
-0.562
-0.566
-0.529
-0.512
-0.521
-0.67
-0.646
-0.546
-0.58
-0.564
-0.751
-0.863
-0.754
-0.743
-0.889
-0.866
-0.834
-0.82
-0.835
-0.911
-0.865
-0.989
-0.819
-0.917
-1.024
-1.012
-0.932
-0.76
-0.744
-0.714
-0.7
-0.738
-0.75
-0.619
-0.667
-0.685
-0.759
-0.608
-0.504
-0.316
-0.336
-0.249
-0.229
-0.015
0.12
0.242
0.21
0.348
0.415
0.501
0.674
0.685
0.828
0.772
0.844
0.68
0.556
0.458
0.346
0.309
0.411
0.406
0.49
0.285
0.24
0.324
0.39
0.238
0.134
0.199
0.113
0.27
0.344
0.216
0.265
0.406
0.494
0.494
0.449
0.325
0.604
0.646
0.6
0.623
0.495
0.505
0.393
0.291
0.188
0.118
0.16
0.02
0.028
-0.126
-0.191
-0.329
-0.426
-0.465
-0.641
-0.596
-0.633
-0.875
-0.899
-1.149
-1.173
-1.23
-1.37
-1.244
-1.376
-1.214
-1.121
-1.078
-0.927
-0.983
-0.839
-0.661
-0.435
-0.459
-0.461
-0.355
-0.503
-0.53
-0.355
-0.54
-0.524
-0.456
-0.33
-0.126
-0.206
-0.13
-0.139
