-0.319
-0.299
-0.427
-0.403
-0.398
-0.519
-0.278
-0.273
-0.161
-0.085
-0.081
-0.209
0.106
0.291
0.33
0.339
0.445
0.299
-0.092
-0.131
-0.184
-0.23
-0.208
-0.2
-0.333
-0.244
-0.238
-0.4
-0.436
-0.276
-0.242
-0.19
-0.208
-0.302
-0.235
-0.2
-0.135
-0.088
-0.19
-0.348
-0.326
-0.436
-0.393
-0.429
-0.321
-0.181
-0.131
-0.001
-0.056
-0.19
-0.217
-0.151
-0.074
-0.158
-0.426
-0.466
-0.465
-0.539
-0.539
-0.484
-0.381
-0.357
-0.33
-0.354
-0.588
-0.471
-0.3
-0.26
-0.436
-0.494
-0.479
-0.426
-0.199
-0.438
-0.357
-0.508
-0.836
-0.69
-0.829
-0.965
-1.015
-1.086
-0.932
-1.065
-0.914
-0.995
-1.039
-1.096
-1.305
-1.466
-1.383
-1.496
-1.479
-1.32
-1.242
-1.259
-1.049
-1.177
-1.049
-0.978
-0.834
-0.515
-0.47
-0.331
-0.283
-0.379
-0.199
-0.135
-0.139
-0.173
-0.143
-0.044
-0.019
-0.107
0.029
0.116
0.217
0.339
0.565
0.471
0.43
0.367
0.389
0.375
0.284
0.396
0.17
0.003
0.028
0.065
0.07
0.265
0.288
0.113
0.01
-0.451
-0.029
0.074
0.143
0.22
0.416
0.514
0.106
0.124
-0.217
-0.301
-0.547
-0.739
-0.667
-0.831
-0.931
-1.008
-1.215
-1.226
-1.31
-1.321
-1.235
-1.426
-1.23
-1.135
-1.024
-0.796
-0.54
-0.482
-0.583
-0.609
-0.65
-0.76
-0.835
-0.787
-0.84
-0.83
-0.601
-0.375
-0.149
0.154
0.177
0.223
0.251
0.214
0.258
0.041
-0.014
0.019
0.223
-0.021
0.156
0.275
0.326
0.304
0.441
0.396
0.55
0.628
0.991
1.028
1.208
1.116
1.206
1.137
1.024
0.79
0.439
0.621
0.61
0.641
0.618
0.588
0.691
0.271
0.554
0.443
0.406
0.309
0.515
0.691
0.496
0.506
0.401
0.431
0.514
0.436
0.664
0.784
0.988
1.107
0.941
0.893
0.736
0.964
0.985
1.234
0.945
0.869
0.891
0.865
0.76
0.76
0.845
1.084
0.961
1.071
1.09
1.133
0.824
0.876
0.795
0.874
0.795
0.894
0.986
1.27
1.105
1.002
0.912
0.971
0.974
1.228
1.17
1.379
1.43
1.191
1.002
0.819
0.904
0.766
0.703
0.723
0.49
0.49
0.42
0.415
0.598
0.57
0.495
0.191
-0.056
-0.16
-0.221
-0.335
-0.247
-0.346
-0.126
-0.278
-0.071
-0.398
-0.514
-0.485
-0.604
-10.336
-0.334
-0.58
-0.569
-0.616
-0.934
-1.049
-1.018
-1.049
-0.894
-0.861
-0.551
-0.545
-0.318
-0.226
-0.238
-0.326
-0.314
-0.181
-0.156
-0.354
-0.294
-0.084
0.014
0.244
0.41
0.708
0.671
0.989
0.931
1.117
1.218
1.399
1.308
1.229
1.272
1.305
1.381
1.445
1.496
1.387
1.386
1.421
1.486
1.286
1.315
1.205
1.396
1.585
1.284
1.468
1.371
1.381
1.298
1.166
1.079
0.911
0.772
0.758
0.405
0.229
0.019
-0.114
-0.224
-0.33
-0.344
-0.536
-0.714
-0.719
-1.171
-1.194
-1.379
-1.31
-1.346
-1.231
-1.203
-1.169
-1.436
-1.446
-1.542
-1.525
-1.512
-1.541
-1.542
-1.285
-1.321
-1.302
-1.421
-1.409
-1.336
-1.343
-1.34
-1.401
-1.336
-1.338
-1.288
-1.25
-1.137
-1.042
-0.935
-0.69
-0.825
-0.723
-0.624
-0.426
-0.388
-0.21
-0.191
-0.109
-0.04
-0.114
0.059
-0.098
0.074
0.231
0.239
0.271
0.271
0.251
0.312
0.364
0.471
0.394
0.606
0.5
0.336
0.355
0.225
0.025
0.0
-0.101
-0.265
-0.378
-0.383
-0.508
-0.72
-0.247
-0.48
-0.526
-0.82
-0.911
-0.826
-0.739
-0.792
-0.469
-0.659
-0.605
-0.618
-0.468
-0.383
-0.245
0.005
-0.129
-0.147
-0.077
-0.034
0.135
0.05
0.124
0.029
-0.194
-0.013
-0.075
-0.019
-0.011
0.064
0.044
0.155
0.085
0.265
0.216
0.356
0.296
0.181
-0.026
-0.096
-0.04
-0.126
-0.325
-0.348
-0.361
-0.485
-0.708
-0.641
-0.932
-1.078
-1.26
-0.915
-0.889
-0.94
-0.844
-0.814
-0.861
-1.074
-1.103
-1.089
-0.895
-0.76
-1.019
-0.83
-0.55
-0.263
-0.334
-0.265
-0.006
0.056
0.118
0.215
0.348
0.424
0.589
0.704
0.911
1.176
1.319
1.644
1.686
1.716
1.89
1.989
2.285
2.382
2.603
2.466
2.482
2.434
2.396
2.165
1.923
1.854
1.829
1.646
1.615
1.49
1.393
1.407
1.518
1.254
1.144
1.032
0.733
0.69
0.544
0.35
0.233
0.086
-0.104
-0.292
-0.429
-0.638
-0.5
-0.32
-0.422
-0.626
-0.851
-0.819
-0.964
-1.111
-1.164
-1.344
-1.488
-1.799
-1.956
-1.824
-1.849
-1.772
-1.889
-1.845
-1.776
-1.83
-1.6
-1.421
-1.357
-1.356
-1.151
-1.2
-1.161
-0.974
-1.039
-0.675
-0.734
-0.481
-0.413
-0.234
-0.296
-0.355
-0.316
-0.106
-0.194
0.011
0.198
0.3
0.468
0.521
0.635
0.526
0.351
0.539
0.615
0.809
0.824
0.941
0.866
1.066
0.964
1.073
1.27
1.269
1.39
1.251
1.184
1.275
1.024
1.173
1.103
1.05
0.939
0.799
0.585
0.601
0.66
0.694
0.864
0.896
1.031
0.932
1.088
0.916
1.038
1.058
1.021
0.829
0.681
0.645
0.375
0.225
0.419
0.408
0.562
0.576
0.311
0.49
0.31
-0.019
-0.229
-0.254
0.055
0.161
0.246
0.092
0.029
0.041
0.14
0.241
0.463
0.62
0.685
0.624
0.492
0.341
0.075
0.089
0.052
0.193
0.161
0.29
0.398
0.268
0.463
0.338
0.273
0.338
0.344
0.398
0.369
0.299
0.212
0.128
-0.054
0.233
0.101
0.134
0.088
-0.026
-0.064
-0.125
-0.466
-0.497
-0.631
-0.724
-0.826
-0.833
-1.176
-1.318
-1.4
-1.5
-1.171
-1.308
-1.169
-1.161
-1.198
-0.925
-1.018
-0.912
-0.814
-0.566
-0.691
-0.729
-0.665
-0.378
-0.154
-0.163
0.171
0.256
0.228
0.217
0.253
0.304
0.321
0.384
0.335
0.369
0.431
0.469
0.52
0.456
0.535
0.524
0.588
0.406
0.406
0.38
0.531
0.645
0.829
0.946
0.855
0.888
0.878
0.689
0.74
0.63
0.562
0.565
0.615
0.68
0.434
0.388
0.307
0.083
0.048
0.359
0.019
0.106
0.079
0.004
-0.037
-0.124
-0.302
-0.331
-0.235
-0.33
-0.348
-0.441
-0.451
-0.638
-0.463
-0.586
-0.469
-0.444
-0.283
-0.199
-0.011
-0.009
0.014
0.316
0.161
0.365
0.389
0.406
0.536
0.618
0.764
0.512
0.666
0.619
0.482
0.335
-0.15
-0.211
-0.136
-0.19
-0.159
-0.151
-0.251
-0.225
-0.203
-0.288
-0.258
-0.306
-0.361
-0.261
-0.35
-0.33
-0.122
-0.133
-0.274
-0.098
-0.098
0.046
0.028
0.134
0.464
0.29
0.414
0.31
0.231
0.258
0.113
0.316
0.319
0.344
0.497
0.779
0.782
0.866
0.89
0.764
0.635
0.441
0.562
0.584
0.744
0.489
0.576
0.549
0.463
0.411
0.165
-0.149
-0.175
-0.018
-0.054
-0.367
-0.405
-0.425
-0.35
-0.25
-0.149
0.004
-0.016
0.099
-0.066
-0.274
-0.263
-0.23
-0.233
-0.343
-0.31
-0.316
-0.263
-0.188
-0.26
-0.018
-0.094
-0.089
-0.195
-0.36
-0.258
-0.289
-0.341
-0.425
-0.525
-0.562
-0.556
-0.649
-0.638
-0.578
-0.505
-0.43
-0.386
-0.495
-0.718
-0.715
-0.807
-0.629
-0.606
-0.484
-0.505
-0.736
-0.604
-0.432
-0.535
-0.487
-0.351
-0.35
-0.285
-0.225
-0.283
-0.128
-0.16
-0.094
-0.27
-0.166
-0.144
0.106
0.122
-0.064
-0.203
-0.275
-0.216
0.069
0.221
0.381
0.53
0.388
0.344
0.51
0.609
0.682
0.799
0.906
0.693
0.953
0.91
0.85
1.131
1.021
0.896
0.646
0.715
0.505
0.441
0.29
0.113
0.17
0.245
0.506
0.369
0.161
-0.025
0.061
-0.2
-0.346
-0.331
-0.519
-0.579
-0.71
-0.699
-0.765
-0.736
-0.731
-0.836
-0.89
-0.815
-1.016
-1.137
-0.775
-0.945
-1.246
-1.274
-1.324
-1.235
-1.282
-1.32
-1.153
-1.121
-1.009
-0.802
-0.659
-0.709
-0.751
-0.594
-0.657
-0.585
-0.611
-0.656
-0.504
-0.595
-0.535
-0.487
-0.391
-0.355
-0.359
-0.399
-0.301
-0.555
-0.611
-1.075
-1.125
-1.271
-1.114
-1.181
-1.166
-1.055
-1.228
-1.274
-0.873
-0.959
-0.824
-0.845
-0.858
-0.65
-0.881
-0.815
-0.603
-0.319
-0.092
0.1
0.335
0.409
0.489
0.516
0.491
0.509
0.319
0.52
0.574
0.626
0.676
0.769
0.943
0.991
1.075
0.973
0.959
1.14
0.821
0.927
0.883
0.846
0.7
0.644
0.259
0.02
0.266
0.195
0.263
-0.059
-0.15
-0.376
-0.456
-0.544
-0.401
-0.532
-0.415
-0.301
-0.104
-0.273
-0.349
-0.209
-0.278
-0.161
-0.18
-0.28
-0.28
-0.059
0.339
0.256
0.516
0.664
0.71
0.525
0.698
0.809
1.012
1.075
1.205
0.959
0.874
0.731
0.814
0.909
0.774
0.951
0.975
0.879
0.921
0.938
0.909
1.059
1.03
1.141
1.163
1.21
1.095
0.904
0.943
0.501
0.383
0.505
0.274
0.29
0.149
0.205
0.242
0.081
0.094
0.165
0.217
0.147
0.251
-0.092
-0.215
-0.161
-0.211
-0.38
-0.576
-0.545
-0.595
-0.435
-0.439
-0.55
-0.527
-0.599
-0.245
-0.077
-0.094
0.228
0.32
0.55
0.296
0.365
0.314
0.244
0.343
0.535
0.634
0.759
0.819
0.695
0.586
0.569
0.57
0.574
0.641
0.544
0.532
0.344
0.362
0.415
0.333
0.398
0.4
0.424
0.321
0.362
0.38
0.475
0.446
0.562
0.65
0.636
0.547
0.655
0.776
0.644
0.565
0.453
0.369
0.309
-0.009
0.06
0.066
0.286
0.39
0.431
0.378
0.203
0.077
-0.084
0.003
0.21
0.194
0.403
0.443
0.278
-0.011
-0.228
-0.351
-0.098
-0.372
-0.26
-0.088
-0.35
-0.389
-0.521
-0.441
-0.756
-0.7
-0.665
-0.549
-0.419
-0.669
-0.624
-0.594
-0.635
-0.574
-0.662
-0.665
-0.921
-0.591
-0.669
-0.743
-0.634
-0.489
-0.147
-0.319
-0.161
-0.275
0.036
0.115
0.154
0.29
0.335
0.333
0.426
0.421
0.599
0.755
0.883
0.768
0.756
0.566
0.614
0.659
0.61
0.486
0.562
0.677
0.878
0.796
0.963
0.978
0.883
0.883
0.894
0.96
0.741
0.628
0.695
-0.306
0.809
0.824
1.0
0.948
0.891
0.789
0.706
0.48
0.709
0.701
0.705
0.466
0.406
0.295
0.321
0.226
-0.014
0.12
0.034
0.003
-0.125
-0.266
-0.47
-0.5
-0.581
-0.635
-0.795
-0.6
-0.703
-0.598
-0.691
-0.753
-0.743
-0.578
-0.379
-0.461
-0.432
-0.484
-0.497
-0.508
-0.591
-0.65
-0.807
-0.87
-0.901
-0.63
-0.755
-0.777
-0.571
-0.796
-0.619
-0.601
-0.471
-0.682
-0.713
-0.701
-0.68
-0.461
-0.667
-10.336
-0.581
-10.336
-0.268
-0.304
-0.169
-0.258
-0.253
-0.324
-0.479
-0.285
-0.241
-0.43
-0.335
-0.071
-0.024
-0.114
-0.147
-0.25
-0.159
-0.004
0.007
0.191
0.258
0.254
0.316
0.141
0.274
0.408
0.471
0.448
0.344
0.645
0.545
0.686
0.835
0.955
1.019
0.92
0.839
0.77
0.907
0.873
0.641
0.555
0.445
0.323
0.143
-0.401
-0.015
-0.475
-0.374
-0.66
-0.504
-0.48
-0.371
-0.236
-0.449
-0.444
-0.596
-0.811
-0.958
-0.981
-1.035
-0.718
-0.859
-0.72
-0.799
-0.566
-0.604
-0.554
-0.574
-0.375
-0.357
-0.278
-0.299
-0.305
-0.459
-0.22
-0.028
-0.077
-0.079
-0.061
-0.164
-0.098
-0.051
0.106
-0.251
-0.468
-0.258
-0.174
-0.286
-0.316
-0.186
-0.143
-0.22
-0.238
-0.341
-0.38
-0.311
-0.234
-0.158
-0.161
-0.116
-0.144
-0.024
0.194
0.181
0.255
0.494
0.511
0.583
0.362
0.546
0.485
0.443
0.455
0.46
0.614
0.594
0.634
0.594
0.628
0.568
0.651
0.941
0.863
0.664
0.4
0.532
0.469
0.537
0.555
0.459
0.408
0.321
0.238
0.049
0.086
0.16
0.349
0.13
-0.011
-0.149
-0.026
10.332
-0.035
0.279
0.105
0.242
0.101
0.271
-0.007
0.181
0.024
-0.06
0.124
0.389
0.38
0.228
0.175
0.21
0.361
0.333
0.304
0.399
0.398
0.38
0.166
0.224
0.152
0.015
0.095
0.152
0.339
0.608
0.598
0.711
0.772
0.848
0.956
0.99
1.129
1.006
0.92
0.689
0.674
0.438
0.772
0.738
0.451
0.286
0.194
-0.091
-0.024
-0.005
0.021
0.046
0.427
0.448
0.519
0.463
0.429
0.4
0.503
0.403
0.247
0.24
0.27
0.224
0.092
0.061
-0.079
-0.186
-0.099
0.18
0.194
0.131
0.254
0.682
0.641
0.579
0.696
0.556
0.53
0.54
0.554
0.835
0.768
0.855
0.771
0.75
0.794
0.764
1.044
0.94
1.093
1.065
0.939
1.011
0.934
0.853
0.721
0.67
0.536
0.144
0.03
-0.149
-0.385
-0.283
-0.414
-0.334
-0.422
-0.355
-0.64
-0.756
-0.76
-0.644
-0.594
-0.496
-0.666
-0.944
-0.814
-1.0
-0.968
-0.866
-0.81
-0.705
-0.905
-0.802
-0.699
-0.695
-0.605
-0.763
-0.699
-0.458
-0.519
-0.557
-0.439
-0.346
0.006
0.011
0.28
0.075
0.054
-0.129
0.121
0.033
0.228
0.244
0.241
0.066
-0.124
-0.226
-0.15
-0.21
-0.084
0.092
0.05
0.05
-0.025
-0.083
0.111
0.446
0.575
0.729
0.708
0.478
0.405
0.491
0.401
0.455
0.709
1.025
0.964
1.034
1.127
1.276
1.249
1.356
1.406
1.411
1.538
1.463
1.549
1.59
1.344
1.387
1.196
1.1
0.893
0.66
0.532
0.475
0.453
0.448
0.365
0.096
-0.323
-0.37
-0.522
-0.438
-0.594
-0.585
-0.677
-0.625
-0.796
-0.785
-0.766
-0.665
-0.61
-0.417
-0.38
-0.453
-0.561
-0.492
-0.489
-0.598
-0.626
-0.611
-0.785
-0.961
-0.893
-1.078
-0.744
-0.751
-0.784
-0.88
-1.097
-0.888
-1.031
-0.894
-1.113
-0.984
-0.925
-0.834
-0.859
-0.625
-0.655
-0.685
-0.696
-0.916
-0.926
-0.833
-0.846
-0.829
-1.005
-0.874
-0.969
-0.836
-0.859
-0.912
-0.849
-0.856
-0.745
-0.679
-0.633
-0.709
-0.55
-0.679
-0.593
-0.504
-0.545
-0.772
-0.546
-0.296
-0.113
0.098
0.196
0.399
0.505
0.391
0.605
0.68
0.769
1.011
1.041
0.828
0.63
0.695
0.585
0.537
0.359
0.519
0.698
0.873
0.95
0.925
0.782
0.491
0.511
0.311
0.264
0.269
0.092
-0.181
-0.255
-0.284
-0.565
-0.453
-0.379
-0.598
-0.676
-0.646
-0.682
-0.682
-0.755
-0.665
-0.875
-0.784
-0.905
-1.14
-1.026
-1.059
-0.984
-0.821
-0.989
-1.078
-1.179
-1.045
-0.9
-1.071
-0.985
-0.935
-0.845
-0.922
-0.776
-0.541
-0.825
-0.829
-0.769
-0.848
-0.755
-0.69
-0.609
-0.554
-0.503
-0.344
-0.3
-0.356
-0.15
-0.351
-0.276
-0.214
-0.185
-0.135
0.02
0.066
0.158
0.271
0.003
0.3
0.364
0.19
0.18
0.165
0.064
-0.099
0.081
0.185
0.338
0.295
0.336
0.378
0.041
0.338
0.228
0.219
0.166
0.196
0.074
0.152
0.311
0.155
0.044
0.154
-0.025
0.02
-0.113
-0.209
-0.38
-0.299
-0.199
-0.205
-0.345
-0.188
-0.161
-0.115
0.003
0.16
0.028
0.029
-0.064
-0.241
-0.486
-0.489
-0.279
-0.091
0.074
-0.138
0.064
0.271
0.247
0.2
0.051
0.151
0.077
0.146
0.005
0.064
0.055
0.116
0.154
-0.171
0.054
-0.033
-0.084
-0.259
-0.173
-0.034
0.129
0.143
0.268
0.302
0.065
0.01
-0.1
-0.069
-0.09
-0.076
-0.169
-0.36
-0.508
-0.46
-0.522
-0.458
-0.291
-0.425
-0.195
-0.352
-0.236
-0.43
-0.482
-0.219
-0.14
-0.111
-0.055
-0.438
-0.448
-0.55
-0.554
-0.544
-0.641
-0.426
-0.596
-0.374
-0.271
0.079
0.318
0.425
0.514
0.394
0.835
0.994
1.075
1.315
1.34
1.429
1.491
1.357
1.218
1.314
1.554
1.844
2.176
2.337
2.317
2.308
2.351
2.228
2.271
2.351
2.301
2.351
2.225
2.104
1.811
1.769
1.754
1.546
1.454
1.357
1.181
1.39
1.076
1.031
1.193
1.125
0.909
0.787
0.864
1.056
1.104
1.146
1.289
1.123
1.076
1.004
0.73
0.68
0.766
0.756
0.791
0.699
0.583
0.599
0.448
0.209
0.07
-0.23
-0.486
-0.601
-0.7
-0.69
-0.834
-0.797
-1.149
-1.266
-1.465
-1.694
-1.664
-1.838
-1.664
-1.812
-1.617
-1.534
-1.309
-1.26
-1.159
-1.264
-1.126
-1.076
-0.946
-0.741
-0.723
-0.806
-0.659
-0.871
-0.812
-0.693
-0.76
-0.704
-0.595
-0.37
-0.305
-0.156
-0.234
-0.307
-0.111
-0.055
0.074
0.181
0.341
0.345
0.41
0.198
0.485
0.329
0.527
0.547
0.526
0.631
0.578
0.537
0.505
0.547
0.556
0.338
0.44
0.47
0.517
0.535
0.306
0.195
0.126
-0.054
0.189
0.4
0.367
0.177
-0.05
-0.045
-0.101
-0.134
-0.128
-0.122
0.28
0.091
0.281
0.286
0.225
0.338
0.419
0.291
0.205
0.33
0.23
0.239
0.32
0.279
0.626
0.568
0.512
0.405
0.646
0.398
0.375
0.206
0.333
0.244
0.143
-0.124
-0.045
0.149
0.033
0.289
0.13
0.124
-0.003
-0.01
-0.005
-0.099
-0.163
-0.245
-0.225
-0.396
-0.239
-0.231
-0.115
0.005
-0.138
-0.043
-0.346
-0.208
-0.288
-0.414
-0.11
-0.149
-0.054
0.234
0.32
0.455
0.537
0.335
0.286
0.424
0.451
0.084
0.013
-0.011
0.096
0.091
0.258
0.371
0.495
0.59
0.571
0.52
0.39
0.199
0.246
0.05
0.007
0.077
-0.044
0.152
0.015
0.028
0.194
0.245
0.116
0.128
0.116
0.046
-0.03
-0.048
-0.107
-0.21
-0.195
-0.279
-0.495
-0.388
-0.455
-0.419
-0.492
-0.432
-0.48
-0.629
-0.461
-0.499
-0.621
-0.855
-0.864
-0.787
-0.72
-0.464
-0.333
0.107
-0.041
0.134
0.105
0.005
-0.113
0.121
-0.014
-0.146
-0.116
-0.138
-0.242
-0.133
-0.154
0.041
0.18
0.147
0.247
0.463
0.505
0.427
0.319
0.189
0.266
0.265
-0.039
0.035
-0.014
0.149
0.406
0.51
0.628
0.901
0.985
1.015
0.953
0.938
0.922
0.719
0.471
0.366
0.036
0.001
-0.062
0.0
-0.024
0.015
0.09
0.188
0.122
0.025
0.311
0.209
-0.006
0.052
0.048
0.043
0.271
0.24
0.339
0.314
0.309
0.504
0.66
0.718
0.69
0.647
0.474
0.292
0.221
0.321
0.255
0.406
0.341
0.422
0.459
0.334
0.474
0.312
0.344
0.143
0.004
-0.039
-0.134
0.024
-0.058
-0.166
-0.175
-0.263
-0.12
-0.145
-0.278
-0.244
-0.42
-0.439
-0.393
-0.475
-0.771
-0.891
-0.916
-0.611
-0.624
-0.792
-0.672
-0.878
-1.139
-1.062
-1.299
-1.309
-1.309
-1.25
-1.271
-1.423
-1.561
-1.429
-1.3
-1.336
-1.611
-1.514
-1.33
-1.476
-1.391
-1.341
-1.376
-1.143
-0.871
-0.711
-0.684
-0.841
-0.848
-0.873
-0.919
-0.927
-0.935
-0.954
-0.393
-0.109
-0.005
-0.098
0.189
-0.096
-0.061
0.051
0.19
0.455
0.629
0.819
0.897
0.79
0.89
0.839
1.14
1.143
1.167
1.229
1.288
1.167
1.374
1.448
1.364
0.938
0.811
0.845
0.685
0.599
0.739
0.579
0.675
0.865
1.058
0.94
0.761
0.893
0.912
0.964
0.94
0.709
0.415
0.405
0.424
0.536
0.593
0.503
0.385
0.446
0.329
0.203
0.164
-0.01
0.145
0.206
0.2
-0.074
-0.158
-0.244
-0.354
-0.435
-0.554
-0.345
-0.206
-0.018
0.109
0.084
0.166
0.216
0.052
0.221
0.292
0.249
0.161
0.191
0.176
0.229
0.241
0.245
0.235
0.069
0.16
0.223
0.323
0.106
0.235
0.11
0.319
0.029
-0.025
-0.085
-0.035
-0.185
-0.21
-0.224
-0.465
-0.333
-0.485
-0.578
-0.537
-0.594
-0.454
-0.603
-0.42
-0.455
-0.506
-0.49
-0.378
-0.42
-0.624
-0.508
-0.492
-0.672
-0.626
-0.61
-0.335
-0.345
-0.367
-0.35
-0.126
-0.225
-0.236
0.17
0.221
0.158
0.171
0.231
0.266
0.211
0.35
0.234
0.314
0.228
0.258
0.198
0.278
0.286
0.398
0.352
0.24
0.168
0.031
0.072
-0.099
-0.139
-0.088
0.058
-0.145
-0.11
-0.016
-0.116
0.095
-0.014
0.235
-0.088
-0.18
-0.004
0.44
0.349
0.501
0.4
0.445
0.333
0.398
0.491
0.639
0.921
0.801
0.782
0.549
0.536
0.464
0.161
0.046
0.134
0.336
0.589
0.629
0.504
0.633
0.585
0.714
0.834
0.89
0.806
0.759
0.57
0.589
0.52
0.449
0.319
0.829
0.743
0.886
0.886
0.685
0.826
0.445
0.629
0.75
0.521
0.576
0.443
0.606
0.103
0.19
0.1
0.331
0.395
0.424
0.526
0.339
0.125
0.07
-0.043
-0.116
-0.253
-0.105
-0.139
0.037
-0.03
0.004
-0.048
0.071
0.16
0.228
0.294
0.256
0.388
0.22
0.145
0.028
-0.118
0.061
-0.16
0.104
0.18
0.152
0.341
0.19
0.048
0.173
-0.18
-0.21
-0.043
0.079
0.186
0.219
0.236
0.439
0.253
0.276
0.226
0.285
0.427
0.354
0.349
0.436
0.436
0.376
0.348
0.33
0.259
0.094
0.065
0.04
0.034
0.141
0.279
0.32
0.391
0.315
0.061
-0.025
-0.163
-0.029
-0.074
-0.101
-0.15
-0.191
-0.279
-0.438
-0.6
-0.578
-0.549
-0.547
-0.645
-0.585
-0.662
-0.676
-0.94
-0.998
-0.951
-1.022
-0.75
-0.939
-1.064
-0.911
-0.774
-0.654
-0.474
-0.314
-0.417
-0.309
-0.349
-0.524
-0.473
-0.438
-0.333
-0.244
-0.291
-0.269
-0.216
-0.092
-0.079
-0.214
-0.136
-0.007
-0.07
-0.169
-0.135
0.104
0.034
0.236
0.331
0.443
0.188
0.154
0.182
0.455
0.378
0.487
0.508
0.603
0.671
0.499
0.429
0.394
0.37
0.569
0.503
0.245
-0.033
-0.228
-0.219
-0.465
-0.579
-0.65
-0.479
-0.484
-0.594
-0.522
-0.546
-0.615
-0.629
-0.682
-0.705
-0.785
-0.891
-0.701
-0.71
-0.661
-0.604
-0.569
-0.537
-0.593
-0.436
-0.416
-0.522
-0.595
-0.459
-0.603
-0.633
-0.581
-0.419
-0.242
-0.288
-0.01
-0.11
0.124
0.007
0.193
0.119
0.131
0.221
0.345
0.605
0.484
0.624
0.655
0.65
0.84
0.926
0.815
0.844
0.819
0.838
0.833
0.759
0.729
0.657
0.672
0.591
0.491
0.484
0.258
0.246
0.114
0.119
0.134
-0.029
-0.346
-0.436
-0.62
-0.625
-0.473
-0.514
-0.556
-0.662
-0.666
-0.515
-0.367
-0.42
-0.59
-0.626
-0.68
-0.939
-1.208
-0.97
-0.993
-0.825
-0.662
-0.478
-0.375
-0.33
-0.101
-0.034
0.393
0.478
0.731
0.603
0.5
0.675
0.924
0.891
0.686
0.819
0.91
0.912
1.0
0.878
0.796
1.16
1.4
1.39
1.488
1.32
1.025
0.805
0.638
0.469
0.508
0.562
0.623
0.811
0.795
0.804
0.532
0.576
0.403
0.421
0.516
0.55
0.205
0.309
0.229
0.25
0.274
0.355
0.378
0.33
0.365
0.099
0.009
0.205
0.005
0.276
-0.033
-0.26
-0.381
-0.675
-0.74
-0.78
-0.781
-0.691
-0.723
-0.614
-0.544
-0.691
-0.584
-0.522
-0.574
-0.529
-0.605
-0.59
-0.666
-0.51
-0.216
-0.274
-0.024
0.006
0.041
0.281
0.25
0.122
0.11
0.367
0.49
0.774
0.816
0.984
1.127
1.111
1.083
1.059
1.025
0.989
1.04
0.995
0.919
0.985
1.019
1.058
1.094
1.078
1.242
1.083
1.05
1.019
1.036
0.963
0.944
1.062
1.144
1.314
1.468
1.346
1.367
1.154
1.161
1.18
0.991
0.966
0.953
0.805
0.924
0.677
0.871
0.662
0.631
0.575
0.616
0.389
0.439
0.46
0.425
0.268
0.336
0.417
0.468
0.163
-0.046
-0.251
-0.383
-0.316
-0.43
-0.206
-0.096
-0.095
0.1
0.095
-0.075
-0.018
0.16
0.329
0.411
0.366
0.062
0.074
-0.149
-0.194
-0.439
-0.391
-0.542
-0.136
-0.21
-0.343
-0.547
-0.751
-0.855
-0.963
-1.12
-0.949
-1.234
-1.409
-1.591
-1.698
-1.72
-1.676
-1.66
-1.8
-1.845
-1.839
-1.759
-1.897
-1.749
-1.774
-1.915
-1.869
-1.705
-1.585
-1.426
-1.525
-1.504
-1.441
-1.333
-1.211
-0.949
-0.896
-0.541
-0.449
-0.344
-0.346
-0.271
-0.336
-0.344
-0.188
-0.31
-0.294
-0.249
-0.079
0.1
0.11
0.309
0.324
0.343
0.422
0.623
0.545
0.461
0.443
0.366
0.231
0.266
0.14
0.378
0.419
0.121
0.251
0.107
0.149
0.104
0.261
0.611
0.719
0.564
0.439
0.546
0.635
0.386
0.235
0.444
0.312
0.158
0.206
0.045
-0.046
-0.046
0.07
0.254
-0.415
-0.016
-0.033
0.029
-0.096
0.009
0.04
0.152
0.147
0.211
0.495
0.251
0.32
0.209
0.083
0.256
0.125
0.092
-0.135
-0.107
-0.309
-0.273
-0.361
-0.57
-0.536
-0.456
-0.346
-0.606
-0.585
-0.615
-0.464
-0.679
-0.641
-0.79
-0.774
-0.765
-1.049
-0.948
-0.905
-0.935
-0.765
-0.735
-0.691
-0.611
-0.58
-0.685
-0.633
-0.685
-0.731
-0.688
-0.768
-0.718
-0.768
-0.695
-0.599
-0.67
-0.61
-0.57
-0.565
-0.524
-0.173
-0.17
-0.235
-0.219
-0.199
-0.12
-0.12
-0.094
-0.072
-0.006
-0.031
0.019
0.395
0.464
0.352
0.253
0.224
0.095
0.037
0.059
0.003
0.007
0.086
-0.126
0.004
0.074
0.203
0.366
0.307
0.352
0.35
0.386
0.564
0.581
0.405
0.575
0.445
0.481
0.549
0.439
0.411
0.537
0.44
0.389
0.391
0.311
0.285
0.426
0.525
0.419
0.399
0.394
0.266
0.279
0.17
0.006
-0.169
-0.185
-0.351
-0.285
-0.256
-0.401
-0.393
-0.404
-0.417
-0.378
-0.503
-0.475
-0.285
-0.522
-0.589
-0.459
-0.381
-0.375
-0.231
-0.124
-0.223
-0.279
-0.429
-0.436
-0.517
-0.473
-0.311
-0.544
-0.484
-0.531
-0.569
-0.53
-0.449
-0.514
-0.701
-0.431
-0.324
-0.302
-0.191
-0.235
0.03
0.045
0.014
0.074
0.065
-0.164
0.004
0.094
0.165
0.158
0.281
0.384
0.526
0.496
0.443
0.469
0.456
0.357
0.367
0.325
0.184
0.174
0.11
0.131
-0.029
-0.389
-0.448
-0.312
-0.16
-0.255
-0.266
-0.294
-0.516
-0.536
-0.756
-0.735
-0.629
-0.546
-0.517
-0.451
-0.302
-0.171
-0.328
-0.208
-0.143
-0.389
-0.081
-0.185
-0.059
0.01
-0.052
0.122
0.135
0.083
0.152
0.133
0.154
0.482
0.571
0.721
0.631
0.716
0.771
0.81
0.854
0.971
0.885
0.527
0.701
0.421
0.194
0.179
0.033
-0.125
-0.217
-0.209
-0.09
-0.427
-0.165
-0.388
-0.31
-0.355
-0.422
-0.426
-0.375
-0.371
-0.329
-0.161
-0.077
0.041
0.088
0.035
0.245
0.155
0.225
-0.018
0.106
0.214
0.221
0.18
0.039
0.076
-0.245
-0.106
0.013
-0.036
-0.088
-0.046
-0.154
-0.119
-0.152
-0.025
0.071
0.043
-0.011
-0.079
0.06
0.044
0.044
0.0
-0.089
-0.179
-0.099
-0.058
-0.061
-0.136
-0.058
-0.195
-0.165
-0.19
-0.306
-0.126
0.0
-0.261
-0.325
-0.28
-0.312
-0.27
-0.244
-0.159
-0.283
-0.48
-0.593
-0.691
-0.575
-0.826
-0.633
-0.647
-0.664
-0.569
-0.809
-0.571
-0.584
-0.479
-0.535
-0.375
-0.25
-0.306
-0.296
-0.079
0.176
0.474
0.454
0.497
0.348
0.297
0.38
0.47
0.746
0.539
0.671
0.841
0.926
0.929
0.779
0.665
0.763
0.858
0.646
0.603
0.706
0.629
0.758
0.537
0.509
0.618
0.675
0.838
0.677
0.58
0.634
0.875
0.95
1.209
1.261
1.282
1.149
1.131
0.626
0.515
0.084
0.331
0.214
0.344
0.333
0.399
0.621
0.514
0.369
0.344
0.275
0.339
0.413
0.107
0.036
-0.099
-0.404
-0.391
-0.64
-0.584
-0.654
-0.541
-0.569
-0.4
-0.659
-0.664
-0.754
-0.478
-0.611
-0.629
-0.536
-0.556
-0.496
-0.529
-0.561
-0.564
-0.545
-0.547
-0.474
-0.458
-0.578
-0.424
-0.427
-0.365
-0.203
-0.105
-0.036
-0.234
-0.174
0.199
0.121
0.201
0.296
0.335
0.32
0.359
0.356
0.432
0.335
0.36
0.421
0.245
0.281
0.049
-0.037
0.118
0.009
-0.165
-0.085
-0.335
-0.326
-0.328
-0.296
-0.18
-0.19
-0.151
-0.125
0.041
-0.075
-0.185
-0.194
0.019
-0.006
0.045
0.015
0.104
0.17
0.362
0.247
0.286
0.254
0.464
0.532
0.614
0.635
0.551
0.736
0.809
0.779
0.811
0.766
1.031
0.986
1.222
1.15
1.029
1.061
1.195
1.093
1.105
1.07
0.948
0.878
0.851
0.67
0.679
0.557
0.731
0.53
0.455
0.455
0.352
0.396
0.372
0.077
0.105
0.139
0.179
0.177
0.239
0.001
-0.08
-0.066
-0.364
-0.199
-0.208
-0.329
-0.249
-0.182
-0.47
-0.703
-0.73
-0.795
-0.836
-0.826
-0.915
-0.905
-0.953
-0.825
-0.953
-1.175
-1.229
-1.331
-1.455
-1.319
-1.154
-1.051
-0.973
-0.904
-0.883
-0.691
-0.849
-0.772
-0.766
-0.819
-0.849
-0.915
-1.19
-1.091
-1.225
-1.239
-1.049
-0.709
-0.469
-0.385
-0.463
-0.565
-0.519
-0.492
-0.569
-0.561
-0.68
-0.651
-0.65
-0.261
-0.398
-0.403
-0.171
-0.009
0.037
-0.06
-0.086
0.007
0.141
-0.051
-0.065
-0.125
-0.15
-0.263
-0.168
-0.099
-0.417
-0.482
-0.406
-0.608
-0.427
-0.283
-0.246
-0.095
-0.166
-0.215
-0.311
-0.247
-0.086
0.059
0.312
0.236
0.579
0.547
0.449
0.349
0.295
0.473
0.449
0.461
0.764
0.74
0.831
0.82
1.019
1.035
1.311
1.369
1.419
1.396
1.43
1.249
1.364
1.439
1.246
1.215
1.181
1.31
1.171
1.096
1.11
0.931
0.995
0.881
0.765
0.561
0.425
0.521
0.365
0.168
0.064
0.037
0.223
0.171
0.098
0.011
0.206
-0.004
-0.05
-0.376
-0.109
-0.165
-0.052
-0.011
-0.07
0.026
-0.271
-0.122
-0.095
-0.155
-0.016
-0.016
-0.003
-0.056
0.04
0.173
0.133
0.049
0.134
0.422
0.405
0.623
0.713
0.761
0.441
0.505
0.4
0.559
0.63
0.466
0.264
0.35
-0.01
0.019
-0.304
-0.354
-0.295
-0.435
-0.43
-0.55
-0.719
-0.542
-0.511
-0.396
-0.394
-0.359
-0.48
-0.344
-0.485
-0.685
-0.694
-0.894
-0.815
-1.089
-1.073
-1.044
-1.099
-1.012
-0.986
-1.153
-1.416
-1.411
-1.43
-1.626
-1.774
-1.825
-1.417
-1.147
-1.169
-1.262
-1.23
-1.198
-1.196
-1.226
-1.184
-0.939
-1.061
-1.042
-0.816
-0.774
-0.645
-0.8
-0.591
-0.505
-0.485
-0.27
-0.15
-0.145
-0.128
-0.161
0.041
-0.015
0.048
0.025
0.005
0.025
0.098
0.199
0.284
0.297
0.542
0.61
0.434
0.66
0.497
0.589
0.535
0.492
0.431
0.59
0.758
0.656
0.794
0.723
0.792
0.838
0.654
0.633
0.73
0.623
0.569
0.65
0.574
0.524
0.36
0.463
0.319
0.254
0.005
-0.009
0.026
0.07
0.119
0.224
0.333
0.499
0.669
0.849
0.85
0.955
1.078
1.157
1.151
1.228
1.281
1.356
1.37
1.384
1.583
1.478
1.5
1.562
1.709
1.864
1.639
1.485
1.276
1.286
1.262
1.123
1.11
1.206
1.163
1.065
0.91
0.983
1.107
1.22
1.179
1.024
0.801
0.685
0.482
0.512
0.436
0.179
-0.052
-0.077
0.035
-0.05
-0.107
-0.416
-0.346
-0.321
-0.66
-0.464
-0.532
-0.404
-0.562
-0.408
-0.432
-0.454
-0.505
-0.46
-0.38
-0.398
-0.391
-0.534
-0.408
-0.406
-0.53
-0.401
-0.531
-0.249
-0.456
-0.506
-0.598
-0.549
-0.703
-0.738
-0.715
-0.765
-0.614
-0.681
-0.649
-0.561
-0.481
-0.501
-0.619
-0.526
-0.424
-0.461
-0.49
-0.451
-0.514
-0.354
-0.511
-0.415
-0.492
-0.474
-0.39
-0.508
-0.494
-0.522
-0.302
-0.275
-0.115
-0.286
-0.136
0.098
-0.011
0.164
0.182
0.288
0.367
0.299
0.46
0.45
0.416
0.294
0.378
0.401
0.396
0.486
0.537
0.268
0.149
0.136
0.198
0.19
0.165
0.182
0.27
0.304
0.1
0.156
0.054
0.254
0.233
0.326
0.561
0.699
0.824
0.75
0.818
0.741
0.959
1.012
0.855
0.684
0.549
0.503
0.566
0.485
0.417
0.471
0.209
0.234
0.194
-0.086
-0.05
-0.019
-0.12
-0.022
-0.114
-0.004
-0.08
-0.113
-0.421
-0.711
-0.724
-0.826
-1.009
-0.781
-0.996
-1.028
-1.073
-0.925
-0.838
-1.048
-1.079
-0.825
-1.06
-0.95
-0.946
-0.657
-0.583
-0.504
-0.395
-0.3
-0.174
-0.083
-0.083
-0.06
0.011
0.069
-0.029
0.106
0.116
0.271
0.295
0.138
0.585
0.065
0.033
-0.259
-0.083
-0.034
0.11
0.088
0.122
0.135
0.147
0.188
0.147
0.086
0.199
0.131
0.113
0.21
0.077
0.075
-0.246
0.004
-0.077
0.06
-0.045
-0.173
0.003
0.25
0.464
0.677
0.826
0.979
0.907
0.936
1.084
1.136
1.127
1.056
1.141
1.161
1.231
1.074
1.312
0.959
1.111
0.974
1.097
1.044
1.035
0.91
0.791
0.865
0.868
1.031
1.071
0.915
0.865
0.669
0.878
0.796
0.718
0.751
0.639
0.681
0.62
0.391
0.486
0.393
0.376
0.453
0.266
0.015
-0.516
-0.521
-0.705
-0.71
-0.729
-0.754
-0.781
-0.718
-0.716
-0.77
-0.975
-0.828
-0.86
-1.084
-1.16
-1.064
-1.074
-0.961
-0.925
-0.922
-0.814
-0.681
-0.405
-0.556
-0.503
-0.395
-0.473
-0.411
-0.439
-0.505
-0.492
-0.364
-0.417
-0.453
-0.357
-0.378
-0.265
-0.196
-0.268
-0.225
-0.215
-0.085
-0.091
-0.101
0.156
0.269
0.188
0.359
0.088
0.473
0.497
0.369
0.559
0.784
0.941
1.069
0.792
0.835
0.557
0.787
0.591
0.508
0.301
0.115
-0.464
-0.279
-0.223
0.084
0.156
0.15
0.215
0.297
0.381
0.536
0.417
0.289
0.271
10.332
0.339
0.265
0.14
0.256
0.174
0.278
0.118
0.098
0.161
0.305
0.185
0.071
0.092
-0.028
0.241
0.176
0.198
0.231
0.089
-0.05
-0.362
0.028
-0.435
-0.562
-0.684
-0.819
-0.85
-1.068
-0.995
-0.895
-0.917
-0.922
-1.024
-0.943
-0.764
-0.81
-0.866
-0.927
-0.725
-0.662
-0.725
-0.818
-0.684
-0.706
-0.566
-0.792
-0.669
-0.611
-0.7
-0.531
-0.406
-0.23
-0.268
-0.375
-0.321
-0.562
-0.544
-0.396
-0.121
-0.21
0.015
0.051
0.011
-0.239
-0.205
-0.385
-0.135
0.378
0.681
0.92
0.755
0.878
0.841
0.819
0.753
0.789
0.941
0.909
1.066
0.922
0.836
1.127
1.095
1.002
0.848
0.775
0.84
0.825
0.726
0.831
0.714
0.699
0.421
0.315
0.179
0.134
-0.028
-0.156
-0.224
-0.052
-0.06
0.109
0.034
0.129
0.094
0.251
0.333
0.035
0.32
0.636
0.851
0.624
0.786
0.677
0.628
0.736
0.688
0.646
0.431
0.508
0.521
0.534
0.215
0.143
0.111
0.005
-0.328
-0.416
-0.294
-0.279
-0.066
-0.072
0.014
0.217
0.32
0.214
0.118
0.035
0.128
0.333
0.258
0.385
0.486
0.355
0.274
0.4
0.395
0.326
0.304
0.292
-0.051
-0.17
-0.25
-0.275
-0.21
-0.143
-0.062
-0.051
-0.271
-0.215
-0.386
-0.48
-0.628
-0.652
-0.503
-0.453
-0.525
-0.492
-0.633
-0.709
-0.61
-0.594
-0.619
-0.59
-0.685
-0.785
-0.829
-0.696
-0.698
-0.463
-0.341
-0.406
-0.314
-0.556
-0.459
-0.605
-0.565
-0.588
-0.396
-0.415
-0.438
-0.145
-0.246
0.263
0.239
0.234
0.055
0.111
-0.051
0.194
0.064
0.217
0.118
0.224
0.106
-0.206
-0.52
-0.524
-0.603
-0.431
-0.445
-0.307
-0.14
-0.065
-0.099
-0.065
-0.13
-0.086
-0.217
-0.348
-0.54
-0.357
-0.596
-0.534
-0.268
-0.253
-0.185
-0.23
-0.161
-0.043
0.029
-0.355
-0.591
-0.38
-0.429
-0.32
-0.522
-0.343
-0.366
-0.158
-0.318
-0.049
-0.014
0.221
0.12
0.336
0.381
0.301
0.343
0.537
0.485
0.552
0.495
0.787
0.981
1.129
1.306
1.431
1.426
1.498
1.504
1.281
1.216
1.151
1.073
1.097
1.201
1.29
1.032
0.975
1.181
1.309
1.367
1.173
1.032
0.838
0.76
1.084
0.917
0.871
0.836
0.703
0.649
0.259
0.369
0.031
0.059
-0.234
-0.031
0.158
-0.121
-0.256
-0.401
-0.503
-0.73
-0.677
-0.739
-0.629
-0.649
-0.638
-0.721
-0.588
-0.615
-0.638
-0.481
-0.503
-0.536
-0.451
-0.578
-0.424
-0.487
-0.564
-0.524
-0.44
-0.464
-0.389
-0.469
-0.544
-0.606
-0.573
-0.624
-0.628
-0.865
-0.82
-0.655
-0.362
-0.268
-0.015
-0.024
-0.079
-0.229
-0.401
-0.39
-0.061
0.241
0.26
0.36
0.413
0.576
0.642
0.554
0.485
0.616
0.845
0.859
0.8
0.763
0.734
0.665
0.869
0.763
0.724
0.79
1.121
0.929
0.941
0.963
1.238
1.185
1.309
0.666
0.97
0.826
0.53
0.438
-0.809
-0.045
-0.188
-0.26
-0.413
-0.246
-0.285
-0.04
-0.195
-0.182
-0.318
-0.478
-0.642
-0.734
-0.956
-1.058
-1.107
-1.193
-1.18
-1.074
-1.17
-1.085
-1.032
-1.034
-1.298
-1.331
-1.294
-0.966
-0.846
-0.555
-0.482
-0.449
-0.331
-0.182
-0.163
-0.223
-0.263
-0.168
-0.176
-0.1
-0.122
-0.14
0.121
0.241
0.176
0.266
0.17
-0.011
0.02
-0.088
0.022
-0.169
-0.181
-0.005
-0.089
-0.121
0.113
0.0
-0.205
-0.214
-0.268
-0.138
-0.045
0.071
0.021
0.076
-0.062
0.074
0.284
0.389
0.211
0.215
0.169
0.114
0.173
0.198
0.276
-0.074
0.014
-0.065
-0.103
-0.084
-0.043
0.126
0.364
0.625
0.681
1.022
1.139
1.189
1.073
1.068
0.874
0.799
0.804
0.879
0.996
0.897
0.743
0.904
1.021
0.904
0.954
0.865
0.979
1.316
1.205
0.973
0.77
0.656
0.512
0.241
0.315
0.369
0.427
0.254
0.191
0.234
0.359
0.595
0.424
0.453
0.427
0.466
0.331
0.074
0.084
0.154
0.034
0.029
0.138
0.345
0.463
0.394
0.406
0.455
0.435
0.5
0.356
0.601
0.556
0.679
0.889
1.06
0.751
0.615
0.865
0.741
0.979
0.999
0.907
0.609
0.486
0.334
0.086
-0.039
0.026
-0.199
-0.226
-0.357
-0.547
-0.605
-0.671
-0.805
-0.893
-0.829
-0.856
-0.968
-0.7
-0.57
-0.554
-0.453
-0.417
-0.173
-0.131
-0.065
0.116
0.247
0.302
0.195
0.496
0.38
0.385
0.511
0.42
0.527
0.569
0.484
0.44
0.481
0.593
0.771
0.854
0.758
0.672
0.927
0.935
0.926
0.943
1.01
0.975
0.699
0.608
0.781
0.571
0.594
0.608
0.48
0.512
0.389
0.341
0.223
0.331
0.235
0.151
-0.033
-0.15
-0.319
-0.406
-0.657
-0.491
-0.448
-0.624
-0.86
-0.781
-0.736
-0.891
-0.755
-0.75
-0.894
-0.894
-1.115
-1.216
-1.201
-0.97
-0.927
-1.095
-1.117
-1.275
-1.14
-1.326
-1.101
-1.03
-1.036
-0.905
-0.64
-0.521
-0.635
-0.541
-0.72
-0.789
-0.812
-0.721
-0.486
-0.574
-0.724
-0.569
-0.672
-0.542
-0.427
-0.321
-0.195
-0.092
-0.077
0.037
0.208
0.165
-0.003
0.004
0.036
-0.075
0.024
0.049
-0.043
-0.051
-0.028
-0.092
0.169
0.085
0.072
0.071
-0.059
-0.231
-0.215
-0.427
-0.37
-0.372
-0.359
-0.352
-0.263
-0.361
-0.426
-0.396
-0.624
-0.77
-0.686
-0.605
-0.473
-0.381
-0.292
-0.346
-0.427
-0.414
-0.234
-0.302
-0.155
-0.234
-0.49
-0.564
-0.823
-0.641
-0.679
-0.526
-0.408
-0.29
-0.316
-0.432
-0.316
-0.385
-0.388
-0.366
-0.348
-0.3
-0.38
-0.517
-0.489
-0.584
-0.451
-0.49
-0.516
-0.583
-0.684
-0.534
-0.405
-0.395
-0.389
-0.343
-0.21
-0.281
-0.309
-0.206
-0.435
-0.305
-0.113
0.069
0.164
0.205
0.268
0.343
0.405
0.546
0.539
0.499
0.671
0.639
0.708
0.743
0.69
0.766
0.814
0.807
0.565
0.699
0.522
0.501
0.585
0.45
0.559
0.517
0.449
0.302
-0.056
-0.025
0.134
0.206
0.326
0.2
0.284
0.302
0.264
0.21
0.211
0.191
0.335
0.3
0.385
0.396
0.261
0.246
0.258
0.263
0.343
0.374
0.562
0.605
0.614
0.57
0.343
0.504
0.29
0.088
-0.033
0.062
-0.043
-0.169
-0.425
-0.185
0.007
-0.235
-0.449
-0.438
-0.464
-0.39
-0.461
-0.383
-0.426
-0.596
-0.718
-0.871
-0.936
-0.782
-0.914
-0.465
-0.65
-0.645
-0.605
-0.696
-0.608
-0.745
-0.51
-0.409
-0.14
0.043
0.098
0.194
0.039
0.224
0.278
0.37
0.225
0.041
0.019
-0.166
0.09
0.163
0.069
0.168
0.113
0.171
-0.046
-0.095
-0.231
-0.258
-0.391
-0.325
-0.633
-0.536
-0.806
-0.741
-0.608
-0.636
-0.43
-0.341
-0.092
0.07
0.193
0.371
0.46
0.631
0.968
1.154
1.193
1.329
1.498
1.539
1.66
1.569
1.752
1.667
1.749
1.699
1.502
1.239
1.146
1.034
0.976
0.825
0.853
0.636
0.545
0.495
0.376
0.212
0.054
0.009
-0.114
-0.319
-0.286
-0.385
-0.233
-0.098
-0.096
-0.31
-0.351
-0.444
-0.486
-0.5
-0.53
-0.484
-0.705
-0.774
-1.075
-0.958
-1.113
-0.998
-0.895
-0.699
-0.651
-0.58
-0.771
-0.671
-0.71
-0.863
-0.914
-1.009
-1.188
-1.254
-1.044
-0.879
-0.897
-0.672
-0.714
-0.664
-0.676
-0.485
-0.411
-0.514
-0.562
-0.405
-0.208
-0.146
-0.111
-0.056
0.14
0.205
0.22
0.339
0.255
0.385
0.329
0.531
0.719
0.927
0.963
0.791
0.719
0.883
0.741
0.833
0.995
1.139
1.42
1.435
1.541
1.218
1.306
1.149
1.117
1.124
0.953
1.064
1.046
1.084
1.018
0.981
1.228
1.113
1.155
0.995
