0.065
-0.13
0.006
0.44
0.45
0.345
0.564
0.811
0.797
0.901
0.956
0.955
0.939
0.945
1.024
1.131
1.41
1.525
1.613
1.581
1.425
1.518
1.335
1.528
1.605
1.466
1.326
1.177
1.1
0.993
1.062
0.994
0.728
0.378
0.107
-0.096
-0.491
-0.33
-0.416
-0.314
-1.189
-0.508
-0.464
-0.645
-0.735
-0.931
-0.753
-0.57
-0.466
-0.557
-0.52
-0.484
-0.409
-0.324
-0.239
-0.195
-0.194
-0.133
-0.064
-0.128
-0.258
-0.581
-0.531
-0.463
-0.404
-0.366
-0.289
-0.23
-0.333
-0.441
-0.555
-0.311
-0.356
-0.304
-0.041
-0.25
-0.295
-0.448
-0.456
-0.384
-0.264
-0.492
-0.184
-0.398
-0.565
-0.328
-0.448
-0.268
-0.081
-0.168
0.122
0.275
0.254
0.4
0.154
0.065
0.255
0.404
0.654
0.485
0.695
0.58
0.654
0.454
0.307
0.485
0.21
0.369
0.104
0.263
0.043
-0.095
-0.026
-0.24
-0.31
-0.403
-0.27
-0.413
-0.319
-0.265
-0.245
-0.154
-0.174
-0.246
-0.279
-0.276
-0.268
-0.056
-0.122
-0.214
-0.348
-0.281
-0.297
-0.212
-0.164
0.028
-0.143
0.254
0.062
0.135
0.435
0.479
0.501
0.391
0.491
0.341
0.266
0.164
0.104
-0.019
-0.266
-0.372
-0.655
-0.626
-0.52
-0.542
-0.547
-0.515
-0.679
-0.811
-0.638
-0.455
-0.374
-0.499
-0.703
-0.704
-0.706
-0.739
-0.536
-0.526
-0.336
-0.143
0.059
0.058
-0.046
-0.019
-0.044
-0.125
-0.088
0.051
0.26
0.312
0.367
0.432
0.26
0.713
0.25
0.359
0.399
0.466
0.625
0.839
1.004
0.878
0.631
0.713
0.599
0.66
0.641
0.655
0.736
0.625
0.383
0.37
0.181
0.06
0.024
0.095
0.223
0.185
0.254
0.525
0.259
0.299
-0.028
-0.118
-0.199
-0.214
-0.225
-0.21
0.031
0.103
0.188
-0.095
-0.254
-0.245
-0.396
-0.259
-0.136
-0.118
-0.139
-0.119
-0.16
-0.145
-0.28
-0.034
-0.398
-0.233
0.048
0.095
0.336
0.441
0.256
0.084
0.052
-0.006
-0.04
-0.103
0.054
-0.175
-0.021
-0.033
-0.226
-0.559
-0.671
-0.463
-0.435
-0.269
-0.16
-0.299
-0.195
-0.386
-0.184
0.241
0.285
0.62
0.754
0.891
1.133
1.032
1.081
1.171
1.061
1.155
1.294
1.259
1.33
1.059
0.859
0.646
0.422
0.466
0.629
0.591
0.499
0.986
0.268
0.116
0.056
-0.118
0.079
-0.08
-0.065
-0.081
-0.113
0.028
0.113
0.046
0.092
-0.065
-0.149
-0.199
-0.242
-0.091
0.083
0.161
0.422
0.693
0.865
0.85
0.701
0.554
0.691
0.919
0.879
0.755
0.516
0.642
0.696
0.709
0.766
0.77
0.83
0.739
0.94
0.981
1.106
0.998
0.97
0.905
0.478
0.355
0.55
0.403
0.104
0.339
0.043
0.079
0.15
0.035
-0.091
-0.176
-0.17
-0.196
-0.383
-0.413
-0.312
-0.345
-0.527
-0.559
-0.411
-0.415
-0.619
-0.331
-0.38
-0.125
0.006
-0.046
-0.091
-0.081
-0.223
-0.109
-0.235
-0.305
-0.195
-0.393
-0.541
-0.746
-0.691
-0.953
-0.772
-0.54
-0.361
-0.194
-0.304
-0.265
-0.295
-0.449
-0.113
-0.062
0.045
0.026
-0.119
-0.29
-0.398
0.031
-0.214
0.052
0.321
0.239
0.391
0.372
0.311
0.255
0.242
0.226
0.304
0.246
0.404
0.266
0.253
0.226
0.114
0.217
0.297
0.455
0.549
0.606
0.775
0.659
0.792
0.743
0.486
0.383
0.383
0.095
-0.055
-0.005
-0.124
-0.359
-0.333
-0.51
-0.463
-0.581
-0.605
-0.72
-0.831
-0.932
-0.779
-0.876
-0.71
-0.64
-0.588
-0.629
-0.881
-0.699
-0.746
-0.726
-0.671
-0.5
-0.621
-0.868
-0.703
-0.601
-0.471
-0.238
-0.41
-0.107
-0.225
-0.006
0.035
0.146
0.226
0.291
0.24
0.135
0.119
0.086
0.371
0.406
0.786
0.871
0.93
1.085
0.944
0.979
1.139
1.16
1.299
1.399
1.336
1.147
1.038
0.871
0.71
0.868
1.089
0.826
0.932
0.973
0.755
0.724
0.431
0.215
0.009
-0.064
-0.435
-0.478
-0.425
-0.408
-0.23
-0.168
-0.354
-0.26
-0.331
-0.51
-0.479
-0.44
-0.456
-0.662
-0.547
-0.28
-0.062
-0.055
-0.249
-0.284
-0.15
0.209
0.43
0.435
0.292
0.321
0.233
0.022
0.195
0.164
0.344
0.425
0.297
-0.104
-0.217
0.031
0.144
0.185
0.324
0.325
0.159
-0.1
-0.175
-0.301
-0.1
-0.04
-0.01
0.188
0.035
0.004
-0.331
-0.225
-0.215
-0.121
-0.109
-0.035
-0.146
-0.086
-0.311
-0.629
-0.59
-0.497
-0.379
-0.459
-0.446
-0.372
-0.048
0.075
-0.155
0.045
-0.179
-0.166
-0.355
-0.425
-0.535
-0.403
-0.104
-0.049
-0.034
-0.104
-0.1
-0.14
-0.111
-0.186
-0.146
-0.006
-0.085
-0.146
-0.319
-0.144
0.14
-0.081
-0.203
-0.219
-0.435
-0.163
-0.122
-0.154
-0.299
0.077
-0.186
-0.06
-0.131
0.092
0.118
0.043
0.007
-0.131
0.164
0.198
0.124
0.139
0.109
0.058
0.024
0.134
-0.029
-0.266
-0.449
-0.247
-0.24
-0.144
-0.124
0.019
0.024
0.02
-0.004
-0.146
0.134
0.419
0.661
0.703
0.536
0.478
0.345
0.569
0.703
0.734
0.886
0.736
0.87
0.75
0.626
0.728
0.738
0.67
0.33
0.182
-0.11
-0.11
-0.125
-0.158
-0.007
-0.058
-0.229
0.052
0.114
0.12
0.075
0.04
-0.129
-0.435
-0.401
-0.35
-0.491
-0.534
-0.369
-0.304
-0.21
-0.13
-0.131
-0.098
-0.41
-0.379
-0.334
-0.356
-0.242
-0.315
-0.121
-0.147
-0.074
-0.125
0.212
0.164
0.177
0.372
0.398
0.336
0.37
0.531
0.705
0.838
0.57
0.404
0.285
0.389
0.188
0.383
0.246
0.45
0.155
0.177
0.107
0.156
0.223
0.144
-0.209
-0.121
-0.241
-0.384
-0.501
-0.844
-0.532
-0.601
-0.28
0.044
0.151
0.271
0.046
0.019
0.077
0.258
0.439
0.787
0.741
0.736
0.666
0.801
0.904
0.938
0.851
0.78
0.375
0.464
0.292
0.348
0.292
0.312
0.084
0.083
0.242
0.297
0.181
0.058
0.079
0.083
0.194
0.19
0.164
0.203
0.116
0.111
0.126
0.05
0.021
-0.229
-0.139
-0.07
0.039
-0.134
0.15
0.208
0.212
0.484
0.443
0.431
0.348
0.223
0.122
0.43
0.758
0.551
0.634
0.812
0.614
0.981
0.839
1.231
1.124
1.078
1.205
1.179
1.166
1.068
1.238
1.093
0.555
0.492
0.19
0.211
0.306
0.84
0.619
0.535
0.378
0.138
-0.136
-0.292
-0.156
-0.07
-0.138
-0.105
-0.109
-0.163
-0.264
-0.246
-0.129
-0.212
-0.344
-0.338
-0.341
-0.331
-0.249
-0.426
-0.281
-0.236
0.014
-0.217
-0.316
-0.335
-0.136
0.025
-0.049
0.01
-0.072
0.035
-0.124
-0.039
-0.239
-0.145
-0.306
-0.297
-0.12
-0.014
0.209
0.174
0.466
0.608
0.674
0.62
0.44
0.366
0.389
-0.048
-0.16
-0.198
0.05
-0.154
-0.25
-0.205
-0.649
-0.734
-0.811
-0.909
-0.774
-0.721
-0.769
-1.002
-0.85
-1.049
-1.154
-1.123
-1.224
-1.309
-1.336
-0.986
-0.991
-0.615
-0.645
-0.631
-0.714
-0.902
-0.684
-10.336
-0.566
-0.336
-0.26
0.055
0.372
0.536
0.517
0.666
0.776
0.785
0.695
0.902
0.973
0.894
0.974
0.878
0.866
0.754
0.672
0.573
0.591
0.536
0.344
0.119
0.09
0.134
-0.356
-0.302
-0.445
-0.384
-0.378
-0.654
-0.63
-0.671
-0.359
-0.378
-0.391
-0.335
-0.439
-0.686
-0.94
-0.899
-1.083
-1.333
-1.282
-1.49
-1.346
-1.326
-1.555
-1.506
-1.248
-1.076
-1.074
-1.019
-0.878
-0.485
-0.894
-0.914
-0.925
-0.746
-0.671
-0.56
-0.479
-0.084
0.031
0.141
0.214
0.265
0.294
0.468
0.421
0.691
0.799
1.015
0.938
1.015
0.644
0.575
0.441
0.541
0.642
0.655
0.497
0.424
0.439
0.514
0.54
0.664
0.708
0.746
0.876
0.786
0.875
0.701
0.621
0.814
0.738
0.959
0.853
0.894
0.71
0.731
0.661
0.729
0.7
0.703
0.823
0.589
0.434
0.453
0.486
0.399
0.143
0.064
0.075
-0.065
0.019
-0.175
-0.314
-0.566
-0.749
-1.049
-1.251
-1.255
-1.434
-0.833
-1.089
-1.181
-1.288
-0.92
-0.814
-0.574
-0.411
-0.704
-0.616
-0.609
-0.696
-0.54
-0.576
-0.463
-0.409
-0.318
-0.296
-0.376
-0.465
-0.318
-0.415
-0.401
-0.365
-0.343
-0.385
-0.521
-0.552
-0.69
-0.684
-0.657
-0.807
-0.769
-0.769
-0.525
-0.489
-0.355
-0.416
-0.638
-0.519
-0.741
-0.499
-0.454
-0.458
-0.43
-0.269
-0.367
-0.359
-0.616
-0.58
-0.254
-0.381
-0.504
-0.414
-0.299
-0.229
-0.245
-0.16
-0.365
-0.26
-0.109
-0.215
-0.016
-0.022
-0.081
-0.176
-0.305
-0.304
-0.264
-0.009
-0.134
-0.136
0.09
0.056
0.136
0.333
0.43
0.491
0.48
0.544
0.9
0.934
1.042
1.147
1.034
0.945
1.029
1.073
0.975
0.961
0.91
0.794
0.89
0.83
0.994
0.998
0.968
1.028
0.768
0.623
0.935
0.651
0.635
0.688
0.669
0.874
0.7
0.529
0.521
0.624
0.691
0.639
0.961
0.579
0.768
0.766
0.654
0.719
0.579
0.64
0.443
0.182
0.265
0.201
0.061
-0.019
0.048
0.065
0.041
0.194
0.079
0.15
0.029
0.036
0.165
0.364
0.414
0.27
0.086
0.193
0.095
-0.06
0.036
0.045
-0.14
-0.007
-0.058
0.158
0.276
0.235
0.263
-0.037
0.061
-0.062
-0.179
0.015
-0.006
0.201
0.211
0.343
0.236
0.499
0.599
0.618
0.524
0.537
0.645
0.551
0.645
0.71
0.729
0.743
0.705
0.608
0.516
0.738
0.591
0.517
0.606
0.65
0.72
0.579
0.639
0.716
0.539
0.406
0.531
0.491
0.403
0.46
0.458
0.389
0.324
-0.022
-0.116
-0.133
-0.144
0.064
0.179
-0.011
0.316
0.036
0.173
0.031
-0.091
-0.06
0.107
0.0
0.129
0.105
-0.12
-0.138
-0.022
0.224
0.411
0.464
0.449
0.461
0.311
0.281
0.429
0.544
0.8
0.733
0.561
0.211
0.084
0.084
0.052
-0.231
-0.235
-0.451
-0.41
-0.135
-0.065
0.169
0.084
-0.113
-0.15
-0.314
-0.255
-0.216
-0.055
-0.103
0.129
0.173
0.165
0.015
-0.006
0.015
0.205
-0.006
0.003
0.025
-0.221
-0.233
-0.128
-0.201
-0.158
-0.339
-0.258
-0.4
-0.445
-0.569
-0.4
-0.499
-0.463
-0.375
-0.669
-0.807
-0.681
-0.726
-0.448
-0.537
-0.576
-0.69
-0.665
-0.487
-0.361
-0.089
-0.016
0.025
-0.005
-0.015
-0.194
-0.158
-0.228
-0.294
-0.269
-0.401
-0.435
-0.549
-0.525
-0.771
-0.633
-0.586
-0.512
-0.486
-0.519
-0.297
0.13
-0.299
-0.21
-0.323
-0.413
-0.413
-0.17
-0.155
-0.17
-0.378
-0.401
-0.231
-0.399
-0.044
0.085
0.31
0.014
-0.034
-0.05
-0.331
-0.198
-0.169
-0.086
0.084
0.149
0.114
-0.189
-0.188
-0.568
-0.505
-0.054
0.171
0.208
-0.05
-0.084
-0.42
-0.624
-0.675
-0.606
-0.45
-0.32
-0.271
-0.506
-0.473
-0.749
-0.646
-0.508
-0.265
-0.256
-0.409
-0.089
-0.405
-0.546
-0.459
-0.139
0.27
0.464
0.469
0.281
0.234
0.196
-0.352
0.033
-0.051
-0.103
0.109
0.026
-0.015
-0.15
-0.18
0.009
-0.158
-0.028
-0.296
-0.174
-0.258
-0.275
-0.163
-0.072
-0.219
-0.089
-0.06
-0.08
0.154
-0.206
-0.203
-0.119
-0.089
-0.119
0.146
-0.1
0.241
0.177
0.209
-0.061
0.014
0.035
0.045
-0.163
-0.439
-0.203
-0.398
-0.47
-0.458
-0.519
-0.391
-0.217
-0.31
-0.174
-0.182
-0.165
-0.165
-0.299
-0.149
-0.275
-0.263
-0.144
-0.311
-0.349
-0.417
-0.381
-0.138
-0.324
-0.265
-0.388
-0.206
-0.357
-0.584
-0.335
-0.268
-0.324
-0.209
-0.432
-0.527
-10.336
-0.555
-0.364
-0.434
-0.359
-0.431
-0.217
-0.275
-0.265
-0.184
-0.3
-0.13
-0.095
-0.036
0.039
-0.184
-0.044
-0.233
-0.095
0.079
0.095
0.028
0.095
-0.105
0.081
-0.119
-0.17
-0.091
-0.028
-0.091
0.092
-0.163
-0.434
-0.305
-0.209
-0.205
-0.077
-0.116
0.039
0.001
-0.048
0.091
0.06
0.105
0.338
0.475
0.491
0.526
0.516
0.386
0.41
0.806
1.097
1.161
1.335
1.328
1.241
1.236
1.27
1.39
1.484
1.611
1.545
1.653
1.589
1.44
1.726
1.669
1.917
2.044
1.964
1.96
1.945
1.796
1.839
1.719
1.869
1.525
1.329
1.1
0.901
0.649
0.415
0.341
0.193
0.122
-0.194
-0.47
-0.615
-0.68
-0.839
-1.001
-1.091
-1.099
-1.23
-1.242
-1.333
-1.134
-1.117
-1.13
-1.117
-1.099
-1.103
-1.018
-0.98
-0.951
-0.746
-0.861
-0.761
-0.739
-0.772
-0.738
-0.751
-0.733
-0.789
-0.749
-0.766
-0.628
-0.458
-0.417
-0.147
-0.343
-0.334
-0.304
-0.285
-0.417
-0.25
-0.38
-0.408
-0.276
-0.289
0.056
-0.104
-0.12
-0.355
-0.239
0.048
0.095
0.114
0.274
0.365
0.51
0.616
0.657
0.826
0.69
0.78
0.763
0.761
0.935
1.045
1.14
1.154
1.31
1.026
1.113
1.069
0.925
1.181
1.251
1.419
1.268
0.901
0.633
0.578
0.302
0.484
0.365
0.463
0.739
0.5
0.616
0.614
0.268
0.474
0.849
0.78
0.795
0.621
0.522
0.399
0.206
0.464
0.469
0.836
0.973
0.993
1.046
1.022
0.824
0.75
0.814
0.694
0.44
0.181
-0.041
0.159
0.367
0.361
0.519
0.73
0.695
0.436
0.32
0.37
0.328
0.672
0.641
0.72
0.549
0.284
0.099
-0.111
-0.064
0.1
0.269
0.636
0.173
0.115
0.011
-0.138
-0.071
0.022
0.025
0.004
-0.177
-0.294
-0.515
-0.36
-0.379
-0.561
-0.693
-0.705
-0.559
-0.688
-0.594
-0.593
-0.744
-0.576
-0.682
-0.454
-0.47
-0.239
-0.059
0.081
0.367
0.388
0.421
0.45
0.581
0.545
0.631
0.888
0.989
1.071
0.956
0.989
0.99
0.828
0.916
1.039
0.589
0.508
0.221
0.234
-0.254
-0.04
-0.388
-0.295
-0.259
-0.094
-0.348
-0.14
-0.111
0.031
0.11
0.059
0.021
-0.094
-0.118
-0.144
-0.283
-0.185
-0.076
0.01
0.051
0.244
0.292
0.209
0.223
0.128
0.004
0.2
-0.029
-0.198
-0.041
-0.091
0.1
0.135
0.176
0.39
0.486
0.384
0.124
0.075
-0.081
0.048
-0.009
-0.21
-0.211
-0.304
-0.57
-0.537
-0.436
-0.542
-0.641
-0.304
-0.56
-0.821
-0.935
-1.2
-1.301
-1.387
-1.302
-1.296
-1.232
-1.19
-1.109
-1.252
-1.18
-1.213
-1.65
-1.579
-1.443
-1.272
-1.371
-1.165
-1.161
-1.318
-1.262
-1.188
-1.084
-1.059
-0.723
-0.41
-0.396
-0.335
-0.405
-0.522
-0.147
-0.066
0.041
0.355
0.33
0.158
0.389
0.258
0.19
0.26
0.438
0.372
0.389
0.581
0.429
0.489
0.621
0.646
0.221
-0.007
-0.061
0.035
0.235
0.273
0.133
-0.02
-0.191
-0.05
0.074
0.083
0.099
0.296
0.422
0.254
0.312
0.081
0.191
-0.009
0.128
0.184
0.206
0.159
0.242
0.037
-0.049
0.154
0.199
0.269
0.085
-0.141
-0.574
-0.38
-0.336
-0.443
-0.468
-0.526
-0.364
-0.275
-0.425
-0.54
-0.491
-0.375
-0.291
-0.481
-0.552
-0.723
-0.917
-0.981
-1.274
-1.096
-1.151
-0.876
-0.758
-0.409
-0.296
-0.274
-0.231
-0.145
-0.325
-0.273
-0.351
-0.279
-0.23
-0.254
-0.443
-0.349
-0.357
-0.239
-0.208
-0.072
-0.279
-0.054
0.239
0.492
0.479
0.605
0.585
0.06
0.015
0.115
0.109
0.026
0.379
0.367
0.234
0.113
0.199
0.312
0.381
0.188
0.116
-0.054
-0.18
-0.486
-0.75
-0.642
-0.364
-0.23
-0.569
-0.461
-0.339
-0.501
-0.549
-0.63
-0.879
-0.835
-0.912
-0.825
-0.912
-1.101
-1.113
-1.206
-1.038
-0.994
-0.855
-0.564
-0.389
-0.482
-0.522
-0.611
-0.676
-0.549
-0.393
-0.506
-0.14
0.103
0.274
0.301
0.662
0.644
0.703
1.084
1.065
1.042
1.038
1.028
1.177
1.15
1.188
1.05
1.035
0.684
0.682
0.694
0.669
0.5
0.258
0.364
0.14
-0.176
-0.144
-0.016
-0.074
0.139
0.185
0.19
0.198
0.138
-0.08
-0.136
-0.246
0.09
-0.011
-0.031
0.045
0.133
0.482
0.238
0.274
0.324
0.364
0.359
0.331
0.196
0.145
0.161
0.107
0.249
0.124
0.128
0.239
0.288
0.288
0.278
0.305
0.357
0.269
0.338
0.173
0.092
0.104
0.06
-0.196
-0.003
-0.276
-0.419
-0.593
-0.301
-0.446
-0.343
-0.199
-0.297
-0.304
-0.176
-0.295
-0.286
-0.366
-0.099
-0.098
-0.315
-0.209
0.07
0.304
0.247
0.239
0.273
0.351
0.449
0.695
0.736
0.779
0.791
0.539
0.554
0.349
0.215
0.268
0.495
0.453
0.435
0.454
0.589
0.714
0.652
0.564
0.357
0.19
0.199
0.104
0.083
0.056
0.12
0.035
0.206
0.095
0.15
0.133
0.421
0.15
0.344
0.385
0.672
0.88
0.791
1.041
1.015
1.116
1.22
1.189
0.953
0.906
0.77
0.422
0.521
0.485
0.61
0.66
0.711
0.733
0.574
0.58
0.629
0.731
0.909
0.766
0.81
0.685
0.323
0.239
0.231
0.1
0.208
0.445
0.349
0.15
-0.121
0.005
0.043
0.103
0.129
0.228
0.234
0.182
-0.118
-0.184
-0.173
-0.319
-0.154
-0.26
-0.18
-0.171
-0.044
0.085
-0.028
-0.024
0.159
0.136
0.27
0.24
0.285
0.426
0.605
0.431
0.311
0.311
0.077
0.195
-0.101
-0.186
-0.286
-0.496
-0.527
-0.57
-0.499
-0.594
-0.486
-0.51
-0.398
-0.536
-0.661
-0.618
-0.73
-0.666
-0.694
-0.739
-0.571
-0.152
0.01
0.109
0.329
0.325
0.396
0.749
0.655
0.537
0.635
0.291
0.459
0.224
0.256
0.194
0.13
0.235
0.305
0.258
0.256
0.175
0.22
0.677
0.599
0.599
0.339
0.264
-0.007
-0.029
-0.084
-0.185
-0.139
-0.289
-0.058
-0.031
0.085
0.291
0.17
0.466
0.215
0.449
0.416
0.289
0.361
0.314
0.235
0.391
0.554
0.71
0.685
0.922
0.78
0.775
0.714
0.733
0.583
0.554
0.545
0.566
0.376
0.258
0.559
0.566
0.763
0.639
0.635
0.706
0.621
0.67
0.444
0.49
0.323
0.179
0.07
-0.086
-0.029
-0.036
0.048
-0.216
-0.194
-0.346
-0.524
-0.37
-0.374
-0.427
-0.645
-0.335
-0.156
-0.186
-0.343
-0.335
-0.398
-0.166
-0.221
-0.212
-0.15
-0.331
-0.29
-0.468
-0.367
-0.354
-0.301
-0.504
-0.482
-0.296
-0.46
-0.659
-0.715
-0.63
-0.635
-0.779
-0.532
-0.896
-0.77
-0.761
-0.64
-0.565
-0.42
-0.223
-0.33
-0.255
0.077
-0.103
0.129
0.122
0.223
0.388
0.599
0.764
0.779
0.96
0.974
0.974
0.844
0.915
1.069
0.961
0.993
0.99
0.979
0.996
0.985
0.814
0.914
0.896
0.823
0.754
0.449
0.309
0.388
0.491
0.409
0.221
0.131
0.15
0.075
-0.031
-0.003
-0.011
0.118
0.069
0.185
-0.205
-0.163
-0.155
-0.224
-0.306
-0.414
-0.417
-0.448
-0.458
-0.634
-0.644
-0.701
-0.676
-0.725
-0.671
-0.686
-0.599
-0.719
-0.539
-0.647
-0.535
-0.408
-0.431
-0.351
-0.214
-0.015
-0.209
-0.268
-0.379
-0.307
-0.264
-10.336
-0.325
-0.284
-0.244
-0.281
-0.044
-0.045
0.074
0.046
-0.161
-0.107
-0.2
-0.339
-0.429
-0.595
-0.598
-0.615
-0.565
-0.326
-0.586
-0.516
-0.677
-0.641
-0.764
-0.824
-10.336
-0.758
-1.125
-1.113
-1.136
-1.002
-1.048
-0.845
-0.679
-0.552
-0.571
-0.399
-0.216
-0.448
-0.529
-0.295
-0.171
-0.265
0.081
0.206
0.339
0.54
0.427
0.584
0.626
0.703
0.656
0.704
0.846
0.993
1.145
0.955
0.973
1.141
0.896
1.109
1.193
10.332
10.332
1.299
1.448
1.292
0.988
0.999
0.555
1.015
0.951
1.046
0.936
0.693
0.772
0.57
0.745
0.848
0.71
0.688
0.446
0.446
0.419
0.261
0.051
-0.062
0.01
-0.019
0.033
0.035
0.16
0.241
0.29
0.324
0.301
0.23
0.256
0.043
-0.059
-0.107
-0.231
-0.103
-0.251
-0.135
0.001
0.286
0.138
0.381
0.32
0.268
0.445
0.354
0.453
0.357
0.161
0.146
-0.171
0.224
-0.009
-0.003
-0.199
-0.169
0.04
0.175
0.253
0.176
0.134
0.409
0.245
0.44
0.366
0.432
0.315
0.25
0.215
0.409
0.405
0.46
0.551
0.71
0.343
0.485
0.499
0.355
0.546
0.718
0.911
0.968
0.769
0.749
1.116
0.835
1.163
1.054
1.008
0.895
0.618
0.76
0.743
0.606
0.485
0.485
0.281
0.149
0.083
0.095
-0.089
-0.034
-0.487
-0.212
-0.069
-0.059
0.024
-0.16
-0.216
-0.245
-0.092
-0.195
-0.091
-0.122
-0.045
0.081
0.08
0.003
0.175
0.401
0.473
0.709
0.522
0.474
0.642
0.504
0.67
0.496
0.366
0.188
0.398
0.41
0.2
0.35
0.278
0.228
0.133
-0.179
-0.309
-0.48
-0.473
-0.625
-0.88
-0.944
-0.866
-0.979
-0.973
-0.973
-1.133
-1.009
-0.996
-0.614
-0.999
-0.812
-0.689
-0.599
-0.455
-0.647
-0.651
-0.365
-0.532
-0.365
-0.497
-0.294
-0.319
-0.19
-0.11
0.188
0.131
0.144
0.058
-0.06
0.23
-0.046
0.084
-0.006
-0.22
-0.208
-0.454
-0.079
-0.069
0.05
0.25
0.171
0.454
0.453
0.48
0.552
0.578
0.579
0.362
0.198
0.151
0.12
-0.054
0.133
-0.031
0.03
0.092
-0.147
-0.061
0.217
-0.011
-0.036
0.226
0.239
0.408
0.288
0.359
0.356
0.249
0.092
0.251
0.296
0.435
0.419
0.603
0.496
0.294
0.435
0.324
0.466
0.601
0.512
0.505
0.565
0.435
0.505
0.309
0.104
0.131
-0.013
-0.131
-0.249
-0.396
-0.301
-0.301
-0.249
-0.409
-0.334
-0.06
-0.049
-0.231
-0.283
0.0
-0.049
-0.065
0.107
-0.014
0.054
0.151
0.443
0.155
0.29
0.091
0.058
0.106
0.315
0.436
0.514
0.41
0.568
0.839
0.797
0.89
0.875
0.9
0.94
1.062
1.199
1.252
1.123
0.944
0.84
0.719
0.674
0.571
0.31
0.115
0.085
-0.19
-0.056
-0.256
-0.236
-0.23
-0.25
-0.179
-0.056
-0.154
-0.06
-0.191
-0.235
-0.292
-0.384
-0.388
-0.432
-0.715
-0.646
-0.539
-0.443
-0.56
-0.152
-0.555
-0.665
-0.526
-0.355
-0.223
-0.413
-0.731
-0.647
-0.564
-0.47
-0.343
-0.25
-0.064
0.075
0.184
0.116
0.294
0.276
0.139
-0.031
0.107
0.158
-0.02
0.041
-0.268
-0.503
-0.585
-0.666
-0.561
-0.584
-0.758
-0.881
-0.89
-0.935
-1.136
-1.424
-1.588
-1.555
-1.671
-1.573
-1.576
-1.441
-1.229
-1.084
-0.925
-0.816
-0.671
-0.51
-0.414
-0.2
-0.364
-0.3
-0.24
0.035
0.083
0.169
0.41
0.506
0.579
0.591
0.725
0.721
0.811
0.64
0.53
0.522
0.441
0.706
0.625
0.755
0.706
0.568
0.63
0.765
0.805
0.674
0.776
0.799
0.438
0.24
0.389
0.255
0.338
0.203
0.26
0.459
0.487
0.535
0.542
0.233
0.359
0.278
0.376
0.309
0.289
0.319
0.216
0.39
0.638
0.894
0.638
0.764
0.953
0.896
0.894
0.751
0.611
0.751
0.826
0.671
0.623
0.439
0.463
0.594
0.696
0.741
0.698
0.736
0.611
0.795
0.824
0.675
0.541
0.51
0.481
0.515
0.661
0.644
0.578
0.381
0.171
-0.149
-0.23
-0.184
-0.234
-0.276
-0.24
-0.283
-0.171
-0.269
-0.446
-0.456
-0.393
-0.495
-0.441
-0.12
-0.349
-0.515
-0.777
-0.573
-0.85
-0.67
-0.711
-0.511
-0.419
-0.369
-0.33
-0.129
-0.138
-0.234
-0.325
-0.376
-0.411
-0.261
-0.059
0.004
-0.011
0.372
0.549
0.404
0.304
0.133
0.348
0.35
0.357
0.422
0.473
0.649
0.8
0.897
1.029
1.279
1.379
1.359
1.353
1.258
1.414
1.222
1.127
1.153
1.188
1.433
1.498
1.43
1.52
1.766
1.614
1.539
1.448
1.613
1.55
1.594
1.685
1.615
1.333
1.544
1.331
1.27
1.127
1.049
0.797
0.675
0.674
0.654
0.703
0.529
0.516
0.606
0.728
0.491
0.448
0.4
0.324
0.043
-0.016
-0.049
0.104
0.118
0.015
0.062
0.054
-0.011
-0.186
-0.284
-0.223
-0.398
-0.235
-0.246
-0.044
-0.419
-0.005
-0.011
-0.199
-0.366
-0.415
-0.431
-0.422
-0.588
-0.686
-0.868
-1.305
-1.044
-1.131
-1.309
-1.309
-1.288
-1.318
-1.299
-1.222
-1.218
-1.074
-1.18
-1.126
-1.136
-1.097
-1.095
-1.051
-0.931
-0.924
-0.828
-0.671
-0.588
-0.465
-0.098
-0.024
0.081
0.246
0.411
0.385
0.346
0.307
0.41
0.64
0.823
0.646
0.771
0.901
0.889
0.885
1.025
0.865
0.814
0.99
0.874
0.804
0.914
0.655
0.654
0.581
0.824
0.705
0.545
0.349
0.235
0.109
-0.004
-0.297
-0.126
-0.324
-0.304
-0.297
-0.344
-0.405
-0.405
-0.379
-0.619
-0.659
-0.829
-1.011
-1.229
-1.025
-1.059
-1.153
-1.074
-1.086
-1.061
-1.204
-0.922
-1.18
-1.205
-1.032
-1.298
-1.15
-1.19
-1.265
-1.248
-1.084
-0.85
-0.733
-0.802
-0.753
-0.83
-0.67
-0.865
-0.922
-1.069
-1.201
-0.954
-0.951
-0.725
-0.994
-0.919
-0.606
-0.583
-0.705
-0.54
-0.623
-0.655
-0.58
-0.51
-0.471
-0.193
-0.122
-0.129
-0.075
0.034
-0.072
0.074
0.039
0.084
-0.176
-0.196
-0.276
-0.557
-0.459
-0.652
-0.487
-0.326
-0.261
-0.379
-0.341
-0.395
-0.24
-0.299
-0.316
-0.284
-0.309
-0.062
-0.221
-0.301
-0.199
-0.429
-0.471
-0.275
-0.365
-0.435
-0.589
-0.706
-0.588
-0.391
-0.689
-0.62
-0.626
-0.474
-0.21
-0.258
0.03
0.2
0.304
0.289
0.496
0.503
0.631
0.714
0.56
0.71
0.427
0.246
0.229
0.366
0.415
0.26
0.396
0.449
0.539
0.591
0.481
0.598
0.484
0.349
0.311
0.328
0.318
0.238
0.306
0.284
0.486
0.654
0.491
0.492
0.391
0.333
0.295
0.318
0.279
0.194
0.168
0.215
0.113
0.273
0.103
0.099
0.003
-0.031
-0.124
-0.013
-0.11
-0.091
-0.189
-0.269
-0.217
-0.118
0.022
-0.019
-0.124
-0.101
0.098
-0.004
0.141
0.084
0.121
0.075
0.064
0.261
0.08
0.276
0.23
0.273
0.444
0.253
0.406
0.355
0.411
0.497
0.273
0.311
0.186
0.365
0.275
0.145
0.281
0.325
0.268
0.228
-0.096
-0.045
-0.188
-0.166
-0.2
0.01
-0.196
-0.088
0.11
0.326
0.163
0.122
0.279
0.22
0.031
0.01
0.098
0.119
0.029
-0.13
-0.221
-0.226
-0.14
-0.176
-0.306
-0.431
-0.395
-0.4
-0.441
-0.296
-0.393
-0.371
-0.226
-0.304
-0.126
-0.292
-0.238
-0.329
-0.215
-0.307
-0.08
0.119
0.006
0.049
-0.054
-0.015
0.081
0.161
0.216
0.371
0.461
0.609
0.318
0.36
0.238
0.259
-0.014
0.234
0.258
0.134
0.118
-0.013
0.194
0.056
0.089
-0.06
0.003
0.106
-0.004
0.21
0.103
-0.013
0.149
0.219
0.169
-0.016
0.041
-0.128
0.0
-0.184
-0.359
-0.31
-0.16
-0.096
-0.094
0.107
0.245
0.369
0.471
0.601
0.366
0.333
0.398
0.329
0.335
0.401
0.336
0.411
0.566
0.709
0.771
0.542
0.519
0.564
0.355
0.595
0.354
0.482
0.67
0.755
0.633
0.581
0.584
0.544
0.453
0.416
0.489
0.372
0.74
0.945
0.851
0.834
1.044
0.998
1.064
1.111
1.296
1.484
1.599
1.801
1.374
1.383
1.365
1.344
1.34
1.341
1.516
1.552
1.604
1.57
1.674
1.634
1.723
1.766
1.552
1.579
1.383
1.153
1.147
1.24
0.926
0.904
1.055
0.573
0.297
0.448
0.268
0.2
0.135
0.036
-0.171
-0.258
-0.422
-0.517
-0.438
-0.797
-0.728
-0.845
-0.706
-0.734
-0.765
-0.734
-0.85
-0.927
-0.984
-0.971
-0.975
-0.804
-0.94
-1.126
-1.176
-1.381
-1.664
-1.599
-1.482
-1.433
-1.335
-1.354
-1.302
-1.101
-1.04
-1.049
-1.009
-0.953
-0.636
-0.629
-0.296
-0.209
-0.143
-0.055
-0.004
-0.245
-0.077
-0.131
-0.013
-0.003
-0.217
-0.12
-0.022
-0.015
-0.077
-0.128
0.141
0.196
0.427
0.468
0.661
0.281
0.107
0.238
-0.016
-0.163
-0.229
-0.256
-0.482
-0.36
-0.301
-0.445
-0.354
-0.315
-0.339
-0.422
-0.729
-0.599
-0.664
-0.644
-0.83
-0.75
-0.772
-0.819
-0.869
-0.738
-0.511
-0.468
-0.551
-0.482
-3.144
-0.405
-0.395
-0.508
-0.526
-0.354
-0.219
-0.029
-0.019
0.17
-0.219
-0.124
-0.189
-0.186
-0.125
-0.051
0.07
0.238
10.332
10.332
10.332
10.332
0.154
-0.021
0.015
-0.176
-0.177
-0.151
-0.221
-0.195
-0.081
-0.016
-0.215
-0.15
-0.228
-0.095
-0.033
-0.316
-0.439
-0.416
-0.334
-0.075
-0.401
-0.41
-0.458
-0.326
-0.302
-0.32
-0.139
-0.268
-0.16
-0.144
-0.283
-0.385
-0.496
-0.263
-0.26
-0.448
-0.492
-0.194
-0.088
0.066
-0.058
-0.024
-0.071
-0.122
-0.265
-0.349
-0.5
-0.564
-0.496
-0.384
-0.193
-0.182
-0.124
-0.096
-0.269
-0.103
-0.045
-0.055
-0.054
0.013
-0.154
-0.159
0.133
0.291
0.431
0.369
0.463
0.49
0.515
0.547
0.314
0.359
0.088
0.037
0.02
0.049
-0.081
-0.052
0.025
0.245
0.09
0.051
0.234
0.258
0.155
0.188
0.156
0.182
-0.255
-0.278
-0.279
-0.348
-0.115
-0.219
-0.244
-0.319
-0.221
-0.149
-0.311
-0.244
-0.134
-0.138
0.014
-0.085
-0.06
-0.024
0.17
-0.04
-0.03
-0.066
-0.139
0.125
-0.08
-0.101
-0.111
-0.188
-0.039
-0.09
-0.135
-0.058
-0.076
-0.158
-0.116
-0.296
0.095
0.16
0.339
0.139
0.005
-0.051
0.11
0.156
0.238
0.288
0.289
0.463
0.378
0.655
0.464
0.734
0.831
0.682
0.781
0.682
0.699
0.779
1.106
1.011
0.939
0.849
0.789
0.86
0.811
0.519
0.715
0.709
0.703
0.672
0.75
0.919
0.651
0.78
0.645
0.694
0.554
0.446
0.515
0.579
0.871
0.629
0.94
0.795
0.815
0.816
0.631
0.701
1.04
0.986
1.143
1.083
0.968
0.921
0.78
0.755
0.733
0.588
0.562
0.787
0.352
0.188
0.258
0.449
0.366
-0.033
0.001
-0.091
-0.046
-0.021
-0.12
-0.113
0.069
-0.273
-0.375
-0.378
-0.468
-0.388
-0.336
-0.375
-0.184
0.007
-0.03
0.072
-0.163
-0.302
-0.328
-0.278
-0.284
-0.359
-0.585
-0.315
-0.266
-0.077
0.154
0.101
0.133
0.074
0.133
0.414
0.323
0.316
0.351
0.236
0.147
-0.098
-0.005
0.029
-0.221
-0.036
-0.487
-0.415
-0.309
-0.422
-0.3
-0.242
0.134
0.13
0.336
0.354
0.429
0.36
0.403
0.526
0.554
0.585
0.441
0.52
0.391
0.425
0.639
0.666
0.662
0.575
0.645
0.634
0.595
0.662
0.495
0.595
0.557
0.494
0.416
0.17
-0.024
-0.149
-0.244
-0.221
-0.141
-0.219
-0.184
0.091
0.059
-0.098
0.1
0.054
0.279
0.334
0.255
0.479
0.25
0.099
-0.101
-0.09
0.06
-0.092
0.033
0.061
-0.11
0.152
0.025
0.281
0.259
0.2
0.464
0.118
0.158
0.191
0.149
0.18
0.17
0.161
0.099
0.052
0.098
0.19
0.241
0.029
-0.138
-0.295
-0.385
-0.234
-0.279
-0.394
-0.45
-0.288
-0.35
-0.534
-0.381
-0.297
-0.203
-0.212
-0.25
-0.325
-0.261
-0.221
-0.185
-0.06
-0.333
-0.249
-0.536
-0.395
-0.343
-0.294
-0.241
-0.205
-0.219
-0.371
-0.388
-0.285
-0.144
-0.138
-0.044
0.045
-0.04
0.107
0.229
0.174
0.215
0.051
-0.096
-0.029
-0.15
-0.149
-0.185
-0.226
-0.198
-0.206
-0.295
-0.487
-0.521
-0.527
-0.649
-0.656
-0.81
-0.559
-0.58
-0.555
-0.549
-0.51
-0.618
-0.458
-0.489
-0.575
-0.511
-0.482
-0.296
0.044
-0.041
0.235
0.049
0.08
0.124
0.029
0.109
0.118
-0.08
-0.205
-0.289
-0.188
-0.09
-0.061
-0.226
-0.171
-0.241
-0.129
0.11
-0.007
-0.15
-0.099
-0.007
-0.07
-0.151
-0.126
-0.118
-0.03
-0.144
-0.163
-0.242
-0.279
-0.242
-0.185
0.026
-0.09
0.06
-0.037
-0.209
-0.089
-0.166
-0.095
0.12
0.126
0.269
0.344
0.505
0.441
0.349
0.32
0.177
0.55
0.375
0.301
0.284
0.292
0.334
0.482
0.458
0.566
0.583
0.711
0.52
0.606
0.669
0.591
0.501
0.295
0.274
0.203
0.344
0.121
0.18
0.081
0.077
0.09
0.186
0.276
0.413
0.383
0.29
0.443
0.416
0.389
0.325
0.203
0.275
0.245
0.188
0.074
0.056
-0.103
-0.253
-0.348
-0.369
-0.357
-0.406
-0.606
-0.531
-0.63
-0.605
-0.45
-0.367
-0.396
-0.471
-0.388
-0.509
10.332
-0.106
-0.231
-0.055
-0.173
-0.095
-0.062
-0.058
0.106
-0.141
-0.081
-0.188
-0.169
-0.279
-0.196
-0.19
-0.304
-0.385
-0.398
-0.186
-0.094
0.058
0.134
0.2
0.415
0.568
0.519
0.614
0.574
0.631
0.75
0.836
0.981
0.695
0.589
0.541
0.4
0.374
0.383
0.297
0.221
0.186
-0.007
-0.043
0.044
-0.169
-0.12
-0.203
-0.274
-0.234
-0.166
-0.294
-0.424
-0.581
-0.591
-0.615
-0.469
-0.531
-0.638
-0.682
-0.701
-0.601
-0.886
-0.819
-0.759
-0.546
-0.474
-0.485
-0.419
-0.173
-0.174
0.021
-0.041
-0.283
-0.225
-0.166
-0.24
-0.219
-0.065
0.062
-0.114
0.111
0.043
0.026
0.085
-0.001
-0.13
-0.155
-0.31
-0.254
-0.357
-0.486
-0.458
-0.751
-0.562
-0.859
-0.932
-0.917
-0.819
-0.771
-0.831
-0.556
-0.61
-0.686
-0.539
-0.531
-0.535
-0.564
-0.649
-0.389
-0.554
-0.547
-0.357
-0.324
-0.506
-0.435
-0.344
-0.216
-0.059
0.048
0.214
0.188
0.12
0.233
0.046
0.143
0.174
0.29
0.356
0.4
0.517
0.669
0.636
0.585
0.704
0.73
0.636
0.729
0.794
0.625
0.554
0.413
0.436
0.321
0.386
0.198
0.083
0.077
0.113
0.266
0.614
0.474
0.446
0.284
0.306
0.4
0.431
0.416
0.63
0.675
0.609
0.475
0.506
0.43
0.426
0.517
0.464
0.638
0.591
0.677
0.635
0.59
0.509
0.494
0.394
0.38
0.417
0.29
0.166
0.077
-0.101
-0.191
-0.275
-0.189
-0.249
-0.115
-0.145
-0.104
-0.079
0.037
0.151
0.175
0.046
0.013
0.088
0.104
0.259
0.139
0.245
0.292
0.201
0.318
0.408
0.388
0.439
0.62
0.71
0.529
0.667
0.574
0.605
0.561
0.539
0.768
0.495
0.655
0.537
0.672
0.579
0.521
0.464
0.268
0.331
0.146
0.039
0.139
0.13
0.139
-0.059
-0.033
-0.118
-0.292
-0.521
-0.426
-0.53
-0.534
-0.531
-0.473
-0.621
-0.545
-0.356
-0.323
-0.38
-0.482
-0.448
-0.693
-0.659
-0.478
-0.47
-0.251
-0.109
0.115
0.216
0.134
0.289
0.253
0.394
0.384
0.564
0.444
0.414
0.499
0.278
0.326
0.375
0.456
0.443
0.516
0.549
0.455
0.408
0.38
0.144
-0.013
0.034
-0.025
-0.066
0.161
0.171
0.171
0.144
-0.02
0.419
0.352
0.206
-0.019
-0.09
-0.059
0.003
0.223
0.17
0.133
0.155
0.1
0.22
0.12
0.18
0.11
0.31
0.249
0.144
0.173
0.103
0.131
0.02
0.022
0.076
-0.155
-0.17
-0.299
-0.198
-0.236
-0.235
-0.254
-0.352
-0.383
-0.239
-0.391
-0.345
-0.23
-0.164
0.05
-0.147
-0.28
-0.235
-0.288
-0.244
-0.241
-0.291
-0.364
-0.376
-0.335
-0.326
-0.105
-0.226
-0.03
-0.01
-0.141
-0.246
-0.295
-0.268
-0.23
0.061
-0.011
0.23
0.145
0.088
0.028
0.048
-0.037
0.014
-0.025
-0.076
-0.004
0.083
0.081
-0.001
0.219
0.031
0.099
0.133
0.269
0.35
0.395
0.427
0.425
0.557
0.566
0.486
0.324
0.426
0.501
0.479
0.503
0.49
0.544
0.406
0.23
0.479
0.378
0.044
-0.083
-0.004
-0.211
-0.198
0.166
0.081
0.072
0.098
0.122
0.033
0.039
0.088
-0.085
-0.149
-0.345
-0.424
-0.531
-0.652
-0.482
-0.661
-0.641
-0.739
-0.6
-0.561
-0.522
-0.591
-0.662
-0.456
-0.405
-0.348
-0.259
-0.449
-0.39
-0.352
-0.215
-0.519
-0.401
-0.431
-0.44
-0.449
-0.562
-0.611
-0.605
-0.53
-0.709
-0.684
-0.76
-0.79
-0.772
-0.84
-0.744
-0.772
-0.751
-0.76
-0.541
-0.458
-0.491
-0.449
-0.378
-0.401
-0.32
-0.348
-0.393
-0.27
-0.341
-0.144
-0.065
-0.179
-0.131
0.126
-0.052
0.031
0.244
0.271
0.231
0.208
0.233
0.448
0.324
0.473
0.544
0.594
0.786
0.996
0.893
0.863
0.859
0.869
1.074
0.966
0.866
0.662
0.455
0.409
0.33
0.263
0.156
0.076
-10.336
-0.388
-0.444
-0.495
-0.579
-0.605
-0.41
-0.326
-0.171
-0.242
-0.384
-0.421
-0.271
-0.351
-0.516
-0.699
-0.685
-0.976
-0.974
-0.71
-0.593
-0.73
-0.68
-0.639
-0.662
-0.626
-0.633
-0.446
-0.359
-0.138
-0.324
-0.384
-0.224
-0.453
-0.106
-0.278
-0.147
-0.095
-0.185
-0.152
-0.219
0.039
-0.104
0.095
0.009
-0.065
-0.065
-0.088
0.141
0.065
-0.072
0.001
0.021
-0.062
-0.02
-0.026
0.092
0.072
0.111
0.239
0.221
0.261
0.284
0.231
0.185
0.165
-0.281
-0.309
-0.414
-0.439
-0.406
-0.274
-0.261
-0.126
-0.045
-0.021
0.079
0.296
0.259
0.076
0.186
0.143
0.111
-0.11
-0.05
-0.048
0.085
0.236
0.224
0.109
0.143
0.158
0.205
0.191
0.154
0.318
0.318
0.381
0.395
0.46
0.43
0.403
0.539
0.552
0.651
0.661
0.751
0.718
0.58
0.505
0.415
0.414
0.369
0.302
0.339
0.36
0.269
0.268
-0.055
-0.076
-0.12
-0.241
-0.256
-0.403
-0.381
-0.55
-0.579
-0.46
-0.544
-0.274
-0.349
-0.312
-0.355
-0.389
-0.189
-0.226
-0.208
-0.147
-0.08
-0.217
-0.188
-0.151
0.0
-0.015
0.054
0.145
0.184
0.271
0.239
0.111
0.014
0.164
0.05
0.096
-0.094
-0.182
-0.316
-0.309
-0.323
-0.339
-0.274
-0.32
-0.504
-0.586
-0.64
-0.491
-0.646
-0.691
-0.647
-0.682
-0.379
-0.394
-0.386
-0.426
-0.361
-0.242
-0.346
-0.307
-0.503
-0.475
-0.403
-0.356
-0.427
-0.466
-0.203
-0.189
-0.1
-0.041
-0.174
-0.246
-0.346
-0.152
-0.045
-0.111
-0.15
-0.179
-0.182
0.064
0.021
0.203
0.398
0.312
0.519
0.399
0.487
0.494
0.561
0.593
0.657
0.6
0.564
0.578
0.058
0.606
0.403
0.506
0.4
0.378
0.241
0.263
0.214
0.058
-0.081
-0.016
0.043
-0.014
0.034
-0.103
0.028
0.035
0.119
0.321
0.122
0.23
0.133
0.301
0.255
0.371
0.464
0.5
0.649
0.52
0.614
0.54
0.631
0.615
0.521
0.526
0.367
0.354
0.315
0.374
0.484
0.531
0.527
0.628
0.519
0.589
0.494
0.434
0.4
-10.336
0.029
-0.015
-0.235
-0.107
-0.12
-0.466
-0.427
-0.3
-0.541
-0.51
-0.579
-0.763
-0.779
-0.781
-0.696
-0.86
-0.899
-0.761
-0.725
-0.58
-0.623
-0.411
-0.419
-0.35
-0.349
-0.185
-0.114
-0.141
-0.011
0.05
0.004
-0.169
-0.233
-0.231
-0.274
-0.171
-0.175
-0.294
-0.289
-0.383
-0.297
-0.326
-0.458
-0.411
-0.372
-0.344
-0.365
-0.379
-0.515
-0.525
-0.59
-0.634
-0.664
-0.743
-0.946
-1.008
-0.861
-0.95
-0.755
-0.698
-0.734
-0.695
-0.516
-0.391
-0.381
-0.14
-0.134
-0.009
0.16
0.154
0.076
-0.059
0.339
0.177
0.089
0.131
0.17
0.231
10.332
0.425
0.339
0.264
0.357
0.326
0.481
0.446
0.435
0.426
0.53
0.586
0.605
0.657
0.709
0.651
0.575
0.575
0.492
0.444
0.474
0.411
0.44
0.509
0.466
0.45
0.345
0.319
0.299
0.406
0.307
0.249
0.311
0.223
0.179
0.158
0.146
-0.013
0.107
0.061
0.151
0.05
0.005
0.029
0.034
0.124
0.099
0.165
0.076
0.156
0.134
0.129
0.24
0.081
0.083
0.158
0.121
0.052
-0.13
-0.189
-0.14
-0.124
-0.122
-0.174
-0.271
-0.289
-0.294
-0.319
-0.286
-0.294
-0.32
-0.351
-0.468
-0.458
-0.595
-0.593
-0.698
-0.725
-0.833
-0.874
-0.866
-0.869
-0.873
-0.868
-0.823
-0.753
-0.794
-0.787
-0.836
-0.79
-0.861
-0.831
-0.839
-0.749
-0.746
-0.738
-0.718
-0.716
-0.758
-0.739
-0.642
-0.557
-0.503
-0.494
-0.545
-0.362
-0.39
-0.25
-0.185
-0.156
-0.196
-0.098
-0.096
-0.133
-0.054
0.034
0.019
0.11
0.109
0.118
0.165
0.231
0.156
0.235
0.239
0.424
0.225
0.246
0.189
0.186
0.215
0.266
0.253
0.281
0.235
0.28
0.259
0.425
0.372
0.334
0.336
0.258
0.236
0.14
0.107
0.062
0.026
-0.048
-0.069
-0.122
-0.048
-0.152
-0.145
-0.147
-0.146
-0.077
-0.084
-0.084
-0.03
0.019
-0.006
0.044
-0.02
-0.021
-0.092
-0.138
-0.114
-0.046
-0.08
-0.076
-0.16
-0.12
-0.119
-0.181
-0.297
-0.209
-0.385
-0.463
-0.46
-0.519
-0.456
-0.517
-0.534
-0.509
-0.532
-0.492
-0.416
-0.469
-0.331
-0.367
-0.357
-0.284
-0.374
-0.261
-0.376
-0.247
-0.311
-0.321
-0.325
-0.371
-0.297
-0.36
-0.318
-0.223
-0.379
-0.345
-0.33
-0.29
-0.261
-0.184
-0.378
-0.072
-0.061
-0.098
-0.074
-0.025
-0.031
-0.026
-0.052
-0.131
-0.1
-0.179
-0.254
-0.24
-0.314
-0.145
-0.331
-0.283
-0.25
-0.304
-0.286
-0.381
-0.454
-0.453
-0.421
-0.46
-0.43
-0.503
-0.584
-0.489
