0.819
0.969
1.111
1.199
1.018
0.955
0.771
0.784
0.984
0.92
0.745
0.714
0.829
0.67
0.434
0.422
0.2
0.266
0.314
0.098
0.05
0.058
-0.088
-0.189
-0.003
0.071
0.094
-0.058
-0.275
-0.316
-0.28
-0.291
-0.469
-0.634
-0.484
-0.449
-0.179
-0.004
0.182
-0.009
-0.159
-0.106
-0.379
-0.286
-0.343
-0.362
-0.499
-0.441
-0.292
-0.443
-0.244
-0.339
-0.411
-0.464
-0.749
-0.7
-0.749
-1.016
-1.024
-1.026
-0.758
-0.844
-0.685
-0.89
-0.89
-0.935
-0.855
-0.848
-0.489
-0.649
-0.486
-0.791
-0.94
-0.896
-0.833
-0.854
-0.93
-0.829
-0.628
-0.497
-0.224
-0.165
0.045
0.096
0.168
0.226
0.15
0.216
0.289
0.28
0.55
0.629
0.843
0.67
0.774
0.744
0.654
0.721
0.494
0.44
0.449
0.496
0.405
0.362
0.288
0.199
0.25
0.095
-0.103
-0.329
-0.552
-0.621
-0.655
-0.714
-0.829
-0.81
-0.777
-1.089
-0.846
-0.885
-0.826
-0.638
-0.288
-0.225
-0.179
-0.164
-0.134
-0.2
-0.149
-0.146
-0.185
0.083
0.024
-0.03
-0.009
-0.266
-0.216
-0.26
-0.223
-0.114
-0.11
-0.101
-0.226
-0.28
-0.233
-0.335
-0.39
-0.266
-0.286
-0.328
-0.393
-0.494
-0.698
-0.714
-0.818
-0.859
-0.919
-0.97
-0.955
-0.95
-0.853
-0.919
-0.806
-0.724
-0.7
-0.745
-0.73
-0.764
-0.618
-0.91
-0.98
-0.996
-0.935
-0.89
-0.97
-1.044
-1.011
-0.92
-0.848
-0.85
-0.571
-0.706
-0.654
-0.651
-0.55
-0.505
-0.268
-0.496
-0.414
-0.367
-0.14
-0.143
-0.045
-0.058
0.09
0.188
0.229
0.17
0.205
0.205
0.245
0.241
0.314
0.338
0.334
0.274
-0.033
-0.131
-0.146
-0.066
0.052
-0.033
-0.095
-0.168
-0.109
-0.285
-0.22
-0.398
-0.154
-0.307
-0.181
-0.188
-0.215
-0.211
-0.239
-0.24
-0.255
-0.215
-0.242
-0.25
-0.168
-0.169
0.122
0.26
0.479
0.463
0.463
0.351
0.291
0.174
-0.035
0.044
0.034
-0.09
0.124
0.235
0.26
0.391
0.411
0.386
0.306
0.38
0.474
0.49
0.311
0.562
0.464
0.485
0.56
0.596
0.708
0.504
0.68
0.649
0.554
0.435
0.076
-0.02
0.061
-0.013
-0.115
-0.201
-0.083
-0.062
-0.143
-0.328
-0.514
-0.636
-0.729
-0.661
-0.611
-0.646
-0.815
-0.65
-0.74
-0.584
-0.576
-0.681
-0.646
-0.696
-0.441
-0.404
-0.304
-0.27
-0.151
-0.024
-0.193
-0.019
0.026
-0.033
0.035
0.081
0.179
0.092
0.251
0.375
0.383
0.536
0.61
0.461
0.359
0.302
0.355
0.374
0.36
0.304
0.259
-0.139
0.028
-0.354
-0.228
-0.245
0.004
0.079
0.026
-0.039
-0.25
-0.435
-0.391
-0.312
-0.372
-0.283
-0.345
-0.319
-0.279
-0.302
-0.286
-0.241
-0.125
-0.208
-0.149
-0.221
-0.247
-0.07
-0.149
-0.109
-0.17
-0.254
-0.158
-0.115
-0.103
-0.129
-0.056
-0.118
0.02
0.019
0.014
0.165
0.126
0.195
0.101
-0.041
-0.161
-0.271
-0.165
-0.128
-0.321
-0.53
-0.751
-0.981
-1.038
-1.239
-1.078
-1.106
-1.221
-1.175
-1.084
-1.094
-1.03
-1.052
-0.864
-0.731
-0.777
-0.711
-0.679
-0.608
-0.705
-0.651
-0.57
-0.451
-0.42
-0.391
-0.296
-0.323
-0.321
-0.323
-0.354
-0.324
-0.506
-0.226
-0.184
-0.161
-0.164
-0.077
0.147
0.359
0.217
0.49
0.59
0.52
0.379
0.296
0.173
0.3
0.324
0.283
0.283
0.128
0.413
0.146
0.177
0.185
0.125
0.191
0.225
-0.019
-0.041
-0.212
-0.283
-0.396
-0.552
-0.554
-0.604
-0.588
-0.608
-0.616
-0.574
-0.606
-0.753
-0.642
-0.681
-0.596
-0.565
-0.784
-0.661
-0.705
-0.739
-0.606
-0.796
-0.574
-0.53
-0.511
-0.535
-0.386
-0.475
-0.721
-0.66
-0.805
-0.527
-0.449
-0.451
-0.487
-0.399
-0.297
-0.414
-0.408
-0.226
-0.374
-0.494
-0.352
-0.565
-0.728
-0.584
-0.539
-0.469
-0.295
-0.191
-0.05
-0.179
-0.196
-0.217
-0.279
-0.319
-0.431
-0.279
-0.369
-0.42
-0.482
-0.59
-0.696
-0.777
-0.5
-0.318
-0.233
-0.168
-0.242
-0.081
-0.094
-0.039
-0.051
-0.016
-0.051
0.034
0.022
-0.024
-0.039
0.06
0.046
0.136
0.09
0.107
0.194
0.229
0.164
0.05
0.164
0.367
0.361
0.306
0.116
0.077
-0.124
-0.114
-0.121
-0.064
-0.169
-0.17
-0.235
-0.191
-0.122
-0.146
-0.233
-0.134
-0.109
-0.099
0.086
-0.011
-0.015
-0.16
-0.201
-0.349
-0.203
-0.329
-0.441
-0.482
-0.409
-0.255
-0.343
-0.159
-0.083
-0.145
-0.339
-0.58
-0.529
-0.621
-0.635
-0.526
-0.619
-0.511
-0.666
-0.601
-0.659
-0.771
-0.569
-0.586
-0.475
-0.542
-0.621
-0.603
-0.784
-0.775
-0.696
-0.743
-0.883
-0.821
-0.896
-0.838
-0.691
-0.811
-0.624
-0.584
-0.514
-0.585
-0.41
-0.439
-0.244
-0.188
-0.161
-0.007
-0.156
0.118
-0.076
0.052
0.203
0.08
0.025
-0.094
-0.245
-0.154
-0.209
-0.079
-0.009
0.046
0.245
0.194
0.184
0.062
0.106
0.33
0.249
0.263
-0.003
-0.025
-0.15
0.1
0.2
0.064
0.049
0.212
0.08
0.158
0.19
0.131
0.11
0.208
0.231
0.219
0.346
0.244
0.385
0.422
0.374
0.254
0.312
0.345
0.25
0.2
0.25
0.274
0.256
0.331
0.309
0.216
0.286
0.242
0.276
0.255
0.198
0.044
-0.165
-0.13
-0.28
-0.005
-0.106
-0.171
-0.224
-0.306
-0.374
-0.497
-0.406
-0.58
-0.731
-0.667
-0.838
-0.656
-0.805
-0.739
-0.682
-0.662
-0.626
-0.57
-0.569
-0.514
-0.439
-0.524
-0.661
-0.515
-0.606
-0.44
-0.535
-0.545
-0.489
-0.5
-0.504
-0.356
-0.384
-0.276
-0.196
-0.044
0.152
0.261
0.336
0.345
0.21
0.26
0.338
0.314
0.341
0.302
0.352
0.258
0.56
0.529
0.703
0.743
0.68
0.715
0.69
0.853
0.814
0.745
0.698
0.661
0.438
0.36
0.306
0.09
-0.028
0.171
0.08
0.059
0.003
0.17
0.11
0.071
0.035
0.049
0.16
0.072
0.205
0.091
0.12
-0.077
-0.025
0.096
-0.04
0.04
-0.014
0.004
0.03
0.049
0.161
-0.003
-0.069
-0.085
-0.035
-0.085
-0.11
-0.171
0.1
-0.095
-0.089
0.118
0.122
0.051
0.034
0.111
0.156
0.056
0.003
0.03
0.024
0.011
-0.039
-0.071
-0.021
-0.246
-0.221
-0.281
-0.156
-0.482
-0.385
-0.372
-0.384
-0.481
-0.359
-0.469
-0.414
-0.401
-0.565
-0.484
-0.399
-0.385
-0.234
-0.324
-0.239
-0.184
0.03
0.048
0.004
0.083
0.106
0.006
0.214
0.219
0.124
0.147
0.168
0.25
0.131
0.089
0.061
0.143
0.129
0.065
0.271
-0.159
-0.025
0.367
0.294
0.297
0.033
0.133
0.154
0.096
0.065
0.193
0.095
0.084
0.07
-0.004
0.203
0.158
0.319
0.356
0.304
0.286
0.345
0.26
0.091
0.319
0.173
0.264
0.305
0.152
0.186
0.281
0.31
0.384
0.388
0.351
0.294
0.576
0.564
0.625
0.639
0.86
0.964
1.08
1.071
0.92
0.941
1.03
1.029
1.124
0.964
1.189
1.123
1.299
1.496
1.268
1.488
1.346
1.565
1.413
1.436
1.528
1.566
1.371
1.319
1.365
1.574
1.616
1.63
1.701
1.66
1.6
1.617
1.654
1.519
1.706
1.651
1.671
1.502
1.574
1.336
1.454
1.49
1.425
1.379
1.261
1.104
1.239
1.246
1.083
1.236
1.18
1.499
1.526
1.627
1.535
1.48
1.475
1.381
1.569
1.4
1.365
1.364
1.1
1.143
1.161
0.953
1.025
0.983
0.836
1.143
1.304
1.294
1.555
1.44
1.272
1.439
1.63
1.909
2.049
1.935
1.931
2.084
2.058
1.779
1.804
1.524
1.54
1.725
1.696
1.778
1.566
1.569
1.58
1.514
1.475
1.371
1.236
1.254
1.488
1.399
1.336
1.136
1.044
0.964
0.961
0.909
1.165
1.061
0.904
0.731
0.801
0.691
0.879
1.171
0.889
0.83
0.763
0.635
0.743
0.777
0.669
0.555
0.549
0.531
0.425
0.531
0.334
0.251
0.316
0.104
-0.054
-0.095
-0.048
-0.099
-0.122
0.077
-0.122
-0.224
-0.114
0.16
0.11
0.191
0.186
0.138
0.062
0.079
0.326
0.422
0.348
-0.011
0.166
0.371
0.329
0.409
0.069
0.316
0.154
-0.03
-0.309
-0.055
-0.001
0.048
0.186
0.175
0.035
-0.14
-0.098
-0.103
0.146
-0.135
0.143
0.149
0.301
0.369
0.381
0.516
0.703
0.546
0.465
0.284
0.314
0.395
0.245
0.276
0.226
0.143
0.19
0.144
-0.062
-0.136
-0.249
-0.22
-0.092
-0.125
-0.101
-0.326
-0.49
-0.43
-0.336
-0.371
-0.43
-0.274
-0.225
-0.15
-0.115
-0.283
-0.346
-0.398
-0.492
-0.474
-0.453
-0.301
-0.319
-0.072
0.059
0.264
0.141
0.001
-0.046
-0.089
-0.035
-0.35
-0.226
-0.234
-0.341
-0.505
-0.409
-0.199
-0.28
-0.18
-0.351
-0.398
-0.525
-0.729
-0.449
-0.479
-0.381
-0.521
-0.594
-0.309
-0.405
-0.411
-0.568
-0.716
-0.89
-0.97
-0.965
-1.188
-1.245
-1.231
-1.357
-1.265
-1.28
-1.52
-1.41
-1.384
-1.255
-1.17
-1.13
-0.943
-1.121
-1.131
-0.915
-0.864
-0.828
-0.764
-0.745
-0.724
-0.686
-0.586
-0.655
-0.705
-0.474
-0.616
-0.642
-0.456
-0.706
-0.594
-0.634
-0.496
-0.509
-0.618
-0.662
-0.706
-0.719
-0.711
-0.645
-0.634
-0.786
-0.819
-0.841
-0.664
-0.464
-0.521
-0.508
-0.487
-0.421
-0.473
-0.241
-0.271
-0.275
-0.225
-0.289
-0.299
-0.464
-0.372
-0.186
-0.118
-0.138
0.0
0.151
0.219
0.083
0.186
0.128
0.266
0.186
0.24
0.306
0.414
0.355
0.398
0.191
0.537
0.25
0.443
0.269
0.456
0.56
0.434
0.517
0.417
0.161
0.065
-0.198
-0.066
-0.331
-0.32
-0.329
-0.31
-0.105
-0.028
0.089
0.015
0.031
0.021
0.147
0.16
0.054
0.065
-0.096
-0.182
-0.09
-0.06
-0.12
0.037
-0.037
0.036
0.1
0.113
-0.03
0.064
0.075
0.061
0.003
-0.059
-0.01
-0.099
-0.114
-0.131
-0.039
-0.059
0.1
0.109
-0.111
-0.3
-0.629
-0.636
-0.547
-0.601
-0.526
-0.374
-0.31
-0.471
-0.486
-0.515
-0.311
-0.326
-0.206
-0.225
-0.198
-0.238
-0.168
-0.24
-0.294
-0.305
-0.312
-0.165
-0.143
-0.016
-0.037
-0.088
-0.166
-0.276
-0.355
-0.33
-0.394
-0.236
-0.184
-0.138
-0.12
-0.144
-0.033
-0.099
-0.139
-0.25
-0.339
-0.508
-0.719
-0.719
-0.78
-0.91
-0.881
-0.92
-1.044
-0.966
-0.978
-0.855
-0.679
-0.58
-0.566
-0.625
-0.625
-0.645
-0.621
-0.545
-0.501
-0.359
-0.409
-0.419
-0.478
-0.299
-0.114
0.007
0.245
0.321
0.401
0.349
0.461
0.453
0.405
0.393
0.254
0.234
0.316
0.389
0.614
0.573
0.716
0.888
0.845
0.988
0.796
0.859
0.743
0.86
0.802
0.79
0.82
0.776
0.738
0.61
0.456
0.378
0.305
0.205
0.236
0.141
-0.025
-0.24
-0.393
-0.738
-0.704
-0.776
-0.781
-0.819
-0.915
-0.909
-0.936
-0.83
-0.835
-0.65
-0.609
-0.776
-0.841
-0.676
-0.724
-0.729
-0.718
-0.843
-0.849
-0.591
-0.591
-0.408
-0.511
-0.336
-0.254
-0.329
-0.44
-0.299
-0.39
-0.242
-0.184
-0.209
-0.134
-0.065
0.077
0.003
-0.065
-0.069
-0.113
-0.149
-0.246
-0.171
-0.389
-0.292
-0.176
-0.096
-0.208
-0.075
-0.014
-0.006
0.066
-0.165
-0.235
-0.214
-0.12
-0.321
-0.111
-0.081
0.005
0.041
-0.02
0.15
0.136
0.121
0.105
0.05
-0.054
-0.059
-0.144
-0.29
-0.234
-0.43
-0.223
-0.236
-0.408
-0.351
-0.429
-0.273
-0.193
-0.458
-0.409
-0.328
-0.355
-0.051
0.136
0.105
0.283
0.35
0.466
0.345
0.31
0.299
0.135
0.035
-0.001
0.058
-0.083
0.007
0.074
0.14
0.111
0.109
0.121
0.089
0.171
0.083
0.094
0.133
-0.039
-0.081
-0.288
-0.441
-0.546
-0.574
-0.43
-0.296
-0.086
-0.219
-0.185
-0.071
-0.019
0.056
0.145
0.21
0.17
0.04
0.022
-0.001
0.129
0.212
0.408
0.268
0.432
0.4
0.364
0.325
0.22
0.285
0.2
0.052
0.281
0.389
0.235
0.152
0.056
0.13
0.033
0.045
0.129
0.135
0.155
-0.046
-0.107
-0.091
-0.404
-0.463
-0.367
-0.56
-0.464
-0.489
-0.32
-0.362
-0.438
-0.535
-0.514
-0.32
-0.318
-0.059
-0.094
-0.028
0.081
0.065
0.115
0.133
0.311
0.246
0.274
0.3
0.296
0.28
0.504
0.324
0.404
0.348
0.366
0.269
0.173
0.18
0.12
0.085
0.089
0.08
0.119
0.095
0.104
0.339
0.066
0.035
-0.003
-0.134
-0.269
-0.011
-0.11
-0.124
-0.075
-0.12
-0.169
-0.075
-0.307
-0.341
-0.318
-0.301
-0.291
-0.326
-0.443
-0.264
-0.154
-0.026
-0.089
-0.214
-0.278
-0.409
-0.28
-0.33
-0.32
-0.487
-0.391
-0.344
-0.441
-0.306
-0.328
-0.241
-0.312
-0.268
-0.186
-0.271
-0.416
-0.235
-0.445
-0.57
-0.456
-0.426
-0.593
-0.484
-0.481
-0.391
-0.336
-0.29
-0.241
-0.296
-0.338
-0.461
-0.388
-0.24
-0.08
-0.005
-0.115
-0.208
-0.286
-0.179
-0.251
-0.206
-0.081
-0.084
-0.04
-0.072
-0.111
-0.101
-0.059
0.125
-0.076
-0.138
-0.165
-0.16
-0.145
-0.242
-0.059
-0.011
-0.17
-0.19
-0.191
-0.288
-0.306
-0.292
-0.283
-0.251
-0.352
-0.306
-0.389
-0.385
-0.531
-0.414
-0.479
-0.604
-0.464
-0.478
-0.47
-0.531
-0.494
-0.527
-0.458
-0.529
-0.586
-0.596
-0.705
-0.61
-0.831
-0.723
-0.82
-0.828
-0.776
-0.819
-0.79
-0.772
-0.828
-0.772
-0.929
-0.645
-0.794
-0.754
-0.754
-0.601
-0.531
-0.403
-0.403
-0.391
-0.341
-0.356
-0.216
-0.241
-0.328
-0.214
-0.11
-0.03
-0.169
-0.141
-0.177
-0.109
-0.076
-0.072
-0.145
-0.065
-0.185
-0.089
0.051
0.19
0.175
0.125
0.066
0.099
-0.028
0.024
0.205
0.388
0.661
0.635
0.611
0.625
0.689
0.715
0.641
0.701
0.621
0.8
0.638
0.774
0.694
0.657
0.666
0.556
0.62
0.554
0.545
0.525
0.319
0.355
0.311
0.109
0.003
-0.052
-0.024
-0.236
-0.244
-0.189
-0.269
-0.08
-0.058
0.051
-0.015
-0.111
0.01
0.14
-0.074
-0.069
-0.086
-0.15
-0.015
-0.036
-0.124
-0.115
-0.041
-0.072
0.066
0.109
0.115
0.135
0.128
0.35
0.362
0.532
0.69
0.958
0.973
0.925
1.119
1.14
1.264
1.201
1.417
1.601
1.776
1.89
1.83
2.005
1.984
1.99
2.011
2.119
2.15
2.29
2.289
2.263
2.279
1.988
2.009
1.831
1.726
1.881
1.806
1.589
1.65
1.808
1.61
1.627
1.606
1.48
1.518
1.441
1.333
1.346
1.4
1.234
1.137
1.458
1.521
1.401
1.433
1.301
1.514
1.663
1.854
1.877
1.794
2.081
2.15
2.091
1.969
2.204
2.152
2.121
2.232
2.205
2.356
2.396
2.564
2.351
2.361
2.45
2.328
2.284
2.203
2.154
1.855
1.681
1.78
1.449
1.186
1.177
0.921
0.844
0.911
0.849
0.517
0.484
0.501
0.424
0.4
0.356
0.091
0.113
-0.181
-0.161
-0.364
-0.38
-0.28
-0.147
-0.004
0.025
0.109
0.055
0.035
0.016
-0.356
-0.333
-0.341
-0.27
-0.217
-0.511
-0.246
-0.018
-0.122
-0.255
-0.258
0.08
0.208
-0.001
-0.088
-0.045
-0.051
-0.13
-0.193
0.049
0.07
-0.094
-0.238
-0.1
0.106
-0.096
-0.292
-0.425
-0.535
-0.628
-0.33
-0.224
-0.07
0.044
0.066
0.03
0.021
-0.026
-0.036
0.045
0.083
0.384
0.356
0.561
0.63
0.761
0.777
0.696
0.851
0.995
0.936
0.954
1.068
1.066
0.565
0.611
0.642
0.725
0.649
0.721
0.43
0.526
0.385
0.455
0.456
0.319
0.056
-0.052
-0.028
0.107
0.115
-0.019
0.144
-0.019
-0.154
-0.219
-0.226
-0.11
-0.177
-0.143
-0.417
-0.343
-0.503
-0.371
-0.391
-0.419
-0.422
-0.455
-0.569
-0.479
-0.593
-0.391
-0.283
-0.275
-0.366
-0.326
-0.306
-0.266
-0.22
-0.168
-0.152
-0.059
-0.238
-0.251
-0.289
-0.338
-0.291
-0.296
-0.182
-0.432
-0.57
-0.698
-1.028
-0.964
-0.733
-0.974
-0.831
-0.835
-0.929
-0.763
-0.85
-0.812
-0.601
-0.47
-0.473
-0.357
-0.395
-0.579
-0.654
-0.524
-0.718
-0.765
-0.654
-0.674
-0.85
-0.805
-0.768
-0.736
-0.71
-0.534
-0.527
-0.519
-0.399
-0.206
-0.265
-0.233
-0.14
-0.099
-0.083
-0.007
-0.088
-0.128
-0.028
0.106
0.245
0.396
0.463
0.383
0.333
0.139
-0.124
-0.04
-0.145
-0.193
-0.091
-0.114
-0.292
-0.284
-0.351
-0.264
-0.195
-0.21
-0.292
-0.389
-0.345
-0.704
-0.554
-0.69
-0.932
-0.588
-0.781
-0.78
-0.675
-0.655
-0.623
-0.699
-0.804
-0.774
-0.651
-0.855
-0.82
-0.925
-0.941
-0.93
-0.925
-0.789
-0.755
-0.735
-0.686
-0.766
-0.656
-0.814
-0.619
-0.695
-0.532
-0.496
-0.58
-0.527
-0.391
-0.37
-0.324
-0.39
-0.559
-0.642
-0.667
-0.625
-0.43
-0.438
-0.367
-0.302
-0.266
-0.149
-0.23
-0.416
-0.443
-0.434
-0.388
-0.453
-0.522
-0.371
-0.584
-0.532
-0.499
-0.2
-0.283
-0.316
-0.315
-0.215
-0.22
-0.471
-0.295
-0.259
-0.203
-0.341
-0.263
-0.188
-0.247
-0.275
-0.306
-0.328
-0.36
-0.335
-0.26
-0.242
-0.231
-0.276
-0.114
-0.052
0.059
0.028
0.171
0.304
0.394
0.271
0.186
0.103
0.083
0.273
0.351
0.188
0.129
0.175
0.306
0.369
0.375
0.374
0.566
0.396
0.372
0.664
0.539
0.461
0.381
0.705
0.576
0.435
0.57
0.481
0.35
0.111
0.19
0.147
0.175
0.118
0.26
0.386
0.27
0.173
0.039
-0.051
-0.099
-0.225
-0.193
-0.288
-0.281
-0.23
-0.236
-0.266
-0.295
-0.348
-0.275
-0.349
-0.324
-0.399
-0.186
-0.228
-0.264
-0.014
-0.058
-0.109
-0.175
-0.004
0.044
0.265
0.143
0.125
0.231
0.035
-0.147
0.138
-0.094
-0.122
-0.233
-0.296
-0.229
-0.438
-0.556
-0.575
-0.703
-0.522
-0.463
-0.247
-0.425
-0.236
-0.325
-0.606
-0.665
-0.626
-0.445
-0.354
-0.345
-0.155
-0.175
-0.072
-0.037
0.096
0.041
0.329
0.199
0.241
0.429
0.446
0.657
0.552
0.693
0.814
0.804
0.629
0.609
0.541
0.598
0.679
0.816
0.839
0.814
0.824
0.69
0.356
0.289
0.406
0.33
0.456
0.551
0.495
0.571
0.466
0.391
0.306
-0.115
-0.059
-0.188
-0.39
-0.286
-0.545
-0.484
-0.48
-0.378
-0.236
-0.333
-0.427
-0.485
-0.5
-0.45
-0.59
-0.545
-0.684
-0.734
-0.929
-0.864
-0.959
-0.814
-0.731
-0.511
-0.536
-0.511
-0.436
-0.466
-0.379
-0.45
-0.372
-0.341
-0.226
-0.191
-0.163
-0.04
0.061
-0.022
0.014
-0.021
0.15
0.168
0.098
0.176
0.338
0.13
0.174
0.271
0.389
0.26
0.174
0.13
-0.029
-0.066
0.025
-0.079
-0.22
-0.271
-0.26
-0.384
-0.497
-0.432
-0.345
-0.198
-0.264
-0.026
0.033
0.009
-0.206
-0.388
-0.394
-0.426
-0.438
-0.519
-0.579
-0.682
-0.893
-0.856
-0.856
-0.745
-0.753
-0.816
-0.731
-0.654
-0.726
-0.677
-0.575
-0.584
-0.711
-0.948
-0.585
-0.736
-0.78
-0.616
-0.492
-0.473
-0.478
-0.348
-0.454
-0.396
-0.401
-0.473
-0.438
-0.205
-0.268
-0.374
-0.14
-0.258
-0.071
0.106
0.07
0.044
0.014
0.021
-0.223
-0.206
-0.21
-0.325
-0.405
-0.302
-0.158
-0.159
-0.217
-0.143
-0.297
-0.366
-0.496
-0.319
-0.414
-0.459
-0.551
-0.585
-0.506
-0.559
-0.557
-0.65
-0.744
-0.681
-0.676
-0.889
-0.65
-0.799
-0.801
-0.677
-0.636
-0.471
-0.224
-0.096
0.019
-0.031
-0.005
-0.098
-0.041
0.044
-0.1
-0.037
-0.195
0.055
-0.036
0.07
0.191
0.389
0.451
0.57
0.521
0.537
0.818
0.789
0.745
0.669
0.59
0.534
0.61
0.665
0.456
0.478
0.42
0.545
0.426
0.564
0.606
0.509
0.588
0.366
0.389
0.251
0.219
0.076
0.145
0.121
0.219
0.055
0.08
-0.083
-0.098
-0.19
-0.105
-0.107
-0.201
-0.356
-0.405
-0.445
-0.411
-0.443
-0.311
-0.421
-0.393
-0.109
-0.103
-0.089
0.03
0.175
0.158
0.072
-0.046
-0.089
-0.118
0.026
-0.056
-0.114
-0.147
-0.16
-0.156
-0.089
-0.15
-0.107
-0.119
-0.163
0.014
0.02
-0.077
-0.085
0.001
0.011
-0.189
-0.284
-0.333
-0.205
-0.346
-0.469
-0.614
-0.546
-0.542
-0.58
-0.516
-0.531
-0.448
-0.415
-0.383
-0.221
-0.242
-0.241
-0.245
-0.374
-0.385
-0.408
-0.565
-0.57
-0.445
-0.478
-0.534
-0.361
-0.19
-0.019
0.041
0.149
0.271
0.286
0.188
0.266
0.33
0.401
0.485
0.445
0.259
0.364
0.481
0.584
0.384
0.419
0.369
0.464
0.446
0.524
0.401
0.573
0.448
0.455
0.499
0.474
0.56
0.438
0.52
0.369
0.201
0.109
-0.016
0.155
-0.044
0.161
0.144
0.326
0.321
0.349
0.446
0.514
0.409
0.625
0.557
0.77
0.796
1.055
1.036
0.895
1.046
1.006
1.04
1.13
1.04
1.1
1.078
1.241
1.279
1.36
1.449
1.34
1.713
1.802
1.664
1.789
1.75
1.805
1.87
1.834
1.532
1.446
1.294
1.328
1.312
1.14
1.285
1.13
1.485
1.47
1.167
1.396
1.318
1.627
1.646
1.675
1.676
1.781
1.819
1.845
1.71
1.589
1.738
1.826
1.796
1.627
1.456
1.468
1.489
1.54
1.469
1.626
1.528
1.534
1.274
1.038
0.959
1.001
1.12
0.924
0.81
0.704
0.755
0.641
0.74
0.688
0.766
0.675
0.606
0.599
0.667
0.388
0.291
0.177
0.215
0.024
0.429
0.118
0.198
0.143
0.147
0.247
0.165
0.193
0.054
-0.02
0.061
0.259
0.163
0.158
0.125
0.175
0.356
0.286
0.269
0.254
0.244
0.179
0.124
0.088
0.156
0.171
0.171
0.175
0.379
0.24
0.212
0.258
-0.006
0.058
0.18
0.265
0.199
0.11
0.394
0.212
0.391
0.25
0.289
0.247
0.295
0.158
0.107
0.236
0.075
-0.101
-0.122
-0.256
-0.201
-0.206
-0.12
-0.311
-0.29
-0.338
-0.228
-0.23
-0.215
-0.189
-0.175
-0.371
-0.519
-0.516
-0.536
-0.497
-0.32
-0.39
-0.401
-0.589
-0.455
-0.521
-0.619
-0.736
-0.784
-0.415
-0.66
-0.374
-0.333
-0.319
-0.114
-0.18
-0.223
-0.146
-0.25
-0.26
-0.258
-0.284
-0.211
-0.365
-0.38
-0.504
-0.661
-0.656
-0.588
-0.956
-1.061
-1.055
-0.974
-0.784
-0.431
-0.32
-0.141
0.007
0.037
0.219
0.139
0.166
0.074
0.231
0.351
0.348
0.569
0.768
0.831
1.018
0.91
1.203
1.106
1.305
1.251
1.189
1.093
1.046
0.938
0.871
0.75
0.631
0.603
0.38
0.23
0.155
0.026
0.174
0.024
0.191
0.046
-0.033
-0.061
-0.107
-0.139
-0.374
-0.466
-0.575
-0.541
-0.556
-0.686
-0.741
-0.65
-0.863
-0.859
-1.025
-0.915
-0.965
-0.968
-0.956
-1.19
-1.185
-0.986
-1.137
-0.938
-0.929
-0.943
-1.029
-0.886
-0.705
-0.68
-0.684
-0.849
-0.907
-0.981
-0.99
-0.841
-0.938
-0.669
-0.8
-0.85
-0.904
-1.065
-1.079
-1.032
-1.058
-1.059
-0.79
-0.691
-0.688
-0.689
-0.67
-0.551
-0.539
-0.431
-0.505
-0.547
-0.51
-0.449
-0.179
-0.095
-0.158
-0.12
-0.206
0.134
0.251
0.215
0.399
0.283
0.294
0.425
0.499
0.508
0.525
0.665
0.626
0.54
0.497
0.255
0.23
0.19
-0.08
-0.025
0.059
0.15
0.04
0.156
0.046
-0.034
-0.105
-0.301
-0.419
-0.569
-0.566
-0.763
-0.669
-0.777
-0.7
-0.611
-0.676
-0.6
-0.708
-0.948
-0.945
-0.814
-1.246
-1.433
-1.245
-0.989
-0.777
-0.689
-0.659
-0.516
-0.745
-0.615
-0.39
-0.284
-0.21
-0.324
-0.288
-0.255
-0.226
-0.085
-0.071
0.124
0.116
0.113
-0.045
-0.133
-0.215
0.11
0.126
0.242
0.285
0.306
0.349
0.378
0.585
0.67
0.839
0.9
0.725
0.714
0.651
0.638
0.701
0.537
0.609
0.585
0.591
0.454
0.389
0.268
0.182
0.103
-0.029
0.263
0.256
0.451
0.179
0.066
-0.275
-0.049
-0.085
-0.285
-0.329
-0.463
-0.487
-0.593
-0.566
-0.706
-0.63
-0.666
-0.72
-0.74
-0.784
-0.628
-0.499
-0.522
-0.522
-0.765
-0.583
-0.679
-0.454
-0.36
-0.316
-0.312
-0.354
-0.13
-0.045
-0.036
-0.004
0.101
0.056
0.138
0.174
0.301
0.494
0.614
0.651
0.699
0.839
0.854
0.951
1.161
1.295
1.21
1.236
1.069
1.111
1.071
0.789
0.931
0.562
0.491
0.231
0.281
0.245
0.334
0.244
0.216
0.182
0.275
0.297
0.343
0.348
0.201
0.135
0.079
-0.076
-0.144
-0.177
-0.261
-0.383
-0.501
-0.497
-0.62
-0.696
-0.479
-0.398
-0.496
-0.46
-0.639
-0.516
-0.394
-0.301
-0.203
-0.271
-0.138
-0.126
-0.185
-0.079
-0.058
-0.279
-0.14
-0.091
-0.206
-0.273
-0.349
-0.328
-0.074
-0.145
0.072
-0.134
-0.124
-0.196
-0.107
0.064
0.09
0.139
0.151
0.033
0.005
0.177
0.135
0.058
0.094
0.14
0.145
0.146
0.059
0.086
0.011
0.046
-0.055
0.001
0.009
0.114
-0.031
-0.099
-0.084
-0.15
-0.156
-0.228
-0.405
-0.475
-0.351
-0.449
-0.581
-0.537
-0.491
-0.515
-0.646
-0.677
-0.759
-0.611
-0.554
-0.574
-0.465
-0.636
-0.656
-0.664
-0.698
-0.88
-0.841
-0.956
-0.944
-0.934
-0.646
-0.662
-0.391
-0.456
-0.129
-0.064
-0.036
-0.041
-0.086
-0.126
-0.141
0.092
0.066
0.17
0.143
-0.018
-0.05
-0.156
-0.161
-0.084
-0.055
0.09
0.019
0.028
-0.21
-0.254
-0.385
-0.486
-0.389
-0.296
-0.126
0.126
0.0
-0.143
-0.446
-0.516
-0.838
-0.645
-0.626
-0.759
-0.489
-0.52
-0.621
-0.634
-0.415
-0.743
-0.388
-0.527
-0.478
-0.479
-0.389
-0.362
-0.24
-0.291
0.029
0.018
-0.006
0.294
0.365
0.234
0.275
0.177
0.354
0.279
0.343
0.115
0.134
-0.009
-0.045
-0.143
-0.134
-0.099
-0.035
0.076
0.06
0.23
0.079
-0.085
-0.104
-0.23
-0.295
-0.231
-0.352
-0.331
-0.134
-0.136
-0.179
-0.085
-0.11
-0.045
0.088
-0.055
0.007
-0.13
-0.044
-0.19
-0.182
-0.238
-0.485
-0.309
-0.354
-0.228
-0.219
-0.18
-0.311
-0.247
-0.159
-0.231
-0.16
-0.136
-0.141
-0.033
-0.098
0.165
-0.043
0.166
0.004
0.043
-0.044
-0.034
0.173
0.169
0.289
0.195
0.258
0.135
0.104
0.188
0.465
0.557
0.716
0.645
0.654
0.556
0.593
0.454
0.439
0.366
0.326
0.194
0.259
0.361
0.381
0.242
0.355
0.307
0.435
0.594
0.555
0.656
0.569
0.436
0.299
0.224
0.309
0.256
0.264
0.173
0.325
0.206
0.125
0.088
0.037
-0.059
-0.184
-0.184
-0.302
-0.536
-0.624
-0.723
-0.581
-0.541
-0.469
-0.388
-0.176
-0.036
-0.05
-0.041
-0.024
0.195
0.208
0.3
0.35
0.307
0.45
0.468
0.393
0.385
0.436
0.31
0.354
0.378
0.464
0.378
0.259
0.106
0.058
-0.037
0.085
0.251
0.356
0.429
0.351
0.395
0.241
0.066
0.079
0.09
0.169
0.096
-0.026
-0.019
0.2
0.229
0.424
0.456
0.497
0.39
0.485
0.645
0.704
0.738
0.57
0.49
0.346
0.314
0.504
0.525
0.633
0.649
0.524
0.624
0.427
0.569
0.671
0.708
0.675
0.677
0.764
0.7
0.801
0.705
0.785
0.505
0.917
0.603
0.677
0.816
0.846
0.768
0.821
0.888
1.09
1.184
1.343
1.364
1.419
1.5
1.51
1.718
1.782
1.569
1.749
1.551
1.636
1.616
1.675
1.721
1.524
1.621
1.616
1.205
1.179
0.996
0.953
1.339
1.265
1.068
1.038
1.131
1.129
1.048
1.157
1.064
1.107
0.995
1.029
1.123
1.174
1.121
1.008
0.841
0.564
0.426
0.372
0.281
0.209
0.122
0.061
0.116
-0.035
0.013
0.299
0.3
0.273
-0.083
-0.231
-0.114
-0.356
-0.263
-0.295
-0.188
-0.2
-0.158
-0.098
0.021
0.005
0.019
0.147
0.228
0.254
0.261
0.234
0.074
0.288
0.144
0.066
0.242
0.398
0.503
0.383
0.359
0.234
0.408
0.49
0.608
0.655
0.583
0.596
0.374
0.634
0.736
0.855
0.809
1.111
0.886
0.924
0.92
0.856
1.011
0.95
0.9
0.902
0.984
0.791
1.031
0.771
0.835
0.966
0.989
1.121
1.085
1.084
0.943
0.641
0.491
0.223
0.215
0.043
0.006
-0.095
-0.175
-0.145
-0.295
-0.201
-0.55
-0.609
-0.569
-0.849
-1.034
-0.924
-1.14
-1.189
-1.414
-1.309
-1.318
-1.465
-1.366
-1.47
-1.484
-1.354
-1.391
-1.324
-1.34
-1.27
-1.188
-1.318
-1.125
-0.91
-0.656
-0.465
-0.344
-0.413
-0.346
-0.143
0.025
0.258
0.434
0.365
0.254
0.147
0.431
0.445
0.429
0.249
0.284
0.17
0.131
0.121
0.203
0.133
0.11
0.125
0.417
0.273
0.126
0.193
0.034
0.066
0.01
-0.003
-0.184
-0.379
-0.484
-0.695
-0.823
-0.935
-1.074
-1.241
-1.264
-1.274
-1.054
-1.175
-1.381
-1.319
-1.411
-1.21
-0.935
-0.776
-0.753
-0.844
-0.904
-0.935
-1.029
-1.071
-0.856
-0.874
-0.694
-0.879
-0.746
-0.579
-0.638
-0.735
-0.745
-0.756
-0.888
-0.645
-0.796
-0.814
-0.69
-0.605
-0.535
-0.383
-0.32
-0.098
0.147
0.007
-0.029
-0.147
0.071
0.048
0.08
0.081
-0.209
-0.385
-0.249
-0.343
-0.23
-0.203
-0.173
-0.215
-0.129
-0.021
-0.11
0.005
0.014
-0.036
-0.026
0.076
0.051
0.058
0.385
0.339
0.264
0.26
0.436
0.244
0.075
0.18
-0.026
0.052
-0.306
-0.118
0.0
0.062
0.231
0.304
0.198
0.294
0.284
0.297
0.184
0.294
0.456
0.383
0.429
0.529
0.456
0.388
0.441
0.326
0.338
0.27
0.009
0.154
0.244
0.176
0.325
0.259
0.251
0.521
0.416
0.444
0.325
0.469
0.455
0.367
0.384
0.32
0.203
0.107
0.1
0.062
0.115
-0.13
-0.253
-0.177
-0.261
-0.103
0.011
-0.139
-0.15
-0.295
-0.48
-10.336
-0.529
-0.652
-0.69
-0.628
-0.746
-0.638
-0.744
-0.661
-0.573
-0.356
-0.398
-0.5
-0.304
-0.247
-0.27
-0.161
-0.065
0.015
0.115
0.23
0.301
0.333
0.362
0.589
0.54
0.536
0.659
0.579
0.695
0.724
0.786
0.581
0.609
0.525
0.585
0.554
0.569
0.415
0.191
0.268
0.173
0.125
0.265
-0.064
-0.15
-0.22
-0.29
-0.336
-0.52
-0.416
-0.494
-0.496
-0.647
-0.601
-0.694
-0.575
-0.57
-0.894
-0.846
-0.714
-0.62
-0.723
-0.667
-0.67
-0.565
-0.568
-0.44
-0.414
-0.266
-0.291
-0.283
-0.103
0.195
0.545
0.638
0.677
0.768
0.718
0.77
1.01
0.943
1.214
1.193
1.22
1.251
1.29
1.036
1.046
0.961
0.864
0.906
0.714
0.733
0.571
0.596
0.461
0.389
0.355
0.344
0.304
0.04
0.028
-0.091
-0.144
0.028
-0.14
-0.264
-0.366
-0.401
-0.506
-0.787
-0.816
-0.891
-0.777
-0.641
-0.659
-0.677
-0.677
-0.74
-0.739
-0.726
-0.708
-0.494
-0.432
-0.504
-0.449
-0.426
-0.47
-0.546
-0.733
-0.646
-0.786
-0.674
-0.833
-0.71
-0.517
-0.486
-0.367
-0.435
-0.51
-0.542
-0.465
-0.335
-0.334
-0.286
-0.224
-0.145
-0.018
0.083
-0.021
-0.035
-0.331
-0.53
-0.644
-0.751
-0.606
-0.848
-0.823
-0.936
-1.052
-0.97
-1.05
-0.829
-0.858
-0.897
-0.759
-0.706
-0.765
-0.696
-0.487
-0.426
-0.394
-0.411
-0.235
-0.159
-0.049
-0.135
-0.009
0.061
0.436
0.58
0.576
0.589
0.73
0.896
0.944
0.965
0.959
1.083
1.175
1.008
1.028
0.929
0.911
0.764
0.596
0.58
0.506
0.36
0.146
0.069
-0.1
-0.355
-0.256
-0.408
-0.565
-0.634
-0.87
-0.958
-1.0
-1.034
-1.269
-1.356
-1.29
-1.32
-1.249
-1.274
-1.084
-0.818
-0.926
-0.539
-0.454
-0.32
-0.249
-0.164
-0.297
-0.086
-0.036
0.026
0.031
-0.043
-0.305
-0.254
-0.196
0.003
-0.016
0.107
0.005
0.095
0.196
0.149
0.269
0.273
0.42
0.208
0.113
0.046
0.089
0.106
-0.107
-0.181
-0.413
-0.415
-0.481
-0.338
-0.278
-0.335
-0.169
-0.009
0.239
0.079
0.235
0.299
0.545
0.529
0.623
0.693
0.619
0.633
0.598
0.495
0.559
0.594
0.564
0.421
0.55
0.55
0.679
0.599
0.624
0.491
0.451
0.403
0.329
0.129
-0.009
-0.205
-0.168
-0.233
-0.359
-0.399
-0.443
-0.411
-0.255
-0.106
-0.064
0.001
-0.011
0.292
0.174
-0.026
-0.025
-0.27
-0.238
-0.35
-0.361
-0.297
-0.47
-0.379
-0.36
-0.348
-0.331
-0.544
-0.588
-0.629
-0.636
-0.685
-0.72
-0.883
-0.776
-0.806
-0.657
-0.537
-0.413
-0.542
-0.618
-0.642
-0.706
-0.849
-0.912
-0.896
-1.123
-1.095
-1.107
-1.121
-1.083
-1.054
-1.154
-1.155
-1.113
-0.969
-0.934
-0.812
-0.621
-0.726
-0.802
-0.946
-0.787
-0.708
-0.481
-0.294
-0.095
0.121
0.369
0.4
0.441
0.74
0.77
0.975
1.151
1.08
1.224
1.356
1.571
1.703
1.84
2.0
1.956
2.042
2.104
2.101
2.119
1.915
1.954
1.704
1.99
1.841
1.831
1.866
2.035
2.144
2.089
1.899
1.906
2.009
2.041
1.843
1.834
1.69
1.637
1.569
1.328
1.456
1.27
1.025
0.9
0.694
0.76
0.856
0.806
0.804
0.739
0.745
0.62
0.605
0.705
0.693
0.77
1.008
0.944
0.87
1.05
1.089
1.308
1.41
1.299
1.331
1.265
1.494
1.586
1.598
1.505
1.319
1.314
1.183
1.119
1.107
1.004
0.848
0.906
0.846
0.59
0.306
0.055
0.015
-0.215
-0.176
-0.28
-0.286
-0.182
-0.241
-0.244
-0.124
-0.24
-0.131
-0.234
-0.301
-0.361
-0.341
-0.039
0.051
0.194
0.24
0.306
0.211
0.256
0.344
0.49
0.659
0.859
1.039
0.984
0.873
0.96
0.88
0.829
0.821
0.751
0.831
0.672
0.542
0.642
0.521
0.644
0.524
0.239
0.203
0.124
0.141
-0.196
-0.07
-0.156
-0.074
-0.028
-0.345
-0.326
-0.414
-0.372
-0.343
-0.371
-0.221
0.052
0.307
0.028
0.043
0.139
-0.301
-0.107
-0.086
0.126
0.071
0.106
0.23
0.255
0.25
0.309
0.706
0.733
0.825
0.728
0.59
0.581
0.315
0.255
0.281
0.354
0.258
0.238
0.169
0.294
0.103
0.239
0.214
0.214
0.096
0.084
0.003
-0.07
-0.411
-0.458
-0.6
-0.739
-0.724
-0.645
-0.626
-0.629
-0.598
-0.734
-0.652
-0.675
-0.626
-0.652
-0.725
-0.441
-0.63
-0.475
-0.244
-0.151
0.014
-0.026
0.109
-0.098
0.02
-0.031
-0.043
-0.052
-0.165
0.147
0.216
-0.033
-0.1
0.143
0.226
0.071
0.245
0.35
0.438
0.581
0.234
0.211
-0.06
0.016
0.019
0.138
-0.049
-0.194
-0.27
-0.14
-0.4
-0.414
-0.453
-0.522
-0.464
-0.59
-0.569
-0.566
-0.695
-0.591
-0.568
-0.454
-0.532
-0.521
-0.546
-0.522
-0.624
-0.721
-0.714
-0.758
-0.716
-0.72
-0.861
-0.779
-0.782
-0.504
-0.463
-0.356
-0.396
-0.281
-0.362
-0.318
-0.618
-0.549
-0.371
-0.422
-0.344
-0.634
-0.715
-0.631
-0.83
-1.002
-0.743
-1.024
-1.08
-1.26
-1.371
-1.389
-1.375
-1.414
-1.282
-1.229
-1.369
-1.351
-1.419
-1.484
-1.374
-1.329
-1.304
-1.174
-1.183
-1.091
-0.869
-0.95
-0.755
-0.797
-0.576
-0.671
-0.718
-0.749
-0.768
-0.801
-0.896
-0.868
-0.6
-0.562
-0.348
-0.375
-0.432
-0.429
-0.453
-0.396
-0.312
-0.291
-0.286
-0.026
-0.17
-0.138
-0.145
-0.129
-0.139
-0.326
-0.284
-0.375
-0.229
-0.557
-0.628
-0.595
-0.531
-0.444
-0.466
-0.473
-0.426
-0.755
-0.644
-0.499
-0.639
-0.73
-0.623
-0.655
-0.69
-0.506
-0.51
-0.424
-0.301
-0.003
0.186
0.242
0.414
0.545
0.826
0.939
0.861
0.812
0.674
0.889
0.92
0.751
0.831
0.921
0.647
0.487
0.335
0.254
0.105
-0.177
-0.071
-0.161
-0.245
-0.312
-0.196
-0.29
-0.27
-0.072
-0.028
0.12
0.186
0.02
0.059
-0.036
0.009
0.098
0.163
0.045
0.246
0.011
0.02
-0.088
-0.1
-0.286
-0.28
0.077
-0.025
0.124
0.198
0.111
0.1
-0.003
0.04
0.006
0.086
0.005
-0.011
0.182
0.215
0.324
0.406
0.306
0.321
0.395
0.549
0.288
0.356
0.299
0.294
0.399
0.409
0.451
0.445
0.655
0.88
0.806
0.97
0.875
0.936
1.051
1.018
0.935
0.879
0.715
0.638
0.517
0.559
0.225
0.11
-0.029
-0.016
-0.069
0.054
0.104
-0.034
0.025
-0.223
-0.33
-0.554
-0.396
-0.242
-0.351
-0.245
-0.286
-0.436
-0.348
-0.17
-0.184
-0.229
-0.096
-0.043
0.041
0.022
0.113
0.165
0.2
0.241
0.285
0.273
0.219
0.348
0.143
-0.035
0.147
0.155
0.165
0.092
0.031
0.026
0.141
0.092
0.072
-0.085
-0.219
-0.321
-0.173
0.009
-0.174
-0.046
-0.233
-0.199
-0.263
-0.143
0.004
0.028
0.245
0.079
0.08
0.107
0.193
0.161
-0.111
0.101
-0.055
-0.081
-0.003
0.006
-0.124
-0.099
-0.085
0.061
0.215
0.133
0.159
0.225
0.2
0.138
0.158
0.242
0.174
0.389
0.26
0.344
0.375
0.456
0.474
0.586
0.624
0.491
0.444
0.521
0.279
0.292
0.297
0.29
0.39
0.364
0.301
0.239
0.225
0.328
0.291
0.366
0.383
0.266
0.474
0.386
0.511
0.372
0.451
0.48
0.489
0.519
0.522
0.446
0.421
0.562
0.591
0.611
0.503
0.351
0.415
0.346
0.369
0.391
0.319
0.229
0.099
0.034
-0.048
-0.224
-0.319
-0.399
-0.651
-0.728
-0.814
-0.971
-1.048
-0.905
-0.98
-1.107
-0.846
-0.804
-0.92
-0.836
-0.799
-0.731
-0.864
-0.812
-0.816
-0.743
-0.743
-0.939
-0.924
-1.115
-1.164
-1.119
-1.145
-1.114
-1.004
-1.101
-0.871
-0.945
-0.746
-0.57
-0.51
-0.403
-0.199
-0.098
-0.145
-0.206
-0.134
-0.161
-0.098
-0.15
-0.179
-0.199
-0.021
0.007
0.158
0.121
-0.025
-0.198
-0.288
-0.391
-0.4
-0.326
-0.229
-0.188
-0.258
-0.212
-0.246
-0.31
-0.138
-0.171
-0.215
-0.141
-0.331
-0.361
-0.304
-0.27
-0.279
-0.275
-0.335
-0.299
-0.319
-0.321
-0.281
-0.206
-0.25
-0.349
-0.475
-0.797
-0.72
-0.726
-0.635
-0.57
-0.677
-0.589
-0.609
-0.695
-0.569
-0.403
-0.225
-0.136
0.103
0.383
0.55
0.659
0.506
0.922
0.879
0.905
0.932
0.885
0.901
0.843
0.875
0.733
0.726
0.749
0.84
0.851
0.714
0.625
0.604
0.672
0.51
0.499
0.682
0.736
0.713
0.536
0.584
0.489
0.443
0.584
0.526
0.79
0.674
0.794
0.759
0.769
0.656
0.826
0.969
1.088
1.14
1.075
1.308
1.136
1.009
1.051
1.071
1.13
1.238
1.4
1.47
1.58
1.705
1.498
1.389
1.453
1.571
1.552
1.636
1.741
1.788
1.931
1.816
1.695
1.659
1.666
1.495
1.45
1.351
1.409
1.387
1.444
1.395
1.433
1.531
1.407
1.036
0.936
0.88
0.759
0.491
0.63
0.81
0.954
0.95
0.865
0.912
0.961
0.814
0.853
0.75
0.691
0.574
0.494
0.492
0.451
0.547
0.771
0.795
0.921
1.141
1.183
1.404
1.279
1.169
0.86
0.743
0.883
0.74
0.781
0.565
0.598
0.266
0.176
0.138
0.0
0.124
-0.041
-0.04
0.007
0.048
-0.198
-0.376
-0.404
-0.305
-0.354
-0.175
-0.466
-0.446
-0.489
-0.574
-0.274
-0.23
-0.234
-0.265
-0.203
-0.139
-0.201
-0.15
0.121
-0.171
-0.331
-0.268
-0.315
-0.113
-0.181
-0.075
-0.016
0.007
0.176
0.145
0.258
0.405
0.569
0.912
0.899
0.87
0.791
0.866
0.976
0.881
0.9
0.795
0.849
0.954
0.989
0.94
0.931
0.77
0.959
0.922
0.985
1.001
1.011
1.051
0.893
1.059
1.03
1.106
0.983
0.939
0.986
1.049
1.086
1.275
1.229
1.258
1.312
1.198
0.98
0.753
0.745
0.769
0.679
0.565
0.466
0.297
0.229
0.249
0.258
0.106
0.098
-0.013
-0.143
-0.27
-0.299
-0.374
-0.6
-0.616
-0.799
-1.041
-1.161
-1.375
-1.673
-1.74
-1.772
-1.714
-1.681
-1.806
-1.665
-1.889
-1.891
-1.704
-1.6
-1.512
-1.43
-1.364
-1.188
-1.21
-1.116
-1.031
-0.905
-0.859
-10.336
-0.993
-1.179
-1.065
-0.915
-0.578
-0.644
-0.505
-0.383
-0.484
-0.29
-0.283
0.015
0.12
0.136
0.181
0.343
0.586
0.625
0.861
0.791
0.792
0.856
0.774
0.676
0.595
0.458
0.701
0.647
0.801
0.823
0.586
0.545
0.54
0.449
0.524
0.647
0.241
0.12
0.125
-0.051
-0.113
-0.166
-0.113
-0.198
-0.398
-0.468
-0.346
-0.664
-0.515
-0.445
-0.55
-0.73
-0.816
-0.838
-1.012
-1.11
-1.367
-1.397
-1.296
-1.395
-1.299
-1.17
-0.759
-0.674
-0.759
-0.955
-1.006
-1.068
-0.834
-0.926
-0.888
-0.935
-0.89
-0.948
-0.949
-0.694
-0.554
-0.55
-0.425
-0.36
-0.471
-0.343
-0.438
-0.578
-0.671
-0.384
-0.539
-0.751
-0.758
-0.769
-0.805
-0.819
-1.071
-1.226
-1.193
-0.954
-0.873
-0.766
-0.899
-0.664
-0.669
-0.75
-0.629
-0.535
-0.48
-0.541
-0.458
-0.155
-0.026
-0.016
0.048
0.058
0.13
0.169
-0.091
