-0.214
-0.275
-0.561
-0.499
-0.529
-0.547
-0.378
-0.531
-0.376
-0.234
-0.434
-0.186
-0.711
-0.68
-0.69
-0.609
-0.66
-0.531
-0.529
-0.509
-0.236
-0.388
-0.326
-0.307
-0.32
-0.399
-0.27
-0.176
-0.209
-0.007
-0.054
0.088
-0.04
-0.054
0.003
-0.065
-0.013
-0.221
-0.194
-0.233
-0.326
-0.246
-0.31
-0.33
-0.196
-0.026
-0.09
-0.096
-0.034
0.074
0.041
-0.007
-0.11
-0.161
-0.003
-0.147
-0.09
-0.016
-0.061
-0.1
-0.103
-0.065
-0.215
-0.095
-0.019
-0.009
-0.059
-0.143
-0.03
-0.009
0.022
0.052
-0.179
-0.084
-0.076
0.344
0.265
0.228
0.33
0.244
0.152
-0.115
0.08
-0.155
-0.088
-0.302
-0.334
-0.251
-0.451
-0.446
-0.64
-0.549
-0.645
-0.735
-0.864
-1.059
-1.103
-1.224
-1.286
-1.461
-1.459
-1.552
-1.438
-1.231
-1.306
-1.133
-1.014
-0.901
-0.934
-0.994
-0.83
-0.691
-0.651
-0.537
-0.391
-0.171
-0.094
0.085
0.152
0.339
0.618
0.63
0.654
0.745
0.649
0.497
0.729
0.535
0.411
0.221
0.215
0.188
0.061
-0.121
0.062
0.164
-0.014
0.114
0.035
0.103
-0.361
-0.786
-0.92
-1.04
-0.993
-1.036
-0.912
-0.784
-0.896
-0.756
-0.655
-0.511
-0.355
-0.324
-0.315
-0.072
-0.095
-0.013
-0.131
-0.19
0.014
0.223
0.348
0.323
0.359
0.231
0.173
0.133
0.088
-0.084
-0.12
-0.184
0.024
-0.421
-0.361
-0.366
-0.435
-0.534
-0.62
-0.571
-0.379
-0.496
-0.259
-0.301
-0.417
-0.118
-0.151
-0.217
0.092
0.259
0.304
0.478
0.521
0.67
0.631
0.659
0.735
0.949
1.021
1.292
1.305
1.296
1.439
1.11
0.998
0.656
0.478
0.516
0.471
0.336
0.51
0.67
0.854
0.876
0.946
0.777
0.77
0.487
0.478
0.426
0.461
0.288
0.099
-0.088
-0.13
-0.041
0.051
0.039
-0.03
0.056
0.221
-0.139
-0.14
-0.269
-0.163
-0.118
-0.179
-0.041
-0.059
0.026
-0.21
-0.154
-0.199
-0.276
-0.23
-0.07
0.083
-0.019
-0.221
-0.156
-0.152
-0.531
-0.573
-0.628
-0.568
-0.701
-0.579
-0.51
-0.506
-0.399
-0.454
-0.286
-0.315
-0.321
-0.351
-0.432
-0.436
-0.396
-0.399
-0.416
-0.284
-0.403
-0.274
-0.456
-0.555
-0.443
-0.339
-0.249
-0.356
-0.309
-0.156
0.052
0.152
0.168
0.021
-0.062
-0.045
-0.113
-0.035
-0.007
0.077
0.179
0.141
0.09
0.161
-0.045
-0.029
-0.171
-0.23
-0.124
-0.146
-0.107
0.059
0.185
0.385
0.386
0.266
0.453
0.386
0.301
0.351
0.233
0.256
0.23
0.16
0.184
0.095
0.171
0.261
0.181
0.269
0.099
0.105
-0.054
-0.079
-0.134
-0.365
-0.539
-0.796
-0.834
-0.795
-0.713
-0.772
-0.749
-0.705
-0.768
-0.544
-0.574
-0.469
-0.361
-0.435
-0.458
-0.605
-0.797
-0.897
-0.961
-1.06
-0.927
-0.82
-0.801
-0.621
-0.568
-0.435
-0.427
-0.374
-0.328
-0.315
-0.438
-0.336
-0.188
-0.276
-0.268
-0.096
-0.086
-0.121
-0.349
-0.403
-0.546
-0.486
-0.565
-0.289
-0.425
-0.495
-0.761
-0.701
-0.855
-1.0
-0.761
-0.667
-0.81
-0.551
-0.656
-0.599
-0.43
-0.491
-0.429
-0.245
-0.005
0.024
0.228
0.258
0.334
0.364
0.341
0.684
0.825
1.157
1.356
1.19
1.44
1.509
1.459
1.54
1.529
1.499
1.552
1.691
1.598
1.361
1.318
1.211
1.213
0.897
0.988
0.797
0.662
0.519
0.497
0.439
0.219
0.336
0.116
0.045
0.113
0.07
0.334
0.328
0.399
0.429
0.203
0.253
0.193
0.118
0.177
0.061
0.2
0.113
0.35
0.463
0.585
0.761
0.794
1.021
0.949
0.973
0.994
0.951
1.126
1.078
1.219
1.009
1.015
0.693
0.768
0.7
0.633
0.59
0.527
0.63
0.33
0.254
0.275
0.296
0.295
0.139
0.264
0.164
0.194
-0.02
-0.064
0.367
0.099
0.118
-0.003
0.211
0.372
0.345
0.501
0.819
0.719
1.055
1.051
1.204
1.189
1.242
1.458
1.387
1.328
1.496
1.524
1.351
1.356
1.387
1.292
1.078
1.225
1.191
1.359
1.281
1.005
1.239
1.209
1.141
0.845
0.764
0.623
0.694
0.635
0.501
0.414
0.33
0.249
0.23
0.478
0.541
0.66
0.681
0.631
1.021
0.818
1.115
0.694
1.058
1.179
1.103
1.149
1.249
1.229
1.129
0.758
0.876
0.846
0.799
0.714
0.863
0.804
0.893
0.828
0.66
0.674
0.542
0.636
0.436
0.278
0.094
-0.121
-0.195
-0.152
-0.425
-0.265
-0.35
-0.36
-0.453
-0.378
-0.156
0.037
-0.051
-0.215
-0.03
-0.33
-0.265
-0.209
-0.2
-0.136
-0.26
-0.201
-0.307
-0.241
-0.438
-0.473
-0.2
-0.534
-0.611
-0.535
-0.496
-0.475
-0.461
-0.537
-0.263
-0.106
-0.103
-0.15
-0.191
0.041
0.129
0.154
0.425
0.276
0.482
0.586
0.436
0.443
0.464
0.251
0.247
0.349
0.526
0.55
0.439
0.574
0.72
0.641
0.667
0.464
0.619
0.541
0.504
0.606
0.63
0.624
0.784
0.638
0.573
0.495
0.359
0.219
0.111
0.13
-0.081
-0.015
0.122
-0.009
0.088
-0.029
-0.15
-0.379
-0.491
-0.489
-0.59
-0.619
-0.501
-0.395
-0.473
-0.386
-0.426
-0.554
-0.444
-0.576
-0.546
-0.264
-0.228
-0.014
-0.058
-0.219
-0.362
-0.155
-0.194
-0.061
-0.044
0.071
0.065
0.175
0.198
-0.101
-0.13
-0.154
-0.341
-0.193
0.161
0.083
0.033
0.029
0.06
-0.025
0.077
-0.088
-0.099
0.024
-0.211
-0.266
-0.224
-0.598
-0.754
-0.547
-0.599
-0.331
-0.289
-0.335
-0.463
-0.705
-0.608
-0.644
-0.619
-0.672
-0.629
-0.654
-0.675
-0.583
-0.641
-0.53
-0.38
-0.319
-0.432
-0.288
-0.217
-0.374
-0.186
-0.552
-0.495
-0.482
-0.525
-0.413
-0.409
-0.312
-0.266
-0.194
0.049
-0.128
0.009
0.054
0.046
-0.147
-0.208
-0.261
-0.198
-0.311
-0.249
-0.279
-0.36
-0.443
-0.354
-0.311
-0.288
-0.369
-0.44
-0.305
-0.238
-0.276
-0.064
-0.143
-0.205
-0.22
-0.335
-0.364
-0.458
-0.51
-0.6
-0.699
-0.588
-0.466
-0.311
-0.256
-0.235
-0.158
-0.122
-0.022
-0.169
-0.096
-0.359
-0.681
-0.634
-0.659
-0.611
-0.677
-0.611
-0.661
-0.794
-0.611
-0.73
-0.729
-0.662
-0.645
-0.578
-0.659
-0.603
-0.718
-0.459
-0.478
-0.191
-0.509
-0.365
-0.435
-0.448
-0.561
-0.44
-0.519
-0.557
-0.338
-0.26
-0.338
-0.32
-0.181
-0.254
-0.138
0.138
0.099
-0.018
-0.159
-0.039
-0.173
-0.125
-0.16
-0.105
-0.092
-0.055
0.179
0.17
0.065
0.388
0.31
0.421
0.284
0.255
0.354
0.288
0.212
0.281
0.015
0.061
-0.126
-0.291
-0.361
-0.399
-0.512
-0.62
-0.501
-0.376
-0.291
-0.4
-0.396
-0.188
-0.325
-0.478
-0.473
-0.552
-0.4
-0.646
-0.527
-0.564
-0.312
0.064
0.094
-0.006
0.052
-0.035
-0.141
0.031
-0.114
-0.021
0.089
-0.009
0.201
0.198
0.395
0.686
0.624
0.681
0.396
0.315
0.263
0.163
0.019
-0.212
-0.201
-0.075
-0.075
0.03
0.203
0.069
0.022
0.004
0.036
-0.006
0.104
0.201
0.175
0.14
0.138
0.343
0.19
0.32
0.361
0.185
0.33
0.185
0.451
0.438
0.46
0.51
0.56
0.84
0.854
0.86
1.074
1.005
0.849
1.005
0.983
0.996
0.965
0.949
0.883
0.79
0.574
0.33
0.247
0.205
0.16
-0.096
-0.004
-0.186
-0.294
-0.18
-0.109
-0.145
-0.174
-0.009
-0.045
-0.143
-0.125
-0.122
-0.173
-0.286
-0.309
-0.324
-0.401
-0.581
-0.594
-0.594
-0.55
-0.492
-0.623
-0.801
-0.719
-0.676
-0.509
-0.618
-0.679
-0.659
-0.703
-0.739
-0.666
-0.671
-0.565
-0.48
-0.384
-0.311
-0.346
-0.413
-0.292
-0.334
-0.029
0.051
0.155
0.288
0.271
0.366
0.205
0.324
0.052
0.025
0.235
0.263
0.168
0.259
0.179
-0.015
-0.135
-0.177
-0.329
-0.443
-0.339
-0.438
-0.179
-0.369
-0.449
-0.618
-0.807
-0.77
-0.995
-0.729
-0.873
-1.042
-1.154
-1.115
-0.985
-0.838
-0.911
-1.109
-1.08
-1.039
-0.728
-0.623
-0.46
-0.3
-0.261
-0.05
-0.039
0.352
0.376
0.33
0.51
0.629
0.73
0.819
0.836
1.22
0.969
0.894
1.016
1.106
1.271
1.31
1.373
1.229
1.079
1.111
1.022
1.23
1.059
0.965
0.77
0.826
0.766
0.699
0.414
0.351
0.355
0.355
0.177
0.235
0.193
0.285
0.23
0.283
0.413
0.302
0.164
0.234
0.011
-0.025
0.276
0.432
0.386
0.526
0.559
0.636
0.631
0.625
0.57
0.62
0.586
0.425
0.242
0.199
0.125
0.194
0.105
0.3
0.458
0.542
0.705
0.481
0.372
0.414
0.444
0.331
0.285
0.335
0.396
0.328
0.586
0.594
0.555
0.724
0.804
0.859
0.838
0.921
0.75
0.634
0.698
0.661
0.699
0.713
0.814
0.796
0.978
0.816
0.795
0.865
0.693
0.779
0.772
0.805
0.826
0.819
0.895
1.295
1.357
1.434
1.59
1.438
1.286
1.343
1.31
1.502
1.479
1.281
1.211
1.143
1.096
0.959
1.046
0.854
0.869
1.035
0.915
0.991
0.91
0.829
0.953
1.123
0.931
0.754
0.42
0.517
0.396
0.266
0.229
0.18
-0.111
-0.301
-0.413
-0.431
-0.357
-0.138
-0.365
-0.129
-0.016
-0.156
-0.334
-0.32
0.006
-0.094
-0.189
0.059
0.031
0.203
0.454
0.284
0.3
0.143
0.259
0.116
0.103
0.289
0.2
0.413
0.716
0.583
0.633
0.38
0.318
0.15
0.276
0.22
0.231
0.095
-0.001
-0.146
-0.264
-0.367
-0.223
-0.309
-0.049
0.034
0.174
0.297
-0.091
-0.128
-0.125
-0.535
-0.236
-0.359
-0.414
-0.408
-0.57
-0.714
-0.682
-0.604
-0.499
-0.649
-0.264
-0.411
-0.564
-0.388
-0.508
-0.535
-0.569
-0.604
-0.544
-0.48
-0.51
-0.49
-0.393
-0.661
-0.514
-0.576
-0.514
-0.46
-0.509
-0.616
-0.535
-0.378
-0.446
-0.42
-0.349
-0.246
-0.233
-0.235
0.028
-0.006
-0.1
-0.081
-0.203
-0.233
-0.24
-0.27
-0.295
-0.113
-0.131
-0.307
-0.186
0.034
0.1
0.077
0.286
0.241
0.399
0.425
0.455
0.32
0.266
0.3
0.23
0.08
-0.052
0.104
0.226
0.139
0.135
0.136
0.241
0.094
0.175
-0.12
0.077
-0.075
-0.006
-0.173
-0.176
-0.135
-0.234
-0.155
-0.341
-0.645
-0.782
-0.78
-0.579
-0.902
-0.75
-0.519
-0.596
-0.804
-0.9
-0.927
-0.893
-0.912
-0.802
-0.828
-0.711
-0.927
-0.826
-0.9
-0.821
-0.662
-0.659
-0.491
-0.37
-0.176
-0.094
-0.145
-0.234
-0.544
-0.736
-0.579
-0.522
-0.672
-0.76
-0.659
-0.599
-0.619
-0.922
-0.866
-0.869
-0.855
-0.975
-0.979
-1.028
-1.222
-1.272
-1.282
-1.124
-1.055
-0.866
-0.703
-0.775
-0.729
-0.532
-0.439
-0.571
-0.464
-0.596
-0.256
-0.315
-0.194
-0.122
0.025
-0.099
0.106
-0.03
-0.115
0.191
0.346
0.359
0.345
0.399
0.299
0.302
0.24
0.136
0.026
-0.114
-0.234
-0.122
-0.125
0.058
-0.01
-0.128
-0.115
-0.352
-0.22
-0.221
-0.055
-0.07
-0.051
0.043
0.007
0.049
0.004
0.134
0.161
0.445
0.639
0.449
0.453
0.667
0.708
0.749
0.893
0.825
0.703
0.763
0.635
0.471
0.338
0.241
0.155
0.098
-0.134
0.09
-0.19
-0.366
-0.466
-0.524
-0.473
-0.36
-0.425
-0.416
-0.335
-0.559
-0.361
-0.375
-0.385
-0.323
-0.321
-0.241
-0.189
-0.096
0.072
0.019
-0.124
-0.163
-0.096
-0.221
-0.005
-0.191
-0.193
0.028
0.175
0.109
-0.006
0.275
0.351
0.268
0.251
0.32
0.355
0.171
0.211
0.276
0.105
-0.113
-0.221
-0.241
-0.374
-0.341
-0.49
-0.796
-0.623
-0.836
-1.114
-0.975
-1.095
-1.058
-1.076
-1.173
-1.244
-1.295
-1.324
-1.245
-1.306
-1.165
-1.05
-0.871
-0.888
-0.749
-0.731
-0.674
-0.698
-0.497
-0.409
-0.352
-0.12
-0.163
-0.234
-0.209
-0.289
-0.156
-0.177
-0.001
0.031
0.269
0.109
-0.039
0.129
-0.018
-0.181
-0.135
-0.046
-0.086
-0.228
-0.226
-0.085
-0.159
-0.107
-0.128
-0.133
-0.152
-0.156
0.081
0.079
0.085
-0.106
0.019
0.175
0.312
0.534
0.789
0.823
0.705
0.631
0.323
0.361
0.246
0.256
0.092
0.044
0.074
0.04
0.219
0.205
-0.096
-0.188
-0.186
-0.53
-0.323
-0.52
-0.51
-0.299
-0.276
-0.217
-0.07
-0.045
-0.018
0.08
0.311
0.264
0.531
0.614
0.435
0.401
0.448
0.435
0.268
0.39
0.206
0.21
0.09
0.05
0.141
-0.113
-0.081
-0.184
-0.31
-0.411
-0.369
-0.521
-0.588
-0.65
-0.526
-0.474
-0.611
-0.271
-0.065
0.076
0.229
0.36
0.478
0.566
0.624
0.616
0.66
0.659
0.698
0.705
0.62
0.662
0.794
0.782
0.755
1.11
0.955
0.983
1.143
1.068
1.025
1.185
0.934
1.0
1.039
1.025
1.076
1.031
1.044
0.981
1.05
0.974
0.731
0.728
0.815
0.424
0.357
0.41
0.574
0.646
0.539
0.53
0.512
0.526
0.469
0.424
0.569
0.482
0.473
0.333
0.155
0.129
0.141
0.212
0.143
0.32
0.179
0.165
0.23
-0.019
0.019
0.149
0.141
0.05
0.004
0.173
0.221
0.211
0.315
0.441
0.394
0.499
0.581
0.861
0.93
1.046
1.139
1.05
1.097
1.076
1.177
1.475
1.312
1.459
1.48
1.12
1.066
0.866
0.726
0.812
0.853
0.733
0.966
0.811
0.718
0.509
0.611
0.608
0.64
0.734
0.806
0.905
1.01
1.144
1.001
1.032
1.081
1.225
1.32
1.136
1.205
1.235
1.219
1.371
1.443
1.484
1.37
1.203
1.129
1.232
1.403
1.396
1.338
1.226
1.309
1.262
1.001
0.922
1.028
0.976
0.839
0.915
1.181
0.949
1.103
0.888
0.652
0.365
0.37
0.161
0.077
-0.158
-0.326
-0.331
-0.088
0.256
-0.045
-0.193
-0.088
-0.163
-0.446
-0.604
-0.415
-0.255
-0.163
-0.372
-0.255
-0.128
-0.318
-0.051
-0.212
-0.111
0.066
0.211
0.034
0.094
0.278
0.281
0.3
0.24
0.362
0.451
0.417
0.089
0.028
-0.06
-0.274
-0.411
-0.344
-0.489
-0.495
-0.504
-0.547
-0.671
-0.618
-1.042
-1.059
-1.135
-0.902
-0.871
-0.792
-0.995
-0.787
-0.761
-0.706
-0.723
-0.519
-0.478
-0.534
-0.556
-0.239
-0.212
-0.174
-0.176
-0.079
0.052
0.048
0.371
0.274
0.083
0.156
0.435
0.734
0.574
0.504
0.391
0.315
0.288
0.217
0.226
0.194
0.333
0.349
0.3
0.25
0.071
0.169
-0.015
-0.005
-0.029
-0.1
0.034
-0.08
0.176
0.25
-0.09
-0.131
-0.346
-0.292
-0.54
-0.278
-0.529
-0.677
-0.671
-0.679
-0.591
-0.405
-0.256
-0.315
-0.429
-0.459
-0.328
-0.33
-0.249
-0.284
-0.238
-0.269
-0.388
0.051
-0.058
0.163
0.217
0.114
0.198
0.101
0.135
0.065
0.106
0.17
0.435
0.485
0.675
0.641
0.615
0.603
0.671
0.586
0.65
0.571
0.44
0.47
0.409
0.37
0.468
0.205
-0.011
-0.247
-0.116
-0.168
-0.514
-0.63
-0.517
-0.484
-0.348
-0.601
-0.754
-0.939
-0.846
-0.556
-0.833
-0.899
-0.864
-0.917
-1.071
-1.116
-1.045
-1.181
-1.134
-1.299
-1.121
-1.105
-1.039
-0.963
-0.861
-0.869
-0.917
-0.973
-0.804
-0.665
-0.878
-0.691
-0.715
-0.674
-0.598
-0.432
-0.595
-0.623
-0.585
-0.624
-0.549
-0.529
-0.396
-0.349
-0.251
-0.104
-0.175
-0.31
-0.424
-0.226
-0.02
-0.107
0.092
0.184
0.323
-0.007
0.026
0.146
0.089
0.352
0.25
0.161
0.133
0.143
0.198
0.014
0.173
0.004
0.021
0.388
0.185
0.111
0.17
0.125
-0.116
-0.17
-0.333
-0.268
-0.205
-0.221
-0.224
-0.395
-0.295
-0.189
-0.266
-0.164
-0.022
-0.046
-0.221
-0.04
-0.292
0.054
0.166
0.176
0.409
0.258
0.116
0.058
0.044
0.088
0.158
0.17
0.055
0.138
0.048
-0.043
-0.045
0.152
0.319
0.41
0.679
0.652
0.601
0.564
0.638
0.478
0.636
0.75
0.807
0.448
0.275
0.171
0.111
0.179
0.18
0.122
0.333
0.189
0.295
0.485
0.455
0.266
0.011
-0.126
-0.24
-0.661
-0.539
-0.586
-0.645
-0.499
-0.556
-0.68
-0.589
-0.719
-0.85
-0.636
-0.671
-0.839
-0.79
-0.888
-0.751
-0.703
-0.645
-0.711
-0.662
-0.864
-0.726
-0.755
-0.649
-0.724
-0.654
-0.515
-0.634
-0.634
-0.604
-0.711
-0.741
-0.521
-0.506
-0.375
-0.009
0.139
0.136
-0.046
0.019
0.106
-0.039
0.304
0.485
0.578
0.225
0.059
0.149
0.094
0.367
0.292
0.155
0.201
0.174
0.05
0.01
-0.003
0.158
0.173
0.104
0.143
-0.27
-0.259
-0.176
-0.231
-0.176
-0.024
0.036
0.009
0.04
-0.107
-0.186
-0.422
-0.536
-0.465
-0.63
-0.389
-0.408
-0.666
-0.68
-0.61
-0.594
-0.489
-0.361
-0.326
-0.268
-0.049
-0.113
0.0
0.177
0.318
0.393
0.37
0.469
0.475
0.606
0.501
0.659
0.62
0.551
0.561
0.495
0.62
0.67
0.899
0.849
0.809
0.953
1.005
1.159
1.336
1.25
1.024
0.954
0.907
0.684
0.667
0.631
0.486
0.364
0.441
0.273
0.45
0.427
0.216
0.111
0.115
0.166
0.176
-0.126
0.041
-0.022
0.039
-0.136
-0.079
-0.198
-0.341
-0.519
-0.484
-0.283
-0.33
-0.135
-0.035
-0.092
-0.196
-0.378
-0.426
-0.427
-0.851
-0.879
-1.107
-1.416
-1.334
-1.181
-1.264
-1.136
-0.92
-0.698
-0.539
-0.546
-0.385
-0.546
-0.271
-0.28
-0.285
-0.216
-0.212
-0.239
-0.258
-0.271
-0.026
0.134
0.246
0.305
0.515
0.601
0.694
0.774
0.689
0.876
0.946
0.95
1.196
1.26
1.321
1.374
1.351
1.534
1.414
1.609
1.589
1.474
1.542
1.59
1.509
1.464
1.266
1.264
1.146
1.309
1.385
1.355
1.216
1.161
1.032
0.961
0.725
0.755
0.743
0.656
0.807
0.73
0.519
0.72
0.671
0.593
0.438
0.385
0.468
0.307
0.314
0.113
0.388
0.251
0.119
0.338
0.07
0.242
0.278
0.409
0.383
0.459
0.614
0.646
0.713
0.836
1.012
1.085
1.089
1.13
1.029
0.956
0.831
0.855
0.835
1.051
1.062
0.981
1.234
1.186
1.414
1.298
1.17
0.998
0.791
0.731
0.634
0.595
0.787
0.938
0.935
0.661
0.672
0.733
0.68
0.575
0.484
0.253
0.16
0.007
-0.175
-0.217
0.04
0.081
0.043
0.041
-0.348
-0.336
-0.302
-0.446
-0.448
-0.401
-0.274
-0.357
-0.489
-0.529
-0.652
-0.704
-0.562
-0.54
-0.304
-0.446
-0.424
-0.536
-0.66
-0.479
-0.51
-0.413
-0.48
-0.67
-0.878
-0.954
-0.873
-0.769
-0.569
-0.404
-0.448
-0.539
-1.024
-1.167
-1.038
-0.991
-0.927
-0.545
-0.299
-0.024
0.019
-0.089
0.09
0.101
0.196
0.288
0.371
0.497
0.449
0.345
0.453
0.647
0.989
1.107
1.399
1.354
1.195
1.18
1.052
0.955
0.955
1.356
1.27
1.165
1.059
0.966
0.657
0.655
0.714
0.601
0.561
0.444
0.254
0.147
-0.007
0.005
-0.265
-0.314
-0.374
-0.371
-0.535
-0.681
-0.902
-1.141
-0.975
-1.193
-1.104
-1.189
-1.32
-1.276
-1.417
-1.429
-1.562
-1.695
-1.561
-1.528
-1.27
-1.238
-1.103
-0.956
-0.922
-1.062
-0.875
-0.688
-0.855
-0.816
-0.839
-0.652
-0.71
-0.536
-0.409
-0.552
-0.839
-0.799
-0.718
-0.744
-0.496
-0.356
-0.564
-0.374
-0.299
-0.065
0.155
0.114
0.324
0.369
0.474
0.652
0.671
0.904
0.883
0.781
0.564
0.289
0.565
0.095
0.066
-0.021
-0.41
-0.401
-0.606
-0.723
-0.89
-0.656
-0.482
-0.269
-0.135
0.095
0.072
0.254
0.221
0.284
0.463
0.285
0.464
0.589
0.526
0.45
0.492
0.611
0.511
0.585
0.676
0.775
0.756
0.819
0.724
1.041
0.98
0.811
0.794
0.75
0.723
0.659
0.846
0.636
0.605
0.65
0.554
0.728
0.506
0.508
0.485
0.058
-0.013
-0.479
-0.66
-0.511
-0.556
-0.496
-0.489
-0.569
-0.66
-0.765
-1.008
-1.081
-1.03
-1.044
-1.312
-1.476
-1.67
-2.049
-2.123
-2.254
-2.169
-2.07
-1.973
-1.963
-2.145
-1.906
-1.94
-1.955
-2.019
-1.869
-1.883
-1.943
-1.883
-1.815
-1.646
-1.356
-1.216
-1.126
-1.143
-1.011
-0.973
-0.912
-0.703
-0.532
-0.289
-0.245
-0.209
-0.022
-0.115
-0.041
0.089
0.056
0.266
0.385
0.159
0.333
0.569
0.519
0.676
0.676
0.395
0.309
0.335
0.344
0.174
0.185
0.266
0.039
0.114
0.056
0.177
0.279
0.254
0.271
0.312
0.109
0.152
0.04
-0.044
-0.089
0.11
0.224
0.179
0.492
0.496
0.57
0.581
0.564
0.789
0.772
0.7
0.674
0.626
0.494
0.569
0.446
0.309
0.403
0.573
0.362
0.489
0.516
0.45
0.58
0.495
0.539
0.619
0.729
0.754
0.883
0.964
0.891
0.769
0.93
0.734
0.598
0.531
0.72
0.804
0.922
0.975
0.776
0.534
0.677
0.525
0.343
0.446
0.521
0.339
0.24
0.214
0.374
0.269
0.258
0.343
0.301
0.2
0.247
0.18
0.041
0.121
0.044
0.154
0.081
-0.01
-0.395
-0.411
-0.44
-0.47
-0.566
-0.406
-0.79
-0.706
-0.99
-0.834
-0.94
-1.129
-1.274
-1.058
-1.155
-1.294
-1.189
-1.135
-1.104
-0.906
-0.878
-0.554
-0.638
-0.768
-0.693
-0.7
-0.594
-0.465
-0.233
-0.318
-0.176
-0.133
-0.154
-0.011
0.174
0.176
0.196
0.217
0.345
0.19
0.17
0.14
0.109
-0.147
-0.246
-0.189
-0.147
-0.07
0.041
-0.056
-0.074
-0.055
-0.054
0.134
0.179
0.329
0.196
0.297
0.176
0.066
0.049
-0.039
0.216
0.186
0.264
0.451
0.556
0.42
0.431
0.505
0.434
0.639
0.745
0.593
0.681
0.561
0.564
0.366
0.674
0.725
0.94
1.029
0.818
0.804
0.642
0.414
0.626
0.536
0.444
0.574
0.711
0.685
0.794
0.8
0.784
0.864
0.916
0.695
0.56
0.565
0.529
0.486
0.503
0.429
0.254
0.36
0.32
0.438
0.288
0.405
0.296
0.328
0.169
0.04
-0.088
-0.188
-0.164
-0.134
-0.143
-0.32
-0.105
-0.019
-0.414
-0.364
-0.29
-0.281
-0.307
-0.275
-0.439
-0.209
-0.118
-0.139
-0.401
-0.32
-0.364
-0.036
0.095
0.164
0.135
0.066
0.115
0.326
0.516
0.619
0.475
0.583
0.723
0.682
0.549
0.754
0.675
0.792
0.593
0.633
0.431
0.524
0.432
0.443
0.529
0.734
0.91
0.799
0.69
0.583
0.598
0.499
0.595
0.681
0.662
0.701
0.647
0.7
0.559
0.659
0.796
1.018
1.073
1.165
1.134
0.988
1.022
0.886
0.87
0.67
0.699
0.79
0.758
0.806
0.83
0.85
0.8
0.777
0.698
0.716
0.594
0.75
0.729
0.782
0.649
0.427
0.411
0.556
0.283
0.311
0.177
0.309
0.085
-0.1
-0.118
-0.099
0.069
-0.031
-0.209
-0.38
-0.621
-0.667
-0.621
-0.777
-0.713
-0.723
-0.578
-0.65
-0.709
-0.699
-0.812
-0.79
-0.768
-0.74
-0.624
-0.531
-0.568
-0.246
-0.194
-0.286
-0.271
-0.244
-0.088
-0.244
0.072
0.039
0.114
0.104
0.015
0.266
0.304
0.291
0.107
0.09
0.01
-0.174
-0.195
-0.357
-0.28
-0.195
-0.389
-0.25
-0.427
-0.364
-0.309
-0.416
-0.482
-0.269
-0.316
0.028
-0.022
-0.009
0.188
0.424
0.504
0.335
0.509
0.482
0.559
0.516
0.448
0.628
0.578
0.435
0.516
0.59
0.206
0.231
0.077
0.188
0.179
0.051
0.325
0.168
0.007
-0.046
-0.134
-0.033
-0.088
0.061
-0.12
-0.22
-0.283
-0.37
-0.455
-0.478
-0.415
-0.326
-0.365
-0.426
-0.436
-0.214
-0.425
-0.43
-0.489
-0.365
-0.283
-0.194
-0.075
-0.072
-0.258
-0.324
-0.37
-0.209
-0.236
-0.12
-0.324
-0.23
-0.22
-0.224
-0.289
-0.274
-0.2
-0.274
-0.266
-0.415
-0.274
-0.256
-0.419
-0.372
-0.665
-0.754
-0.776
-0.444
-0.496
-0.343
-0.242
-0.311
-0.364
-0.453
-0.299
-0.479
-0.251
-0.351
-0.341
-0.339
-0.323
-0.276
-0.371
-0.352
-0.309
-0.025
-0.029
-0.125
0.111
-0.265
-0.432
-0.372
-0.249
0.089
-0.122
0.212
0.487
0.246
0.349
0.196
0.247
0.199
0.312
0.294
0.485
0.458
0.5
0.388
0.634
0.765
0.746
0.765
0.464
0.49
0.562
0.56
0.756
0.681
0.57
0.787
0.63
0.475
0.118
0.246
0.302
0.356
0.414
0.324
0.311
0.35
0.357
0.403
0.261
0.251
-0.011
-0.151
-0.473
-0.264
-0.359
-0.356
-0.535
-0.559
-0.403
-0.615
-0.814
-0.45
-0.6
-0.705
-0.641
-0.609
-0.754
-0.936
-1.245
-1.376
-1.18
-1.189
-1.329
-1.131
-1.195
-1.101
-1.068
-1.016
-0.8
-0.689
-0.74
-0.539
-0.221
-0.066
-0.077
0.026
-0.126
0.113
0.305
0.349
0.51
0.569
0.532
0.331
0.321
0.409
0.489
0.78
0.588
0.574
0.473
0.59
0.499
0.619
0.67
0.479
0.4
0.306
0.198
0.147
0.136
0.174
0.071
0.004
-0.179
-0.316
-0.526
-0.379
-0.312
-0.239
-0.072
-0.13
-0.075
-0.221
-0.296
-0.464
-0.473
-0.504
-0.636
-0.736
-0.693
-0.695
-0.925
-0.776
-1.106
-1.256
-1.22
-1.214
-1.136
-1.137
-1.095
-1.041
-0.926
-0.89
-0.758
-0.846
-0.662
-0.306
-0.01
-0.099
-0.351
-0.134
-0.454
-0.559
-0.601
-0.539
-0.431
-0.425
-0.225
-0.176
-0.168
-0.161
-0.091
-0.061
-0.099
0.2
0.273
0.369
0.3
0.552
0.728
0.759
0.794
0.983
0.925
0.883
0.729
0.895
0.975
0.807
0.864
0.785
0.796
0.672
0.503
0.541
0.576
0.759
0.846
0.826
0.912
0.699
0.681
0.641
0.711
0.815
0.883
0.914
0.971
0.716
0.579
0.628
0.279
0.321
0.278
0.417
0.601
0.784
0.785
0.626
0.811
0.691
0.647
0.642
0.708
0.584
0.665
0.7
0.61
0.552
0.289
0.199
-0.01
-0.014
0.033
0.06
0.265
0.27
0.259
0.026
0.07
0.107
0.319
0.487
0.296
0.275
0.18
-0.001
0.006
-0.098
-0.122
-0.031
-0.05
0.021
0.288
0.156
0.288
0.048
-0.034
-0.069
-0.289
0.128
-0.119
-0.02
0.074
0.064
0.275
0.309
0.41
0.594
0.739
0.76
0.524
0.584
0.474
0.565
0.49
0.396
0.571
0.786
0.926
0.974
0.841
1.005
0.959
0.959
0.975
1.141
1.137
1.308
1.234
1.279
1.076
0.901
0.875
0.726
0.948
0.844
0.704
0.67
0.76
0.62
0.866
0.841
0.996
0.951
0.848
1.011
1.024
1.059
0.939
0.99
0.755
0.686
0.69
0.69
0.551
0.661
0.656
0.445
0.415
0.566
0.524
0.365
0.29
0.299
0.029
0.021
0.031
-0.081
-0.124
-0.345
-0.386
-0.294
-0.212
-0.302
-0.216
-0.371
-0.421
-0.44
-0.506
-0.426
-0.456
-0.455
-0.671
-0.545
-0.672
-0.576
-0.514
-0.425
-0.226
-0.092
0.066
0.15
0.234
0.12
0.145
0.271
0.161
0.221
0.28
0.253
0.085
0.263
0.122
0.054
0.208
0.263
0.054
0.101
-0.182
0.044
0.177
-0.049
-0.138
-0.049
-0.147
-0.056
-0.001
0.083
-0.028
-0.056
-0.006
0.044
-0.04
-0.16
-0.089
-0.271
-0.251
-0.145
0.21
0.179
-0.006
0.229
0.177
0.312
0.185
0.206
0.269
0.08
0.345
0.198
-0.094
-0.184
-0.161
-0.119
-0.121
-0.161
-0.341
-0.228
-0.54
-0.376
-0.537
-0.46
-0.669
-0.695
-0.584
-0.496
-0.459
-0.456
-0.269
-0.312
-0.109
-0.223
-0.362
-0.345
-10.336
-0.09
0.105
0.122
0.26
0.206
0.083
0.041
-0.066
-0.186
-0.349
-0.628
-0.551
-0.556
-0.759
-0.917
-0.94
-0.97
-1.06
-1.032
-1.066
-1.109
-1.234
-1.181
-1.114
-1.249
-1.248
-1.145
-1.125
-1.252
-1.154
-1.2
-1.074
-0.951
-1.05
-0.934
-1.026
-0.955
-1.051
-1.065
-1.097
-1.085
-0.911
-0.704
-0.689
-0.511
-0.469
-0.427
-0.362
-0.583
-0.615
-0.7
-0.826
-0.932
-0.79
-0.556
-0.689
-0.591
-0.434
-0.389
-0.306
-0.265
-0.089
-0.168
-0.072
-0.081
0.052
-0.006
0.076
-0.022
0.025
0.041
0.051
0.054
0.263
0.268
0.076
0.42
0.403
0.466
0.46
0.335
0.316
0.199
0.17
0.385
0.189
0.384
0.339
0.33
0.235
0.238
0.339
0.517
0.429
0.434
0.234
0.345
0.251
0.185
0.369
0.576
0.644
0.62
0.44
0.446
0.385
0.439
0.357
0.429
0.532
0.4
0.449
0.426
0.325
0.419
0.326
0.269
0.274
0.416
0.283
-3.903
0.271
0.168
0.198
0.189
0.052
-0.2
-0.312
-0.151
-0.085
-0.194
-0.144
-0.141
-0.62
-0.333
-0.54
-0.599
-0.826
-0.756
-0.645
-0.517
-0.589
-0.568
-0.48
-0.414
-0.512
-0.329
-0.274
-0.239
-0.139
-0.285
-0.288
-0.426
-0.594
-0.494
-0.584
-0.569
-0.624
-0.756
-0.799
-0.547
-0.403
-0.406
-0.131
-0.145
-0.095
-0.043
-0.169
-0.077
-0.069
-0.029
0.031
0.107
0.271
0.244
0.318
0.361
0.436
0.203
0.244
0.2
0.158
0.28
0.106
0.206
-0.048
0.014
-0.231
-0.193
-0.179
-0.084
-0.015
-0.06
-0.111
-0.113
-0.048
-0.21
-0.221
-0.266
-0.066
-0.273
-0.081
-0.133
-0.239
-0.233
-0.065
-0.104
0.01
-0.021
0.046
-0.006
-0.009
0.089
0.321
0.311
0.52
0.288
0.514
0.444
0.807
0.84
0.755
0.941
0.794
0.787
0.435
0.489
0.411
0.431
0.484
0.449
0.479
0.601
0.384
0.411
0.506
0.305
0.253
0.159
-0.091
-0.256
-0.25
-0.138
-0.212
-0.094
-0.09
0.096
0.189
-0.274
-0.37
0.001
0.089
0.473
0.75
0.766
0.521
0.335
0.034
-0.335
-0.209
-0.145
0.001
0.331
0.005
-0.179
-0.15
-0.388
-0.405
-0.094
0.09
0.156
0.08
-0.033
-0.199
-0.256
-0.254
-0.036
0.266
0.273
0.1
0.206
0.074
0.122
0.048
0.356
0.288
0.121
0.21
0.056
-0.019
-0.08
-0.075
-0.061
-0.056
0.085
-0.156
-0.214
-0.133
-0.276
-0.198
-0.283
-0.133
-0.077
-0.161
-0.169
-0.228
-0.372
-0.206
-0.1
-0.076
-0.022
-0.011
0.054
0.098
0.175
-0.04
-0.076
0.01
0.077
0.036
-0.018
0.193
0.251
0.356
0.489
0.526
0.489
0.475
0.239
0.209
0.199
0.185
0.037
-0.083
-0.121
-0.109
-0.226
-0.136
-0.145
-0.08
0.062
0.095
0.105
0.058
-0.03
0.208
0.331
0.484
0.634
0.856
0.805
0.95
1.2
1.058
1.146
1.049
1.066
1.129
1.136
1.282
1.345
1.453
1.371
1.266
1.155
1.23
1.151
1.084
0.901
0.768
0.71
1.064
1.059
0.975
0.91
0.705
0.72
0.704
0.806
0.795
0.776
0.651
0.623
0.151
0.364
0.278
0.198
0.366
0.461
0.458
0.362
0.188
0.054
-0.383
-0.144
1.09
-0.216
-0.374
-0.244
-0.39
-0.135
-0.314
-0.288
-0.261
-0.138
-0.451
-0.276
-0.383
-0.482
-0.448
-0.226
-0.239
0.04
0.043
0.079
0.198
0.071
-0.079
-0.154
-0.051
-0.171
-0.086
0.075
0.11
0.189
0.292
0.376
0.448
0.076
-0.274
-0.369
-0.424
-0.304
-0.435
-0.379
-0.684
-0.689
-0.638
-0.764
-0.684
-0.828
-0.879
-0.765
-1.039
-1.139
-1.486
-1.393
-1.242
-1.282
-1.185
-1.065
-0.844
-0.917
-0.785
-0.868
-0.963
-0.991
-1.042
-0.883
-0.73
-0.481
-0.667
-0.665
-0.486
-0.486
-0.069
-0.083
0.19
0.268
0.169
0.261
0.21
0.357
0.451
0.616
0.651
0.672
0.656
0.468
0.515
0.466
0.616
0.431
0.206
0.255
0.099
-0.105
0.025
0.149
0.096
0.005
-0.133
0.179
0.015
0.028
-0.065
-0.04
0.113
-0.052
-0.1
-0.045
-0.133
-0.152
-0.158
-0.15
0.011
0.26
0.364
0.299
0.415
0.556
0.494
0.37
0.426
0.206
0.259
0.191
0.319
0.247
0.115
0.119
-0.139
-0.129
0.048
0.033
-0.033
0.224
0.105
0.084
0.009
0.109
-0.016
0.02
-0.28
-0.274
-0.25
-0.51
-0.42
-0.356
-0.346
-0.461
-0.369
-0.354
-0.265
-0.115
0.003
-0.105
0.007
0.173
0.086
0.056
-0.066
0.077
0.188
0.139
0.341
0.206
0.321
0.334
0.403
0.44
0.616
0.589
0.451
0.616
0.604
0.521
0.47
0.66
0.657
0.72
0.846
0.951
1.136
1.244
1.171
1.021
0.978
0.955
0.738
0.693
0.916
0.861
0.979
1.331
1.306
1.035
0.958
0.998
0.797
0.739
0.604
0.469
0.487
0.49
0.43
0.449
0.241
0.299
0.186
0.417
0.362
0.228
0.27
0.086
0.188
0.174
0.11
0.147
-0.034
-0.211
-0.39
-0.473
-0.575
-0.598
-0.624
-0.875
-1.015
-1.086
-1.316
-1.505
-1.478
-1.617
-1.516
-1.667
-1.609
-1.772
-1.897
-1.677
-1.755
-1.578
-1.574
-1.25
-1.285
-1.22
-0.875
-1.232
-0.994
-0.838
-0.703
-0.664
-0.804
-0.647
-0.721
-0.63
-0.435
-0.463
-0.454
-0.446
-0.55
-0.579
-0.578
-0.482
-0.545
-0.394
-0.424
-0.228
-0.482
-0.45
-0.435
-0.491
-0.341
-0.338
-0.354
-0.284
-0.155
-0.077
-0.14
-0.046
0.059
0.2
0.165
0.229
0.295
0.573
0.336
0.401
0.139
-0.022
-0.17
0.037
-0.004
0.119
0.069
0.025
0.181
-0.113
-0.124
-0.022
-0.088
0.046
-0.109
-0.195
-0.19
-0.139
-0.149
-0.136
0.066
0.212
0.061
-0.084
-0.265
-0.114
0.009
-0.001
0.107
0.339
0.618
0.719
0.81
0.929
1.031
1.188
1.091
1.219
1.021
0.749
0.487
0.579
0.57
0.635
0.71
0.776
0.652
0.586
0.42
0.541
0.545
0.591
0.667
0.296
0.23
0.055
0.134
-0.052
-0.088
-0.055
-0.1
0.135
-0.034
0.052
0.129
0.107
0.099
0.143
0.256
0.216
0.413
0.323
0.344
0.242
0.177
0.163
0.076
-0.033
-0.179
-0.219
-0.294
-0.121
-0.007
-0.12
-0.022
-0.004
0.211
0.076
0.212
0.14
0.364
0.454
0.606
0.591
0.973
0.999
1.086
1.285
1.078
1.015
0.979
0.938
1.039
0.969
1.096
1.095
0.901
0.819
0.801
0.44
0.404
0.33
0.343
0.46
0.541
0.405
0.274
0.071
-0.174
-0.341
-0.3
-0.491
-0.258
-0.474
-0.496
-0.497
-0.371
-0.17
-0.174
-0.01
0.077
0.139
0.201
0.286
0.346
0.273
0.583
0.561
0.536
0.386
0.294
0.295
0.375
0.352
0.27
0.295
0.33
0.049
-0.099
0.03
0.12
0.147
0.1
0.074
-0.007
-0.089
-0.229
-0.16
-0.079
-0.116
-0.005
-0.094
-0.03
-0.316
-0.141
-0.173
-0.058
-0.231
-0.009
-0.058
0.161
0.144
0.085
0.261
0.241
0.263
0.593
0.792
-10.336
0.818
0.69
0.624
0.547
0.723
0.775
0.799
0.585
0.5
0.455
0.532
0.601
0.907
0.889
0.909
1.005
1.07
1.095
1.044
1.166
0.996
1.068
0.879
0.655
0.639
0.554
0.434
0.404
0.594
0.646
0.579
0.623
0.335
0.158
0.266
0.075
0.034
-0.177
0.058
-0.051
0.07
0.208
-0.036
-0.044
0.089
0.175
-0.016
0.091
0.228
0.261
0.105
0.041
0.241
0.004
0.32
0.11
-0.076
-0.43
-0.71
-0.693
-0.496
-0.247
-0.198
-0.185
-0.261
-0.159
-0.219
-0.062
-0.025
0.059
0.304
0.195
0.349
0.191
0.219
0.344
0.004
-0.328
-0.565
-0.249
-0.341
-0.355
-0.17
-0.166
-0.076
-0.136
-0.384
-0.25
-0.28
-0.217
-0.25
-0.44
-0.381
-0.586
-0.475
-0.52
-0.623
-0.654
-0.485
-0.541
-0.755
-0.934
-1.041
-1.009
-0.829
-0.686
-0.495
-0.537
-0.694
-0.839
-1.071
-1.113
-0.711
-0.378
-0.616
-0.633
-0.534
-0.318
-0.139
-0.062
-0.034
0.219
0.274
0.139
0.163
0.28
0.512
0.306
0.459
0.264
-0.122
-0.261
-0.302
-0.369
-0.292
-0.276
-0.444
-0.4
-0.655
-0.741
-0.728
-0.568
-0.512
-0.341
-0.37
-0.455
-0.499
-0.311
-0.455
-0.174
0.054
0.188
0.185
0.279
0.289
0.077
0.401
0.371
0.579
0.562
0.647
0.456
0.357
0.375
0.072
0.185
0.216
0.17
0.259
0.291
0.152
-0.129
-0.326
-0.544
-0.554
-0.581
-0.671
-0.844
-0.729
-0.665
-0.86
-0.835
-0.765
-0.595
-0.733
-0.652
-0.735
-0.713
-0.519
-0.611
-0.365
-0.318
-0.233
-0.045
-0.037
0.095
0.059
0.408
0.569
0.633
0.542
0.406
0.43
0.302
0.517
0.792
0.685
1.062
0.708
0.755
0.571
0.53
0.561
0.829
0.41
0.33
0.288
0.171
0.233
0.284
0.247
0.249
0.297
0.318
0.334
0.326
0.134
0.098
-0.018
0.009
-0.077
-0.278
-0.195
-0.281
-0.365
-0.152
-0.154
-0.256
-0.285
-0.094
0.009
0.089
0.17
0.211
0.054
0.011
-0.007
0.138
0.09
0.244
0.527
0.286
0.321
0.297
0.049
0.414
0.432
0.571
0.652
0.495
0.52
0.186
0.105
-0.025
-0.165
-0.26
-0.1
-0.065
-0.156
-0.107
-0.054
0.139
0.044
0.055
-0.044
-0.051
-0.15
-0.519
-0.603
-0.6
-0.875
-0.844
-0.901
-0.896
-0.711
-0.694
-0.739
-0.772
-0.676
-0.704
-0.438
-0.465
-0.54
-0.667
-0.855
-0.689
-0.9
-0.816
-0.741
-0.556
-0.62
-0.721
-0.919
-1.018
-0.777
-0.623
10.332
-0.215
-0.201
-0.224
-0.239
-0.265
-0.124
-0.147
-0.279
-0.12
-0.236
-0.06
0.061
0.169
0.174
0.255
0.448
0.561
0.504
0.566
0.463
0.512
0.652
0.768
0.573
0.812
0.836
0.684
0.922
0.881
0.902
1.011
1.056
0.739
0.943
0.739
0.82
0.693
0.763
0.966
0.66
0.949
1.105
1.061
0.966
0.56
0.466
0.352
0.177
0.329
0.159
0.077
0.054
-0.049
-0.264
-0.17
-0.064
0.099
-0.061
-0.095
-0.039
-0.071
0.04
-0.106
-0.128
-0.064
-0.081
-0.077
-0.031
0.055
0.245
0.173
0.149
0.17
0.048
-0.321
-0.164
-0.296
-0.07
-0.083
0.034
0.149
0.259
0.288
0.419
0.698
0.69
0.725
0.721
0.52
0.514
0.339
0.124
-0.036
0.085
0.025
0.022
0.122
-0.184
-0.09
0.024
0.052
-0.035
-0.135
-0.164
-0.23
-0.396
-0.735
-0.604
-0.681
-0.64
-0.615
-0.754
-0.721
-0.638
-0.461
-0.777
-0.723
-0.699
-0.734
-0.575
-0.366
-0.001
0.235
0.23
0.371
0.56
0.614
0.312
0.179
0.274
0.268
0.281
0.338
0.554
0.544
0.672
0.826
0.734
0.562
0.49
0.534
0.631
0.657
0.547
0.601
0.593
0.584
0.471
0.601
0.914
0.88
0.753
0.744
0.738
0.564
0.4
0.351
0.309
0.105
0.1
0.217
0.384
0.503
0.489
0.422
0.355
0.297
0.465
0.297
0.33
0.186
0.145
0.196
0.156
0.018
0.23
0.234
0.04
0.118
0.131
0.028
0.037
-0.22
-0.072
-0.233
-0.551
-0.432
-0.72
-0.696
-1.011
-0.805
-0.696
-0.647
-0.499
-0.667
-0.69
-0.68
-0.496
-0.283
-0.508
-0.4
-0.703
-0.515
-0.535
-0.546
-0.56
-0.508
-0.532
-0.449
-0.555
-0.385
0.074
-1.016
-0.323
-0.099
-0.391
-0.4
-0.615
-0.58
-0.417
-0.31
-0.125
-0.113
-0.141
-0.338
-0.133
0.143
0.21
0.354
0.364
0.547
0.203
0.214
0.311
-0.011
0.196
0.221
0.454
0.534
0.899
0.848
0.893
0.834
0.681
0.591
0.511
0.203
0.244
0.211
0.143
-0.003
0.019
-0.171
-0.09
-0.255
-0.23
-0.164
0.059
-0.059
-0.146
-0.037
-0.011
0.095
0.113
0.077
0.176
-0.045
-0.104
-0.115
-0.029
-0.085
-0.006
0.18
0.007
0.049
0.119
0.268
0.424
0.39
0.376
0.333
0.271
0.155
0.045
0.136
0.158
0.258
0.263
0.14
0.285
0.215
0.219
-0.113
-0.029
0.034
-0.149
-0.026
-0.039
0.069
0.14
0.031
0.251
0.031
0.182
0.336
0.169
0.269
0.315
0.199
0.206
-0.004
-0.196
-0.385
-0.374
-0.4
-0.23
-0.251
-0.223
-0.096
-0.109
-0.191
-0.3
-0.219
-0.366
-0.36
-0.333
-0.315
-0.334
-0.095
0.23
0.17
0.285
0.081
0.17
0.16
0.289
0.341
0.211
0.283
0.354
0.206
0.071
-0.059
0.052
-0.018
0.571
0.713
0.713
0.675
0.874
0.621
0.6
0.672
0.62
0.699
0.57
0.671
0.946
0.895
0.636
0.574
0.816
0.823
0.763
0.605
0.404
0.39
0.188
0.076
-0.077
-0.399
-0.217
-0.176
-0.278
-0.37
-0.361
-0.364
-0.302
-0.631
-0.661
-0.638
-0.814
-0.77
-0.646
-0.777
-0.715
-0.786
-0.719
-0.886
-0.771
-0.741
-0.596
-0.745
-0.95
-0.82
-0.605
-0.741
-0.691
-0.48
-0.435
-0.361
-0.314
-0.354
-0.305
-0.321
-0.372
-0.386
-0.367
-0.556
-0.304
-0.261
-0.161
-0.188
-0.024
0.055
-0.164
-0.014
0.034
0.08
-0.051
-0.201
-0.36
-0.264
-0.335
-0.072
-0.25
-0.026
-0.113
0.086
-0.003
-0.074
-0.046
-0.145
-0.066
0.104
0.279
0.144
-0.101
-0.17
-0.244
-0.13
-0.216
-0.366
-0.244
-0.264
-0.234
-0.249
-0.354
-0.385
-0.088
-0.049
-0.03
0.103
0.092
0.095
0.054
0.189
0.325
0.394
0.41
0.403
0.375
0.113
0.031
-0.092
-0.141
-0.247
-0.229
-0.171
0.101
0.092
0.15
0.396
0.163
0.003
0.021
0.076
0.149
0.149
0.136
0.236
0.319
0.284
0.278
0.33
0.333
0.395
0.401
0.114
0.263
0.052
0.345
0.152
0.326
0.175
0.118
0.235
-0.028
-0.071
-0.028
