0.635
0.751
0.595
0.41
0.429
0.37
0.378
0.713
0.571
0.654
0.569
0.413
0.283
0.5
0.674
0.655
0.641
0.66
0.546
0.49
0.4
0.283
0.23
0.312
0.336
0.399
0.441
0.349
0.217
0.275
0.256
0.291
0.352
0.318
0.13
0.146
0.326
0.221
0.198
0.198
0.235
0.231
0.181
0.386
0.39
0.39
0.284
0.216
0.515
0.484
0.416
0.41
0.351
0.479
0.554
0.531
0.574
0.787
0.562
0.54
0.708
0.791
0.815
0.766
0.745
0.443
0.261
0.499
0.306
0.465
0.508
0.497
0.451
0.196
0.258
0.39
0.255
0.185
0.289
0.184
-0.064
-0.194
-0.291
-0.212
-0.24
-0.059
0.109
0.214
0.268
0.283
0.529
0.527
0.634
0.664
0.603
0.743
0.705
0.688
0.718
0.734
0.66
0.562
0.168
0.129
0.062
-0.144
-0.169
-0.208
-0.289
-0.199
-0.194
-0.231
-0.22
-0.158
-0.395
-0.403
-0.339
-0.639
-0.494
-0.586
-0.603
-0.527
-0.557
-0.281
-0.193
-0.189
-0.295
-0.325
-0.281
-0.343
-0.11
-0.045
-0.118
-0.052
-0.02
0.146
0.125
0.136
0.144
0.324
0.435
0.459
0.362
0.581
0.571
0.71
0.688
0.665
0.844
0.881
0.874
0.934
0.951
0.679
0.667
0.794
0.738
1.015
0.958
1.097
0.935
0.9
0.906
0.79
0.823
0.787
0.677
0.544
0.866
0.807
0.759
0.532
0.76
0.694
1.011
0.769
0.66
0.719
0.671
0.897
0.667
0.537
0.524
0.343
0.217
0.094
0.146
0.064
0.013
0.085
-0.048
0.022
-0.07
-0.23
-0.07
-0.312
-0.289
-0.311
-0.318
-0.349
-0.278
-0.365
-0.503
-0.41
-0.389
-0.374
-0.149
-0.104
-0.292
-0.126
-0.149
-0.19
0.006
-0.1
0.004
0.0
-0.124
-0.158
-0.128
0.005
0.072
-0.005
0.088
-0.131
-0.08
-0.283
-0.223
-0.464
-0.466
-0.278
-0.409
-0.297
0.019
0.0
-0.115
-0.03
0.089
0.212
0.242
0.043
0.079
0.185
0.084
0.214
0.487
0.385
0.546
0.682
0.471
0.588
0.395
0.469
0.461
0.479
0.515
0.409
0.323
0.415
0.27
0.393
0.266
0.194
0.193
0.09
-0.046
-0.09
-0.135
-0.185
-0.238
-0.378
-0.421
-0.281
-0.421
-0.451
-0.546
-0.519
-0.704
-0.514
-0.691
-0.78
-0.893
-0.871
-0.691
-0.71
-0.635
-0.616
-0.4
-0.419
-0.334
-0.23
-0.151
-0.139
-0.163
-0.302
-0.359
-0.485
-0.424
-0.25
-0.367
-0.384
-0.39
-0.103
-0.211
-0.138
-0.206
-0.295
-0.328
-0.335
-0.041
-0.169
-0.389
-0.53
-0.849
-0.797
-0.539
-0.635
-0.731
-0.706
-0.84
-0.904
-0.744
-0.581
-0.603
-0.381
-0.535
-0.65
-0.791
-0.843
-0.881
-0.932
-0.635
-0.641
-0.618
-0.546
-0.473
-0.369
-0.496
-0.49
-0.346
-0.188
0.054
0.109
0.211
0.259
0.236
0.185
0.209
0.451
0.348
0.343
0.077
-0.003
-0.039
-0.024
0.113
-0.007
-0.018
-0.083
-0.35
-0.339
-0.515
-0.497
-0.464
-0.416
-0.455
-0.674
-0.611
-0.705
-0.746
-0.726
-0.833
-0.904
-0.914
-0.915
-0.676
-0.703
-0.535
-0.45
-0.503
-0.586
-0.633
-0.569
-0.438
-0.16
-0.288
-0.314
-0.136
-0.118
0.101
0.098
0.235
0.011
-0.195
-0.443
-0.366
-0.209
0.089
0.261
0.259
0.134
-0.115
-0.314
-0.552
-0.206
-0.352
-0.338
-0.229
-0.289
-0.426
-0.745
-0.719
-0.573
-0.509
-0.374
-0.385
-0.516
-0.403
-0.6
-0.69
-0.474
-0.101
-0.125
0.09
0.066
-0.118
-0.215
-0.291
-0.514
-0.754
-0.818
-0.859
-0.719
-0.534
-0.639
-0.495
-0.725
-0.849
-0.76
-0.713
-0.354
-0.424
-0.369
-0.164
-0.028
0.02
0.21
0.35
0.551
0.446
0.239
0.273
0.209
0.22
0.294
0.316
0.37
0.439
0.839
0.728
0.858
0.969
1.125
0.968
1.012
1.314
1.405
1.451
1.475
1.498
1.665
1.324
1.441
1.529
1.463
1.406
1.311
1.26
1.218
0.932
0.999
0.854
0.944
0.939
0.753
0.639
0.67
0.684
0.684
0.569
0.478
0.56
0.576
0.629
0.698
0.64
0.647
0.525
0.657
0.419
0.448
0.372
0.203
0.229
0.279
0.379
0.379
-0.022
-0.059
0.128
0.075
0.229
0.107
0.195
0.48
0.688
0.7
0.526
0.948
0.885
0.758
0.825
0.645
0.759
0.68
0.72
0.794
0.72
0.9
0.724
0.888
0.749
0.824
0.926
0.52
0.431
0.3
0.129
0.276
0.219
0.235
0.095
0.177
-0.122
-0.129
-0.194
-0.174
-0.134
-0.217
-0.329
-0.619
-0.876
-0.899
-0.779
-0.688
-0.75
-0.657
-0.67
-0.439
-0.735
-0.96
-1.0
-0.764
-0.531
-0.46
-0.233
-0.158
0.055
0.065
0.352
0.422
0.531
0.489
0.611
0.736
0.838
0.743
0.791
0.51
0.122
-0.16
-0.516
-0.566
-0.54
-0.333
-0.125
0.151
0.191
0.297
0.263
0.26
0.537
1.021
0.922
1.026
1.213
1.01
1.235
1.21
1.278
1.166
1.329
1.134
1.076
0.92
0.915
1.076
-0.02
0.94
0.974
0.772
0.774
0.372
0.115
0.019
-0.279
-0.288
-0.264
0.129
-0.04
0.124
0.226
-0.003
0.244
0.17
0.126
0.136
0.371
0.276
0.236
0.23
0.086
0.035
0.054
-0.06
0.041
0.109
0.225
0.253
0.355
0.239
0.229
0.291
0.21
0.251
0.134
0.292
0.309
0.38
0.362
0.381
0.125
-0.062
-0.092
-0.235
-0.188
-0.084
-0.168
-0.223
-0.366
-0.754
-0.764
-0.772
-0.83
-0.829
-0.941
-1.111
-1.185
-1.109
-0.922
-0.797
-0.693
-0.859
-0.446
-0.466
-0.149
-0.003
-0.069
0.263
0.203
0.182
0.233
0.231
0.336
0.456
0.694
0.334
0.46
0.818
0.805
0.782
0.698
0.61
0.475
0.36
0.098
0.119
0.311
0.495
0.401
0.446
0.324
0.241
0.174
0.059
-0.14
-0.451
-0.836
-0.74
-0.586
-0.749
-0.823
-0.656
-0.723
-0.781
-0.826
-1.039
-1.066
-1.002
-0.931
-0.831
-0.971
-0.858
-0.869
-0.87
-0.85
-0.581
-0.659
-0.564
-0.584
-0.527
-0.516
-0.644
-0.642
-0.436
-0.759
-0.656
-0.291
-0.389
-0.534
-0.644
-0.609
-0.67
-0.589
-0.512
-0.266
-0.171
-0.164
0.145
0.173
0.399
0.484
0.414
0.29
0.31
0.235
0.289
0.426
0.408
0.574
10.332
0.46
0.466
0.286
0.33
0.16
-0.019
-0.072
-0.118
-0.233
-0.29
-0.343
-0.27
-0.289
-0.586
-0.549
-0.333
-0.401
-0.517
-0.514
-0.636
-0.547
-0.398
-0.297
-0.136
0.035
0.065
-0.048
0.122
0.089
-0.146
-0.009
0.065
0.119
0.124
-0.004
-0.052
-0.26
-0.109
-0.109
-0.101
-0.146
-0.016
-0.11
-0.122
-0.16
-0.208
-0.403
-0.579
-0.415
-0.516
-0.655
-0.764
-0.713
-0.973
-1.015
-0.988
-0.932
-0.886
-0.854
-0.855
-0.665
-0.608
-0.304
-0.296
-0.406
-0.512
-0.455
-0.254
-0.366
-0.209
-0.039
-0.098
0.003
-0.003
-0.018
0.193
0.236
0.645
0.444
0.422
0.331
0.395
0.501
0.468
0.409
0.255
0.203
0.05
0.336
0.271
0.195
0.161
-0.041
-0.2
-0.432
-0.288
-0.399
-0.29
-0.069
-0.336
-0.333
-0.541
-0.511
-0.146
-0.084
0.026
0.141
0.115
0.076
0.122
-0.169
-0.164
-0.041
-0.01
-0.001
0.086
0.09
0.045
0.021
0.031
0.156
0.199
0.471
0.698
0.311
0.383
0.348
0.369
0.504
0.482
0.546
0.508
0.603
0.795
0.619
0.671
0.814
0.689
0.535
0.615
0.624
0.459
0.453
0.315
0.351
0.482
0.233
0.116
0.345
-0.037
-0.641
-0.492
-0.468
-0.334
-0.124
-0.031
-0.089
-0.258
-0.075
-0.072
0.054
0.128
0.266
0.316
0.525
0.595
0.565
0.71
0.624
0.725
0.754
0.733
0.654
0.682
0.509
0.404
0.499
0.295
0.21
0.098
0.131
0.246
0.3
0.245
0.434
0.37
0.291
0.219
0.21
0.198
0.175
0.251
0.265
0.318
0.291
0.319
0.294
0.339
0.497
0.146
0.113
0.125
0.281
0.249
0.229
0.199
0.04
0.312
0.505
0.438
0.585
0.559
0.434
0.364
0.233
0.345
0.436
0.6
0.708
0.71
0.769
0.642
0.676
0.334
0.344
0.22
0.369
0.417
0.42
0.461
0.469
0.486
0.521
0.357
0.241
0.195
0.151
0.329
0.417
0.383
0.43
0.203
0.208
0.166
-0.08
0.089
0.306
0.12
0.487
0.3
0.448
0.616
0.651
0.871
0.755
0.934
0.889
0.564
0.161
0.054
-0.119
-0.054
-0.173
0.033
0.066
0.06
0.095
-0.072
-0.071
0.035
-0.013
0.101
-0.025
0.074
0.149
0.27
0.254
0.135
0.18
-0.084
0.059
0.209
0.424
0.501
0.479
0.468
0.699
0.714
0.509
0.401
0.499
0.336
0.366
0.194
0.223
0.458
0.569
0.665
0.978
0.537
0.53
0.487
0.401
0.516
0.196
0.426
0.455
0.443
0.359
0.556
0.473
0.721
0.999
1.005
0.964
0.984
1.115
0.91
0.799
0.78
0.54
0.463
0.31
0.205
0.284
0.334
0.359
0.361
0.417
0.312
0.289
0.1
0.199
0.104
0.091
-0.033
-0.254
-0.274
-0.09
-0.145
-0.079
0.029
-0.111
-0.099
-0.311
-0.289
-0.374
-0.568
-0.542
-0.604
-0.539
-0.398
-0.223
-0.143
-0.138
-0.075
-0.104
-0.044
-0.048
-0.129
-0.21
-0.056
-0.158
-0.044
-0.295
-0.463
-0.165
-0.344
-0.357
-0.205
-0.144
-0.035
0.086
-0.015
-0.013
0.007
0.159
-0.101
0.046
-0.036
-0.145
-0.122
-0.208
-0.215
-0.496
-0.259
-0.075
0.177
0.314
0.158
0.216
0.113
0.19
0.036
0.015
0.07
0.024
-0.064
0.118
-0.046
-0.158
-0.045
0.076
0.064
0.334
0.339
0.289
0.126
0.164
0.26
0.256
0.411
0.151
0.263
0.128
0.264
0.16
0.084
0.111
0.08
0.225
0.049
0.075
0.143
0.029
0.024
-0.134
-0.141
-0.09
-0.356
-0.122
-0.193
-0.089
-0.147
-0.191
-0.385
-0.674
-0.535
-0.657
-0.713
-0.751
-0.828
-1.05
-1.08
-1.19
-0.983
-0.881
-1.136
-1.026
-1.366
-1.349
-1.414
-1.451
-1.264
-1.456
-1.521
-1.519
-1.843
-1.919
-1.919
-1.812
-1.78
-1.605
-1.461
-1.264
-0.98
-1.032
-0.833
-1.036
-0.834
-0.874
-0.646
-0.399
-0.229
-0.006
-0.001
0.2
0.191
0.31
0.575
0.479
0.741
0.679
0.763
1.009
0.917
0.921
0.825
0.864
0.885
1.028
1.201
0.946
1.054
1.0
0.584
0.65
0.496
0.623
0.372
0.383
0.328
0.351
0.209
0.188
0.284
0.253
0.254
0.269
0.326
0.334
0.41
0.209
0.281
0.138
-0.03
-0.062
-0.334
-0.328
-0.386
-0.273
-0.069
-0.096
-0.234
-0.005
-0.06
-0.154
-0.343
-0.357
-0.456
-0.583
-0.841
-0.943
-0.883
-1.165
-1.133
-1.099
-1.049
-0.79
-0.843
-0.917
-0.963
-1.034
-1.351
-1.35
-1.409
-1.481
-1.499
-1.285
-1.439
-1.496
-1.627
-1.706
-1.735
-1.744
-1.708
-1.651
-1.365
-1.396
-1.562
-1.476
-1.499
-1.491
-1.476
-1.242
-1.209
-1.115
-0.938
-0.753
-0.594
-0.57
-0.578
-0.454
-0.279
-0.186
-0.015
0.033
0.139
0.333
0.463
0.7
1.089
1.107
1.204
1.216
1.376
1.396
1.325
1.061
1.252
1.288
1.363
1.302
1.339
1.298
1.196
1.225
1.127
1.268
1.054
1.131
1.042
1.048
0.831
0.649
0.65
0.657
0.634
0.511
0.408
0.343
0.43
0.199
0.146
0.011
0.021
0.039
-0.223
-0.133
-0.238
-0.316
-0.341
-0.181
-0.221
-0.107
-0.184
-0.018
-0.088
0.114
-0.005
0.166
0.444
0.364
0.49
0.411
0.321
0.306
0.22
0.274
0.15
0.176
0.235
0.292
0.348
0.284
0.357
0.344
0.24
0.296
0.196
0.22
0.316
0.403
0.492
0.646
0.615
0.686
0.614
0.479
0.471
0.404
0.503
0.077
-0.136
-0.12
0.054
0.1
0.163
0.069
0.194
0.039
0.182
0.201
0.163
0.0
0.114
-0.031
-0.028
-0.135
-0.18
-0.166
-0.406
-0.404
-0.58
-0.503
-0.355
-0.366
-0.4
-0.465
-0.62
-0.357
-0.419
-0.59
-0.83
-0.771
-0.74
-0.549
-0.569
-0.309
-0.432
-0.324
-0.37
-0.234
-0.343
-0.318
-0.413
-0.312
-0.304
-0.124
-0.028
0.037
-0.071
-0.196
-0.209
-0.312
-0.236
-0.171
0.144
0.064
0.209
0.122
0.121
0.075
-0.105
-0.131
-0.139
-0.01
-0.126
-0.011
0.003
-0.077
-0.039
0.285
0.283
0.473
0.618
0.698
0.881
0.985
0.927
1.064
0.841
0.915
0.88
0.883
0.991
1.107
1.012
1.326
1.0
1.061
1.086
1.163
0.988
0.971
0.791
0.77
0.701
0.866
0.759
0.927
0.865
0.864
0.936
0.888
0.917
1.13
1.146
1.066
1.041
0.956
1.019
0.981
0.819
1.06
0.979
0.77
0.716
0.525
0.861
0.875
1.012
0.895
0.78
0.715
0.771
0.686
0.517
0.596
0.849
0.594
0.455
0.223
0.095
0.234
0.289
0.37
0.448
0.466
0.258
0.129
-0.033
-0.075
-0.135
-0.043
0.06
0.179
0.044
-0.05
-0.026
0.059
-0.043
-0.041
0.016
0.15
0.118
0.338
0.14
0.098
0.011
-0.25
-0.314
-0.408
-0.189
-0.133
-0.121
-0.125
-0.2
-0.54
-0.542
-0.579
-0.557
-0.486
-0.404
-0.52
-0.444
-0.645
-0.77
-1.154
-1.333
-1.334
-1.22
-0.926
-0.768
-0.474
-0.478
-0.573
-0.709
-0.688
-0.656
-0.851
-0.849
-1.0
-0.843
-0.825
-0.85
-0.855
-0.73
-0.414
-0.524
-0.389
-0.126
0.061
-0.052
-0.139
-0.26
-0.171
-0.118
-0.296
-0.395
-0.451
-0.254
-0.113
-0.014
0.265
0.352
0.319
0.201
-0.104
-0.311
-0.255
-0.223
-0.241
-0.285
-0.314
-0.269
-0.18
-0.076
0.001
0.251
0.348
0.292
0.159
-0.05
-0.136
-0.005
-0.16
-0.212
-0.16
-0.214
-0.354
-0.239
-0.304
-0.547
-0.534
-0.714
-0.52
-0.333
-0.158
-0.168
-0.15
-0.275
-0.258
-0.174
-0.026
-0.02
-0.09
0.044
0.126
-0.021
-0.006
0.03
-0.072
-0.077
-0.054
0.135
-0.034
0.126
0.119
0.062
0.036
0.026
-0.152
-0.085
-0.054
-0.041
0.125
-0.005
-0.106
-0.106
-0.27
-0.186
-0.339
-0.535
-0.464
-0.509
-0.66
-0.482
-0.323
-0.085
-0.143
-0.12
-0.01
-0.253
-0.158
-0.06
-0.001
0.471
0.578
0.473
0.486
0.616
0.551
0.254
0.487
0.465
0.519
0.35
-0.009
0.021
0.12
0.111
0.091
0.284
0.219
-0.055
-0.189
-0.371
-0.291
-0.297
-0.029
0.071
0.188
-0.051
-0.256
-0.5
-0.559
-0.52
-0.39
-0.306
-0.326
-0.22
-0.147
-0.193
-0.408
-0.318
-0.408
-0.603
-0.36
-0.263
-0.667
-0.766
-0.54
-0.504
-0.414
-0.106
-0.003
-0.019
0.004
0.094
0.013
0.185
0.119
0.114
0.305
0.1
-0.203
-0.223
-0.396
-0.036
-0.161
-0.146
-0.181
-0.357
-0.281
-0.378
-0.156
-0.022
0.156
0.194
0.21
0.116
0.034
0.264
0.251
0.51
0.545
0.555
0.6
0.469
0.546
0.689
0.556
0.403
0.323
0.385
0.741
0.686
0.659
0.618
0.189
0.116
0.276
0.27
0.334
0.505
0.619
0.445
0.186
0.033
-0.118
-0.22
-0.283
-0.283
-0.149
0.043
0.121
0.264
0.422
0.469
0.421
0.226
0.186
0.114
0.256
0.215
0.265
0.297
0.246
0.11
0.205
0.188
0.0
0.219
0.307
0.532
0.426
0.32
0.311
0.196
0.345
0.188
0.357
0.403
0.491
0.536
0.503
0.753
0.853
0.996
0.844
0.922
0.843
0.784
0.753
1.022
0.895
0.796
0.746
0.715
0.654
0.806
0.894
0.831
0.828
0.649
0.682
0.698
0.77
0.754
0.685
0.894
0.973
0.961
0.821
0.769
0.555
0.776
0.615
0.489
0.576
0.546
0.421
0.253
0.138
0.144
0.209
0.173
0.2
0.006
0.072
0.105
0.029
-0.164
0.044
-0.007
0.15
0.341
0.469
0.469
0.259
0.179
0.13
0.171
0.006
0.266
0.52
0.559
0.686
0.795
0.978
1.164
0.956
0.955
0.938
1.056
0.944
0.961
1.059
0.82
0.677
0.599
0.703
0.705
0.659
0.735
0.726
0.465
0.203
0.039
0.076
0.045
-0.113
-0.195
-0.195
0.095
0.056
-0.036
-0.046
-0.001
0.049
-0.136
-0.106
-0.314
-0.22
-0.109
0.156
0.269
0.346
0.468
0.141
-0.018
0.247
0.333
0.28
0.154
0.226
0.278
0.414
0.383
0.506
0.169
0.212
0.054
-0.13
0.009
-0.03
0.256
0.324
0.03
0.074
-0.094
0.116
-0.134
-0.474
-0.649
-0.743
-0.657
-0.515
-0.453
-0.321
-0.666
-0.54
-0.829
-0.654
-0.585
-0.768
-0.759
-0.44
-0.508
-0.583
-0.541
-0.535
-0.343
-0.201
-0.367
-0.111
-0.126
0.022
0.323
0.225
-0.13
-0.432
-0.484
-0.531
-0.46
-0.4
-0.166
-0.095
-0.246
0.116
0.26
0.265
0.115
-0.011
0.141
0.169
0.166
0.086
0.092
0.064
-0.296
-0.037
0.088
0.124
0.284
0.464
0.364
0.269
-0.059
0.046
-0.194
-0.033
-0.219
-0.079
-0.041
-0.126
-0.089
0.055
0.136
0.226
0.378
0.321
0.124
0.071
-0.048
-0.246
-0.022
-0.146
0.245
0.101
-0.064
0.035
-0.095
-0.384
-0.091
-0.311
-0.258
-0.47
-0.371
-0.395
-0.565
-0.546
-0.39
-0.633
-0.527
-0.371
0.006
-0.145
-0.15
-0.134
-0.113
-0.285
-0.261
-0.124
-0.033
0.095
-0.028
-0.138
-0.214
-0.212
-0.35
-0.279
-0.249
-0.446
-0.328
-0.168
-0.297
-0.231
-0.07
0.031
0.139
0.195
0.101
0.086
0.01
0.072
-0.035
-0.215
0.074
-0.188
-0.305
-0.29
-0.455
-0.526
-0.652
-0.562
-0.417
-0.49
-0.478
-0.398
-0.091
-0.39
-0.616
-0.868
-0.743
-0.718
-0.853
-0.966
-1.034
-0.963
-1.05
-1.225
-1.055
-1.204
-1.029
-0.807
-0.574
-0.52
-0.355
-0.279
0.079
0.071
-0.024
-0.263
-0.396
-0.405
-0.569
-0.444
-0.406
-0.305
-0.263
-0.181
-0.226
-0.022
-0.014
0.345
0.269
0.405
0.534
0.158
0.022
0.083
0.19
-0.033
0.145
0.071
-0.071
-0.021
0.058
0.226
0.166
0.372
0.239
0.104
0.029
0.024
-0.143
-0.256
-0.025
-0.189
-0.219
-0.424
-0.575
-0.388
-0.756
-0.785
-0.734
-0.685
-0.685
-0.645
-0.519
-0.811
-0.7
-0.691
-0.695
-0.649
-0.568
-0.65
-0.61
-0.571
-0.511
-0.35
-0.279
-0.03
-0.006
0.059
0.026
-0.095
0.103
-0.083
-0.103
-0.079
-0.434
-0.422
-0.419
-0.279
-0.362
-0.393
-0.151
-0.072
0.326
0.004
0.107
-0.019
0.049
0.116
0.158
0.406
0.511
0.68
0.666
0.854
0.812
0.436
0.357
0.479
0.458
0.335
0.408
0.521
0.75
0.745
0.81
0.86
1.095
0.87
1.149
1.269
1.1
1.081
1.175
1.018
0.981
0.936
0.749
0.666
0.662
0.473
0.719
0.344
0.28
0.143
-0.105
-0.16
0.0
0.189
0.18
0.306
0.417
0.439
0.565
0.425
0.306
0.425
0.233
0.529
0.314
0.466
0.456
0.555
0.579
0.672
0.535
0.289
0.274
0.254
0.264
0.379
0.331
0.311
0.25
0.206
0.246
0.188
0.221
0.146
0.052
0.143
0.133
0.239
0.089
-0.21
-0.522
-0.797
-0.839
-0.936
-0.739
-0.907
-0.73
-1.116
-0.902
-1.189
-0.916
-0.89
-1.089
-1.048
-0.994
-1.129
-1.135
-1.238
-1.26
-1.218
-1.193
-0.896
-0.703
-0.73
-0.765
-0.671
-0.599
-0.52
-0.552
-0.344
-0.16
0.04
0.103
0.276
0.291
0.449
0.532
0.527
0.881
0.809
0.826
0.81
0.893
0.968
1.103
1.406
1.53
1.568
1.552
1.616
1.562
1.496
1.541
1.548
1.711
1.559
1.798
1.613
1.414
1.456
1.281
1.242
1.285
1.145
1.107
1.218
1.116
1.304
1.284
1.123
1.074
0.983
1.161
1.127
0.993
0.935
0.981
0.69
0.455
0.453
0.618
0.708
0.682
0.836
0.777
0.714
0.782
0.869
0.785
0.772
0.694
0.575
0.354
0.374
0.236
0.011
-0.024
0.075
-0.048
-0.116
-0.143
-0.285
-0.224
-0.149
-0.231
-0.527
-0.434
-0.812
-0.779
-0.623
-0.532
-0.463
-0.408
-0.276
-0.304
-0.401
-0.302
-0.059
0.234
0.124
0.211
0.122
-0.022
0.055
0.211
0.306
0.393
0.288
0.22
0.288
0.396
0.28
0.216
0.573
0.375
-0.021
0.194
0.32
0.52
0.615
0.782
1.143
0.999
0.964
0.899
0.754
0.601
0.566
0.621
0.638
0.704
0.679
0.576
0.623
0.494
0.606
0.647
0.38
0.449
0.185
0.23
0.554
0.48
0.555
0.355
0.223
0.044
-0.026
-0.319
-0.146
-0.138
-0.076
-0.122
0.03
0.03
0.072
-0.134
-0.411
-0.53
-0.645
-0.299
-0.254
-0.212
-0.355
-0.295
-0.24
-0.259
-0.212
-0.15
0.004
-0.199
-0.211
-0.36
-0.473
-0.634
-0.589
-0.611
-0.642
-0.74
-0.864
-1.155
-1.155
-1.113
-1.094
-1.091
-1.052
-1.177
-1.495
-1.396
-1.389
-1.311
-1.074
-0.943
-0.699
-0.881
-1.164
-0.891
-0.91
-0.641
-0.404
-0.372
-0.361
-0.261
-0.044
0.031
0.239
0.194
0.349
0.644
0.714
0.821
0.787
0.8
0.614
0.691
0.546
0.601
0.731
0.675
0.734
0.495
0.583
0.815
0.929
0.719
0.585
0.338
0.255
0.19
0.31
0.314
0.135
-0.101
-0.196
-0.339
-0.496
-0.305
-0.79
-0.589
-0.734
-0.583
-0.853
-0.94
-1.049
-1.022
-1.258
-1.45
-1.164
-1.27
-1.134
-1.21
-1.22
-1.51
-1.1
-0.975
-0.894
-0.665
-0.88
-0.469
-0.326
-0.161
-0.182
-0.026
0.037
0.034
0.069
-0.086
0.049
0.254
0.151
0.205
0.273
0.324
0.306
0.396
0.302
0.473
0.517
0.525
0.848
0.594
0.679
0.367
0.292
0.312
0.169
0.168
0.164
0.091
0.059
0.065
0.04
-0.06
0.124
-0.024
0.059
0.098
-0.004
0.114
0.033
-0.022
-0.024
-0.188
-0.258
-0.105
-0.104
0.051
-0.14
-0.177
-0.12
-0.23
-0.077
-0.133
-0.016
-0.091
-0.323
-0.166
-0.393
-0.352
-0.367
-0.268
-0.321
-0.294
-0.36
-0.376
-0.357
-0.41
-0.37
-0.519
-0.629
-0.626
-0.629
-0.664
-0.633
-0.516
-0.55
-0.489
-0.623
-0.539
-0.55
-0.436
-0.276
-0.266
-0.411
-0.408
-0.482
-0.211
-0.28
-0.276
-0.175
0.041
0.083
0.295
0.371
0.394
0.288
0.329
0.305
0.24
0.333
0.261
0.367
0.48
0.325
0.208
0.116
0.104
0.189
0.359
0.444
0.465
0.825
0.735
0.736
0.524
0.586
0.608
0.736
0.864
0.879
1.048
0.897
0.685
0.598
0.56
0.514
0.547
0.555
0.401
0.463
0.7
0.775
0.598
0.608
0.542
0.671
0.621
0.841
0.71
0.588
0.496
0.512
0.546
0.421
0.333
0.185
-0.075
-0.161
-0.152
-0.19
-0.19
0.0
0.031
0.138
0.029
-0.071
-0.089
-0.104
-0.033
0.014
-0.225
-0.316
-0.375
-0.536
-0.575
-0.53
-0.478
-0.39
-0.426
0.971
-0.301
-0.235
-0.39
-0.429
-0.461
-0.485
-0.302
-0.269
-0.208
0.019
-0.054
-0.21
-0.089
-0.072
-0.035
-0.03
0.122
0.019
0.171
-0.094
-0.009
-0.021
-0.018
-0.244
-0.29
-0.254
-0.046
-0.076
0.036
0.231
0.364
0.352
0.519
0.566
0.512
0.344
0.378
0.224
0.249
0.329
0.354
0.735
0.721
0.575
0.495
0.576
0.626
0.741
0.625
0.532
0.47
0.519
0.588
0.573
0.469
0.61
0.721
0.776
0.63
0.895
0.753
1.064
0.976
0.876
1.045
0.851
1.052
1.413
0.66
0.575
0.034
-0.066
-0.037
-0.138
0.119
0.355
0.55
0.63
0.777
0.694
0.801
0.73
0.841
0.811
0.588
0.434
0.333
0.285
0.234
0.348
0.351
0.268
0.436
0.48
0.31
0.193
0.291
0.215
0.159
0.052
-0.15
-0.059
-0.281
-0.565
-0.765
-0.974
-0.815
-0.714
-0.936
-0.91
-0.929
-1.107
-1.094
-1.131
-1.189
-1.099
-1.045
-1.203
-1.155
-1.228
-1.489
-1.33
-1.485
-1.261
-1.119
-1.184
-0.996
-0.895
-0.786
-0.709
-0.676
-0.566
-0.561
-0.448
-0.634
-0.55
-0.386
-0.409
-0.255
-0.159
0.001
0.129
0.072
0.29
0.446
0.278
0.575
0.934
0.974
1.131
1.173
0.792
0.664
0.672
0.695
0.603
0.557
0.87
0.463
0.41
0.247
0.343
0.098
-0.052
0.062
0.135
0.259
0.188
0.158
0.2
0.424
0.323
0.283
0.196
0.201
0.106
0.226
0.188
0.209
0.259
0.326
0.05
0.139
-0.056
0.145
0.234
0.254
0.106
-0.029
-0.003
-0.296
-0.281
-0.405
-0.235
-0.201
-0.062
-0.113
-0.115
-0.024
0.154
0.351
0.405
0.307
0.304
0.294
0.195
0.175
-0.014
-0.114
-0.179
-0.12
-0.104
-0.139
-0.134
-0.246
-0.113
-0.109
-0.296
-0.135
-0.306
-0.378
-0.427
-0.336
-0.001
0.004
-0.015
-0.129
-0.341
-0.656
-0.881
-1.06
-1.075
-1.1
-1.252
-1.129
-1.041
-0.815
-0.694
-0.679
-0.496
-0.265
-0.049
0.022
-0.041
0.143
0.096
0.224
0.03
-0.103
-0.074
-0.092
-0.224
-0.284
-0.139
-0.016
-0.075
0.079
0.247
0.09
0.062
0.074
0.029
-0.107
-0.02
-0.135
0.26
0.16
0.096
0.013
-0.175
-0.295
-0.31
-0.404
-0.044
0.055
0.401
0.395
0.414
0.367
0.551
0.28
0.42
0.501
0.339
0.484
0.354
0.356
0.258
0.214
0.228
0.096
0.206
0.209
0.225
0.194
0.259
0.365
0.38
0.203
0.409
0.527
0.454
0.414
0.391
0.453
0.591
0.76
0.82
0.526
0.404
0.35
0.27
0.378
0.343
0.149
0.065
0.19
0.021
0.046
0.064
0.264
0.323
0.367
0.527
0.41
0.275
0.119
0.069
-0.251
-0.274
-0.205
-0.228
-0.194
-0.425
-0.443
-0.512
-0.591
-0.851
-0.614
-0.585
-0.448
-0.266
-0.341
-0.505
-0.504
-0.54
-0.474
-0.588
-0.766
-0.713
-0.631
-0.756
-0.601
-0.534
-0.365
-0.49
-0.487
-0.354
-0.601
-0.772
-0.814
-0.705
-0.656
-0.708
-0.738
-0.839
-0.652
-0.545
-0.517
-0.59
-0.546
-0.453
-0.389
-0.449
-0.576
-0.718
-0.792
-0.939
-0.888
-0.731
-0.529
-0.331
-0.36
-0.228
-0.214
-0.181
-0.06
0.061
0.085
0.241
0.109
0.062
0.111
-0.066
0.05
-0.062
0.051
0.228
0.144
0.203
0.35
0.522
0.71
0.735
0.594
0.42
0.564
0.628
0.408
0.107
-0.151
0.052
0.072
-0.003
0.04
0.13
0.019
0.265
0.216
0.154
0.168
0.258
0.116
0.169
0.106
-0.083
-0.06
-0.074
0.095
0.124
0.081
0.064
0.05
-0.011
0.106
0.083
0.333
0.35
0.568
0.465
0.579
0.726
0.74
0.916
1.167
1.175
1.308
1.389
0.986
0.943
0.835
0.616
0.55
0.714
0.74
0.693
0.75
0.855
0.576
0.499
0.508
0.662
0.76
0.765
0.531
0.542
0.438
0.339
0.344
0.48
0.68
0.638
0.652
0.57
0.729
0.81
0.922
1.01
1.016
0.873
0.963
0.915
0.868
0.729
0.539
0.618
0.45
0.233
0.124
0.103
0.203
0.088
-0.041
0.045
-0.029
0.014
0.02
-0.061
-0.203
-0.242
-0.215
-0.286
-0.417
-0.249
-0.292
-0.206
-0.251
-0.01
-0.089
-0.077
-0.179
-0.011
0.264
0.041
0.168
0.216
0.584
0.579
0.672
0.807
0.584
0.647
0.571
0.703
0.802
0.794
0.659
0.531
0.456
0.182
0.302
0.211
0.08
0.083
-0.107
-0.265
-0.28
-0.463
-0.519
-0.385
-0.446
-0.537
-0.504
-0.475
-0.45
-0.625
-0.674
-0.856
-0.936
-0.864
-0.769
-0.715
-0.797
-0.45
-0.388
-0.425
-0.38
0.049
-0.164
-0.408
-0.473
-0.318
-0.217
-0.439
-0.43
-0.591
-0.165
-0.143
0.131
0.269
0.319
0.421
0.59
0.734
0.924
1.124
1.099
1.472
1.324
1.494
1.472
1.222
1.167
1.21
1.151
1.174
0.858
0.593
0.445
0.3
0.249
0.217
0.233
0.126
0.301
0.366
0.29
-0.1
0.007
-0.051
-0.015
-0.113
-0.074
-0.031
0.051
-0.245
-0.206
-0.001
-0.234
-0.236
-0.088
0.145
0.185
-0.077
-0.135
-0.043
-0.072
-0.006
0.092
0.196
0.247
0.05
0.054
-0.018
-0.19
-0.22
-0.03
0.115
0.15
-0.034
0.098
-0.05
-0.075
-0.085
0.23
0.519
0.501
0.475
0.46
0.285
0.516
0.391
0.319
0.299
0.019
0.03
-0.058
-0.328
-0.374
-0.307
-0.323
-0.427
-0.399
-0.71
-0.968
-1.208
-1.606
-1.324
-1.586
-1.406
-1.328
-1.374
-1.472
-1.522
-1.623
-1.351
-1.386
-1.261
-1.289
-1.086
-0.907
-1.179
-1.256
-1.255
-1.059
-0.589
-0.48
-0.219
-0.205
-0.159
-0.164
-0.15
-0.004
0.203
0.43
0.525
0.576
0.57
0.652
0.739
0.965
0.934
0.841
0.93
0.8
0.751
0.787
0.769
0.781
0.487
0.576
0.506
0.67
0.889
0.812
0.614
0.529
0.463
0.278
0.325
0.366
0.598
0.547
0.35
0.194
0.297
0.384
-0.041
-0.096
-0.094
-0.186
-0.069
-0.333
-0.14
-0.2
0.016
-0.125
0.043
0.21
0.32
0.29
0.344
0.421
0.486
0.381
0.393
0.336
0.375
0.334
0.674
0.626
0.686
0.471
0.356
0.094
0.205
0.02
-0.043
-0.421
-0.435
-0.626
-0.541
-0.575
-0.521
-0.522
-0.527
-0.695
-0.546
-0.859
-0.935
-0.679
-0.929
-0.868
-0.669
-0.645
-0.315
-0.206
-0.045
-0.079
0.056
0.071
-0.031
-0.106
-0.003
-0.029
0.09
0.302
0.356
0.459
0.499
0.508
0.487
0.427
0.185
0.129
0.125
0.169
0.22
0.274
0.275
0.378
0.161
-0.114
-0.169
-0.164
-0.114
-0.106
-0.146
-0.128
-0.158
-0.251
-0.125
-0.055
-0.168
-0.1
-0.215
-0.271
-0.238
-0.519
-0.586
-0.315
-0.396
-0.253
-0.289
-0.375
-0.284
-0.285
-0.406
-0.405
-0.503
-0.276
-0.278
-0.051
0.111
0.271
0.389
0.396
0.084
-0.041
-0.054
0.263
0.435
0.565
0.537
0.504
0.699
0.749
0.645
0.819
0.751
0.743
0.693
0.494
0.292
0.176
0.043
-0.03
-0.085
-0.133
-0.169
-0.045
-0.02
-0.069
-0.326
-0.228
-0.189
-0.439
-0.176
-0.525
-0.735
-0.954
-0.969
-1.016
-0.779
-0.863
-0.88
-0.781
-0.651
-0.639
-0.525
-0.283
-0.033
-0.072
-0.045
0.037
0.173
0.006
-0.225
-0.292
-0.217
-0.033
0.24
0.61
0.753
0.728
0.755
0.735
0.729
0.696
0.949
0.818
0.772
0.863
0.838
0.969
1.176
0.975
0.698
0.82
0.883
0.73
0.759
0.736
0.718
0.998
0.786
0.42
0.526
0.049
0.092
0.02
0.06
0.25
0.306
0.465
0.425
0.006
-0.247
-0.509
-0.536
-0.562
-0.339
-0.198
-0.029
0.048
-0.144
-0.201
-0.278
-0.439
-0.537
-0.584
-0.265
-0.274
0.044
0.233
0.45
0.414
0.542
0.475
0.521
0.119
-0.094
-0.134
-0.269
-0.01
0.144
0.163
0.381
0.13
0.357
0.352
0.231
0.129
0.296
0.414
0.522
0.261
0.122
-0.104
-0.265
-0.385
-0.336
-0.261
-0.184
-0.203
0.035
0.062
0.094
0.223
0.186
0.155
0.109
0.079
0.035
-0.051
0.03
0.273
0.753
0.818
1.153
1.046
1.019
0.924
0.716
0.976
0.888
1.08
0.996
1.24
1.309
1.05
1.008
0.73
0.776
0.904
0.809
0.73
0.512
0.598
0.62
0.568
0.551
0.492
0.471
0.628
0.425
0.295
0.514
0.17
0.224
0.206
-0.015
0.105
0.176
0.033
-0.031
-0.166
-0.615
-0.566
-0.618
-0.714
-0.776
-0.77
-0.664
-0.85
-0.796
-0.814
-0.671
-0.863
-0.814
-0.875
-1.038
-1.127
-0.943
-0.926
-0.679
-0.708
-0.838
-0.934
-1.032
-1.117
-0.964
-0.765
-0.85
-0.958
-0.751
-0.682
-0.665
-0.566
-0.445
-0.506
-0.31
-0.393
-0.221
-0.361
-0.405
-0.316
-0.374
-0.315
-0.164
-0.079
0.169
0.181
0.182
0.092
0.159
0.269
0.28
0.352
0.273
0.105
0.154
0.139
0.074
0.021
-0.111
-0.001
-0.025
0.145
0.23
0.312
0.48
0.268
0.089
0.427
0.383
0.334
0.451
0.733
0.932
1.177
1.229
1.324
1.181
0.964
0.686
0.672
0.754
1.032
1.222
1.167
0.954
0.604
0.236
0.284
0.544
0.591
0.576
0.286
0.276
0.09
0.01
0.061
0.004
-0.003
0.107
-0.003
-0.07
0.048
-0.02
0.261
0.135
0.105
0.056
0.046
-0.061
-0.031
-0.024
0.234
0.129
0.136
0.524
0.74
0.834
0.895
0.78
0.524
0.54
0.619
0.588
0.719
0.706
0.374
0.259
0.254
0.169
0.278
0.076
0.028
-0.015
-0.233
-0.12
-0.239
-0.39
-0.39
-0.576
-0.753
-0.776
-0.941
-1.081
-0.955
-0.958
-0.925
-0.954
-1.018
-1.101
-0.869
-0.961
-0.904
-0.698
-0.445
-0.362
-0.331
-0.351
-0.439
-0.414
-0.24
-0.441
-0.181
-0.089
-0.064
0.138
-0.03
0.113
0.005
0.147
0.163
0.198
0.085
0.315
0.454
0.411
0.362
0.256
0.479
0.579
0.795
0.615
0.894
1.12
0.99
0.836
0.568
0.633
0.618
0.604
0.584
0.649
0.505
0.21
0.131
-0.131
-0.085
-0.084
0.173
0.416
0.549
0.311
0.086
-0.092
-0.201
-0.088
0.144
-0.016
0.006
-0.106
-0.115
-0.273
-0.306
-0.524
-0.72
-0.724
-0.674
-0.574
-0.345
-0.409
-0.596
-0.625
-0.84
-0.902
-1.0
-0.955
-0.785
-0.76
-0.647
-0.946
-0.859
-1.065
-1.046
-0.805
-0.689
-0.554
-0.404
-0.429
-0.369
-0.191
-0.486
-0.414
-0.263
-0.225
-0.071
0.011
-0.094
0.101
-0.069
-0.086
-0.01
0.109
-0.015
0.185
0.115
0.226
0.056
0.006
-0.129
0.141
0.349
0.466
0.503
0.485
0.66
0.469
0.554
0.554
0.497
0.65
0.764
0.786
0.713
1.014
0.824
0.902
0.759
1.045
0.896
0.934
0.939
1.075
1.119
1.05
0.906
0.6
0.381
0.466
0.362
0.389
0.441
0.615
0.583
0.401
0.346
0.574
0.421
0.446
0.455
0.547
0.669
0.571
0.482
0.456
0.453
0.285
0.4
0.486
0.633
0.677
0.655
0.775
0.703
0.769
0.638
0.667
0.615
0.619
0.564
0.417
0.504
0.422
0.396
0.357
0.239
0.104
0.438
0.369
0.179
0.234
0.246
0.274
0.43
0.388
0.391
0.604
0.61
0.43
0.475
0.376
0.209
0.136
0.35
0.179
0.006
0.059
0.134
0.156
0.139
0.288
0.048
-0.141
-0.474
-0.427
-0.564
-0.549
-0.512
-0.677
-0.681
-0.725
-0.755
-0.618
-0.649
-0.531
-0.542
-0.406
-0.334
-0.036
0.251
0.185
0.103
0.089
0.048
0.341
0.186
0.251
0.24
0.424
0.52
0.429
0.405
-0.092
-0.246
-0.115
0.07
-0.045
0.065
0.086
-0.13
0.066
0.034
0.225
0.2
0.214
-0.044
0.01
0.031
-0.116
0.029
0.004
-0.16
-0.141
-0.058
-0.164
-0.113
-0.066
-0.301
-0.088
0.046
0.096
0.026
0.035
-0.03
0.084
0.151
-0.033
-0.307
-0.384
-0.094
0.039
0.256
0.357
0.39
0.384
0.231
0.369
0.441
0.57
0.578
0.448
0.36
0.196
-0.031
0.007
0.029
0.466
0.352
0.445
0.473
0.216
0.079
0.107
-0.044
-0.14
-0.09
-0.184
-0.149
0.046
0.241
0.245
0.143
-0.04
-0.084
0.307
0.349
0.522
0.709
0.718
0.789
0.649
0.642
0.524
0.57
0.631
0.841
0.924
0.791
0.787
0.526
0.374
0.316
0.259
0.216
0.065
0.006
0.056
-0.174
-0.09
-0.065
-0.309
-0.276
-0.29
-0.512
-0.334
-0.522
-1.008
-1.27
-1.486
-1.669
-1.944
-2.106
-1.885
-1.778
-1.994
-1.913
-2.054
-2.062
-2.194
-2.079
-2.09
-2.152
-1.904
-1.854
-1.645
-1.644
-1.433
-1.238
-1.154
-1.019
-0.768
-0.545
-0.333
-0.276
-0.139
-0.081
-0.179
-0.116
0.075
0.22
0.281
0.501
0.821
0.806
0.809
0.61
0.604
0.866
0.961
1.312
1.331
1.407
1.387
1.051
1.1
1.089
1.076
0.986
1.096
1.025
0.938
0.723
0.604
0.696
0.294
0.233
-0.018
-0.301
-0.314
-0.554
-0.405
-0.549
-0.591
-0.579
-0.443
-0.496
-0.639
-0.578
-0.431
-0.134
-0.179
0.134
0.064
-0.079
-0.136
-0.131
-0.124
0.003
-0.058
-0.066
-0.15
-0.145
0.1
0.208
0.171
0.289
0.077
0.191
0.01
-0.05
-0.049
-0.069
-0.001
-0.135
-0.155
-0.128
-0.065
-0.391
-0.39
-0.618
-0.536
-0.427
-0.411
-0.372
-0.484
-0.682
-0.693
-0.76
-0.698
-0.753
-0.881
-0.825
-0.644
-0.664
-0.519
-0.703
-0.61
-0.485
-0.609
-0.575
-0.396
-0.511
-0.376
-0.319
-0.101
-0.32
-0.119
-0.021
0.345
0.547
0.723
0.542
0.357
0.147
0.026
0.009
0.049
0.307
0.463
0.434
0.516
0.446
0.143
0.075
0.028
-0.186
-0.196
0.061
0.297
0.35
0.436
0.121
-0.07
0.05
0.14
-0.105
0.309
0.434
0.78
0.633
0.335
0.445
0.16
0.444
0.584
0.865
0.696
0.871
0.946
0.829
0.64
0.603
0.559
0.581
0.43
0.468
0.174
0.037
-0.279
-0.494
-0.32
-0.312
-0.28
-0.375
-0.458
-0.449
-0.733
-0.883
-0.988
-0.951
-0.945
-0.916
-0.7
-0.7
-0.585
-0.796
-0.679
-0.57
-0.578
-0.321
-0.352
-0.035
-0.138
-0.138
-0.231
-0.214
-0.394
-0.404
-0.372
-0.146
-0.013
0.025
-0.12
-0.193
-0.135
-0.266
-0.083
-0.129
0.288
0.468
0.556
0.509
0.4
0.271
0.446
0.549
0.511
0.605
0.652
0.589
0.794
0.981
1.27
1.535
1.605
1.41
1.131
1.059
0.981
1.062
1.075
1.116
1.228
1.103
1.069
1.058
1.097
0.865
0.919
0.946
0.984
0.915
0.519
0.713
0.758
0.951
0.976
0.909
0.9
0.9
0.851
0.672
0.703
0.829
0.698
0.409
0.299
0.111
0.01
0.147
0.043
-0.025
0.029
-0.045
-0.018
-0.058
0.06
-0.26
-0.059
0.094
-0.129
-0.09
-0.188
-0.149
-0.134
0.306
0.23
0.544
0.51
0.547
0.562
0.7
0.634
0.689
0.756
0.77
0.751
0.329
0.125
-0.109
-0.17
-0.036
0.015
0.435
0.301
0.288
0.266
0.343
0.099
0.076
0.175
-0.006
-0.094
-0.074
-0.258
-0.385
-0.321
-0.517
-0.355
-0.446
-0.085
0.07
0.255
0.274
0.279
0.556
0.38
0.051
-0.343
-0.166
-0.152
-0.352
-0.527
-0.294
-0.595
-0.474
-0.193
-0.113
-0.171
-0.249
-0.234
-0.289
-0.354
-0.565
-0.805
-0.84
-1.001
-0.901
-0.72
-0.655
-0.736
-0.865
-1.031
-0.83
-1.119
-0.895
-0.941
-0.958
-1.046
-0.869
-1.17
-1.203
-1.071
-1.215
-1.066
-0.797
-0.829
-0.634
-0.635
-0.468
-0.556
-0.32
-0.128
0.092
0.236
0.256
0.096
-0.037
-0.066
-0.011
0.195
0.28
0.292
0.537
0.541
0.78
0.53
0.299
0.471
0.677
0.836
0.915
0.794
0.76
0.728
0.771
0.775
0.76
0.733
0.559
0.438
0.446
0.079
0.105
-0.189
-0.029
-0.21
-0.228
-0.173
-0.189
-0.074
-0.235
-0.155
-0.024
-0.088
0.001
-0.091
0.115
0.025
0.079
0.176
0.11
0.299
0.404
0.324
0.341
0.14
-0.005
0.051
0.312
0.501
0.552
0.517
0.796
0.66
0.503
0.122
-0.255
-0.463
-0.619
-0.599
-0.834
-0.815
-0.934
-0.629
-0.495
-0.638
-0.642
-0.354
-0.228
-0.199
-0.408
-0.485
-0.398
-0.836
-0.989
-0.797
-0.645
-0.939
-0.79
-0.685
-0.561
-0.443
-0.379
-0.138
-0.029
0.02
-0.094
-0.066
-0.114
-0.159
-0.185
0.025
0.343
0.495
0.576
0.609
0.677
0.779
0.706
0.7
0.804
0.91
0.86
0.633
0.67
0.62
0.579
0.576
0.704
0.885
0.769
0.562
0.647
0.446
0.324
0.672
0.776
0.589
0.511
0.455
0.384
0.214
0.365
0.113
0.479
0.391
0.559
0.761
0.642
0.797
0.662
0.828
0.912
0.935
0.828
0.517
0.191
0.15
0.046
0.193
0.281
0.316
0.361
0.109
0.306
0.372
0.284
0.495
0.527
0.504
0.244
0.135
0.088
-0.271
-0.345
-0.503
-0.351
-0.451
-0.388
-0.367
-0.334
-0.435
-0.55
-0.638
-0.684
-0.746
-0.626
-0.761
-0.851
-1.24
-1.073
-1.088
-0.999
-1.066
-1.109
-1.031
-1.095
-0.979
-1.144
-1.079
-0.914
-0.799
-0.805
-0.735
-0.746
-0.815
-0.834
-0.823
-0.616
-0.504
-0.321
-0.019
0.092
0.101
-0.081
-0.129
-0.295
-0.124
-0.1
-0.036
-0.184
-0.095
-0.14
-0.376
-0.465
-0.361
-0.499
-0.503
-0.439
-0.399
-0.191
0.107
0.3
0.077
-0.031
0.168
0.15
0.236
0.331
0.401
0.5
0.516
0.385
-0.084
-0.169
0.089
0.077
0.18
0.086
0.092
0.268
0.321
0.352
0.296
0.339
0.5
0.193
0.471
0.464
0.539
0.514
0.385
0.621
0.704
0.689
0.581
0.453
0.504
0.194
0.19
-0.004
-0.089
-0.186
-0.258
-0.223
-0.325
-0.527
-0.482
-0.464
-0.254
-0.11
-0.125
-0.092
0.06
0.15
0.086
0.219
0.307
0.323
0.609
0.674
0.245
0.629
0.524
0.569
0.429
0.552
1.005
0.976
1.038
0.79
0.819
0.979
0.763
0.845
0.61
0.628
0.254
0.623
0.542
0.58
0.546
0.713
0.593
0.375
0.351
0.134
0.301
0.431
0.465
0.39
0.413
0.573
0.716
0.909
0.905
1.0
1.215
1.39
1.331
1.585
1.562
1.419
1.488
1.381
1.254
1.018
0.993
0.6
0.323
0.439
0.446
0.709
0.264
0.316
0.37
0.253
0.139
0.146
0.208
0.215
0.246
0.439
0.072
-0.022
-0.035
-0.014
0.09
-0.151
-0.166
-0.365
-0.534
-0.782
-0.671
-0.62
-0.807
-0.754
-0.743
-0.824
-0.883
-0.766
-0.905
-0.969
-0.994
-1.318
-1.299
-1.347
-1.239
-1.125
-1.105
-1.032
