0.181
0.21
0.149
0.106
0.208
0.38
0.449
0.438
0.461
0.642
0.49
0.758
0.736
0.72
0.733
0.616
0.57
0.525
0.521
0.489
0.375
0.356
0.517
0.485
0.291
0.299
0.37
0.151
0.18
0.058
0.159
0.122
0.195
0.086
-0.013
0.144
0.147
0.124
0.122
0.154
0.328
0.331
0.281
0.269
0.254
0.35
0.429
0.434
0.46
0.557
0.486
0.435
0.401
0.4
0.435
0.425
0.395
0.372
0.182
0.164
0.135
0.071
-0.05
-0.006
0.168
0.2
-0.095
-0.101
-0.309
-0.343
-0.438
-0.555
-0.557
-0.485
-0.481
-0.506
-0.485
-0.499
-0.741
-0.562
-0.685
-0.855
-0.824
-0.814
-0.616
-0.688
-0.671
-0.907
-0.706
-0.786
-0.81
-0.89
-0.875
-0.814
-1.0
-0.871
-0.895
-0.85
-0.886
-0.859
-0.855
-0.818
-0.769
-0.787
-0.745
-0.682
-0.636
-0.665
-0.562
-0.357
-0.564
-0.463
-0.525
-0.557
-0.4
-0.396
-0.438
-0.346
-0.285
-0.258
-0.281
-0.256
-0.106
-0.048
-0.161
-0.149
-0.015
0.06
-0.05
-0.065
0.079
0.022
0.072
0.028
0.198
0.301
0.239
0.311
0.547
0.641
0.633
0.618
0.738
0.829
0.763
0.764
0.863
0.761
0.801
0.897
0.871
0.735
0.741
0.738
0.845
0.84
0.733
0.782
0.741
0.75
0.709
0.782
0.765
0.82
0.849
0.863
0.988
0.869
0.804
0.844
0.828
0.638
0.549
0.69
0.556
0.361
0.413
0.381
0.372
0.268
0.285
0.249
0.2
0.206
0.198
0.255
0.24
0.251
0.23
0.165
0.199
0.14
0.139
0.014
0.215
0.083
-0.019
-0.005
-0.035
0.044
-0.12
-0.045
-0.114
0.009
-0.043
0.071
0.141
-0.04
-0.049
-0.039
-0.069
-0.106
-0.231
-0.16
-0.166
-0.186
-0.14
-0.09
-0.145
-0.205
-0.319
-0.269
-0.307
-0.314
-0.375
-0.283
-0.279
-0.296
-0.139
-0.026
0.009
0.058
0.092
0.054
0.189
0.165
0.275
0.305
0.381
0.366
0.469
0.499
0.621
0.67
0.645
0.694
0.703
0.644
0.662
0.703
0.746
0.706
0.525
0.473
0.508
0.511
0.52
0.454
0.364
0.461
0.469
0.372
0.286
0.201
0.181
0.198
0.089
-0.006
-0.164
-0.092
-0.076
-0.271
-0.312
-0.14
-0.427
-0.465
-0.415
-0.435
-0.376
-0.166
-0.095
-0.129
-0.075
-0.168
-0.089
0.021
-0.173
-0.096
-0.171
-0.193
-0.121
0.028
-0.036
-0.079
-0.054
0.005
0.194
0.139
0.343
0.431
0.539
0.45
0.438
0.657
0.604
0.661
0.745
0.8
0.891
1.091
1.367
1.319
1.335
1.324
1.394
1.298
1.354
1.274
1.167
1.198
1.107
1.194
1.069
1.14
0.961
1.064
0.995
0.994
0.836
0.72
0.556
0.517
0.331
0.385
0.309
0.336
0.324
0.288
0.118
-0.055
-0.07
-0.174
-0.131
-0.255
-0.228
-0.169
-0.255
-0.224
-0.285
-0.242
-0.333
-0.444
-0.351
-0.151
-0.12
-0.235
-0.321
-0.419
-0.32
-0.281
-0.229
-0.431
-0.471
-0.453
-0.499
-0.292
-0.18
-0.04
0.003
-0.003
0.086
-0.081
-0.07
0.226
0.16
0.241
0.196
0.129
0.171
0.219
0.335
0.398
0.393
0.464
0.633
0.72
0.814
0.814
0.953
0.951
0.951
0.89
0.9
0.777
0.736
0.642
0.566
0.57
0.647
0.615
0.641
0.521
0.494
0.61
0.728
0.895
0.869
0.845
0.695
0.561
0.51
0.503
0.486
0.411
0.568
0.395
0.416
0.138
0.066
0.024
-0.089
-0.08
-0.217
-0.029
-0.334
-0.21
-0.156
-0.159
-0.198
-0.255
-0.216
-0.296
-0.508
-0.595
-0.463
-0.405
-0.369
-0.324
-0.35
-0.234
-0.12
-0.103
-0.174
-0.141
-0.196
-0.163
-0.139
-0.159
-0.058
-0.058
-0.004
0.254
0.115
0.394
0.289
0.411
0.375
0.458
0.479
0.466
0.649
0.704
0.56
0.354
0.569
0.738
0.633
0.6
0.594
0.468
0.456
0.356
0.11
0.314
0.19
0.275
0.24
0.177
0.088
0.049
0.065
0.118
-0.081
-0.094
-0.104
-0.026
0.003
-0.143
-0.319
-0.406
-0.356
-0.415
-0.406
-0.434
-0.478
-0.344
-0.574
-0.625
-0.535
-0.438
-0.475
-0.404
-0.259
-0.388
-0.116
-0.091
0.081
0.116
0.125
0.147
0.046
-0.059
-0.135
-0.03
0.224
0.411
0.492
0.335
0.463
0.505
0.647
0.626
0.679
1.046
0.904
0.749
0.759
0.589
0.519
0.634
0.695
0.719
0.621
0.517
0.427
0.427
0.2
0.11
0.159
0.151
0.135
0.01
0.007
0.06
-0.02
-0.136
-0.405
-0.292
-0.466
-0.524
-0.325
-0.354
-0.464
-0.324
-0.556
-0.479
-0.304
-0.288
-0.406
-0.4
-0.229
-0.205
-0.111
-0.198
-0.141
-0.113
-0.147
0.054
-0.135
-0.088
-0.104
-0.215
-0.116
-0.013
-0.253
-0.283
-0.375
-0.378
-0.336
-0.286
-0.206
-0.275
-0.203
-0.206
-0.311
-0.198
-0.138
-0.105
-0.33
-0.305
-0.386
-0.239
-0.194
-0.136
0.116
0.08
0.228
0.155
0.279
0.378
0.199
0.289
0.052
-0.049
-0.049
0.006
0.074
-0.128
0.033
0.092
0.176
0.114
0.141
0.059
0.011
0.139
0.01
0.062
0.143
-0.071
-0.101
-0.17
-0.245
-0.255
-0.45
-0.388
-0.453
-0.427
-0.315
-0.29
-0.121
-0.135
-0.115
-0.26
-0.384
-0.547
-0.799
-0.93
-0.904
-0.895
-0.693
-0.74
-0.775
-0.51
-0.422
-0.306
-0.3
-0.285
-0.256
-0.099
-0.089
0.009
0.02
-0.113
0.015
0.115
0.159
0.305
0.145
0.235
0.356
0.44
0.504
0.709
0.825
0.81
0.621
0.728
0.738
0.64
0.458
0.179
0.088
0.196
-0.026
0.114
-0.08
-0.181
-0.326
-0.27
-0.224
-0.311
-0.384
-0.357
-0.338
-0.241
-0.221
-0.254
-0.403
-0.435
-0.409
-0.4
-0.494
-0.299
-0.429
-0.525
-0.534
-0.626
-0.7
-0.825
-0.883
-0.926
-0.856
-0.909
-0.811
-0.782
-0.917
-0.895
-0.866
-0.685
-0.733
-0.713
-0.846
-0.795
-0.812
-0.855
-0.885
-0.883
-0.986
-0.804
-0.749
-0.591
-0.728
-0.68
-0.741
-0.654
-0.738
-0.751
-0.458
-0.389
-0.271
-0.411
-0.359
-0.225
-0.019
0.195
0.385
0.555
0.698
0.896
1.064
0.886
0.754
0.695
0.628
0.734
0.686
0.65
0.686
0.512
0.345
0.522
0.393
0.515
0.806
0.66
0.706
0.743
0.819
0.785
0.67
0.56
0.339
0.259
0.189
0.135
0.155
0.01
0.015
0.141
0.143
0.096
-0.195
-0.156
-0.503
-0.466
-0.701
-0.844
-0.925
-0.645
-0.758
-0.671
-0.71
-0.666
-0.655
-0.506
-0.5
-0.355
-0.41
-0.395
-0.37
-0.304
-0.37
-0.214
-0.175
0.006
0.061
0.169
0.306
0.561
0.576
0.714
0.728
0.79
0.875
0.904
0.871
0.825
0.82
0.694
0.554
0.492
0.461
0.385
0.414
0.48
0.522
0.491
0.395
0.319
0.226
0.336
0.229
0.399
0.295
0.312
0.255
0.354
0.364
0.357
0.32
0.318
0.206
-0.018
-0.139
-0.115
-0.281
-0.396
-0.46
-0.421
-0.301
-0.335
-0.253
-0.171
-0.239
-0.022
0.015
0.211
0.171
0.101
0.09
0.19
0.214
0.168
0.103
0.06
0.049
0.091
-0.077
-0.03
-0.22
-0.409
-0.338
-0.247
-0.391
-0.241
-0.239
-0.375
-0.285
-0.451
-0.556
-0.379
-0.524
-0.426
-0.48
-0.41
-0.29
-0.309
-0.376
-0.361
-0.326
-0.355
-0.376
-0.394
-0.521
-0.376
-0.264
-0.131
-0.168
-0.122
-0.092
-0.04
-0.034
-0.086
0.104
0.07
-0.005
0.15
0.104
0.141
0.195
0.29
0.255
0.14
0.07
0.224
0.334
0.403
0.286
0.379
0.426
0.524
0.541
0.482
0.48
0.53
0.429
0.263
0.128
-0.069
0.022
-0.176
-0.301
-0.13
-0.21
-0.235
-0.231
-0.194
-0.165
-0.21
-0.329
-0.281
-0.217
-0.21
-0.228
-0.16
-0.194
-0.156
-0.075
0.114
-0.018
0.052
0.09
0.186
0.109
-0.003
0.119
0.126
0.077
0.195
0.045
0.021
0.001
0.059
0.05
0.094
0.163
0.194
0.064
0.051
0.024
-0.031
-0.169
-0.136
-0.311
-0.229
-0.391
-0.698
-0.871
-0.943
-1.049
-1.191
-1.416
-1.4
-1.365
-1.316
-1.1
-1.305
-1.251
-1.209
-1.144
-1.146
-1.27
-1.366
-1.228
-1.3
-1.355
-1.377
-1.41
-1.355
-1.305
-1.111
-1.001
-0.875
-0.863
-0.771
-0.771
-0.696
-0.454
-0.537
-0.435
-0.474
-0.427
-0.294
-0.422
-0.225
-0.247
-0.071
-0.045
0.031
0.113
0.054
0.081
0.253
0.336
0.455
0.406
0.539
0.718
0.787
0.765
0.826
0.939
1.099
1.01
0.883
0.889
1.048
1.009
0.917
0.719
0.579
0.535
0.65
0.584
0.534
0.371
0.355
0.404
0.229
0.394
0.269
0.266
0.359
0.399
0.212
0.099
-0.069
-0.026
-0.022
-0.155
-0.147
-0.247
-0.107
-0.177
-0.226
-0.214
-0.292
-0.098
-0.058
0.052
0.062
0.101
0.091
0.166
0.168
0.1
0.13
0.181
0.184
0.06
0.13
-0.013
-0.096
-0.079
-0.21
-0.107
-0.225
-0.241
-0.375
-0.401
-0.195
-0.362
-0.208
-0.144
-0.336
-0.194
-0.482
-0.441
-0.374
-0.381
-0.401
-0.258
-0.175
0.025
-0.049
-0.081
-0.179
-0.193
-0.031
0.122
0.089
-0.05
-0.103
0.165
0.098
0.336
0.394
0.466
0.503
0.445
0.253
0.24
0.165
0.089
-0.044
-0.176
-0.21
-0.338
-0.434
-0.372
-0.581
-0.379
-0.244
-0.249
-0.453
-0.372
-0.311
-0.176
-0.249
-0.18
-0.099
-0.234
-0.154
-0.185
-0.37
-0.391
-0.236
-0.29
-0.221
-0.326
-0.324
-0.32
-0.106
-0.052
0.02
0.024
0.139
0.151
-0.007
-0.076
-0.219
-0.241
-0.255
-0.263
-0.18
-0.36
-0.268
-0.191
-0.081
-0.285
-0.25
-0.125
-0.091
-0.216
-0.043
-0.024
-0.005
0.103
0.048
-0.16
-0.208
-0.285
-0.077
0.019
-0.11
-0.206
0.022
-0.058
0.121
-0.044
-0.018
-0.018
0.035
0.135
0.177
0.094
0.081
0.249
0.297
0.304
0.224
0.336
0.542
0.601
0.542
0.571
0.566
0.721
0.831
0.753
1.039
0.936
0.871
0.796
0.841
0.774
0.696
0.569
0.421
0.244
0.079
0.08
0.04
0.059
-0.056
0.024
0.103
0.101
0.083
0.126
-0.026
-0.045
0.21
0.329
0.19
0.201
0.258
0.413
0.448
0.403
0.451
0.391
0.546
0.413
0.259
0.149
0.177
0.307
0.201
0.244
0.125
0.14
0.079
0.099
0.096
-0.079
-0.128
-0.182
-0.1
-0.119
-0.185
-0.084
-0.131
-0.146
-0.171
-0.319
-0.256
-0.244
-0.453
-0.517
-0.56
-0.46
-0.32
-0.144
-0.121
-0.072
-0.201
-0.16
-0.215
-0.296
-0.306
-0.316
-0.403
-0.383
-0.505
-0.549
-0.37
-0.291
-0.196
-0.182
-0.205
-0.07
-0.188
-0.092
-0.048
0.163
0.094
-0.118
-0.06
-0.184
-0.171
-0.071
-0.034
-0.196
-0.335
-0.219
-0.199
-0.064
-0.224
-0.246
-0.109
-0.1
-0.169
-0.007
-0.116
-0.171
-0.158
-0.045
-0.06
0.121
0.07
0.145
0.23
0.323
0.193
0.258
0.111
0.058
-0.105
-0.088
-0.098
0.034
0.156
0.049
-0.081
-0.158
-0.16
-0.022
0.04
0.059
0.064
0.196
0.217
0.211
0.246
0.136
0.255
0.251
0.324
0.046
-0.02
0.075
-0.126
-0.095
-0.114
-0.219
0.069
0.066
0.071
0.001
-0.006
0.01
-0.191
0.019
-0.014
-0.239
-0.064
-0.054
-0.318
-0.109
-0.266
-0.219
-0.231
-0.33
-0.33
-0.389
-0.422
-0.504
-0.751
-0.791
-0.716
-0.946
-0.9
-0.708
-0.846
-0.899
-0.986
-0.868
-0.963
-0.802
-0.695
-0.82
-0.721
-0.636
-0.791
-0.478
-0.557
-0.541
-0.509
-0.524
-0.53
-0.549
-0.341
-0.294
-0.251
-0.185
-0.18
-0.035
-0.176
-0.076
-0.198
-0.114
0.189
0.268
0.399
0.478
0.486
0.324
0.497
0.36
0.461
0.461
0.598
0.454
0.416
0.593
0.578
0.608
0.559
0.464
0.589
0.693
0.689
0.776
0.723
0.715
0.734
0.87
0.934
0.905
1.018
0.831
0.861
0.835
0.615
0.649
0.904
0.659
0.675
0.542
0.379
0.27
0.276
0.319
0.465
0.479
0.45
0.355
0.278
0.247
0.24
0.184
0.379
0.435
0.421
0.251
0.316
0.446
0.383
0.302
0.421
0.242
0.411
0.501
0.501
0.445
0.45
0.378
0.335
0.367
0.603
0.482
0.701
0.77
0.695
0.584
0.708
0.699
0.787
0.777
0.755
0.679
0.701
0.517
0.525
0.399
0.331
0.383
0.419
0.408
0.413
0.348
0.549
0.753
0.698
0.77
0.779
0.671
0.759
0.662
0.902
1.059
0.983
1.079
0.98
1.117
1.339
1.438
1.515
1.534
1.562
1.55
1.589
1.512
1.536
1.62
1.383
1.492
1.44
1.4
1.255
1.173
1.14
1.203
1.069
0.925
0.934
0.861
0.812
0.74
0.805
0.7
0.689
1.184
1.0
0.896
0.728
0.685
0.601
0.753
0.66
0.571
0.728
0.599
0.797
0.6
0.479
0.364
0.47
0.524
0.552
0.52
0.51
0.672
0.869
0.9
0.776
0.755
0.88
0.838
0.777
0.995
0.703
0.642
0.559
0.378
0.446
0.461
0.435
0.444
0.46
0.53
0.403
0.768
0.626
0.556
0.517
0.47
0.256
0.188
0.105
0.048
0.019
0.044
0.031
0.175
0.266
0.478
0.456
0.41
0.246
0.48
0.48
0.485
0.551
0.619
0.559
0.56
0.634
0.517
0.662
0.714
0.728
0.828
0.826
0.626
0.545
0.593
0.474
0.326
0.536
0.761
0.649
0.716
0.718
0.676
0.708
0.576
0.684
0.863
0.816
0.91
1.031
1.193
0.944
1.163
1.305
1.336
1.151
0.995
0.98
0.85
0.797
0.708
0.427
0.174
0.406
0.146
-0.101
-0.294
-0.386
-0.276
-0.214
-0.384
-0.55
-0.475
-0.556
-0.89
-1.16
-1.05
-1.176
-1.238
-1.222
-1.216
-1.131
-1.149
-1.036
-0.789
-0.818
-1.019
-0.998
-0.838
-0.973
-0.868
-0.875
-0.724
-0.711
-0.74
-0.945
-0.931
-0.763
-0.624
-0.713
-0.361
-0.438
-0.479
-0.181
-0.119
-0.034
0.18
0.309
0.429
0.552
0.791
0.756
0.624
0.591
0.45
0.621
0.705
0.825
1.002
1.08
1.001
0.899
0.661
0.591
0.569
0.408
0.514
0.28
0.23
0.184
-0.147
-0.134
-0.249
-0.336
-0.385
-0.376
-0.43
-0.588
-0.583
-0.583
-0.621
-0.413
-0.443
-0.45
-0.667
-0.654
-0.879
-1.049
-1.07
-0.916
-0.638
-0.86
-0.796
-0.81
-0.754
-0.713
-0.611
-0.463
-0.354
-0.305
-0.194
-0.256
-0.247
-0.116
-0.151
-0.273
-0.285
-0.191
-0.062
0.049
-0.029
-0.136
-0.062
-0.182
-0.239
-0.145
-0.185
-0.089
-0.074
-0.134
-0.121
-0.274
-0.51
-0.557
-0.56
-0.649
-0.694
-0.736
-0.83
-0.844
-0.91
-1.001
-1.104
-1.167
-1.181
-1.284
-1.196
-1.133
-0.96
-0.858
-0.684
-0.96
-0.77
-0.689
-0.8
-0.689
-0.647
-0.524
-0.574
-0.458
-0.473
-0.531
-0.403
-0.58
-0.301
-0.268
-0.151
-0.278
-0.215
-0.115
-0.185
-0.166
-0.268
0.064
-0.019
-0.1
-0.098
-0.152
-0.09
-0.034
-0.024
-0.003
0.15
0.376
0.45
0.524
0.588
0.506
0.354
0.429
0.375
0.201
0.188
0.182
0.099
0.024
-0.101
-0.175
-0.381
-0.238
-0.206
-0.386
-0.557
-0.449
-0.581
-0.616
-0.676
-0.759
-0.915
-0.894
-0.691
-0.675
-0.755
-0.667
-0.735
-0.815
-0.759
-0.583
-0.618
-0.465
-0.171
-0.266
-0.23
-0.115
-0.043
0.126
0.099
0.043
-0.066
-0.176
-0.111
0.051
0.118
0.325
0.271
0.484
0.405
0.415
0.31
0.275
0.16
0.024
0.081
-0.014
-0.104
-0.314
-0.362
-0.185
-0.37
-0.291
-0.236
-0.384
-0.285
-0.468
-0.438
-0.512
-0.522
-0.679
-0.634
-0.511
-0.492
-0.491
-0.604
-0.58
-0.735
-0.716
-0.611
-0.593
-0.351
-0.583
-0.583
-0.646
-0.438
-0.355
-0.3
-0.324
-0.516
-0.425
-0.537
-0.419
-0.364
-0.454
-0.354
-0.379
-0.393
-0.424
-0.465
-0.328
-0.319
-0.154
-0.159
-0.083
0.049
-0.069
-0.006
-0.174
-0.022
0.021
-0.105
-0.091
0.129
-0.02
-0.01
0.188
0.193
0.191
0.133
0.284
0.285
0.21
0.189
0.27
0.253
0.121
-0.01
-0.06
-0.115
-0.03
-0.103
-0.216
-0.27
-0.33
-0.32
-0.541
-0.401
-0.289
-0.201
-0.245
-0.171
-0.194
0.071
0.049
0.004
-0.035
0.04
-0.185
-0.084
-0.039
-0.025
-0.06
-0.009
-0.171
-0.328
-0.383
-0.35
-0.445
-0.42
-0.436
-0.334
-0.411
-0.516
-0.938
-0.905
-1.024
-0.924
-0.843
-0.863
-0.816
-0.605
-0.67
-0.526
-0.52
-0.478
-0.492
-0.429
-0.226
-0.318
-0.062
0.037
0.214
0.289
0.278
0.233
-0.018
-0.059
-0.022
0.161
0.295
0.364
0.521
0.545
0.579
0.506
0.426
0.105
0.033
0.143
0.029
-0.06
-0.016
-0.015
-0.031
-0.009
-0.09
-0.065
-0.084
-0.306
-0.158
-0.155
-0.179
-0.041
-0.341
-0.349
-0.348
-0.551
-0.525
-0.537
-0.396
-0.419
-0.29
-0.425
-0.489
-0.376
-0.398
-0.319
-0.345
-0.231
-0.245
-0.17
-0.077
-0.19
-0.147
-0.088
0.064
0.143
0.173
0.166
0.274
0.06
0.09
0.081
-0.041
-0.033
-0.111
-0.029
0.044
0.058
-0.018
-0.048
-0.039
-0.104
-0.01
0.034
0.022
-0.055
-0.179
-0.166
-0.263
-0.179
-0.286
-0.125
-0.319
-0.381
-0.594
-0.599
-0.619
-0.819
-0.831
-0.576
-0.698
-0.595
-0.694
-0.535
-0.55
-0.6
-0.843
-0.761
-0.819
-0.719
-0.501
-0.501
-0.416
-0.369
-0.35
-0.09
0.05
0.121
0.111
0.297
0.224
0.191
0.265
0.234
0.45
0.345
0.309
0.506
0.584
0.562
0.604
0.573
0.578
0.531
0.545
0.396
0.352
0.378
0.449
0.376
0.041
0.255
0.036
0.039
0.04
-0.026
-0.154
-0.195
-0.321
-0.185
-0.305
-0.228
-0.311
-0.446
-0.419
-0.427
-0.32
-0.256
-0.349
-0.23
-0.315
-0.285
-0.098
-0.151
-0.007
0.236
0.147
0.542
0.516
0.74
0.738
0.761
0.691
0.754
0.688
0.391
0.497
0.241
0.174
0.119
0.05
0.186
0.103
-0.004
0.036
-0.177
-0.276
-0.216
-0.235
-0.168
-0.253
-0.139
-0.321
-0.21
-0.321
-0.076
0.048
-0.016
0.005
-0.08
0.014
-0.07
-0.149
-0.015
0.146
0.12
0.31
0.169
0.092
0.235
0.189
0.289
0.394
0.316
0.249
0.302
0.406
0.505
0.494
0.521
0.7
0.605
0.711
1.08
0.985
1.093
0.904
0.971
0.768
0.729
0.706
0.446
0.463
0.288
0.408
0.295
0.198
0.311
0.125
0.129
-0.069
0.037
-0.081
-0.105
-0.266
-0.389
-0.421
-0.396
-0.27
-0.283
-0.199
-0.109
-0.022
0.216
0.268
0.429
0.449
0.388
0.475
0.591
0.755
0.564
0.594
0.566
0.664
0.565
0.621
0.619
0.401
0.522
0.352
0.181
0.147
0.193
0.179
0.171
0.138
-0.033
-0.054
-0.055
-0.119
-0.138
-0.175
-0.357
-0.158
-0.351
-0.315
-0.366
-0.294
-0.193
-0.396
-0.034
-0.16
-0.08
-0.149
-0.215
0.021
-0.201
-0.169
-0.274
-0.475
-0.351
-0.351
-0.466
-0.302
-0.366
-0.501
-0.411
-0.366
-0.292
-0.096
-0.051
0.031
0.07
0.069
0.009
-0.037
-0.128
-0.004
0.072
0.08
-0.04
0.045
0.189
0.356
0.1
0.11
0.128
0.249
0.206
0.096
0.111
-0.095
0.066
0.0
0.019
0.126
0.083
0.23
0.184
0.166
0.242
0.03
0.288
0.235
0.355
0.299
0.19
0.165
0.18
0.307
0.375
0.319
0.271
0.286
0.369
0.176
0.022
0.158
0.214
0.251
0.309
0.324
0.394
0.241
0.188
0.151
0.014
0.081
0.046
-0.134
-0.15
-0.125
-0.217
-0.396
-0.32
-0.427
-0.511
-0.432
-0.51
-0.638
-0.609
-0.552
-0.676
-0.596
-0.519
-0.609
-0.409
-0.289
-0.388
-0.574
-0.583
-0.531
-0.657
-0.504
-0.438
-0.62
-0.754
-0.446
-0.419
-0.485
-0.544
-0.703
-0.53
-0.417
-0.239
-0.259
-0.551
-0.009
-0.152
-0.016
-0.076
-0.054
-0.092
-0.133
-0.185
-0.149
-0.146
-0.265
-0.216
-0.357
-0.432
-0.385
-0.535
-0.482
-0.374
-0.338
-0.464
-0.455
-0.491
-0.405
-0.385
-0.351
-0.269
-0.297
-0.241
-0.239
-0.275
-0.144
-0.24
-0.27
0.084
-0.296
-0.345
-0.29
-0.244
-0.106
0.041
0.188
0.181
0.304
0.355
0.43
0.221
0.371
0.29
0.296
0.176
0.394
0.4
0.522
0.724
0.62
0.654
0.606
0.503
0.386
0.292
0.261
0.212
0.07
-0.043
0.044
0.094
0.13
0.106
0.059
0.065
0.013
0.225
0.177
0.155
0.246
0.062
0.1
0.085
0.146
0.209
0.278
0.066
0.085
-0.083
0.029
-0.01
0.062
-0.036
0.113
0.061
0.088
-0.029
-0.041
-0.136
0.033
0.2
0.17
0.438
0.376
0.375
0.328
0.435
0.323
0.323
0.364
0.312
0.26
0.578
0.509
0.641
0.574
0.811
0.806
0.879
0.98
1.139
1.011
0.897
0.858
0.754
0.749
0.6
0.644
0.739
0.802
0.949
0.925
0.932
1.096
1.155
1.199
0.968
0.865
0.8
0.616
0.466
0.66
0.739
0.731
0.8
0.75
0.863
0.76
0.82
0.925
0.931
1.011
1.008
1.031
0.709
0.768
0.812
0.994
1.031
1.324
1.308
1.515
1.614
1.655
1.68
1.552
1.718
1.584
1.499
1.489
1.31
1.242
1.18
1.201
1.326
1.221
1.264
1.219
1.218
1.008
0.991
0.919
0.999
0.834
0.938
0.716
0.83
0.48
0.335
0.294
0.13
0.114
-0.065
-0.288
-0.234
-0.714
-0.571
-0.716
-0.751
-0.636
-0.831
-0.8
-0.655
-0.766
-0.55
-0.406
-0.239
-0.118
0.289
0.417
0.37
0.4
0.504
0.367
0.238
0.301
0.291
0.176
0.003
0.15
0.359
0.273
0.208
0.174
0.323
0.335
0.369
0.584
0.389
0.396
0.355
0.384
0.525
0.63
0.638
0.541
0.517
0.531
0.631
0.546
0.595
0.522
0.544
0.738
0.729
0.789
0.854
0.946
0.63
0.645
0.787
0.897
1.044
1.161
1.31
1.458
1.834
1.745
1.887
1.811
1.913
1.867
1.877
1.828
1.66
1.554
1.456
1.395
1.199
1.266
1.314
1.19
1.101
1.135
0.975
0.781
0.83
0.733
0.599
0.444
0.234
0.124
0.164
0.059
-0.147
-0.271
-0.438
-0.741
-0.739
-0.777
-0.816
-1.055
-1.274
-1.255
-1.265
-1.005
-1.183
-1.419
-1.509
-1.52
-1.415
-1.365
-1.281
-1.032
-0.743
-0.659
-0.716
-0.47
-0.352
-0.234
0.019
-0.005
0.194
0.203
0.37
0.454
0.482
0.229
0.096
0.316
0.357
0.379
0.495
0.51
0.55
0.583
0.475
0.463
0.634
0.735
0.78
0.369
0.367
0.136
0.022
-0.188
-0.352
-0.284
-0.355
-0.221
-0.376
-0.445
-0.512
-0.555
-0.413
-0.593
-0.281
-0.304
-0.384
-0.292
-0.22
-0.177
-0.2
0.194
-0.238
-0.046
-0.211
-0.182
-0.239
-0.268
-0.177
-0.165
-0.291
-0.133
-0.2
-0.209
-0.32
-0.389
-0.394
-0.31
-0.329
-0.249
-0.278
-0.388
-0.271
-0.201
-0.18
-0.184
0.006
-0.145
0.051
0.161
0.113
0.179
0.186
-0.116
-0.24
-0.464
-0.537
-0.348
-0.43
-0.501
-0.659
-0.54
-0.664
-0.461
-0.432
-0.432
-0.449
-0.547
-0.478
-0.599
-0.44
-0.525
-0.482
-0.344
-0.464
-0.357
-0.305
-0.168
0.13
0.341
0.37
0.508
0.67
0.815
0.704
0.625
0.666
0.586
0.802
0.963
1.111
1.183
1.116
1.052
1.061
0.821
0.703
0.836
0.804
0.949
1.041
0.93
0.699
0.667
0.468
0.449
0.085
0.24
-0.065
-0.18
-0.375
-0.291
-0.413
-0.522
-0.456
-0.569
-0.278
-0.406
-0.519
-0.537
-0.55
-0.522
-0.503
-0.37
-0.321
-0.188
-0.367
-0.417
-0.408
-0.388
-0.573
-0.75
-0.429
-0.4
-0.4
-0.625
-0.723
-0.814
-0.845
-0.85
-0.814
-0.786
-0.749
-0.733
-0.67
-0.809
-0.905
-0.959
-0.974
-0.968
-0.726
-0.569
-0.526
-0.401
-0.399
-0.604
-0.474
-0.321
-0.421
-0.49
-0.64
-0.709
-0.691
-0.537
-0.581
-0.744
-0.726
-0.779
-0.649
-0.481
-0.415
-0.556
-0.505
-0.455
-0.436
-0.268
0.014
-0.013
0.151
0.22
0.159
0.15
0.005
0.194
0.186
0.294
0.163
0.166
0.185
0.278
0.135
-0.04
0.079
0.216
0.256
0.274
0.503
0.573
0.628
0.689
0.527
0.471
0.494
0.455
0.351
0.536
0.48
0.729
0.603
0.419
0.395
0.253
0.135
-0.081
-0.258
-0.289
-0.408
-0.454
-0.465
-0.604
-0.532
-0.68
-0.715
-0.853
-0.868
-0.849
-0.878
-0.588
-0.598
-0.689
-0.777
-0.749
-0.973
-0.917
-1.117
-1.054
-1.131
-1.11
-1.089
-1.05
-0.974
-0.927
-0.96
-0.846
-0.956
-0.874
-0.606
-0.689
-0.599
-0.521
-0.425
-0.371
-0.388
-0.146
-0.274
-0.24
-0.018
0.223
0.131
0.029
0.126
0.339
0.41
0.396
0.489
0.458
0.37
0.25
0.17
0.188
0.163
0.234
0.29
0.481
0.284
0.393
0.319
0.312
0.099
0.035
0.058
0.094
0.051
-0.219
0.036
-0.062
-0.115
0.174
0.105
0.059
0.039
0.076
0.297
0.305
0.291
0.236
-0.048
-0.086
-0.135
-0.17
-0.118
-0.273
-0.371
-0.018
-0.081
-0.169
-0.22
0.022
-0.41
-0.24
-0.338
-0.386
-0.42
-0.531
-0.56
-0.39
-0.318
-0.345
-0.239
-0.115
-0.269
-0.424
-0.438
-0.328
-0.239
-0.225
-0.12
-0.074
0.041
0.126
0.291
0.23
0.275
0.361
0.384
0.522
0.481
0.459
0.429
0.374
0.395
0.362
0.283
0.122
-0.069
-0.198
-0.386
-0.354
-0.405
-0.58
-0.56
-0.676
-0.791
-0.861
-0.914
-1.054
-1.044
-0.785
-0.99
-0.679
-0.516
-0.573
-0.331
-0.109
0.04
0.076
-0.1
-0.154
-0.076
0.037
0.271
0.098
-0.151
-0.189
-0.154
0.058
0.075
0.185
0.066
0.294
0.348
0.191
0.225
0.125
0.126
0.184
0.149
0.072
0.201
0.189
-0.034
-0.105
-0.1
-0.174
-0.177
-0.253
-0.154
-0.25
-0.164
-0.025
-0.156
-0.186
-0.226
-0.339
-0.275
-0.286
-0.398
-0.205
-0.374
-0.478
-0.324
-0.209
-0.005
0.009
-0.08
-0.039
-0.145
-0.025
0.104
0.177
0.081
-0.02
0.04
0.095
0.156
0.225
0.32
0.285
0.203
0.128
0.169
0.121
0.055
-0.09
-0.072
-0.049
-0.128
-0.11
-0.301
-0.226
-0.251
-0.273
-0.14
-0.231
-0.19
-0.154
-0.046
-0.096
-0.1
-0.146
-0.256
-0.344
-0.361
-0.292
-0.405
-0.161
-0.383
-0.169
-0.335
-0.271
-0.343
-0.28
-0.278
-0.04
-0.299
-0.411
-0.398
-0.39
-0.199
-0.124
-0.225
-0.23
-0.319
-0.369
-0.263
-0.016
-0.094
0.035
0.146
0.186
0.249
0.289
0.278
0.211
0.059
0.083
-0.004
-0.048
-0.054
-0.116
-0.06
-0.131
-0.184
-0.271
-0.283
-0.226
-0.101
-0.036
0.118
0.077
0.014
0.009
0.247
0.302
0.279
0.354
0.231
0.469
0.325
0.42
0.404
0.55
0.436
0.489
0.349
0.255
0.284
0.273
0.221
-0.016
-0.094
-0.246
-0.149
-0.345
-0.413
-0.371
-0.608
-0.669
-0.911
-0.764
-0.81
-0.674
-0.789
-0.805
-0.455
-0.508
-0.354
-0.411
-0.478
-0.628
-0.549
-0.689
-0.754
-0.782
-0.809
-0.685
-0.475
-0.564
-0.591
-0.65
-0.536
-0.599
-0.486
-0.367
-0.441
-0.309
-0.432
-0.318
-0.522
-0.238
-0.45
-0.3
-0.264
-0.354
-0.226
-0.234
-0.125
-0.122
-0.099
-0.144
-0.031
0.151
0.165
0.186
0.143
0.212
0.389
0.425
0.335
0.173
0.088
-0.086
-0.14
-0.066
-0.288
-0.376
-0.254
-0.24
-0.24
-0.156
-0.256
-0.311
-0.119
-0.03
-0.076
-0.136
-0.041
-0.006
-0.131
0.034
0.158
0.21
0.105
0.22
0.145
0.041
0.115
0.245
0.116
0.071
-0.016
-0.184
-0.05
0.074
0.069
0.107
0.355
0.459
0.426
0.463
0.399
0.335
0.378
0.374
0.341
0.383
0.3
0.403
0.408
0.641
0.69
0.626
0.49
0.486
0.345
0.299
0.384
0.354
0.3
0.171
0.024
-0.016
-0.049
-0.114
-0.095
-0.113
-0.238
-0.179
-0.276
-0.302
-0.319
-0.156
-0.242
-0.309
-0.32
-0.31
-0.444
-0.321
-0.571
-0.479
-0.527
-0.435
-0.456
-0.509
-0.487
-0.575
-0.565
-0.56
-0.491
-0.369
-0.191
-0.106
-0.054
0.014
-0.168
0.08
0.278
0.441
0.391
0.404
0.5
0.375
0.474
0.652
0.756
0.791
0.75
0.87
0.9
0.975
1.105
0.988
0.922
0.959
0.922
0.886
0.726
0.854
0.686
0.606
0.545
0.495
0.422
0.55
0.309
0.511
0.595
0.756
0.357
0.524
0.484
0.636
0.786
0.694
0.76
0.835
0.736
0.764
0.649
0.784
0.704
0.676
0.694
0.8
0.807
0.771
0.871
0.826
0.723
0.855
0.922
0.938
0.963
0.91
1.038
0.938
0.856
1.085
1.01
1.104
1.031
1.049
1.07
1.143
1.008
1.01
1.147
1.058
1.21
1.08
1.038
0.965
1.16
1.213
1.228
1.111
0.815
0.815
0.948
0.911
0.946
1.23
1.136
1.059
1.08
1.065
0.983
0.988
1.068
1.056
1.031
1.181
1.046
0.931
0.849
0.839
0.91
0.995
0.875
0.946
0.86
0.636
0.636
0.43
0.506
0.557
0.69
0.78
0.941
1.193
1.363
1.05
0.85
0.978
0.944
1.008
1.123
1.206
1.48
1.476
1.501
1.32
1.369
1.384
1.231
1.24
1.137
1.39
1.097
1.131
1.031
0.907
0.944
0.875
0.925
0.779
0.759
0.765
0.8
0.704
0.619
0.736
0.594
0.241
0.239
0.288
0.352
0.427
0.316
0.116
0.08
-0.058
-0.135
-0.345
-0.326
-0.471
-0.448
-0.48
-0.56
-0.431
-0.557
-0.425
-0.265
-0.338
-0.515
-0.425
-0.466
-0.349
-0.339
-0.458
-0.212
-0.088
-0.079
-0.062
0.134
0.054
0.055
-0.129
0.059
-0.246
-0.27
-0.011
0.113
0.241
0.194
0.234
0.286
0.336
0.171
0.07
-0.1
-0.006
-0.06
0.069
0.135
0.105
0.168
0.211
0.244
-0.009
0.111
0.22
0.231
0.271
0.066
0.019
0.135
-0.016
0.149
0.033
0.306
0.366
0.394
0.24
0.219
0.03
-0.212
-0.111
-0.11
-0.164
-0.258
-0.17
-0.122
-0.174
-0.1
0.022
-0.124
0.122
-0.091
-0.084
-0.084
-0.105
-0.04
-0.036
0.007
0.101
0.061
-0.135
-0.275
-0.496
-0.517
-0.861
-0.765
-0.838
-0.919
-0.919
-1.025
-1.01
-0.974
-0.924
-0.818
-0.555
-0.604
-0.519
-0.557
-0.529
-0.25
-0.273
-0.265
-0.369
-0.319
-0.466
-0.283
-0.265
-0.271
-0.255
-0.256
-0.16
-0.341
-0.48
-0.339
-0.291
-0.203
-0.061
0.085
0.173
-0.071
0.103
0.164
-0.016
-0.039
-0.125
0.113
0.001
-0.144
-0.048
0.06
-0.021
0.05
0.158
0.001
0.095
-0.145
-0.199
-0.425
-0.324
-0.391
-0.346
-0.236
-0.409
-0.264
-0.264
-0.291
-0.366
-0.536
-0.583
-0.547
-0.307
-0.56
-0.325
-0.348
-0.163
-0.541
-0.427
-0.448
-0.485
-0.41
-0.439
-0.575
-0.628
-0.672
-0.694
-0.794
-0.75
-0.805
0.578
-0.42
-0.154
-0.3
-0.441
-0.583
-0.641
-0.674
-0.754
-0.636
-0.439
-0.199
-0.116
-0.168
-0.254
-0.43
-0.309
-0.359
-0.339
-0.375
-0.641
-0.45
-0.304
-0.221
-0.292
-0.256
-0.088
-0.059
-0.133
-0.085
-0.05
-0.134
-0.14
-0.119
-0.226
-0.206
-0.3
-0.215
-0.209
-0.328
-0.366
-0.454
-0.372
-0.312
-0.374
-0.349
-0.33
-0.403
-0.2
-0.294
-0.189
0.033
0.036
0.266
0.071
-0.058
-0.171
-0.104
0.179
0.058
0.089
0.305
0.283
0.464
0.333
0.564
0.589
0.566
0.371
0.254
0.176
0.104
0.181
0.035
-0.01
0.039
0.05
0.094
0.034
-0.04
-0.161
0.062
-0.085
-0.164
-0.256
-0.12
-0.152
-0.283
-0.105
-0.244
-0.283
-0.366
-0.348
-0.325
-0.361
-0.519
-0.5
-0.555
-0.626
-0.609
-0.674
-0.492
-0.405
-0.451
-0.621
-0.485
-0.561
-0.534
-0.636
-0.652
-0.584
-0.616
-0.506
-0.624
-0.49
-0.451
-0.307
-0.301
-0.314
-0.274
-0.205
-0.203
-0.001
-0.096
0.085
0.122
0.244
0.312
0.297
0.406
0.367
0.124
0.352
0.196
0.245
0.281
0.326
0.219
0.126
0.041
-0.059
-0.133
-0.075
-0.004
-0.088
-0.279
-0.288
-0.405
-0.52
-0.531
-0.487
-0.711
-0.764
-0.5
-0.445
-0.372
-0.25
-0.22
-0.191
-0.279
-0.259
-0.225
-0.031
-0.005
-0.054
-0.026
-0.07
0.026
-0.016
-0.021
-0.056
0.124
0.131
0.145
0.02
0.018
0.022
-0.141
-0.152
-0.246
-0.361
-0.286
-0.236
-0.331
-0.369
-0.184
-0.004
-0.264
-0.109
-0.099
0.129
0.391
0.487
0.478
0.331
0.429
0.47
0.514
0.63
0.559
0.434
0.605
0.719
0.671
0.546
0.439
0.394
0.335
0.255
0.201
0.345
0.355
0.439
0.458
0.453
0.633
0.534
0.564
0.652
0.383
0.292
0.278
0.27
0.292
0.345
0.354
0.41
0.384
0.435
0.47
0.325
0.464
0.355
0.427
0.486
0.484
0.634
0.469
0.505
0.446
0.427
0.547
0.588
0.491
0.537
0.63
0.539
0.425
0.449
0.325
0.279
-0.044
-0.139
-0.206
-0.356
-0.343
-0.391
-0.454
-0.531
-0.652
-0.655
-0.753
-0.473
-0.624
-0.631
-0.53
-0.386
-0.384
-0.324
-0.369
-0.449
-0.375
-0.526
-0.274
-0.429
-0.156
-0.188
-0.139
-0.169
-0.31
-0.361
-0.346
-0.266
-0.198
-0.201
-0.177
-0.048
0.224
0.279
0.271
0.177
0.059
0.215
0.154
0.224
0.253
0.191
0.165
0.24
0.179
0.185
0.156
0.325
0.379
-0.007
-0.035
-0.025
0.003
-0.084
-0.124
0.098
-0.014
0.01
-0.1
-0.1
-0.159
-0.089
-0.077
-0.256
-0.205
-0.351
-0.346
-0.371
-0.175
-0.058
-0.25
-0.256
-0.458
-0.599
-0.547
-0.77
-0.682
-0.819
-0.743
-0.568
-0.634
-0.596
-0.619
-0.611
-0.539
-0.532
-0.42
-0.37
-0.166
-0.076
0.05
0.182
0.105
-0.043
-0.019
0.083
-0.098
0.099
0.036
-0.086
-0.179
-0.32
-0.211
-0.23
-0.495
-0.6
-0.384
-0.409
-0.527
-0.501
-0.589
-0.449
-0.531
-0.329
-0.404
-0.438
-0.29
-0.028
-0.019
-0.007
-0.026
-0.133
0.106
0.165
-0.1
0.007
0.024
0.155
0.206
0.116
0.098
0.193
0.058
0.24
0.25
0.37
0.247
0.11
-0.033
-0.235
-0.41
-0.482
-0.522
-0.456
-0.47
-0.517
-0.674
-0.434
-0.449
-0.524
-0.672
-0.409
-0.349
-0.241
-0.369
-0.44
-0.61
-0.583
-0.664
-0.416
-0.393
-0.435
-0.414
-0.445
-0.512
-0.484
-0.417
-0.351
-0.514
-0.506
-0.455
-0.499
-0.233
-0.269
-0.124
-0.04
-0.133
-0.251
-0.316
-0.6
-0.636
-0.556
-0.256
-0.343
-0.092
-0.201
-0.305
-0.219
-0.374
-0.234
-0.366
10.332
10.332
-0.388
-0.529
-0.61
-0.64
-0.64
-0.723
-0.888
-1.03
-0.946
-0.926
-0.901
-0.921
-0.916
-1.115
-0.975
-1.111
-1.071
-0.858
-0.824
-0.814
-0.901
-0.681
-0.542
-0.516
-0.436
-0.398
-0.393
-0.19
-0.034
0.081
0.11
0.04
0.03
-0.011
-0.043
0.001
0.089
0.375
0.24
0.449
0.354
0.375
0.324
0.271
0.378
0.275
0.141
0.258
0.223
0.106
0.091
0.059
0.02
0.171
0.223
0.259
0.141
0.173
0.146
0.14
0.333
0.225
0.259
0.209
0.193
0.28
0.17
0.083
0.156
0.075
0.134
0.103
0.326
0.413
0.415
0.405
0.288
0.301
0.459
0.496
0.531
0.679
0.596
0.711
0.733
0.786
0.87
1.134
0.969
1.084
1.22
1.311
1.226
1.345
1.228
0.925
0.802
0.988
1.081
1.095
1.324
1.522
1.586
1.689
1.694
1.94
1.786
1.711
1.665
1.728
1.574
1.458
1.698
1.576
1.714
1.739
1.751
1.94
2.096
2.145
2.121
2.191
2.009
2.164
2.085
2.019
1.959
1.984
2.075
1.989
1.949
1.927
1.95
1.748
1.709
1.549
1.476
1.535
1.448
1.285
1.049
1.054
1.104
1.01
0.83
0.81
0.82
0.776
0.936
0.7
0.403
0.547
0.521
0.636
0.345
0.604
0.211
0.289
0.328
0.403
0.478
0.556
0.652
0.749
0.873
0.636
0.665
0.79
0.921
1.093
0.828
0.758
0.792
0.823
0.63
0.966
0.975
0.895
0.975
0.991
0.901
0.814
0.838
0.894
0.834
0.878
0.91
0.861
0.78
0.77
0.786
0.565
0.614
0.659
1.031
0.802
0.64
0.669
0.76
0.445
0.39
0.491
0.395
0.468
0.328
0.314
0.092
0.009
0.045
-0.134
-0.059
-0.217
-0.013
-0.086
0.026
-0.085
0.09
0.058
0.022
-0.14
-0.211
-0.361
-0.343
-0.494
-0.384
-0.341
-0.181
-0.271
-0.273
-0.156
-0.346
-0.256
-0.471
-0.401
-0.348
-0.221
-0.015
0.048
0.055
0.098
0.005
0.089
-0.062
-0.044
-0.266
-0.343
-0.404
-0.608
-0.662
-0.554
-0.615
-0.542
-0.594
-0.44
-0.461
-0.22
-0.254
-0.246
-0.208
-0.364
-0.211
-0.146
-0.106
-0.098
-0.051
-0.005
-0.007
0.076
0.037
0.21
0.314
0.55
0.6
0.771
0.579
0.496
0.585
0.736
0.522
0.623
0.537
0.425
0.453
0.295
0.133
0.121
-0.095
-0.034
-0.055
-0.146
-0.389
-0.219
-0.415
-0.562
-0.551
-0.858
-0.833
-0.838
-0.866
-0.667
-0.633
-0.799
-0.616
-0.682
-0.641
-0.495
-0.649
-0.662
-0.79
-0.659
-0.774
-0.878
-0.959
-1.039
-1.04
-1.195
-1.478
-1.389
-1.444
-1.33
-1.441
-1.453
-1.505
-1.58
-1.62
-1.552
-1.655
-1.63
-1.401
-1.306
-1.076
-1.11
-1.065
-0.843
-0.875
-0.644
-0.746
-0.784
-0.481
-0.469
-0.576
-0.601
-0.531
-0.598
-0.464
-0.26
-0.691
-0.581
-0.35
-0.41
-0.335
-0.188
-0.271
-0.291
-0.17
-0.147
-0.201
-0.06
0.096
0.055
0.101
0.349
0.409
0.581
0.461
0.401
0.381
0.529
0.738
0.765
0.494
0.455
0.629
0.575
0.545
0.511
0.39
0.388
0.409
0.286
-0.018
-0.095
-0.113
-0.367
-0.289
-0.349
-0.283
-0.286
-0.364
-0.508
-0.55
-0.45
-0.505
-0.646
-0.771
-0.608
-0.48
-0.27
-0.235
-0.147
-0.21
-0.266
-0.304
-0.372
-0.372
-0.302
-0.408
-0.391
-0.505
-0.461
-0.3
-0.456
-0.24
-0.238
-0.278
-0.1
-0.25
-0.109
0.03
0.24
0.107
0.294
0.297
0.191
0.124
0.061
0.095
0.09
0.05
0.135
0.177
0.091
-0.03
-0.069
0.0
-0.099
-0.119
-0.077
0.035
0.071
-0.198
-0.15
-0.28
-0.336
-0.278
-0.348
-0.396
-0.254
-0.255
-0.253
-0.279
-0.23
-0.242
-0.154
-0.326
-0.291
-0.264
-0.28
-0.224
-0.136
-0.159
-0.256
-0.025
-0.107
0.081
0.245
0.181
0.305
0.362
0.378
0.456
0.39
0.311
0.273
0.536
0.304
0.399
0.615
0.85
0.708
1.029
1.218
1.2
1.286
1.006
0.886
0.701
0.799
0.609
0.604
0.429
0.481
0.474
0.259
0.129
0.286
0.185
0.24
0.258
0.177
-0.149
-0.193
-0.164
-0.388
-0.384
-0.289
-0.485
-0.544
-0.642
-0.62
-0.666
-0.611
-0.36
-0.371
-0.451
-0.289
-0.201
-0.056
0.122
0.146
0.419
0.185
0.283
0.39
0.314
0.568
0.494
0.883
0.758
0.715
0.7
0.835
0.605
0.404
0.487
0.297
0.161
0.086
0.051
-0.033
-0.13
-0.221
-0.299
-0.163
-0.299
-0.44
-0.741
-0.636
-0.503
-0.77
-0.725
-0.689
-0.691
-0.834
-1.054
-1.014
-1.349
-1.28
-1.001
-0.945
-0.991
-0.746
-0.868
-1.05
-1.05
-1.089
-1.075
-0.956
-0.906
-0.851
-0.828
-0.659
-0.652
-0.473
-0.496
-0.417
-0.318
-0.239
-0.062
-0.092
-0.011
0.05
0.088
0.107
0.32
0.292
0.311
0.374
0.366
0.562
0.589
0.556
0.588
0.516
0.633
0.618
0.589
0.72
0.644
0.417
0.424
0.434
0.318
0.194
0.219
0.247
0.069
0.061
-0.003
0.075
0.035
-0.005
-0.08
-0.051
-0.062
-0.114
-0.205
-0.07
-0.061
0.138
0.077
0.034
0.034
-0.094
-0.069
-0.161
-0.221
-0.134
-0.146
-0.19
-0.316
-0.376
-0.328
-0.264
-0.435
-0.487
-0.516
-0.652
-0.497
-0.469
-0.52
-0.547
-0.451
-0.655
-0.539
-0.413
-0.285
-0.016
-0.135
-0.161
-0.253
-0.366
-0.177
-0.113
-0.049
0.058
-0.254
-0.294
-0.331
-0.219
-0.256
-0.219
-0.094
-0.054
-0.037
0.066
0.07
0.125
0.208
0.241
0.286
0.185
0.228
0.216
0.378
0.401
0.338
0.458
0.578
0.594
0.593
0.424
0.545
0.45
0.356
0.321
0.351
0.288
0.259
0.465
0.43
0.299
0.259
0.151
0.145
0.205
0.239
0.328
0.349
0.503
0.421
0.345
0.514
0.634
0.47
0.343
0.333
0.221
0.036
-0.018
0.07
0.071
0.084
0.031
0.152
0.208
0.236
0.324
0.393
0.297
0.149
0.094
0.171
0.275
0.281
0.325
0.176
0.05
-0.325
-0.399
-0.374
-0.37
-0.244
-0.136
-0.114
-0.058
-0.19
0.051
-0.034
-0.034
-0.099
-0.121
0.005
-0.076
-0.019
0.128
-0.019
-0.02
-0.011
-0.129
-0.191
-0.22
-0.048
-0.106
-0.194
-0.031
-0.191
-0.251
-0.39
-0.481
-0.599
-0.534
-0.649
-0.774
-0.943
-0.976
-1.171
-1.116
-1.079
-0.926
-0.846
-0.694
-0.636
-0.48
-0.391
-0.604
-0.61
-0.494
-0.471
-0.184
-0.031
-0.043
0.026
0.044
0.109
0.125
-0.024
-0.009
0.001
0.052
0.01
0.12
0.119
0.245
0.323
0.159
0.155
0.08
0.088
0.029
-0.103
-0.214
-0.385
-0.639
-0.736
-0.855
-0.984
-0.959
-1.073
-1.051
-1.24
-1.242
-1.147
-1.265
-1.215
-1.131
-1.189
-1.34
-1.241
-1.343
-1.254
-1.255
-1.215
-1.256
-1.363
-1.208
-1.404
-1.347
-1.405
