-0.695
-0.66
-0.642
-0.525
-0.355
-0.229
-0.193
-0.219
-0.174
0.1
0.159
0.2
0.45
0.305
0.357
0.49
0.535
0.638
0.729
0.733
0.811
0.941
0.985
1.179
1.028
0.866
0.761
0.614
0.551
0.684
0.861
1.004
0.865
1.241
1.115
1.097
1.17
1.131
1.101
1.334
1.423
1.325
1.51
1.495
1.677
1.485
1.394
1.334
1.345
1.306
1.355
1.377
1.324
1.491
1.499
1.552
1.604
1.636
1.729
1.756
1.834
1.748
1.673
1.554
1.667
1.405
1.436
1.509
1.506
1.475
1.512
1.629
1.67
1.505
1.585
1.576
1.384
1.569
1.365
1.355
1.302
1.159
0.984
0.841
0.961
0.774
0.725
0.68
0.671
0.824
0.929
0.951
1.114
1.069
1.356
1.23
1.441
1.595
1.667
1.726
1.738
1.903
1.77
1.823
2.083
1.995
1.861
1.627
1.593
1.762
1.605
1.571
1.393
1.595
1.61
1.501
1.466
1.454
1.164
1.23
1.343
1.458
1.33
1.173
1.093
0.92
0.79
0.623
0.568
0.715
0.863
0.914
0.698
1.01
1.06
0.91
0.949
0.915
0.863
0.758
0.764
0.578
0.529
0.694
0.916
0.701
0.843
1.005
0.979
1.099
1.058
0.998
1.18
1.083
0.939
0.746
0.938
0.776
0.685
0.569
0.169
0.058
-0.061
-0.122
0.275
0.321
0.166
0.077
-0.31
-0.555
-0.739
-0.8
-0.74
-0.909
-0.761
-0.776
-0.726
-0.888
-0.739
-0.596
-0.724
-0.519
-0.503
-0.693
-0.453
-0.48
-0.53
-0.552
-0.487
-0.369
-0.36
-0.168
-0.075
0.025
0.138
0.212
0.32
0.422
0.217
0.179
0.369
0.299
0.376
0.464
0.323
0.306
0.14
0.138
0.206
0.211
0.344
0.312
0.469
0.128
-0.041
-0.099
-0.228
-0.475
-0.554
-0.625
-0.588
-0.5
-0.275
-0.693
-0.593
-0.721
-0.77
-0.77
-0.801
-0.838
-0.823
-0.84
-0.675
-0.492
-0.432
-0.763
-0.651
-0.623
-0.549
-0.5
-0.549
-0.219
-0.146
-0.1
-0.071
-0.184
-0.131
-0.095
-0.161
-0.179
-0.025
0.168
0.077
0.096
0.084
0.136
0.209
0.304
0.32
0.414
0.443
0.285
0.019
-0.201
-0.403
-0.422
-0.636
-0.536
-0.635
-0.786
-0.98
-1.081
-1.069
-1.204
-1.236
-1.288
-1.225
-1.347
-1.403
-1.357
-1.571
-1.55
-1.633
-1.84
-1.616
-1.834
-2.04
-1.856
-1.609
-1.944
-1.838
-1.986
-1.994
-1.885
-1.816
-1.689
-1.446
-1.282
-1.062
-1.088
-1.018
-0.829
-0.8
-0.795
-0.614
-0.652
-0.809
-0.626
-0.815
-0.823
-0.883
-0.809
-0.985
-0.865
-0.861
-0.829
-0.87
-0.974
-1.155
-1.091
-1.159
-1.185
-1.052
-1.069
-1.01
-1.039
-1.341
-1.269
-1.219
-1.103
-1.002
-1.002
-0.983
-0.931
-0.726
-0.686
-0.445
-0.537
-0.35
-0.443
-0.395
-0.224
-0.208
0.185
0.307
0.559
0.487
0.441
0.345
0.174
-0.014
-0.037
0.037
0.005
0.173
0.179
0.234
0.419
0.417
0.64
0.667
0.831
0.75
0.758
0.802
0.519
0.603
0.458
0.425
0.542
0.302
0.503
0.705
0.69
0.656
0.621
0.581
0.544
0.435
0.416
0.356
0.24
0.29
0.135
0.169
-0.076
-0.256
-0.259
-0.38
-0.203
-0.165
-0.379
-0.295
-0.427
-0.389
-0.388
-0.509
-0.604
-0.546
-0.66
-0.744
-0.695
-0.759
-0.815
-0.758
-0.645
-0.716
-0.65
-0.591
-0.56
-0.525
-0.431
-0.529
-0.535
-0.431
-0.623
-0.657
-0.693
-0.679
-0.473
-0.435
-0.419
-0.552
-0.426
-0.212
-0.016
0.019
0.128
0.429
0.395
0.429
0.485
0.58
0.619
0.806
0.562
0.536
0.505
0.621
0.621
0.704
0.699
0.664
0.704
0.474
0.424
0.459
0.438
0.422
0.394
0.19
0.188
0.066
-0.139
-0.024
-0.039
-0.173
-0.206
-0.214
-0.268
-0.47
-0.417
-0.458
-0.326
-7.734
-0.136
-0.224
-0.065
0.1
0.154
0.159
0.107
0.195
0.095
0.276
0.171
0.151
0.215
0.171
0.292
0.345
0.301
0.181
0.278
0.357
0.279
0.072
-0.14
-0.066
-0.182
-0.129
-0.174
-0.189
-0.271
-0.362
-0.18
-0.306
-0.249
-0.046
-0.08
0.058
0.176
0.352
0.369
0.796
0.802
0.616
0.566
0.505
0.729
0.756
0.71
0.519
0.394
0.439
0.27
0.17
0.281
0.319
0.446
0.473
0.64
0.69
0.733
0.674
0.67
0.633
0.615
0.776
0.797
0.676
0.641
0.314
0.329
0.229
0.136
0.211
0.101
0.019
-0.131
-0.079
-0.331
-0.324
-0.344
-0.425
-0.426
-0.679
-0.706
-0.716
-0.646
-0.557
-0.94
-0.844
-0.944
-0.811
-0.766
-0.631
-0.744
-0.647
-0.479
-0.559
-0.511
-0.309
-0.28
-0.144
-0.239
-0.144
-0.389
-0.359
-0.509
-0.623
-0.611
-0.741
-0.489
-0.564
-0.509
-0.546
-0.603
-0.307
-0.145
-0.249
-0.046
-0.05
-0.229
-0.098
-0.095
-0.195
-0.19
-0.014
0.191
0.228
0.238
0.283
0.238
0.062
-0.018
0.088
0.209
0.254
0.283
0.307
0.278
0.206
0.115
-0.171
0.024
-0.009
-0.118
0.007
-0.217
-0.515
-0.309
-0.331
-0.579
-0.473
-0.562
-0.611
-0.494
-0.743
-0.701
-0.573
-0.576
-0.545
-0.505
-0.365
-0.385
-0.524
-0.647
-0.688
-0.76
-0.72
-0.694
-0.478
-0.344
-0.263
-0.315
-0.241
-0.185
0.001
0.13
0.128
0.116
0.266
0.289
0.294
0.316
0.249
0.2
0.007
0.011
-0.185
-0.125
-0.276
-0.166
-0.145
-0.275
-0.319
-0.14
-0.044
0.075
0.194
0.264
0.284
0.194
0.079
0.106
-0.026
0.0
0.05
0.113
0.085
0.031
-0.045
-0.062
0.005
0.001
-0.164
-0.147
-0.254
-0.301
-0.253
-0.18
-0.299
-0.305
-0.163
-0.271
-0.431
-0.501
-0.389
-0.45
-0.569
-0.743
-0.665
-0.611
-0.434
-0.203
-0.271
-0.375
-0.415
-0.481
-0.571
-0.731
-0.652
-0.52
-0.639
-0.426
-0.473
-0.435
-0.469
-0.238
-0.326
-0.299
-0.186
-0.181
-0.141
0.064
0.199
0.103
0.205
0.245
0.306
0.408
0.179
0.145
0.128
0.062
0.163
0.374
0.464
0.511
0.65
0.63
0.524
0.453
0.514
0.264
0.576
0.519
0.576
0.657
0.547
0.659
0.806
1.069
0.961
1.163
1.335
1.376
1.495
1.502
1.374
1.475
1.556
1.696
1.86
1.895
2.049
2.151
2.125
2.236
2.319
2.245
2.42
2.536
2.419
2.312
2.093
2.205
2.171
1.856
1.806
1.901
1.735
1.735
1.441
1.344
1.121
1.005
0.974
0.854
0.844
0.671
0.448
0.421
0.446
0.263
0.246
0.189
0.11
0.214
0.072
0.25
0.258
-0.052
0.043
-0.006
0.105
0.118
0.264
0.405
0.305
0.39
0.494
0.566
0.754
0.953
0.833
0.91
0.901
0.856
1.06
1.166
1.235
1.278
1.104
1.347
1.238
1.356
1.124
1.171
1.011
0.985
0.97
1.101
1.189
1.423
1.365
1.345
1.405
1.188
1.295
1.489
1.454
1.679
1.719
1.376
1.49
1.232
1.11
1.165
1.193
1.153
0.906
0.834
0.711
0.566
0.526
0.519
0.52
0.393
0.17
0.367
0.263
-0.021
-0.105
-0.215
-0.273
-0.633
-0.576
-0.631
-0.49
-0.458
-0.541
-0.598
-0.589
-0.606
-0.677
-0.541
-0.579
-0.434
-0.341
-0.335
-0.173
0.009
-0.179
-0.37
-0.217
-0.146
-0.241
-0.155
-0.1
-0.138
-0.14
-0.119
0.009
-0.294
-0.45
-0.571
-0.6
-0.764
-0.959
-0.776
-0.82
-0.76
-0.895
-0.873
-0.795
-0.833
-0.85
-0.995
-0.954
-0.959
-0.935
-0.964
-0.976
-0.875
-0.873
-0.939
-1.035
-0.743
-0.659
-0.501
-0.274
-0.283
-0.278
-0.228
-0.126
0.109
0.124
0.223
0.124
-0.06
-0.109
-0.269
-0.254
-0.365
-0.521
-0.581
-0.655
-0.787
-0.824
-1.029
-1.079
-1.198
-0.934
-0.996
-0.938
-0.769
-0.77
-0.651
-0.666
-0.64
-0.522
-0.352
-0.364
-0.464
-0.406
-0.541
-0.246
-0.029
0.216
0.226
0.161
0.339
0.258
0.263
0.228
0.224
0.095
0.083
0.175
0.249
0.096
0.089
-0.099
-0.208
-0.034
-0.2
0.033
0.099
0.085
-0.081
0.028
-0.119
0.088
0.091
0.05
-0.138
-0.199
-0.286
-0.329
-0.649
-0.771
-0.703
-0.595
-0.765
-0.794
-0.729
-0.599
-0.693
-0.807
-0.92
-1.088
-1.328
-1.471
-1.27
-1.051
-0.85
-0.628
-0.585
-0.639
-0.489
-0.603
-0.481
-0.45
-0.354
-0.124
-0.261
-0.071
-0.051
0.0
0.354
0.438
0.505
0.354
0.471
0.503
0.512
0.375
0.208
0.241
0.06
-0.089
-0.04
0.035
-0.033
-0.086
-0.044
-0.064
-0.016
-0.11
-0.191
-0.235
-0.43
-0.35
-0.583
-0.769
-0.771
-0.701
-0.729
-0.753
-0.63
-0.849
-0.907
-0.792
-0.764
-0.916
-0.838
-0.715
-0.6
-0.593
-0.506
-0.54
-0.48
-0.427
-0.29
-0.338
-0.39
-0.139
0.041
0.136
0.258
0.399
0.409
0.534
0.611
0.771
0.85
0.72
0.649
0.451
0.321
0.344
0.419
0.487
0.515
0.271
0.103
-0.04
0.007
-0.081
-0.155
-0.366
-0.385
-0.234
-0.444
-0.309
-0.504
-0.331
-0.27
-0.318
-0.415
-0.589
-0.459
-0.378
-0.336
-0.184
-0.149
0.033
-0.101
-0.136
-0.056
-0.085
0.056
0.138
0.166
0.118
0.3
0.216
0.2
0.35
0.279
0.495
0.254
0.389
0.279
0.486
0.444
0.771
1.014
1.002
0.97
0.659
0.4
0.652
1.045
1.324
1.213
1.284
1.068
0.851
0.922
0.863
0.799
1.248
1.215
1.311
1.095
0.936
0.961
0.721
0.575
0.589
0.496
0.352
0.109
-0.029
-0.025
-0.006
-0.14
-0.085
-0.06
0.059
0.024
-0.226
-0.25
-0.521
-0.565
-0.334
-0.349
-0.24
-0.27
-0.417
-0.411
-0.349
-0.361
-0.255
-0.236
-0.268
-0.119
-0.018
0.098
0.3
0.545
0.691
0.899
1.012
1.041
0.94
0.83
0.78
0.79
0.874
0.716
0.974
0.526
0.532
0.434
0.499
0.389
0.427
0.471
0.341
0.294
0.224
0.043
-0.144
-0.263
-0.366
-0.541
-0.693
-0.71
-0.801
-0.724
-0.785
-0.906
-0.993
-0.891
-0.816
-0.734
-0.641
-0.616
-0.46
-0.369
-0.369
-0.404
-0.311
-0.235
-0.266
-0.328
-0.195
-0.109
-0.069
-0.135
-0.155
-0.376
-0.328
-0.175
-0.289
-0.249
-0.175
-0.085
-0.251
-0.3
-0.124
-0.29
-0.211
-0.114
-0.121
-0.284
-0.601
-0.575
-0.665
-0.655
-0.556
-0.417
-0.396
-0.395
-0.534
-0.323
-0.468
-0.274
-0.199
-0.189
0.03
0.118
0.104
0.12
0.166
0.154
0.043
0.015
0.007
-0.113
-0.168
-0.21
-0.091
0.049
-0.043
0.079
0.096
0.065
0.029
0.007
-0.007
-0.203
-0.185
-0.339
-0.315
-0.388
-0.459
-0.444
-0.385
-0.411
-0.219
-0.344
-0.149
-0.329
-0.25
-0.174
-0.375
-0.198
-0.349
-0.319
-0.352
-0.626
-0.675
-0.639
-0.657
-0.645
-0.354
-0.251
-0.176
0.159
0.329
0.116
0.034
-0.048
-0.145
0.014
0.116
-0.048
0.118
0.009
0.02
-0.115
-0.052
0.258
0.208
0.128
0.194
0.288
0.425
0.552
0.591
0.62
0.521
0.58
0.391
0.31
0.211
0.09
0.03
0.077
0.579
0.525
0.724
0.765
0.901
0.958
0.88
0.704
0.834
0.721
0.677
0.753
0.735
0.784
0.927
0.744
0.676
0.743
0.831
0.664
0.774
0.768
0.696
0.883
0.879
0.843
0.764
0.666
0.743
0.703
0.565
0.541
0.68
0.723
0.733
0.998
0.994
0.991
1.124
1.169
1.166
1.228
1.074
0.911
0.936
0.765
0.716
0.705
0.661
0.43
0.416
0.004
0.065
-0.14
-0.122
-0.165
-0.049
0.09
-0.182
-0.025
0.103
-0.064
-0.136
0.037
0.022
0.033
0.116
0.156
0.443
0.625
0.716
0.684
0.948
0.931
0.785
0.796
0.718
0.71
0.719
0.849
0.845
0.821
0.953
1.081
1.07
0.925
1.025
1.05
1.225
1.434
1.415
1.361
1.275
1.349
1.32
1.381
1.534
1.765
1.794
1.613
1.655
1.443
1.365
1.295
1.391
1.374
1.194
1.08
0.792
0.868
0.802
0.78
0.864
0.874
0.975
0.996
0.835
0.514
0.331
0.086
0.163
0.194
0.146
0.074
0.01
0.114
-0.003
0.173
0.122
0.08
0.056
-0.07
-0.125
-0.19
-0.43
-0.541
-0.58
-0.789
-0.64
-0.469
-0.312
-0.274
-0.075
-0.16
-0.1
-0.198
-0.173
-0.226
-0.206
-0.046
0.048
-0.421
-0.606
-0.641
-0.511
-0.545
-0.598
-0.461
-0.254
-0.378
-0.469
-0.539
-0.435
-0.453
-0.406
-0.321
-0.475
-0.324
-0.236
-0.041
-0.228
0.048
-0.029
0.065
0.3
0.275
0.424
0.304
0.381
0.449
0.31
0.416
0.321
0.391
0.312
0.335
0.084
0.21
0.549
0.408
0.545
0.75
0.768
0.873
0.576
0.517
0.302
0.165
0.147
0.081
0.199
-0.351
-0.394
-0.458
-0.473
-0.641
-0.588
-0.641
-0.728
-0.879
-0.844
-1.088
-1.224
-1.167
-1.134
-1.11
-1.15
-1.272
-1.199
-1.19
-1.139
-1.151
-1.095
-1.055
-0.924
-0.994
-1.015
-0.881
-0.915
-0.896
-0.644
-0.787
-0.912
-0.895
-0.819
-0.823
-0.794
-0.805
-0.772
-0.389
-0.394
-0.427
-0.258
-0.135
-0.015
-0.089
0.188
0.045
-0.1
-0.268
-0.061
-0.273
-0.228
-0.37
-0.54
-0.354
-0.72
-0.657
-0.771
-0.927
-0.983
-1.195
-1.174
-1.115
-1.538
-1.426
-1.396
-1.663
-1.666
-1.509
-1.484
-1.499
-1.407
-1.367
-1.238
-1.096
-1.059
-0.881
-0.921
-0.699
-0.446
-0.578
-0.336
-0.245
0.074
0.136
0.195
0.069
0.076
0.065
0.026
0.055
0.01
-0.015
-0.119
-0.094
-0.095
0.013
0.198
0.286
0.695
0.489
0.525
0.355
0.268
0.212
-0.079
-0.16
-0.185
-0.305
-0.316
-0.451
-0.549
-0.409
-0.36
-0.45
-0.466
-0.393
-0.388
-1.353
-0.561
-0.569
-0.677
-0.526
-0.77
-0.784
-0.696
-0.649
-0.782
-1.005
-0.93
-0.94
-1.095
-1.201
-1.058
-1.116
-0.939
-0.776
-0.745
-0.609
-0.552
-0.549
-0.404
-0.135
-0.241
-0.226
-0.254
-0.475
-0.449
-0.6
-0.554
-0.534
-0.562
-0.461
-0.471
-0.494
-0.44
-0.168
-0.006
-0.103
-0.105
-0.25
-0.385
-0.12
-0.028
0.004
-0.088
0.044
0.054
-0.037
-0.01
0.044
0.188
0.245
0.289
0.36
0.504
0.57
0.686
0.635
0.666
0.7
0.661
0.655
0.631
0.596
0.651
0.669
0.647
0.709
0.638
0.501
0.301
0.176
-0.037
0.054
0.029
-0.025
-0.186
-0.135
0.048
-0.176
-0.273
-0.385
-0.524
-0.634
-0.802
-0.866
-0.936
-0.949
-0.849
-0.769
-0.709
-0.623
-0.575
-0.549
-0.521
-0.215
-0.072
-0.128
0.136
0.229
0.406
0.386
0.503
0.276
0.492
0.473
0.194
0.294
0.17
0.315
0.226
0.163
0.294
0.145
0.188
0.32
0.541
0.459
0.516
0.524
0.444
0.424
0.245
0.247
0.261
0.29
0.338
0.122
0.304
0.249
0.177
0.149
0.035
0.086
0.09
0.028
0.101
0.134
0.209
0.356
0.495
0.566
0.455
0.491
0.71
0.775
1.044
1.014
1.076
0.976
0.851
0.969
0.8
0.735
0.688
0.652
0.667
0.809
0.685
0.459
0.583
0.675
0.784
0.684
0.599
0.62
0.688
0.807
0.781
0.661
0.724
0.682
0.31
0.344
0.275
0.201
0.27
0.086
0.12
-0.021
-0.186
-0.08
-0.345
-0.4
-0.517
-0.529
-0.451
-0.57
-0.846
-0.744
-0.831
-0.729
-0.638
-0.628
-0.559
-0.427
-0.339
-0.335
-0.39
-0.362
-0.41
-0.154
-0.036
0.037
0.03
0.061
0.468
0.27
0.356
0.284
0.334
0.289
0.256
0.19
0.195
-0.03
-0.028
-0.007
-0.035
-0.006
-0.098
-0.034
0.074
-0.055
-0.278
-0.311
-0.306
-0.463
-0.42
-0.383
-0.478
-0.135
-0.158
-0.215
-0.17
-0.028
0.003
0.014
0.173
0.006
0.121
0.199
0.278
0.185
0.128
0.107
0.25
0.206
0.18
0.141
0.289
0.06
0.129
-0.07
-0.095
-0.201
-0.27
-0.255
-0.338
-0.388
-0.393
-0.386
-0.134
-0.011
0.056
-0.034
-0.121
-0.051
0.081
0.139
0.138
0.261
0.253
0.29
0.331
0.29
0.41
0.275
0.522
0.61
0.614
0.554
0.812
0.599
0.551
0.506
0.531
0.536
0.432
0.508
0.318
0.532
0.631
0.495
0.801
0.758
0.886
0.825
0.749
0.647
0.824
0.74
0.791
0.514
0.59
0.576
0.233
0.28
0.256
0.271
0.101
0.2
0.448
0.29
0.333
0.156
-0.06
0.094
0.056
0.141
0.163
0.421
0.573
0.584
0.536
0.383
0.615
0.662
0.526
0.629
0.628
0.708
0.764
0.883
0.907
0.759
0.688
0.674
0.698
0.638
0.65
0.949
0.905
0.746
0.647
0.46
0.379
0.348
0.503
0.583
0.593
0.677
0.486
0.299
0.311
0.284
0.261
0.289
0.294
0.435
0.527
0.369
0.499
0.58
0.584
0.583
0.638
0.619
0.769
0.704
0.836
0.836
0.979
0.949
1.121
1.401
1.578
1.664
1.823
1.996
2.055
2.001
2.123
2.027
1.844
1.81
1.834
1.671
1.539
1.461
1.055
1.004
0.856
0.792
1.004
0.946
1.016
1.022
0.754
0.611
0.367
0.261
0.385
0.089
0.058
-0.075
-0.085
0.056
-0.081
-0.152
-0.161
-0.185
-0.125
0.005
0.022
-0.079
-0.001
0.058
0.092
-0.052
-0.014
0.072
0.024
0.253
0.354
0.39
0.64
0.654
0.67
1.028
0.848
0.94
0.95
0.809
0.785
0.641
0.699
0.57
0.321
0.41
0.38
0.331
0.435
0.449
0.58
0.511
0.809
0.61
0.569
0.496
0.426
0.479
0.471
0.47
0.351
0.48
0.314
0.294
0.045
0.039
-0.105
-0.209
-0.261
-0.326
-0.406
-0.458
-0.334
-0.624
-0.454
-0.559
-0.436
-0.285
-0.171
-0.062
0.069
-0.086
-0.147
-0.193
-0.154
-0.179
-0.116
-0.199
0.104
0.118
-0.03
0.062
-0.001
-0.114
-0.165
0.109
0.035
0.124
0.184
0.2
0.229
0.064
0.359
0.21
0.254
0.145
0.419
0.482
0.758
0.694
0.784
1.041
0.935
0.868
0.768
0.556
0.494
0.506
0.492
0.286
0.346
0.216
0.209
0.155
0.185
-0.04
-0.107
-0.229
-0.301
-0.411
-0.393
-0.515
-0.639
-0.993
-1.131
-1.31
-1.549
-1.555
-1.455
-1.26
-1.131
-0.999
-1.266
-0.938
-0.983
-1.295
-1.101
-1.18
-1.012
-1.001
-0.855
-0.99
-0.958
-0.874
-0.848
-0.776
-0.956
-0.838
-0.878
-0.846
-0.546
-0.758
-0.606
-0.535
-0.455
-0.47
-0.411
-0.133
-0.251
-0.383
-0.46
-0.39
-0.345
-0.395
-0.346
-0.441
-0.544
-0.616
-0.807
-0.883
-0.828
-0.634
-0.766
-0.749
-0.395
-0.328
-0.655
-0.659
-0.57
-0.542
-0.579
-0.569
-0.635
-0.624
-0.766
-0.738
-0.63
-0.804
-0.802
-0.746
-0.588
-0.431
-0.343
-0.106
-0.249
-0.285
-0.458
-0.544
-0.547
-0.302
-0.084
0.099
0.098
0.255
0.278
0.304
0.118
0.414
0.292
0.453
0.43
0.391
0.427
0.219
0.311
0.284
0.636
0.511
0.275
0.145
-0.028
-0.02
0.034
-0.134
-0.103
0.066
-0.174
-0.17
-0.214
-0.421
-0.579
-0.409
-0.406
-0.381
-0.348
-0.609
-0.795
-0.495
-0.809
-0.844
-0.849
-1.06
-0.868
-1.045
-0.966
-1.054
-0.919
-1.091
-1.117
-1.179
-1.163
-0.926
-0.864
-0.685
-0.677
-0.615
-0.431
-0.456
-0.356
-0.573
-0.435
-0.461
-0.39
-0.247
-0.129
0.077
0.177
0.233
0.31
0.339
0.301
0.312
0.055
-0.176
-0.203
-0.261
-0.31
-0.44
-0.495
-0.479
-0.503
-0.562
-0.659
-0.644
-0.571
-0.73
-0.904
-0.833
-0.926
-0.841
-0.691
-1.012
-0.814
-0.981
-0.824
-0.594
-0.605
-0.635
-0.281
-0.155
-0.175
0.028
-0.045
0.061
0.206
0.411
0.711
0.591
0.814
0.8
0.626
0.64
0.723
0.573
0.575
0.603
0.8
0.71
0.814
0.985
0.841
1.114
1.16
0.941
0.83
1.014
0.835
0.789
0.521
0.519
0.301
0.359
0.346
0.254
0.195
0.135
0.304
0.364
0.333
0.043
0.013
0.026
-0.154
0.018
0.091
0.059
0.065
0.071
-0.001
0.02
-0.048
-0.013
-0.033
-0.044
0.095
-0.013
-0.115
-0.019
-0.389
-0.182
-0.378
-0.464
-0.544
-0.629
-0.515
-0.416
-0.263
-0.286
-0.336
-0.335
-0.448
-0.361
-0.254
-0.301
-0.125
-0.143
-0.316
-0.245
-0.216
-0.155
-0.054
-0.151
-0.058
-0.194
-0.299
-0.431
-0.542
-0.642
-0.763
-0.685
-0.74
-0.679
-0.912
-0.914
-0.909
-0.915
-0.845
-0.991
-0.936
-1.069
-1.144
-1.008
-0.886
-0.771
-0.746
-0.603
-0.443
-0.529
-0.575
-0.458
-0.536
-0.639
-0.7
-0.552
-0.388
-0.158
0.005
-0.268
-0.371
-0.471
-0.539
-0.302
-0.171
-0.209
-0.175
-0.26
-0.411
-0.325
-0.18
-0.025
0.139
0.379
0.508
0.413
0.352
0.431
0.478
0.534
0.522
0.524
0.524
0.383
0.5
0.399
0.664
0.554
0.654
0.638
0.593
0.497
0.366
0.321
0.223
0.021
-0.02
-0.255
-0.249
-0.375
-0.12
-0.16
0.143
0.238
0.189
0.281
0.348
0.296
0.606
0.571
0.719
0.806
0.657
0.741
0.77
0.897
1.125
1.161
1.074
1.058
0.994
0.931
0.81
0.576
0.626
0.603
0.415
0.427
0.48
0.426
0.388
0.236
0.221
0.216
0.269
0.188
0.031
0.205
0.107
0.194
0.046
0.045
0.051
0.119
0.149
0.184
0.326
0.739
1.124
1.045
1.109
0.949
0.943
0.806
0.76
0.844
0.791
0.725
0.812
0.684
0.696
0.763
0.733
0.846
0.72
0.544
0.401
0.394
0.345
0.329
0.241
0.431
0.565
0.662
0.638
0.657
0.786
0.65
0.758
0.649
0.552
0.419
0.279
0.443
0.421
0.401
0.515
0.557
0.531
0.522
0.444
0.364
0.438
0.393
0.38
0.389
0.394
0.501
0.432
0.508
0.245
0.381
0.508
0.689
0.848
-10.336
-10.336
1.641
1.604
1.455
1.385
1.275
1.176
1.078
0.911
0.999
1.221
1.489
1.282
1.32
1.244
1.205
1.189
0.93
0.871
0.804
0.696
1.001
0.893
1.018
0.845
1.164
1.107
1.231
1.113
0.974
0.979
1.039
0.897
0.706
0.8
0.709
0.786
0.689
0.843
0.91
1.01
1.044
0.897
0.926
0.904
0.986
0.899
0.769
0.836
0.698
0.623
0.485
0.4
0.441
0.37
0.349
0.413
0.156
0.181
-0.028
-0.164
0.126
-0.194
-0.007
-0.049
-0.096
0.031
0.034
-0.136
0.072
0.011
0.11
-0.129
0.015
-0.071
-0.064
0.043
-0.061
-0.037
-0.09
0.065
0.203
0.02
0.013
-0.072
-0.281
-0.145
-0.001
0.0
-0.201
-0.091
-0.351
-0.375
-0.554
-0.46
-0.441
-0.474
-0.54
-0.575
-0.575
-0.69
-0.825
-0.758
-0.728
-0.768
-0.586
-0.821
-0.755
-0.698
-0.589
-0.591
-0.389
-0.398
-0.331
-0.404
-0.479
-0.482
-0.45
-0.549
-0.765
-0.73
-0.616
-0.445
-0.443
-0.605
-0.589
-0.383
-0.41
-0.396
-0.184
-0.158
-0.264
-0.134
0.021
0.064
0.166
0.119
0.034
0.27
0.231
0.005
-0.069
0.181
0.316
0.299
0.55
0.716
0.471
0.449
0.369
0.22
0.15
0.115
0.242
0.24
0.215
0.165
-0.059
-0.13
-0.223
-0.351
-0.489
-0.639
-0.815
-1.088
-1.203
-0.916
-0.974
-1.03
-1.124
-0.869
-1.002
-1.116
-0.999
-0.96
-0.74
-0.731
-0.675
-0.439
-0.352
-0.166
-0.325
-0.212
-0.15
-0.254
-0.163
0.083
0.101
0.174
0.283
0.283
0.489
0.444
0.675
0.633
0.66
0.42
0.182
0.154
0.03
-0.223
-0.225
-0.203
-0.165
-0.035
-0.077
-0.28
-0.275
-0.296
-0.514
-0.484
-0.329
-0.596
-0.494
-0.487
-0.615
-0.409
-0.271
-0.26
-0.254
-0.435
-0.789
-0.715
-0.719
-0.605
-0.395
-0.226
-0.235
-0.158
-0.211
0.331
0.124
0.193
0.145
0.321
0.292
0.286
0.152
0.079
0.074
0.019
-0.116
-0.249
-0.294
-0.24
-0.384
-0.274
-0.12
-0.019
-0.139
-0.114
-0.072
-0.076
-0.099
-0.105
-0.14
-0.099
-0.019
-0.044
-0.155
-0.035
-0.009
-0.083
-0.058
-0.107
-0.113
-0.23
-0.024
-0.306
-0.175
-0.328
-0.289
-0.374
-0.485
-0.474
-0.638
-0.751
-0.936
-0.915
-0.743
-0.549
-0.555
-0.544
-0.532
-0.718
-0.851
-0.774
-0.801
-0.451
-0.362
-0.37
-0.211
-0.341
-0.341
-0.278
-0.351
-0.508
-0.335
-0.258
-0.199
0.015
0.229
0.043
-0.04
0.092
0.113
0.014
0.005
-0.096
-0.111
-0.001
0.198
-0.021
-0.229
-0.273
-0.352
-0.138
-0.036
-0.048
-0.024
-0.018
0.015
0.004
-0.14
0.106
-0.048
-0.165
0.006
-0.138
-0.079
-0.185
-0.164
-0.226
0.036
-0.062
-0.364
-0.352
-0.651
-0.525
-0.677
-0.719
-0.578
-0.591
-0.506
-0.686
-0.685
-0.844
-0.741
-0.716
-0.677
-0.73
-0.819
-0.7
-0.618
-0.703
-0.71
-0.664
-0.796
-0.671
-0.69
-0.787
-0.708
-0.57
-0.434
-0.605
-0.576
-0.384
-0.231
0.011
-0.037
0.046
0.054
-0.22
-0.234
-0.058
-0.075
0.152
0.2
0.149
0.199
0.296
0.009
0.014
0.049
0.107
0.301
0.184
0.441
0.36
0.449
0.125
0.024
-0.062
0.014
0.415
0.163
0.201
0.205
0.307
0.191
0.109
0.109
0.039
0.034
0.235
0.284
0.156
0.206
0.179
0.264
0.235
0.365
0.118
0.109
0.025
-0.174
-0.094
-0.109
-0.103
-0.003
-0.179
-0.107
-0.205
-0.295
-0.461
-0.365
0.013
0.065
0.164
0.099
0.265
0.126
0.054
0.015
-0.033
-0.058
-0.05
0.021
-0.24
-0.247
-0.15
-0.016
0.051
0.052
0.072
0.048
-0.091
-0.03
-0.214
-0.044
-0.195
-0.113
-0.051
0.003
-0.103
-0.037
-0.035
-0.006
-0.044
0.155
-0.236
0.054
-0.074
-0.105
0.01
0.18
0.42
0.372
0.335
0.361
0.163
0.036
0.128
0.065
-0.028
0.224
0.104
0.131
0.046
0.049
-0.128
-0.106
-0.035
-0.001
-0.049
0.096
0.333
0.425
0.479
0.309
0.414
0.527
0.575
0.554
0.64
0.756
0.779
0.686
0.774
0.646
0.499
0.578
0.474
0.487
0.315
0.164
-0.029
-0.147
-0.151
-0.12
-0.29
0.13
-0.288
-0.278
-0.096
-0.049
-0.085
-0.122
-0.061
0.154
0.435
0.676
0.82
0.873
0.812
0.738
0.497
0.532
0.484
0.6
0.786
0.84
0.821
0.779
0.537
0.409
0.593
0.758
0.971
1.056
1.044
1.173
1.261
1.239
1.216
1.11
1.116
0.886
0.786
1.015
1.091
1.059
1.044
1.205
1.085
0.843
0.746
0.394
0.291
0.406
0.106
0.351
0.3
0.129
0.152
-0.201
0.031
0.046
0.037
0.12
0.465
0.743
0.816
0.785
0.868
0.703
0.934
1.076
1.002
1.289
1.251
1.073
1.034
1.103
0.963
1.188
1.155
1.208
1.001
1.051
0.905
0.755
1.147
1.026
1.45
1.345
1.505
1.466
1.589
1.664
1.3
1.529
1.519
1.32
1.278
1.17
0.964
0.963
0.733
0.551
0.465
0.696
0.481
0.495
0.354
0.626
0.578
0.633
0.65
0.646
0.432
0.621
0.28
0.071
0.04
-0.288
-0.374
-0.671
-0.819
-0.807
-0.895
-0.843
-0.819
-0.921
-0.956
-0.634
-0.517
-0.419
-0.246
-0.126
-0.106
0.224
0.166
0.06
0.278
0.203
0.435
0.413
0.456
0.354
0.354
0.311
0.208
0.209
0.325
0.339
0.329
0.253
0.135
0.058
0.058
0.199
-0.348
-0.534
-0.405
-0.374
-0.356
-0.44
-0.461
-0.305
-0.361
-0.451
-0.501
-0.496
-0.286
-0.095
-0.048
0.263
0.388
0.415
0.214
0.061
-0.018
-0.163
-0.011
-0.119
-0.01
-0.03
0.039
0.058
0.052
0.225
0.201
0.359
0.484
0.366
0.496
0.193
0.095
0.096
0.15
0.369
0.276
0.206
0.559
0.646
0.443
0.186
0.085
0.211
0.088
0.194
0.052
0.109
-0.015
-0.191
-0.247
-0.011
0.191
0.18
0.29
0.417
0.274
0.065
-0.216
-0.169
-0.188
-0.152
-0.109
-0.1
-0.245
-0.427
-0.596
-0.614
-0.487
-0.324
-0.254
-0.152
-0.319
-0.206
-0.42
-0.454
-0.415
-0.384
-0.531
-0.41
-0.535
-0.585
-0.724
-0.859
-0.638
-0.465
-0.445
-0.486
-0.411
-0.5
-0.774
-0.594
-0.559
-0.583
-0.619
-0.474
-0.646
-0.579
-0.593
-0.584
-0.636
-0.639
-0.768
-0.705
-0.901
-1.071
-1.064
-1.031
-0.85
-0.9
-0.828
-0.84
-0.878
-0.925
-0.989
-0.652
-0.556
-0.531
-0.733
-0.569
-0.465
-0.386
-0.438
-0.416
-0.383
-0.479
-0.546
-0.845
-0.561
-0.651
-0.671
-0.531
-0.581
-0.844
-0.749
-0.848
-0.946
-0.86
-0.7
-0.403
-0.481
-0.36
-0.409
-0.225
-0.256
-0.05
-0.146
-0.094
-0.003
-0.018
0.092
0.391
0.422
0.559
0.335
0.343
0.571
0.701
0.855
0.24
0.355
0.261
0.283
0.343
0.426
0.527
0.497
0.449
0.378
0.359
0.517
0.47
0.4
0.357
0.259
0.089
0.211
0.009
0.171
0.144
0.217
0.23
0.062
0.079
0.105
0.085
0.211
0.251
0.151
0.0
0.115
-0.003
-0.026
-0.086
-0.109
-0.058
-0.238
-0.468
-0.256
-0.126
0.003
0.05
-0.07
-0.028
-0.081
-0.079
-0.185
-0.069
-0.035
-0.035
-0.191
-0.035
-0.265
-0.128
-0.099
-0.146
-0.158
-0.129
-0.095
-0.077
-0.129
-0.01
-0.066
0.03
-0.019
-0.043
0.051
0.146
0.083
0.161
0.083
0.058
0.166
-0.088
-0.205
-0.435
-0.348
-0.231
-0.19
-0.094
0.059
0.124
0.164
0.255
0.113
0.256
0.144
0.356
0.463
0.496
0.601
0.471
0.364
0.435
0.468
0.531
0.555
0.601
0.388
0.494
0.503
0.415
0.367
0.42
0.486
0.448
0.4
0.39
0.096
0.221
0.136
0.05
-0.131
-0.171
-0.288
-0.292
-0.168
-0.181
-0.188
-0.266
-0.19
-0.226
-0.325
-0.343
-0.458
-0.581
-0.458
-0.326
-0.346
-0.441
-0.595
-0.595
-0.666
-0.441
-0.415
-0.168
-0.336
-0.113
0.052
0.292
0.166
0.429
0.396
0.443
0.378
0.338
0.141
0.069
-0.03
-0.306
-0.323
-0.62
-0.7
-0.405
-0.409
-0.486
-0.494
-0.175
-0.401
-0.393
-0.573
-0.674
-0.709
-0.865
-0.824
-0.869
-0.879
-0.89
-0.705
-0.485
-0.174
0.035
0.046
0.146
0.185
0.129
-0.05
-0.105
0.11
0.188
0.228
0.348
0.281
0.283
0.3
0.52
0.45
0.526
0.72
0.656
0.573
0.302
0.072
0.034
-0.072
-0.225
-0.191
-0.065
-0.064
-0.029
-0.174
-0.064
-0.263
-0.33
-0.223
-0.258
-0.168
-0.173
-0.333
-0.31
-0.175
-0.196
-0.028
0.104
0.28
0.284
0.177
0.116
0.003
0.071
-0.129
-0.075
-0.058
-0.019
0.18
0.166
0.133
0.16
0.075
0.129
0.176
0.173
0.03
0.139
-0.026
0.184
0.069
-0.007
0.19
0.144
0.164
0.331
0.256
0.26
0.228
0.376
0.333
0.366
0.285
0.474
0.501
0.514
0.456
0.271
0.309
0.297
0.404
0.505
0.715
0.755
0.836
1.058
0.9
1.244
1.316
1.435
1.189
1.3
1.566
1.331
1.347
1.304
1.279
1.301
-9.92
1.448
1.601
1.57
1.455
1.222
1.165
1.062
1.113
1.201
0.979
1.444
1.338
1.029
0.959
0.901
0.844
0.895
1.07
0.954
0.85
0.755
0.939
1.111
1.145
1.111
1.399
1.328
1.308
1.124
1.155
0.956
1.036
0.986
1.025
0.954
0.905
0.995
1.137
1.173
1.251
1.259
1.123
0.901
0.886
0.85
0.779
0.805
0.809
0.6
0.556
0.421
0.186
0.224
-0.028
-0.109
-0.163
-0.07
-0.058
-0.273
-0.366
-0.398
-0.826
-0.69
-0.974
-0.795
-0.758
-0.736
-0.775
-0.843
-0.603
-0.756
-0.575
-0.519
-0.398
-0.134
-0.2
-0.11
-0.177
-0.181
-0.365
-0.239
-0.177
-0.107
-0.051
-0.069
-0.12
-0.182
-0.198
-0.115
0.191
0.149
0.164
0.23
0.13
0.109
0.193
0.217
0.301
0.276
0.371
0.289
-0.043
-0.139
-0.294
-0.421
-0.396
-0.376
-0.154
-0.049
-0.08
0.206
-0.059
-0.099
-0.301
-0.354
-0.427
-0.292
-0.246
-0.208
-0.234
-0.244
-0.164
-0.261
-0.086
0.007
-0.044
-0.014
-0.143
0.092
0.091
0.13
0.212
0.138
0.208
0.362
0.393
0.348
0.396
0.529
0.532
0.655
0.841
0.856
0.935
1.123
1.091
0.807
0.838
0.738
0.758
0.694
0.551
0.393
0.261
0.1
-0.263
-0.405
-0.482
-0.696
-0.481
-0.629
-0.826
-1.021
-1.005
-0.998
-0.893
-1.039
-1.031
-1.042
-1.151
-1.351
-1.453
-1.279
-1.375
-1.278
-1.279
-1.22
-1.21
-0.96
-0.72
-0.753
-0.682
-0.624
-0.504
-0.361
-0.201
-0.011
-0.165
0.297
0.326
0.469
0.527
0.371
0.324
0.416
0.492
0.403
0.552
0.569
0.355
0.401
0.176
0.094
0.224
0.371
0.323
0.15
0.05
-0.083
-0.066
-0.151
-0.311
-0.424
-0.51
-0.487
-0.536
-0.406
-0.372
-0.318
-0.429
-0.517
-0.408
-0.5
-0.431
-0.424
-0.451
-0.55
-0.534
-0.756
-0.674
-0.506
-0.71
-0.557
-0.646
-0.595
-0.875
-1.171
-1.066
-1.149
-1.046
-1.012
-0.989
-0.904
-0.938
-1.004
-0.856
-0.511
-0.398
-0.425
-0.361
-0.589
-0.606
-0.539
-0.537
-0.517
-0.381
-0.188
-0.146
0.009
-0.07
-0.131
-0.328
-0.385
-0.395
-0.258
-0.253
-0.25
-0.233
-0.524
-0.481
-0.27
-0.294
-0.242
-0.186
-0.212
-0.206
-0.115
0.043
0.151
0.147
0.106
0.113
0.208
0.24
0.174
0.304
0.411
0.451
0.435
0.261
-0.007
-0.092
0.212
-0.013
0.064
-0.166
-0.314
-0.094
-0.025
0.122
0.189
0.16
0.055
-0.228
-0.195
-0.378
-0.314
-0.198
-0.249
-0.396
-0.091
-0.529
-0.635
-0.554
-0.596
-0.511
-0.539
-0.33
-0.471
-0.2
-0.393
-0.398
-0.475
-0.326
-0.249
-0.25
-0.264
-0.194
-0.225
-0.176
0.143
0.17
0.309
0.22
0.36
0.579
0.652
0.652
0.715
0.754
0.69
0.482
0.485
0.4
0.343
0.269
0.152
0.099
0.149
0.181
0.129
0.165
0.003
0.136
0.126
0.149
0.054
-0.055
-0.031
-0.21
-0.23
-0.562
-0.5
-0.37
-0.273
-0.098
-0.235
-0.214
-0.163
-0.206
-0.198
-0.367
-0.454
-0.37
-0.755
-0.642
-0.799
-0.774
-0.675
-0.51
-0.497
-0.568
-0.532
-0.698
-0.542
-0.584
-0.574
-0.28
-0.445
-0.311
-0.473
-0.351
-0.328
-0.083
-0.175
-0.158
-0.113
-0.177
-0.07
0.004
0.109
0.104
0.019
0.005
0.03
-0.069
-0.274
-0.098
-0.028
0.055
0.261
0.168
0.161
0.223
0.175
0.12
0.321
0.318
0.35
0.385
0.441
0.273
0.189
0.186
0.383
0.456
0.497
0.479
0.614
0.69
0.642
0.444
0.539
0.576
0.4
0.385
0.188
0.225
0.056
-0.066
-0.32
-0.235
-0.414
-0.529
-0.594
-0.49
-0.485
-0.435
-0.555
-0.492
-0.39
-0.372
-0.369
-0.42
-0.482
-0.61
-0.696
-0.723
-0.58
-0.911
-0.69
-0.941
-0.775
-0.701
-0.519
-0.18
-0.061
0.054
0.238
0.174
0.383
0.453
0.486
0.708
0.855
0.864
0.782
0.633
0.641
0.704
0.709
0.66
0.589
0.671
0.316
0.481
0.39
0.549
0.573
0.655
0.664
0.682
0.691
0.728
0.814
0.931
0.92
1.035
1.042
1.076
1.185
1.214
1.214
1.229
1.21
1.261
1.104
1.101
1.225
1.169
1.366
1.153
1.224
1.206
1.103
1.137
1.079
0.974
1.09
1.242
1.373
1.506
1.6
1.42
1.29
1.377
1.159
1.206
1.091
1.407
1.425
1.328
1.411
1.421
1.27
1.218
1.046
1.183
1.436
1.439
1.54
1.454
1.394
1.469
1.308
0.986
0.894
0.44
0.301
0.439
0.367
0.349
0.39
0.429
0.609
0.751
0.829
0.859
0.792
0.679
1.052
0.441
0.39
0.496
0.357
0.506
0.526
0.431
0.441
0.431
0.641
0.394
0.436
0.608
0.547
0.606
0.302
0.242
0.105
0.181
0.164
0.133
0.134
0.229
0.427
0.449
0.206
0.15
0.199
0.089
0.113
0.143
0.26
0.32
0.369
0.163
0.19
0.107
0.111
0.154
0.035
-0.109
-0.199
-0.446
-0.487
-0.479
-0.629
-0.689
-0.69
-0.716
-0.38
-0.583
-0.492
-0.307
-0.416
-0.285
-0.193
-0.115
-0.1
0.041
-0.039
0.092
0.121
-0.007
-0.12
0.001
-0.331
-0.362
-0.329
-0.413
-0.394
-0.546
-0.487
-0.521
-0.466
-0.478
-0.401
-0.193
-0.356
-0.263
-0.296
-0.256
-0.309
-0.406
-0.479
-0.574
-0.595
-0.395
-0.385
-0.186
-0.013
-0.084
-0.487
-0.307
-0.364
-0.324
-0.12
-0.291
0.056
-0.014
-0.216
-0.649
-0.404
-0.27
-0.253
-0.18
-0.261
-0.018
-0.083
-0.066
0.158
0.105
0.176
0.318
0.084
-0.07
0.284
0.391
0.44
0.573
0.531
0.633
0.55
0.855
0.907
0.935
0.899
0.963
0.941
0.786
0.76
0.72
0.594
0.828
0.52
0.246
0.092
-0.143
-0.255
-0.242
-0.398
-0.66
-0.804
-1.091
-0.976
-1.131
-0.971
-0.848
-0.744
-0.893
-0.819
-1.19
-1.167
-1.064
-1.08
-1.046
-1.052
-0.856
-0.655
-0.44
-0.389
-0.216
-0.263
-0.384
-0.323
-0.3
-0.354
-0.206
-0.164
-0.062
0.159
0.022
0.035
-0.125
-0.242
-0.174
-0.346
-0.438
-0.405
-0.205
0.198
0.04
0.122
0.2
0.029
0.071
-0.103
-0.079
-0.249
-0.285
-0.53
-0.664
-0.545
-0.59
-0.434
-0.323
-0.311
-0.328
-0.321
-0.389
-0.251
-0.334
-0.431
-0.398
-0.375
-0.566
-0.586
-0.55
-0.405
-0.535
-0.539
-0.655
-0.77
-0.75
-0.821
-0.754
-0.89
-0.726
-0.595
-0.655
-0.584
-0.738
-0.885
-0.525
-0.708
-0.453
-0.532
-0.63
-0.646
-0.547
-0.635
-0.453
-0.541
-0.44
-0.271
-0.266
0.001
0.011
-0.011
0.03
0.281
0.352
0.671
0.706
0.451
0.45
0.446
0.575
0.6
0.5
0.527
0.214
-0.035
0.048
0.099
-0.07
0.107
-0.133
-0.2
-0.376
-0.394
-0.521
-0.916
-0.969
-0.758
-0.652
-0.609
-0.674
-0.532
-0.728
-0.415
-0.344
-0.496
-0.61
-0.775
-1.035
-1.065
-0.978
-0.844
-0.745
-0.58
-0.458
-0.499
-0.492
-0.344
-0.369
-0.525
-0.69
-0.88
-0.969
-1.23
-1.33
-1.314
-1.199
-1.136
-1.031
-0.766
-0.67
-0.6
-0.586
-0.532
-0.21
-0.301
-0.341
-0.561
-0.499
-0.549
-0.441
-0.634
-0.585
-0.427
-0.193
0.056
0.011
-0.141
-0.306
-0.175
-0.091
0.035
-0.019
-0.049
-0.138
-0.265
-0.309
-0.288
-0.254
-0.084
-0.055
0.163
0.238
0.406
0.188
0.221
0.275
0.301
0.39
0.709
0.864
0.964
1.049
1.163
1.083
1.039
1.073
1.176
1.176
1.0
0.84
0.85
0.631
0.686
0.441
0.181
0.346
0.314
0.278
0.309
0.143
0.205
0.077
0.254
0.146
0.191
0.251
0.168
0.242
0.22
0.134
0.32
0.234
0.126
0.141
0.159
0.173
0.199
0.061
0.071
0.013
0.186
0.247
0.145
0.186
0.037
-0.125
-0.1
0.225
0.379
0.03
0.033
0.099
0.154
0.159
0.035
-0.074
-0.205
-0.12
-0.164
0.015
0.115
0.048
0.126
0.448
0.279
0.471
0.547
0.596
0.456
0.463
0.426
0.486
0.604
0.819
0.656
0.899
0.859
0.724
0.941
0.756
0.914
0.68
0.458
0.41
0.527
0.53
0.758
0.861
0.846
0.91
1.167
1.15
1.004
0.886
1.015
1.345
1.316
1.246
1.213
1.391
1.374
1.363
1.323
1.395
1.351
1.33
1.056
1.103
1.279
1.181
1.369
1.397
1.446
1.21
0.949
0.864
0.975
0.868
0.723
0.688
0.699
0.544
0.436
0.515
0.522
0.359
0.52
0.261
0.398
0.175
0.028
0.41
0.535
0.425
0.525
0.46
0.482
0.307
0.163
0.205
0.039
0.371
0.29
0.27
0.316
0.158
0.403
0.314
0.655
0.703
0.664
0.385
0.281
0.184
0.251
0.455
0.385
0.375
0.541
0.435
0.471
0.175
0.271
0.586
0.23
0.071
0.091
0.18
0.276
0.307
0.311
0.366
0.568
0.569
0.586
0.705
0.691
0.633
0.628
0.676
0.583
0.594
0.677
0.669
0.766
0.74
0.639
0.715
0.939
0.816
0.809
0.82
0.761
0.728
0.665
0.723
0.838
0.68
0.62
0.565
0.565
0.514
0.42
0.336
0.354
0.146
0.036
0.164
-0.049
-0.14
-0.043
-0.065
-0.101
-0.007
-0.07
-0.062
-0.186
-0.603
-0.751
-1.029
-0.975
-0.723
-0.638
-0.588
-0.335
-0.474
-0.458
-0.454
-0.334
-0.054
0.029
0.242
0.217
0.176
0.144
0.228
0.196
0.141
0.044
0.128
-0.092
-0.319
-0.336
-0.432
-0.6
-0.589
-0.54
-0.753
-0.589
-0.469
-0.628
-0.608
-0.547
-0.461
-0.388
-0.536
-0.338
-0.583
-0.556
-0.516
-0.459
-0.539
-0.589
-0.485
-0.875
-0.713
-0.916
-0.629
-0.458
-0.417
-0.357
-0.334
-0.369
-0.334
-0.45
-0.535
-0.8
-0.741
-0.605
-0.48
-0.458
-0.31
-0.434
-0.435
-0.425
-0.275
-0.018
-0.056
-0.176
0.184
-0.104
-0.019
-0.286
-0.138
-0.118
-0.043
0.301
0.491
0.686
0.609
0.7
0.821
0.768
0.76
0.845
0.734
0.753
0.809
0.801
0.765
0.53
0.534
0.52
0.527
0.089
-0.254
-0.383
-0.564
-0.67
-0.901
-0.83
-0.991
-1.055
-0.873
-0.814
-0.92
-0.826
-0.871
-0.812
-0.978
-0.922
-0.829
-0.86
-0.824
-0.924
-0.74
-0.865
-0.691
-0.39
-0.28
-0.179
-0.15
-0.134
-0.244
-0.258
-0.331
-0.228
-0.185
-0.08
-0.138
-0.05
0.086
0.046
0.446
0.309
0.295
0.088
-0.113
-0.103
-0.413
-0.441
-0.639
-0.731
-0.575
-0.56
-0.401
-0.388
-0.425
-0.261
-0.276
-0.203
-0.216
-0.224
-0.229
0.028
-0.146
-0.158
