-0.076
-0.12
-0.136
-0.147
-0.085
-0.089
-0.279
-0.159
-0.283
-0.221
-0.186
-0.302
-0.206
-0.241
0.164
-0.08
0.079
0.276
0.244
-0.101
0.056
0.15
0.034
0.156
0.158
0.164
0.214
0.253
0.375
0.297
0.265
0.28
0.371
0.371
0.279
0.194
-0.034
-0.275
-0.269
-0.211
-0.256
-0.27
-0.366
-0.4
-0.304
-0.074
-0.095
-0.254
-0.33
-0.497
-0.431
-0.544
-0.468
-0.491
-0.468
-0.319
-0.398
-0.215
-0.316
-0.376
-0.259
-0.28
-0.199
-0.219
0.026
-0.22
-0.236
-0.27
-0.304
-0.346
-0.532
-0.618
-0.396
-0.364
-0.341
-0.346
-0.394
-0.324
-0.351
-0.425
-0.348
-0.292
-0.289
-0.221
-0.242
-0.212
-0.211
-0.27
-0.154
-0.435
-0.391
-0.506
-0.506
-0.517
-0.541
-0.524
-0.556
-0.494
-0.569
-0.615
-0.685
-0.555
-0.701
-0.682
-1.042
-0.988
-0.866
-0.949
-0.876
-0.909
-0.776
-0.754
-0.667
-0.51
-0.214
-0.343
-0.369
-0.389
-0.388
-0.306
-0.43
-0.186
-0.246
-0.238
-0.144
-0.318
-0.35
-0.297
-0.22
-0.143
0.139
0.077
0.149
0.171
0.245
0.314
0.417
0.515
0.652
0.628
0.671
0.704
0.754
0.777
0.754
0.831
0.756
0.789
0.626
0.578
0.381
0.333
0.28
0.233
0.173
0.316
0.334
0.074
0.099
0.061
-0.015
-0.019
-0.086
-0.196
-0.306
-0.318
-0.3
-0.344
-0.233
-0.184
-0.271
-0.246
-0.211
-0.176
-0.36
-0.429
-0.086
-0.095
-0.077
-0.154
-0.069
-0.146
-0.028
0.03
-0.133
-0.152
0.22
0.175
0.276
0.435
0.323
0.289
0.291
0.173
0.249
0.044
0.064
-0.036
-0.003
-0.14
-0.014
0.128
0.041
0.193
0.141
0.2
0.273
0.324
0.395
0.362
0.349
0.445
0.599
0.399
0.675
0.409
0.414
0.417
0.445
0.505
0.559
0.568
0.481
0.591
0.75
0.646
0.566
0.556
0.514
0.591
0.52
0.739
0.666
0.854
0.671
0.709
0.589
0.547
0.584
0.634
0.48
0.42
0.42
0.537
0.598
0.505
0.505
0.677
0.766
0.705
0.929
1.111
1.15
1.194
1.204
1.403
1.502
1.256
1.384
1.301
1.186
1.14
1.179
0.958
0.751
0.76
0.636
0.645
0.758
0.785
0.755
0.819
1.008
1.153
1.014
1.081
1.255
1.135
1.097
0.925
0.866
0.801
0.949
1.022
1.021
0.983
1.161
1.091
1.058
1.104
1.035
1.35
1.456
1.512
1.366
1.115
1.146
0.981
1.039
0.845
0.868
0.858
0.973
0.961
0.739
0.573
0.42
0.357
0.489
0.384
0.16
0.079
0.007
-0.151
-0.139
-0.305
-0.4
-0.346
-0.354
-0.231
-0.084
-0.003
0.025
-0.055
-0.084
-0.077
-0.125
-0.339
-0.174
-0.058
-0.149
-0.211
-0.305
-0.31
-0.391
-0.385
-0.604
-0.646
-0.694
-0.659
-0.679
-0.58
-0.669
-0.654
-0.559
-0.638
-0.561
-0.682
-0.799
-0.876
-0.768
-0.745
-0.53
-0.506
-0.509
-0.636
-0.616
-0.684
-0.546
-0.453
-0.348
-0.246
-0.212
-0.45
-0.5
-0.516
-0.869
-0.921
-0.674
-0.686
-0.765
-0.614
-0.841
-0.878
-0.796
-0.759
-0.711
-0.693
-0.534
-0.546
-0.474
-0.455
-0.417
-0.367
-0.091
-0.06
0.061
0.025
0.013
0.019
0.801
0.23
0.005
0.174
0.261
0.182
0.594
0.446
0.39
0.264
0.288
0.366
0.335
0.49
0.8
0.646
0.64
0.532
0.515
0.725
0.775
0.836
0.754
0.519
0.841
0.682
0.84
0.784
0.873
0.636
0.705
0.628
0.578
0.531
0.485
0.588
0.677
0.545
0.424
0.326
0.242
0.1
0.022
-0.105
-0.286
-0.401
-0.27
-0.273
-0.226
-0.139
-0.158
0.001
-0.06
-0.233
-0.515
-0.575
-0.339
-0.372
-0.105
-0.238
-0.126
-0.186
-0.173
-0.215
-0.028
-0.039
-0.089
-0.08
0.036
0.056
0.051
-0.079
-0.016
-0.266
-0.13
-0.039
-0.212
-0.105
-0.005
-0.065
-0.077
-0.022
0.156
0.155
0.048
0.062
0.069
-0.096
-0.19
-0.288
-0.454
-0.35
-0.417
-0.254
-0.333
-0.304
-0.12
-0.02
-0.098
-0.346
-0.29
-0.351
-0.339
-0.234
-0.224
-0.198
-0.325
-0.295
-0.136
-0.088
-0.014
0.005
-0.125
0.098
0.043
0.036
0.111
0.051
-0.075
-0.18
-0.154
-0.292
-0.321
-0.451
-0.37
-0.415
-0.568
-0.586
-0.741
-0.735
-0.681
-0.733
-0.749
-0.659
-0.655
-0.7
-0.621
-0.557
-0.333
-0.311
-0.22
-0.309
-0.129
-0.166
-0.094
-0.13
-0.158
0.019
-0.035
0.304
0.32
0.217
0.154
0.16
0.08
0.189
0.279
0.124
0.315
0.219
0.085
0.007
0.165
-0.044
-0.016
-0.074
-0.176
-0.286
-0.302
-0.351
-0.15
-0.164
-0.396
-0.525
-0.581
-0.709
-0.88
-0.897
-0.973
-0.958
-1.015
-0.981
-1.061
-1.05
-1.046
-0.983
-0.948
-0.864
-0.654
-0.685
-0.625
-0.568
-0.466
-0.57
-0.489
-0.685
-0.56
-0.492
-0.561
-0.475
-0.524
-0.443
-0.487
-0.416
-0.485
-0.355
-0.214
-0.176
0.039
0.025
0.1
0.216
0.289
0.709
0.544
0.466
0.729
0.669
0.685
0.611
0.616
0.615
0.672
0.7
1.068
1.312
1.246
1.269
1.137
1.036
0.951
0.829
0.529
0.395
0.386
0.146
0.064
-0.115
-0.214
-0.296
-0.491
-0.491
-0.468
-0.51
-0.356
-0.271
-0.269
-0.136
-0.089
-0.071
-0.281
-0.429
-0.395
-0.469
-0.409
-0.512
-0.349
-0.478
-0.33
-0.544
-0.515
-0.471
-0.644
-0.684
-0.532
-0.441
-0.32
-0.349
-0.331
-0.616
-0.705
-0.604
-0.475
-0.704
-0.625
-0.361
-0.576
-0.674
-0.41
-0.304
-0.165
-0.085
-0.13
-0.118
-0.329
-0.224
-0.09
0.352
0.565
0.48
0.564
0.581
0.589
0.71
0.753
0.721
0.935
0.891
0.959
1.081
0.981
1.144
1.089
1.113
1.335
1.37
1.414
1.309
1.328
1.213
1.119
1.335
1.425
1.516
1.545
1.425
1.266
1.124
0.904
0.792
0.782
0.836
0.876
0.85
0.861
0.796
0.451
0.276
0.144
0.125
-0.054
-0.203
-0.374
-0.501
-0.508
-0.449
-0.427
-0.427
-0.427
-0.346
-0.214
-0.228
-0.318
-0.362
-0.223
-0.02
-0.02
0.019
0.085
0.039
0.091
0.086
-0.04
-0.139
-0.11
-0.196
-0.176
-0.188
-0.19
-0.046
-0.28
-0.426
-0.289
-0.396
-0.48
-0.5
-0.606
-0.573
-0.595
-0.496
-0.354
-0.458
-0.424
-0.404
-0.084
0.116
-0.056
0.0
0.079
0.16
0.126
0.163
0.19
0.234
0.115
0.138
0.098
0.286
0.326
0.414
0.594
0.614
0.599
0.705
0.749
0.576
0.651
0.626
0.755
0.855
0.816
1.008
0.993
1.058
1.039
1.083
1.06
1.188
1.193
1.246
1.174
1.21
1.149
0.799
0.772
0.646
0.695
0.819
0.764
0.855
1.034
1.205
1.104
1.107
1.039
0.988
0.539
0.478
0.463
0.562
0.619
0.709
0.718
0.7
0.579
0.585
0.496
0.611
0.64
0.807
0.79
0.768
0.725
0.682
0.799
0.66
0.675
0.585
0.345
0.416
0.339
0.359
0.398
0.226
0.08
-0.019
0.105
0.077
0.233
0.304
0.307
0.149
-0.145
-0.169
-0.15
-0.125
-0.189
-0.089
0.039
0.056
-0.184
-0.319
-0.383
-0.751
-0.809
-0.718
-0.94
-0.787
-0.634
-0.539
-0.481
-0.35
-0.107
-0.35
-0.429
-0.578
-0.573
-0.352
-0.36
-0.152
-0.38
-0.645
-0.691
-0.598
-0.401
-0.165
-0.151
0.036
0.043
0.191
0.279
0.446
0.247
0.371
0.453
0.713
0.754
0.63
0.514
0.398
0.394
0.545
0.451
0.369
0.393
0.43
0.297
0.234
0.319
0.255
0.274
0.393
0.212
0.314
0.409
0.33
0.007
0.091
0.109
0.118
0.089
0.161
0.149
0.156
0.036
0.164
0.062
0.195
0.241
0.331
0.422
0.541
0.557
0.474
0.261
0.107
0.044
-0.188
-0.259
-0.559
-0.616
-0.406
-0.515
-0.524
-0.686
-0.925
-1.049
-1.031
-1.173
-1.04
-1.029
-1.249
-1.249
-1.302
-1.169
-1.241
-1.286
-1.403
-1.499
-1.495
-1.449
-1.383
-1.024
-1.139
-0.991
-0.853
-0.886
-0.888
-0.706
-0.781
-0.655
-0.623
-0.316
-0.419
-0.024
0.145
0.378
0.734
0.766
0.708
0.819
0.735
0.769
0.975
0.883
0.996
0.853
0.949
1.004
1.084
1.21
1.107
1.41
1.431
1.42
1.518
1.371
1.481
1.609
1.522
1.524
1.57
1.603
1.406
1.11
0.974
0.739
0.456
0.344
0.104
-0.004
-0.072
-0.136
-0.314
-0.177
-0.052
-0.309
-0.314
-0.217
-0.344
-0.335
-0.416
-0.323
-0.341
-0.299
-0.099
-0.089
0.089
-0.145
-0.17
-0.312
-0.331
-0.39
-0.505
-0.226
-0.286
-0.458
-0.585
-0.638
-0.494
-0.304
-0.355
-0.335
-0.199
-0.163
0.031
0.061
0.158
0.144
0.147
0.177
0.046
-0.061
-0.171
-0.312
-0.394
-0.396
-0.409
-0.388
-0.475
-0.307
-0.275
-0.211
-0.216
-0.441
-0.146
-0.496
-0.614
-0.549
-0.694
-0.974
-0.998
-1.008
-1.028
-1.103
-0.915
-0.821
-0.662
-0.72
-0.871
-0.849
-0.969
-1.083
-1.24
-1.45
-1.434
-1.446
-1.344
-1.228
-1.189
-0.932
-0.896
-0.873
-0.74
-0.713
-0.659
-0.576
-0.516
-0.601
-0.535
-0.346
-0.381
-0.19
-0.244
-0.459
-0.651
-0.774
-0.794
-0.784
-0.724
-0.705
-0.754
-0.688
-0.574
-0.723
-0.443
-0.645
-0.598
-0.669
-0.583
-0.375
-0.239
-0.186
-0.071
0.004
-0.121
0.074
-0.107
-0.098
-0.089
0.21
0.394
0.359
0.391
0.189
0.435
0.364
0.497
0.372
0.386
0.233
0.235
0.367
0.302
0.378
0.489
0.411
0.414
0.288
0.104
-0.08
-0.058
-0.174
-0.265
-0.328
-0.239
-0.32
-0.644
-0.657
-0.743
-0.676
-0.506
-0.47
-0.52
-0.595
-0.301
-0.487
-0.677
-0.238
-0.468
-0.253
-0.29
-0.268
-0.212
-0.276
-0.318
-0.216
-0.077
0.061
0.121
0.269
0.38
0.514
0.335
0.624
0.652
0.609
0.657
0.811
0.981
0.975
1.093
1.17
1.239
1.279
1.42
1.401
1.518
1.755
1.724
1.905
1.784
1.716
1.625
1.425
1.479
1.549
1.387
1.141
0.94
1.046
1.064
0.896
0.873
0.679
0.931
0.765
0.73
0.776
0.593
0.65
0.695
0.583
0.671
0.681
0.575
0.399
0.638
0.801
0.499
0.506
0.492
0.46
0.228
0.249
0.546
0.57
0.851
0.451
0.69
0.709
0.642
0.726
0.73
0.729
0.703
0.825
0.74
0.621
0.706
0.516
0.495
0.311
0.339
0.258
0.019
0.051
0.101
0.079
-0.036
-0.238
-0.181
-0.152
-0.152
-0.226
-0.062
-0.299
-0.288
-0.27
-0.065
-0.076
-0.171
-0.306
-0.28
-0.226
-0.125
-0.046
0.069
0.014
-0.169
-0.158
-0.175
-0.062
-0.059
0.089
0.086
-0.226
-0.411
-0.341
-0.546
-0.456
-0.424
-0.329
-0.181
-0.171
-0.165
-0.044
0.058
-0.025
-0.009
-0.221
-0.281
-0.512
-0.247
-0.069
0.059
0.13
-0.064
0.081
-0.066
-0.143
-0.11
-0.021
0.083
-0.031
0.171
0.046
0.077
-0.004
-0.22
-0.045
-0.022
-0.04
-0.141
-0.08
0.154
0.103
0.043
0.113
0.146
0.104
0.007
-0.065
0.101
0.075
-0.071
0.043
-0.154
-0.075
-0.041
-0.065
0.092
0.043
0.247
0.134
0.265
0.379
0.506
0.478
0.44
0.24
0.088
0.224
0.473
0.375
0.268
0.177
0.151
0.15
0.12
0.129
0.05
0.133
-0.026
-0.065
-0.04
-0.121
-0.185
-0.158
-0.249
-0.185
-0.138
-0.212
-0.326
-0.28
-0.526
-0.485
-0.446
-0.47
-0.492
-0.515
-0.26
-0.559
-0.631
-0.354
-0.315
-0.149
0.158
0.189
-0.026
0.048
-0.056
-0.276
-0.152
-0.024
0.182
0.219
0.163
0.135
0.181
0.32
0.497
0.236
0.299
0.336
0.129
0.18
-0.236
-0.05
-0.205
-0.094
-0.161
-0.319
-0.443
-0.466
-0.286
-0.375
-0.383
-0.249
-0.144
-0.179
-0.109
-0.253
-0.015
0.256
0.385
0.571
0.485
0.672
0.672
0.556
0.484
0.63
0.685
0.77
0.74
0.851
0.897
0.812
0.841
0.91
0.794
0.94
0.888
1.009
1.144
1.244
0.976
0.912
0.969
0.902
0.885
0.804
0.619
0.48
0.598
0.516
0.67
0.665
0.564
0.482
0.505
0.415
0.588
0.552
0.731
0.641
0.356
0.393
0.574
0.521
0.448
0.393
0.309
0.221
0.128
-0.085
-0.048
-0.021
-0.061
-0.116
-0.146
-0.385
-0.375
-0.239
-0.199
-0.195
-0.11
-0.174
-0.131
-0.092
-0.092
-0.029
0.115
0.031
0.071
0.121
0.302
0.181
0.263
0.211
0.249
0.427
0.296
0.496
0.185
0.055
-0.071
-0.209
-0.314
-0.405
-0.39
-0.487
-0.463
-0.485
-0.145
-0.301
-0.38
-0.508
-0.506
-0.651
-0.802
-0.996
-1.116
-1.281
-1.319
-1.355
-1.421
-1.539
-1.61
-1.584
-1.664
-1.599
-1.396
-1.376
-1.164
-1.026
-1.008
-0.879
-1.019
-0.891
-0.864
-0.811
-0.949
-0.797
-0.625
-0.449
-0.366
-0.236
-0.17
0.095
0.133
0.19
0.105
0.206
0.221
0.285
0.31
0.311
0.357
0.503
0.417
0.352
0.283
0.02
0.09
0.007
-0.13
-0.022
0.156
0.271
0.509
0.496
0.649
0.527
0.42
0.374
0.35
0.441
0.503
0.36
0.147
0.13
-0.146
-0.239
-0.454
-0.555
-0.606
-0.71
-0.68
-0.676
-0.285
-0.223
-0.107
0.113
-0.116
-0.103
-0.234
-0.143
0.029
-0.056
-0.058
0.006
0.021
0.146
0.121
0.176
0.06
0.024
-0.035
-0.103
0.126
-0.035
-0.044
-0.079
0.173
-0.171
-0.08
-0.164
-0.379
-0.189
-0.111
-0.236
-0.006
0.133
0.246
0.343
0.339
0.383
0.519
0.639
0.635
0.755
0.609
0.463
0.571
0.534
0.71
0.716
0.593
0.391
0.43
0.542
0.464
0.357
0.29
0.475
0.473
0.445
0.492
0.321
0.26
0.251
0.161
0.281
0.208
0.284
0.2
0.314
0.301
0.251
0.221
0.036
0.05
-0.086
0.03
-0.214
-0.306
-0.357
-0.323
-0.35
-0.471
-0.519
-0.536
-0.512
-0.398
-0.311
-0.221
-0.079
-0.077
-0.29
-0.388
-0.425
-0.111
0.107
0.109
0.266
0.02
0.241
0.216
0.143
0.238
0.283
0.288
0.095
-0.018
0.116
0.22
0.247
0.3
0.231
0.14
0.161
0.095
0.307
0.254
0.193
0.24
0.265
0.301
0.209
0.251
-0.075
-0.45
-0.728
-0.427
-0.795
-0.835
-0.534
-0.466
-0.333
-0.223
-0.448
-0.095
-0.105
0.206
0.215
-0.01
0.025
0.145
0.385
0.399
0.609
0.496
0.542
0.487
0.495
0.468
0.378
0.565
0.485
0.357
0.214
0.173
0.173
0.02
0.077
0.095
0.07
0.16
0.254
0.281
0.062
0.0
0.096
0.039
0.15
0.24
0.367
0.16
0.024
0.121
0.094
0.279
0.432
0.69
0.403
0.693
0.621
0.401
0.193
0.306
0.23
0.035
0.239
0.265
0.4
0.594
0.693
0.961
0.815
1.136
0.68
0.818
0.875
0.623
0.395
0.311
0.181
0.105
0.035
-0.163
-0.115
-0.14
-0.201
-0.376
-0.436
-0.424
-0.314
-0.155
-0.184
0.086
0.048
0.019
-0.013
-0.029
0.048
0.019
0.079
0.281
0.385
0.384
0.133
0.141
-0.022
0.066
-0.059
-0.247
-0.19
-0.104
-0.101
-0.171
-0.113
-0.245
-0.1
0.065
-0.125
-0.12
-0.113
-0.031
-0.118
-0.25
-0.4
-0.379
-0.176
-0.283
-0.249
-0.245
-0.206
-0.156
-0.372
-0.508
-0.595
-0.562
-0.559
-0.642
-0.58
-0.504
-0.374
-0.224
-0.311
-0.349
-0.083
-0.005
0.17
0.228
0.23
0.319
0.24
0.43
0.463
0.628
0.804
1.016
1.146
1.189
1.16
1.336
1.046
1.25
1.009
0.971
0.8
0.8
0.744
0.779
0.809
0.774
0.871
0.721
0.709
0.848
0.91
0.864
0.92
0.868
0.745
0.525
0.453
0.422
0.631
0.295
0.38
0.431
0.511
0.489
0.534
0.571
0.516
0.468
0.25
0.2
0.041
0.168
0.024
-0.083
-0.103
-0.251
-0.336
-0.454
-0.616
-0.634
-0.723
-0.72
-0.68
-0.471
-0.868
-0.902
-0.651
-0.823
-0.828
-0.754
-0.606
-0.645
-0.44
-0.531
-0.621
-0.609
-0.57
-0.611
-0.8
-0.769
-0.689
-0.843
-0.689
-0.598
-0.525
-0.249
-0.266
-0.307
-0.339
-0.065
-0.138
-0.05
-0.194
-0.323
-0.576
-0.586
-0.47
-0.436
-0.485
-0.57
-0.417
-0.386
-0.496
-0.443
-0.596
-0.345
-0.336
-0.056
0.055
0.033
0.085
0.209
0.052
0.288
0.263
0.131
0.229
-0.049
-0.188
-0.436
-0.53
-0.628
-0.699
-0.711
-0.794
-0.65
-0.526
-0.629
-0.588
-0.713
-0.611
-0.689
-0.551
-0.599
-0.571
-0.534
-0.665
-0.596
-0.525
-0.49
-0.536
-0.578
-0.541
-0.436
-0.265
0.025
0.239
0.125
0.331
0.386
0.285
0.133
0.214
0.119
0.198
0.169
0.463
0.497
0.444
0.463
0.324
0.549
0.432
0.81
0.491
0.666
0.828
0.886
0.94
0.915
0.781
0.718
0.88
0.741
0.469
0.336
0.236
0.094
0.226
0.36
0.326
0.209
0.138
0.249
-0.155
0.004
-0.276
-0.146
-0.269
-0.299
-0.294
-0.4
-0.333
-0.45
-0.254
-0.129
-0.092
0.05
-0.004
0.206
0.224
0.26
0.198
0.319
0.274
0.163
0.28
0.304
0.341
0.25
0.139
0.225
0.188
0.049
-0.193
-0.165
-0.086
-0.275
-0.214
-0.335
-0.279
-0.14
-0.106
-0.136
-0.209
-0.088
-0.07
0.014
0.077
-0.18
-0.219
-0.152
-0.206
-0.06
-0.144
-0.141
-0.059
-0.188
-0.176
-0.046
0.089
0.058
0.146
-0.007
0.059
0.106
0.125
-0.024
-0.095
-0.138
0.022
-0.116
-0.04
-0.081
-0.094
-0.083
-0.221
-0.215
-0.302
-0.319
-0.24
-0.409
-0.479
-0.253
-0.589
-0.662
-0.564
-0.542
-0.525
-0.522
-0.62
-0.531
-0.4
-0.372
-0.367
-0.526
-0.529
-0.475
-0.205
-0.217
-0.001
-0.13
-0.266
-0.168
-0.208
-0.325
-0.495
-0.378
-0.42
-0.348
-0.205
-0.181
-0.31
-0.269
-0.193
0.041
-0.031
0.12
0.086
0.013
0.007
0.195
0.336
0.385
0.326
0.519
0.575
0.642
0.544
0.505
0.391
0.16
0.004
0.151
-0.066
0.265
0.305
0.1
0.255
0.224
0.388
0.43
0.384
0.647
0.534
0.585
0.486
0.568
0.529
0.53
0.616
0.713
0.766
0.77
1.065
0.98
1.071
1.04
0.995
1.068
1.232
1.456
1.449
1.711
1.684
1.785
1.708
1.749
1.666
1.379
1.39
1.405
1.245
1.024
1.13
1.084
1.052
1.167
1.147
0.879
0.67
0.549
0.395
0.515
0.174
0.311
0.118
-0.125
-0.184
-0.424
-0.446
-0.284
-0.154
0.022
0.066
-0.013
-0.061
-0.029
-0.161
-0.203
-0.022
-0.015
-0.029
-0.06
-0.21
-0.211
-0.074
-0.061
-0.092
0.122
-0.074
-0.025
0.152
0.147
-0.022
0.094
0.154
0.025
0.003
-0.041
-0.045
-0.179
-0.301
-0.53
-0.615
-0.474
-0.416
-0.294
-0.251
-0.398
-0.247
-0.141
-0.351
-0.16
-0.408
-0.144
-0.198
-0.283
-0.184
-0.061
-0.131
-0.05
0.245
0.223
0.116
0.195
-0.011
-0.219
-0.203
-0.06
-0.103
-0.107
-0.165
-0.274
-0.329
-0.372
-0.496
-0.288
-0.45
-0.217
-0.054
-0.084
0.055
-0.015
-0.12
0.071
0.04
0.171
0.022
-0.143
-0.165
-0.018
-0.004
0.059
-0.016
-0.217
-0.054
0.003
-0.059
0.016
-0.16
-0.058
-0.164
0.122
-0.05
-0.196
-0.106
-0.088
-0.085
-0.154
-0.31
-0.324
-0.338
-0.362
-0.275
-0.134
0.026
0.088
0.031
0.045
0.055
-0.005
0.094
-0.114
-0.361
-0.456
-0.436
-0.454
-0.394
-0.344
-0.395
-0.396
-0.314
-0.396
-0.216
-0.169
-0.159
0.061
0.165
0.045
0.214
0.195
0.225
0.269
0.166
-0.048
-0.259
-0.29
-0.286
-0.448
-0.578
-0.716
-0.665
-0.519
-0.499
-0.539
-0.429
-0.579
-0.601
-0.669
-0.645
-0.556
-0.619
-0.635
-0.755
-0.54
-0.55
-0.677
-0.671
-0.861
-0.776
-0.764
-0.699
-0.611
-0.601
-0.39
-0.446
-0.371
-0.152
-0.036
-0.024
0.06
0.321
0.315
0.455
0.552
0.652
0.824
0.853
0.986
1.058
1.185
1.101
1.131
1.074
0.87
0.909
0.885
0.578
0.378
0.264
0.156
0.375
0.24
0.278
-0.013
0.07
-0.14
0.025
-0.339
-0.297
-0.29
-0.289
-0.255
-0.141
-0.058
-0.041
-0.163
-0.076
-0.316
-0.176
-0.155
-0.388
-0.268
-0.151
-0.103
0.022
-0.259
-0.199
-0.504
-0.494
-0.475
-0.63
-0.606
-0.779
-0.652
-0.679
-0.606
-0.605
-0.855
-0.871
-0.864
-0.964
-0.726
-0.802
-0.914
-0.855
-0.814
-0.89
-0.828
-0.605
-0.593
-0.549
-0.509
-0.254
-0.362
-0.295
-0.099
-0.033
0.075
0.09
0.186
0.343
0.42
0.251
0.216
0.328
0.416
0.345
0.356
0.569
0.43
0.647
0.66
0.753
0.751
0.838
0.959
0.77
0.8
0.775
0.78
0.76
0.939
1.004
0.897
0.802
0.796
0.557
0.46
0.417
0.199
0.209
-0.018
0.075
0.21
0.325
0.32
0.007
0.095
0.031
-0.138
-0.292
-0.304
-0.359
-0.703
-0.659
-0.784
-0.955
-0.951
-1.123
-1.08
-1.074
-0.955
-0.825
-0.816
-0.907
-1.183
-1.079
-1.103
-1.045
-0.76
-0.598
-0.555
-0.46
-0.495
-0.439
-0.527
-0.615
-0.466
-0.596
-0.415
-0.169
-0.009
0.247
0.486
0.733
0.71
0.733
0.761
0.703
0.806
0.834
0.86
0.831
0.825
0.791
0.679
0.736
0.562
0.393
0.61
0.484
0.601
1.07
0.841
0.999
1.03
1.091
1.149
1.13
1.296
1.439
1.481
1.404
1.443
1.344
1.262
1.068
0.866
0.615
0.579
0.802
0.544
0.63
0.664
0.578
0.601
0.639
0.659
0.541
0.489
0.579
0.583
0.378
0.328
0.441
0.324
0.28
0.346
0.276
0.176
0.2
0.325
0.259
-0.062
-0.121
-0.009
-0.095
-0.004
-0.105
0.245
0.221
0.404
0.333
0.166
0.165
0.001
-0.085
-0.033
-0.186
-0.169
-0.033
0.103
0.061
-0.121
-0.335
-0.126
-0.259
-0.338
-0.175
-0.064
0.159
0.286
0.429
0.482
0.695
0.675
0.654
0.721
0.856
1.019
0.954
0.856
1.035
0.888
0.96
0.639
0.606
0.599
0.405
0.434
0.299
0.297
0.066
0.208
0.14
0.154
0.231
0.198
0.165
0.164
0.274
0.166
0.185
0.131
-0.182
-0.205
-0.305
-0.366
-0.434
-0.345
-0.284
-0.393
-0.497
-0.677
-0.85
-0.899
-1.024
-0.909
-0.94
-0.94
-0.784
-0.812
-0.922
-0.895
-0.775
-0.69
-0.625
-0.846
-0.848
-0.781
-0.978
-0.786
-0.534
-0.505
-0.27
-0.209
-0.279
-0.25
-0.239
-0.242
-0.083
0.299
0.369
0.413
0.547
0.497
0.536
0.59
0.386
0.43
0.571
0.795
0.719
0.299
0.196
0.052
-0.075
-0.15
-0.188
-0.284
-0.176
-0.256
-0.129
-0.154
-0.269
-0.095
-0.044
-0.174
-0.246
-0.072
-0.124
-0.234
-0.118
-0.101
0.037
-0.01
0.052
0.361
0.15
0.114
0.119
-0.071
0.006
0.231
0.116
0.311
0.26
0.404
0.415
0.316
0.588
0.639
0.534
0.448
0.529
0.66
0.536
0.776
0.634
0.596
0.406
0.484
0.524
0.165
0.209
0.052
-0.015
-0.176
-0.114
0.22
0.319
0.179
0.314
0.164
0.294
0.116
0.005
-0.156
-0.229
0.028
-0.24
-0.346
-0.219
-0.175
0.009
0.168
0.165
0.376
0.532
0.657
0.708
0.398
0.654
0.449
0.384
0.449
0.234
0.251
0.294
0.229
0.152
0.211
0.261
0.163
0.325
0.438
0.224
0.465
0.378
0.288
0.314
0.22
0.055
0.026
-0.208
-0.031
-0.193
-0.235
-0.12
0.089
0.072
0.088
0.141
0.03
0.059
-0.014
0.259
0.24
0.517
0.695
0.546
0.625
0.545
0.496
0.672
0.741
0.703
0.451
0.445
0.562
0.784
0.749
0.761
0.526
0.403
0.189
0.1
0.182
0.307
0.441
0.464
0.251
0.229
-0.074
-0.329
-0.319
-0.321
-0.182
-0.095
0.004
-0.201
-0.364
-0.321
-0.454
-0.458
-0.292
-0.234
-0.092
-0.005
-0.084
-0.261
-0.503
-0.659
-0.531
-0.554
-0.464
-0.492
-0.481
-0.598
-0.443
-0.325
-0.211
-0.077
-0.049
-0.02
-0.193
-0.364
-0.349
-0.529
-0.599
-0.529
-0.511
-0.288
-0.46
-0.466
-0.46
-0.499
-0.512
-0.384
-0.315
-0.25
-0.01
0.049
0.12
0.096
0.189
0.209
0.35
0.581
0.606
0.764
1.012
1.318
1.278
1.151
1.064
0.871
0.976
0.932
0.811
0.704
0.651
0.422
0.381
0.359
0.38
0.375
0.343
0.279
0.16
-0.005
0.096
-0.077
-0.254
-0.323
-0.395
-0.455
-0.574
-0.468
-0.522
-0.425
-0.341
-0.485
-0.531
-0.551
-0.427
-0.547
-0.731
-0.718
-0.763
-0.868
-0.866
-0.851
-0.652
-0.604
-0.57
-0.599
-0.754
-0.849
-0.625
-0.578
-0.66
-0.45
-0.474
-0.534
-0.556
-0.644
-0.506
-0.456
-0.509
-0.276
-0.405
-0.405
-0.335
-0.285
-0.366
-0.509
-0.354
-0.224
-0.249
-0.182
-0.446
-0.481
-0.676
-0.628
-0.42
-0.304
-0.168
0.03
0.159
0.241
0.131
0.256
0.216
0.234
0.249
0.189
0.181
0.17
0.049
-0.095
-0.359
-0.336
-0.195
-0.269
-0.249
-0.235
-0.118
-0.111
-0.09
-0.084
-0.061
-0.104
-0.284
-0.297
-0.434
-0.304
-0.143
-0.088
0.089
0.152
0.159
0.2
0.24
0.104
0.278
0.154
0.133
0.231
0.034
0.065
-0.083
-0.058
-0.125
0.054
0.228
0.121
0.145
0.264
0.155
0.019
-0.044
-0.144
-0.111
-0.354
-0.343
-0.38
-0.229
-0.404
-0.441
-0.427
-0.38
-0.225
-0.058
-0.114
-0.299
-0.29
-0.406
-0.468
-0.41
-0.39
-0.701
-0.386
-0.547
-0.685
-0.645
-0.6
-0.328
-0.024
0.096
0.334
0.344
0.544
0.634
0.951
1.004
1.191
1.296
1.252
1.335
1.272
1.289
1.374
1.555
1.491
1.491
1.519
1.624
1.725
1.795
1.869
1.909
1.925
1.926
1.992
2.055
2.02
2.035
1.994
1.708
1.6
1.559
1.347
1.186
1.05
0.941
0.911
0.791
0.751
0.606
0.599
0.431
0.351
0.171
0.185
0.273
0.118
-0.098
-0.118
-0.233
-0.356
-0.494
-0.723
-0.66
-0.71
-0.734
-0.649
-0.594
-0.565
-0.478
-0.42
-0.71
-0.621
-0.522
-0.51
-0.445
-0.451
-0.191
0.1
0.249
0.42
0.705
0.481
0.642
0.492
0.46
0.478
0.571
0.398
0.458
0.307
0.005
-0.173
-0.039
0.011
-0.011
0.004
0.003
-0.061
-0.055
-0.098
-0.399
-0.072
-0.594
-0.669
-0.651
-0.624
-0.51
-0.405
-0.258
-0.468
-0.359
-0.449
-0.209
-0.109
-0.191
-0.19
-0.173
-0.06
-0.069
0.084
0.139
0.181
0.286
0.221
0.388
0.393
0.39
0.662
0.469
0.408
0.417
0.352
0.289
0.245
0.426
0.266
0.396
0.456
0.484
0.656
0.555
0.384
0.355
0.388
0.45
0.56
0.53
0.455
0.163
0.139
0.035
0.206
0.114
0.091
0.331
0.259
0.291
0.231
0.159
-0.025
-0.119
-0.064
0.064
-0.058
-0.105
-0.323
-0.383
-0.185
-0.135
-0.208
-0.149
-0.344
-0.345
-0.31
-0.338
-0.253
-0.279
-0.351
-0.448
-0.524
-0.47
-0.444
-0.49
-0.746
-0.711
-0.823
-0.971
-1.075
-1.01
-1.016
-1.436
-1.211
-1.354
-1.426
-1.276
-1.256
-1.394
-1.446
-1.399
-1.481
-1.744
-1.616
-1.823
-1.669
-1.443
-1.379
-1.079
-0.949
-0.964
-0.853
-0.878
-0.941
-0.922
-0.934
-0.917
-0.615
-0.455
-0.244
-0.349
-0.115
0.228
0.138
0.214
0.129
0.259
0.145
0.094
0.266
0.383
0.618
0.469
0.568
0.77
0.521
0.906
0.86
0.905
1.014
0.624
0.834
0.975
0.769
0.794
0.768
0.891
0.849
0.879
0.917
0.799
0.786
0.424
0.574
0.551
0.471
0.408
0.475
0.301
0.372
0.52
0.484
0.324
0.29
0.25
0.28
0.168
0.215
0.203
0.01
0.069
0.03
-0.114
-0.334
-0.341
-0.302
-0.22
-0.245
-0.354
-0.383
-0.574
-0.584
-0.517
-0.465
-0.47
-0.32
-0.278
-0.319
-0.23
-0.225
-0.115
-0.095
-0.216
-0.325
-0.315
-0.318
-0.325
-0.238
-0.388
-0.339
-0.458
-0.396
-0.426
-0.29
-0.379
-0.259
-0.403
-0.219
-0.155
-0.025
-0.052
0.011
0.121
-0.104
0.051
0.08
0.092
0.095
0.284
0.414
0.26
0.41
0.406
0.241
0.259
0.315
0.33
0.506
0.38
0.485
0.645
0.579
0.764
0.72
0.806
0.839
0.764
0.736
0.816
0.836
0.96
0.915
1.204
0.96
0.818
0.556
0.417
0.557
0.345
0.176
0.076
-0.091
-0.225
-0.138
-0.371
-0.279
-0.29
-0.143
-0.266
-0.209
-0.004
-0.121
0.039
0.004
-0.091
-0.221
-0.41
-0.354
-0.355
-0.261
-0.255
-0.208
-0.209
-0.191
-0.004
-0.159
-0.208
-0.139
-0.069
0.119
0.129
0.185
0.16
-0.094
0.092
0.145
0.19
0.24
0.144
0.239
0.234
0.136
0.115
-0.084
0.016
0.312
0.251
0.241
0.095
0.175
0.271
0.221
0.205
0.306
0.086
-0.011
0.069
0.217
0.199
0.224
0.264
0.321
0.404
0.307
0.156
0.199
0.339
0.536
0.596
0.615
0.556
0.481
0.573
0.575
0.943
1.042
0.921
1.055
0.984
1.134
1.064
0.866
1.096
0.931
0.974
0.917
0.769
0.839
0.7
0.688
0.685
0.646
0.594
0.393
0.096
0.081
0.074
-0.179
-0.269
-0.113
-0.046
-0.089
-0.154
-0.23
-0.492
-0.681
-0.796
-0.745
-0.907
-0.807
-0.921
-1.261
-1.292
-1.535
-1.441
-1.492
-1.56
-1.65
-1.706
-1.83
-1.789
-1.884
-1.73
-1.482
-1.5
-1.496
-1.383
-1.482
-1.33
-1.206
-1.054
-0.878
-0.809
-0.559
-0.515
-0.216
-0.274
-0.084
-0.029
0.165
0.09
0.103
0.155
0.064
0.219
0.128
0.385
0.408
0.056
-0.122
-0.199
-0.359
-0.33
-0.146
-0.37
-0.221
-0.074
-0.016
0.163
0.062
0.1
0.378
0.37
0.406
0.544
0.776
0.946
0.966
1.021
1.041
0.92
0.839
1.048
0.936
0.806
0.86
0.889
1.183
1.252
1.2
1.167
1.186
1.206
0.936
0.969
0.843
0.812
0.686
0.878
1.091
1.215
0.94
0.865
0.821
0.729
0.566
0.445
0.247
0.18
0.064
0.08
0.015
0.055
0.17
0.009
0.179
0.011
-0.001
-0.101
-0.048
-0.061
-0.211
-0.18
-0.125
-0.22
-0.2
-0.239
-0.259
-0.239
-0.394
-0.566
-0.605
-0.714
-0.854
-1.157
-1.354
-1.252
-1.269
-1.055
-1.177
-0.949
-0.856
-0.781
-0.696
-0.703
-0.725
-0.645
-0.482
-0.424
-0.454
-0.561
-0.719
-0.744
-0.691
-0.6
-0.266
-0.177
-0.297
-0.201
-0.169
-0.03
0.013
-0.105
-0.273
-0.504
-0.439
-0.291
-0.02
0.155
0.208
0.125
0.04
0.2
0.08
0.133
0.444
0.532
0.524
0.594
0.371
0.517
0.396
0.362
0.256
0.416
0.331
0.256
0.244
0.056
0.315
0.465
0.509
0.285
0.168
-0.076
-0.326
-0.264
-0.258
0.071
0.058
0.19
0.328
0.195
0.225
0.198
0.098
0.147
0.069
0.128
-0.076
-0.154
-0.304
-0.334
0.025
-0.346
-0.219
-0.497
-0.494
-0.484
-0.497
-0.525
-0.448
-0.399
-0.177
-0.131
0.064
0.045
-0.121
0.024
-0.094
0.001
-0.131
-0.05
0.031
0.081
0.156
0.18
0.244
0.291
0.297
0.378
0.414
0.566
0.541
0.539
0.391
0.297
0.2
0.054
0.024
-0.037
-0.209
-0.101
-0.004
0.08
0.124
0.166
0.255
0.295
0.155
0.386
0.372
0.278
0.383
0.54
0.415
0.624
0.706
0.696
0.699
0.749
0.754
0.654
0.609
0.721
0.662
0.739
0.779
0.713
0.624
0.579
0.646
0.48
0.215
0.2
0.124
-0.088
-0.145
0.034
0.14
0.352
0.255
0.226
0.098
0.188
0.419
0.256
0.099
0.088
0.147
0.096
-0.111
0.104
0.156
0.059
0.265
0.219
0.101
0.096
0.04
0.154
-0.128
-0.301
-0.318
-0.399
-0.294
-0.343
-0.455
-0.26
-0.338
-0.329
-0.532
-0.571
-0.292
-0.429
-0.406
-0.325
-0.269
-0.484
-0.331
-0.266
-0.48
-0.496
-0.359
-0.509
-0.414
-0.335
-0.35
-0.242
-0.163
-0.12
-0.326
-0.38
-0.311
-0.23
-0.158
-0.152
-0.04
-0.046
-0.461
-0.421
-0.693
-0.821
-0.723
-0.525
-0.497
-0.367
-0.074
-0.236
-0.296
-0.44
-0.426
-0.834
-0.688
-0.728
-0.521
-0.438
-0.154
-0.051
0.014
-0.198
-0.281
-0.186
-0.297
-0.438
-0.398
-0.503
-0.415
-0.445
-0.506
-0.456
-0.512
-0.292
-0.224
-0.4
-0.194
-0.158
-0.099
-0.115
-0.1
0.115
0.044
0.121
0.146
0.165
0.4
0.606
0.789
0.759
0.99
1.009
1.144
0.889
1.141
1.05
0.93
0.915
0.897
0.976
0.981
1.001
1.052
1.078
1.088
0.855
0.753
0.859
0.883
0.87
0.774
0.57
0.606
0.606
0.459
0.478
0.594
0.484
0.511
0.566
0.618
0.755
0.85
1.046
0.791
0.985
0.971
0.894
1.039
1.141
1.164
1.097
1.015
1.115
1.406
1.514
1.459
1.259
1.21
1.15
1.161
1.169
1.015
1.096
1.281
1.24
0.979
0.554
0.464
0.547
0.458
0.454
0.581
0.383
0.242
0.098
-0.081
-0.138
-0.24
-0.261
-0.504
-0.616
-0.795
-0.823
-0.916
-1.245
-1.252
-1.242
-1.318
-1.208
-1.155
-1.387
-1.279
-1.423
-1.289
-1.124
-1.075
-1.058
-0.814
-0.535
-0.458
-0.25
-0.224
-0.094
0.048
0.103
-0.021
0.13
0.088
0.037
0.217
0.164
0.095
0.126
0.266
0.19
0.165
-0.13
-0.199
-0.316
-0.379
-0.54
-0.352
-0.17
0.003
0.16
0.001
-0.096
-0.278
-0.085
0.122
0.135
0.238
0.394
0.524
0.484
0.205
0.334
0.066
-0.077
-0.254
-0.344
-0.415
-0.408
-0.184
-0.196
-0.29
-0.099
-0.156
-0.045
-0.258
-0.114
-0.171
-0.026
-0.089
-0.214
-0.062
-0.228
-0.233
-0.03
-0.033
-0.004
0.083
-0.096
-0.107
-0.256
-0.231
-0.333
-0.255
-0.23
-0.211
-0.301
-0.173
-0.151
-0.24
-0.295
-0.435
-0.32
-0.21
0.014
-0.134
0.199
-0.033
-0.088
0.074
-0.104
0.211
0.296
0.366
0.42
0.379
0.33
0.297
0.212
0.071
0.04
-0.085
-0.195
-0.333
-0.376
-0.349
-0.219
-0.134
-0.302
-0.491
-0.52
-0.703
-0.564
-0.652
-0.774
-0.988
-1.032
-1.039
-1.204
-1.204
-1.167
-1.175
-1.161
-1.31
-1.165
-1.133
-1.123
-1.254
-1.275
-0.956
-1.26
-1.279
-1.326
-1.377
-1.17
-1.292
-1.367
-1.215
-1.335
-1.127
-1.33
-1.311
-0.939
-0.899
-0.739
-0.715
-0.522
-0.623
-0.42
-0.356
-0.229
-0.18
-0.098
-0.13
-0.076
-0.195
0.072
0.18
0.53
0.531
0.5
0.389
0.264
0.326
0.228
0.195
0.217
0.177
0.004
-0.052
-0.253
-0.307
-0.291
-0.367
-0.409
-0.424
-0.401
-0.242
-0.119
-0.071
0.049
0.134
0.145
0.159
0.27
0.264
0.378
0.738
0.675
0.664
0.65
0.772
0.871
1.139
1.046
1.0
1.076
1.324
1.355
1.222
1.673
1.531
1.649
1.552
1.619
1.52
1.326
1.289
1.103
1.083
0.998
0.995
1.028
0.804
0.878
0.739
0.578
0.633
0.431
0.459
0.446
0.35
0.221
0.019
-0.145
-0.171
-0.33
-0.471
-0.494
-0.261
-0.188
-0.323
-0.171
-0.131
-0.122
-0.091
-0.03
0.189
0.145
0.234
0.226
0.256
0.234
0.144
0.188
0.07
0.079
0.11
0.15
0.001
-0.062
-0.03
-0.147
-0.12
-0.254
-0.3
-0.414
-0.266
-0.362
-0.435
-0.537
-0.625
-0.593
-0.463
-0.364
-0.431
-0.561
-0.415
-0.344
-0.456
-0.6
-0.713
-0.708
-0.609
-0.807
-0.465
-0.549
-0.466
-0.439
-0.537
-0.284
-0.45
-0.118
-0.128
-0.143
-0.334
-0.43
-0.639
-0.589
-0.445
-0.165
-0.219
-0.052
-0.054
-0.194
-0.209
-0.499
-0.463
-0.233
-0.086
-0.281
-0.158
-0.138
-0.114
-0.212
-0.182
-0.305
-0.324
-0.196
0.092
0.182
0.495
0.545
0.461
0.261
0.391
0.621
0.844
0.774
0.805
0.662
0.844
0.638
0.634
0.838
1.001
1.219
1.28
1.289
1.434
1.304
1.129
1.165
1.055
1.154
1.254
1.01
1.046
1.089
1.038
1.002
0.994
0.723
0.701
0.623
0.615
0.351
0.41
0.329
0.255
0.263
0.009
0.006
-0.11
-0.15
-0.251
-0.126
-0.155
-0.177
0.1
0.335
0.436
0.395
0.23
0.209
0.206
0.149
0.335
0.539
0.521
0.802
1.07
1.05
1.111
0.995
0.904
0.765
0.985
1.08
1.038
1.304
1.17
1.104
1.213
1.249
1.165
0.966
0.792
0.919
0.986
0.725
0.49
0.45
0.349
0.263
0.075
0.013
0.145
-0.004
-0.035
-0.405
-0.604
-0.671
-0.76
-0.932
-0.92
-1.139
-1.221
-1.23
-1.456
-1.691
-1.811
-1.656
-1.695
-1.911
-1.876
-1.709
-1.41
-1.434
-1.324
-1.272
-1.119
-1.079
-1.062
-1.079
-1.15
-0.99
-0.714
-0.605
-0.288
-0.179
-0.223
0.101
-0.052
0.171
0.499
0.481
0.509
0.608
0.2
0.174
0.1
0.321
0.504
0.66
0.802
0.76
1.055
1.15
1.09
1.005
0.953
1.021
0.922
1.069
1.204
1.073
1.157
1.009
1.051
1.079
1.046
1.034
1.038
1.026
1.079
0.835
0.763
0.796
0.85
0.896
0.769
0.605
0.417
0.15
-0.136
-0.17
-0.138
-0.26
-0.372
-0.306
-0.413
-0.765
-0.909
-0.79
-0.724
-0.836
-0.664
-0.443
-0.535
-0.539
-0.674
-0.895
-0.925
-0.72
-0.709
-0.654
-0.718
-0.68
-0.772
-0.638
-0.777
-0.677
-0.482
-0.636
-0.405
-0.478
-0.527
-0.56
-0.718
-0.461
-0.434
-0.312
-0.31
-0.031
0.056
0.064
-0.05
-0.17
-0.121
-0.133
-0.111
0.145
0.296
0.129
0.11
0.236
0.179
0.186
0.209
0.177
-0.031
0.152
0.06
0.015
0.288
0.193
0.328
0.413
0.343
0.39
0.193
0.17
0.051
-0.144
-0.181
-0.134
-0.019
-0.089
-0.035
-0.113
-0.024
-0.004
-0.083
0.043
0.099
-0.033
-0.138
-0.309
-0.247
-0.015
0.129
0.106
0.18
0.188
0.367
0.193
0.354
0.406
0.35
0.458
0.283
-0.84
0.453
0.329
0.231
0.515
0.529
0.378
0.25
0.589
0.271
0.098
0.318
0.438
0.324
0.396
0.525
0.455
0.281
0.191
0.0
-0.273
-0.17
-0.214
-0.033
-0.11
-0.224
-0.168
-0.314
-0.466
-0.281
-0.247
-0.23
-0.146
-0.133
-0.206
-0.121
-0.21
-0.216
-0.284
-0.328
-0.07
0.095
-0.031
-0.203
-0.28
-0.384
-0.133
-0.169
-0.17
-0.231
-0.466
-0.28
-0.411
-0.307
-0.362
-0.414
-0.366
-0.522
-0.42
-0.586
-0.619
-0.516
-0.505
-0.346
-0.37
-0.324
-0.497
-0.561
-0.576
-0.501
-0.709
-0.729
-0.529
-0.492
-0.453
-0.56
-0.459
-0.42
-0.514
-0.482
-0.451
-0.459
-0.546
-0.549
-0.333
-0.182
-0.05
0.051
0.193
0.164
0.119
0.188
0.059
0.051
0.066
-0.04
-0.005
-0.101
-0.22
-0.206
-0.194
0.028
-0.029
0.15
0.208
0.175
0.126
-0.171
0.251
0.088
0.005
0.037
0.016
0.028
-0.214
-0.033
0.269
0.41
0.681
0.734
0.686
0.635
0.201
0.046
0.203
0.496
0.871
0.999
1.16
0.998
1.089
0.975
1.008
1.038
1.149
1.141
1.071
1.101
0.934
0.856
0.976
0.854
0.782
0.899
1.039
0.965
0.869
0.893
0.821
0.441
0.336
0.169
0.143
0.158
0.203
-0.19
-0.061
-0.504
-0.362
-0.422
-0.492
-0.239
-0.254
-0.343
-0.261
-0.274
-0.275
-0.291
-0.426
-0.182
-0.292
-0.276
-0.185
-0.566
-0.631
-0.491
-0.424
-0.514
-0.541
-0.459
-0.448
-0.52
-0.469
-0.362
-0.309
-0.254
-0.094
-0.134
-0.158
-0.159
-0.289
-0.33
-0.191
-0.159
0.048
0.229
0.186
0.092
-0.043
-0.062
-0.156
-0.216
-0.254
-0.189
-0.214
-0.185
-0.331
-0.466
-0.234
-0.095
-0.1
0.176
0.028
0.026
-0.107
-0.305
-0.189
0.056
0.29
0.514
0.544
0.728
0.652
0.83
0.843
1.042
1.135
1.45
1.38
1.395
1.438
1.468
1.465
1.334
1.444
1.451
1.615
1.607
1.33
1.24
1.149
1.165
0.996
0.769
0.889
0.94
0.631
0.598
0.45
0.33
0.275
0.36
0.365
0.486
0.651
0.756
0.795
0.505
0.516
0.365
0.245
0.432
0.414
0.225
0.338
0.485
0.536
0.51
0.481
0.499
0.591
0.557
0.541
0.446
0.31
0.294
0.318
0.31
0.497
0.583
0.464
0.234
0.118
-0.104
-0.18
0.013
0.04
0.118
-0.041
-0.205
-0.494
-0.511
-0.454
-0.489
-0.499
-0.326
-0.251
-0.159
-0.335
-0.159
0.039
-0.005
-0.06
-0.086
0.014
0.169
-0.122
-0.4
-0.118
-0.44
-0.445
-0.445
-0.455
-0.356
-0.401
-0.356
-0.189
-0.09
-0.136
0.083
0.176
-0.169
0.041
-0.307
-0.238
-0.492
-0.383
-0.289
-0.275
-0.158
-0.223
-0.086
-0.036
-0.269
-0.074
-0.143
0.037
-0.009
-0.077
-0.004
0.069
-0.033
-0.159
-0.169
-0.258
-0.168
-0.004
0.147
0.199
0.271
0.185
0.339
0.468
0.61
0.524
0.574
0.777
0.635
0.87
0.655
0.505
0.537
0.6
0.65
0.514
0.443
0.251
0.161
0.077
0.004
-0.024
-0.021
-0.158
-0.006
-0.224
-0.564
-0.633
-0.593
-0.642
-0.536
-0.7
-0.521
-0.359
-0.066
-0.089
-0.001
-0.176
-0.106
-0.034
0.049
0.069
0.015
-0.07
0.174
0.179
0.118
0.007
0.094
0.128
0.155
0.166
0.393
0.511
0.609
0.54
0.619
0.43
0.411
0.394
-0.064
0.07
-0.1
-0.275
-0.255
-0.374
-0.455
-0.551
-0.665
-0.826
-0.733
-0.826
-0.839
-0.751
-0.999
-1.157
-1.096
-0.994
-0.959
-0.829
-0.751
-0.537
-0.43
-0.455
-0.565
-0.701
-0.57
-0.054
0.076
0.435
0.211
0.238
