-0.273
-0.205
-0.061
0.074
0.224
0.42
0.537
0.51
0.8
0.79
0.845
0.829
0.676
0.401
0.509
0.284
0.279
0.29
0.266
0.289
0.274
0.279
0.169
0.244
0.299
0.346
0.542
0.638
0.818
0.83
0.771
0.531
0.527
0.559
0.319
0.152
0.075
-0.15
-0.367
-0.383
-0.445
-0.367
-0.345
-0.424
-0.628
-0.759
-0.881
-0.772
-0.669
-0.731
-0.699
-0.68
-0.666
-0.655
-0.771
-0.89
-0.911
-0.927
-1.235
-1.199
-1.279
-1.315
-1.235
-1.203
-1.235
-1.221
-1.32
-1.363
-1.133
-1.24
-1.086
-0.874
-0.954
-0.994
-1.056
-0.998
-0.934
-0.87
-0.856
-0.79
-0.688
-0.43
-0.136
-0.077
0.159
0.186
0.384
0.375
0.39
0.344
0.176
0.335
0.362
0.53
0.536
0.665
0.78
0.723
0.75
0.549
0.669
0.688
0.905
0.846
0.819
0.623
0.451
0.076
0.531
0.531
0.38
0.484
0.492
0.603
0.781
0.549
0.6
0.611
0.291
0.371
0.255
0.245
0.238
0.146
-0.103
-0.384
-0.346
-0.802
-0.459
-0.416
-0.647
-0.699
-0.985
-0.876
-1.116
-1.089
-1.136
-0.924
-1.018
-0.984
-0.885
-0.917
-0.829
-0.761
-0.67
-0.682
-0.72
-0.634
-0.551
-0.629
-0.573
-0.605
-0.471
-0.294
-0.25
-0.223
-0.366
-0.532
-0.746
-0.669
-0.921
-0.589
-0.605
-0.341
-0.329
-0.305
-0.354
-0.261
-0.359
-0.542
-0.601
-0.566
-0.584
-0.753
-0.839
-1.0
-0.88
-0.865
-0.919
-0.741
-0.858
-0.69
-0.745
-0.834
-0.812
-0.628
-0.45
-0.379
-0.135
-0.239
-0.285
-0.072
0.044
0.072
0.255
0.206
0.158
0.191
0.315
0.503
0.46
0.674
0.625
0.549
0.608
0.611
0.468
0.295
0.309
0.2
-0.014
-0.029
-0.251
-0.221
-0.195
-0.041
0.024
-0.098
-0.118
-0.054
-0.223
0.025
0.049
0.27
0.367
0.357
0.288
0.316
0.215
0.228
0.136
0.284
0.441
0.534
0.413
0.628
0.431
0.495
0.421
0.416
0.44
0.304
0.334
0.448
0.494
0.439
0.541
0.512
0.456
0.357
0.046
0.194
0.146
0.059
0.195
0.258
0.228
0.224
0.124
0.129
0.084
0.086
0.217
0.209
0.224
-0.019
-0.198
-0.171
-0.275
-0.458
-0.486
-0.45
-0.359
-0.449
-0.454
-0.426
-0.263
-0.38
-0.383
-0.275
-0.351
-0.445
-0.427
-0.647
-0.614
-0.765
-0.608
-0.625
-0.716
-0.526
-0.394
-0.421
-0.354
-0.408
-0.354
-0.425
-0.524
-0.454
-0.625
-0.677
-0.716
-0.864
-0.874
-0.802
-0.709
-0.576
-0.367
-0.491
-0.341
-0.383
-0.408
-0.314
-0.217
-0.16
-0.045
0.048
-0.074
-0.025
-0.165
-0.135
-0.27
-0.244
-0.225
-0.158
-0.06
0.076
0.151
0.265
0.12
0.312
0.269
0.2
0.421
0.383
0.413
0.396
0.438
0.194
0.2
0.176
0.415
0.571
0.491
0.539
0.618
0.623
0.782
0.551
0.482
0.376
0.666
0.517
0.645
0.562
0.491
0.593
0.51
0.54
0.536
0.466
-0.033
-0.125
-0.145
-0.071
0.031
-0.125
0.035
-0.004
0.052
-0.036
0.07
0.256
0.055
0.138
0.241
0.401
0.586
0.536
0.608
0.578
0.539
0.529
0.394
0.413
0.446
0.497
0.568
0.561
0.619
0.72
0.802
0.609
0.635
0.531
0.675
0.43
0.233
0.256
0.103
0.035
-0.105
-0.305
-0.268
-0.318
-0.448
-0.376
-0.348
-0.46
-0.463
-0.376
-0.44
-0.396
-0.284
-0.071
-0.114
-0.088
-0.029
0.357
0.394
0.657
0.709
0.893
1.099
1.245
1.031
1.159
1.21
1.278
1.252
1.183
1.186
0.958
1.018
0.945
0.963
0.931
1.068
1.181
1.19
1.078
1.056
1.041
0.956
0.831
0.985
1.021
0.858
0.946
1.024
1.2
1.282
1.194
1.211
1.046
0.917
0.924
0.769
0.536
0.385
0.349
-0.109
-0.309
-0.278
-0.388
-0.453
-0.618
-0.466
-0.474
-0.466
-0.557
-0.569
-0.468
-0.364
-0.362
-0.48
-0.459
-0.525
-0.338
-0.215
-0.234
-0.003
-0.005
0.075
0.029
0.226
0.542
0.6
0.938
0.799
0.973
1.188
1.015
0.874
0.816
0.823
0.716
0.676
0.797
0.771
0.701
0.446
0.504
0.589
0.575
0.6
0.68
0.586
0.52
0.667
0.393
0.331
0.309
0.224
0.281
0.271
0.331
0.346
0.268
0.174
0.116
-0.01
-0.11
-0.212
-0.288
-0.225
-0.286
-0.271
-0.212
-0.092
-0.139
0.005
-0.055
-0.194
-0.388
-0.474
-0.443
-0.381
-0.04
0.045
0.036
0.141
0.018
0.13
-0.09
0.165
-0.015
0.147
-0.143
-0.141
-0.233
-0.109
-0.054
-0.088
0.046
-0.077
-0.177
-0.091
-0.154
-0.019
0.056
-0.11
-0.217
-0.092
0.011
0.09
0.17
0.249
0.23
0.365
0.174
0.411
0.276
0.235
0.633
0.591
0.677
0.557
0.863
0.706
0.851
0.801
0.784
0.723
0.652
0.733
0.858
0.823
0.856
0.802
0.895
0.917
1.045
0.958
0.794
0.756
0.671
0.655
0.711
0.596
0.31
0.278
0.321
0.242
0.215
0.128
0.103
0.079
-0.155
-0.029
-0.098
-0.234
-0.391
-0.569
-0.766
-1.0
-0.943
-0.879
-0.672
-0.588
-0.44
-0.295
-0.23
-0.211
-0.052
-0.253
-0.174
-0.169
-0.113
0.014
-0.071
-0.046
-0.074
-0.033
0.026
-0.209
-0.239
-0.45
-0.489
-0.519
-0.529
-0.47
-0.69
-0.604
-0.815
-1.019
-1.143
-1.146
-1.184
-1.018
-0.784
-0.766
-0.62
-0.655
-0.583
-0.579
-0.633
-0.534
-0.529
-0.465
-0.456
-0.517
-0.524
-0.511
-0.39
-0.516
-0.24
-0.206
-0.006
-0.022
-0.147
-0.165
-0.35
-0.242
-0.28
-0.421
-0.49
-0.54
-0.552
-0.679
-0.584
-0.514
-0.5
-0.531
-0.431
-0.385
-0.384
-0.516
-0.544
-0.646
-0.731
-0.667
-0.682
-0.725
-0.749
-0.696
-0.565
-0.489
-0.351
-0.475
-0.251
-0.292
-0.289
-0.01
0.107
-0.004
0.154
0.203
0.411
0.698
1.03
0.754
0.77
0.835
0.974
0.859
1.006
1.024
0.96
0.909
0.868
0.922
1.086
1.059
0.993
1.046
1.16
0.943
0.965
0.922
0.963
0.876
0.744
0.835
1.011
0.965
0.66
0.404
0.574
0.542
0.539
0.338
0.292
0.182
0.241
0.095
0.216
0.152
0.209
0.251
0.098
-0.039
-0.323
-0.383
-0.549
-0.618
-0.58
-0.529
-0.709
-0.699
-0.787
-0.919
-0.861
-1.009
-0.951
-1.091
-1.099
-1.161
-1.091
-1.134
-1.149
-1.144
-1.015
-0.782
-0.704
-0.419
-0.384
-0.201
-0.26
-0.22
-0.295
-0.186
-0.037
0.001
0.014
0.055
0.07
-0.144
-0.122
-0.185
-0.2
-0.122
-0.241
-0.241
-0.375
-0.473
-0.395
-0.406
-0.247
-0.258
-0.316
-0.339
-0.345
-0.318
-0.189
-0.196
-0.125
-0.186
-0.316
-0.016
-0.118
-0.401
-0.393
-0.39
-0.263
-0.138
-0.116
-0.175
-0.238
-0.086
0.041
0.029
0.045
0.125
0.15
0.06
0.105
0.154
0.188
0.143
0.104
0.096
0.01
-0.177
0.011
0.109
0.07
0.223
0.049
-0.166
-0.263
-0.491
-0.724
-0.711
-0.801
-0.825
-0.869
-0.88
-0.922
-0.861
-0.871
-0.833
-0.574
-0.65
-0.708
-0.764
-0.824
-0.719
-0.797
-0.959
-0.863
-0.954
-0.891
-0.839
-0.564
-0.51
-0.501
-0.435
-0.318
-0.122
-0.085
-0.064
0.176
0.264
0.46
0.501
0.635
0.652
0.64
0.858
0.774
0.796
0.723
0.779
0.69
0.634
0.685
0.623
0.886
0.92
0.723
0.647
0.782
0.688
0.599
0.475
0.33
0.254
0.315
0.338
0.297
0.195
0.107
0.071
0.141
0.046
-0.168
-0.261
-0.193
0.037
-0.021
-0.156
-0.081
-0.152
-0.16
-0.292
-0.356
-0.203
-0.169
-0.255
-0.284
-0.4
-0.6
-0.51
-0.516
-0.556
-0.446
-0.41
-0.376
-0.393
-0.525
-0.5
-0.529
-0.499
-0.295
-0.265
-0.29
-0.121
-0.054
0.045
0.055
0.114
0.06
0.101
0.107
-0.059
0.005
-0.059
-0.193
-0.109
-0.376
-0.266
-0.311
-0.274
-0.29
-0.324
-0.216
-0.279
-0.115
-0.161
0.031
-0.104
-0.043
-0.077
0.039
-0.069
-0.062
0.129
0.186
0.173
0.163
0.139
0.338
0.385
0.367
0.339
0.378
0.406
0.435
0.579
0.766
0.61
0.45
0.591
0.516
0.425
0.421
0.323
0.271
0.198
0.193
0.344
0.384
0.497
0.58
0.59
0.445
0.367
0.295
0.115
0.128
0.118
0.083
-0.11
-0.088
-0.163
-0.122
0.086
0.333
0.409
0.292
-0.104
-0.198
-0.436
-0.404
-0.316
-0.398
-0.398
-0.265
-0.461
-0.586
-0.661
-0.603
-0.565
-0.743
-0.823
-0.758
-0.724
-0.738
-0.745
-0.557
-0.381
-0.325
-0.095
-0.186
-0.28
-0.214
-0.179
-0.216
-0.193
-0.109
0.045
0.0
0.16
0.1
0.083
0.273
0.325
0.356
0.49
0.546
0.64
0.589
0.438
0.391
0.301
0.278
0.271
0.147
0.136
0.219
0.022
0.168
0.165
0.354
0.31
0.354
0.454
0.427
0.557
0.348
0.439
0.525
0.39
0.677
0.615
0.693
0.605
0.574
0.65
0.708
0.681
0.831
0.804
0.839
0.839
0.911
0.845
0.76
0.704
0.796
0.769
1.105
1.103
0.916
0.904
1.068
1.059
1.006
1.078
1.161
1.16
1.345
1.245
1.076
1.194
1.111
1.071
1.041
1.141
0.998
0.834
0.816
0.839
0.821
0.958
0.907
0.924
1.119
1.149
0.901
0.43
0.492
0.501
0.439
0.573
0.456
0.67
0.665
0.64
0.667
0.53
0.754
0.765
0.938
0.675
0.515
0.394
0.429
0.453
0.299
0.514
0.516
0.704
0.841
0.75
0.736
0.611
0.591
0.539
0.469
0.736
0.573
0.621
0.198
0.2
0.188
0.18
0.166
0.096
0.101
-0.302
-0.539
-0.575
-0.557
-0.446
-0.315
-0.122
-0.12
-0.354
-0.465
-0.379
-0.345
-0.219
-0.152
-0.177
-0.236
-0.259
-0.23
-0.33
-0.198
0.085
0.08
0.006
0.005
0.174
0.022
0.143
0.021
0.071
0.156
0.31
0.481
0.542
0.367
0.562
0.606
0.595
0.491
0.245
0.059
0.194
0.101
0.134
0.111
0.155
0.031
0.006
0.177
0.07
-0.113
-0.258
-0.33
-0.485
-0.503
-0.291
-0.226
-0.182
-0.14
-0.333
-0.406
-0.469
-0.435
-0.519
-0.42
-0.285
-0.109
0.065
0.06
0.179
0.236
0.115
0.061
-0.037
-0.336
-0.393
-0.562
-0.594
-0.718
-0.58
-0.677
-0.704
-0.667
-0.656
-0.506
-0.479
-0.386
-0.241
-0.341
-0.339
-0.292
-0.443
-0.315
-0.31
-0.355
-0.281
-0.4
-0.491
-0.589
-0.529
-0.46
-0.645
-0.66
-0.623
-0.69
-0.718
-0.734
-0.681
-0.686
-0.786
-0.95
-1.096
-1.005
-1.05
-1.136
-1.048
-1.111
-0.9
-0.836
-0.302
-0.233
-0.099
-0.046
-0.015
0.034
-0.06
0.095
0.186
0.236
0.223
-0.049
0.077
0.18
0.173
0.084
-0.066
-0.105
-0.06
-0.08
-0.234
-0.191
-0.182
-0.314
-0.307
-0.51
-0.448
-0.344
-0.394
-0.534
-0.751
-0.736
-1.024
-1.022
-0.916
-0.871
-0.834
-0.738
-0.758
-0.647
-0.706
-0.562
-0.411
-0.351
-0.371
-0.451
-0.446
-0.38
-0.256
-0.215
-0.22
-0.201
-0.25
-0.134
-0.13
-0.019
0.176
0.05
0.139
0.144
-0.098
-0.195
-0.24
-0.134
-0.18
-0.194
-0.263
-0.239
-0.385
-0.54
-0.623
-0.534
-0.501
-0.603
-0.49
-0.56
-0.586
-0.609
-0.706
-0.698
-0.696
-0.514
-0.511
-0.545
-0.603
-0.718
-0.844
-0.865
-0.931
-1.055
-1.022
-1.157
-1.115
-0.907
-1.059
-1.083
-0.99
-0.897
-0.674
-0.445
-0.344
-0.316
-0.15
-0.041
-0.122
-0.344
-0.339
-0.135
-0.103
0.035
0.11
0.194
0.372
0.49
0.716
0.735
0.75
0.65
0.53
0.421
0.406
0.393
0.32
0.369
0.219
0.212
-0.105
-0.348
-0.527
-0.618
-0.439
-0.33
-0.465
-0.475
-0.475
-0.436
-0.284
-0.221
-0.249
-0.095
-0.198
-0.263
-0.171
-0.168
-0.09
-0.136
0.005
0.264
0.173
0.309
0.276
0.258
0.251
0.384
0.3
0.083
0.145
0.089
-0.025
-0.199
-0.072
-0.133
0.121
-0.037
-0.06
-0.016
0.098
0.006
0.22
0.244
0.221
0.295
0.42
0.424
0.495
0.51
0.434
0.439
0.441
0.357
0.199
0.309
0.1
0.338
0.314
0.331
0.35
0.366
0.234
0.329
0.244
0.091
-0.114
0.22
0.209
0.214
0.195
-0.011
-0.103
0.16
0.215
0.055
0.159
-0.01
0.115
-0.133
-0.295
-0.306
-0.352
-0.334
-0.549
-0.517
-0.45
-0.367
-0.35
-0.314
-0.384
-0.219
-0.254
-0.39
-0.444
-0.501
-0.395
-0.424
-0.451
-0.42
-0.449
-0.258
-0.323
-0.274
-0.24
-0.357
-0.665
-0.581
-0.444
-0.555
-0.468
-0.504
-0.497
-0.537
-0.763
-0.774
-0.799
-0.609
-0.455
-0.134
-0.071
0.194
0.269
0.065
0.163
-0.028
-0.146
-0.242
-0.177
-0.198
-0.217
-0.212
-0.255
-0.161
-0.021
0.196
0.365
0.388
0.591
0.701
0.833
0.871
0.756
0.696
0.532
0.348
0.246
0.285
0.171
-0.024
-0.143
-0.188
-0.09
-0.094
-0.263
0.08
0.144
0.345
0.429
0.323
0.449
0.268
0.179
-0.051
-0.052
-0.135
-0.014
0.028
0.121
-0.071
-0.383
-0.399
-0.221
-0.051
-0.135
0.055
-0.003
-0.029
0.009
0.111
0.146
0.2
0.351
0.551
0.546
0.529
0.504
0.49
0.408
0.504
0.425
0.59
0.693
0.81
0.76
0.755
0.845
0.81
0.535
0.45
0.642
0.624
0.625
0.495
0.416
0.359
0.02
-0.031
-0.088
-0.206
-0.173
-0.215
-0.151
-0.022
-0.29
-0.268
-0.131
-0.357
-0.352
-0.372
-0.301
-0.177
-0.079
-0.18
-0.302
-0.309
-0.134
-0.191
0.07
0.103
0.114
0.22
0.263
0.319
0.259
0.35
0.415
0.465
0.5
0.424
0.549
0.434
0.305
0.299
0.284
0.15
0.365
0.27
0.131
-0.099
-0.174
-0.209
-0.111
-0.244
-0.076
0.133
0.075
0.115
0.12
0.052
0.075
0.164
0.234
0.312
0.352
0.215
0.269
0.203
0.121
-0.031
0.114
0.241
0.266
0.386
0.384
0.336
0.33
0.208
0.074
0.004
0.126
0.007
0.239
0.245
0.419
0.401
0.444
0.464
0.8
0.734
0.734
0.756
0.831
0.753
0.821
0.777
0.82
0.776
0.671
0.705
0.576
0.662
0.758
0.766
0.74
0.763
0.479
0.341
0.301
0.389
0.52
0.6
0.64
0.578
0.769
0.885
0.965
0.931
0.981
0.824
0.904
0.993
0.672
0.661
0.515
0.671
0.901
1.024
0.859
0.896
0.689
0.733
0.494
10.332
0.037
0.529
0.555
0.244
0.088
0.185
-0.138
-0.155
-0.255
-0.223
-0.17
-0.292
-0.059
-0.077
-0.128
-0.099
-0.194
-0.166
-0.129
-0.278
-0.013
0.105
-0.113
-0.225
-0.297
-0.196
-0.125
0.12
0.025
0.066
0.14
0.254
0.306
0.346
0.557
0.585
0.304
0.239
0.284
0.385
0.651
0.721
0.879
1.028
0.958
1.164
1.089
1.133
0.973
0.831
0.583
0.348
0.413
0.184
0.18
0.241
0.253
0.584
0.557
0.541
0.682
0.605
0.529
0.473
0.336
0.121
-0.128
-0.315
-0.343
-0.236
-0.241
-0.098
-0.122
-0.193
-0.273
-0.404
-0.228
-0.18
-0.311
-0.432
-0.364
-0.336
-0.449
-0.343
-0.324
-0.116
-0.198
0.061
-0.074
-0.189
-0.196
-0.125
-0.115
-0.228
-0.266
-0.22
-0.406
-0.435
-0.359
-0.281
-0.312
-0.321
-0.185
-0.284
-0.223
-0.164
-0.419
-0.403
-0.438
-0.468
-0.398
-0.304
-0.324
-0.145
-0.23
-0.184
-0.103
-0.165
-0.066
-0.072
-0.106
0.015
-0.021
0.094
-0.046
-0.069
0.124
0.094
0.001
-0.055
-0.135
-0.018
-0.116
0.075
0.051
0.031
0.209
0.265
0.235
0.182
0.254
0.111
0.236
0.279
0.24
0.188
0.085
0.203
0.15
0.08
0.118
0.037
-0.005
0.12
0.307
0.001
0.083
-0.165
-0.369
-0.455
-0.359
-0.568
-0.584
-0.662
-0.7
-0.593
-0.649
-0.501
-0.371
-0.381
-0.166
-0.221
-0.419
-0.614
-0.531
-0.481
-0.486
-0.705
-0.68
-0.591
-0.706
-0.699
-0.706
-0.574
-0.576
-0.596
-0.559
-0.378
-0.583
-0.526
-0.725
-0.784
-0.729
-0.794
-0.82
-0.743
-0.699
-0.53
-0.441
-0.394
-0.307
-0.217
-0.214
-0.482
-0.64
-0.751
-0.885
-0.775
-0.789
-0.573
-0.667
-0.784
-0.706
-0.781
-0.799
-0.907
-0.963
-0.814
-0.834
-0.682
-0.645
-0.316
-0.522
-0.699
-0.709
-0.699
-0.665
-0.579
-0.47
-0.45
-0.273
-0.242
-0.239
-0.094
-0.291
-0.096
-0.089
0.056
0.05
0.259
0.466
0.568
0.596
0.525
0.579
0.57
0.395
0.487
0.36
0.319
0.321
0.341
0.258
0.304
0.304
0.278
0.175
0.052
0.165
0.352
0.242
0.312
0.3
0.459
0.537
0.549
0.451
0.519
0.465
0.436
0.451
0.451
0.406
0.245
0.024
-0.004
-0.072
-0.246
-0.164
-0.196
-0.195
-0.221
-0.459
-0.403
-0.431
-0.491
-0.459
-0.623
-0.659
-0.794
-0.733
-0.812
-0.856
-0.79
-0.971
-0.825
-0.904
-0.726
-0.709
-0.763
-0.875
-0.853
-0.861
-0.939
-0.938
-0.705
-0.721
-0.626
-0.703
-0.671
-0.696
-0.616
-0.5
-0.45
-0.544
-0.517
-0.568
-0.564
-0.776
-0.694
-0.642
-0.291
-0.659
-0.81
-0.639
-0.684
-0.579
-0.519
-0.359
-0.372
-0.06
-0.033
-0.04
-0.081
0.059
0.085
0.211
0.454
0.698
1.011
0.988
0.912
1.018
0.89
0.87
0.714
0.743
0.566
0.706
0.831
0.958
0.901
0.919
0.95
1.068
0.855
0.736
0.812
0.869
0.833
0.886
0.807
0.696
0.66
0.63
0.503
0.406
0.2
0.154
0.004
-0.045
-0.039
-0.281
-0.216
-0.106
0.024
0.151
0.315
0.214
0.099
0.175
0.309
0.251
0.361
0.152
0.155
0.044
0.105
0.092
-0.179
-0.3
-0.295
-0.485
-0.646
-0.671
-0.741
-0.769
-0.719
-0.731
-0.628
-0.469
-0.517
-0.56
-0.628
-0.665
-0.91
-0.932
-1.107
-0.956
-1.019
-1.111
-0.965
-1.062
-0.856
-2.382
-0.878
-0.79
-0.741
-0.682
-0.772
-0.699
-0.463
-0.441
-0.482
-0.356
-0.138
-0.128
-0.138
-0.074
-0.094
-0.049
-0.103
0.04
-0.076
0.043
-0.106
-0.182
-0.16
-0.307
-0.194
-0.246
-0.118
-0.089
-0.103
-0.111
-0.014
0.092
0.256
0.356
0.241
0.364
0.147
0.316
0.348
0.17
0.181
0.274
0.401
0.432
0.255
0.09
0.026
0.224
0.265
0.309
0.206
0.19
0.176
0.215
-0.013
0.101
0.273
0.305
0.429
0.417
0.489
0.468
0.571
0.315
0.229
0.151
-0.08
-0.119
0.086
0.133
0.129
0.186
0.27
0.061
0.191
0.16
0.133
0.336
0.456
0.575
0.595
0.655
0.652
0.677
0.535
0.604
0.508
0.581
0.551
0.469
0.419
0.399
0.325
0.355
0.273
0.09
0.109
0.129
0.141
0.208
0.021
-0.107
-0.241
-0.309
-0.389
-0.413
-0.236
-0.454
-0.675
-0.724
-0.578
-0.633
-0.625
-0.695
-0.753
-0.763
-0.789
-0.792
-0.894
-0.914
-1.085
-1.137
-1.186
-1.135
-1.084
-1.115
-0.891
-0.635
-0.56
-0.591
-0.506
-0.43
-0.524
-0.344
-0.3
-0.099
0.151
0.155
0.136
0.191
0.014
0.115
0.263
0.356
0.427
0.565
0.573
0.704
1.042
0.839
0.834
0.861
0.888
0.984
0.954
1.011
1.066
0.854
0.948
0.965
1.046
0.79
0.949
0.874
0.78
0.78
0.593
0.629
0.445
0.676
0.811
0.807
1.064
0.96
1.07
0.993
0.953
1.016
0.912
1.031
0.917
0.96
1.099
1.04
0.865
0.868
0.921
0.848
0.824
0.866
0.926
1.029
1.139
1.07
0.949
1.116
1.206
1.296
1.39
1.448
1.32
1.399
1.357
1.403
1.324
1.154
1.289
1.046
0.895
0.785
0.986
0.869
0.58
0.53
0.475
0.436
0.405
0.372
0.289
0.176
0.083
0.251
0.239
0.235
0.189
0.286
0.295
0.354
0.421
0.374
0.396
0.499
0.564
0.321
0.261
0.149
0.338
0.561
0.552
0.8
0.609
0.986
0.994
1.014
0.934
0.899
0.902
0.79
0.517
0.416
0.45
0.583
0.661
0.897
0.823
0.87
0.774
0.522
0.455
0.333
0.526
0.665
0.82
0.62
0.446
0.364
0.44
0.307
0.136
0.134
0.126
0.329
0.463
0.58
0.439
0.415
0.312
0.175
0.276
0.103
-0.158
0.001
-0.049
-0.154
0.019
0.223
0.274
0.168
0.081
0.109
0.16
0.052
0.409
0.49
0.326
0.212
0.048
-0.156
-0.375
-0.383
-0.479
-0.399
-0.163
-0.05
-0.009
-0.163
-0.004
-0.083
-0.194
-0.18
-0.092
-0.05
-0.281
0.052
0.158
-0.007
-0.18
-0.089
0.083
0.029
0.044
0.075
0.141
0.13
0.07
0.085
0.159
0.09
0.052
0.14
-0.011
0.103
0.015
-0.304
-0.306
-0.276
-0.083
-0.138
-0.25
-0.195
-0.217
-0.21
-0.465
-0.408
-0.571
-0.869
-0.291
-0.688
-0.496
-0.448
-0.664
-0.419
-0.361
-0.45
-0.489
-0.799
-0.665
-0.768
-0.894
-1.149
-1.239
-1.298
-1.271
-1.331
-1.314
-1.216
-1.058
-1.145
-0.998
-0.853
-0.881
-0.739
-0.833
-0.868
-0.954
-0.756
-0.781
-0.76
-0.755
-0.699
-0.771
-0.67
-0.601
-0.686
-0.785
-0.975
-0.899
-0.849
-0.776
-0.59
-0.341
-0.366
-0.379
-0.403
-0.24
-0.18
-0.043
0.084
-0.131
-0.194
-0.219
-0.182
-0.329
-0.226
-0.316
-0.27
-0.105
-0.223
-0.458
-0.522
-0.636
-0.6
-0.743
-0.853
-0.83
-0.796
-0.491
-0.432
-0.445
-0.31
-0.174
-0.159
-0.091
-0.07
-0.01
-0.149
-0.149
-0.084
0.095
0.168
0.245
0.364
0.131
0.029
-0.256
-0.478
-0.201
-0.133
-0.054
0.106
0.3
0.359
0.283
0.15
-0.034
0.014
0.08
0.212
0.184
0.062
-0.02
-0.04
0.004
-0.143
-0.219
-0.309
-0.098
-0.346
-0.338
-0.29
-0.396
-0.103
-0.271
-0.352
-0.388
-0.443
-0.395
-0.484
-0.421
-0.451
-0.299
-0.039
-0.191
-0.229
-0.295
-0.251
-0.062
-0.118
-0.026
0.151
0.21
0.106
0.059
0.016
-0.062
0.036
0.077
0.144
-0.048
-0.195
0.049
-0.039
0.081
-0.029
-0.12
-0.098
-0.076
-0.314
-0.598
-0.506
-0.691
-0.681
-0.475
-0.57
-0.578
-0.706
-0.321
-0.46
-0.522
-0.604
-0.575
-0.588
-0.698
-0.583
-0.579
-0.561
-0.405
-0.386
-0.263
-0.501
-0.344
-0.444
-0.311
-0.38
-0.367
-0.431
-0.286
-0.13
-0.016
0.193
0.11
0.311
0.241
0.276
0.403
0.285
0.32
0.339
0.55
0.324
0.223
0.359
0.385
0.24
0.366
0.074
0.291
0.434
0.516
0.474
0.549
0.432
0.531
0.468
0.576
0.475
0.655
0.354
0.634
0.749
0.863
0.82
0.812
0.631
0.599
0.581
0.395
0.531
0.419
0.336
0.485
0.455
0.417
0.301
0.443
0.415
0.52
0.474
0.594
0.379
0.514
0.396
0.312
0.336
0.241
0.181
0.116
-0.08
-0.096
-0.203
-0.104
-0.386
-0.316
-0.285
-0.077
0.006
-0.062
-0.235
-0.294
-0.305
-0.182
-0.039
-0.099
-0.058
0.014
-0.084
0.138
-0.006
-0.18
-0.17
0.005
0.066
0.134
0.015
-0.006
-0.133
-0.104
-0.055
0.016
-0.059
-0.114
-0.096
-0.159
0.19
0.345
0.383
0.338
0.335
0.381
0.348
0.311
0.223
0.171
0.219
0.164
0.064
0.034
0.196
0.134
0.182
0.116
0.152
0.395
0.224
0.154
0.253
0.147
-0.015
-0.193
-0.216
-0.271
-0.288
-0.231
-0.181
-0.2
-0.393
-0.386
-0.57
-0.536
-0.532
-0.264
-0.346
-0.266
-0.236
-0.245
-0.26
-0.375
-0.356
-0.258
-0.198
-0.181
-0.026
-0.143
-0.16
-0.122
-0.194
-0.201
-0.175
-0.015
-0.194
-0.06
-0.201
-0.024
-0.269
-0.343
-0.242
-0.135
-0.146
-0.285
-0.414
-0.486
-0.515
-0.499
-0.654
-0.759
-0.736
-0.675
-0.506
-0.371
-0.291
-0.245
-0.199
-0.135
-0.01
0.033
0.1
0.175
0.06
-0.055
-0.104
-0.1
0.152
0.286
0.389
0.494
0.556
0.376
0.371
0.415
0.432
0.639
0.595
0.675
0.685
0.634
0.736
0.611
0.546
0.819
0.956
1.254
1.143
1.211
1.145
1.323
1.231
1.061
1.14
1.022
1.083
0.998
0.891
1.097
1.001
1.084
1.028
0.94
0.836
0.689
0.78
0.686
0.529
0.384
0.305
0.421
0.465
0.914
0.787
0.796
0.721
0.68
0.761
0.812
0.638
0.886
0.605
0.763
0.718
0.615
0.925
0.941
0.973
1.334
1.49
1.495
1.456
1.393
1.545
1.589
1.636
1.667
1.74
1.693
1.749
1.424
1.417
1.226
1.119
0.785
0.796
0.723
0.557
0.422
0.212
-0.06
-0.147
-0.124
-0.465
-0.709
-0.662
-0.946
-1.0
-0.945
-0.99
-0.785
-0.787
-0.645
-0.879
-1.0
-1.008
-1.165
-1.104
-0.89
-0.82
-0.756
-0.654
-0.573
-0.517
-0.403
-0.271
-0.226
-0.161
-0.121
-0.285
-0.295
-0.031
-0.115
0.062
-0.046
0.071
0.114
0.136
0.281
0.091
0.199
0.107
0.001
0.041
-0.081
0.1
0.02
-0.17
-0.019
0.126
0.033
0.039
-0.07
-0.15
-0.283
-0.3
-0.279
-0.321
-0.165
-0.341
-0.305
-0.36
-0.212
-0.221
-0.391
-0.255
-0.36
-0.385
-0.65
-0.782
-0.704
-0.881
-0.934
-0.715
-0.801
-0.868
-0.885
-0.638
-0.828
-0.68
-0.876
-0.829
-0.745
-0.652
-0.72
-0.657
-0.731
-0.706
-0.578
-0.492
-0.375
-0.503
-0.481
-0.289
-0.362
-0.318
-0.43
-0.185
-0.234
-0.045
-0.22
-0.233
-0.101
-0.224
0.046
0.381
0.455
0.734
0.86
0.86
0.921
0.935
0.993
0.904
0.845
0.829
0.716
0.345
0.261
0.28
0.314
0.451
0.421
0.245
-0.01
-0.319
-0.249
-0.503
-0.259
-0.508
-0.231
-0.24
-0.155
-0.092
-0.239
-0.159
-0.152
-0.18
-0.289
-0.369
-0.733
-0.834
-0.868
-0.695
-0.456
-0.319
-0.566
-0.522
-0.425
-0.772
-0.985
-0.895
-0.763
-0.775
-0.542
-0.725
-0.988
-1.123
-1.036
-0.932
-0.71
-0.709
-0.429
-0.591
-0.674
-0.701
-0.735
-0.969
-1.141
-1.135
-0.931
-0.654
-0.416
-0.386
-0.278
-0.4
-0.393
-0.466
-0.304
-0.115
-0.165
-0.084
0.119
0.33
0.46
0.5
0.487
0.474
0.696
0.425
0.357
0.481
0.404
0.515
0.319
0.434
0.557
0.32
0.284
0.2
0.171
0.399
0.246
0.111
-0.015
-0.13
-0.209
-0.088
0.033
-0.182
-0.205
-0.366
-0.206
-0.573
-0.37
-0.386
-0.49
-0.606
-0.609
-0.436
-0.166
-0.329
-0.325
-0.343
-0.041
0.029
0.075
0.015
-0.205
-0.194
-0.011
-0.031
-0.065
-0.096
-0.043
-0.107
-0.071
-0.195
0.074
0.23
0.134
0.375
0.154
0.11
0.131
0.193
0.372
0.443
0.603
0.451
0.514
0.478
0.421
0.525
0.219
0.098
0.098
0.131
0.128
-0.021
-0.28
-0.391
-0.08
-0.23
-0.312
-0.505
-0.616
-0.799
-0.828
-0.853
-0.949
-0.909
-1.073
-0.904
-0.954
-1.01
-0.919
-0.985
-0.819
-1.046
-0.879
-0.651
-0.646
-0.54
-0.541
-0.435
-0.31
-0.284
-0.458
-0.532
-0.532
-0.408
-0.352
-0.271
-0.151
-0.231
-0.254
-0.048
-0.021
0.234
0.413
0.544
0.633
0.647
0.454
0.458
0.55
0.74
0.578
0.751
0.791
0.799
0.929
0.731
0.584
0.586
0.797
0.966
0.916
0.924
0.789
0.739
0.619
0.524
0.619
0.511
0.562
0.586
0.54
0.583
0.396
0.271
0.326
0.404
0.618
0.674
0.669
0.546
0.615
0.58
0.64
0.75
0.79
0.904
0.9
0.949
0.953
0.959
1.018
0.93
1.085
0.868
0.807
0.853
0.795
0.569
0.42
0.329
0.3
0.226
0.098
0.101
-0.094
-0.434
-0.489
-0.689
-0.656
-0.725
-0.746
-0.964
-1.079
-1.101
-1.181
-1.045
-1.13
-1.121
-1.025
-0.99
-1.026
-0.97
-1.035
-0.927
-0.807
-0.946
-0.789
-0.682
-0.234
-0.244
0.121
0.345
0.307
0.495
0.454
0.491
0.527
0.388
0.583
0.956
0.944
0.986
1.228
1.094
1.109
1.137
1.038
1.079
1.07
0.891
0.812
0.652
0.61
0.546
0.743
0.393
0.444
0.22
0.284
0.283
-0.014
0.096
-0.039
-0.111
-0.182
-0.109
-0.083
-0.284
-0.245
-0.339
-0.315
-0.355
-0.481
-0.195
-0.343
-0.503
-0.463
-0.491
-0.255
-0.326
-0.244
-0.273
-0.357
-0.515
-0.529
-0.47
-0.391
-0.151
-0.077
0.075
0.1
0.049
-0.12
-0.031
0.169
0.255
0.388
0.37
0.37
0.169
0.194
0.362
0.464
0.474
0.699
0.537
0.291
0.468
0.484
0.489
0.519
0.524
0.576
0.434
0.37
0.247
0.23
0.113
0.075
0.521
0.409
0.521
0.393
0.389
0.413
0.448
0.399
0.463
0.646
0.62
0.541
0.676
0.552
0.579
0.723
0.745
0.825
0.835
0.601
0.422
0.241
0.081
-0.004
0.006
-0.015
-0.069
-0.111
-0.131
-0.08
0.061
-0.2
0.009
-0.028
0.0
0.244
0.16
-0.11
-0.199
-0.177
-0.261
-0.305
-0.14
-0.348
-0.256
-0.039
0.103
0.343
0.301
0.491
0.403
0.554
0.445
0.404
0.211
0.501
0.514
0.455
0.544
0.724
0.934
1.186
1.022
0.846
0.926
0.996
0.954
1.235
1.21
1.038
1.147
0.974
0.878
0.912
0.825
0.785
0.685
0.63
0.439
0.285
0.275
0.273
0.193
0.263
0.416
0.54
0.18
0.021
0.071
-0.095
-0.19
-0.291
-0.25
-0.156
-0.194
-0.009
-0.09
-0.05
-0.14
0.025
-0.091
0.071
0.3
0.046
-0.08
-0.234
-0.614
-0.526
-0.586
-0.616
-0.531
-0.43
-0.479
-0.182
-0.118
-0.171
-0.103
-0.02
-0.109
-0.004
-0.045
-0.199
-0.164
-0.166
-0.319
-0.076
0.109
0.036
0.238
0.445
0.43
0.211
0.241
0.111
-0.016
0.15
0.01
-0.004
-0.134
0.003
-0.062
-0.19
-0.221
-0.163
-0.276
-0.144
0.061
0.173
0.085
-0.231
-0.235
-0.15
-0.105
-0.166
-0.113
0.233
-0.025
0.029
-0.154
-0.302
-0.255
-0.061
-0.367
0.015
-0.134
-0.14
-0.018
0.124
0.051
0.147
-0.031
-0.21
0.031
0.054
-0.103
-0.089
-0.217
-0.396
-0.367
-0.323
-0.315
-0.281
-0.309
-0.156
-0.099
-0.013
-0.244
-0.165
-0.306
-0.131
0.058
0.03
0.165
0.105
0.18
0.103
0.007
-0.04
-0.23
-0.274
-0.049
-0.43
-0.453
-0.464
-0.455
-0.326
-0.357
-0.264
-0.393
-0.315
-0.314
-0.128
-0.323
-0.168
-0.346
-0.292
-0.369
-0.534
-0.656
-0.744
-0.709
-0.812
-0.926
-0.87
-0.896
-0.829
-0.789
-0.821
-0.791
-0.879
-0.62
-0.719
-0.618
-0.689
-0.912
-0.679
-0.706
-0.5
-0.374
-0.296
-0.179
-0.043
-0.208
-0.171
-0.217
-0.23
-0.451
-0.325
-0.253
-0.296
-0.505
-0.87
-0.67
-0.836
-0.885
-0.831
-0.954
-0.976
-0.853
-0.925
-0.909
-0.818
-0.771
-0.959
-0.844
-0.68
-0.641
-0.644
-0.49
-0.256
-0.003
0.0
0.156
0.159
0.079
0.041
0.028
0.074
0.156
0.331
0.456
0.514
0.68
0.769
0.736
0.792
0.465
0.634
0.688
0.79
0.875
0.681
0.879
1.079
1.036
0.886
0.731
0.424
0.251
0.13
0.549
0.708
0.948
1.203
1.292
1.308
1.347
1.304
1.276
1.115
1.045
0.895
0.87
0.761
0.657
0.758
0.696
0.729
0.596
0.374
0.174
0.094
0.028
0.029
-0.062
0.015
0.049
-0.08
-0.217
-0.147
-0.173
-0.271
-0.11
-0.066
-0.159
0.071
-0.258
-0.228
-0.18
0.015
0.028
-0.085
0.024
-0.111
-0.263
-0.266
-0.406
-0.37
-0.301
-0.325
-0.238
-0.168
-0.128
-0.269
-0.043
-0.03
0.081
-0.04
-0.021
-0.039
0.045
0.171
-0.014
-0.019
0.11
0.08
-0.185
-0.244
-0.164
-0.2
-0.116
-0.299
-0.233
-0.226
-0.138
-0.238
-0.344
-0.294
-0.174
-0.223
-0.371
-0.601
-0.578
-0.739
-0.728
-0.464
-0.826
-0.699
-0.75
-0.695
-0.688
-0.671
-0.777
-0.922
-0.914
-0.95
-0.848
-0.906
-0.919
-1.094
-0.9
-0.745
-0.728
-0.584
-0.614
-0.614
-0.804
-0.666
-0.576
-0.641
-0.552
-0.42
-0.448
-0.408
-0.369
-0.238
-0.169
-0.066
0.02
0.261
0.288
0.229
0.355
0.36
0.703
0.865
0.915
1.18
1.244
1.245
1.239
1.159
1.374
1.343
1.346
1.2
1.08
0.993
0.618
0.4
0.578
0.519
0.441
0.55
0.478
0.526
0.593
0.504
0.44
0.474
0.411
0.341
0.306
0.471
0.279
0.375
0.314
0.124
0.238
0.103
-0.018
0.01
-0.134
-0.077
-0.04
-0.084
-0.219
-0.3
-0.441
-0.366
-0.223
-0.169
-0.009
-0.08
-0.033
-0.03
-0.046
-0.16
-0.075
-0.096
0.051
0.085
0.261
0.328
0.21
0.446
0.147
0.099
-0.028
0.003
-0.052
-0.233
-0.37
-0.419
-0.559
-0.78
-0.784
-0.769
-0.576
-0.341
-0.118
-0.18
-0.215
-0.215
-0.118
-0.168
-0.07
0.228
0.223
0.321
0.459
0.608
0.638
0.459
0.408
0.422
0.367
0.459
0.64
0.506
0.421
0.275
0.264
0.245
0.056
0.165
0.253
0.234
0.491
0.329
0.37
0.279
0.27
0.31
0.16
0.384
0.041
0.059
-0.06
-0.06
-0.046
-0.066
-0.118
-0.08
-0.134
-0.393
-0.33
-0.438
-0.503
-0.436
-0.561
-0.584
-0.751
-0.556
-0.569
-0.456
-0.501
-0.306
-0.258
-0.189
-0.103
-0.05
-0.029
-0.039
-0.165
-0.185
-0.083
0.001
0.124
0.019
0.03
0.026
0.173
0.346
0.212
0.306
0.223
0.229
0.279
0.259
0.251
0.221
0.265
0.361
0.309
0.546
0.448
0.343
0.443
0.69
0.93
0.929
0.974
1.078
0.843
0.915
0.821
0.846
0.927
0.735
0.795
0.807
0.77
0.776
0.715
0.935
0.89
0.978
0.871
0.758
0.819
0.921
0.955
1.124
1.239
1.456
1.218
1.141
0.926
0.629
0.38
0.16
0.273
0.107
-0.105
-0.081
0.089
0.035
-0.242
-0.385
-0.464
-0.638
-0.665
-0.679
-0.775
-0.31
-0.384
-0.436
-0.163
-0.104
-0.216
-0.211
-0.325
-0.005
-0.225
-0.256
-0.058
-0.147
-0.001
0.04
0.18
0.21
0.259
0.484
0.603
0.509
0.527
0.482
0.238
0.307
0.223
-0.189
-0.128
-0.221
-0.348
-0.443
-0.655
-0.624
-0.878
-0.561
-0.851
-0.968
-0.956
-0.999
-1.01
-1.163
-1.18
-1.475
-1.38
-1.262
-1.298
-1.211
-1.046
-0.868
-0.816
-0.595
-0.816
-0.775
-0.546
-0.594
-0.662
-0.787
-0.713
-0.695
-0.699
-0.674
-0.672
-0.679
-0.601
-0.63
-0.499
-0.479
-0.312
-0.2
-0.249
-0.228
-0.184
-0.333
-0.435
-0.45
-0.344
-0.44
-0.321
-0.352
-0.266
-0.152
-0.071
0.344
0.295
0.398
0.58
0.552
0.547
0.948
1.123
1.213
1.261
1.309
1.347
1.338
1.056
1.296
1.124
1.299
1.071
1.228
1.055
1.025
1.116
1.254
1.339
1.374
1.19
0.956
0.659
0.401
0.228
0.364
0.426
0.383
0.394
0.234
0.064
0.146
-0.201
-0.31
-0.512
-0.561
-0.556
-0.362
-0.66
-0.698
-0.846
-0.939
-0.552
-0.499
-0.385
-0.323
-0.139
-0.014
0.101
0.114
0.114
0.144
0.12
0.013
0.291
0.38
0.578
0.589
0.626
0.891
0.787
0.985
1.025
0.998
0.776
0.776
0.53
0.549
0.295
0.566
0.349
0.175
-0.134
-0.318
-0.421
-0.468
-0.312
-0.291
-0.404
-0.398
-0.614
-0.566
-0.654
-0.312
-0.245
-0.154
0.03
-0.03
0.256
0.316
0.241
0.453
0.521
0.551
0.453
0.608
0.591
0.47
0.404
0.471
0.594
0.681
0.601
0.405
0.292
0.261
0.335
0.485
0.371
0.151
0.05
-0.099
-0.165
-0.039
-0.44
-0.409
-0.445
-0.361
-0.379
-0.375
-0.456
-0.448
-0.409
-0.331
-0.425
-0.421
-0.666
-1.114
-1.311
-1.439
-1.569
-1.444
-1.269
-1.199
-1.18
-1.011
-1.174
-1.046
-1.175
-0.989
-0.906
-0.95
-1.022
-1.076
-0.99
-0.819
-0.559
-0.765
-0.621
-0.463
-0.343
-0.235
-0.464
-0.367
-0.24
-0.126
0.085
0.138
0.185
0.254
0.316
0.537
0.647
0.679
0.546
0.54
0.714
0.706
0.775
0.771
0.649
0.916
0.828
1.01
1.166
1.198
1.465
1.265
1.125
0.914
0.93
0.88
0.921
0.893
0.739
0.463
0.525
0.291
0.088
-0.003
0.171
0.188
0.394
0.154
0.23
0.118
-0.189
-0.203
-0.306
-0.546
-0.728
-0.8
-0.765
-0.79
-0.595
-0.596
-0.544
-0.439
-0.5
-0.546
-0.52
-0.621
-0.552
-0.501
-0.78
-0.581
-0.706
-0.688
-0.515
-0.527
-0.379
-0.29
-0.205
-0.283
-0.3
-0.217
-0.177
-0.015
-0.02
0.247
0.306
0.297
0.4
0.324
0.573
0.706
0.861
0.897
0.854
0.866
0.671
0.521
0.624
0.542
0.779
0.787
0.839
0.77
0.89
0.855
0.756
0.894
0.562
0.688
0.694
0.557
0.549
0.443
0.328
0.085
0.098
0.15
0.155
0.244
-0.077
-0.021
-0.03
-0.045
-0.247
-0.306
-0.214
-0.244
-0.357
-0.479
-0.441
-0.682
-0.774
-0.801
-0.86
-0.934
-0.999
-1.154
-1.011
-1.085
-0.998
-1.024
-0.844
-0.601
-0.557
-0.525
-0.649
-0.571
-0.525
-0.495
-0.51
-0.497
-0.416
-0.39
-0.537
-0.688
-0.644
-0.655
-0.586
-0.562
-0.495
-0.52
-0.352
-0.135
-0.145
-0.209
-0.374
-0.315
-0.35
-0.201
-0.32
0.083
0.133
0.445
0.44
0.265
0.355
0.451
0.753
0.701
0.657
0.435
0.171
0.079
0.138
0.088
0.195
0.297
0.584
0.546
0.519
0.41
0.233
0.312
0.539
0.628
0.804
0.647
0.463
0.283
0.113
0.225
0.581
0.629
0.566
0.475
0.381
0.171
-0.041
-0.118
-0.331
-0.076
-0.121
-0.125
-0.264
-0.274
-0.526
-0.579
-0.645
-0.414
-0.445
-0.343
-0.409
-0.417
-0.365
-0.258
-0.076
0.026
0.043
0.094
0.168
-0.046
-0.109
0.046
-0.155
0.071
0.182
0.234
0.275
0.044
0.069
0.131
0.145
0.335
0.173
0.104
0.106
-0.072
-0.228
-0.374
-0.264
-0.283
-0.28
0.031
0.014
-0.219
-0.355
-0.537
-0.453
-0.254
-0.269
-0.011
-0.06
0.034
0.149
0.46
0.404
0.396
0.444
0.746
0.357
0.415
0.578
0.642
0.398
0.394
0.591
0.555
0.706
0.6
0.839
0.966
0.919
0.885
0.954
0.938
1.029
1.139
1.209
1.18
0.916
0.849
0.738
0.736
0.824
0.576
0.733
0.672
0.787
0.647
0.636
0.807
0.718
0.924
0.951
0.774
0.855
0.756
0.671
0.524
0.465
0.338
0.166
0.048
0.341
0.19
0.341
0.453
0.404
0.51
0.11
0.182
0.158
0.029
0.048
-0.295
-0.329
-0.422
-0.489
-0.849
-0.935
-0.826
-0.664
-0.505
-0.725
-0.787
-0.654
-0.959
-1.1
-1.08
-1.359
-1.114
-1.064
-1.036
-0.956
-0.991
-1.196
-1.213
-1.335
-1.34
-1.335
-1.406
-1.335
-1.384
-1.24
-1.301
-1.111
-1.059
-1.064
-0.914
-0.912
-0.605
-0.501
-0.344
-0.255
-0.155
-0.004
-0.083
-0.036
0.118
-0.044
0.076
0.173
0.138
0.189
0.306
0.511
0.584
0.729
0.771
0.849
0.698
0.591
0.485
0.49
0.375
0.443
0.482
0.659
0.694
0.912
0.795
0.97
0.901
0.888
1.083
1.07
1.116
1.184
1.068
1.165
1.265
1.164
1.121
0.964
0.961
0.834
0.693
0.681
0.681
0.357
0.491
0.249
-0.03
-0.079
-0.393
-0.584
-0.386
-0.669
-0.408
-0.745
-0.503
-0.593
-0.564
-0.59
-0.391
-0.475
-0.599
-0.54
-0.496
-0.506
-0.388
-0.388
-0.356
-0.269
-0.345
-0.416
-0.344
-0.481
-0.486
-0.6
-0.743
-0.795
-0.926
-0.879
-0.861
-0.61
-0.546
-0.297
-0.23
-0.304
-0.296
-0.141
0.101
0.046
0.085
-0.035
-0.011
0.011
0.118
0.329
0.301
0.266
0.085
0.049
-0.02
0.046
-0.107
0.149
0.316
0.01
0.103
0.115
0.065
0.034
0.02
0.036
0.039
0.114
0.09
0.092
0.03
0.111
0.228
0.133
-0.046
0.046
0.105
0.211
0.043
0.083
0.165
0.151
0.143
0.059
0.113
0.169
0.393
0.451
0.478
0.501
0.478
0.595
0.279
0.356
0.344
0.291
0.229
0.2
0.323
0.15
0.15
0.348
0.236
0.374
0.414
0.436
0.599
0.464
0.564
0.42
0.535
0.667
0.449
0.532
0.486
0.398
0.444
0.294
0.378
0.091
0.261
0.037
-0.133
-0.199
-0.395
-0.43
-0.628
-0.631
-0.578
-0.834
-0.771
-0.772
-0.826
-0.824
-0.675
-0.554
-0.441
-0.406
-0.286
0.134
0.138
0.315
0.292
0.055
-0.033
0.12
-0.121
-0.094
-0.14
-0.059
-0.083
0.037
-0.066
-0.044
-0.046
0.006
-0.083
-0.188
0.005
-0.258
-0.116
-0.016
0.079
0.07
-0.04
0.08
0.098
0.06
-0.072
-0.052
0.095
0.156
0.118
0.154
0.302
0.246
0.217
0.111
0.103
0.182
0.364
0.583
0.631
0.685
0.318
0.256
0.173
-0.198
-0.212
-0.325
-0.219
-0.1
-0.019
-0.239
-0.231
-0.296
-0.364
-0.383
-0.346
-0.211
-0.221
-0.226
-0.149
-0.16
-0.158
-0.136
-0.05
-0.26
-0.274
-0.574
-0.853
-0.646
-0.37
-0.224
-0.049
0.007
-0.08
-0.357
-0.394
-0.375
-0.166
-0.028
0.247
0.092
0.176
-0.163
-0.511
-0.422
-0.413
-0.139
0.143
0.176
0.15
0.32
0.449
0.401
0.511
0.761
0.868
0.948
0.907
0.665
0.155
0.372
0.468
0.616
0.66
0.682
0.754
0.682
0.46
0.456
0.561
0.425
0.316
0.217
0.3
-1.308
0.46
0.285
0.176
0.147
0.295
0.345
0.209
0.354
0.21
0.455
0.341
0.251
0.247
0.251
0.226
0.215
0.085
0.33
0.439
0.216
0.247
0.141
0.191
0.062
0.084
0.179
0.286
0.266
0.389
0.07
0.071
-0.037
0.065
0.096
0.015
0.041
0.138
0.191
0.046
0.035
0.051
