0.02
0.04
-0.001
0.1
0.118
0.176
0.184
-0.013
-0.156
-0.31
-0.465
-0.529
-0.674
-0.604
-0.829
-0.741
-0.807
-0.73
-0.739
-0.839
-1.022
-0.998
-1.161
-1.164
-1.222
-1.026
-0.999
-0.926
-0.907
-0.925
-0.725
-0.824
-0.854
-0.812
-0.996
-1.021
-1.085
-0.907
-0.784
-0.611
-0.5
-0.334
-0.281
-0.421
-0.389
-0.4
-0.301
-0.408
-0.406
-0.388
-0.458
-0.379
-0.458
-0.404
-0.28
-0.269
-0.239
-0.169
-0.244
-0.144
-0.08
-0.006
-0.119
0.19
-0.071
-0.045
0.084
0.211
0.214
0.324
0.421
0.475
0.463
0.532
0.574
0.552
0.596
0.581
0.581
0.504
0.519
0.362
0.264
0.379
0.468
0.393
0.388
0.43
0.221
0.072
-0.04
0.04
0.052
0.145
0.205
0.281
0.294
0.372
0.296
0.195
0.145
0.074
0.2
0.319
0.376
0.576
0.48
0.346
0.3
0.339
0.42
0.422
0.334
0.346
0.205
0.228
0.151
0.135
0.326
0.422
0.561
0.664
0.706
0.764
0.83
0.919
0.667
0.481
0.285
0.454
0.314
0.3
0.294
0.273
0.299
0.098
0.021
-0.138
-0.115
-0.201
-0.251
-0.159
-0.18
-0.244
-0.306
-0.111
-0.11
-0.019
0.09
0.254
0.221
0.215
0.133
0.051
-0.077
-0.147
-0.098
-0.203
-0.296
-0.356
-0.251
-0.379
-0.469
-0.445
-0.49
-0.549
-0.529
-0.485
-0.434
-0.355
-0.339
-0.312
-0.2
-0.182
-0.279
-0.244
-0.254
-0.234
-0.231
-0.265
-0.273
-0.286
-0.279
-0.251
-0.171
-0.18
-0.234
-0.245
-0.3
-0.331
-0.333
-0.294
-0.221
-0.173
-0.104
-0.011
0.273
0.179
0.181
0.086
-0.101
-0.083
-0.209
-0.369
-0.285
-0.37
-0.432
-0.499
-0.482
-0.545
-0.504
-0.461
-0.608
-0.505
-0.689
-0.797
-0.786
-0.889
-0.994
-1.032
-0.996
-0.905
-0.94
-1.034
-0.976
-1.039
-1.014
-1.14
-1.167
-0.938
-0.907
-0.761
-0.684
-0.574
-0.36
-0.116
0.019
0.031
0.249
0.367
0.479
0.448
0.394
0.289
0.411
0.505
0.385
0.393
0.343
0.568
0.734
0.744
0.696
0.606
0.608
0.546
0.629
0.499
0.531
0.54
0.529
0.626
0.651
0.711
0.562
0.598
0.552
0.503
0.436
0.245
0.297
0.26
0.292
0.24
0.309
0.371
0.45
0.511
0.512
0.524
0.398
0.294
0.343
0.39
0.501
0.481
0.321
0.289
0.208
0.144
-0.115
-0.039
-0.122
-0.219
-0.289
-0.344
-0.416
-0.422
-0.455
-0.519
-0.591
-0.461
-0.579
-0.754
-0.784
-0.749
-0.768
-0.71
-0.621
-0.7
-0.729
-0.585
-0.764
-0.609
-0.875
-0.691
-0.706
-0.606
-0.685
-0.62
-0.633
-0.469
-0.427
-0.274
-0.23
-0.14
-0.051
-0.034
-0.001
0.143
0.173
0.154
0.12
0.095
0.029
-0.045
-0.145
-0.143
-0.307
-0.344
-0.143
-0.434
-0.389
-0.546
-0.491
-0.465
-0.333
-0.215
-0.215
-0.18
-0.188
-0.242
-0.361
-0.344
-0.416
-0.396
-0.264
-0.2
-0.221
-0.307
-0.224
-0.175
-0.249
-0.135
-0.223
-0.217
-0.229
-0.236
0.052
0.081
0.176
0.362
0.371
0.263
0.408
0.396
0.39
0.346
0.048
0.1
0.084
0.121
0.033
0.154
0.198
0.236
0.214
0.015
-0.02
0.044
0.138
0.17
0.144
0.15
-0.015
0.07
0.12
0.081
0.176
0.113
0.066
0.007
-0.016
-0.085
0.075
0.059
0.028
0.064
-0.086
0.111
0.128
0.209
0.321
0.32
0.281
0.214
0.393
0.43
0.464
0.315
0.281
0.37
0.284
0.427
0.334
0.414
0.524
0.448
0.494
0.37
0.364
0.307
0.369
0.26
0.133
0.094
0.075
-0.135
-0.314
-0.315
-0.295
-0.321
-0.188
-0.16
-0.077
-0.244
-0.168
-0.182
-0.129
-0.049
-0.228
-0.128
-0.088
-0.166
-0.245
-0.1
-0.046
0.049
0.072
0.231
0.411
0.435
0.265
0.388
0.219
0.321
0.436
0.454
0.419
0.545
0.541
0.601
0.561
0.545
0.601
0.595
0.681
0.603
0.588
0.529
0.487
0.329
0.184
0.106
0.064
0.116
0.104
0.096
0.129
-0.026
0.122
0.036
-0.116
-0.2
-0.155
-0.059
-0.185
-0.235
-0.315
-0.394
-0.37
-0.508
-0.566
-0.71
-0.677
-0.603
-0.492
-0.492
-0.398
-0.479
-0.281
-0.362
-0.605
-0.69
-0.838
-0.844
-0.791
-0.776
-0.76
-0.733
-0.655
-0.843
-0.821
-0.696
-0.68
-0.366
-0.292
-0.154
-0.08
-0.029
0.052
-0.014
-0.005
0.077
0.156
0.143
0.025
0.107
0.058
0.086
-0.075
0.034
-0.021
0.039
0.061
0.126
0.354
0.465
0.491
0.525
0.638
0.628
0.671
0.571
0.576
0.686
0.408
0.263
0.072
-0.021
-0.173
-0.32
-0.388
-0.276
-0.224
-0.238
-0.28
-0.28
-0.44
-0.413
-0.344
-0.311
-0.182
-0.164
-0.271
-0.221
-0.217
-0.366
-0.306
-0.091
-0.014
-0.035
0.011
0.174
0.135
-0.005
-0.019
-0.15
-0.3
-0.446
-0.409
-0.474
-0.486
-0.411
-0.37
-0.354
-0.508
-0.475
-0.619
-0.584
-0.676
-0.796
-0.792
-0.782
-0.756
-0.72
-0.659
-0.575
-0.71
-0.758
-0.628
-0.686
-0.779
-0.544
-0.584
-0.429
-0.475
-0.366
-0.403
-0.393
-0.459
-0.355
-0.354
-0.336
-0.331
-0.288
-0.345
-0.38
-0.61
-0.575
-0.636
-0.63
-0.251
-0.395
-0.309
-0.296
-0.39
-0.359
-0.355
-0.156
-0.212
-0.168
-0.033
0.055
-0.009
0.001
0.083
0.212
0.211
0.345
0.509
0.473
0.419
0.619
0.655
0.694
0.693
0.664
0.694
0.504
0.623
0.448
0.371
0.456
0.3
0.304
0.193
0.185
0.149
0.106
0.081
0.144
0.088
0.083
0.124
0.211
-0.056
-0.024
0.066
0.164
0.214
0.156
0.3
0.125
0.278
0.271
0.259
0.23
0.255
0.261
0.188
0.186
0.175
0.089
0.094
-0.011
0.024
-0.094
-0.044
-0.089
-0.24
-0.088
-0.034
-0.144
-0.026
0.231
0.234
0.299
0.333
0.311
0.17
0.236
0.245
0.086
0.099
0.091
0.072
0.18
0.306
0.325
0.388
0.411
0.374
0.438
0.496
0.509
0.584
0.569
0.435
0.515
0.469
0.514
0.43
0.45
0.718
0.445
0.414
0.349
0.296
0.253
0.193
0.193
0.289
0.206
0.239
0.335
0.475
0.45
0.384
0.49
0.506
0.569
0.497
0.351
0.349
0.181
0.174
0.139
0.203
0.2
0.199
0.256
0.279
0.545
0.413
0.541
0.464
0.588
0.517
0.479
0.241
0.494
0.591
0.364
0.47
0.431
0.32
0.376
0.339
0.357
0.424
0.381
0.406
0.259
0.49
0.328
0.208
0.414
0.436
0.569
0.65
0.585
0.693
0.854
0.927
1.055
0.753
0.861
0.875
0.734
0.916
0.888
0.949
1.079
1.038
0.917
1.018
0.906
1.006
0.805
0.909
0.826
0.69
0.709
0.401
0.573
0.615
0.539
0.746
0.806
0.733
0.784
0.638
0.662
0.709
0.763
0.756
0.708
0.662
0.711
0.695
0.821
0.83
0.819
0.86
0.896
0.983
1.103
1.185
1.241
1.272
1.145
1.018
0.917
1.111
1.06
1.031
1.114
1.093
1.275
1.25
1.236
1.2
1.208
1.097
1.181
1.11
1.184
1.191
1.289
1.339
1.328
1.175
1.375
1.314
1.341
1.319
1.288
1.133
0.999
0.944
0.721
0.753
0.586
0.641
0.514
0.15
0.244
-0.029
0.349
0.17
0.226
0.17
-0.049
-0.121
-0.114
-0.198
-0.224
-0.309
-0.26
-0.259
-0.409
-0.461
-0.489
-0.517
-0.564
-0.5
-0.58
-0.435
-0.456
-0.389
-0.168
-0.059
0.138
0.01
-0.039
0.004
-0.199
-0.411
-0.416
-0.321
-0.294
-0.398
-0.27
-0.398
-0.424
-0.544
-0.656
-0.497
-0.554
-0.655
-0.455
-0.505
-0.599
-0.584
-0.281
-0.263
-0.389
-0.241
-0.414
-0.405
-0.497
-0.465
-0.463
-0.514
-0.549
-0.362
-0.351
-0.44
-0.389
-0.3
-0.315
-0.285
-0.362
-0.28
-0.356
-0.171
-0.058
0.085
0.155
0.365
0.334
0.414
0.25
0.505
0.182
0.266
0.217
0.352
0.59
0.686
0.735
0.806
1.021
0.91
0.725
0.594
0.554
0.665
0.859
0.759
0.68
0.718
0.591
0.569
0.404
0.383
0.228
0.223
-0.072
-0.013
-0.113
-0.189
-0.004
-0.098
-0.168
-0.319
-0.444
-0.432
-0.411
-0.291
-0.109
-0.231
-0.203
-0.537
-0.578
-0.526
-0.224
-0.143
-0.16
-0.001
-0.001
-0.14
-0.323
-0.283
-0.309
-0.249
-0.211
-0.306
-0.21
-0.071
-0.135
-0.306
-0.405
-0.408
-0.403
-0.321
-0.345
-0.107
0.05
0.158
0.091
-0.111
-0.03
-0.246
-0.145
-0.111
-0.096
0.004
-0.059
0.051
-0.12
-0.103
0.033
-0.086
-0.034
-0.036
-0.026
-0.288
-0.236
-0.064
0.014
-0.004
-0.066
-0.118
-0.179
-0.302
-0.236
-0.175
-0.241
-0.177
-0.19
-0.084
0.05
0.021
0.114
-0.055
-0.175
-0.161
-0.234
-0.191
-0.336
-0.492
-0.195
-0.492
-0.494
-0.586
-0.541
-0.566
-0.586
-0.53
-0.458
-0.542
-0.421
-0.438
-0.615
-0.52
-0.586
-0.247
-0.118
-0.054
0.031
-0.13
-0.131
-0.173
-0.203
-0.328
-0.635
-0.417
-0.53
-0.468
-0.278
-0.109
-0.165
-0.168
-0.205
-0.305
-0.304
-0.431
-0.385
-0.379
-0.491
-0.365
-0.39
-0.395
-0.354
-0.309
-0.259
-0.504
-0.446
-0.432
-0.443
-0.542
-0.504
-0.434
-0.475
-0.566
-0.634
-0.578
-0.679
-0.667
-0.644
-0.635
-0.615
-0.6
-0.746
-0.696
-0.782
-0.906
-0.948
-0.876
-1.002
-0.861
-0.691
-0.701
-0.874
-0.946
-1.046
-1.139
-1.01
-1.159
-1.062
-1.019
-0.951
-0.86
-0.836
-0.701
-0.555
-0.485
-0.302
-0.297
-0.264
-0.307
-0.31
-0.425
-0.508
-0.564
-0.589
-0.642
-0.408
-0.124
-0.126
-0.18
0.054
0.001
-0.014
0.161
0.166
0.369
0.552
0.554
0.573
0.62
0.516
0.404
0.642
0.642
0.601
0.549
0.459
0.48
0.301
0.279
0.296
0.384
0.233
0.314
0.364
0.449
0.275
0.146
-0.076
-0.233
-0.473
-0.504
-0.634
-0.715
-0.763
-0.729
-0.73
-0.938
-0.878
-0.912
-0.889
-0.815
-0.864
-0.915
-0.986
-0.874
-0.789
-0.797
-0.714
-0.786
-0.907
-0.66
-0.639
-0.526
-0.568
-0.53
-0.463
-0.408
-0.246
-0.234
-0.121
-0.025
0.094
0.208
0.185
0.305
0.351
0.398
0.45
0.497
0.439
0.65
0.669
0.554
0.478
0.461
0.527
0.568
0.508
0.328
0.296
0.422
0.389
0.339
0.346
0.384
0.343
0.3
0.256
0.126
0.246
0.366
0.321
0.302
0.206
0.141
0.161
0.263
0.48
0.273
0.321
0.255
0.011
0.044
-0.196
-0.09
-0.203
-0.104
-0.126
-0.143
-0.091
-0.116
-0.007
-0.051
-0.07
-0.139
-0.115
-0.223
-0.364
-0.424
-0.609
-0.557
-0.57
-0.568
-0.475
-0.504
-0.316
-0.321
-0.309
-0.292
-0.331
-0.292
-0.398
-0.441
-0.486
-0.49
-0.4
-0.16
-0.101
-0.154
-0.096
0.19
0.139
0.184
0.279
0.28
0.304
0.355
0.266
0.365
0.348
0.379
0.241
0.254
0.29
0.451
0.642
0.372
0.271
0.251
0.386
0.395
0.356
0.24
0.296
0.195
0.241
0.084
0.099
0.028
-0.035
0.001
0.1
-0.091
-0.23
-0.007
0.086
-0.024
-0.033
-0.036
0.103
0.147
0.05
0.043
0.029
0.031
0.058
0.045
-0.281
-0.247
-0.279
-0.266
-0.338
-0.32
-0.318
-0.384
-0.307
-0.385
-0.439
-0.486
-0.259
-0.338
-0.333
-0.414
-0.579
-0.52
-0.491
-0.441
-0.647
-0.633
-0.544
-0.395
-0.128
-0.384
-0.251
-0.279
-0.199
-0.349
-0.362
-0.341
-0.374
-0.443
-0.552
-0.495
-0.458
-0.539
-0.361
-0.312
-0.379
-0.496
-0.445
-0.51
-0.39
-0.357
-0.334
-0.226
-0.399
-0.288
-0.235
-0.084
0.084
-0.059
0.009
0.058
0.098
0.122
0.022
0.193
0.33
0.355
0.269
0.27
0.284
0.329
0.444
0.718
0.745
0.769
0.889
0.81
0.736
0.936
0.869
0.815
0.733
0.801
0.8
0.701
0.549
0.419
0.409
0.38
0.36
0.151
0.199
0.18
0.029
0.033
-0.147
-0.186
-0.189
-0.289
-0.273
-0.336
-0.099
-0.098
-0.051
-0.019
-0.115
-0.064
-0.016
0.074
-0.085
-0.061
0.114
0.061
0.163
-0.022
-0.124
-0.022
0.022
-0.212
-0.151
-0.198
-0.156
-0.312
-0.29
-0.25
-0.297
-0.201
-0.223
-0.205
-0.161
-0.147
-0.022
-0.049
-0.052
0.029
0.081
-0.016
0.011
-0.051
-0.004
-0.054
-0.077
0.115
0.118
0.161
0.135
0.064
0.324
0.221
-0.011
-0.048
-0.16
-0.214
-0.256
-0.217
-0.348
-0.419
-0.406
-0.403
-0.549
-0.588
-0.58
-0.625
-0.517
-0.482
-0.381
-0.469
-0.361
-0.335
-0.318
-0.281
-0.229
-0.155
-0.11
-0.203
-0.263
-0.239
-0.055
-0.151
-0.161
-0.195
-0.278
-0.175
-0.193
-0.119
-0.109
-0.242
-0.27
-0.424
-0.431
-0.12
-0.048
-0.072
-0.129
-0.261
-0.249
-0.096
0.035
0.049
0.059
0.168
0.034
0.146
0.263
0.503
0.463
0.596
0.494
0.474
0.539
0.473
0.458
0.519
0.525
0.589
0.542
0.409
0.514
0.378
0.306
0.249
0.349
0.409
0.344
0.312
0.269
0.489
0.471
0.405
0.362
0.241
0.041
0.166
-0.006
-0.146
-0.126
-0.217
-0.182
-0.062
-0.259
-0.429
-0.49
-0.369
-0.551
-0.496
-0.542
-0.654
-0.569
-0.625
-0.561
-0.588
-0.32
-0.249
-0.253
-0.238
-0.38
-0.455
-0.426
-0.333
-0.46
-0.33
-0.39
-0.487
-0.469
-0.559
-0.464
-0.574
-0.545
-0.305
-0.263
-0.191
-0.256
-0.084
-0.16
-0.044
-0.114
-0.018
0.092
0.077
0.06
0.022
0.019
0.346
0.175
0.216
0.288
0.226
0.274
0.244
0.181
0.06
0.169
0.141
0.269
0.24
0.231
0.355
0.314
0.3
0.29
0.235
0.299
0.389
0.421
0.504
0.385
0.481
0.479
0.566
0.385
0.251
0.27
0.411
0.384
0.471
0.55
0.571
0.745
0.828
0.755
0.795
0.715
0.527
0.519
0.487
0.346
0.455
0.224
0.266
0.177
0.186
0.131
0.226
0.266
0.189
0.379
0.33
0.569
0.479
0.355
0.276
0.029
-0.018
-0.289
-0.296
-0.385
-0.219
-0.385
-0.134
-0.242
-0.318
-0.26
-0.453
-0.511
-0.624
-0.794
-0.647
-0.756
-0.536
-0.746
-0.699
-0.666
-0.693
-0.69
-0.776
-0.704
-0.966
-0.777
-0.845
-0.784
-0.849
-0.699
-0.598
-0.465
-0.46
-0.366
-0.14
-0.031
-0.099
-0.139
0.03
0.124
0.17
0.071
0.036
-0.009
0.169
0.11
-0.088
-0.209
-0.035
0.011
-0.048
-0.072
-0.279
0.125
-0.018
0.011
0.24
0.185
0.122
0.33
0.296
0.311
0.26
0.443
0.281
0.203
0.479
0.38
0.305
0.265
0.331
0.328
0.365
0.48
0.229
0.499
0.279
0.216
0.321
0.314
0.312
0.241
0.217
0.193
0.113
0.131
0.144
0.116
0.05
0.135
0.092
0.025
0.089
-0.052
-0.126
-0.077
-0.144
-0.16
-0.165
-0.357
-0.188
-0.314
-0.547
-0.639
-0.73
-0.674
-0.711
-0.815
-0.761
-0.721
-0.735
-0.774
-0.919
-0.981
-0.836
-0.7
-0.823
-0.815
-0.785
-0.669
-0.559
-0.689
-0.596
-0.579
-0.522
-0.435
-0.461
-0.647
-0.409
-0.113
0.099
0.08
0.04
0.039
0.161
0.206
0.352
0.334
0.364
0.371
0.378
0.529
0.481
0.519
0.628
0.585
0.555
0.574
0.64
0.749
0.745
0.527
0.67
0.853
0.734
0.905
0.866
0.819
1.091
1.143
1.094
1.117
1.321
1.354
1.351
1.359
1.355
1.536
1.255
1.126
1.059
1.025
1.026
0.986
1.13
1.135
0.879
0.66
0.693
0.557
0.579
0.48
0.446
0.431
0.403
0.312
0.362
0.514
0.611
0.503
0.372
0.473
0.338
0.297
0.395
0.386
0.369
0.304
0.115
0.134
0.334
0.2
0.348
0.453
0.51
0.475
0.431
0.671
0.599
0.578
0.686
0.684
0.695
0.655
0.726
1.0
0.848
0.751
0.787
0.547
0.235
0.115
0.011
0.015
-0.145
0.104
0.22
0.039
0.152
0.255
0.335
0.331
0.559
0.496
0.503
0.614
0.435
0.65
0.799
0.978
1.127
1.085
1.081
1.189
1.176
1.224
1.347
1.406
1.349
1.219
1.144
0.916
1.111
1.019
0.99
0.721
0.691
0.814
0.805
0.695
0.743
0.677
0.439
0.496
0.326
0.3
0.29
0.089
0.139
0.1
-0.085
-0.158
-0.223
-0.351
-0.216
0.021
-0.085
-0.091
-0.08
-0.166
-0.106
-0.143
-0.173
-0.058
-0.179
-0.244
-0.11
-0.114
-0.286
-0.165
-0.193
-0.051
-0.06
-0.126
0.013
0.14
0.141
0.065
0.065
0.274
0.526
0.636
0.71
0.735
0.714
0.858
0.845
0.7
0.585
0.346
0.285
0.26
0.072
0.103
0.161
0.098
0.129
-0.019
-0.17
-0.109
-0.106
-0.2
0.033
-0.001
-0.126
-0.041
0.007
0.007
-0.128
-0.216
-0.125
-0.15
-0.199
-0.138
-0.261
-0.216
-0.381
-0.346
-0.163
-0.133
0.01
-0.109
-0.215
-0.211
-0.29
-0.139
-0.295
-0.506
-0.623
-0.716
-0.802
-0.565
-0.521
-0.496
-0.198
-0.263
-0.23
-0.264
-0.161
-0.176
-0.184
-0.055
-0.158
-0.176
-0.146
-0.171
-0.056
-0.011
0.095
0.103
0.374
0.384
0.323
0.107
0.216
0.333
0.228
0.134
0.059
-0.039
0.013
0.055
-0.09
-0.288
-0.212
-0.196
-0.026
-0.089
-0.025
0.0
0.005
0.021
-0.251
-0.101
-0.024
0.279
0.451
0.615
0.744
0.555
0.56
0.516
0.721
0.755
0.694
0.698
0.471
0.539
0.475
0.599
0.568
0.624
0.383
0.091
0.169
-0.224
-0.259
-0.279
-0.201
-0.198
-0.266
-0.316
-0.398
-0.52
-0.547
-0.419
-0.474
-0.495
-0.711
-0.76
-0.758
-0.764
-0.82
-0.806
-0.599
-0.575
-0.516
-0.541
-0.789
-0.896
-0.769
-0.799
-0.649
-0.61
-0.49
-0.414
-0.427
-0.575
-0.539
-0.284
-0.356
-0.231
0.035
0.104
0.165
0.007
0.003
0.033
0.066
0.138
0.328
0.453
0.61
0.465
0.484
0.434
0.501
0.482
0.438
0.459
0.522
0.539
0.656
0.701
0.503
0.925
0.99
0.974
0.915
0.881
0.609
0.405
0.026
-0.228
-0.292
-0.331
-0.38
-0.504
-0.634
-0.606
-0.696
-0.771
-0.915
-0.846
-0.848
-1.032
-1.011
-1.157
-1.12
-0.976
-0.866
-0.848
-0.774
-0.9
-1.048
-1.03
-1.041
-0.985
-0.901
-0.749
-0.609
-0.542
-0.75
-0.77
-0.723
-0.662
-0.616
-0.576
-0.427
-0.211
-0.35
-0.345
-0.371
-0.36
-0.419
-0.414
-0.331
-0.334
-0.211
-0.1
-0.003
-0.004
-0.184
-0.216
-0.45
-0.352
-0.54
-0.398
-0.355
-0.131
-0.173
-0.278
-0.309
-0.421
-0.549
-0.526
-0.515
-0.504
-0.434
-0.415
-0.454
-0.422
-0.503
-0.291
-0.532
-0.478
-0.546
-0.524
-0.411
-0.386
-0.357
-0.394
-0.489
-0.384
-0.266
-0.216
-0.215
-0.4
-0.315
-0.331
-0.307
-0.224
-0.253
-0.169
-0.226
-0.101
-0.186
-0.104
-0.028
0.115
0.231
0.223
0.242
0.259
0.346
0.374
0.246
0.275
0.193
0.2
0.226
0.056
-0.007
0.09
0.061
0.056
0.064
0.122
0.118
0.169
0.263
0.214
0.238
0.141
0.189
0.095
0.152
0.365
0.311
0.318
0.086
0.092
0.105
0.144
0.176
0.156
0.128
0.185
0.077
0.014
0.054
0.014
-0.092
-0.028
-0.131
-0.176
-0.146
-0.375
-0.217
-0.238
-0.223
-0.299
-0.296
-0.438
-0.578
-0.725
-0.951
-0.818
-0.719
-0.519
-0.55
-0.406
-0.547
-0.531
-0.671
-0.621
-0.66
-0.631
-0.527
-0.629
-0.714
-0.721
-0.665
-0.589
-0.38
-0.253
-0.26
-0.285
-0.26
-0.061
-0.147
-0.125
-0.223
-0.329
-0.23
-0.198
-0.133
-0.14
-0.225
-0.335
-0.156
0.04
-0.209
-0.12
-0.007
0.141
-0.091
-0.076
0.114
0.055
0.049
0.021
-0.003
-0.021
-0.098
-0.223
-0.291
-0.29
-0.289
-0.328
-0.335
-0.534
-0.555
-0.491
-0.38
-0.435
-0.403
-0.4
-0.438
-0.334
-0.343
-0.234
-0.36
-0.316
-0.408
-0.461
-0.486
-0.521
-0.573
-0.551
-0.621
-0.463
-0.365
-0.361
-0.28
-0.04
0.064
0.06
0.056
0.147
0.07
0.138
0.217
0.224
0.188
0.266
0.35
0.274
0.188
0.17
0.188
0.151
0.21
0.196
0.054
0.025
-0.107
-0.242
-0.103
-0.175
-0.28
-0.241
-0.37
-0.413
-0.426
-0.489
-0.4
-0.321
-0.289
-0.261
-0.22
-0.12
-0.113
-0.03
0.06
0.345
0.386
0.413
0.527
0.503
0.361
0.569
0.509
0.411
0.427
0.432
0.359
0.411
0.375
0.391
0.365
0.17
0.216
0.234
0.121
0.101
-0.144
-0.189
-0.223
-0.258
-0.323
-0.552
-0.546
-0.615
-0.508
-0.547
-0.56
-0.527
-0.466
-0.367
-0.205
-0.163
-0.239
-0.35
-0.216
-0.135
-0.049
-0.155
-0.16
-0.134
-0.016
-0.009
0.08
0.179
0.05
0.165
0.23
0.295
0.461
0.585
0.605
0.601
0.73
0.886
0.9
0.859
0.799
0.805
0.735
0.655
0.453
0.331
0.163
0.177
-0.006
0.072
0.18
0.128
0.083
0.134
0.085
0.099
0.158
0.198
0.251
0.331
0.259
0.195
0.103
-0.046
-0.099
-0.071
-0.144
-0.152
-0.141
-0.039
0.006
-0.182
0.059
0.056
0.141
0.173
0.212
0.155
0.35
0.228
0.47
0.575
0.541
0.616
0.475
0.522
0.508
0.479
0.297
0.336
0.119
0.165
0.206
0.217
0.294
0.275
0.44
0.376
0.349
0.389
0.13
-0.058
-0.071
-0.049
-0.045
-0.135
-0.179
-0.022
0.021
-0.119
-0.149
-0.29
-0.263
-0.294
-0.286
-0.305
-0.278
-0.278
-0.323
-0.258
-0.404
-0.431
-0.512
-0.544
-0.406
-0.645
-0.675
-0.509
-0.524
-0.309
-0.421
-0.444
-0.531
-0.466
-0.366
-0.364
-0.589
-0.581
-0.509
-0.526
-0.555
-0.474
-0.416
-0.323
-0.398
-0.374
-0.362
-0.408
-0.399
-0.53
-0.508
-0.37
-0.279
-0.149
0.046
0.229
0.372
0.468
0.576
0.527
0.628
0.486
0.453
0.596
0.349
0.375
0.139
0.105
0.081
-0.025
0.035
-0.03
0.025
0.105
-0.049
-0.091
-0.135
-0.16
-0.226
-0.268
-0.372
-0.408
-0.215
-0.251
-0.185
-0.103
-0.085
-0.169
-0.075
0.062
0.055
0.033
0.154
0.208
0.384
0.318
0.448
0.444
0.449
0.814
0.691
0.626
0.623
0.531
0.463
0.396
0.269
0.085
-0.035
-0.169
-0.233
-0.344
-0.427
-0.45
-0.451
-0.534
-0.471
-0.519
-0.621
-0.614
-0.603
-0.644
-0.589
-0.425
-0.345
-0.357
-0.352
-0.369
-0.411
-0.168
-0.199
-0.258
-0.2
-0.081
-0.196
-0.217
-0.219
-0.14
-0.113
-0.059
-0.256
-0.095
-0.039
-0.005
-0.005
-0.049
0.096
0.004
0.013
-0.048
-0.018
-0.105
-0.217
0.072
-0.04
-0.247
-0.375
-0.338
-0.486
-0.344
-0.351
-0.311
-0.231
-0.304
-0.254
-0.42
-0.318
-0.5
-0.344
-0.35
-0.177
-0.076
-0.125
0.08
0.037
0.216
0.24
0.399
0.416
0.46
0.561
0.556
0.662
0.708
0.772
0.905
0.864
0.861
0.902
0.871
0.809
0.759
0.94
0.878
0.809
0.725
0.714
0.799
0.682
0.888
0.534
0.451
0.623
0.584
0.521
0.45
0.435
0.365
0.225
0.114
-0.018
-0.221
-0.138
-0.239
-0.286
-0.275
0.024
-0.203
-0.473
-0.519
-0.644
-0.645
-0.649
-0.667
-0.681
-0.534
-0.546
-0.424
-0.42
-0.44
-0.413
-0.379
-0.41
-0.321
-0.188
-0.136
-0.191
-0.209
-0.31
-0.405
-0.466
-0.448
-0.283
-0.324
-0.146
-0.16
-0.062
-0.014
-0.169
-0.206
-0.177
-0.259
-0.114
-0.072
0.095
0.069
0.143
0.107
0.226
0.195
0.215
0.41
0.441
0.527
0.53
0.723
0.921
0.899
1.218
1.296
1.312
1.416
1.385
1.528
1.404
1.344
1.154
1.213
1.141
1.175
1.091
1.129
1.179
1.18
1.312
1.304
1.268
1.134
1.066
0.946
1.01
1.136
0.971
0.772
0.711
0.641
0.62
0.599
0.504
0.644
0.526
0.321
-0.2
-0.043
-0.384
-0.417
-0.338
-0.49
-0.512
-0.28
-0.491
-0.312
-0.139
-0.151
-0.033
-0.166
-0.069
-0.115
-0.171
-0.086
0.054
0.221
0.195
0.526
0.595
0.556
0.766
0.661
0.789
0.779
0.941
1.04
1.278
0.914
0.871
0.703
0.676
0.823
0.863
1.018
1.096
1.184
1.181
0.925
1.262
0.792
0.743
0.65
0.495
0.624
0.479
0.524
0.725
0.609
0.473
0.279
0.485
0.288
0.224
0.099
0.071
0.245
0.208
0.08
-0.025
0.113
0.195
0.152
0.456
0.291
0.389
0.388
0.509
0.324
0.562
0.645
0.703
0.828
0.651
0.618
0.478
0.57
0.581
0.479
0.505
0.664
0.661
0.611
0.6
0.401
0.278
0.305
0.468
0.326
0.386
0.515
0.506
0.359
0.081
0.269
0.096
-0.021
-0.05
-0.33
-0.134
-0.229
-0.355
-0.51
-0.22
0.007
0.055
0.141
-0.12
-0.145
-0.166
0.101
0.161
0.011
0.355
0.266
0.2
0.158
0.121
0.146
-0.051
-0.02
-0.171
-0.003
0.193
0.19
0.253
0.203
0.615
0.623
0.659
0.426
0.163
0.044
0.221
0.131
0.044
0.101
0.221
0.286
0.161
0.125
0.051
-0.105
-0.009
-0.04
-0.191
-0.279
-0.316
-0.304
-0.225
-0.169
-0.094
-0.179
-0.284
-0.509
-0.451
-0.304
-0.165
0.028
-0.015
0.11
0.004
0.101
0.229
0.066
0.129
0.039
0.118
0.075
0.251
0.182
-0.134
-0.081
0.009
0.088
-0.113
0.021
0.111
0.319
0.219
0.216
0.173
0.221
0.233
0.043
0.065
-0.005
0.076
0.143
0.076
-0.044
-0.024
-0.083
-0.311
-0.034
-0.26
-0.31
-0.307
-0.251
-0.21
-0.391
-0.459
-0.598
-0.768
-0.684
-0.802
-0.823
-0.888
-0.792
-0.907
-0.861
-0.766
-0.656
-0.481
-0.552
-0.369
-0.369
-0.274
-0.177
-0.113
-0.125
0.081
0.288
0.3
0.306
0.326
0.2
0.07
0.034
-0.138
-0.273
-0.269
-0.348
-0.378
-0.495
-0.586
-0.628
-0.545
-0.579
-0.56
-0.374
-0.338
-0.226
-0.33
-0.333
-0.321
-0.36
-0.357
-0.403
-0.606
-0.581
-0.383
-0.516
-0.556
-0.481
-0.487
-0.55
-0.36
-0.266
-0.241
-0.236
-0.189
-0.19
-0.049
0.119
0.122
0.175
0.239
0.206
0.398
0.364
0.531
0.555
0.556
0.616
0.421
0.559
0.593
0.396
0.271
0.101
-0.071
-0.064
-0.141
0.092
0.077
0.203
0.011
0.094
0.083
0.103
0.176
0.177
0.168
0.41
0.199
0.233
0.098
0.098
0.181
0.121
0.122
0.104
0.154
0.326
0.458
0.625
0.573
0.715
0.781
0.688
0.499
0.511
0.549
0.395
0.179
0.177
0.201
0.203
-0.003
0.152
0.019
-0.026
0.105
0.048
-0.006
0.006
-0.04
-0.091
-0.163
-0.527
-0.743
-0.676
-0.848
-0.776
-0.925
-0.87
-1.195
-1.701
-1.627
-1.71
-1.755
-1.438
-1.339
-1.279
-0.993
-1.151
-1.07
-1.083
-1.029
-0.983
-0.718
-0.696
-0.768
-0.828
-0.766
-0.596
-0.465
-0.526
-0.526
-0.419
-0.44
-0.247
-0.35
-0.319
-0.328
-0.24
-0.269
-0.226
-0.143
-0.181
-0.058
-0.083
0.066
0.161
0.263
0.256
0.52
0.473
0.571
0.681
0.551
0.343
0.328
0.544
0.441
0.31
0.378
0.255
0.246
0.254
0.25
0.255
0.31
0.596
0.484
0.46
0.215
0.235
0.221
0.13
0.263
0.344
0.247
0.163
0.052
0.013
0.056
0.129
0.133
0.124
-0.054
-0.039
-0.181
-0.164
-0.253
-0.263
-0.266
-0.223
-0.285
-0.281
-0.196
-0.43
-0.356
-0.203
-0.103
-0.081
0.065
0.105
0.011
0.031
-0.072
0.051
0.03
0.125
0.325
0.259
0.195
0.203
0.309
0.391
0.299
0.371
0.2
0.085
0.037
-0.169
-0.155
-0.264
-0.271
-0.416
-0.396
-0.268
-0.539
-0.422
-0.403
-0.334
-0.23
-0.296
-0.264
-0.383
-0.4
-0.408
-0.357
-0.421
-0.411
-0.559
-0.609
-0.394
-0.339
-0.209
-0.289
-0.255
-0.264
-0.364
-0.39
-0.456
-0.458
-0.47
-0.512
-0.638
-0.505
-0.434
-0.306
-0.185
-0.133
-0.066
0.09
-0.07
-0.12
-0.15
-0.195
-0.111
-0.351
-0.131
-0.14
-0.219
-0.129
-0.135
-0.275
-0.2
-0.338
-0.271
-0.266
-0.185
-0.13
-0.094
-0.044
-0.05
-0.025
0.129
0.494
0.552
0.233
0.171
-0.016
-0.125
-0.026
0.016
0.235
0.083
0.094
0.05
-0.006
0.145
0.263
0.315
0.22
0.134
0.051
0.009
-0.133
-0.198
-0.239
-0.3
-0.283
-0.318
-0.29
-0.3
-0.115
-0.131
-0.177
-0.256
-0.346
-0.284
-0.296
-0.44
-0.295
-0.099
-0.134
-0.001
0.051
0.136
0.17
0.292
0.334
0.515
0.445
0.647
0.508
0.47
0.47
0.61
0.608
0.69
0.621
0.506
0.631
0.555
0.494
0.438
0.319
0.361
0.375
0.346
0.329
0.408
0.424
0.294
0.17
0.226
0.41
0.529
0.539
0.42
0.367
0.245
0.084
0.041
-0.12
-0.145
-0.21
-0.366
-0.666
-0.497
-0.511
-0.623
-0.662
-0.519
-0.741
-0.636
-0.642
-0.635
-0.586
-0.441
-0.279
-0.195
-0.238
-0.234
-0.113
-0.233
-0.103
-0.136
-0.154
-0.304
-0.33
-0.494
-0.55
-0.649
-0.818
-0.72
-0.606
-0.728
-0.801
-1.001
-0.935
-0.835
-0.766
-0.544
-0.422
-0.394
-0.51
-0.439
-0.564
-0.501
-0.615
-0.711
-0.706
-0.667
-0.8
-0.919
-0.911
-0.751
-0.721
-0.805
-0.834
-0.835
-0.766
-0.675
-0.595
-0.644
-0.556
-0.705
-0.529
-0.51
-0.517
-0.348
-0.238
-0.295
-0.288
-0.198
-0.203
-0.16
-0.092
-0.135
-0.096
-0.059
0.056
0.043
0.028
0.052
-0.091
0.01
-0.054
-0.177
-0.191
0.075
0.088
0.01
0.062
-0.016
0.024
0.134
0.163
0.22
0.229
0.318
0.376
0.36
0.395
0.526
0.349
0.288
0.225
0.242
0.219
-0.024
0.046
-0.124
-0.156
-0.208
-0.24
-0.126
-0.234
-0.173
-0.411
-0.283
-0.328
-0.163
-0.233
-0.378
-0.279
-0.279
-0.189
-0.143
-0.275
-0.217
-0.394
-0.306
-0.246
0.03
-0.11
-0.05
0.18
0.26
0.399
0.441
0.55
0.59
0.535
0.465
0.471
0.456
0.456
0.3
0.2
0.234
0.094
0.08
-0.103
-0.152
-0.094
-0.039
-0.155
-0.189
-0.164
-0.185
-0.081
-0.085
-0.284
-0.208
-0.284
-0.346
-0.323
-0.394
-0.39
-0.326
-0.279
-0.155
-0.236
-0.077
-0.275
-0.233
-0.253
-0.321
-0.403
-0.422
-0.4
-0.325
-0.219
-0.246
-0.23
-0.239
-0.174
-0.168
-0.099
-0.024
-0.081
-0.001
0.048
0.084
0.208
0.179
0.115
0.139
0.234
0.389
0.253
0.173
0.193
0.151
0.075
0.069
-0.044
0.25
0.092
0.035
0.15
0.265
0.286
0.13
0.367
0.311
0.229
0.5
0.494
0.677
0.81
0.746
0.568
0.774
0.731
0.916
1.026
1.103
1.246
1.096
1.1
1.078
0.95
1.018
1.006
1.035
0.875
0.835
1.024
1.099
1.184
1.127
1.115
0.993
0.87
0.774
0.677
0.606
0.557
0.362
0.432
0.714
0.511
0.51
0.509
0.459
0.448
0.449
0.537
0.537
0.496
0.547
0.635
0.598
0.343
0.3
0.289
0.18
0.321
0.236
0.455
0.573
0.504
0.756
0.729
0.614
0.556
0.606
0.669
0.785
0.74
0.764
0.989
1.088
1.094
1.239
1.323
1.166
1.164
1.311
1.324
1.334
1.561
1.4
1.431
1.366
1.324
1.335
1.426
1.251
1.211
1.203
1.131
1.093
0.936
0.849
0.454
0.479
0.325
0.396
0.356
0.328
0.304
0.25
0.345
0.325
0.235
0.25
0.18
0.333
0.405
0.449
0.463
0.511
0.594
0.586
0.41
0.179
0.144
0.273
0.147
-0.004
0.231
0.23
0.101
0.362
0.198
0.054
-0.186
-0.254
-0.499
-0.448
-0.565
-0.547
-0.52
-0.566
-0.551
-0.578
-0.675
-0.771
-0.874
-0.961
-0.909
-1.024
-1.002
-0.993
-1.167
-1.196
-0.959
-1.109
-0.904
-0.92
-0.89
-0.853
-0.7
-0.508
-0.52
-0.489
-0.408
-0.099
-0.161
-0.016
0.07
0.061
-0.006
-0.035
0.113
0.294
0.25
0.28
0.314
0.448
0.584
0.824
0.846
0.838
1.008
0.988
0.743
1.019
1.14
1.179
1.17
1.101
1.097
1.119
1.167
0.897
0.902
1.014
1.129
1.195
1.251
1.251
1.175
1.014
0.968
1.126
1.078
1.119
1.04
0.739
0.741
0.584
0.485
0.439
0.606
0.475
0.425
0.185
0.077
0.094
0.031
-0.145
-0.154
-0.324
-0.413
-0.278
-0.624
-0.633
-0.63
-0.802
-0.649
-0.669
-0.659
-0.641
-0.714
-0.744
-0.67
-0.756
-0.865
-0.899
-0.878
-0.75
-0.569
-0.474
-0.504
-0.544
-0.499
-0.474
-0.415
-0.35
-0.268
-0.302
-0.359
-0.499
-0.715
-0.878
-0.703
-0.856
-0.729
-0.734
-0.649
-0.638
-0.82
-0.809
-0.688
-0.859
-0.818
-0.824
-0.916
-0.66
-0.669
-0.656
-0.589
-0.573
-0.642
-0.691
-0.555
-0.634
-0.565
-0.448
-0.468
-0.525
-0.659
-0.733
-0.815
-0.681
-0.599
-0.569
-0.396
-0.271
-0.15
-0.279
-0.154
-0.077
0.143
0.193
0.203
0.37
0.286
0.354
0.455
0.605
0.777
0.693
0.485
0.456
0.165
-0.154
-0.01
-0.074
-0.01
-0.175
-0.333
-0.501
-0.6
-0.768
-0.672
-0.657
-0.638
-0.724
-0.774
-0.845
-1.038
-1.094
-1.42
-1.256
-1.336
-1.397
-1.411
-1.266
-1.23
-1.314
-1.11
-1.034
-0.807
-0.917
-0.807
-0.609
-0.604
-0.49
-0.519
-0.43
-0.379
-0.263
-0.184
-0.103
0.041
0.169
0.212
0.128
0.145
0.133
0.159
0.276
0.259
0.31
0.475
0.311
0.284
0.456
0.403
0.336
0.333
0.369
0.411
0.408
0.406
0.642
0.411
0.295
0.169
-0.106
-0.129
-0.168
-0.203
-0.265
-0.341
-0.233
-0.292
-0.333
-0.36
-0.521
-0.379
-0.435
-0.465
-0.426
-0.341
-0.512
-0.496
-0.235
-0.154
-0.118
-0.08
-0.079
-0.113
-0.169
-0.11
0.198
0.206
-0.069
-0.028
0.013
-0.031
0.119
-0.034
0.179
0.113
0.098
0.141
0.083
0.143
0.051
0.035
0.131
0.195
0.349
0.343
0.275
0.241
0.206
0.111
-0.083
-0.005
-0.054
0.039
0.18
0.291
0.224
0.224
0.155
0.143
0.091
-0.064
-0.111
-0.203
-0.16
-0.069
0.0
0.124
-0.036
0.13
0.236
0.168
0.028
-0.03
0.022
0.166
0.109
0.026
-0.095
0.033
-0.039
0.054
-0.024
-0.195
-0.182
-0.077
-0.077
-0.095
-0.085
-0.151
-0.256
-0.41
-0.585
-0.469
-0.5
-0.417
-0.223
-0.143
-0.238
-0.465
-0.312
-0.307
-0.062
-0.074
-0.052
0.001
-0.11
-0.244
-0.41
-0.296
-0.149
-0.259
-0.147
-0.263
-0.131
-0.151
-0.074
-0.129
-0.018
-0.085
-0.044
0.135
0.091
0.126
0.206
0.206
0.106
0.059
0.141
0.055
0.003
0.085
0.084
0.025
0.326
0.16
-0.048
0.0
-0.2
-0.122
0.029
-0.083
0.224
0.15
0.312
0.391
0.585
0.629
0.644
0.785
0.594
0.542
0.499
0.388
0.393
0.47
0.399
0.309
0.235
0.372
0.411
0.489
0.473
0.504
0.532
0.509
0.324
0.3
0.134
0.089
0.143
0.081
-0.163
-0.035
-0.085
-0.173
-0.158
-0.198
-0.414
-0.551
-0.569
-0.879
-0.843
-1.028
-1.062
-0.904
-1.005
-1.181
-1.131
-1.151
-1.186
-1.271
-1.266
-1.308
-1.2
-1.181
-1.194
-1.07
-1.075
-1.046
-0.876
-0.964
-0.85
-0.986
-0.826
-0.695
-0.608
-0.485
-0.525
-0.372
-0.211
-0.168
-0.083
-0.029
0.004
-0.086
0.07
0.059
0.149
0.122
0.214
0.209
0.279
0.099
0.233
0.351
0.435
0.568
0.532
0.487
0.664
0.511
0.608
0.419
0.667
0.552
0.524
0.603
0.52
0.456
0.42
0.42
0.435
0.41
0.329
0.189
0.175
0.27
0.349
0.354
0.415
0.451
0.19
0.32
0.206
0.195
0.255
0.24
0.085
0.12
0.24
0.288
0.259
0.15
0.274
0.253
0.138
0.166
0.074
-0.022
-0.103
-0.21
-0.165
-0.064
-0.084
-0.139
-0.203
-0.234
-0.223
-0.249
-0.338
-0.361
-0.175
-0.2
-0.247
-0.145
-0.36
-0.215
-0.217
-0.165
-0.163
-0.069
-0.059
-0.06
0.01
0.203
0.381
0.49
0.529
0.529
0.499
0.539
0.464
0.492
0.608
0.522
0.715
0.536
0.47
0.524
0.512
0.616
0.651
0.665
0.395
0.391
0.396
0.326
0.311
0.23
0.254
0.289
0.346
0.159
0.212
0.025
-0.065
0.044
0.005
-0.107
-0.164
-0.04
-0.169
-0.209
-0.02
-0.179
-0.274
-0.33
-0.333
-0.393
-0.249
-0.119
0.004
0.011
-0.079
-0.106
-0.045
-0.177
-0.158
-0.131
-0.075
-0.228
-0.109
-0.195
-0.11
0.024
0.092
0.226
0.343
0.371
0.119
0.103
0.088
-0.039
-0.054
-0.11
-0.039
-0.009
0.013
0.091
0.021
0.069
0.054
0.224
0.325
0.259
0.129
-0.026
-0.13
-0.344
-0.31
-0.263
-0.449
-0.461
-0.404
-0.31
-0.367
-0.279
-0.236
-0.445
-0.593
-0.682
-0.634
-0.792
-0.865
-0.904
-1.066
-0.829
-0.799
-0.864
-0.9
-1.012
-1.018
-0.936
-0.787
-0.941
-0.885
-0.958
-0.816
-0.811
-0.858
-0.68
-0.556
-0.398
-0.307
-0.411
-0.388
-0.341
-0.379
-0.473
-0.263
-0.315
-0.076
-0.138
-0.143
-0.247
-0.369
-0.005
-0.006
0.005
0.026
0.121
0.215
0.19
0.526
0.403
0.581
0.64
0.61
0.719
0.809
0.893
0.77
0.919
0.896
1.141
1.214
1.407
1.496
1.405
1.699
1.601
1.671
1.578
1.639
1.292
1.44
1.43
1.407
1.459
1.443
1.49
1.514
1.583
1.576
1.501
1.496
1.386
1.325
1.261
1.099
1.126
1.049
0.965
0.844
0.726
0.584
0.657
0.395
0.292
0.301
0.145
0.171
-0.085
-0.323
-0.225
-0.335
-0.126
-0.079
-0.044
-0.036
-0.045
0.022
0.098
0.033
0.333
0.517
0.674
0.776
0.845
0.931
1.004
0.938
1.123
1.019
1.176
1.059
1.052
0.974
1.078
1.165
1.105
1.079
0.855
0.895
1.134
0.941
0.966
0.906
0.939
0.897
0.988
0.96
0.96
0.878
0.854
0.753
0.724
0.517
0.496
0.325
0.345
0.24
0.02
0.159
0.314
0.121
-0.091
-0.064
-0.361
-0.22
-0.269
-0.269
-0.27
-0.339
-0.214
-0.401
-0.465
-0.529
-0.782
-0.585
-0.686
-0.676
-0.526
-0.426
-0.44
-0.416
-0.445
-0.4
-0.249
-0.432
-0.38
-0.596
-0.537
-0.441
-0.562
-0.526
-0.629
-0.49
-0.381
-0.28
-0.295
-0.208
-0.145
-0.203
-0.055
-0.044
0.024
0.079
0.095
0.025
-0.064
0.0
-0.051
-0.081
0.106
0.092
-0.129
-0.046
0.114
0.06
-0.041
0.046
0.166
0.069
0.104
0.174
0.054
0.086
0.195
0.081
0.182
0.176
0.126
0.025
0.171
0.088
-0.034
-0.034
-0.037
-0.006
0.036
0.086
-0.15
-0.214
-0.233
-0.314
-0.103
-0.034
0.065
0.109
0.266
0.288
0.266
0.238
0.225
0.12
0.14
0.059
0.088
-0.166
-0.263
-0.324
-0.401
-0.288
-0.201
-0.539
-0.56
-0.675
-0.409
-0.236
-0.341
-0.401
-0.426
-0.279
-0.151
-0.155
-0.269
-0.357
-0.394
-0.471
-0.35
-0.381
-0.416
-0.32
-0.266
-0.211
-0.328
-0.386
-0.23
-0.39
-0.203
-0.149
-0.129
-0.169
-0.075
-0.334
-0.37
-0.318
-0.154
-0.061
-0.194
-0.413
-0.244
-0.094
-0.163
-0.273
-0.084
-0.143
-0.242
-0.51
-0.588
-0.655
-0.606
-0.932
-0.675
-0.939
-1.014
-0.907
-0.886
-0.853
-0.685
-0.791
-0.777
-0.695
-0.655
-0.559
-0.475
-0.512
-0.642
-0.508
-0.657
-0.586
-0.198
-0.344
-0.295
-0.3
-0.266
-0.121
-0.094
-0.059
-0.129
-0.165
-0.241
-0.169
-0.109
-0.07
-0.02
-0.141
-0.198
-0.179
0.0
-0.058
-0.152
-0.171
-0.226
-0.199
-0.134
0.196
0.254
0.314
0.409
0.43
0.3
0.339
0.474
0.389
0.394
0.338
0.249
0.35
0.015
0.398
0.426
0.5
0.542
0.331
0.152
-0.041
-0.171
-0.275
-0.304
-0.413
-0.42
-0.535
-0.586
-0.84
-0.889
-0.984
-1.051
-1.104
-1.129
-0.931
-0.684
-0.491
-0.479
-0.631
-0.564
-0.804
-0.943
-0.95
-1.306
-1.16
-1.049
-0.966
-0.863
-0.941
-0.845
-0.914
-0.993
-0.799
-0.619
-0.649
-0.82
-0.856
-0.39
-0.699
-0.514
-0.361
-0.354
-0.19
-0.004
0.006
0.071
0.144
0.193
0.177
0.212
0.105
0.026
0.099
0.284
0.47
0.614
0.58
0.669
1.026
1.354
1.581
1.466
1.39
1.423
1.244
1.126
1.088
1.001
1.084
0.896
0.868
0.691
0.703
0.756
0.662
0.61
0.682
0.593
0.48
0.479
0.226
0.189
0.398
0.085
0.106
-0.181
0.105
-0.094
-0.419
-0.326
-0.31
-0.175
-0.217
-0.239
-0.246
-0.194
-0.195
-0.141
-0.297
-0.394
-0.335
-0.206
-0.163
-0.239
-0.196
-0.091
0.106
0.189
0.065
0.107
0.217
0.129
0.031
0.046
0.164
0.122
0.058
0.029
0.075
-0.036
-0.061
-0.244
-0.445
-0.516
-0.801
-0.824
-0.646
-0.65
-0.571
-0.578
-0.57
-0.634
-0.589
-0.618
-0.671
-0.835
-0.98
-0.659
-0.814
-0.92
-0.948
-0.851
-0.846
-0.948
-0.85
-0.869
-0.905
-0.814
-0.859
-0.723
-0.5
-0.422
-0.256
-0.284
-0.146
-0.036
0.131
0.255
0.349
0.443
0.478
0.936
1.009
0.894
0.796
0.776
0.566
0.616
0.557
0.549
0.486
0.362
0.383
0.455
0.408
0.205
0.505
0.618
0.795
0.698
0.728
0.562
0.424
0.328
0.388
0.28
0.453
0.413
0.263
0.235
0.366
0.415
0.448
0.619
0.494
0.496
0.304
0.431
0.566
0.499
0.574
0.539
0.565
0.614
0.588
0.688
0.532
0.549
0.289
0.238
0.035
-0.049
0.044
-0.009
-0.041
-0.11
0.013
0.035
0.099
0.124
0.005
0.265
-0.079
