0.76
0.652
0.631
0.749
0.561
0.604
0.44
0.542
0.401
0.331
0.249
0.194
-0.013
-0.116
-0.239
-0.269
-0.519
-0.62
-0.52
-0.633
-0.466
-0.651
-0.636
-0.672
-0.639
-0.564
-0.665
-0.565
-0.414
-0.323
-0.285
-0.083
-0.121
-0.141
-0.062
-0.06
0.133
0.31
0.603
0.776
0.874
1.009
0.935
1.001
0.863
1.164
1.038
0.794
0.893
0.838
1.054
1.058
1.252
1.328
1.225
1.341
1.21
1.104
1.222
1.331
1.548
1.448
1.346
1.476
1.369
1.364
1.499
1.617
1.629
1.429
1.489
1.062
1.254
1.204
0.922
0.95
0.956
0.94
0.704
0.571
0.688
0.644
0.714
0.927
0.902
0.919
0.82
0.72
0.642
0.444
0.492
0.379
0.3
0.348
0.111
0.181
0.101
-0.041
-0.152
-0.205
-0.176
-0.199
-0.065
0.013
0.109
0.024
0.24
0.212
0.319
0.263
0.39
0.203
0.3
0.312
0.208
0.196
0.085
0.069
0.099
0.035
0.133
-0.174
0.115
-0.136
-0.208
0.036
-0.084
-0.139
-0.214
-0.209
-0.246
-0.311
-0.466
-0.326
-0.39
-0.411
-0.259
-0.159
-0.004
0.054
0.25
0.165
0.01
0.294
0.229
0.429
0.409
0.424
0.589
0.644
0.839
0.809
1.029
1.131
1.121
0.995
0.868
0.911
1.07
1.1
1.088
1.034
0.91
0.998
0.694
0.759
0.829
0.993
0.936
0.821
0.618
0.496
0.253
0.189
0.349
0.4
0.524
0.556
0.405
0.436
0.459
0.411
0.422
0.565
0.417
0.665
0.922
0.905
1.159
1.111
0.983
0.939
0.89
0.603
0.73
0.799
0.917
0.869
0.807
0.894
0.986
0.834
0.695
0.926
0.93
0.784
0.591
0.45
0.247
0.092
0.17
0.003
-0.048
-0.189
-0.253
-0.393
-0.649
-0.69
-0.706
-0.966
-0.802
-1.081
-1.279
-1.194
-1.213
-1.309
-1.136
-1.31
-1.411
-1.38
-1.314
-1.232
-1.298
-1.328
-1.46
-1.571
-1.694
-1.649
-1.539
-1.531
-1.347
-1.354
-1.159
-1.211
-1.407
-1.286
-1.344
-1.326
-1.199
-1.239
-1.006
-1.062
-1.157
-1.137
-1.116
-0.881
-0.959
-1.166
-1.211
-1.218
-1.312
-1.364
-1.249
-1.224
-1.204
-1.315
-1.38
-1.49
-1.474
-1.627
-1.754
-1.556
-1.605
-1.336
-1.379
-1.111
-1.129
-1.18
-1.006
-0.978
-0.909
-0.725
-0.71
-0.569
-0.42
-0.306
-0.094
0.21
0.246
0.44
0.667
0.807
0.868
1.044
1.22
1.325
1.268
1.103
0.945
0.775
0.883
0.904
0.792
0.876
0.759
0.8
0.709
0.64
0.652
0.514
0.545
0.578
0.312
0.146
0.048
-0.096
-0.274
-0.19
-0.229
-0.469
-0.312
-0.365
-0.288
-0.354
-0.343
-0.212
-0.302
-0.504
-0.165
-0.071
0.085
0.31
0.345
0.487
0.362
0.309
0.278
0.251
0.085
0.101
0.069
0.116
-0.188
-0.289
-0.444
-0.645
-0.716
-0.838
-0.836
-0.766
-1.104
-1.177
-1.084
-0.953
-0.991
-0.954
-0.876
-0.863
-0.901
-1.149
-1.107
-1.085
-1.188
-1.046
-0.936
-1.095
-0.886
-0.731
-0.719
-0.681
-0.74
-0.739
-0.766
-0.785
-0.614
-0.608
-0.588
-0.716
-0.758
-0.642
-0.796
-0.756
-0.754
-0.709
-0.579
-0.726
-0.634
-0.579
-0.674
-0.629
-0.324
-0.294
-0.304
-0.369
-0.253
-0.169
-0.134
-0.069
0.085
0.23
0.46
0.453
0.461
0.589
0.713
0.795
0.797
0.893
0.804
0.693
0.754
0.861
1.01
1.026
0.983
0.915
0.82
0.677
0.535
0.445
0.516
0.345
0.106
0.125
-0.164
-0.291
-0.226
-0.292
-0.388
-0.426
-0.499
-0.522
-0.611
-0.536
-0.333
-0.343
-0.396
-0.439
-0.517
-0.654
-0.696
-0.661
-0.759
-0.682
-0.464
-0.55
-0.443
-0.394
-0.647
-0.56
-0.741
-0.615
-0.714
-0.551
-0.357
-0.274
-0.228
-0.181
-0.12
-0.018
-0.018
-0.024
-0.095
-0.198
-0.066
-0.12
-0.19
-0.254
-0.216
-0.261
-0.28
-0.105
-0.426
-0.439
-0.198
-0.041
0.18
0.168
0.215
0.279
0.116
0.052
-0.152
-0.003
-0.104
-0.143
-0.033
-0.031
0.046
-0.006
0.09
0.144
0.231
0.321
0.473
0.352
0.4
0.445
0.395
0.486
0.509
0.58
0.618
0.506
0.47
0.315
0.425
0.556
0.5
0.565
0.448
0.546
0.6
0.584
0.5
0.401
0.504
0.348
0.497
0.398
0.386
0.394
0.121
0.228
-0.095
-0.128
-0.409
-0.388
-0.527
-0.616
-0.63
-0.55
-0.691
-0.741
-0.642
-0.666
-0.708
-0.769
-0.605
-0.626
-0.771
-0.828
-0.786
-0.713
-0.645
-0.434
-0.261
-0.369
-0.279
-0.199
-0.052
0.095
0.171
0.346
0.292
0.328
0.145
0.109
0.044
0.111
0.145
0.189
0.133
0.215
0.225
0.244
0.106
0.135
0.226
0.159
0.209
0.131
-0.113
-0.143
0.05
-0.128
-0.256
-0.177
-0.146
-0.1
-0.092
-0.016
0.044
0.217
0.276
0.199
0.2
0.041
-0.099
-0.23
-0.147
-0.155
-0.376
-0.323
-0.182
-0.081
0.021
0.13
0.084
0.171
0.198
0.159
0.366
0.639
0.441
0.471
0.357
0.381
0.375
0.576
0.509
0.531
0.624
0.786
1.117
1.045
1.113
1.301
1.369
1.42
1.508
1.574
1.484
1.63
1.696
1.629
1.486
1.347
1.312
1.319
1.195
0.863
0.79
0.734
0.733
0.557
0.52
0.415
0.341
0.128
0.119
-0.034
-0.091
-0.138
-0.415
-0.541
-0.571
-0.618
-0.744
-0.57
-0.784
-0.746
-0.734
-0.729
-0.87
-0.914
-0.856
-0.818
-0.966
-0.864
-0.932
-0.951
-1.039
-0.866
-0.596
-0.464
-0.371
-0.408
-0.326
-0.273
-0.285
0.231
0.215
0.096
0.206
0.305
0.374
0.371
0.443
0.492
0.461
0.434
0.451
0.589
0.536
0.743
0.684
0.766
0.694
0.911
0.893
0.904
0.885
1.028
1.084
1.021
1.04
1.11
0.995
0.828
0.873
0.821
0.7
0.791
0.807
0.869
0.796
0.708
0.655
0.853
0.929
0.897
0.679
0.599
0.691
0.405
0.351
0.409
0.304
0.574
0.698
0.854
0.58
0.674
0.855
0.945
1.19
1.25
1.125
1.136
1.199
1.089
0.991
1.052
0.828
0.711
0.586
0.562
0.425
0.329
0.444
0.305
0.306
0.37
0.441
0.285
0.318
0.512
0.601
0.733
0.771
0.878
0.89
0.929
1.074
1.143
1.073
1.177
1.302
1.347
1.401
1.318
1.254
1.429
1.391
1.135
0.916
0.897
0.881
0.949
1.151
1.396
1.153
0.932
0.961
0.708
0.619
0.5
0.278
0.466
0.443
0.343
0.646
0.514
0.681
0.618
0.654
0.611
0.473
0.56
0.647
0.55
0.557
0.506
0.438
0.406
0.404
0.446
0.769
0.811
0.715
0.596
0.364
0.459
0.55
0.445
0.566
0.54
0.401
0.348
0.415
0.181
0.056
-0.044
0.291
0.359
0.338
0.333
0.484
0.434
0.37
0.432
0.195
0.14
0.246
-0.072
-0.215
-0.193
-0.306
-0.371
-0.307
-0.324
-0.163
-0.113
-0.088
-0.346
-0.352
-0.61
-0.73
-0.542
-0.81
-0.654
-0.63
-0.736
-0.565
-0.496
-0.396
-0.411
-0.434
-0.532
-0.355
-0.195
-0.405
-0.482
-0.383
-0.489
-0.468
-0.647
-0.574
-0.391
-0.581
-0.593
-0.671
-0.703
-0.685
-0.695
-0.789
-0.91
-0.705
-0.611
-0.623
-0.509
-0.713
-0.68
-0.574
-0.385
-0.165
-0.14
-0.08
0.103
0.249
0.356
0.085
0.155
0.235
0.049
-0.048
0.131
-0.029
0.084
0.145
0.133
0.094
0.113
0.158
0.209
0.233
0.361
0.568
0.573
0.521
0.399
0.36
0.171
0.152
0.173
0.383
0.292
0.325
0.331
0.15
-0.026
-0.096
-0.119
-0.319
-0.388
-0.464
-0.466
-0.497
-0.531
-0.664
-0.7
-0.828
-0.713
-0.485
-0.42
-0.431
-0.534
-0.546
-0.275
-0.133
-0.01
0.111
0.3
0.444
0.525
0.699
0.839
0.706
0.667
0.641
0.588
0.611
0.772
0.694
0.735
0.824
0.825
0.796
0.802
0.869
0.814
0.775
0.559
0.356
0.296
0.155
0.096
0.121
-0.02
-0.125
-0.156
-0.344
-0.314
-0.219
-0.131
-0.292
-0.217
-0.534
-0.456
-0.515
-0.343
-0.565
-0.546
-0.633
-0.758
-0.919
-1.179
-1.191
-1.048
-1.195
-1.123
-1.354
-1.345
-1.574
-1.621
-1.788
-1.72
-1.655
-1.6
-1.479
-1.485
-1.486
-1.571
-1.695
-1.647
-1.683
-1.708
-1.561
-1.416
-1.359
-1.059
-0.65
-0.535
-0.316
-0.568
-0.511
-0.479
-0.441
-0.236
-0.133
-0.034
0.126
0.25
0.471
0.539
0.532
0.626
0.52
0.541
0.581
0.9
0.647
0.57
0.372
0.242
0.133
0.288
0.318
0.58
0.561
0.496
0.517
0.45
0.307
0.209
0.214
-0.059
0.084
-0.011
-0.024
-0.194
-0.242
-0.07
-0.244
-0.339
-0.285
-0.331
-0.306
-0.383
-0.367
-0.519
-0.393
-0.465
-0.378
-0.166
-0.389
-0.474
-0.408
-0.53
-0.638
-0.64
-0.57
-0.621
-0.834
-0.65
-0.609
-0.711
-0.654
-0.7
-1.104
-0.749
-1.002
-1.018
-0.963
-0.819
-0.86
-0.841
-0.744
-0.624
-0.396
-0.302
-0.014
0.141
0.36
0.492
0.469
0.625
0.508
0.608
0.785
0.77
0.871
0.782
0.905
1.1
1.036
1.031
1.049
0.875
0.858
0.686
0.684
0.711
0.645
0.505
0.422
0.474
0.434
0.434
0.284
0.089
0.191
0.16
0.064
-0.044
-0.231
-0.384
-0.318
-0.296
-0.431
-0.278
-0.432
-0.275
-0.276
-0.284
-0.27
-0.291
-0.122
-0.133
-0.138
-0.198
-0.221
-0.209
-0.323
-0.468
-0.526
-0.501
-0.42
-0.438
-0.494
-0.552
-0.478
-0.568
-0.564
-0.438
-0.3
-0.18
-0.286
-0.269
-0.309
-0.333
-0.103
-0.289
-0.05
0.095
0.297
0.253
0.206
0.175
-0.014
0.08
0.226
0.312
0.33
0.276
0.343
0.311
0.193
0.336
0.46
0.535
0.311
0.419
0.229
0.149
0.003
-0.203
-0.161
-0.169
-0.219
-0.094
-0.212
-0.235
-0.19
-0.219
-0.367
-0.404
-0.309
-0.217
-0.289
-0.427
-0.545
-0.556
-0.865
-0.988
-1.079
-1.036
-1.025
-0.746
-0.728
-0.655
-0.689
-0.318
-0.681
-0.626
-0.535
-0.633
-0.459
-0.165
-0.11
-0.037
-0.111
-0.171
-0.291
-0.344
-0.499
-0.453
-0.486
-0.468
-0.652
-0.638
-0.754
-0.784
-0.966
-0.983
-0.951
-0.899
-0.535
-0.448
-0.385
-0.385
-0.338
-0.441
-0.401
-0.319
-0.326
-0.168
-0.12
-0.072
-0.052
0.046
0.182
0.289
0.469
0.552
0.75
0.68
0.87
1.232
1.269
1.485
1.546
1.61
1.666
1.726
1.75
1.68
1.729
1.575
1.454
1.376
1.309
1.302
1.149
1.129
0.963
0.91
0.869
0.94
0.726
0.733
0.284
0.351
0.12
0.146
0.119
0.026
0.071
-0.094
-0.189
-0.294
-0.41
-0.401
-0.416
-0.256
-0.259
-0.124
0.083
0.076
-0.02
-0.022
-0.059
0.004
0.044
0.059
0.176
0.236
0.22
0.182
0.266
0.238
0.424
0.584
0.588
0.789
0.657
0.705
0.596
0.321
0.468
0.439
0.629
0.739
0.74
0.768
0.646
0.64
0.508
0.48
0.53
0.541
0.473
0.545
0.422
0.469
0.305
0.425
0.426
0.398
0.445
0.468
0.338
0.334
0.499
0.445
0.575
0.66
0.566
0.444
0.475
0.296
0.335
0.278
0.18
0.21
0.168
0.176
0.212
0.443
0.305
0.473
0.21
0.255
0.181
0.409
0.466
0.445
0.531
0.482
0.288
0.281
0.25
-0.064
-0.059
-0.049
-0.185
-0.198
-0.229
-0.184
-0.233
-0.39
-0.284
-0.241
-0.08
-0.265
-0.198
-0.022
0.103
0.151
0.088
0.065
0.065
0.275
0.185
-0.011
-0.15
-0.24
-0.144
-0.179
-0.154
-0.32
-0.251
-0.348
-0.44
-0.386
-0.351
-0.335
-0.422
-0.524
-0.503
-0.59
-0.37
-0.273
-0.286
-0.206
-0.147
-0.039
0.004
-0.16
-0.08
-0.133
-0.074
-0.109
0.05
0.208
0.146
0.228
0.419
0.408
0.324
0.525
0.309
0.289
0.219
0.36
0.113
0.199
0.03
0.269
0.215
0.346
0.306
0.352
0.236
0.025
-0.006
0.145
0.219
0.413
0.37
0.441
0.195
0.261
0.394
0.191
0.344
0.238
0.28
0.546
0.575
0.642
0.593
0.655
0.615
0.574
0.266
0.221
0.064
0.041
-0.071
-0.175
-0.125
-0.026
-0.031
0.241
0.188
0.212
0.122
-0.046
-0.094
-0.321
-0.367
-0.556
-0.468
-0.431
-0.086
-0.072
0.431
0.42
0.475
0.391
0.403
0.427
0.497
0.708
0.67
0.551
0.784
0.728
0.83
0.86
0.698
0.623
0.649
0.75
0.583
0.704
0.718
0.633
0.512
0.465
0.485
0.526
0.473
0.312
0.307
0.454
0.426
0.54
0.611
0.645
0.501
0.381
0.285
0.561
0.388
0.444
0.52
0.475
0.469
0.672
0.667
0.682
0.66
0.501
0.475
0.527
0.444
0.324
0.249
0.24
0.386
0.56
0.618
0.633
0.623
0.375
0.343
0.255
0.376
0.238
0.295
0.244
0.23
0.249
-0.031
-0.016
-0.168
-0.356
-0.296
-0.274
-0.165
-0.159
-0.16
-0.166
-0.056
-0.144
-0.17
-0.223
-0.406
-0.238
-0.247
-0.228
-0.255
-0.264
-0.291
-0.5
-0.426
-0.321
-0.551
-0.619
-0.721
-0.811
-0.883
-1.042
-1.099
-1.383
-1.359
-1.501
-1.376
-1.448
-1.321
-1.235
-1.301
-1.224
-1.226
-1.184
-1.071
-0.891
-0.816
-0.659
-0.595
-0.56
-0.536
-0.731
-0.711
-0.765
-0.54
-0.711
-0.81
-0.641
-0.586
-0.408
-0.357
-0.335
-0.38
-0.333
-0.259
-0.305
-0.199
-0.109
-0.2
-0.274
-0.299
-0.31
-0.372
-0.405
-0.408
-0.168
-0.115
0.168
0.38
0.251
0.075
-0.071
0.128
0.152
0.244
0.414
0.391
0.599
0.495
0.619
0.615
0.661
0.61
0.541
0.537
0.405
0.286
0.115
0.065
-0.011
-0.045
-0.005
-0.238
-0.254
-0.299
-0.334
-0.275
-0.256
-0.441
-0.446
-0.439
-0.504
-0.486
-0.489
-0.639
-0.522
-0.65
-0.841
-0.652
-0.725
-0.629
-0.669
-0.948
-1.21
-1.305
-1.328
-1.308
-1.466
-1.159
-1.304
-1.401
-1.185
-1.011
-0.938
-0.976
-0.905
-0.735
-0.789
-0.739
-0.87
-0.642
-0.755
-0.731
-0.569
-0.451
-0.116
-0.15
0.138
0.022
0.329
0.266
0.351
0.435
0.261
0.417
0.279
0.367
0.541
0.661
0.61
0.809
0.779
0.684
0.634
0.888
0.789
0.682
0.758
0.685
0.566
0.279
0.211
0.07
0.072
0.075
0.179
0.324
0.316
0.306
0.096
0.205
0.19
0.256
0.288
0.45
0.302
0.134
0.255
0.144
0.18
0.025
-0.005
-0.091
-0.133
-0.203
-0.44
-0.289
-0.355
-0.36
-0.177
-0.258
-0.149
0.114
0.398
0.515
0.475
0.764
0.849
0.849
0.89
0.79
0.601
0.645
0.615
0.589
0.611
0.557
0.406
0.354
0.32
0.413
0.208
0.116
0.056
0.105
0.119
0.031
0.122
0.28
0.265
0.182
0.205
0.255
0.427
0.388
0.394
0.31
0.198
0.17
0.028
0.069
0.154
0.186
-0.096
-0.05
-0.211
-0.23
0.014
0.006
-0.08
0.083
-0.279
-0.291
-0.427
-0.408
-0.606
-0.795
-0.818
-0.966
-0.973
-0.944
-0.86
-0.956
-1.115
-1.114
-1.109
-1.13
-1.149
-0.979
-0.901
-0.74
-0.799
-0.885
-0.828
-0.79
-0.743
-0.74
-0.802
-0.709
-0.854
-0.65
-0.624
-0.532
-0.31
-0.065
0.014
0.004
-0.151
-0.165
-0.294
-0.058
-0.105
-0.072
-0.052
-0.306
-0.265
-0.36
-0.328
-0.364
-0.385
-0.37
-0.42
-0.359
-0.432
-0.3
-0.321
-0.279
-0.166
-0.22
-0.274
-0.284
-0.201
-0.155
-0.214
-0.309
-0.245
-0.473
-0.501
-0.33
0.061
0.11
0.291
0.285
0.416
0.191
0.465
0.235
0.323
0.383
0.269
0.28
0.281
0.511
0.504
0.696
0.745
0.956
1.235
1.262
1.292
1.306
1.265
1.403
1.445
1.552
1.58
1.573
1.55
1.657
1.58
1.636
1.558
1.234
1.28
1.089
1.062
0.846
0.86
0.797
0.624
0.661
0.431
0.571
0.79
0.812
0.943
0.816
0.733
0.659
0.501
0.47
0.463
0.503
0.565
0.568
0.539
0.651
0.715
0.78
0.672
0.721
0.891
0.948
0.996
0.889
0.998
0.93
0.97
1.088
1.329
1.215
1.167
1.129
1.065
0.966
1.002
0.753
0.878
0.924
0.876
0.879
0.578
0.608
0.461
0.578
0.755
0.824
0.846
0.907
0.968
1.146
1.115
1.11
1.093
0.899
0.848
0.728
0.919
0.879
0.86
0.754
0.681
0.682
0.726
0.681
0.782
0.635
0.52
0.917
0.849
0.606
0.525
0.42
0.49
0.283
0.161
0.159
0.07
0.099
0.106
0.304
0.276
0.045
-0.098
-0.171
-0.234
-0.125
-0.391
-0.422
-0.351
-0.281
-0.107
-0.233
-0.037
-0.125
0.134
-0.139
-0.106
-0.119
-0.094
0.147
-0.005
0.054
0.19
0.223
0.211
0.226
0.119
0.404
0.307
0.379
0.2
0.115
0.22
0.349
0.371
0.37
0.284
0.758
0.657
0.661
0.579
0.64
0.555
0.606
0.495
0.346
0.484
0.425
0.529
0.662
0.52
0.551
0.659
0.644
0.524
0.325
0.217
0.184
0.149
0.181
0.135
0.099
0.209
0.256
0.297
0.028
-0.045
-0.193
-0.371
-0.465
-0.588
-0.655
-0.696
-0.993
-0.945
-0.814
-0.983
-1.115
-1.282
-1.274
-1.219
-1.056
-1.107
-1.225
-1.315
-1.27
-1.357
-1.166
-1.384
-1.405
-1.367
-1.425
-1.385
-1.309
-1.285
-1.423
-1.176
-1.088
-1.129
-0.948
-1.064
-1.081
-0.949
-1.019
-0.828
-0.681
-0.672
-0.496
-0.475
-0.249
-0.29
-0.369
-0.318
-0.364
-0.398
-0.445
-0.275
-0.161
-0.154
-0.095
-0.176
-0.188
-0.088
0.154
0.096
0.095
-0.037
-0.195
-0.014
-0.001
-0.039
0.011
0.05
0.025
-0.001
0.2
-0.046
0.174
0.043
-0.094
0.089
0.066
0.161
0.005
0.128
0.003
0.015
0.116
0.234
0.339
0.379
0.374
0.405
0.564
0.289
0.455
0.25
0.416
0.205
-0.091
0.094
0.103
0.296
0.309
0.174
0.338
0.408
0.396
0.23
0.255
0.179
0.331
0.164
-0.059
-0.17
-0.338
-0.432
-0.53
-0.708
-0.677
-0.594
-0.95
-1.026
-1.14
-1.201
-1.153
-1.264
-1.143
-1.272
-0.917
-0.92
-0.85
-0.756
-0.797
-0.571
-0.591
-0.665
-0.657
-0.724
-0.565
-0.694
-0.688
-0.725
-0.873
-0.741
-0.899
-0.845
-0.566
-0.642
-0.629
-0.439
-0.3
-0.186
-0.02
0.049
0.072
0.226
0.299
0.454
0.33
0.177
0.079
0.077
0.019
-0.114
-0.079
-0.083
-0.055
-0.163
-0.321
-0.216
-0.229
-0.059
-0.065
-0.001
0.115
0.188
0.349
0.209
0.141
0.219
0.083
-0.028
-0.155
-0.215
-0.092
-0.184
-0.231
-0.126
-0.209
-0.215
-0.219
-0.253
-0.357
-0.335
-0.481
-0.796
-0.931
-1.113
-1.039
-0.871
-0.909
-0.596
-0.424
-0.286
-0.254
-0.12
-0.203
-0.02
0.094
-0.109
-0.146
0.005
0.02
0.215
0.286
0.263
0.429
0.396
0.495
0.453
0.275
0.379
0.311
0.309
0.275
0.168
0.281
-0.098
-0.114
-0.2
-0.182
-0.07
-0.095
-0.095
0.064
0.156
0.145
0.199
0.565
0.647
0.843
0.73
0.532
0.335
0.275
0.37
0.27
0.234
0.349
0.244
0.28
0.292
0.245
0.138
0.201
0.124
0.021
0.039
0.174
0.254
0.415
0.425
0.258
0.366
0.291
0.28
0.441
0.475
0.398
0.439
0.168
0.161
-0.009
0.094
0.176
0.081
0.171
-0.113
-0.103
-0.113
-0.045
-0.115
-0.201
-0.364
-0.273
-0.138
-0.065
-0.166
-0.314
-0.311
-0.225
-0.01
-0.075
0.041
-0.015
0.076
0.271
0.005
0.098
0.052
0.052
0.208
0.291
0.39
0.481
0.581
0.662
0.729
0.585
0.575
0.584
0.559
0.508
0.512
0.676
0.714
0.921
0.821
0.94
0.816
0.777
0.834
0.819
0.756
0.838
0.541
0.755
0.475
0.575
0.393
0.351
0.179
0.049
-0.019
-0.126
-0.04
-0.159
-0.081
-0.113
-0.176
-0.201
-0.36
-0.352
-0.486
-0.348
-0.453
-0.378
-0.395
-0.409
-0.46
-0.666
-0.645
-0.51
-0.352
-0.28
-0.309
-0.099
-0.195
-0.056
-0.069
-0.062
-0.011
-0.051
-0.051
-0.107
-0.16
-0.208
-0.125
-0.081
-0.061
0.03
0.009
0.091
0.155
0.241
0.271
0.666
0.328
0.35
0.269
0.173
0.191
0.211
0.188
0.158
-0.062
0.161
0.099
0.385
0.291
0.333
0.416
0.401
0.455
0.255
0.328
0.537
0.686
0.636
0.435
0.348
0.349
0.141
0.114
0.124
0.176
0.226
0.242
0.019
0.098
0.21
0.21
0.177
0.092
0.301
0.379
0.369
0.198
-0.033
0.062
-0.021
-0.246
-0.283
-0.309
-0.276
-0.343
-0.072
-0.306
-0.035
0.173
0.133
0.238
0.288
0.465
0.512
0.651
0.535
0.569
0.695
0.71
0.728
0.615
0.751
0.561
0.714
0.56
0.579
0.514
0.542
0.641
0.583
0.849
0.865
0.871
0.938
0.873
0.834
0.691
0.744
0.863
0.966
0.976
0.983
0.809
0.725
0.629
0.5
0.443
0.271
0.208
0.249
0.314
0.352
0.425
0.417
0.286
0.362
0.083
0.081
0.235
0.236
-0.076
-0.173
-0.438
-0.37
-0.438
-0.492
-0.482
-0.466
-0.446
-0.378
-0.485
-0.426
-0.399
-0.256
-0.239
-0.228
-0.275
-0.519
-0.459
-0.354
-0.188
-0.135
0.046
0.045
0.01
0.066
0.099
0.133
0.08
0.217
0.191
0.25
0.181
0.034
0.025
0.14
0.171
0.299
0.139
0.302
0.129
0.208
0.18
0.33
0.376
0.545
0.422
0.31
0.529
0.571
0.628
0.581
0.464
0.504
0.357
0.27
0.396
0.364
0.352
0.261
0.274
0.1
0.155
-0.003
-0.005
0.007
0.071
-0.019
-0.092
-0.173
-0.11
0.055
-0.164
-0.06
-0.054
-0.254
-0.302
-0.276
-0.386
-0.388
-0.349
-0.284
-0.335
-0.478
-0.65
-0.807
-0.733
-0.845
-0.835
-1.038
-1.173
-1.385
-1.562
-1.522
-1.535
-1.336
-1.39
-1.401
-1.286
-1.264
-1.209
-0.934
-0.787
-0.684
-0.634
-0.606
-0.588
-0.821
-0.774
-0.554
-0.58
-0.305
-0.501
-0.516
-0.348
-0.242
-0.24
-0.341
-0.269
-0.299
-0.081
-0.096
-0.046
-0.223
-0.136
-0.154
-0.302
-0.16
-0.041
0.109
0.379
0.395
0.311
0.598
0.619
0.689
0.796
0.695
0.82
0.821
0.826
0.8
0.889
1.019
1.05
1.279
1.259
1.088
1.143
1.059
1.022
0.916
0.958
0.893
0.608
0.444
0.279
0.045
-0.01
-0.048
0.098
-0.141
-0.247
-0.364
-0.445
-0.36
-0.585
-0.78
-0.991
-1.044
-0.951
-1.126
-0.966
-1.039
-1.028
-0.968
-0.834
-0.75
-0.479
-0.64
-0.521
-0.345
-0.261
-0.209
-0.025
0.242
0.255
0.16
0.343
0.359
0.181
0.258
0.163
0.361
0.285
0.503
0.326
0.15
0.33
0.39
0.234
0.05
-0.049
-0.004
-0.021
0.193
0.175
0.144
0.147
0.156
0.149
0.046
-0.043
0.003
0.072
-0.077
-0.115
-0.105
-0.126
-0.12
-0.003
0.011
0.169
0.302
0.325
0.292
0.333
0.431
0.336
0.365
0.304
0.593
0.445
0.609
0.584
0.367
0.334
0.376
0.299
0.101
-0.06
-0.129
-0.18
-0.174
-0.145
-0.271
-0.231
-0.151
-0.062
-0.064
0.091
-0.054
-0.041
-0.212
-0.205
-0.176
-0.315
-0.414
-0.555
-0.654
-0.593
-0.45
-0.448
-0.371
-0.274
-0.196
-0.101
-0.08
-0.17
-0.184
-0.025
0.079
0.134
0.115
0.014
-0.054
0.066
-0.031
0.062
0.003
-0.029
-0.056
-0.051
-0.121
-0.125
-0.081
-0.12
-0.169
-0.06
0.056
0.024
-0.011
-0.041
0.004
0.084
0.374
0.508
0.318
0.309
0.364
0.251
0.424
0.356
0.481
0.261
0.242
0.013
-0.14
-0.004
-0.096
-0.124
-0.11
-0.113
-0.039
0.144
0.348
0.3
0.388
0.316
0.246
0.256
0.045
0.013
-0.126
-0.009
-0.081
-0.113
-0.15
-0.151
-0.278
-0.271
-0.451
-0.41
-0.283
-0.203
-0.14
-0.139
-0.052
0.041
0.05
-0.045
-0.083
-0.096
0.188
0.034
-0.176
0.121
-0.144
-0.367
-0.101
-0.045
0.095
0.231
0.37
0.491
0.279
0.211
0.295
0.38
0.585
0.554
0.599
0.503
0.321
0.42
0.404
0.278
0.221
0.146
0.129
0.101
0.236
0.076
0.143
0.203
0.315
0.103
0.329
0.27
0.362
0.251
0.214
0.065
-0.034
-0.104
-0.028
0.035
0.103
-0.019
-0.04
0.003
-0.103
-0.173
-0.3
-0.335
-0.247
-0.199
-0.427
-0.714
-0.726
-0.82
-0.85
-0.835
-0.75
-0.86
-0.836
-0.835
-0.54
-0.638
-0.644
-0.706
-0.716
-0.786
-0.734
-0.63
-0.789
-0.641
-0.72
-0.468
-0.435
-0.32
-0.268
-0.453
-0.394
-0.321
-0.09
-0.13
-0.077
-0.168
-0.119
-0.076
0.026
0.134
0.194
0.37
0.258
0.238
0.27
0.236
0.305
0.174
0.064
0.188
0.245
0.309
0.258
0.383
0.166
0.215
0.461
0.491
0.675
0.745
0.718
0.78
0.792
1.002
0.955
0.99
0.876
0.806
0.703
0.63
0.499
0.487
0.639
0.609
0.608
0.436
0.419
0.328
0.349
0.199
0.098
0.046
-0.076
-0.114
-0.366
-0.539
-0.443
-0.47
-0.307
-0.271
-0.185
-0.086
-0.05
-0.01
0.02
0.206
0.283
0.182
0.135
-0.003
-0.115
-0.119
0.115
0.22
0.364
0.242
0.539
0.662
0.821
0.916
0.88
1.075
1.078
1.279
1.429
1.25
1.256
1.434
1.231
1.054
1.08
1.125
1.196
1.145
1.104
1.166
1.12
1.03
0.927
0.75
0.901
0.945
0.821
0.956
0.876
0.69
0.546
0.19
-0.015
-0.083
-0.125
-0.175
-0.23
-0.236
-0.177
-0.39
-0.346
-0.305
-0.271
-0.316
-0.255
-0.304
-0.444
-0.182
-0.226
-0.247
-0.133
-0.104
0.045
0.119
0.456
0.385
0.256
0.219
0.319
0.405
0.263
0.545
0.458
0.549
0.389
0.526
0.65
0.465
0.725
0.889
0.804
0.765
0.708
0.623
0.583
0.84
0.825
0.914
1.181
1.065
1.183
1.055
1.042
0.906
0.769
0.833
0.785
0.996
0.841
0.72
0.914
0.638
0.564
0.349
0.226
0.168
0.356
0.381
0.357
0.229
0.231
0.174
-0.051
-0.044
-0.182
-0.103
0.035
0.001
-0.177
-0.049
-0.034
-0.072
-0.205
-0.214
-0.014
0.052
0.152
0.229
0.088
-0.059
0.005
0.09
0.244
0.284
0.037
-0.18
-0.38
-0.41
-0.339
-0.468
-0.019
-0.169
-0.438
-0.325
-0.446
-0.296
-0.346
-0.411
-0.384
-0.427
-0.426
-0.539
-0.529
-0.456
-0.217
-0.226
-0.086
0.079
-0.085
-0.344
-0.411
-0.145
-0.225
-0.199
-0.461
-0.59
-0.413
-0.551
-0.516
-0.394
-0.378
-0.41
-0.341
-0.352
-0.249
-0.096
-0.226
-0.315
-0.568
-0.506
-0.311
-0.398
-0.203
-0.291
-0.115
-0.254
-0.326
-0.101
-0.13
-0.024
0.111
0.085
0.359
0.419
0.184
0.301
0.409
0.5
0.566
0.598
0.497
0.593
0.499
0.367
0.141
0.105
0.083
0.296
0.092
-0.041
0.033
-0.014
-0.011
-0.028
0.096
0.125
0.099
-0.024
-0.115
-0.006
-0.198
-0.271
-0.376
-0.636
-0.565
-0.709
-0.695
-0.694
-0.711
-0.805
-0.955
-1.069
-1.136
-1.115
-0.97
-0.955
-1.029
-0.991
-0.869
-0.961
-0.988
-0.831
-0.618
-0.631
-0.77
-0.669
-0.684
-0.629
-0.441
-0.411
-0.244
-0.239
-0.451
-0.516
-0.517
-0.49
-0.566
-0.438
-0.415
-0.255
-0.022
0.113
0.043
0.249
0.092
0.18
0.194
0.064
0.131
0.198
0.328
0.625
0.718
0.799
0.719
0.736
0.764
0.919
0.85
0.91
0.805
0.733
0.746
0.546
0.448
0.366
0.177
0.072
0.01
0.152
0.043
0.171
0.07
0.095
0.083
0.079
-0.158
-0.155
-0.409
-0.395
-0.314
-0.455
-0.37
-0.299
-0.334
-0.372
-0.435
-0.196
-0.389
-0.529
-0.489
-0.546
-0.266
-0.278
-0.239
-0.217
-0.329
-0.266
-0.211
-0.166
-0.139
-0.095
-0.438
-0.285
-0.152
0.0
0.036
-0.004
-0.06
-0.077
0.026
0.116
0.304
0.334
0.48
0.41
0.396
0.404
0.32
0.314
0.14
0.041
-0.099
-0.054
-0.041
0.006
-0.014
0.15
0.406
0.415
0.357
0.434
0.401
0.517
0.471
0.314
0.273
0.246
0.179
0.159
0.036
-0.022
0.02
0.103
0.251
0.314
0.06
0.09
0.003
0.089
0.345
0.305
0.238
0.234
0.344
0.443
0.415
0.52
0.324
0.278
0.09
0.328
0.184
0.18
0.113
0.17
0.265
0.176
0.229
0.163
0.205
0.268
-0.24
0.084
0.054
-0.133
-0.069
-0.099
-0.15
-0.193
-0.225
-0.39
-0.461
-0.639
-0.608
-0.585
-0.594
-0.529
-0.76
-0.964
-1.157
-1.185
-1.411
-1.451
-1.326
-1.056
-0.895
-0.541
-0.446
-0.465
-0.409
-0.422
-0.345
-0.426
-0.18
-0.21
-0.37
-0.155
-0.143
-0.111
0.031
-0.03
-0.265
-0.334
-0.268
-0.225
-0.116
-0.144
-0.13
-0.056
-0.301
-0.107
-0.173
-0.11
0.139
0.341
0.426
0.552
0.731
0.599
0.547
0.557
0.427
0.511
0.506
0.304
0.253
0.247
0.092
-0.016
-0.089
-0.09
-0.065
-0.072
-0.028
0.066
0.189
0.085
0.122
0.312
0.114
0.311
0.056
0.056
-0.001
-0.106
0.079
0.206
0.431
0.591
0.633
0.667
0.48
0.746
0.628
0.689
0.701
0.659
0.529
0.465
0.671
0.83
0.909
0.775
0.811
0.679
0.638
0.62
0.699
0.659
0.459
0.399
0.301
0.271
0.309
0.115
0.159
0.149
-0.145
-0.079
-0.176
-0.149
-0.384
-0.105
-0.195
-0.455
-0.37
-0.413
-0.508
-0.398
-0.384
-0.366
-0.367
-0.062
-0.011
0.182
0.323
0.324
0.504
0.319
0.453
0.494
0.321
0.569
0.564
0.689
0.551
0.471
0.514
0.569
0.554
0.495
0.641
0.666
0.657
0.77
0.654
0.603
0.573
0.674
0.665
0.891
0.893
0.87
0.978
0.946
0.953
1.255
0.85
0.91
0.902
0.981
0.975
0.97
1.069
1.059
0.929
1.029
0.927
0.83
0.854
0.703
0.749
0.708
0.74
0.76
0.698
0.366
0.436
0.341
0.416
0.203
0.276
0.149
0.029
0.024
-0.079
0.106
-0.037
-0.109
-0.084
-0.069
-0.005
0.143
0.305
0.247
0.184
0.23
0.201
0.241
0.261
0.028
-0.104
-0.144
-0.255
0.026
0.111
0.403
0.415
0.527
0.555
0.346
0.46
0.586
0.45
0.346
0.52
0.291
0.107
0.173
0.171
0.156
0.325
0.335
0.119
-0.135
-0.239
-0.48
-0.456
-0.374
-0.408
-0.623
-0.708
-0.679
-0.768
-0.781
-0.79
-0.509
-0.398
-0.255
-0.302
-0.547
-0.619
-0.725
-0.649
-0.72
-0.724
-0.694
-0.706
-0.651
-0.661
-0.583
-0.506
-0.688
-0.642
-0.661
-0.765
-0.761
-0.859
-0.907
-0.868
-0.85
-0.965
-0.91
-0.95
-0.724
-0.699
-0.896
-0.71
-0.645
-0.383
-0.295
-0.406
-0.431
-0.105
-0.009
0.036
-0.089
-0.035
0.091
0.223
0.119
0.09
0.086
-0.07
-0.443
-0.42
-0.411
-0.35
-0.224
-0.034
0.024
0.155
0.13
-0.099
-0.179
-0.054
-0.129
-0.111
-0.155
-0.036
-0.099
-0.08
-0.01
0.055
0.01
-0.048
0.349
0.103
0.179
0.186
0.194
0.224
0.26
0.276
0.314
0.409
0.306
0.479
0.542
0.45
0.343
0.419
0.366
0.568
0.444
0.309
0.225
0.234
0.417
0.448
0.355
0.383
0.357
0.278
0.18
0.019
-0.01
0.066
0.173
0.15
0.404
0.664
0.581
0.735
0.694
0.554
0.458
0.405
0.537
0.603
0.545
0.771
0.907
0.943
0.845
0.676
0.655
0.481
0.446
0.422
0.374
0.676
0.771
0.421
0.399
0.376
0.334
0.155
-0.004
-0.21
-0.104
-0.152
-0.494
-0.401
-0.344
-0.369
-0.482
-0.579
-0.492
-0.764
-10.336
-0.31
-0.889
-0.856
-1.036
-0.938
-0.78
-0.556
-0.446
-0.378
-0.426
-0.286
-0.279
-0.288
-0.239
-0.246
-0.044
-0.018
0.099
-0.122
-0.355
-0.5
-0.436
-0.537
-0.669
-0.695
-0.443
-0.784
-0.781
-0.915
-1.002
-1.119
-1.061
-1.015
-0.916
-0.924
-1.039
-0.943
-1.134
-1.051
-1.09
-1.239
-1.002
-0.921
-1.097
-1.252
-1.21
-1.377
-1.199
-1.0
-1.123
-1.012
-0.812
-0.677
-0.745
-0.677
-0.775
-0.797
-0.716
-0.635
-0.526
-0.268
-0.26
-0.235
-0.166
-0.043
-0.02
0.06
0.114
0.319
0.235
0.388
0.43
0.525
0.594
0.394
0.26
0.051
-0.071
0.039
-0.116
-0.181
-0.463
-10.336
-0.039
-0.079
0.086
-0.079
0.278
0.206
-0.036
-0.077
-0.173
-0.304
-0.195
-0.041
0.111
0.12
0.06
0.166
0.126
0.071
0.066
-0.049
-0.129
-0.089
-0.141
0.001
0.247
0.352
0.326
0.372
0.286
0.274
0.3
0.193
0.101
-0.152
-0.325
-0.595
-0.781
-0.858
-0.999
-0.725
-0.584
-0.635
-0.492
-0.501
-0.566
-0.469
-0.251
-0.154
-0.09
-0.16
-0.209
-0.479
-0.595
-0.359
-0.176
0.081
0.376
0.638
0.669
0.685
0.724
0.818
0.557
0.348
0.345
0.22
0.264
0.286
0.415
0.614
0.735
0.946
1.055
1.084
-5.36
1.117
1.045
0.931
0.976
1.167
1.135
0.924
0.88
0.836
0.781
0.911
0.781
0.935
0.816
0.766
0.754
0.424
0.376
0.251
0.081
-0.044
-0.276
-0.503
-0.586
-0.734
-0.71
-0.733
-0.661
-0.651
-0.534
-0.529
-0.624
-0.626
-0.676
-0.57
-0.63
-0.492
-0.404
-0.205
-0.205
-0.179
-0.079
-0.133
0.056
0.165
0.364
0.185
0.121
0.168
0.234
0.074
0.135
0.194
0.18
0.185
0.288
0.249
0.216
0.278
0.208
0.201
0.066
-0.125
-0.058
-0.018
-0.079
-0.06
0.258
0.221
0.092
0.056
-0.179
-0.085
-0.049
0.035
0.13
-0.016
0.198
0.201
0.386
0.497
0.419
0.479
0.255
0.395
0.291
0.376
0.414
0.588
0.713
0.619
0.91
0.833
0.9
0.679
0.44
0.438
0.42
0.487
0.458
0.404
0.265
0.264
0.146
0.145
0.143
0.145
0.013
-0.122
-0.299
-0.11
-0.089
-0.115
-0.163
-0.284
-0.574
-0.812
-0.871
-0.718
-0.811
-0.698
-0.659
-0.57
-0.556
-0.593
-0.511
-0.766
-1.002
-0.92
-0.823
-0.604
-0.487
-0.449
-0.318
-0.321
-0.155
-0.196
0.151
0.314
0.473
0.494
0.565
0.825
0.87
1.071
1.271
1.133
1.299
1.24
1.424
1.45
1.544
1.551
1.759
1.616
1.73
1.439
1.074
0.944
0.805
0.835
0.739
0.427
0.419
0.279
0.106
-0.056
-0.034
-0.238
-0.458
-0.65
-0.621
-0.335
-0.411
-0.242
-0.246
-0.343
-0.404
-0.211
-0.355
-0.354
-0.44
-0.292
-0.321
-0.19
-0.138
0.091
0.014
0.12
0.165
0.297
0.152
0.31
0.271
0.314
0.432
0.38
0.425
0.434
0.371
0.461
0.541
0.531
0.763
0.82
0.639
0.455
0.355
0.116
-0.062
-0.014
-0.06
-0.161
-0.309
-0.588
-0.611
-0.995
-0.926
-0.714
-1.151
-1.076
-0.985
-0.94
-0.873
-0.816
-0.922
-0.83
-1.061
-0.926
-1.169
-0.733
-1.074
-1.282
-1.304
-1.306
-1.143
-1.103
-0.995
-1.049
-0.945
-0.927
-0.988
-0.999
-1.163
-0.938
-0.896
-0.875
-0.8
-0.735
-0.551
-0.503
-0.421
-0.361
-0.259
0.115
0.122
0.007
0.036
0.195
0.201
0.22
0.362
0.259
-0.085
-0.16
-0.224
-0.02
0.118
0.48
0.41
0.624
0.711
0.795
0.709
0.47
0.5
0.511
0.76
1.011
1.149
1.206
1.31
1.208
1.101
1.124
1.22
1.176
1.175
1.314
1.146
1.071
1.079
1.183
1.129
1.019
0.904
0.785
0.792
0.796
0.749
0.721
0.65
0.443
0.421
0.234
0.291
0.161
0.085
0.04
-0.06
-0.128
-0.146
-0.075
-0.081
-0.18
-0.296
-0.425
-0.385
-0.131
-0.246
-0.419
-0.51
-0.401
-0.511
-0.559
-0.73
-0.829
-0.831
-0.849
-0.682
-0.557
-0.604
-0.37
-0.297
-0.098
0.003
-0.024
-0.049
-0.115
0.141
0.215
0.281
0.297
0.297
0.455
0.421
0.509
0.415
0.63
0.601
0.669
0.81
0.807
0.791
0.724
0.656
0.605
0.749
0.886
0.736
0.789
0.667
0.864
0.792
0.631
0.79
0.879
0.891
0.889
0.682
0.571
0.636
0.693
0.781
0.604
0.57
0.651
0.355
0.357
0.21
0.321
0.24
0.048
-0.046
-0.058
0.052
-0.084
-0.037
-0.126
0.021
-0.036
0.014
-0.1
-0.194
-0.275
-0.216
-0.501
-0.579
-0.78
-0.75
-0.664
-0.674
-0.655
-0.853
-0.978
-1.189
-1.254
-1.274
-1.248
-1.231
-1.204
-1.195
-1.426
-1.423
-1.508
-1.53
-1.413
-1.45
-1.276
-1.228
-1.304
-1.226
-1.021
-0.951
-0.695
-0.919
-1.099
-1.11
-1.075
-1.078
-0.891
-0.932
-0.574
-0.352
-0.355
-0.362
-0.326
-0.354
-0.15
-0.186
-0.309
-0.475
-0.411
-0.103
-0.055
-0.225
-0.014
0.004
0.072
0.139
0.249
0.208
0.096
0.143
0.205
0.324
0.557
0.623
0.753
1.011
0.819
0.826
0.68
0.629
0.63
0.679
0.794
0.709
0.812
0.701
0.591
0.492
0.36
0.181
0.081
-0.013
-0.069
-0.028
-0.075
-0.255
-0.086
0.019
-0.013
0.194
0.151
0.04
0.005
-0.026
-0.025
0.106
-0.071
-0.004
0.061
0.015
-0.028
-0.171
-0.02
-0.009
0.041
0.003
0.058
0.101
-0.034
-0.025
-0.01
-0.089
-0.1
-0.114
-0.054
-0.12
-0.052
-0.054
-0.292
-0.241
-0.301
-0.065
-0.049
-0.18
0.126
-0.188
-0.22
-0.545
-0.504
-0.458
-0.385
-0.354
-0.355
-0.398
-0.403
-0.5
-0.539
-0.681
-0.718
-0.71
-0.659
-0.517
-0.647
-0.646
-0.411
-0.546
-0.636
-0.575
-0.713
-0.714
-1.073
-1.046
-0.899
-0.554
-0.203
-0.201
-0.291
-0.094
0.01
0.005
-0.006
0.084
0.119
0.37
0.474
0.487
0.469
0.39
0.147
-0.059
0.328
0.304
0.38
0.297
0.35
0.263
0.22
0.098
0.169
0.379
0.416
0.495
0.664
0.547
0.62
0.616
0.779
0.768
0.894
1.119
1.199
1.218
1.271
1.241
1.433
1.465
1.433
1.299
1.305
1.414
1.476
1.545
1.359
1.268
1.052
0.759
0.751
0.549
0.593
0.531
0.666
0.366
0.156
0.014
-0.044
-0.05
-0.13
-0.133
-0.184
-0.191
-0.316
-0.406
-0.338
-0.461
-0.355
-0.671
-0.801
-0.786
-0.834
-0.886
-0.775
-0.641
-0.526
-0.554
-0.182
-0.101
-0.029
0.003
-0.234
-0.069
-0.176
-0.126
-0.103
-0.036
0.253
0.256
0.458
0.326
0.449
0.312
0.516
0.542
0.681
0.726
0.835
0.917
0.893
1.15
0.975
1.206
1.314
1.295
1.424
1.433
1.603
1.446
1.409
1.445
1.381
1.157
1.366
1.52
1.4
1.385
1.445
1.19
1.184
0.96
0.814
0.65
0.682
0.521
0.41
0.421
0.344
0.419
0.5
0.426
0.284
0.309
0.161
-0.101
-0.193
-0.449
-0.208
-0.311
-0.279
-0.256
-0.283
-0.485
-0.863
-0.845
-0.921
-0.814
-0.865
-0.751
-0.703
-0.758
-0.659
-0.605
-0.46
-0.48
-0.186
-0.194
-0.224
-0.133
-0.283
-0.292
-0.164
-0.421
-0.352
-0.716
-0.738
-0.675
-0.546
-0.774
-0.559
-0.641
-0.758
-0.792
-0.921
-0.974
-0.873
-0.836
-0.823
-0.991
-1.014
-1.119
-1.091
-0.766
-0.723
-0.775
-0.954
-0.694
-0.896
-0.845
-1.008
-0.787
-0.836
-0.866
-0.685
-0.968
-0.615
-0.522
-0.424
-0.054
-0.386
-0.411
-0.367
-0.325
-0.009
0.0
0.118
0.118
0.354
0.46
0.554
0.805
0.825
0.969
0.881
0.761
0.907
0.7
1.044
0.836
0.639
0.893
1.124
1.028
1.201
1.075
1.026
0.943
1.065
1.025
0.584
0.532
0.314
0.28
-0.016
-0.114
-0.003
-0.056
0.028
0.098
0.244
0.32
0.256
0.366
0.297
0.266
0.19
0.165
0.131
0.099
0.037
0.147
0.034
-0.028
0.007
-0.154
-0.088
0.072
-0.105
0.019
0.06
-0.058
-0.145
-0.166
-0.043
0.065
0.268
0.33
0.511
0.44
0.666
0.845
1.173
1.312
1.18
1.105
1.105
0.956
0.619
0.57
0.805
0.878
0.719
0.557
0.409
0.459
0.526
0.366
0.429
0.364
0.088
0.024
-0.176
-0.223
-0.089
-0.219
-0.134
-0.105
-0.022
0.201
-0.024
0.115
0.018
0.238
0.136
0.17
0.164
0.103
0.13
0.229
0.054
-0.046
-0.119
-0.165
-0.239
-0.28
-0.034
-0.109
0.199
0.07
0.065
0.089
0.116
0.07
0.094
0.064
0.02
-0.26
-0.459
-0.35
-0.25
-0.4
-0.411
-0.312
-0.38
-0.588
-0.805
-0.848
-0.974
-1.042
-1.01
-0.79
-0.601
-0.883
-0.596
-0.58
-0.451
-0.527
-0.635
-0.656
-0.74
-0.711
-0.69
-0.576
-0.639
-0.696
-0.729
-0.754
-0.774
-0.81
-0.716
-0.603
-0.534
-0.547
-0.441
-0.444
-0.408
-0.53
-0.338
-0.716
-0.771
-0.885
-0.819
-0.879
-0.874
-0.594
-0.791
-0.672
-0.656
-0.52
-0.509
-0.5
-0.305
-1.746
-0.089
-0.288
-0.125
0.005
0.173
0.325
0.406
0.49
0.481
0.546
0.631
0.67
0.469
0.552
0.59
0.359
0.35
0.618
0.532
0.62
0.815
0.881
0.826
0.929
0.772
0.988
1.001
1.018
1.095
0.836
0.744
0.314
0.319
0.236
0.461
0.405
0.273
0.286
0.323
0.365
0.27
0.294
0.345
0.341
0.411
0.328
0.247
0.13
0.036
-0.294
-0.349
-0.348
-0.338
-0.324
-0.209
-0.11
0.015
0.126
0.189
0.356
0.755
0.611
0.514
0.386
0.18
-0.03
-0.029
0.154
0.196
0.42
0.435
0.554
0.435
0.559
0.544
0.542
0.36
0.281
0.22
0.141
0.025
0.081
-0.033
0.005
-0.182
-0.106
-0.196
-0.211
-0.141
-0.125
-0.05
-0.109
-0.04
-0.124
-0.475
-0.655
-0.594
-0.38
-0.53
-0.482
-0.549
-0.623
-0.564
-0.624
-0.505
-0.676
-0.864
-0.753
-0.802
-0.836
