-0.71
-0.58
-0.671
-0.383
-0.444
-0.198
-0.25
-0.316
-0.283
-0.398
-0.403
-0.289
-0.186
-0.182
-0.056
-0.163
-0.179
-0.339
-0.258
-0.211
-0.055
0.026
0.138
-0.086
-0.276
-0.25
-0.305
-0.501
-0.216
-0.139
-0.371
-0.422
-0.735
-0.864
-0.98
-0.777
-0.49
-0.264
-0.249
-0.226
-0.182
-0.439
-0.122
0.006
0.241
0.45
0.531
0.385
0.531
0.297
0.371
0.771
1.096
0.86
0.812
1.029
0.863
0.807
0.816
1.079
1.308
1.215
1.349
1.32
1.224
1.078
0.902
0.89
1.04
0.978
1.324
1.27
1.343
1.478
1.242
1.23
1.153
1.144
1.012
0.993
0.936
0.824
0.768
0.719
0.751
0.935
1.025
1.08
0.956
0.719
0.625
0.611
0.51
0.586
0.367
0.23
0.251
0.084
0.205
0.309
0.458
0.371
0.366
0.344
0.351
0.719
0.562
0.573
0.438
0.344
0.224
0.136
0.196
-0.006
0.15
0.094
0.109
-0.159
-0.198
-0.3
-0.247
-0.129
-0.278
-0.305
-0.494
-0.458
-0.465
-0.54
-0.463
-0.417
-0.413
-0.537
-0.455
-0.436
-0.566
-0.699
-0.694
-0.694
-0.809
-0.834
-0.655
-0.856
-0.814
-0.82
-0.84
-0.811
-0.904
-0.682
-0.542
-0.559
-0.559
-0.669
-0.78
-0.645
-0.781
-0.896
-0.784
-0.948
-0.914
-0.994
-1.044
-0.858
-1.029
-0.931
-1.018
-0.885
-0.971
-0.642
-0.386
-0.517
-0.432
-0.209
-0.077
0.22
0.14
0.206
0.219
0.214
0.134
0.161
0.034
0.194
0.14
0.158
0.05
-0.089
0.2
-0.052
0.08
0.071
-0.018
0.134
0.019
0.013
-0.18
-0.088
-0.056
-0.084
0.018
-0.034
0.23
0.189
0.357
0.469
0.511
0.646
0.8
0.936
0.624
0.349
0.365
0.47
0.851
0.88
1.06
0.935
1.056
0.667
0.473
0.48
0.399
0.159
-0.071
-0.189
-0.376
-0.57
-0.438
-0.743
-0.916
-1.016
-1.196
-1.259
-1.285
-1.546
-1.61
-1.459
-1.75
-1.985
-1.861
-1.949
-1.945
-2.0
-1.973
-2.071
-1.841
-2.075
-1.934
-1.954
-1.963
-1.831
-1.75
-1.514
-1.538
-1.24
-1.246
-1.157
-1.07
-1.055
-0.69
-0.393
-0.318
-0.186
-0.116
-0.145
-0.096
0.129
0.312
0.626
0.568
0.621
0.82
0.715
0.772
0.95
0.904
0.515
0.749
0.6
0.821
0.991
0.81
0.87
0.81
0.84
0.755
0.546
0.578
0.557
0.651
0.766
0.89
1.084
1.085
1.136
1.286
1.238
1.096
1.048
0.985
0.87
0.69
0.565
0.605
0.596
0.474
0.473
0.599
0.591
0.549
0.49
0.366
0.35
0.334
0.338
0.398
0.55
0.694
0.689
0.685
0.635
0.703
0.725
0.921
0.844
0.699
0.679
0.625
0.508
0.578
0.745
0.785
0.661
0.546
0.545
0.514
0.777
0.616
0.91
0.789
0.618
0.489
0.215
0.061
-0.048
-0.13
-0.224
-0.409
-0.454
-0.525
-0.618
-0.866
-0.547
-0.618
-0.661
-0.626
-0.67
-0.629
-0.579
-0.746
-0.718
-0.839
-1.083
-1.054
-1.146
-1.464
-1.294
-1.36
-1.159
-1.133
-0.951
-0.848
-0.896
-0.919
-0.853
-0.899
-0.899
-0.699
-0.919
-0.646
-1.107
-1.211
-1.12
-0.901
-0.588
-0.417
-0.181
0.138
0.236
0.169
0.052
0.175
0.486
0.468
0.562
0.679
0.921
0.856
0.831
1.164
1.061
1.115
1.135
1.111
1.093
1.161
0.89
0.864
0.669
0.552
0.479
0.444
0.415
0.388
0.401
0.688
0.72
0.899
0.705
0.82
0.805
0.763
0.922
0.781
0.831
0.703
0.596
0.599
0.68
0.6
0.405
0.371
0.348
0.279
0.323
0.3
0.119
0.421
0.413
0.355
0.191
0.033
-0.25
-0.394
-0.212
-0.406
-0.54
-0.496
-0.55
-0.715
-0.473
-0.494
-0.292
-0.39
-0.417
-0.517
-0.596
-0.485
-0.629
-0.58
-0.576
-0.551
-0.466
-0.47
-0.335
-0.359
-0.432
-0.54
-0.406
-0.468
-0.569
-0.406
-0.55
-0.819
-0.941
-0.946
-0.894
-0.797
-0.94
-1.085
-1.009
-1.176
-1.248
-1.176
-1.228
-1.229
-1.004
-1.123
-1.341
-1.141
-1.232
-1.024
-0.786
-0.531
-0.514
-0.699
-0.853
-0.743
-0.578
-0.596
-0.411
-0.254
-0.074
0.174
0.381
0.629
0.59
0.787
0.815
0.881
0.936
0.907
1.261
1.356
1.519
1.57
1.73
1.989
1.825
1.641
1.64
1.471
1.436
1.328
1.406
1.425
1.185
1.266
1.065
1.056
1.245
1.285
1.279
0.968
1.055
1.189
1.304
1.321
1.325
1.105
0.838
0.551
0.473
0.325
0.401
0.338
0.255
0.409
0.415
0.179
0.329
0.258
0.086
0.246
0.226
0.155
0.256
0.184
0.408
0.396
0.361
0.295
0.352
0.194
0.421
0.28
0.254
0.279
0.158
-0.003
0.048
-0.1
0.0
-0.111
-0.179
-0.231
-0.464
-0.334
-0.362
-0.609
-0.405
-0.616
-0.598
-0.699
-0.751
-0.606
-0.711
-0.824
-0.855
-1.093
-1.219
-1.43
-1.23
-1.049
-1.188
-1.048
-1.0
-0.873
-0.96
-0.932
-0.955
-1.078
-1.069
-1.144
-0.948
-0.895
-0.829
-0.838
-0.854
-0.59
-0.5
-0.496
-0.588
-0.93
-0.749
-0.629
-0.309
-0.069
0.254
0.413
0.482
0.649
0.671
0.639
0.536
0.481
0.631
0.574
0.569
0.623
0.765
0.814
0.525
0.212
0.145
0.242
0.333
0.375
0.478
0.595
0.568
0.639
0.743
0.566
0.675
0.766
0.739
1.094
1.05
1.036
0.953
0.826
0.784
0.87
0.785
0.758
0.596
0.7
0.529
0.537
0.541
0.491
0.034
0.188
0.116
0.126
0.003
-0.005
0.221
0.022
-0.025
-0.239
-0.299
-0.468
-0.771
-0.809
-0.81
-0.975
-1.203
-1.414
-1.143
-1.171
-1.048
-1.183
-1.169
-1.173
-1.002
-0.954
-0.939
-0.973
-0.893
-1.048
-0.8
-0.69
-0.759
-0.559
-0.545
-0.401
-0.217
0.05
0.247
0.44
0.501
0.516
0.738
0.474
0.516
0.583
0.338
0.364
0.196
0.309
0.32
0.092
0.13
0.141
0.138
0.119
-0.134
-0.086
0.124
0.355
0.324
0.247
0.26
0.176
0.435
0.365
0.545
0.455
0.794
0.669
0.575
0.323
0.297
0.286
0.188
0.224
0.189
0.147
0.238
0.384
0.394
0.121
-0.015
0.048
0.049
0.274
0.065
0.09
-0.146
-0.241
-0.45
-0.366
-0.271
-0.184
0.025
0.035
-0.065
-0.095
-0.12
-0.401
-0.512
-0.581
-0.726
-0.512
-0.547
-0.251
-0.348
-0.431
-0.46
-0.474
-0.448
-0.365
-0.349
-0.263
-0.176
-0.024
0.416
0.295
0.126
0.309
0.325
0.079
-0.251
0.05
0.094
0.215
0.309
0.406
0.381
0.1
0.212
0.109
0.074
0.294
0.259
0.294
0.345
0.59
0.431
0.285
0.228
0.101
0.107
0.021
0.12
0.016
-0.083
0.065
-0.064
-0.072
0.105
0.13
0.215
0.169
0.168
0.274
0.283
0.106
0.085
-0.013
0.099
0.13
-0.018
-0.158
0.094
0.031
-0.026
0.163
0.288
0.196
0.253
0.275
0.141
0.375
0.238
0.421
0.427
0.273
0.453
0.395
0.451
0.439
0.424
0.341
0.163
0.052
-0.24
-0.169
0.124
0.114
0.275
0.48
0.334
0.688
0.451
0.56
0.647
0.685
0.72
0.52
0.289
0.143
0.146
0.251
0.395
0.511
0.4
0.191
0.409
0.473
0.598
0.828
0.893
1.147
1.055
0.821
0.782
0.743
0.765
0.716
0.753
0.974
0.936
1.079
0.866
0.86
0.753
0.719
0.931
0.936
1.194
1.21
1.137
1.255
0.878
0.75
0.509
0.469
0.305
0.312
0.436
0.599
0.645
0.426
0.233
0.03
0.125
0.445
0.695
0.845
0.756
0.721
0.517
0.421
0.04
-0.114
-0.188
0.089
0.129
0.104
0.177
0.125
-0.007
-0.182
-0.147
-0.111
-0.061
0.482
0.608
0.61
0.378
0.144
0.051
-0.026
0.158
0.15
0.201
-0.003
0.026
0.019
-0.338
-0.369
-0.416
-0.514
-0.779
-0.881
-1.042
-0.824
-0.889
-0.899
-0.831
-0.574
-0.914
-0.739
-0.811
-0.93
-1.06
-1.191
-1.149
-1.256
-1.184
-1.05
-0.888
-1.026
-0.936
-0.831
-0.629
-0.616
-0.704
-0.559
-0.769
-0.7
-0.699
-0.838
-0.9
-0.979
-0.835
-1.089
-0.789
-1.058
-1.034
-0.917
-0.771
-0.641
-0.8
-0.703
-0.874
-0.755
-0.919
-0.829
-0.364
-0.39
-0.265
-0.22
-0.138
-0.131
-0.144
-0.126
-0.101
-0.176
-0.288
0.052
0.349
0.424
0.738
0.509
0.851
0.958
1.074
1.015
1.109
1.189
1.015
1.069
0.85
0.789
0.836
0.782
0.674
0.77
0.769
0.624
0.698
0.629
0.978
1.01
0.905
0.794
0.876
0.819
0.454
0.247
0.268
0.27
0.49
0.435
0.439
0.584
0.325
0.217
-0.021
0.111
0.064
0.475
0.456
0.473
0.625
0.557
0.396
0.156
0.103
0.266
0.238
0.374
0.384
0.269
0.314
0.043
0.104
-0.069
-0.014
-0.1
-0.155
-0.315
-0.278
-0.46
-0.459
-0.531
-0.713
-0.739
-0.768
-0.614
-0.527
-0.625
-0.693
-0.64
-0.515
-0.556
-0.389
-0.568
-0.723
-0.552
-0.674
-0.679
-0.704
-0.79
-0.765
-0.926
-0.886
-1.086
-1.032
-0.835
-0.581
-0.593
-0.54
-0.426
-0.54
-0.367
-0.529
-0.48
-0.66
-0.609
-0.72
-0.77
-0.631
-0.831
-1.103
-1.151
-1.125
-1.084
-1.041
-0.907
-0.802
-0.726
-0.694
-0.636
-0.819
-0.861
-0.796
-0.746
-0.734
-0.741
-0.669
-0.758
-0.529
-0.644
-0.241
-0.165
0.004
0.281
0.135
-0.099
0.039
0.101
0.352
0.344
0.39
0.41
0.614
0.812
0.671
0.789
0.785
0.88
0.943
0.652
0.912
0.844
0.927
0.851
0.883
0.634
0.641
0.419
0.35
0.22
0.181
0.154
0.285
0.154
0.105
-0.062
-0.116
-0.169
-0.346
-0.415
-0.388
-0.051
-0.216
-0.315
-0.307
-0.372
-0.325
-0.411
-0.246
-0.62
-0.555
-0.823
-0.835
-0.976
-1.203
-1.055
-1.081
-1.268
-1.117
-1.311
-1.009
-0.858
-0.736
-0.854
-0.69
-0.469
-0.525
-0.473
-0.216
-0.415
-0.356
-0.335
-0.45
-0.224
-0.185
-0.07
-0.033
0.151
0.505
0.784
0.853
0.738
0.76
0.754
0.527
0.62
0.474
0.657
0.964
0.917
0.98
1.289
1.256
1.335
1.281
1.474
1.446
1.346
1.433
1.397
1.169
1.18
1.135
1.318
1.225
1.164
1.135
0.935
1.091
0.759
0.855
0.785
0.743
0.608
0.422
0.445
0.381
0.429
0.306
0.268
0.106
-0.025
0.225
0.079
0.26
0.141
0.061
-0.075
-0.062
-0.018
0.01
0.05
0.079
-0.2
-0.294
-0.394
-0.348
-0.321
-0.41
-0.316
-0.461
-0.406
-0.375
-0.249
-0.155
-0.195
-0.049
-0.161
-0.114
0.056
-0.056
-0.043
0.265
0.06
0.106
0.088
0.113
0.061
0.003
0.058
0.05
0.376
0.33
0.099
0.283
0.256
0.343
0.334
0.393
0.408
0.276
0.273
0.304
0.364
0.419
0.54
0.575
0.479
0.436
0.465
0.388
0.38
0.278
0.394
0.619
0.621
0.542
0.675
0.614
0.588
0.559
0.723
0.713
0.614
0.679
0.628
0.549
0.41
0.406
0.487
0.241
0.354
0.288
0.448
0.393
0.226
0.321
0.343
0.371
0.33
0.268
0.196
0.203
0.325
0.072
0.16
-0.071
-0.018
-0.239
-0.154
-0.164
-0.143
-0.01
-0.084
0.069
0.035
0.175
-0.131
-0.128
-0.445
-0.506
-0.645
-0.422
-0.745
-0.649
-0.768
-0.854
-0.856
-0.675
-0.733
-0.634
-0.526
-0.598
-0.55
-0.64
-0.608
-0.565
-0.801
-0.863
-0.69
-0.768
-0.645
-0.559
-0.704
-0.584
-0.181
-0.105
0.009
0.109
0.234
0.212
0.266
-0.106
-0.305
-0.276
0.196
0.265
0.426
0.475
0.503
0.562
0.686
0.785
0.799
0.986
0.971
0.951
0.996
0.779
0.48
0.681
0.429
0.425
0.299
0.426
0.51
0.526
0.464
0.53
0.336
0.285
0.175
0.235
0.241
0.09
0.341
0.348
0.06
-0.181
-0.361
-0.469
-0.503
-0.334
-0.276
-0.436
-0.459
-0.549
-0.434
-0.464
-0.491
-0.264
-0.228
-0.464
-0.497
-0.482
-0.221
-0.341
-0.114
-0.16
-0.228
-0.131
-0.288
-0.186
-0.268
-0.288
-0.286
-0.145
-0.019
-0.058
-0.149
-0.056
-0.004
-0.168
-0.145
-0.083
0.06
0.071
-0.001
0.024
0.21
0.186
0.081
0.179
0.01
-0.028
-0.2
-0.069
-0.259
-0.166
0.198
-0.031
-0.286
-0.505
-0.61
-0.499
-0.522
-0.545
-0.667
-0.855
-0.652
-0.874
-0.739
-0.458
-0.408
-0.432
-0.189
-0.404
-0.618
-0.515
-0.565
-0.755
-0.824
-0.912
-0.927
-0.961
-1.021
-0.794
-0.705
-0.512
-0.595
-0.468
-0.24
-0.413
-0.255
-0.084
-0.185
-0.128
-0.214
-0.286
-0.479
-0.404
-0.236
-0.259
-0.145
0.006
0.144
0.077
0.212
0.074
0.29
0.113
0.19
0.32
0.115
-0.236
-0.525
-0.504
-0.494
-0.591
-0.522
-0.579
-0.765
-0.904
-0.829
-0.724
-0.834
-0.649
-0.555
-0.427
-0.54
-0.389
-0.297
-0.344
-0.186
-0.131
-0.17
0.152
0.048
0.336
0.247
0.283
0.508
0.25
0.235
0.101
0.244
0.24
0.242
0.411
0.657
0.695
0.815
1.106
1.151
1.052
0.775
0.411
0.374
0.366
0.195
-0.051
-0.129
-0.212
-0.265
-0.4
-0.366
-0.352
-0.454
-0.304
-0.254
-0.062
-0.37
-0.315
-0.466
-0.443
-0.449
-0.215
-0.105
-0.054
-0.084
-0.344
-0.35
-0.44
-0.551
-0.787
-0.921
-0.664
-0.769
-0.965
-0.899
-0.804
-0.379
-0.448
-0.575
-0.652
-0.661
-0.529
-0.35
-0.069
0.033
0.209
0.191
0.251
0.396
0.343
0.292
0.196
0.451
0.554
0.735
0.816
0.765
0.961
0.9
0.716
0.559
0.656
0.64
0.651
0.626
0.86
0.714
0.868
0.764
0.907
0.932
0.715
0.724
0.583
0.6
0.701
0.51
0.465
0.583
0.429
0.446
0.426
0.814
0.953
0.865
1.107
1.163
0.915
1.024
1.278
1.265
1.12
1.042
0.734
0.799
0.983
-2.167
0.93
0.779
1.005
0.979
0.849
0.866
0.728
0.809
0.751
0.598
0.628
0.266
0.305
0.333
0.357
0.372
0.485
0.229
0.319
0.224
0.269
0.184
0.42
0.367
0.509
0.519
0.494
0.403
0.336
0.408
0.579
0.56
0.501
0.487
0.542
0.259
0.22
0.16
0.058
0.233
-0.072
0.08
-0.007
0.036
-0.03
0.011
0.052
0.113
-0.043
-0.2
-0.32
-0.566
-0.8
-0.746
-0.739
-0.657
-0.535
-0.689
-0.601
-0.625
-0.314
-0.495
-0.305
-0.236
-0.061
-0.029
-0.076
-0.216
-0.075
-0.211
-0.034
0.16
0.058
0.054
0.294
0.44
0.461
0.415
0.236
0.44
0.374
0.501
0.466
0.526
0.396
0.335
0.284
0.354
0.414
0.641
0.993
0.858
0.922
0.554
0.568
0.395
0.398
0.306
0.354
0.464
0.48
0.485
0.338
-0.084
-0.489
-0.364
-0.19
-0.021
0.09
-0.014
0.214
0.009
-0.077
0.054
-0.104
-0.18
-0.084
-0.155
-0.241
-0.285
-0.007
0.014
0.284
0.444
0.537
0.741
0.894
0.925
0.733
0.706
0.435
0.386
0.104
-0.076
-0.076
-0.278
-0.331
-0.485
-0.681
-0.875
-1.104
-1.073
-1.062
-1.026
-1.039
-0.856
-0.701
-0.714
-0.835
-1.036
-0.973
-0.944
-0.89
-0.906
-0.873
-0.899
-0.771
-0.771
-0.758
-0.739
-0.411
-0.584
-0.235
-0.348
-0.193
-0.04
-0.223
-0.193
0.033
0.139
0.121
0.245
0.246
0.246
0.238
0.383
0.396
0.578
0.605
0.55
0.573
0.676
0.68
0.651
0.446
0.546
0.451
0.47
0.374
0.385
0.511
0.519
0.234
-0.043
-0.039
-0.131
-0.176
-0.324
-0.27
-0.145
-0.205
-0.096
0.182
0.376
0.339
0.369
0.206
0.094
0.039
0.164
0.361
0.124
0.334
0.312
0.297
0.556
0.479
0.441
0.487
0.338
0.366
0.128
0.138
0.019
0.168
-0.022
-0.231
-0.247
-0.532
-0.355
-0.311
-0.306
-0.471
-0.674
-0.772
-1.059
-1.161
-1.274
-1.364
-1.363
-1.147
-1.38
-1.294
-1.5
-1.551
-1.373
-1.468
-1.604
-1.627
-1.575
-1.758
-1.752
-1.713
-1.565
-1.38
-1.091
-1.244
-1.14
-0.98
-0.816
-0.434
-0.36
-0.139
0.079
0.258
0.185
0.23
0.158
0.284
0.28
0.151
0.484
0.516
0.662
0.761
0.836
0.893
0.755
0.656
0.606
0.655
0.67
0.728
0.485
0.276
0.492
0.274
0.182
0.17
0.035
0.229
0.081
0.235
0.176
0.118
0.004
-0.054
-0.17
-0.43
-0.388
-0.556
-0.804
-0.586
-0.638
-0.676
-0.83
-0.776
-0.736
-0.478
-0.564
-0.439
-0.605
-0.636
-0.875
-0.844
-0.831
-0.96
-0.921
-0.855
-0.761
-0.682
-0.891
-0.67
-0.531
-0.441
-0.579
-0.733
-0.756
-0.74
-0.594
-0.59
-0.638
-0.65
-0.355
-0.261
-0.094
0.084
0.242
0.641
0.868
0.875
0.689
0.539
0.924
0.821
0.851
0.665
0.565
0.71
0.445
0.486
0.427
0.536
0.754
0.93
1.065
1.164
0.984
1.193
1.27
1.371
1.441
1.308
1.384
1.3
1.14
1.262
1.395
1.525
1.468
1.471
1.299
1.268
1.179
1.079
0.986
0.948
1.119
1.084
0.745
0.797
0.868
0.833
0.735
0.449
0.495
0.633
0.759
0.484
0.771
0.927
0.605
0.505
0.31
0.391
0.309
0.245
0.111
0.141
-0.025
-0.234
-0.328
-0.241
-0.055
-0.043
0.062
0.085
0.17
0.229
0.105
0.318
0.179
0.274
0.41
0.344
0.511
0.295
0.376
0.366
0.429
0.585
0.636
0.684
0.619
0.608
0.449
0.284
0.173
-0.013
0.144
-0.133
-0.188
-0.415
-0.552
-0.818
-0.931
-1.029
-0.863
-0.603
-0.731
-0.791
-0.964
-0.812
-0.693
-0.522
-0.415
-0.441
-0.522
-0.694
-0.573
-0.713
-0.662
-0.688
-0.801
-0.743
-0.736
-0.6
-0.616
-0.519
-0.534
-0.584
-0.714
-0.63
-0.8
-0.819
-0.657
-0.524
-0.401
-0.159
-0.194
-0.21
-0.2
-0.186
-0.036
0.015
-0.029
-0.134
-0.081
-0.278
-0.29
0.004
0.056
0.283
0.459
0.486
0.52
0.414
0.614
0.494
0.38
0.362
0.516
0.769
0.84
0.959
0.87
0.681
0.708
0.85
0.878
0.917
1.039
1.117
1.044
0.994
1.065
1.309
1.35
1.416
1.333
1.338
0.92
0.804
0.679
0.599
0.598
0.569
0.66
0.454
0.487
0.487
0.49
0.454
0.361
0.251
-0.121
-0.048
-0.352
-0.565
-0.399
-0.485
-0.578
-0.694
-0.77
-0.724
-0.729
-0.895
-0.731
-0.633
-0.963
-0.835
-0.866
-0.521
-0.464
-0.555
-0.415
-0.274
-0.305
-0.3
-0.242
-0.344
-0.246
-0.348
-0.255
-0.3
-0.376
-0.389
-0.459
-0.468
-0.746
-0.614
-0.241
-0.321
-0.244
0.007
0.126
0.274
0.304
0.274
0.339
0.323
0.21
0.041
-0.022
0.064
-0.003
-0.013
0.103
0.201
-0.154
-0.106
-0.072
-0.194
-0.077
-0.061
0.254
0.174
0.199
0.155
0.145
0.419
0.415
0.215
0.116
0.224
0.118
0.128
-0.061
-0.118
-0.07
-0.268
-0.318
-0.57
-0.496
-0.521
-0.709
-0.519
-0.685
-0.522
-0.785
-0.836
-0.935
-0.965
-0.787
-0.756
-0.47
-0.374
-0.266
-0.499
-0.258
-0.334
-0.436
-0.385
-0.181
-0.155
0.02
-0.179
0.022
0.113
0.113
0.179
0.439
0.674
0.641
0.711
0.854
0.902
0.749
0.608
0.873
0.843
0.944
1.183
1.309
1.387
1.414
1.305
1.308
1.198
1.113
1.046
1.015
1.069
1.101
1.18
0.924
0.771
0.716
0.482
0.439
0.499
0.478
0.352
0.146
-0.146
-0.415
-0.188
-0.393
-0.365
-0.522
-0.685
-0.843
-0.848
-0.805
-0.993
-0.919
-0.759
-0.883
-0.954
-0.681
-0.691
-0.759
-0.818
-0.958
-1.111
-1.031
-1.054
-0.926
-0.686
-0.595
-0.834
-0.97
-0.858
-0.552
-0.336
-0.379
-0.324
-0.417
-0.355
-0.221
-0.265
-0.226
-0.33
-0.381
-0.438
-0.56
-0.515
-0.426
-0.413
-0.399
-0.312
-0.406
-0.333
-0.33
-0.302
-0.191
-0.286
-0.388
-0.076
-0.091
-0.205
-0.091
-0.138
0.215
0.43
0.133
0.299
0.374
0.61
0.517
0.566
0.381
0.389
0.545
0.411
0.615
0.603
0.655
0.491
0.506
0.48
0.534
0.479
0.555
0.603
0.552
0.616
0.585
0.578
0.693
0.329
0.364
0.236
0.12
0.169
0.051
0.131
-0.028
-0.083
-0.266
-0.389
-0.505
-0.492
-0.713
-0.574
-0.611
-0.514
-0.745
-0.807
-0.756
-0.936
-0.863
-1.039
-0.969
-1.143
-1.136
-1.157
-0.851
-0.605
-0.409
-0.376
-0.524
-0.343
-0.354
-0.432
-0.672
-0.869
-0.719
-0.497
-0.581
-0.628
-0.265
-0.461
-0.339
-0.414
-0.466
-0.443
-0.349
-0.241
-0.331
-0.44
-0.531
-0.372
-0.361
-0.39
-0.217
-0.406
-0.296
-0.596
-0.716
-0.584
-0.698
-0.47
-0.333
-0.288
-0.422
-0.511
-0.61
-0.463
-0.45
-0.444
-0.228
-0.105
-0.101
-0.072
0.091
0.22
0.214
0.349
0.274
0.449
