0.721
0.734
0.726
0.621
0.682
0.413
0.381
0.36
0.376
0.05
0.223
0.324
0.115
0.122
-0.034
0.114
-0.219
-0.519
-0.859
-0.968
-1.107
-0.932
-0.812
-0.98
-0.841
-1.048
-0.927
-1.079
-1.014
-0.934
-0.828
-0.868
-0.401
-0.434
-0.41
-0.547
-0.473
-0.304
-0.444
-0.338
-0.419
-0.217
-0.125
-0.325
-0.361
-0.253
-0.443
-0.421
-0.314
-0.278
-0.134
0.13
0.198
0.544
0.416
0.644
0.478
0.54
0.85
0.74
0.746
0.73
0.635
0.705
0.706
0.634
0.534
0.456
0.316
0.319
0.165
-0.228
-0.19
-0.088
-0.124
-0.107
-0.045
-0.165
-0.306
-0.449
-0.408
-0.609
-0.601
-0.505
-0.335
-0.348
-0.596
-0.855
-0.885
-0.868
-0.966
-0.94
-1.014
-1.184
-1.345
-1.463
-1.334
-1.379
-1.222
-1.214
-1.114
-1.051
-0.993
-0.816
-0.552
-0.828
-0.666
-0.314
-0.215
-0.385
-0.53
-0.285
-0.17
-0.118
-0.088
0.125
0.339
0.51
0.285
0.398
0.436
0.42
0.508
0.744
0.718
0.611
0.595
0.405
0.345
0.524
0.356
0.573
0.65
0.655
0.669
0.603
0.647
0.904
0.831
0.958
0.821
0.512
0.439
0.249
0.571
0.52
0.463
0.586
0.544
0.312
0.173
0.106
-0.145
0.244
0.359
0.454
0.4
0.286
0.096
-0.246
-0.143
-0.085
0.109
0.351
0.464
0.626
0.625
0.511
0.4
0.441
0.474
0.55
0.459
0.519
0.369
0.176
0.184
0.229
0.503
0.458
0.527
0.51
0.494
0.239
0.074
0.036
-0.048
-0.026
-0.044
-0.119
-0.522
-0.443
-0.674
-0.73
-0.594
-0.797
-0.583
-0.785
-0.777
-0.725
-0.915
-1.076
-1.169
-1.278
-1.2
-1.278
-1.103
-0.864
-1.018
-0.938
-0.934
-0.909
-0.896
-0.897
-0.85
-0.614
-0.371
-0.325
-0.464
-0.492
-0.256
-0.354
-0.35
-0.443
-0.391
-0.292
0.015
-0.135
0.051
0.274
0.228
0.341
0.426
0.509
0.489
0.367
0.539
0.145
0.035
0.022
0.181
0.316
0.269
0.244
0.271
0.351
0.244
0.291
0.288
0.326
0.38
0.47
0.55
0.581
0.638
0.448
0.448
0.619
0.696
0.698
0.725
0.589
0.542
0.113
-0.049
-0.091
-0.19
-0.116
-0.035
-0.064
-0.169
-0.111
-0.158
-0.236
-0.201
-0.264
-0.35
-0.32
-0.186
-0.146
-0.174
0.066
-0.029
0.039
-0.106
-0.219
-0.129
-0.035
-0.039
-0.011
0.154
0.179
0.135
0.234
0.295
0.456
0.74
0.828
1.124
1.186
0.911
0.989
0.81
0.695
0.986
0.969
1.143
1.183
1.045
1.049
0.986
0.986
1.07
1.181
1.129
1.058
0.886
0.73
0.585
0.534
0.215
0.163
0.304
0.427
0.307
0.193
0.216
-0.085
0.006
0.188
0.235
0.435
0.315
0.173
0.195
0.036
0.022
-0.028
-0.099
-0.043
0.036
-0.024
0.024
-0.066
-0.145
-0.212
-0.086
-0.136
0.015
0.01
-0.106
-0.309
-0.449
-0.566
-0.529
-0.514
-0.595
-0.604
-0.596
-0.503
-0.409
-0.318
-0.146
0.069
0.125
-0.139
-0.076
-0.21
-0.094
-0.079
0.006
0.177
0.375
0.443
0.527
0.57
0.51
0.386
0.391
0.515
0.471
0.21
0.006
-0.16
-0.408
-0.45
-0.401
-0.466
-0.399
-0.439
-0.506
-0.275
-0.166
-0.305
-0.365
-0.466
-0.364
-0.511
-0.444
-0.5
-0.62
-0.578
-0.8
-0.826
-0.547
-0.741
-0.669
-0.535
-0.362
-0.425
-0.388
-0.365
-0.556
-0.677
-0.657
-0.736
-0.695
-0.686
-0.721
-0.92
-1.209
-1.1
-1.226
-1.26
-1.125
-1.145
-1.18
-1.221
-1.141
-1.298
-1.29
-0.956
-1.09
-0.871
-0.935
-0.909
-0.792
-0.605
-0.535
-0.427
-0.451
-0.456
-0.43
-0.367
-0.547
-0.665
-0.682
-0.671
-0.618
-0.487
-0.584
-0.367
-0.396
-0.143
-0.083
-0.241
-0.378
-10.336
-0.339
-0.345
-0.576
-0.346
-0.621
-0.532
-0.416
-0.417
-0.275
-0.374
-0.024
0.191
0.245
0.421
0.361
0.539
0.645
0.652
0.824
0.728
0.921
0.81
0.755
0.706
0.606
0.481
0.62
0.66
0.686
0.551
0.583
0.478
0.246
0.266
0.203
0.186
0.532
0.55
0.772
0.497
0.29
0.273
-0.149
-0.122
-0.166
-0.384
-0.228
-0.275
-0.295
-0.084
-0.236
-0.22
-0.164
-0.007
0.195
0.099
0.095
0.245
0.265
0.355
0.562
0.818
0.785
0.818
0.661
0.645
0.584
0.639
0.51
0.45
0.43
0.352
0.542
0.633
0.809
0.831
0.705
0.881
0.661
0.569
0.319
0.517
0.45
0.247
0.357
0.338
0.338
0.203
0.169
0.158
-0.075
0.173
0.145
0.17
0.461
0.591
0.901
1.031
1.216
1.248
1.286
1.036
1.071
0.929
0.889
1.08
1.105
0.956
0.929
1.061
1.097
1.093
1.145
1.17
0.885
0.873
0.58
0.693
0.555
0.435
0.08
0.258
0.216
0.039
0.003
0.15
-0.199
-0.32
-0.398
-0.519
-0.286
-0.209
-0.184
0.076
-0.01
-0.194
-0.215
-0.27
-0.388
-0.251
-0.394
-0.415
-0.165
-0.12
-0.011
-0.088
-0.166
-0.274
-0.311
-0.224
-0.384
-0.374
-0.292
-0.051
-0.013
0.086
0.155
0.136
0.226
0.194
0.088
0.21
0.471
0.676
0.565
0.636
0.491
0.58
0.657
0.684
0.836
1.05
1.119
1.089
0.948
1.23
1.195
1.246
1.286
1.458
1.318
1.268
1.145
1.097
1.214
1.022
0.999
0.831
0.566
0.331
0.47
0.371
0.231
0.146
0.279
0.206
0.399
0.224
0.266
-0.081
-0.314
-0.506
-0.835
-0.954
-1.12
-1.048
-0.86
-0.714
-0.763
-0.665
-0.61
-0.807
-0.815
-0.726
-0.745
-0.946
-0.81
-0.62
-0.69
-0.744
-0.856
-0.56
-0.645
-0.69
-0.565
-0.36
-0.265
-0.209
-0.239
-0.295
-0.071
-0.171
-0.258
-0.269
-0.22
-0.345
-0.625
-0.489
-0.55
-0.449
-0.326
-0.052
-0.077
-0.129
-0.056
-0.249
-0.099
-0.106
-0.043
-0.086
-0.043
-0.098
-0.104
-0.136
-0.07
-0.116
-0.139
-0.09
0.224
0.296
0.065
0.041
0.024
-0.041
-0.092
-0.23
-0.191
-0.118
-0.077
0.049
-0.075
-0.16
-0.19
-0.276
-0.201
-0.273
-0.386
-0.475
-0.634
-0.435
-0.645
-0.583
-0.509
-0.659
-0.542
-0.703
-0.601
-0.599
-0.765
-0.671
-0.657
-0.699
-0.771
-0.709
-0.401
-0.092
0.05
0.044
-0.036
-0.111
-0.113
-0.024
0.072
0.149
0.188
0.256
0.45
0.362
0.286
0.417
0.541
0.879
0.811
0.715
0.703
0.62
0.807
0.459
0.535
0.741
0.551
0.511
0.439
0.499
0.421
0.474
0.731
0.449
0.601
0.708
0.671
0.659
0.734
0.986
0.834
0.871
0.833
0.945
1.086
1.141
0.983
0.843
0.698
0.475
0.604
0.409
0.53
0.234
0.19
0.275
0.044
-0.076
-0.095
-0.099
-0.159
-0.278
-0.404
-0.517
-0.545
-0.843
-0.87
-0.704
-0.781
-0.84
-0.902
-0.819
-0.875
-0.864
-0.76
-0.74
-0.618
-0.421
-0.265
-0.26
-0.156
-0.118
-0.065
0.026
-0.035
0.16
0.338
0.494
0.584
0.636
0.753
0.741
0.754
0.77
0.79
0.7
0.63
0.65
0.775
0.608
0.684
0.718
0.489
0.576
0.508
0.561
0.469
0.331
0.216
0.154
0.4
0.474
0.524
0.352
0.417
0.471
0.426
0.546
0.36
0.309
0.344
0.309
0.425
0.334
0.374
0.152
0.184
0.294
0.408
0.375
0.468
0.307
0.299
0.029
0.065
-0.043
0.01
0.007
-0.007
0.001
-0.039
-0.289
-0.194
-0.1
-0.099
-0.28
-0.432
-0.544
-0.571
-0.645
-0.61
-0.636
-0.584
-0.676
-0.604
-0.684
-0.698
-0.69
-0.434
-0.361
-0.391
-0.345
-0.516
-0.351
-0.286
-0.278
-0.216
-0.214
0.077
0.003
0.075
0.268
0.206
0.182
0.152
0.021
-0.113
-0.003
-0.094
0.09
0.179
-0.011
0.005
-0.064
0.052
0.198
0.163
0.431
0.427
0.375
0.273
0.221
0.182
0.279
0.09
0.055
0.051
0.021
0.106
0.08
0.121
0.301
0.324
0.268
0.398
0.346
0.495
0.583
0.755
0.974
0.959
0.869
1.196
1.127
1.0
1.204
1.036
1.17
1.1
1.171
1.051
0.701
0.536
0.199
0.09
-0.109
-0.311
-0.383
-0.655
-0.679
-0.859
-0.818
-0.915
-1.171
-1.449
-1.4
-1.366
-1.645
-1.371
-1.41
-1.377
-1.29
-1.306
-1.229
-0.9
-0.741
-0.75
-0.84
-0.741
-0.526
-0.519
-0.734
-0.725
-0.956
-0.812
-0.746
-0.716
-0.779
-0.53
-0.565
-0.76
-0.833
-0.58
-0.84
-0.289
-0.109
0.079
-0.025
-0.223
-0.381
-0.314
-0.2
0.163
0.216
0.228
0.416
0.542
0.51
0.681
0.9
1.009
1.198
1.356
1.624
1.593
1.691
1.752
1.894
1.919
1.981
1.91
1.914
1.741
1.546
1.679
1.676
1.501
1.361
1.461
1.299
1.276
1.528
1.298
1.167
1.002
0.725
0.519
0.434
0.491
0.495
0.581
0.35
0.199
0.011
-0.004
-0.04
-0.07
0.239
0.01
-0.077
0.011
0.065
0.02
0.13
0.04
0.071
-0.001
-0.136
-0.32
-0.311
-0.205
-0.166
-0.471
-0.461
-0.424
-0.325
-0.283
-0.311
-0.522
-0.231
-0.429
-0.138
-0.233
-0.258
-0.086
-0.096
-0.391
-0.239
0.091
0.136
-0.015
-0.208
-0.212
-0.296
-0.221
-0.16
-0.319
-0.291
-0.046
0.056
0.362
0.393
0.296
0.4
0.448
0.319
0.219
0.417
0.458
0.506
0.424
0.383
0.306
0.208
0.209
0.295
0.3
0.453
0.249
0.386
0.281
0.19
-0.184
-0.051
-0.041
0.066
-0.045
-0.096
-0.158
-0.128
-0.278
-0.338
-0.367
-0.061
-0.084
-0.128
-0.29
-0.175
-0.223
-0.184
-0.169
-0.026
-0.133
-0.249
-0.454
-0.534
-0.705
-0.85
-0.991
-1.115
-1.195
-1.347
-1.434
-1.292
-1.183
-1.222
-1.154
-1.041
-1.064
-1.296
-1.286
-1.229
-1.36
-1.376
-1.333
-1.33
-1.482
-1.534
-1.374
-1.558
-1.485
-1.275
-1.383
-1.34
-1.266
-1.249
-1.23
-1.206
-1.255
-1.183
-1.231
-1.186
-1.189
-1.006
-0.966
-1.215
-1.163
-1.176
-1.051
-0.893
-0.858
-0.92
-0.878
-1.004
-1.19
-0.907
-0.825
-0.699
-0.388
-0.374
-0.029
-0.052
0.107
0.139
0.109
0.072
0.159
0.288
0.116
0.084
0.302
0.334
0.374
0.448
0.585
0.345
0.583
0.519
0.595
0.652
0.754
0.853
0.729
0.91
0.889
1.319
1.32
1.695
1.806
1.89
1.794
1.774
1.729
1.786
1.789
1.741
1.759
1.776
1.784
1.798
1.609
1.843
1.831
1.654
1.542
1.498
1.443
1.522
1.443
1.312
1.145
1.309
1.236
1.259
1.115
1.002
1.221
1.049
0.984
0.875
0.78
1.117
1.055
1.336
1.111
0.753
0.674
0.531
0.372
0.135
0.144
0.134
-0.086
-0.238
-0.224
-0.47
-0.291
-0.325
-0.454
-0.524
-0.636
-0.76
-0.485
-0.576
-0.469
-0.519
-0.564
-0.667
-0.873
-0.853
-0.979
-1.029
-0.759
-0.896
-0.907
-0.761
-0.496
-0.519
-0.551
-0.588
-0.75
-0.789
-0.745
-0.616
-0.475
-0.471
-0.504
-0.552
-0.389
-0.114
-0.233
-0.208
0.113
0.42
0.288
0.234
0.421
0.461
0.421
0.179
0.098
0.101
0.28
0.52
0.41
0.571
0.621
0.583
0.62
0.689
0.611
0.654
0.751
0.669
0.564
0.625
0.414
0.394
0.294
0.367
0.245
0.269
0.149
0.215
0.255
0.106
0.152
0.072
0.08
-0.096
-0.031
-0.024
-0.095
-0.284
-0.43
-0.469
-0.41
-0.478
-0.431
-0.77
-0.835
-0.709
-0.799
-0.833
-0.883
-0.709
-0.821
-0.744
-0.547
-0.65
-0.576
-0.522
-0.569
-0.633
-0.709
-0.916
-0.968
-1.041
-0.93
-0.897
-0.975
-1.097
-1.041
-1.089
-0.924
-1.062
-1.044
-1.046
-0.969
-0.828
-0.931
-0.935
-0.676
-0.756
-0.729
-0.811
-0.861
-0.843
-0.85
-0.886
-0.85
-0.825
-0.782
-0.565
-0.135
0.182
0.184
0.312
0.554
0.676
0.938
1.111
1.155
1.265
1.345
1.285
1.371
1.499
1.576
1.505
1.556
1.626
1.425
1.45
1.235
1.146
0.821
0.626
0.644
0.486
0.506
0.556
0.566
0.338
0.537
0.537
0.381
0.285
0.307
0.196
0.029
0.049
-0.07
-0.188
-0.188
-0.289
-0.208
-0.136
-0.151
-0.085
-0.062
0.106
0.111
0.076
0.114
-0.058
0.245
0.201
0.715
0.721
0.564
0.618
0.636
0.638
0.311
0.389
0.146
-0.111
-0.12
-0.048
0.111
-0.135
-0.079
0.084
0.251
0.05
-0.006
-0.019
0.04
0.151
0.106
-0.129
-0.166
-0.225
-0.316
-0.525
-0.482
-0.604
-0.505
-0.309
-0.265
-0.416
-0.288
-0.547
-0.638
-0.652
-0.571
-0.691
-0.705
-0.835
-0.909
-0.64
-0.526
-0.432
-0.305
-0.499
-0.636
-0.856
-0.739
-0.628
-0.626
-0.694
-0.59
-0.5
-0.491
-0.44
-0.357
-0.321
-0.184
-0.485
-0.444
-0.338
-0.275
-0.176
-0.17
-0.105
-0.07
0.077
0.171
0.1
-0.075
0.143
0.394
0.305
0.384
0.52
0.623
0.713
0.77
0.915
1.032
1.06
1.079
1.101
0.949
0.83
0.791
0.532
0.399
0.586
0.626
0.715
0.552
0.525
0.424
0.388
0.225
-0.028
-0.177
-0.25
-0.319
-0.425
-0.279
-0.279
-0.005
-0.159
-0.288
-0.276
-0.425
-0.307
-0.351
-0.325
-0.234
-0.212
-0.079
-0.02
0.253
0.376
0.527
0.68
0.677
0.791
0.965
1.044
1.199
1.173
1.034
1.048
0.897
0.914
0.9
0.657
0.939
0.694
0.454
0.379
0.271
0.374
0.255
0.283
0.32
0.33
0.244
0.268
0.233
0.095
0.209
0.129
0.19
0.321
0.3
0.489
0.515
0.626
0.6
0.656
0.425
0.604
0.744
0.836
0.698
0.606
0.787
0.593
0.709
0.537
0.644
0.593
0.466
0.495
0.381
0.33
0.399
0.304
0.235
0.26
0.381
0.356
0.259
0.271
0.361
0.381
0.395
0.291
0.059
-0.095
-0.321
-0.438
-0.43
-0.426
-0.378
-0.266
-0.35
-0.425
-0.424
-0.436
-0.419
-0.58
-0.667
-0.849
-0.728
-0.609
-0.42
-0.517
-0.53
-0.539
-0.295
-0.058
0.01
-0.037
-0.025
0.019
-0.016
-0.055
0.007
-0.179
-0.226
-0.201
-0.089
-0.343
-0.409
-0.419
-0.136
-0.122
-0.15
0.021
-0.075
-0.007
-0.139
-0.096
0.101
-0.061
0.048
-0.076
0.061
0.136
0.401
0.593
0.693
0.514
0.393
0.486
0.405
0.482
0.511
0.463
0.52
0.469
0.324
0.255
0.165
0.085
-0.134
0.05
-0.175
-0.229
-0.3
-0.331
-0.503
-0.654
-0.557
-0.557
-0.53
-0.496
-0.464
-0.599
-0.853
-0.868
-0.921
-0.87
-0.718
-0.82
-0.771
-0.509
-0.527
-0.516
-0.624
-0.638
-0.744
-0.733
-0.791
-0.716
-0.768
-0.777
-0.765
-0.938
-0.979
-0.983
-0.775
-0.497
-0.319
-0.305
-0.195
-0.119
-0.131
-0.3
-0.06
-0.089
-0.14
-0.12
-0.203
-0.244
-0.179
-0.029
0.168
0.314
0.22
0.394
0.349
0.497
0.492
0.759
0.63
0.453
0.779
0.736
0.812
0.561
0.53
0.578
0.559
0.728
0.809
0.999
0.932
1.039
0.834
0.85
0.907
0.945
0.999
0.775
0.82
0.652
0.661
0.568
0.405
0.388
0.511
0.512
0.489
0.51
0.4
0.482
0.591
0.621
0.579
0.565
0.319
0.259
0.296
0.365
0.603
0.725
0.777
0.721
0.674
0.699
0.503
0.573
0.401
0.211
0.163
-0.01
-0.11
-0.022
-0.072
-0.159
-0.314
-0.231
-0.356
-0.326
-0.532
-0.608
-0.77
-0.68
-0.775
-0.605
-0.516
-0.541
-0.691
-0.769
-0.745
-0.844
-0.824
-0.736
-0.671
-0.415
-0.561
-0.655
-0.902
-0.943
-0.682
-0.611
-0.596
-0.581
-0.566
-0.565
-0.564
-0.281
-0.113
-0.166
0.143
0.071
0.216
0.179
0.177
0.08
0.1
0.116
0.17
0.195
0.501
0.409
0.365
0.285
0.726
0.797
0.924
1.07
1.123
0.92
0.921
0.74
0.909
1.127
1.184
1.481
1.554
1.357
1.298
1.169
1.231
1.345
1.714
1.496
1.355
1.251
1.147
1.115
0.917
0.761
0.865
0.978
0.896
0.749
0.695
0.569
0.43
0.32
0.249
0.312
0.376
0.228
0.361
0.233
-0.235
-0.494
-0.545
-0.524
-0.556
-0.681
-0.665
-0.85
-1.113
-1.078
-1.01
-1.031
-0.999
-1.079
-1.05
-0.896
-0.715
-0.855
-0.944
-0.969
-1.194
-1.141
-1.081
-1.136
-1.229
-1.308
-1.419
-1.531
-1.555
-1.435
-1.34
-1.011
-0.79
-0.736
-0.659
-0.686
-0.618
-0.554
-0.422
-0.449
-0.348
-0.129
-0.339
-0.238
-0.231
-0.095
0.021
-0.028
-0.173
-0.094
-0.026
0.136
0.039
0.135
0.177
0.165
0.403
0.32
0.431
0.371
0.217
0.307
0.143
0.173
0.478
0.41
0.301
0.31
0.15
0.265
0.115
0.013
0.101
-0.055
0.118
-0.39
-0.305
-0.601
-0.866
-0.896
-1.034
-1.058
-1.144
-1.064
-1.319
-1.065
-1.093
-0.999
-1.051
-0.853
-0.929
-0.779
-0.849
-0.849
-0.723
-0.473
-0.405
-0.283
-0.174
-0.184
-0.265
-0.24
-0.29
-0.125
0.244
0.455
0.596
0.787
0.719
0.905
0.76
1.019
1.11
0.907
1.106
1.144
1.07
0.899
0.875
0.718
0.795
0.777
1.196
1.236
1.595
1.84
1.809
1.385
1.347
1.413
1.406
1.531
1.579
1.486
1.296
1.381
1.309
1.184
1.059
1.113
0.894
1.196
0.993
0.978
0.961
0.787
1.104
0.838
0.789
0.763
0.728
0.56
0.59
0.459
0.659
0.559
0.469
0.503
0.448
0.348
0.446
0.393
0.196
0.159
0.095
0.029
-0.072
0.138
0.16
0.028
-0.014
-0.201
-0.026
0.004
-0.106
-0.122
-0.158
-0.106
-0.035
-0.156
-0.064
-0.24
-0.152
-0.089
0.019
0.062
0.07
-0.069
-0.059
-0.113
0.114
0.029
0.095
0.1
-0.034
0.069
-0.156
-0.245
-0.348
-0.175
-0.033
-0.125
-0.019
0.158
-0.039
-0.076
-0.214
-0.139
-0.268
-0.018
0.054
-0.054
-0.099
-0.177
-0.388
-0.362
-0.305
-0.359
-0.323
-0.38
-0.371
-0.44
-0.576
-0.738
-0.765
-0.909
-1.048
-1.17
-1.411
-1.266
-1.35
-1.286
-1.228
-1.232
-1.315
-1.004
-0.736
-0.795
-0.614
-0.611
-0.509
-0.463
-0.819
-0.8
-0.853
-0.924
-0.72
-0.625
-0.777
-0.444
-0.679
-0.695
-0.584
-0.616
-0.445
-0.427
-0.414
-0.479
-0.394
-0.413
-0.479
-0.576
-0.609
-0.422
-0.479
-0.199
-0.319
-0.147
-0.343
-0.605
-0.593
-0.703
-0.517
-0.573
-0.515
-0.761
-0.953
-0.975
-1.123
-1.01
-0.986
-0.9
-0.754
-0.759
-0.609
-0.284
-0.014
-0.025
0.021
0.171
0.191
0.235
0.46
0.444
0.605
0.729
0.843
1.032
1.114
1.24
1.399
1.389
1.436
1.323
1.396
1.226
1.117
1.2
1.016
1.107
1.115
1.133
1.184
1.205
1.184
1.008
1.038
1.093
1.024
0.869
0.841
0.774
0.698
0.631
0.679
0.786
0.973
0.921
0.595
0.486
0.122
0.224
0.133
0.238
0.199
0.355
0.283
0.295
-0.051
-0.041
-0.24
-0.181
-0.193
-0.314
-0.465
-0.425
-0.44
-0.401
-0.655
-0.684
-0.835
-0.905
-1.012
-1.03
-0.688
-0.641
-0.596
-0.535
-0.865
-0.904
-0.926
-0.76
-0.741
-0.81
-0.794
-0.753
-0.777
-0.675
-0.785
-0.785
-0.856
-0.983
-0.639
-0.795
-1.106
-1.155
-1.093
-1.155
-1.296
-1.05
-0.621
-0.294
-0.163
0.014
0.399
0.229
0.281
0.375
0.427
0.25
0.435
0.364
0.355
0.395
0.661
0.821
0.955
0.858
0.916
0.601
0.807
0.725
0.766
0.615
0.665
0.471
0.325
0.134
0.072
0.221
0.268
0.361
0.312
0.464
0.359
0.42
0.391
0.264
0.289
0.208
0.035
-0.319
-0.355
-0.259
-0.297
0.003
0.139
0.124
0.136
0.193
0.025
-0.393
-0.482
-0.487
-0.474
-0.611
-0.519
-0.524
-0.335
-0.302
-0.139
-0.099
-0.039
-0.321
-0.29
-0.231
-0.089
-0.224
-0.188
-0.283
-0.285
-0.25
-0.186
-0.152
-0.21
-0.043
-0.046
0.074
-0.177
-0.186
-0.205
-0.471
-0.37
-0.443
-0.5
-0.129
0.049
-0.059
-0.223
-0.381
-0.4
-0.249
-0.134
-0.105
-0.084
0.059
-0.088
-0.18
-0.369
-0.333
-0.338
-0.173
-0.283
-0.323
-0.029
0.217
0.459
0.569
0.753
0.82
0.824
1.016
1.134
1.076
1.383
1.436
1.369
1.133
0.879
0.657
0.559
0.414
0.349
0.296
0.505
0.628
0.461
0.371
0.193
0.219
0.159
0.279
0.115
0.136
0.254
0.22
0.128
0.011
-0.15
0.065
0.051
-0.022
0.004
-0.09
-0.124
-0.056
-0.084
0.046
0.058
-0.081
-0.156
-0.095
-0.173
-0.302
-0.369
-0.333
-0.154
0.024
0.111
0.145
0.144
0.07
0.025
-0.143
-0.072
-0.103
0.033
-0.054
0.028
-0.09
-0.343
-0.369
-0.489
-0.67
-0.893
-0.81
-0.646
-0.333
-0.323
-0.281
-0.159
-0.094
-0.022
0.151
0.051
0.186
0.385
0.359
0.441
0.501
0.593
0.92
