-0.429
-0.141
-0.331
0.165
-0.006
0.251
0.258
0.234
0.056
0.233
0.349
0.401
0.524
0.703
0.682
0.815
1.032
0.893
0.883
1.014
1.11
1.206
1.261
1.349
1.373
1.505
1.54
1.335
1.387
1.258
1.405
1.241
1.23
1.009
1.059
1.107
1.193
1.216
1.221
1.365
1.279
0.963
1.016
0.879
0.823
0.845
0.895
0.618
0.691
0.623
0.292
0.633
0.245
0.259
0.139
0.122
-0.049
0.033
0.135
0.092
0.15
0.104
0.138
0.39
0.225
0.242
0.33
0.294
0.604
0.642
0.854
0.799
0.836
0.785
0.669
0.59
0.578
0.362
0.203
-0.015
0.176
0.295
0.159
0.214
0.291
0.155
0.226
0.176
0.043
-0.25
-0.316
-0.414
-0.516
-0.386
-0.301
-0.414
-0.499
-0.484
-0.618
-0.552
-0.68
-0.89
-0.909
-0.715
-0.924
-1.136
-0.99
-0.914
-0.976
-0.845
-0.686
-0.45
-0.32
-0.156
-0.145
0.029
0.244
0.071
0.12
-0.111
-0.031
-0.092
0.033
-0.124
0.052
0.055
-0.02
-0.106
-0.04
-0.15
-0.147
-0.077
-0.156
-0.049
-0.128
-0.256
-0.103
-0.302
-0.209
-0.196
-0.139
-0.098
-0.048
0.024
0.004
0.15
-0.019
-0.08
-0.077
0.037
0.049
0.241
0.379
0.615
0.449
0.364
0.381
0.289
0.31
0.503
0.42
0.568
0.492
0.573
0.431
0.246
0.208
0.138
0.133
0.086
-0.005
-0.169
-0.217
-0.156
-0.043
-0.188
-0.081
-0.205
-0.234
-0.306
-0.324
-0.439
-0.574
-0.514
-0.824
-0.765
-0.85
-0.733
-0.865
-0.824
-0.633
-0.657
-0.509
-0.435
-0.336
-0.486
-0.191
-0.299
-0.284
-0.288
-0.27
-0.351
-0.354
-0.335
-0.374
-0.339
-0.354
-0.304
0.026
0.064
0.193
0.246
0.09
0.211
0.345
0.503
0.726
0.799
0.936
0.999
1.1
1.06
1.015
0.996
1.035
0.935
1.127
1.081
0.999
0.879
0.828
0.729
0.646
0.809
0.824
0.719
1.04
0.91
1.026
0.951
0.671
0.532
0.492
0.41
0.466
0.273
0.318
0.196
0.219
0.114
-0.139
-0.043
0.039
0.128
-0.081
0.022
-0.081
-0.196
-0.171
-0.258
-0.236
-0.316
-0.361
-0.348
-0.448
-0.671
-0.691
-0.664
-0.812
-0.734
-0.758
-0.652
-0.539
-0.514
-0.441
-0.52
-0.474
-0.362
-0.366
-0.39
-0.385
-0.459
-0.527
-0.299
-0.345
-0.297
-0.095
-0.103
-0.221
-0.115
-0.098
0.118
0.18
0.143
0.33
0.279
0.32
0.425
0.351
0.531
0.364
0.36
0.221
0.356
0.114
0.15
0.152
-0.05
-0.104
-0.291
0.015
-0.076
-0.26
-0.18
-0.14
0.105
-0.109
-0.128
-0.32
-0.454
-0.444
-0.574
-0.485
-0.295
-0.374
-0.565
-0.581
-0.464
-0.524
-0.46
-0.39
-0.326
-0.265
-0.505
-0.505
-0.343
-0.349
-0.463
-0.413
-0.29
-0.2
-0.191
-0.369
-0.364
-0.473
-0.655
-0.672
-0.779
-0.981
-0.859
-0.763
-0.729
-0.753
-0.662
-0.522
-0.647
-0.659
-0.696
-0.698
-0.576
-0.576
-0.385
-0.394
-0.589
-0.601
-0.531
-0.224
-0.077
-0.062
-0.045
-0.004
-0.091
-0.124
-0.114
-0.058
0.007
0.064
0.221
0.258
0.338
0.103
0.249
0.133
0.043
0.115
-0.116
0.089
0.021
0.03
0.099
0.23
0.247
0.451
0.318
0.345
0.405
0.486
0.27
0.286
0.152
0.312
0.375
0.343
0.396
0.314
0.565
0.669
0.547
0.669
0.599
0.615
0.439
0.413
0.295
0.121
0.221
0.28
0.461
0.336
0.292
0.339
0.355
0.406
0.146
0.193
-0.085
0.185
0.2
0.21
0.169
0.044
0.08
-0.264
-0.235
-0.449
-0.321
-0.48
-0.795
-0.62
-0.636
-0.436
-0.425
-0.238
-0.156
-0.139
-0.165
0.079
0.021
-0.279
-0.155
-0.199
0.014
0.107
0.333
0.389
0.413
0.459
0.509
0.481
0.335
0.101
0.07
0.0
-0.034
0.125
-0.064
0.15
0.266
0.296
0.547
0.333
0.29
0.369
0.316
0.121
0.146
0.23
0.086
0.056
0.006
0.083
0.143
0.129
0.182
0.175
0.284
0.307
0.444
0.386
0.494
0.54
0.614
0.603
0.559
0.565
0.601
0.514
0.605
0.544
0.598
0.764
0.804
0.669
0.775
0.561
0.63
0.443
0.495
0.585
0.557
0.505
0.631
0.604
0.482
0.481
0.408
0.283
-2.124
0.081
0.059
0.039
-0.034
0.289
0.247
0.219
0.292
0.441
0.247
0.226
0.389
0.376
0.647
0.791
0.578
0.671
0.719
0.845
0.789
0.934
0.874
1.069
0.941
0.864
0.776
0.56
0.471
0.274
0.228
0.104
-0.041
-0.041
-0.185
-0.128
-0.216
-0.179
-0.41
-0.453
-0.219
-0.092
-0.091
0.1
0.139
0.029
0.074
0.1
-0.035
-0.005
-0.171
-0.346
-0.471
-0.609
-0.481
-0.388
-0.549
-0.708
-0.76
-0.7
-0.657
-0.715
-0.593
-0.598
-0.516
-0.62
-0.545
-0.415
-0.532
-0.586
-0.57
-0.656
-0.904
-0.833
-0.57
-0.568
-0.424
-0.446
-0.052
-0.173
-0.011
-0.096
0.046
0.015
0.037
-0.136
0.037
-0.086
0.09
0.164
0.214
0.155
-0.069
-0.024
-0.095
-0.035
0.004
0.072
0.206
0.245
0.198
-0.01
0.13
-0.004
0.134
0.198
0.552
0.542
0.409
0.645
0.6
0.599
0.438
0.446
0.618
0.484
0.416
0.696
0.699
0.753
0.78
0.878
0.836
0.834
0.921
0.863
0.724
0.674
0.451
0.458
0.621
0.306
0.144
0.241
0.255
0.154
0.092
-0.014
-0.273
-0.276
-0.285
-0.403
-0.47
-0.532
-0.459
-0.561
-0.585
-0.644
-0.765
-0.8
-0.75
-0.919
-0.89
-0.709
-0.698
-0.681
-0.556
-0.646
-0.581
-0.372
-0.312
-0.114
0.052
10.332
0.205
0.404
0.329
0.499
0.621
0.554
0.559
0.508
0.454
0.511
0.516
0.469
0.393
0.314
0.254
0.065
-0.001
-0.06
-0.211
-0.091
-0.426
-0.56
-0.539
-0.719
-0.656
-0.598
-0.759
-0.701
-0.623
-0.494
-0.326
-0.226
-0.312
-0.144
-0.166
-0.134
-0.285
-0.324
-0.219
-0.17
0.113
0.018
0.105
0.056
0.182
0.107
0.266
0.461
0.316
0.446
0.555
0.664
0.633
0.599
0.82
0.883
0.855
0.871
0.759
0.67
0.605
0.364
0.29
0.092
0.215
0.205
0.233
0.23
0.254
0.489
0.324
0.29
0.57
0.53
0.56
0.413
0.341
0.099
0.135
0.125
-0.144
-0.516
-0.395
-0.571
-0.5
-0.521
-0.399
-0.581
-0.552
-0.479
-0.636
-0.666
-0.705
-0.524
-0.465
-0.529
-0.346
-0.501
-0.473
-0.455
-0.787
-0.831
-1.13
-1.216
-1.431
-1.411
-1.19
-1.446
-1.441
-1.272
-1.154
-1.089
-1.191
-1.081
-0.85
-0.675
-0.515
-0.318
-0.38
-0.212
-0.233
-0.205
0.106
-0.144
0.029
0.096
0.229
0.191
0.236
0.291
0.299
0.333
0.441
0.595
0.719
0.961
0.71
0.925
0.834
0.826
0.93
0.75
0.695
0.403
0.631
0.371
0.352
0.209
0.16
0.193
-0.085
-0.066
0.09
0.307
0.361
0.583
0.585
0.569
0.675
0.568
0.41
0.6
0.708
0.509
0.547
0.466
0.471
0.465
0.366
0.343
0.545
0.458
0.684
0.586
0.399
0.083
-0.11
-0.268
-0.174
-0.255
-0.224
-0.32
-0.279
-0.229
-0.301
-0.614
-0.487
-0.639
-0.815
-0.746
-0.649
-0.665
-0.691
-0.667
-0.629
-0.609
-0.415
-0.512
-0.525
-0.331
-0.271
-0.441
-0.431
-0.139
-0.065
0.044
0.022
0.114
0.075
0.302
0.311
0.345
0.45
0.319
0.427
0.494
0.4
0.393
0.22
0.352
0.329
0.221
0.27
0.273
0.54
0.665
0.839
0.547
0.409
0.341
0.16
0.083
-0.16
-0.369
-0.285
-0.365
-0.478
-0.56
-0.578
-0.698
-0.809
-0.716
-0.731
-0.651
-0.554
-0.636
-0.55
-0.435
-0.375
-0.318
-0.316
0.033
0.077
0.355
0.529
0.599
0.67
0.739
0.787
0.731
0.772
0.859
0.934
0.792
0.694
0.816
0.941
0.936
0.948
1.018
1.147
1.101
1.248
1.369
1.384
1.404
1.469
1.667
1.593
1.554
1.501
1.347
1.264
1.17
1.201
1.078
1.085
0.974
0.805
0.694
0.522
0.448
0.468
0.357
0.328
0.279
0.316
0.251
0.106
0.064
-0.228
-0.151
-0.168
-0.356
-0.292
-0.372
-0.285
-0.459
-0.634
-0.628
-0.703
-0.816
-0.825
-0.795
-0.856
-0.88
-1.032
-1.1
-1.071
-0.9
-0.914
-1.035
-1.028
-1.244
-1.219
-1.095
-0.988
-1.085
-0.936
-0.848
-0.708
-0.704
-0.54
-0.321
-0.196
-0.212
-0.054
0.046
0.066
0.177
0.415
0.454
0.374
0.525
0.705
0.675
0.691
0.731
0.814
0.81
0.77
0.931
0.943
1.005
0.775
0.735
0.855
0.785
0.989
0.934
1.051
1.145
1.035
0.843
0.826
0.797
0.736
0.611
0.706
0.647
0.605
0.466
0.61
0.473
0.225
0.214
0.091
0.071
0.124
0.324
0.169
0.141
0.114
0.23
0.116
-0.016
0.029
0.133
0.136
0.233
0.129
0.211
0.19
0.231
0.294
0.56
0.571
0.633
0.569
0.606
0.585
0.542
0.453
0.432
0.583
0.52
0.499
0.505
0.614
0.583
0.657
0.661
0.763
0.801
0.835
0.869
0.719
0.894
0.62
0.726
0.675
0.559
0.696
0.574
0.61
0.561
0.506
0.586
0.593
0.443
0.31
0.258
-1.3
0.051
0.034
-0.113
-0.309
-0.348
-0.4
-0.315
-0.508
-0.603
-0.641
-0.829
-0.818
-0.735
-0.676
-0.552
-0.522
-0.565
-0.521
-0.323
-0.326
-0.4
-0.335
-0.234
-0.341
-0.124
-0.049
-0.159
-0.234
-0.258
-0.438
-0.443
-0.301
-0.469
-0.273
-0.292
-0.344
-0.492
-0.395
-0.471
-0.302
-0.352
-0.283
-0.146
-0.268
-0.155
-0.128
-0.079
0.181
0.021
-0.075
-0.105
-0.125
-0.255
-0.165
-0.291
-0.336
-0.369
-0.511
-0.633
-0.6
-0.37
-0.416
-0.37
-0.399
-0.364
-0.17
-0.225
-0.278
-0.215
-0.228
-0.438
-0.521
-0.705
-0.626
-0.881
-0.993
-0.646
-0.603
-0.709
-0.871
-0.906
-1.09
-1.028
-1.058
-1.028
-1.079
-1.101
-0.761
-0.932
-0.733
-0.873
-0.841
-0.769
-0.634
-0.413
-0.4
-0.348
-10.336
-0.429
-0.414
-0.438
-0.234
-0.351
-0.371
-0.451
-0.561
-0.499
-0.421
-0.381
-0.41
-0.38
-0.545
-0.439
-0.236
-0.17
-0.051
-0.003
-0.051
-0.035
0.046
0.119
0.211
0.231
0.294
0.448
0.494
0.674
0.755
0.684
0.759
0.686
0.689
0.684
0.782
0.795
0.843
0.731
0.769
0.657
0.723
0.561
0.434
0.318
0.177
0.2
0.188
0.084
0.052
-0.029
0.297
0.066
0.077
0.164
0.13
0.135
0.155
0.235
0.316
0.391
0.629
0.674
0.569
0.561
0.406
0.52
0.4
0.357
0.464
0.223
0.549
0.323
0.406
0.249
0.464
0.221
0.121
0.247
0.409
0.214
0.07
0.106
0.074
-0.064
-0.21
-0.395
-0.379
-0.549
-0.416
-0.741
-0.588
-0.741
-0.797
-0.744
-0.81
-0.626
-0.78
-0.796
-0.777
-0.929
-0.925
-0.932
-0.759
-0.699
-0.674
-0.636
-0.666
-0.605
-0.451
-0.624
-0.664
-0.344
-0.138
-0.007
-0.226
-0.179
-0.11
-0.061
0.105
0.135
0.329
0.439
0.524
0.74
0.593
0.823
0.728
0.821
0.906
1.048
0.975
0.921
0.886
0.874
0.965
0.896
1.04
0.983
1.119
1.129
1.296
1.235
1.17
1.051
0.89
0.897
0.889
0.963
0.886
0.949
0.963
1.042
1.146
1.117
1.016
1.113
0.968
1.095
0.973
0.765
0.815
0.667
0.61
0.657
0.584
0.654
0.522
0.503
0.52
0.456
0.299
0.295
0.311
0.365
0.32
0.396
0.469
0.326
0.514
0.35
0.573
0.569
0.565
0.527
0.489
0.501
0.492
0.532
0.444
0.299
0.362
0.169
-0.069
-0.179
-0.394
-0.439
-0.526
-0.45
-0.486
-0.527
-0.432
-0.492
-0.526
-0.494
-0.399
-0.639
-0.595
-0.604
-0.713
-0.679
-0.782
-0.738
-0.812
-0.863
-0.961
-0.95
-0.733
-0.781
-0.765
-0.893
-0.758
-0.549
-0.598
-0.404
-0.594
-0.384
-0.203
-0.388
-0.305
-0.256
-0.149
0.001
-0.045
0.159
0.116
0.006
0.098
-0.12
-0.056
-0.011
-0.016
0.14
-10.336
-0.109
0.019
0.135
0.359
0.177
0.113
0.113
0.15
0.226
0.131
0.216
0.15
0.206
-0.054
-0.152
-0.066
-0.176
-0.211
-0.274
-0.286
-0.409
-0.464
-0.599
-0.751
-0.644
-0.694
-0.74
-0.635
-0.647
-0.595
-0.791
-0.759
-0.914
-0.861
-0.964
-1.134
-1.285
-1.433
-1.354
-1.482
-1.43
-1.484
-1.609
-1.453
-1.562
-1.706
-1.765
-1.643
-1.765
-1.72
-1.689
-1.76
-1.536
-1.53
-1.184
-1.095
-1.04
-0.835
-0.6
-0.564
-0.511
-0.413
-0.19
-0.003
0.203
0.421
0.62
0.875
1.008
1.137
1.28
1.331
1.532
1.51
1.636
1.661
1.76
1.754
1.785
1.719
1.85
1.742
1.875
1.671
1.684
1.789
1.782
1.588
1.532
1.499
1.405
1.209
0.96
0.876
0.724
0.579
0.744
0.6
0.508
0.436
0.296
0.181
0.054
0.045
-0.079
-0.199
-0.304
-0.321
-0.338
-0.514
-0.409
-0.541
-0.289
-0.399
-0.25
-0.131
-0.3
-0.083
-0.219
0.076
-0.119
-0.058
-0.015
0.152
0.144
0.084
0.228
0.165
0.299
0.27
0.266
0.302
0.189
0.311
0.386
0.415
0.379
0.369
0.361
0.355
0.501
0.405
0.285
0.341
0.345
0.279
0.158
0.241
0.191
-0.013
0.069
0.141
0.263
0.242
0.32
0.22
0.256
0.35
0.236
0.38
0.366
0.331
0.268
0.369
0.33
0.28
0.203
0.166
0.14
0.09
0.149
0.146
0.225
0.244
0.432
0.464
0.424
0.589
0.618
0.801
0.766
0.633
0.446
0.786
0.569
0.682
0.391
0.361
0.264
0.169
0.04
0.118
0.133
0.064
-0.184
-0.169
-0.411
-0.414
-0.544
-0.573
-0.629
-0.724
-0.873
-0.72
-0.785
-0.589
-0.688
-0.655
-0.766
-0.883
-0.809
-0.838
-0.715
-0.669
-0.45
-0.443
-0.453
-0.598
-0.459
-0.329
-0.174
-0.154
-0.276
0.011
-0.196
-0.152
-0.026
-0.216
0.065
0.022
0.084
-0.069
-0.02
0.305
0.362
0.413
0.372
0.336
0.453
0.628
0.719
0.589
0.669
0.744
0.682
0.688
0.636
0.919
0.601
0.675
0.682
0.695
0.405
0.481
0.562
0.524
0.575
0.501
0.614
0.662
0.661
0.624
0.562
0.586
0.501
0.389
0.306
0.354
0.325
0.321
0.385
0.496
0.695
0.728
0.745
0.749
0.768
0.645
0.75
0.831
0.759
0.701
0.82
0.566
0.546
0.52
0.494
0.482
0.389
0.24
1.005
0.11
-0.122
-0.15
-0.212
-0.331
-0.247
-0.091
-0.138
-0.155
0.074
-0.544
0.164
0.143
0.259
0.367
0.281
0.154
0.389
0.451
0.661
0.611
0.63
0.716
0.686
0.54
0.479
0.453
0.429
0.557
0.349
0.506
0.573
0.584
0.482
0.446
0.486
0.29
0.296
0.199
0.109
0.114
0.026
0.076
0.052
-0.055
-0.01
0.026
0.019
0.062
0.158
0.233
0.088
0.086
0.114
-0.21
-0.283
-0.235
-0.549
-0.54
-0.639
-0.7
-0.69
-0.681
-0.787
-0.846
-0.701
-0.701
-0.67
-0.489
-0.417
-0.299
-0.278
-0.199
-0.144
-0.13
-0.116
-0.092
0.019
-0.022
-0.15
-0.116
-0.169
-0.163
-0.141
-0.18
0.043
-0.006
-0.044
0.095
0.054
0.217
0.294
0.408
0.405
0.593
0.574
0.672
0.745
0.644
0.555
0.688
0.512
0.464
0.541
0.374
0.35
0.466
0.481
0.37
0.425
0.417
0.686
0.604
0.699
0.88
0.804
0.724
0.741
0.576
0.674
0.729
0.65
0.676
0.721
0.569
0.677
0.573
0.631
0.736
0.677
0.828
-10.336
0.825
0.816
0.876
0.711
0.682
0.824
-10.336
0.571
0.667
0.569
0.424
0.465
0.394
0.251
0.266
0.21
0.356
0.259
0.376
0.319
0.249
0.201
0.005
-0.004
0.214
0.114
0.096
0.169
0.144
0.12
0.062
0.114
0.036
0.152
0.194
0.193
0.199
-0.026
0.1
0.036
-0.062
-0.36
-0.348
-0.294
-0.226
-0.372
-0.199
-0.319
-0.155
-0.194
-0.163
-0.158
-0.225
-0.184
-0.39
-0.283
-0.203
-0.339
-0.302
-0.284
-0.181
-0.147
-0.163
-0.091
-0.005
-0.013
0.152
0.129
0.048
-0.01
-0.176
-0.054
-0.291
-0.413
-0.226
-0.323
-0.425
-0.465
-0.506
-0.49
-0.527
-0.642
-0.796
-0.677
-0.754
-0.684
-0.726
-0.754
-0.734
-0.599
-0.459
-0.404
-0.62
-0.529
-0.606
-0.421
-0.228
-0.188
-0.203
-0.166
-0.045
0.001
0.105
0.024
-0.109
0.026
0.08
0.116
0.131
0.096
0.036
0.08
0.203
0.113
0.098
-0.08
0.079
-0.17
-0.18
-0.114
-0.156
-0.074
-0.131
-0.169
-0.08
-0.328
-0.325
-0.403
-0.223
-0.378
-0.229
-0.228
-0.223
-0.321
-0.307
-0.386
-0.279
-0.261
-0.265
-0.089
-0.076
0.013
0.043
-0.035
-0.018
-0.099
-0.233
-0.185
-0.058
0.043
-0.014
0.126
0.14
0.083
0.116
0.066
0.083
0.239
0.335
0.5
0.551
0.696
0.629
0.593
0.571
0.62
0.679
0.439
0.565
0.59
0.504
0.655
0.575
0.539
0.743
0.603
0.469
0.496
0.598
0.606
0.56
0.601
0.441
0.529
0.583
0.561
0.824
0.647
0.639
0.539
0.44
0.339
0.085
0.101
0.044
0.25
0.177
0.238
0.12
0.175
0.271
0.242
0.169
0.325
0.297
0.323
0.328
0.22
0.263
0.205
0.1
0.01
-0.081
-0.107
-0.091
-0.072
0.007
0.039
-0.056
-0.116
-0.278
-0.266
-0.196
-0.315
-0.203
-0.196
-0.329
-0.385
-0.31
-0.168
-0.21
-0.096
-0.069
-0.052
-0.05
-0.09
0.045
-0.181
-0.049
-0.048
0.05
0.19
0.276
0.391
0.39
0.449
0.443
0.53
0.541
0.564
0.626
0.547
0.629
0.576
0.628
0.539
0.484
0.527
0.335
0.569
0.562
0.474
0.495
0.47
0.394
0.28
0.186
-0.361
0.115
0.09
-0.013
-0.059
-0.107
-0.189
-0.036
-0.223
-0.25
-0.441
-0.464
-0.469
-0.557
-0.547
-0.581
-0.568
-0.514
-0.427
-0.415
-0.44
-0.338
-0.2
-0.259
-0.226
-0.225
-0.229
-0.251
-0.19
-0.263
-0.292
-0.519
-0.422
10.332
10.332
10.314
-0.385
-0.355
-0.509
-0.318
-0.427
-0.299
-0.306
-0.354
-0.226
-0.295
-0.292
-0.245
-0.306
-0.311
-0.378
-0.499
-0.484
-0.485
-0.497
-0.549
-0.503
-0.417
-0.564
-0.72
-0.758
-0.851
-0.769
-0.869
-0.858
-0.95
-1.038
-1.041
-0.969
-0.929
-0.91
-0.791
-0.769
-0.726
-0.626
-0.561
-0.429
-0.333
-0.235
-0.307
-0.216
-0.226
-0.169
-0.124
-0.283
-0.224
-0.193
-0.273
-0.203
-0.225
-0.089
-0.105
-0.048
-0.062
-0.058
-0.04
-0.043
-0.022
0.044
0.122
0.165
0.091
0.331
0.158
0.225
0.281
0.105
0.323
0.336
0.398
0.409
0.389
0.404
0.396
0.379
0.432
0.441
0.381
0.374
0.318
0.231
0.239
0.134
0.151
0.113
0.107
0.23
0.141
0.045
0.051
0.01
-0.084
-0.124
-0.176
-0.223
-0.302
-0.369
-0.271
-0.316
-0.209
-0.348
-0.307
-0.361
-0.391
-0.386
-0.359
-0.434
-0.42
-0.291
-0.355
-0.343
-0.362
-0.355
-0.414
-0.445
-0.415
-0.522
-0.427
-0.562
-0.59
-0.646
-0.701
-0.575
-0.652
-0.579
-0.573
-0.517
-0.59
-0.764
-0.478
-0.439
-0.251
-0.444
-0.482
-0.422
-0.469
-0.33
-0.39
-0.264
-0.398
-0.324
-0.448
-0.371
-0.32
-0.307
-0.253
-0.333
-0.198
-0.205
-0.135
-0.156
-0.198
-0.145
-0.107
-0.026
-0.091
-0.048
-0.018
-0.071
-0.092
-0.048
-0.125
-0.054
0.01
-0.06
0.051
-0.074
0.208
0.109
0.109
0.066
0.019
0.051
0.056
0.101
0.14
0.177
0.245
0.289
0.28
0.291
0.284
0.398
0.333
0.354
0.427
0.314
0.406
0.384
0.394
0.355
0.29
0.388
0.352
0.394
0.309
0.212
0.251
0.206
0.135
0.129
0.181
0.209
0.116
0.125
0.199
0.215
0.273
0.195
0.141
0.182
0.103
0.085
0.094
0.095
0.074
-0.103
-0.007
-0.098
-0.163
-0.223
-0.294
-0.244
-0.273
-0.216
-0.33
-0.245
-0.254
-0.241
-0.18
-0.235
-0.258
-0.326
-0.336
-0.236
-0.17
-0.301
-0.349
-0.359
-0.539
-0.52
-0.644
-0.522
-0.561
-0.576
-0.635
-0.608
-0.55
-0.62
-0.536
-0.487
-0.482
-0.314
-0.361
-0.431
-0.417
-0.434
-0.394
-0.386
-0.395
-0.385
-0.415
-0.388
-0.424
-0.461
-0.371
-0.441
-0.24
-0.323
-0.25
-0.345
-0.278
-0.176
-0.033
-0.084
0.004
0.01
-0.086
0.059
0.041
0.144
0.179
0.198
0.143
0.143
0.235
0.209
0.286
0.24
0.295
0.196
0.245
0.29
0.284
0.315
0.256
0.276
0.214
0.203
0.16
0.115
0.18
0.136
0.154
0.092
0.085
0.01
-0.049
-0.091
-0.185
-0.174
-0.161
-0.224
-0.212
