0.185
0.11
0.246
0.174
0.177
0.075
0.05
-0.007
-0.034
-0.074
0.009
0.362
0.448
0.341
0.268
0.352
0.414
0.564
0.556
0.426
0.706
0.608
0.63
0.647
0.655
0.965
0.941
0.869
0.836
0.741
0.619
0.401
0.314
0.224
0.357
0.239
0.264
0.312
0.179
0.147
0.16
0.391
0.386
0.426
0.496
0.274
0.229
-0.119
-0.099
-0.054
0.085
0.076
0.106
0.283
0.312
0.583
0.566
0.425
0.487
0.484
0.487
0.427
0.441
0.443
0.32
0.385
0.346
0.149
0.312
0.285
0.254
0.155
0.122
-0.208
-0.598
-0.496
-0.716
-0.674
-0.818
-0.835
-0.981
-1.029
-1.186
-1.078
-1.126
-1.127
-1.35
-1.361
-1.258
-1.24
-1.078
-1.314
-1.079
-1.129
-0.975
-0.912
-0.845
-0.626
-0.578
-0.424
-0.486
-0.369
-0.351
-0.44
-0.345
-0.424
-0.234
-0.163
-0.113
0.13
0.122
0.015
0.081
0.146
0.231
0.374
0.26
0.147
0.12
0.289
0.499
0.39
0.32
0.286
0.323
0.389
0.241
0.285
0.405
0.449
0.554
0.427
0.503
0.571
0.723
0.65
0.603
0.455
0.426
0.379
0.233
0.19
-0.05
-0.111
-0.156
-0.091
-0.15
-0.18
-0.235
-0.356
-0.264
-0.573
-0.399
-0.541
-0.774
-0.638
-0.64
-0.596
-0.379
-0.251
-0.171
-0.376
-0.273
-0.381
-0.239
0.022
-0.072
-0.007
-0.051
-0.22
-0.284
-0.246
-0.158
-0.098
0.028
0.274
0.206
0.128
0.126
0.136
0.173
0.138
0.154
0.343
0.198
0.393
0.503
0.583
0.466
0.384
0.403
0.571
0.631
0.804
0.874
0.912
0.819
0.849
0.86
0.644
0.552
0.555
0.38
0.484
0.497
0.655
0.651
0.758
0.799
0.718
1.022
0.998
1.0
1.171
1.26
1.058
1.236
1.27
1.5
1.615
1.709
1.699
1.694
1.627
1.454
1.44
1.421
1.1
0.949
0.791
0.866
0.746
0.731
0.615
0.79
0.672
0.47
0.364
0.311
0.268
0.138
0.171
0.144
0.109
0.048
0.144
0.029
-0.089
-0.126
-0.138
-0.035
-0.134
-0.169
-0.058
0.028
0.201
0.009
0.049
0.051
-0.116
-0.134
-0.124
-0.175
-0.099
-0.15
-0.134
-0.041
-0.121
-0.043
-0.096
-0.22
-0.271
-0.52
-0.575
-0.785
-0.795
-1.173
-1.289
-1.38
-1.509
-1.65
-1.439
-1.434
-1.209
-1.167
-1.296
-1.11
-1.159
-1.066
-1.048
-0.854
-0.927
-0.875
-0.675
-0.588
-0.579
-0.394
-0.514
-0.505
-0.37
-0.399
-0.495
-0.708
-0.855
-1.044
-0.772
-0.672
-0.482
-0.409
-0.26
-0.275
-0.394
-0.456
-0.71
-0.945
-0.912
-0.964
-0.881
-0.94
-1.009
-0.821
-0.771
-0.799
-0.615
-0.905
-0.559
-0.371
-0.244
0.024
0.22
0.206
0.286
0.285
0.386
0.506
0.435
0.559
0.669
0.667
0.654
0.52
0.854
0.86
1.126
1.145
1.264
1.189
1.045
0.939
0.77
0.96
0.828
0.959
0.745
0.691
0.751
0.74
0.55
0.506
0.235
0.304
0.242
0.031
0.296
0.291
0.184
0.168
0.219
0.228
0.193
0.312
0.253
0.411
0.021
0.138
0.275
0.033
0.066
0.246
0.036
0.066
0.101
0.111
0.104
0.43
0.578
0.6
0.619
0.517
0.292
0.074
-0.129
-0.054
-0.081
-0.041
0.033
0.007
-0.181
-0.04
-0.32
-0.378
-0.489
-0.674
-0.679
-0.586
-0.381
-0.525
-0.525
-0.562
-0.471
-0.503
-0.705
-0.634
-0.635
-0.571
-0.701
-0.723
-0.838
-0.611
-0.701
-0.806
-0.519
-0.614
-0.87
-0.943
-1.056
-1.131
-1.298
-1.048
-0.984
-1.076
-1.1
-1.17
-1.025
-1.052
-0.899
-1.03
-0.963
-0.8
-0.953
-0.985
-0.988
-0.72
-0.514
-0.53
-0.217
-0.045
0.224
0.44
0.635
0.495
0.281
0.568
0.517
0.415
0.434
0.495
0.576
0.775
0.85
1.041
1.159
1.133
1.271
1.196
1.281
1.204
1.241
1.041
0.936
0.866
0.841
0.609
0.54
0.367
0.434
0.299
0.212
0.107
0.122
0.36
0.343
0.199
0.346
0.224
0.196
0.124
0.131
-0.062
-0.004
-0.168
-0.163
-0.17
-0.199
-0.103
-0.113
0.062
0.055
0.173
0.161
0.446
0.568
0.384
0.426
0.487
0.496
0.422
0.367
0.497
0.466
0.475
0.521
0.544
0.603
0.759
0.676
0.715
0.984
0.724
0.909
1.123
1.146
1.046
1.095
0.776
0.599
0.841
0.675
0.76
0.709
0.835
0.806
0.506
0.309
0.55
0.584
0.506
0.328
0.461
0.411
0.286
0.268
-0.044
0.109
0.126
0.022
0.144
-0.214
-0.383
-0.269
-0.094
-0.138
-0.396
-0.556
-0.749
-0.665
-0.557
-0.746
-0.763
-0.652
-0.718
-0.585
-0.581
-0.795
-0.645
-0.699
-0.888
-1.09
-1.011
-1.13
-1.069
-1.097
-1.024
-0.811
-0.818
-0.585
-0.805
-0.805
-0.669
-0.251
-0.21
-0.175
-0.255
-0.216
-0.186
-0.029
0.168
0.236
0.291
0.443
0.489
0.645
0.524
0.415
0.349
0.374
0.055
-0.051
-0.171
-0.194
-0.116
-0.19
-0.036
-0.021
-0.006
-0.089
-0.194
-0.06
0.007
0.09
0.106
0.133
0.144
0.195
0.18
0.16
0.188
0.031
0.199
0.083
0.128
0.088
-0.045
0.025
-0.009
-0.035
0.037
-0.23
-0.234
-0.539
-0.647
-0.65
-0.529
-0.605
-0.6
-0.422
-0.305
-0.4
-0.318
-0.294
-0.389
-0.152
-0.378
-0.273
-0.386
-0.603
-0.674
-0.786
-0.716
-0.709
-0.469
-0.512
-0.355
-0.451
-0.351
-0.321
-0.299
-0.268
-0.096
-0.294
-0.244
-0.201
0.004
-0.08
-0.05
-0.051
0.09
0.217
0.17
0.246
0.191
0.366
0.425
0.47
0.481
0.879
0.819
0.641
0.555
0.519
0.571
0.594
0.574
0.556
0.655
0.384
0.217
0.11
0.109
0.03
-0.028
0.156
0.319
0.096
0.36
0.258
0.239
0.177
-0.086
-0.099
0.124
0.09
-0.048
-0.006
-0.196
-0.236
-0.249
-0.193
-0.374
-0.38
-0.422
-0.21
-0.24
-0.111
-0.152
-0.103
-0.147
-0.155
-0.216
-0.3
-0.534
-0.764
-0.769
-1.065
-1.11
-1.2
-1.042
-1.209
-1.164
-1.183
-1.049
-0.879
-0.955
-1.052
-0.935
-0.891
-0.804
-0.603
-0.526
-0.497
-0.273
-0.185
-0.534
-0.487
-0.487
-0.36
-0.465
-0.43
-0.156
-0.091
0.118
0.151
0.216
0.233
0.46
0.41
0.576
0.41
0.801
0.932
1.116
1.211
1.219
1.32
1.472
1.486
1.74
1.768
1.581
1.519
1.417
1.594
1.679
1.554
1.568
1.643
1.478
1.201
0.776
0.846
0.704
0.75
0.904
0.841
0.974
0.713
0.475
0.255
0.018
-0.046
-0.163
0.175
0.155
-0.011
-0.044
-0.146
-0.131
-0.221
-0.006
-0.09
-0.316
-0.092
-0.069
0.072
0.147
0.152
0.095
0.026
-0.046
0.025
-0.007
0.186
0.109
-0.04
-0.044
-0.035
0.143
0.164
0.154
0.133
0.115
-0.069
-0.146
-0.285
-0.341
-0.235
-0.269
-0.346
-0.273
-0.453
-0.474
-0.302
-0.367
-0.292
-0.136
-0.205
-0.229
-0.364
0.024
0.215
0.406
0.238
0.266
0.294
0.297
0.399
0.31
0.434
0.475
0.621
0.516
0.255
0.415
0.208
0.331
0.086
0.155
0.143
0.146
0.086
-0.01
0.026
-0.105
-0.334
-0.385
-0.361
-0.304
-0.325
-0.1
0.08
0.029
0.021
0.147
0.316
0.215
0.374
0.184
0.164
0.055
0.247
0.245
0.235
0.054
0.168
0.319
0.201
0.195
0.081
-0.005
0.003
-0.259
-0.139
-0.077
-0.13
0.015
0.129
-0.07
0.039
-0.035
0.034
-0.096
-0.152
-0.214
-0.045
0.071
-0.028
-0.071
-0.072
-0.3
-0.369
-0.228
-0.176
-0.266
-0.214
0.059
0.296
0.561
0.759
0.744
0.807
0.655
0.536
0.646
0.584
0.439
0.409
0.319
0.214
0.445
0.458
0.802
0.926
0.971
0.843
0.649
0.374
0.552
0.469
0.51
0.389
0.24
0.284
0.374
0.403
0.404
0.544
0.615
0.671
0.726
0.84
0.763
0.76
0.601
0.614
0.71
0.652
0.698
0.494
0.455
0.364
0.326
0.294
0.49
0.482
0.46
0.434
0.456
0.474
0.438
0.512
0.404
0.163
0.143
0.225
0.193
0.333
0.199
0.189
0.099
0.035
-0.043
-0.1
-0.109
-0.011
-0.253
-0.408
-0.315
-0.454
-0.545
-0.716
-0.416
-0.475
-0.481
-0.479
-0.405
-0.406
-0.5
-0.52
-0.5
-0.508
-0.52
-0.606
-0.283
-0.434
-0.253
-0.101
0.09
0.054
0.171
0.278
0.11
0.236
0.302
0.42
0.405
0.375
0.286
0.02
-0.294
-0.18
-0.039
0.225
0.319
0.399
0.319
0.113
0.058
-0.05
0.18
0.188
0.23
0.059
0.044
-0.235
-0.319
-0.341
-0.371
-0.141
0.101
0.346
0.263
0.211
0.381
-0.014
-0.105
-0.065
-0.054
-0.145
-0.241
-0.198
-0.201
0.055
0.431
0.55
0.816
0.866
0.843
0.84
0.782
0.776
-10.336
0.542
0.791
0.804
0.743
0.67
0.546
0.341
0.074
0.113
0.022
-0.028
-0.09
0.056
0.233
0.365
0.147
-0.064
-0.152
-0.297
-0.431
-0.36
-0.42
-0.281
-0.31
-0.253
-0.319
-0.405
-0.39
-0.258
0.004
-0.089
0.154
0.092
0.049
-0.059
0.147
10.332
0.126
-0.011
0.029
0.238
0.238
0.17
0.177
0.128
0.156
0.158
0.079
0.163
-0.071
-0.101
-0.236
-0.301
-0.511
-0.31
-0.296
-0.32
-0.459
-0.524
-0.664
-0.865
-0.86
-0.809
-0.839
-0.836
-0.569
-0.495
-0.461
-0.379
-0.271
-0.417
-0.21
-0.196
0.085
0.159
0.095
0.205
0.076
0.234
-0.011
-0.011
0.154
0.098
0.419
0.672
0.76
0.492
0.564
0.69
0.58
0.638
0.631
0.728
0.631
0.486
0.361
0.216
0.134
-0.069
0.072
0.231
0.482
0.343
0.334
0.128
0.184
0.029
-0.316
-0.4
-0.436
-0.535
-0.574
-0.628
-0.785
-0.706
-0.888
-0.781
-0.818
-0.879
-0.674
-0.746
-0.516
-0.524
-0.487
-0.441
-0.512
-0.426
-0.352
-0.144
-0.089
-0.109
0.055
-0.241
-0.236
-0.198
-0.104
0.001
0.095
0.09
0.146
0.312
0.44
0.349
0.376
0.336
0.376
0.339
0.616
0.485
0.458
0.378
0.35
0.535
0.535
0.496
0.573
0.512
0.266
0.055
-0.209
-0.487
-0.638
-0.888
-0.966
-0.814
-0.924
-0.876
-0.858
-0.926
-0.88
-0.924
-0.853
-0.792
-0.76
-0.72
-0.807
-0.704
-0.703
-0.759
-0.843
-0.789
-0.805
-0.894
-0.959
-1.093
-1.179
-1.264
-1.171
-1.054
-0.973
-0.868
-1.054
-0.973
-0.953
-1.051
-1.177
-1.103
-1.144
-1.076
-0.809
-0.85
-0.834
-0.706
-0.491
-0.516
-0.464
-0.416
-0.158
-0.29
-0.359
-0.443
-0.67
-0.535
-0.505
-0.113
-0.393
-0.251
-0.212
-0.255
-0.208
-0.329
-0.276
-0.09
-0.001
0.066
-0.074
0.231
0.193
0.221
0.205
0.15
0.512
0.556
0.786
0.681
0.319
0.309
0.44
0.547
0.616
0.644
0.605
0.7
0.593
0.324
0.075
0.158
-0.01
-0.077
-0.143
-0.134
-0.175
0.052
0.033
0.101
0.099
0.19
0.432
0.42
0.503
0.225
0.269
0.19
-0.08
0.089
0.001
-0.018
0.0
0.302
0.336
0.371
0.696
0.774
0.896
0.784
0.64
1.083
1.161
1.219
0.999
1.042
0.909
1.046
0.886
0.809
0.81
0.64
0.629
0.601
0.669
0.586
0.398
0.281
0.006
0.028
-0.076
-0.036
0.011
-0.05
-0.035
-0.166
-0.06
-0.126
-0.209
-0.081
-0.155
-0.095
-0.269
-0.5
-0.367
-0.479
-0.211
-0.124
-0.297
0.255
0.048
-0.081
0.185
0.022
0.2
0.201
0.152
0.101
0.159
0.056
-0.044
-0.095
-0.029
0.066
0.02
-0.164
-0.211
-0.376
-0.205
-0.194
-0.036
-0.037
0.15
-1.518
0.246
0.344
0.514
0.679
0.745
0.719
0.706
0.666
0.806
0.779
0.676
0.485
0.349
0.484
0.41
0.445
0.233
0.253
0.514
0.494
0.588
0.765
0.575
0.372
0.246
0.404
0.504
0.388
0.295
0.448
0.362
0.316
0.388
0.446
0.57
0.599
0.526
0.581
0.603
0.384
0.331
0.309
0.269
0.345
0.604
0.675
0.463
0.517
0.446
0.3
0.115
0.107
0.244
0.247
0.487
0.578
0.451
0.559
0.716
0.779
0.792
0.703
0.824
0.677
0.746
0.824
0.784
0.65
0.5
0.356
0.223
0.149
0.152
0.103
0.136
0.44
0.4
0.4
0.515
0.604
0.68
0.711
0.619
0.777
0.733
0.894
1.0
1.062
1.121
1.308
1.282
1.146
0.97
0.796
0.776
0.589
0.595
0.52
0.416
0.318
0.283
0.14
-0.003
0.059
-0.198
-0.048
-0.216
-0.31
-0.356
-0.439
-0.494
-0.501
-0.7
-0.74
-0.815
-0.981
-1.161
-1.143
-1.181
-1.021
-1.045
-0.944
-0.874
-0.638
-0.721
-0.68
-0.616
-0.72
-0.704
-0.755
-0.628
-0.826
-0.706
-0.815
-0.75
-0.662
-0.679
-0.66
-0.59
-0.389
-0.242
-0.258
-0.31
-0.071
-0.367
-0.35
-0.182
-0.022
0.052
-0.021
0.113
0.176
0.223
0.242
0.485
0.579
0.665
0.716
0.682
0.738
0.819
0.814
0.635
0.744
0.836
0.659
0.642
0.771
0.823
0.809
0.904
0.994
0.879
0.794
0.623
0.599
0.454
0.456
0.58
0.487
0.324
0.14
0.065
0.215
0.194
0.133
0.221
0.049
-0.044
-0.194
-0.351
-0.642
-0.75
-0.713
-0.787
-0.639
-0.721
-0.833
-0.907
-0.948
-1.1
-1.15
-0.904
-0.89
-0.876
-0.782
-0.772
-0.875
-0.863
-0.85
-0.914
-0.873
-0.805
-0.576
-0.419
-0.394
-0.235
-0.216
-0.26
-0.275
-0.443
-0.716
-0.871
-0.596
-0.665
-0.492
-0.366
-0.456
-0.239
-0.258
-0.438
-0.441
-0.495
-0.4
-0.584
-0.64
-0.589
-0.58
-0.381
-0.522
-0.394
-0.484
-0.522
-0.372
-0.499
-0.346
-0.461
-0.693
-0.709
-0.935
-0.953
-1.096
-1.004
-1.055
-0.897
-0.761
-0.708
-0.391
-0.216
-0.062
0.163
0.328
0.258
0.356
0.349
0.136
0.305
0.395
0.436
0.718
0.802
0.705
0.744
0.921
0.946
1.035
0.846
0.804
0.86
0.845
0.739
0.755
0.809
0.881
0.91
0.801
0.791
0.751
0.586
0.438
0.231
0.08
-0.15
-0.07
-0.223
-0.231
-0.211
-0.233
-0.211
-0.371
-0.624
-0.595
-0.68
-0.71
-0.949
-1.005
-1.135
-1.196
-1.106
-1.13
-1.295
-1.31
-1.31
-1.076
-1.143
-1.343
-2.151
-1.34
-1.129
-0.878
-0.854
-0.756
-0.791
-0.646
-0.746
-0.664
-0.527
-0.585
-0.564
-0.544
-0.396
-0.186
-0.236
-0.147
0.065
0.089
0.189
0.151
0.601
0.961
0.944
0.948
0.925
0.931
1.046
0.932
0.685
0.736
0.679
0.907
1.115
1.298
1.295
0.983
0.931
0.854
0.665
0.715
0.871
1.05
1.0
1.123
1.206
1.401
1.369
1.312
1.086
0.776
0.772
0.665
0.45
0.524
0.348
0.439
0.631
0.65
0.53
0.505
0.296
0.223
0.105
-0.119
-0.085
-0.088
0.17
0.281
0.424
0.384
0.37
0.39
0.258
0.151
0.239
0.31
0.326
0.519
0.56
0.506
0.609
0.779
0.79
0.81
0.5
0.31
0.435
0.503
0.526
0.629
0.703
0.59
0.375
0.311
0.215
0.338
0.273
0.141
0.131
-0.021
-0.155
-0.084
0.051
0.138
0.37
0.279
0.122
0.118
0.01
-0.147
-0.081
-0.011
0.04
0.115
0.203
0.328
0.335
0.318
0.379
0.431
0.409
0.125
-0.003
-0.316
-0.684
-0.824
-0.645
-0.393
-0.417
-0.31
-0.276
-0.326
-0.395
-0.286
-0.393
-0.427
-0.444
-0.812
-0.859
-1.012
-0.789
-1.019
-1.064
-0.901
-0.71
-0.512
-0.292
-0.066
0.16
0.2
0.281
0.35
0.195
0.206
0.273
0.306
0.432
0.684
0.797
0.725
0.848
1.104
1.286
1.333
1.174
1.032
0.964
0.802
0.851
0.943
0.981
0.726
0.715
0.595
0.556
0.749
0.705
0.845
0.916
0.949
0.829
0.725
0.583
0.432
0.395
0.258
0.284
0.179
0.271
0.251
0.161
0.077
-0.105
-0.122
-0.134
-0.022
-0.089
0.011
-0.1
-0.268
-0.17
-0.525
-0.689
-0.719
-0.841
-0.599
-0.799
-0.713
-0.58
-0.695
-0.501
-0.46
-0.495
-0.458
-0.532
-0.532
-0.589
-0.66
-0.759
-0.625
-0.674
-0.464
-0.497
-0.321
-0.169
-0.255
-0.088
0.005
-0.005
-0.158
-0.359
-0.239
-0.236
-0.326
-0.254
-0.352
-0.478
-0.466
-0.246
-0.131
-0.072
0.0
-0.189
-0.285
-0.133
-0.113
-0.035
-0.037
-0.099
-0.435
-0.312
-0.152
-0.215
-0.131
-0.125
-0.11
-0.128
-0.143
-0.224
-0.235
-0.307
-0.146
-0.164
-0.09
-0.125
-0.177
-0.166
-0.03
-0.036
0.15
0.38
0.554
0.474
0.623
0.312
0.42
0.288
0.309
0.403
0.394
0.344
0.417
0.381
0.454
0.478
0.624
0.461
0.56
0.562
0.454
0.561
0.579
0.594
0.556
0.651
0.65
0.526
0.139
0.145
0.11
0.175
0.085
-0.031
-0.094
-0.164
-0.199
-0.283
-0.331
-0.168
-0.302
-0.249
-0.196
-0.066
-0.055
-0.098
0.026
0.054
-0.024
-0.079
0.182
0.169
-0.07
-0.273
-0.346
-0.264
-0.276
-0.12
-0.025
0.114
0.09
-0.004
0.033
0.051
0.184
0.141
0.141
0.107
0.105
0.036
0.174
0.296
0.27
0.064
-0.077
-0.182
-0.244
-0.336
-0.649
-0.564
-0.71
-0.699
-0.665
-0.671
-0.542
-0.479
-0.389
-0.564
-0.325
-0.343
-0.503
-0.541
-0.53
-0.608
-0.529
-0.634
-0.729
-0.624
-0.605
-0.46
-0.394
-0.364
-0.354
-0.425
-0.494
-0.455
-0.466
-0.278
-0.238
-0.33
-0.336
-0.28
0.046
0.041
0.091
0.164
0.11
0.011
-0.105
-0.07
-0.046
0.088
0.225
-0.035
0.043
0.145
0.045
-0.086
-0.075
-0.072
-0.16
-0.196
-0.075
0.021
-0.081
-0.009
0.033
-0.113
-0.318
-0.145
-0.41
-0.451
-0.536
-0.481
-0.466
-0.326
-0.299
-0.181
-0.12
-0.361
-0.357
-0.324
-0.185
-0.107
-0.015
-0.033
-0.031
-0.03
-0.194
-0.206
-0.198
-0.122
-0.113
-0.163
-0.297
-0.506
-0.309
-0.273
-0.076
0.168
0.251
0.58
0.427
0.451
0.459
0.642
0.489
0.466
0.281
0.364
0.168
0.321
0.48
0.475
0.426
0.406
0.297
0.231
0.312
0.269
-0.136
-0.367
-0.453
-0.685
-0.588
-0.432
-0.352
-0.316
-0.182
-0.318
-0.305
-0.356
-0.366
-0.241
-0.121
-0.021
0.037
0.295
0.461
0.479
0.379
0.366
0.338
0.376
0.489
0.705
0.68
0.848
0.716
0.833
0.706
0.618
0.465
0.333
0.286
0.318
0.198
-0.026
-0.185
-0.321
-0.288
-0.143
0.04
0.025
0.061
0.182
-0.125
-0.296
-0.413
-0.22
-0.406
-0.45
-0.494
-0.201
-0.275
-0.234
-0.394
-0.236
-0.549
-0.681
-0.294
-0.18
-0.028
-0.278
-0.071
-0.233
-0.2
-0.16
-0.158
-0.119
-0.101
-0.103
-0.026
-0.04
0.103
0.095
0.014
-0.024
0.135
-0.083
-0.206
-0.294
-0.231
-0.246
-0.215
-0.185
-0.198
-0.104
0.143
0.171
0.361
0.512
0.524
0.657
0.677
0.571
0.302
-0.061
0.048
-0.018
0.035
0.175
0.611
0.796
0.914
0.98
0.984
1.123
1.044
0.934
0.814
0.929
1.005
1.101
1.07
1.117
0.96
0.797
0.716
0.965
0.989
0.851
0.721
0.497
0.169
0.086
-0.113
-0.106
-0.471
-0.417
-0.608
-0.8
-0.88
-0.95
-0.861
-0.681
-0.625
-0.529
-0.448
-0.426
-0.375
-0.284
-0.223
-0.273
-0.3
-0.077
0.021
-0.005
-0.229
0.163
0.085
0.2
0.54
0.759
0.781
0.755
0.814
1.056
1.15
1.181
1.395
1.334
1.211
0.889
0.883
0.8
0.96
1.191
1.331
1.365
1.379
1.123
1.075
1.084
1.069
1.062
1.146
1.205
0.956
0.635
0.741
0.566
0.534
0.391
0.385
0.179
0.094
-0.072
-0.11
-0.094
-0.191
-0.378
-0.52
-0.463
-0.304
-0.21
-0.311
-0.029
0.24
0.21
0.039
0.15
0.196
0.3
0.364
0.369
0.376
0.174
0.292
0.269
0.171
0.089
-0.054
0.113
0.193
0.154
0.074
0.233
0.099
-1.133
0.341
0.333
0.19
0.139
0.124
0.143
0.185
0.228
0.253
0.156
0.122
-0.025
-0.126
-0.258
-0.343
-0.355
-0.182
-0.077
-0.144
-0.045
0.039
0.116
0.14
-0.036
-0.195
-0.349
-0.301
-0.545
-0.575
-0.199
-0.336
-0.351
-0.333
-0.54
-0.542
-0.325
-0.647
-0.7
-0.938
-0.939
-0.925
-0.704
-0.787
-0.902
-0.92
-1.117
-1.021
-0.87
-0.894
-1.186
-1.17
-1.121
-1.141
-1.078
-1.335
-1.315
-1.409
-1.381
-1.255
-1.375
-1.27
-1.129
-0.876
-0.537
-0.471
-0.225
-0.128
0.019
-0.129
-0.22
-0.297
-0.291
-0.4
-0.268
-0.15
0.15
0.177
0.345
0.404
0.224
0.106
-0.045
-0.014
0.059
0.261
0.261
0.364
0.349
0.208
0.324
0.481
0.625
0.785
0.791
0.863
0.929
1.133
1.115
1.024
0.875
0.869
0.899
0.843
