-0.131
-0.226
-0.212
-0.296
-0.088
-0.17
-0.024
-0.1
-0.055
-0.118
-0.245
-0.46
-0.645
-0.565
-0.594
-0.719
-0.59
-0.698
-0.734
-0.772
-0.779
-0.549
-0.591
-0.615
-0.249
-0.331
-0.4
-0.251
-0.246
-0.25
-0.289
-0.464
-0.552
-0.503
-0.449
-0.389
-0.128
-0.081
-0.216
-0.263
-0.345
-0.099
0.069
0.035
0.315
0.155
0.271
0.281
0.28
0.279
0.214
0.253
0.06
0.14
0.09
0.104
0.01
0.015
0.107
0.033
0.201
0.25
0.289
0.276
0.307
0.431
0.417
0.391
0.341
0.456
0.335
0.465
0.419
0.453
0.579
0.388
0.375
0.334
0.436
0.535
0.229
0.366
0.334
0.315
0.188
0.268
0.173
0.088
-0.039
-0.158
-0.164
0.052
-0.031
-0.081
0.059
0.009
-0.041
0.006
-0.198
-0.242
-0.413
-0.378
-0.299
-0.419
-0.519
-0.408
-0.5
-0.471
-0.4
-0.552
-0.484
-0.51
-0.574
-0.5
-0.362
-0.466
-0.414
-0.508
-0.743
-0.85
-0.664
-0.741
-0.782
-0.83
-0.845
-1.107
-1.199
-1.125
-1.036
-0.958
-0.826
-0.88
-0.801
-0.772
-0.724
-0.566
-0.494
-0.372
-0.401
-0.416
-0.425
-0.223
-0.166
-0.15
0.022
0.009
-0.059
0.029
0.013
-0.009
0.055
-0.019
0.056
0.156
0.323
0.485
0.744
0.714
0.583
0.64
0.636
0.725
0.917
0.797
0.785
0.719
0.724
0.594
0.55
0.609
0.744
0.662
0.499
0.47
0.429
0.158
0.208
0.133
0.121
0.106
0.054
0.075
0.013
-0.079
-0.168
-0.171
-0.086
-0.022
-0.05
-0.001
0.007
-0.018
0.025
-0.104
-0.025
-0.129
-0.301
-0.326
-0.434
-0.45
-0.454
-0.325
-0.299
-0.221
-0.333
-0.326
-0.246
-0.333
-0.479
-0.492
-0.438
-0.468
-0.585
-0.531
-0.599
-0.62
-0.619
-0.615
-0.64
-0.576
-0.494
-0.37
-0.376
-0.489
-0.319
-0.591
-0.614
-0.512
-0.37
-0.289
-0.249
-0.135
-0.055
0.035
0.128
0.236
0.274
0.348
0.359
0.351
0.333
0.351
0.405
0.537
0.509
0.443
0.521
0.67
0.925
1.012
0.971
0.866
1.169
1.059
0.906
0.848
0.799
1.137
1.151
1.23
1.213
1.251
1.091
0.863
0.603
0.66
0.526
0.51
0.421
0.375
0.343
0.231
0.131
-0.006
0.155
0.006
-0.004
-0.076
-0.075
-0.174
-0.064
-0.037
-0.095
0.011
-0.001
-0.061
-0.11
-0.101
-0.294
-0.354
-0.411
-0.544
-0.482
-0.374
-0.344
-0.304
-0.285
-0.265
-0.185
-0.081
-0.103
-0.02
-0.208
-0.089
-0.021
0.118
0.383
0.484
0.409
0.268
0.109
0.242
0.269
0.292
0.396
0.292
0.274
0.185
0.302
0.31
0.242
0.209
0.27
-0.005
0.052
-0.018
-0.163
-0.261
-0.48
-0.595
-0.536
-0.66
-0.64
-0.657
-0.578
-0.591
-0.478
-0.656
-0.646
-0.589
-0.554
-0.334
-0.189
-0.179
-0.155
-0.196
-0.161
-0.176
-0.251
-0.105
-0.011
0.052
0.16
0.209
0.051
0.058
-0.051
0.114
0.028
0.129
0.265
0.189
0.208
0.169
0.086
0.065
-0.043
-0.009
-0.031
-0.058
-0.133
-0.119
-0.095
-0.062
0.199
0.075
0.019
-0.164
-0.135
-0.318
-0.166
-0.241
-0.158
-0.09
-0.105
-0.105
0.022
0.028
0.0
-0.077
-0.107
-0.181
-0.089
-0.101
-0.139
-0.085
-0.064
0.058
0.182
0.144
0.186
0.199
0.253
0.233
0.1
0.11
0.163
0.0
-0.095
-0.094
-0.064
-0.22
-0.422
-0.445
-0.389
-0.383
-0.413
-0.455
-0.465
-0.406
-0.367
-0.23
-0.264
-0.099
0.279
-0.01
0.081
0.113
0.23
0.22
0.329
0.241
0.156
0.074
0.246
0.156
0.278
0.319
0.415
0.491
0.547
0.594
0.641
0.67
0.65
0.623
0.664
0.489
0.461
0.211
0.31
0.312
0.525
0.529
0.541
0.545
0.585
0.802
0.734
0.825
0.736
0.645
0.465
0.55
0.461
0.456
0.291
0.161
0.14
0.2
0.281
0.231
0.128
0.084
0.3
0.196
0.1
0.09
0.083
-0.059
0.033
-0.1
-0.205
-0.289
-0.356
-0.185
-0.362
-0.253
-0.131
-0.115
-0.344
-0.236
-0.144
0.015
-0.086
-0.006
-0.065
-0.206
0.007
0.083
0.151
0.139
0.111
-0.04
0.015
-0.028
0.031
0.004
0.062
0.161
0.254
0.362
0.444
0.438
0.383
0.43
0.389
0.329
0.279
0.568
0.391
0.436
0.393
0.354
0.721
0.669
0.506
0.49
0.372
0.383
0.279
0.556
0.542
0.516
0.736
0.609
0.598
0.575
0.584
0.721
0.797
0.628
0.581
0.494
0.495
0.614
0.583
0.503
0.581
0.626
0.65
0.541
0.531
0.175
0.026
0.003
-0.101
-0.168
-0.212
-0.323
-0.19
-0.166
-0.168
-0.18
-0.119
-0.075
-0.158
-0.149
-0.046
-0.094
-0.005
0.133
-0.01
-0.118
0.105
0.333
0.378
0.338
0.335
0.343
0.559
0.59
0.69
0.891
0.853
0.906
0.9
0.82
0.831
0.909
0.78
0.652
0.628
0.545
0.76
0.667
0.698
0.664
0.642
0.672
0.527
0.517
0.515
0.494
0.526
0.489
0.39
0.283
0.271
0.21
0.179
0.03
-0.188
-0.107
-0.362
-0.465
-0.546
-0.554
-0.641
-0.61
-0.556
-0.394
-0.436
-0.674
-0.448
-0.546
-0.559
-0.48
-0.57
-0.417
-0.547
-0.696
-0.741
-0.676
-0.544
-0.453
-0.399
-0.286
-0.196
-0.233
-0.116
-0.084
-0.083
-0.22
-0.2
-0.263
-0.238
-0.256
-0.235
-0.291
-0.276
-0.22
-0.236
-0.205
-0.28
-0.188
-0.066
-0.16
-0.037
0.051
0.152
0.435
0.348
0.545
0.641
0.539
0.669
0.734
0.701
0.741
0.796
0.856
0.885
0.797
1.036
0.888
0.874
0.76
0.77
0.916
1.041
1.071
0.94
0.878
0.771
0.745
0.43
0.214
-0.024
-0.1
-0.335
-0.177
-0.306
-0.675
-0.861
-0.921
-1.153
-1.153
-1.109
-1.169
-1.27
-1.218
-1.518
-1.528
-1.751
-1.768
-1.931
-1.869
-1.708
-1.661
-1.6
-1.485
-1.285
-1.188
-1.116
-1.075
-1.155
-0.9
-1.001
-1.008
-0.826
-0.911
-0.879
-1.042
-0.966
-1.086
-1.006
-0.821
-0.744
-0.699
-0.601
-0.566
-0.684
-0.589
-0.67
-0.484
-0.278
-0.388
-0.45
-0.619
-0.494
-0.47
-0.414
-0.283
-0.086
0.151
0.133
0.163
0.116
-0.007
-0.098
-0.091
-0.139
-0.281
-0.099
-0.044
-0.046
0.185
0.089
0.088
0.059
0.175
0.323
0.283
0.092
0.13
0.014
-0.06
0.028
0.035
-0.011
0.126
0.059
0.111
0.194
0.185
0.064
0.114
-0.285
-0.316
-0.292
-0.374
-0.427
-0.479
-0.385
-0.35
-0.496
-0.389
-0.11
-0.174
-0.261
-0.286
-0.5
-0.421
-0.565
-0.62
-0.589
-0.67
-0.606
-0.576
-0.621
-0.759
-0.688
-0.634
-0.729
-0.508
-0.635
-0.719
-0.731
-0.886
-0.84
-0.871
-0.785
-0.779
-0.568
-0.306
-0.364
-0.131
-0.189
-0.076
-0.045
0.01
-0.079
0.139
0.269
0.113
0.151
0.05
0.326
0.365
0.424
0.598
0.463
0.568
0.443
0.77
1.054
1.106
1.143
1.004
1.1
1.232
1.238
1.196
1.125
1.25
1.254
1.026
1.149
0.999
1.088
1.065
0.995
0.814
0.65
0.797
0.792
0.56
0.487
0.381
0.451
0.422
0.411
0.405
0.339
0.316
0.096
0.11
0.029
-0.039
-0.092
-0.043
-0.025
-0.19
-0.025
-0.286
-0.355
-0.522
-0.654
-0.764
-0.741
-0.729
-0.848
-0.839
-0.66
-0.7
-0.646
-0.578
-0.555
-0.436
-0.487
-0.49
-0.508
-0.406
-0.365
-0.414
-0.439
-0.441
-0.41
-0.422
-0.251
-0.238
-0.022
-0.165
-0.238
-0.29
-0.389
-0.52
-0.868
-0.897
-1.109
-1.016
-1.15
-1.028
-0.888
-0.851
-0.831
-0.811
-0.685
-0.57
-0.419
-0.408
-0.294
-0.429
-0.268
-0.52
-0.52
-0.453
-0.271
-0.091
0.189
0.369
0.326
0.441
0.28
0.664
0.772
0.83
1.161
1.103
1.096
0.949
1.052
0.975
1.117
1.028
0.876
0.864
0.695
0.636
0.56
0.527
0.456
0.47
0.565
0.522
0.527
0.509
0.366
0.4
0.352
0.193
0.011
-0.095
-0.076
-0.161
-0.124
-0.119
-0.263
-0.296
-0.269
-0.413
-0.299
-0.469
-0.037
-0.235
-0.275
-0.188
-0.103
-0.105
-0.196
-0.253
-0.354
-0.38
-0.278
-0.206
-0.208
-0.173
-0.114
-0.163
-0.203
-0.046
-0.189
-0.181
-0.283
-0.126
-0.249
-0.196
-0.014
-0.022
0.156
0.215
0.208
0.395
0.381
0.415
0.436
0.326
0.3
0.331
0.26
0.118
0.307
0.273
0.312
0.258
0.29
0.339
0.374
0.33
0.271
0.474
0.295
0.135
0.138
-0.022
-0.101
-0.279
-0.385
-0.506
-0.564
-0.714
-0.698
-0.568
-0.574
-0.638
-0.581
-0.745
-0.789
-0.686
-0.525
-0.496
-0.362
-0.15
-0.05
0.115
0.1
0.071
0.052
0.219
0.203
0.225
0.291
0.323
0.514
0.65
0.635
0.693
0.503
0.468
0.646
0.59
0.414
0.537
0.57
0.651
0.654
0.801
0.779
0.775
0.691
0.584
0.491
0.417
0.459
0.21
0.106
0.336
0.224
0.242
0.201
0.186
0.225
0.258
0.21
0.264
0.395
0.364
0.268
0.453
0.503
0.555
0.395
0.309
0.255
0.354
0.25
0.235
0.305
0.344
0.359
0.326
0.376
0.539
0.55
0.604
0.514
0.565
0.591
0.659
0.61
0.743
0.68
0.506
0.314
0.274
0.235
0.296
0.36
0.33
0.33
0.3
0.361
0.413
0.469
0.114
0.18
0.155
0.14
0.284
0.48
0.37
0.15
0.196
0.194
0.058
0.152
0.219
0.253
0.163
0.165
-0.005
-0.031
-0.256
-0.199
-0.189
-0.138
-0.238
-0.079
-0.13
-0.225
-0.111
-0.094
-0.136
-0.072
-0.253
-0.191
-0.236
-0.325
-0.24
-0.367
-0.333
-0.246
-0.239
-0.339
-0.236
-0.228
-0.12
-0.101
-0.136
-0.013
0.077
0.009
-0.039
-0.208
-0.101
-0.024
-0.04
-0.115
-0.264
-0.164
-0.176
-0.278
-0.107
0.005
0.114
0.2
0.458
0.489
0.459
0.341
0.297
0.152
0.143
0.21
0.446
0.473
0.471
0.426
0.52
0.562
0.667
0.786
0.557
0.674
0.419
0.335
0.234
0.021
0.089
-0.007
-0.03
-0.133
-0.019
0.035
0.055
-0.035
0.022
-0.035
-0.125
-0.129
-0.138
-0.209
-0.268
-0.155
-0.365
-0.259
-0.372
-0.367
-0.193
-0.265
-0.274
-0.146
-0.146
-0.141
-0.084
-0.22
-0.155
-0.261
-0.321
-0.309
-0.37
-0.519
-0.47
-0.366
-0.283
-0.158
-0.135
-0.111
-0.043
-0.141
-0.149
-0.359
-0.329
-0.05
-0.009
-0.106
-0.033
-0.064
0.074
0.176
0.316
0.495
0.698
0.642
0.763
0.816
0.654
0.685
0.638
0.547
0.606
0.336
0.486
0.525
0.274
0.306
0.33
0.485
0.584
0.761
0.716
0.746
0.649
0.806
0.949
0.818
0.649
0.746
0.695
0.758
0.623
0.536
0.603
0.74
0.844
0.799
0.901
0.848
1.079
1.075
1.117
0.801
0.941
0.965
1.126
1.136
1.045
1.095
1.014
0.771
0.751
0.642
0.628
0.647
0.689
0.714
0.557
0.359
0.18
0.006
-0.182
-0.39
-0.665
-0.797
-1.026
-1.126
-1.104
-1.157
-1.059
-1.059
-1.093
-1.161
-1.324
-1.435
-1.386
-1.46
-1.448
-1.478
-1.413
-1.241
-1.18
-1.058
-1.144
-0.97
-0.87
-0.818
-0.844
-0.704
-0.525
-0.479
-0.273
-0.221
-0.041
0.174
0.355
0.56
0.724
0.889
0.78
1.006
0.897
0.801
0.84
0.951
0.974
0.951
1.028
0.797
0.709
0.672
0.555
0.505
0.446
0.621
0.547
0.431
0.205
0.365
0.545
0.399
0.384
0.393
0.346
0.235
0.295
0.004
-0.15
-0.281
-0.208
-0.45
-0.374
-0.441
-0.515
-0.526
-0.458
-0.424
-0.37
-0.461
-0.468
-0.743
-0.775
-0.583
-0.661
-0.609
-0.794
-0.841
-0.956
-0.902
-0.769
-0.792
-0.749
-0.745
-0.61
-0.512
-0.589
-0.459
-0.348
-0.414
-0.291
-0.247
-0.101
-0.195
-0.367
-0.223
-0.249
-0.238
-0.241
-0.263
-0.259
-0.15
0.039
0.07
0.209
0.034
0.105
0.09
0.189
0.198
0.297
0.201
0.201
0.345
0.283
0.5
0.403
0.305
0.291
0.19
0.255
0.173
0.23
0.039
0.028
-0.044
-0.022
0.055
0.15
0.048
0.169
0.006
-0.039
-0.114
-0.101
-0.268
-0.205
-0.302
-0.339
-0.323
-0.306
-0.475
-0.455
-0.463
-0.288
-0.164
-0.57
-0.365
-0.346
-0.312
-0.401
-0.356
-0.56
-0.616
-0.699
-0.591
-0.615
-0.403
-0.404
-0.245
-0.318
-0.273
-0.212
-0.199
-0.198
-0.098
-0.128
-0.144
-0.145
-0.215
-0.205
-0.242
-0.258
-0.242
-0.1
0.077
-0.119
-0.044
-0.091
-0.081
-0.145
-0.19
-0.125
0.054
-0.039
0.141
0.091
0.035
0.135
0.011
0.168
-0.186
0.014
-0.018
-0.175
0.021
-0.011
0.084
0.146
0.151
0.294
0.216
0.135
0.139
0.071
0.159
0.206
0.399
0.359
0.336
0.233
0.181
0.135
0.165
0.203
0.318
0.224
0.242
0.214
0.105
0.205
0.135
0.001
0.048
0.101
0.158
0.035
0.025
0.075
-0.037
-0.022
-0.035
0.004
0.085
0.011
-0.016
0.059
0.079
0.001
0.061
0.015
0.031
-0.151
-0.281
-0.478
-0.365
-0.7
-0.733
-0.784
-0.861
-0.906
-0.904
-0.946
-0.894
-0.94
-0.938
-0.956
-0.959
-0.88
-0.958
-0.807
-0.921
-0.846
-0.96
-1.061
-1.157
-1.323
-1.199
-1.219
-1.236
-1.226
-1.012
-0.77
-0.646
-0.66
-0.57
-0.544
-0.51
-0.425
-0.283
-0.168
-0.056
-0.174
-0.234
-0.119
-0.084
-0.111
-0.06
-0.051
0.163
0.279
0.184
0.072
-0.034
-0.158
0.046
-0.141
-0.152
-0.049
0.019
0.011
-0.011
-0.036
-0.201
-0.251
-0.231
-0.286
-0.198
-0.046
-0.124
-0.019
0.224
0.281
0.473
0.446
0.451
0.492
0.614
0.554
0.765
0.883
1.226
1.015
0.879
0.955
0.81
0.594
0.546
0.608
0.429
0.492
0.365
0.291
0.284
0.32
0.284
0.289
0.253
0.088
0.131
0.086
0.136
0.037
0.122
0.052
0.052
-0.11
-0.4
-0.431
-0.234
-0.233
-0.278
-0.154
-0.019
0.039
0.083
0.175
0.141
0.025
0.219
0.356
0.367
0.446
0.554
0.544
0.675
0.562
0.52
0.636
0.618
0.706
0.624
0.647
0.514
0.473
0.529
0.544
0.54
0.435
0.482
0.2
0.143
0.115
0.034
0.054
0.094
0.046
-0.15
-0.234
-0.166
-0.109
0.035
-0.138
-0.113
-0.12
0.13
-0.19
-0.19
-0.219
-0.216
-0.223
-0.215
-0.274
-0.14
-0.209
-0.14
-0.169
-0.244
-0.2
-0.292
-0.314
-0.359
-0.331
-0.266
-0.149
-0.088
-0.14
-0.136
-0.329
-0.125
-0.191
-0.041
-0.189
-0.246
-0.161
-0.147
-0.141
-0.301
-0.239
-0.306
-0.209
-0.07
-0.203
-0.269
-0.367
-0.228
-0.361
-0.356
-0.328
-0.314
-0.159
-0.158
-0.072
-0.085
-0.159
0.179
0.019
0.165
0.212
0.403
0.499
0.422
0.381
0.316
0.329
0.349
0.357
0.283
0.3
0.436
0.489
0.451
0.35
0.316
0.249
0.316
0.403
0.335
0.405
0.379
0.515
0.662
0.628
0.642
0.526
0.554
0.667
0.741
0.733
0.695
0.696
0.638
0.709
0.693
0.758
0.774
0.95
0.955
0.995
1.2
1.165
1.166
1.021
0.955
0.826
0.821
0.491
0.44
0.436
0.495
0.425
0.398
0.361
0.3
0.351
0.269
0.271
0.301
0.27
0.256
0.314
0.276
0.221
0.129
0.075
-0.071
-0.051
-0.174
-0.226
-0.109
-0.094
0.036
0.16
0.133
0.074
0.182
0.196
0.163
0.276
0.244
0.122
0.125
0.062
0.0
0.168
0.118
0.361
0.255
0.389
0.186
0.144
0.007
0.028
-0.088
-0.163
-0.069
-0.427
-0.283
-0.271
-0.163
0.026
0.196
0.122
0.168
0.126
0.005
0.084
-0.092
0.034
0.043
-0.016
0.24
-0.036
-0.016
-0.185
-0.065
-0.139
-0.193
-0.318
-0.31
-0.231
-0.38
-0.295
-0.304
-0.304
-0.324
0.254
0.413
0.511
0.62
0.469
0.366
0.469
0.511
0.65
0.559
0.444
0.54
0.525
0.444
0.27
0.235
0.304
0.185
0.084
0.319
0.06
0.021
-0.103
-0.111
0.138
-0.091
-0.208
-0.191
-0.323
-0.475
-0.456
-0.455
-0.48
-0.396
-0.341
-0.147
-0.189
-0.191
-0.321
-0.331
-0.336
-0.431
-0.579
-0.351
-0.404
-0.355
-0.333
-0.468
-0.43
-0.54
-0.449
-0.656
-0.415
-0.651
-0.481
-0.385
-0.426
-0.309
-0.05
0.15
0.239
0.086
0.103
0.033
0.106
0.196
0.09
0.143
0.212
0.536
0.434
0.385
0.41
0.352
0.346
0.23
-0.036
-0.062
-0.258
-0.253
-0.48
-0.372
-0.369
-0.276
-0.233
-0.265
-0.206
0.072
0.261
0.369
0.448
0.396
0.271
0.336
0.247
0.312
0.544
0.639
0.794
0.774
0.716
0.664
0.676
0.779
0.606
0.785
0.85
0.614
0.665
0.844
0.716
0.74
0.911
0.805
0.809
0.659
0.638
0.52
0.169
0.314
0.179
0.209
0.27
0.163
0.247
0.244
0.306
0.345
0.469
0.593
0.288
0.489
0.279
0.114
0.225
0.244
0.049
-0.143
-0.173
-0.281
-0.13
-0.128
-0.166
0.031
0.15
0.211
0.344
0.396
0.456
0.45
0.676
0.796
0.922
0.939
0.996
1.075
1.106
1.061
1.179
1.222
1.035
0.865
0.828
0.681
0.616
0.52
0.581
0.651
0.512
0.546
0.208
0.056
0.094
0.111
0.019
0.151
0.168
0.195
0.233
0.16
0.289
0.256
0.323
0.35
0.381
0.138
0.271
0.296
0.271
0.226
0.239
0.046
-0.065
0.001
0.103
0.064
0.234
0.295
0.49
0.43
0.201
0.09
-0.021
-0.103
-0.147
-0.147
-0.211
-0.211
-0.258
-0.515
-0.564
-0.443
-0.541
-0.511
-0.61
-0.625
-0.569
-0.524
-0.674
-0.57
-0.949
-0.954
-1.058
-0.911
-0.964
-1.006
-0.894
-1.0
-0.92
-0.905
-0.836
-0.906
-0.814
-0.696
-0.705
-0.441
-0.385
-0.348
-0.27
-0.419
-0.394
-0.519
-0.444
-0.215
-0.278
-0.265
-0.268
-0.246
-0.335
-0.338
-0.374
-0.405
-0.522
-0.527
-0.593
-0.609
-0.616
-0.549
-0.55
-0.693
-0.675
-0.818
-0.645
-0.728
-0.845
-0.936
-1.022
-0.953
-1.154
-0.969
-1.116
-1.084
-1.157
-1.179
-1.203
-1.451
-1.425
-1.502
-1.729
-1.875
-1.955
-1.92
-1.845
-1.781
-1.443
-1.502
-1.413
-1.419
-1.45
-1.338
-1.261
-1.145
-1.171
-0.833
-0.795
-0.716
-0.591
-0.63
-0.606
-0.581
-0.524
-0.519
-0.383
-0.098
-0.028
0.019
0.079
-0.034
0.345
0.229
0.27
0.364
0.6
0.497
0.44
0.432
0.544
0.448
0.415
0.426
0.21
0.512
0.557
0.652
0.797
0.769
0.84
0.706
0.831
0.676
0.568
0.651
0.46
0.453
0.415
0.32
0.231
0.208
0.339
0.416
0.605
0.497
0.316
0.13
0.074
-0.109
-0.301
-0.362
-0.158
-0.201
-0.144
-0.105
-0.06
-0.083
-0.098
-0.031
-0.198
0.059
0.241
0.193
0.22
0.176
0.015
0.158
0.118
0.217
0.219
0.075
0.001
0.294
0.139
0.145
0.485
0.639
0.696
0.445
0.286
0.014
-0.121
-0.229
-0.274
-0.224
-0.186
-0.054
-0.11
-0.163
-0.104
-0.188
-0.173
-0.39
-0.482
-0.48
-0.519
-0.296
-0.199
-0.095
-0.043
0.208
0.271
0.325
0.431
0.469
0.49
0.505
0.628
0.654
0.67
0.635
0.645
0.639
0.686
0.64
0.578
0.686
0.674
0.539
0.532
0.512
0.361
0.422
0.205
0.379
0.391
0.37
0.443
0.438
0.583
0.503
0.431
0.425
0.25
0.328
0.319
0.406
0.304
0.209
0.328
0.314
0.495
0.552
0.399
0.429
0.46
0.31
0.497
0.473
0.485
0.38
0.432
0.405
0.305
0.429
0.38
0.401
0.344
0.245
0.235
0.061
0.219
0.055
-0.049
-0.14
-0.224
-0.315
-0.383
-0.59
-0.688
-0.696
-0.848
-0.675
-0.759
-0.708
-0.802
-0.983
-0.875
-0.843
-0.87
-0.883
-0.786
-0.541
-0.453
-0.221
-0.174
-0.101
-0.035
0.051
0.154
0.022
0.24
0.247
0.22
0.184
0.175
0.161
0.235
0.264
0.114
0.095
0.208
0.312
0.435
0.413
0.384
0.261
0.297
0.066
0.035
-0.096
-0.152
-0.135
0.045
-0.037
-0.004
-0.096
-0.064
-0.165
-0.091
-0.166
-0.253
-0.251
-0.575
-0.761
-0.833
-0.795
-0.949
-0.991
-1.049
-0.901
-0.781
-0.805
-0.708
-0.58
-0.554
-0.546
-0.441
-0.305
-0.345
-0.26
-0.185
-0.089
-0.23
-0.096
-0.154
-0.106
0.104
-0.088
0.059
0.158
0.155
0.278
0.295
0.395
0.42
0.146
0.064
0.029
0.037
0.021
0.033
0.302
0.318
0.359
0.456
0.42
0.356
0.38
0.346
0.413
0.255
0.534
0.491
0.645
0.573
0.571
0.593
0.641
0.74
0.736
0.806
0.841
0.604
0.525
0.531
0.522
0.599
0.689
0.843
0.959
0.774
0.651
0.754
0.641
0.754
0.776
0.797
