-0.383
-0.352
-0.406
-0.474
-0.618
-0.531
-0.431
-0.547
-0.606
-0.731
-0.745
-0.863
-0.812
-0.775
-0.552
-0.351
-0.274
-0.236
-0.386
-0.356
-0.166
-0.396
-0.386
-0.48
-0.408
-0.448
-0.584
-0.719
-0.802
-0.763
-0.841
-0.716
-0.734
-0.665
-0.651
-0.614
-0.511
-0.446
-0.454
-0.446
-0.258
-0.301
-0.201
-0.228
-0.22
0.064
0.134
0.155
0.069
0.3
0.424
0.453
0.446
0.311
0.41
0.474
0.456
0.505
0.506
0.328
0.385
0.394
0.474
0.524
0.66
0.721
0.881
0.984
1.055
1.019
0.895
0.944
0.811
0.689
0.834
0.909
0.95
0.866
1.276
1.061
0.948
0.96
0.86
0.861
0.829
0.82
0.806
0.845
0.771
0.804
0.795
0.935
0.871
0.83
0.805
0.743
0.86
0.784
0.703
0.688
0.65
0.574
0.419
0.305
0.155
0.164
-0.01
-0.048
-0.139
-0.288
-0.259
-0.414
-0.325
-0.436
-0.566
-0.44
-0.676
-0.724
-0.95
-0.973
-1.015
-0.945
-0.811
-0.968
-1.054
-1.094
-1.083
-0.909
-0.956
-0.806
-0.641
-0.36
-0.338
-0.31
-0.126
-0.098
-0.081
-0.359
-0.001
-0.128
-0.007
-0.01
0.074
0.105
0.246
0.223
0.314
0.307
0.154
0.149
0.092
0.052
-0.054
-0.195
-0.339
-0.369
-0.421
-0.341
-0.519
-0.763
-0.76
-0.699
-0.76
-0.649
-0.657
-0.48
-0.417
-0.449
-0.325
-0.486
-0.246
-0.18
-0.253
-0.188
-0.244
-0.234
-0.263
-0.274
-0.319
-0.512
-0.482
-0.45
-0.463
-0.404
-0.291
-0.346
-0.201
-0.158
-0.195
-0.08
-0.056
-0.129
-0.083
0.09
0.229
0.12
0.058
0.02
0.119
0.242
0.23
0.529
0.484
0.505
0.427
0.339
0.276
0.253
0.411
0.2
0.166
0.134
0.21
0.194
0.116
0.199
0.015
-0.141
-0.269
-0.194
-0.188
-0.304
-0.302
-0.379
-0.339
-0.389
-0.394
-0.57
-0.833
-0.776
-0.885
-0.939
-0.784
-0.775
-0.88
-0.988
-1.032
-1.09
-0.948
-0.948
-0.73
-0.812
-0.756
-0.715
-0.66
-0.561
-0.652
-0.532
-0.689
-0.589
-0.546
-0.486
-0.371
-0.251
-0.122
-0.028
0.014
0.37
0.384
0.152
0.209
0.236
0.534
0.726
0.769
0.723
0.921
0.974
0.843
0.969
0.978
0.926
0.948
0.895
0.929
0.74
0.555
0.486
0.264
0.215
0.263
0.126
0.075
-0.094
-0.107
-0.324
-0.344
-0.471
-0.619
-0.549
-0.547
-0.568
-0.57
-0.519
-0.571
-0.611
-0.6
-0.646
-0.608
-0.682
-0.706
-0.593
-0.66
-0.471
-0.575
-0.478
-0.495
-0.44
-0.052
-0.155
0.046
0.114
0.199
0.215
0.309
0.416
0.693
0.756
0.641
0.765
0.76
0.809
0.945
0.799
0.659
0.608
0.785
0.735
0.741
0.745
0.74
0.805
0.628
0.432
0.32
0.247
0.264
0.115
0.156
0.003
0.041
0.074
-0.01
-0.234
-0.066
-0.02
0.004
-0.134
-0.12
-0.133
-0.121
-0.161
-0.07
-0.256
-0.294
-0.175
-0.05
0.007
-0.045
-0.122
-0.06
-0.014
-0.092
-0.041
-0.022
0.095
0.134
0.149
0.19
0.044
0.028
0.088
0.145
0.101
0.069
0.266
0.111
0.02
-0.059
-0.168
-0.163
-0.234
-0.236
-0.37
-0.125
-0.118
0.031
-0.088
-0.226
-0.122
-0.281
-0.143
-0.223
-0.263
-0.364
-0.419
-0.454
-0.463
-0.532
-0.506
-0.439
-0.542
-0.59
-0.698
-0.718
-0.841
-0.921
-1.091
-0.893
-1.111
-1.137
-0.998
-0.954
-0.883
-0.825
-0.781
-0.811
-0.761
-0.823
-0.766
-0.725
-0.765
-0.629
-0.728
-0.623
-0.649
-0.439
-0.305
-0.2
-0.14
0.141
0.221
0.355
0.529
0.688
0.878
1.036
0.914
0.988
0.969
1.079
1.174
1.214
1.173
1.161
1.16
1.13
0.988
1.024
0.989
1.099
1.024
0.916
0.968
0.931
0.711
0.6
0.662
0.68
0.564
0.449
0.41
0.228
0.26
0.171
0.074
0.065
0.033
0.103
0.118
0.186
0.144
0.295
0.168
0.039
0.092
-0.031
-0.348
-0.557
-0.583
-0.573
-0.561
-0.517
-0.561
-0.509
-0.486
-0.399
-0.336
-0.315
-0.21
-0.08
0.12
0.12
0.177
0.464
0.634
0.848
0.979
0.924
1.009
0.975
0.922
0.988
0.94
0.904
0.816
0.598
0.481
0.525
0.41
0.47
0.415
0.434
0.188
0.159
0.164
0.107
-0.104
-0.22
-0.23
-0.16
-0.13
-0.244
-0.352
-0.174
-0.011
-0.041
0.066
0.261
0.344
0.419
0.391
0.443
0.39
0.395
0.454
0.269
0.276
0.291
0.215
0.326
0.359
0.384
0.228
0.276
0.236
0.155
0.098
0.144
0.179
0.264
0.403
0.411
0.478
0.571
0.671
0.828
0.888
0.809
0.604
0.568
0.529
0.384
0.184
0.138
0.086
0.009
-0.099
0.045
-0.094
-0.1
-0.045
-0.105
-0.1
-0.07
0.025
-0.06
-0.166
-0.144
-0.113
-0.064
-0.101
-0.119
-0.098
-0.143
-0.094
-0.079
-0.143
-0.005
-0.22
-0.133
0.128
0.193
0.344
0.271
0.409
0.439
0.534
0.496
0.818
0.854
1.021
1.008
1.114
1.076
1.324
1.347
1.166
1.124
1.012
0.846
0.633
0.564
0.619
0.723
0.619
0.659
0.481
0.489
0.334
0.376
0.331
0.323
0.15
0.129
0.035
0.198
-0.006
-0.304
-0.448
-0.593
-0.618
-0.974
-0.995
-1.144
-1.219
-1.251
-1.324
-1.329
-1.405
-1.155
-1.08
-1.159
-1.073
-1.036
-1.046
-1.029
-1.059
-1.179
-1.025
-1.03
-0.735
-0.711
-0.655
-0.694
-0.641
-0.787
-0.711
-0.593
-0.619
-0.576
-0.419
-0.379
-0.221
-0.055
-0.028
0.051
0.198
0.25
0.325
0.512
0.639
0.848
0.675
0.984
1.144
0.881
1.1
1.09
1.021
0.901
0.891
0.821
0.823
0.846
0.672
0.634
0.511
0.544
0.451
0.24
0.276
0.305
0.226
0.352
0.48
0.47
0.473
0.475
0.524
0.546
0.499
0.514
0.537
0.626
0.464
0.374
0.4
0.195
0.024
0.103
0.319
0.175
0.17
0.401
0.151
0.062
0.231
0.133
0.11
-0.106
-0.013
-0.286
-0.432
-0.339
-0.35
-0.356
-0.426
-0.448
-0.297
-0.119
-0.181
-0.194
-0.301
-0.374
-0.29
-0.4
-0.372
-0.541
-0.39
-0.269
-0.062
0.019
0.05
0.226
0.091
0.18
0.289
0.105
0.158
0.234
0.229
0.235
0.186
0.121
0.175
0.159
0.158
0.141
-0.084
-0.294
-0.411
-0.465
-0.414
-0.449
-0.314
-0.235
-0.036
-0.24
-0.339
-0.349
-0.415
-0.264
-0.415
-0.331
-0.401
-0.314
-0.226
-0.334
-0.16
-0.133
-0.17
-0.234
-0.381
-0.343
-0.115
-0.16
-0.259
-0.219
-0.182
0.024
0.019
0.109
0.113
0.2
0.201
0.019
-0.049
-0.022
-0.085
-0.09
-0.168
-0.158
-0.289
-0.312
-0.276
-0.242
-0.335
-0.247
-0.364
-0.254
-0.288
-0.224
-0.034
0.081
0.185
0.075
0.005
-0.034
-0.113
-0.221
-0.076
-0.11
-0.028
-0.033
-0.059
-0.056
-0.16
0.001
0.144
0.058
0.021
-0.04
-0.041
0.006
-0.028
0.0
-0.105
0.011
-0.04
-0.041
0.33
0.139
0.164
0.181
0.159
-0.086
-0.114
0.092
0.076
0.12
-0.2
-0.055
-0.256
-0.346
-0.216
-0.302
-0.161
-0.329
-0.458
-0.411
-0.225
-0.21
-0.219
-0.1
0.011
-0.103
0.062
-0.005
0.072
-0.036
-0.109
-0.016
-0.105
0.096
-0.165
-0.182
-0.121
-0.051
-0.22
-0.299
-0.151
-0.147
0.056
0.104
0.08
-0.094
-0.29
-0.256
-0.221
-0.198
-0.069
-0.151
-0.318
-0.44
-0.427
-0.526
-0.578
-0.388
-0.526
-0.474
-0.689
-0.792
-1.016
-0.907
-0.805
-0.866
-0.756
-0.66
-0.819
-0.905
-0.983
-1.036
-0.897
-0.619
-0.69
-0.595
-0.636
-0.524
-0.394
-0.443
-0.371
-0.301
-0.209
0.006
-0.011
-0.065
0.061
0.3
0.217
0.24
0.169
0.18
0.247
0.24
0.171
0.294
0.301
0.379
0.656
0.629
0.659
0.46
0.478
0.656
0.728
0.66
0.568
0.429
0.455
0.221
0.175
0.059
0.024
0.028
-0.054
-0.14
-0.185
-0.19
-0.341
-0.304
-0.125
-0.163
-0.21
0.02
0.029
0.116
0.19
0.254
0.32
0.278
0.319
0.152
0.009
0.077
-0.034
-0.066
-0.029
0.024
0.039
-0.085
-0.013
0.05
0.106
0.159
0.233
0.249
0.107
0.045
-0.005
0.065
0.001
0.046
0.005
-0.021
-0.246
-0.273
-0.236
-0.195
-0.186
-0.3
-0.179
-0.21
-0.168
-0.181
-0.149
-0.344
-0.436
-0.431
-0.614
-0.754
-0.94
-0.811
-0.713
-0.647
-0.511
-0.609
-0.591
-0.642
-0.51
-0.519
-0.541
-0.713
-0.559
-0.52
-0.31
-0.265
-0.143
0.031
-0.037
-0.099
-0.06
-0.161
-0.136
-0.149
-0.072
-0.114
-0.003
0.021
0.19
0.19
0.22
0.234
0.326
0.441
0.57
0.743
0.769
0.686
0.75
0.775
0.866
0.955
0.894
0.829
0.819
0.761
0.888
0.846
0.659
0.45
0.5
0.36
0.242
0.279
0.193
0.258
0.375
0.314
0.404
0.51
0.426
0.492
0.531
0.517
0.568
0.491
0.521
0.514
0.48
0.336
0.106
0.051
-0.05
-0.009
-0.066
-0.241
-0.354
-0.31
-0.18
-0.106
-0.09
-0.154
-0.273
-0.283
-0.336
-0.416
-0.499
-0.68
-0.674
-0.7
-0.708
-0.529
-0.46
-0.44
-0.41
-0.512
-0.556
-0.639
-0.975
-1.183
-1.205
-1.275
-1.209
-1.208
-1.177
-1.145
-1.22
-1.26
-1.309
-1.411
-1.519
-1.421
-1.456
-1.403
-1.126
-1.15
-1.155
-0.934
-0.649
-0.49
-0.552
-0.319
-0.305
-0.15
0.044
0.261
0.509
0.703
0.854
0.844
0.895
0.891
0.963
0.932
1.022
0.881
0.995
1.125
1.21
1.3
1.385
1.389
1.343
1.27
1.411
1.361
1.504
1.505
1.456
1.354
1.319
1.231
1.116
1.235
1.183
0.879
0.745
0.661
0.65
0.49
0.494
0.395
0.198
0.185
0.103
0.041
0.006
0.144
0.163
0.206
0.224
0.147
0.229
0.036
-0.061
-0.219
-0.203
-0.305
-0.398
-0.463
-0.536
-0.713
-0.718
-0.836
-0.89
-0.785
-0.809
-0.906
-1.001
-1.109
-1.146
-1.14
-1.166
-1.089
-1.12
-1.099
-0.949
-0.833
-0.853
-0.821
-0.662
-0.785
-0.735
-0.657
-0.586
-0.461
-0.372
-0.297
-0.334
-0.118
-0.025
-0.092
-0.061
0.031
0.251
0.346
0.435
0.384
0.414
0.406
0.355
0.395
0.28
0.286
0.236
0.268
0.37
0.336
0.425
0.49
0.445
0.456
0.565
0.61
0.634
0.459
0.599
0.465
0.639
0.58
0.511
0.51
0.494
0.469
0.481
0.427
0.527
0.485
0.288
0.1
0.185
0.18
0.228
0.17
0.235
0.096
0.214
0.13
-0.005
-0.064
0.184
0.211
0.344
0.354
0.398
0.489
0.315
0.348
0.312
0.44
0.453
0.529
0.623
0.561
0.718
0.675
0.736
0.829
0.745
0.642
0.534
0.646
0.684
0.719
0.614
0.409
0.331
0.291
0.118
0.041
0.01
-0.171
-0.266
-0.223
-0.269
-0.404
-0.249
-0.07
-0.16
-0.145
-0.099
-0.245
-0.085
-0.021
0.12
0.23
0.084
0.09
-0.104
0.151
0.182
0.188
0.226
0.147
0.429
0.497
0.654
0.509
0.532
0.424
0.241
0.414
0.463
0.524
0.578
0.688
0.665
0.74
0.9
0.839
0.802
0.765
0.7
0.863
0.78
0.571
0.583
0.443
0.491
0.458
0.409
0.497
0.28
0.376
0.119
0.037
0.024
-0.094
-0.253
-0.001
0.0
0.009
-0.096
-0.081
-0.156
-0.291
-0.186
-0.221
-0.034
-0.15
-0.096
-0.016
0.168
0.399
0.318
0.224
0.206
0.238
0.13
-0.079
-0.086
-0.179
0.135
0.312
0.375
0.258
0.345
0.524
0.551
0.547
0.385
0.451
0.383
0.335
0.316
0.119
0.266
0.451
0.44
0.188
0.005
0.136
0.029
-0.026
-0.052
-0.191
-0.393
-0.129
-0.261
-0.374
-0.55
-0.593
-0.547
-0.565
-0.559
-0.566
-0.436
-0.221
-0.13
0.169
0.121
0.2
0.08
-0.045
-0.11
-0.247
-0.039
0.095
0.195
0.046
0.006
0.236
0.133
0.295
0.391
0.275
0.321
0.326
0.249
0.273
0.254
0.361
0.54
0.59
0.549
0.554
0.659
0.411
0.307
0.339
0.323
0.4
0.274
0.235
0.084
-0.26
-0.338
-0.331
-0.431
-0.656
-0.623
-0.629
-0.562
-0.705
-0.596
-0.628
-0.6
-0.593
-0.646
-0.586
-0.565
-0.596
-0.471
-0.455
-0.68
-0.823
-1.005
-0.868
-0.633
-0.531
-0.645
-0.325
-0.24
-0.193
-0.098
-0.013
-0.024
-0.016
-0.091
0.04
-0.01
0.034
0.099
0.107
0.18
0.122
0.398
0.304
0.395
0.371
0.404
0.374
0.365
0.291
0.288
0.3
0.403
0.836
0.644
0.606
0.596
0.58
0.623
0.55
0.593
0.569
0.354
0.268
-0.025
0.061
-0.024
0.081
0.064
0.181
0.26
0.221
0.35
0.458
0.615
0.667
0.625
0.593
0.469
0.465
0.417
0.554
0.511
0.625
0.728
0.711
0.693
0.552
10.332
0.495
0.364
0.319
0.255
0.155
0.158
0.081
0.08
0.121
0.09
0.009
-0.074
-0.19
-0.104
-0.211
-0.629
-0.641
-0.551
-0.408
-0.4
-0.38
-0.344
-0.194
-0.393
-0.215
-0.217
-0.432
-0.301
-0.388
-0.372
-0.385
-0.3
0.001
-0.174
0.1
0.039
0.32
0.355
0.438
0.565
0.766
0.746
0.888
1.133
1.213
1.183
1.005
0.985
0.929
0.825
0.72
0.616
0.44
0.375
0.552
0.4
0.409
0.292
0.429
0.505
0.355
0.36
0.274
0.106
0.08
-0.273
-0.378
-0.309
-0.361
-0.275
-0.367
-0.426
-0.434
-0.514
-0.833
-0.696
-0.86
-0.966
-0.914
-0.814
-0.886
-0.922
-0.725
-0.676
-0.639
-0.694
-0.626
-0.508
-0.512
-0.562
-0.625
-0.652
-0.45
-0.736
-0.761
-0.704
-0.734
-0.527
-0.454
-0.386
-0.374
-0.395
-0.244
-0.188
-0.264
-0.194
-0.169
-0.179
-0.014
0.098
0.216
0.076
0.149
0.185
0.189
-0.085
-0.07
-0.135
-0.055
-0.135
-0.095
-0.271
-0.339
-0.26
-0.037
0.014
-0.029
0.069
-0.009
-0.04
-0.345
-0.464
-0.315
-0.264
-0.182
-0.013
0.144
-0.071
-0.064
0.16
0.133
0.196
0.212
0.188
0.131
0.118
0.119
0.143
-0.131
-0.228
-0.13
-0.124
-0.104
0.099
0.052
-0.011
-0.099
-0.221
-0.289
-0.229
-0.171
-0.151
-0.365
-0.532
-0.245
-0.508
-0.711
-0.866
-0.824
-0.698
-0.675
-0.591
-0.426
-0.414
-0.239
-0.315
-0.188
-0.265
-0.125
-0.266
-0.268
-0.208
-0.096
0.005
-0.01
0.251
0.27
0.239
0.23
0.307
0.319
0.229
0.283
0.171
0.179
0.263
0.38
0.414
0.422
0.427
0.393
0.454
0.559
0.478
0.38
0.344
0.389
0.333
0.369
0.43
0.367
0.361
0.536
0.614
0.695
0.446
0.432
0.478
0.395
0.301
0.315
0.348
0.464
0.274
0.286
0.18
0.254
0.141
-0.015
-0.107
-0.005
0.054
-0.177
-0.09
-0.013
-0.011
0.025
-0.05
0.001
0.119
0.217
0.193
0.199
0.296
-0.041
0.019
-0.031
-0.107
-0.256
-0.355
-0.301
-0.281
-0.177
-0.1
0.054
0.161
0.075
0.129
0.085
-0.029
0.056
0.005
-0.182
-0.372
-0.273
-0.269
-0.224
-0.14
-0.159
0.083
-0.07
-0.221
-0.133
0.056
-0.014
-0.048
-0.062
-0.119
-0.244
-0.307
-0.244
-0.306
-0.367
-0.323
-0.391
-0.35
-0.372
-0.409
-0.459
-0.458
-0.386
-0.54
-0.416
-0.432
-0.285
-0.276
-0.312
-0.304
-0.369
-0.344
-0.223
-0.141
-0.107
0.043
0.091
0.125
0.043
-0.077
-0.103
-0.103
-0.044
0.026
0.077
0.212
0.299
0.128
0.036
0.029
-0.061
0.006
0.003
-0.054
-0.037
-0.079
0.2
0.166
0.216
0.103
0.065
0.041
-0.091
-0.22
-0.306
-0.346
-0.456
-0.517
-0.571
-0.649
-0.599
-0.576
-0.473
-0.478
-0.503
-0.565
-0.436
-0.581
-0.782
-0.901
-0.945
-0.976
-1.029
-1.221
-1.054
-0.974
-0.812
-0.796
-0.761
-0.71
-0.831
-0.85
-0.87
-0.889
-0.841
-0.769
-0.532
-0.634
-0.769
-0.701
-0.666
-0.72
-0.749
-0.76
-0.761
-0.621
-0.46
-0.305
-0.173
0.095
0.268
0.32
0.334
0.228
0.37
0.422
0.449
0.455
0.286
0.45
0.443
0.616
0.74
0.753
0.873
0.889
0.989
0.938
0.98
0.991
0.911
0.818
0.811
0.815
0.594
0.525
0.469
0.51
0.555
0.626
0.573
0.539
0.646
0.598
0.601
0.604
0.516
0.258
0.133
0.19
0.026
-0.055
-0.064
-0.143
0.0
0.039
-0.086
-0.048
-0.004
0.019
0.174
0.147
0.146
0.141
0.18
0.242
0.296
0.311
0.154
0.177
0.304
0.263
0.348
0.271
0.249
0.27
0.312
0.439
0.519
0.656
0.755
0.719
0.696
0.826
0.935
0.986
0.965
0.921
0.836
0.973
0.843
0.88
0.871
0.676
0.618
0.715
0.766
0.546
0.458
0.605
0.662
0.614
0.703
0.669
0.628
0.68
0.482
0.693
0.532
0.557
0.624
0.479
0.656
0.659
0.585
0.504
0.443
0.225
0.085
0.165
0.306
0.398
0.326
0.324
0.179
0.096
-0.022
-0.159
-0.217
-0.223
-0.371
-0.42
-0.299
-0.494
-0.559
-0.661
-0.609
-0.696
-0.695
-0.749
-0.531
-0.589
-0.557
-0.489
-0.417
-0.37
-0.206
-0.388
-0.401
-0.45
-0.415
-0.201
-0.275
-0.156
0.094
0.241
0.251
0.124
0.115
0.271
0.371
0.331
0.333
0.188
0.246
0.574
0.481
0.469
0.53
0.584
0.769
0.776
0.779
0.551
0.659
0.564
0.544
0.54
0.584
0.625
0.62
0.603
0.438
0.454
0.489
0.311
0.28
0.134
0.044
0.084
0.041
0.046
0.135
0.021
-0.133
0.044
0.116
0.046
-0.297
-0.244
-0.19
-0.2
-0.115
-0.101
-0.147
0.046
-0.011
-0.022
-0.228
-0.25
-0.39
-0.623
-0.792
-0.939
-0.961
-1.068
-1.11
-1.222
-1.29
-1.228
-1.123
-1.071
-1.222
-1.308
-1.505
-1.566
-1.721
-1.679
-1.589
-1.359
-1.438
-1.3
-1.323
-1.199
-1.065
-1.121
-0.934
-0.966
-0.755
-0.866
-0.511
-0.524
-0.654
-0.331
-0.323
-0.16
-0.07
-0.296
-0.361
-0.225
0.151
0.295
0.384
0.236
0.375
0.495
0.581
0.408
0.378
0.456
0.466
0.88
1.064
1.045
0.93
0.981
0.922
1.048
0.965
1.026
1.143
1.074
1.306
1.264
1.23
1.147
1.27
1.246
1.225
1.326
1.065
1.028
1.088
0.976
0.927
0.995
0.851
0.848
0.804
0.77
0.704
0.475
0.638
0.824
0.495
0.739
0.547
0.411
0.304
0.208
0.188
0.118
0.069
-0.033
0.166
0.21
0.198
0.247
0.124
0.208
0.004
-0.029
-0.094
-0.085
-0.101
-0.115
-0.18
-0.276
-0.339
-0.38
-0.241
-0.171
-0.325
-0.289
-0.505
-0.623
-0.562
-0.541
-0.628
-0.468
-0.524
-0.552
-0.688
-0.745
-0.968
-0.777
-0.873
-0.807
-0.846
-0.873
-0.953
-0.843
-1.012
-0.994
-1.088
-0.764
-0.519
-0.511
-0.458
-0.508
-0.474
-0.446
-0.484
-0.508
-0.549
-0.281
-0.024
0.041
0.004
0.049
0.118
0.006
0.165
0.236
0.294
0.555
0.665
0.823
0.676
0.661
0.499
0.591
0.751
0.667
0.714
0.57
0.555
0.718
0.682
0.581
0.492
0.526
0.292
0.155
0.076
0.065
-0.069
-0.173
-0.139
-0.235
-0.352
-0.556
-0.655
-0.731
-1.002
-0.938
-1.049
-1.363
-1.606
-1.472
-1.465
-1.113
-1.022
-0.873
-0.976
-0.781
-0.849
-0.684
-0.566
-0.401
-0.279
-0.208
-0.126
0.02
0.329
0.721
0.861
0.945
1.04
0.927
0.99
0.986
0.841
0.924
0.769
0.851
0.996
0.901
0.89
0.926
0.989
0.831
0.828
0.861
0.619
0.486
0.175
0.158
-0.141
-0.326
-0.42
-0.295
-0.226
-0.41
-0.431
-0.405
-0.466
-0.701
-0.76
-0.951
-0.874
-0.672
-0.845
-0.651
-0.763
-0.495
-0.469
-0.506
-0.409
-0.711
-0.598
-0.596
-0.815
-0.849
-0.57
-0.531
-0.615
-0.454
-0.4
-0.344
-0.323
-0.239
-0.286
-0.374
-0.362
-0.271
-0.052
0.221
0.43
0.496
0.726
0.647
0.588
0.661
0.641
0.665
0.647
0.69
0.787
0.768
0.8
0.914
0.834
0.829
0.629
0.666
0.818
0.559
0.505
0.64
0.465
0.246
0.489
0.395
0.294
0.314
0.161
0.163
0.005
0.022
-0.074
0.105
0.086
-0.031
-0.12
-0.136
-0.16
-0.188
-0.158
-0.22
-0.179
-0.362
-0.515
-0.676
-0.971
-1.115
-1.409
-1.465
-1.514
-1.319
-1.406
-0.974
-1.04
-0.954
-1.038
-1.095
-1.019
-1.041
-1.115
-1.155
-0.954
-0.94
-0.875
-0.746
-0.79
-0.65
-0.556
-0.555
-0.641
-0.682
-0.695
-0.56
-0.581
-0.524
-0.381
-0.51
-0.455
-0.396
-0.255
-0.321
-0.357
-0.286
-0.208
-0.265
-0.264
-0.259
-0.212
-0.26
-0.1
-0.045
0.048
0.031
0.194
0.261
0.333
0.526
0.639
0.645
0.801
0.646
0.58
0.479
0.516
0.491
0.604
0.738
0.807
0.83
