-0.994
-0.834
-0.799
-0.734
-0.596
-0.552
-0.46
-0.468
-0.259
-0.289
-0.18
-0.11
-0.083
0.098
0.134
0.279
0.305
0.36
0.297
0.349
0.396
0.466
0.479
0.526
0.529
0.735
0.811
0.802
0.843
0.985
1.038
1.044
1.006
1.074
1.061
1.03
1.071
0.859
0.864
0.891
0.794
0.777
0.703
0.591
0.516
0.5
0.521
0.35
0.434
0.374
0.401
0.305
0.223
0.179
0.175
0.263
0.1
0.163
0.092
0.156
0.268
0.359
0.474
0.302
0.35
0.383
0.408
0.356
0.379
0.45
0.365
0.323
0.38
0.193
0.134
0.037
0.054
-0.034
0.036
0.037
0.007
0.009
0.01
-0.031
-0.156
-0.217
-0.13
-0.158
-0.352
-0.367
-0.455
-0.458
-0.426
-0.535
-0.425
-0.229
-0.161
-0.212
-0.098
-0.056
-0.163
-0.185
-0.146
-0.105
-0.169
-0.072
-0.01
-0.054
-0.083
-0.138
-0.018
0.011
0.028
0.076
0.186
0.27
0.314
0.421
0.357
0.369
0.475
0.495
0.465
0.595
0.61
0.561
0.561
0.475
0.325
0.276
0.299
0.072
0.062
0.247
-0.013
-0.09
0.013
0.13
-0.044
-0.069
-0.066
-0.115
-0.23
-0.311
-0.217
-0.206
-0.186
-0.37
-0.24
-0.281
-0.203
-0.286
-0.305
-0.255
-0.265
-0.301
-0.36
-0.391
-0.547
-0.448
-0.449
-0.344
-0.275
-0.375
-0.196
-0.186
-0.079
-0.04
0.088
0.224
-0.016
0.107
0.043
-0.007
0.101
0.14
0.214
0.085
0.089
0.077
-0.015
0.05
0.241
0.118
-0.084
-0.145
-0.111
-0.144
-0.348
-0.299
-0.302
-0.279
-0.175
-0.198
-0.14
-0.152
-0.185
-0.17
-0.174
-0.084
-0.055
-0.019
-0.258
-0.324
-0.266
-0.175
-0.106
-0.058
-0.072
-0.028
0.118
0.12
0.16
0.139
0.33
0.324
0.416
0.574
0.512
0.465
0.517
0.559
0.603
0.629
0.606
0.724
0.576
0.475
0.339
0.416
0.359
0.206
0.25
0.372
0.122
0.056
0.072
0.013
-0.059
-0.089
-0.083
-0.045
-0.019
-0.125
-0.14
-0.177
-0.314
-0.215
-0.356
-0.398
-0.429
-0.453
-0.443
-0.432
-0.448
-0.497
-0.545
-0.492
-0.604
-0.557
-0.566
-0.765
-0.98
-1.03
-0.973
-1.081
-1.076
-1.147
-0.995
-0.998
-0.897
-0.874
-0.866
-0.792
-0.761
-0.693
-0.608
-0.542
-0.682
-0.713
-0.724
-0.623
-0.671
-0.552
-0.603
-0.557
-0.414
-0.497
-0.414
-0.393
-0.379
-0.241
-0.107
0.009
-0.019
0.0
0.01
-0.041
0.026
-0.006
0.191
0.318
0.409
0.367
0.294
0.352
0.38
0.343
0.451
0.52
0.494
0.39
0.395
0.455
0.291
0.349
0.359
0.315
0.326
0.216
0.251
0.38
0.28
0.289
0.161
0.247
0.144
0.201
0.193
0.199
0.229
-0.003
-0.089
0.116
-0.07
-0.151
-0.179
-0.219
-0.139
-0.111
-0.118
-0.179
-0.255
-0.15
-0.107
0.096
0.028
-0.085
-0.018
-0.014
0.08
-0.065
-0.007
-0.054
0.044
0.139
0.111
0.23
0.229
0.231
0.219
0.27
0.3
0.203
0.134
0.124
0.188
0.095
-0.07
0.083
-0.029
-0.04
-0.151
-0.238
-0.245
-0.19
-0.346
-0.369
-0.399
-0.41
-0.482
-0.403
-0.288
-0.357
-0.422
-0.569
-0.445
-0.516
-0.482
-0.309
-0.403
-0.393
-0.383
-0.385
-0.383
-0.314
-0.166
-0.32
-0.026
0.019
0.119
0.114
0.205
0.258
0.517
0.555
0.739
0.614
0.765
0.858
0.785
0.907
0.98
1.1
1.28
1.389
1.238
1.224
1.075
1.041
1.088
0.981
0.891
0.819
0.743
0.655
0.616
0.451
0.401
0.294
0.395
0.225
0.188
0.359
0.189
0.265
0.219
0.289
0.176
0.278
0.424
0.31
0.258
0.171
0.254
0.276
0.284
0.365
0.413
0.508
0.682
0.706
0.696
0.615
0.8
0.824
0.79
0.804
0.878
0.914
0.998
1.016
0.873
0.901
0.919
1.048
1.139
1.141
1.026
1.1
1.129
1.097
1.097
1.058
0.983
0.948
0.874
0.611
0.615
0.422
0.331
0.354
0.39
0.352
0.115
0.045
-0.129
-0.266
-0.324
-0.351
-0.391
-0.448
-0.585
-0.734
-0.802
-0.81
-0.885
-0.87
-0.811
-0.769
-0.734
-0.801
-0.812
-0.843
-0.801
-0.79
-0.823
-0.838
-0.965
-0.825
-0.754
-0.768
-0.834
-0.921
-0.631
-0.7
-0.603
-0.526
-0.434
-0.429
-0.341
-0.319
-0.355
-0.084
-0.036
0.075
0.128
0.195
0.264
0.302
0.455
0.417
0.391
0.68
0.549
0.495
0.501
0.361
0.274
0.271
0.235
0.352
0.216
0.139
0.113
0.294
0.146
0.177
0.007
0.12
0.077
-0.026
0.048
-0.089
-0.039
-0.058
0.056
0.115
0.094
0.219
0.149
0.179
0.185
0.289
0.052
0.211
0.175
0.039
0.089
0.124
0.19
0.158
0.169
0.031
0.039
-0.049
-0.071
-0.054
-0.035
-0.064
-0.059
-0.166
-0.126
0.003
-0.077
-0.044
0.044
0.021
-0.018
0.118
0.163
0.143
0.086
0.266
0.216
0.295
0.238
0.201
0.147
0.144
0.134
0.134
0.15
0.049
0.111
0.147
0.134
0.118
0.021
0.014
0.026
0.048
-0.006
-0.058
0.033
-0.026
-0.083
-0.071
-0.111
-0.099
-0.028
-0.11
-0.045
0.004
-0.105
-0.086
-0.07
-0.181
-0.341
-0.331
-0.269
-0.4
-0.463
-0.256
-0.434
-0.497
-0.456
-0.599
-0.568
-0.52
-0.566
-0.715
-0.765
-1.086
-0.875
-0.682
-0.689
-0.685
-0.641
-0.532
-0.48
-0.391
-0.316
-0.389
-0.256
-0.336
-0.314
-0.354
-0.326
-0.343
-0.401
-0.426
-0.464
-0.355
-0.355
-0.352
-0.314
-0.351
-0.285
-0.208
-0.205
-0.146
-0.066
-0.119
-0.046
-0.049
-0.145
-0.176
-0.118
-0.166
-0.105
-0.034
-0.072
0.194
-0.006
0.072
0.138
0.151
0.268
0.375
0.453
0.478
0.335
0.291
0.354
0.4
0.323
0.325
0.365
0.361
0.355
0.514
0.48
0.393
0.48
0.526
0.481
0.521
0.411
0.55
0.549
0.54
0.642
0.785
0.864
0.961
0.985
0.77
0.689
0.608
0.547
0.46
0.463
0.22
0.329
0.286
0.24
0.231
0.231
0.24
0.258
0.166
0.022
0.034
-0.11
-0.101
-0.004
-0.05
-0.018
0.026
-0.029
-0.007
-0.051
-0.071
-0.036
0.088
0.151
0.168
0.11
0.261
0.136
0.177
0.275
0.103
0.09
0.098
0.18
0.035
0.066
-0.024
0.09
0.15
0.125
0.101
0.07
0.14
0.133
-0.054
-0.084
-0.039
-0.103
-0.12
-0.111
0.007
-0.001
0.096
0.062
0.034
-0.061
-0.113
-0.009
-0.028
-0.158
-0.064
-0.171
-0.149
-0.066
-0.233
-0.234
-0.182
-0.285
-0.181
-0.285
-0.19
-0.318
-0.151
-0.088
-0.058
-0.09
-0.031
-0.107
-0.081
-0.134
-0.273
-0.199
-0.239
-0.352
-0.405
-0.495
-0.575
-0.624
-0.642
-0.562
-0.4
-0.388
-0.309
-0.362
-0.409
-0.463
-0.413
-0.626
-0.75
-0.893
-0.875
-0.831
-0.874
-0.94
-1.157
-1.134
-1.119
-1.216
-1.254
-1.386
-1.31
-1.466
-1.415
-1.269
-1.386
-1.425
-1.331
-1.164
-1.278
-1.205
-1.135
-1.002
-0.927
-0.734
-0.735
-0.759
-0.576
-0.455
-0.3
-0.185
-0.011
0.043
0.214
0.386
0.395
0.441
0.263
0.464
0.484
0.414
0.547
0.458
0.497
0.628
0.671
0.706
0.881
0.833
0.769
0.858
0.931
0.901
0.964
0.831
0.74
0.814
0.894
0.896
0.848
0.644
0.799
0.605
0.348
0.349
0.273
0.23
0.221
0.176
0.152
0.033
0.09
0.049
0.006
0.039
0.062
0.033
-0.158
0.028
-0.091
-0.21
-0.41
-0.591
-0.7
-0.891
-0.939
-1.201
-1.386
-1.323
-1.271
-1.3
-1.286
-1.347
-1.366
-1.481
-1.48
-1.409
-1.556
-1.593
-1.634
-1.636
-1.701
-1.546
-1.33
-1.195
-1.117
-1.028
-0.836
-0.751
-0.919
-1.068
-0.736
-1.218
-1.177
-1.244
-1.163
-1.232
-1.127
-0.989
-0.95
-0.914
-0.724
-0.605
-0.46
-0.471
-0.408
-0.503
-0.672
-0.66
-0.589
-0.662
-0.695
-0.623
-0.491
-0.435
-0.361
-0.254
-0.448
-0.394
-0.466
-0.301
-0.357
-0.301
-0.221
-0.001
0.173
0.268
0.497
0.61
0.766
0.906
1.01
1.149
1.114
1.046
1.086
1.056
0.991
0.861
0.889
0.791
0.955
0.841
0.891
0.961
0.94
1.046
1.23
1.334
1.136
1.062
1.0
1.025
1.029
0.915
0.953
0.879
0.755
0.751
0.669
0.45
0.481
0.473
0.374
0.194
-0.07
-0.198
-0.239
-0.246
-0.307
-0.328
-0.424
-0.628
-0.652
-0.77
-0.931
-1.031
-1.191
-1.101
-1.04
-1.051
-1.181
-1.058
-1.052
-1.004
-1.015
-0.969
-1.055
-1.055
-0.975
-1.045
-0.856
-1.076
-0.99
-1.004
-0.927
-0.796
-0.795
-0.56
-0.763
-0.764
-0.725
-0.54
-0.411
-0.113
0.133
0.191
0.37
0.103
0.118
0.084
0.18
0.29
0.371
0.512
0.545
0.573
0.568
0.714
0.647
0.691
0.754
0.581
0.427
0.458
0.365
0.339
0.231
0.181
0.304
0.326
0.256
0.386
0.369
0.281
0.095
-0.009
0.007
0.16
0.147
0.221
0.54
0.231
0.348
0.381
0.356
0.355
0.6
0.443
0.415
0.276
0.185
0.328
0.411
0.323
0.31
0.171
0.289
0.158
0.075
0.096
0.02
0.205
0.084
0.074
0.033
0.114
0.367
0.391
0.44
0.657
0.645
0.679
0.514
0.478
0.403
0.359
0.254
0.198
0.335
0.281
0.251
0.159
0.106
0.116
-0.104
-0.205
-0.056
-0.083
-0.122
-0.159
0.005
-0.085
-0.107
-0.274
-0.345
-0.427
-0.359
-0.354
-0.426
-0.4
-0.487
-0.541
-0.583
-0.594
-0.665
-0.724
-0.575
-0.704
-0.789
-0.965
-0.98
-0.999
-1.125
-1.413
-1.321
-1.301
-1.451
-1.458
-1.59
-1.55
-1.49
-1.376
-1.255
-1.097
-0.941
-0.754
-0.756
-0.499
-0.359
-0.38
-0.281
-0.25
-0.296
-0.413
-0.398
-0.364
-0.077
-0.105
-0.011
0.211
0.458
0.515
0.677
0.904
0.979
1.124
1.275
1.448
1.528
1.617
1.659
1.73
1.755
1.698
1.721
1.539
1.538
1.595
1.357
1.397
1.31
1.44
1.502
1.536
1.335
1.312
1.302
1.069
1.113
0.84
0.864
0.881
0.72
0.569
0.424
0.359
0.265
0.121
0.061
-0.086
-0.064
-0.072
-0.188
-0.29
-0.336
-0.302
-0.212
-0.341
-0.343
-0.417
-0.244
-0.404
-0.306
-0.416
-0.574
-0.564
-0.463
-0.575
-0.666
-0.605
-0.516
-0.546
-0.515
-0.345
-0.422
-0.443
-0.549
-0.556
-0.546
-0.616
-0.541
-0.461
-0.585
-0.682
-0.681
-0.541
-0.629
-0.655
-0.66
-0.714
-0.699
-0.805
-0.654
-0.544
-0.591
-0.515
-0.458
-0.401
-0.395
-0.233
-0.09
-0.095
-0.036
-0.064
-0.225
-0.326
-0.375
-0.378
-0.398
-0.591
-0.219
-0.497
-0.562
-0.565
-0.41
-0.383
-0.367
-0.279
-0.339
-0.203
-0.143
-0.076
0.031
0.194
0.25
0.288
0.331
0.269
0.276
0.238
0.283
0.23
0.159
0.214
-0.031
0.081
0.059
-0.025
-0.001
0.007
0.175
0.12
0.029
-0.021
-0.081
-0.191
-0.209
-0.159
-0.131
-0.198
-0.23
-0.224
-0.333
-0.301
-0.326
-0.343
-0.438
-0.474
-0.399
-0.427
-0.285
-0.385
-0.265
-0.261
-0.31
-0.181
-0.149
0.004
0.06
-0.015
0.118
0.149
0.245
0.284
0.291
0.401
0.497
0.603
0.638
0.579
0.68
0.706
0.79
0.611
0.642
0.665
0.596
0.698
0.552
0.544
0.504
0.497
0.463
0.411
0.325
0.372
0.286
0.193
0.114
0.086
0.081
0.02
-0.17
-0.255
-0.266
-0.37
-0.366
-0.351
-0.352
-0.466
-0.279
-0.544
-0.61
-0.662
-0.568
-0.651
-0.61
-0.677
-0.618
-0.559
-0.51
-0.361
-0.336
-0.292
-0.309
-0.3
-0.236
-0.284
-0.229
-0.297
-0.129
-0.088
-0.135
-0.205
-0.236
-0.1
-0.156
-0.107
0.037
0.092
0.177
0.244
0.27
0.323
0.451
0.464
0.564
0.546
0.561
0.473
0.503
0.541
0.41
0.486
0.404
0.374
0.249
0.128
0.119
-0.07
0.031
-0.295
-0.246
-0.301
-0.361
-0.385
-0.481
-0.444
-0.492
-0.527
-0.5
-0.351
-0.22
-0.206
-0.225
-0.131
-0.235
-0.309
-0.281
-0.264
-0.328
-0.305
-0.414
-0.451
-0.398
-0.369
-0.463
-0.386
-0.246
-0.245
-0.503
-0.441
-0.459
-0.278
-0.399
-0.349
-0.244
-0.336
-0.331
-0.236
-0.228
-0.211
-0.235
-0.269
-0.295
-0.33
-0.299
-0.3
-0.385
-0.494
-0.375
-0.575
-0.46
-0.486
-0.441
-0.329
-0.372
-0.381
-0.253
-0.29
-0.229
-0.085
-0.134
-0.3
-0.256
-0.259
-0.175
-0.241
-0.126
-0.3
-0.212
-0.247
-0.175
-0.203
-0.107
0.079
-0.005
0.071
0.083
0.12
0.244
0.205
0.233
0.216
0.092
0.119
0.191
0.179
0.152
0.211
0.24
0.241
0.206
0.139
0.013
0.111
-0.06
-0.056
0.146
0.058
0.18
-0.004
0.003
0.083
0.143
0.251
0.159
0.189
0.284
0.24
0.432
0.516
0.61
0.565
0.604
0.426
0.326
0.42
0.478
0.48
0.57
0.441
0.489
0.395
0.278
0.309
0.325
0.396
0.478
0.705
0.851
0.774
0.701
0.746
0.836
0.859
0.96
0.848
0.835
0.853
0.7
0.969
0.841
0.759
0.65
0.738
0.647
0.573
0.591
0.481
0.699
0.545
0.539
0.657
0.86
0.836
0.828
0.791
0.667
0.515
0.458
0.326
0.438
0.468
0.51
0.52
0.451
0.278
0.219
0.109
0.09
-0.031
-0.031
-0.066
-0.246
-0.198
-0.305
-0.241
-0.236
-0.264
-0.165
-0.291
-0.211
-0.314
-0.299
-0.336
-0.263
-0.149
-0.166
-0.184
-0.152
-0.033
-0.064
0.096
0.149
0.217
0.295
0.316
0.306
0.168
0.365
0.235
0.143
0.107
0.052
0.212
0.266
0.236
0.336
0.479
0.453
0.46
0.516
0.496
0.416
0.446
0.348
0.312
0.295
0.297
0.241
0.199
0.15
0.159
0.214
0.226
0.124
0.193
0.231
0.233
0.253
0.273
0.195
0.319
0.336
0.29
0.393
0.396
0.314
0.352
0.296
0.369
0.431
0.45
0.458
0.544
0.511
0.425
0.445
0.307
0.456
0.388
0.259
0.301
0.193
0.019
0.214
0.177
0.159
0.096
0.284
0.429
0.495
0.219
0.12
0.245
0.103
0.035
0.124
0.075
0.208
0.103
0.08
0.182
0.099
-0.034
-0.158
-0.149
-0.094
-0.096
-0.231
-0.366
-0.321
-0.367
-0.374
-0.417
-0.5
-0.479
-0.562
-0.635
-0.615
-0.769
-0.705
-0.786
-0.815
-0.965
-0.99
-0.943
-0.958
-1.059
-0.968
-1.121
-1.266
-1.055
-1.054
-0.883
-0.849
-0.709
-0.58
-0.389
-0.355
-0.37
-0.144
-0.199
0.036
0.011
0.077
0.256
0.296
0.456
0.508
0.552
0.564
0.471
0.438
0.2
0.324
0.139
0.111
0.171
0.048
-0.033
-0.158
-0.292
-0.244
-0.301
-0.28
-0.209
-0.212
-0.242
-0.376
-0.383
-0.445
-0.403
-0.444
-0.44
-0.361
-0.263
-0.326
-0.404
-0.184
-0.398
-0.375
-0.388
-0.364
-0.259
-0.362
-0.24
-0.352
-0.324
-0.208
-0.228
-0.33
-0.206
-0.201
-0.11
-0.196
-0.066
-0.048
0.124
0.234
0.236
0.323
0.325
0.321
0.333
0.351
0.393
0.375
0.495
0.576
0.525
0.465
0.461
0.501
0.509
0.438
0.444
0.33
0.531
0.62
0.718
0.65
0.706
0.625
0.646
0.557
0.56
0.726
0.554
0.555
0.496
0.331
0.429
0.384
0.345
0.24
0.401
0.186
0.184
0.286
0.285
0.324
0.279
0.346
0.266
0.212
0.375
0.343
0.497
0.379
0.398
0.325
0.445
0.323
0.341
0.331
0.14
0.135
0.107
0.104
0.119
0.177
0.089
0.026
0.163
0.091
0.098
0.022
0.052
-0.015
-0.044
-0.055
-0.072
-0.055
-0.146
-0.155
-0.049
-0.111
-0.205
-0.07
-0.242
-0.284
-0.286
-0.235
-0.019
0.179
0.051
-0.031
0.101
0.075
0.165
0.209
0.364
0.253
0.369
0.244
0.301
0.278
0.366
0.355
0.386
0.225
0.236
0.223
0.06
-0.031
-0.031
-0.171
-0.179
-0.009
0.046
0.019
0.052
0.061
0.175
0.131
0.077
-0.046
-0.001
-0.141
-0.17
-0.039
0.054
0.084
-0.034
-0.013
-0.103
-0.314
-0.395
-0.416
-0.503
-0.749
-0.802
-0.932
-0.917
-0.906
-0.895
-0.986
-0.739
-0.731
-0.774
-0.521
-0.431
-0.352
-0.242
-0.05
0.196
0.091
0.24
0.28
0.515
0.547
0.711
0.891
0.902
0.789
0.698
0.82
0.84
0.758
0.792
0.864
0.826
0.901
0.845
0.546
0.591
0.649
0.705
0.759
0.693
0.756
0.549
0.579
0.682
0.656
0.694
0.745
0.718
0.758
0.665
0.598
0.672
0.444
0.52
0.652
0.772
0.758
0.508
0.417
0.235
0.152
0.155
0.074
-0.046
0.001
0.129
0.075
-0.003
0.04
0.001
-0.101
-0.113
-0.189
-0.15
-0.098
-0.234
-0.114
-0.056
-0.003
0.206
0.229
0.235
0.039
0.128
0.136
0.149
0.199
0.214
0.263
0.304
0.182
0.096
-0.131
-0.256
-0.251
-0.182
-0.22
-0.238
-0.15
-0.18
-0.278
-0.119
-0.046
0.109
0.193
0.224
0.156
0.125
-0.051
-0.048
0.06
0.134
0.004
-0.155
-0.045
-0.217
-0.256
-0.046
0.006
0.152
-0.052
-0.22
-0.16
-0.01
0.02
-0.061
-0.077
0.02
0.08
0.273
0.326
0.372
0.357
0.265
0.283
0.239
0.171
0.133
0.188
0.214
0.223
0.113
0.094
-0.036
-0.013
-0.168
-0.066
0.018
0.188
0.083
0.071
0.188
0.231
0.396
0.542
0.675
0.724
0.792
0.661
0.83
0.791
0.906
0.831
0.965
0.983
1.1
1.11
0.941
0.863
0.78
0.584
0.794
0.89
0.807
0.75
0.573
0.519
0.408
0.273
0.08
-0.089
-0.173
-0.133
-0.103
0.014
-0.046
-0.166
-0.209
-0.274
-0.443
-0.6
-0.645
-0.745
-0.806
-0.705
-0.71
-0.888
-1.185
-1.031
-1.15
-1.435
-1.443
-1.41
-1.416
-1.465
-1.323
-1.239
-1.232
-1.123
-1.13
-0.912
-0.826
-0.743
-0.779
-0.77
-0.604
-0.441
-0.376
-0.35
-0.307
-0.33
-0.465
-0.345
-0.261
-0.121
-0.109
0.036
0.077
0.021
-0.046
0.02
0.064
0.107
0.08
0.135
-0.013
0.06
0.13
0.138
0.062
0.128
0.171
0.249
0.355
0.325
0.439
0.37
0.224
0.371
0.283
0.301
0.401
0.306
0.435
0.343
0.329
0.443
0.391
0.444
0.473
0.221
0.089
-0.149
-0.251
-0.419
-0.559
-0.719
-0.787
-0.804
-0.82
-1.019
-1.031
-0.99
-1.079
-1.115
-1.169
-1.113
-1.225
-1.064
-1.105
-1.25
-1.144
-1.127
-0.996
-0.789
-0.576
-0.48
-0.417
-0.348
-0.3
-0.215
-0.034
-0.019
-0.083
-0.096
-0.09
-0.069
-0.116
-0.18
0.013
-0.245
-0.191
-0.421
-0.391
-0.435
-0.494
-0.361
-0.186
-0.273
-0.092
-0.033
-0.103
-0.147
-0.266
-0.151
-0.326
-0.565
-0.729
-0.609
-0.633
-0.586
-0.593
-0.733
-0.715
-0.611
-0.469
-0.296
-0.193
0.035
-0.058
-0.003
0.059
0.245
0.36
0.468
0.389
0.311
0.393
0.435
0.4
0.366
0.432
0.4
0.343
0.324
0.185
0.109
0.201
0.32
0.346
0.109
0.069
0.121
0.311
0.299
0.098
0.033
-0.033
-0.022
-0.06
0.081
0.22
0.235
0.367
0.422
0.667
0.536
0.626
0.689
0.6
0.651
0.542
0.471
0.41
0.348
0.274
0.239
0.291
0.1
0.191
0.013
0.089
0.092
0.116
0.3
0.36
0.421
0.394
0.615
0.329
0.09
0.058
0.058
0.168
0.217
0.219
0.077
0.004
0.037
0.194
-0.011
-0.045
-0.043
-0.019
0.007
-0.054
-0.191
-0.06
-0.179
-0.195
-0.228
-0.037
-0.125
-0.274
-0.238
-0.294
-0.276
-0.264
-0.104
-0.07
-0.028
0.013
0.072
0.188
0.247
0.295
0.301
0.323
0.283
0.203
0.37
0.351
0.345
0.28
0.348
0.143
0.236
0.309
0.359
0.245
0.043
-0.116
-0.141
-0.189
-0.388
-0.539
-0.429
-0.554
-0.384
-0.406
-0.566
-0.503
-0.511
-0.461
-0.486
-0.591
-0.608
-0.561
-0.59
-0.6
-0.404
-0.508
-0.458
-0.427
-0.354
-0.378
-0.355
-0.28
-0.217
0.083
0.11
0.163
0.198
0.253
0.25
0.3
0.299
0.241
0.173
0.081
0.075
0.033
0.059
-0.059
-0.111
-0.111
-0.115
0.046
0.069
-0.045
0.014
0.004
0.23
0.149
0.229
0.268
0.251
0.224
0.155
0.374
0.107
0.14
0.129
0.141
0.217
0.191
0.135
0.21
0.405
0.535
0.537
0.652
0.549
0.54
0.575
0.551
0.694
0.556
0.578
0.388
0.39
0.199
0.21
0.166
0.094
-0.028
-0.13
-0.212
-0.385
-0.55
-0.713
-0.885
-0.796
-0.786
-0.676
-0.672
-0.691
-0.681
-0.708
-0.814
-0.905
-0.929
-0.985
-1.104
-1.025
-0.975
-0.935
-0.902
-0.738
-0.774
-0.881
-0.781
-0.719
-0.711
-0.699
-0.676
-0.573
-0.39
-0.355
-0.396
-0.007
0.079
0.194
0.395
0.417
