0.129
0.075
-0.003
0.04
0.001
-0.101
-0.113
-0.189
-0.15
-0.098
-0.234
-0.114
-0.056
-0.003
0.206
0.229
0.235
0.039
0.128
0.136
0.149
0.199
0.214
0.263
0.304
0.182
0.096
-0.131
-0.256
-0.251
-0.182
-0.22
-0.238
-0.15
-0.18
-0.278
-0.119
-0.046
0.109
0.193
0.224
0.156
0.125
-0.051
-0.048
0.06
0.134
0.004
-0.155
-0.045
-0.217
-0.256
-0.046
0.006
0.152
-0.052
-0.22
-0.16
-0.01
0.02
-0.061
-0.077
0.02
0.08
0.273
0.326
0.372
0.357
0.265
0.283
0.239
0.171
0.133
0.188
0.214
0.223
0.113
0.094
-0.036
-0.013
-0.168
-0.066
0.018
0.188
0.083
0.071
0.188
0.231
0.396
0.542
0.675
0.724
0.792
0.661
0.83
0.791
0.906
0.831
0.965
0.983
1.1
1.11
0.941
0.863
0.78
0.584
0.794
0.89
0.807
0.75
0.573
0.519
0.408
0.273
0.08
-0.089
-0.173
-0.133
-0.103
0.014
-0.046
-0.166
-0.209
-0.274
-0.443
-0.6
-0.645
-0.745
-0.806
-0.705
-0.71
-0.888
-1.185
-1.031
-1.15
-1.435
-1.443
-1.41
-1.416
-1.465
-1.323
-1.239
-1.232
-1.123
-1.13
-0.912
-0.826
-0.743
-0.779
-0.77
-0.604
-0.441
-0.376
-0.35
-0.307
-0.33
-0.465
-0.345
-0.261
-0.121
-0.109
0.036
0.077
0.021
-0.046
0.02
0.064
0.107
0.08
0.135
-0.013
0.06
0.13
0.138
0.062
0.128
0.171
0.249
0.355
0.325
0.439
0.37
0.224
0.371
0.283
0.301
0.401
0.306
0.435
0.343
0.329
0.443
0.391
0.444
0.473
0.221
0.089
-0.149
-0.251
-0.419
-0.559
-0.719
-0.787
-0.804
-0.82
-1.019
-1.031
-0.99
-1.079
-1.115
-1.169
-1.113
-1.225
-1.064
-1.105
-1.25
-1.144
-1.127
-0.996
-0.789
-0.576
-0.48
-0.417
-0.348
-0.3
-0.215
-0.034
-0.019
-0.083
-0.096
-0.09
-0.069
-0.116
-0.18
0.013
-0.245
-0.191
-0.421
-0.391
-0.435
-0.494
-0.361
-0.186
-0.273
-0.092
-0.033
-0.103
-0.147
-0.266
-0.151
-0.326
-0.565
-0.729
-0.609
-0.633
-0.586
-0.593
-0.733
-0.715
-0.611
-0.469
-0.296
-0.193
0.035
-0.058
-0.003
0.059
0.245
0.36
0.468
0.389
0.311
0.393
0.435
0.4
0.366
0.432
0.4
0.343
0.324
0.185
0.109
0.201
0.32
0.346
0.109
0.069
0.121
0.311
0.299
0.098
0.033
-0.033
-0.022
-0.06
0.081
0.22
0.235
0.367
0.422
0.667
0.536
0.626
0.689
0.6
0.651
0.542
0.471
0.41
0.348
0.274
0.239
0.291
0.1
0.191
0.013
0.089
0.092
0.116
0.3
0.36
0.421
0.394
0.615
0.329
0.09
0.058
0.058
0.168
0.217
0.219
0.077
0.004
0.037
0.194
-0.011
-0.045
-0.043
-0.019
0.007
-0.054
-0.191
-0.06
-0.179
-0.195
-0.228
-0.037
-0.125
-0.274
-0.238
-0.294
-0.276
-0.264
-0.104
-0.07
-0.028
0.013
0.072
0.188
0.247
0.295
0.301
0.323
0.283
0.203
0.37
0.351
0.345
0.28
0.348
0.143
0.236
0.309
0.359
0.245
0.043
-0.116
-0.141
-0.189
-0.388
-0.539
-0.429
-0.554
-0.384
-0.406
-0.566
-0.503
-0.511
-0.461
-0.486
-0.591
-0.608
-0.561
-0.59
-0.6
-0.404
-0.508
-0.458
-0.427
-0.354
-0.378
-0.355
-0.28
-0.217
0.083
0.11
0.163
0.198
0.253
0.25
0.3
0.299
0.241
0.173
0.081
0.075
0.033
0.059
-0.059
-0.111
-0.111
-0.115
0.046
0.069
-0.045
0.014
0.004
0.23
0.149
0.229
0.268
0.251
0.224
0.155
0.374
0.107
0.14
0.129
0.141
0.217
0.191
0.135
0.21
0.405
0.535
0.537
0.652
0.549
0.54
0.575
0.551
0.694
0.556
0.578
0.388
0.39
0.199
0.21
0.166
0.094
-0.028
-0.13
-0.212
-0.385
-0.55
-0.713
-0.885
-0.796
-0.786
-0.676
-0.672
-0.691
-0.681
-0.708
-0.814
-0.905
-0.929
-0.985
-1.104
-1.025
-0.975
-0.935
-0.902
-0.738
-0.774
-0.881
-0.781
-0.719
-0.711
-0.699
-0.676
-0.573
-0.39
-0.355
-0.396
-0.007
0.079
0.194
0.395
0.417
0.425
0.429
0.526
0.381
0.386
0.453
0.336
0.38
0.42
0.503
0.435
0.406
0.333
0.451
0.413
0.362
0.372
0.403
0.304
0.12
0.355
0.424
0.273
0.094
-0.033
-0.111
-0.119
-0.241
-0.276
-0.3
-0.318
-0.205
-0.21
-0.321
-0.233
-0.389
-0.266
-0.186
-0.171
-0.19
-0.113
-0.107
-0.152
-0.151
-0.256
-0.185
-0.001
-0.086
-0.019
0.044
0.086
0.219
0.198
0.193
0.066
0.04
0.083
0.02
0.072
0.098
0.085
-0.045
-0.056
-0.11
-0.055
0.133
0.221
0.315
0.181
0.138
0.203
0.251
0.211
0.175
0.059
0.114
0.124
0.209
0.279
0.235
0.299
0.38
0.319
0.326
0.141
0.01
0.029
-0.305
-0.26
-0.316
-0.241
-0.261
-0.205
-0.238
-0.193
-0.255
-0.229
-0.203
-0.193
-0.181
-0.037
-0.075
0.175
0.311
0.196
0.265
0.426
0.365
0.453
0.381
0.45
0.568
0.642
0.754
0.616
0.682
0.724
0.875
0.883
0.755
0.772
0.829
0.725
0.745
0.698
0.711
0.695
0.854
0.669
0.73
0.633
0.474
0.425
0.234
0.25
0.156
0.099
0.041
-0.005
-0.114
-0.07
-0.031
-0.144
-0.145
-0.115
-0.072
0.126
0.135
0.185
0.131
0.041
0.159
0.193
0.264
0.212
-0.138
0.185
0.25
0.366
0.286
0.212
0.185
0.014
0.051
0.1
0.051
-0.095
-0.098
-0.175
-0.292
-0.375
-0.426
-0.326
-0.519
-0.638
-0.704
-0.858
-0.797
-0.886
-0.891
-0.785
-0.671
-0.731
-0.524
-0.584
-0.69
-0.763
-0.724
-0.801
-0.704
-0.834
-0.72
-0.642
-0.519
-0.537
-0.355
-0.325
-0.241
-0.305
-0.264
-0.211
-0.27
-0.345
-0.383
-0.286
-0.448
-0.33
-0.505
-0.655
-0.623
-0.517
-0.595
-0.738
-0.671
-0.728
-0.614
-0.405
-0.26
-0.211
-0.185
-0.254
-0.056
0.037
0.196
0.19
0.273
0.321
0.376
0.531
0.664
0.431
0.468
0.348
0.399
0.495
0.279
0.263
0.276
0.367
0.139
0.125
0.049
-0.03
0.069
-0.049
0.085
0.107
0.043
0.12
0.049
0.066
0.021
0.092
0.116
0.114
0.064
-0.084
-0.058
0.005
0.066
0.168
0.06
0.119
0.069
0.134
0.134
0.314
0.367
0.315
0.381
0.49
0.415
0.546
0.614
0.598
0.685
0.579
0.569
0.649
0.591
0.435
0.506
0.589
0.705
0.675
0.527
0.48
0.833
0.721
0.736
0.698
0.675
0.672
0.606
0.694
0.584
0.547
0.468
0.386
0.225
-0.041
0.035
-0.163
-0.203
-0.276
-0.319
-0.301
-0.302
-0.379
-0.46
-0.427
-0.394
-0.432
-0.361
-0.529
-0.326
-0.289
-0.339
-0.315
-0.456
-0.481
-0.464
-0.399
-0.343
-0.403
-0.419
-0.352
-0.417
-0.552
-0.586
-0.526
-0.62
-0.624
-0.475
-0.177
-0.288
-0.359
-0.149
-0.203
-0.18
-0.03
0.059
0.05
0.013
-0.074
0.118
0.212
0.229
0.403
0.458
0.55
0.465
0.624
0.677
0.511
0.545
0.561
0.531
0.459
0.394
0.36
0.24
0.425
0.35
0.271
0.339
0.435
0.468
0.516
0.495
0.743
0.731
0.807
0.726
0.769
0.754
0.839
0.886
0.69
0.878
0.829
0.681
0.744
0.629
0.69
0.417
0.454
0.5
0.376
0.453
0.445
0.52
0.449
0.562
0.47
0.578
0.616
0.672
0.583
0.436
0.453
0.615
0.443
0.509
0.524
0.492
0.427
0.385
0.515
0.454
0.541
0.619
0.618
0.618
0.539
0.508
0.51
0.424
0.496
0.395
0.366
0.422
0.159
0.212
0.147
0.176
0.05
0.031
0.049
-0.246
-0.344
-0.537
-0.701
-0.853
-0.938
-1.005
-1.01
-0.946
-0.955
-1.024
-1.035
-0.944
-0.986
-1.065
-1.215
-1.186
-1.208
-1.085
-1.134
-1.165
-1.365
-1.106
-0.718
-0.765
-0.642
-0.564
-0.413
-0.515
-0.396
-0.316
-0.165
-0.166
-0.058
-0.061
0.084
-0.051
0.111
0.113
0.077
0.066
0.163
0.226
0.255
0.319
0.251
0.152
0.241
0.266
0.39
0.296
0.179
0.074
0.03
0.095
0.06
-0.094
-0.244
-0.179
-0.116
-0.083
-0.2
-0.12
-0.033
-0.134
0.103
0.205
0.316
0.585
0.348
0.266
0.271
0.606
0.456
0.621
0.615
0.685
0.491
0.466
0.424
0.537
0.629
0.571
0.693
0.537
0.309
0.29
0.266
0.058
0.069
0.165
0.083
0.048
0.116
0.135
-0.065
0.061
-0.009
0.196
0.188
0.122
0.126
0.284
0.116
0.044
0.209
0.333
0.319
0.688
0.86
0.839
0.739
0.723
0.829
0.956
0.809
1.0
0.864
0.799
1.011
0.925
0.989
0.983
0.946
0.904
0.786
0.891
0.945
0.935
1.059
1.036
0.835
0.854
0.948
0.88
0.838
0.749
0.814
0.724
0.541
0.276
0.28
0.255
0.261
0.294
0.473
0.41
0.381
0.429
0.527
0.545
0.529
0.621
0.44
0.338
0.305
0.215
0.033
0.048
0.1
0.098
0.301
0.324
0.321
0.285
0.487
0.569
0.701
0.81
0.736
0.953
0.934
0.949
0.974
0.938
0.671
0.647
0.685
0.655
0.581
0.649
0.544
0.628
0.514
0.46
0.532
0.338
0.28
0.306
0.292
0.246
0.198
0.124
0.076
0.051
0.076
-0.018
0.005
-0.168
-0.403
-0.461
-0.649
-0.718
-0.723
-0.659
-0.604
-0.869
-0.797
-0.818
-0.934
-0.936
-1.005
-1.001
-0.968
-1.01
-1.06
-0.966
-1.036
-1.1
-1.229
-1.1
-1.008
-1.0
-0.979
-1.058
-0.983
-1.04
-0.938
-0.95
-0.886
-0.664
-0.487
-0.49
-0.422
-0.444
-0.383
-0.239
-0.201
-0.166
-0.177
-0.146
0.009
0.048
0.147
0.051
-0.375
0.122
0.357
0.362
0.35
0.355
0.289
0.254
0.283
0.291
0.41
0.364
0.163
0.166
0.094
0.128
-0.04
-0.08
-0.246
-0.22
-0.324
-0.241
-0.084
-0.241
-0.269
-0.274
-0.424
-0.595
-0.639
-0.661
-0.514
-0.446
-0.383
-0.5
-0.571
-0.583
-0.42
-0.545
-0.492
-0.417
-0.329
-0.139
-0.152
-0.193
-0.251
-0.225
-0.256
-0.335
-0.311
-0.529
-0.559
-0.484
-0.468
-0.484
-0.473
-0.561
-0.554
-0.566
-0.715
-0.905
-0.893
-0.929
-1.042
-1.005
-1.07
-1.012
-1.019
-0.934
-1.129
-1.127
-0.961
-0.89
-0.659
-0.64
-0.723
-0.75
-0.706
-0.756
-0.749
-0.758
-0.792
-0.588
-0.536
-0.341
-0.25
-0.11
-0.026
0.043
0.161
0.211
0.288
0.251
0.328
0.549
0.581
0.7
0.839
0.926
0.659
0.391
0.438
0.35
0.398
0.427
0.504
0.556
0.436
0.485
0.422
0.305
0.275
0.196
0.299
0.413
0.291
0.244
0.174
0.275
0.139
0.098
0.025
0.099
0.235
0.154
0.247
0.369
0.495
0.491
0.54
0.505
0.506
0.545
0.534
0.686
0.591
0.606
0.629
0.49
0.478
0.36
0.321
0.294
0.168
0.003
-0.121
-0.075
-0.144
-0.367
-0.366
-0.544
-0.516
-0.495
-0.497
-0.614
-0.645
-0.57
-0.589
-0.571
-0.485
-0.549
-0.37
-0.595
-0.464
-0.419
-0.427
-0.46
-0.361
-0.261
-0.17
-0.242
-0.101
0.031
0.061
0.134
0.046
0.129
0.095
0.255
0.396
0.45
0.419
0.41
0.495
0.61
0.547
0.489
0.175
0.32
0.151
0.138
-0.044
-0.035
-0.11
-0.064
-0.154
-0.163
-0.309
-0.276
-0.338
-0.334
-0.349
-0.284
-0.365
-0.268
-0.283
-0.118
-0.194
-0.143
0.094
0.066
0.273
0.128
0.224
0.163
0.224
0.085
0.225
0.338
0.271
0.344
0.288
0.307
0.234
0.284
0.195
0.138
0.08
0.094
0.159
0.025
0.139
0.052
0.071
0.003
0.028
-0.02
-0.124
-0.107
-0.13
-0.31
-0.349
-0.463
-0.429
-0.611
-0.664
-0.801
-0.671
-0.844
-0.859
-0.946
-0.984
-0.985
-0.761
-0.624
-0.595
-0.58
-0.515
-0.534
-0.496
-0.37
-0.182
-0.134
-0.006
0.109
0.242
0.163
0.254
0.376
0.45
0.531
0.43
0.562
0.578
0.393
0.318
0.265
0.146
0.109
0.049
0.077
0.07
0.233
0.072
-0.074
-0.159
-0.234
-0.111
0.689
0.164
0.184
0.071
0.139
0.191
0.139
0.219
0.319
0.318
0.385
0.291
0.224
0.354
0.383
0.348
0.196
0.124
0.033
-0.056
-0.085
-0.236
-0.314
-0.259
-0.495
-0.361
-0.362
-0.261
-0.214
-0.224
-0.365
-0.294
-0.464
-0.542
-0.325
-0.395
-0.184
-0.279
-0.371
-0.299
-0.355
-0.37
-0.35
-0.348
-0.465
-0.438
-0.349
-0.258
-0.126
-0.129
-0.083
0.022
0.185
0.007
0.161
0.21
0.268
0.328
0.357
0.405
0.537
0.426
0.375
0.208
0.253
0.04
-0.13
-0.044
-0.22
-0.098
-0.205
-0.224
-0.385
-0.229
-0.44
-0.494
-0.713
-0.926
-0.925
-0.835
-0.848
-0.85
-0.974
-0.861
-0.835
-0.531
-0.361
-0.371
-0.224
-0.139
-0.18
-0.094
-0.075
-0.055
0.118
0.061
0.074
0.18
0.145
0.234
0.188
0.141
0.236
0.096
0.128
-0.083
0.085
-0.015
0.066
0.058
0.234
0.122
0.101
-0.001
0.121
0.242
0.416
0.242
0.115
0.289
0.403
0.485
0.516
0.7
0.536
0.573
0.389
0.295
0.259
0.251
0.203
0.133
0.138
0.07
0.124
0.12
0.189
0.136
0.164
0.139
0.147
0.135
0.034
0.091
0.175
0.154
0.161
0.0
-0.05
-0.044
-0.036
-0.011
-0.198
-0.036
-0.006
-0.106
-0.13
-0.228
-0.134
-0.217
-0.249
-0.367
-0.43
-0.416
-0.356
-0.379
-0.455
-0.54
-0.644
-0.448
-0.427
-0.351
-0.468
-0.394
-0.466
-0.351
-0.325
-0.255
-0.095
-0.011
-0.054
-0.065
-0.046
-0.079
0.013
0.168
0.263
0.376
0.416
0.357
0.374
0.344
0.281
0.343
0.345
0.335
0.307
0.294
0.326
0.48
0.443
0.446
0.435
0.385
0.421
0.325
0.446
0.163
0.177
0.234
0.334
0.445
0.549
0.615
0.531
0.445
0.398
0.295
0.329
0.417
0.383
0.395
0.224
0.355
0.255
0.251
0.352
0.31
0.297
0.307
0.295
0.239
0.188
0.103
0.084
0.04
0.039
-0.039
-0.005
0.051
-0.004
-0.046
-0.174
-0.166
-0.198
-0.165
-0.259
-0.263
-0.2
-0.17
-0.104
-0.238
-0.229
-0.297
-0.134
-0.215
0.022
0.083
0.107
0.264
0.195
0.17
0.135
0.14
0.36
0.275
0.344
0.304
0.203
0.203
0.114
0.044
-0.04
-0.055
-0.247
-0.415
-0.492
-0.295
-0.413
-0.414
-0.448
-0.586
-0.35
-0.405
-0.49
-0.339
-0.4
-0.288
-0.408
-0.468
-0.321
-0.372
-0.19
-0.177
-0.253
0.021
0.048
0.015
-0.081
-0.036
-0.081
0.056
0.099
0.105
0.18
0.03
0.107
-0.051
0.019
0.013
-0.021
0.089
0.025
-0.022
-0.01
-0.149
0.007
-0.07
-0.086
-0.1
-0.07
-0.014
-0.18
0.14
-0.121
0.033
-0.019
0.158
0.105
0.186
0.193
0.177
0.226
0.211
0.244
0.179
0.266
0.156
0.199
0.331
0.448
0.65
0.799
0.961
0.93
0.96
1.161
1.115
1.058
1.016
0.96
0.968
0.938
0.901
0.787
0.749
0.551
0.621
0.51
0.307
0.302
0.104
-0.11
-0.26
-0.388
-0.417
-0.45
-0.395
-0.354
-0.351
-0.348
-0.273
-0.323
-0.374
-0.801
-0.665
-0.655
-0.571
-0.583
-0.713
-0.624
-0.56
-0.51
-0.365
-0.329
-0.208
-0.158
-0.04
-0.06
-0.064
0.089
0.136
0.414
0.574
0.691
0.723
1.024
1.116
1.14
1.073
0.994
1.135
1.325
1.421
1.555
1.615
1.679
1.689
1.654
1.53
1.498
1.425
1.226
1.373
1.268
1.174
1.039
0.851
0.77
0.704
0.714
0.434
0.283
0.351
0.061
0.075
0.26
0.284
0.275
0.371
0.43
0.443
0.264
0.071
0.094
0.214
0.214
0.131
-0.109
0.024
-0.174
-0.13
-0.174
-0.465
-0.413
-0.666
-0.532
-0.41
-0.557
-0.739
-0.802
-1.005
-0.89
-0.855
-0.695
-0.532
-0.469
-0.524
-0.506
-0.37
-0.405
-0.254
-0.302
-0.156
-0.156
-0.043
-0.052
-0.22
-0.38
-0.164
-0.048
-0.061
-0.217
-0.024
-0.338
-0.196
-0.258
-0.3
-0.422
-0.351
-0.107
-0.031
0.125
-0.052
-0.233
-0.175
-0.128
0.11
0.036
-0.009
-0.131
-0.214
-0.285
-0.212
0.0
0.161
0.121
0.14
0.348
0.474
0.324
0.356
0.325
0.566
0.62
0.734
0.826
0.978
1.011
1.139
1.268
1.226
1.276
1.214
1.075
1.309
1.562
1.525
1.539
1.593
1.485
1.27
1.094
1.034
0.719
0.685
0.511
0.338
0.284
0.398
0.312
0.515
0.506
0.761
0.825
0.779
0.546
0.46
0.274
0.334
0.326
0.542
0.611
0.404
0.589
0.46
0.349
0.46
0.432
0.458
0.505
0.589
0.598
0.435
0.486
0.61
0.677
0.497
0.448
0.516
0.52
0.46
0.264
0.217
0.135
0.02
-0.099
-0.115
-0.195
-0.219
-0.136
-0.159
-0.37
-0.348
-0.435
-0.414
-0.579
-0.651
-0.552
-0.69
-0.581
-0.733
-0.53
-0.604
-0.845
-0.645
-0.644
-0.681
-0.769
-0.58
-0.561
-0.583
-0.512
-0.395
-0.443
-0.559
-0.549
-0.7
-0.584
-0.519
-0.57
-0.578
-0.616
-0.601
-0.466
-0.335
-0.453
-0.459
-0.434
-0.408
-0.389
-0.366
-0.362
-0.413
-0.579
-0.439
-0.473
-0.24
-0.195
-0.208
-0.261
-0.182
-0.07
0.114
-0.128
-0.138
-0.156
0.059
0.14
0.29
0.285
0.291
0.223
0.122
0.159
0.175
-0.016
0.001
-0.118
-0.253
-0.285
-0.425
-0.478
-0.646
-0.546
-0.497
-0.526
-0.481
-0.52
-0.531
-0.652
-0.791
-0.792
-0.796
-0.823
-0.902
-0.895
-0.94
-0.855
-0.721
-0.628
-0.72
-0.753
-0.839
-0.775
-0.761
-0.652
-0.679
-0.554
-0.413
-0.441
-0.324
-0.355
-0.074
-0.116
-0.17
-0.049
-0.024
0.061
0.075
-0.024
0.156
0.256
0.307
0.242
0.432
0.36
0.545
0.473
0.374
0.36
0.37
0.426
0.441
0.465
0.555
0.504
0.469
0.489
0.461
0.445
0.331
0.306
0.479
0.434
0.251
0.21
0.18
-0.026
-0.139
-0.206
-0.346
-0.32
-0.357
-0.302
-0.256
-0.281
-0.289
-0.321
-0.285
-0.479
-0.614
-0.662
-0.48
-0.785
-0.873
-0.868
-0.941
-0.911
-0.929
-1.012
-1.012
-1.034
-0.996
-0.986
-0.965
-0.978
-0.868
-0.676
-0.525
-0.354
-0.32
-0.378
-0.121
0.036
0.101
0.147
0.18
0.245
0.28
0.182
0.212
0.24
0.408
0.693
0.656
0.699
0.826
0.883
0.901
0.77
0.8
0.775
0.685
0.83
0.943
0.889
0.761
0.77
0.666
0.66
0.557
0.495
0.385
0.383
0.24
-0.085
-0.076
-0.284
-0.48
-0.534
-0.666
-0.595
-0.487
-0.594
-0.791
-0.888
-0.904
-0.94
-0.791
-0.818
-0.821
-0.774
-0.71
-0.713
-0.541
-0.544
-0.585
-0.62
-0.708
-0.764
-0.73
-0.74
-0.816
-0.901
-0.735
-0.745
-0.905
-0.953
-0.995
-1.056
-1.12
-0.949
-0.881
-0.77
-0.73
-0.605
-0.375
-0.315
-0.352
-0.406
-0.283
-0.362
-0.145
-0.212
-0.236
-0.015
-0.143
-0.08
-0.133
-0.147
0.065
0.191
0.275
0.333
0.537
0.598
0.64
0.791
0.97
1.049
1.009
0.759
0.565
0.416
0.329
0.404
0.104
-0.019
0.085
0.101
0.115
0.251
0.296
0.328
0.209
0.199
0.199
0.301
0.259
0.329
0.348
0.379
0.589
0.448
0.414
0.4
0.557
0.522
0.615
0.652
0.652
0.465
0.37
0.468
0.164
0.12
0.096
0.015
0.114
0.145
0.138
0.155
0.06
0.161
0.209
0.288
0.274
0.425
0.486
0.542
0.544
0.427
0.44
0.394
0.479
0.485
0.625
0.626
0.604
0.695
0.556
0.434
0.348
0.388
0.343
0.378
0.021
0.193
0.217
0.072
0.092
0.014
-0.136
-0.022
-0.092
-0.209
-0.231
-0.149
-0.236
-0.264
-0.318
-0.415
-0.138
-0.444
-0.485
-0.532
-0.644
-0.606
-0.434
-0.384
-0.349
-0.291
-0.255
-0.206
-0.2
-0.169
-0.046
-0.098
0.065
0.05
-0.052
0.131
0.146
0.367
0.307
0.314
0.268
0.279
0.51
0.461
0.336
0.362
0.474
0.585
0.686
0.784
0.841
0.896
0.72
0.776
0.806
0.902
0.902
0.986
1.036
1.029
0.936
0.978
0.953
0.844
0.745
0.552
0.682
0.626
0.754
0.661
0.704
0.586
0.365
0.301
0.384
0.369
0.466
0.352
0.239
0.429
0.438
0.482
0.512
0.466
0.681
0.6
0.453
0.364
0.264
0.152
-0.034
-0.033
-0.004
-0.154
-0.139
0.077
0.045
0.039
0.007
0.116
0.177
0.246
0.24
0.241
0.159
0.144
-0.015
-0.166
-0.235
-0.209
-0.251
-0.19
-0.217
-0.12
0.051
-0.003
0.116
-0.02
-0.269
-0.165
-0.19
-0.14
-0.378
-0.231
-0.384
-0.454
-0.304
-0.271
-0.171
-0.195
-0.066
-0.034
