-0.076
0.094
0.107
0.107
-0.083
-0.294
-0.43
-0.348
-0.326
-0.499
-0.519
-0.454
-0.398
-0.446
-0.386
-0.56
-0.35
-0.328
-0.176
-0.135
-0.364
-0.301
-0.32
-0.228
0.029
0.151
0.24
0.306
0.299
0.301
0.406
0.28
0.301
0.258
0.576
0.484
0.509
0.478
0.273
0.122
0.255
0.163
0.014
0.064
-0.06
0.01
-0.21
-0.484
-0.679
-0.804
-0.655
-0.573
-0.616
-0.551
-0.369
-0.121
-0.182
-0.072
0.115
0.208
0.393
0.27
0.321
0.38
0.199
0.354
0.515
0.526
0.426
0.654
0.343
0.409
0.438
0.446
0.403
0.485
0.525
0.552
0.532
0.46
0.401
0.541
0.532
0.797
0.766
0.775
0.72
0.734
0.626
0.786
0.895
0.779
0.771
0.866
0.796
0.809
0.907
0.856
0.868
0.879
0.833
0.961
1.002
0.995
1.031
0.863
0.823
0.715
0.771
0.534
0.424
0.345
0.166
0.27
0.089
0.095
0.196
0.037
0.161
0.254
0.271
0.264
0.438
0.393
0.409
0.169
0.126
0.161
0.139
0.239
0.253
0.189
0.247
0.3
0.372
0.273
0.345
0.362
0.35
0.301
0.318
0.104
0.283
0.225
0.18
0.263
0.104
0.156
-0.07
-0.046
0.133
0.133
0.381
0.451
0.43
0.556
0.48
0.647
0.511
0.619
0.796
0.726
0.791
0.492
0.746
0.701
0.546
0.695
0.364
0.544
0.71
0.791
0.626
0.662
0.67
0.466
0.328
0.275
0.115
0.188
0.274
-0.02
-0.024
0.019
-0.096
-0.103
-0.083
-0.128
-0.239
-0.19
-0.07
-0.179
-0.27
-0.27
-0.271
-0.234
-0.26
-0.09
-0.001
-0.245
-0.435
-0.458
-0.501
-0.385
-0.383
-0.405
-0.343
-0.505
-0.574
-0.682
-0.849
-0.911
-0.704
-0.802
-0.724
-0.84
-0.789
-0.893
-1.272
-1.314
-1.63
-1.599
-1.381
-1.453
-1.43
-1.426
-1.574
-1.729
-1.78
-1.536
-1.453
-1.411
-1.11
-1.193
-1.139
-1.244
-1.448
-1.226
-1.226
-1.259
-1.101
-0.97
-0.93
-0.938
-0.921
-0.866
-0.838
-0.631
-0.639
-0.585
-0.369
-0.24
0.121
0.17
0.191
0.579
0.729
0.924
1.04
0.891
1.069
1.139
1.175
1.214
1.335
1.485
1.6
1.617
1.571
1.665
1.562
1.371
1.308
1.176
1.079
0.993
0.856
0.939
0.709
0.703
0.685
0.776
0.459
0.403
0.291
0.406
0.205
0.181
0.14
0.251
0.489
0.251
0.403
0.283
0.124
0.015
-0.2
-0.273
-0.484
-0.611
-0.786
-0.751
-0.744
-0.671
-0.814
-0.855
-0.925
-0.965
-1.058
-1.103
-1.216
-1.23
-1.07
-1.075
-1.042
-0.868
-1.0
-0.955
-1.046
-0.896
-0.98
-1.046
-1.049
-1.221
-1.24
-1.084
-1.096
-0.965
-1.096
-1.005
-0.844
-0.688
-0.584
-0.512
-0.525
-0.58
-0.714
-0.777
-0.654
-0.509
-0.22
-0.186
-0.136
-0.169
-0.23
0.029
-0.351
-0.251
-0.316
-0.566
-0.438
-0.485
-0.421
-0.642
-0.549
-0.124
-0.052
0.019
0.161
0.393
0.378
0.481
0.64
0.64
0.629
0.408
0.31
0.362
0.269
0.575
0.445
0.409
0.444
0.75
0.514
0.575
0.635
0.649
0.677
0.709
0.736
0.651
0.534
0.435
0.398
0.386
0.474
0.233
0.131
0.122
0.007
-0.191
-0.296
-0.246
-0.314
-0.247
-0.125
-0.111
-0.019
-0.02
-0.024
0.025
0.16
0.217
0.092
0.216
-0.003
-0.048
-0.281
-0.305
-0.2
-0.103
0.013
-0.085
-0.517
-0.656
-0.58
-0.681
-0.65
-0.559
-0.245
-0.336
-0.381
-0.422
-0.522
-0.531
-0.65
-0.649
-0.451
-0.004
0.135
0.354
0.366
0.529
0.7
0.552
0.574
0.576
0.751
0.758
1.127
0.96
0.905
0.849
0.806
0.681
0.566
0.675
0.739
0.568
0.689
0.372
0.481
0.244
0.141
0.065
-0.052
0.065
0.088
0.193
-0.028
0.028
0.005
0.209
0.048
-0.096
-0.198
0.056
0.083
0.133
0.312
0.461
0.569
0.611
0.657
0.61
0.611
0.684
0.718
0.55
0.529
0.698
0.657
0.559
0.436
0.497
0.344
0.381
0.323
0.278
0.295
0.111
-0.024
0.033
-0.079
-0.139
-0.086
-0.205
-0.001
-0.089
-0.039
-0.223
-0.175
-0.302
-0.385
-0.5
-0.439
-0.29
-0.331
-0.105
-0.225
-0.31
-0.209
0.011
0.389
0.479
0.713
0.735
0.647
0.873
0.896
0.912
1.035
0.999
0.836
0.514
0.469
0.453
0.233
0.075
0.122
-0.048
-0.131
-0.185
-0.302
-0.168
-0.306
-0.224
-0.289
-0.459
-0.539
-0.664
-0.696
-0.733
-0.695
-0.61
-0.58
-0.486
-0.444
-0.348
-0.296
-0.022
0.11
0.196
0.54
0.524
0.654
0.754
0.789
0.69
0.616
0.869
0.826
0.979
0.868
1.073
1.11
1.101
1.124
1.049
1.025
0.777
0.545
0.29
0.2
0.198
0.294
0.286
0.225
0.056
-0.034
0.066
-0.058
-0.095
-0.109
-0.037
0.163
0.206
0.174
-0.099
-0.054
-0.325
-0.294
-0.159
0.116
0.247
0.211
0.028
0.094
0.199
0.239
0.288
0.591
0.568
0.496
0.671
0.684
0.785
0.769
0.634
0.644
0.596
0.436
0.375
0.235
0.275
0.201
0.12
-0.028
0.054
0.004
-0.146
-0.274
-0.341
-0.384
-0.27
-0.049
-0.005
0.026
-0.033
-0.152
-0.147
0.021
0.031
-0.059
-0.114
-0.261
-0.486
-0.539
-0.671
-0.688
-0.522
-0.594
-0.701
-0.863
-1.046
-1.116
-1.059
-1.099
-1.071
-1.336
-1.359
-1.421
-1.235
-1.18
-1.279
-1.282
-1.265
-1.153
-1.213
-0.86
-0.749
-0.79
-0.623
-0.484
-0.238
-0.259
-0.128
0.024
0.16
0.386
0.395
0.426
0.48
0.545
0.824
0.797
0.954
0.856
0.939
0.976
1.071
0.978
0.983
0.843
0.868
0.958
0.87
0.82
0.603
0.714
0.366
0.096
0.114
0.169
0.055
0.015
-0.18
-0.366
-0.439
-0.422
-0.496
-0.38
-0.301
-0.343
-0.389
-0.496
-0.431
-0.626
-0.521
-0.58
-0.686
-0.718
-0.775
-0.718
-0.725
-0.481
-0.374
-0.367
-0.329
-0.12
-0.072
0.052
0.264
0.42
0.596
0.711
0.616
0.5
0.307
0.413
0.516
0.517
0.619
0.318
0.384
0.29
0.294
0.274
0.049
-0.014
-0.033
-0.173
-0.147
-0.076
0.011
-0.061
-0.104
-0.085
-0.109
-0.175
-0.312
-0.367
-0.427
-0.62
-0.699
-0.777
-0.796
-0.677
-0.826
-0.684
-0.669
-0.579
-0.609
-0.706
-0.465
-0.468
-0.365
-0.151
-0.355
-0.106
-0.199
-0.136
-0.164
-0.088
-0.016
0.049
0.086
0.176
0.47
0.694
0.761
0.895
1.134
0.919
1.021
1.039
1.086
1.183
1.08
1.311
0.921
1.075
1.08
0.931
0.993
0.802
0.644
0.662
0.596
0.508
0.309
0.181
0.035
-0.051
-0.058
-0.145
-0.234
-0.193
-0.36
-0.149
-0.119
-0.343
-0.297
-0.37
-0.299
-0.26
-0.361
-0.273
-0.339
-0.168
-0.236
-0.399
-0.417
-0.501
-0.383
-0.573
-0.645
-0.446
-0.631
-0.479
-0.453
-0.348
-0.529
-0.527
-0.728
-0.766
-0.981
-0.958
-1.088
-0.88
-0.629
-0.575
-0.525
-0.443
-0.443
-0.508
-0.514
-0.628
-0.466
-0.399
-0.339
-0.241
-0.23
-0.196
-0.25
-0.144
-0.242
-0.354
-0.52
-0.522
-0.671
-0.571
-0.544
-0.439
-0.217
-0.36
-0.177
-0.238
-0.03
0.02
-0.081
-0.045
0.058
0.145
0.1
0.338
0.406
0.575
0.662
0.782
0.799
0.785
0.82
0.574
0.596
0.453
0.292
0.159
0.271
0.241
0.168
0.096
0.049
-0.09
-0.107
-0.059
0.028
0.251
0.566
0.615
0.807
0.812
0.94
1.141
1.049
0.961
0.854
0.814
0.804
0.79
0.855
0.675
0.74
0.751
0.647
0.715
0.526
0.601
0.504
0.599
0.733
0.711
0.646
0.62
0.503
0.355
0.186
-0.164
-0.297
-0.165
-0.404
-0.606
-0.672
-0.56
-0.863
-0.725
-0.691
-0.579
-0.524
-0.623
-0.46
-0.751
-0.635
-0.801
-0.939
-0.92
-0.816
-0.551
-0.666
-0.591
-0.656
-0.657
-0.474
-0.383
-0.253
-0.221
-0.181
-0.022
-0.321
-0.36
-0.404
-0.331
-0.251
-0.475
-0.409
-0.471
-0.349
-0.485
-0.27
-0.296
-0.315
-0.45
-0.471
-0.396
-0.33
-0.279
-0.395
-0.334
-0.306
-0.383
-0.145
-0.105
0.111
0.146
0.235
0.17
0.25
0.359
0.32
0.705
0.492
0.439
0.486
0.525
0.724
0.838
1.048
1.153
1.181
1.061
1.174
1.123
1.052
1.06
0.971
0.88
0.682
0.606
0.685
0.625
0.65
0.431
0.316
0.311
0.175
-0.101
-0.41
-0.286
-0.312
-0.18
-0.329
-0.469
-0.444
-0.465
-0.59
-0.436
-0.554
-0.527
-0.379
-0.461
-0.103
-0.059
-0.135
-0.239
-0.266
-0.244
-0.26
-0.318
-0.546
-0.623
-0.431
-0.664
-0.491
-0.305
-0.285
-0.189
-0.311
-0.209
-0.355
-0.356
-0.279
-0.19
-0.216
-0.264
-0.033
0.048
0.145
0.224
0.233
0.285
0.469
0.424
0.542
0.65
0.711
0.736
0.596
0.419
0.415
0.104
0.04
0.061
0.004
0.274
0.152
0.021
-0.01
0.083
-0.052
-0.001
-0.02
0.085
0.19
0.122
0.169
0.206
0.146
0.048
0.046
0.405
0.328
0.295
0.532
0.583
0.596
0.624
0.695
0.824
0.825
0.814
0.792
0.593
0.436
0.354
0.378
0.381
0.331
0.356
0.226
0.242
0.156
0.107
0.074
0.071
0.005
0.031
0.094
0.036
0.15
0.128
0.256
0.231
0.537
0.695
0.709
0.634
0.629
0.559
0.562
0.615
0.649
0.601
0.636
0.664
0.475
0.361
0.24
0.163
0.291
0.302
0.364
0.221
0.274
0.239
0.323
0.205
0.165
0.059
0.119
-0.028
-0.176
-0.119
-0.147
-0.159
-0.229
-0.216
-0.33
-0.131
-0.255
-0.228
-0.269
-0.554
-0.584
-0.489
-0.594
-0.251
-0.295
-0.346
-0.35
-0.759
-0.642
-0.492
-0.479
-0.321
-0.208
-0.15
-0.163
-0.305
-0.352
-0.365
-0.409
-0.492
-0.59
-0.64
-0.639
-0.579
-0.446
-0.35
-0.399
-0.196
-0.328
-0.49
-0.501
-0.394
-0.393
-0.47
-0.529
-0.395
-0.561
-0.54
-0.348
-0.495
-0.662
-0.6
-0.464
-0.422
-0.575
-0.454
-0.505
-0.551
-0.61
-0.542
-0.654
-0.491
-0.38
-0.348
-0.281
-0.226
0.004
0.066
-0.058
-0.072
-0.089
-0.072
-0.005
0.079
0.16
0.061
0.028
-0.133
0.015
0.195
0.013
0.095
0.124
0.179
0.416
0.376
0.429
0.588
0.688
0.491
0.372
0.253
0.471
0.465
0.177
0.351
0.474
0.443
0.357
0.65
0.499
0.552
0.516
0.481
0.519
0.366
0.464
0.421
0.389
0.348
0.314
0.436
0.425
0.315
0.295
0.158
0.288
0.23
0.19
0.034
0.169
0.316
0.464
0.525
0.537
0.573
0.504
0.761
0.749
0.585
0.506
0.598
0.422
0.268
0.16
0.107
0.175
0.354
0.325
0.164
0.043
0.014
-0.107
-0.071
0.029
0.061
0.122
0.155
0.396
0.509
0.63
0.706
0.715
0.664
0.547
0.459
0.509
0.586
0.713
0.78
0.591
0.878
0.999
0.633
0.579
0.755
0.916
0.814
0.718
0.724
0.652
0.751
0.633
0.669
0.66
0.723
0.254
0.003
-0.299
-0.491
-0.527
-0.331
-0.156
-0.094
-0.11
-0.196
-0.371
-0.535
-0.394
-0.703
-0.639
-0.55
-0.705
-0.787
-0.831
-0.878
-0.76
-0.901
-0.794
-0.675
-0.532
-0.371
-0.53
-0.526
-0.512
-0.395
-0.242
-0.273
-0.19
-0.059
0.077
0.031
-0.098
0.001
0.111
0.286
0.51
0.286
0.304
0.091
0.079
0.2
0.23
0.114
0.231
0.244
0.275
0.487
0.37
0.396
0.443
0.66
0.278
0.596
0.677
0.677
0.529
0.91
0.805
0.825
0.858
0.514
0.626
0.647
0.559
0.504
0.62
0.721
0.635
0.751
0.831
0.654
0.674
0.525
0.48
0.253
0.031
-0.106
-0.28
-0.508
-0.511
-0.494
-0.443
-0.459
-0.512
-0.789
-0.726
-1.039
-1.106
-0.949
-0.969
-1.042
-1.264
-1.24
-1.183
-1.17
-1.274
-1.242
-0.975
-0.911
-0.754
-0.542
-0.331
-0.4
-0.28
-0.497
-0.446
-0.421
-0.284
-0.439
-0.264
-0.1
0.009
0.006
-0.004
0.129
0.273
0.479
0.364
0.314
0.306
0.086
0.129
0.209
0.446
0.633
0.876
0.82
0.92
0.901
0.534
0.485
0.41
0.935
0.818
0.818
0.881
0.729
0.608
0.511
0.705
0.873
1.14
1.193
1.165
0.993
1.04
0.865
0.514
0.325
0.133
0.4
0.484
0.345
0.168
0.025
0.124
0.314
0.116
-0.03
0.091
0.242
0.314
0.307
0.223
0.161
0.12
0.14
-0.006
-0.028
-0.021
-0.033
-0.021
0.0
-0.046
-0.034
0.015
-0.036
0.021
0.079
0.125
0.179
0.219
0.37
0.309
0.349
0.438
0.512
0.449
0.496
0.393
0.519
0.535
0.562
0.63
0.746
0.795
0.978
1.21
1.22
1.248
1.495
1.443
1.37
1.196
1.109
1.03
0.979
1.251
0.914
0.904
0.93
0.775
0.561
0.549
0.449
0.403
0.365
0.239
0.371
0.281
0.351
0.228
0.168
0.161
0.119
0.209
0.058
-0.014
0.084
0.115
0.079
0.098
-0.02
0.036
-0.052
-0.242
-0.329
-0.599
-0.77
-0.88
-1.062
-1.165
-1.256
-1.238
-1.255
-1.24
-1.137
-1.236
-1.203
-1.394
-1.271
-1.36
-1.314
-1.083
-1.016
-0.878
-0.763
-0.661
-0.81
-0.84
-0.968
-0.954
-0.96
-0.66
-0.734
-0.544
-0.484
-0.355
-0.274
-0.359
-0.466
-0.443
-0.547
-0.574
-0.616
-0.728
-0.775
-0.69
-0.833
-0.619
-0.769
-0.856
-0.964
-1.014
-0.945
-0.899
-0.865
-0.738
-0.657
-0.689
-0.771
-0.779
-0.86
-0.728
-0.902
-0.87
-0.889
-0.896
-0.897
-0.899
-0.916
-0.693
-0.81
-0.645
-0.531
-0.775
-0.829
-0.79
-1.196
-0.988
-0.814
-0.84
-0.763
-0.549
-0.391
-0.3
-0.216
-0.189
-0.059
0.104
0.212
0.135
0.144
0.273
0.378
0.589
0.482
0.606
0.759
0.81
0.89
0.914
0.845
0.976
1.201
1.31
1.236
1.211
1.279
0.988
1.097
1.164
1.054
0.995
1.029
0.899
0.916
0.51
0.31
0.138
0.021
0.024
-0.374
-0.228
-0.221
-0.198
-0.261
-0.379
-0.689
-0.633
-0.672
-0.54
-0.606
-0.448
-0.41
-0.376
-0.229
-0.188
0.037
0.173
0.297
0.253
0.021
-0.031
-0.2
-0.171
0.028
0.12
0.062
0.18
0.247
0.304
0.124
-0.029
0.221
0.088
0.065
0.013
0.094
0.191
0.085
0.149
0.184
0.191
0.228
0.072
0.077
-0.051
-0.211
-0.264
-0.305
-0.325
-0.419
-0.482
-0.561
-0.615
-0.621
-0.417
-0.618
-0.701
-0.431
-0.52
-0.41
-0.413
-0.421
-0.566
-0.545
-0.279
-0.136
0.196
0.223
0.495
0.453
0.501
0.487
0.593
0.775
0.701
0.791
0.881
1.021
1.103
0.904
1.125
1.097
1.171
1.219
1.036
0.866
1.032
0.955
0.741
0.574
0.641
0.61
0.429
0.191
-0.033
-0.026
-0.185
-0.343
-0.542
-0.618
-0.661
-0.44
-0.436
-0.383
-0.399
-0.482
-0.571
-0.226
0.02
-0.013
-0.04
0.114
0.154
0.281
0.459
0.375
0.206
0.191
-0.116
-0.179
-0.111
-0.158
-0.165
-0.189
-0.176
-0.294
-0.177
-0.28
-0.215
-0.292
-0.499
-0.73
-0.593
-0.514
-0.473
-0.403
-0.435
-0.101
-0.159
-0.124
-0.109
0.075
-0.075
-0.174
-0.069
0.04
-0.028
-0.253
-0.236
-0.354
-0.233
-0.092
-0.379
-0.324
-0.256
-0.421
-0.713
-0.741
-0.723
-0.68
-0.675
-0.398
-0.489
-0.463
-0.573
-0.639
-0.542
-0.642
-0.631
-0.945
-0.647
-0.499
-0.604
-0.698
-0.565
-0.435
-0.529
-0.424
-0.415
-0.395
-0.512
-0.73
-0.556
-0.429
-0.35
-0.289
-0.216
-0.121
-0.15
-0.064
-0.193
-0.133
-0.11
0.226
0.25
0.256
0.255
-0.004
0.104
0.4
0.532
0.826
0.715
0.856
0.806
0.695
0.657
0.83
1.103
1.222
1.276
1.221
1.393
1.37
1.226
1.345
1.439
1.34
1.431
1.637
1.535
1.316
1.01
0.823
0.794
0.894
0.828
0.875
0.98
1.004
0.921
1.175
1.184
1.21
1.24
1.121
1.265
1.203
1.131
1.141
1.184
1.209
1.034
0.935
0.731
0.705
0.634
0.601
0.934
0.794
0.763
0.74
0.633
0.866
0.95
0.589
0.662
0.395
0.35
0.156
0.094
0.265
0.3
0.24
0.321
0.32
0.281
0.205
0.268
0.186
0.111
0.238
0.279
0.396
0.244
0.245
0.264
0.043
-0.05
-0.141
-0.199
-0.41
-0.534
-0.593
-0.54
-0.366
-0.193
-0.209
-0.25
-0.199
0.056
0.075
0.152
0.152
0.058
0.015
0.105
0.18
0.179
0.215
0.173
0.141
-0.21
-0.214
-0.18
-0.38
-0.321
-0.184
-0.139
-0.085
-0.203
-0.201
-0.285
-0.129
0.055
0.186
0.324
0.226
0.406
0.5
0.463
0.599
0.511
0.716
0.866
0.868
0.85
0.765
0.591
0.741
0.671
0.676
0.628
0.594
0.492
0.52
0.478
0.581
0.356
0.253
0.35
0.239
0.161
0.079
0.307
0.216
0.149
0.169
0.085
-0.011
-0.07
-0.115
-0.289
-0.247
-0.092
-0.454
-0.28
-0.264
-0.208
-0.268
-0.145
-0.12
-0.18
-0.146
-0.415
-0.426
-0.427
-0.537
-0.511
-0.468
-0.395
-0.304
-0.019
-0.144
-0.084
-0.129
-0.214
-0.189
-0.056
-0.141
-0.468
-0.46
-0.522
-0.874
-0.901
-1.08
-1.09
-0.916
-0.845
-0.968
-1.012
-0.879
-0.873
-0.868
-1.046
-0.941
-0.807
-0.729
-0.6
-0.586
-0.351
-0.173
-0.264
-0.1
-0.139
-0.219
-0.27
-0.184
-0.208
-0.245
-0.18
-0.236
-0.301
-0.466
-0.284
-0.333
-0.3
-0.302
-0.28
-0.334
-0.413
-0.241
-0.174
-0.263
-0.361
-0.223
-0.109
-0.166
-0.181
-0.217
-0.173
-0.064
-0.139
-0.147
-0.146
-0.165
-0.198
-0.246
-0.084
-0.072
0.04
0.174
0.16
0.088
0.139
0.151
0.094
0.046
0.163
0.439
0.335
0.535
0.489
0.478
0.666
0.366
0.309
0.125
0.086
-0.026
-0.19
0.06
0.039
0.098
-0.025
-0.095
-0.255
-0.323
-0.231
-0.555
-0.545
-0.426
-0.269
-0.265
-0.139
0.051
0.015
0.014
0.107
0.17
0.14
0.21
0.2
-0.11
0.003
0.098
-0.174
-0.124
-0.075
-0.07
-0.026
-0.013
0.122
-0.121
0.106
0.155
0.175
0.028
0.089
0.121
0.037
-0.124
-0.21
-0.195
-0.138
-0.482
-0.443
-0.331
-0.344
-0.19
-0.179
-0.095
-0.016
-0.141
-0.058
-0.022
0.216
0.307
0.425
0.555
0.52
0.608
0.289
0.281
0.223
0.084
0.144
0.104
0.205
0.166
0.101
-0.081
-0.094
0.022
0.022
-0.231
-0.288
-0.247
-0.325
-0.275
-0.455
-0.509
-0.745
-0.889
-0.848
-0.99
-0.94
-0.945
-1.085
-1.221
-1.184
-1.211
-1.129
-1.224
-0.886
-1.15
-1.23
-1.262
-1.153
-1.157
-1.088
-0.909
-0.726
-0.745
-0.75
-0.713
-0.651
-0.656
-0.667
-0.588
-0.284
0.009
-0.086
-0.041
-0.046
-0.086
0.071
0.217
0.278
0.642
0.633
0.826
1.086
1.114
1.353
1.357
1.325
1.52
1.606
1.703
1.693
2.016
2.118
2.186
2.178
2.007
1.927
1.883
1.772
1.792
1.751
1.828
1.694
1.781
1.806
1.58
1.566
1.441
1.431
1.589
1.482
1.451
1.211
1.133
0.985
0.816
0.664
0.451
0.333
0.356
0.136
0.115
0.15
0.046
0.161
0.089
0.17
0.08
0.098
-0.095
-0.216
-0.395
-0.438
-0.774
-0.688
-0.851
-0.922
-0.794
-0.974
-1.041
-0.99
-0.98
-1.005
-0.949
-0.695
-0.485
-0.469
-0.256
-0.36
-0.314
-0.35
-0.256
-0.345
-0.455
-0.35
-0.394
-0.283
-0.122
-0.211
-0.251
-0.221
-0.09
0.092
0.135
0.11
0.154
0.061
0.195
-0.107
-0.339
-0.166
-0.155
0.126
0.297
0.321
0.443
0.56
0.439
0.315
0.356
0.389
0.319
0.228
0.343
0.049
-0.253
-0.319
-0.27
-0.326
-0.205
-0.089
-0.006
0.129
0.07
0.182
0.238
0.165
0.06
0.075
0.119
0.119
0.026
0.191
0.103
0.3
0.235
0.085
0.139
-0.019
0.028
-0.013
0.029
0.005
0.107
0.021
-0.238
-0.048
-0.006
-0.077
-0.004
0.03
-0.101
-0.129
-0.048
0.049
0.146
0.029
-0.045
-0.062
0.07
0.156
0.066
0.156
0.173
0.201
0.109
0.05
0.009
-0.049
-0.048
-0.018
0.025
-0.062
-0.211
-0.114
0.055
0.151
0.121
0.079
-0.143
0.1
0.18
-0.039
-0.168
0.115
0.02
-0.011
0.109
0.32
0.19
0.259
0.251
0.144
0.169
0.304
0.36
0.509
0.378
0.299
0.554
0.435
0.185
0.15
0.201
0.425
0.425
0.522
0.624
0.515
0.443
0.244
0.136
0.064
0.16
-0.126
-0.118
-0.028
-0.01
-0.198
-0.435
-0.389
-0.31
-0.269
-0.439
-0.521
-0.375
-0.211
-0.212
-0.169
-0.066
0.145
-0.149
-0.07
-0.07
-0.214
-0.549
-0.504
-0.365
-0.289
-0.398
-0.415
-0.585
-0.568
