-0.059
-0.177
-0.094
-0.026
-0.024
-0.044
0.106
0.109
-0.115
0.052
0.203
0.264
0.375
0.376
0.47
0.441
0.541
0.446
0.429
0.456
0.431
0.515
0.465
0.35
0.312
0.25
0.244
0.395
0.448
0.225
0.38
0.4
0.324
0.173
0.164
0.144
0.2
0.064
0.011
-0.04
-0.159
-0.224
-0.307
-0.343
-0.427
-0.352
-0.31
-0.283
-0.223
-0.375
-0.334
-0.275
-0.333
-0.427
-0.539
-0.329
-0.233
-0.31
-0.367
-0.269
-0.044
-0.051
-0.098
-0.214
-0.325
-0.144
-0.164
-0.266
-0.188
-0.124
-0.004
-0.048
0.129
0.07
0.035
0.06
-0.006
-0.13
-0.258
-0.246
-0.185
-0.316
-0.57
-0.621
-0.646
-0.819
-0.87
-0.911
-0.531
-0.665
-0.646
-0.489
-0.444
-0.335
-0.275
-0.22
-0.316
-0.253
-0.244
-0.501
-0.14
-0.09
0.13
0.02
0.009
0.094
0.091
0.08
0.144
0.147
0.291
0.245
0.208
0.094
0.058
0.081
0.12
0.145
0.124
0.154
0.028
-0.046
-0.026
-0.015
0.013
0.22
0.193
0.305
0.241
0.288
0.271
0.276
0.143
0.312
-0.035
-0.039
-0.1
-0.225
-0.195
-0.041
-0.133
0.1
0.26
0.08
0.14
-0.069
0.234
0.239
0.225
0.253
0.383
0.438
0.441
0.473
0.503
0.536
0.669
0.478
0.551
0.416
0.554
0.515
0.565
0.557
0.489
0.525
0.318
0.396
0.249
0.391
0.517
0.398
0.41
0.316
0.608
0.469
0.318
0.29
0.236
0.345
0.17
0.128
0.224
0.155
0.006
0.05
0.154
0.221
0.321
0.344
0.209
0.134
0.195
0.367
0.381
0.463
0.537
0.417
0.404
0.186
0.111
-0.014
-0.004
-0.101
-0.03
-0.229
-0.206
-0.182
-0.083
-0.075
0.096
0.184
0.215
0.139
0.451
0.541
0.52
0.448
0.569
0.504
0.432
0.28
0.301
0.354
0.215
0.173
-0.006
-0.006
0.001
-0.019
-0.136
-0.052
-0.066
-0.206
-0.261
-0.233
-0.22
-0.406
-0.534
-0.53
-0.806
-0.921
-0.888
-0.92
-0.841
-0.82
-0.764
-0.679
-0.711
-0.759
-0.638
-0.62
-0.809
-0.775
-1.009
-0.854
-0.831
-0.738
-0.704
-0.61
-0.503
-0.214
-0.29
-0.265
-0.211
-0.134
-0.094
0.005
0.025
0.274
0.266
0.189
0.236
0.209
0.302
0.367
0.409
0.471
0.491
0.535
0.522
0.522
0.556
0.539
0.601
0.805
0.689
0.664
0.496
0.424
0.333
0.25
0.138
0.143
-0.003
0.105
0.006
-0.05
-0.14
-0.256
-0.328
-0.336
-0.486
-0.534
-0.44
-0.427
-0.47
-0.591
-0.596
-0.73
-0.657
-0.647
-0.672
-0.686
-0.743
-0.649
-0.666
-0.496
-0.5
-0.532
-0.42
-0.411
-0.266
-0.133
-0.119
-0.01
-0.039
-0.01
-0.001
-0.094
-0.119
0.095
0.189
0.059
0.075
0.247
0.211
0.217
0.194
0.249
0.103
0.076
0.205
0.16
0.159
0.133
0.361
0.319
0.396
0.425
0.525
0.661
0.688
0.787
0.585
0.719
0.775
0.746
0.534
0.435
0.565
0.474
0.36
0.249
0.36
0.176
0.045
0.056
-0.001
0.091
0.124
0.26
0.276
0.212
0.249
0.217
0.319
0.473
0.461
0.378
0.554
0.56
0.552
0.695
0.721
0.669
0.63
0.704
0.691
0.945
0.873
0.912
1.051
0.873
0.875
0.713
0.899
0.795
0.768
0.85
0.588
0.554
0.644
0.8
0.514
0.444
0.469
0.268
0.268
0.296
0.346
0.265
0.226
0.001
-0.06
-0.094
-0.19
-0.236
-0.15
-0.037
-0.184
-0.228
-0.378
-0.503
-0.466
-0.356
-0.31
-0.396
-0.451
-0.601
-0.473
-0.46
-0.224
-0.453
-0.396
-0.361
-0.281
-0.473
-0.401
-0.211
-0.429
-0.45
-0.611
-0.479
-0.28
-0.326
-0.05
-0.096
0.12
0.141
0.473
0.735
0.826
0.855
0.849
0.849
1.011
1.127
1.177
1.215
1.201
1.131
1.166
1.055
1.284
1.115
1.066
0.863
0.802
0.792
0.573
0.796
0.784
0.689
0.75
0.616
0.508
0.499
0.422
0.231
0.228
0.226
0.244
0.23
0.255
0.306
0.296
0.399
0.399
0.389
0.203
0.355
0.372
0.421
0.351
0.55
0.738
0.595
0.7
0.657
0.608
0.688
0.573
0.514
0.578
0.443
0.435
0.258
0.365
0.302
0.196
0.121
-0.004
-0.106
-0.266
-0.25
-0.312
-0.379
-0.355
-0.404
-0.394
-0.297
-0.473
-0.339
-0.527
-0.571
-0.552
-0.751
-0.688
-0.765
-0.86
-0.775
-0.629
-0.772
-0.741
-0.713
-0.741
-0.917
-0.797
-0.555
-0.586
-0.505
-0.606
-0.616
-0.497
-0.362
-0.304
-0.279
-0.147
-0.219
-0.235
-0.16
-0.24
-0.173
-0.27
-0.14
-0.154
0.149
0.089
0.175
0.154
0.176
0.294
0.246
0.136
-0.08
-0.01
-0.005
0.083
0.106
0.179
0.555
0.601
0.645
0.633
0.666
0.754
0.82
0.844
0.731
0.81
0.75
0.715
0.689
0.599
0.545
0.611
0.434
0.375
0.406
0.119
0.17
0.225
0.099
0.165
0.035
-0.054
-0.079
-0.145
-0.211
-0.365
-0.341
-0.305
-0.22
-0.163
-0.21
-0.468
-0.542
-0.46
-0.571
-0.398
-0.517
-0.439
-0.406
-0.371
-0.206
-0.224
-0.194
-0.208
-0.226
-0.4
-0.294
-0.259
-0.325
-0.164
-0.009
-0.11
0.116
0.176
0.14
0.274
0.35
0.144
0.179
0.258
0.129
0.022
-0.021
-0.219
-0.061
-0.21
-0.176
-0.376
-0.436
-0.503
-0.641
-0.772
-0.891
-0.949
-1.016
-0.98
-0.94
-0.891
-0.77
-0.959
-0.865
-0.736
-0.552
-0.681
-0.641
-0.58
-0.561
-0.626
-0.554
-0.434
-0.324
-0.217
-0.208
-0.169
-0.104
-0.1
-0.039
0.031
-0.022
0.182
0.206
0.077
-0.033
0.019
-0.036
0.061
0.105
0.31
0.386
0.555
0.633
0.716
0.655
0.564
0.565
0.135
0.194
0.136
0.226
0.378
0.56
0.49
0.414
0.509
0.306
0.188
0.118
0.061
0.034
0.022
0.134
0.126
0.116
0.154
0.126
0.154
0.15
0.225
0.071
0.086
0.091
0.13
0.098
0.045
0.168
0.034
-0.092
-0.101
-0.129
-0.199
-0.396
-0.335
-0.429
-0.385
-0.465
-0.619
-0.738
-0.736
-0.963
-1.03
-1.044
-1.143
-1.234
-1.185
-0.866
-1.021
-1.088
-0.883
-0.911
-0.865
-0.843
-0.821
-0.839
-0.719
-0.651
-0.704
-0.674
-0.453
-0.458
-0.559
-0.504
-0.224
0.006
0.014
0.242
0.205
0.276
0.351
0.535
0.656
0.593
0.81
0.736
0.859
0.623
0.444
0.5
0.57
0.399
0.58
0.542
0.451
0.641
0.589
0.439
0.301
0.288
0.221
-0.113
-0.15
-0.092
-0.029
0.025
0.024
-0.059
-0.244
-0.098
-0.066
0.045
0.074
0.043
0.143
0.125
0.121
0.116
0.184
0.35
0.312
0.323
0.338
0.446
0.58
0.559
0.398
0.381
0.124
0.128
0.136
0.06
0.092
0.16
0.13
0.039
-0.046
-0.05
-0.186
-0.119
-0.251
-0.256
-0.294
-0.184
-0.154
-0.219
-0.32
-0.417
-0.403
-0.421
-0.482
-0.545
-0.672
-0.685
-0.618
-0.846
-0.843
-0.734
-0.856
-0.973
-0.902
-0.9
-0.929
-0.891
-0.823
-0.652
-0.725
-0.644
-0.435
-0.159
-0.07
-0.039
0.109
0.09
0.064
0.054
0.031
-0.07
-0.245
-0.33
-0.416
-0.3
-0.111
-0.111
0.003
-0.136
-0.251
-0.059
-0.059
-0.088
-0.109
-0.152
-0.114
-0.154
-0.011
0.118
0.125
0.083
0.056
0.081
0.055
-0.074
-0.041
-0.295
-0.211
0.072
-0.001
0.15
-0.06
0.115
0.158
0.209
0.312
0.281
0.35
0.276
0.3
0.378
0.286
0.263
0.494
0.623
0.421
0.514
0.415
0.451
0.171
0.234
-0.022
-0.105
-0.144
-0.244
-0.18
-0.408
-0.419
-0.139
-0.018
0.003
-0.05
0.075
0.124
0.129
0.06
0.03
-0.055
-0.001
-0.005
-0.039
-0.101
-0.044
-0.081
-0.155
-0.131
-0.037
0.037
-0.028
-0.058
0.111
-0.022
0.209
0.234
0.238
0.266
0.046
-0.039
0.006
0.064
0.15
0.08
0.259
0.209
0.158
0.236
0.049
0.031
0.041
-0.013
-0.045
-0.179
-0.307
-0.263
-0.372
-0.348
-0.385
-0.559
-0.503
-0.426
-0.39
-0.169
-0.266
-0.079
-0.136
-0.075
-0.044
0.015
0.064
0.049
0.05
0.168
0.119
0.115
0.076
0.141
-0.099
0.041
0.121
0.159
0.296
0.103
0.206
0.246
0.339
0.426
0.499
0.54
0.511
0.603
0.672
0.801
0.644
0.575
0.463
0.531
0.391
0.366
0.405
0.499
0.691
0.739
0.819
0.875
0.927
0.993
1.004
1.095
1.034
1.028
1.01
0.904
0.902
0.885
0.931
0.871
0.96
0.986
0.963
0.868
0.745
0.763
0.588
0.334
0.168
0.11
0.033
0.036
-0.075
-0.004
0.119
-0.16
-0.103
-0.009
-0.14
-0.126
-0.254
-0.311
-0.196
-0.166
0.044
-0.04
0.11
0.07
-0.004
-0.039
-0.034
0.143
0.05
0.329
0.404
0.499
0.422
0.371
0.42
0.405
0.508
0.425
0.468
0.547
0.608
0.581
0.529
0.628
0.694
0.753
0.905
0.787
0.854
0.854
0.804
0.593
0.54
0.459
0.209
0.122
-0.06
-0.001
0.114
0.166
0.116
0.034
0.031
0.19
0.104
0.041
-0.098
-0.049
-0.191
-0.279
-0.1
0.037
-0.182
-0.219
-0.095
-0.1
-0.075
-0.079
-0.106
-0.18
-0.141
-0.158
-0.168
-0.152
-0.1
-0.096
0.02
-0.129
-0.136
0.069
0.037
0.214
0.165
0.151
0.225
0.238
0.2
0.143
0.304
0.304
0.501
0.349
0.299
0.351
0.415
0.393
0.424
0.201
0.025
0.079
0.161
0.18
0.113
0.091
0.205
0.359
0.104
0.215
0.131
0.09
0.297
0.265
0.209
0.208
0.439
0.314
0.312
0.374
0.319
0.665
0.791
0.973
0.86
0.963
0.786
0.834
1.04
0.864
0.779
0.721
0.75
0.926
1.052
1.139
0.968
1.383
1.359
1.33
1.329
1.304
1.091
0.909
0.596
0.449
0.398
0.184
0.154
0.122
0.24
0.026
0.12
-0.076
-0.245
-0.146
-0.309
-0.016
0.011
0.115
0.292
0.236
0.325
0.334
0.209
-0.001
-0.016
-0.139
-0.354
-0.225
-0.269
-0.265
-0.411
-0.376
-0.559
-0.64
-0.494
-0.623
-0.674
-0.651
-0.497
-0.3
-0.325
-0.224
-0.443
-0.52
-0.79
-0.809
-0.77
-0.741
-0.539
-0.415
-0.484
-0.443
-0.376
-0.393
-0.436
-0.212
-0.024
-0.013
-0.151
-0.035
0.109
-0.27
-0.224
-0.253
-0.177
-0.064
0.07
0.27
0.509
0.719
0.804
0.791
0.62
0.503
0.618
0.255
0.29
0.188
0.255
0.364
0.41
0.465
0.474
0.376
0.283
0.096
-0.061
-0.242
-0.253
-0.346
-0.182
-0.291
-0.424
-0.296
-0.463
-0.43
-0.391
-0.384
-0.448
-0.5
-0.461
-0.568
-0.478
-0.485
-0.375
-0.239
-0.25
-0.271
-0.311
-0.32
-0.259
-0.244
-0.391
-0.283
-0.242
-0.241
-0.355
-0.323
-0.194
-0.249
-0.223
-0.163
-0.228
-0.346
-0.276
-0.359
-0.429
-0.463
-0.306
-0.29
-0.463
-0.598
-0.466
-0.394
-0.328
-0.226
-0.098
-0.129
0.058
0.113
0.238
0.28
0.221
0.166
0.244
0.269
0.273
0.169
0.15
0.278
0.497
0.565
0.598
0.554
0.557
0.478
0.37
0.31
0.381
0.326
0.425
0.188
0.208
0.096
0.031
-0.059
0.039
0.059
-0.088
-0.086
-0.177
-0.217
-0.221
-0.031
0.045
-0.03
0.111
-0.065
-0.069
0.129
0.106
0.088
0.119
0.003
0.155
0.255
0.177
0.274
0.201
0.09
0.143
-0.089
-0.196
-0.221
-0.325
-0.374
-0.443
-0.461
-0.454
-0.479
-0.542
-0.635
-0.685
-0.686
-0.705
-0.701
-0.73
-0.876
-0.849
-0.974
-0.724
-1.084
-1.12
-1.165
-1.22
-1.239
-1.309
-1.143
-1.191
-0.99
-0.84
-0.859
-0.806
-0.606
-0.451
-0.494
-0.439
-0.295
-0.268
-0.175
-0.151
-0.013
-0.158
-0.089
-0.134
-0.18
-0.048
-0.107
-0.144
-0.325
-0.228
-0.229
-0.14
-0.179
-0.274
-0.021
-0.046
0.059
0.098
0.16
0.208
0.434
0.381
0.352
0.479
0.364
0.344
0.376
0.281
0.325
0.265
0.133
0.092
-0.007
-0.072
-0.095
-0.07
0.04
-0.061
0.02
-0.003
0.125
0.094
0.03
0.043
-0.106
-0.028
-0.118
0.134
0.158
0.074
0.094
0.151
0.104
0.083
0.037
-0.04
-0.016
0.103
0.341
0.326
0.43
0.346
0.242
0.145
0.29
0.393
0.22
0.156
-0.043
-0.024
-0.198
-0.25
-0.292
-0.31
-0.46
-0.521
-0.241
-0.124
-0.06
0.184
-0.034
0.061
0.095
0.074
-0.009
-0.054
-0.149
-0.22
-0.103
0.003
0.025
-0.024
-0.285
-0.278
-0.177
-0.181
-0.125
-0.14
-0.138
-0.21
-0.263
-0.441
-0.395
-0.473
-0.606
-0.522
-0.461
-0.378
-0.3
-0.446
-0.568
-0.769
-0.883
-0.84
-0.614
-0.677
-0.579
-0.51
-0.667
-0.745
-0.756
-0.72
-0.766
-0.596
-0.741
-0.639
-0.684
-0.786
-0.719
-0.718
-0.92
-0.902
-0.807
-0.684
-0.661
-0.6
-0.59
-0.506
-0.406
-0.549
-0.439
-0.334
-0.335
-0.06
0.134
0.101
0.022
0.22
0.278
0.289
0.109
0.244
0.365
0.414
0.623
0.61
0.755
0.698
0.68
0.599
0.52
0.685
0.69
0.359
0.364
0.295
0.25
0.241
0.383
0.464
0.269
0.352
0.406
0.536
0.522
0.514
0.451
0.441
0.603
0.611
0.524
0.364
0.445
0.456
0.508
0.479
0.351
0.245
0.306
0.339
0.408
0.417
0.497
0.655
0.479
0.508
0.539
0.446
0.517
0.331
0.349
0.264
0.385
0.355
0.474
0.396
0.249
0.283
0.135
0.149
0.15
0.075
-0.161
-0.104
-0.1
-0.104
-0.239
-0.149
-0.14
-0.209
-0.263
-0.234
-0.285
-0.247
-0.343
-0.386
-0.215
-0.301
-0.306
-0.19
-0.326
-0.389
-0.362
-0.374
-0.151
-0.325
-0.422
-0.404
-0.364
-0.341
-0.391
-0.364
-0.415
-0.399
-0.228
-0.174
-0.077
0.121
0.136
0.074
0.126
-0.105
-0.071
-0.054
-0.059
-0.072
0.094
0.092
0.128
0.171
0.029
0.096
0.186
0.051
0.154
0.007
0.062
0.236
0.305
0.299
0.146
0.143
0.152
0.034
-0.084
-0.07
0.094
0.105
0.031
0.3
0.151
0.155
-0.014
0.125
0.0
0.094
0.219
0.305
0.292
0.194
0.114
-0.07
0.033
0.151
0.105
0.221
0.196
0.231
0.3
0.362
0.417
0.454
0.506
0.645
0.618
0.605
0.698
0.578
0.701
0.667
0.644
0.629
0.414
0.241
0.163
0.037
-0.015
-0.104
-0.152
-0.15
-0.11
-0.051
-0.055
-0.191
-0.144
-0.276
-0.253
-0.352
-0.439
-0.508
-0.453
-0.619
-0.559
-0.508
-0.492
-0.525
-0.471
-0.515
-0.566
-0.57
-0.575
-0.485
-0.517
-0.445
-0.312
-0.481
-0.228
-0.235
0.0
0.116
0.007
-0.026
-0.004
0.071
0.056
0.091
-0.048
-0.013
-0.029
0.034
0.126
0.226
0.396
0.492
0.598
0.733
0.802
0.896
0.926
0.831
0.911
0.806
0.779
0.796
0.761
0.81
0.611
0.547
0.489
0.671
0.542
0.583
0.693
0.964
1.065
1.113
1.099
1.111
1.06
0.994
0.979
0.812
0.741
0.8
0.679
0.701
0.826
0.657
0.699
0.818
0.481
0.279
0.404
0.341
0.349
0.215
0.175
0.124
0.104
0.177
0.138
0.372
0.541
0.689
0.636
0.51
0.639
0.608
0.53
0.491
0.307
0.194
0.149
0.072
-0.006
-0.016
-0.059
-0.185
-0.48
-0.307
-0.481
-0.403
-0.48
-0.455
-0.422
-0.6
-0.812
-0.716
-0.708
-0.595
-0.769
-0.792
-0.855
-0.854
-0.726
-0.672
-0.738
-0.705
-0.647
-0.816
-0.912
-0.859
-1.069
-1.002
-0.728
-0.623
-0.657
-0.356
-0.283
-0.321
-0.242
-0.152
0.076
0.048
0.244
0.427
0.674
0.596
0.812
0.833
0.8
0.932
0.915
0.953
1.051
1.141
1.419
1.466
1.456
1.718
1.511
1.598
1.481
1.479
1.469
1.4
1.3
1.195
1.195
1.245
1.272
1.425
1.46
1.413
1.385
1.194
1.093
1.246
1.266
1.125
0.802
0.818
0.836
0.66
0.954
1.01
0.959
0.826
0.829
0.73
0.638
0.399
0.329
0.188
-0.199
-0.454
-0.645
-0.821
-0.858
-0.993
-0.891
-0.929
-1.012
-1.01
-1.121
-1.176
-1.071
-1.103
-1.37
-1.183
-1.384
-1.259
-1.339
-1.149
-0.991
-0.716
-0.529
-0.301
-0.096
0.083
0.021
0.379
0.525
0.628
0.618
0.735
0.791
0.784
0.841
0.834
0.922
0.781
0.708
0.812
0.823
0.684
0.681
0.781
0.675
0.573
0.531
0.657
0.75
0.734
0.81
0.695
0.738
0.721
0.701
0.729
0.79
0.726
0.728
0.716
0.681
0.568
0.584
0.551
0.485
0.542
0.238
0.146
0.191
0.126
0.194
0.05
0.031
-0.126
-0.238
-0.281
-0.351
-0.501
-0.414
-0.556
-0.557
-0.85
-0.848
-0.886
-0.91
-0.958
-1.101
-1.25
-1.394
-1.481
-1.544
-1.676
-1.667
-1.609
-1.466
-1.421
-1.423
-1.405
-1.34
-1.289
-1.11
-0.934
-0.823
-0.59
-0.515
-0.539
-0.537
-0.534
-0.473
-0.458
-0.532
-0.57
-0.51
-0.674
-0.641
-0.319
-0.389
-0.305
-0.212
-0.244
-0.223
-0.23
-0.171
0.062
0.28
0.238
0.299
0.381
0.193
0.244
0.268
0.06
0.028
0.094
-0.064
-0.06
0.092
-0.086
0.016
0.08
0.051
-0.143
-0.186
-0.278
-0.33
-0.415
-0.439
-0.611
-0.492
-0.542
-0.657
-0.812
-0.797
-0.744
-0.654
-0.584
-0.606
-0.579
-0.588
-0.7
-0.795
-0.839
-0.782
-0.603
-0.711
-0.529
-0.718
-0.593
-0.586
-0.48
-0.239
-0.288
-0.182
-0.176
-0.199
-0.133
-0.055
-0.014
0.071
-0.052
-0.003
0.115
0.143
-0.045
0.125
0.128
0.135
0.234
0.246
0.196
0.271
0.245
0.369
0.119
0.159
-0.01
0.013
0.083
0.179
0.311
0.215
0.064
-0.013
-0.155
-0.122
0.01
0.113
0.131
0.11
-0.064
-0.128
-0.161
-0.231
-0.226
-0.119
-0.013
-0.22
-0.244
-0.299
-0.146
-0.135
-0.235
-0.234
-0.372
-0.451
-0.58
-0.458
-0.44
-0.482
-0.576
-0.446
-0.536
-0.647
-0.465
-0.432
-0.36
-0.28
-0.435
-0.385
-0.47
-0.411
-0.39
-0.296
-0.261
-0.324
-0.41
-0.309
-0.321
-0.176
-0.044
0.033
-0.043
-0.019
0.191
0.02
0.015
0.099
0.056
0.029
-0.143
-0.144
-0.075
-0.205
-0.205
-0.294
-0.056
-0.365
-0.383
-0.466
-0.427
-0.326
-0.429
-0.471
-0.539
-0.525
-0.384
-0.419
-0.311
-0.325
-0.421
-0.625
-0.716
-0.97
-1.029
-0.786
-0.685
-0.461
-0.311
-0.279
-0.166
-0.239
-0.195
-0.394
-0.294
-0.4
-0.324
-0.421
-0.633
-0.646
-0.831
-0.745
-0.79
-0.588
-0.487
-0.429
-0.295
-0.306
-0.249
-0.164
-0.367
-0.435
-0.494
-0.534
-0.495
-0.628
-0.45
-0.576
-0.506
-0.588
-0.486
-0.487
-0.55
-0.595
-0.425
-0.519
-0.605
-0.6
-0.545
-0.367
-0.312
-0.149
0.01
-0.051
0.081
0.101
0.131
-0.092
-0.155
-0.029
-0.072
-0.115
-0.072
0.021
0.092
-0.021
-0.089
-0.043
-0.054
0.144
0.159
0.284
0.458
0.473
0.388
0.44
0.314
0.141
0.104
0.236
0.285
0.301
0.339
0.27
0.275
0.239
0.395
0.312
0.086
0.092
0.096
0.009
-0.076
-0.013
0.016
-0.029
0.034
-0.04
-0.013
0.019
0.199
0.04
0.02
-0.048
0.161
0.231
0.116
0.044
0.044
0.283
0.233
0.182
0.219
0.21
0.264
0.24
0.333
0.71
0.786
0.805
0.764
0.95
0.891
0.885
1.04
1.08
1.068
1.002
0.988
1.198
1.028
0.991
0.911
0.826
0.806
0.718
0.811
0.571
0.579
0.721
0.745
0.729
0.766
0.838
0.708
0.694
0.573
0.676
0.634
0.559
0.478
0.515
0.453
0.286
0.351
0.228
0.188
0.076
0.116
0.013
0.044
0.091
-0.098
-0.072
-0.138
-0.136
-0.177
-0.191
-0.058
-0.096
-0.39
-0.309
-0.383
-0.291
-0.292
-0.14
-0.135
-0.131
-0.175
-0.155
0.079
0.072
0.228
0.275
0.366
0.31
0.529
0.331
0.061
0.241
0.384
0.333
0.448
0.537
0.576
0.556
0.451
0.482
0.527
0.499
0.48
0.514
0.479
0.576
0.831
0.891
0.91
0.986
1.222
1.319
1.146
1.106
1.032
1.052
1.11
1.018
1.018
0.932
0.856
0.866
0.955
0.635
0.846
0.718
0.677
0.631
0.611
0.547
0.471
0.485
0.216
0.156
0.136
0.086
0.088
-0.084
-0.036
-0.403
-0.399
-0.378
-0.629
-0.68
-0.601
-0.75
-0.897
-0.946
-0.976
-1.105
-1.486
-1.498
-1.44
-1.454
-1.706
-1.39
-1.28
-1.113
-0.984
-0.876
-0.886
-0.922
-0.584
-0.33
-0.125
0.019
0.084
0.166
0.15
0.289
0.416
0.27
0.209
0.427
0.245
0.487
0.514
0.675
0.651
0.594
0.656
0.608
0.664
0.631
0.814
0.835
0.921
0.93
0.916
0.75
0.772
0.921
0.763
0.686
0.675
0.536
0.217
0.288
0.384
