0.503
0.565
0.682
0.429
0.328
0.168
0.242
0.238
0.422
0.265
0.355
0.103
-0.168
-0.206
-0.346
-0.357
-0.33
-0.238
-0.07
0.152
0.369
0.055
0.115
0.279
0.466
0.561
0.657
1.011
0.8
0.776
1.28
0.61
0.355
0.247
0.362
0.286
0.278
0.439
0.409
0.182
0.151
0.071
0.12
0.439
0.166
0.23
0.307
0.196
0.199
0.034
-0.043
-0.006
0.19
0.104
0.088
0.031
0.089
-0.119
-0.273
-0.419
-0.425
-0.526
-0.649
-0.675
-0.661
-0.652
-0.674
-0.608
-0.568
-0.482
-0.639
-0.591
-0.436
-0.516
-0.47
-0.473
-0.456
-0.486
-0.121
-0.251
-0.14
-0.089
-0.005
-0.046
0.006
0.126
0.266
0.233
0.424
0.455
0.555
0.427
0.246
0.188
0.158
0.289
0.166
0.216
0.36
0.286
0.309
0.045
-0.229
-0.225
-0.341
-0.434
-0.403
-0.357
-0.415
-0.458
-0.44
-0.223
-0.495
-0.376
-0.351
-0.371
-0.499
-0.301
-0.268
-0.336
-0.435
-0.286
-0.326
-0.642
-0.656
-0.844
-0.701
-0.714
-0.926
-0.906
-0.885
-0.912
-0.671
-0.736
-0.545
-0.253
-0.244
-0.12
0.128
-0.04
0.12
0.083
0.242
0.196
0.034
0.169
0.129
0.185
0.147
0.225
0.401
0.307
0.299
0.198
0.146
-0.176
0.135
0.128
0.273
0.434
0.475
0.618
0.508
0.405
0.568
0.362
0.608
0.534
0.42
0.311
0.092
0.091
0.242
0.059
-0.098
-0.168
-0.126
-0.238
-0.169
-0.225
-0.138
-0.186
-0.143
-0.129
-0.505
-0.771
-0.963
-0.963
-1.008
-1.131
-1.085
-1.37
-1.647
-1.749
-1.754
-1.461
-1.514
-1.504
-1.379
-1.346
-1.284
-1.24
-1.414
-1.375
-1.275
-1.004
-0.841
-0.71
-0.505
-0.431
-0.258
-0.251
-0.371
-0.195
-0.365
-0.164
-0.126
-0.065
-0.29
-0.109
-0.122
-0.049
0.098
-0.021
0.089
0.0
-0.037
-0.09
-0.133
-0.009
0.0
0.052
-0.066
-0.039
-0.115
0.13
0.136
0.268
0.489
0.503
0.728
0.638
0.601
0.556
0.67
0.425
0.618
0.636
0.698
0.775
0.63
0.642
0.591
0.497
0.333
0.238
0.319
0.499
0.334
0.63
0.705
0.623
0.385
0.365
0.404
0.126
0.269
0.186
0.28
0.022
-0.281
-0.314
-0.088
-0.084
-0.3
-0.439
-0.278
0.0
0.151
0.036
0.194
0.071
0.029
0.105
-0.081
-0.15
-0.039
-0.062
-0.049
-0.105
0.0
0.125
0.121
-0.025
0.193
0.325
0.229
0.266
0.395
0.269
0.271
0.343
0.352
0.474
0.682
0.789
1.022
0.964
0.905
0.993
1.073
1.171
1.153
1.276
1.131
0.99
0.881
0.935
0.806
0.32
0.235
0.454
0.443
0.586
0.618
0.69
0.834
0.578
0.58
0.586
0.439
0.212
0.11
-0.066
-0.182
-0.284
-0.352
-0.405
-0.255
-0.36
-0.273
-0.184
-0.095
-0.297
-0.264
-0.419
-0.53
-0.46
-0.369
-0.396
-0.489
-0.253
-0.089
-0.115
-0.239
0.015
0.39
0.375
0.474
0.605
0.708
0.873
0.814
0.629
0.795
0.897
0.958
1.117
1.177
1.161
1.056
1.044
1.016
1.029
0.975
0.846
1.135
1.088
1.008
0.769
0.931
1.194
1.316
1.321
1.179
0.985
0.93
0.886
1.015
0.98
0.675
0.738
0.7
0.459
0.258
-0.043
0.075
-0.264
-0.216
-0.36
-0.274
-0.01
0.209
0.122
-0.081
-0.188
-0.196
-0.141
-0.316
-0.225
-0.206
-0.238
-0.029
-0.133
0.141
0.2
-0.016
-0.147
0.312
-0.453
-0.665
-0.562
-0.679
-0.792
-0.67
-0.338
-0.344
-0.258
0.064
-0.065
0.06
0.058
0.229
0.355
0.32
0.367
0.305
0.111
-0.065
0.333
0.394
0.504
0.532
0.364
0.448
0.535
0.552
0.755
0.715
1.022
0.994
1.032
0.966
1.123
1.35
1.23
1.181
1.21
1.061
0.98
0.807
0.615
0.544
0.685
0.603
0.765
0.39
0.318
0.136
-0.04
-0.318
-0.274
-0.2
-0.296
-0.456
-0.475
-0.408
-0.304
-0.394
-0.249
-0.31
-0.329
-0.236
-0.226
-0.371
-0.323
-0.229
-0.497
-0.973
-1.049
-0.775
-0.623
-0.888
-0.869
-0.853
-0.5
-0.431
-0.634
-0.69
-0.656
-0.576
-0.719
-0.713
-0.685
-0.552
-0.194
-0.116
-0.15
-0.144
-0.121
-0.028
-0.092
0.149
-0.052
0.026
-0.206
-0.27
-0.206
-0.138
-0.215
-0.139
-0.125
-0.158
-0.121
-0.289
-0.378
-0.326
-0.231
-0.188
-0.071
-0.026
-0.064
-0.12
-0.258
-0.294
-0.312
-0.455
-0.37
-0.5
-0.48
-0.636
-0.534
-0.635
-0.609
-0.656
-0.556
-0.571
-0.619
-0.394
-0.174
-0.01
0.236
0.03
0.18
0.275
0.292
0.134
0.139
-0.273
-0.29
-0.236
-0.258
-0.233
-0.154
0.019
0.065
0.085
0.095
-0.035
-0.154
0.001
0.095
-0.225
-0.291
-0.398
-0.492
-0.785
-0.599
-0.785
-0.68
-0.72
-0.509
-0.366
-0.573
-0.514
-0.471
-0.333
-0.449
-0.255
-0.105
-0.134
0.113
0.212
0.25
0.463
0.565
0.638
0.828
0.723
0.826
0.693
0.926
1.058
1.071
1.146
1.275
1.259
1.376
1.245
1.324
1.413
1.228
1.056
1.064
1.218
1.13
1.028
0.719
0.593
0.375
0.135
0.212
-0.031
0.184
0.062
0.003
-0.165
-0.094
-0.12
-0.161
-0.086
0.145
-0.019
-0.048
-0.121
-0.092
-0.398
-0.425
-0.369
-0.529
-0.554
-0.665
-0.696
-0.791
-0.973
-1.181
-1.066
-1.271
-1.001
-0.723
-0.547
-0.441
-0.319
-0.338
-0.159
-0.194
-0.385
-0.496
-0.489
-0.501
-0.522
-0.496
-0.41
-0.367
-0.338
-0.344
-0.458
-0.116
-0.046
-0.074
0.004
0.169
0.116
0.27
0.408
0.289
0.48
0.576
0.709
0.772
0.953
0.894
1.029
0.927
0.961
0.656
0.774
0.65
0.492
0.506
0.302
0.323
0.2
0.269
0.662
0.458
0.591
0.524
0.161
-0.25
-0.356
-0.595
-0.774
-0.603
-0.435
-0.175
-0.138
-0.004
0.075
0.278
0.118
0.039
0.509
0.568
0.534
0.789
0.889
0.87
0.865
0.725
0.589
0.611
0.372
0.436
0.665
0.623
0.609
0.571
0.345
0.427
0.42
0.438
0.393
0.26
0.131
0.05
-0.016
0.098
0.144
0.273
0.203
0.385
0.203
0.289
0.344
0.051
0.049
-0.054
-0.194
-0.44
-0.294
-0.385
-0.128
-0.181
-0.089
-0.07
0.054
0.105
0.185
0.177
0.203
0.13
0.17
0.075
-0.208
-0.217
-0.228
0.077
0.014
0.275
0.288
0.145
-0.009
0.077
0.104
-0.031
-0.21
-0.394
-0.416
-0.693
-0.761
-0.769
-0.774
-0.899
-0.846
-0.902
-0.733
-0.902
-0.649
-0.754
-0.542
-0.65
-0.53
-0.552
-0.504
-0.357
-0.261
-0.156
-0.056
-0.31
-0.199
-0.525
-0.128
0.099
0.306
0.487
0.517
0.388
0.496
0.438
0.459
0.525
0.605
0.635
0.67
0.904
0.879
0.819
1.086
0.919
1.114
1.286
1.311
1.022
1.07
0.826
0.888
0.985
0.859
0.894
0.921
0.911
0.795
0.652
0.759
0.955
0.875
0.897
0.809
0.966
0.996
0.88
0.759
0.726
0.573
0.628
0.682
0.624
0.776
0.859
0.961
0.87
0.979
0.807
0.821
1.039
0.878
10.332
10.332
8.103
0.796
0.891
0.701
0.784
0.666
0.657
0.584
0.647
0.672
0.715
0.688
0.744
0.619
0.619
0.744
0.5
0.561
0.535
0.659
0.468
0.421
0.503
0.557
0.571
0.789
0.953
0.8
0.8
0.801
0.734
0.895
0.656
0.633
0.571
0.628
0.604
0.362
0.44
0.369
0.321
0.268
0.339
0.629
0.566
0.43
0.431
0.546
0.594
0.435
0.336
0.266
0.029
0.046
-0.034
-0.141
-0.231
-0.281
-0.35
-0.276
-0.264
-0.574
-0.859
-0.943
-1.159
-1.068
-1.365
-1.44
-1.433
-1.6
-1.552
-1.524
-1.649
-1.607
-1.509
-1.48
-1.623
-1.556
-1.588
-1.61
-1.585
-1.61
-1.768
-1.6
-1.499
-1.45
-1.353
-1.354
-1.365
-1.242
-1.242
-1.251
-1.21
-1.117
-0.945
-0.765
-0.88
-0.792
-0.823
-0.75
-0.751
-0.623
-0.439
-0.346
-0.31
-0.443
-0.38
-0.33
-0.168
-0.088
0.151
0.001
-0.019
0.168
-0.003
-0.121
-0.188
-0.045
-0.07
0.125
0.007
0.07
0.395
0.422
0.396
0.292
0.299
0.206
0.122
-0.005
-0.158
-0.214
-0.314
-0.411
-0.268
-0.386
0.064
-0.005
0.224
0.135
0.174
0.07
0.059
-0.014
0.103
-0.089
0.163
0.147
-0.079
-0.076
-0.061
-0.188
-0.309
-0.286
-0.075
-0.1
0.045
0.072
-0.212
0.039
-0.096
0.006
0.219
0.249
0.155
0.26
0.131
0.08
0.036
-0.041
0.249
0.39
0.305
0.436
0.524
0.439
0.609
0.601
0.615
0.604
0.38
0.334
0.351
0.26
0.169
0.21
0.381
0.307
0.357
0.579
0.544
0.506
0.78
0.674
0.731
0.744
0.989
0.693
0.524
0.512
0.516
0.665
0.649
0.35
0.374
0.258
0.474
0.429
0.569
0.716
0.556
0.292
0.275
0.08
0.089
0.054
0.194
-0.018
0.009
-0.021
0.175
0.139
-0.147
-0.2
-0.307
-0.495
-0.219
-0.416
-0.275
-0.367
-0.355
-0.496
-0.312
-0.16
-0.186
-0.166
-0.139
-0.411
-0.312
-0.37
-0.17
0.059
0.055
0.226
0.211
-0.116
0.059
-0.007
0.01
0.085
0.261
0.481
0.549
0.46
0.278
0.264
0.18
0.26
0.388
0.521
0.425
0.233
-0.048
0.036
-0.065
-0.095
0.052
-0.075
-0.408
-0.449
-0.52
-0.45
-0.258
-0.664
-0.478
-0.484
-0.339
-0.403
-0.13
0.03
0.11
-0.081
-0.113
0.06
0.436
0.698
0.888
0.861
0.738
0.639
0.581
0.591
0.386
0.716
0.848
0.919
0.83
0.826
0.49
0.524
0.468
0.388
0.514
0.54
0.551
0.38
0.505
0.471
0.48
0.641
0.544
0.294
0.144
0.255
0.084
-0.069
-0.294
-0.336
-0.164
0.004
0.14
0.194
-0.016
0.125
-0.064
-0.141
-0.27
-0.383
-0.496
-0.249
-0.329
-0.405
-0.511
-0.56
-0.516
-0.547
-0.214
-0.107
-0.126
-0.08
0.076
0.264
-0.179
-0.147
-0.24
-0.1
0.134
0.344
0.175
0.314
0.191
0.333
0.403
0.174
0.205
0.06
0.114
0.315
0.126
0.32
0.05
-0.015
0.03
-0.033
-0.182
0.01
-0.134
0.001
-0.184
0.145
0.01
0.134
0.228
0.361
0.574
0.657
0.578
0.73
1.042
1.059
1.268
1.166
1.012
0.932
0.667
0.71
0.615
0.608
0.645
0.552
0.659
0.67
0.489
0.173
0.103
0.276
0.07
-0.045
0.006
-0.019
0.064
-0.031
-0.176
-0.281
-0.217
-0.464
-0.647
-0.401
-0.448
-0.159
-0.371
-0.335
-0.539
-0.379
-0.774
-0.929
-0.861
-0.816
-0.723
-0.463
-0.396
-0.036
-0.244
-0.399
-0.279
-0.501
-0.326
-0.378
-0.223
-0.169
-0.27
-0.35
-0.463
-0.371
-0.448
-0.217
-0.029
0.166
0.19
0.094
0.103
0.341
0.531
0.574
0.774
0.625
0.486
0.35
0.193
0.129
0.374
0.504
0.656
0.566
0.566
0.565
0.487
0.379
0.39
0.271
0.085
0.166
-0.045
-0.19
-0.216
-0.294
-0.404
-0.54
-0.598
-0.536
-0.684
-0.408
-0.526
-0.655
-0.738
-0.661
-0.517
-0.556
-0.524
-0.7
-0.652
-0.534
-0.37
-0.25
-0.184
-0.046
-0.021
0.151
-0.12
-0.084
-0.01
-0.219
-0.18
-0.076
-0.143
0.031
0.095
-0.145
-0.049
-0.21
0.029
-0.001
0.163
0.141
0.271
0.258
-0.036
0.266
0.169
0.516
0.224
0.182
0.215
0.352
0.465
0.396
0.426
0.244
0.417
0.516
0.522
0.514
0.44
0.586
0.559
0.058
0.084
-0.27
-0.509
-0.661
-0.466
-0.686
-0.475
-0.46
-0.315
-0.216
-0.189
-0.133
-0.126
-0.004
-0.003
0.111
0.04
-0.04
0.196
0.16
0.307
0.46
0.541
0.51
0.61
0.549
0.689
0.614
0.713
0.531
0.609
0.731
0.651
0.855
0.589
0.654
0.604
0.595
0.531
0.23
0.229
0.205
0.004
0.236
0.141
0.242
-0.004
-0.115
-0.226
-0.129
0.065
-0.096
-0.146
-0.235
-0.376
-0.371
-0.492
-0.5
-0.466
-0.27
-0.448
-0.504
-0.441
-0.481
-0.416
-0.485
-0.355
-0.463
-0.427
-0.564
-0.356
-0.309
0.04
0.288
0.3
0.296
0.246
0.124
0.273
0.242
0.341
0.4
0.251
0.504
0.345
0.439
0.319
0.371
0.65
0.624
1.0
0.925
0.951
1.022
0.988
0.759
0.935
0.755
0.875
0.711
0.674
0.586
0.6
0.716
0.693
0.431
0.323
0.118
0.134
0.128
0.034
-0.119
-0.335
-0.229
-0.399
-0.375
-0.621
-0.364
-0.323
-0.122
-0.129
-0.32
-0.283
-0.393
-0.531
-0.579
-0.536
-0.604
-0.642
-0.509
-0.672
-0.588
-0.999
-1.056
-1.24
-1.318
-1.354
-1.409
-1.685
-1.501
-1.405
-1.42
-1.305
-1.204
-1.272
-1.356
-1.216
-1.084
-1.125
-1.006
-0.915
-0.625
-0.39
-0.258
-0.085
-0.32
0.046
-0.15
-0.075
0.115
0.026
0.179
0.21
0.439
0.68
0.628
1.13
1.069
1.099
1.133
1.116
1.139
1.244
1.424
1.534
1.468
1.635
1.629
1.613
1.786
1.708
1.893
1.825
1.875
1.853
1.694
1.704
1.646
1.45
1.419
1.355
1.002
0.749
0.647
0.426
0.216
0.343
0.174
0.279
0.065
-0.23
-0.28
-0.341
-0.331
-0.512
-0.631
-0.776
-0.816
-0.97
-0.849
-0.786
-0.6
-0.71
-0.584
-0.61
-0.621
-0.633
-0.628
-0.611
-0.671
-0.729
-0.807
-0.67
-0.62
-0.446
-0.647
-0.69
-0.497
-0.606
-0.66
-0.644
-0.681
-0.751
-0.566
-0.768
-0.598
-0.302
0.113
0.259
0.355
0.371
0.173
0.15
0.114
0.136
0.165
0.273
0.263
0.352
0.238
0.133
-0.059
0.113
0.394
0.532
0.541
0.69
0.46
0.38
0.326
0.249
0.385
0.095
0.348
0.341
0.569
0.601
0.504
0.309
0.113
0.141
-0.009
0.165
0.367
0.399
0.328
0.535
0.205
-0.233
-0.173
0.089
-0.14
0.251
0.374
0.231
0.134
-0.125
-0.364
-0.316
-0.15
0.074
0.598
0.781
0.841
0.914
0.921
1.079
0.746
0.826
0.834
0.82
0.873
0.598
0.809
0.728
0.864
0.629
0.771
0.944
1.101
1.085
1.127
0.906
0.864
0.604
0.453
0.441
0.47
0.208
0.241
0.081
0.109
0.055
-0.001
0.101
0.307
0.329
0.286
0.343
0.417
0.625
0.479
0.481
0.745
0.574
0.475
0.573
0.458
0.495
0.463
0.164
0.086
0.189
0.263
0.384
0.469
0.156
-0.086
-0.245
-0.336
-0.39
-0.26
-0.022
0.165
0.212
0.348
0.109
-0.116
-0.31
-0.378
-0.215
-0.194
-0.103
-0.059
-0.233
-0.176
-0.312
-0.448
-0.359
-0.034
0.084
0.134
0.12
0.189
0.026
0.315
0.36
0.48
0.491
0.685
0.751
0.645
0.693
0.61
0.621
0.436
0.424
0.241
0.092
-0.052
0.045
-0.116
-0.239
-0.316
-0.403
-0.48
-0.305
-0.596
-0.546
-0.425
-0.343
-0.456
-0.603
-0.67
-0.554
-0.413
-0.464
-0.455
-0.569
-0.43
-0.566
-0.31
-0.411
-0.076
0.116
0.072
0.21
0.343
0.291
0.371
0.244
0.273
0.439
0.378
0.383
0.75
0.713
0.701
0.59
0.779
0.399
0.231
0.021
0.177
-0.04
-0.198
-0.005
-0.321
-0.458
-0.416
-0.393
-0.516
-0.669
-0.642
-0.629
-0.55
-0.545
-0.579
-0.633
-0.641
-0.846
-0.701
-0.603
-0.786
-0.685
-0.661
-0.698
-0.611
-0.675
-0.816
-0.623
-0.766
-0.777
-0.525
-0.451
-0.31
-0.101
0.161
0.29
0.403
0.331
0.316
0.311
0.32
0.241
0.292
0.355
0.096
0.174
0.058
0.075
-0.051
0.219
0.259
0.398
0.234
0.177
-0.143
-0.219
-0.224
-0.302
-0.296
-0.379
-0.335
-0.346
-0.564
-0.652
-0.541
-0.681
-0.758
-0.77
-0.628
-0.44
-0.38
-0.385
-0.642
-0.429
-0.409
-0.352
-0.371
-0.301
-0.486
-0.324
-0.223
0.013
-0.025
-0.121
-0.07
-0.189
-0.329
-0.561
-0.5
-0.179
-0.371
-0.314
-0.307
-0.354
-0.372
-0.359
-0.195
-0.071
-0.191
-0.261
-0.188
-0.138
-0.075
-0.006
-0.011
-0.018
-0.069
-0.113
-0.33
-0.18
-0.122
-0.16
-0.124
-0.064
0.024
-0.08
-0.103
0.104
0.096
-0.005
0.147
0.191
0.429
0.524
0.766
0.71
0.738
0.635
0.524
0.48
0.357
0.42
0.359
0.26
0.04
-0.059
0.099
-0.107
-0.107
-0.106
-0.31
-0.22
-0.133
0.048
0.014
0.14
0.044
-0.061
-0.119
-0.09
0.007
0.135
-0.205
-0.294
-0.579
-0.599
-0.438
-0.54
-0.381
-0.31
-0.208
-0.304
-0.284
-0.154
-0.076
-0.101
-0.261
-0.285
-0.515
-0.598
-0.685
-0.715
-0.725
-0.468
-0.405
-0.195
-0.121
-0.309
-0.28
-0.095
-0.028
0.28
-0.214
-0.138
-0.103
-0.025
0.007
0.098
0.124
0.251
0.515
0.618
0.746
0.835
0.922
10.332
10.332
10.332
0.759
1.107
1.288
1.11
1.266
1.406
1.36
1.405
1.374
1.12
1.05
0.934
0.652
0.403
0.331
0.464
0.588
0.537
0.698
0.693
0.57
0.431
0.328
0.19
0.421
0.255
0.146
0.041
0.141
0.064
0.049
0.09
0.086
0.086
-0.173
0.039
-0.045
-0.075
-0.009
-0.143
0.021
-0.003
0.144
0.383
0.555
0.623
0.709
0.698
0.769
0.71
0.865
0.69
0.859
0.899
0.922
1.032
0.78
0.88
0.821
0.672
0.484
0.771
0.73
0.479
0.545
0.212
0.261
-0.069
-0.175
-0.264
-0.255
-0.323
-0.22
-0.2
-0.389
-0.39
-0.492
-0.415
-0.495
-0.522
-0.474
-0.25
-0.297
-0.21
-0.163
-0.279
-0.524
-0.354
-0.511
-0.615
-0.726
-0.771
-0.711
-0.879
-1.062
-1.064
-1.021
-1.109
-1.35
-1.137
-1.164
-1.448
-1.349
-1.218
-1.001
-0.931
-0.855
-0.681
-0.645
-0.524
-0.539
-0.624
-0.56
-0.644
-0.535
-0.448
-0.473
-0.438
-0.253
-0.366
-0.316
-0.225
-0.07
-0.288
0.105
0.011
0.106
0.065
0.048
0.054
0.184
0.304
0.536
0.579
0.771
0.978
1.272
1.19
1.433
1.24
1.19
1.209
1.081
1.129
1.084
0.889
1.029
0.976
1.035
1.081
1.22
1.153
1.29
1.111
1.121
1.116
1.351
1.336
1.26
1.433
0.993
1.031
1.139
1.204
1.199
1.196
1.35
1.06
1.166
0.961
1.15
0.912
0.73
0.775
0.634
0.51
0.122
-0.065
-0.115
0.055
0.007
-0.066
-0.037
-0.054
0.056
-0.206
-0.072
0.021
0.024
0.007
0.079
-0.236
-0.279
-0.105
-0.297
-0.121
-0.058
-0.165
-0.164
0.006
-0.005
0.081
0.124
-0.13
-0.258
-0.479
-0.378
-0.453
-0.584
-0.52
-0.217
-0.163
-0.294
-0.374
-0.131
-0.212
0.003
-0.089
-0.306
-0.23
-0.45
-0.385
-0.182
-0.253
-0.341
-0.29
-0.323
-0.101
0.009
0.024
0.075
0.184
0.195
0.284
-0.009
-0.036
0.077
0.034
0.051
0.004
-0.033
0.136
0.191
0.413
0.511
0.399
0.331
0.535
0.609
0.594
0.42
0.478
0.647
0.436
0.584
0.654
0.79
0.804
0.879
0.846
0.815
0.878
0.92
0.79
0.782
0.37
0.858
0.708
0.669
0.454
0.364
0.236
0.36
0.228
0.043
0.026
-0.025
-0.152
-0.106
-0.125
-0.177
-0.33
-0.27
-0.346
-0.367
-0.489
-0.529
-0.583
-0.759
-0.816
-0.838
-1.453
-1.097
-1.281
-1.208
-1.218
-1.413
-1.43
-1.574
-1.468
-1.357
-1.556
-1.18
-1.264
-1.096
-0.945
-0.909
-0.733
-1.032
-0.907
-0.57
-0.458
-0.083
-0.1
0.163
0.09
0.259
0.214
0.089
0.095
0.125
0.511
0.464
0.51
0.565
0.618
0.505
0.417
0.489
0.319
0.324
0.4
0.665
0.456
0.376
0.441
0.375
0.681
0.539
0.776
0.628
0.623
0.554
0.662
0.491
0.646
0.503
0.482
0.292
0.224
0.57
0.688
0.929
0.89
0.73
0.586
0.4
0.455
0.544
0.646
0.574
0.547
0.638
0.52
0.427
0.29
0.376
0.39
0.435
0.427
0.265
-0.089
-0.088
-0.044
-0.174
-0.118
-0.199
-0.09
-0.037
-0.101
-0.141
-0.233
0.029
-0.196
-0.324
-0.389
-0.398
-0.66
-0.675
-0.666
-0.573
-0.586
-0.486
-0.497
-0.556
-0.509
-0.649
-0.545
-0.609
-0.519
-0.547
-0.642
-0.575
-0.644
-0.855
-0.654
-0.75
-0.776
-0.703
-0.499
-0.731
-0.546
-0.52
-0.508
-0.439
-0.221
-0.155
-0.264
-0.25
-0.194
-0.279
-0.395
-0.52
-0.372
-0.43
-0.367
-0.362
-0.25
-0.135
-0.119
-0.121
-0.186
-0.185
-0.018
0.316
0.484
0.421
0.381
0.263
0.348
0.376
0.45
0.586
0.772
0.775
0.635
0.574
0.681
0.672
0.649
0.562
0.616
0.879
1.002
0.649
0.421
0.544
0.642
0.659
0.559
0.615
0.566
0.753
0.705
0.769
0.802
0.729
0.786
0.765
0.723
0.492
0.576
0.561
0.466
0.661
0.759
0.721
0.921
0.985
0.765
0.71
0.642
0.71
0.711
0.821
0.949
0.998
1.01
0.94
0.786
0.794
0.708
0.499
0.556
0.263
0.33
0.19
0.1
0.065
0.072
0.14
0.147
-0.03
-0.07
0.018
-0.155
-0.388
-0.409
-0.517
-0.508
-0.681
-0.666
-0.689
-0.465
-0.369
-0.29
-0.369
-0.276
-0.155
-0.079
0.026
0.291
0.274
0.264
0.328
0.261
0.245
0.463
0.323
0.312
0.283
0.179
0.08
0.02
0.03
-0.084
-0.328
-0.446
-0.47
-0.494
-0.64
-0.644
-10.336
-0.573
-0.657
-0.517
-0.475
-0.521
-0.43
-0.532
-0.487
-0.521
-0.074
-0.13
-0.297
-0.555
-0.383
-0.378
-0.401
-0.305
-0.473
-0.309
-0.435
-0.641
-0.654
-1.295
-0.72
-0.422
-0.323
-0.189
-0.296
-0.254
-0.11
0.226
0.181
0.151
0.411
0.574
0.494
0.429
0.651
0.595
0.531
0.43
0.541
0.413
0.39
0.176
0.28
0.319
0.165
0.007
0.018
0.121
0.013
-0.019
-0.05
-0.179
-0.339
-0.471
-0.279
-0.299
-0.216
-0.299
-0.141
-0.186
-0.256
-0.263
-0.198
-0.283
-0.223
-0.258
-0.324
-0.175
-0.15
0.338
0.323
0.224
0.253
0.275
0.259
0.266
0.413
0.336
0.044
-0.122
-0.233
-0.331
-0.4
-0.411
-0.405
-0.401
-0.26
-0.015
0.131
0.139
0.367
0.393
0.331
0.128
0.164
0.177
0.13
0.107
0.05
0.039
-0.074
-0.046
-0.143
-0.475
-0.54
-0.47
-0.479
-0.723
-0.769
-0.64
-0.655
-0.72
-0.659
-0.441
-0.281
-0.211
-0.059
-0.049
-0.039
0.12
0.165
0.535
0.285
0.357
0.388
0.425
0.466
0.473
0.646
0.606
0.468
0.474
0.484
0.54
0.291
0.396
0.216
0.275
0.302
0.4
0.33
0.182
-0.043
-0.146
-0.075
-0.043
-0.182
-0.096
-0.022
-0.205
-0.275
-0.409
-0.372
-0.278
-0.356
-0.345
-0.551
-0.677
-0.485
-0.508
-0.443
-0.401
-0.3
-0.299
-0.269
-0.331
-0.404
-0.391
-0.375
-0.47
-0.596
-0.385
-0.031
-0.288
-0.269
-0.343
-0.211
-0.527
-0.355
-0.426
-0.439
-0.286
-0.151
-0.145
-0.169
0.238
0.175
-0.022
0.119
0.292
0.264
0.085
0.341
0.32
0.273
0.296
0.182
0.177
0.253
0.159
0.196
-0.014
0.124
0.061
0.065
0.02
0.179
0.39
0.376
0.383
0.128
0.156
0.234
0.176
0.306
0.253
0.309
0.281
0.256
0.128
0.23
0.19
0.152
0.2
0.246
0.269
0.329
0.352
0.647
0.75
0.953
0.728
0.829
1.011
0.879
0.945
1.096
1.111
1.021
1.039
-0.326
1.419
1.302
1.292
1.363
1.299
1.229
1.504
1.363
1.445
1.409
1.391
1.34
1.396
1.385
1.43
1.17
1.242
1.012
0.993
1.061
0.904
0.777
0.629
0.464
0.275
0.143
0.175
0.039
0.145
0.019
0.244
0.199
-0.059
-0.302
-0.226
-0.286
-0.356
-0.143
-0.216
-0.221
-0.056
-0.009
-0.176
-0.271
-0.176
-0.174
-0.094
-0.101
-0.025
-0.193
-0.186
-0.16
-0.379
-0.279
0.03
0.014
0.109
0.168
0.116
0.263
0.38
0.505
0.389
0.354
0.416
0.604
0.459
0.415
0.62
0.639
0.531
0.468
0.283
0.051
-0.016
-0.058
-0.106
-0.316
-0.432
-0.491
-0.524
-0.565
-0.701
-0.585
-0.517
-0.714
-0.341
-0.566
-0.525
-0.53
-0.438
-0.307
-0.427
-0.02
-0.052
-0.014
0.007
0.085
0.039
0.217
0.343
0.365
0.316
0.39
0.545
0.682
0.811
0.691
0.677
0.728
0.649
0.544
0.438
0.324
0.311
0.163
0.328
-0.025
0.08
0.075
-0.025
-0.245
-0.4
-0.706
-0.605
-0.745
-0.706
-0.729
-0.763
-0.674
-0.628
-0.604
-0.5
-0.455
-0.323
-0.344
-0.345
-0.173
-0.081
0.13
-0.065
0.098
-0.044
-0.211
0.064
-0.088
-0.06
-0.158
-0.173
-0.144
-0.143
-0.163
-0.018
-0.021
0.022
0.316
0.408
0.349
0.273
0.355
0.318
0.504
0.445
0.575
0.743
0.571
0.672
0.432
0.408
0.323
0.29
0.149
0.164
0.166
0.049
0.23
0.115
-0.025
0.031
0.006
-0.059
-0.151
-0.263
-0.256
-0.239
-0.256
-0.466
-0.408
-0.395
-0.289
-0.339
-0.314
-0.28
-0.286
-0.495
-0.438
-0.519
-0.568
-0.378
-0.511
-0.44
-0.366
-0.28
-0.345
-0.304
-0.259
-0.181
-0.318
-0.271
0.088
0.041
0.163
0.38
0.32
0.505
0.399
0.515
0.105
0.2
0.367
0.326
0.294
0.195
0.323
0.539
0.585
0.365
0.492
0.487
0.509
0.38
0.343
0.295
0.396
0.521
0.529
0.473
0.435
0.519
0.461
0.466
0.503
0.284
0.341
0.104
-0.004
0.001
-0.075
0.031
0.066
-0.029
-0.001
-0.026
-0.11
-0.131
-0.059
-0.125
-0.037
-0.028
0.182
0.15
0.245
0.505
0.532
0.725
0.836
0.829
0.824
0.895
0.979
0.98
0.999
1.024
1.059
1.011
0.925
0.986
0.791
0.696
0.916
0.71
0.72
0.494
0.473
0.356
0.205
0.244
0.103
0.098
-0.177
-0.184
-0.161
-0.371
-0.292
-0.31
-0.224
-0.241
-0.459
-0.409
-0.729
-0.594
-0.719
-0.665
-0.744
-0.705
-0.676
-0.711
-0.654
-0.593
-0.559
-0.594
-0.669
-0.73
-0.703
-0.672
-0.758
-0.605
-0.718
-0.844
-0.647
-0.863
-0.794
-0.835
-0.824
-0.838
-0.853
-0.961
-0.705
-0.491
-0.481
-0.484
-0.326
-0.031
0.091
0.357
0.458
0.751
0.807
0.99
0.584
0.919
1.151
1.154
1.189
1.116
1.242
1.336
1.329
1.424
1.318
1.224
1.311
1.469
1.218
1.262
1.179
1.01
0.846
0.836
0.768
0.843
0.883
0.739
0.481
0.534
0.372
0.459
0.356
0.261
0.16
0.193
0.121
0.02
-0.111
-0.059
-0.128
-0.1
-0.285
-0.31
-0.301
-0.459
-0.427
-0.755
-0.62
-0.696
-0.674
-0.626
-0.78
-0.769
-0.801
-0.718
-0.741
-0.689
-0.766
-0.7
-0.818
-0.769
-0.871
-0.82
-0.772
-0.565
-0.66
-0.565
-0.652
-0.789
-0.671
-0.626
-0.601
-0.618
-0.489
-0.438
-0.371
-0.309
-0.217
-0.19
-0.352
-0.286
-0.346
-0.371
-0.234
-0.116
-0.04
-0.124
-0.061
-0.107
-0.174
-0.129
-0.135
-0.235
-0.273
-0.312
-0.504
-0.324
-0.316
0.136
0.164
0.334
0.304
0.335
0.198
0.283
0.191
0.104
0.028
-0.01
-0.171
-0.14
-0.289
-0.22
-0.055
-0.081
0.044
0.1
0.014
0.049
-0.018
0.116
0.125
0.061
0.064
0.024
0.076
0.17
0.122
0.21
0.486
0.615
0.706
0.785
0.845
1.109
1.147
1.129
1.074
1.469
1.578
1.491
1.438
1.367
1.526
1.371
1.288
1.154
1.091
0.958
0.87
0.895
0.897
0.84
0.753
0.739
0.554
0.42
0.393
0.209
0.09
0.179
0.101
0.118
0.094
-0.044
-0.159
-0.141
-0.054
-0.034
-0.045
-0.089
-0.036
-0.135
-0.234
-0.077
-0.18
0.01
0.083
0.01
-0.128
0.07
-0.275
-0.246
-0.24
-0.089
-0.074
0.08
0.025
0.229
0.39
0.49
0.532
0.7
0.811
0.785
0.825
0.7
0.828
0.821
0.718
0.651
0.759
0.883
0.85
0.901
0.81
0.701
0.656
0.604
0.545
0.383
0.486
0.429
0.318
0.341
0.436
0.419
0.466
0.48
0.396
0.443
0.71
0.628
0.64
0.585
0.416
0.331
0.259
0.19
0.268
0.105
0.079
-0.011
-0.151
-0.281
-0.049
-0.013
-0.173
-0.186
-0.086
-0.345
-0.311
-0.268
-0.096
0.048
0.139
0.215
0.324
0.191
0.215
0.1
0.02
-0.154
-0.118
-0.255
-0.276
-0.235
-0.291
-0.3
-0.585
-0.599
-0.482
-0.43
-0.434
-0.448
-0.426
-0.35
-0.341
-0.304
-0.276
-0.281
-0.4
-0.335
-0.372
-0.343
-0.414
-0.37
-0.258
-0.281
-0.268
-0.158
-0.285
-0.264
-0.261
-0.26
-0.173
-0.247
-0.269
-0.214
-0.109
-0.029
-0.036
0.285
0.234
0.367
0.312
0.336
0.405
0.324
0.461
0.388
0.208
0.049
-0.14
-0.258
-0.296
-0.43
-0.426
-0.37
-0.545
-0.466
-0.375
-0.295
-0.083
-0.361
-0.234
-0.079
-0.242
-0.25
-0.241
-0.422
-0.39
-0.271
-0.171
-0.203
-0.274
-0.364
-0.279
-0.3
-0.098
0.177
0.179
0.258
0.314
0.29
0.238
0.165
0.54
0.362
-10.336
0.51
0.514
0.516
0.644
0.524
0.489
0.541
0.481
0.435
0.396
0.085
0.079
0.228
0.346
0.111
0.185
0.21
0.154
0.223
0.121
0.103
0.124
0.01
0.171
0.09
0.055
-0.083
-0.014
-0.034
-0.114
-0.07
-0.152
-0.256
-0.394
-0.461
-0.596
-0.647
-0.581
-0.834
-0.821
-0.921
-0.943
-1.05
-0.983
-0.759
-0.59
-0.384
-0.31
-0.161
-0.111
-0.107
-0.101
0.208
0.217
0.18
0.145
0.284
0.417
0.52
0.569
0.656
0.657
0.647
0.671
0.765
0.781
0.753
0.74
0.729
0.505
0.556
0.484
0.398
0.318
0.175
0.203
0.164
0.169
0.033
0.088
-0.173
-0.043
-0.033
-0.16
-0.085
-0.253
-0.182
-0.119
-0.107
-0.214
-0.316
-0.255
-0.31
-0.338
-0.376
-0.453
-0.422
-0.482
-0.526
-0.362
-0.475
-0.444
-0.63
-0.591
-0.473
-0.606
-0.55
-0.583
-0.542
-0.334
-0.324
-0.364
-0.311
-0.099
-0.041
-0.021
-0.056
-0.037
0.052
0.131
0.152
0.456
0.539
0.559
0.53
0.469
0.181
0.251
0.216
0.254
0.049
0.133
0.2
0.269
0.177
-0.081
-0.17
-0.064
-0.164
-0.077
-0.086
-0.233
-0.198
-0.182
-0.23
-0.058
-0.003
0.143
0.201
0.19
0.38
0.369
0.325
0.115
0.264
0.361
0.413
0.473
0.323
0.431
0.569
0.573
0.466
0.598
0.71
0.685
0.926
0.834
0.904
0.856
0.945
0.95
0.78
0.831
0.951
0.876
0.816
0.599
0.432
0.554
0.372
0.291
0.174
0.229
0.223
0.077
0.014
-0.111
-0.163
-0.234
-0.01
-0.198
-0.475
-0.718
-0.776
-0.904
-0.936
-0.836
-0.895
-0.969
-0.914
-0.823
-0.911
-0.85
-0.652
-0.606
-0.497
-0.688
-0.571
-0.469
-0.473
-0.455
-0.466
-0.312
-0.244
-0.365
-0.199
-0.134
-0.094
-0.083
0.041
0.074
0.221
0.206
0.181
0.199
0.2
0.289
0.448
0.595
0.682
0.431
0.559
0.491
0.379
0.169
0.086
0.147
-0.048
-0.21
-0.181
-0.366
-0.393
-0.521
-0.589
-0.495
-0.589
-0.57
-0.635
-0.554
-0.641
-0.669
-0.49
-0.66
-0.53
-0.599
-0.291
-0.21
-0.316
-0.245
-0.323
-0.321
-0.366
-0.41
-0.383
-0.396
-0.53
-0.366
-0.307
-0.211
-0.191
-0.104
0.058
0.251
0.224
0.579
0.44
0.611
0.356
0.388
0.278
0.348
0.329
0.359
0.434
0.39
0.463
0.636
0.629
0.561
0.856
0.858
0.795
0.9
0.929
0.881
0.863
0.939
0.768
0.821
0.995
1.086
1.135
1.026
1.124
1.061
1.089
0.99
1.054
0.948
0.925
0.9
0.846
0.662
0.536
0.403
0.32
0.156
-0.088
-0.052
-0.095
0.119
0.158
0.134
0.357
0.211
0.39
0.325
0.351
0.265
0.302
0.279
0.301
0.215
0.226
0.268
0.179
0.301
0.074
0.146
0.001
0.118
-0.01
0.118
0.26
0.29
0.394
0.468
0.465
0.455
0.403
0.439
0.53
0.31
0.398
0.211
0.261
0.119
0.041
-0.107
-0.174
-0.143
-0.15
-0.175
-0.095
0.037
0.02
0.019
0.105
-0.07
-0.021
-0.05
-0.175
-0.23
-0.324
-0.345
-0.415
-0.411
-0.339
-0.427
-0.43
-0.403
-0.331
-0.201
-0.039
0.138
0.136
0.291
0.301
0.294
0.566
0.451
0.49
0.448
0.501
0.66
0.633
0.768
0.955
1.011
0.995
0.966
0.873
0.87
0.926
0.959
1.026
0.953
0.905
0.77
0.795
0.839
0.851
0.885
0.889
1.035
0.883
1.097
1.028
1.042
0.95
0.983
1.04
0.948
0.876
0.62
0.79
0.585
0.554
0.56
0.629
0.509
0.491
0.314
0.266
0.231
0.089
0.25
0.275
0.223
0.325
0.184
0.271
0.357
0.534
0.557
0.796
0.672
0.49
0.415
0.264
0.184
0.043
0.024
-0.15
-0.135
-0.175
-0.131
-0.138
-0.058
-0.033
-0.088
-0.031
0.185
0.133
0.155
0.182
0.15
0.118
0.081
0.03
-0.101
0.09
-0.013
0.13
-0.072
-0.098
0.001
-0.088
-0.096
-0.118
-0.249
-0.189
10.332
-0.235
-0.323
-0.424
-0.4
-0.376
-0.338
-0.3
-0.415
-0.516
-0.551
-0.703
-0.806
-0.92
-0.92
-0.92
-1.034
-1.046
-1.084
-1.21
-1.409
-1.288
-1.419
-1.675
-1.606
-1.65
-1.705
-1.729
-1.792
-1.696
-1.775
-1.562
-1.586
-1.424
-1.331
-1.381
-1.31
-1.234
-1.109
-0.958
-1.184
-0.91
-0.976
-0.891
-0.776
-0.59
-0.647
-0.634
-0.649
-0.57
-0.408
-0.25
-0.084
-0.109
0.075
0.216
0.085
0.288
0.188
0.229
0.286
0.381
0.514
0.625
0.583
0.444
0.479
0.359
0.443
0.546
0.524
0.529
0.65
0.76
0.816
0.93
0.899
1.117
1.28
1.229
1.167
1.209
1.246
1.176
1.241
1.323
1.224
1.184
1.074
1.024
1.051
0.939
0.909
0.888
0.806
0.68
0.559
0.581
0.509
0.526
0.503
0.54
0.654
0.506
0.33
0.284
0.149
0.229
0.039
-0.059
-0.103
-0.276
-0.376
-0.182
-0.104
0.014
-0.154
-0.007
-0.014
-0.014
-0.028
0.056
-0.168
-0.316
-0.159
-0.095
-0.13
-0.173
-0.154
-0.031
-0.033
-0.1
-0.114
-0.109
-0.054
-0.179
-0.094
0.079
0.095
0.195
0.074
0.191
0.033
0.086
0.081
0.2
0.155
0.219
0.354
0.311
0.233
0.185
-0.033
-0.186
-0.203
-0.155
-0.245
-0.195
-0.326
-0.306
-0.32
-0.329
-0.301
-0.356
-0.372
-0.376
-0.385
-0.311
-0.236
-0.064
-0.088
0.029
-0.046
0.054
0.184
0.321
0.323
0.375
0.294
0.43
0.263
0.223
0.469
0.42
0.478
0.42
0.609
0.629
10.332
0.296
0.969
1.219
1.28
1.409
1.464
1.426
1.474
1.598
1.736
1.762
1.661
1.605
1.69
1.723
1.465
1.535
1.334
1.453
1.308
1.224
1.147
1.181
1.048
1.036
1.035
0.969
0.914
0.983
0.67
0.536
0.361
0.351
0.224
0.08
0.26
0.268
0.059
0.139
0.122
-0.049
0.037
0.12
0.035
-0.084
-0.064
-0.1
-0.089
-0.116
-0.055
-0.144
-0.324
-0.205
-0.253
-0.364
-0.417
-0.491
-0.641
-0.801
-0.703
-0.688
-0.596
-0.74
-0.764
-0.873
-0.911
-0.853
-0.976
-0.839
-0.998
-0.94
-0.809
-0.62
-0.639
-0.595
-0.594
-0.55
-0.657
-0.542
-0.444
-0.245
-0.141
-0.121
0.052
0.065
-0.115
-0.191
-0.241
-0.224
-0.311
-0.288
-0.319
-0.076
-0.149
-0.238
-0.23
-0.302
-0.258
-0.383
-0.439
-0.469
-0.38
-0.459
-0.454
-0.266
-0.453
-0.35
-0.174
-0.211
-0.211
-0.135
-0.231
-0.121
-0.11
-0.174
-0.259
-0.195
-0.058
0.069
0.039
0.048
0.11
-0.021
-0.011
0.033
-0.077
-0.11
-0.133
-0.228
-0.024
-0.003
-0.18
-0.216
-0.049
-0.118
-0.022
-0.088
0.064
0.076
0.007
-0.061
-10.336
-0.019
0.004
-0.098
-0.06
0.081
0.138
0.074
0.136
0.279
0.383
0.349
0.278
0.234
0.242
0.228
0.177
0.238
0.209
0.24
0.41
0.264
0.163
0.273
0.096
0.2
0.052
0.154
0.217
0.372
0.43
0.374
0.45
0.461
0.503
0.603
0.81
0.713
0.92
0.94
1.097
1.004
1.139
1.069
1.113
1.065
1.002
-10.336
0.77
0.659
0.584
0.527
0.565
0.448
0.307
0.276
0.136
0.059
0.135
0.281
0.281
0.189
0.165
-0.01
0.022
-0.085
-0.143
-0.039
0.024
0.006
0.15
0.095
-0.031
-0.085
-0.12
-0.264
-0.179
-0.113
-0.155
-0.219
-0.278
-0.305
-0.334
-0.323
-0.212
-0.269
-0.348
-0.299
-0.501
-0.414
-0.48
-0.526
-0.562
-0.566
-0.618
-0.642
-0.641
-0.714
-0.691
-0.795
-0.736
-0.938
-0.825
-0.681
-0.682
-0.804
-0.969
-0.921
-0.924
-1.021
-0.993
-1.058
-1.115
-1.335
-1.299
-1.259
-1.26
-1.175
-0.98
-1.066
-0.883
-0.807
-0.844
-0.64
-0.674
-0.578
-0.48
-0.431
-0.591
-0.417
-0.484
-0.608
-0.512
-0.48
-0.504
-0.449
-0.378
-0.146
-0.125
-0.037
-0.02
0.096
0.188
0.121
-10.336
0.018
0.355
0.177
0.115
0.208
0.247
0.388
0.38
0.684
0.536
0.681
0.659
0.7
0.883
0.85
0.93
0.973
1.103
1.2
1.254
1.268
1.315
1.394
1.535
1.46
1.406
1.548
1.512
1.614
1.441
1.296
1.364
1.201
1.326
1.239
1.185
1.104
1.089
1.13
1.061
0.993
0.871
0.706
0.67
0.625
0.581
0.531
0.42
0.42
0.309
0.216
0.133
0.031
0.111
0.006
-0.019
-0.208
-0.2
-0.176
-0.305
-0.198
-0.304
-0.338
-0.33
10.332
-0.25
-0.357
-0.294
-0.072
-0.061
-0.075
-0.08
-0.251
-0.149
-0.1
-0.084
-0.216
-0.199
-0.275
-0.318
-0.26
-0.338
-0.301
-0.474
-0.469
-0.441
-0.529
-0.551
-0.514
-0.385
-0.458
-0.411
-0.318
-0.399
-0.3
-0.321
-0.28
-0.294
-0.245
-0.118
-0.14
-0.1
-0.036
-0.02
-0.034
-0.081
0.039
-0.04
0.072
0.07
0.214
0.055
0.036
0.103
0.05
0.08
-0.039
-0.036
0.064
0.004
-0.031
0.001
0.076
-0.011
0.046
0.091
0.092
-0.119
0.045
-0.003
0.066
0.276
0.406
0.484
0.381
0.275
0.152
0.18
0.225
0.191
0.182
0.211
0.188
0.121
-0.085
0.086
-0.107
-0.283
-0.128
-0.244
-0.175
-0.159
-0.229
-0.26
-0.135
-0.115
-0.241
-0.111
-0.098
-0.011
-0.037
-0.14
-0.054
-0.08
-0.176
-0.159
-0.133
-0.194
-0.098
0.005
0.01
0.059
-0.034
0.072
0.105
0.182
0.175
0.11
0.198
0.169
0.08
-0.005
0.103
-0.019
0.052
0.103
0.065
0.185
0.311
0.321
0.406
0.381
0.408
0.406
0.398
0.396
0.375
0.302
0.211
0.289
0.361
0.404
0.375
0.389
0.305
0.369
0.413
0.454
0.431
0.28
0.478
0.39
0.231
0.349
0.369
0.5
0.388
0.41
0.408
0.411
0.299
0.285
0.269
0.21
0.118
0.115
0.031
-0.138
-0.126
-0.101
-0.193
-0.103
-0.124
-0.095
-0.138
-0.224
-0.365
-0.378
-0.279
-0.372
-0.35
-0.335
-0.425
-0.344
-0.441
-0.283
-0.288
-0.329
-0.245
-0.318
-0.2
-0.266
-0.23
-0.146
-0.095
0.006
-0.052
-0.005
0.099
0.122
0.188
0.195
0.256
0.199
0.104
-0.009
0.059
-0.029
0.059
-0.01
0.054
0.094
0.11
0.126
0.035
-0.074
-0.059
-0.333
-0.26
-0.329
-0.269
-0.339
-0.384
-0.492
-0.486
-0.471
-0.49
-0.585
-0.511
-0.51
-0.566
-0.489
-0.495
-0.549
-0.461
-0.346
-0.427
-0.471
-0.512
-0.485
-0.487
-0.469
-0.46
-0.37
-0.384
-0.365
-0.289
-0.269
-0.223
-0.269
-0.281
-0.264
-0.276
-0.24
-0.274
-0.223
-0.306
-0.24
-0.268
-0.236
-0.22
-0.196
-0.233
-0.259
-0.175
-0.182
-0.177
-0.176
-0.113
-0.091
-0.072
0.007
0.07
0.136
0.046
0.088
0.052
0.083
0.16
0.106
0.138
0.124
0.135
0.138
0.033
0.14
0.136
0.168
0.229
0.268
0.2
0.235
0.209
0.266
0.283
0.209
0.276
0.29
0.221
0.305
0.351
0.253
0.2
0.309
0.122
0.021
0.048
0.006
-0.011
-0.026
-0.106
-0.1
-0.054
-0.094
-0.103
-0.163
-0.145
-0.281
-0.281
-0.26
-0.338
-0.324
-0.304
-0.413
-0.47
-0.527
-0.429
-0.43
-0.449
-0.383
-0.436
-0.444
-0.441
-0.408
-0.375
-0.44
-0.42
-0.426
-0.297
-0.431
-0.385
-0.309
-0.271
-0.26
-0.225
-0.266
-0.188
-0.155
-0.115
-0.133
-0.014
0.03
0.079
0.09
0.196
0.165
0.328
0.409
0.38
0.444
0.256
0.328
0.331
0.294
0.286
0.312
0.321
0.285
0.216
0.266
0.224
0.223
0.264
0.314
0.15
0.101
0.037
0.0
0.072
0.049
0.054
0.028
0.066
0.109
-0.029
-0.007
0.022
-0.031
0.013
0.024
0.029
-0.014
-0.01
-0.05
-0.051
-0.105
-0.083
-0.176
-0.168
-0.188
-0.279
-0.21
-0.31
-0.31
-0.32
-0.288
-0.42
-0.443
-0.471
-0.545
-0.478
-0.534
-0.511
-0.537
-0.514
-0.527
-0.494
-0.526
-0.59
-0.529
-0.593
-0.489
-0.519
-0.672
-0.585
-0.561
-0.531
-0.501
-0.458
-0.438
-0.405
-0.38
-0.459
-0.445
-0.4
-0.341
-0.304
-0.325
-0.259
-0.309
-0.256
-0.258
-0.254
-0.278
-0.138
-0.246
-0.226
-0.129
-0.14
-0.154
-0.168
-0.184
-0.16
-0.106
-0.114
-0.234
-0.079
-0.105
-0.089
-0.052
0.022
0.005
0.026
0.024
0.66
-0.026
0.034
-0.061
-0.076
-0.004
-0.036
0.01
0.095
0.223
0.079
-0.003
-0.062
-0.098
-0.046
-0.135
-0.138
-0.125
-0.191
-0.122
-0.228
-0.301
-0.259
-0.357
-0.369
-0.425
-0.401
-0.438
-0.351
-0.383
-0.379
-0.496
-0.426
-0.436
-0.389
-0.378
-0.39
-0.329
-0.414
