-0.946
-0.826
-0.763
-0.715
-0.619
-0.503
-0.504
-0.409
-0.376
-0.283
-0.16
-0.294
-0.143
-0.156
-0.089
-0.104
-0.061
-0.061
-0.109
0.039
-0.126
-0.039
-0.145
-0.109
-0.101
-0.024
-0.1
-0.046
0.11
-0.003
-0.001
0.086
0.144
0.006
-0.004
0.015
0.08
0.17
0.111
0.325
0.391
0.451
0.458
0.47
0.468
0.302
0.247
0.199
0.281
0.229
0.246
0.239
0.234
0.152
0.005
-0.07
-0.151
-0.171
-0.242
-0.341
-0.326
-0.315
-0.253
-0.435
-0.329
-0.319
-0.345
-0.312
-0.306
-0.292
-0.164
-0.188
0.029
-0.064
-0.12
-0.083
0.013
0.014
-0.091
-0.01
-0.184
-0.241
-0.103
-0.09
0.129
0.229
0.465
0.512
0.529
0.75
0.555
0.571
0.497
0.56
0.468
0.588
0.557
0.56
0.417
0.468
0.439
0.415
0.291
0.395
0.388
0.36
0.415
0.291
0.259
0.296
0.389
0.401
0.219
0.159
0.256
0.044
0.007
-0.092
-0.09
-0.143
-0.045
-0.054
-0.198
-0.331
-0.241
-0.264
-0.352
-0.369
-0.429
-0.435
-0.655
-0.485
-0.631
-0.88
-0.81
-0.701
-0.629
-0.731
-0.68
-0.644
-0.576
-0.537
-0.629
-0.646
-0.545
-0.391
-0.345
-0.346
-0.236
-0.141
-0.051
0.022
-0.03
-0.029
0.099
0.165
0.013
0.135
0.111
0.01
-0.051
0.258
0.098
0.275
0.196
0.435
0.451
0.307
0.295
0.253
0.296
0.249
0.256
0.165
0.021
0.036
-0.009
-0.069
-0.226
-0.278
-0.336
-0.343
-0.566
-0.565
-0.417
-0.323
-0.226
-0.311
-0.356
-0.529
-0.352
-0.475
-0.532
-0.39
-0.424
-0.364
-0.424
-0.306
-0.191
-0.241
-0.129
-0.284
-0.263
-0.279
-0.374
-0.275
-0.385
-0.314
-0.295
-0.306
-0.171
-0.25
-0.154
-0.096
0.088
0.125
0.114
0.128
0.242
0.362
0.324
0.307
0.201
0.055
-0.01
-0.171
-0.318
-0.3
-0.36
-0.329
-0.391
-0.286
-0.215
-0.27
-0.276
-0.171
-0.265
-0.056
0.051
0.118
0.364
0.189
0.105
0.156
0.106
0.341
-0.007
0.021
-0.041
-0.041
-0.044
-0.036
-0.138
-0.174
-0.203
-0.072
0.026
0.158
0.035
0.055
-0.138
-0.088
-0.022
0.024
0.045
0.095
0.114
-0.084
-0.086
-0.228
-0.129
-0.154
-0.256
-0.245
-0.242
-0.312
-0.482
-0.519
-0.584
-0.555
-0.537
-0.599
-0.395
-0.37
-0.335
-0.311
-0.158
-0.035
-0.015
0.085
-0.095
0.006
-0.181
-0.036
-0.079
-0.085
-0.098
-0.03
0.044
0.15
0.195
0.226
0.326
0.242
0.369
0.224
0.241
0.255
0.15
0.25
0.386
0.401
0.256
0.314
0.411
0.331
0.439
0.501
0.534
0.481
0.475
0.475
0.374
0.546
0.564
0.504
0.556
0.631
0.571
0.547
0.693
0.841
0.924
0.78
0.775
0.802
0.829
0.777
0.966
0.978
1.079
0.995
0.999
0.981
0.998
0.953
0.855
0.906
0.736
0.689
0.59
0.424
0.214
0.304
0.256
0.235
0.21
0.174
0.223
-0.004
-0.119
-0.092
-0.174
-0.121
-0.145
-0.065
-0.141
-0.128
-0.101
-0.07
-0.186
-0.131
-0.216
-0.312
-0.312
-0.43
-0.304
-0.231
-0.21
-0.203
-0.176
-0.15
-0.266
-0.035
-0.077
-0.041
0.138
0.149
0.217
0.249
0.426
0.45
0.463
0.581
0.485
0.499
0.536
0.475
0.352
0.455
0.532
0.389
0.349
0.352
-0.015
0.092
0.077
0.025
0.085
0.141
0.14
0.065
0.056
0.126
0.247
0.348
0.31
0.25
0.302
0.24
0.242
0.264
0.273
0.22
0.283
0.271
0.17
0.166
0.122
0.056
0.079
0.046
-0.113
-0.095
-0.344
-0.159
-0.164
-0.111
-0.025
-0.094
0.069
-0.034
-0.006
-0.03
0.124
0.034
0.031
0.02
-0.101
0.144
0.101
0.254
0.305
0.519
0.515
0.514
0.586
0.615
0.615
0.677
0.569
0.647
0.568
0.628
0.581
0.591
0.489
0.56
0.585
0.588
0.52
0.38
0.375
0.209
0.107
0.055
-0.091
-0.165
-0.255
-0.379
-0.501
-0.352
-0.499
-0.726
-0.581
-0.626
-0.47
-0.391
-0.36
-0.234
-0.184
-0.14
-0.209
-0.2
-0.059
-0.051
0.02
0.225
0.209
0.414
0.555
0.623
0.802
0.843
1.002
1.143
1.038
0.998
1.06
1.106
1.164
1.234
1.193
1.106
1.249
1.046
1.226
1.234
1.159
1.121
1.184
1.216
1.14
1.022
1.157
0.97
1.049
1.085
1.048
1.069
1.0
0.954
0.812
0.654
0.726
0.718
0.726
0.593
0.511
0.504
0.244
0.226
0.166
0.056
0.189
0.125
-0.084
-0.31
-0.349
-0.24
-0.456
-0.443
-0.699
-0.709
-0.713
-0.625
-0.674
-0.829
-0.799
-0.902
-0.835
-0.82
-0.871
-0.761
-0.849
-0.96
-1.107
-1.199
-1.225
-1.136
-1.055
-1.107
-1.093
-1.078
-1.1
-1.224
-1.235
-1.193
-1.113
-1.185
-1.049
-0.839
-0.826
-0.67
-0.615
-0.751
-0.726
-0.579
-0.466
-0.378
-0.266
-0.014
0.319
0.271
0.492
0.522
0.59
0.723
0.526
0.71
0.786
1.008
1.05
1.22
1.173
1.245
1.276
1.165
1.311
1.359
1.19
1.146
1.014
1.13
1.264
1.356
1.344
1.305
1.166
0.939
0.911
0.706
0.511
0.458
0.566
0.302
0.101
0.141
0.025
0.101
-0.035
0.141
0.256
0.302
0.235
0.085
-0.052
-0.113
0.005
0.086
-0.001
0.025
-0.036
-0.125
-0.096
-0.018
0.124
0.121
0.311
0.208
0.169
0.261
0.177
0.099
0.069
0.095
0.175
-0.049
0.033
-0.214
-0.244
-0.39
-0.432
-0.56
-0.731
-0.649
-0.844
-0.694
-0.656
-0.621
-0.542
-0.565
-0.554
-0.537
-0.594
-0.735
-0.807
-0.763
-0.735
-0.731
-0.746
-0.642
-0.824
-0.644
-0.743
-0.754
-0.836
-0.75
-0.829
-0.792
-0.779
-0.91
-0.941
-0.671
-0.584
-0.545
-0.3
-0.18
-0.055
0.174
0.38
0.321
0.319
0.4
0.314
0.374
0.396
0.27
0.191
0.189
0.231
0.189
0.294
0.456
0.46
0.446
0.532
0.739
0.724
0.834
0.84
0.724
0.649
0.728
0.701
0.67
0.532
0.674
0.657
0.615
0.583
0.731
0.465
0.435
0.158
0.136
-0.066
-0.28
-0.297
-0.391
-0.393
-0.496
-0.486
-0.636
-0.542
-0.75
-0.831
-0.949
-1.097
-1.281
-1.32
-1.429
-1.548
-1.468
-1.363
-1.146
-0.945
-0.966
-0.875
-0.869
-0.682
-0.749
-0.614
-0.649
-0.581
-0.416
-0.383
-0.329
-0.273
-0.14
0.06
0.089
0.065
0.138
0.12
0.043
-0.033
-0.028
-0.14
-0.456
-0.524
-0.4
-0.614
-0.661
-0.784
-0.833
-0.768
-0.763
-0.865
-1.079
-1.069
-1.184
-1.205
-1.196
-1.114
-0.994
-0.95
-0.623
-0.755
-0.691
-0.708
-0.69
-0.661
-0.639
-0.686
-0.431
-0.486
-0.44
-0.485
-0.147
0.009
0.044
0.228
0.45
0.372
0.296
0.245
0.411
0.404
0.29
0.32
0.14
0.109
0.228
0.039
-0.092
-0.079
-0.135
-0.058
-0.076
-0.238
-0.147
-0.221
-0.147
0.021
0.174
0.251
0.221
0.565
0.685
0.591
0.616
0.485
0.426
0.464
0.409
0.312
0.136
0.135
0.011
0.173
0.21
0.384
0.446
0.417
0.59
0.443
0.506
0.374
0.225
0.124
0.263
0.206
0.014
0.037
0.025
-0.079
-0.226
-0.025
0.155
0.215
0.168
0.11
0.046
0.177
-0.021
-0.124
0.033
-0.022
-0.136
-0.164
-0.13
-0.219
-0.095
-0.18
-0.258
-0.214
-0.255
-0.374
-0.241
-0.189
-0.165
-0.279
0.135
0.185
0.199
0.092
0.079
0.113
0.27
0.194
0.181
0.024
-0.129
-0.217
-0.11
-0.292
-0.291
-0.289
-0.362
-0.211
-0.231
-0.076
-0.247
0.084
0.065
0.174
0.29
0.196
0.449
0.269
0.23
0.253
0.15
0.075
-0.155
-0.109
-0.133
-0.156
-0.114
-0.214
-0.27
-0.42
-0.621
-0.542
-0.598
-0.73
-0.863
-0.909
-0.936
-0.864
-0.926
-0.901
-0.87
-0.829
-0.63
-0.471
-0.471
-0.441
-0.525
-0.451
-0.413
-0.439
-0.52
-0.41
-0.449
-0.465
-0.405
-0.164
-0.24
-0.166
-0.094
-0.016
0.001
0.122
0.159
0.141
0.36
0.38
0.481
0.454
0.421
0.299
0.152
0.188
0.104
0.105
-0.046
-0.161
-0.367
-0.546
-0.659
-0.916
-0.98
-0.891
-0.812
-0.809
-0.703
-0.544
-0.389
-0.384
-0.244
-0.006
0.146
0.085
0.072
0.064
0.177
0.03
0.06
0.003
-0.113
-0.1
-0.059
-0.051
0.094
0.231
0.466
0.64
0.833
0.804
0.82
0.938
0.715
0.679
0.682
0.751
0.739
0.714
0.812
0.769
0.784
0.736
0.749
0.708
0.76
0.755
0.698
0.79
0.719
0.695
0.659
0.547
0.549
0.385
0.411
0.403
0.238
0.361
0.455
0.459
0.4
0.346
0.24
0.398
0.289
0.18
0.169
0.279
0.384
0.233
0.329
0.331
0.406
0.379
0.25
0.307
0.193
0.229
0.206
0.136
0.247
0.006
-0.11
-0.245
-0.221
-0.239
-0.371
-0.254
-0.169
-0.196
-0.355
-0.389
-0.524
-0.624
-0.685
-0.82
-0.754
-0.845
-0.932
-0.94
-0.667
-0.774
-0.676
-0.557
-0.547
-0.325
-0.359
-0.258
-0.28
-0.336
-0.311
-0.399
-0.324
-0.214
-0.238
-0.29
-0.2
-0.2
-0.305
-0.168
-0.116
-0.139
-0.215
-0.03
-0.159
0.025
0.141
0.111
0.32
0.165
0.25
0.263
0.388
0.438
0.448
0.66
0.562
0.581
0.641
0.556
0.599
0.554
0.503
0.48
0.506
0.419
0.37
0.234
0.285
0.145
0.077
-0.103
-0.091
-0.088
-0.16
-0.258
-0.32
-0.371
-0.36
-0.343
-0.451
-0.398
-0.468
-0.657
-0.616
-0.772
-0.56
-0.614
-0.682
-0.651
-0.5
-0.409
-0.406
-0.324
-0.22
-0.149
-0.215
-0.077
0.034
-0.113
-0.075
-0.09
-0.239
-0.315
-0.233
-0.345
-0.516
-0.465
-0.489
-0.537
-0.619
-0.421
-0.459
-0.427
-0.158
-0.139
-0.166
-0.235
-0.179
-0.145
-0.031
-0.229
-0.212
-0.233
-0.456
-0.396
-0.17
0.026
-0.114
-0.21
-0.191
-0.215
0.001
-0.051
0.056
-0.036
0.015
0.065
0.362
0.393
0.623
0.698
0.699
0.787
0.823
0.91
0.876
0.953
1.03
0.991
0.954
0.996
1.104
1.116
1.031
0.981
0.981
0.956
0.929
0.819
0.79
0.804
0.893
0.809
0.72
0.715
0.489
0.571
0.517
0.344
0.583
0.496
0.2
0.184
-0.014
-0.129
-0.128
-0.091
-0.199
-0.175
-0.161
-0.13
-0.288
-0.28
-0.434
-0.603
-0.657
-0.681
-0.636
-0.931
-0.856
-0.905
-0.93
-0.824
-0.8
-0.693
-0.85
-0.801
-0.769
-0.705
-0.869
-1.042
-0.916
-0.963
-0.8
-0.79
-0.756
-0.605
-0.56
-0.384
-0.489
-0.424
-0.278
-0.438
-0.411
-0.541
-0.425
-0.171
-0.181
-0.26
-0.015
-0.314
-0.226
-0.244
-0.119
-0.024
0.059
0.195
0.269
0.334
0.394
0.471
0.633
0.659
0.758
0.526
0.699
0.662
0.782
0.756
0.664
0.807
0.873
0.981
1.039
1.061
1.123
1.035
1.136
0.969
0.968
0.845
0.836
0.838
0.716
0.599
0.62
0.611
0.301
0.152
0.007
0.033
0.115
0.072
0.077
-0.086
-0.015
-0.125
-0.121
-0.021
-0.105
-0.072
-0.2
-0.254
-0.263
-0.268
-0.284
-0.276
-0.297
-0.335
-0.285
-0.238
-0.295
-0.161
-0.096
0.011
-0.052
-0.048
-0.077
-0.281
-0.212
-0.292
-0.136
-0.103
-0.217
-0.196
-0.144
-0.049
-0.16
-0.18
-0.058
0.086
0.076
-0.069
-0.126
-0.079
-0.026
-0.134
-0.013
0.08
-0.11
-0.085
-0.104
0.1
0.151
0.113
-0.018
0.07
0.129
-0.234
-0.163
-0.176
-0.36
-0.391
-0.414
-0.315
-0.344
-0.475
-0.599
-0.504
-0.425
-0.446
-0.33
-0.205
-0.316
-0.416
-0.198
-0.234
-0.076
-0.161
-0.037
0.077
0.198
0.16
0.264
0.33
0.26
0.255
0.19
0.174
0.406
0.449
0.393
0.275
0.273
0.225
0.495
0.556
0.645
0.511
0.672
0.64
0.569
0.667
0.674
0.701
0.679
0.69
0.669
0.647
0.522
0.478
0.512
0.53
0.671
0.73
0.721
0.714
0.517
0.46
0.604
0.58
0.574
0.703
0.659
0.779
0.665
0.566
0.616
0.646
0.526
0.506
0.289
0.263
0.201
0.144
0.307
0.415
0.238
0.409
0.455
0.359
0.378
0.307
0.28
0.234
0.421
0.463
0.51
0.294
0.37
0.294
0.376
0.126
0.163
0.221
-0.072
-0.013
0.121
-0.114
0.128
-0.103
-0.039
-0.101
-0.119
-0.133
-0.046
0.065
0.021
-0.051
0.024
-0.065
-0.134
-0.044
-0.205
-0.32
-0.072
-0.169
-0.084
-0.238
-0.083
-0.03
0.009
-0.084
0.071
0.084
0.212
0.15
-0.03
0.033
0.025
-0.037
-0.014
-0.22
-0.239
-0.328
-0.21
-0.214
-0.329
-0.089
-0.118
-0.128
-0.019
-0.052
-0.259
-0.122
-0.17
-0.439
-0.266
-0.228
-0.253
-0.086
-0.208
-0.233
-0.158
-0.406
-0.55
-0.57
-0.557
-0.631
-0.649
-0.585
-0.544
-0.194
-0.176
0.059
0.305
0.071
0.131
0.301
0.312
0.542
0.581
0.364
0.568
0.426
0.574
0.843
0.695
0.932
1.025
1.149
1.145
1.311
1.446
1.286
1.066
1.292
1.318
1.1
0.963
0.95
0.932
0.775
0.333
-0.08
-0.072
-0.156
-0.273
-0.22
-0.279
-0.527
-0.395
-0.615
-0.589
-0.509
-0.816
-0.651
-0.891
-1.12
-1.124
-1.06
-0.965
-0.885
-0.975
-0.939
-0.671
-0.471
-0.451
-0.586
-0.393
-0.432
-0.499
-0.537
-0.569
-0.441
-0.414
-0.291
-0.224
-0.458
-0.269
-0.119
0.318
0.48
0.376
0.682
0.925
1.002
0.934
0.963
0.782
0.83
0.826
0.975
0.8
0.897
0.963
1.019
1.208
1.123
1.299
1.406
1.305
1.328
1.369
1.501
1.306
1.394
1.363
1.275
1.443
1.488
1.552
1.47
1.518
1.604
1.39
1.478
1.416
1.155
1.278
1.319
1.389
1.49
1.09
0.948
0.854
0.766
0.638
0.514
0.391
0.231
0.1
0.045
-0.045
-0.098
-0.279
-0.376
-0.41
-0.749
-0.775
-0.763
-0.823
-1.011
-0.979
-1.235
-1.344
-1.443
-1.504
-1.521
-1.414
-1.525
-1.683
-1.708
-1.616
-1.445
-1.321
-1.264
-1.229
-1.224
-1.149
-1.095
-0.988
-0.949
-0.912
-0.927
-0.907
-0.716
-0.715
-0.812
-0.917
-0.801
-0.792
-0.989
-0.873
-0.909
-0.893
-0.845
-0.709
-0.841
-0.636
-0.539
-0.59
-0.378
-0.41
-0.233
-0.021
-0.158
-0.177
-0.104
-0.003
-0.024
0.014
-0.05
0.072
0.048
0.173
0.193
0.383
0.356
0.346
0.401
0.44
0.494
0.47
0.626
0.745
0.751
0.723
0.72
0.828
0.821
0.921
1.008
1.026
0.931
0.956
0.849
0.718
0.818
0.8
0.856
0.825
0.776
0.534
0.54
0.325
0.125
-0.018
-0.084
-0.209
-0.125
-0.103
-0.319
-0.255
-0.336
-0.649
-0.475
-0.465
-0.434
-0.499
-0.497
-0.456
-0.579
-0.565
-0.494
-0.474
-0.416
-0.521
-0.596
-0.422
-0.755
-0.8
-0.65
-0.455
-0.315
-0.247
-0.234
-0.124
-0.188
-0.081
-0.061
-0.025
-0.069
0.13
0.05
0.055
-0.044
0.059
0.165
0.004
-0.007
-0.11
0.033
0.168
0.244
0.214
0.225
0.208
0.21
0.215
0.12
-0.049
0.013
-0.1
-0.169
-0.253
-0.214
-0.229
-0.214
-0.297
-0.359
-0.343
-0.511
-0.46
-0.482
-0.595
-0.75
-0.389
-0.504
-0.62
-0.591
-0.679
-0.8
-0.633
-0.468
-0.224
-0.276
-0.249
-0.171
-0.208
-0.344
-0.253
-0.144
-0.103
-0.029
-0.018
-0.018
0.085
-0.168
-0.037
0.048
0.05
0.056
0.115
0.128
0.296
0.29
0.346
0.36
0.06
-0.051
0.06
-0.015
0.029
-0.054
-0.054
-0.18
-0.066
-0.021
-0.256
-0.406
-0.413
-0.45
-0.571
-0.6
-0.716
-0.705
-0.659
-0.755
-0.657
-0.823
-0.855
-0.647
-0.47
-0.366
-0.271
-0.247
-0.375
-0.304
-0.234
-0.11
-0.058
0.001
0.005
-0.205
-0.035
0.011
-0.066
-0.05
-0.226
-0.321
-0.333
-0.195
-0.212
-0.096
-0.101
-0.056
0.072
-0.19
0.022
0.001
-0.072
0.12
0.069
0.228
0.105
0.115
0.111
0.019
-0.018
0.109
0.224
0.315
0.198
0.214
0.288
0.384
0.48
0.487
0.414
0.292
0.344
0.27
0.269
0.394
0.315
0.396
0.399
0.399
0.535
0.385
0.271
0.241
0.125
0.193
0.136
0.161
0.039
-0.055
0.066
0.074
-0.064
-0.051
-0.089
0.075
0.036
0.259
0.217
-0.055
0.163
0.22
0.286
0.158
0.01
0.145
0.223
0.318
0.406
0.341
0.33
0.415
0.465
0.316
0.422
0.39
0.425
0.381
0.331
0.155
0.217
-0.131
-0.028
-0.059
-0.056
-0.106
-0.134
-0.229
-0.326
-0.269
-0.323
-0.18
-0.138
-0.307
-0.444
-0.579
-0.393
-0.468
-0.434
-0.396
-0.464
-0.51
-0.561
-0.503
-0.652
-0.603
-0.487
-0.568
-0.386
-0.505
-0.517
-0.334
-0.406
-0.304
-0.285
-0.32
-0.18
-0.044
-0.206
-0.107
-0.174
-0.216
-0.281
-0.209
-0.29
-0.334
-0.328
-0.126
0.24
0.17
0.141
0.291
0.3
0.234
0.146
0.259
0.336
0.4
0.516
0.588
0.633
0.625
0.499
0.468
0.181
0.225
0.295
0.341
0.381
0.309
0.471
0.511
0.669
0.689
0.718
0.743
0.745
0.665
0.456
0.484
0.581
0.529
0.398
0.37
0.38
0.23
0.244
0.285
0.307
0.43
0.405
0.55
0.514
0.464
0.376
0.286
0.279
0.253
0.144
-0.024
0.154
-0.058
-0.051
-0.17
-0.13
-0.193
-0.188
-0.205
-0.349
-0.299
-0.311
-0.268
-0.39
-0.445
-0.389
-0.48
-0.456
-0.316
-0.226
-0.225
-0.033
0.084
-0.061
0.092
0.019
0.12
0.179
0.091
0.021
-0.054
0.041
-0.069
-0.003
0.092
-0.105
-0.069
-0.01
-0.119
-0.177
-0.191
-0.109
-0.041
-0.145
-0.039
-0.041
-0.091
-0.014
-0.011
0.037
-0.043
0.043
0.043
0.049
-0.052
0.029
0.001
0.098
-0.098
0.03
-0.037
0.118
0.138
0.095
0.346
0.263
0.506
0.386
0.29
0.134
0.136
0.147
-0.088
0.133
0.016
0.103
0.29
0.189
0.184
0.166
0.134
0.185
0.114
0.056
0.133
0.181
0.15
0.259
0.244
0.221
0.242
0.228
0.346
0.465
0.269
0.345
0.331
0.283
0.242
0.203
0.021
0.025
-0.105
-0.13
-0.283
-0.179
-0.315
-0.339
-0.324
-0.536
-0.555
-0.595
-0.52
-0.482
-0.504
-0.491
-0.575
-0.399
-0.489
-0.474
-0.365
-0.239
-0.251
-0.3
-0.31
-0.21
-0.156
-0.295
-0.365
-0.354
-0.125
-0.007
-0.196
-0.048
0.014
0.128
0.195
0.43
0.381
0.444
0.449
0.48
0.421
0.38
0.266
0.446
0.379
0.36
0.217
0.325
0.365
0.323
0.286
0.161
-0.034
-0.393
-0.386
-0.427
-0.489
-0.508
-0.629
-0.65
-0.68
-0.841
-0.611
-0.645
-0.568
-0.574
-0.536
-0.575
-0.605
-0.494
-0.566
-0.522
-0.644
-0.49
-0.33
-0.413
-0.119
-0.039
-0.098
-0.016
0.022
0.07
-0.011
0.08
0.118
0.041
-0.075
-0.23
-0.291
-0.403
-0.285
-0.348
-0.33
-0.378
-0.503
-0.408
-0.542
-0.73
-0.715
-0.693
-0.75
-0.821
-0.833
-0.667
-0.831
-0.691
-0.746
-0.67
-0.714
-0.711
-0.39
-0.446
-0.357
-0.359
-0.195
0.086
-0.041
0.079
0.131
0.235
0.265
0.302
0.395
0.537
0.718
0.784
1.006
0.844
0.849
0.77
0.744
0.736
0.754
0.905
0.949
1.049
1.084
0.976
0.866
0.771
0.85
0.708
0.657
0.601
0.628
0.651
0.616
0.616
0.6
0.566
0.51
0.41
0.352
0.225
0.393
0.455
0.405
0.231
0.13
0.275
0.3
0.33
0.446
0.446
0.301
0.149
0.161
0.124
0.104
0.118
0.177
-0.028
-0.099
-0.104
-0.361
-0.396
-0.439
-0.336
-0.307
-0.421
-0.445
-0.379
-0.348
-0.355
-0.395
-0.357
-0.165
-0.31
-0.286
-0.126
-0.261
-0.21
-0.301
-0.409
-0.366
-0.506
-0.41
-0.496
-0.47
-0.481
-0.496
-0.475
-0.417
-0.261
-0.29
-0.146
-0.099
0.109
0.16
0.121
0.391
0.295
0.265
0.338
0.305
0.427
0.646
0.635
0.667
0.85
0.743
0.714
0.583
0.656
0.621
0.532
0.57
0.503
0.571
0.459
0.583
0.735
0.756
0.75
0.782
0.786
0.66
0.475
0.404
0.446
0.529
0.512
0.57
0.449
0.367
0.095
0.107
0.141
0.211
0.136
0.089
0.035
-0.15
-0.288
-0.355
-0.276
-0.295
-0.146
-0.219
-0.014
-0.121
-0.064
0.015
0.075
0.011
-0.015
0.124
-0.058
0.065
0.074
0.141
0.163
0.168
0.18
0.136
0.203
0.013
0.07
0.166
0.113
0.229
0.122
0.304
0.421
0.39
0.505
0.691
0.766
0.666
0.854
0.807
0.916
0.858
0.72
0.711
0.655
0.595
0.445
0.16
0.16
0.133
-0.216
-0.11
-0.413
-0.593
-0.601
-0.534
-0.554
-0.795
-0.631
-0.465
-0.504
-0.37
-0.306
-0.041
0.049
0.23
0.449
0.35
0.445
0.439
0.383
0.366
0.556
0.514
0.455
0.662
0.641
0.573
0.458
0.599
0.555
0.665
0.618
0.404
0.573
0.461
0.364
0.185
0.182
0.186
0.094
-0.08
-0.275
-0.134
0.036
0.056
0.081
0.146
0.193
0.029
-0.203
-0.299
-0.486
-0.599
-0.729
-0.729
-0.875
-0.902
-0.825
-0.777
-0.821
-0.833
-0.792
-0.645
-0.635
-0.562
-0.677
-0.651
-0.669
-0.426
-0.405
-0.198
-0.225
-0.11
-0.034
0.049
-0.003
0.224
0.42
0.608
0.772
-1.609
0.656
0.675
0.595
0.734
0.71
0.74
0.756
0.97
0.929
1.073
1.064
1.175
1.195
1.286
1.338
1.367
1.274
1.255
1.136
0.945
0.831
0.811
0.616
0.454
0.27
0.24
0.234
0.031
0.016
-0.165
-0.168
-0.3
-0.165
-0.13
-0.221
-0.241
-0.307
-0.238
-0.28
-0.404
-0.066
-0.021
-0.022
0.02
-0.131
0.069
-0.066
-0.158
-0.195
-0.281
-0.201
-0.083
-0.046
-0.12
-0.269
-0.357
-0.575
-0.73
-0.839
-0.807
-0.786
-0.9
-0.861
-1.011
-0.901
-0.756
-0.812
-0.62
-0.713
-0.78
-0.74
-0.552
-0.439
-0.37
-0.364
-0.247
-0.17
-0.149
-0.119
-0.189
0.044
-0.02
0.064
0.185
0.09
0.25
0.359
0.297
0.19
0.24
0.15
0.109
0.253
0.229
0.163
0.284
0.335
0.441
0.238
0.339
0.408
0.266
0.141
0.163
0.081
0.04
0.147
0.294
0.309
0.417
0.38
0.279
0.17
-0.03
-0.103
-0.209
-0.184
-0.482
-0.481
-0.381
-0.508
-0.404
-0.504
-0.705
-0.73
-0.844
-0.705
-0.71
-0.618
-0.714
-0.682
-0.684
-0.576
-0.449
-0.588
-0.524
-0.595
-0.419
-0.606
-0.615
-0.484
-0.481
-0.422
-0.53
-0.414
-0.396
-0.205
-0.103
-0.049
-0.006
0.037
-0.009
0.029
0.033
0.086
-0.01
0.021
0.111
-0.177
-0.286
-0.336
-0.351
-0.639
-0.645
-0.545
-0.584
-0.539
-0.641
-0.565
-0.633
-0.685
-0.45
-0.578
-0.593
-0.504
-0.345
-0.336
-0.321
-0.554
-0.48
-0.294
-0.224
-0.195
0.029
0.214
0.229
0.275
0.372
0.305
0.205
0.199
0.352
0.355
0.336
0.451
0.635
0.738
0.731
0.765
0.88
1.021
0.964
0.961
0.993
0.831
0.726
0.719
0.78
0.755
0.815
0.531
0.526
0.36
0.285
0.104
-0.107
-0.076
-0.163
-0.431
-0.511
-0.588
-0.61
-0.721
-0.724
-0.878
-0.61
-0.828
-0.946
-0.87
-1.029
-1.078
-1.066
-0.975
-0.876
-0.969
-0.804
-0.944
-0.818
-0.686
-0.618
-0.372
-0.224
-0.011
-0.081
0.189
0.355
0.26
0.294
0.42
0.624
0.65
0.759
0.751
0.805
0.907
0.755
0.729
0.685
0.389
0.271
0.135
0.009
-0.115
-0.305
-0.296
-0.36
-0.465
-0.642
-0.815
-0.938
-1.021
-1.073
-1.272
-1.353
-1.495
-1.649
-1.661
-1.699
-1.741
-1.536
-1.495
-1.617
-1.554
-1.57
-1.324
-1.329
-1.254
-1.004
-0.956
-0.7
-0.725
-0.367
-0.13
0.022
0.161
0.239
0.278
0.275
0.201
0.17
0.133
0.125
0.135
0.176
0.099
0.08
0.11
0.154
0.359
0.261
0.345
0.268
0.182
0.149
0.233
0.111
-0.014
0.141
0.029
-0.114
-0.092
-0.208
-0.229
-0.386
-0.388
-0.438
-0.605
-0.517
-0.41
-0.343
-0.357
-0.439
-0.235
-0.052
-0.075
0.113
0.238
0.362
0.519
0.64
0.693
0.671
0.723
0.623
0.657
0.628
0.777
0.787
0.821
0.654
0.745
0.899
0.93
0.84
0.765
0.677
0.594
0.6
0.435
0.482
0.414
0.225
0.098
-0.072
-0.029
-0.039
-0.147
0.01
0.084
0.059
-0.046
-0.043
-0.234
-0.246
-0.343
-0.238
-0.281
-0.362
-0.372
-0.182
0.036
0.07
0.025
0.043
-0.048
-0.048
0.088
0.124
0.119
0.01
-0.039
0.043
0.058
0.253
0.145
0.09
0.236
0.164
0.141
0.056
0.176
0.209
0.177
0.188
0.034
0.091
-0.046
-0.062
-0.04
-0.216
-0.422
-0.383
-0.49
-0.405
-0.524
-0.621
-0.594
-0.818
-0.775
-0.771
-0.797
-0.698
-0.69
-0.675
-0.618
-0.688
-0.766
-0.681
-0.573
-0.489
-0.36
-0.221
-0.105
0.051
0.231
0.312
0.345
0.164
0.29
0.315
0.321
0.559
0.512
0.625
0.751
0.659
0.644
0.448
0.37
0.345
0.463
0.873
0.895
0.935
0.754
0.629
0.616
0.674
0.662
0.763
0.787
0.994
0.954
0.98
1.016
1.014
0.963
0.959
0.829
0.775
0.866
0.71
0.631
0.561
0.479
0.48
0.459
0.481
0.486
0.547
0.297
0.159
-0.159
-0.304
-0.487
-0.469
-0.361
-0.624
-0.585
-0.777
-0.811
-0.87
-0.728
-0.691
-0.894
-0.786
-0.682
-0.713
-0.665
-0.68
-0.771
-0.73
-0.77
-0.776
-0.719
-0.615
-0.596
-0.517
-0.427
-0.357
-0.228
-0.261
-0.041
-0.174
0.024
0.011
-0.185
-0.098
-0.216
-0.275
-0.223
-0.49
-0.429
-0.359
-0.269
-0.236
-0.426
-0.39
-0.352
-0.301
-0.369
-0.375
-0.325
-0.307
-0.261
-0.19
-0.226
-0.182
-0.223
-0.154
-0.134
-0.199
-0.201
-0.13
0.051
0.026
0.059
0.141
0.159
0.159
0.116
0.188
0.333
0.279
0.321
0.318
0.231
0.443
0.324
0.403
0.305
0.307
0.265
0.348
0.411
0.408
0.304
0.349
0.105
0.055
-0.058
0.175
0.266
0.138
0.05
0.238
0.029
0.079
0.013
0.081
-0.044
0.004
-0.021
-0.14
-0.195
-0.292
-0.352
-0.372
-0.329
-0.425
-0.525
-0.486
-0.568
-0.77
-0.895
-0.775
-0.838
-0.825
-0.56
-0.465
-0.261
-0.312
-0.144
-0.145
-0.143
-0.016
-0.101
-0.033
-0.121
-0.039
-0.048
-0.065
-0.052
0.095
0.051
0.122
0.006
0.119
0.24
0.119
0.261
0.196
0.145
0.206
0.229
0.147
0.156
0.245
0.266
0.309
0.184
0.1
0.113
-0.143
-0.231
-0.177
-0.122
-0.275
-0.083
-0.013
-0.164
-0.111
-0.152
-0.089
-0.198
-0.111
0.029
0.092
0.2
0.289
0.266
0.429
0.556
0.559
0.529
0.664
0.885
0.844
0.93
0.751
0.714
0.804
0.883
0.703
0.701
0.736
0.754
0.704
0.588
0.738
0.535
0.686
0.531
0.339
0.268
0.314
0.398
-0.061
0.429
0.316
0.275
0.36
0.228
0.311
0.171
0.069
-0.128
-0.113
-0.044
0.021
0.111
0.129
0.22
0.24
0.116
0.27
0.349
0.336
0.547
0.469
0.324
0.441
0.4
0.235
0.223
0.304
0.4
0.309
0.346
0.221
0.203
0.221
0.297
0.152
0.249
0.411
0.291
0.239
0.297
0.268
0.393
0.311
0.494
0.571
0.54
0.443
0.521
0.52
0.466
0.451
0.318
0.559
0.431
0.329
0.4
0.261
0.143
-0.128
-0.182
-0.177
-0.228
-0.151
-0.266
-0.328
-0.38
-0.459
-0.601
-0.684
-0.694
-0.62
-0.559
-0.559
-0.623
-0.568
-0.379
-0.33
-0.27
-0.122
0.088
0.361
0.446
0.44
0.473
0.448
0.545
0.579
0.708
0.671
0.557
0.508
0.593
0.786
1.048
0.886
0.785
0.993
0.973
1.015
1.03
1.093
1.214
1.288
1.254
1.065
0.801
0.87
0.966
0.92
0.659
0.651
0.552
0.386
0.451
0.188
0.458
0.245
0.171
-0.156
-0.124
-0.23
-0.188
-0.224
-0.221
-0.14
-0.302
-0.309
-0.482
-0.445
-0.503
-0.491
-0.366
-0.48
-0.339
-0.422
-0.225
-0.146
-0.499
-0.408
-0.439
-0.413
-0.242
-0.247
-0.141
-0.281
-0.306
-0.273
-0.36
-0.19
-0.489
-0.32
-0.349
-0.314
-0.396
-0.323
-0.289
-0.33
-0.24
-0.029
0.154
0.471
0.406
0.284
0.25
0.305
0.351
0.499
0.487
0.479
0.309
0.129
0.034
0.036
0.101
0.196
0.225
0.025
0.169
0.104
0.124
0.362
0.396
0.28
0.321
0.291
0.209
0.318
0.329
0.196
0.17
0.268
0.356
0.591
0.711
0.785
1.0
1.124
1.169
0.858
0.721
0.67
0.56
0.589
0.73
0.763
0.68
0.89
0.969
1.085
1.042
1.103
1.284
1.215
1.201
0.978
0.984
0.812
0.786
0.671
0.807
0.719
0.726
0.76
0.694
0.57
0.444
0.458
0.22
0.156
0.284
0.158
0.04
0.03
-0.066
-0.098
-0.075
-0.024
0.006
0.113
0.109
0.062
0.056
-0.425
-0.27
-0.411
-0.509
-0.49
-0.421
-0.556
-0.422
-0.369
-0.286
-0.26
-0.21
-0.076
-0.155
-0.075
-0.107
-0.13
-0.211
-0.286
-0.446
-0.703
-0.756
-0.891
-0.936
-0.927
-1.049
-1.126
-0.976
-0.995
-0.9
-0.801
-0.871
-0.99
-1.091
-0.994
-0.924
-1.026
-0.926
-0.944
-0.791
-0.875
-0.828
-0.823
-0.761
-0.626
-0.561
-0.561
-0.581
-0.48
-0.422
-0.376
-0.265
-0.242
-0.29
-0.098
-0.141
-0.04
-0.166
0.19
0.2
0.234
0.311
0.316
0.355
0.265
0.217
0.219
0.212
0.24
0.161
0.408
0.42
0.55
0.618
0.689
0.662
0.76
0.828
0.765
0.883
1.022
0.787
0.899
0.759
0.945
0.868
0.496
0.275
0.134
0.062
0.028
-0.092
-0.229
-0.461
-0.573
-0.68
-0.84
-0.895
-0.902
-0.85
-1.039
-1.139
-1.155
-1.25
-1.25
-1.386
-1.29
-1.321
-1.284
-1.302
-1.37
-1.341
-1.271
-1.346
-1.31
-1.279
-0.988
-0.902
-0.72
-0.595
-0.475
-0.464
-0.334
-0.13
-0.174
-0.199
0.208
0.251
0.217
0.38
0.3
0.335
0.297
0.439
-1.838
0.324
0.064
-0.099
-0.161
-0.19
0.079
-0.29
-0.046
-0.037
-0.04
-0.04
-0.17
-0.164
0.0
-0.159
-0.199
-0.258
-0.235
-0.415
-0.401
-0.594
-0.677
-0.949
-0.841
-0.661
-0.689
-0.626
-0.667
-0.56
-0.411
-0.508
-0.578
-0.468
-0.503
-0.475
-0.471
-0.547
-0.596
-0.64
-0.682
-0.701
-0.667
-0.56
-0.503
-0.324
-0.295
-0.419
-0.302
-0.173
0.007
0.184
0.161
0.219
0.376
0.411
0.249
0.221
0.296
0.356
0.312
0.271
0.21
0.179
0.206
0.414
0.271
0.209
0.165
0.039
0.121
-0.11
0.072
0.003
-0.02
0.011
0.052
-0.071
-0.077
-0.109
0.058
-0.113
0.101
0.13
0.256
0.492
0.463
0.652
0.774
0.787
0.917
0.878
0.951
0.718
0.699
0.796
0.555
0.495
0.328
0.441
0.809
0.69
0.561
0.645
0.611
0.573
0.453
0.331
0.434
0.503
0.628
0.608
0.464
0.304
0.152
0.139
0.085
-0.026
-0.046
-0.025
0.205
0.026
-0.039
0.044
-0.065
-0.026
-0.11
-0.159
-0.233
-0.15
-0.291
-0.238
-0.245
-0.133
-0.215
-0.226
0.044
0.061
0.205
0.025
0.138
-0.035
0.066
0.059
0.104
0.12
0.106
0.054
0.048
0.105
0.129
0.235
0.121
0.369
0.297
0.141
0.089
0.113
0.06
0.091
-0.029
-0.216
-0.362
-0.362
-0.466
-0.453
-0.676
-0.792
-0.901
-0.986
-0.9
-0.895
-0.809
-0.724
-0.676
-0.682
-0.681
-0.628
-0.619
-0.374
-0.292
-0.336
-0.233
-0.244
-0.16
-0.2
-0.101
-0.111
-0.048
-0.055
-0.077
0.09
0.056
0.241
0.289
0.295
0.398
0.242
0.101
0.099
0.154
0.134
0.176
0.291
0.283
0.175
0.16
0.043
0.064
-0.014
0.064
0.052
-0.247
-0.482
-0.458
-0.468
-0.401
-0.381
-0.398
-0.53
-0.49
-0.471
-0.478
-0.391
-0.251
-0.261
-0.031
-0.175
-0.244
-0.253
-0.03
-0.081
-0.109
-0.147
-0.201
-0.229
-0.14
-0.255
-0.304
-0.266
-0.198
-0.376
-0.492
-0.525
-0.566
-0.619
-0.59
-0.623
-0.58
-0.5
-0.413
-0.224
-0.299
-0.209
-0.198
-0.241
-0.133
-0.085
0.122
0.046
0.091
-0.061
-0.041
-0.119
-0.071
-0.155
-0.182
-0.145
-0.141
-0.054
0.056
-0.009
0.174
0.009
0.056
-0.13
-0.106
-0.085
-0.166
-0.025
-0.003
-0.044
-0.061
-0.173
-0.13
-0.092
-0.326
-0.324
-0.384
-0.251
-0.134
0.024
0.119
0.0
0.044
0.109
0.029
0.14
0.094
0.154
0.115
-0.062
-0.12
-0.12
-0.13
0.066
0.164
0.14
0.22
0.235
0.278
0.372
0.314
0.029
0.05
0.022
0.383
0.341
0.429
0.404
0.396
0.591
0.415
0.35
0.36
0.405
0.43
0.43
0.561
0.686
0.6
0.677
0.656
0.797
0.626
0.443
0.516
0.41
0.568
0.522
0.68
0.729
0.821
0.921
0.864
0.934
0.846
0.682
0.674
0.855
0.76
0.812
0.693
0.754
0.694
0.511
0.464
0.492
0.306
0.166
0.239
0.013
-0.11
-0.071
0.03
0.235
0.19
0.131
0.133
0.201
0.152
-0.075
-0.154
-0.214
-0.354
-0.506
-0.435
-0.509
-0.575
-0.527
-0.473
-0.299
-0.395
-0.599
-0.481
-0.511
-0.436
-0.6
-0.321
-0.318
-0.145
0.02
-0.039
0.136
0.134
0.09
0.233
0.205
0.138
0.101
0.251
0.17
0.139
0.074
0.115
0.099
0.075
0.034
0.031
0.098
0.077
-0.046
-0.116
-0.05
0.14
0.217
0.339
0.214
0.211
0.19
0.265
0.535
0.376
0.609
0.501
0.799
0.766
0.555
0.807
0.888
0.828
0.986
0.94
1.044
1.204
1.079
1.16
1.075
1.266
1.14
1.203
1.196
1.054
1.258
1.103
1.083
1.137
1.068
0.938
0.981
0.814
0.835
0.896
0.82
0.685
0.571
0.76
0.777
0.777
0.723
0.599
0.449
0.339
0.163
0.076
0.064
0.109
-0.005
-0.163
-0.155
-0.104
-0.225
-0.107
-0.191
0.035
-0.139
-0.124
-0.345
-0.311
-0.369
-0.54
-0.454
-0.525
-0.408
-0.562
-0.441
-0.489
-0.67
-0.759
-0.741
-0.652
-0.809
-0.496
-0.495
-0.496
-0.55
-0.547
-0.349
-0.139
-0.105
0.071
0.101
-0.074
-0.006
0.034
-0.155
-0.205
-0.445
-0.546
-0.541
-0.291
-0.221
-0.171
-0.106
-0.154
-0.106
-0.113
-0.223
-0.279
-0.159
0.058
0.341
0.281
0.453
0.305
0.318
0.336
0.16
0.072
0.135
0.256
0.189
0.3
0.221
0.266
0.427
0.455
0.341
0.283
0.231
0.028
0.101
0.1
0.066
0.071
0.096
-0.125
-0.143
-0.121
-0.005
-0.152
-0.176
-0.357
-0.386
-0.088
-0.16
0.037
0.031
-0.029
-0.072
0.028
-0.136
-0.07
-0.311
-0.312
-0.29
-0.554
-0.593
-0.665
-0.588
-0.544
-0.464
-0.429
-0.551
-0.415
-0.515
-0.601
-0.515
-0.504
-0.324
-0.26
-0.136
0.177
0.154
0.133
0.253
0.186
0.281
0.17
0.461
0.544
0.515
0.542
0.698
0.735
0.706
0.708
0.851
0.851
0.833
0.921
1.088
1.184
0.996
1.066
0.6
0.909
0.946
0.88
1.031
1.14
1.107
1.052
0.79
1.002
1.028
1.125
0.875
0.961
0.927
0.791
0.878
0.681
0.681
0.536
0.706
0.551
0.421
0.214
0.15
0.31
0.245
0.013
-0.355
-0.144
-0.211
-0.175
-0.283
-0.411
-0.519
-0.554
-0.309
-0.526
-0.775
-0.531
-0.634
-0.385
-0.261
-0.343
-0.231
-0.2
-0.329
-0.366
-0.3
-0.146
-0.088
-0.089
0.115
-0.055
-0.054
0.003
-0.466
-0.505
-0.119
-0.104
-0.12
-0.155
-0.059
-0.268
-0.316
-0.469
-0.403
-0.365
-0.238
-0.205
-0.271
-0.158
-0.062
-0.034
-0.099
-0.03
-0.156
-0.1
-0.246
-0.19
-0.255
-0.105
-0.062
0.158
0.318
0.35
0.273
0.321
0.168
0.431
0.503
0.61
0.684
0.696
0.623
0.659
0.571
0.606
0.695
0.805
0.551
0.426
0.321
0.111
0.021
-0.043
-0.025
-0.266
-0.375
-0.455
-0.694
-0.64
-0.766
-0.831
-1.008
-0.894
-1.016
-0.994
-0.806
-0.654
-0.624
-0.904
-0.895
-0.926
-0.978
-1.044
-0.94
-0.917
-0.763
-0.659
-0.815
-0.886
-0.95
-0.988
-1.073
-1.33
-1.127
-1.189
-1.071
-1.01
-0.99
-0.995
-0.998
-0.812
-0.818
-0.589
-0.556
-0.588
-0.662
-0.578
-0.603
-0.492
-0.144
-0.264
-0.212
0.021
-0.115
-0.02
0.146
0.296
0.314
0.417
0.542
0.647
0.669
0.541
0.396
0.459
0.41
0.27
0.21
0.224
0.188
0.384
0.111
-0.1
-0.311
-0.348
-0.234
-0.211
-0.238
-0.328
-0.286
-0.149
0.024
-0.124
-0.113
-0.135
-0.079
0.072
0.021
0.212
0.152
0.105
0.199
-0.061
-0.005
-0.17
-0.155
-0.331
-0.391
-0.372
-0.356
-0.4
-0.169
-0.011
-0.019
-0.041
-0.154
0.045
-0.062
-0.039
-0.066
-0.133
-0.179
-0.106
0.199
0.189
0.058
0.143
0.126
0.152
0.215
0.273
0.495
0.238
0.238
0.196
0.393
0.28
0.345
0.381
0.374
0.301
0.422
0.244
0.235
-0.045
-0.062
0.129
0.122
0.261
0.365
0.16
0.104
0.31
0.291
0.319
0.378
0.203
0.138
0.074
0.26
0.31
0.271
0.384
0.16
-0.007
-0.11
-0.19
-0.185
-0.284
-0.319
-0.255
-0.24
-0.211
-0.145
-0.106
0.064
0.004
0.033
-0.238
-0.288
-0.366
-0.501
-0.534
-0.579
-0.468
-0.456
-0.31
-0.276
-0.245
-0.124
-0.043
0.111
0.045
-0.01
-0.241
0.02
0.046
-0.024
0.134
0.211
0.091
0.077
-0.143
-0.291
-0.526
-0.534
-0.441
-0.491
-0.559
-0.68
-0.71
-0.708
-0.603
-0.552
-0.444
-0.575
-0.484
-0.385
-0.496
-0.549
-0.459
-0.43
-0.285
-0.209
-0.046
-0.092
0.152
0.292
0.212
0.211
0.253
0.383
0.486
0.614
0.487
0.654
0.645
0.711
0.771
0.713
0.86
0.861
0.776
0.784
0.75
0.734
0.609
0.506
0.48
0.514
0.494
0.522
0.449
0.225
0.23
0.152
0.29
0.229
0.275
0.145
0.2
-0.016
0.118
-0.254
-0.139
-0.152
-0.13
0.003
-0.116
-0.253
-0.238
-0.356
-0.14
-0.185
0.058
-0.021
-0.125
-0.405
-0.015
-0.055
-0.079
-0.107
-0.171
-0.229
-0.268
-0.119
-0.076
-0.044
-0.001
-0.171
-0.179
-0.405
-0.508
-0.454
-0.544
-0.46
-0.555
-0.514
-0.547
-0.609
-0.509
-0.379
-0.345
-0.46
-0.531
-0.512
-0.393
-0.406
-0.321
-0.328
-0.152
-0.143
0.161
0.184
0.034
0.315
0.44
0.57
0.652
0.72
0.761
0.772
0.93
0.915
0.983
1.006
1.035
0.907
0.924
1.029
1.246
1.079
1.002
1.174
1.021
0.897
0.964
0.845
0.659
0.432
0.263
0.194
0.155
0.028
0.138
0.165
-0.007
-0.14
-0.344
-0.393
-0.468
-0.33
-0.49
-0.379
-0.427
-0.338
-0.532
-0.568
-0.626
-0.593
-0.669
-0.741
-0.719
-1.136
-1.185
-1.099
-1.32
-1.194
-1.169
-1.154
-1.309
-1.104
-1.26
-1.201
-1.078
-1.062
-1.045
-1.068
-1.181
-0.999
-0.854
-0.709
-0.634
-0.641
-0.615
-0.525
-0.608
-0.535
-0.404
-0.35
-0.245
-0.149
-0.062
0.145
0.406
0.357
0.468
0.461
0.292
0.438
0.352
0.435
0.334
0.268
0.454
0.556
0.505
0.578
0.521
0.595
0.63
0.751
1.065
0.975
1.028
0.905
0.81
0.694
0.584
0.593
0.708
0.615
0.616
0.54
0.527
0.323
0.364
0.269
0.269
0.38
0.45
0.482
0.309
0.077
0.07
0.036
-0.089
-0.01
0.048
0.061
0.092
0.0
-0.133
-0.263
-0.155
-0.182
-0.113
0.071
-0.106
-0.074
-0.058
-0.254
-0.321
-0.134
-0.179
-0.041
-0.122
-0.125
-0.144
-0.121
-0.011
-0.116
-0.029
-0.128
-0.206
-0.306
-0.295
-0.311
-0.356
-0.389
-0.349
-0.253
-0.279
-0.288
-0.215
-0.209
-0.27
-0.24
-0.396
-0.179
-0.166
-0.224
-0.331
-0.297
-0.212
-0.08
0.013
0.12
0.32
0.274
0.344
0.49
0.555
0.525
0.598
0.729
0.684
0.654
0.769
0.735
0.744
0.874
0.886
0.949
1.074
1.13
0.936
0.93
0.834
0.809
0.674
0.818
0.851
0.763
0.616
0.576
0.521
0.384
0.448
0.492
0.42
0.529
0.49
0.371
0.379
0.314
0.361
0.284
0.266
0.264
0.284
0.091
0.296
0.122
0.161
0.256
0.376
0.409
0.239
0.326
0.471
0.431
0.269
0.14
0.181
-0.015
0.113
-0.045
0.07
0.019
0.043
-0.019
0.028
-0.054
0.062
0.135
0.064
0.111
-0.031
-0.111
-0.046
-0.32
-0.022
0.081
0.156
0.098
0.072
0.336
0.265
0.128
0.061
-0.031
-0.179
-0.189
-0.052
-0.094
0.064
-0.296
-0.103
-0.07
-0.166
-0.194
-0.226
-0.069
-0.077
0.101
0.152
0.143
0.149
0.125
0.334
0.271
0.065
-0.06
0.039
0.191
-0.035
-0.381
-0.289
-0.304
-0.274
-0.151
-0.17
-0.126
-0.196
-0.01
0.044
0.164
0.051
0.013
0.139
0.043
0.208
0.191
0.413
0.276
0.379
0.212
0.323
0.441
0.266
0.115
-0.041
0.109
-0.176
-0.025
-0.003
0.378
0.312
0.036
0.072
0.144
0.18
-0.069
-0.011
-0.014
0.065
0.029
0.283
0.471
0.583
0.618
0.435
0.7
0.534
0.589
0.689
0.603
0.578
0.524
0.897
0.795
0.955
0.825
0.826
0.993
0.864
0.869
0.965
0.989
0.961
0.775
0.756
0.66
0.599
0.776
0.843
0.49
0.367
0.564
0.473
0.224
0.283
0.432
0.422
0.388
0.547
0.434
0.349
0.124
0.071
0.149
