0.234
0.186
0.21
0.154
0.215
0.081
0.065
-0.115
0.161
0.119
0.094
0.051
0.13
0.059
-0.024
-0.083
-0.079
-0.106
-0.129
-0.074
-0.21
-0.251
-0.482
-0.552
-0.35
-0.413
-0.54
-0.734
-0.66
-0.598
-0.666
-0.686
-0.615
-0.595
-0.401
-0.376
-0.319
-0.311
-0.299
-0.276
-0.312
0.075
0.124
0.175
0.198
0.146
0.249
0.286
0.45
0.28
0.286
0.119
0.135
0.195
0.029
0.04
0.045
0.211
0.3
0.189
0.062
0.273
0.054
-0.033
-0.225
-0.376
-0.362
-0.326
-0.389
-0.464
-0.743
-0.776
-0.95
-1.044
-0.891
-0.785
-0.856
-0.88
-0.825
-0.734
-0.603
-0.371
-0.302
-0.216
-0.066
0.105
0.176
0.32
0.311
0.394
0.245
0.302
0.291
0.576
0.672
0.701
0.689
0.478
0.529
0.53
0.57
0.614
0.656
0.579
0.917
0.829
1.126
1.141
1.066
0.976
0.949
1.011
1.045
0.92
0.917
0.896
0.686
0.876
0.807
0.672
0.515
0.475
0.351
0.508
0.629
0.5
0.164
0.169
0.101
0.085
-0.14
-0.18
-0.46
-0.486
-0.451
-0.453
-0.411
-0.259
-0.198
-0.25
-0.427
-0.503
-0.706
-0.866
-0.961
-1.018
-1.044
-0.998
-1.068
-0.841
-1.018
-1.002
-0.815
-0.998
-0.932
-1.01
-1.151
-0.924
-0.799
-0.61
-0.537
-0.38
-0.335
-0.307
-0.135
-0.001
0.105
0.453
0.693
0.835
0.713
0.753
0.661
0.56
0.641
0.579
0.672
0.657
0.786
0.855
0.8
0.765
0.706
0.61
0.499
0.431
0.508
0.466
0.338
0.443
0.446
0.484
0.584
0.372
0.324
0.226
0.259
0.274
0.292
0.381
0.239
0.118
-0.096
-0.149
-0.09
-0.273
-0.295
-0.438
-0.421
-0.525
-0.474
-0.4
-0.335
-0.414
-0.43
-0.629
-0.574
-0.684
-0.703
-4.5
-0.421
-0.509
-0.388
-0.425
-0.312
-0.193
-0.181
0.014
-0.058
0.264
0.253
0.371
0.389
0.352
0.394
0.306
0.509
0.618
0.475
0.638
0.639
0.552
0.492
0.603
0.58
0.544
0.586
0.624
0.554
0.55
0.314
0.19
0.156
-0.051
-0.206
-0.134
-0.242
-0.314
-0.246
-0.233
-0.312
-0.417
-0.526
-0.649
-0.725
-0.859
-0.755
-0.894
-0.878
-0.915
-0.939
-0.785
-0.725
-0.841
-0.718
-0.411
-0.456
-0.341
-0.311
-0.241
-0.125
-0.121
-0.15
-0.106
-0.026
-0.044
0.161
0.306
0.164
0.339
0.136
0.194
0.221
0.194
0.154
0.114
0.32
0.372
0.499
0.672
0.61
0.652
0.719
0.679
0.864
0.839
0.851
1.062
1.1
1.103
1.13
0.961
0.871
0.835
0.459
0.371
0.221
0.26
0.241
0.199
0.23
0.076
0.107
0.041
0.036
-0.062
-0.182
-0.427
-0.28
-0.345
-0.611
-0.325
-0.361
-0.22
-0.245
-0.239
-0.216
0.145
-0.091
-0.046
-0.069
-0.266
-0.173
-0.075
0.021
0.021
0.065
0.009
-0.149
-0.104
-0.234
-0.2
-0.144
-0.061
0.049
0.134
0.118
0.146
0.306
0.226
0.249
0.325
0.566
0.704
0.786
0.777
0.768
0.906
0.91
0.796
0.724
0.589
0.646
0.448
0.326
0.333
0.247
0.217
0.145
0.119
0.13
0.086
0.203
0.209
0.16
0.158
0.265
0.3
0.075
0.116
-0.031
0.056
-0.048
-0.085
0.036
-0.034
0.016
-0.116
-0.15
-0.155
-0.105
-0.104
-0.131
-0.039
0.055
-0.033
-0.163
-0.035
0.083
-0.015
-0.043
-0.113
-0.065
0.052
0.11
0.149
0.122
0.181
0.203
0.371
0.372
0.334
0.35
0.357
0.492
0.568
0.5
0.726
0.724
0.551
0.491
0.431
0.255
0.161
0.136
0.532
0.576
0.491
0.521
0.395
0.408
0.164
0.239
0.104
-0.019
0.021
-0.099
-0.074
-0.219
-0.286
-0.265
-0.416
-0.279
-0.556
-0.556
-0.531
-0.396
-0.281
-0.074
-0.164
-0.034
-0.143
-0.019
0.034
0.006
-0.022
0.107
0.098
0.173
-0.035
-0.31
-0.398
-0.695
-1.006
-0.899
-0.922
-1.27
-1.135
-1.114
-1.196
-1.209
-0.948
-1.004
-0.883
-0.74
-0.764
-0.739
-0.557
-0.475
-0.456
-0.583
-0.318
-0.164
-0.055
0.171
0.126
0.331
0.611
0.561
0.782
0.753
0.731
0.654
0.54
0.446
0.799
0.824
0.746
1.016
1.044
1.205
1.177
1.159
1.025
0.856
0.791
0.807
0.895
0.705
0.619
0.378
0.25
0.408
0.481
0.599
0.735
0.435
0.424
0.409
0.384
0.448
0.189
0.335
0.144
0.029
-0.044
-0.255
-0.436
-0.427
-0.501
-0.318
-0.449
-0.396
-0.435
-0.465
-0.376
-0.596
-0.604
-0.509
-0.515
-0.625
-0.606
-0.655
-0.682
-0.75
-0.661
-0.699
-0.718
-0.876
-0.989
-0.874
-1.002
-1.071
-1.159
-1.084
-0.975
-0.981
-0.973
-0.883
-0.927
-0.897
-0.966
-0.956
-0.994
-0.895
-0.772
-1.081
-1.13
-1.184
-1.07
-0.84
-0.724
-0.614
-0.497
-0.534
-0.436
-0.181
-0.247
0.022
0.121
-0.021
0.301
0.111
0.253
0.224
0.41
0.524
0.619
0.82
0.75
0.876
0.854
1.04
1.276
1.415
1.434
1.509
1.853
1.84
1.907
1.861
1.77
1.819
1.716
1.624
1.584
1.464
1.393
1.519
1.578
1.438
1.284
1.198
1.314
1.386
1.559
1.546
1.654
1.575
1.343
1.165
0.934
0.89
0.856
0.549
0.529
0.236
0.072
-0.035
-0.107
-0.28
-0.309
-0.245
-0.18
-0.265
-0.351
-0.331
-0.225
-0.41
-0.381
-0.29
-0.284
-0.259
-0.045
-0.275
-0.444
-0.49
-0.494
-0.395
-0.099
-0.128
0.018
-0.037
-0.006
-0.064
-0.143
-0.158
-0.124
0.004
-0.033
-0.095
-0.141
0.129
0.055
-0.081
0.077
-0.215
-0.31
-0.241
-0.225
-0.191
-0.119
-0.125
-0.2
-0.215
-0.211
-0.143
-0.151
-0.229
-0.406
-0.371
-0.255
-0.344
-0.275
-0.454
-0.271
-0.228
-0.018
0.026
0.083
0.168
0.059
0.158
0.122
0.095
0.111
0.046
0.221
0.381
0.383
0.524
0.688
0.802
0.868
0.715
0.721
0.598
0.646
0.723
0.588
0.44
0.435
0.199
0.096
0.263
0.427
0.297
0.274
0.316
0.334
0.361
0.228
0.113
0.054
-0.049
-0.09
-0.455
-0.586
-0.448
-0.223
-0.041
0.118
0.301
0.401
0.356
0.209
0.537
0.485
0.769
0.721
0.497
0.474
0.329
0.269
0.101
-0.044
0.056
0.225
0.258
0.264
0.329
0.414
0.43
0.41
0.28
0.45
0.281
0.309
0.174
0.088
0.086
0.083
-0.031
-0.054
0.024
0.194
-0.064
-0.158
-0.449
-0.564
-0.821
-0.965
-0.985
-0.993
-1.137
-1.309
-0.888
-0.834
-0.787
-0.854
-0.73
-0.845
-1.111
-1.034
-1.161
-1.169
-1.399
-1.598
-1.689
-1.866
-1.788
-1.716
-1.624
-1.346
-1.139
-1.209
-1.185
-0.985
-1.035
-1.044
-0.948
-0.868
-0.881
-0.829
-0.741
-0.806
-0.785
-0.77
-0.56
-0.576
-0.366
-0.28
-0.134
-0.054
0.086
0.231
0.07
0.219
0.181
0.129
0.19
0.165
-0.054
-0.085
-0.203
-0.226
-0.291
-0.13
-0.092
-0.139
-0.069
0.003
-0.105
-0.169
-0.121
0.028
0.092
0.334
0.595
0.721
0.725
1.01
0.899
1.3
1.279
1.379
1.43
1.471
1.429
1.43
1.637
1.894
1.968
1.964
1.893
1.724
1.758
1.646
1.675
1.518
1.561
1.426
1.409
1.213
0.925
0.853
0.755
0.546
0.566
0.541
0.503
0.725
0.965
0.676
0.77
0.708
0.714
0.845
0.894
0.674
0.526
0.698
0.688
0.647
0.552
0.376
0.179
0.189
0.045
-0.124
-0.055
-0.209
-0.09
0.131
0.216
0.124
-0.035
0.066
0.04
-0.062
0.07
-0.018
-0.174
-0.074
-0.261
-0.22
-0.378
-0.326
-0.436
-0.794
-0.8
-0.934
-0.924
-0.883
-1.039
-1.039
-1.146
-1.074
-1.055
-1.036
-1.331
-1.285
-1.228
-0.818
-0.576
-0.522
-0.291
-0.186
0.028
0.013
-0.01
0.156
0.121
0.155
0.134
0.203
0.22
0.236
0.362
0.53
0.515
0.435
0.425
0.63
0.512
0.381
0.398
0.36
0.37
0.381
0.199
0.264
0.221
0.285
0.052
-0.115
-0.101
-0.147
-0.177
-0.2
-0.343
-0.215
-0.352
-0.566
-0.834
-0.6
-0.662
-0.671
-0.51
-0.469
-0.468
-0.315
-0.438
-0.319
-0.32
-0.01
0.061
0.052
-0.064
-0.09
0.16
0.33
0.571
0.676
0.774
0.871
0.965
0.98
1.135
1.051
1.21
1.099
1.006
0.924
0.738
0.436
0.326
0.146
0.349
0.238
0.151
0.135
-0.09
-0.065
-0.23
-0.359
-0.453
-0.526
-0.645
-0.674
-0.645
-0.536
-0.601
-0.529
-0.487
-0.551
-0.66
-0.799
-0.677
-0.633
-0.485
-0.352
-0.396
-0.406
-0.391
-0.276
-0.26
-0.427
-0.583
-0.691
-0.469
-0.361
-0.186
-0.296
-0.245
-0.295
-0.244
-0.276
-0.104
-0.024
0.177
0.099
0.154
0.152
0.029
-0.035
-0.138
-0.26
-0.357
-0.36
-0.5
-0.546
-0.478
-0.241
-0.131
-0.145
-0.04
-0.048
-0.014
-0.216
-0.376
-0.316
-0.177
-0.022
-0.182
-0.085
-0.403
-0.395
-0.406
-0.466
-0.266
-0.288
-0.344
-0.217
-0.133
-0.19
-0.201
-0.393
-0.537
-0.585
-0.492
-0.391
-0.404
-0.454
-0.386
-0.23
-0.198
-0.288
-0.307
-0.177
-0.156
-0.186
-0.092
-0.081
-0.077
-0.175
-0.125
-0.136
-0.158
-0.23
-0.205
-0.079
-0.03
0.1
0.094
0.223
0.228
0.219
0.226
0.085
0.114
-0.116
-0.1
0.005
0.134
0.0
-0.107
-0.129
-0.245
-0.154
-0.31
-0.375
-0.268
-0.359
-0.371
-0.474
-0.189
-0.388
-0.514
-0.339
-0.376
-0.173
-0.128
-0.031
0.048
0.201
0.275
0.421
0.224
0.301
0.413
0.603
0.759
0.878
0.925
1.022
1.111
0.764
0.802
0.922
0.885
0.979
1.07
1.199
1.225
1.161
1.248
1.48
1.664
1.732
1.795
1.916
1.776
1.736
1.724
1.802
1.58
1.506
1.654
1.485
1.531
1.431
1.421
1.184
1.09
0.821
0.709
0.594
0.307
0.176
-0.071
0.016
-0.056
-0.264
-0.234
-0.301
-0.417
-0.492
-0.711
-0.681
-0.763
-0.644
-0.53
-0.504
-0.675
-0.765
-0.848
-0.916
-0.91
-0.932
-0.926
-0.816
-0.965
-0.985
-0.896
-0.894
-0.926
-0.821
-0.792
-0.954
-0.799
-0.671
-0.492
-0.306
-0.164
-0.173
0.066
0.383
0.39
0.417
0.44
0.698
0.608
0.839
0.819
0.943
0.943
0.873
0.821
0.83
0.829
0.679
0.819
0.868
0.802
1.01
0.99
1.146
1.088
0.91
0.976
0.866
0.829
0.72
0.784
0.682
0.792
0.878
0.935
0.976
0.799
0.815
0.695
0.551
0.46
0.481
0.465
0.7
0.6
0.755
0.694
0.761
0.655
0.331
0.234
-0.107
-0.106
-0.096
-0.074
-0.17
-0.145
0.06
0.163
0.147
-0.003
-0.039
0.169
0.118
0.065
0.092
0.134
0.188
-0.049
-0.11
-0.212
-0.47
-0.434
-0.33
-0.501
-0.362
-0.491
-0.499
-0.284
-0.339
-0.417
-0.417
-0.616
-1.052
-1.161
-1.125
-1.404
-1.356
-1.539
-1.451
-1.436
-1.281
-1.183
-1.14
-1.21
-0.988
-0.961
-1.012
-0.968
-1.042
-1.4
-1.349
-1.494
-1.377
-1.383
-1.275
-1.101
-1.021
-0.845
-0.661
-0.479
-0.449
-0.415
-0.351
-0.354
-0.27
-0.291
0.021
-0.019
-0.077
0.096
0.217
0.238
0.211
0.316
0.324
0.338
0.43
0.364
0.052
0.128
-0.028
0.059
-0.044
0.113
0.189
0.118
0.264
0.286
0.316
0.436
0.609
0.677
0.971
0.886
1.21
1.12
1.153
1.268
1.196
1.274
1.333
1.346
1.532
1.545
1.502
1.62
1.666
1.605
1.621
1.518
1.48
1.35
1.484
1.445
1.419
1.588
1.756
1.774
1.68
1.589
1.489
1.565
1.471
1.335
1.188
1.143
1.008
1.008
1.046
0.896
0.853
0.954
1.105
0.999
0.946
0.95
0.95
0.835
0.59
0.354
0.406
0.4
0.234
0.075
-0.084
-0.244
-0.47
-0.509
-0.706
-0.603
-0.621
-0.994
-1.189
-1.403
-1.535
-1.73
-1.884
-2.01
-2.209
-2.111
-2.096
-2.035
-1.981
-2.024
-2.049
-1.896
-1.894
-1.755
-1.724
-1.666
-1.796
-1.89
-2.087
-1.985
-1.782
-1.508
-1.326
-1.363
-1.651
-1.651
-1.815
-1.725
-1.684
-1.589
-1.339
-1.249
-1.228
-1.071
-1.055
-0.897
-1.015
-0.944
-0.768
-0.744
-0.835
-0.829
-0.86
-0.547
-0.614
-0.362
-0.133
-0.354
-0.27
-0.242
-0.131
-0.08
0.014
0.344
0.283
0.307
0.11
0.261
0.405
0.439
0.56
0.779
1.145
1.123
1.254
1.01
0.87
0.829
0.922
0.953
0.899
1.111
1.016
1.093
1.11
1.039
1.099
0.983
1.048
1.008
0.966
0.979
1.18
1.215
1.175
1.199
1.221
1.147
0.931
0.698
0.383
0.179
-0.1
-0.195
-0.246
-0.346
-0.38
-0.552
-0.497
-0.52
-0.684
-0.716
-0.657
-0.624
-0.529
-0.509
-0.48
-0.39
-0.309
-0.388
-0.214
-0.259
-0.189
-0.094
-0.299
-0.173
-0.278
-0.188
-0.203
-0.249
-0.133
-0.164
0.098
-0.007
0.209
0.169
0.02
0.062
-0.126
-0.217
-0.296
-0.319
-0.278
-0.184
-0.396
-0.503
-0.458
-0.491
-0.479
-0.583
-0.682
-0.642
-0.65
-3.96
-0.973
-0.964
-0.905
-1.097
-1.141
-1.177
-1.136
-1.005
-1.041
-0.95
-1.165
-1.035
-1.123
-1.071
-0.749
-0.436
-0.223
-0.099
-0.044
-0.16
-0.055
-0.011
0.021
0.037
0.23
0.191
0.244
0.39
0.574
0.691
0.69
0.677
0.883
0.946
1.011
1.04
0.91
0.99
1.048
1.177
1.2
1.195
1.069
0.855
0.7
0.519
0.628
0.963
0.711
0.733
0.679
0.836
0.861
0.403
0.2
0.234
0.339
0.27
0.111
0.091
0.016
-0.054
0.168
0.101
0.246
0.236
0.219
0.128
0.177
0.151
0.188
0.306
0.541
0.8
0.81
0.855
0.978
1.166
1.144
1.065
1.041
1.121
1.246
1.18
1.083
1.254
1.146
1.161
1.032
0.993
1.041
1.199
1.209
1.196
1.137
1.155
1.026
0.929
1.093
1.048
0.88
0.915
0.899
0.605
0.524
0.557
0.39
0.335
0.427
0.305
0.217
0.014
-0.156
-0.045
-0.045
-0.07
-0.085
-0.105
-0.043
-0.275
-0.289
-0.286
-0.426
-0.515
-0.417
-0.438
-0.521
-0.645
-0.655
-0.666
-0.75
-0.609
-0.628
-0.641
-0.532
-0.399
-0.545
-0.505
-0.366
-0.539
-0.559
-0.738
-0.583
-0.599
-0.611
-0.596
-0.485
-0.5
-0.487
-0.549
-0.541
-0.461
-0.536
-0.879
-0.883
-1.042
-0.999
-0.896
-1.049
-1.006
-0.895
-0.704
-0.525
-0.619
-0.667
-0.841
-0.775
-0.716
-0.655
-0.586
-0.675
-0.647
-0.489
-0.316
-0.228
-0.115
-0.024
0.284
0.319
0.27
0.581
0.711
0.605
0.438
0.42
0.463
0.53
0.954
0.994
1.103
1.117
1.208
1.231
1.37
1.588
1.46
1.439
1.301
1.281
1.201
0.917
0.83
0.963
0.782
0.916
0.895
0.985
1.109
1.095
0.944
0.96
0.794
0.764
0.515
0.374
0.334
0.069
0.014
-0.236
-0.461
-0.511
-0.444
-0.569
-0.609
-0.636
-0.593
-0.635
-0.482
-0.588
-0.466
-0.362
-0.349
-0.501
-0.557
-0.367
-0.154
-0.018
0.02
0.041
0.037
-0.018
0.025
0.056
-0.084
0.0
-0.16
-0.15
-0.174
-0.296
-0.173
-0.28
-0.224
-0.274
-0.521
-0.44
-0.56
-0.55
-0.531
-0.69
-0.556
-0.434
-0.451
-0.438
-0.225
-0.359
-0.334
-0.236
-0.236
-0.124
-0.159
-0.061
-0.052
-0.018
-0.043
0.081
-0.02
-0.14
-0.06
0.054
0.075
0.051
0.054
0.299
0.079
0.214
0.296
0.225
0.359
0.304
0.369
0.439
0.305
0.311
0.174
0.201
0.089
0.113
0.141
0.115
0.11
-0.255
-0.245
-0.147
-0.499
-0.639
-0.574
-0.616
-0.579
-0.432
-0.456
-0.58
-0.699
-0.603
-0.354
-0.449
-0.461
-0.555
-0.346
-0.522
-0.425
-0.31
-0.479
-0.647
-0.675
-0.484
-0.734
-0.88
-0.858
-1.026
-1.137
-1.262
-1.2
-1.121
-1.062
-1.079
-1.153
-0.953
-0.589
-0.299
-0.458
-0.346
-0.184
0.056
0.131
0.403
0.459
0.484
0.525
0.424
0.544
0.529
0.601
0.55
0.161
0.318
0.179
0.236
0.154
0.193
0.253
0.13
0.147
0.184
0.241
0.179
0.154
0.284
0.54
0.604
0.795
0.787
0.699
0.74
0.785
0.598
0.575
0.5
0.29
0.24
0.295
0.268
0.215
0.107
-0.161
-0.171
-0.05
-0.066
0.006
-0.084
-0.173
-0.23
-0.059
0.109
0.215
0.255
0.09
0.158
0.075
0.141
-0.022
-0.175
-0.147
0.0
-0.092
-0.185
-0.201
-0.145
0.158
0.193
0.223
0.21
0.265
0.292
0.36
0.562
0.475
0.403
0.806
0.791
0.925
0.834
0.845
0.955
0.995
1.123
1.104
1.166
1.199
1.104
0.973
0.868
0.797
1.109
1.226
1.24
1.201
0.966
1.0
0.881
0.812
0.94
0.816
0.746
0.88
0.821
0.715
0.506
0.35
0.307
0.229
0.107
0.408
0.43
0.035
0.045
-0.077
0.11
0.04
0.022
0.033
-0.011
-0.018
-0.1
-0.049
-0.146
-0.156
-0.209
-0.014
0.124
0.085
0.134
0.018
0.189
0.193
0.334
0.417
0.464
0.432
0.128
0.007
-0.242
-0.048
-0.028
0.06
0.28
0.284
0.198
0.194
-0.022
-0.062
-0.061
-0.059
-0.028
-0.075
-0.301
-0.574
-0.706
-0.791
-0.934
-0.733
-0.883
-0.649
-0.738
-0.917
-0.945
-1.065
-1.295
-1.407
-1.236
-1.254
-1.364
-1.405
-1.347
-1.126
-0.92
-0.919
-0.9
-0.758
-0.713
-0.466
-0.184
-0.22
-0.133
-0.11
-0.065
0.122
0.292
0.453
0.583
0.532
0.739
0.696
0.785
0.975
1.034
1.22
1.235
1.326
1.414
1.44
1.469
1.249
1.29
1.115
1.213
1.209
1.188
1.289
1.069
0.954
0.83
0.89
0.856
0.652
0.525
0.254
0.326
0.321
0.242
0.076
0.163
-0.166
-0.369
-0.38
-0.54
-0.537
-0.684
-0.676
-0.629
-0.606
-0.659
-0.339
-0.25
-0.265
-0.179
-0.338
-0.432
-0.583
-0.585
-0.435
-0.52
-0.487
-0.631
-0.549
-0.47
-0.409
-0.481
-0.515
-0.525
-0.835
-1.039
-0.902
-0.841
-0.664
-0.672
-0.624
-0.766
-0.603
-0.608
-0.645
-0.532
-0.688
-0.46
-0.549
-0.557
-0.445
-0.458
-0.37
-0.349
-0.171
0.105
0.168
0.224
0.294
0.279
0.376
0.301
0.205
0.128
0.05
-0.08
-0.007
-0.151
-0.239
-0.512
-0.461
-0.484
-0.439
-0.17
-0.152
-0.07
-0.119
-0.075
0.075
0.116
0.105
0.001
-0.011
0.034
-0.09
-0.14
-0.055
0.015
0.161
0.095
0.185
0.174
0.216
0.238
0.191
0.145
0.329
0.464
0.396
0.388
0.505
0.623
0.68
0.731
0.565
0.619
0.529
0.584
0.464
0.41
0.754
0.464
0.45
0.478
0.504
0.269
0.25
0.315
0.263
0.217
0.13
0.14
0.149
0.233
0.177
-0.021
0.009
-0.201
-0.203
-0.109
-0.284
-0.291
-0.301
-0.396
-0.335
-0.288
-0.399
-0.478
-0.448
-0.47
-0.503
-0.701
-0.726
-0.814
-1.002
-1.163
-1.284
-1.0
-0.994
-1.035
-0.835
-0.833
-0.8
-0.796
-0.834
-0.728
-0.749
-0.611
-0.52
-0.416
-0.291
-0.265
-0.369
-0.203
-0.393
-0.321
-0.251
-0.118
-0.007
-0.043
0.072
0.194
0.514
0.901
0.849
1.074
1.16
1.117
1.268
1.157
1.194
1.085
1.014
0.973
0.921
0.775
0.639
0.578
0.789
0.56
0.478
0.421
0.416
0.481
0.306
0.25
0.229
0.174
0.118
0.101
0.246
0.19
0.289
0.525
0.48
0.47
0.364
0.413
0.369
0.351
0.249
0.198
0.271
0.258
0.481
0.345
0.36
0.522
0.519
0.689
0.535
0.777
0.761
0.681
0.575
0.466
0.364
0.203
0.166
-0.045
-0.104
-0.085
-0.29
-0.16
-0.27
-0.413
-0.425
-0.546
-0.463
-0.508
-0.532
-0.799
-0.909
-0.844
-0.807
-0.927
-0.72
-0.649
-0.616
-0.779
-0.746
-0.583
-0.58
-0.395
-0.37
-0.229
-0.045
0.005
0.18
0.114
0.316
0.286
0.086
0.316
0.28
0.401
0.371
0.546
0.78
0.74
0.821
0.774
0.816
0.855
0.733
0.758
0.97
1.019
1.009
1.164
0.983
1.015
0.971
0.81
0.505
0.4
0.301
0.159
0.13
-0.113
-0.136
-0.328
-0.581
-0.559
-0.59
-0.754
-0.686
-0.676
-1.032
-0.904
-0.859
-0.755
-0.69
-0.565
-0.684
-0.925
-0.866
-0.859
-0.906
-0.718
-0.605
-0.413
-0.29
-0.36
-0.344
-0.714
-0.68
-0.984
-0.954
-1.07
-1.141
-0.951
-0.95
-0.781
-0.701
-0.61
-0.271
-0.215
-0.152
-0.265
-0.041
-0.253
-0.284
-0.276
-0.171
-0.085
0.196
0.253
0.391
0.254
0.376
0.265
0.511
0.455
0.464
0.389
0.354
0.596
0.349
0.201
0.129
0.294
0.224
0.23
0.258
0.295
0.239
0.275
0.216
0.255
0.114
0.259
0.145
0.256
0.389
0.28
0.415
0.445
0.499
0.573
0.71
0.711
