0.675
0.711
0.669
0.799
0.741
0.745
0.703
0.965
1.22
1.179
1.386
1.377
1.215
1.206
1.167
1.101
1.015
1.194
1.107
1.045
0.853
0.628
0.58
0.566
0.53
0.785
0.7
0.664
0.656
0.372
0.359
0.51
0.372
0.271
0.13
-0.026
-0.031
-0.065
-0.099
-0.019
-0.107
-0.126
-0.083
-0.071
-0.085
-0.118
0.03
0.076
0.185
0.158
0.23
0.231
0.289
0.244
0.208
0.193
0.194
0.154
0.122
-0.003
0.014
-0.014
-0.026
-0.114
-0.094
-0.256
-0.264
-0.147
-0.111
-0.276
-0.116
-0.175
-0.079
-0.241
-0.086
-0.072
-0.215
-0.152
-0.072
0.0
0.051
0.125
0.04
0.122
0.004
-0.014
0.001
0.077
0.151
0.238
0.231
0.465
0.417
0.525
0.458
0.365
0.273
0.231
0.251
0.369
0.364
0.374
0.361
0.09
-0.056
-0.026
-0.17
-0.186
-0.088
-0.096
-0.08
-0.046
-0.18
-0.242
-0.062
-0.065
-0.036
-0.151
-0.181
-0.223
-0.091
-0.022
-0.113
-0.014
-0.072
0.24
0.12
0.114
0.14
0.184
0.323
0.349
0.5
0.545
0.45
0.394
0.283
0.223
0.14
0.011
-0.007
-0.136
-0.21
-0.359
-0.366
-0.414
-0.526
-0.379
-0.355
-0.32
-0.41
-0.16
-0.314
-0.431
-0.395
-0.356
-0.299
-0.228
-0.145
-0.161
-0.147
-0.231
-0.205
-0.307
-0.334
-0.504
-0.374
-0.396
-0.275
-0.174
-0.375
-0.285
-0.193
-0.208
-0.32
-0.31
-0.356
-0.367
-0.13
-0.188
-0.259
-0.179
-0.19
-0.026
-0.328
-0.4
-0.261
-0.254
-0.149
-0.278
-0.357
-0.432
-0.48
-0.49
-0.524
-0.399
-0.604
-0.474
-0.751
-0.584
-0.416
-0.193
0.045
-0.013
0.151
0.427
0.348
0.357
0.539
0.586
0.503
0.896
0.865
1.005
0.958
0.914
1.018
0.897
0.87
0.709
0.635
0.494
0.497
0.396
0.263
0.414
0.263
0.312
0.46
0.069
0.103
-0.02
0.036
-0.006
-0.311
-0.23
-0.104
0.098
0.245
0.081
0.059
0.471
0.361
0.456
0.274
0.302
0.188
0.25
0.231
0.076
0.203
0.061
0.003
-0.065
-0.144
-0.159
-0.229
-0.138
-0.271
-0.261
-0.096
-0.276
-0.384
-0.4
-0.562
-0.408
-0.41
-0.348
-0.321
-0.401
-0.436
-0.571
-0.461
-0.499
-0.795
-0.693
-0.951
-0.861
-0.826
-0.651
-0.775
-0.575
-0.625
-0.619
-0.579
-0.618
-0.489
-0.503
-0.429
-0.58
-0.474
-0.47
-0.424
-0.323
-0.321
-0.119
-0.072
-0.11
0.04
-0.05
-0.074
0.064
0.185
0.372
0.425
0.694
0.405
0.568
0.733
0.595
0.698
1.012
1.002
1.079
1.08
0.978
1.2
0.959
0.927
1.002
1.001
0.951
0.904
1.021
0.905
1.167
0.786
0.591
0.631
0.715
0.787
0.868
0.823
0.608
0.599
0.486
0.485
0.354
0.254
0.169
0.159
0.168
0.058
0.158
-0.059
-0.054
-0.081
-0.11
-0.048
-0.185
-0.035
-0.194
-0.144
-0.201
-0.281
-0.24
-0.119
-0.058
-0.015
-0.094
-0.06
-0.122
-0.168
-0.279
-0.265
-0.264
-0.199
-0.19
-0.03
-0.044
-0.22
-0.216
-0.052
-0.155
-0.176
0.001
-0.062
-0.114
-0.009
-0.39
-0.37
-0.274
-0.305
-0.233
-0.249
-0.269
-0.239
-0.236
-0.151
-0.098
0.088
0.166
0.338
0.295
0.186
0.072
0.09
0.194
0.283
0.383
0.431
0.335
0.284
0.166
0.095
-0.06
-0.196
-0.212
-0.143
-0.36
-0.394
-0.547
-0.43
-0.453
-0.482
-0.386
-0.463
-0.657
-0.562
-0.818
-0.85
-0.932
-1.036
-0.909
-1.001
-0.896
-1.123
-1.039
-1.109
-1.029
-0.91
-1.016
-0.859
-0.844
-0.911
-0.695
-0.499
-0.595
-0.595
-0.48
-0.411
-0.466
-0.576
-0.511
-0.616
-0.677
-0.819
-0.734
-0.72
-0.68
-0.639
-0.557
-0.444
-0.306
-0.119
-0.143
-0.045
-0.028
-0.128
0.174
0.305
0.62
0.758
0.85
0.709
0.763
0.787
0.848
0.734
0.792
0.775
0.821
0.771
0.729
0.491
0.864
0.875
0.787
0.941
0.782
0.749
0.434
0.348
0.346
0.295
0.088
0.025
0.07
-0.064
0.028
-0.096
-0.06
0.028
-0.15
0.104
0.05
0.029
0.001
-0.035
0.043
0.136
0.111
0.028
-0.098
-0.1
-0.17
-0.156
-0.209
-0.064
-0.164
-0.239
-0.288
-0.532
-0.261
-0.321
-0.478
-0.482
-0.738
-0.605
-0.421
-0.316
-0.235
-0.289
-0.115
0.04
0.201
-0.004
-0.059
-0.224
-0.174
-0.072
-0.003
0.004
0.206
-0.026
0.049
0.182
0.208
0.145
0.005
-0.111
-0.302
-0.396
-0.349
-0.22
-0.039
-0.066
-0.15
-0.092
0.135
0.259
0.505
0.573
0.509
0.425
0.341
0.304
0.461
0.486
0.595
0.456
0.46
0.268
0.289
0.179
0.12
0.113
0.09
0.25
0.144
0.139
0.01
-0.016
-0.104
-0.173
-0.031
0.04
-0.16
-0.212
-0.32
-0.301
-0.186
0.046
-0.059
-0.23
-0.309
-0.212
-0.105
-0.062
0.045
0.015
0.011
0.151
0.166
0.273
0.276
0.511
0.315
0.432
0.459
0.411
0.531
0.5
0.618
0.611
0.463
0.646
0.64
0.851
0.815
0.802
0.873
0.824
0.927
0.998
0.98
1.031
1.019
1.157
0.931
0.8
0.763
0.711
0.797
0.652
0.764
0.54
0.575
0.515
0.249
0.359
0.426
0.341
0.154
0.125
0.09
-0.021
-0.029
-0.007
-0.095
-0.179
-0.17
-0.194
-0.305
-0.338
-0.289
-0.081
-0.011
0.189
0.044
0.022
0.128
-0.092
-0.171
-0.296
-0.419
-0.259
-0.236
-0.289
-0.199
-0.344
-0.316
-0.551
-0.66
-0.601
-0.575
-0.464
-0.574
-0.371
-0.557
-0.499
-0.569
-0.53
-0.5
-0.369
-0.253
-0.469
-0.432
-0.351
-0.372
-0.203
0.015
0.233
0.284
0.4
0.405
0.45
0.568
0.372
0.333
0.031
0.27
0.191
0.325
0.284
0.324
0.285
0.446
0.497
0.623
0.708
0.565
0.406
0.57
0.547
0.536
0.609
0.537
0.516
0.404
0.281
0.355
0.258
0.062
0.211
0.253
0.199
0.024
0.094
0.261
0.268
0.247
0.135
0.009
-0.072
0.013
-0.156
-0.165
0.02
0.054
-0.031
-0.145
-0.169
-0.321
-0.456
-0.301
-0.274
-0.256
-0.307
-0.49
-0.482
-0.421
-0.297
-0.381
-0.301
-0.4
-0.29
-0.19
-0.092
-0.07
-0.079
-0.054
-0.062
-0.019
-0.159
-0.08
0.036
0.036
0.126
0.259
0.417
0.408
0.689
0.54
0.509
0.48
0.59
0.544
0.268
0.288
0.168
0.316
0.305
0.21
0.211
0.439
0.376
0.388
0.352
0.429
0.508
0.41
0.419
0.234
0.136
-0.084
-0.055
-0.016
-0.26
-0.225
-0.422
-0.46
-0.556
-0.669
-0.605
-0.573
-0.454
-0.496
-0.42
-0.514
-0.341
-0.253
-0.356
-0.365
-0.445
-0.297
-0.233
-0.299
-0.208
-0.149
0.037
0.115
0.088
0.126
0.049
-0.013
-0.08
-0.044
-0.254
-0.131
0.048
-0.131
-0.116
-0.182
-0.166
-0.096
-0.336
-0.459
-0.372
-0.551
-0.716
-0.704
-0.522
-0.69
-0.838
-0.708
-0.52
-0.355
-0.439
-0.301
-0.295
-0.305
-0.095
-0.158
-0.203
-0.301
-0.217
-0.041
0.181
0.335
0.321
0.501
0.62
0.828
0.815
1.095
1.105
1.042
1.054
1.045
1.052
0.885
0.921
0.919
1.056
0.901
0.729
0.758
0.724
0.666
0.619
0.806
0.755
0.289
0.106
0.295
0.109
0.058
-0.118
-0.224
-0.319
-0.2
-0.149
-0.128
-0.019
0.154
0.306
0.446
0.44
0.333
0.141
0.062
0.015
0.339
0.288
0.188
0.176
-0.184
-0.314
-0.28
-0.113
-0.23
-0.21
-0.203
-0.302
-0.355
-0.394
-0.362
-0.228
-0.265
-0.216
-0.11
0.044
0.036
0.06
0.07
0.165
0.016
0.209
0.351
0.338
0.328
0.376
0.013
0.02
-0.031
-0.307
-0.38
-0.333
-0.445
-0.569
-0.451
-0.376
-0.39
-0.504
-0.573
-0.361
-0.32
-0.41
-0.357
-0.38
-0.421
-0.367
-0.438
-0.547
-0.75
-0.704
-0.576
-0.565
-0.559
-0.492
-0.536
-0.307
-0.099
-0.022
0.113
0.14
0.141
0.085
0.062
0.014
0.03
0.145
0.306
0.453
0.458
0.76
0.88
0.935
0.77
0.863
0.825
0.819
0.606
0.388
0.444
0.305
0.048
0.003
-0.022
0.113
0.283
0.348
0.311
0.422
0.473
0.631
0.976
0.875
0.916
1.041
0.951
1.089
0.934
1.049
1.169
1.25
0.984
0.964
0.909
0.996
1.11
1.27
1.268
1.225
1.124
1.136
1.24
1.26
1.26
1.07
1.127
1.093
1.071
1.01
1.016
0.959
0.924
0.743
0.799
0.708
0.586
0.444
0.254
0.046
-0.118
-0.615
-0.709
-0.781
-0.782
-0.686
-0.799
-0.934
-1.1
-1.075
-1.125
-1.074
-1.004
-0.9
-0.799
-0.699
-0.606
-0.529
-0.509
-0.451
-0.478
-0.539
-0.503
-0.575
-0.645
-0.671
-0.56
-0.55
-0.537
-0.787
-0.846
-0.911
-1.109
-1.034
-0.948
-1.111
-1.065
-1.109
-1.094
-1.064
-1.034
-1.08
-0.889
-0.916
-0.943
-0.936
-0.823
-0.504
-0.615
-0.434
-0.341
-0.255
-0.185
-0.095
0.03
0.121
0.094
0.236
0.195
0.21
0.024
-0.168
0.081
0.034
0.188
0.104
-0.009
-0.022
-0.339
-0.362
-0.424
-0.325
-0.16
-0.161
-0.211
-0.299
-0.276
-0.344
-0.259
-0.075
-0.14
-0.066
-0.088
-0.113
0.074
-0.011
0.233
0.55
0.614
0.642
0.768
0.765
0.846
0.782
0.833
0.733
0.716
0.633
0.716
0.925
0.891
0.661
0.616
0.371
0.348
0.349
0.43
0.406
0.492
0.401
0.301
0.247
0.11
-0.035
-0.055
-0.15
-0.182
-0.335
-0.285
-0.314
-0.309
-0.173
-0.146
-0.051
-0.094
0.098
-0.11
0.013
-0.092
-0.365
-0.145
-0.135
-0.126
-0.107
-0.128
-0.263
-0.394
-0.451
-0.557
-0.689
-0.576
-0.682
-0.566
-0.58
-0.578
-0.735
-0.741
-0.893
-1.004
-0.854
-0.53
-0.654
-0.68
-0.598
-0.575
-0.345
-0.312
-0.344
-0.534
-0.739
-0.75
-0.756
-0.797
-0.652
-0.508
-0.43
-0.585
-0.446
-0.53
-0.511
-0.519
-0.509
-0.618
-0.634
-0.573
-0.511
-0.455
-0.565
-0.4
-0.325
-0.17
-0.176
-0.211
-0.211
-0.413
-0.326
-0.381
-0.44
-0.512
-0.571
-0.542
-0.576
-0.639
-0.771
-0.888
-0.685
-0.654
-0.772
-0.736
-0.766
-0.755
-0.995
-0.966
-0.83
-0.552
-0.529
-0.499
-0.641
-0.443
-0.385
-0.361
-0.283
-0.211
-0.013
0.052
0.1
0.17
0.273
0.534
0.53
0.419
0.43
0.657
0.651
0.378
0.734
0.604
0.744
0.723
0.698
0.751
0.564
0.545
0.505
0.517
0.499
0.562
0.564
0.415
0.482
0.425
0.325
0.465
0.503
0.47
0.501
0.374
0.17
0.214
0.205
0.396
0.224
0.059
0.189
0.238
0.39
0.435
0.586
0.545
0.444
0.585
0.733
0.804
0.833
0.754
0.583
0.495
0.696
0.491
0.615
0.755
0.733
0.716
0.62
0.604
0.482
0.424
0.297
0.258
0.147
0.051
-0.015
-0.051
0.275
0.247
0.364
0.432
0.473
0.544
0.448
0.51
0.54
0.527
0.38
0.171
0.003
-0.019
0.091
0.08
0.065
0.13
-0.081
-0.13
-0.16
-0.234
-0.289
-0.22
-0.473
-0.465
-0.306
-0.249
-0.165
-0.095
-0.022
-0.125
0.122
0.3
0.335
0.31
0.301
0.495
0.427
0.346
0.379
0.268
0.335
0.408
0.586
0.504
0.481
0.515
0.463
0.449
0.646
0.65
0.665
0.819
0.738
0.739
0.8
0.73
0.776
0.665
0.69
0.578
0.519
0.404
0.365
0.04
-0.104
0.029
-0.176
-0.348
-0.405
-0.529
-0.556
-0.338
-0.355
-0.426
-0.334
-0.359
-0.473
-0.629
-0.52
-0.494
-0.316
-0.33
-0.259
-0.131
-0.092
0.173
0.273
0.263
0.24
0.318
0.424
0.547
0.669
0.691
0.495
0.454
0.565
0.555
0.684
0.785
0.754
0.596
0.405
0.561
0.568
0.525
0.379
0.354
0.354
0.239
0.284
0.417
0.465
0.508
0.474
0.451
0.182
-0.119
-0.274
-0.475
-0.439
-0.585
-0.669
-0.688
-0.715
-0.599
-0.769
-0.874
-0.649
-0.576
-0.401
-0.234
-0.527
-0.522
-0.985
-0.804
-1.024
-0.83
-0.89
-0.904
-0.616
-0.667
-0.85
-1.114
-0.94
-0.794
-0.71
-0.86
-0.951
-0.909
-0.716
-0.765
-0.743
-0.618
-0.415
-0.27
-0.133
-0.021
-0.139
-0.062
-0.061
-0.259
-0.454
-0.508
-0.416
-0.021
0.116
0.266
0.394
0.525
0.499
0.569
0.718
0.574
0.604
0.384
0.464
0.495
0.504
0.782
0.366
0.448
0.524
0.83
0.814
1.04
1.029
0.843
0.91
0.958
0.97
0.958
0.956
1.074
0.968
1.045
1.044
0.828
0.679
0.751
0.746
0.834
0.723
0.75
0.777
0.824
0.879
0.625
0.443
0.265
0.199
0.08
-0.035
-0.177
0.043
-0.018
-0.086
-0.211
-0.103
-0.106
-0.056
-0.076
-0.105
0.052
-0.104
0.048
0.055
0.17
0.228
0.399
0.221
0.27
0.196
0.212
0.301
0.316
0.185
-0.085
-0.284
-0.2
-0.193
-0.343
-0.49
-0.422
-0.328
-0.525
-0.575
-0.431
-0.478
-0.482
-0.456
-0.254
-0.37
-0.289
-0.261
-0.126
-0.081
-0.171
-0.208
-0.245
-0.244
-0.217
-0.314
-0.555
-0.733
-0.615
-0.824
-0.975
-0.787
-0.775
-0.751
-0.866
-0.825
-0.77
-0.781
-0.863
-0.769
-0.769
-0.682
-0.594
-0.535
-0.44
-0.4
-0.517
-0.492
-0.453
-0.5
-0.652
-0.584
-0.434
-0.273
-0.247
-0.217
-0.061
-0.163
0.001
-0.06
-0.372
-0.261
-0.19
-0.004
0.088
0.051
0.348
0.398
0.359
0.471
0.508
0.609
0.429
0.411
0.454
0.516
0.652
0.795
1.005
0.809
0.667
0.787
0.794
0.764
0.625
0.59
0.611
0.492
0.453
0.535
0.371
0.212
0.228
0.101
-0.022
0.159
0.16
0.136
-0.013
0.066
0.113
-0.124
-0.235
-0.105
-0.356
-0.48
-0.371
-0.451
-0.426
-0.236
-0.375
-0.215
0.0
0.131
0.288
0.292
0.38
0.5
0.569
0.517
0.415
0.329
0.451
0.401
0.501
0.519
0.531
0.517
0.611
0.515
0.348
0.321
0.155
0.049
-0.079
-0.111
-0.304
-0.372
-0.495
-0.532
-0.497
-0.575
-0.583
-0.745
-0.709
-0.729
-0.69
-0.714
-0.705
-0.685
-0.79
-0.726
-0.555
-0.434
-0.404
-0.489
-0.492
-0.425
-0.417
-0.524
-0.642
-0.677
-0.595
-0.501
-0.381
-0.415
-0.37
-0.158
-0.129
-0.271
-0.576
-0.413
-0.466
-0.672
-0.626
-0.51
-0.532
-0.424
-0.396
-0.474
-0.445
-0.318
-0.034
0.16
0.147
0.256
0.326
0.214
0.249
0.346
0.449
0.51
0.8
0.796
0.853
0.94
0.584
0.524
0.598
0.878
0.85
0.966
1.103
0.938
0.794
0.76
0.693
0.571
0.512
0.54
0.427
0.491
0.485
0.531
0.501
0.426
0.365
0.191
0.379
0.489
0.292
0.307
0.354
0.116
0.311
0.036
-0.161
-0.124
-0.295
-0.431
-0.634
-0.638
-0.633
-0.64
-0.499
-0.524
-0.56
-0.564
-0.746
-0.706
-0.796
-0.647
-0.725
-0.745
-0.504
-0.593
-0.481
-0.568
-0.588
-0.636
-0.71
-0.667
-0.588
-0.461
-0.331
-0.226
-0.026
0.084
0.048
-0.043
-0.009
-0.094
-0.103
0.065
0.088
0.048
-0.004
0.05
-0.106
-0.144
-0.001
-0.062
0.056
0.044
-0.005
-0.138
-0.045
0.309
0.224
-0.011
-0.04
0.006
0.161
0.185
0.186
0.215
0.22
0.235
0.321
0.294
0.235
0.224
0.26
0.361
0.366
0.328
0.48
0.719
0.641
0.562
0.381
0.367
0.374
0.334
0.334
0.212
0.208
0.049
0.083
-0.02
-0.013
-0.119
-0.163
-0.072
-0.089
-0.091
-0.164
-0.088
-0.061
0.04
-0.071
-0.155
-0.136
-0.184
-0.096
-0.211
-0.383
-0.38
-0.367
-0.393
-0.596
-0.395
-0.325
-0.445
-0.465
-0.532
-0.425
-0.394
-0.395
-0.217
-0.343
-0.208
-0.3
-0.393
-0.318
-0.458
-0.375
-0.229
-0.234
-0.169
0.011
0.146
0.151
0.152
0.155
0.188
0.278
0.249
0.274
0.134
0.386
0.359
0.445
0.354
0.53
0.624
0.655
0.666
0.671
0.69
0.676
0.588
0.547
0.473
0.675
0.624
0.273
0.501
0.549
0.516
0.594
0.445
0.405
0.395
0.449
0.23
-0.026
0.05
0.115
-0.007
-0.165
-0.182
-0.122
-0.062
-0.054
-0.109
-0.081
-0.106
-0.09
-0.245
-0.319
-0.28
-0.223
-0.128
-0.028
0.1
0.119
-0.029
0.003
0.122
0.216
0.161
0.331
0.378
0.49
0.323
0.314
0.405
0.264
0.134
0.19
0.103
0.258
0.119
-0.036
-0.015
-0.399
-0.405
-0.315
-0.344
-0.432
-0.401
-0.466
-0.506
-0.549
-0.532
-0.405
-0.417
-0.503
-0.3
-0.359
-0.253
0.004
0.164
0.531
0.508
0.556
0.694
0.65
0.686
0.829
0.865
1.101
1.011
0.935
0.996
0.989
1.174
0.897
0.922
0.883
0.685
0.527
0.656
0.728
0.516
0.443
0.4
0.424
0.348
0.495
0.461
0.395
0.271
0.149
0.128
-0.051
0.107
-0.001
-0.17
-0.426
-0.426
-0.451
-0.323
-0.508
-0.425
-0.357
-0.186
-0.249
-0.121
-0.089
-0.095
0.094
0.0
0.065
-0.056
-0.033
0.301
0.266
0.288
0.149
0.195
0.144
0.028
0.075
-0.06
-0.15
-0.013
-0.194
-0.403
-0.331
-0.27
-0.154
-0.089
-0.052
-0.096
-0.019
-0.104
-0.251
-0.405
-0.109
-0.05
0.145
0.169
0.179
0.185
0.029
0.104
0.223
-0.024
-0.036
-0.043
-0.268
-0.241
-0.338
-0.51
-0.306
-0.161
0.285
0.536
0.63
0.864
0.755
0.846
1.05
0.854
0.897
0.855
0.912
0.83
0.754
0.646
0.777
0.826
0.711
0.912
1.052
1.006
1.113
0.971
0.699
0.686
0.677
0.524
0.541
0.471
0.448
0.421
0.209
0.168
0.226
-0.029
-0.129
-0.159
-0.185
-0.175
-0.25
-0.12
-0.16
-0.341
-0.242
-0.386
-0.444
-0.473
-0.492
-0.72
-0.621
-0.585
-0.58
-0.486
-0.469
-0.265
-0.315
-0.365
-0.42
-0.547
-0.514
-0.357
-0.256
-0.26
-0.3
-0.283
-0.06
-0.211
-0.216
-0.091
-0.341
-0.196
-0.375
-0.357
-0.38
-0.444
-0.449
-0.527
-0.357
-0.422
-0.53
-0.549
-0.506
-0.56
-0.555
-0.448
-0.333
-0.238
-0.143
0.016
-0.029
0.352
0.384
0.285
0.276
0.235
0.188
0.045
0.211
0.21
0.315
0.345
0.503
0.521
0.486
0.357
0.318
0.276
0.422
0.374
0.421
0.466
0.398
0.45
0.424
0.406
0.38
0.194
-0.062
0.014
0.03
0.164
0.026
0.021
-0.086
-0.304
-0.325
-0.11
0.119
0.145
0.354
0.355
0.434
0.181
0.165
0.018
-0.146
-0.125
-0.32
-0.229
-0.324
-0.409
-0.389
-0.456
-0.291
-0.261
-0.193
-0.39
-0.416
-0.6
-0.749
-0.78
-0.899
-0.858
-0.814
-0.833
-0.716
-0.581
-0.598
-0.501
-0.348
-0.329
-0.354
-0.376
-0.266
-0.198
-0.173
-0.099
0.004
0.214
0.244
0.547
0.546
0.51
0.522
0.677
0.791
0.797
0.754
0.691
0.434
0.271
0.318
0.249
0.113
0.062
-0.07
-0.24
-0.26
-0.223
-0.398
-0.325
-0.139
-0.41
-0.48
-0.58
-0.535
-0.344
-0.319
-0.445
-0.532
-0.492
-0.434
-0.381
-0.065
-0.164
-0.099
-0.208
-0.244
-0.273
-0.394
-0.245
-0.328
-0.22
-0.146
-0.07
0.02
0.165
0.149
0.211
0.203
0.234
0.492
0.569
0.681
0.719
0.815
0.964
0.839
0.87
0.69
0.586
0.546
0.36
0.355
0.176
0.261
0.271
0.374
0.413
0.384
0.474
0.455
0.173
0.072
0.14
-0.04
-0.061
-0.14
-0.018
0.079
0.039
0.08
0.11
0.235
0.168
-0.006
0.033
-0.105
-0.144
-0.115
0.07
-0.155
-0.253
-0.281
-0.426
-0.459
-0.499
-0.508
-0.49
-0.489
-0.334
-0.312
-0.249
-0.251
-0.294
-0.23
-0.356
-0.401
-0.378
-0.443
-0.39
-0.326
-0.532
-0.521
-0.453
-0.541
-0.576
-0.65
-0.672
-0.774
-0.644
-0.631
-0.801
-0.909
-0.636
-0.608
-0.508
-0.492
-0.399
-0.404
-0.344
-0.281
-0.43
-0.174
-0.128
-0.08
0.006
0.013
0.062
0.143
0.276
0.315
0.383
0.471
0.514
0.438
0.219
0.054
-0.099
-0.049
0.03
0.193
0.223
0.288
0.527
0.427
0.562
0.647
0.656
0.906
1.029
0.98
0.899
0.895
0.804
0.644
0.425
0.529
0.657
0.584
0.666
0.651
0.552
0.491
0.605
0.54
0.417
0.265
0.314
0.409
0.394
0.475
0.245
0.312
0.247
0.346
0.323
0.161
0.226
0.225
0.215
0.22
0.147
0.083
-0.111
-0.193
-0.044
-0.033
-0.138
-0.07
0.055
-0.1
-0.196
-0.145
-0.163
-0.031
0.015
0.173
0.225
0.088
0.21
0.312
0.312
0.19
-0.018
-0.05
-0.084
-0.126
-0.014
-0.236
-0.41
-0.281
-0.409
-0.328
-0.256
-0.281
-0.329
-0.351
-0.234
-0.479
-0.408
-0.503
-0.504
-0.271
-0.323
-0.398
-0.406
-0.497
-0.485
-0.419
-0.491
-0.605
-0.604
-0.631
-0.794
-0.599
