0.224
0.174
-0.011
0.0
-0.099
-0.101
-0.299
-0.26
-0.41
-0.581
-0.744
-0.505
-0.591
-0.794
-0.897
-0.805
-0.809
-1.066
-1.157
-1.376
-1.476
-1.44
-1.624
-1.686
-1.833
-1.631
-1.82
-1.746
-1.844
-1.756
-1.673
-1.644
-1.744
-1.614
-1.625
-1.554
-1.633
-1.535
-1.531
-1.548
-1.363
-1.36
-1.106
-1.145
-1.011
-0.865
-0.871
-0.786
-0.838
-0.519
-0.681
-0.706
-0.569
-0.605
-0.487
-0.503
-0.529
-0.545
-0.133
-0.129
0.021
0.062
0.186
0.079
0.188
0.065
-0.074
-0.099
0.211
0.184
0.406
0.273
0.265
0.391
0.364
0.406
0.234
0.292
0.138
0.154
0.011
-0.101
-0.211
-0.296
-0.269
-0.208
-0.049
-0.221
-0.195
-0.275
-0.431
-0.585
-0.745
-0.751
-0.805
-0.753
-0.789
-0.729
-0.651
-0.578
-0.38
-0.374
-0.369
-0.37
-0.371
-0.378
-0.441
-0.42
-0.253
-0.075
0.066
0.335
0.544
0.662
0.711
0.759
0.924
0.871
0.699
0.588
0.557
0.578
0.782
0.72
0.733
0.996
0.639
0.713
0.664
0.649
0.529
0.362
0.074
0.128
0.156
0.12
-0.034
0.249
0.011
-0.113
-0.196
-0.247
-0.106
-0.2
-0.179
-0.28
-0.201
-0.33
-0.375
-0.301
-0.338
-0.229
-0.154
-0.009
0.077
0.076
0.191
0.168
0.336
0.276
0.39
0.434
0.65
0.795
0.944
1.0
0.914
0.864
0.89
0.825
0.865
0.77
0.789
0.791
0.661
0.744
0.432
0.31
0.356
0.379
0.699
0.731
0.404
0.306
0.119
-0.231
-0.369
-0.517
-0.325
-0.59
-0.464
-0.28
-0.42
-0.383
-0.446
-0.417
-0.615
-0.516
-0.624
-0.639
-0.715
-0.82
-0.677
-0.811
-0.819
-0.633
-0.662
-0.586
-0.73
-0.65
-0.761
-0.823
-0.825
-0.805
-0.744
-0.509
-0.547
-0.51
-0.461
-0.288
-0.238
-0.374
-0.405
-0.234
-0.312
0.044
-0.133
0.125
0.191
0.169
0.241
0.324
0.403
0.381
0.221
0.434
0.336
0.455
0.471
0.435
0.263
0.196
0.315
0.325
0.413
0.6
0.536
0.625
0.527
0.419
0.384
0.536
0.355
0.217
0.174
0.138
0.058
0.12
0.411
0.17
0.193
0.166
0.151
0.09
0.048
-0.128
-0.072
-0.203
-0.275
-0.239
-0.141
-0.191
-0.208
-0.301
-0.316
-0.32
-0.441
-0.383
-0.419
-0.642
-0.746
-0.855
-0.924
-0.686
-0.54
-0.471
-0.57
-0.569
-0.603
-0.636
-0.682
-0.816
-0.529
-0.49
-0.624
-0.564
-0.58
-0.635
-0.48
-0.25
-0.114
0.048
0.122
0.281
0.471
0.354
0.309
0.209
0.22
0.195
0.131
0.07
0.081
0.394
0.434
0.661
0.625
0.749
0.772
0.728
0.699
0.881
0.883
0.865
0.789
0.733
0.448
0.524
0.371
0.263
0.281
0.254
0.174
0.256
0.06
0.113
-0.009
0.064
-0.115
-0.001
-0.024
-0.124
-0.09
-0.001
0.022
-0.089
-0.219
-0.29
-0.069
0.014
-0.079
-0.154
-0.077
0.155
0.22
0.366
0.31
0.505
0.753
0.595
0.711
0.645
0.634
0.701
0.739
0.601
0.456
0.579
0.634
0.894
0.963
0.973
0.978
0.94
0.83
1.049
0.886
0.804
1.018
0.949
1.055
1.229
1.206
1.231
1.435
1.494
1.489
1.425
1.403
1.541
1.701
1.734
1.434
1.401
1.21
1.371
1.383
1.445
1.455
1.532
1.573
1.711
1.54
1.626
1.655
1.67
1.62
1.529
1.534
1.423
1.341
1.171
1.154
1.055
1.058
1.071
1.041
0.753
0.53
0.205
0.21
0.165
0.236
0.18
0.104
0.378
0.084
-0.084
-0.24
-0.38
-0.321
-0.384
-0.365
-0.515
-0.438
-0.585
-0.625
-0.484
-0.659
-0.659
-0.642
-0.699
-1.005
-0.991
-1.012
-1.015
-1.094
-1.191
-1.285
-1.184
-1.15
-1.203
-1.151
-1.121
-1.115
-1.222
-1.209
-1.117
-1.015
-1.157
-1.109
-1.006
-0.954
-0.791
-0.75
-0.719
-0.621
-0.557
-0.333
-0.143
-0.051
-0.086
-0.062
0.071
0.022
0.364
0.265
0.357
0.516
0.547
0.641
0.579
0.619
0.5
0.531
0.624
0.497
0.449
0.55
0.33
0.516
0.424
0.338
0.427
0.552
0.495
0.625
0.503
0.398
0.168
0.186
0.291
0.331
0.21
0.165
0.039
-0.044
-0.228
-0.352
-0.299
-0.461
-0.565
-0.799
-0.846
-0.874
-0.809
-0.819
-0.679
-0.604
-0.665
-0.825
-1.097
-1.014
-1.129
-1.101
-0.956
-1.15
-1.091
-1.075
-1.241
-1.24
-1.244
-1.113
-0.94
-0.879
-0.934
-0.662
-0.739
-0.642
-0.701
-0.777
-0.815
-0.831
-0.674
-0.565
-0.532
-0.54
-0.395
-0.29
-0.21
-0.311
-0.109
-0.208
-0.166
-0.249
-0.156
-0.122
-0.166
0.08
0.089
0.238
0.175
0.196
0.251
0.211
0.163
0.043
-0.055
0.219
-0.048
-0.163
-0.077
-0.471
-0.408
-0.555
-0.68
-0.826
-0.775
-0.844
-0.89
-0.876
-0.774
-0.709
-0.696
-0.664
-0.417
-0.486
-0.469
-0.471
-0.562
-0.621
-0.529
-0.672
-0.59
-0.403
-0.434
-0.393
-0.419
-0.245
-0.318
-0.224
0.069
0.033
0.251
0.205
0.161
0.328
0.299
0.52
0.606
0.735
0.733
0.49
0.55
0.225
0.16
0.264
0.144
0.115
0.29
0.278
0.209
0.255
0.265
0.156
0.409
0.094
0.194
0.23
0.001
0.052
-0.035
-0.034
0.171
0.366
0.371
0.375
0.212
0.211
0.331
0.265
0.398
0.411
0.646
0.581
0.5
0.492
0.372
0.421
0.432
0.274
0.151
0.223
0.19
0.016
0.044
-0.114
-0.284
0.022
0.154
0.173
0.508
0.354
0.323
0.413
0.499
0.309
0.394
0.374
0.501
0.55
0.621
0.496
0.546
0.459
0.574
0.245
0.215
0.035
0.29
0.456
0.401
0.479
0.455
0.344
0.369
0.306
0.359
0.374
0.292
0.07
0.265
0.366
0.26
0.375
0.364
0.425
0.514
0.456
0.487
0.555
0.916
0.769
0.777
0.946
0.704
0.804
0.728
0.894
1.125
1.383
1.46
1.518
1.386
1.387
1.28
1.424
1.401
1.341
1.222
1.188
1.044
1.11
1.14
0.951
1.163
0.865
0.777
0.805
0.784
0.504
0.598
0.5
0.515
0.19
-0.013
-0.201
-0.255
-0.297
-0.38
-0.434
-0.512
-0.644
-0.63
-0.555
-0.586
-0.623
-0.616
-0.527
-0.573
-0.629
-0.91
-0.97
-1.188
-1.216
-1.149
-1.165
-1.14
-1.319
-1.32
-1.198
-1.221
-1.177
-1.304
-1.333
-1.279
-1.22
-1.292
-1.113
-1.126
-0.985
-0.938
-0.765
-0.659
-0.599
-0.314
-0.509
-0.482
-0.515
-0.568
-0.604
-0.565
-0.304
-0.118
0.044
0.13
0.171
0.35
0.314
0.245
0.301
0.479
0.478
0.501
0.57
0.4
0.536
0.7
0.845
1.036
0.885
0.993
1.107
1.161
1.039
1.171
0.961
0.97
1.081
1.051
0.916
0.95
0.865
0.696
0.584
0.456
0.249
0.228
0.152
-0.086
-0.304
-0.51
-0.646
-0.691
-0.705
-0.568
-0.666
-0.828
-1.055
-1.068
-1.074
-0.899
-0.943
-1.071
-0.944
-0.93
-0.92
-0.966
-1.066
-1.171
-1.177
-1.13
-0.989
-0.726
-0.419
-0.309
-0.375
-0.296
-0.396
-0.369
-0.396
-0.369
-0.398
-0.238
0.077
-0.016
0.212
0.253
0.555
0.634
0.606
0.449
0.505
0.537
0.562
0.816
0.68
0.734
0.684
0.63
0.495
0.434
0.299
0.185
0.098
0.029
-0.113
-0.06
-0.331
-0.246
-0.194
-0.06
-0.14
-0.077
-0.054
-0.096
0.069
-0.022
0.147
-0.109
-0.115
0.134
0.154
0.176
0.152
0.041
0.214
0.225
0.176
0.134
-0.001
-0.09
-0.099
-0.156
-0.185
-0.065
0.048
0.025
-0.118
-0.085
-0.094
0.174
0.297
0.454
0.54
0.47
0.144
0.179
0.11
0.134
-0.119
-0.151
-0.253
-0.212
-0.326
-0.259
-0.286
-0.263
-0.312
-0.201
-0.504
-0.427
-0.375
-0.37
-0.539
-0.596
-0.711
-0.745
-0.818
-0.889
-0.994
-0.745
-0.858
-0.927
-1.06
-1.167
-1.231
-1.201
-1.105
-0.971
-0.909
-0.651
-0.266
-0.357
-0.335
-0.328
-0.283
-0.24
-0.126
-0.351
-0.378
-0.463
-0.475
-0.386
-0.396
-0.768
-0.631
-0.626
-0.583
-0.505
-0.508
-0.385
-0.125
-0.155
-0.146
-0.024
-0.158
-0.084
-0.055
-0.144
-0.23
-0.096
0.184
0.062
0.033
0.0
0.031
-0.196
-0.107
-0.169
-0.269
-0.199
-0.249
-0.205
-0.165
-0.025
-0.005
-0.116
0.009
0.251
0.38
0.288
0.522
0.504
0.44
0.51
0.411
0.44
0.522
0.565
0.601
0.388
0.245
-0.014
0.015
-0.154
-0.253
-0.195
-0.3
-0.338
-0.283
-0.224
-0.146
-0.174
-0.201
-0.209
-0.263
-0.175
-0.173
-0.198
-0.186
-0.155
-0.261
-0.159
-0.264
-0.062
-0.091
0.101
0.095
0.177
0.336
0.593
0.677
0.571
0.749
0.594
0.635
0.379
0.155
0.216
-0.035
-0.14
-0.089
-0.029
0.379
0.27
0.231
0.188
0.225
0.064
0.009
0.2
0.1
0.099
0.245
0.011
-0.044
-0.106
-0.13
-0.056
-0.152
-0.228
0.013
0.154
-0.009
0.35
0.255
0.468
0.411
0.674
0.71
0.69
0.619
0.603
0.835
0.54
0.584
0.441
0.52
0.508
0.445
0.499
0.356
0.408
0.354
0.496
0.416
0.383
0.349
0.164
0.12
-0.136
0.041
-0.059
0.006
-0.101
-0.24
-0.139
-0.352
-0.336
-0.393
-0.545
-0.413
-0.52
-0.598
-0.421
-0.383
-0.55
-0.787
-0.883
-0.961
-0.854
-0.819
-1.123
-1.084
-0.85
-1.125
-1.113
-1.147
-0.988
-0.829
-0.895
-0.771
-0.9
-0.699
-0.619
-0.389
-0.06
-0.079
-0.009
0.106
-0.01
0.181
0.056
0.311
0.193
0.104
-0.03
0.231
0.401
0.395
0.38
0.318
0.306
0.542
0.456
0.709
0.768
1.124
1.206
1.286
1.259
1.296
1.239
1.449
1.258
1.343
1.296
1.304
1.205
1.269
1.474
1.499
1.495
1.268
1.231
0.871
0.865
0.51
0.503
0.642
0.591
0.497
0.292
0.324
0.424
0.312
0.354
0.527
0.415
0.448
0.326
0.181
0.255
0.128
0.085
-0.024
0.106
0.075
0.045
0.13
0.035
-0.055
-0.126
-0.006
-0.03
0.168
0.44
0.395
0.656
0.566
0.588
0.41
0.318
0.426
0.328
0.413
0.247
-0.059
0.055
0.076
0.035
-0.088
-0.135
-0.214
0.035
-0.152
-0.131
-0.088
-0.119
0.006
0.119
0.154
-0.136
-0.098
-0.13
-0.371
-0.143
-0.254
-0.221
-0.426
-0.583
-0.746
-0.8
-0.729
-0.695
-0.889
-0.948
-0.934
-0.786
-0.969
-0.911
-0.976
-0.815
-0.593
-0.795
-0.672
-0.729
-0.675
-0.974
-0.881
-0.684
-0.72
-0.665
-0.696
-0.67
-0.432
-0.376
-0.554
-0.383
-0.22
-0.279
-0.043
0.113
0.206
0.161
0.062
0.058
-0.029
0.044
0.174
0.136
0.184
0.055
0.11
0.17
0.229
0.351
0.531
0.456
0.681
0.696
0.659
0.544
0.633
0.634
0.589
0.52
0.624
0.709
0.723
0.804
0.824
0.815
0.912
0.671
0.42
0.626
0.511
0.576
0.335
0.458
0.547
0.489
0.323
0.208
-0.016
0.028
-0.386
-0.481
-0.508
-0.554
-0.509
-0.635
-0.786
-0.864
-1.195
-1.073
-1.159
-1.139
-0.829
-0.758
-0.573
-0.581
-0.348
-0.36
-0.444
-0.166
-0.319
-0.335
-0.542
-0.339
-0.388
-0.107
0.028
0.181
0.253
0.504
0.557
0.691
0.731
0.669
0.772
0.656
0.598
0.56
0.573
0.55
0.427
0.245
0.158
0.055
0.04
0.174
0.438
0.32
0.328
0.359
0.253
0.291
0.38
0.253
0.336
0.164
0.128
0.231
0.149
0.266
0.436
0.475
0.36
0.284
0.211
0.216
0.205
0.241
0.32
0.515
0.323
0.163
-0.039
-0.195
-0.151
0.006
0.179
0.175
0.111
0.188
0.106
0.312
0.3
0.375
0.288
0.115
-0.333
-0.297
-0.238
-0.165
-0.069
-0.109
-0.3
-0.139
0.009
0.058
0.158
0.221
0.388
0.526
0.508
0.366
0.487
0.389
0.349
0.164
-0.028
0.147
-0.173
-0.21
-0.191
-0.101
-0.088
-0.297
-0.141
-0.424
-0.297
-0.289
-0.429
-0.274
-0.335
-0.21
-0.383
-0.453
-0.438
-0.391
-0.307
-0.386
-0.274
-0.206
-0.286
-0.315
-0.351
-0.229
-0.239
-0.145
-0.076
-0.005
0.005
0.015
0.21
-0.056
0.076
0.064
0.114
0.372
0.403
0.497
0.644
0.659
0.818
0.939
0.938
0.839
0.991
1.016
0.695
1.005
0.691
0.733
0.829
0.965
0.733
0.555
0.529
0.486
0.608
0.795
0.672
0.545
0.614
0.511
0.664
0.591
0.525
0.27
0.107
0.033
0.259
0.279
0.225
0.339
0.461
0.381
0.217
0.356
0.294
0.37
0.371
0.276
0.159
0.189
0.088
0.29
0.215
0.284
0.506
0.745
0.741
0.779
0.623
0.628
0.766
0.642
0.616
0.753
0.552
0.721
0.698
0.699
0.651
0.44
0.338
0.253
0.329
0.458
0.278
0.229
-0.088
-0.109
-0.164
-0.271
-0.404
-0.205
-0.372
-0.371
-0.512
-0.524
-0.385
-0.374
0.01
0.037
0.164
0.189
0.094
0.205
0.122
0.42
0.48
0.59
0.749
0.729
0.886
0.95
1.127
1.235
1.343
1.397
1.228
1.144
0.881
0.616
0.454
0.406
0.245
0.181
-0.095
0.028
-0.461
-0.532
-0.49
-0.716
-0.854
-0.906
-0.939
-0.828
-0.909
-0.993
-1.183
-1.235
-1.269
-1.357
-1.083
-1.281
-1.29
-1.357
-1.45
-1.334
-1.266
-1.256
-1.229
-1.262
-1.159
-1.068
-1.074
-1.06
-1.153
-1.079
-1.054
-1.115
-0.929
-0.983
-1.123
-1.171
-1.116
-1.131
-1.085
-0.994
-0.608
-0.735
-0.561
-0.584
-0.54
-0.455
-0.247
-0.264
-0.385
0.046
-0.106
-0.119
0.18
0.169
0.194
0.189
0.229
0.116
0.164
0.129
0.189
0.312
0.228
0.27
0.2
0.265
0.263
0.429
0.48
0.43
0.466
0.649
0.554
0.598
0.593
0.696
0.797
0.881
0.823
0.861
0.746
0.79
0.976
1.014
0.965
1.025
0.941
0.84
0.845
0.874
0.723
0.772
0.618
0.503
0.628
0.375
0.355
0.26
0.206
0.394
0.114
-0.029
-0.296
-0.501
-0.647
-0.589
-0.47
-0.494
-0.424
-0.247
-0.453
-0.532
-0.489
-0.475
-0.629
-0.642
-0.566
-0.662
-0.581
-0.436
-0.323
-0.328
-0.281
-0.191
-0.291
-0.555
-0.675
-0.505
-0.269
-0.104
-0.052
0.044
-0.028
-0.344
-0.175
-0.061
0.026
0.195
0.297
0.542
0.628
0.733
0.821
0.795
0.881
0.896
0.943
0.919
0.855
1.068
0.943
0.989
1.183
1.106
1.062
1.03
0.974
0.869
0.922
0.71
0.728
0.705
0.618
0.545
0.138
0.193
-0.06
0.004
-0.125
-0.075
-0.089
-0.075
-0.045
-0.306
-0.198
-0.44
-0.403
-0.409
-0.649
-0.492
-0.466
-0.431
-0.367
-0.515
-0.685
-0.814
-0.924
-1.009
-0.984
-1.004
-1.005
-1.069
-0.949
-1.021
-0.819
-0.809
-0.802
-0.895
-1.002
-0.956
-1.198
-0.991
-0.883
-0.911
-0.759
-0.515
-0.422
-0.333
-0.339
-0.571
-0.529
-0.709
-0.699
-0.595
-0.49
-0.615
-0.749
-0.807
-0.66
-0.589
-0.6
-0.584
-0.473
-0.292
-0.499
-0.357
-0.254
0.001
0.019
0.274
0.223
0.186
0.301
0.195
0.299
0.297
0.395
0.398
0.474
0.68
0.517
0.594
0.61
0.48
0.515
0.316
0.335
0.242
-0.061
0.201
-0.095
-0.11
-0.221
-0.302
-0.372
-0.695
-0.93
-0.755
-0.716
-0.869
-0.901
-1.062
-0.946
-1.374
-1.57
-1.485
-1.506
-1.308
-1.397
-1.01
-0.841
-0.731
-0.7
-0.639
-0.425
-0.264
-0.23
-0.241
-0.091
-0.058
-0.054
0.099
0.247
0.388
0.374
0.494
0.381
0.434
0.446
0.478
0.376
0.217
0.2
-0.016
-0.041
0.005
0.141
0.297
0.401
0.782
0.621
0.486
0.335
0.147
0.113
0.191
0.238
0.19
0.307
0.344
0.389
0.296
0.229
0.231
0.241
0.446
0.45
0.422
0.21
0.168
0.233
0.059
0.389
0.195
0.005
0.163
0.138
0.26
0.24
0.3
0.3
0.374
0.154
0.113
0.138
0.106
0.175
0.069
0.296
0.422
0.45
0.779
0.73
0.859
0.816
0.868
0.754
0.818
0.647
0.83
0.535
0.868
0.812
0.932
0.774
0.755
0.633
0.58
0.38
0.326
0.508
0.537
0.445
0.325
0.246
0.181
0.357
0.335
0.421
0.554
0.529
0.628
0.749
0.374
0.421
-0.092
0.083
0.144
0.014
-0.201
0.177
0.116
0.101
0.301
0.486
0.561
0.561
0.606
0.634
0.466
0.413
0.376
0.284
0.03
0.085
-0.111
0.085
0.009
-0.147
0.043
-0.119
-0.177
-0.32
-0.374
-0.481
-0.364
-0.438
-0.439
-0.44
-0.492
-0.453
-0.501
-0.529
-0.544
-0.385
-0.371
-0.31
-0.219
-0.184
-0.165
-0.135
-0.094
0.09
0.043
0.203
0.455
0.203
0.338
0.425
0.453
0.386
0.427
0.386
0.403
0.305
0.359
0.401
0.383
0.427
0.416
0.588
0.645
0.721
0.629
0.691
0.647
0.68
0.736
0.335
0.45
0.424
0.343
0.126
0.223
0.32
0.376
0.362
0.38
0.449
0.374
0.482
0.539
0.435
0.245
0.292
0.55
0.775
0.904
0.758
0.446
0.264
0.195
-0.006
0.106
0.176
0.054
0.058
-0.168
-0.554
-0.669
-0.69
-0.589
-0.598
-0.655
-0.626
-0.408
-0.755
-0.874
-0.963
-0.981
-0.781
-0.821
-0.689
-0.706
-0.685
-0.43
-0.348
-0.211
-0.321
-0.225
-0.246
-0.32
-0.258
-0.381
-0.625
-0.425
-0.487
-0.435
-0.098
-0.151
-0.15
-0.171
-0.364
-0.456
-0.441
-0.306
-0.339
-0.205
-0.119
-0.075
-0.181
-0.059
0.004
0.024
0.158
0.219
0.286
0.307
0.246
0.323
0.203
0.261
0.365
0.323
0.339
0.24
0.432
0.743
0.946
0.998
1.074
1.061
0.889
0.936
0.777
0.716
0.649
0.656
0.36
0.441
0.288
0.194
0.256
0.166
0.084
-0.028
-0.295
-0.275
-0.096
-0.033
0.045
0.001
0.126
0.019
-0.083
-0.129
-0.116
-0.307
-0.321
-0.443
-0.439
-0.408
-0.173
-0.013
0.016
0.14
0.09
0.116
0.246
0.039
0.297
0.435
0.449
0.158
0.084
0.171
0.151
0.223
0.149
0.259
0.196
0.081
0.18
0.103
-0.08
-0.052
-0.125
-0.171
-0.367
-0.509
-0.819
-0.819
-0.861
-0.616
-0.6
-0.44
-0.638
-0.749
-0.72
-1.107
-0.931
-0.932
-0.807
-0.901
-0.74
-0.631
-0.624
-0.64
-0.436
-0.56
-0.531
-0.281
-0.199
-0.366
-0.403
-0.556
-0.639
-0.902
-0.921
-0.989
-1.014
-1.041
-1.089
-0.878
-0.797
-0.62
-0.708
-0.826
-1.169
-1.171
-1.131
-1.078
-1.015
-1.045
-1.115
-1.001
-1.029
-1.056
-0.993
-0.941
-1.183
-1.131
-1.222
-1.124
-0.924
-0.891
-0.864
-0.768
-0.611
-0.661
-0.626
-0.657
-0.718
-0.506
-0.48
-0.283
-0.12
-0.02
0.398
0.396
0.534
0.546
0.466
0.529
0.647
0.651
0.92
1.022
1.14
1.173
1.289
1.124
1.276
1.194
1.294
1.281
1.183
1.135
0.879
0.836
1.091
1.1
0.971
1.143
1.075
1.26
1.123
1.258
1.208
1.164
0.845
0.595
0.539
0.471
0.411
0.573
0.459
0.446
0.258
0.035
-0.096
-0.055
0.076
0.021
-0.009
-0.009
-0.059
-0.048
-0.096
0.049
0.069
0.139
0.044
0.238
0.164
0.299
0.458
0.525
0.579
0.469
0.539
0.656
0.606
0.713
0.79
0.96
0.914
0.906
0.966
1.029
1.199
1.137
1.264
1.308
1.278
1.266
1.262
1.109
1.06
0.998
0.709
0.51
0.33
0.47
0.47
0.485
0.499
0.516
0.421
0.033
-0.26
-0.283
-0.504
-0.534
-0.626
-0.701
-0.46
-0.723
-0.713
-0.7
-0.777
-0.839
-0.812
-0.839
-1.014
-0.919
-1.068
-1.185
-1.328
-1.421
-1.525
-1.441
-1.265
-1.07
-0.925
-0.78
-0.679
-0.48
-0.434
-0.62
-0.404
-0.362
-0.486
-0.475
-0.445
-0.581
-0.647
-0.922
-0.917
-1.215
-0.853
-0.711
-0.79
-0.667
-0.738
-0.795
-1.029
-1.039
-1.151
-1.441
-1.56
-1.482
-1.33
-1.236
-1.085
-1.33
-1.406
-1.369
-1.387
-1.272
-1.193
-0.96
-0.716
-0.6
-0.31
-0.159
0.05
0.256
0.424
0.398
0.33
0.441
0.443
0.511
0.556
0.716
0.879
0.88
0.739
0.79
0.984
0.954
0.834
0.876
0.74
0.818
0.789
0.593
0.506
0.456
0.284
0.311
0.201
0.077
0.511
0.357
0.328
-0.013
-0.07
-0.161
-0.328
-0.384
-0.521
-0.623
-0.519
-0.569
-0.58
-0.545
-0.379
-0.335
-0.296
-0.461
-0.406
-0.444
-0.57
-0.711
-0.704
-0.698
-0.698
-0.58
-0.427
0.034
0.259
0.443
0.751
0.968
0.949
1.05
1.213
1.059
1.211
1.13
1.23
1.318
1.472
1.276
1.215
1.374
1.405
1.714
1.673
1.811
1.935
2.001
2.172
2.268
2.268
2.296
2.061
2.23
2.104
2.044
2.016
1.986
1.843
1.596
1.53
1.641
1.541
1.414
1.189
0.938
0.631
0.494
