-0.393
-0.383
-0.309
-0.398
-0.362
-0.406
-0.238
-0.439
-0.621
-0.588
-0.522
-0.408
-0.275
-0.276
-0.049
0.074
0.039
0.009
-0.028
-0.046
-0.39
-0.461
-0.346
-0.458
-0.365
-0.241
-0.28
-0.199
-0.059
-0.02
-0.103
-0.181
-0.296
-0.121
-0.266
-0.328
-0.445
-0.214
-0.08
-0.135
0.11
0.158
0.436
0.35
0.456
0.686
0.667
0.666
0.618
0.769
0.789
0.883
0.886
0.925
0.995
0.843
0.824
0.802
0.838
0.669
0.716
0.772
0.769
0.562
0.532
0.478
0.549
0.354
0.379
0.375
0.263
0.388
0.3
0.174
0.014
0.32
-0.024
0.098
-0.116
-0.209
-0.135
-0.055
-0.228
-0.448
-0.445
-0.328
-0.362
-0.41
-0.333
-0.336
0.011
-0.004
-0.019
0.104
-0.028
0.092
0.071
0.105
0.071
0.211
0.22
0.374
0.403
0.369
0.443
0.591
0.576
0.399
0.395
0.344
0.385
0.33
0.519
0.545
0.581
0.713
0.641
0.676
0.728
0.609
0.425
0.409
0.43
0.415
0.259
0.517
0.247
0.034
0.01
0.1
0.196
0.348
0.225
0.209
0.226
0.19
0.1
0.129
0.015
-0.09
-0.011
-0.138
0.113
0.043
0.184
0.136
0.046
-0.044
-0.145
-0.235
-0.155
-0.283
-0.325
-0.26
-0.205
-0.195
-0.159
-0.15
-0.119
-0.18
-0.13
-0.088
-0.072
-0.096
0.031
-0.096
0.026
-0.006
-0.1
-0.208
-0.083
-0.021
0.074
0.151
0.138
0.361
0.33
0.371
0.281
0.233
0.215
0.193
0.361
0.35
0.443
0.487
0.555
0.652
0.804
0.805
0.929
0.981
0.995
1.018
1.052
1.214
1.091
1.074
1.167
1.205
1.161
0.943
0.917
0.84
1.183
1.316
1.373
1.288
1.107
0.986
0.812
0.655
0.621
0.645
0.491
0.173
0.115
-0.005
0.006
-0.009
-0.054
-0.007
-0.175
-0.089
-0.302
-0.152
-0.384
-0.351
-0.31
-0.492
-0.408
-0.609
-0.74
-0.44
-0.544
-0.485
-0.551
-0.307
-0.307
-0.241
-0.22
-0.31
-0.35
-0.261
-0.005
0.058
0.003
0.016
0.11
0.285
0.414
0.37
0.346
0.544
0.556
0.404
0.515
0.31
0.43
0.379
0.385
0.416
0.531
0.289
0.311
0.302
-0.003
0.171
0.043
-0.041
-0.022
-0.111
-0.24
-0.244
-0.378
-0.348
-0.605
-0.534
-0.384
-0.52
-0.445
-0.381
-0.36
-0.569
-0.638
-0.755
-0.853
-0.834
-0.89
-0.922
-0.78
-0.835
-0.991
-0.85
-0.94
-0.885
-0.859
-0.9
-0.865
-0.879
-0.801
-0.802
-0.652
-0.925
-0.838
-0.711
-0.774
-0.745
-0.694
-0.333
-0.295
-0.314
-0.389
-0.515
-0.691
-0.59
-0.555
-0.487
-0.73
-0.845
-0.689
-0.49
-0.552
-0.473
-0.551
-0.374
-0.584
-0.589
-0.524
-0.459
-0.404
-0.381
-0.3
-0.215
-0.233
-0.048
0.013
0.217
0.189
0.278
0.357
0.436
0.735
0.939
1.079
1.059
1.3
1.314
1.425
1.367
1.4
1.551
1.568
1.756
1.839
1.968
2.135
2.147
2.249
2.154
2.186
2.013
1.854
1.704
1.665
1.623
1.594
1.521
1.46
1.109
0.971
0.846
0.642
0.77
0.56
0.694
0.314
0.205
-0.018
-0.07
-0.242
-0.414
-0.53
-0.606
-0.792
-0.89
-0.98
-0.971
-1.081
-0.995
-0.929
-0.958
-0.806
-0.811
-0.905
-0.873
-1.054
-1.07
-0.886
-0.789
-0.69
-0.466
-0.384
-0.381
-0.323
-0.165
-0.169
-0.072
-0.064
0.065
0.268
0.356
0.328
0.324
0.312
0.408
0.291
0.341
0.357
0.42
0.388
0.463
0.312
0.184
-0.044
0.045
-0.214
-0.184
-0.126
0.014
0.139
-0.15
-0.092
-0.398
-0.181
-0.301
-0.406
-0.278
-0.271
-0.212
-0.432
-0.209
-0.158
-0.006
0.048
0.04
0.174
0.285
0.291
0.33
0.289
0.206
-0.071
0.086
0.104
0.226
0.279
0.055
0.154
-0.015
-0.043
0.051
0.231
0.154
0.294
0.396
0.135
0.229
0.105
0.077
-0.019
0.101
0.025
-0.092
-0.352
-0.219
-0.491
-0.516
-0.398
-0.666
-0.499
-0.768
-0.865
-0.906
-1.055
-1.064
-1.0
-0.888
-0.956
-0.894
-0.897
-0.786
-0.746
-0.705
-0.475
-0.365
-0.403
-0.367
-0.401
-0.494
-0.42
-0.575
-0.497
-0.38
-0.417
-0.479
-0.409
-0.515
-0.485
-0.549
-0.619
-0.519
-0.66
-0.64
-0.378
-0.219
-0.007
0.099
0.226
0.193
0.215
0.133
0.247
0.1
0.024
0.275
0.111
0.14
0.122
0.131
0.348
0.271
0.244
0.163
0.151
0.062
0.077
0.116
0.126
0.221
0.076
0.022
-0.168
-0.171
-0.114
-0.035
-0.106
-0.114
0.044
0.186
0.139
0.121
0.009
0.001
-0.06
-0.111
-0.182
-0.24
-0.208
-0.225
-0.314
-0.292
-0.444
-0.465
-0.28
-0.205
-0.104
-0.077
-0.07
-0.084
-0.186
-0.099
-0.312
-0.21
-0.39
-0.307
-0.427
-0.491
-0.461
-0.62
-0.393
-0.234
-0.124
0.018
-0.071
0.092
0.186
0.221
0.348
0.151
0.3
0.242
0.355
0.229
0.309
0.331
0.238
0.103
0.166
0.158
0.191
0.288
0.264
0.088
-0.014
-0.095
-0.177
-0.297
-0.345
-0.455
-0.499
-0.679
-0.669
-0.864
-0.801
-1.095
-0.878
-0.915
-1.038
-1.089
-1.16
-1.284
-1.094
-0.95
-0.938
-0.744
-0.945
-0.945
-0.924
-0.693
-0.777
-0.755
-0.398
-0.47
-0.331
-0.349
-0.408
-0.253
-0.38
-0.2
-0.346
-0.311
-0.515
-0.388
-0.266
-0.305
-0.43
-0.375
-0.1
-0.219
-0.075
-0.037
-0.14
-0.103
-0.114
-0.208
-0.015
-0.001
0.176
0.323
0.453
0.574
0.78
0.753
0.718
10.332
10.332
0.652
0.92
0.818
0.902
0.911
0.799
0.719
0.578
0.598
0.166
0.049
-0.033
-0.076
-0.056
-0.014
-0.179
-0.249
-0.341
-0.504
-0.57
-0.422
-0.36
-0.184
-0.064
-0.033
-0.029
-0.096
-0.201
-0.188
-0.264
-0.096
-0.101
-0.043
0.039
0.025
0.019
0.109
0.316
0.446
0.718
0.651
0.774
0.756
0.985
0.969
0.976
1.036
1.038
1.049
1.016
0.978
0.919
0.774
0.806
0.728
0.709
0.68
0.621
0.684
0.486
0.586
0.739
0.698
0.688
0.723
0.63
0.519
0.596
0.859
0.878
0.914
0.849
0.68
0.581
0.537
0.448
0.555
0.591
0.524
0.376
0.23
0.294
0.06
-0.033
-0.118
-0.104
-0.152
-0.265
-0.134
-0.009
0.006
0.139
0.155
0.086
0.026
-0.021
0.004
0.049
0.021
-0.092
-0.154
-0.214
-0.24
-0.24
-0.315
-0.339
-0.318
-0.375
-0.143
-0.292
-0.223
-0.289
-0.247
-0.203
-0.007
0.051
0.089
0.323
0.3
0.239
0.307
0.431
0.463
0.599
0.642
0.542
0.334
0.416
0.254
0.209
0.105
0.055
0.103
-0.07
0.089
0.048
0.306
0.42
0.421
0.435
0.305
0.245
0.025
-0.019
-0.264
-0.278
-0.366
-0.419
-0.338
-0.46
-0.482
-0.688
-0.755
-0.919
-0.954
-0.671
-0.657
-0.585
-0.455
-0.754
-0.565
-0.479
-0.224
-0.116
-0.095
0.013
0.199
0.128
0.311
0.319
0.427
0.659
0.698
0.671
0.512
0.434
0.649
0.711
0.785
0.809
0.791
0.636
0.618
0.656
0.456
0.628
0.66
0.739
0.733
0.606
0.512
0.468
0.469
0.42
0.509
0.212
0.362
0.386
0.176
0.126
0.133
0.041
0.094
0.007
-0.421
-0.316
-0.285
-0.265
0.058
0.039
0.007
0.135
0.163
-0.154
-0.145
-0.233
-0.258
-0.069
0.205
0.388
0.478
0.568
0.866
0.73
0.72
0.785
0.639
0.735
0.777
0.666
0.565
0.649
0.64
0.555
0.605
0.525
0.448
0.525
0.734
0.797
0.781
0.735
0.83
0.713
0.695
0.47
0.158
0.393
0.254
0.203
0.096
-0.129
-0.004
-0.022
-0.029
-0.185
-0.295
-0.18
-0.072
-0.399
-0.217
-0.438
-0.481
-0.384
-0.376
-0.344
-0.638
-0.535
-0.594
-0.614
-0.768
-0.984
-0.943
-1.147
-1.115
-1.404
-1.38
-1.284
-1.353
-1.554
-1.33
-1.31
-1.14
-1.002
-1.08
-0.865
-0.784
-0.723
-0.656
-0.544
-0.466
-0.198
-0.089
-0.026
0.294
0.525
0.621
0.826
0.779
0.751
0.669
0.662
0.919
0.856
0.806
0.869
1.14
1.009
1.289
0.883
0.833
0.774
0.626
0.593
0.471
0.491
0.469
0.466
0.455
0.495
0.369
0.401
0.479
0.404
0.383
0.334
0.396
0.36
0.349
0.408
0.403
0.339
0.241
0.285
0.059
-0.121
0.035
0.01
0.034
0.19
0.314
0.085
0.291
0.163
0.225
0.208
0.09
0.134
0.098
0.182
0.259
0.326
0.393
0.45
0.422
0.349
0.239
0.004
0.029
-0.32
-0.069
-0.026
0.11
0.219
0.191
0.013
-0.109
-0.355
-0.39
-0.532
-0.618
-0.583
-0.48
-0.845
-0.76
-0.775
-0.705
-0.583
-0.701
-0.704
-0.81
-1.052
-0.979
-0.973
-0.919
-0.975
-0.851
-0.785
-0.843
-0.805
-0.768
-0.889
-0.939
-0.84
-0.839
-0.605
-0.453
-0.48
-0.393
-0.494
-0.395
-0.291
-0.206
-0.199
-0.226
-0.23
-0.179
-0.208
-0.066
-0.196
-0.084
-0.128
-0.034
0.004
0.028
-0.009
-0.035
-0.006
0.083
0.13
0.058
-0.007
0.181
0.059
0.041
0.044
-0.016
-0.12
-0.06
-0.409
-0.366
-0.393
-0.545
-0.505
-0.451
-0.4
-0.333
-0.22
-0.269
-0.336
-0.163
-0.292
0.029
-0.03
-0.19
-0.099
-0.236
-0.305
-0.544
-0.551
-0.656
-0.604
-0.419
-0.509
-0.542
-0.471
-0.265
-0.314
-0.013
0.01
-0.239
-0.209
-0.141
-0.177
-0.307
-0.242
-0.324
-0.465
-0.616
-0.619
-0.534
-0.527
-0.509
-0.603
-0.398
-0.184
-0.091
0.069
0.264
0.254
0.314
0.259
0.289
0.208
0.306
0.431
0.427
0.512
0.596
0.733
0.796
0.904
0.931
0.914
0.853
0.784
0.876
0.991
0.941
1.008
1.015
1.078
1.221
1.204
1.143
1.208
1.39
1.103
1.386
1.288
1.286
1.029
0.943
1.0
0.921
0.791
0.899
0.996
0.735
0.586
0.325
0.124
0.076
0.184
0.141
0.107
0.168
0.141
0.23
-0.022
-0.181
-0.221
-0.318
-0.164
-0.244
-0.195
-0.06
-0.107
-0.037
0.036
0.12
0.014
0.114
0.066
0.151
0.194
0.194
0.328
0.189
0.201
0.284
0.273
0.225
0.043
-0.011
0.031
0.081
0.05
0.179
-0.171
-0.154
-0.326
-0.318
-0.27
-0.295
-0.36
-0.375
-0.2
-0.155
-0.076
-0.039
-0.099
-0.134
-0.074
-0.114
-0.346
-0.391
-0.509
-0.552
-0.591
-0.411
-0.512
-0.401
-0.55
-0.654
-0.789
-0.713
-0.532
-0.36
-0.094
0.025
0.17
0.333
0.487
0.52
0.594
0.624
0.573
0.593
0.626
0.524
0.53
0.491
0.319
0.209
0.278
0.168
-0.143
0.024
-0.135
-0.071
-0.296
-0.051
-0.049
-0.165
-0.26
-0.261
-0.085
-0.479
-0.384
-0.614
-0.326
-0.361
-0.393
-0.326
-0.228
-0.189
-0.284
-0.121
-0.234
-0.215
-0.216
-0.163
-0.099
-0.191
-0.214
-0.263
-0.143
-0.261
-0.312
-0.265
-0.211
0.028
-0.001
-0.131
-0.225
-0.206
-0.278
-0.171
-0.36
-0.27
-0.495
-0.598
-0.63
-0.725
-0.67
-0.705
-0.736
-0.391
-0.585
-0.61
-0.671
-0.593
-0.398
-0.288
-0.007
0.033
0.256
0.425
0.28
0.393
0.366
0.334
0.095
0.135
0.384
0.365
0.559
0.676
0.709
0.881
0.968
0.94
0.925
0.662
0.807
0.774
0.736
0.465
0.396
0.434
0.216
-0.015
0.048
0.205
0.406
0.393
0.369
0.603
0.539
0.461
0.394
0.352
0.38
0.13
0.055
0.095
-0.11
0.125
0.106
0.185
0.184
0.276
0.389
0.439
0.541
0.565
0.626
0.485
0.456
0.138
0.048
-0.107
0.036
0.013
0.099
0.111
-0.089
-0.043
-0.041
-0.045
-0.091
0.04
0.106
-0.054
0.011
0.226
0.013
0.331
0.39
0.601
0.505
0.63
0.49
0.383
0.401
0.33
0.37
0.321
0.23
0.181
-0.085
-0.139
-0.212
-0.403
-0.464
-0.618
-0.9
-0.651
-1.104
-0.97
-1.026
-1.285
-1.366
-1.67
-1.562
-1.583
-1.538
-1.445
-1.625
-1.501
-1.325
-1.355
-1.369
-1.028
-0.82
-0.769
-0.738
-0.704
-0.564
-0.636
-0.24
-0.089
0.071
0.075
0.19
0.235
0.158
0.292
0.333
0.394
0.655
0.633
1.075
1.075
1.052
1.24
1.211
1.056
1.056
1.005
0.958
0.835
0.901
0.807
0.901
0.983
0.889
0.917
0.499
0.517
0.274
0.198
0.098
0.164
0.066
0.065
0.085
0.186
0.101
0.312
0.535
0.466
0.468
0.289
0.345
0.45
0.557
0.581
0.699
0.72
0.645
0.421
0.621
0.539
0.506
0.64
0.774
0.807
0.912
0.983
0.863
1.045
0.924
0.836
0.739
0.699
0.675
0.646
0.527
0.473
0.39
0.421
0.394
0.242
-0.031
-0.247
-0.33
-0.139
-0.216
-0.166
-0.122
-0.261
-0.395
-0.415
-0.616
-0.542
-0.465
-0.399
-0.339
-0.385
-0.264
0.05
0.045
-0.147
-0.119
-0.133
0.014
0.1
-0.077
-0.182
-0.076
0.031
0.048
0.058
-0.048
-0.159
-0.23
-0.107
-0.105
-0.052
-0.033
-0.171
0.16
0.19
0.026
0.026
0.188
0.283
0.168
0.312
0.171
0.19
0.124
0.106
0.144
0.255
0.07
0.199
-0.109
-0.124
-0.239
-0.56
-0.556
-0.269
-0.275
-0.2
-0.245
-0.386
-0.446
-0.514
-0.261
-0.448
-0.539
-0.552
-0.414
-0.278
-0.145
-0.07
-0.045
-0.16
-0.024
-0.079
-0.166
-0.168
-0.217
-0.254
-0.139
-0.091
0.026
0.071
0.182
0.288
0.25
0.169
0.094
0.145
0.242
0.301
0.386
0.155
0.316
0.33
0.318
0.169
0.217
0.264
0.212
0.315
0.02
-0.016
0.044
-0.029
0.07
-0.061
0.005
0.026
0.099
0.295
0.42
0.598
0.699
0.672
0.589
0.585
0.54
0.529
0.559
0.356
0.289
0.17
0.003
-0.098
-0.17
-0.274
-0.16
-0.041
0.048
0.003
-0.085
-0.125
-0.04
-0.046
-0.113
-0.18
-0.156
-0.259
-0.233
-0.26
-0.319
-0.588
-0.777
-0.909
-1.111
-1.286
-1.417
-1.282
-1.136
-1.088
-1.203
-1.094
-1.011
-0.948
-0.932
-0.805
-0.676
-0.55
-0.481
-0.301
-0.32
-0.198
-0.09
-0.198
-0.226
0.03
0.14
0.279
0.414
0.478
0.396
0.299
0.203
0.052
0.138
0.007
-0.058
-0.071
0.094
-0.051
-0.004
-0.115
0.122
-0.101
0.044
0.014
-0.026
0.176
-0.083
-0.171
-0.184
-0.226
-0.065
-0.015
0.169
0.255
0.296
0.378
0.419
0.526
0.388
0.323
0.325
0.315
0.297
0.096
0.154
0.306
0.271
0.214
0.398
0.599
0.441
0.388
0.269
0.496
0.401
0.386
0.511
0.299
0.256
0.036
-0.1
-0.33
-0.323
-0.221
-0.139
-0.106
-0.095
-0.055
0.071
0.182
0.275
0.312
0.376
0.469
0.444
0.534
0.522
0.314
0.51
0.455
0.764
0.806
0.682
0.758
0.838
0.944
0.915
1.051
0.988
0.786
0.936
1.055
0.998
1.031
0.907
1.127
1.001
0.993
1.127
1.135
1.054
0.978
0.912
0.935
0.927
0.969
1.036
0.929
0.868
0.885
0.897
0.902
0.763
0.736
0.506
0.511
0.206
0.006
-0.064
-0.2
-0.161
-0.285
-0.219
-0.288
-0.379
-0.408
-0.432
-0.482
-0.474
-0.704
-0.706
-0.865
-1.011
-1.004
-1.099
-1.126
-1.125
-0.907
-1.011
-0.86
-0.736
-0.561
-0.568
-0.461
-0.503
-0.608
-0.487
-0.461
-0.662
-0.681
-0.646
-0.554
-0.429
-0.269
-0.199
-0.037
-0.211
-0.278
-0.374
-0.367
-0.165
-0.181
-0.037
-0.091
-0.144
-0.079
0.24
0.36
0.45
0.453
0.714
0.595
0.639
0.636
0.496
0.655
0.62
0.76
0.802
0.706
0.696
0.57
0.664
0.787
0.848
0.912
0.981
1.258
0.894
0.94
0.848
0.878
0.771
0.761
0.634
0.63
0.844
0.954
1.018
1.064
0.998
0.925
0.805
0.699
0.554
0.41
0.492
0.203
0.171
0.134
-0.014
-0.27
-0.512
-0.517
-0.756
-0.876
-0.929
-1.147
-1.221
-1.365
-1.135
-1.137
-1.204
-1.314
-1.331
-1.367
-1.426
-1.411
-1.336
-1.183
-1.044
-0.897
-0.979
-0.8
-0.787
-0.677
-0.601
-0.525
-0.786
-0.646
-0.606
-0.633
-0.753
-0.701
-0.614
-0.571
-0.376
-0.258
-0.273
-0.077
-0.06
-0.215
-0.354
-0.343
-0.405
-0.158
-0.028
0.041
0.136
0.014
-0.07
-0.179
-0.159
-0.02
-0.048
-0.03
0.126
0.081
-0.174
-0.163
-0.365
-0.468
-0.468
-0.385
-0.251
-0.388
-0.357
-0.394
-0.343
-0.44
-0.52
-0.376
-0.339
-0.239
-0.091
0.092
0.071
0.215
-0.128
-0.01
0.069
0.144
0.208
0.19
0.23
0.165
0.133
0.118
0.312
0.427
0.283
0.214
0.075
-0.013
-0.175
-0.256
-0.292
-0.26
-0.201
-0.173
-0.263
-0.54
-0.596
-0.454
-0.288
-0.103
0.081
-0.07
-0.055
0.003
0.118
0.174
0.13
0.144
0.415
0.355
0.115
0.011
0.152
0.316
0.375
0.464
0.295
0.57
0.446
0.399
0.394
0.385
0.21
0.212
-0.15
-0.269
-0.38
-0.319
-0.283
-0.158
0.17
0.089
0.071
0.11
-0.007
-0.007
-0.02
0.121
0.092
0.261
0.357
0.236
0.269
0.231
0.199
0.134
0.369
0.386
0.335
0.294
0.176
0.131
-0.009
0.092
-0.118
0.146
0.19
0.245
0.074
0.095
-0.099
0.184
0.263
0.366
0.314
0.2
0.139
0.393
0.406
0.579
0.484
0.941
0.764
0.835
0.642
0.716
0.438
0.338
0.419
0.44
0.28
0.145
0.171
0.146
0.18
0.159
0.206
0.256
0.367
0.444
0.421
0.281
0.415
0.297
0.26
0.195
-0.061
-0.004
-0.046
-0.01
0.016
-0.018
0.095
0.166
0.235
0.221
0.184
-0.022
0.03
0.004
-0.086
-0.119
0.055
0.105
0.275
0.279
0.191
0.088
0.163
0.12
0.163
0.372
0.15
0.124
0.258
0.485
0.504
0.75
0.706
0.879
0.946
1.083
1.28
1.366
1.275
1.031
0.88
0.834
0.801
0.915
0.845
0.896
0.81
0.889
0.844
1.066
0.905
0.799
0.741
0.466
0.517
0.339
0.285
0.301
0.27
0.361
0.084
0.07
-0.055
-0.09
-0.201
-0.338
-0.441
-0.495
-0.703
-0.777
-0.711
-0.766
-0.766
-0.782
-0.886
-0.705
-0.823
-0.765
-0.922
-0.976
-1.096
-1.071
-1.154
-1.406
-1.363
-1.435
-1.356
-1.475
-1.673
-1.654
-1.356
-1.159
-0.931
-0.968
-0.809
-0.995
-0.974
-0.919
-0.823
-0.766
-0.645
-0.391
-0.264
-0.17
-0.13
0.005
-0.06
0.071
0.005
0.244
0.315
0.45
0.381
0.487
0.583
0.486
0.506
0.512
0.591
0.618
0.44
0.405
0.398
0.301
0.361
0.328
0.039
0.013
-0.185
-0.325
-0.259
-0.185
-0.311
-0.295
-0.179
-0.263
-0.22
-0.175
-0.155
-0.255
-0.424
-0.349
-0.378
-0.484
-0.398
-0.383
-0.369
-0.399
-0.524
-0.522
-0.56
-0.6
-0.603
-0.461
-0.536
-0.501
-0.584
-0.455
-0.381
-0.216
-0.247
-0.302
0.051
-0.022
0.064
-0.062
-0.086
0.043
0.16
0.071
-0.031
-0.01
-0.151
-0.226
-0.326
-0.126
-0.121
0.122
0.182
0.131
-0.105
-0.231
-0.225
-0.273
-0.276
-0.384
-0.301
-0.16
-0.001
0.105
0.169
0.508
0.435
0.201
0.175
0.184
0.107
0.372
0.494
0.698
1.008
0.925
0.921
0.873
1.159
1.379
1.494
1.593
1.679
1.841
1.677
1.413
1.47
1.357
1.339
1.213
1.165
1.14
1.143
0.956
1.052
0.836
0.714
0.559
0.393
0.396
0.025
-0.059
0.035
-0.133
-0.253
-0.177
-0.185
-0.109
-0.244
-0.376
-0.416
-0.362
-0.195
-0.223
-0.159
-0.254
-0.584
-0.519
-0.565
-0.608
-0.79
-0.581
-0.797
-0.719
-0.741
-0.715
-0.52
-0.406
-0.285
-0.155
-0.021
0.051
0.165
0.215
0.381
0.456
0.399
0.279
0.261
0.386
0.3
0.42
0.633
0.608
0.679
0.806
0.676
0.466
0.326
0.458
0.173
0.254
0.074
0.096
0.085
0.118
0.22
0.362
0.369
0.249
0.31
0.39
0.195
0.071
-0.095
-0.163
-0.195
-0.48
-0.311
-0.311
-0.53
-0.434
-0.594
-0.739
-0.819
-0.949
-0.75
-0.894
-0.81
-0.641
-0.516
-0.581
-0.552
-0.638
-0.647
-0.718
-0.944
-0.69
-0.676
-0.664
-0.63
-0.45
-0.599
-0.647
-0.67
-0.745
-0.414
-0.511
-0.713
-0.724
-1.038
-0.68
-0.649
-0.606
-0.495
-0.649
-0.419
-0.374
-0.324
-0.378
-0.414
0.007
0.005
-0.019
0.044
-0.326
-0.096
-0.104
0.08
0.058
0.146
0.453
0.449
0.766
0.859
0.776
0.839
0.635
0.744
0.755
0.674
0.745
0.966
0.901
0.86
0.925
0.959
0.735
0.699
0.681
0.66
0.838
0.944
1.113
1.268
1.239
1.091
1.306
0.989
1.271
0.825
0.768
0.9
1.113
1.012
0.915
0.91
0.816
0.858
0.911
0.786
0.851
0.841
0.738
0.763
0.504
0.295
0.401
0.611
0.655
0.649
0.606
0.501
0.261
