0.328
0.388
0.395
0.485
0.586
0.461
0.427
0.266
0.144
0.01
-0.058
0.098
-0.1
-0.339
-0.478
-0.378
-0.511
-0.393
-0.182
-0.177
-0.604
-0.269
-0.26
-0.238
-0.25
-0.343
-0.306
-0.371
-0.07
-0.096
-0.083
-0.128
0.088
0.401
0.216
-0.052
-0.103
-0.14
-0.033
-0.011
0.113
0.188
0.098
0.372
0.177
0.216
0.124
0.065
-0.021
0.019
0.135
0.072
0.089
0.22
0.128
0.051
-0.1
0.085
0.114
0.138
0.096
0.177
0.29
0.514
0.453
0.677
0.84
0.881
1.064
1.05
0.995
1.021
0.865
0.818
0.696
0.628
0.473
0.264
0.103
-0.311
-0.578
-0.571
-0.675
-0.873
-0.989
-1.163
-1.151
-1.194
-1.235
-1.224
-1.252
-1.27
-1.103
-1.019
-1.131
-1.165
-1.228
-1.096
-1.024
-1.124
-1.031
-0.864
-0.836
-0.685
-0.807
-0.766
-0.844
-0.99
-0.829
-0.859
-0.905
-0.691
-0.542
-0.393
-0.2
0.021
-0.056
0.249
0.221
0.046
-0.035
0.056
0.185
0.419
0.295
0.256
0.395
0.384
0.509
0.645
0.825
0.715
0.609
0.891
0.657
0.545
0.625
0.614
0.675
0.775
0.703
0.789
0.645
0.585
0.734
0.67
0.786
0.76
0.782
0.925
1.03
0.894
0.856
0.786
0.82
0.686
0.541
0.478
0.443
0.549
0.246
0.321
0.046
0.022
-0.028
0.105
0.24
0.058
0.236
0.086
0.056
0.443
0.471
0.515
0.399
0.439
0.352
0.26
0.439
0.219
0.147
0.261
0.181
0.014
-0.251
-0.367
-0.396
-0.534
-0.478
-0.505
-0.529
-0.54
-0.555
-0.362
-0.325
-0.247
-0.37
-0.304
-0.216
-0.346
-0.241
-0.496
-0.664
-0.701
-0.677
-0.729
-0.726
-0.676
-0.828
-0.787
-0.761
-0.896
-1.036
-1.028
-0.92
-1.055
-1.021
-1.048
-1.091
-1.056
-1.038
-1.049
-0.926
-0.934
-0.99
-1.194
-0.969
-1.13
-1.058
-1.096
-0.954
-1.004
-0.804
-0.53
-0.646
-0.705
-0.57
-0.555
-0.499
-0.491
-0.511
-0.45
-0.125
0.031
0.349
0.699
0.734
0.936
0.609
0.996
1.041
1.13
1.199
1.141
1.364
1.455
1.671
1.6
1.519
1.804
1.614
1.609
1.606
1.573
1.764
1.61
1.558
1.736
1.945
1.79
1.607
1.417
-10.336
1.414
1.046
0.981
0.899
0.736
0.539
0.659
0.591
0.56
0.532
0.68
0.336
0.159
-0.001
-0.033
0.006
0.161
0.169
0.408
0.196
0.361
0.348
0.215
0.333
0.217
0.225
0.14
0.15
0.03
0.179
0.081
0.217
0.306
0.506
0.501
0.346
0.309
0.336
0.486
0.554
0.39
0.424
0.343
0.344
0.215
0.359
0.209
0.273
0.18
0.323
0.331
0.328
0.306
0.346
0.375
0.294
0.274
0.105
-0.029
0.033
0.164
-0.086
-0.147
-0.021
0.076
-0.005
-0.011
-0.052
-0.022
0.003
0.014
0.091
0.33
0.261
0.224
0.081
-0.094
-0.098
-0.109
-0.091
0.03
0.159
0.069
0.159
0.126
-0.021
0.133
-0.071
-0.113
-0.076
-0.059
-0.118
-0.071
0.089
0.077
0.175
0.026
0.03
0.126
0.124
0.034
0.16
0.233
0.141
0.18
0.048
-0.2
-0.156
-0.253
-0.124
-0.149
-0.059
-0.208
-0.417
-0.216
-0.163
-0.033
-0.015
-0.041
-0.046
0.059
0.156
-0.169
-0.312
-0.309
-0.333
-0.409
-0.579
-0.541
-0.4
-0.453
-0.583
-0.635
-0.674
-0.672
-0.735
-0.766
-0.645
-0.536
-0.679
-0.424
-0.361
-0.5
-0.501
-0.614
-0.586
-0.761
-0.807
-10.336
-1.024
-0.826
-0.728
-0.667
-0.782
-0.86
-0.874
-0.652
-0.636
-0.568
-0.684
-0.61
-0.902
-0.806
-0.705
-0.608
-0.405
-0.244
-0.238
-0.403
-0.024
-0.056
0.195
0.292
0.534
0.682
0.735
0.899
0.659
0.821
0.851
1.021
1.034
1.038
1.116
1.002
0.89
0.785
0.9
1.205
1.316
1.455
1.35
1.167
1.167
1.3
1.255
1.333
1.246
1.083
1.076
0.861
0.791
0.59
0.721
0.42
0.244
0.226
0.168
0.366
0.466
-0.013
-0.009
-0.166
-0.083
0.037
0.003
-0.013
-0.1
-0.103
-0.24
-0.258
-0.356
-0.152
-0.043
-0.022
-0.013
0.173
0.092
0.155
0.129
0.077
0.119
0.101
0.149
0.182
0.101
0.17
0.118
0.159
0.095
0.357
0.383
0.107
0.136
0.11
0.113
0.043
0.041
0.064
0.101
0.244
0.372
0.455
0.432
0.525
0.569
0.37
0.196
0.177
-0.09
0.146
0.372
0.302
0.152
0.193
0.206
0.037
0.043
-0.061
0.013
-0.096
0.104
0.06
0.15
0.08
-0.212
0.033
-0.076
0.118
0.035
-0.071
-0.309
-0.149
-0.328
-0.445
-0.24
-0.324
-0.216
-0.215
-0.135
-0.244
-0.396
-0.325
-0.432
-0.219
-0.357
-0.198
-0.246
-0.209
-0.325
-0.275
-0.133
-0.295
-0.475
-0.401
-0.384
-0.676
-0.634
-0.529
-0.072
-0.305
-0.166
-0.099
-0.005
0.05
-0.129
-0.106
-0.048
-0.155
-0.191
0.0
0.094
0.369
0.346
0.506
0.552
0.541
0.411
0.329
0.384
0.186
0.01
0.007
-0.215
-0.199
-0.315
0.048
0.034
0.119
0.211
0.416
0.357
0.179
0.244
0.304
0.035
-0.113
-0.378
-0.403
-0.263
-0.185
-0.195
0.007
0.15
0.225
0.432
0.355
0.221
0.07
0.15
0.415
0.246
0.013
-0.043
-0.049
-0.139
0.003
-0.098
-0.069
-0.025
-0.036
0.211
0.25
0.239
0.485
0.432
0.36
0.443
0.514
0.383
0.354
0.41
0.229
0.096
0.239
0.23
0.12
0.274
0.304
0.154
0.253
0.264
0.505
0.455
0.519
0.389
0.336
0.385
0.251
0.408
0.16
0.19
0.201
0.256
0.276
0.212
0.101
0.062
0.055
0.15
0.238
0.18
0.114
0.077
0.235
-0.019
0.154
0.077
-0.031
0.131
0.051
0.043
-0.062
-0.168
0.045
0.124
0.189
0.26
0.4
0.594
0.487
0.451
0.516
0.644
0.455
0.386
0.459
0.209
0.105
0.076
0.268
0.189
0.229
0.292
0.193
0.125
0.03
-0.086
-0.115
-0.261
-0.44
-0.506
-0.466
-0.5
-0.554
-0.549
-0.576
-0.583
-0.706
-0.818
-0.761
-0.76
-0.885
-0.901
-0.911
-0.964
-0.895
-0.876
-0.902
-0.854
-0.93
-1.081
-0.881
-0.838
-0.895
-0.912
-0.738
-0.606
-0.541
-0.391
-0.329
-0.441
-0.176
-0.124
-0.135
-0.113
-0.08
0.233
0.179
0.136
0.199
0.19
0.36
0.55
0.527
0.601
0.625
0.603
0.584
0.416
0.659
0.719
0.82
0.749
0.65
0.539
0.641
0.512
0.484
0.583
0.484
0.307
0.432
0.364
0.359
0.072
0.041
0.233
0.106
0.356
0.348
0.44
0.41
0.349
0.522
0.469
0.5
0.349
0.33
0.238
0.214
-0.076
-0.169
-0.105
-0.049
0.139
-0.049
0.049
0.166
0.229
0.324
0.141
0.253
0.055
0.226
0.005
-0.056
-0.066
-0.003
0.061
0.081
-0.088
-0.07
-0.1
-0.224
-0.321
-0.221
-0.168
-0.379
-0.338
-0.234
-0.429
-0.512
-0.529
-0.609
-0.715
-0.874
-0.78
-0.893
-0.836
-0.615
-0.512
-0.273
-0.292
-0.318
-0.236
-0.501
-0.479
-0.234
-0.054
0.186
0.394
0.779
0.761
0.739
0.571
0.3
0.403
0.475
0.559
0.719
0.77
0.805
1.04
1.084
1.06
1.137
1.304
1.114
1.088
1.133
1.04
0.728
0.695
0.496
0.346
0.095
-0.031
-0.19
-0.182
-0.015
0.056
-0.333
-0.411
-0.439
-0.427
-0.46
-0.701
-0.733
-0.689
-0.698
-0.454
-0.576
-0.517
-0.181
-0.177
-0.15
-0.049
0.007
0.094
0.194
0.328
0.453
0.398
0.394
0.379
0.208
0.133
0.072
0.115
0.22
0.131
0.28
0.269
0.426
0.506
0.393
0.424
0.321
0.29
0.226
0.009
-0.003
0.025
-0.019
-0.074
-0.155
-0.122
-0.129
-0.039
0.14
0.037
-0.184
-0.169
-0.079
-0.177
-0.345
-0.564
-0.626
-0.764
-0.724
-0.638
-0.546
-0.524
-0.3
-0.391
-0.59
-0.681
-0.694
-0.749
-0.82
-0.844
-0.784
-0.86
-0.723
-0.956
-0.995
-1.145
-1.193
-1.046
-1.005
-1.086
-0.871
-0.556
-0.405
-0.384
-0.494
-0.256
-0.184
-0.052
0.025
-0.069
-0.169
-0.208
-0.04
0.216
0.169
0.43
0.432
0.657
0.766
0.49
0.594
0.494
0.547
0.579
0.7
0.598
0.896
0.874
0.97
1.021
1.042
1.026
0.863
0.541
0.624
0.512
0.6
0.534
0.512
0.291
0.22
-0.016
0.1
0.158
-0.003
0.133
-0.089
-0.199
-0.076
-0.079
-0.001
0.088
0.161
0.028
-0.036
-0.1
0.164
0.128
0.176
0.046
0.219
0.268
-0.077
-0.124
-0.24
-0.203
6.466
-0.326
-0.026
-0.009
0.028
-0.159
-0.054
-0.113
-0.122
-0.076
-0.2
-0.309
-0.351
-0.189
-0.131
0.005
-0.041
0.26
0.186
0.139
0.231
0.295
0.584
0.633
0.586
0.604
0.46
0.432
0.521
0.445
0.383
0.425
0.246
0.064
0.098
0.0
-0.241
-0.259
-0.346
-0.404
-0.381
-0.434
-0.383
-0.406
-0.475
-0.379
-0.454
-0.315
-0.319
-0.314
-0.092
-0.014
-0.253
-0.302
-0.206
-0.18
-0.211
-0.161
-0.181
-0.331
-0.469
-0.569
-0.579
-0.521
-0.419
-0.12
-0.163
-0.036
0.045
0.009
0.2
0.109
0.164
0.054
-0.006
-0.151
0.101
0.278
0.136
0.059
0.059
-0.021
-0.18
-0.189
-0.436
-0.304
0.035
0.179
0.206
0.269
0.295
0.14
0.217
0.061
-0.021
-0.182
-0.466
-0.535
-0.7
-0.681
-0.771
-0.807
-0.578
-0.749
-0.575
-0.394
-0.404
-0.333
-0.305
-0.259
-0.354
-0.258
-0.13
-0.107
0.055
0.234
0.367
0.228
0.242
0.471
0.545
0.598
0.583
0.5
0.501
0.497
0.506
0.486
0.24
0.255
0.576
0.51
0.583
0.596
0.745
0.694
0.845
0.932
0.77
0.78
0.971
0.996
0.921
0.98
1.086
0.929
0.771
0.751
0.575
0.646
0.584
0.671
0.666
0.438
0.445
0.485
0.331
0.529
0.466
0.408
0.405
0.235
0.246
0.174
0.138
0.089
0.143
0.209
0.261
0.385
0.258
0.225
0.076
-0.151
-0.212
-0.278
-0.273
-0.276
-0.23
-0.131
-0.111
0.007
-0.144
-0.044
-0.144
-0.33
-0.51
-0.645
-0.656
-0.681
-0.656
-0.696
-0.68
-0.743
-0.965
-0.844
-0.955
-0.781
-0.754
-0.833
-0.806
-0.984
-0.731
-0.973
-0.945
-1.036
-1.04
-0.851
-0.771
-0.782
-0.792
-0.403
-0.297
-0.091
0.106
0.285
0.299
0.14
0.383
0.527
0.745
0.996
1.103
1.056
1.075
1.125
1.346
1.468
1.394
1.206
1.443
1.298
1.298
1.41
1.361
1.554
1.411
1.356
1.125
1.12
1.301
1.222
1.339
1.384
1.39
1.333
1.361
1.324
1.185
1.165
1.166
0.917
0.599
0.19
-0.013
0.128
0.284
0.286
0.404
0.296
0.263
0.286
0.138
0.156
0.079
0.143
0.003
0.145
-0.13
-0.271
-0.591
-0.545
-0.514
-0.276
-0.105
0.074
0.114
0.182
0.109
0.131
0.131
0.074
0.285
0.235
0.134
0.096
0.18
-0.124
-0.041
-0.004
-0.044
-0.007
0.113
0.198
0.228
0.354
0.334
0.205
0.168
0.084
-0.292
-0.469
-0.352
-0.744
-0.948
-1.143
-1.119
-1.104
-1.149
-1.18
-1.276
-1.305
-1.433
-1.53
-1.468
-1.441
-1.385
-1.581
-1.415
-1.558
-1.575
-1.501
-1.396
-1.065
-1.019
-0.829
-0.679
-0.568
-0.492
-0.581
-0.335
-0.524
-0.371
-0.302
-0.164
0.035
0.015
0.186
0.133
0.036
0.095
0.0
-0.128
0.006
0.021
0.071
-0.134
-0.124
-0.27
-0.336
-0.436
-0.339
-0.211
-0.355
-0.378
-0.11
0.005
0.062
-0.019
0.214
0.307
0.389
0.355
0.217
0.369
0.584
0.487
0.554
0.432
0.554
0.659
0.499
0.405
0.515
0.519
0.367
0.324
0.307
0.389
0.3
0.2
-0.18
-0.478
-0.338
-0.361
-0.281
-0.362
-0.383
-0.46
-0.537
-0.304
-0.351
-0.422
-0.405
-0.279
-0.705
-0.646
-0.66
-0.969
-1.096
-1.415
-1.698
-1.54
-1.566
-1.575
-1.405
-1.189
-1.157
-1.08
-1.185
-1.175
-1.137
-1.073
-0.81
-0.921
-0.794
-0.575
-0.615
-0.3
-0.256
-0.095
-0.061
0.161
0.226
0.398
0.601
0.568
0.542
0.506
0.675
0.536
0.475
0.681
0.571
0.744
0.846
0.82
0.891
0.62
0.647
0.689
0.531
0.641
0.628
0.693
0.659
0.55
0.636
0.216
0.1
0.426
0.698
0.579
0.491
0.409
0.534
0.599
0.485
0.615
0.716
0.716
0.576
0.726
0.615
0.736
0.871
0.974
0.971
0.823
0.789
0.749
1.086
1.143
1.113
1.106
1.08
1.244
1.229
1.125
0.953
0.914
0.901
0.787
0.705
0.693
0.873
0.598
0.656
0.754
0.515
0.389
0.404
0.299
0.212
-0.065
-0.046
0.033
0.088
0.009
0.001
-0.084
-0.039
0.154
-0.049
-0.025
0.11
0.169
0.113
0.271
0.469
0.52
0.646
0.485
0.463
0.459
0.534
0.506
0.426
0.461
0.344
0.508
0.441
0.52
0.425
0.478
0.398
0.269
0.206
0.17
0.046
-0.118
-0.143
-0.242
-0.501
-0.496
-0.583
-0.355
-0.579
-0.554
-0.734
-0.532
-0.549
-0.466
-0.336
-0.406
-0.394
-0.323
-0.435
-0.174
-0.211
-0.145
0.001
0.025
-0.001
-0.05
0.066
-0.022
-0.022
0.034
0.138
0.069
0.048
-0.058
0.022
0.149
0.238
0.129
0.195
0.264
0.413
0.586
0.743
0.721
0.821
0.509
0.439
0.444
0.325
0.443
0.343
0.32
0.307
0.388
0.351
0.194
0.274
0.168
0.12
-0.118
-0.128
-0.269
-0.367
-0.516
-0.682
-0.943
-1.055
-1.166
-1.554
-1.255
-1.401
-1.514
-1.484
-1.295
-1.353
-1.374
-1.338
-1.359
-1.121
-1.157
-0.932
-0.828
-0.657
-0.709
-0.29
-0.085
0.07
0.134
0.24
0.517
0.359
0.37
0.383
0.55
0.566
0.149
0.396
0.527
0.659
0.654
0.825
0.968
0.912
0.69
0.67
0.949
0.931
0.805
0.924
0.981
1.089
1.165
1.147
1.121
0.959
0.885
0.841
0.819
0.811
0.766
0.888
0.624
0.584
0.36
0.146
-0.044
-0.217
-0.228
-0.155
0.006
-0.046
-0.089
0.095
-0.065
-0.141
0.056
-0.041
0.048
0.039
0.048
-0.024
0.072
0.18
0.128
0.139
0.004
0.055
0.085
0.077
0.151
0.074
0.084
0.2
0.091
0.001
-0.17
-0.048
-0.084
-0.256
-0.166
-0.198
-0.484
-0.448
-0.559
-0.52
-0.52
-0.339
-0.229
-0.149
-0.16
-0.059
-0.315
-0.316
-0.29
-0.519
-0.509
-0.606
-0.716
-0.927
-0.917
-1.083
-0.836
-0.812
-0.869
-0.723
-0.8
-0.517
-0.671
-0.739
-0.792
-0.941
-0.983
-0.8
-0.801
-0.745
-0.776
-0.704
-0.647
-0.556
-0.709
-0.611
-0.509
-0.386
-0.236
-0.094
0.077
0.085
0.339
0.399
0.478
0.334
0.319
0.089
0.11
0.143
0.118
-0.109
-0.006
-0.094
-0.129
-0.166
-0.128
-0.059
-0.161
-0.203
-0.11
0.09
0.17
0.305
0.356
0.529
0.508
0.665
0.527
0.698
0.62
0.564
0.555
0.621
0.879
0.769
0.685
0.863
0.856
0.94
0.959
0.922
0.919
0.796
0.869
0.802
0.966
0.976
0.841
0.848
0.869
0.959
0.904
0.865
0.8
0.911
0.764
0.713
0.624
0.671
0.703
0.725
0.769
0.88
0.899
0.907
0.537
0.526
0.601
0.328
0.173
0.16
0.343
0.191
0.273
0.238
0.314
0.29
0.246
0.444
0.527
0.481
0.217
0.399
0.201
0.254
0.27
0.315
0.321
0.124
0.238
0.219
0.3
0.294
0.139
0.121
0.175
0.239
0.371
0.434
0.54
0.545
0.736
0.768
0.576
0.688
0.616
0.581
0.626
0.744
0.655
0.649
0.425
0.211
-0.12
-0.043
-0.046
0.136
-0.133
-0.395
-0.463
-0.542
-0.651
-0.866
-1.039
-0.964
-1.096
-1.11
-1.137
-1.245
-1.321
-1.411
-1.26
-1.226
-1.13
-1.184
-1.405
-1.216
-1.21
-1.288
-1.272
-1.314
-1.366
-1.275
-1.155
-1.134
-0.826
-0.836
-0.736
-0.665
-0.595
-0.401
-0.453
-0.449
-0.341
-0.195
-0.018
-0.092
-0.191
-0.054
0.011
-0.074
-0.185
-0.181
-0.271
-0.365
-0.419
-0.259
-0.051
-0.122
-0.041
-0.043
0.021
-0.02
0.113
0.175
0.289
0.234
0.246
0.278
0.314
0.201
0.048
0.007
-0.126
0.036
0.069
0.024
0.269
0.331
0.381
0.27
0.406
0.08
0.086
0.194
0.16
0.314
0.246
0.3
0.265
0.217
-0.03
-0.125
-0.014
-0.116
-0.036
-0.171
-0.198
-0.122
-0.271
-0.244
0.062
0.119
0.19
0.331
0.295
0.694
0.511
0.512
0.6
0.82
0.824
0.795
0.838
1.175
1.548
1.512
1.488
1.63
1.354
0.309
1.086
1.064
1.16
0.924
0.77
0.829
0.864
0.883
1.06
0.99
0.851
0.919
0.666
0.7
0.539
0.588
0.367
0.28
0.219
-0.003
-0.185
-0.19
-0.296
-0.245
-0.294
-0.38
-0.378
-0.562
-0.542
-0.57
-0.731
-0.845
-0.901
-0.916
-0.975
-0.92
-0.596
-0.834
-0.994
-0.889
-0.905
-0.865
-0.744
-0.679
-0.801
-0.983
-1.034
-1.103
-1.039
-1.018
-0.969
-0.938
-1.041
-0.744
-0.739
-0.652
-0.705
-0.647
-0.858
-1.008
-0.958
-0.696
-0.541
-0.432
-0.28
-0.107
-0.077
-0.005
0.158
0.304
0.352
0.384
0.583
0.628
0.608
0.946
0.765
0.691
0.749
0.522
0.326
0.393
0.365
0.288
0.396
0.656
0.504
0.261
0.159
0.1
0.046
0.143
0.145
0.223
0.193
0.188
0.186
0.364
0.59
0.708
0.828
0.888
0.89
0.746
0.791
0.894
0.843
0.919
0.781
0.606
0.684
0.878
0.863
1.034
0.991
0.998
1.074
0.943
0.804
0.66
0.378
0.085
-0.116
-0.05
-0.236
-0.2
-0.241
-0.185
-0.369
-0.48
-0.626
-0.52
-0.596
-0.676
-0.758
-0.689
-0.585
-0.545
-0.573
-0.573
-0.541
-0.473
-0.217
0.04
0.085
0.217
0.354
0.281
0.27
-0.02
-0.048
-0.159
0.16
0.28
0.15
0.116
0.066
0.129
0.311
0.398
0.504
0.453
0.521
0.496
0.661
0.422
0.44
0.583
0.446
0.456
0.339
0.35
0.255
0.184
0.231
0.276
0.121
-0.095
-0.231
-0.121
-0.343
-0.534
-0.63
-0.708
-0.791
-0.749
-0.835
-0.729
-0.716
-0.851
-0.74
-0.574
-0.366
-0.273
-0.168
-0.028
0.099
0.003
0.23
0.396
0.156
0.306
0.354
0.441
0.735
0.951
1.186
1.284
1.219
1.254
1.264
1.299
1.434
1.54
1.542
1.565
1.61
1.611
1.474
1.401
1.759
1.681
1.798
1.833
1.545
1.345
1.363
0.959
0.879
0.662
0.565
0.334
0.27
0.195
0.198
0.037
0.098
-0.058
-0.12
-0.159
-0.263
-0.249
-0.291
-0.459
-0.655
-0.703
-0.704
-0.771
-0.662
-0.765
-0.657
-0.561
-0.763
-0.735
-0.91
-1.134
-1.106
-1.137
-1.188
-1.166
-1.426
-1.268
-1.37
-1.449
-1.113
-0.945
-0.963
-0.96
-0.948
-0.836
-0.59
-0.43
-0.415
-0.464
-0.333
-0.239
0.007
0.161
0.28
0.395
0.275
0.29
0.115
0.281
0.081
0.114
0.133
0.103
-0.101
0.022
-0.278
-0.146
-0.004
0.113
0.106
0.176
0.126
0.208
0.422
0.335
0.314
0.465
0.385
0.269
0.301
0.08
0.126
0.224
0.253
-0.019
0.136
0.019
-0.158
0.01
-0.126
-0.266
-0.179
-0.355
-0.478
-0.47
-0.469
-0.378
-0.371
-0.203
-0.343
-0.415
-0.333
-0.413
-0.635
-0.848
-0.951
-1.018
-1.177
-1.099
-1.08
-1.059
-0.728
-0.874
-0.671
-0.696
-0.524
-0.265
-0.03
0.011
-0.111
-0.065
-0.251
-0.489
-0.359
-0.403
-0.38
-0.378
-0.283
-0.275
-0.225
-0.09
-0.037
-0.104
0.109
0.113
0.048
-0.098
-0.049
0.23
0.296
0.283
0.413
0.323
0.354
0.4
0.188
0.242
0.025
-0.2
-0.296
-0.331
-0.504
-0.604
-0.554
-0.56
-0.713
-0.479
-0.499
-0.579
-0.415
-0.359
-0.316
-0.51
-0.521
-0.621
-0.675
-0.585
-0.486
-0.581
-0.603
-0.591
-0.448
-0.464
-0.291
-0.168
-0.269
-0.37
-0.391
-0.335
-0.25
-0.271
-0.291
-0.352
-0.251
-0.481
-0.296
-0.463
-0.195
-0.12
-0.211
-0.156
-0.246
-0.111
-0.214
-0.301
-0.236
-0.05
-0.077
-0.07
-0.022
0.147
-0.02
-0.029
0.085
0.17
0.077
0.069
0.149
0.13
-0.044
-0.103
0.21
0.149
0.225
0.253
0.579
0.608
0.779
0.825
0.741
0.694
0.895
0.926
0.927
0.621
0.445
0.269
0.296
0.278
0.354
0.434
0.401
0.296
0.205
0.118
0.088
0.05
-0.06
-0.323
-0.274
-0.526
-0.44
-0.644
-0.575
-0.489
-0.729
-0.83
-0.761
-0.831
-0.79
-0.915
-0.828
-0.774
-0.826
-0.709
-0.849
-0.833
-0.771
-1.048
-1.096
-0.91
-0.802
-0.67
-0.661
-0.569
-0.555
-0.508
-0.508
-0.52
-0.615
-0.693
-0.74
-0.799
-0.764
-0.911
-0.665
-0.454
-0.271
