-0.159
-0.169
-0.074
-0.128
-0.051
0.03
0.088
-0.025
0.052
0.255
0.233
0.355
0.362
0.279
0.315
0.229
0.357
0.323
0.311
0.265
0.343
0.311
0.19
0.114
0.104
0.052
-0.17
-0.231
-0.273
-0.35
-0.413
-0.301
-0.309
-0.426
-0.291
-0.501
-0.568
-0.508
-0.443
-0.5
-0.39
-0.266
-0.224
-0.199
-0.051
0.061
0.079
0.095
0.168
0.007
0.105
0.203
0.147
0.179
0.359
0.379
0.375
0.324
0.324
0.43
0.362
0.417
0.315
0.448
0.305
0.361
0.279
0.381
0.344
0.425
0.406
0.505
0.593
0.565
0.515
0.63
0.639
0.704
0.618
0.555
0.616
0.524
0.463
0.234
0.403
0.21
0.155
-0.016
-0.015
-0.054
0.006
0.014
0.007
-0.163
-0.029
0.12
0.16
0.316
0.352
0.39
0.253
0.35
0.388
0.286
0.444
0.504
0.583
0.649
0.863
0.958
0.995
0.86
0.719
0.743
0.796
0.591
0.551
0.453
0.389
0.56
0.448
0.552
0.541
0.547
0.688
0.734
0.646
0.708
0.761
0.735
0.695
0.667
0.581
0.251
0.367
0.07
0.006
0.085
0.105
0.158
0.152
0.114
0.109
-0.125
-0.139
-0.168
-0.201
-0.28
-0.49
-0.499
-0.714
-0.583
-0.633
-0.656
-0.631
-0.659
-0.62
-0.547
-0.61
-0.514
-0.539
-0.539
-0.478
-0.44
-0.458
-0.461
-0.501
-0.43
-0.504
-0.454
-0.321
-0.52
-0.4
-0.501
-0.385
-0.369
-0.235
-0.292
-0.304
-0.357
-0.389
-0.568
-0.485
-0.578
-0.534
-0.674
-0.623
-0.735
-0.777
-0.782
-0.641
-0.784
-0.791
-0.801
-0.915
-0.958
-0.996
-0.753
-0.8
-0.781
-0.806
-0.868
-0.812
-0.92
-0.789
-0.861
-0.787
-0.85
-0.816
-0.801
-0.814
-0.721
-0.811
-0.649
-0.366
-0.359
-0.3
-0.177
-0.13
-0.185
-0.231
-0.113
-0.083
-0.152
0.056
-0.064
0.001
-0.004
-0.193
-0.236
0.033
0.136
0.059
-0.083
-0.104
-0.299
-0.55
-0.6
-0.399
-0.284
-0.288
-0.343
-0.297
-0.274
-0.216
-0.231
-0.215
-0.15
-0.285
-0.367
-0.367
-0.351
-0.471
-0.321
-0.367
-0.3
-0.343
-0.494
-0.514
-0.463
-0.39
-0.417
-0.203
-0.24
-0.184
-0.114
-0.254
-0.08
-0.209
-0.201
-0.139
0.02
0.003
-0.004
0.071
0.141
0.135
0.166
0.225
0.403
0.354
0.367
0.5
0.415
0.445
0.422
0.381
0.352
0.431
0.511
0.547
0.708
0.646
0.679
0.772
0.869
0.945
0.92
0.873
0.873
0.866
1.004
1.111
1.068
0.988
1.183
1.085
0.915
0.902
0.768
0.749
0.562
0.525
0.505
0.451
0.41
0.364
0.341
0.176
0.145
0.159
0.062
0.065
-0.114
-0.206
-0.194
-0.254
-0.105
-0.194
-0.238
-0.235
-0.268
-0.399
-0.323
-0.212
-0.339
-0.174
-0.234
-0.384
-0.302
-0.145
-0.09
-0.101
0.007
0.145
0.234
0.367
0.367
0.492
0.547
0.573
0.531
0.556
0.633
0.651
0.671
0.565
0.59
0.649
0.723
0.934
0.724
0.812
0.819
0.761
0.662
0.654
0.677
0.491
0.615
0.672
0.726
0.738
0.77
0.868
0.93
0.836
0.739
0.67
0.667
0.66
0.509
0.491
0.401
0.48
0.331
0.2
0.21
0.146
0.111
0.154
-0.071
0.013
0.009
-0.09
-0.223
-0.217
-0.343
-0.333
-0.396
-0.54
-0.62
-0.594
-0.809
-0.568
-0.532
-0.591
-0.511
-0.535
-0.466
-0.46
-0.376
-0.451
-0.375
-0.416
-0.39
-0.492
-0.565
-0.555
-0.532
-0.606
-0.575
-0.512
-0.516
-0.505
-0.403
-0.474
-0.398
-0.37
-0.475
-0.396
-0.335
-0.367
-0.455
-0.305
-0.413
-0.329
-0.283
-0.283
-0.165
-0.21
-0.136
-0.19
-0.113
-0.12
-0.094
0.088
0.166
0.38
0.422
0.509
0.495
0.544
0.551
0.356
0.37
0.345
0.19
0.133
0.186
0.188
0.113
0.24
0.14
0.096
0.105
0.083
0.129
0.175
0.191
0.199
0.194
0.174
0.077
-0.061
-0.005
-0.079
-0.177
-0.198
-0.297
-0.244
-0.212
-0.133
-0.23
-0.203
-0.395
-0.44
-0.344
-0.459
-0.376
-0.25
-0.285
-0.314
-0.264
-0.279
-0.261
-0.174
-0.156
-0.253
-0.15
-0.2
-0.25
-0.354
-0.339
-0.305
-0.264
-0.352
-0.386
-0.542
-0.5
-0.435
-0.409
-0.497
-0.44
-0.504
-0.383
-0.427
-0.432
-0.439
-0.491
-0.532
-0.429
-0.51
-0.531
-0.631
-0.62
-0.669
-0.66
-0.736
-0.766
-0.706
-0.708
-0.749
-0.625
-0.489
-0.594
-0.557
-0.54
-0.365
-0.263
-0.175
-0.119
-0.113
-0.101
-0.113
-0.052
0.173
0.16
0.319
0.24
0.464
0.571
0.674
0.728
0.604
0.667
0.565
0.536
0.516
0.58
0.6
0.425
0.475
0.453
0.471
0.576
0.539
0.496
0.299
0.403
0.41
0.286
0.323
0.396
0.406
0.39
0.416
0.359
0.344
0.307
0.211
0.206
0.325
0.328
0.503
0.269
0.318
0.278
0.311
0.352
0.388
0.365
0.415
0.336
0.393
0.391
0.361
0.324
0.405
0.478
0.403
0.529
0.546
0.478
0.495
0.449
0.444
0.289
0.253
0.163
0.212
0.101
0.056
-0.059
-0.076
-0.056
-0.138
-0.156
-0.189
-0.22
-0.199
-0.217
-0.292
-0.286
-0.316
-0.229
-0.273
-0.299
-0.275
-0.33
-0.361
-0.399
-0.517
-0.647
-0.297
-0.479
-0.434
-0.414
-0.339
-0.37
-0.283
-0.3
-0.247
-0.159
-0.217
-0.062
-0.011
-0.115
-0.035
-0.02
0.154
0.083
0.144
0.174
0.118
0.095
0.021
-0.011
-0.103
-0.01
-0.041
-0.126
-0.158
-0.212
-0.146
-0.215
-0.189
-0.133
-0.064
0.1
0.107
0.134
0.169
0.156
0.101
0.191
0.16
0.14
0.159
0.1
0.001
0.076
0.001
-0.091
0.126
-0.016
-0.041
0.061
0.065
0.109
0.084
0.143
0.219
0.21
0.198
0.165
0.23
0.164
0.133
0.151
0.081
0.119
0.056
0.061
0.071
-0.041
-0.006
0.029
0.069
0.036
0.118
0.111
0.028
-0.055
-0.044
0.0
-0.011
0.003
0.009
0.036
-0.05
-0.04
-0.086
-0.054
-0.098
-0.092
-0.036
-0.125
-0.259
-0.301
-0.29
-0.295
-0.399
-0.441
-0.315
-0.51
-0.529
-0.546
-0.526
-0.531
-0.443
-0.526
-0.469
-0.521
-0.535
-0.45
-0.434
-0.471
-0.509
-0.484
-0.404
-0.566
-0.45
-0.323
-0.256
-0.215
-0.156
-0.065
-0.049
0.151
0.223
0.256
0.256
0.318
0.454
0.489
0.573
0.6
0.667
0.739
0.669
0.713
0.695
0.651
0.691
0.615
0.535
0.409
0.375
0.346
0.292
0.216
0.224
0.15
0.174
-0.029
-0.1
-0.145
-0.223
-0.2
-0.239
-0.241
-0.311
-0.323
-0.273
-0.309
-0.263
-0.365
-0.325
-0.281
-0.239
-0.318
-0.316
-0.247
-0.328
-0.311
-0.326
-0.31
-0.269
-0.355
-0.251
-0.444
-0.45
-0.473
-0.465
-0.506
-0.529
-0.516
-0.545
-0.474
-0.526
-0.529
-0.5
-0.481
-0.471
-0.453
-0.436
-0.41
-0.399
-0.414
-0.375
-0.379
-0.432
-0.44
-0.288
-0.422
-0.417
-0.355
-0.351
-0.36
-0.333
-0.379
-0.355
-0.309
-0.343
-0.139
-0.199
-0.118
-0.07
-0.165
-0.074
-0.066
0.014
-0.135
0.113
0.06
0.091
0.0
0.16
0.275
0.289
0.356
0.321
0.309
0.346
0.307
0.456
0.386
0.393
0.333
0.366
0.291
0.166
0.29
0.265
0.288
0.258
0.251
0.256
0.266
0.28
0.386
0.515
0.5
0.549
0.367
0.328
0.294
0.27
0.285
0.255
0.226
0.16
0.133
0.092
-0.028
-0.076
-0.19
-0.131
-0.253
-0.201
-0.193
-0.16
-0.179
-0.13
-0.09
-0.031
-0.135
-0.107
-0.125
-0.058
-0.115
-0.035
-0.101
-0.009
-0.055
-0.025
-0.015
-0.062
0.013
-0.079
-0.134
-0.208
-0.126
-0.134
-0.133
-0.165
-0.184
-0.221
-0.266
-0.181
-0.216
-0.325
-0.35
-0.173
-0.416
-0.486
-0.444
-0.378
-0.311
-0.253
-0.179
-0.166
-0.18
-0.247
-0.209
-0.163
-0.171
-0.144
-0.168
-0.129
-0.152
-0.048
-0.056
-0.001
0.005
0.031
-0.03
-0.11
-0.077
-0.174
-0.107
-0.119
-0.044
-0.013
-0.006
-0.058
-0.029
0.054
0.12
0.205
0.271
0.281
0.379
0.369
0.408
0.471
0.39
0.389
0.469
0.487
0.522
0.599
0.589
0.745
0.544
0.425
0.38
0.335
0.366
0.264
0.315
0.209
0.215
0.244
0.09
0.158
0.071
0.059
0.011
0.026
-0.03
-0.12
0.106
0.109
0.041
0.025
0.033
0.089
0.033
0.033
0.021
-0.028
-0.045
-0.043
-0.101
-0.163
-0.176
-0.181
-0.159
-0.116
-0.205
-0.211
-0.196
-0.244
-0.219
-0.184
-0.175
-0.136
-0.099
-0.129
-0.092
-0.175
-0.09
0.084
-0.158
-0.169
-0.223
-0.193
-0.164
-0.179
-0.16
-0.126
-0.104
-0.163
-0.13
-0.081
-0.04
-0.066
0.001
-0.036
-0.103
-0.106
-0.091
-0.105
-0.184
-0.128
-0.164
-0.139
-0.065
-0.14
-0.03
-0.075
-0.041
-0.003
0.113
0.138
0.165
0.17
0.129
0.12
0.109
0.066
0.081
0.059
0.004
0.035
-0.092
-0.091
-0.077
-0.086
-0.09
-0.058
0.026
0.061
-0.09
-0.105
-0.154
-0.103
-0.054
-0.051
-0.071
-0.109
-0.039
-0.021
0.021
0.101
0.125
0.22
0.244
0.296
0.273
0.275
0.364
0.403
0.474
0.5
0.475
0.464
0.335
0.576
0.485
0.448
0.591
0.566
0.531
0.534
0.591
0.606
0.708
0.68
0.638
0.634
0.654
0.652
0.758
0.681
0.726
0.725
0.713
0.667
0.629
0.511
0.531
0.61
0.42
0.611
0.444
0.449
0.399
0.46
0.365
0.301
0.366
0.206
0.233
0.147
0.291
0.251
0.224
0.18
0.206
0.231
0.151
0.152
0.268
0.292
0.09
0.289
0.302
0.074
0.128
0.043
0.061
0.034
0.055
0.062
0.07
0.134
0.126
0.103
0.103
0.048
-0.022
-0.105
-0.143
-0.196
-0.37
-0.405
-0.421
-0.421
-0.44
-0.341
-0.307
-0.244
-0.304
-0.291
-0.357
-0.185
-0.062
-0.033
-0.056
0.021
0.071
0.094
0.168
0.145
-0.301
0.179
0.156
0.144
0.061
0.048
-0.031
-0.02
-0.103
-0.173
-0.147
-0.155
-0.048
-0.044
0.095
0.08
0.105
0.021
-0.048
-0.113
-0.055
-0.055
-0.11
-0.224
-0.27
-0.295
-0.351
-0.29
-0.354
-0.304
-0.173
-0.18
-0.106
-0.006
-0.033
-0.154
-0.254
-0.075
-0.163
-0.329
-0.323
-0.242
-0.376
-0.389
-0.328
-0.385
-0.432
-0.463
-0.638
-0.583
-0.655
-0.754
-0.902
-0.734
-0.688
-0.735
-0.667
-0.7
-0.544
-0.56
-0.659
-0.531
-0.621
-0.677
-0.671
-0.529
-0.514
-0.42
-0.258
-0.427
-0.165
-0.176
0.08
0.113
0.103
0.185
0.146
0.184
0.233
0.113
0.194
0.231
0.25
0.294
0.421
0.416
0.504
0.441
0.466
0.47
0.551
0.491
0.662
0.809
0.714
0.689
0.611
0.619
0.512
0.436
0.492
0.547
0.642
0.631
0.512
0.656
0.694
0.644
0.736
0.588
0.802
0.595
0.705
0.297
-0.059
-0.24
-0.17
0.014
-0.104
-0.065
-0.06
-0.23
-0.194
-0.195
-0.1
-0.17
-0.156
-0.284
-0.306
-0.288
-0.278
-0.161
-0.079
-0.096
-0.05
-0.086
0.064
0.246
-0.05
-0.173
0.046
-0.048
-0.028
-0.234
-0.301
-0.297
-0.306
-0.381
-0.319
-0.465
-0.566
-0.641
-0.606
-0.638
-0.555
-0.461
-0.45
-0.479
-0.657
-0.8
-0.95
-0.891
-0.835
-0.733
-0.716
-0.405
-0.401
-0.359
-0.4
-0.319
-0.139
-0.128
-0.07
0.115
0.036
0.07
0.155
0.312
0.385
0.516
0.514
0.698
0.667
0.515
0.68
0.695
0.65
0.642
0.439
0.415
0.176
0.049
-0.021
-0.106
-0.302
-0.294
-0.326
-0.512
-0.561
-0.754
-0.93
-1.07
-1.116
-1.191
-1.261
-1.248
-1.19
-1.114
-1.149
-1.208
-1.121
-0.963
-0.864
-0.819
-0.693
-0.763
-0.641
-0.606
-0.57
-0.47
-0.311
-0.144
-0.08
-0.048
-0.089
0.04
0.105
0.2
0.176
0.216
0.356
0.283
0.279
0.246
0.242
0.181
0.284
0.29
0.062
0.09
0.088
0.185
0.158
0.124
0.0
0.05
-0.169
-0.141
-0.206
-0.158
-0.286
-0.344
-0.301
-0.475
-0.551
-0.504
-0.556
-0.786
-0.787
-0.861
-0.696
-0.701
-0.73
-0.591
-0.536
-0.455
-0.531
-0.509
-0.42
-0.215
-0.27
-0.414
-0.366
-0.408
-0.482
-0.453
-0.466
-0.545
-0.504
-0.527
-0.449
-0.487
-0.391
-0.468
-0.45
-0.595
-0.495
-0.315
-0.335
-0.114
-0.191
-0.051
-0.046
-0.05
-0.03
-0.165
-0.113
-0.19
-0.231
-0.171
-0.031
0.155
0.055
0.029
-0.052
0.265
0.128
0.193
0.234
0.19
0.193
0.273
0.133
0.265
0.43
0.417
0.656
0.682
0.685
0.805
0.802
0.726
0.738
0.741
0.68
0.651
0.688
0.657
0.608
0.688
0.809
0.655
0.546
0.455
0.29
0.039
0.121
0.177
-0.072
-0.223
-0.065
-0.09
-0.05
-0.166
-0.283
-0.247
-0.306
-0.33
-0.349
-0.361
-0.435
-0.275
-0.255
-0.255
-0.228
-0.121
-0.04
-0.08
-0.075
-0.154
-0.205
-0.176
-0.122
-0.15
-0.258
-0.163
-0.191
-0.212
-0.283
-0.304
-0.526
-0.576
-0.676
-0.833
-0.906
-1.001
-1.055
-1.076
-0.941
-0.98
-0.924
-0.935
-0.935
-0.912
-0.849
-0.787
-0.58
-0.479
-0.638
-0.536
-0.42
-0.44
-0.396
-0.256
-0.25
-0.149
-0.164
0.065
0.208
0.4
0.616
0.799
0.743
0.568
0.621
0.661
0.579
0.598
0.561
0.619
0.689
0.766
0.801
0.816
0.746
0.751
0.73
0.628
0.708
0.647
0.765
0.968
0.871
0.878
0.75
0.849
0.844
0.829
0.74
0.657
0.661
0.524
0.465
0.43
0.45
0.424
0.164
0.403
-0.171
-0.136
-0.133
-0.201
-0.345
-0.33
-0.48
-0.522
-0.583
-0.689
-0.729
-0.559
-0.68
-0.491
-0.59
-0.504
-0.51
-0.598
-0.492
-0.453
-0.521
-0.534
-0.311
-0.185
-0.061
0.021
-0.149
-0.122
-0.02
-0.184
0.013
0.035
0.083
0.036
0.145
0.066
0.02
-0.061
-0.065
-0.19
-0.263
-0.251
-0.42
-0.37
-0.458
-0.515
-0.579
-0.616
-0.446
-0.571
-0.666
-0.739
-0.768
-0.766
-0.802
-0.797
-0.743
-0.704
-0.449
-0.475
-0.481
-0.144
-0.046
0.077
0.001
0.019
0.044
0.024
0.224
0.236
0.309
0.393
0.515
0.393
0.289
0.238
0.307
0.264
0.318
0.246
0.263
0.177
0.492
0.63
0.475
0.552
0.365
0.33
0.374
0.393
0.473
0.426
0.455
0.391
0.256
0.215
0.169
0.104
0.055
0.069
-0.251
-0.216
-0.203
-0.146
-0.124
-0.209
-0.17
-0.2
-0.253
-0.2
-0.075
0.016
-0.054
-0.054
-0.07
-0.029
0.019
0.09
0.177
0.099
0.182
0.288
0.395
0.449
0.51
0.604
0.519
0.818
0.596
0.615
0.586
0.698
0.674
0.542
0.435
0.449
0.445
0.38
0.333
0.209
0.281
0.113
-0.088
-0.188
-0.254
-0.251
-0.239
-0.165
-0.254
-0.2
-0.422
-0.492
-0.278
-0.424
-0.463
-0.318
-0.469
-0.4
-0.485
-0.41
-0.585
-0.453
-0.454
-0.511
-0.561
-0.598
-0.645
-0.672
-0.549
-0.67
-0.845
-0.741
-0.754
-0.694
-0.586
-0.463
-0.482
-0.279
-0.352
-0.394
-0.427
-0.542
-0.49
-0.383
-0.36
-0.383
-0.335
-0.25
-0.135
-0.269
-0.376
-0.051
-0.034
-0.065
-0.096
-0.101
-0.1
-0.126
0.014
-0.081
-0.229
-0.139
-0.174
-0.169
0.028
0.07
0.051
0.101
0.159
-0.05
0.061
0.124
0.221
0.09
-0.064
-0.043
-0.17
-0.106
-0.205
-0.215
-0.165
-0.229
-0.072
-0.083
0.151
0.209
0.165
0.26
0.135
0.294
0.328
0.304
0.247
0.185
0.145
0.158
0.19
0.223
0.21
0.29
0.242
0.291
0.485
0.459
0.427
0.432
0.631
0.562
0.714
0.845
0.652
0.674
0.546
0.458
0.379
0.352
0.356
0.494
0.361
0.422
0.201
0.181
0.129
0.155
-0.052
-0.089
0.139
0.214
0.166
0.138
0.215
0.206
0.296
0.508
0.369
0.316
0.359
0.468
0.417
0.425
0.422
0.324
0.31
0.268
0.264
0.14
0.161
0.06
0.044
0.052
0.015
-0.147
-0.2
-0.279
-0.324
-0.301
-0.393
-0.501
-0.409
-0.37
-0.536
-0.585
-0.551
-0.455
-0.391
-0.401
-0.371
-0.201
-0.104
-0.191
-0.171
-0.151
0.05
-0.003
0.1
0.231
0.151
0.367
0.271
0.306
0.193
0.094
0.04
0.045
0.314
0.114
0.199
0.289
0.381
0.385
0.304
0.473
0.316
0.398
0.37
0.27
0.198
0.164
0.233
0.174
-0.031
-0.177
-0.08
0.095
0.02
0.024
0.04
0.019
0.156
0.115
-0.05
-0.031
0.083
0.179
0.152
0.1
-0.018
-0.018
0.048
0.007
0.006
-0.072
0.028
0.144
-0.003
-0.064
-0.001
-0.118
-0.193
-0.152
-0.17
-0.094
-0.104
-0.16
-0.152
-0.212
-0.302
-0.323
-0.246
-0.301
-0.509
-0.478
-0.496
-0.544
-0.443
-0.444
-0.494
-0.494
-0.396
-0.408
-0.344
-0.36
-0.372
-0.5
-0.449
-0.417
-0.301
-0.393
-0.29
-0.242
-0.386
-0.453
-0.424
-0.481
-0.454
-0.478
-0.489
-0.388
-0.409
-0.435
-0.388
-0.329
-0.295
-0.351
-0.359
-0.266
-0.381
-0.294
-0.319
-0.409
-0.444
-0.278
-0.058
0.066
0.052
0.058
0.259
0.329
0.39
0.439
0.461
0.586
0.574
0.628
0.662
0.791
0.796
0.893
0.98
0.876
0.874
0.74
0.863
0.826
0.704
0.551
0.497
0.468
0.511
0.445
0.3
0.241
0.095
0.15
0.111
-0.17
-0.096
-0.219
-0.234
-0.288
-0.35
-0.455
-0.391
-0.273
-0.371
-0.33
-0.453
-0.479
-0.633
-0.66
-0.716
-0.667
-0.667
-0.61
-0.56
-0.589
-0.579
-0.619
-0.6
-0.68
-0.754
-0.615
-0.497
-0.455
-0.468
-0.466
-0.238
-0.228
-0.215
0.05
0.106
0.246
0.194
0.2
0.184
0.107
0.209
0.245
0.233
0.487
0.323
0.319
0.505
0.652
0.588
0.701
0.799
0.835
0.926
1.055
1.048
0.961
0.897
0.826
0.844
0.661
0.575
0.781
0.716
0.774
0.667
0.705
0.585
0.576
0.628
0.588
0.601
0.578
0.693
0.478
0.431
0.595
0.436
0.359
0.43
0.388
0.284
0.241
0.215
0.124
0.049
-0.134
-0.166
-0.206
-0.3
-0.372
-0.335
-0.234
-0.181
-0.144
-0.214
-0.16
-0.07
-0.095
-0.046
-0.084
0.138
0.041
0.033
0.062
0.066
0.059
0.014
0.036
0.064
0.075
0.16
0.099
0.103
0.03
0.101
0.095
0.118
-0.134
-0.12
-0.21
-0.188
-0.238
-0.328
-0.436
-0.505
-0.497
-0.339
-0.311
-0.21
-0.296
-0.241
-0.025
-0.194
-0.143
-0.079
-0.055
-0.007
-0.052
-0.152
-0.139
-0.122
-0.279
-0.125
0.009
-0.06
-0.241
-0.165
-0.04
-0.155
-0.03
-0.165
0.014
-0.089
-0.029
-0.033
-0.029
0.04
0.045
0.111
0.143
0.315
0.485
0.411
0.357
0.316
0.527
0.55
0.516
0.501
0.263
0.275
0.168
0.145
0.106
0.092
0.116
0.234
0.2
0.122
0.223
0.247
0.414
0.422
0.319
0.331
0.323
0.205
0.125
0.039
0.009
-0.09
0.101
0.266
0.121
0.076
0.028
0.138
0.163
0.174
-0.083
-0.02
-0.044
-0.129
-0.11
-0.138
-0.041
-0.089
-0.118
-0.246
-0.283
-0.266
-0.031
-0.31
-0.165
-0.195
-0.299
-0.471
-0.531
-0.289
-0.36
-0.286
-0.318
-0.18
-0.115
-0.225
-0.164
-0.295
-0.158
-0.314
-0.284
-0.069
-0.182
-0.006
-0.083
0.004
-0.049
-0.009
-0.02
-0.16
-0.195
-0.086
-0.309
-0.214
-0.264
-0.351
-0.516
-0.466
-0.416
-0.362
-0.212
-0.234
-0.043
-0.016
-0.039
-0.046
0.049
0.231
0.236
0.199
0.121
0.092
0.234
0.25
0.188
0.216
0.315
0.344
0.331
0.388
0.362
0.334
0.424
0.359
0.35
0.331
0.384
0.349
0.06
0.11
0.128
0.141
0.235
0.129
0.176
0.19
0.188
0.28
0.122
0.131
0.062
0.115
0.109
0.152
-0.019
-0.235
-0.158
-0.109
0.024
-0.118
-0.059
-0.04
-0.019
-0.004
-0.007
0.114
-0.173
-0.034
0.015
-0.048
-0.011
0.039
0.268
0.194
0.304
0.399
0.323
0.305
0.312
0.41
0.44
0.59
0.409
0.569
0.559
0.361
0.395
0.269
0.321
0.258
0.306
0.219
0.14
0.16
0.28
0.38
0.416
0.51
0.496
0.403
0.47
0.497
0.466
0.652
0.749
0.526
0.471
0.526
0.369
0.292
0.338
0.294
0.225
0.228
0.11
0.065
-0.011
0.077
-0.155
-0.177
-0.242
-0.208
-0.166
-0.189
-0.169
-0.185
-0.154
-0.141
-0.084
-0.216
-0.181
-0.169
-0.236
-0.274
-0.236
-0.215
-0.283
-0.114
-0.145
-0.024
0.066
0.201
0.264
0.198
0.355
0.328
0.305
0.21
0.264
0.086
0.091
-0.001
0.029
0.161
0.229
0.074
0.292
0.489
0.455
0.362
0.406
0.51
0.46
0.463
0.549
0.575
0.584
0.72
0.771
0.802
