-0.003
0.049
0.129
0.182
-0.01
-0.028
-0.06
0.037
0.084
0.024
0.029
-0.037
-0.04
-0.116
-0.147
-0.035
-0.25
-0.189
-0.388
-0.549
-0.574
-0.529
-0.492
-0.46
-0.501
-0.654
-0.503
-0.537
-0.461
-0.316
-0.314
-0.241
-0.364
-0.261
-0.189
-0.164
-0.026
-0.03
-0.041
-0.101
0.099
0.031
-0.024
0.03
-0.016
0.18
0.135
0.125
0.003
-0.018
0.194
0.111
0.165
0.134
0.12
0.216
0.271
0.211
0.39
0.331
0.454
0.431
0.422
0.393
0.217
0.216
0.481
0.48
0.486
0.306
0.369
0.388
0.38
0.383
0.256
0.343
0.356
0.36
0.385
0.309
0.424
0.344
0.453
0.584
0.334
0.628
0.621
0.731
0.615
0.649
0.76
0.729
0.804
0.794
0.796
0.69
0.599
0.615
0.532
0.464
0.279
0.478
0.59
0.745
0.645
0.614
0.492
0.422
0.376
0.268
0.345
0.269
0.229
0.24
0.161
0.24
0.253
0.338
0.279
0.151
0.223
0.265
0.147
0.035
-0.083
-0.086
-0.133
-0.209
-0.209
-0.079
-0.216
-0.258
-0.401
-0.426
-0.499
-0.357
-0.306
-0.333
-0.378
-0.309
-0.165
-0.146
-0.062
-0.028
0.009
0.09
0.052
0.129
0.037
0.043
0.045
0.064
0.205
0.166
0.139
0.079
-0.054
-0.12
-0.119
-0.208
-0.088
-0.104
-0.297
-0.351
-0.36
-0.355
-0.188
-0.121
-0.179
-0.23
-0.181
-0.247
-0.226
-0.268
-0.28
-0.154
-0.119
-0.145
-0.159
-0.152
-0.116
-0.054
-0.051
-0.085
-0.025
0.124
0.092
0.103
0.141
0.19
0.24
0.224
0.239
0.21
0.349
0.301
0.283
0.253
0.245
0.241
0.25
0.281
0.244
0.175
0.054
0.155
0.176
0.156
0.158
0.116
0.107
0.146
0.19
0.107
0.189
0.289
0.159
0.378
0.158
0.09
0.01
-0.031
-0.058
-0.043
-0.1
0.061
0.06
0.046
0.059
0.191
0.074
0.041
0.1
0.17
0.184
0.21
0.214
0.292
0.238
0.324
0.236
0.43
0.381
0.206
0.273
0.385
0.404
0.419
0.349
0.499
0.405
0.376
0.49
0.503
0.417
0.535
0.474
0.526
0.365
0.319
0.09
0.171
0.092
-0.071
-0.045
-0.011
0.016
0.033
-0.177
-0.242
-0.193
-0.046
-0.041
0.019
0.158
0.329
0.37
0.519
0.492
0.524
0.505
0.424
0.503
0.444
0.473
0.438
0.356
0.29
0.305
0.32
0.24
0.288
0.281
0.241
0.205
0.22
0.201
0.176
0.179
0.193
0.131
-0.011
0.081
-0.037
-0.089
-0.13
-0.046
-0.19
-0.271
-0.247
-0.275
-0.291
-0.372
-0.421
-0.417
-0.38
-0.495
-0.509
-0.589
-0.596
-0.624
-0.585
-0.581
-0.698
-0.636
-0.682
-0.621
-0.638
-0.549
-0.546
-0.346
-0.263
-0.177
-0.003
0.06
-0.022
0.015
0.094
0.052
0.149
0.139
0.079
0.275
0.101
0.075
0.061
0.028
0.055
0.076
0.143
0.376
0.545
0.65
0.599
0.619
0.771
0.82
1.066
1.009
0.976
0.916
0.782
0.651
0.369
0.279
0.25
0.369
0.482
0.118
-0.028
-0.169
-0.352
-0.307
-0.419
-0.495
-0.395
-0.448
-0.274
-0.466
-0.439
-0.383
-0.362
-0.357
-0.49
-0.372
-0.404
-0.104
-0.151
-0.152
-0.26
-0.305
-0.195
-0.385
-0.289
-0.216
-0.31
-0.369
-0.301
-0.338
-0.251
-0.285
-0.253
-0.228
-0.281
-0.261
-0.541
-0.5
-0.468
-0.515
-0.501
-0.609
-0.545
-0.644
-0.646
-0.744
-0.828
-0.936
-0.99
-0.991
-0.912
-0.895
-0.741
-0.861
-0.95
-0.944
-0.794
-0.719
-0.709
-0.785
-0.839
-0.839
-0.619
-0.676
-0.556
-0.417
-0.323
-0.163
-0.113
0.025
0.005
-0.033
0.221
0.184
0.163
0.258
0.106
0.383
0.244
0.393
0.508
0.672
0.586
0.451
0.559
0.421
0.512
0.494
0.406
0.329
0.316
0.259
0.08
-0.119
-0.286
-0.38
-0.125
-0.096
-0.182
-0.292
-0.291
-0.36
-0.256
-0.302
-0.324
-0.249
-0.306
-0.16
-0.085
-0.349
-0.316
-0.456
-0.196
-0.426
-0.492
-0.474
-0.571
-0.506
-0.578
-0.352
-0.331
-0.314
-0.139
-0.134
-0.016
-0.146
0.015
0.149
0.015
0.211
0.175
0.113
0.039
-0.072
-0.299
-0.233
-0.361
-0.417
-0.475
-0.566
-0.416
-0.451
-0.485
-0.575
-0.521
-0.491
-0.37
-0.459
-0.226
-0.4
-0.441
-0.464
-0.334
-0.225
-0.103
0.031
0.175
0.065
-0.018
-0.03
0.119
0.04
0.096
0.107
0.221
0.266
0.302
0.366
0.236
0.214
0.107
0.146
0.04
-0.011
-0.011
-0.061
0.006
0.111
0.035
-0.061
-0.151
-0.194
-0.335
-0.276
-0.376
-0.546
-0.574
-0.598
-0.775
-0.664
-0.828
-0.719
-0.845
-0.915
-0.996
-1.115
-1.044
-0.897
-0.929
-1.034
-1.143
-1.141
-1.001
-0.953
-0.935
-0.934
-0.825
-0.693
-0.735
-0.671
-0.715
-0.473
-0.189
-0.234
-0.03
0.101
0.205
0.354
0.404
0.344
0.505
0.633
0.611
0.691
0.735
0.946
0.863
0.71
0.713
0.667
0.54
0.56
0.581
0.456
0.424
0.408
0.417
0.314
0.151
-0.014
-0.058
-0.165
-0.214
-0.338
-0.274
-0.443
-0.593
-0.796
-0.715
-0.924
-1.041
-1.107
-1.216
-1.272
-1.171
-1.248
-1.2
-1.241
-1.236
-1.299
-1.008
-0.869
-0.899
-0.87
-0.724
-0.733
-0.766
-0.79
-0.769
-0.583
-0.686
-0.512
-0.517
-0.575
-0.626
-0.65
-0.487
-0.698
-0.546
-0.487
-0.424
-0.413
-0.522
-0.41
-0.37
-0.326
0.029
0.141
0.209
0.249
0.224
0.408
0.38
0.566
0.784
0.789
0.863
0.916
0.924
0.835
0.59
0.589
0.665
0.629
0.57
0.521
0.591
0.414
0.263
0.224
0.103
0.253
0.365
0.36
0.35
0.296
0.391
0.299
0.315
0.201
0.095
0.026
-0.114
-0.166
-0.266
-0.285
-0.206
-0.098
-0.007
0.074
0.026
0.086
0.149
0.146
0.077
0.095
0.013
0.131
0.019
0.011
0.124
0.194
0.124
0.147
0.035
0.021
-0.001
-0.133
-0.096
-0.255
-0.302
-0.25
-0.224
-0.258
-0.18
-0.089
-0.124
0.013
0.075
0.314
0.593
0.625
0.629
0.48
0.421
0.39
0.649
0.749
0.745
0.6
0.641
0.616
0.601
0.672
0.614
0.474
0.398
0.359
0.487
0.335
0.334
0.288
0.185
0.147
0.001
0.099
0.086
0.007
-0.181
-0.221
-0.254
-0.296
-0.376
-0.409
-0.43
-0.43
-0.405
-0.28
-0.292
-0.304
-0.261
-0.329
-0.28
-0.28
-0.454
-0.451
-0.529
-0.586
-0.574
-0.761
-0.939
-0.873
-1.05
-0.983
-1.045
-1.164
-1.064
-1.03
-0.996
-1.208
-1.014
-1.101
-0.971
-0.978
-1.12
-1.03
-1.018
-1.04
-0.968
-1.083
-1.028
-0.949
-0.925
-0.934
-0.694
-0.704
-0.688
-0.551
-0.654
-0.595
-0.636
-0.593
-0.701
-0.92
-0.871
-0.816
-0.922
-0.956
-0.699
-0.719
-0.691
-0.519
-0.306
-0.17
-0.196
-0.109
0.013
0.089
0.194
0.292
0.339
0.454
0.506
0.357
0.383
0.526
0.654
0.684
0.781
0.749
1.326
1.387
1.349
1.498
1.248
1.375
1.306
1.115
0.996
0.945
1.012
0.916
0.85
0.749
0.666
0.506
0.551
0.48
0.445
0.481
0.36
0.438
0.403
0.384
0.354
0.221
0.139
0.206
0.144
0.026
-0.015
-0.099
-0.075
0.06
-0.156
-0.19
-0.048
-0.037
-0.034
0.062
0.045
0.075
0.025
0.013
0.022
0.079
0.007
0.044
-0.139
-0.152
-0.201
-0.29
-0.238
-0.276
-0.251
-0.165
-0.025
0.06
0.225
0.341
0.311
0.245
0.173
0.086
0.061
0.04
-0.039
0.081
0.049
0.058
-0.016
0.045
-0.084
-0.214
-0.165
-0.203
-0.15
-0.238
-0.209
-0.436
-0.375
-0.285
-0.217
-0.371
-0.432
-0.49
-0.359
-0.341
-0.478
-0.595
-0.716
-0.76
-0.871
-0.802
-0.753
-0.765
-0.713
-0.866
-0.912
-0.935
-0.848
-0.893
-0.69
-0.646
-0.415
-0.441
-0.54
-0.464
-0.557
-0.571
-0.639
-0.562
-0.425
-0.07
0.203
0.231
0.325
0.441
0.304
0.206
0.201
0.176
0.233
0.124
0.223
0.294
0.385
0.628
0.654
0.806
0.816
0.828
0.839
0.909
0.771
0.825
0.811
0.786
0.6
0.539
0.471
0.49
0.41
0.527
0.475
0.415
0.239
0.25
0.23
0.122
0.163
0.03
-0.041
-0.115
-0.118
-0.13
-0.299
-0.371
-0.301
-0.191
-0.28
-0.443
-0.306
-0.369
-0.394
-0.32
-0.278
-0.206
-0.217
-0.04
-0.034
-0.1
-0.128
0.02
0.0
-0.001
-0.083
-0.212
-0.118
-0.234
-0.328
-0.251
-0.219
-0.07
-0.189
-0.367
-0.107
-0.201
0.007
0.05
-0.051
-0.092
-0.181
-0.261
-0.294
-0.209
-0.352
-0.349
-0.393
-0.535
-0.541
-0.672
-0.438
-0.474
-0.466
-0.281
-0.301
-0.286
-0.422
-0.283
-0.344
-0.29
-0.171
-0.266
-0.17
-0.242
-0.23
-0.236
-0.354
-0.419
-0.256
-0.143
-0.08
0.01
-0.049
0.116
0.22
0.33
0.344
0.311
0.43
0.301
0.246
0.08
0.133
0.174
0.182
0.085
0.046
0.031
-0.031
0.094
0.177
0.159
0.116
0.069
-0.051
-0.126
-0.306
-0.318
-0.393
-0.405
-0.53
-0.434
-0.406
-0.492
-0.45
-0.247
-0.453
-0.39
-0.42
-0.475
-0.468
-0.588
-0.508
-0.415
-0.294
-0.249
-0.318
-0.348
-0.328
-0.352
-0.314
-0.406
-0.51
-0.453
-0.221
-0.269
0.076
-0.058
-0.122
0.014
-0.091
0.029
0.138
0.147
0.242
0.119
-0.05
-0.191
-0.059
-0.044
-0.191
-0.133
-0.17
-0.029
-0.022
-0.041
-0.084
-0.146
-0.216
-0.101
-0.116
-0.304
-0.305
-0.343
-0.344
-0.384
-0.395
-0.378
-0.464
-0.276
-0.361
-0.286
-0.331
-0.145
-0.126
-0.164
-0.104
-0.191
-0.203
-0.155
-0.26
-0.223
-0.226
-0.186
-0.022
0.001
0.143
0.115
0.105
0.191
0.247
0.125
0.158
0.233
0.339
0.458
0.491
0.545
0.431
0.49
0.37
0.429
0.396
0.364
0.512
0.453
0.47
0.395
0.26
0.314
0.147
0.186
0.266
0.369
0.404
0.37
0.375
0.247
0.24
0.106
0.106
0.056
0.072
0.06
0.037
0.071
-0.061
-0.046
-0.028
0.064
0.011
-0.136
-0.096
-0.106
-0.158
-0.189
-0.028
-0.106
-0.105
0.015
0.091
0.03
-0.121
-0.062
0.184
0.219
0.233
0.302
0.406
0.325
0.336
0.224
0.194
0.146
0.3
0.362
0.255
0.306
0.374
0.555
0.566
0.628
0.62
0.636
0.74
0.598
0.774
0.685
0.713
0.938
0.896
0.95
0.858
0.836
0.841
0.635
0.6
0.534
0.396
0.208
0.286
0.116
-0.013
0.04
0.163
0.043
0.074
-0.085
0.052
-0.025
0.166
0.134
0.15
0.324
0.165
0.158
0.184
0.17
0.048
-0.052
-0.115
0.086
-0.029
0.003
0.036
-0.022
-0.043
-0.091
-0.149
-0.095
-0.156
-0.092
-0.118
-0.099
-0.111
-0.028
0.103
0.051
0.034
0.004
0.135
-0.07
0.168
0.295
0.336
0.345
0.311
0.404
0.399
0.323
0.244
-0.054
-0.077
-0.185
-0.149
-0.26
-0.158
-0.256
-0.441
-0.436
-0.199
-0.083
-0.219
-0.135
-0.233
-0.23
-0.307
-0.323
-0.326
-0.25
-0.268
-0.354
-0.388
-0.439
-0.562
-0.652
-0.659
-0.665
-0.603
-0.568
-0.61
-0.411
-0.406
-0.302
-0.04
-0.075
-0.101
-0.077
0.034
0.12
0.151
0.094
0.301
0.083
0.312
0.465
0.436
0.534
0.652
0.711
0.677
0.856
0.821
0.824
0.899
0.801
0.843
0.706
0.576
0.705
0.435
0.316
0.22
0.21
0.328
0.246
0.19
0.121
0.06
0.086
-0.103
-0.135
-0.036
-0.007
-0.015
-0.058
-0.146
-0.263
-0.129
-0.241
-0.389
-0.139
-0.166
-0.121
-0.1
-0.081
-0.158
-0.14
-0.098
-0.138
0.025
0.121
0.186
0.191
0.22
0.219
0.228
0.326
0.566
0.606
0.776
0.851
0.774
0.834
0.753
0.677
0.723
0.486
0.69
0.685
0.695
0.728
0.66
0.786
0.741
0.79
0.718
0.649
0.72
0.691
0.689
0.571
0.821
0.758
0.768
0.851
0.68
0.729
0.77
0.696
0.644
0.655
0.574
0.574
0.59
0.495
0.588
0.654
0.804
0.846
0.945
0.996
1.024
1.125
1.019
0.981
0.965
0.936
1.002
0.96
0.988
1.065
1.134
1.173
1.326
1.177
1.064
0.943
0.96
0.895
0.781
0.568
0.299
0.603
0.534
0.369
0.336
0.186
0.079
0.118
-0.081
0.013
-0.147
-0.208
-0.405
-0.438
-0.59
-0.605
-0.661
-0.824
-0.823
-1.028
-0.983
-1.01
-0.976
-0.909
-1.044
-0.907
-0.951
-1.012
-1.031
-1.089
-1.059
-1.131
-1.036
-1.299
-1.446
-1.446
-1.314
-1.435
-1.361
-1.381
-1.265
-1.476
-1.347
-1.326
-1.176
-1.364
-1.466
-1.375
-1.254
-1.211
-1.124
-1.022
-0.83
-0.946
-0.974
-0.795
-0.87
-0.72
-0.804
-0.72
-0.7
-0.63
-0.496
-0.22
-0.136
-0.07
-0.07
-0.134
-0.114
-0.136
-0.04
-0.085
-0.031
-0.001
-0.046
0.061
-0.196
-0.124
-0.133
-0.006
0.129
0.08
0.159
0.071
-0.056
-0.177
-0.215
-0.234
-0.165
-0.135
-0.09
0.033
0.041
0.194
0.341
0.346
0.391
0.316
0.269
0.321
0.46
0.451
0.552
0.628
0.713
0.681
0.649
0.531
0.48
0.61
0.524
0.519
0.331
0.288
0.151
0.155
0.264
0.263
0.364
0.275
0.536
0.539
0.315
0.583
0.895
0.844
0.785
0.955
1.009
1.006
0.941
0.964
1.059
0.958
0.855
0.7
0.777
0.919
0.664
0.734
0.765
0.588
0.775
0.72
0.581
0.458
0.356
0.344
0.312
0.051
-0.049
-0.129
-0.152
-0.1
-0.302
-0.3
-0.159
-0.136
-0.271
-0.459
-0.449
-0.557
-0.724
-0.901
-1.024
-1.31
-1.401
-1.45
-1.357
-1.46
-1.506
-1.453
-1.454
-1.578
-1.694
-1.639
-1.411
-1.255
-1.218
-1.23
-1.131
-1.114
-1.127
-1.022
-1.157
-1.165
-1.26
-1.57
-1.607
-1.633
-1.538
-1.495
-1.386
-1.224
-1.155
-1.06
-1.074
-0.998
-0.885
-0.721
-0.698
-0.564
-0.635
-0.675
-0.355
-0.496
-0.352
-0.339
-0.152
-0.185
-0.281
-0.185
-0.074
0.049
0.075
0.186
0.191
0.245
0.292
0.039
0.335
0.511
0.681
0.677
0.686
0.804
0.797
0.926
0.799
0.794
0.731
0.901
0.834
0.897
0.941
1.009
1.157
0.999
0.963
1.004
0.979
0.86
0.875
0.772
0.774
0.5
0.43
0.356
0.356
0.201
0.003
-0.077
-0.156
-0.163
-0.223
-0.265
-0.161
-0.234
-0.154
-0.361
-0.492
-0.369
-0.336
-0.454
-0.503
-0.532
-0.603
-0.531
-0.32
-0.386
-0.297
-0.36
-0.292
-0.278
-0.246
-0.175
-0.107
0.114
-0.035
0.006
0.211
0.266
0.258
0.253
0.236
0.244
0.24
0.174
0.014
-0.011
-0.024
-0.019
-0.011
0.075
-0.136
-0.328
-0.479
-0.575
-0.709
-0.682
-0.849
-0.889
-0.893
-1.032
-0.958
-0.905
-0.959
-0.911
-0.854
-0.876
-0.87
-0.869
-0.994
-0.959
-1.009
-1.031
-1.24
-1.345
-1.244
-1.335
-1.355
-1.229
-1.095
-1.094
-0.909
-0.841
-0.713
-0.731
-0.665
-0.585
-0.853
-0.519
-0.389
-0.45
-0.455
-0.306
-0.168
-0.271
-0.233
-0.094
-0.058
0.049
0.056
-0.031
0.239
0.203
0.3
0.254
0.395
0.365
0.446
0.539
0.628
0.609
0.464
0.497
0.593
0.566
0.646
0.516
0.565
0.636
0.624
0.586
0.448
0.594
0.61
0.844
0.787
0.688
0.645
0.494
0.529
0.422
0.306
0.326
0.152
0.2
-0.009
0.045
-0.043
0.009
-0.151
-0.119
-0.45
-0.393
-0.329
-0.494
-0.289
-0.315
-0.258
-0.247
-0.343
-0.259
-0.151
-0.241
-0.286
-0.184
-0.22
-0.184
-0.333
-0.326
-0.268
-0.281
-0.159
-0.139
-0.194
-0.198
-0.25
-0.316
-0.211
-0.21
-0.211
-0.281
-0.334
-0.376
-0.297
-0.396
-0.565
-0.635
-0.504
-0.473
-0.43
-0.331
-0.208
-0.478
-0.521
-0.619
-0.59
-0.486
-0.555
-0.371
-0.416
-0.61
-0.618
-0.545
-0.494
-0.576
-0.584
-0.519
-0.378
-0.35
-0.225
-0.229
-0.088
-0.064
0.075
0.138
0.199
0.458
0.549
0.68
0.797
0.859
0.72
0.921
0.904
0.834
0.805
0.734
0.736
0.876
0.907
0.875
0.905
0.844
0.738
0.645
0.56
0.562
0.494
0.362
0.378
0.292
0.198
0.17
0.208
0.045
0.006
0.028
-0.018
-0.055
-0.066
-0.098
0.04
0.094
0.111
0.203
0.12
-0.064
-0.188
-0.323
-0.295
-0.126
-0.185
-0.21
-0.268
-0.44
-0.376
-0.552
-0.599
-0.55
-0.501
-0.473
-0.454
-0.58
-0.791
-0.73
-0.63
-0.638
-0.505
-0.453
-0.484
-0.376
-0.417
-0.329
-0.228
-0.288
-0.231
-0.11
-0.122
0.099
0.105
0.134
0.191
0.163
0.074
0.039
0.104
0.056
0.048
0.19
0.245
0.081
0.044
-0.048
-0.236
-0.386
-0.315
-0.263
-0.134
-0.2
-0.19
-0.21
-0.103
-0.259
-0.244
-0.191
-0.062
-0.233
-0.181
-0.225
-0.191
-0.246
-0.292
-0.296
-0.188
-0.105
-0.083
-0.305
-0.198
-0.289
-0.164
-0.134
-0.168
-0.138
-0.069
0.022
-0.131
0.055
-0.036
0.188
0.258
0.235
0.191
0.255
0.406
0.486
0.454
0.454
0.578
0.565
0.66
0.654
0.993
1.258
1.374
1.375
1.44
1.314
1.271
1.193
1.189
1.065
1.065
0.82
0.719
0.6
0.511
0.258
0.094
0.001
-0.126
-0.206
-0.094
-0.04
-0.065
0.111
-0.037
-0.111
-0.024
0.004
0.05
0.111
0.194
0.179
0.191
0.22
0.331
0.285
0.396
0.365
0.383
0.235
0.265
0.228
0.039
-0.022
0.058
-0.004
0.046
0.094
0.0
-0.045
-0.07
0.066
0.156
0.212
0.16
0.175
0.109
0.224
0.191
0.134
0.261
0.095
0.049
0.061
-0.044
-0.074
-0.077
-0.194
-0.209
-0.269
-0.289
-0.19
-0.325
-0.326
-0.398
-0.492
-0.557
-0.63
-0.594
-0.735
-0.786
-0.651
-0.661
-0.906
-0.741
-0.677
-0.754
-0.667
-0.689
-0.656
-0.429
-0.362
-0.271
-0.276
-0.379
-0.426
-0.158
-0.205
-0.259
-0.343
-0.32
-0.374
-0.362
-0.266
-0.371
-0.283
-0.216
-0.147
-0.094
-0.084
0.031
0.076
-0.024
0.051
-0.095
0.026
0.072
0.121
0.211
0.205
0.333
0.508
0.491
0.526
0.499
0.71
0.713
0.784
0.664
0.646
0.593
0.777
0.81
0.775
0.782
0.685
0.646
0.584
0.621
0.535
0.691
0.666
0.735
0.835
0.785
0.796
0.904
0.65
0.67
0.491
0.374
0.307
0.105
0.241
0.092
-0.1
-0.169
-0.265
-0.291
-0.424
-0.481
-0.43
-0.463
-0.364
-0.346
-0.36
-0.228
-0.253
-0.271
-0.33
-0.283
-0.242
-0.045
-0.109
-0.134
-0.28
-0.27
-0.154
-0.091
-0.049
0.034
0.105
0.255
0.239
0.276
0.26
0.176
0.16
0.116
0.106
0.05
-0.089
-0.211
-0.133
-0.244
-0.26
-0.292
-0.306
-0.263
-0.209
-0.276
-0.385
-0.496
-0.427
-0.432
-0.424
-0.381
-0.414
-0.395
-0.261
-0.372
-0.254
-0.28
-0.291
-0.349
-0.37
-0.379
-0.403
-0.405
-0.305
-0.116
0.015
-0.03
0.065
0.138
0.094
0.059
0.119
0.149
0.145
0.105
0.176
0.147
0.2
0.29
0.295
0.365
0.289
0.339
0.226
0.141
0.048
-0.004
-0.111
-0.029
-0.076
-0.052
0.0
-0.09
0.036
-0.145
-0.049
0.154
0.191
0.17
0.275
0.208
0.253
0.266
0.283
0.486
0.446
0.443
0.496
0.485
0.454
0.49
0.506
0.649
0.594
0.85
0.77
0.983
0.799
0.655
0.756
0.716
0.526
0.421
0.128
0.029
-0.044
-0.184
-0.062
-0.011
-0.128
0.015
0.044
-0.114
0.028
-0.06
-0.075
-0.26
0.104
0.105
0.124
0.069
0.089
0.015
-0.129
-0.035
0.066
-0.015
-0.045
-0.115
-0.195
-0.233
-0.224
-0.339
-0.297
-0.185
-0.359
-0.425
-0.547
-0.685
-0.682
-0.739
-0.689
-0.645
-0.614
-0.598
-0.554
-0.569
-0.546
-0.434
-0.391
-0.376
-0.422
-0.461
-0.497
-0.449
-0.531
-0.484
-0.361
-0.359
-0.385
-0.25
-0.305
-0.261
-0.341
-0.349
-0.314
-0.396
-0.556
-0.474
-0.328
-0.32
-0.1
0.074
-0.059
0.11
-0.003
0.043
0.195
0.091
0.074
0.22
0.208
0.31
0.25
0.339
0.15
0.247
0.357
0.361
0.63
0.438
0.53
0.564
0.623
0.598
0.61
0.626
0.682
0.647
0.554
0.4
0.555
0.384
0.438
0.292
0.169
0.105
0.12
0.088
0.185
0.114
0.225
0.214
0.174
0.18
0.241
0.295
0.348
0.406
0.496
0.559
0.421
0.436
0.497
0.458
0.44
0.451
0.38
0.297
0.254
0.066
0.041
-0.075
-0.013
0.1
0.098
0.241
0.138
0.151
0.221
0.3
0.362
0.283
0.386
0.454
0.588
0.603
0.746
0.802
0.719
0.995
0.776
0.853
0.71
0.763
0.731
0.635
0.526
0.349
0.429
0.364
0.416
0.458
0.529
0.559
0.552
0.495
