-0.875
-1.11
-1.137
-0.917
-0.814
-0.799
-0.835
-0.815
-0.782
-0.823
-1.18
-1.139
-1.059
-1.036
-1.196
-1.133
-0.855
-0.726
-0.74
-0.694
-0.7
-0.64
-0.515
-0.335
-0.361
-0.635
-0.715
-0.922
-0.782
-1.021
-1.097
-0.86
-0.864
-0.939
-0.869
-0.704
-0.645
-0.394
-0.401
-0.406
-0.286
-0.214
-0.344
-0.458
-0.417
-0.508
-0.389
-0.289
-0.355
-0.284
-0.216
-0.084
-0.133
-0.052
0.114
0.154
0.216
0.147
0.199
0.091
0.048
-0.016
-0.058
0.071
0.215
0.198
0.333
0.365
0.355
0.604
0.55
0.677
0.554
0.527
0.316
0.331
0.203
0.355
0.55
0.815
0.811
0.76
0.795
0.754
0.698
0.721
0.738
0.426
0.139
0.031
0.004
-0.088
-0.199
-0.026
0.141
0.07
0.061
-0.031
-0.024
-0.155
-0.193
-0.38
-0.677
-0.659
-0.999
-0.991
-0.975
-0.876
-1.123
-1.127
-1.074
-0.86
-0.856
-0.853
-0.574
-0.329
-0.01
0.177
0.264
0.416
0.224
0.35
0.446
0.542
0.492
0.501
0.448
0.554
0.526
0.458
0.492
0.429
0.575
0.419
0.206
0.056
0.098
-0.04
-0.045
0.011
0.046
0.269
0.177
0.121
0.168
0.138
0.098
0.092
0.3
0.072
0.152
-0.005
-0.048
-0.013
0.044
0.193
0.077
0.062
0.094
0.126
0.062
0.299
-0.028
0.101
0.233
0.266
0.304
0.189
0.182
0.189
0.174
0.254
0.241
0.077
-0.004
0.154
0.104
0.029
-0.022
-0.064
-0.138
-0.115
-0.115
-0.163
-0.058
-0.274
-0.092
0.071
0.334
0.168
0.264
0.221
0.17
0.124
0.146
0.4
0.599
0.599
0.561
0.537
0.521
0.535
0.515
0.445
0.398
0.554
0.723
0.858
0.66
0.768
0.6
0.485
0.259
0.028
-0.098
-0.241
-0.239
-0.091
-0.255
-0.005
-0.031
0.072
0.111
-0.001
-0.006
-0.212
-0.106
-0.179
-0.473
-0.378
-0.35
-0.144
-0.15
-0.286
-0.182
-0.185
-0.095
0.043
0.025
0.139
0.168
0.201
0.105
0.08
0.101
0.037
0.095
-0.253
-0.265
-0.461
-0.338
-0.451
-0.414
-0.254
-0.379
-0.422
-0.404
-0.209
-0.143
0.055
-0.033
0.101
0.08
0.199
0.264
0.324
0.494
0.296
0.384
0.654
0.319
0.223
0.221
0.24
0.147
0.139
0.211
0.026
-0.055
0.139
0.238
0.205
0.133
0.206
0.146
-0.009
0.238
0.062
0.06
-0.001
-0.043
-0.149
-0.109
-0.05
0.043
0.19
0.075
0.018
0.004
-0.215
-0.156
0.084
0.233
0.234
0.324
0.409
0.408
0.324
0.135
0.136
-0.086
0.04
0.072
-0.075
-0.304
-0.241
-0.169
-0.149
-0.31
-0.247
-0.286
-0.388
-0.475
-0.42
-0.379
-0.381
-0.265
-0.109
0.054
0.106
0.058
0.229
0.21
0.223
0.378
0.258
0.271
0.3
0.5
0.509
0.479
0.759
0.744
0.94
1.014
1.045
1.088
0.968
1.05
0.81
0.904
0.839
0.932
0.754
0.796
0.719
0.738
0.544
0.404
0.284
0.035
-0.01
-0.236
-0.417
-0.469
-0.608
-0.63
-0.706
-0.734
-0.705
-0.755
-0.635
-0.64
-0.522
-0.635
-0.775
-0.841
-0.786
-0.876
-0.708
-0.666
-0.823
-0.636
-0.664
-0.593
-0.755
-0.721
-0.758
-0.667
-0.679
-0.594
-0.685
-0.68
-0.934
-0.809
-0.595
-0.735
-0.781
-0.662
-0.641
-0.785
-0.665
-0.797
-0.713
-0.67
-0.573
-0.534
-0.389
-0.42
-0.588
-0.619
-0.585
-0.623
-0.804
-0.868
-1.134
-1.084
-1.031
-1.355
-1.074
-1.278
-1.196
-1.044
-1.044
-0.855
-0.776
-0.6
-0.339
-0.266
-0.01
0.011
0.44
0.456
0.541
0.646
0.771
0.763
0.789
1.0
1.245
1.311
1.431
1.425
1.425
1.633
1.471
1.505
1.376
1.239
1.265
1.431
1.502
1.512
1.376
1.431
1.47
1.456
1.565
1.461
1.501
1.333
1.173
1.046
0.654
0.651
0.526
0.374
0.362
0.261
0.419
0.253
0.084
-0.03
-0.129
-0.27
-0.346
-0.261
-0.334
-0.526
-0.621
-0.682
-0.786
-0.896
-0.686
-0.789
-0.819
-0.676
-0.777
-0.802
-0.664
-0.583
-0.646
-0.583
-0.786
-0.806
-0.985
-1.074
-1.164
-1.188
-1.131
-0.999
-0.844
-0.838
-0.539
-0.432
-0.21
-0.035
0.065
0.19
0.239
0.098
0.086
0.198
0.005
0.034
0.209
0.283
0.414
0.254
0.435
0.031
0.199
0.179
0.285
0.529
0.19
0.174
0.171
0.165
0.04
0.028
0.455
0.546
0.724
0.829
0.74
0.699
0.595
0.728
0.621
0.496
0.539
0.645
0.55
0.331
0.217
0.285
0.344
0.335
0.356
0.265
0.173
0.016
-0.085
0.062
0.094
0.256
0.409
0.253
0.163
0.258
0.169
0.02
-0.085
-0.114
0.006
-0.228
-0.208
-0.154
0.019
0.17
0.249
0.146
0.273
0.264
0.158
0.396
0.456
0.398
0.4
0.279
0.311
0.329
0.424
0.574
0.726
0.766
0.805
0.879
0.82
0.78
0.834
0.886
0.728
0.95
0.684
0.492
0.372
0.194
0.242
0.061
0.288
0.095
0.214
0.159
0.184
0.104
0.13
-0.022
0.021
0.045
-0.066
-0.151
-0.367
-0.278
-0.55
-0.633
-0.43
-0.744
-0.405
-0.749
-0.551
-0.511
-0.386
-0.511
-0.38
-0.32
-0.455
-0.215
-0.084
0.111
0.291
0.434
0.406
0.445
0.424
0.455
0.426
0.615
0.69
0.672
0.636
0.646
0.474
0.624
0.6
0.684
0.629
0.46
0.416
0.259
0.196
0.244
0.121
-0.015
-0.158
-0.039
-0.048
-0.152
-0.22
-0.138
-0.128
-0.099
-0.072
-0.114
-0.101
-0.242
0.031
0.058
0.101
-0.161
-0.05
-0.091
-0.05
0.029
0.179
0.285
0.285
0.062
0.045
0.09
0.08
0.058
0.185
0.326
0.005
0.219
0.456
0.398
0.474
0.566
0.63
0.586
0.604
0.545
0.524
0.492
0.478
0.366
0.453
0.076
-0.041
-0.085
-0.141
0.01
0.065
0.08
0.114
0.144
0.045
0.011
-0.079
0.121
-0.007
-0.355
-0.32
-0.525
-0.351
-0.45
-0.319
-0.379
-0.182
-0.219
-0.16
-0.177
-0.314
-0.302
-0.379
-0.497
-0.515
-0.629
-0.654
-0.359
-0.576
-0.521
-0.556
-0.554
-0.405
-0.505
-0.223
-0.259
-0.14
-0.155
0.052
0.205
0.13
0.199
0.22
0.372
0.219
0.28
0.416
0.574
0.526
0.659
0.584
0.512
0.351
0.29
0.32
0.329
0.111
0.028
-0.033
-0.019
-0.037
-0.171
-0.36
-0.11
-0.092
-0.013
-0.006
-0.029
-0.069
-0.065
-0.036
-0.179
-0.321
-0.451
-0.336
-0.398
-0.568
-0.434
-0.776
-0.569
-0.62
-0.454
-0.432
-0.536
-0.573
-0.526
-0.578
-0.795
-0.551
-0.682
-0.64
-0.601
-0.791
-0.84
-0.815
-0.555
-0.455
-0.424
-0.439
-0.365
-0.226
-0.336
-0.443
-0.389
-0.624
-0.175
-0.149
-0.06
0.043
0.019
0.092
0.266
0.217
0.169
0.32
0.236
0.193
0.022
0.051
-0.096
0.0
-0.25
-0.266
-0.305
-0.276
-0.13
-0.056
-0.23
-0.325
-0.275
0.147
0.311
0.48
0.569
0.879
0.75
0.841
0.725
0.792
0.961
0.861
1.016
1.24
1.194
1.405
1.381
1.379
1.376
1.359
1.315
1.278
1.204
0.965
1.061
0.981
0.943
0.989
0.916
0.935
0.776
0.593
0.508
0.508
0.751
0.698
0.815
0.522
0.505
0.537
0.616
0.591
0.606
0.512
0.454
0.399
0.241
0.241
0.297
0.034
0.04
0.151
0.216
0.241
0.201
0.311
0.321
-0.014
0.059
0.208
0.196
0.133
0.066
0.095
-0.009
0.125
0.121
0.264
0.195
0.13
0.133
0.177
0.255
0.245
0.139
0.168
0.03
0.15
0.189
0.195
0.086
0.052
0.119
0.176
-0.059
-0.103
-0.299
-0.385
-0.491
-0.656
-0.422
-0.375
-0.365
-0.319
-0.427
-0.446
-0.451
-0.494
-0.328
-0.451
-0.544
-0.315
-0.205
-0.319
-0.279
-0.284
-0.09
0.014
0.01
0.211
0.36
0.524
0.269
0.049
0.074
-0.118
0.031
-0.116
-0.143
-0.201
-0.163
0.024
-0.096
-0.095
0.099
0.085
-0.206
-0.011
0.041
0.039
-0.039
-0.103
-0.059
-0.154
0.043
-0.06
0.003
-0.056
-0.121
-0.156
-0.221
-0.107
-0.179
-0.126
-0.029
0.03
-0.011
0.119
-0.006
0.116
0.056
0.203
-0.045
0.106
-0.015
-0.147
0.014
-0.256
-0.101
-0.143
-0.195
-0.113
-0.151
-0.12
-0.365
-0.276
-0.461
-0.524
-0.314
-0.305
-0.278
-0.245
-0.269
-0.253
-0.177
-0.166
0.009
-0.01
-0.096
0.011
-0.2
0.051
0.169
0.359
0.399
0.45
0.539
0.535
0.564
0.509
0.286
0.234
0.168
0.312
0.312
0.268
0.295
0.318
0.458
0.681
0.5
0.552
0.524
0.48
0.517
0.376
0.436
0.388
0.199
0.205
0.239
0.419
0.245
0.361
0.401
0.189
0.217
0.11
0.305
0.408
0.569
0.546
0.585
0.454
0.593
0.409
0.339
0.152
0.103
0.216
0.019
0.039
-0.049
-0.128
-0.134
-0.113
0.001
-0.352
-0.288
-0.173
-0.214
-0.037
-0.251
-0.14
-0.119
-0.1
-0.194
-0.129
-0.15
-0.08
-0.079
0.16
0.052
0.18
0.233
-0.004
0.113
-0.101
0.033
-0.249
-0.255
-0.219
-0.179
-0.181
-0.464
-0.269
0.103
-0.037
0.034
-0.146
-0.179
-0.025
0.144
0.182
0.268
0.331
0.536
0.64
0.854
1.093
1.12
1.094
1.064
0.863
1.026
1.078
0.924
1.011
1.058
0.944
1.066
0.998
0.998
0.9
0.914
0.973
0.764
0.677
0.509
0.275
0.297
0.255
0.27
0.195
0.319
0.2
0.15
0.189
0.258
0.325
0.333
0.416
0.504
0.492
0.642
0.669
0.706
0.59
0.544
0.43
0.449
0.228
0.361
0.041
0.011
-0.152
-0.211
-0.299
-0.369
-0.49
-0.451
-0.58
-0.534
-0.75
-0.62
-0.611
-0.578
-0.654
-0.753
-0.696
-0.998
-0.821
-0.777
-0.902
-0.781
-0.941
-0.902
-0.98
-1.125
-1.199
-1.24
-1.314
-1.518
-1.526
-1.449
-1.384
-1.424
-1.32
-1.394
-1.244
-1.163
-0.941
-0.861
-0.781
-0.749
-0.701
-0.391
-0.263
-0.141
-0.134
-0.031
-0.025
-0.064
-0.11
-0.094
0.144
0.263
0.216
0.03
0.007
-0.018
-0.045
0.13
0.037
0.19
0.152
0.045
-0.022
0.033
0.184
0.307
0.295
0.344
0.22
0.307
0.261
0.284
0.445
0.521
0.551
0.394
0.583
0.606
0.704
0.716
0.649
0.796
0.802
0.86
0.854
0.925
0.883
0.681
0.541
0.531
0.62
0.662
0.759
0.726
0.75
0.751
0.719
0.729
0.644
0.772
0.95
0.87
0.763
0.698
0.671
0.559
0.458
0.615
0.304
0.489
0.62
0.659
0.603
0.575
0.645
0.395
0.354
0.22
0.325
0.2
0.168
0.292
0.034
0.115
0.209
0.229
0.296
0.163
0.011
-0.039
0.034
0.05
0.113
0.115
0.254
0.2
0.231
0.129
0.011
0.049
0.118
0.085
0.011
-0.024
-0.138
-0.096
-0.149
-0.15
-0.205
-0.225
-0.215
-0.052
0.005
0.005
0.049
-0.014
-0.12
0.014
0.033
0.062
0.121
-0.179
-0.238
-0.195
-0.144
-0.059
-0.149
-0.249
-0.235
-0.236
-0.349
-0.304
-0.185
-0.408
-0.354
-0.516
-0.374
-0.539
-0.394
-0.225
-0.024
-0.077
0.125
0.138
0.024
0.181
0.228
0.149
0.217
0.354
0.468
0.555
0.561
0.459
0.522
0.512
0.575
0.424
0.355
0.344
0.28
0.201
0.181
0.043
0.021
-0.08
-0.022
-0.065
-0.236
-0.044
-0.016
-0.092
-0.147
-0.175
-0.016
-0.037
-0.03
-0.2
-0.251
-0.309
-0.242
-0.041
-0.179
-0.084
-0.033
-0.122
-0.115
-0.166
-0.149
-0.229
-0.184
-0.131
-0.133
-0.274
-0.164
-0.07
-0.056
0.03
-0.106
0.011
0.043
0.133
0.203
0.26
0.22
0.062
0.076
-0.079
-0.141
-0.274
-0.18
-0.256
-0.251
-0.228
-0.295
-0.344
-0.56
-0.344
-0.414
-0.455
-0.29
-0.283
-0.085
-0.233
-0.121
-0.147
0.059
0.217
0.168
0.174
0.242
0.283
0.28
0.357
0.394
0.223
0.165
0.098
0.114
0.025
-0.004
-0.144
-0.129
-0.188
-0.284
-0.177
-0.056
0.119
-0.09
0.001
-0.007
-0.091
-0.07
-0.076
0.226
0.275
0.471
0.573
0.508
0.307
0.265
0.223
0.251
0.271
0.174
0.321
0.231
-0.079
-0.055
0.03
0.294
0.238
0.161
0.02
-0.165
0.048
0.088
-0.004
0.051
-0.069
0.079
0.033
-0.019
0.051
0.094
0.143
0.171
0.23
0.098
0.006
0.29
0.294
0.276
0.251
0.152
0.189
0.07
-0.015
-0.135
-0.036
-0.101
0.065
0.113
0.223
0.164
0.259
0.166
0.221
0.33
0.22
0.403
0.369
0.451
0.374
0.352
0.469
0.22
0.356
0.398
0.23
0.449
0.302
0.254
0.291
0.331
0.37
0.388
0.429
0.482
0.515
0.44
0.306
0.05
-0.033
-0.176
-0.241
-0.381
-0.441
-0.421
-0.59
-0.676
-0.68
-0.494
-0.609
-0.606
-0.461
-0.506
-0.357
-0.381
-0.224
-0.188
-0.126
-0.095
-0.221
-0.015
-0.125
-0.216
-0.152
-0.12
-0.134
-0.105
-0.098
-0.095
-0.013
0.084
0.05
0.198
0.144
0.324
0.415
0.569
0.448
0.431
0.479
0.463
0.647
0.763
0.78
0.868
0.921
1.042
0.999
1.097
1.048
1.292
1.239
1.091
1.116
1.045
1.032
1.061
0.98
0.825
0.97
0.83
0.754
0.744
0.667
0.536
0.713
0.715
0.719
0.809
0.674
0.686
0.61
0.417
0.44
0.323
0.349
0.351
0.244
0.128
0.147
0.13
-0.044
-0.106
-0.159
-0.098
-0.307
-0.291
-0.399
-0.516
-0.629
-0.849
-0.754
-0.816
-0.926
-1.024
-1.004
-0.915
-1.073
-0.856
-0.8
-0.921
-0.926
-0.954
-0.984
-1.169
-1.198
-1.256
-1.384
-1.46
-1.279
-1.395
-1.367
-1.29
-1.31
-1.373
-1.088
-1.111
-0.868
-0.795
-0.825
-0.555
-0.524
-0.491
-0.405
-0.2
0.044
0.037
0.059
0.11
0.144
0.04
0.275
0.271
0.305
0.506
0.529
0.679
0.581
0.532
0.466
0.415
0.279
0.283
0.301
0.517
0.598
0.561
0.53
0.566
0.672
0.664
0.75
0.756
0.924
0.98
0.958
0.966
1.084
0.922
0.818
0.734
0.876
0.943
1.001
0.934
0.871
0.82
0.758
0.631
0.554
0.57
0.591
0.366
0.338
0.129
-0.021
0.059
-0.084
-0.179
-0.239
-0.295
-0.369
-0.338
-0.37
-0.391
-0.431
-0.29
-0.265
-0.44
-0.439
-0.439
-0.364
-0.389
-0.32
-0.247
-0.195
-0.208
-0.216
-0.224
-0.203
-0.199
-0.297
-0.371
-0.305
-0.454
-0.489
-0.631
-0.66
-0.7
-0.693
-0.705
-0.559
-0.453
-0.439
-0.573
-0.698
-0.639
-0.595
-0.667
-0.699
-0.68
-0.64
-0.706
-0.761
-1.032
-1.008
-1.0
-1.024
-0.995
-1.001
-1.046
-0.917
-0.875
-1.035
-0.814
-0.796
-0.688
-0.701
-0.624
-0.721
-0.802
-0.787
-0.635
-0.511
-0.624
-0.536
-0.357
-0.386
-0.372
-0.22
-0.215
-0.109
-0.297
-0.119
-0.072
0.076
0.206
0.404
0.509
0.688
0.54
0.568
0.733
0.63
0.736
0.685
0.749
0.662
0.804
0.624
0.824
0.978
1.08
1.093
1.127
1.075
1.0
1.039
0.858
0.807
0.753
0.628
0.569
0.482
0.554
0.556
0.453
0.404
0.385
0.297
0.323
0.251
0.182
0.201
0.143
0.235
0.24
0.246
0.279
0.04
0.136
0.266
0.247
0.302
0.344
0.269
0.42
0.557
0.471
0.534
0.487
0.573
0.642
0.677
0.858
0.968
0.953
0.988
0.929
0.659
0.545
0.485
0.469
0.311
0.309
0.261
0.181
0.15
0.071
-0.147
-0.126
-0.05
-0.316
-0.348
-0.174
-0.19
-0.147
0.015
0.004
-0.016
0.151
0.235
0.283
0.212
0.37
0.26
0.45
0.669
0.55
0.706
0.743
0.834
0.786
0.821
1.038
0.938
1.081
1.051
0.81
0.839
0.863
0.988
0.993
0.945
0.9
0.775
0.656
0.25
0.273
0.05
0.06
-0.016
-0.056
-0.039
0.055
0.003
0.074
-0.014
0.064
0.083
0.011
-0.186
-0.206
-0.357
-0.133
-0.273
-0.439
-0.475
-0.667
-0.644
-0.661
-0.662
-0.57
-0.633
-0.656
-0.69
-0.73
-0.836
-0.861
-0.768
-0.823
-0.821
-0.693
-0.733
-0.835
-0.701
-0.654
-0.574
-0.444
-0.522
-0.628
-0.432
-0.475
-0.516
-0.596
-0.53
-0.458
-0.65
-0.485
-0.48
-0.389
-0.385
-0.436
-0.291
-0.3
-0.23
-0.19
-0.326
-0.403
-0.285
-0.203
-0.209
0.079
0.304
0.236
0.297
0.492
0.552
0.396
0.416
0.384
0.288
0.304
0.09
0.2
0.404
0.355
0.489
0.54
0.639
0.606
0.779
0.769
0.725
0.779
0.794
0.931
0.911
0.94
0.9
0.991
1.0
1.024
0.959
1.018
0.799
0.85
0.775
0.675
0.598
0.677
0.699
0.383
0.215
0.106
0.184
0.176
0.046
-0.025
0.011
0.066
-0.152
-0.198
-0.278
-0.349
-0.371
-0.522
-0.504
-0.661
-0.711
-0.646
-0.642
-0.67
-0.55
-0.706
-0.664
-0.724
-0.691
-0.581
-0.596
-0.547
-0.568
-0.611
-0.619
-0.439
-0.47
-0.356
-0.281
-0.309
-0.29
-0.165
-0.031
-0.406
-0.306
-0.345
-0.335
-0.343
-0.389
-0.259
-0.242
-0.125
-0.155
-0.016
0.045
-0.085
0.01
-0.05
-0.006
-0.028
0.001
0.085
0.171
0.221
0.128
0.124
0.096
0.065
-0.021
-0.159
-0.088
-0.258
-0.16
-0.25
-0.149
-0.031
0.026
0.055
0.025
-0.107
0.06
0.045
0.161
0.11
0.189
-0.07
0.015
0.06
0.169
0.125
0.043
0.071
-0.12
-0.113
-0.116
0.001
0.029
0.014
0.144
0.071
0.159
0.064
0.083
0.263
0.1
0.367
0.463
0.455
0.517
0.473
0.444
0.422
0.383
0.474
0.473
0.416
0.471
0.501
0.315
0.37
0.441
0.348
0.325
0.169
0.182
0.281
0.135
0.225
0.263
0.241
0.414
0.289
0.355
0.259
0.247
0.211
0.301
0.375
0.265
0.345
0.343
0.231
0.116
-0.175
-0.104
-0.21
-0.367
-0.301
-0.331
-0.384
-0.37
-0.334
-0.552
-0.475
-0.511
-0.583
-0.657
-0.635
-0.547
-0.473
-0.429
-0.386
-0.414
-0.231
-0.165
-0.163
-0.159
-0.159
-0.174
-0.315
-0.449
-0.436
-0.32
-0.221
-0.26
-0.186
-0.136
-0.126
-0.201
-0.224
-0.111
-0.143
-0.147
-0.165
-0.198
-0.238
-0.191
-0.191
-0.103
-0.186
-0.129
-0.124
-0.359
-0.064
-0.149
-0.239
-0.266
-0.2
-0.056
-0.196
-0.171
0.034
0.101
0.058
0.155
0.0
0.103
0.055
0.092
0.103
0.061
0.024
0.065
0.164
0.146
0.159
0.324
0.343
0.583
0.365
0.497
0.754
0.818
0.866
0.873
0.915
0.968
1.093
0.873
0.869
0.958
0.84
0.776
0.642
0.755
0.83
0.907
0.821
0.786
0.641
0.508
0.51
0.448
0.456
0.404
0.25
0.259
0.126
0.16
0.051
0.203
0.141
0.169
0.109
0.216
0.052
0.065
0.039
0.028
-0.01
-0.107
-0.145
-0.258
-0.325
-0.346
-0.609
-0.444
-0.557
-0.565
-0.616
-0.679
-0.599
-0.703
-0.785
-0.838
-0.835
-0.624
-0.657
-0.728
-0.78
-0.807
-0.755
-0.866
-0.873
-1.016
-1.151
-1.031
-1.124
-1.078
-1.076
-1.064
-1.042
-1.049
-0.998
-1.052
-0.795
-0.809
-0.656
-0.547
-0.547
-0.465
-0.331
-0.075
-0.028
0.089
0.138
0.247
0.37
0.47
0.551
0.606
0.566
0.434
0.584
0.791
0.809
0.821
0.716
0.763
0.619
0.657
0.601
0.659
0.591
0.473
0.497
0.343
0.439
0.403
0.349
0.315
0.427
0.356
0.302
0.396
0.44
0.465
0.475
0.414
0.42
0.326
0.338
0.291
0.27
0.156
0.256
0.235
0.324
0.275
0.115
0.182
0.275
0.361
0.319
0.241
0.174
0.099
0.121
0.077
0.199
0.234
0.206
0.226
0.307
0.419
0.65
0.754
0.835
0.976
0.99
0.787
0.848
0.87
0.741
0.705
0.669
0.705
0.651
0.571
0.51
0.357
0.278
0.271
0.338
0.22
0.143
0.044
-0.101
-0.168
-0.376
-0.414
-0.496
-0.537
-0.601
-0.542
-0.517
-0.546
-0.606
-0.504
-0.461
-0.578
-0.639
-0.656
-0.749
-0.709
-0.669
-0.651
-0.584
-0.628
-0.449
-0.408
-0.302
-0.401
-0.259
-0.28
-0.4
-0.101
-0.212
-0.194
-0.099
-0.009
0.138
0.375
0.305
0.378
0.271
0.251
0.258
0.345
0.445
0.419
0.455
0.362
0.339
0.285
0.054
0.23
0.044
0.149
-0.105
-0.135
-0.345
-0.436
-0.424
-0.655
-0.541
-0.651
-0.781
-0.944
-0.925
-0.802
-0.859
-0.744
-0.689
-0.519
-0.401
-0.349
-0.144
-0.107
-0.055
0.033
0.143
0.284
0.3
0.333
0.427
0.406
0.331
0.504
0.409
0.24
0.189
0.306
0.499
0.404
0.405
0.393
0.385
0.443
0.354
0.351
0.351
0.422
0.449
0.312
0.331
0.312
0.292
0.301
0.136
0.001
-0.021
-0.061
0.02
0.026
-0.115
-0.235
-0.743
