0.144
0.263
0.131
0.001
-0.044
-0.224
-0.352
-0.374
-0.278
-0.39
-0.372
-0.491
-0.514
-0.524
-0.395
-0.46
-0.714
-0.475
-0.497
-0.651
-0.656
-0.662
-0.625
-0.724
-0.72
-0.81
-0.603
-0.541
-0.445
-0.331
-0.505
-0.618
-0.79
-0.772
-0.738
-0.766
-0.67
-0.466
-0.6
-0.486
-0.421
-0.33
-0.231
-0.241
-0.28
-0.346
-0.439
-0.388
-0.341
-0.338
-0.301
-0.25
-0.408
-0.23
-0.058
-0.16
-0.156
-0.186
-0.198
-0.4
-0.301
-0.486
-0.511
-0.492
-0.446
-0.559
-0.406
-0.199
-0.076
-0.01
0.066
0.221
0.169
0.242
0.376
0.468
0.101
0.214
0.239
0.318
0.43
0.304
0.429
0.629
0.775
0.716
0.568
0.703
0.595
0.642
0.6
0.605
0.43
0.547
0.511
0.399
0.228
0.198
0.121
-0.129
-0.143
-0.165
-0.135
-0.265
-0.321
-0.425
-0.454
-0.422
-0.444
-0.401
-0.229
-0.221
-0.072
-0.103
0.06
0.064
0.115
0.31
0.139
0.058
0.094
0.238
0.131
0.258
0.436
0.244
0.291
0.309
0.427
0.444
0.475
0.41
0.349
0.343
0.31
0.383
0.316
0.233
0.235
0.077
0.145
-0.011
-0.099
-0.125
-0.072
-0.219
-0.291
-0.284
-0.314
-0.254
-0.557
-0.47
-0.512
-0.59
-0.399
-0.45
-0.417
-0.48
-0.514
-0.537
-0.475
-0.354
-0.165
-0.075
0.0
0.034
0.133
0.126
0.235
0.156
0.156
0.239
0.156
0.355
0.355
0.393
0.453
0.69
0.744
0.599
0.719
0.57
0.61
0.416
0.547
0.438
0.223
0.203
0.106
0.036
-0.176
-0.198
-0.244
-0.378
-0.55
-0.657
-0.671
-0.7
-0.579
-0.679
-0.676
-0.815
-0.69
-0.785
-0.68
-0.721
-0.753
-0.738
-0.654
-0.594
-0.705
-0.579
-0.485
-0.459
-0.364
-0.435
-0.221
-0.284
-0.281
-0.326
-0.519
-0.534
-0.542
-0.521
-0.413
-0.419
-0.409
-0.379
-0.219
-0.015
0.064
0.035
-0.113
0.228
0.08
0.147
0.171
0.066
0.196
0.131
0.026
-0.109
-0.114
-0.1
-0.211
-0.228
-0.089
-0.109
-0.009
0.025
0.185
0.152
0.12
0.171
0.256
0.296
0.283
0.195
0.133
0.233
0.174
0.22
0.146
0.136
0.279
0.151
0.129
0.1
0.005
0.169
-0.031
-0.03
-0.046
-0.048
-0.075
-0.171
-0.455
-0.065
-0.199
-0.229
-0.01
-0.203
-0.031
-0.08
-0.1
0.013
0.055
0.139
0.109
0.226
0.175
0.247
0.129
0.171
0.266
0.151
0.181
0.38
0.247
0.151
0.104
0.175
0.092
0.065
0.091
-0.013
-0.06
0.041
0.171
0.281
0.136
0.209
0.398
0.224
0.154
0.024
0.062
0.084
0.206
0.12
0.135
-0.085
0.039
0.0
0.05
-0.069
-0.131
-0.169
-0.193
-0.1
-0.051
-0.147
-0.022
-0.092
-0.01
0.037
0.196
0.343
0.295
0.537
0.383
0.385
0.379
0.719
0.919
0.94
1.018
1.064
1.016
1.073
1.141
1.144
1.117
1.079
1.292
1.035
0.876
0.946
0.849
0.836
0.681
0.669
0.562
0.647
0.316
0.355
0.51
0.527
0.542
0.656
0.744
0.506
0.503
0.487
0.339
0.329
0.346
0.427
0.36
0.335
0.266
0.109
0.253
0.021
0.107
0.114
0.144
0.086
0.15
0.059
0.006
-0.163
-0.125
-0.119
-0.077
-0.07
-0.122
-0.173
-0.176
-0.245
-0.463
-0.5
-0.393
-0.319
-0.169
-0.404
-0.251
-0.238
-0.24
-0.059
-0.015
-0.089
-0.045
-0.059
0.074
-0.086
-0.033
-0.061
-0.105
-0.12
-0.076
0.103
0.069
0.094
0.011
-0.182
-0.135
0.044
0.189
0.395
0.33
0.46
0.458
0.266
0.489
0.427
0.454
0.608
0.696
0.733
0.515
0.496
0.301
0.286
0.454
0.605
0.566
0.544
0.728
0.674
0.647
0.844
0.64
0.574
0.601
0.469
0.21
0.152
0.006
-0.055
-0.036
-0.031
0.163
0.164
0.103
0.351
0.305
0.364
0.417
0.491
0.618
0.606
0.644
0.675
0.786
0.766
0.633
0.645
0.667
0.785
0.695
0.492
0.486
0.431
0.23
0.364
0.291
0.045
-0.08
-0.233
-0.26
-0.226
-0.349
-0.43
-0.517
-0.677
-0.835
-0.855
-1.114
-1.111
-1.196
-1.079
-1.121
-1.052
-0.93
-1.124
-0.941
-0.766
-0.644
-0.569
-0.328
-0.17
-0.205
-0.155
-0.124
0.156
0.311
0.395
0.405
0.456
0.444
0.636
0.429
0.304
0.05
-0.256
-0.331
-0.149
-0.122
-0.041
0.044
0.305
0.36
0.396
0.526
0.464
0.525
0.324
0.608
0.555
0.536
0.631
0.621
0.802
0.815
0.759
0.651
0.866
0.765
0.935
1.083
1.157
1.12
1.235
1.365
1.448
1.395
1.203
1.208
1.06
1.129
1.008
1.036
0.969
0.926
0.743
0.786
1.022
0.841
0.68
0.586
0.47
0.471
0.208
0.147
0.054
0.013
-0.219
-0.284
-0.384
-0.455
-0.449
-0.485
-0.519
-0.569
-0.539
-0.53
-0.495
-0.408
-0.294
-0.419
-0.425
-0.405
-0.25
-0.32
-0.524
-0.539
-0.646
-0.795
-0.87
-1.196
-1.246
-1.316
-1.311
-1.002
-1.509
-1.505
-1.384
-1.435
-1.166
-1.094
-1.185
-1.246
-1.225
-1.062
-1.088
-0.996
-0.9
-0.82
-0.729
-0.63
-0.606
-0.326
-0.256
-0.176
-0.266
-0.149
-0.251
-0.004
0.011
-0.009
0.19
0.311
0.385
0.629
0.559
0.806
1.089
1.231
1.135
1.014
1.095
1.211
1.229
1.23
1.218
1.208
1.042
1.025
1.014
0.948
0.899
0.876
0.812
0.888
0.764
0.603
0.662
0.497
0.448
0.26
0.253
0.234
0.259
0.034
-0.037
0.039
-0.165
-0.318
-0.075
-0.156
-0.194
-0.404
-0.336
-0.33
-0.376
-0.266
-0.33
-0.426
-0.352
-0.413
-0.475
-0.439
-0.485
-0.537
-0.76
-0.58
-0.736
-0.598
-0.823
-0.874
-0.731
-0.904
-0.868
-1.096
-1.006
-0.968
-0.797
-1.028
-0.906
-0.833
-0.795
-0.73
-1.028
-0.871
-1.016
-0.89
-0.766
-0.825
-0.656
-0.366
-0.263
-0.174
-0.189
-0.111
-0.054
-0.054
0.011
0.033
-0.006
0.161
0.088
0.259
0.184
0.104
0.299
0.133
0.338
0.296
0.505
0.564
0.36
0.385
0.555
0.411
0.31
0.455
0.625
0.465
0.536
0.595
0.544
0.67
0.611
0.459
0.491
0.201
0.349
0.206
0.27
0.35
0.374
0.295
0.41
0.536
0.185
0.031
0.048
-0.037
-0.039
-0.084
-0.018
0.111
0.21
0.163
0.193
0.168
0.144
0.15
0.138
0.116
0.144
0.211
0.26
0.179
0.217
0.18
0.305
0.11
0.006
-0.224
-0.378
-0.355
-0.416
-0.595
-0.545
-0.631
-0.492
-0.468
-0.624
-0.605
-0.599
-0.48
-0.519
-0.54
-0.478
-0.312
-0.306
-0.378
-0.42
-0.4
-0.318
-0.325
-0.454
-0.284
-0.503
-0.574
-0.606
-0.463
-0.44
-0.581
-0.499
-0.393
-0.417
-0.443
-0.434
-0.31
-0.25
-0.329
-0.194
-0.348
-0.296
-0.184
-0.283
-0.212
-0.253
-0.196
-0.235
-0.179
-0.107
-0.147
0.118
0.034
0.033
0.03
0.06
0.051
0.011
0.075
0.009
-0.119
-0.158
-0.211
-0.134
-0.139
-0.111
0.018
-0.044
-0.04
-0.044
0.051
0.08
0.219
0.022
0.116
-0.018
-0.07
-0.106
-0.09
-0.011
-0.136
-0.096
-0.28
-0.173
-0.238
-0.417
-0.288
-0.463
-0.154
-0.079
-0.226
-0.194
-0.103
-0.084
-0.025
0.145
0.163
0.266
0.291
0.258
0.37
0.318
0.286
0.201
0.156
0.182
0.291
0.131
0.355
0.151
0.186
0.195
0.179
0.3
0.217
0.013
-0.135
-0.058
-0.17
-0.258
-0.221
-0.118
-0.007
0.015
0.096
-0.138
-0.306
-0.279
-0.333
-0.304
-0.524
-0.468
-0.406
-0.482
-0.475
-0.57
-0.626
-0.565
-0.571
-0.58
-0.481
-0.379
-0.458
-0.325
-0.223
-0.318
-0.304
-0.38
-0.325
-0.304
-0.376
-0.388
-0.229
-0.072
-0.144
0.044
0.05
0.236
0.251
0.235
0.362
0.269
0.354
0.326
0.381
0.37
0.331
0.31
0.328
0.27
0.239
0.185
0.251
0.106
0.297
0.206
-0.003
0.026
0.007
-0.29
-0.235
-0.273
-0.478
-0.414
-0.435
-0.547
-0.682
-0.478
-0.786
-0.96
-1.042
-1.101
-1.048
-1.03
-1.081
-1.041
-1.054
-0.904
-0.92
-0.92
-0.849
-0.902
-0.743
-0.686
-0.473
-0.586
-0.785
-0.654
-0.605
-0.675
-0.713
-0.861
-0.731
-0.801
-0.81
-0.708
-0.635
-0.484
-0.484
-0.497
-0.386
-0.49
-0.352
-0.271
0.025
-0.18
-0.088
-0.196
-0.099
-0.181
-0.229
-0.138
-0.19
-0.145
-0.181
-0.26
-0.179
-0.203
-0.07
-0.08
0.049
0.284
0.344
0.479
0.481
0.505
0.581
0.691
0.654
0.603
0.664
0.519
0.451
0.51
0.434
0.497
0.465
0.669
0.492
0.633
0.556
0.438
0.385
0.478
0.501
0.474
0.51
0.511
0.46
0.501
0.424
0.46
0.415
0.459
0.537
0.306
0.356
0.314
0.169
0.179
0.509
0.357
0.279
0.291
0.325
0.344
0.254
0.328
0.307
0.217
0.133
0.152
0.231
0.173
0.099
0.011
-0.039
-0.092
-0.131
-0.109
-0.115
0.134
0.2
0.074
0.06
0.12
-0.028
-0.106
-0.077
-0.22
-0.206
-0.269
-0.283
-0.33
-0.336
-0.503
-0.699
-0.604
-0.566
-0.562
-0.461
-0.383
-0.143
-0.234
-0.249
-0.512
-0.405
-0.266
-0.221
-0.081
-0.039
0.085
-0.058
-0.08
0.046
0.216
0.356
0.264
0.348
0.175
0.11
0.25
0.241
0.233
0.21
0.297
0.2
0.405
0.388
0.406
0.38
0.289
0.247
0.074
0.035
0.022
-0.03
-0.107
-0.13
-0.018
-0.152
-0.1
-0.198
-0.114
-0.081
-0.065
0.076
0.048
0.336
0.251
0.311
0.264
0.326
0.323
0.33
0.376
0.235
0.245
0.269
0.174
0.241
0.256
0.278
0.229
0.233
0.189
0.034
-0.025
-0.088
-0.205
-0.173
-0.326
-0.285
-0.264
-0.245
-0.21
-0.29
-0.191
-0.265
-0.18
-0.26
-0.271
-0.365
-0.395
-0.381
-0.552
-0.642
-0.62
-0.599
-0.566
-0.729
-0.588
-0.369
-0.406
-0.364
-0.343
-0.362
-0.304
-0.27
-0.258
-0.285
-0.343
-0.318
-0.439
-0.26
-0.571
-0.512
-0.515
-0.466
-0.352
-0.32
-0.29
-0.247
-0.135
-0.201
-0.229
-0.056
-0.11
-0.054
-0.2
-0.268
-0.369
-0.216
-0.185
0.029
0.022
-0.011
0.163
0.076
0.25
0.134
0.075
-0.062
-0.171
0.107
0.016
0.08
0.174
0.028
0.11
-0.034
0.043
0.077
0.143
0.186
0.11
0.083
0.169
0.28
0.23
0.366
0.38
0.5
0.364
0.608
0.555
0.549
0.564
0.675
0.596
0.71
0.684
0.724
0.845
0.92
0.718
0.589
0.568
0.425
0.374
0.321
0.296
0.391
0.372
0.399
0.338
0.36
0.411
0.415
0.514
0.326
0.45
0.704
0.812
0.73
0.772
0.876
0.81
0.899
0.779
0.77
0.799
0.642
0.599
0.356
0.279
0.25
0.246
0.234
0.294
0.249
0.249
0.026
-0.054
-0.04
-0.156
-0.18
-0.195
-0.214
-0.17
-0.139
-0.175
-0.056
0.052
0.2
0.155
0.301
0.351
0.47
0.443
0.505
0.434
0.362
0.286
0.274
0.455
0.413
0.306
0.425
0.63
0.621
0.364
0.343
0.236
0.092
0.025
-0.07
-0.022
-0.235
-0.299
-0.375
-0.249
-0.286
-0.295
-0.105
-0.11
0.179
0.292
0.186
0.007
0.104
-0.083
-0.052
-0.104
-0.109
-0.14
-0.311
-0.44
-0.588
-0.541
-0.376
-0.529
-0.562
-0.411
-0.379
-0.26
-0.316
-0.346
-0.315
-0.441
-0.598
-0.775
-0.809
-0.915
-0.835
-0.815
-0.886
-0.953
-0.907
-0.686
-0.541
-0.434
-0.302
0.083
0.085
-0.013
-0.048
0.033
0.214
0.146
0.258
0.446
0.473
0.57
0.547
0.305
0.43
0.552
0.609
0.586
0.69
0.839
1.038
0.754
0.682
0.57
0.531
0.74
0.619
0.738
0.724
0.789
0.696
0.675
0.546
0.519
0.47
0.503
0.312
0.209
0.13
0.136
0.161
0.328
0.16
-0.161
-0.086
-0.211
-0.449
-0.245
-0.359
-0.245
-0.286
-0.336
-0.01
0.189
0.335
0.278
0.356
0.384
0.279
0.365
0.531
0.566
0.25
0.354
0.339
0.51
0.49
0.517
0.586
0.594
0.521
0.581
0.89
0.719
0.584
0.695
0.812
0.735
0.751
1.014
1.199
1.049
0.958
0.989
0.869
0.979
0.951
1.16
1.058
1.016
1.004
0.82
0.893
0.935
1.161
1.074
1.034
1.03
0.775
0.754
0.626
0.734
0.836
0.791
0.66
0.566
0.471
0.291
0.135
-0.098
-0.274
-0.525
-0.635
-0.615
-0.666
-0.791
-0.699
-0.763
-0.726
-0.756
-0.895
-0.929
-0.76
-0.875
-1.136
-1.153
-1.058
-1.111
-1.131
-1.114
-1.163
-1.183
-0.975
-1.002
-0.848
-0.723
-0.791
-0.878
-0.851
-0.899
-0.744
-0.731
-0.701
-0.636
-0.584
-0.618
-0.64
-0.416
-0.369
-0.38
-0.422
-0.415
-0.56
-0.525
-0.61
-0.657
-0.724
-0.562
-0.453
-0.5
-0.586
-0.503
-0.464
-0.386
-0.415
-0.413
-0.394
-0.419
-0.328
-0.286
-0.299
-0.316
-0.311
-0.379
-0.573
-0.554
-0.588
-0.593
-0.555
-0.604
-0.391
-0.568
-0.369
-0.583
-0.561
-0.665
-0.604
-0.539
-0.509
-0.45
-0.361
-0.561
-0.608
-0.669
-0.606
-0.77
-0.796
-1.001
-0.858
-0.871
-1.07
-0.72
-0.781
-0.568
-0.605
-0.404
-0.55
-0.57
-0.496
-0.461
-0.593
-0.599
-0.664
-0.736
-0.679
-0.771
-0.741
-0.834
-0.765
-0.792
-0.594
-0.623
-0.68
-0.807
-0.696
-0.845
-0.763
-0.856
-0.576
-0.512
-0.474
-0.323
-0.35
-0.235
-0.22
-0.052
-0.065
-0.304
-0.352
-0.188
-0.318
-0.482
-0.365
-0.291
-0.195
-0.1
0.04
0.066
0.044
0.177
0.06
0.134
-0.02
0.156
0.077
0.1
0.176
0.256
0.329
0.469
0.501
0.699
0.625
0.524
0.539
0.676
0.701
0.897
0.682
0.765
0.86
0.815
1.005
1.014
0.888
0.789
0.626
0.391
0.371
0.24
0.105
0.059
0.079
-0.199
-0.11
-0.13
-0.134
-0.118
-0.128
-0.305
-0.349
-0.388
-0.314
-0.226
-0.393
-0.479
-0.601
-0.651
-0.63
-0.731
-0.728
-0.665
-0.595
-0.515
-0.61
-0.611
-0.638
-0.635
-0.685
-0.698
-0.532
-0.605
-0.716
-0.753
-0.609
-0.529
-0.446
-0.492
-0.541
-0.544
-0.638
-0.831
-0.691
-0.811
-0.67
-0.719
-0.6
-0.508
-0.435
-0.379
-0.289
-0.259
-0.198
-0.206
-0.035
0.121
0.193
0.39
0.296
0.42
0.338
0.296
0.324
0.245
0.326
0.246
0.544
0.844
0.828
0.951
0.897
0.934
0.785
1.012
1.078
1.14
1.011
1.157
1.11
0.93
0.686
0.723
0.608
0.598
0.824
0.82
0.901
0.787
0.539
0.667
0.576
0.364
0.506
0.431
0.386
0.283
0.21
0.19
0.357
0.164
0.31
0.154
0.205
0.121
0.06
-0.164
-0.165
-0.306
-0.339
-0.349
-0.405
-0.464
-0.48
-0.261
-0.191
-0.107
-0.239
-0.158
-0.001
-0.059
0.058
0.225
0.247
0.289
0.258
0.235
0.168
0.24
0.328
0.345
0.276
0.274
0.12
-0.006
-0.125
-0.09
-0.2
-0.319
-0.408
-0.552
-0.744
-0.917
-0.78
-0.909
-1.104
-0.823
-0.71
-0.713
-0.626
-0.539
-0.449
-0.096
0.028
-0.035
0.147
0.156
0.116
0.058
0.147
0.041
0.196
0.375
0.425
0.564
0.569
0.511
0.425
0.341
0.439
0.399
0.405
0.594
0.478
0.634
0.699
0.682
0.596
0.657
0.499
0.378
0.339
0.356
0.489
0.461
0.306
0.119
-0.003
-0.122
-0.089
-0.009
-0.011
-0.101
0.154
0.21
0.075
0.058
0.044
-0.013
0.043
0.145
0.111
0.046
0.128
0.088
-0.01
-0.058
0.249
0.198
0.084
0.168
0.131
0.077
0.114
0.05
0.122
0.085
-0.036
0.024
-0.016
-0.055
0.158
-0.064
-0.135
-0.119
-0.015
-0.044
-0.026
0.05
-0.031
-0.189
-0.113
-0.203
-0.229
-0.307
-0.334
-0.38
-0.446
-0.481
-0.481
-0.413
-0.711
-0.726
-0.485
-0.703
-0.584
-0.623
-0.547
-0.59
-0.534
-0.54
-0.466
-0.415
-0.425
-0.331
-0.111
-0.194
-0.265
-0.487
-0.469
-0.122
-0.286
-0.3
-0.3
-0.206
-0.242
-0.233
-0.186
-0.141
0.039
0.019
0.036
-0.005
0.01
0.059
0.196
0.12
0.133
0.12
0.181
0.077
0.168
0.125
0.179
0.072
0.341
0.341
0.273
0.279
0.0
0.186
0.177
0.088
0.3
0.348
0.301
0.231
-0.043
-0.089
0.111
0.203
0.138
0.259
0.28
0.329
0.236
0.211
0.209
0.318
0.32
0.344
0.19
0.225
0.219
0.129
0.106
0.106
0.022
0.16
0.302
0.45
0.425
0.434
0.414
0.314
0.283
0.216
0.182
0.113
0.17
0.118
0.122
0.069
-0.135
-0.198
-0.136
-0.268
-0.42
-0.527
-0.63
-0.615
-0.698
-0.78
-0.631
-0.844
-0.986
-0.819
-0.881
-0.604
-0.774
-0.761
-0.77
-0.67
-0.623
-0.655
-0.527
-0.339
-0.345
-0.51
-0.434
-0.463
-0.504
-0.419
-0.424
-0.292
-0.33
-0.335
-0.383
-0.352
-0.37
-0.391
-0.217
-0.085
-0.052
0.043
0.11
0.161
0.105
0.288
0.478
0.514
0.408
0.585
0.698
0.681
0.651
0.765
0.818
0.895
0.7
0.889
0.968
0.871
0.938
0.792
0.763
0.689
0.598
0.509
0.75
0.635
0.657
0.482
0.589
0.616
0.374
0.721
0.848
0.943
1.085
1.095
1.326
1.169
1.359
1.374
1.311
1.36
1.308
1.302
1.189
1.224
1.081
1.127
1.249
1.211
1.248
1.228
1.126
0.988
0.806
0.685
0.765
0.68
0.654
0.564
0.661
0.642
0.504
0.485
0.44
0.485
0.473
0.118
0.214
0.048
-0.004
-0.195
-0.048
-0.076
-0.025
0.048
-0.037
-0.007
-0.048
-0.071
0.009
-0.049
-0.01
-0.258
-0.16
-0.254
-0.328
-0.393
-0.626
-0.541
-0.644
-0.537
-0.735
-0.501
-0.525
-0.58
-0.552
-0.449
-0.32
-0.419
-0.321
-0.375
-0.484
-0.455
-0.427
-0.401
-0.146
-0.1
0.031
0.13
0.161
0.219
0.146
0.164
0.161
0.39
0.273
0.14
0.052
-0.14
-0.181
-0.12
0.022
-0.11
-0.043
-0.01
0.088
0.242
0.273
0.487
0.547
0.606
0.531
0.596
0.454
0.436
0.564
0.588
0.74
0.848
0.94
1.104
0.965
0.959
1.16
1.188
0.989
1.06
1.058
1.021
0.905
1.005
1.076
1.025
1.078
1.111
1.093
1.061
0.848
1.028
1.049
1.173
1.034
0.77
0.536
0.305
0.223
-0.006
0.076
0.034
-0.109
-0.113
-0.273
-0.23
-0.26
-0.235
-0.375
-0.478
-0.608
-0.549
-0.47
-0.705
-0.635
-0.7
-0.644
-0.68
-0.584
-0.6
-0.534
-0.53
-0.444
-0.367
-0.405
-0.225
-0.309
-0.151
0.118
0.145
0.221
0.13
0.071
0.121
-0.062
0.031
0.186
0.346
0.453
0.386
0.445
0.366
0.105
0.284
0.194
0.2
0.415
0.284
0.156
0.072
0.355
0.266
0.415
0.291
0.234
0.294
0.506
0.318
0.389
0.338
0.459
0.51
0.484
0.445
0.436
0.431
0.349
0.399
0.307
0.086
0.367
0.331
0.217
0.054
0.184
0.079
-0.189
-0.086
-0.056
-0.125
-0.258
-0.326
-0.463
-0.48
-0.527
-0.383
-0.416
-0.29
-0.217
-0.291
-0.345
-0.258
-0.309
-0.173
-0.419
-0.539
-0.591
-0.63
-0.973
-1.002
-0.999
-0.983
-0.899
-1.024
-1.096
-0.917
-0.956
-0.938
-0.897
-0.838
-0.839
-0.906
-0.865
-0.875
-0.755
-0.76
-0.74
-0.641
-0.674
-0.718
-0.574
-0.636
-0.362
-0.354
-0.345
-0.062
-0.072
-0.009
0.168
0.283
0.51
0.475
0.606
0.78
0.88
0.709
0.845
0.88
0.828
0.77
0.826
0.807
0.756
0.665
0.659
0.598
0.76
0.64
0.588
0.448
0.398
0.141
-0.028
-0.331
-0.394
-0.489
-0.408
-0.283
-0.575
-0.645
-0.889
-0.986
-0.889
-0.915
-0.899
-0.939
-1.103
-1.016
-1.07
-1.199
-1.103
-0.927
-0.751
-0.873
-0.677
-0.508
-0.446
-0.35
-0.48
-0.525
-0.296
-0.37
-0.335
-0.36
-0.245
-0.098
-0.062
0.043
0.075
0.046
-0.051
0.164
0.201
0.35
0.309
0.193
0.333
0.274
0.305
0.247
0.432
0.399
0.279
0.263
0.32
0.352
0.451
0.468
0.338
0.242
0.246
0.52
0.459
0.449
0.421
0.41
0.578
0.625
0.856
0.93
1.12
0.955
1.032
0.938
0.861
0.863
0.826
0.936
0.76
0.586
0.569
0.454
0.35
0.379
0.155
0.152
0.165
0.136
-0.048
-0.168
-0.425
-0.424
-0.551
-0.554
-0.571
-0.708
-0.657
-0.84
-0.624
-0.768
-0.775
-0.779
-0.706
-0.751
-0.655
-0.588
-0.385
-0.529
-0.389
-0.419
-0.455
-0.349
-0.256
-0.245
-0.285
-0.306
-0.228
-0.195
-0.163
-0.241
-0.285
-0.27
-0.22
-0.261
-0.361
-0.458
-0.2
-0.083
-0.138
0.074
-0.015
0.191
0.001
-0.096
-0.086
-0.421
-0.42
-0.455
-0.309
-0.39
-0.596
-0.521
-0.351
-0.208
-0.295
-0.242
-0.249
-0.276
-0.214
-0.141
-0.046
-0.225
-0.21
-0.189
-0.134
-0.225
-0.414
-0.357
-0.413
-0.432
-0.48
-0.434
-0.292
-0.161
-0.28
-0.383
-0.311
-0.228
-0.111
-0.019
0.024
0.12
0.119
-0.006
-0.061
-0.159
-0.171
-0.186
-0.343
-0.25
-0.369
-0.226
-0.07
-0.077
0.013
0.1
0.194
0.034
-0.074
-0.081
-0.035
0.06
0.121
-0.039
0.05
-0.003
0.007
-0.18
-0.173
-0.238
-0.061
0.045
-0.065
-0.121
-0.273
-0.24
-0.273
-0.26
-0.2
-0.199
-0.109
0.007
0.195
0.223
0.186
0.269
0.275
0.409
0.413
0.529
0.471
0.522
0.401
0.374
0.32
0.143
0.19
-0.1
-0.037
-0.04
0.045
0.177
0.022
0.104
0.159
-0.159
-0.188
-0.128
-0.156
-0.111
-0.096
-0.146
-0.136
-0.164
-0.26
-0.451
-0.5
-0.535
-0.594
-0.656
-0.381
-0.393
-0.674
-0.611
-0.547
-0.403
-0.281
-0.356
-0.251
-0.375
-0.233
-0.124
-0.105
-0.116
-0.134
-0.159
-0.226
-0.145
-0.323
-0.286
-0.238
-0.296
-0.345
-0.441
-0.378
-0.319
-0.174
-0.116
-0.11
0.05
-0.035
0.154
-0.003
0.096
0.039
0.203
0.375
0.326
0.328
0.253
0.274
0.338
0.362
0.396
0.333
0.453
0.356
0.083
0.223
0.182
0.429
0.521
0.249
0.284
0.24
0.283
0.27
0.139
0.01
0.147
0.295
0.406
0.328
0.409
0.328
0.33
0.338
0.356
0.319
0.386
0.344
0.266
0.2
0.411
0.355
0.459
0.449
0.378
0.486
0.443
0.356
0.379
0.209
0.278
0.156
0.133
0.064
0.155
0.004
0.058
-0.07
0.049
0.06
0.138
0.179
0.194
0.238
0.19
0.319
0.241
0.302
0.072
0.037
0.175
0.128
0.295
0.215
0.359
0.445
0.438
0.492
0.665
0.693
0.676
0.671
0.593
0.605
0.455
0.354
0.301
0.23
0.084
0.0
0.05
-0.035
0.026
0.203
0.095
0.138
0.092
0.011
-0.11
-0.246
-0.234
-0.323
-0.443
-0.468
-0.58
-0.588
-0.751
-0.728
-0.929
-0.925
-0.926
-0.906
-0.965
-0.97
-0.843
-0.789
-0.763
-0.676
-0.711
-0.743
-0.478
-0.328
-0.23
-0.247
-0.314
-0.4
-0.672
-0.751
-0.51
-0.565
-0.372
-0.41
-0.449
-0.341
-0.494
-0.504
-0.406
-0.451
-0.44
-0.425
-0.47
-0.561
-0.511
-0.344
-0.253
-0.144
-0.001
-0.035
0.266
0.194
0.208
-0.003
0.036
0.158
0.23
-0.046
0.101
0.22
0.388
0.482
0.623
0.838
0.866
0.815
0.853
0.836
0.92
1.179
0.958
0.864
0.594
0.614
0.651
0.511
0.532
0.429
0.435
0.522
0.481
0.667
0.606
0.691
0.557
0.427
0.566
0.344
0.291
0.466
0.487
0.524
0.651
0.709
0.851
0.954
1.099
1.079
1.018
0.993
1.099
1.005
1.09
0.779
0.917
0.843
0.754
0.743
0.525
0.495
0.492
0.501
0.395
0.43
0.247
0.199
0.165
0.037
-0.18
-0.089
-0.35
-0.371
-0.383
-0.455
-0.225
-0.174
-0.08
-0.154
-0.065
-0.441
-0.126
-0.383
-0.349
-0.21
-0.32
-0.352
-0.383
-0.438
-0.22
0.045
0.139
0.21
0.249
0.415
0.552
0.611
0.634
0.661
0.628
0.7
0.698
0.608
0.408
0.491
0.495
0.37
0.231
0.378
0.296
0.263
0.305
0.265
0.301
0.219
0.264
-0.043
-0.228
-0.33
-0.254
-0.196
-0.446
-0.354
-0.436
-0.116
-0.188
-0.174
-0.161
-0.21
0.01
-0.125
0.072
0.189
-0.045
0.144
-0.007
0.101
0.164
0.381
0.43
0.33
0.367
0.573
0.514
0.608
0.703
0.696
0.726
0.938
0.865
1.106
1.28
1.443
1.363
1.54
1.686
1.84
1.84
1.9
1.812
1.818
1.785
1.601
1.626
1.411
1.103
0.864
0.921
0.991
1.009
1.2
1.028
0.73
0.57
0.419
0.421
0.212
0.341
0.098
0.231
0.344
0.264
0.164
-0.071
-0.16
-0.312
-0.406
-0.411
-0.425
-0.576
-0.672
-0.948
-1.147
-1.289
-1.282
-1.222
-1.256
-1.19
-1.343
-1.145
-1.4
-1.099
-1.024
-0.902
-0.651
-0.534
-0.469
-0.421
-0.23
-0.301
-0.2
-0.064
-0.006
0.045
0.18
0.155
0.279
0.422
0.163
0.155
0.344
0.381
0.299
0.229
0.194
0.103
0.307
0.318
0.309
0.359
0.436
0.574
0.89
0.912
1.055
1.075
1.181
1.115
1.064
1.266
1.153
1.268
1.25
1.111
1.099
1.041
0.874
0.59
0.43
0.419
0.266
0.175
0.343
0.212
0.381
0.384
0.531
0.401
0.411
0.266
0.176
0.025
0.056
0.4
0.383
0.275
0.35
0.484
0.598
0.647
0.758
0.863
0.573
0.547
0.469
0.273
0.579
0.263
0.376
0.49
0.519
0.552
0.529
0.344
0.689
0.669
0.71
0.441
0.465
0.17
0.184
-0.06
-0.176
-0.281
-0.261
-0.453
-0.516
-0.731
-0.802
-0.623
-0.754
-0.809
-0.689
-0.731
-0.815
-0.904
-0.706
-0.775
-0.94
-0.988
-0.994
-1.155
-1.139
-1.111
-1.193
-1.065
-1.011
-0.914
-0.93
-0.964
-0.681
-0.921
-1.106
-1.115
-1.032
-1.119
-1.011
-0.999
-0.807
-0.826
-0.819
-0.771
-0.676
-0.458
-0.194
-0.051
-0.058
0.035
0.07
0.077
-0.014
0.026
0.03
-0.044
-0.039
0.104
-0.075
-0.145
-0.118
-0.139
-0.054
-0.056
-0.049
-0.084
-0.083
-0.121
-0.161
0.035
0.022
-0.005
0.036
-0.005
-0.206
-0.309
-0.33
-0.389
-0.333
-0.294
-0.244
-0.46
-0.316
-0.395
-0.634
-0.699
-0.812
-0.784
-0.874
-0.811
-0.736
-0.645
-0.651
-0.633
-0.736
-0.708
-0.731
-0.624
-0.585
-0.556
-0.486
-0.435
-0.33
-0.179
-0.072
-0.226
-0.362
-0.319
-0.269
-0.246
-0.263
-0.261
-0.23
-0.189
-0.349
-0.3
-0.329
-0.384
-0.263
0.031
0.138
0.139
0.24
0.14
0.076
0.058
-0.129
-0.233
-0.211
-0.24
-0.36
-0.356
-0.168
-0.21
-0.099
-0.191
-0.235
-0.234
-0.263
-0.485
-0.497
-0.589
-0.655
-0.646
-0.596
-0.711
-0.744
-0.709
-0.715
-0.838
-0.864
-1.099
-0.936
-0.991
-0.714
-0.56
-0.621
-0.356
-0.481
-0.23
-0.275
-0.258
-0.266
-0.274
-0.166
-0.158
0.015
0.081
0.179
0.065
-0.058
-0.274
-0.188
-0.155
-0.199
0.01
-0.015
0.226
0.323
0.333
0.388
0.351
0.738
0.579
0.491
0.39
0.438
0.691
0.814
0.745
0.807
0.786
0.8
0.772
0.759
0.556
0.611
0.754
0.573
0.429
0.275
0.314
0.125
0.056
0.122
-0.065
0.091
-0.205
-0.189
-0.265
-0.405
-0.463
-0.37
-0.425
-0.57
-0.514
-0.496
-0.339
-0.425
-0.431
-0.438
-0.343
-0.31
-0.374
-0.256
-0.233
-0.27
-0.329
-0.354
-0.512
-0.401
-0.386
-0.175
-0.283
-0.095
0.021
0.166
0.249
0.338
0.366
0.424
0.417
0.376
0.076
0.182
0.103
0.182
0.369
0.26
0.36
0.431
0.459
0.619
0.591
0.669
0.744
0.868
0.984
0.605
0.601
0.568
0.675
0.519
0.378
0.506
0.474
0.569
0.561
0.547
0.726
0.924
0.919
0.835
0.71
0.596
0.448
0.43
0.288
0.307
0.071
0.275
-0.003
0.228
-0.003
-0.229
-0.37
-0.323
-0.421
-0.461
-0.311
-0.26
-0.176
-0.255
-0.384
-0.376
-0.631
-0.432
-0.486
-0.471
-0.465
-0.552
-0.604
-0.566
-0.439
-0.451
-0.395
-0.47
-0.469
-0.378
-0.35
-0.41
-0.482
-0.306
-0.228
-0.065
-0.014
-0.085
0.006
-0.201
-0.305
-0.379
-0.356
-0.19
-0.062
-0.001
0.035
-0.185
-0.413
-0.384
-0.226
-0.23
-0.321
-0.114
-0.359
-0.297
-0.122
-0.305
-0.062
-0.092
0.009
-0.096
-0.118
-0.076
-0.185
-0.016
0.069
0.268
0.468
0.37
0.568
0.339
0.399
0.55
0.566
0.61
0.589
0.516
0.517
0.456
0.094
0.144
0.299
0.304
0.59
0.545
0.671
0.616
0.616
0.619
0.367
0.284
0.241
0.165
0.159
0.107
0.033
-0.052
-0.05
0.07
0.116
0.186
0.15
0.395
0.395
0.284
0.299
0.539
0.596
0.603
0.534
0.64
0.406
0.254
0.181
0.333
0.359
0.196
0.119
0.109
0.2
-0.151
-0.104
-0.1
-0.184
-0.416
-0.46
-0.393
-0.268
-0.291
-0.166
-0.144
-0.043
0.001
0.051
0.028
-0.033
0.074
0.21
0.116
0.124
0.033
0.255
0.27
0.348
0.249
0.426
0.468
0.624
0.656
0.749
0.772
0.74
0.823
0.16
0.604
0.521
0.599
0.441
0.432
0.508
0.509
0.639
0.621
0.628
0.755
0.624
0.69
0.532
0.59
0.635
0.611
0.568
0.434
0.564
0.478
0.42
0.422
0.3
0.432
0.453
0.404
0.636
0.58
0.62
0.479
0.53
0.516
0.736
0.92
0.761
0.766
0.765
0.701
0.708
0.716
0.647
0.604
0.583
0.511
0.184
0.151
-0.159
-0.041
-0.092
-0.23
-0.393
-0.521
-0.375
-0.301
-0.455
-0.473
-0.466
-0.27
-0.372
-0.501
-0.522
-0.54
-0.494
-0.439
-0.511
-0.67
-0.527
-0.516
-0.425
-0.52
-0.649
-0.596
-0.667
-0.644
-0.635
-0.708
-0.734
-0.576
-0.311
-0.149
-0.291
-0.113
-0.103
-0.319
-0.545
-0.519
-0.492
-0.378
-0.147
-0.175
0.04
0.013
-0.118
0.051
0.133
0.099
-0.016
-0.036
-0.099
-0.111
0.05
-0.02
0.09
0.242
0.081
0.19
0.211
0.098
0.061
-0.006
0.219
0.35
0.634
0.761
0.618
0.623
0.408
0.254
0.378
0.269
0.375
0.424
0.372
0.455
0.355
0.682
0.514
0.573
0.753
0.812
0.916
0.76
0.664
0.631
0.665
0.494
0.571
0.555
0.581
0.314
0.26
0.194
-0.005
0.045
-0.045
0.035
0.081
0.16
0.179
-0.006
0.044
-0.045
0.111
0.242
0.346
0.485
0.331
0.486
0.345
0.318
0.499
0.588
0.789
0.993
1.088
1.021
1.068
0.896
0.988
0.996
0.801
0.78
0.968
0.85
0.719
0.666
0.779
0.644
0.585
0.388
0.289
0.095
-0.164
-0.315
-0.186
-0.445
-0.463
-0.458
-0.66
-0.531
-0.425
-0.474
-0.618
-0.581
-0.547
-0.734
-0.766
-0.728
-0.893
-0.99
-0.858
-0.979
-0.873
-0.705
-0.853
-0.791
-0.775
-0.7
-0.444
-0.24
0.033
0.166
0.21
0.343
0.505
0.503
0.605
0.581
0.694
0.395
0.372
0.449
0.406
0.458
0.421
0.41
0.481
0.983
0.745
0.629
0.85
0.83
0.961
1.1
1.086
1.103
1.285
1.23
1.333
1.35
1.259
1.096
1.073
0.99
1.008
0.859
0.916
1.071
0.949
0.849
0.566
0.776
0.785
0.879
0.769
0.938
0.897
0.635
0.615
0.657
0.916
0.856
0.824
0.92
0.716
0.672
0.625
0.569
0.326
0.256
0.28
0.285
0.343
0.188
0.212
0.115
-0.125
-0.334
-0.506
-0.623
-0.775
-10.336
-1.006
-1.214
-1.334
-1.331
-1.415
-1.512
-1.529
-1.575
-1.655
-1.617
-1.769
-1.897
-1.846
-1.948
-2.046
-1.93
-2.033
-2.073
-1.9
-1.728
-1.501
-1.541
-1.434
-1.505
-1.38
-1.279
-1.213
-1.214
-1.022
-0.829
-0.799
-0.665
-0.642
-0.61
-0.492
-0.431
-0.35
-0.254
-0.199
-0.105
-0.007
-0.139
-0.147
0.03
-0.118
-0.186
-0.036
0.124
0.271
0.281
0.426
0.436
0.53
0.446
0.484
0.489
0.527
0.429
0.7
0.879
0.941
0.914
0.789
0.609
0.474
0.5
0.465
0.526
0.351
0.391
0.321
0.318
0.299
0.258
0.239
0.275
0.266
0.381
0.415
0.291
0.033
-0.004
0.111
0.045
0.092
0.061
0.19
0.05
-0.046
-0.105
0.015
-0.045
0.034
-0.062
-0.23
-0.24
-0.145
-0.12
-0.238
-0.216
-0.354
-0.564
-0.482
-0.478
-0.315
-0.146
-0.312
-0.324
-0.179
-0.278
-0.331
-0.383
-0.271
-0.399
-0.288
-0.029
-0.211
-0.339
-0.352
-0.301
-0.49
-0.525
-0.494
-0.396
-0.409
-0.359
-0.315
-0.339
-0.389
-0.453
-0.401
-0.554
-0.474
-0.349
-0.356
-0.205
-0.122
0.146
0.182
0.364
0.642
0.671
0.626
0.72
0.64
0.768
0.659
0.621
0.588
0.645
0.771
0.662
0.651
0.63
0.57
0.769
0.651
0.509
0.389
0.642
0.336
0.278
0.288
0.249
0.411
0.499
0.429
0.355
0.24
0.062
-0.145
-0.361
-0.409
-0.44
-0.435
-0.3
-0.315
-0.496
-0.482
-0.571
-0.544
-0.439
-0.284
-0.266
-0.18
-0.261
-0.383
-0.4
-0.514
-0.475
-0.586
-0.576
-0.657
-0.624
-0.677
-0.739
-0.586
-0.746
-0.828
-0.759
-0.72
-0.544
-0.214
-0.106
-0.15
-0.052
0.129
0.208
0.251
0.271
0.224
0.23
0.245
0.271
0.292
0.276
0.171
-0.099
0.265
0.39
0.141
0.154
0.264
0.305
0.314
0.266
0.403
0.241
0.279
0.441
0.374
0.264
0.291
0.339
0.215
0.14
0.035
0.208
0.131
0.055
0.383
0.365
0.371
0.471
0.56
0.604
0.436
0.461
0.424
0.261
0.175
0.16
0.096
0.031
0.15
0.076
-0.208
-0.328
-0.536
-0.542
-0.792
-0.828
-0.849
-1.0
-0.955
-1.038
-1.134
-1.099
-0.999
-0.834
-0.844
-0.916
-0.971
-0.876
-0.701
-0.618
-0.774
-0.554
-0.623
-0.654
-0.512
-0.362
-0.271
-0.135
-0.045
-0.018
0.074
0.094
-0.039
0.076
0.095
0.203
-0.007
0.279
0.21
-0.01
0.171
0.196
0.212
0.118
0.15
0.348
0.379
0.682
0.824
0.861
0.868
0.744
0.772
0.925
0.758
0.693
0.812
0.61
0.551
0.552
0.381
0.095
0.089
0.079
0.043
0.045
-0.071
0.004
-0.09
-0.285
-0.158
-0.217
0.111
0.08
0.189
0.378
0.409
0.486
0.45
0.503
0.345
0.05
-0.003
-0.201
-0.312
-0.351
-0.264
-0.233
-0.171
-0.206
-0.15
0.103
0.18
0.269
0.508
0.685
0.506
0.521
0.482
0.32
0.25
0.146
0.088
-0.205
-0.357
-0.21
0.131
0.221
0.088
0.273
0.179
-0.039
-0.113
-0.059
0.163
0.168
0.362
0.318
0.432
0.32
0.324
0.288
0.233
0.069
0.124
0.233
0.459
0.451
0.473
0.37
0.371
0.231
0.256
0.128
-0.131
-0.161
-0.424
-0.326
-0.413
-0.719
-0.759
-0.677
-0.863
-1.006
-1.089
-1.19
-1.094
-1.076
-0.731
-0.729
-0.698
-0.846
-0.851
-1.038
-1.097
-1.073
-1.001
-0.927
-0.917
-0.621
-0.698
-0.716
-0.474
-0.52
0.007
-0.029
0.09
0.014
0.091
-0.049
-0.048
0.031
0.191
0.315
0.52
0.626
0.621
0.819
0.79
0.771
0.795
0.759
0.82
0.907
0.963
1.048
0.935
0.721
0.759
0.764
1.065
1.145
1.356
1.189
1.18
1.096
1.115
1.114
1.131
1.036
0.896
1.011
1.096
0.876
0.734
0.651
0.71
0.657
0.409
0.618
0.43
0.324
0.37
0.381
0.307
0.118
0.14
0.217
0.138
0.014
0.059
0.022
-0.039
-0.071
0.04
0.427
0.405
0.486
0.525
0.432
0.371
0.255
0.371
0.37
0.547
0.426
0.555
0.639
0.754
0.743
0.585
0.583
0.55
0.455
0.465
0.261
0.33
0.195
0.195
0.182
-0.101
-0.17
-0.075
-0.105
0.022
-0.171
-0.229
-0.424
-0.419
-0.182
-0.539
-0.639
-0.454
-0.389
-0.49
-0.805
-1.08
-1.186
-1.225
-1.144
-1.208
-0.861
-0.854
-0.988
-1.036
-1.022
-1.097
-1.143
-0.984
-0.792
-0.995
-0.9
-0.729
-0.983
-0.848
-1.025
-0.981
-0.776
-0.797
-0.708
-0.609
-0.768
-0.539
-0.596
-0.482
-0.15
-0.096
0.247
0.454
0.6
0.496
0.645
0.41
0.403
0.672
0.487
0.608
0.654
0.349
0.753
0.609
0.719
0.634
0.876
0.711
0.694
0.841
0.951
1.038
1.054
0.92
1.012
0.868
1.106
1.052
0.715
0.802
0.858
0.807
0.881
0.629
0.723
0.552
0.435
0.346
0.179
0.021
-0.004
-0.184
-0.11
-0.24
-0.307
-0.46
-0.29
-0.331
-0.455
-0.431
-0.542
-0.51
-0.399
-0.39
-0.175
-0.107
-0.181
-0.119
-0.413
-0.258
-0.154
-0.168
-0.371
-0.51
-0.711
-0.784
-0.571
-0.348
-0.329
-0.396
-0.201
-0.378
-0.526
-0.694
-0.581
-0.44
-0.492
-0.463
-0.385
-0.135
0.013
0.163
0.212
0.339
0.362
0.408
0.381
0.391
0.439
0.42
0.444
0.478
0.55
0.42
0.689
0.682
0.932
0.96
1.028
0.984
0.935
0.986
0.93
0.946
0.831
0.835
0.496
0.642
0.364
0.321
0.429
0.071
0.341
0.105
-0.14
-0.194
-0.259
-0.416
-0.435
-0.443
-0.386
-0.339
-0.367
-0.251
-0.253
-0.302
-0.046
-0.109
-0.23
-0.196
-0.364
-0.529
-0.546
-0.596
-0.511
-0.482
-0.512
-0.469
-0.446
-0.352
-0.335
-0.284
-0.254
-0.107
0.184
0.13
0.269
0.216
0.241
0.133
0.138
0.026
0.081
-0.006
0.01
0.22
0.404
0.497
0.574
0.665
0.75
0.787
0.965
0.701
0.731
0.718
0.651
0.485
10.332
0.55
0.309
0.309
0.191
0.165
0.214
0.065
0.131
0.081
0.401
0.301
0.338
0.24
0.312
0.188
0.173
0.19
-0.069
-0.048
-0.177
-0.278
-0.268
-0.401
-0.581
-0.785
-0.545
-0.37
-0.484
-0.675
-0.912
-0.849
-0.936
-0.991
-0.795
-0.751
-0.765
-0.731
-0.904
-0.949
-1.028
-1.031
-0.96
-1.103
-0.91
-1.079
-1.131
-1.353
-1.163
-1.154
-1.0
-0.804
-0.665
-0.59
-0.547
-0.37
-0.238
-0.016
0.096
0.33
0.154
0.171
-0.029
0.103
0.245
0.051
0.091
0.084
0.211
0.072
0.019
0.06
-0.141
-0.139
-0.01
-0.119
0.083
-0.075
0.083
-0.165
-0.149
-0.164
-0.111
-0.228
-0.393
-0.228
-0.278
-0.215
-0.111
-0.125
-0.043
-0.121
-0.029
-0.274
-0.109
-0.335
-0.464
-0.416
-0.453
-0.469
-0.509
-0.531
-0.515
-0.646
-0.654
-0.561
-0.431
-0.128
0.058
-0.024
0.163
0.065
0.007
-0.07
-0.28
-0.491
-0.569
-0.469
-0.59
-0.497
-0.59
-0.56
-0.506
-0.415
-0.291
-0.271
-0.06
0.0
-0.024
-0.06
0.242
0.214
0.384
0.486
0.491
0.464
0.473
0.555
0.535
0.821
0.824
0.855
1.076
1.018
1.171
1.244
1.167
0.946
0.785
0.789
0.795
0.669
0.771
0.785
0.791
0.557
0.574
0.519
0.555
0.529
0.399
0.182
0.216
0.084
0.125
0.013
0.059
0.175
0.16
-0.014
0.031
-0.049
-0.021
-0.26
-0.386
-0.438
-0.495
-0.859
-0.916
-0.951
-0.934
-1.088
-0.953
-0.836
-0.902
-0.924
-0.863
-0.814
-0.814
-0.864
-0.721
-0.699
-0.568
-0.685
-0.516
-0.524
-0.654
-0.495
-0.58
-0.432
-0.372
-0.081
-0.11
-0.16
-0.254
-0.098
0.106
0.1
-0.259
-0.256
-0.254
-0.618
-0.675
-0.671
-0.623
-0.556
-0.645
-0.51
-0.599
-0.32
-0.546
-0.336
-0.096
-0.101
-0.175
-0.05
-0.24
-0.212
-0.296
-0.122
0.263
0.395
0.47
0.566
0.37
0.113
0.079
0.024
0.024
0.019
0.052
-0.031
-0.046
-0.25
0.043
0.136
0.223
0.225
0.23
0.506
0.496
0.473
0.685
0.58
0.739
0.753
1.026
0.94
0.818
0.811
0.971
0.98
0.927
0.797
0.859
0.831
0.828
0.749
0.902
0.735
0.57
0.57
0.534
0.522
0.529
0.551
0.682
0.541
0.599
0.579
0.684
0.605
0.701
0.758
0.68
0.652
0.676
0.501
0.465
0.405
0.22
0.291
0.264
0.151
0.299
0.278
0.147
-0.114
-0.151
-0.021
-0.185
-0.194
-0.166
-0.189
-0.021
0.04
0.028
0.205
0.164
0.111
0.201
0.151
0.233
0.286
0.393
0.45
0.531
0.38
0.31
0.295
0.366
0.436
0.416
0.547
0.524
0.561
0.771
0.818
0.91
0.998
0.916
0.922
0.829
0.979
0.616
0.529
0.465
0.654
0.568
0.415
0.357
0.304
0.369
0.059
0.314
0.302
0.211
-0.015
-0.199
-0.441
-0.398
-0.389
-0.231
-0.343
-0.264
-0.405
-0.448
-0.547
-0.501
-0.258
-0.3
-0.009
0.151
0.229
0.255
0.264
0.264
0.326
0.323
0.286
0.16
0.166
0.182
0.331
0.3
0.356
0.039
0.208
0.21
0.141
0.103
0.193
0.159
0.146
0.113
0.037
-0.139
-0.043
-0.188
-0.286
-0.284
-0.304
-0.251
-0.451
-0.49
-0.64
-0.601
-0.647
-0.855
-0.804
-0.931
-0.905
-0.905
-0.845
-0.835
-0.73
-0.709
-0.72
-0.681
-0.705
-0.8
-0.621
-0.534
-0.68
-0.672
-0.893
-0.79
-0.828
-0.709
-0.64
-0.573
-0.409
-0.415
-0.574
-0.715
-0.855
-0.677
-0.522
-0.321
-0.151
-0.118
-0.24
-0.19
-0.264
-0.101
-0.005
0.014
-0.163
-0.177
-0.106
0.164
0.258
0.335
0.198
0.44
0.345
0.422
0.489
0.461
0.394
0.301
0.294
0.345
0.111
0.26
0.003
0.006
0.035
-0.131
-0.044
0.094
0.092
0.105
0.159
-0.007
0.13
-0.125
0.225
0.152
-0.024
0.028
-0.209
-0.044
-0.154
-0.09
0.02
0.052
0.109
0.169
0.46
0.545
0.614
0.537
0.759
0.634
0.593
0.561
0.434
0.506
0.53
