-1.179
-1.126
-0.988
-1.07
-0.823
-0.724
-0.873
-0.975
-0.93
-0.935
-0.995
-0.919
-0.776
-0.623
-0.429
-0.37
-0.339
-0.134
-0.06
-0.039
-0.037
-0.036
-0.013
0.041
-0.169
-0.225
-0.31
-0.28
-0.16
-0.043
-0.131
-0.179
0.01
0.31
0.299
0.386
0.321
0.551
0.458
0.425
0.581
0.547
0.48
0.289
0.292
0.022
-0.06
0.08
0.229
0.534
0.825
0.899
0.9
0.963
0.979
0.804
0.561
0.619
0.566
0.583
0.645
0.647
0.776
0.621
0.555
0.341
0.074
0.08
-0.199
-0.289
-0.107
-0.101
-0.188
-0.081
-0.092
-0.458
-0.621
-0.623
-0.738
-0.635
-0.671
-0.782
-0.805
-0.645
-0.667
-0.706
-0.564
-0.631
-0.677
-0.718
-0.609
-0.661
-0.671
-0.595
-0.652
-0.511
-0.574
-0.465
-0.419
-0.357
-0.343
-0.375
-0.134
-0.309
-0.422
-0.438
-0.403
-0.386
-0.166
-0.286
-0.318
-0.389
-0.302
-0.184
-0.251
0.059
0.062
0.284
-0.06
0.18
0.149
0.411
0.328
0.565
0.544
0.69
0.61
0.846
0.86
0.696
0.521
0.662
0.771
0.581
0.471
0.685
0.551
0.656
0.542
0.792
0.961
1.054
1.181
1.086
1.078
1.071
0.976
0.579
0.453
0.531
0.725
0.904
0.646
0.671
0.468
0.529
0.25
0.165
0.122
-0.41
-0.436
-0.503
-0.593
-0.511
-0.731
-0.779
-1.17
-0.835
-1.228
-1.354
-1.181
-1.295
-1.326
-1.269
-1.374
-1.365
-1.274
-1.264
-1.141
-1.012
-0.975
-0.89
-0.82
-0.599
-0.404
-0.266
-0.21
-0.135
-0.039
0.075
0.072
0.38
0.25
0.393
0.419
0.536
0.868
1.125
1.23
1.171
1.548
1.64
1.656
1.649
1.677
1.739
1.611
1.501
1.225
1.345
1.39
1.349
1.265
1.101
0.849
0.801
1.024
0.799
0.774
0.571
0.461
0.505
0.35
0.316
0.24
0.026
-0.077
-0.176
-0.134
-0.028
0.039
-0.045
-0.059
-0.156
-0.101
-0.155
-0.247
-0.395
-0.424
-0.531
-0.562
-0.873
-0.921
-0.826
-0.905
-0.991
-0.804
-0.771
-0.671
-0.629
-0.636
-0.576
-0.626
-0.667
-0.825
-0.59
-0.297
-0.429
-0.357
-0.441
-0.2
-0.135
0.06
0.12
0.056
0.074
0.036
0.374
0.259
0.414
0.463
0.59
0.636
0.73
0.76
0.841
0.969
0.888
0.88
0.969
0.897
0.786
0.818
0.829
0.819
0.849
0.948
0.698
0.779
0.76
0.728
0.723
0.72
0.594
0.463
0.759
0.676
0.685
0.843
0.791
0.871
0.68
0.461
0.152
0.066
0.105
0.086
0.206
0.215
0.305
0.404
0.623
0.657
0.746
0.511
0.512
0.484
0.365
0.114
0.03
0.138
0.388
0.484
0.403
0.302
0.245
0.114
0.022
-0.119
-0.145
0.085
0.054
0.113
-0.079
-0.211
-0.168
-0.324
-0.274
-0.275
-0.311
-0.436
-0.408
-0.466
-0.482
-0.542
-0.633
-0.628
-0.615
-0.335
-0.231
-0.206
-0.13
-0.04
0.265
0.259
0.345
0.426
0.375
0.573
0.556
0.531
0.51
0.649
0.619
0.74
0.881
0.655
0.815
0.677
0.751
0.821
0.89
1.03
0.926
1.025
0.915
1.074
1.011
1.134
1.146
0.932
1.008
0.776
0.874
1.002
1.081
1.006
0.855
0.89
0.723
0.609
0.443
0.348
0.32
0.08
0.051
-0.098
-0.028
-0.13
-0.316
-0.296
-0.333
-0.316
-0.135
-0.035
0.052
0.021
0.054
0.095
-0.199
-0.355
-0.366
-0.514
-0.414
-0.633
-0.505
-0.391
-0.466
-0.589
-0.596
-0.714
-0.768
-0.68
-0.713
-0.864
-1.105
-1.127
-0.995
-0.845
-0.819
-0.841
-0.818
-0.839
-0.973
-0.92
-0.912
-0.929
-0.959
-0.893
-0.961
-0.838
-0.983
-1.106
-1.081
-1.109
-1.124
-1.143
-1.167
10.332
10.332
-0.846
-0.945
-1.012
-1.032
-1.069
-1.305
-1.409
-1.414
-1.501
-1.281
-1.209
-1.174
-0.96
-0.904
-0.905
-1.074
-1.079
-0.915
-1.095
-1.097
-1.208
-0.953
-0.998
-0.926
-0.885
-0.99
-0.89
-0.728
-0.642
-0.521
-0.633
-0.494
-0.443
-0.256
-0.456
-0.241
-0.198
-0.25
-0.2
0.005
-0.203
-0.199
-0.039
0.024
-0.151
-0.165
-0.216
-0.296
-0.247
-0.321
-0.334
-0.529
-0.745
-0.789
-0.781
-0.713
-0.542
-0.259
-0.33
-0.333
-0.1
0.055
0.14
0.071
-0.021
-0.074
-0.024
0.009
-0.164
-0.395
-0.174
0.084
0.344
0.393
0.399
0.318
0.359
0.31
0.336
0.519
0.71
0.694
0.677
0.711
0.699
0.873
1.026
1.095
1.261
1.492
1.433
1.421
1.305
1.413
1.141
1.235
1.176
1.031
1.055
1.002
1.031
1.091
0.864
0.846
0.594
0.45
0.31
0.164
0.076
-0.036
-0.103
-0.025
-0.21
-0.239
-0.261
-0.369
-0.575
-0.685
-0.825
-0.848
-0.87
-0.81
-0.782
-0.904
-1.054
-1.086
-1.124
-1.061
-1.012
-1.011
-0.799
-0.665
-0.664
-0.591
-0.591
-0.279
-0.165
-0.004
0.182
0.399
0.615
0.736
0.499
0.554
0.375
0.177
0.367
0.416
0.394
0.633
0.944
1.16
1.407
1.526
1.623
1.575
1.329
1.431
1.448
1.443
1.383
1.386
1.458
1.391
1.325
1.328
1.634
1.311
1.249
1.177
1.123
1.014
1.144
1.177
1.174
1.145
1.144
1.151
0.971
0.841
0.769
0.724
0.479
0.258
0.065
-0.089
-0.163
-0.367
-0.463
-0.656
-0.801
-0.792
-0.92
-0.932
-0.963
-0.814
-0.954
-0.899
-0.743
-0.696
-0.84
-0.92
-0.706
-0.812
-0.715
-0.667
-0.594
-0.489
-0.46
-0.576
-0.615
-0.686
-0.626
-0.738
-0.654
-0.72
-0.588
-0.695
-0.891
-0.866
-0.902
-0.859
-0.843
-0.525
-0.374
-0.427
-0.056
-0.173
-0.179
-0.058
-0.024
0.206
0.38
0.629
1.038
0.974
1.083
1.309
1.435
1.383
1.134
1.166
1.123
1.164
1.215
1.181
1.184
1.157
1.105
1.2
1.14
1.035
1.246
1.107
1.131
0.984
0.74
0.66
0.705
0.333
0.199
0.288
0.417
0.383
0.626
0.726
0.844
0.566
0.188
0.129
0.147
0.208
0.098
-0.021
-0.045
-0.081
-0.016
0.014
-0.031
0.155
0.285
0.203
0.276
0.17
0.033
-0.12
0.09
0.011
-0.179
0.04
-0.044
-0.235
-0.354
-0.23
-0.321
-0.274
-0.341
-0.448
-0.446
-0.536
-0.67
-0.644
-0.73
-0.72
-0.83
-0.865
-0.843
-0.905
-0.866
-0.76
-0.579
-0.581
-0.396
-0.431
-0.529
-0.585
-0.671
-0.448
-0.625
-0.487
-0.401
-0.301
-0.226
-0.056
0.039
-0.056
-0.176
-0.145
0.065
0.115
0.141
0.129
0.288
0.33
0.33
0.302
0.236
0.203
0.024
-0.056
-0.077
0.072
-0.022
-0.024
0.061
0.122
0.265
0.234
0.235
0.304
0.448
0.485
0.522
0.571
0.745
0.62
0.611
0.5
0.703
0.586
0.544
0.394
0.61
0.688
0.769
0.838
1.0
0.881
0.879
0.901
0.968
1.311
1.302
1.361
1.468
1.248
1.261
1.083
1.049
0.932
0.844
0.804
0.693
0.504
0.43
0.408
0.351
0.163
0.019
0.037
0.036
-0.115
-0.158
-0.256
-0.316
-0.329
-0.071
0.025
-0.319
-0.297
-0.351
-0.306
-0.478
-0.415
-0.463
-0.676
-0.556
-0.719
-0.62
-0.588
-0.69
-0.896
-0.858
-0.739
-0.79
-0.924
-0.866
-0.74
-0.845
-0.836
-0.845
-0.656
-0.734
-0.755
-0.76
-0.68
-0.716
-0.844
-0.573
-0.408
-0.281
-0.362
-0.198
-0.246
0.007
0.036
-0.174
-0.019
0.022
0.351
0.357
0.275
0.328
0.106
0.169
0.253
0.539
0.681
0.784
1.014
1.166
1.424
1.419
1.318
1.384
1.481
1.377
1.173
1.248
1.137
1.294
1.026
0.915
0.871
0.921
1.034
1.166
1.131
0.858
0.795
0.704
0.506
0.249
-0.088
-0.007
0.001
-0.235
-0.189
-0.245
-0.349
-0.455
-0.561
-0.681
-0.771
-0.869
-0.766
-0.743
-0.674
-0.508
-0.471
-0.434
-0.524
-0.441
-0.51
-0.383
-0.22
-0.146
-0.001
-0.09
0.003
0.036
0.185
0.309
0.199
0.261
0.302
0.225
0.249
-0.029
-0.175
-0.235
-0.39
-0.386
-0.468
-0.552
-0.584
-0.571
-0.436
-0.743
-0.854
-0.72
-0.578
-0.479
-0.395
-0.331
-0.12
-0.149
-0.092
-0.193
-0.122
-0.12
-0.329
-0.241
-0.431
-0.276
-0.223
-0.164
-0.104
0.013
0.029
0.094
-0.005
-0.001
-0.154
-0.21
-0.31
-0.346
-0.151
-0.193
-0.23
-0.103
-0.009
0.001
-0.016
0.059
0.22
-0.006
-0.035
-0.269
-0.391
-0.329
-0.584
-0.858
-0.964
-1.24
-1.336
-1.315
-1.22
-1.4
-1.26
-1.193
-1.103
-1.099
-1.149
-1.011
-0.945
-0.703
-0.584
-0.484
-0.316
-0.415
-0.414
-0.331
-0.275
-0.177
-0.12
-0.131
0.059
0.109
0.278
0.336
0.23
0.203
0.125
0.164
0.061
0.051
0.044
0.081
0.152
0.131
0.255
0.26
0.316
0.385
0.394
0.21
0.159
0.206
0.188
0.19
0.268
0.301
0.427
0.463
0.357
0.312
0.547
0.367
0.425
0.573
0.595
0.782
0.64
0.566
0.445
0.206
0.176
0.16
0.256
0.285
0.05
0.062
-0.81
-0.152
-0.15
-0.316
-0.564
-0.552
-0.761
-0.869
-0.804
-0.766
-0.62
-0.641
-0.365
-0.421
-0.309
-0.286
-0.264
-0.334
-0.372
-0.165
-0.301
-0.194
-0.35
-0.344
-0.38
-0.404
-0.269
-0.212
-0.22
-0.253
-0.276
-0.182
-0.138
0.056
0.092
-0.088
-0.217
-0.301
-0.203
0.054
0.088
0.388
0.495
0.593
0.599
0.589
0.688
0.784
0.774
0.965
0.906
0.724
0.849
0.805
0.835
0.704
0.626
0.496
0.699
0.646
0.504
0.56
0.436
0.388
0.393
0.281
0.278
0.23
0.185
0.258
0.147
0.111
-0.018
-0.238
-0.401
-0.356
-0.4
-0.266
-0.055
-0.149
-0.305
-0.203
-0.319
-0.374
-0.126
-0.256
-0.426
-0.357
-0.357
-0.245
-0.278
-0.391
-0.321
-0.286
-0.344
-0.234
-0.014
0.079
-0.031
0.076
0.014
0.156
0.223
0.339
0.163
0.069
0.066
0.21
0.351
0.341
0.603
0.689
0.871
0.9
0.73
0.843
0.902
0.835
0.831
0.787
0.446
0.444
0.471
0.496
0.321
0.468
0.514
0.709
0.815
0.754
0.83
0.93
1.064
1.184
1.174
1.163
1.295
1.245
1.492
1.421
1.501
1.361
1.716
1.919
1.901
1.9
1.843
2.103
1.864
1.782
1.578
1.641
1.735
1.405
1.308
1.093
1.049
1.04
0.932
0.84
0.792
0.772
0.696
0.631
0.598
0.626
0.466
0.229
0.064
-0.113
-0.288
-0.335
-0.28
-0.256
-0.321
-0.231
-0.236
-0.037
-0.091
-0.065
0.013
-0.261
-0.426
-0.305
-0.324
-0.456
-0.374
-0.398
-0.546
-0.499
-0.323
-0.299
-0.38
-0.449
-0.416
-0.449
-0.315
-0.343
-0.285
-0.37
-0.244
-0.152
-0.155
-0.129
-0.046
0.003
0.036
0.181
0.264
0.211
0.171
-0.025
0.161
0.064
-0.041
-0.125
-0.034
0.206
0.198
0.273
0.312
0.299
0.494
0.341
0.4
0.386
0.247
0.247
0.151
-0.079
-0.229
-0.394
-0.413
-0.503
-0.708
-0.89
-0.869
-0.844
-0.814
-0.834
-0.936
-0.874
-0.821
-0.787
-0.75
-0.738
-0.708
-0.866
-1.06
-1.188
-1.171
-1.198
-1.163
-1.127
-1.073
-0.829
-0.789
-0.784
-0.605
-0.666
-0.586
-0.411
-0.425
-0.566
-0.514
-0.588
-0.583
-0.53
-0.432
-0.201
-0.135
-0.06
0.071
0.066
0.076
-0.048
-0.17
-0.185
-0.346
-0.424
-0.524
-0.654
-0.846
-0.775
-0.611
-0.694
-1.0
-1.019
-1.035
-0.888
-0.976
-0.834
-0.914
-0.682
-0.635
-0.578
-0.497
-0.496
-0.284
-0.255
-0.006
-0.149
-0.114
0.077
0.124
0.199
0.146
0.245
0.323
0.329
0.242
0.115
0.26
0.331
0.338
0.355
0.421
0.478
0.314
0.417
0.511
0.42
0.356
0.345
0.126
0.149
0.301
0.211
0.254
0.125
0.236
0.154
0.136
0.352
0.265
0.021
0.06
0.179
0.074
0.098
0.06
0.147
0.095
0.035
0.324
0.296
0.362
0.185
0.251
0.039
0.054
0.083
-0.033
0.039
0.122
0.133
0.23
0.451
0.69
0.646
0.67
0.728
0.797
0.797
0.59
0.689
0.72
1.014
1.005
0.961
1.209
1.245
1.124
1.216
1.242
1.144
0.97
0.797
0.885
0.805
0.768
0.875
0.638
0.557
0.69
0.475
0.219
0.307
0.061
-0.268
-0.146
-0.16
-0.23
-0.29
-0.144
-0.27
-0.221
-0.285
-0.196
-0.401
-0.214
-0.235
-0.156
-0.122
-0.136
-0.17
-0.041
0.039
-0.056
0.041
0.045
0.084
0.22
0.329
0.195
0.31
0.355
0.445
0.401
0.484
0.519
0.414
0.554
0.67
0.776
0.792
0.713
0.736
0.618
0.831
0.779
0.896
0.661
0.854
0.715
0.331
0.336
0.378
0.259
0.288
0.31
0.195
0.116
-0.033
-0.098
-0.296
-0.145
-0.179
-0.179
-0.385
-0.328
-0.27
-0.468
-0.107
-0.416
-0.375
-0.278
-0.254
-0.329
-0.4
-0.357
-0.165
0.015
0.075
0.004
0.049
0.143
0.238
0.121
0.07
0.065
0.019
-0.072
0.085
-0.124
-0.114
-0.086
-0.086
-0.018
-0.139
-0.179
-0.215
-0.25
-0.351
-0.186
-0.226
-0.361
-0.4
-0.374
-0.422
-0.256
-0.471
-0.455
-0.478
-0.716
-0.526
-0.519
-0.384
-0.371
-0.621
-0.624
-0.556
-0.361
-0.43
-0.324
-0.414
-0.191
-0.258
-0.251
-0.104
-0.041
0.236
0.279
0.13
0.236
0.254
0.372
0.301
0.4
0.652
0.546
0.505
0.491
0.608
0.529
0.61
0.784
0.664
0.575
0.403
0.708
0.589
0.715
0.846
0.902
0.863
0.782
0.796
0.789
0.812
0.728
0.736
0.62
0.682
0.516
0.657
0.731
0.791
0.844
0.81
0.938
0.836
0.907
1.056
1.045
1.179
0.935
0.888
0.914
0.812
0.81
0.606
0.44
0.429
0.166
0.115
-0.091
-0.158
-0.362
-0.662
-0.786
-0.806
-0.995
-0.912
-0.929
-0.98
-1.005
-0.921
-1.051
-1.001
-1.113
-1.165
-1.179
-1.109
-0.779
-0.984
-1.127
-1.03
-1.058
-1.159
-1.001
-0.949
-0.724
-0.65
-0.537
-0.468
-0.458
-0.271
-0.081
-0.259
0.048
0.109
0.134
0.3
0.307
0.297
0.398
0.414
0.413
0.478
0.294
0.479
0.416
0.514
0.594
0.618
0.875
0.765
0.91
0.825
0.87
0.895
0.895
0.86
0.98
0.954
0.891
0.955
0.97
1.083
1.119
1.169
1.318
1.3
1.328
1.021
1.091
1.15
1.274
1.021
0.853
0.946
0.785
0.764
0.494
0.514
0.403
0.365
0.456
0.291
0.29
0.195
0.134
0.084
0.139
0.098
0.18
0.071
0.088
-0.109
-0.084
0.076
0.061
0.106
0.046
0.081
-0.031
-0.107
-0.33
-0.301
-0.379
-0.438
-0.139
-0.245
-0.238
-0.348
-0.566
-0.564
-0.662
-0.764
-0.906
-0.844
-0.914
-0.819
-0.796
-1.038
-0.993
-0.978
-0.886
-1.002
-1.031
-0.922
-1.022
-0.859
-0.905
-0.943
-0.774
-0.823
-0.836
-0.765
-0.715
-0.693
-0.529
-0.434
-0.53
-0.29
-0.174
0.041
0.075
0.14
0.041
0.226
0.318
0.351
0.362
0.26
0.328
0.302
0.284
0.135
0.077
0.181
0.3
0.47
0.294
0.28
0.164
0.033
-0.036
-0.1
-0.269
-0.395
-0.375
-0.417
-0.639
-1.056
-1.153
-1.199
-0.984
-1.075
-1.096
-1.167
-1.025
-0.976
-0.88
-0.809
-0.59
-0.751
-0.616
-0.753
-0.606
-0.738
-0.89
-1.002
-1.139
-1.184
-1.16
-1.256
-1.19
-1.066
-1.025
-0.981
-0.998
-0.983
-1.066
-1.24
-0.965
-1.13
-1.175
-1.144
-1.11
-1.114
-0.934
-1.085
-1.07
-0.858
-0.768
-0.886
-0.873
-0.85
-0.985
-1.018
-0.973
-1.041
-0.785
-0.826
-0.586
-0.62
-0.512
-0.45
-0.388
-0.276
-0.186
-0.159
-0.264
-0.035
0.092
0.066
0.219
0.291
0.415
0.399
0.333
0.329
0.396
0.391
0.494
0.564
0.716
0.945
1.119
1.258
1.339
1.43
1.369
1.594
1.779
1.811
1.808
1.738
1.828
1.944
1.816
1.715
1.532
1.636
1.745
1.711
1.675
1.568
1.416
1.174
1.076
0.981
1.084
0.979
1.058
1.155
1.153
1.123
1.056
1.258
1.107
1.174
1.203
1.331
1.421
1.476
1.562
1.561
1.515
1.549
1.545
1.495
1.424
1.258
1.268
1.225
0.889
0.659
0.509
0.46
0.427
0.545
0.645
0.616
0.537
0.419
0.411
0.175
0.064
0.217
0.193
0.274
0.131
0.161
0.061
0.154
0.175
0.101
0.044
-0.013
-0.037
-0.152
-0.018
-0.33
-0.416
-0.311
-0.164
-0.161
-0.194
-0.32
-0.367
-0.647
-0.744
-0.771
-0.789
-0.746
-0.755
-0.709
-0.599
-0.623
-0.547
-0.688
-0.681
-0.651
-0.524
-0.521
-0.56
-0.665
-0.641
-0.579
-0.509
-0.497
-0.321
-0.111
-0.104
0.05
-0.004
0.07
0.198
0.189
0.161
0.072
0.107
0.124
0.155
0.168
0.211
0.286
0.302
0.2
0.101
0.088
0.13
0.026
0.224
0.281
0.355
0.434
0.454
0.579
0.651
0.699
0.818
0.971
0.826
0.865
0.881
0.86
0.885
0.9
0.943
0.883
0.986
0.843
0.869
0.888
0.802
0.672
0.494
0.419
0.325
0.234
0.166
0.05
-0.092
-0.281
-0.312
-0.455
-0.406
-0.35
-0.411
-0.51
-0.536
-0.583
-0.608
-0.566
-0.601
-0.544
-0.544
-0.494
-0.419
-0.369
-0.255
-0.439
-0.676
-0.44
-0.581
-0.545
-0.688
-0.64
-0.651
-0.759
-0.745
-0.868
-0.761
-0.787
-0.839
-0.826
-0.796
-0.534
-0.586
-0.536
-0.584
-0.547
-0.465
-0.33
-0.24
-0.256
-0.241
-0.176
-0.179
-0.165
-0.173
-0.188
-0.013
0.085
0.166
0.576
0.6
0.688
0.897
1.088
1.286
1.542
1.626
1.895
1.933
1.789
1.681
1.876
1.921
1.816
1.991
1.771
1.857
1.778
1.656
1.456
1.397
1.286
1.299
1.093
1.104
0.944
0.926
0.801
0.816
0.6
0.49
0.445
0.411
0.261
0.226
0.035
0.111
0.061
-0.003
0.13
0.051
0.124
0.095
0.217
0.135
-0.005
0.024
-0.105
-0.156
-0.147
-0.251
-0.201
-0.175
-0.14
-0.143
-0.065
-0.015
0.084
0.024
-0.018
-0.065
0.07
0.334
0.094
0.419
0.239
0.113
0.011
-0.125
-0.048
-0.284
-0.403
-0.48
-0.458
-0.375
-0.435
-0.145
-0.141
-0.164
-0.226
-0.501
-0.417
-0.641
-0.541
-0.644
-0.631
-0.769
-0.723
-0.714
-0.805
-0.776
-0.801
-0.765
-0.696
-0.63
-0.641
-0.745
-0.435
-0.559
-0.379
-0.398
-0.421
-0.276
-0.263
-0.091
-0.265
-0.221
-0.236
-0.209
-0.098
-0.161
0.009
0.201
0.103
0.514
0.312
0.48
0.595
0.705
0.859
0.839
0.951
1.028
0.799
0.944
0.796
0.922
0.806
0.709
0.854
0.825
0.726
0.614
0.47
0.59
0.384
0.451
0.569
0.331
0.22
0.062
-0.014
-0.161
-0.271
-0.046
-0.236
-0.091
-0.181
-0.229
-0.259
-0.381
-0.512
-0.536
-0.596
-0.54
-0.449
-0.455
-0.516
-0.526
-0.544
-0.47
-0.556
-0.667
-0.806
-0.698
-0.901
-0.95
-0.809
-0.831
-0.76
-0.708
-0.54
-0.514
-0.336
-0.235
-0.288
-0.051
-0.026
-0.119
-0.066
0.138
0.212
0.285
0.381
0.527
0.55
0.579
0.534
0.473
0.445
0.434
0.383
0.504
0.511
0.544
0.677
0.621
0.809
0.72
0.838
0.688
0.65
0.693
0.431
0.36
0.16
0.006
-0.109
-0.077
-0.171
-0.22
-0.234
-0.256
-0.531
-0.385
-0.566
-0.681
-0.624
-0.656
-0.71
-0.746
-0.755
-0.824
-0.743
-0.765
-0.735
-0.642
-0.499
-0.532
-0.177
-0.19
-0.158
-0.261
-0.215
-0.151
-0.301
-0.089
-0.196
-0.145
-0.015
0.01
0.072
0.161
0.195
0.08
0.294
0.336
0.393
0.494
0.463
0.432
0.326
0.269
0.225
0.225
0.124
0.126
0.098
-0.015
-0.034
0.07
0.089
0.069
-0.045
0.234
0.04
0.106
0.372
0.404
0.546
0.489
0.608
0.549
0.591
0.723
0.579
0.665
0.642
0.618
0.525
0.508
0.403
0.404
0.551
0.326
0.316
0.309
0.285
0.154
0.077
0.133
0.168
0.296
0.278
0.271
0.352
0.266
0.288
0.152
0.133
-0.034
-0.015
-0.007
-0.11
0.075
-0.103
-0.091
-0.133
-0.35
-0.129
-0.066
-0.035
0.169
0.14
0.491
0.551
0.669
0.849
1.054
1.24
1.399
1.336
1.436
1.486
1.438
1.391
1.424
1.336
1.433
1.361
1.164
1.203
0.902
0.698
0.623
0.482
0.411
0.372
-10.336
0.001
-0.269
-0.292
-0.471
-0.469
-0.482
-0.378
-0.343
-0.326
-0.236
-0.305
-0.431
-0.479
-0.47
-0.639
-0.781
-0.828
-0.927
-0.998
-1.039
-1.121
-1.094
-0.904
-0.955
-1.005
-0.896
-1.135
-1.015
-0.932
-2.464
-0.917
-0.868
-0.909
-0.976
-0.893
-0.991
-0.863
-0.662
-0.611
-0.429
-0.378
-0.146
-0.089
-0.001
0.212
0.186
0.362
0.427
0.519
0.564
0.546
0.82
0.655
0.595
0.514
0.504
0.405
0.296
