-0.306
-0.113
-0.058
0.056
0.188
0.266
0.225
0.103
0.265
0.219
0.235
0.323
0.191
0.205
0.01
-0.025
-0.105
-0.275
-0.12
-0.07
-0.107
-0.065
-0.06
-0.166
-0.173
-0.372
-0.214
-0.46
-0.469
-0.391
-0.609
-0.534
-0.469
-0.645
-0.641
-0.619
-0.657
-0.696
-0.839
-0.676
-0.633
-0.646
-0.49
-0.292
-0.306
-0.381
-0.203
-0.113
-0.03
-0.136
-0.07
-0.174
-0.233
-0.195
-0.28
-0.211
-0.24
-0.054
0.072
0.092
0.211
0.42
0.569
0.772
0.794
0.94
1.005
1.001
0.797
0.731
0.631
0.459
0.411
0.307
0.264
0.389
0.489
0.417
0.405
0.604
0.406
0.427
0.334
0.411
0.14
0.481
0.348
0.21
0.211
0.161
0.234
0.121
0.3
0.168
0.114
0.219
0.154
0.17
0.255
0.251
0.346
0.316
0.245
0.297
0.4
0.335
0.35
0.168
0.156
0.058
0.062
0.21
0.175
0.173
0.164
0.336
0.391
0.3
0.344
0.405
0.389
0.378
0.492
0.443
0.419
0.307
0.414
0.395
0.238
0.224
0.17
0.241
0.188
0.159
0.051
-0.128
-0.323
-0.201
-0.324
-0.636
-0.57
-0.631
-0.751
-0.838
-0.932
-0.979
-1.103
-1.336
-1.004
-1.032
-0.786
-0.846
-0.62
-0.576
-0.424
-0.268
-0.161
-0.025
-0.072
-0.199
-0.217
-0.171
-0.321
-0.268
-0.289
-0.198
-0.09
-0.281
-0.474
-0.448
-0.401
-0.228
-0.221
-0.08
-0.128
0.105
-0.111
-0.231
-0.394
-0.306
-0.299
-0.312
-0.266
-0.17
-0.395
-0.279
-0.199
-0.131
-0.054
-0.009
-0.049
-0.054
0.161
0.245
0.339
0.506
0.489
0.565
0.672
0.703
0.67
0.688
0.601
0.688
0.642
0.8
0.925
0.851
0.774
0.639
0.764
0.557
0.69
0.688
0.616
0.713
0.564
0.505
0.509
0.527
0.497
0.606
0.501
0.365
0.26
0.136
0.209
0.084
0.0
-0.01
-0.096
-0.06
-0.051
-0.121
-0.198
-0.223
-0.305
-0.346
-0.24
-0.177
-0.198
-0.25
-0.179
-0.036
-0.114
-0.16
-0.114
-0.118
-0.122
-0.181
-0.146
-0.263
-0.233
-0.114
-0.152
-0.059
-0.271
-0.216
-0.229
-0.165
-0.08
0.035
0.158
0.189
0.348
0.285
0.333
0.494
0.365
0.492
0.519
0.614
0.679
0.578
0.62
0.754
0.797
0.815
0.841
0.924
1.008
0.875
0.851
0.902
0.684
0.636
0.72
0.828
0.67
0.651
0.59
0.583
0.585
0.465
0.497
0.384
0.453
0.365
0.291
0.367
0.276
0.176
0.238
0.099
0.215
0.233
0.194
0.314
0.064
0.155
0.107
0.231
0.465
0.188
0.285
0.394
0.421
0.375
0.667
0.64
0.831
0.787
0.958
0.681
0.595
0.72
0.464
0.413
0.291
0.263
0.061
-0.026
0.077
0.054
-0.018
-0.228
-0.152
0.026
-0.064
-0.176
-0.147
-0.144
-0.144
-0.152
-0.054
-0.005
-0.006
-0.101
-0.12
0.021
0.024
0.004
0.116
-0.089
0.086
-0.07
0.021
0.099
0.036
0.043
-0.107
0.001
-0.007
0.111
0.203
0.159
0.25
0.223
-0.094
0.011
0.111
-0.229
-0.139
-0.04
0.139
0.134
0.118
0.219
0.246
0.143
-0.147
-0.177
-0.211
-0.089
-0.08
-0.166
-0.236
-0.336
-0.367
-0.349
-0.074
-0.071
-0.106
-0.155
-0.11
-0.18
0.035
0.033
-0.114
-0.054
0.01
0.009
-0.099
-0.181
-0.12
-0.273
-0.305
-0.226
-0.292
-0.226
-0.21
-0.224
-0.398
-0.482
-0.333
-0.456
-0.345
-0.546
-0.759
-0.557
-0.644
-0.704
-0.779
-0.696
-0.676
-0.649
-0.805
-0.936
-0.855
-0.896
-0.926
-0.959
-0.828
-0.776
-0.744
-0.824
-0.893
-0.734
-0.69
-0.681
-0.754
-0.755
-0.84
-0.895
-0.763
-0.883
-0.775
-0.764
-0.794
-0.623
-0.542
-0.54
-0.425
-0.453
-0.228
-0.163
0.006
-0.114
-0.217
0.022
0.014
0.251
0.225
0.307
0.307
0.364
0.519
0.505
0.568
0.429
0.51
0.675
0.775
0.858
0.931
1.232
1.069
1.242
1.261
1.166
1.065
0.965
0.646
0.849
0.878
0.999
1.064
1.058
1.042
0.968
1.061
1.139
1.004
0.965
1.056
0.912
0.774
0.728
0.729
0.931
0.945
1.088
1.101
1.117
1.18
1.045
1.13
0.846
0.785
0.859
0.869
0.838
0.809
0.759
0.735
0.603
0.878
0.716
0.564
0.636
0.646
0.559
0.422
0.312
0.281
0.092
0.069
-0.129
-0.163
-0.241
-0.357
-0.565
-0.624
-0.589
-0.644
-0.679
-0.699
-0.629
-0.506
-0.584
-0.734
-0.715
-0.733
-0.772
-0.746
-1.071
-1.018
-0.99
-1.145
-0.861
-0.983
-0.921
-0.924
-0.963
-0.833
-0.811
-0.758
-0.7
-0.693
-0.78
-0.759
-0.776
-0.487
-0.598
-0.585
-0.834
-0.734
-0.731
-0.666
-0.753
-0.427
-0.499
-0.292
-0.165
-0.226
-0.186
-0.116
-0.316
-0.26
-0.163
-0.084
-0.27
-0.241
-0.143
-0.23
-0.119
-0.028
-0.045
0.143
0.071
0.256
0.194
0.161
0.116
0.145
0.33
0.375
0.425
0.344
-0.749
0.333
0.36
0.49
0.492
0.388
0.315
0.484
0.461
0.463
0.371
0.311
0.224
0.225
0.091
0.114
0.275
0.431
0.323
0.369
0.276
0.312
0.366
0.345
0.174
0.188
0.151
0.003
0.011
0.176
0.24
0.249
0.061
0.185
0.345
0.128
0.179
0.168
0.014
0.039
0.028
0.106
-0.024
-0.095
0.004
0.196
0.422
0.556
0.655
0.495
0.356
0.24
0.122
0.045
0.044
0.03
0.221
0.134
-0.14
0.02
-0.318
-0.413
-0.492
-0.422
-0.399
-0.445
-0.275
-0.361
-0.388
-0.47
-0.516
-0.48
-0.453
-0.295
-0.205
-0.17
0.045
-0.05
0.074
0.134
-0.025
-0.131
-0.302
-0.269
-0.356
-0.489
-0.449
-0.384
-0.455
-0.556
-0.79
-0.721
-0.781
-0.769
-0.781
-0.825
-0.478
-0.665
-0.706
-1.124
-1.113
-1.001
-0.955
-0.922
-0.905
-0.875
-0.769
-0.65
-0.609
-0.605
-0.522
-0.549
-0.335
-0.319
-0.341
-0.3
-0.092
-0.076
0.007
0.24
0.286
0.352
0.328
0.439
0.601
0.492
0.339
0.219
0.21
0.095
-0.031
0.124
0.196
0.219
0.138
0.214
0.201
0.301
0.238
0.103
0.254
0.44
0.479
0.526
0.416
0.559
0.671
0.682
0.799
0.63
0.605
0.304
0.555
0.604
0.491
0.504
0.521
0.564
0.603
0.544
0.469
0.494
0.236
0.184
0.075
0.088
-0.026
-0.214
-0.146
-0.247
-0.266
-0.225
-0.405
-0.427
-0.432
-0.217
-0.179
-0.103
-0.264
-0.193
-0.235
-0.319
-0.473
-0.639
-0.547
-0.719
-0.806
-0.935
-0.823
-0.804
-0.82
-0.784
-0.723
-0.828
-0.735
-0.63
-0.579
-0.647
-0.45
-0.649
-0.445
-0.506
-0.45
-0.429
-0.345
-0.331
-0.228
-0.114
-0.026
0.199
0.147
0.214
0.335
0.374
0.29
0.352
0.478
0.351
0.24
0.221
0.288
0.214
0.203
0.224
0.221
0.16
0.375
0.221
0.362
0.301
0.249
0.26
0.307
0.208
0.246
0.133
0.2
0.092
-0.014
-0.125
-0.06
0.1
0.113
0.215
0.249
0.315
0.281
0.254
0.1
0.164
0.215
0.279
0.203
0.18
0.105
0.04
0.149
0.223
0.184
0.119
0.175
0.291
0.125
0.083
0.021
0.061
0.059
-0.033
0.175
0.058
0.015
-0.003
0.184
0.12
0.194
0.179
0.326
0.349
0.345
0.404
0.432
0.388
0.482
0.525
0.596
0.487
0.316
0.196
0.296
0.326
0.359
0.362
0.307
0.36
0.29
0.281
0.394
0.294
0.238
-0.02
-0.181
-0.226
-0.159
-0.285
-0.161
-0.234
-0.23
-0.309
-0.294
-0.2
-0.23
-0.069
-0.251
-0.255
-0.356
-0.336
-0.185
-0.216
-0.074
-0.226
-0.201
-0.121
-0.258
-0.224
-0.101
-0.051
-0.048
-0.035
-0.009
-0.083
-0.155
-0.037
0.079
0.013
0.542
0.362
0.349
0.404
0.562
0.393
0.571
0.633
0.79
0.424
0.7
0.703
0.624
0.738
0.657
0.78
0.481
0.422
0.338
0.256
0.333
0.124
0.29
0.279
0.217
0.144
0.219
0.226
0.164
0.026
0.11
0.07
0.064
-0.138
-0.072
0.041
0.08
0.015
0.2
0.193
0.235
0.318
0.46
0.39
0.473
0.474
0.537
0.52
0.531
0.469
0.639
0.372
0.32
0.404
0.609
0.674
0.576
0.616
0.588
0.491
0.516
0.203
0.18
0.198
-0.054
-0.089
-0.239
-0.291
-0.238
-0.329
-0.214
-0.225
0.031
0.02
-0.095
-0.037
-0.021
0.074
-0.037
-0.134
-0.114
-0.228
-0.221
-0.126
-0.311
-0.226
-0.13
-0.109
-0.181
-0.312
-0.415
-0.555
-0.67
-0.755
-0.766
-1.011
-1.01
-1.346
-1.061
-1.319
-1.096
-1.076
-1.201
-1.051
-1.314
-1.27
-1.34
-1.458
-1.29
-1.518
-1.296
-1.424
-1.141
-0.804
-0.686
-0.51
-0.546
-0.419
-0.365
-0.345
-0.425
-0.118
-0.092
-0.166
-0.234
-0.126
-0.135
-0.131
0.16
0.236
0.504
0.568
0.7
0.921
1.009
1.103
1.397
1.502
1.699
1.522
1.776
1.769
1.876
1.76
1.651
1.635
1.943
2.018
2.054
1.964
2.154
1.859
2.031
2.114
2.007
2.044
1.85
1.594
1.44
1.115
0.866
0.71
0.801
0.771
0.54
0.601
0.695
0.826
0.823
0.555
0.269
0.255
0.244
0.128
0.174
0.149
-0.004
0.095
-0.034
-0.212
-0.185
-0.119
-0.096
-0.005
-0.051
-0.193
-0.233
-0.233
-0.506
-0.512
-0.609
-0.713
-0.606
-0.438
-0.579
-0.583
-0.516
-0.545
-0.328
-0.365
0.001
0.085
0.056
0.039
0.092
0.266
0.404
0.484
0.641
0.584
0.781
0.883
0.72
0.791
0.647
0.601
0.534
0.565
0.46
0.375
0.159
0.203
0.095
0.215
0.129
0.095
0.024
-0.065
-0.134
-0.138
-0.13
-0.065
-0.15
-0.116
-0.021
-0.021
-0.01
0.196
0.105
0.128
0.05
0.064
0.069
-0.028
-0.046
-0.014
-0.158
-0.236
-0.176
-0.432
-0.276
-0.399
-0.215
-0.289
-0.321
-0.289
-0.098
0.115
0.18
0.37
0.361
0.304
0.482
0.354
0.348
0.465
0.35
0.389
0.362
0.416
0.344
0.413
0.619
0.545
0.571
0.561
0.465
0.588
0.349
0.37
0.534
0.463
0.464
0.401
0.279
0.491
0.312
0.409
0.49
0.545
0.511
0.398
0.364
0.181
-0.018
-0.107
-0.01
-0.135
-0.018
-0.036
-0.048
-0.216
-0.484
-0.731
-0.919
-1.011
-1.068
-1.058
-1.184
-1.221
-1.24
-1.211
-1.199
-1.059
-1.049
-0.836
-0.833
-0.754
-0.973
-0.97
-0.93
-0.738
-0.77
-0.589
-0.672
-0.861
-0.655
-0.66
-0.695
-0.789
-0.754
-0.917
-1.058
-0.97
-0.949
-0.815
-0.818
-0.801
-0.825
-0.771
-0.84
-0.932
-0.829
-0.715
-0.839
-1.052
-0.876
-0.959
-0.848
-0.772
-0.633
-0.876
-0.729
-0.704
-0.596
-0.385
-0.53
-0.45
-0.244
-0.258
-0.111
-0.003
0.143
0.098
-0.039
-0.1
-0.076
-0.04
-0.131
0.096
-0.163
-0.046
-0.189
-0.235
-0.186
-0.098
0.016
0.173
0.264
0.404
0.555
0.71
0.695
0.873
1.022
1.239
1.338
1.255
1.201
1.224
1.076
1.143
1.12
1.089
1.258
1.179
1.384
1.305
1.522
1.532
1.494
1.502
1.482
1.28
1.203
1.21
1.228
1.116
1.008
0.96
0.94
1.055
0.781
0.861
0.828
0.552
0.315
0.211
0.122
0.104
-0.031
-0.054
-0.365
-0.364
-0.573
-0.711
-0.677
-0.814
-0.878
-0.945
-0.932
-1.044
-1.159
-1.146
-1.24
-1.133
-0.974
-0.944
-1.01
-1.036
-0.965
-0.78
-0.728
-0.427
-0.456
-0.25
-0.039
-0.136
-0.118
-0.28
-0.211
-0.328
-0.357
-0.163
-0.18
-0.145
-0.261
-0.169
-0.124
-0.043
-0.072
0.07
0.072
0.061
0.046
-0.22
0.212
0.159
0.059
0.186
0.205
0.291
0.601
0.598
0.662
0.6
0.633
0.665
0.764
0.771
0.746
0.924
0.948
1.009
0.998
1.171
1.234
1.222
1.201
1.25
1.039
1.028
0.91
0.756
0.691
0.504
0.684
0.789
0.646
0.568
0.625
0.43
0.231
0.139
0.299
0.366
0.422
0.17
0.08
-0.01
0.109
0.301
0.061
0.151
0.138
0.064
0.14
0.007
0.061
0.045
-0.016
-0.075
0.064
0.044
0.028
-0.016
-0.044
-0.149
0.034
-0.025
-0.125
-0.125
-0.114
-0.151
-0.198
-0.375
-0.468
-0.384
-0.37
-0.21
-0.253
-0.239
-0.185
-0.071
-0.111
-0.044
-0.003
-0.054
0.061
0.247
0.362
0.391
0.413
0.576
0.67
0.667
0.36
0.356
0.31
0.55
0.436
0.557
0.326
0.52
0.474
0.405
0.348
0.286
0.394
0.289
0.42
0.226
0.244
0.334
0.164
0.2
0.268
0.391
0.556
0.62
0.578
0.519
0.443
0.566
0.656
0.799
0.795
0.865
0.787
0.709
0.682
0.487
0.519
0.436
0.21
0.229
0.081
-0.003
-0.058
-0.013
-0.039
0.062
0.025
0.114
0.084
-0.018
0.115
0.031
0.046
-0.099
0.08
-0.036
-0.41
-0.35
-0.444
-0.22
-0.154
-0.281
-0.438
-0.718
-0.559
-0.807
-0.565
-0.362
-0.451
-0.652
-0.886
-0.943
-0.936
-0.935
-0.881
-0.766
-0.869
-0.902
-0.833
-0.854
-0.961
-0.864
-0.888
-1.195
-1.085
-1.13
-1.051
-1.104
-1.06
-1.054
-1.076
-1.019
-1.193
-1.281
-1.123
-1.242
-1.211
-1.08
-1.039
-0.87
-0.774
-0.825
-0.634
-0.578
-0.606
-0.586
-0.431
-0.198
-0.215
-0.064
0.125
0.095
0.126
0.018
0.344
0.36
0.42
0.273
0.198
0.38
0.333
0.13
0.355
0.291
0.391
0.461
0.521
0.544
0.369
0.56
0.667
0.59
0.564
0.459
0.569
0.666
0.669
0.77
0.876
0.861
1.055
1.08
1.035
1.143
1.336
1.325
1.242
1.135
1.058
1.086
1.049
1.146
1.064
1.133
0.956
0.855
0.84
0.69
0.532
0.527
0.42
0.244
0.035
-0.116
-0.176
-0.219
-0.284
-0.615
-0.408
-0.718
-0.691
-0.672
-0.901
-1.014
-0.998
-1.165
-1.104
-1.141
-1.203
-1.299
-1.194
-1.254
-1.146
-1.123
-1.123
-0.897
-0.516
-0.526
-0.422
-0.435
-0.403
-0.104
-0.051
0.22
0.295
0.004
0.048
0.25
0.444
0.675
0.824
0.854
0.815
0.909
0.786
0.641
0.578
0.364
0.349
0.374
0.343
0.306
0.281
0.328
0.334
0.173
0.231
0.092
0.118
0.159
0.013
0.03
0.006
0.045
-0.051
-0.203
-0.256
-0.217
-0.266
-0.2
-0.196
-0.185
-0.271
-0.302
-0.238
-0.444
-0.321
-0.381
-0.345
-0.284
-0.209
0.061
0.045
0.044
0.155
0.299
0.374
0.356
0.164
0.185
0.28
0.3
0.288
0.225
0.276
0.118
0.198
0.206
0.24
0.378
0.438
0.58
0.521
0.679
0.718
0.906
1.039
0.895
0.824
0.672
0.603
0.395
0.271
0.212
0.335
0.415
0.511
0.478
0.369
0.256
0.4
0.288
0.256
-0.035
0.005
-0.005
-0.059
-0.126
-0.3
-0.326
-0.419
-0.333
-0.549
-0.681
-0.494
-0.665
-0.511
-0.63
-0.535
-0.315
-0.391
-0.182
-0.284
-0.441
-0.333
-0.33
-0.414
-0.254
-0.21
-0.159
-0.048
0.013
0.026
0.128
-0.015
0.037
0.011
-0.018
-0.065
-0.201
-0.154
-0.163
-0.247
-0.226
-0.399
-0.343
-0.26
-0.459
-0.453
-0.465
-0.475
-0.598
-0.61
-0.731
-0.583
-0.593
-0.631
-0.669
-0.812
-0.816
-0.896
-0.715
-0.672
-0.641
-0.384
-0.299
-0.198
-0.266
-0.271
-0.276
-0.173
-0.193
0.007
0.051
0.144
0.219
0.143
0.049
0.177
0.159
0.14
0.168
0.155
0.276
0.334
0.509
0.743
0.714
0.738
0.89
1.019
1.018
0.953
0.914
0.859
1.019
0.86
0.873
0.888
0.8
0.775
0.826
0.868
0.721
0.765
0.75
0.718
0.744
0.769
0.535
0.649
0.586
0.576
0.438
0.345
0.099
0.039
0.149
0.066
0.019
0.176
0.107
0.33
0.381
0.247
0.305
0.331
0.329
0.269
0.242
0.5
0.37
0.171
0.201
0.23
0.319
0.266
0.139
0.164
0.035
0.036
-0.072
-0.116
-0.158
-0.211
-0.016
-0.158
0.019
0.158
0.151
0.141
0.06
0.121
0.025
-0.033
-0.111
-0.325
-0.346
-0.504
-0.28
-0.427
-0.344
-0.385
-0.403
-0.365
-0.512
-0.585
-0.703
-0.566
-0.763
-0.73
-0.693
-0.631
-0.649
-0.619
-0.56
-0.504
-0.398
-0.195
-0.114
0.011
0.072
-0.009
0.007
0.084
0.074
0.033
0.071
-0.221
-0.164
-0.21
-0.259
-0.283
-0.031
0.058
-0.011
-0.005
0.044
0.088
0.152
0.169
0.195
0.176
0.209
0.284
0.349
0.284
0.335
0.446
0.435
0.242
0.453
0.379
0.254
0.501
0.503
0.211
0.179
0.062
0.092
0.23
0.39
0.355
0.519
0.594
0.634
0.838
0.891
1.052
1.091
1.215
1.296
1.266
1.28
1.232
1.219
1.078
0.941
0.99
0.917
1.025
0.92
0.975
1.044
0.948
0.874
0.853
0.772
0.686
0.691
0.636
0.615
0.671
0.62
0.584
0.429
0.51
0.547
0.652
0.743
0.54
0.301
0.357
-0.013
-0.091
-0.106
-0.169
-0.391
-0.311
-0.426
-0.444
-0.522
-0.559
-0.492
-0.526
-0.72
-0.618
-0.761
-0.72
-0.794
-0.723
-0.718
-0.649
-0.481
-0.398
-0.134
-0.119
-0.241
-0.331
-0.208
-0.239
-0.196
-0.17
-0.19
-0.185
-0.321
-0.091
-0.177
-0.164
-0.254
-0.359
-0.35
-0.41
-0.438
-0.261
-0.256
-0.074
0.01
-0.056
0.001
0.011
0.003
-0.013
-0.247
0.004
-0.088
-0.159
-0.028
-0.136
-0.031
-0.06
0.061
0.109
0.09
0.122
0.122
0.28
0.329
0.214
0.19
0.294
0.139
0.18
0.306
0.208
0.549
0.574
0.768
0.864
1.169
1.256
1.236
1.143
0.975
0.97
0.915
0.927
0.854
0.863
0.836
0.631
0.71
0.529
0.334
0.307
0.193
0.14
0.085
-0.149
-0.099
-0.291
-0.389
-0.341
-0.341
-0.326
-0.343
-0.395
-0.516
-0.561
-0.661
-0.47
-0.464
-0.504
-0.372
-0.296
-0.185
0.064
0.125
0.08
0.336
0.195
0.08
0.06
-0.118
-0.235
-0.075
-0.302
-0.386
-0.446
-0.568
-0.579
-0.562
-0.645
-0.866
-0.775
-0.919
-0.948
-0.856
-1.056
-1.034
-1.044
-0.894
-0.815
-1.042
-1.085
-1.093
-1.123
-1.024
-0.934
-0.694
-0.851
-0.821
-0.609
-0.725
-0.596
-0.738
-0.718
-0.82
-0.644
-0.657
-0.764
-0.62
-0.691
-0.516
-0.399
-0.39
-0.276
-0.421
-0.354
-0.199
-0.263
-0.286
-0.296
-0.348
-0.279
-0.175
-0.219
-0.084
-0.049
0.346
0.346
0.357
0.348
0.381
0.574
0.334
0.611
0.398
0.666
0.524
0.667
0.806
0.861
0.797
0.688
0.628
0.761
0.795
0.78
0.661
0.652
0.554
0.559
0.421
0.359
0.174
0.161
0.081
0.251
0.278
0.398
0.556
0.654
0.729
0.725
0.76
0.745
0.858
0.731
0.879
0.935
0.911
0.921
0.666
0.816
0.754
0.796
0.756
0.403
0.289
0.244
0.273
0.091
0.299
0.113
0.168
0.02
-0.215
-0.159
-0.205
-0.11
-0.199
-0.288
-0.39
-0.326
-0.266
-0.244
-0.147
0.021
0.125
0.284
0.266
0.195
-0.181
-0.166
-0.128
0.007
0.04
0.206
0.035
-0.12
-0.177
-0.16
0.019
-0.009
-0.04
0.105
0.084
-0.009
-0.156
-0.198
-0.367
-0.23
-0.129
-0.3
-0.281
-0.181
-0.286
-0.259
-0.15
-0.072
-0.004
-0.119
-0.037
0.158
0.196
0.158
0.182
0.411
0.468
0.481
0.52
0.439
0.505
0.651
0.515
0.546
0.416
0.445
0.506
0.655
0.536
0.59
0.594
0.764
0.601
0.508
0.534
0.384
0.278
0.079
-0.044
-0.095
0.034
-0.171
-0.326
-0.665
-0.785
-0.579
-0.56
-0.799
-0.596
-0.505
-0.471
-0.496
-0.461
-0.271
-0.13
-0.006
0.009
-0.138
-0.111
-0.119
-0.238
-0.196
-0.286
-0.228
-0.103
-0.126
-0.034
0.064
-0.173
-0.236
-0.311
-0.271
-0.345
-0.307
-0.264
-0.228
-0.355
-0.411
-0.579
-0.556
-0.559
-0.596
-0.74
-0.736
-0.76
-0.83
-0.8
-0.994
-0.901
-0.891
-0.926
-1.014
-0.95
-1.031
-0.936
-1.031
-1.081
-1.127
-1.276
-1.195
-1.211
-1.14
-1.288
-1.184
-1.25
-1.264
-1.278
-1.311
-1.17
-0.961
-0.943
-0.819
-0.65
-0.422
-0.209
-0.147
-0.283
-0.009
-0.065
0.037
-0.024
-0.005
-0.02
-0.125
-0.045
0.077
0.061
0.147
0.215
0.176
0.269
0.487
0.46
0.286
0.479
0.593
0.579
0.729
0.661
0.816
0.975
0.963
0.883
1.018
0.871
0.782
0.864
0.823
0.772
0.771
0.611
0.726
0.636
0.422
0.446
0.379
0.229
0.198
0.15
0.231
0.011
0.022
0.17
0.045
0.136
0.269
0.209
0.242
0.275
0.253
0.321
0.365
0.336
0.443
0.278
0.156
-0.077
-0.121
-0.181
-0.149
-0.24
-0.181
-0.166
-0.41
-0.085
-0.131
-0.081
0.048
-0.031
-0.024
-0.147
-0.024
-0.075
-0.034
0.1
-0.03
0.006
-0.146
-0.036
-0.052
-0.056
0.065
-0.01
0.013
0.037
0.072
-0.048
-0.133
-0.309
-0.288
-0.244
-0.156
-0.129
-0.185
-0.01
-0.013
-0.046
0.009
-0.065
-0.129
-0.076
-0.177
-0.146
-0.086
0.08
0.176
0.301
0.584
0.468
0.549
0.655
0.701
0.946
0.864
0.75
0.724
0.7
0.809
0.665
0.575
0.59
0.787
0.881
0.821
0.861
0.87
0.912
1.012
0.701
0.66
0.5
0.403
0.568
0.478
0.478
0.307
0.396
0.581
0.4
0.745
0.58
0.57
0.526
0.311
0.253
0.115
-0.079
-0.074
-0.234
-0.305
-0.223
-0.196
-0.106
-0.182
-0.256
-0.381
-0.312
-0.3
-0.415
-0.315
-0.156
-0.188
-0.401
-0.478
-0.436
-0.535
-0.562
-0.634
-0.644
-0.646
-0.67
-0.709
-0.804
-0.756
-0.723
-0.815
-0.726
-0.911
-0.948
-0.912
-0.836
-0.848
-0.709
-0.641
-0.698
-0.792
-0.824
-0.961
-0.958
-1.056
-0.906
-0.956
-0.644
-0.417
-0.201
-0.203
-0.034
0.01
-0.114
-0.01
0.318
0.432
0.389
0.469
0.496
0.374
0.48
0.55
0.508
0.372
0.448
0.516
0.564
0.43
0.284
0.275
0.383
0.408
0.341
0.33
0.391
0.551
0.696
0.706
0.526
0.593
0.73
0.555
0.461
0.352
0.565
0.644
0.765
0.591
0.574
0.451
0.524
0.519
0.496
0.395
0.549
0.618
0.539
0.315
0.638
0.251
0.434
0.365
0.316
0.182
0.338
0.405
0.16
0.101
-0.158
-0.288
-0.39
-0.505
-0.311
-0.639
-0.619
-0.698
-0.769
-0.838
-0.72
-0.657
-0.595
-0.766
-0.481
-0.451
-0.379
-0.259
-0.28
-0.25
-0.181
0.03
0.024
0.046
0.284
0.14
0.466
0.591
0.579
0.634
0.621
0.699
0.688
0.677
0.601
0.688
0.519
0.31
0.388
0.225
0.366
0.335
0.519
0.603
0.586
0.816
0.721
0.736
0.504
0.471
0.256
0.323
0.228
0.261
0.229
0.07
0.129
0.12
0.242
0.283
0.264
0.184
0.195
0.2
0.182
0.009
-0.103
-0.171
-0.199
-0.359
-0.156
0.141
0.064
0.121
0.186
0.198
0.241
0.281
0.155
0.088
0.224
0.478
0.468
0.599
0.432
0.268
0.01
0.019
-0.005
0.168
0.158
0.159
0.098
0.064
-0.185
-0.247
-0.1
-0.195
-0.114
-0.203
-0.201
0.09
-0.263
-0.409
-0.453
-0.275
-0.405
-0.331
-0.464
-0.628
-0.625
-0.414
-0.284
-0.486
-0.46
-0.305
-0.095
0.006
-0.036
0.228
0.203
0.174
0.21
0.487
0.564
0.357
0.861
0.655
0.645
0.733
1.163
1.155
1.298
1.463
1.424
1.446
1.401
1.393
1.472
1.441
1.605
1.53
1.525
1.532
1.459
1.262
1.154
1.159
0.935
0.874
0.792
0.901
0.88
0.874
0.77
0.763
0.546
0.611
0.525
0.348
0.307
0.318
0.225
0.276
0.235
0.144
0.163
-0.101
-0.033
-0.166
-0.19
-0.27
-0.198
-0.08
-0.216
-0.118
-0.179
0.049
-0.028
0.229
0.144
0.247
0.205
0.179
0.499
0.299
0.482
0.651
0.624
0.699
0.656
0.895
-2.576
0.838
0.809
0.83
0.823
0.77
0.682
0.536
0.495
0.435
0.136
0.049
0.075
-0.034
0.054
0.072
-0.091
-0.384
-0.438
-0.614
-0.81
-0.895
-1.16
-1.083
-1.137
-1.056
-1.224
-1.305
-1.34
-1.326
-1.36
-1.265
-1.159
-1.034
-1.193
-1.373
-1.379
-1.33
-1.095
-0.99
-0.922
-0.858
-0.723
-0.795
-0.789
-0.761
-0.54
-0.411
-0.229
-0.061
0.058
-10.336
0.174
0.316
0.39
0.489
0.531
0.763
0.966
0.93
0.87
0.9
0.97
0.939
0.983
0.993
0.959
0.729
0.292
0.394
0.372
0.318
0.304
0.268
0.361
0.238
0.238
0.177
0.181
0.104
-0.074
0.035
-0.194
-0.168
-0.196
-0.217
-0.019
0.019
0.094
0.286
0.445
0.47
0.514
0.524
0.468
0.438
0.514
0.497
0.328
0.369
0.24
0.21
0.266
0.281
0.307
0.454
0.22
0.371
0.336
0.208
0.279
0.15
0.159
0.13
0.096
0.051
-0.045
-0.043
-0.046
-0.048
-0.166
-0.121
-0.107
-0.064
-0.011
-0.031
0.054
-0.104
-0.086
-0.085
-0.209
-0.121
-0.297
-0.159
-0.139
-0.177
-0.305
-0.32
-0.509
-0.43
-0.594
-0.839
-0.786
-0.779
-0.826
-0.828
-0.876
-0.665
-0.641
-0.419
-0.217
-0.143
-0.146
-0.109
-0.113
-0.242
-0.269
-0.154
-0.074
0.081
-0.085
-0.051
-0.048
-0.015
-0.107
0.031
0.075
0.036
0.066
0.043
0.09
0.229
0.221
0.145
0.195
0.208
0.247
0.288
0.349
0.386
0.372
0.326
0.229
0.256
0.163
0.134
0.144
0.116
0.043
0.138
0.111
0.16
0.16
0.145
0.233
-0.036
0.09
0.208
0.184
0.146
0.164
0.133
0.146
0.084
-0.03
-0.011
0.051
0.163
0.326
0.506
0.628
0.521
0.725
0.559
0.556
0.182
0.033
-0.075
-0.058
-0.209
-0.201
-0.239
-0.415
-0.205
-2.185
-0.516
-0.675
-0.575
-0.451
-0.585
-0.725
-0.775
-0.839
-0.84
-0.894
-0.802
-0.941
-0.779
-0.66
-0.512
-0.564
-0.646
-0.601
-0.584
-0.37
-0.348
-0.405
-0.444
-0.496
-0.362
-0.376
0.071
0.193
0.253
0.415
0.333
0.27
0.45
0.516
0.59
0.51
0.238
0.4
0.333
0.201
0.519
0.432
0.288
0.291
0.189
0.138
0.144
-0.149
0.001
0.06
0.236
0.124
0.279
0.28
0.251
0.256
0.173
0.223
0.344
0.389
0.173
0.034
-0.089
-0.27
-0.236
-0.195
-0.36
-0.315
-0.319
-0.152
-0.169
-0.17
-0.289
-0.325
-0.118
-0.126
-0.152
-0.159
0.02
-0.041
0.09
0.134
0.048
0.031
-0.074
-0.037
-0.173
-0.21
-0.177
-0.383
-0.263
-0.396
-0.53
-0.471
-0.539
-0.575
-0.566
-0.691
-0.815
-0.682
-0.595
-0.475
-0.566
-0.586
-0.559
-0.557
-0.655
-0.591
-0.443
-0.319
-0.307
-0.424
-0.515
-0.431
-0.427
-0.147
-0.06
0.007
0.125
0.315
0.404
0.242
0.152
0.037
0.289
0.279
0.319
0.136
0.258
0.149
0.309
0.294
0.379
0.376
0.329
0.527
0.481
0.495
0.557
0.514
0.628
0.206
0.028
-0.357
-0.329
-0.215
-0.14
-0.111
-0.013
0.098
0.024
0.119
0.131
-0.022
0.059
-0.14
-0.193
-0.134
-0.128
-0.249
-0.049
0.015
0.048
0.118
0.12
0.151
0.141
0.054
0.185
0.265
0.223
0.144
0.08
0.119
-0.054
-0.077
-0.245
-0.378
-0.388
-0.432
-0.43
-0.71
-0.59
-0.706
-0.672
-0.63
-0.807
-1.054
-0.986
-1.049
-0.83
-0.791
-0.58
-0.364
-0.321
-0.264
-0.198
-0.166
-0.031
0.022
0.118
0.106
0.113
0.177
0.091
0.239
0.296
0.539
0.63
0.907
0.975
0.973
1.116
1.256
1.28
1.302
1.221
1.379
1.275
1.163
0.917
0.856
0.662
0.646
0.691
0.66
0.834
0.667
0.605
0.354
0.44
0.173
0.169
0.129
0.08
0.184
0.062
0.224
0.133
0.206
0.354
0.375
0.339
0.289
0.17
0.13
-0.049
-0.174
-0.325
-0.212
-0.326
-0.366
-0.256
-0.415
-0.271
-0.45
-0.238
-0.45
-0.413
-0.242
-0.354
-0.438
-0.535
-0.43
-0.549
-0.562
-0.497
-0.408
-0.388
-0.474
-0.403
-0.47
-0.324
-0.295
-0.359
-0.25
-0.294
-0.25
-0.022
0.103
-0.062
-0.076
-0.122
-0.106
-0.229
-0.156
-0.048
0.046
0.259
0.388
0.355
0.334
0.575
0.463
0.596
0.719
0.63
0.725
0.714
0.608
0.364
0.391
0.215
0.152
0.161
0.203
0.081
0.136
0.089
0.364
0.201
0.357
0.061
-0.1
-0.101
-0.182
0.039
-0.029
-0.062
0.039
-0.092
0.12
0.224
0.223
0.349
0.301
0.278
0.299
0.307
0.155
0.4
0.389
0.414
0.312
0.343
0.469
0.413
0.438
0.552
0.5
0.471
0.465
0.31
0.234
0.128
-0.01
-0.037
-0.189
-0.201
-0.144
-0.079
-0.034
0.025
0.194
0.19
0.326
0.321
0.416
0.32
0.339
0.475
0.399
0.429
0.536
0.439
0.485
0.56
0.549
0.661
0.595
0.741
0.614
0.557
0.537
0.649
0.514
0.458
0.219
0.315
0.101
0.076
0.064
-0.064
-0.051
-0.259
-0.345
-0.393
-0.539
-0.564
-0.675
-0.756
-0.721
-1.062
-1.248
-1.161
-1.385
-1.333
-1.246
-1.472
-1.562
-1.828
-1.584
-1.471
-1.214
-1.245
-1.186
-1.124
-1.018
-0.953
-0.84
-0.719
-0.531
-0.536
-0.42
-0.405
-0.261
-0.401
-0.404
-0.356
-0.176
-0.004
0.165
0.396
0.492
0.693
0.547
0.59
0.621
0.482
0.36
0.356
0.241
0.138
-0.088
-0.024
-0.098
0.096
0.115
0.239
0.238
0.191
0.2
0.072
0.094
0.092
-0.026
0.049
-0.043
0.01
0.026
0.1
0.212
0.173
0.254
0.212
0.158
0.143
0.069
0.104
-0.09
-0.188
-0.23
-0.266
0.064
-0.144
-0.095
-0.158
-0.12
-0.037
0.281
0.41
0.473
0.515
0.415
0.384
0.366
0.273
0.239
0.22
0.256
0.031
0.11
-0.049
-0.039
-0.166
-0.105
-0.164
-0.251
-0.069
-0.14
-0.048
0.015
-0.239
-0.151
0.037
0.099
0.247
0.379
0.203
0.295
0.302
0.179
0.163
0.144
0.239
0.321
0.334
0.406
0.651
0.649
0.532
0.581
0.512
0.588
0.446
0.432
0.547
0.489
0.36
0.316
0.276
0.291
0.375
0.526
0.586
0.531
0.782
0.606
0.492
0.435
0.482
0.628
0.644
0.57
0.46
0.539
0.409
0.069
0.211
-0.021
-0.079
0.051
0.1
-0.071
-0.274
-0.158
-0.124
-0.1
-0.294
-0.288
-0.389
-0.468
-0.667
-0.711
-0.6
-0.517
-0.399
-0.299
-0.156
-0.226
0.043
0.066
0.139
0.061
0.242
0.039
-0.168
-0.101
-0.019
-0.389
-0.463
-0.664
-0.715
-0.754
-0.82
-0.835
-0.603
-0.611
-0.495
-0.675
-0.647
-0.557
-0.436
-0.58
-0.517
-0.396
-0.223
-0.17
-0.014
0.088
-0.13
-0.114
-0.199
-0.371
-0.297
-0.297
-0.224
-0.49
-0.312
-0.321
-0.371
-0.339
-0.443
-0.209
-0.259
-0.388
-0.31
-0.448
-0.286
-0.335
-0.431
-0.271
-0.235
-0.052
0.003
0.129
-0.209
-0.059
-0.128
-0.174
-0.013
0.09
0.435
0.497
0.473
0.445
0.468
0.465
0.535
0.651
0.584
0.389
0.499
0.185
0.174
0.149
0.235
0.019
0.085
0.134
-0.056
-0.055
-0.27
-0.364
-0.352
-0.491
-0.713
-0.76
-0.731
-0.689
-0.499
-0.505
-0.649
-0.724
-0.845
-0.809
-0.865
-0.922
-0.829
-0.777
-0.65
-0.586
-0.205
-0.268
0.033
0.076
0.198
0.396
0.443
0.434
0.378
0.811
0.82
1.019
0.934
1.299
1.371
1.366
1.568
1.613
1.396
1.45
1.335
1.333
1.431
1.073
1.204
1.246
1.211
1.154
1.019
1.008
0.614
0.463
0.427
0.214
0.221
0.149
-0.061
-0.208
-0.48
-0.578
-0.761
-0.524
-0.7
-0.77
-0.834
-0.764
-0.838
-0.799
-0.689
-0.741
-0.503
-0.422
-0.345
-0.206
-0.2
-0.037
-0.129
0.003
-0.161
-0.104
-0.089
0.147
0.22
0.11
0.221
0.121
0.054
0.156
0.114
0.319
0.67
0.8
0.831
0.78
0.89
1.058
1.117
1.252
1.296
1.404
1.351
1.242
1.01
0.954
0.914
0.66
0.855
0.879
0.975
0.981
1.0
1.216
1.086
1.029
0.83
0.559
0.456
0.265
0.13
0.08
-0.146
-0.265
-0.184
-0.345
-0.312
-0.256
-0.143
-0.271
-0.351
-0.176
-0.352
-0.364
-0.52
-0.48
-0.521
-0.501
-0.571
-0.562
-0.695
-0.554
-0.539
-0.588
-0.619
-0.696
-0.763
-0.8
-0.845
-0.864
-0.894
-0.706
-0.838
-0.917
-0.976
-0.802
-0.806
-0.675
-0.675
-0.682
-0.679
-0.614
-0.691
-0.569
-0.596
-0.306
-0.269
-0.158
0.046
-0.044
-0.134
-0.092
-0.225
-0.25
-0.396
-0.341
-0.276
-0.38
-0.315
-0.205
-0.23
0.021
0.147
0.278
0.242
0.348
0.416
0.641
0.569
0.494
0.445
0.365
0.22
0.23
0.24
0.242
0.307
0.249
0.024
0.147
0.105
0.254
0.175
0.139
0.025
-0.165
-0.415
-0.319
-0.122
-0.215
-0.125
-0.049
-0.11
-0.375
-0.461
-0.339
-0.261
-0.309
-0.283
-0.031
-0.18
-0.158
-0.309
-0.173
0.076
0.043
0.364
0.451
0.721
0.659
0.606
0.7
0.514
0.429
0.446
0.619
0.411
0.58
0.802
0.818
0.639
0.343
0.601
0.517
0.665
0.56
0.614
0.608
0.593
0.492
0.381
0.469
0.29
0.355
0.357
0.299
0.446
0.529
0.733
0.568
0.569
0.529
0.424
0.537
0.456
0.26
0.077
-0.025
-0.16
-0.241
-0.145
-0.203
-0.323
-0.242
-0.25
-0.238
-0.25
-0.285
-0.389
-0.334
-0.555
-0.606
-0.7
-0.615
-0.485
-0.738
-0.726
-0.677
-0.662
-0.541
-0.606
-0.616
-0.519
-0.547
-0.44
-0.541
-0.509
-0.494
-0.589
-0.496
-0.396
-0.316
-0.251
-0.146
-0.246
-0.264
-0.231
-0.161
-0.143
0.003
-0.07
0.119
0.139
0.081
0.135
0.062
0.215
0.269
0.346
0.466
0.492
0.481
0.546
0.665
0.571
0.716
0.519
0.517
0.665
0.644
0.594
0.478
0.475
0.36
0.309
0.276
0.307
0.389
0.051
-0.059
-0.336
-0.424
-0.446
-0.516
-0.318
-0.491
-0.681
-0.453
-0.634
-0.63
-0.834
-1.008
-1.252
-1.279
-1.1
-1.031
-1.107
-1.164
-1.032
-1.046
-0.989
-1.031
-0.863
-0.741
-0.406
-0.346
-0.143
0.065
0.159
0.16
0.13
0.168
0.08
-0.02
0.095
0.16
0.223
0.436
0.569
0.537
0.665
0.615
0.745
0.856
0.791
1.008
1.219
1.107
1.256
1.42
1.785
1.814
1.877
1.894
1.853
1.723
1.65
1.705
1.43
1.423
1.215
1.326
1.17
1.028
0.84
0.745
0.603
0.532
0.711
0.64
0.381
0.383
0.376
0.296
0.284
0.179
0.274
0.182
0.156
0.316
0.306
0.355
0.453
0.519
0.341
0.228
0.32
0.261
0.048
0.098
-0.095
-0.033
-0.133
-0.007
0.039
0.058
0.048
-0.021
-0.014
0.014
-0.133
-0.13
-0.318
-0.456
-0.427
-0.341
-0.519
-0.414
-0.55
-0.746
-0.826
-0.763
-0.907
-0.816
-0.759
-0.749
-0.869
-0.681
-0.619
-0.649
-0.601
-0.625
-0.439
-0.417
-0.136
-0.32
-0.21
-0.104
-0.2
-0.128
-0.141
0.081
0.107
0.054
-0.344
-0.309
-0.036
-0.041
-0.173
-0.124
-0.096
0.131
0.154
0.241
0.362
0.315
0.221
0.185
-0.005
-0.336
-0.588
-0.552
-0.556
-0.664
-0.573
-0.275
-0.44
-0.461
-0.713
-0.845
-1.193
-1.258
-1.643
-1.864
-1.679
-1.171
-0.878
-0.651
-0.564
-0.562
-0.821
-0.562
-0.651
-0.5
0.075
0.169
0.338
0.143
0.139
0.312
0.53
0.728
0.69
0.809
0.826
0.774
0.921
1.181
1.121
1.221
1.163
1.078
1.058
0.989
1.078
1.12
1.125
1.421
1.336
1.305
1.308
1.235
1.268
1.213
1.119
1.005
0.939
0.941
0.893
0.93
0.599
0.566
0.319
0.263
0.076
0.031
0.039
0.144
0.033
-0.049
0.039
-0.02
-0.184
-0.06
-0.261
-0.379
-0.266
-0.419
-0.3
-0.234
-0.281
-0.189
-0.339
-0.426
-0.565
-0.583
-0.739
-0.63
-0.753
-0.761
-0.853
-0.751
-0.756
-0.65
-0.609
-0.647
-0.61
-0.541
-0.709
-0.777
-0.769
-0.82
-0.724
-0.781
-0.611
-0.291
-0.459
-0.171
-0.143
-0.156
0.164
0.22
0.37
0.403
0.371
0.26
0.376
0.541
0.565
0.568
0.459
0.485
0.566
0.578
0.651
0.753
0.846
0.998
0.938
0.963
1.046
0.893
1.056
0.833
0.7
0.524
0.593
0.6
0.365
0.51
0.328
0.211
0.244
0.135
0.046
-0.085
-0.061
-0.001
-0.121
-0.351
-0.12
-0.323
-0.285
-0.254
-0.069
-0.05
0.005
0.025
0.131
0.05
0.128
0.284
0.247
0.256
0.256
0.181
0.242
0.182
-0.018
-0.014
-0.056
-0.224
-0.306
-0.114
-0.164
-0.245
-0.366
-0.321
-0.455
-0.46
-0.37
-0.323
-0.209
-0.385
-0.391
-0.371
-0.292
-0.026
0.05
0.301
0.391
0.369
0.478
0.482
0.802
0.675
0.787
0.912
0.645
0.703
0.56
0.534
0.588
0.454
0.283
0.271
0.121
0.288
0.195
0.08
-0.037
-0.05
-0.107
-0.247
-0.475
-0.62
-0.676
-0.809
-0.685
-0.657
-0.679
-0.674
-0.633
-0.745
-0.655
-0.458
-0.576
-0.324
-0.238
-0.386
-0.297
-0.091
-0.131
-0.134
-0.244
-0.215
-0.161
-0.143
-0.155
-0.044
-0.02
0.007
0.056
0.015
-0.004
0.076
0.056
0.055
0.465
-0.056
-0.045
-0.064
-0.089
-0.075
-0.095
0.055
0.024
0.061
0.289
0.175
0.121
0.144
-0.122
-0.225
-0.302
-0.427
-0.103
-0.175
-0.114
-0.119
-0.304
-0.31
-0.336
-0.306
-0.349
-0.29
-0.586
-0.644
-0.501
-0.605
-0.492
-0.436
-0.21
-0.386
-0.486
-0.598
-0.431
-0.39
-0.45
-0.208
0.182
0.201
0.312
0.24
0.05
-0.234
0.01
0.115
0.339
0.131
0.092
0.176
0.438
0.561
0.541
0.48
0.338
0.366
0.175
0.05
0.064
0.217
-0.065
-0.276
-0.49
-0.684
-0.641
-0.424
-0.376
-0.492
-0.561
-0.694
-0.583
-0.772
-0.805
-0.996
-1.028
-1.052
-1.169
-0.874
-0.816
-0.782
-0.603
-0.549
-0.378
-0.438
-0.233
-0.151
-0.119
-0.161
-0.106
-0.155
-0.091
0.034
-0.022
0.056
0.035
0.239
0.29
0.306
0.274
0.314
0.238
0.19
0.089
0.154
0.345
0.212
0.23
0.045
-0.181
-0.066
-0.356
-0.52
-0.36
-0.438
-0.396
-0.383
-0.36
-0.324
-0.675
-0.784
-0.721
-0.65
-0.355
-0.393
-0.41
-0.521
-0.695
-0.782
-0.831
-0.671
-0.48
-0.531
-0.48
-0.6
-0.474
-0.508
-0.541
-0.489
-0.315
-0.269
-0.113
-0.029
0.336
0.152
0.235
0.319
0.345
0.281
0.415
0.606
0.579
0.611
0.604
0.599
0.614
0.594
0.601
0.715
0.829
0.854
0.905
0.73
0.838
0.865
0.894
0.907
0.889
0.897
0.881
0.774
0.883
0.755
1.019
1.046
0.848
0.988
0.708
0.901
0.781
0.59
0.406
0.482
0.466
0.509
0.501
0.516
0.413
0.169
0.438
0.583
0.8
0.833
0.639
0.661
0.63
0.662
0.47
0.329
0.274
0.074
-0.174
0.086
0.007
0.056
-0.003
-0.011
0.0
-0.128
-0.22
-0.19
-0.419
-0.484
-0.544
-0.71
-0.694
-0.675
-0.618
-0.645
-0.626
-0.83
-0.774
-0.6
-0.444
-0.386
-0.475
-0.526
-0.716
-0.625
-0.51
-0.386
-0.29
-0.122
-0.216
-0.414
-0.101
-0.16
-0.07
0.158
0.092
0.245
0.275
0.504
0.297
0.576
0.655
0.65
0.61
0.685
0.701
0.691
0.7
0.661
0.621
0.659
0.824
0.645
0.863
0.922
0.953
1.18
1.214
1.01
0.735
0.81
0.806
0.973
0.993
0.924
1.012
0.984
1.039
0.871
0.809
0.818
0.75
0.956
0.694
0.665
0.651
0.49
0.415
0.405
0.294
0.335
0.461
0.38
0.526
0.446
0.352
0.166
0.264
0.182
0.1
0.12
-0.177
-0.269
-0.388
-0.421
-0.42
-0.529
-0.601
-0.529
-0.411
-0.427
-0.509
-0.512
-0.481
-0.599
-0.89
-0.901
-0.96
-1.014
-0.841
-0.677
-0.681
-0.479
-0.391
-0.339
-0.196
-0.135
0.004
0.11
-0.179
-0.203
-0.217
-0.181
-0.013
0.081
0.058
0.131
0.06
-0.044
-0.229
-0.171
-0.193
-0.039
-0.006
-0.168
-0.383
-0.323
-0.314
-0.281
-0.38
-0.188
0.045
0.185
0.214
0.24
0.276
0.381
0.454
0.532
0.641
0.797
0.688
0.725
0.693
0.797
0.604
0.917
1.06
1.135
1.07
1.056
1.05
1.01
0.795
0.777
0.739
0.779
0.699
0.838
0.711
0.868
0.779
0.445
0.686
0.711
0.812
0.73
0.581
0.49
0.409
0.261
0.15
0.096
0.07
-0.015
0.185
0.08
-0.056
-0.049
-0.23
-0.129
-0.115
-0.323
-0.235
-0.409
-0.579
-0.634
-0.465
-0.419
-0.393
-0.421
-0.61
-0.85
-0.739
-0.739
-0.889
-0.584
-0.726
-0.736
-0.836
-0.861
-0.738
-0.897
-0.819
-0.835
-0.871
-0.996
-0.851
-0.596
-0.619
-0.542
-0.495
-0.52
-0.574
-0.534
-0.645
-0.565
-0.578
-0.666
-0.761
-0.764
-0.583
-0.729
-0.606
-0.647
-0.49
-0.466
-0.238
-0.223
-0.139
0.095
0.105
0.164
0.261
0.403
0.469
0.464
0.551
0.459
0.504
0.638
0.581
0.525
0.506
0.625
0.715
1.075
1.06
0.998
0.873
0.905
0.978
1.059
0.938
0.865
0.744
0.568
0.376
0.249
0.088
0.171
0.271
0.359
0.489
0.312
0.246
0.278
0.324
0.329
0.552
0.416
0.414
0.506
0.544
0.411
0.501
0.432
0.503
0.487
0.379
0.318
0.331
0.394
0.581
0.715
0.684
0.522
0.489
0.411
0.305
0.253
0.278
0.025
-0.128
-0.245
-0.357
-0.512
-0.736
-0.804
-1.016
-1.065
-1.198
-1.224
-1.371
-1.424
-1.323
-1.46
-1.515
-1.482
-1.391
-1.299
-1.17
