-0.448
-0.286
-0.335
-0.431
-0.271
-0.235
-0.052
0.003
0.129
-0.209
-0.059
-0.128
-0.174
-0.013
0.09
0.435
0.497
0.473
0.445
0.468
0.465
0.535
0.651
0.584
0.389
0.499
0.185
0.174
0.149
0.235
0.019
0.085
0.134
-0.056
-0.055
-0.27
-0.364
-0.352
-0.491
-0.713
-0.76
-0.731
-0.689
-0.499
-0.505
-0.649
-0.724
-0.845
-0.809
-0.865
-0.922
-0.829
-0.777
-0.65
-0.586
-0.205
-0.268
0.033
0.076
0.198
0.396
0.443
0.434
0.378
0.811
0.82
1.019
0.934
1.299
1.371
1.366
1.568
1.613
1.396
1.45
1.335
1.333
1.431
1.073
1.204
1.246
1.211
1.154
1.019
1.008
0.614
0.463
0.427
0.214
0.221
0.149
-0.061
-0.208
-0.48
-0.578
-0.761
-0.524
-0.7
-0.77
-0.834
-0.764
-0.838
-0.799
-0.689
-0.741
-0.503
-0.422
-0.345
-0.206
-0.2
-0.037
-0.129
0.003
-0.161
-0.104
-0.089
0.147
0.22
0.11
0.221
0.121
0.054
0.156
0.114
0.319
0.67
0.8
0.831
0.78
0.89
1.058
1.117
1.252
1.296
1.404
1.351
1.242
1.01
0.954
0.914
0.66
0.855
0.879
0.975
0.981
1.0
1.216
1.086
1.029
0.83
0.559
0.456
0.265
0.13
0.08
-0.146
-0.265
-0.184
-0.345
-0.312
-0.256
-0.143
-0.271
-0.351
-0.176
-0.352
-0.364
-0.52
-0.48
-0.521
-0.501
-0.571
-0.562
-0.695
-0.554
-0.539
-0.588
-0.619
-0.696
-0.763
-0.8
-0.845
-0.864
-0.894
-0.706
-0.838
-0.917
-0.976
-0.802
-0.806
-0.675
-0.675
-0.682
-0.679
-0.614
-0.691
-0.569
-0.596
-0.306
-0.269
-0.158
0.046
-0.044
-0.134
-0.092
-0.225
-0.25
-0.396
-0.341
-0.276
-0.38
-0.315
-0.205
-0.23
0.021
0.147
0.278
0.242
0.348
0.416
0.641
0.569
0.494
0.445
0.365
0.22
0.23
0.24
0.242
0.307
0.249
0.024
0.147
0.105
0.254
0.175
0.139
0.025
-0.165
-0.415
-0.319
-0.122
-0.215
-0.125
-0.049
-0.11
-0.375
-0.461
-0.339
-0.261
-0.309
-0.283
-0.031
-0.18
-0.158
-0.309
-0.173
0.076
0.043
0.364
0.451
0.721
0.659
0.606
0.7
0.514
0.429
0.446
0.619
0.411
0.58
0.802
0.818
0.639
0.343
0.601
0.517
0.665
0.56
0.614
0.608
0.593
0.492
0.381
0.469
0.29
0.355
0.357
0.299
0.446
0.529
0.733
0.568
0.569
0.529
0.424
0.537
0.456
0.26
0.077
-0.025
-0.16
-0.241
-0.145
-0.203
-0.323
-0.242
-0.25
-0.238
-0.25
-0.285
-0.389
-0.334
-0.555
-0.606
-0.7
-0.615
-0.485
-0.738
-0.726
-0.677
-0.662
-0.541
-0.606
-0.616
-0.519
-0.547
-0.44
-0.541
-0.509
-0.494
-0.589
-0.496
-0.396
-0.316
-0.251
-0.146
-0.246
-0.264
-0.231
-0.161
-0.143
0.003
-0.07
0.119
0.139
0.081
0.135
0.062
0.215
0.269
0.346
0.466
0.492
0.481
0.546
0.665
0.571
0.716
0.519
0.517
0.665
0.644
0.594
0.478
0.475
0.36
0.309
0.276
0.307
0.389
0.051
-0.059
-0.336
-0.424
-0.446
-0.516
-0.318
-0.491
-0.681
-0.453
-0.634
-0.63
-0.834
-1.008
-1.252
-1.279
-1.1
-1.031
-1.107
-1.164
-1.032
-1.046
-0.989
-1.031
-0.863
-0.741
-0.406
-0.346
-0.143
0.065
0.159
0.16
0.13
0.168
0.08
-0.02
0.095
0.16
0.223
0.436
0.569
0.537
0.665
0.615
0.745
0.856
0.791
1.008
1.219
1.107
1.256
1.42
1.785
1.814
1.877
1.894
1.853
1.723
1.65
1.705
1.43
1.423
1.215
1.326
1.17
1.028
0.84
0.745
0.603
0.532
0.711
0.64
0.381
0.383
0.376
0.296
0.284
0.179
0.274
0.182
0.156
0.316
0.306
0.355
0.453
0.519
0.341
0.228
0.32
0.261
0.048
0.098
-0.095
-0.033
-0.133
-0.007
0.039
0.058
0.048
-0.021
-0.014
0.014
-0.133
-0.13
-0.318
-0.456
-0.427
-0.341
-0.519
-0.414
-0.55
-0.746
-0.826
-0.763
-0.907
-0.816
-0.759
-0.749
-0.869
-0.681
-0.619
-0.649
-0.601
-0.625
-0.439
-0.417
-0.136
-0.32
-0.21
-0.104
-0.2
-0.128
-0.141
0.081
0.107
0.054
-0.344
-0.309
-0.036
-0.041
-0.173
-0.124
-0.096
0.131
0.154
0.241
0.362
0.315
0.221
0.185
-0.005
-0.336
-0.588
-0.552
-0.556
-0.664
-0.573
-0.275
-0.44
-0.461
-0.713
-0.845
-1.193
-1.258
-1.643
-1.864
-1.679
-1.171
-0.878
-0.651
-0.564
-0.562
-0.821
-0.562
-0.651
-0.5
0.075
0.169
0.338
0.143
0.139
0.312
0.53
0.728
0.69
0.809
0.826
0.774
0.921
1.181
1.121
1.221
1.163
1.078
1.058
0.989
1.078
1.12
1.125
1.421
1.336
1.305
1.308
1.235
1.268
1.213
1.119
1.005
0.939
0.941
0.893
0.93
0.599
0.566
0.319
0.263
0.076
0.031
0.039
0.144
0.033
-0.049
0.039
-0.02
-0.184
-0.06
-0.261
-0.379
-0.266
-0.419
-0.3
-0.234
-0.281
-0.189
-0.339
-0.426
-0.565
-0.583
-0.739
-0.63
-0.753
-0.761
-0.853
-0.751
-0.756
-0.65
-0.609
-0.647
-0.61
-0.541
-0.709
-0.777
-0.769
-0.82
-0.724
-0.781
-0.611
-0.291
-0.459
-0.171
-0.143
-0.156
0.164
0.22
0.37
0.403
0.371
0.26
0.376
0.541
0.565
0.568
0.459
0.485
0.566
0.578
0.651
0.753
0.846
0.998
0.938
0.963
1.046
0.893
1.056
0.833
0.7
0.524
0.593
0.6
0.365
0.51
0.328
0.211
0.244
0.135
0.046
-0.085
-0.061
-0.001
-0.121
-0.351
-0.12
-0.323
-0.285
-0.254
-0.069
-0.05
0.005
0.025
0.131
0.05
0.128
0.284
0.247
0.256
0.256
0.181
0.242
0.182
-0.018
-0.014
-0.056
-0.224
-0.306
-0.114
-0.164
-0.245
-0.366
-0.321
-0.455
-0.46
-0.37
-0.323
-0.209
-0.385
-0.391
-0.371
-0.292
-0.026
0.05
0.301
0.391
0.369
0.478
0.482
0.802
0.675
0.787
0.912
0.645
0.703
0.56
0.534
0.588
0.454
0.283
0.271
0.121
0.288
0.195
0.08
-0.037
-0.05
-0.107
-0.247
-0.475
-0.62
-0.676
-0.809
-0.685
-0.657
-0.679
-0.674
-0.633
-0.745
-0.655
-0.458
-0.576
-0.324
-0.238
-0.386
-0.297
-0.091
-0.131
-0.134
-0.244
-0.215
-0.161
-0.143
-0.155
-0.044
-0.02
0.007
0.056
0.015
-0.004
0.076
0.056
0.055
0.465
-0.056
-0.045
-0.064
-0.089
-0.075
-0.095
0.055
0.024
0.061
0.289
0.175
0.121
0.144
-0.122
-0.225
-0.302
-0.427
-0.103
-0.175
-0.114
-0.119
-0.304
-0.31
-0.336
-0.306
-0.349
-0.29
-0.586
-0.644
-0.501
-0.605
-0.492
-0.436
-0.21
-0.386
-0.486
-0.598
-0.431
-0.39
-0.45
-0.208
0.182
0.201
0.312
0.24
0.05
-0.234
0.01
0.115
0.339
0.131
0.092
0.176
0.438
0.561
0.541
0.48
0.338
0.366
0.175
0.05
0.064
0.217
-0.065
-0.276
-0.49
-0.684
-0.641
-0.424
-0.376
-0.492
-0.561
-0.694
-0.583
-0.772
-0.805
-0.996
-1.028
-1.052
-1.169
-0.874
-0.816
-0.782
-0.603
-0.549
-0.378
-0.438
-0.233
-0.151
-0.119
-0.161
-0.106
-0.155
-0.091
0.034
-0.022
0.056
0.035
0.239
0.29
0.306
0.274
0.314
0.238
0.19
0.089
0.154
0.345
0.212
0.23
0.045
-0.181
-0.066
-0.356
-0.52
-0.36
-0.438
-0.396
-0.383
-0.36
-0.324
-0.675
-0.784
-0.721
-0.65
-0.355
-0.393
-0.41
-0.521
-0.695
-0.782
-0.831
-0.671
-0.48
-0.531
-0.48
-0.6
-0.474
-0.508
-0.541
-0.489
-0.315
-0.269
-0.113
-0.029
0.336
0.152
0.235
0.319
0.345
0.281
0.415
0.606
0.579
0.611
0.604
0.599
0.614
0.594
0.601
0.715
0.829
0.854
0.905
0.73
0.838
0.865
0.894
0.907
0.889
0.897
0.881
0.774
0.883
0.755
1.019
1.046
0.848
0.988
0.708
0.901
0.781
0.59
0.406
0.482
0.466
0.509
0.501
0.516
0.413
0.169
0.438
0.583
0.8
0.833
0.639
0.661
0.63
0.662
0.47
0.329
0.274
0.074
-0.174
0.086
0.007
0.056
-0.003
-0.011
0.0
-0.128
-0.22
-0.19
-0.419
-0.484
-0.544
-0.71
-0.694
-0.675
-0.618
-0.645
-0.626
-0.83
-0.774
-0.6
-0.444
-0.386
-0.475
-0.526
-0.716
-0.625
-0.51
-0.386
-0.29
-0.122
-0.216
-0.414
-0.101
-0.16
-0.07
0.158
0.092
0.245
0.275
0.504
0.297
0.576
0.655
0.65
0.61
0.685
0.701
0.691
0.7
0.661
0.621
0.659
0.824
0.645
0.863
0.922
0.953
1.18
1.214
1.01
0.735
0.81
0.806
0.973
0.993
0.924
1.012
0.984
1.039
0.871
0.809
0.818
0.75
0.956
0.694
0.665
0.651
0.49
0.415
0.405
0.294
0.335
0.461
0.38
0.526
0.446
0.352
0.166
0.264
0.182
0.1
0.12
-0.177
-0.269
-0.388
-0.421
-0.42
-0.529
-0.601
-0.529
-0.411
-0.427
-0.509
-0.512
-0.481
-0.599
-0.89
-0.901
-0.96
-1.014
-0.841
-0.677
-0.681
-0.479
-0.391
-0.339
-0.196
-0.135
0.004
0.11
-0.179
-0.203
-0.217
-0.181
-0.013
0.081
0.058
0.131
0.06
-0.044
-0.229
-0.171
-0.193
-0.039
-0.006
-0.168
-0.383
-0.323
-0.314
-0.281
-0.38
-0.188
0.045
0.185
0.214
0.24
0.276
0.381
0.454
0.532
0.641
0.797
0.688
0.725
0.693
0.797
0.604
0.917
1.06
1.135
1.07
1.056
1.05
1.01
0.795
0.777
0.739
0.779
0.699
0.838
0.711
0.868
0.779
0.445
0.686
0.711
0.812
0.73
0.581
0.49
0.409
0.261
0.15
0.096
0.07
-0.015
0.185
0.08
-0.056
-0.049
-0.23
-0.129
-0.115
-0.323
-0.235
-0.409
-0.579
-0.634
-0.465
-0.419
-0.393
-0.421
-0.61
-0.85
-0.739
-0.739
-0.889
-0.584
-0.726
-0.736
-0.836
-0.861
-0.738
-0.897
-0.819
-0.835
-0.871
-0.996
-0.851
-0.596
-0.619
-0.542
-0.495
-0.52
-0.574
-0.534
-0.645
-0.565
-0.578
-0.666
-0.761
-0.764
-0.583
-0.729
-0.606
-0.647
-0.49
-0.466
-0.238
-0.223
-0.139
0.095
0.105
0.164
0.261
0.403
0.469
0.464
0.551
0.459
0.504
0.638
0.581
0.525
0.506
0.625
0.715
1.075
1.06
0.998
0.873
0.905
0.978
1.059
0.938
0.865
0.744
0.568
0.376
0.249
0.088
0.171
0.271
0.359
0.489
0.312
0.246
0.278
0.324
0.329
0.552
0.416
0.414
0.506
0.544
0.411
0.501
0.432
0.503
0.487
0.379
0.318
0.331
0.394
0.581
0.715
0.684
0.522
0.489
0.411
0.305
0.253
0.278
0.025
-0.128
-0.245
-0.357
-0.512
-0.736
-0.804
-1.016
-1.065
-1.198
-1.224
-1.371
-1.424
-1.323
-1.46
-1.515
-1.482
-1.391
-1.299
-1.17
-1.436
-1.35
-1.393
-1.51
-1.403
-1.213
-0.891
-0.545
-0.434
-0.321
-0.005
0.096
0.088
0.25
0.16
0.354
0.264
0.5
0.449
0.689
0.549
0.403
0.429
0.419
0.391
0.534
0.728
0.846
0.709
0.699
0.525
0.735
0.86
0.664
0.756
0.601
0.609
0.249
0.059
0.101
0.231
0.065
0.114
-0.016
0.048
0.163
0.099
0.118
0.18
0.184
-0.046
-0.114
-0.158
-0.234
-0.384
-0.378
-0.234
-0.062
-0.11
-0.05
-0.149
-0.14
-0.395
-0.541
-0.357
-0.414
-0.346
-0.255
-0.16
-0.051
-0.118
-0.121
-0.044
0.054
0.006
0.03
0.173
0.346
0.013
0.152
0.113
0.105
0.258
-0.121
-0.098
-0.233
-0.236
-0.124
0.1
0.004
-0.034
0.171
0.236
0.168
0.352
0.233
0.52
0.39
0.254
0.486
0.559
0.876
0.935
1.144
1.14
0.943
1.088
1.051
1.079
1.088
1.086
0.758
0.885
0.838
0.739
0.868
0.95
1.125
1.161
1.234
1.35
1.21
1.219
1.319
1.258
0.963
0.939
0.825
0.52
0.336
0.275
0.101
0.191
0.089
0.083
-0.186
-0.19
-0.194
-0.408
-0.461
-0.464
-0.426
-0.586
-0.677
-0.698
-0.743
-0.655
-0.685
-0.644
-0.463
-0.583
-0.755
-0.874
-0.953
-1.024
-0.895
-0.805
-0.83
-0.821
-0.988
-1.23
-1.165
-1.404
-1.401
-1.259
-1.319
-0.91
-0.823
-0.836
-0.76
-0.74
-0.682
-0.922
-0.906
-0.796
-0.825
-0.63
-0.421
-0.395
-0.379
-0.401
-0.647
-0.596
-0.701
-0.435
-0.664
-0.713
-0.724
-0.785
-0.589
-0.629
-0.585
-0.532
-0.529
-0.625
-0.46
-0.355
-0.194
-0.166
-0.23
-0.357
-0.427
-0.286
-0.135
-0.072
-0.131
-0.284
-0.255
-0.037
-0.07
0.065
0.015
0.291
0.473
0.586
0.573
0.568
0.919
0.948
1.064
1.213
1.134
1.165
1.084
1.068
1.028
1.056
1.059
1.208
1.024
1.3
1.188
1.28
1.44
1.349
1.421
1.381
1.396
1.18
0.983
0.97
0.729
0.713
0.531
0.393
0.281
0.19
0.203
0.037
0.126
0.06
-0.151
-0.21
-0.247
-0.276
-0.288
-0.23
-0.345
-0.225
-0.403
-0.369
-0.429
-0.495
-0.535
-0.27
-0.393
-0.459
-0.445
-0.195
-0.341
-0.41
-0.295
-0.47
-0.421
-0.304
-0.455
-0.345
-0.431
-0.438
-0.539
-0.351
-0.362
-0.39
-0.535
-0.275
-0.28
-0.253
-0.314
-0.249
-0.391
-0.475
-0.431
-0.649
-0.46
-0.424
-0.497
-0.345
-0.261
-0.425
-0.459
-0.399
-0.414
-0.431
-0.345
-0.321
-0.23
-0.13
-0.23
-0.001
0.164
0.338
0.306
0.524
0.481
0.464
0.335
0.357
0.276
0.268
0.206
0.177
0.175
0.179
-0.022
-0.084
-0.261
-0.506
-0.378
-0.297
-0.378
-0.39
-0.559
-0.414
-0.536
-0.504
-0.576
-0.746
-0.799
-0.961
-0.968
-0.801
-1.126
-0.998
-0.971
-0.609
-0.496
-0.581
-0.414
-0.561
-0.379
-0.346
-0.13
-0.203
-0.266
-0.122
-0.314
-0.194
-0.306
-0.13
-0.052
-0.264
-0.03
-0.015
0.034
0.124
0.126
0.333
0.345
0.261
0.269
0.28
0.454
0.42
0.436
0.352
0.41
0.386
0.514
0.438
0.348
0.339
0.419
0.286
0.261
0.426
0.201
0.12
0.198
0.375
0.422
0.539
0.616
0.534
0.589
0.642
0.458
0.331
0.526
0.426
0.403
0.49
0.311
0.621
0.591
0.633
0.521
0.578
0.525
0.609
0.532
0.601
0.376
0.527
0.41
0.242
0.234
0.199
0.229
0.284
0.302
0.338
0.208
0.124
0.039
0.044
-0.105
-0.098
-0.118
-0.261
-0.41
-0.379
-0.54
-0.281
-0.334
-0.371
-0.345
-0.458
-0.389
-0.399
-0.52
-0.473
-0.629
-0.525
-0.512
-0.471
-0.536
-0.667
-0.861
-1.15
-1.193
-1.219
-1.278
-1.319
-1.312
-1.155
-1.346
-1.235
-1.349
-1.17
-1.15
-1.103
-1.058
-1.114
-1.163
-1.189
-1.205
-1.316
-1.401
-1.319
-1.355
-1.048
-0.991
-0.894
-0.929
-0.787
-0.703
-0.743
-0.763
-0.619
-0.639
-0.39
-0.383
-0.323
-0.366
-0.118
-0.296
-0.325
-0.031
0.124
0.434
0.584
0.634
0.682
0.688
0.849
0.828
1.024
1.058
1.002
1.058
0.889
1.096
1.054
1.129
1.252
1.295
1.377
1.438
1.726
1.83
1.835
1.863
1.774
1.685
1.583
1.734
1.653
1.616
1.451
1.508
1.425
1.583
1.366
1.424
1.344
1.093
1.248
1.295
1.323
1.05
0.879
0.831
0.634
0.651
0.682
0.474
0.134
-0.019
-0.105
0.03
0.212
0.231
0.38
0.1
-0.02
-0.048
-0.263
-0.046
-0.22
0.059
-0.004
-0.249
-0.385
-0.556
-0.601
-0.511
-0.534
-0.504
-0.561
-0.624
-0.581
-0.478
-0.794
-1.028
-1.147
-1.13
-1.27
-1.163
-0.91
-1.002
-1.006
-1.185
-1.19
-1.005
-0.971
-0.893
-0.909
-1.024
-0.881
-1.008
-0.831
-0.771
-0.953
-0.746
-0.754
-0.863
-0.839
-0.756
-0.486
-0.489
-0.475
-0.549
-0.441
-0.366
-0.343
-0.383
-0.55
-0.629
-0.378
-0.302
-0.323
-0.214
-0.356
-0.256
-0.417
-0.421
-0.139
-0.338
-0.185
-0.033
-0.04
-0.07
-0.181
-0.022
-0.214
-0.092
-0.174
0.083
0.125
0.139
0.196
0.166
0.174
0.453
0.561
0.594
0.451
0.629
0.581
0.535
0.521
0.451
0.542
0.506
0.763
0.698
0.549
0.609
0.556
0.541
0.593
0.741
0.758
0.905
0.689
0.761
0.628
0.72
0.89
0.831
0.936
0.986
0.868
0.805
0.761
0.926
0.745
1.07
0.996
0.81
0.885
0.921
0.985
1.005
1.018
0.988
0.703
0.784
0.713
0.792
0.544
0.328
0.215
0.151
0.024
0.151
0.099
0.182
0.26
0.188
0.121
0.236
0.146
0.111
0.275
0.158
0.124
-0.158
-0.206
-0.239
-0.311
-0.406
-0.203
-0.111
0.169
0.244
0.316
0.421
0.521
0.738
0.807
0.839
0.969
0.823
0.64
0.534
0.379
0.367
0.536
0.531
0.583
0.39
0.469
0.411
0.273
0.403
0.4
0.591
0.399
0.398
0.432
0.088
-0.134
-0.231
-0.171
0.12
0.128
0.174
0.2
0.009
0.062
0.379
0.264
0.286
0.296
0.326
0.251
0.099
0.166
0.259
0.133
0.174
0.378
0.307
0.26
0.369
0.35
0.311
0.47
0.289
0.105
0.294
-0.129
-0.09
-0.021
-0.035
-0.058
0.066
0.1
0.081
0.106
0.011
0.13
0.194
-0.074
-0.062
-0.095
-0.28
-0.376
-0.404
-0.44
-0.466
-0.615
-0.559
-0.401
-0.431
-0.466
-0.379
-0.269
-0.361
-0.338
-0.536
-0.541
-0.641
-0.576
-0.514
-0.404
-0.415
-0.486
-0.425
-0.264
-0.179
0.013
0.013
0.075
0.059
0.077
0.154
0.07
-0.026
-0.013
-0.037
0.025
0.251
0.225
0.335
0.215
-0.04
-0.122
-0.256
-0.101
-0.107
-0.274
-0.24
-0.155
-0.121
-0.033
-0.065
0.152
0.058
0.065
0.18
-0.135
-0.216
-0.315
-0.411
-0.445
-0.555
-0.375
-0.5
-0.713
-0.614
-0.681
-0.709
-0.74
-0.46
-0.409
-0.67
-0.579
-0.503
-0.413
-0.233
-0.479
-0.436
-0.23
-0.422
-0.409
-0.211
0.039
0.049
0.35
0.211
0.297
0.275
0.269
0.554
0.258
0.331
0.376
0.571
0.645
0.77
0.703
0.588
0.466
0.411
0.669
0.601
0.66
0.848
0.774
0.667
0.578
0.521
0.562
0.41
0.443
0.254
0.234
-0.009
0.054
-0.015
0.026
0.043
0.315
0.025
0.041
0.045
0.145
-0.076
-0.101
-0.225
-0.105
-0.205
-0.1
-0.189
-0.098
-0.333
-0.244
-0.425
-0.414
-0.525
-0.703
-0.641
-0.625
-0.841
-0.888
-0.821
-0.976
-0.839
-0.914
-0.819
-0.713
-0.664
-0.445
-0.36
-0.429
-0.224
-0.239
-0.088
0.051
0.198
0.125
0.159
0.096
0.126
0.184
0.118
0.186
0.234
0.294
0.27
0.296
0.085
0.245
0.229
0.361
0.21
0.324
0.179
0.203
0.4
0.409
0.55
0.321
0.426
0.312
0.194
0.194
0.171
0.265
-0.01
0.155
0.364
0.473
0.448
0.559
0.562
0.399
0.339
0.242
0.279
0.381
0.524
0.585
0.521
0.404
0.27
-0.02
0.184
0.12
0.352
0.456
0.515
0.619
0.381
0.496
0.629
0.4
0.284
0.177
0.244
0.158
-0.126
-0.147
-0.519
-0.24
0.0
-0.013
0.004
0.115
0.066
-0.059
-0.114
-0.154
-0.344
-0.168
-0.184
-0.235
-0.212
-0.265
-0.316
-0.419
-0.203
-0.301
-0.235
-0.173
-0.129
-0.193
-0.357
-0.615
-0.611
-0.738
-0.876
-0.93
-1.041
-1.016
-0.85
-0.784
-0.76
-0.679
-0.414
-0.443
-0.438
-0.401
-0.396
-0.36
-0.398
-0.379
-0.417
-0.469
-0.489
-0.471
-0.305
-0.229
-0.283
-0.138
-0.336
-0.219
-0.105
-0.129
0.031
0.113
-0.098
-0.014
0.164
0.116
0.229
0.335
0.45
0.555
0.439
0.61
0.44
0.367
0.324
0.406
0.259
0.136
0.236
0.092
0.009
-0.164
-0.175
-0.064
-0.045
-0.168
-0.174
0.295
0.517
0.453
0.403
0.561
0.645
0.88
1.036
1.146
1.134
1.109
1.081
0.97
1.03
1.151
0.795
0.938
0.531
0.562
0.561
0.674
0.406
0.388
0.314
0.309
0.319
0.159
0.188
0.077
0.259
0.106
0.092
-0.06
-0.161
-0.193
-0.22
-0.263
-0.374
-0.501
-0.32
-0.448
-0.302
-0.216
-0.105
-0.107
-0.051
-0.16
-0.249
-0.135
-0.007
0.139
0.165
0.395
0.432
0.571
0.501
0.365
0.391
0.466
0.46
0.371
0.385
0.33
0.236
0.286
0.233
0.234
0.297
0.339
0.039
0.066
0.035
0.195
0.216
0.071
0.301
0.265
0.089
-0.028
-0.315
-0.238
-0.154
-0.189
-0.124
-0.365
-0.288
-0.41
-0.45
-0.688
-0.749
-0.917
-0.874
-1.005
-0.9
-0.956
-0.921
-0.949
-0.916
-0.559
-0.713
-0.524
-0.855
-0.638
-0.689
-0.746
-0.728
-0.579
-0.655
-0.534
-0.55
-0.636
-0.591
-0.599
-0.777
-0.735
-1.015
-0.824
-1.13
-1.075
-1.177
-0.966
-0.912
-0.953
-0.931
-0.859
-0.849
-0.677
-0.7
-0.62
-0.366
-0.386
-0.408
