0.182
0.059
0.159
0.234
0.152
0.098
0.13
0.146
0.031
0.155
0.081
0.269
0.254
0.198
0.3
0.316
0.251
0.196
0.203
0.155
0.305
0.175
0.171
0.21
0.1
0.186
0.2
0.249
0.281
0.296
0.439
0.333
0.394
0.292
0.231
0.25
0.209
0.341
0.32
0.285
0.246
0.247
0.288
0.338
0.379
0.361
0.316
0.26
0.159
0.169
0.214
0.22
0.37
0.301
0.21
0.116
0.143
0.16
-0.072
-0.226
-0.251
-0.37
-0.401
-0.487
-0.568
-0.594
-0.585
-0.552
-0.536
-0.569
-0.542
-0.595
-0.474
-0.318
-0.449
-0.331
-0.234
-0.234
-0.139
-0.28
-0.147
-0.171
-0.18
-0.196
-0.043
-0.051
-0.18
-0.04
-0.122
-0.099
-0.083
-0.173
-0.066
0.08
0.088
-0.069
-0.091
-0.041
-0.151
-0.176
-0.119
0.163
0.049
0.203
0.229
0.234
0.323
0.254
0.286
0.184
0.15
0.1
-0.013
0.091
0.039
0.039
-0.028
0.165
0.115
0.221
0.193
0.052
0.209
0.238
0.26
0.168
0.166
0.106
0.056
0.128
0.02
0.039
0.031
-0.158
-0.166
-0.328
-0.281
-0.295
-0.307
-0.289
-0.361
-0.25
-0.266
-0.169
-0.233
-0.238
-0.128
-0.016
-0.006
-0.095
-0.096
-0.035
0.059
0.144
0.115
0.12
0.217
0.273
0.37
0.401
0.521
0.394
0.453
0.471
0.503
0.534
0.598
0.606
0.568
0.579
0.719
0.557
0.656
0.636
0.461
0.539
0.58
0.479
0.551
0.318
0.366
0.281
0.16
0.136
0.103
-0.06
-0.037
0.045
0.031
-0.02
-0.134
-0.118
-0.036
-0.216
-0.264
-0.288
-0.305
-0.263
-0.395
-0.394
-0.469
-0.486
-0.475
-0.465
-0.454
-0.417
-0.509
-0.616
-0.635
-0.694
-0.65
-0.772
-0.8
-0.734
-0.745
-0.723
-0.667
-0.61
-0.655
-0.642
-0.642
-0.586
-0.557
-0.448
-0.517
-0.54
-0.454
-0.535
-0.474
-0.439
-0.318
-0.268
-0.291
-0.328
-0.264
-0.355
-0.266
-0.231
-0.118
-0.134
-0.144
-0.089
-0.179
-0.052
-0.086
-0.056
-0.094
-0.115
-0.084
-0.12
-0.13
-0.022
-0.091
0.026
0.052
0.048
0.044
0.106
0.035
-0.111
-0.056
-0.052
-0.035
-0.041
-0.114
-0.188
-0.166
-0.121
-0.028
-0.124
-0.094
-0.006
-0.152
-0.099
-0.217
-0.16
-0.029
-0.005
0.029
-0.115
0.044
-0.166
-0.186
-0.201
-0.228
-0.173
-0.198
-0.19
-0.096
-0.247
-0.239
-0.206
-0.211
-0.139
-0.229
-0.273
-0.253
-0.292
-0.089
-0.175
-0.04
0.021
0.072
0.113
0.021
0.147
0.115
0.136
0.251
0.106
0.211
-0.024
-0.069
-0.004
-0.245
-0.173
-0.122
-0.076
-0.188
-0.189
-0.306
-0.372
-0.411
-0.319
-0.361
-0.45
-0.448
-0.466
-0.393
-0.37
-0.364
-0.399
-0.413
-0.431
-0.328
-0.302
-0.263
-0.385
-0.195
-0.405
-0.389
-0.352
-0.384
-0.251
-0.35
-0.212
-0.261
-0.209
-0.125
-0.124
-0.035
-0.119
-0.107
-0.02
-0.031
-0.164
-0.115
-0.116
-0.11
-0.209
-0.149
-0.109
-0.116
-0.064
-0.07
0.015
0.041
0.026
0.229
0.048
0.113
0.086
0.118
0.071
0.096
0.065
0.016
0.014
-0.013
-0.166
-0.037
-0.228
-0.231
-0.2
-0.228
-0.225
-0.188
-0.165
-0.195
-0.185
-0.203
-0.171
-0.239
-0.091
-0.094
-0.147
-0.085
-0.118
-0.043
-0.048
0.039
0.014
0.104
0.059
-0.018
0.065
0.033
0.155
0.128
0.122
0.109
0.147
0.233
0.125
0.144
0.111
0.092
0.139
0.135
-0.018
-0.011
-0.043
-0.064
-0.106
-0.128
-0.223
-0.104
-0.101
-0.169
-0.136
-0.062
-0.022
-0.122
-0.241
-0.299
-0.229
-0.264
-0.238
-0.249
-0.265
-0.189
-0.072
-0.122
-0.12
-0.113
-0.02
-0.069
-0.02
-0.03
-0.004
0.014
0.014
0.086
0.064
0.146
-0.001
0.088
0.1
0.069
0.147
0.109
0.195
0.256
0.326
0.16
0.208
0.289
0.374
0.372
0.341
0.333
0.226
0.386
0.316
0.319
0.19
0.064
0.125
0.051
0.009
0.085
-0.046
0.035
-0.101
-0.064
-0.118
-0.133
-0.098
-0.188
-0.221
-0.212
-0.244
-0.09
-0.072
-0.098
-0.151
-0.189
-0.095
-0.15
-0.101
-0.11
-0.049
0.044
-0.01
-0.074
0.071
0.069
0.084
0.072
0.188
0.179
0.226
0.2
0.121
0.279
0.229
0.284
0.275
0.256
0.401
0.451
0.365
0.465
0.481
0.455
0.413
0.421
0.416
0.251
0.419
0.453
0.375
0.229
0.201
0.173
0.109
0.141
0.186
0.168
0.089
0.095
0.095
0.085
0.072
0.128
0.147
0.134
0.085
0.074
0.139
0.09
0.121
0.136
0.131
0.113
0.077
0.079
0.051
0.081
0.044
0.08
0.107
0.007
0.065
0.014
0.011
-0.005
0.028
0.07
0.009
0.056
0.072
0.201
0.133
0.219
0.105
0.116
0.186
0.196
0.113
0.199
0.035
0.055
0.014
-0.018
-0.054
-0.05
-0.159
-0.092
-0.185
-0.18
-0.156
-0.105
-0.249
-0.233
-0.181
-0.221
-0.159
-0.141
-0.089
-0.003
-0.048
0.069
0.01
0.004
0.106
0.1
0.113
0.104
0.154
0.099
0.177
0.229
0.194
0.306
0.33
0.374
0.401
0.351
0.379
0.374
0.408
0.441
0.455
0.405
0.396
0.405
0.271
0.305
0.354
0.351
0.431
0.261
0.189
0.175
0.159
0.154
0.134
0.08
0.077
0.062
0.091
0.046
-0.006
0.029
0.048
0.045
-0.001
-0.086
-0.024
-0.16
-0.066
-0.065
-0.052
-0.16
-0.139
-0.094
-0.188
-0.128
-0.2
-0.274
-0.234
-0.259
-0.336
-0.285
-0.226
-0.238
-0.119
-0.17
-0.194
-0.128
-0.086
-0.084
-0.004
-0.026
-0.199
-0.138
-0.175
-0.146
-0.24
-0.17
-0.233
-0.304
-0.297
-0.334
-0.443
-0.255
-0.241
-0.188
-0.231
-0.435
-0.37
-0.417
-0.389
-0.311
-0.405
-0.352
-0.231
-0.276
-0.141
-0.206
-0.031
0.005
0.122
0.215
0.072
0.281
0.247
0.265
0.366
0.247
0.416
0.375
0.434
0.544
0.484
0.59
0.64
0.6
0.556
0.48
0.539
0.615
0.676
0.734
0.724
0.74
0.631
0.646
0.595
0.611
0.736
0.63
0.551
0.503
0.679
0.703
0.664
0.626
0.661
0.624
0.79
0.713
0.657
0.711
0.621
0.721
0.641
0.58
0.624
0.479
0.631
0.564
0.552
0.451
0.453
0.445
0.345
0.336
0.231
0.147
0.198
0.259
0.083
0.133
0.109
0.09
0.105
0.08
0.006
0.066
0.056
0.039
0.043
0.065
-0.014
-0.107
-0.166
-0.224
-0.206
-0.146
-0.35
-0.379
-0.417
-0.496
-0.468
-0.405
-0.45
-0.415
-0.445
-0.388
-0.346
-0.224
-0.239
-0.198
-0.089
-0.1
-0.009
0.006
0.039
0.065
0.231
0.206
0.175
0.18
0.208
0.182
0.106
0.026
-0.041
0.013
0.054
0.114
0.091
0.013
0.011
0.003
0.006
-0.066
-0.056
-0.01
0.013
0.031
-0.046
-0.235
-0.249
-0.328
-0.289
-0.236
-0.323
-0.166
-0.129
-0.206
-0.215
-0.405
-0.385
-0.35
-0.38
-0.331
-0.463
-0.438
-0.415
-0.474
-0.349
-0.324
-0.375
-0.295
-0.255
-0.217
-0.18
-0.319
-0.284
-0.339
-0.309
-0.199
-0.241
-0.144
-0.129
-0.143
-0.161
-0.061
-0.069
-0.076
-0.125
-0.07
0.069
-0.014
0.134
0.119
0.045
0.055
-0.005
0.071
-0.12
-0.17
-0.233
-0.323
-0.406
-0.408
-0.559
-0.393
-0.415
-0.405
-0.315
-0.374
-0.334
-0.304
-0.201
-0.216
-0.226
-0.154
-0.175
-0.203
-0.254
-0.208
-0.314
-0.431
-0.489
-0.473
-0.479
-0.484
-0.291
-0.326
-0.189
-0.18
-0.14
-0.168
-0.03
0.075
0.033
0.089
0.006
0.113
0.04
0.003
0.013
-0.054
0.071
-0.028
0.048
-0.044
-0.036
-0.174
-0.195
-0.21
-0.238
-0.328
-0.419
-0.339
-0.33
-0.325
-0.491
-0.465
-0.406
-0.626
-0.506
-0.474
-0.436
-0.496
-0.517
-0.436
-0.354
-0.325
-0.399
-0.289
-0.24
-0.241
-0.273
-0.182
-0.246
-0.26
-0.297
-0.371
-0.246
-0.3
-0.235
-0.274
-0.292
-0.299
-0.31
-0.169
-0.191
-0.138
-0.184
-0.19
-0.064
-0.098
0.034
0.069
0.234
0.152
0.404
0.38
0.177
0.194
0.019
-0.043
-0.064
-0.014
0.046
0.094
0.11
0.175
-0.02
-0.066
-0.174
-0.271
-0.211
-0.156
-0.094
-0.249
-0.4
-0.352
-0.389
-0.212
-0.265
-0.223
0.0
0.118
0.134
0.186
0.124
0.051
0.146
-0.043
-0.005
-0.015
-0.195
-0.349
-0.261
-0.292
-0.315
-0.305
-0.425
-0.4
-0.45
-0.396
-0.296
-0.357
-0.307
-0.289
-0.229
-0.231
-0.231
-0.147
-0.134
-0.136
-0.107
0.226
0.169
0.416
0.42
0.409
0.393
0.22
0.36
0.505
0.496
0.385
0.223
0.048
-0.018
0.011
-0.138
-0.035
0.005
-0.256
-0.275
-0.396
-0.571
-0.503
-0.579
-0.46
-0.448
-0.429
-0.427
-0.494
-0.474
-0.596
-0.465
-0.411
-0.451
-0.319
-0.511
-0.39
-0.323
-0.301
-0.195
-0.006
0.019
0.024
0.164
0.092
0.07
0.139
0.111
0.115
0.209
0.196
0.159
-0.061
-0.099
-0.151
-0.219
-0.212
-0.323
-0.514
-0.39
-0.599
-0.564
-0.733
-0.527
-0.421
-0.566
-0.611
-0.654
-0.45
-0.376
-0.383
-0.448
-0.464
-0.512
-0.329
-0.445
-0.489
-0.393
-0.242
-0.199
-0.174
-0.149
-0.246
-0.289
-0.139
-0.079
0.066
-0.104
-0.125
-0.018
-0.098
-0.225
-0.25
-0.198
-0.21
-0.26
-0.185
-0.175
0.001
0.069
0.075
0.064
0.119
0.055
-0.091
-0.154
-0.201
-0.226
-0.075
-0.245
-0.251
-0.284
-0.146
-0.186
-0.297
-0.18
-0.066
0.044
0.031
-0.007
-0.01
-0.158
-0.088
-0.119
-0.069
-0.184
-0.033
-0.076
-0.03
0.028
0.048
-0.139
-0.039
-0.147
-0.129
-0.065
-0.003
0.134
0.173
0.046
0.131
-0.077
0.028
0.089
-0.116
-0.125
-0.185
-0.3
-0.321
-0.4
-0.398
-0.526
-0.679
-0.709
-0.764
-0.863
-0.828
-0.915
-0.584
-0.693
-0.68
-0.647
-0.623
-0.551
-0.846
-0.763
-0.78
-0.764
-0.536
-0.825
-0.723
-0.735
-0.61
-0.623
-0.606
-0.604
-0.666
-0.541
-0.425
-0.379
-0.264
-0.208
0.024
0.144
0.173
0.255
0.458
0.489
0.794
1.068
1.028
1.198
1.343
1.36
1.403
1.468
1.4
1.552
1.52
1.52
1.6
1.505
1.518
1.34
1.453
1.254
1.146
1.015
1.022
1.046
1.026
1.081
1.046
0.998
0.845
0.72
0.661
0.616
0.656
0.352
0.426
0.26
0.128
0.006
-0.025
-0.191
-0.116
-0.285
-0.245
-0.375
-0.461
-0.576
-0.546
-0.601
-0.579
-0.671
-0.465
-0.656
-0.566
-0.62
-0.44
-0.409
-0.388
-0.346
-0.288
-0.305
-0.182
-0.171
-0.195
-0.182
-0.114
0.022
0.071
-0.099
-0.056
-0.062
-0.151
-0.266
-0.319
-0.461
-0.526
-0.416
-0.427
-0.364
-0.432
-0.302
-0.482
-0.334
-0.444
-0.386
-0.26
-0.289
-0.221
-0.188
-0.221
-0.343
-0.41
-0.361
-0.351
-0.234
-0.233
-0.061
0.062
0.111
0.164
0.325
0.497
0.455
0.444
0.512
0.565
0.522
0.556
0.639
0.512
0.505
0.549
0.6
0.575
0.496
0.415
0.384
0.469
0.436
0.4
0.295
0.103
-0.001
-0.013
-0.083
-0.116
-0.081
0.111
0.043
-0.039
-0.085
-0.044
-0.095
-0.133
-0.07
-0.171
-0.128
-0.14
-0.096
-0.27
-0.417
-0.479
-0.624
-0.536
-0.525
-0.47
-0.52
-0.521
-0.482
-0.391
-0.196
-0.301
-0.18
-0.072
-0.059
-0.08
0.039
0.006
0.025
-0.021
0.066
0.189
0.266
0.165
0.199
0.206
0.109
0.024
-0.219
-0.26
-0.241
-0.335
-0.359
-0.215
-0.288
-0.18
-0.354
-0.375
-0.531
-0.705
-0.615
-0.743
-0.584
-0.606
-0.468
-0.514
-0.509
-0.379
-0.674
-0.676
-0.726
-0.615
-0.453
-0.443
-0.644
-0.795
-0.666
-0.751
-0.544
-0.47
-0.46
-0.645
-0.482
-0.371
-0.259
-0.2
-0.147
0.02
0.014
0.081
0.118
-0.043
0.024
0.037
0.124
0.141
0.089
0.242
0.417
0.37
0.529
0.431
0.504
0.454
0.474
0.393
0.3
0.388
0.409
0.357
0.286
0.196
0.309
0.283
0.341
0.264
0.225
0.235
0.261
0.18
0.16
-0.004
0.061
0.36
0.179
0.25
0.19
0.281
0.319
0.231
0.234
0.062
0.113
0.01
-0.015
-0.033
0.077
0.059
0.039
0.083
0.133
0.156
-0.048
-0.191
-0.234
-0.299
-0.466
-0.289
-0.408
-0.3
-0.244
-0.356
-0.236
-0.216
-0.143
-0.129
-0.325
-0.229
-0.209
-0.239
-0.25
-0.249
-0.13
-0.151
-0.111
-0.186
-0.006
-0.005
0.059
0.086
-0.06
-0.013
-0.018
0.001
0.13
-0.005
0.106
0.129
0.158
0.113
-0.072
-0.006
0.01
0.006
0.004
-0.066
0.024
-0.143
-0.051
0.001
-0.09
-0.062
0.062
0.024
0.026
-0.114
0.288
0.411
0.295
0.394
0.362
0.484
0.551
0.546
0.583
0.468
0.547
0.384
0.424
0.168
-0.034
0.022
-0.046
-0.188
-0.08
-0.281
-0.238
-0.244
-0.226
-0.389
-0.45
-0.422
-0.398
-0.378
-0.42
-0.276
-0.263
-0.246
-0.291
-0.251
-0.271
-0.338
-0.307
-0.318
-0.444
-0.302
-0.401
-0.4
-0.441
-0.445
-0.399
-0.341
-0.274
-0.451
-0.291
-0.113
-0.233
-0.339
-0.147
-0.235
-0.231
-0.225
-0.215
-0.259
-0.301
-0.455
-0.366
-0.338
-0.391
-0.311
-0.398
-0.288
-0.198
-0.378
-0.404
-0.479
-0.211
-0.26
-0.16
-0.164
0.015
-0.005
0.048
0.144
0.186
0.193
0.328
0.165
0.212
0.1
0.195
0.235
0.158
0.278
0.182
0.141
0.258
0.334
0.22
0.306
0.149
0.17
0.1
0.034
-0.092
-0.263
-0.173
-0.156
-0.15
-0.235
-0.336
-0.394
-0.286
-0.338
-0.422
-0.426
-0.379
-0.495
-0.537
-0.524
-0.624
-0.585
-0.529
-0.319
-0.3
-0.186
-0.136
-0.052
0.052
0.069
0.088
0.134
0.121
0.077
0.195
0.126
0.109
0.13
0.034
0.146
0.055
0.033
-0.061
-0.129
-0.247
-0.158
-0.156
-0.271
-0.319
-0.219
-0.18
-0.136
-0.211
-0.08
-0.11
-0.07
0.076
0.154
0.306
0.056
-0.018
0.013
-0.105
-0.221
-0.179
-0.144
0.013
0.051
0.029
0.221
0.081
0.181
0.034
-0.046
-0.003
-0.104
-0.196
-0.385
-0.325
-0.388
-0.401
-0.444
-0.455
-0.45
-0.431
-0.593
-0.654
-0.508
-0.539
-0.569
-0.389
-0.42
-0.432
-0.319
-0.176
-0.253
-0.07
-0.079
-0.018
0.031
-0.005
0.021
0.099
0.233
0.343
0.459
0.62
0.652
0.775
0.575
0.556
0.485
0.463
0.603
0.519
0.561
0.537
0.432
0.306
0.118
-0.06
0.116
0.094
0.138
0.026
-0.036
-0.115
-0.095
-0.02
-0.044
0.006
0.043
-0.006
-0.06
-0.077
-0.233
-0.27
-0.196
-0.244
-0.329
-0.306
-0.288
-0.18
-0.126
-0.066
0.152
0.285
0.388
0.621
0.656
0.591
0.603
0.515
0.588
0.557
0.55
0.497
0.12
0.128
-0.065
0.011
0.037
0.084
0.2
0.107
0.052
0.076
0.312
0.179
0.236
0.26
0.279
0.323
0.176
0.25
0.263
0.271
0.374
0.229
0.116
0.105
0.056
-0.01
0.011
-0.013
-0.083
-0.109
-0.037
-0.128
-0.386
-0.256
-0.335
-0.289
-0.279
-0.069
0.005
0.182
0.242
0.319
0.292
0.126
0.071
0.081
0.036
-0.101
-0.019
0.116
0.325
0.411
0.316
0.319
0.258
0.288
0.331
0.324
0.416
0.326
0.411
0.339
0.219
0.224
0.355
0.256
0.361
0.185
0.316
0.155
0.266
0.224
0.173
0.194
0.191
0.155
0.125
0.1
0.072
0.159
0.305
0.059
0.077
0.041
0.045
0.114
0.115
0.011
0.089
0.044
0.174
0.113
0.106
0.168
0.14
0.403
0.374
0.448
0.316
0.408
0.326
0.318
0.205
0.199
0.058
-0.026
-0.118
-0.236
-0.312
-0.328
-0.238
-0.281
-0.391
-0.278
-0.236
-0.264
-0.264
-0.251
-0.089
-0.136
0.025
-0.046
-0.118
-0.016
-0.031
0.255
0.165
0.133
0.273
0.206
0.365
0.389
0.416
0.581
0.65
0.594
0.522
0.738
0.621
0.682
0.581
0.504
0.329
0.203
-0.033
-0.271
-0.346
-0.269
-0.489
-0.47
-0.38
-0.456
-0.49
-0.529
-0.547
-0.539
-0.574
-0.516
-0.534
-0.51
-0.261
-0.194
-0.296
-0.212
-0.181
-0.026
-0.049
0.019
-0.003
-0.124
-0.188
-0.105
-0.247
-0.246
-0.083
0.05
-0.091
-0.022
-0.25
0.089
0.049
0.22
0.352
0.432
0.486
0.547
0.565
0.367
0.585
0.403
0.455
0.393
0.297
0.235
0.225
0.173
-0.09
-0.126
-0.131
-0.133
-0.209
-0.173
-0.273
-0.146
-0.074
0.015
-0.056
0.143
0.177
0.055
0.094
0.324
0.289
0.469
0.471
0.641
0.82
0.833
0.93
0.956
0.924
0.904
0.969
1.018
1.08
1.224
1.093
1.116
1.059
1.06
1.096
1.05
1.06
1.126
1.165
1.026
0.812
0.685
0.575
0.504
0.399
0.357
0.36
0.318
0.341
0.281
0.238
0.239
0.025
0.145
0.203
0.233
0.028
0.024
-0.194
-0.048
-0.133
-0.176
-0.156
-0.07
-0.016
-0.08
-0.223
-0.276
-0.161
-0.158
-0.226
-0.216
-0.35
-0.475
-0.469
-0.638
-0.611
-0.409
-0.478
-0.468
-0.37
-0.351
-0.364
-0.256
-0.39
-0.496
-0.318
-0.44
-0.239
-0.233
-0.309
-0.425
-0.193
-0.297
-0.139
-0.156
-0.12
-0.15
-0.114
-0.13
-0.155
-0.344
-0.31
-0.39
-0.535
-0.366
-0.396
-0.473
-0.508
-0.424
-0.217
-0.126
-0.286
-0.307
-0.304
-0.264
-0.345
-0.221
-0.176
0.066
0.071
0.007
-0.058
-0.064
0.022
0.113
0.229
0.297
0.349
0.435
0.47
0.578
0.534
0.726
0.829
0.864
1.151
0.944
0.99
0.888
0.946
1.018
0.99
1.01
1.103
1.193
1.276
1.228
1.215
1.371
1.278
1.188
0.938
1.018
1.048
0.951
0.819
0.682
0.599
0.505
0.391
0.279
0.109
0.076
-0.013
-0.159
-0.25
-0.333
-0.269
-0.239
-0.201
-0.176
-0.403
-0.367
-0.383
-0.441
-0.404
-0.531
-0.468
-0.49
-0.501
-0.549
-0.763
-0.655
-0.713
-0.667
-0.719
-0.739
-0.487
-0.413
-0.459
-0.416
-0.323
-0.235
-0.219
-0.079
-0.194
-0.198
-0.151
-0.133
-0.294
-0.186
-0.024
-0.086
-0.072
-0.113
-0.394
-0.331
-0.17
-0.1
0.034
-0.074
-0.041
0.039
-0.13
-0.189
-0.16
-0.24
-0.1
0.048
-0.026
0.046
-0.029
0.1
0.084
0.27
0.28
0.17
0.525
0.527
0.745
0.718
0.691
0.784
0.671
0.8
0.665
0.672
0.828
1.066
0.975
1.019
1.061
1.295
1.161
0.971
0.912
0.777
0.657
0.516
0.37
0.326
0.346
0.429
0.569
0.755
0.385
0.434
0.33
0.165
0.075
-0.074
-0.191
-0.188
-0.268
-0.278
-0.335
-0.413
-0.38
-0.516
-0.504
-0.54
-0.669
-0.482
-0.555
-0.751
-0.786
-0.849
-0.771
-0.753
-0.914
-0.953
-1.0
-1.086
-1.324
-1.404
-1.51
-1.51
-1.8
-1.723
-1.694
-1.73
-1.71
-1.458
-1.344
-1.341
-1.345
-1.136
-1.191
-1.078
-1.36
-1.204
-1.104
-1.071
-1.026
-0.94
-1.039
-0.894
-0.98
-0.958
-0.904
-0.866
-0.893
-0.868
-0.811
-0.616
-0.608
-0.594
-0.642
-0.61
-0.701
-0.701
-0.958
-1.019
-0.905
-0.984
-0.956
-1.009
-0.855
-0.805
-0.818
-0.772
-0.599
-0.626
-0.675
-0.406
-0.445
-0.066
-0.092
-0.158
-0.191
-0.365
-0.182
-0.247
-0.09
0.131
0.36
0.672
0.893
1.021
1.136
1.276
1.324
1.492
1.599
1.637
1.649
1.438
1.389
1.49
1.396
1.361
1.279
1.436
1.373
1.464
1.443
1.15
1.105
0.951
0.914
0.703
0.485
0.299
0.185
0.029
-0.061
-0.065
-0.283
-0.404
-0.289
-0.314
-0.302
-0.547
-0.562
-0.562
-0.585
-0.519
-0.675
-0.661
-0.794
-0.785
-0.776
-0.691
-0.534
-0.562
-0.652
-0.659
-0.581
-0.503
-0.565
-0.666
-0.54
-0.424
-0.47
-0.348
-0.417
-0.295
-0.179
-0.074
-0.083
-0.154
-0.122
-0.141
-0.09
-0.309
-0.458
-0.468
-0.608
-0.585
-0.688
-0.469
-0.56
-0.469
-0.529
-0.469
-0.546
-0.517
-0.505
-0.482
-0.46
-0.432
-0.379
-0.484
-0.549
-0.394
-0.485
-0.389
-0.47
-0.427
-0.422
-0.376
-0.31
-0.28
-0.199
-0.246
-0.403
-0.399
-0.333
-0.258
-0.276
-0.289
-0.088
-0.175
-0.294
-0.1
-0.031
-0.034
0.083
0.164
0.233
0.221
0.169
0.255
0.211
0.23
0.294
0.376
0.374
0.357
0.274
0.161
0.251
0.292
0.302
0.375
0.399
0.495
0.335
0.424
0.417
0.458
0.601
0.503
0.676
0.511
0.599
0.541
0.333
0.389
0.061
0.105
0.217
0.264
0.264
0.311
0.306
0.155
0.128
0.113
0.014
0.062
0.026
0.044
0.064
0.079
-0.011
0.028
-0.261
-0.099
-0.264
-0.27
-0.273
-0.189
-0.242
-0.224
-0.431
-0.459
-0.417
-0.527
-0.741
-0.615
-0.774
-0.67
