-0.765
-0.554
-0.586
-0.574
-0.535
-0.478
-0.389
-0.378
-0.188
-0.186
-0.085
-0.152
-0.131
-0.158
0.109
0.036
-0.007
-0.022
-0.004
0.116
0.278
0.36
0.436
0.314
0.326
0.307
0.449
0.506
0.609
0.509
0.432
0.64
0.56
0.53
0.439
0.328
0.242
0.366
0.388
0.346
0.296
0.326
0.143
0.066
0.081
0.085
-0.005
-0.139
-0.126
-0.235
-0.195
-0.143
-0.169
-0.302
-0.399
-0.496
-0.532
-0.346
-0.399
-0.456
-0.321
-0.365
-0.296
-0.276
-0.096
-0.193
0.103
0.005
0.179
0.312
0.23
0.338
0.275
0.374
0.357
0.177
0.135
0.205
0.206
0.135
0.13
0.256
-0.007
-0.069
-0.111
0.021
0.169
0.091
0.206
0.056
0.134
0.146
0.096
0.156
0.265
0.208
0.186
0.193
0.169
0.206
0.241
0.302
0.251
0.239
0.125
0.242
0.323
0.359
0.284
0.22
0.193
0.14
0.155
0.007
0.22
0.056
0.13
0.24
0.184
0.295
0.171
0.163
0.126
-0.016
0.031
0.007
-0.019
-0.113
-0.166
-0.23
-0.284
-0.259
-0.369
-0.398
-0.356
-0.426
-0.408
-0.449
-0.338
-0.465
-0.42
-0.422
-0.486
-0.5
-0.557
-0.618
-0.629
-0.594
-0.623
-0.555
-0.484
-0.384
-0.214
-0.259
-0.136
-0.081
-0.085
-0.059
0.033
0.048
0.021
0.054
0.155
0.367
0.339
0.366
0.336
0.036
0.084
0.105
0.046
0.025
0.103
0.11
0.034
0.111
0.041
0.139
0.329
0.336
0.226
0.336
0.266
0.351
0.283
0.325
0.233
0.239
0.23
0.309
0.209
0.103
0.13
0.263
0.269
0.371
0.224
0.186
0.136
0.048
0.001
-0.044
-0.018
-0.058
-0.05
-0.054
-0.034
0.033
-0.029
-0.115
-0.048
-0.105
-0.058
-0.03
0.105
0.121
0.149
0.129
0.221
0.109
0.074
-0.059
-0.135
-0.029
-0.041
-0.029
-0.173
-0.136
0.075
0.069
0.077
0.004
-0.129
-0.111
-0.101
-0.115
-0.107
-0.059
-0.185
-0.231
-0.209
-0.253
-0.299
-0.158
-0.119
0.028
-0.166
-0.007
-0.046
-0.028
0.021
-0.163
0.062
0.258
0.24
0.42
0.516
0.519
0.486
0.604
0.631
0.465
0.426
0.304
0.324
0.32
0.286
0.283
0.434
0.459
0.445
0.426
0.315
0.564
0.61
0.509
0.639
0.495
0.349
0.154
0.103
0.19
0.14
-0.074
0.061
0.258
0.333
0.136
0.28
0.184
0.14
0.276
0.101
0.214
0.079
0.189
-0.106
-0.071
-0.136
-0.056
0.02
-0.136
-0.096
-0.339
-0.256
-0.266
-0.155
0.026
0.049
0.139
0.29
0.296
0.323
0.329
0.348
0.306
0.316
0.39
0.509
0.432
0.405
0.355
0.366
0.461
0.547
0.425
0.385
0.492
0.642
0.64
0.614
0.573
0.578
0.526
0.588
0.544
0.45
0.401
0.43
0.273
0.325
0.349
0.499
0.345
0.299
0.159
0.296
0.362
0.249
0.261
0.198
0.25
0.294
0.496
0.399
0.226
0.022
0.081
0.005
-0.028
-0.188
-0.45
-0.429
-0.456
-0.405
-0.404
-0.321
-0.301
-0.195
0.033
0.031
0.029
0.056
0.19
0.212
0.176
0.07
0.253
0.25
0.19
0.001
0.084
-0.107
-0.086
-0.115
-0.159
-0.154
0.041
-0.046
0.06
0.049
0.156
0.09
0.046
0.165
0.343
0.151
0.259
0.33
0.376
0.32
0.485
0.389
0.403
0.385
0.246
0.343
0.555
0.571
0.576
0.5
0.46
0.39
0.191
0.151
0.094
0.186
0.022
-0.071
-0.095
-0.256
-0.276
-0.404
-0.291
-0.439
-0.478
-0.371
-0.426
-0.489
-0.485
-0.458
-0.497
-0.3
-0.36
-0.364
-0.238
-0.24
0.045
-0.118
-0.049
0.081
0.064
0.231
0.115
0.186
0.242
0.261
0.18
0.274
0.381
0.453
0.474
0.465
0.615
0.721
0.805
0.738
1.006
0.888
1.07
1.009
1.235
1.225
1.008
1.145
1.124
0.989
1.062
0.98
1.13
1.127
0.979
1.07
1.022
1.052
0.76
0.75
0.35
0.405
0.33
-0.026
0.034
-0.269
-0.219
-0.286
-0.186
-0.343
-0.323
-0.31
-0.361
-0.517
-0.5
-0.432
-0.432
-0.4
-0.306
-0.39
-0.279
-0.156
-0.193
0.006
0.188
0.182
0.136
0.025
-0.092
0.145
-0.04
-0.077
-0.037
-0.03
0.355
0.369
0.585
0.714
0.881
0.849
0.88
1.141
1.036
1.232
1.329
1.359
1.381
1.344
1.308
1.25
1.163
1.09
1.064
1.046
0.925
0.734
1.045
0.912
0.719
0.725
0.649
0.666
0.68
0.449
0.481
0.419
0.219
0.294
0.259
0.165
0.115
-0.105
-0.106
-0.369
-0.383
-0.496
-0.527
-0.68
-0.711
-0.743
-0.685
-0.583
-0.642
-0.646
-0.751
-0.834
-0.624
-0.529
-0.605
-0.573
-0.534
-0.494
-0.506
-0.679
-0.774
-0.73
-0.576
-0.739
-0.73
-0.723
-0.544
-0.677
-0.688
-0.915
-0.92
-1.141
-1.065
-0.959
-1.079
-1.008
-0.902
-0.88
-0.611
-0.698
-0.685
-0.529
-0.315
-0.203
-0.121
-0.066
-0.165
-0.048
0.054
0.139
0.166
-0.021
0.105
0.164
0.107
0.214
0.283
0.266
0.321
0.35
0.306
0.19
0.431
0.241
0.417
0.43
0.499
0.698
0.524
0.5
0.439
0.301
0.199
0.115
0.061
0.022
0.011
0.113
0.118
0.174
0.22
0.366
0.217
0.169
-0.007
-0.036
0.04
-0.049
-0.071
-0.289
-0.355
-0.42
-0.494
-0.444
-0.569
-0.58
-0.785
-0.789
-0.949
-1.127
-1.055
-1.029
-1.064
-1.222
-1.271
-1.318
-1.359
-1.367
-1.333
-1.21
-1.225
-1.106
-0.959
-0.84
-0.915
-0.88
-0.834
-0.682
-0.588
-0.525
-0.495
-0.278
-0.077
-0.061
-0.11
-0.051
-0.071
0.077
0.146
0.065
0.221
0.206
0.163
0.144
0.074
0.209
0.244
0.229
0.339
0.356
0.324
0.291
0.275
0.266
0.115
0.039
-0.025
-0.003
0.046
0.18
0.199
0.122
0.075
-0.056
-0.075
-0.206
-0.302
-0.379
-0.432
-0.24
-0.236
-0.299
-0.289
-0.245
-0.119
-0.225
-0.276
-0.138
-0.194
-0.152
-0.339
-0.266
-0.091
-0.107
-0.288
-0.081
-0.156
-0.343
-0.296
-0.196
-0.088
0.044
0.121
0.028
0.065
0.006
0.08
0.263
0.124
0.404
0.586
0.629
0.591
0.496
0.506
0.432
0.475
0.546
0.551
0.522
0.421
0.403
0.247
0.081
0.074
-0.022
-0.072
-0.261
-0.152
-0.138
-0.044
-0.049
-0.074
-0.326
-0.231
-0.333
-0.388
-0.266
-0.099
-0.025
0.061
-0.095
-0.018
0.095
-0.149
-0.22
-0.155
-0.169
-0.116
-0.195
-0.128
-0.325
-0.209
-0.224
-0.206
-0.107
-0.066
-0.094
-0.092
-0.118
-0.217
-0.238
-0.16
-0.128
-0.191
-0.212
-0.288
-0.31
-0.367
-0.295
-0.455
-0.372
-0.361
-0.414
-0.316
-0.341
-0.164
-0.176
-0.201
-0.013
-0.076
0.11
0.119
0.155
0.239
0.279
0.469
0.621
0.516
0.639
0.497
0.396
0.384
0.449
0.475
0.46
0.336
0.448
0.364
0.331
0.383
0.444
0.261
0.121
0.056
-0.228
-0.247
-0.372
-0.399
-0.424
-0.408
-0.39
-0.384
-0.319
-0.235
-0.049
0.129
0.14
0.124
0.099
0.064
-0.034
-0.169
-0.29
-0.284
-0.253
-0.22
-0.269
-0.18
-0.194
-0.096
-0.134
-0.133
-0.219
-0.225
-0.156
-0.194
-0.194
-0.12
-0.03
0.076
0.2
0.285
0.503
0.581
0.485
0.422
0.301
0.25
0.077
0.18
0.075
-0.159
-0.149
-0.295
-0.203
-0.367
-0.376
-0.328
-0.216
-0.209
-0.321
-0.247
-0.385
-0.578
-0.555
-0.693
-0.661
-0.531
-0.405
-0.429
-0.395
-0.425
-0.512
-0.429
-0.299
-0.459
-0.465
-0.48
-0.343
-0.301
-0.177
-0.311
-0.3
-0.36
-0.233
-0.246
-0.169
-0.216
-0.234
-0.196
-0.135
0.119
0.084
0.145
0.149
0.113
0.18
0.119
0.17
0.188
0.22
0.182
0.146
0.099
0.079
0.072
0.105
0.113
0.079
0.014
0.019
-0.114
-0.121
-0.045
-0.024
-0.04
0.054
0.033
0.04
0.096
0.196
0.228
0.189
-0.015
-0.014
0.037
0.05
0.103
0.095
0.138
0.109
0.115
0.104
0.077
0.144
0.052
0.022
0.02
-0.045
0.054
0.111
-0.003
0.045
0.079
-0.052
-0.074
-0.14
-0.116
-0.339
-0.288
-0.391
-0.365
-0.284
-0.471
-0.266
-0.335
-0.205
-0.255
-0.336
-0.289
-0.361
-0.296
-0.288
-0.278
-0.559
-0.664
-0.6
-0.654
-0.546
-0.635
-0.367
-0.484
-0.463
-0.403
-0.374
-0.305
-0.4
-0.455
-0.431
-0.537
-0.31
-0.338
-0.128
-0.174
-0.205
-0.076
-0.064
-0.169
0.044
0.114
0.126
0.07
0.004
-0.065
-0.043
-0.007
-0.084
-0.061
0.014
0.114
0.176
0.174
0.054
0.072
0.08
0.143
0.145
0.077
0.145
0.289
0.254
0.259
0.398
0.486
0.47
0.503
0.299
0.367
0.291
0.28
0.283
0.406
0.199
0.118
0.034
0.094
-0.064
-0.079
-0.128
-0.124
-0.221
-0.182
-0.324
-0.286
-0.244
-0.271
0.016
-0.088
-0.021
-0.165
-0.01
-0.061
-0.024
0.026
0.059
0.128
0.059
0.072
-0.019
0.152
0.056
0.105
0.206
0.315
0.41
0.38
0.464
0.431
0.494
0.521
0.464
0.468
0.431
0.31
0.25
0.203
0.244
0.209
0.209
0.255
0.529
0.672
0.662
0.685
0.705
0.728
0.616
0.685
0.809
0.729
0.667
0.721
0.716
0.651
0.958
0.744
0.845
0.811
0.657
0.713
0.595
0.516
0.45
0.393
0.179
0.061
-0.074
-0.061
-0.09
0.048
-0.216
-0.03
-0.196
-0.182
-0.275
-0.29
-0.173
-0.179
-0.23
-0.221
-0.226
-0.214
-0.134
-0.034
-0.062
0.08
-0.196
-0.184
-0.356
-0.338
-0.473
-0.484
-0.399
-0.438
-0.393
-0.401
-0.309
-0.369
-0.438
-0.39
-0.468
-0.398
-0.302
-0.439
-0.309
-0.249
-0.241
-0.225
-0.335
-0.318
-0.379
-0.441
-0.534
-0.614
-0.448
-0.431
-0.425
-0.302
-0.255
-0.15
-0.302
-0.355
-0.319
-0.246
-0.141
0.035
0.099
0.085
-0.016
0.081
-0.02
-0.098
-0.114
-0.176
-0.316
-0.409
-0.606
-0.698
-0.662
-0.536
-0.536
-0.6
-0.654
-0.758
-0.561
-0.453
-0.434
-0.328
-0.381
-0.42
-0.239
-0.109
0.16
0.109
0.246
0.193
0.376
0.346
0.343
0.409
0.389
0.135
0.146
0.29
0.133
0.119
0.029
0.09
0.129
0.096
0.07
0.11
0.065
0.154
0.044
0.129
0.122
0.096
0.149
0.198
0.316
0.118
0.1
0.139
0.246
0.334
0.19
0.255
0.174
0.181
0.316
0.254
0.211
0.201
0.17
0.258
0.147
0.1
-0.001
0.19
0.099
0.061
0.16
0.235
0.259
0.216
0.228
0.12
0.141
0.173
0.19
0.239
0.181
0.269
0.21
0.309
0.182
0.247
0.259
0.27
0.229
0.015
0.066
0.006
-0.001
0.075
-0.029
0.014
0.088
0.072
0.21
0.147
0.212
0.247
0.24
0.279
0.294
0.372
0.506
0.475
0.679
0.703
0.635
0.736
0.759
0.963
0.905
0.948
1.03
1.066
1.139
1.258
1.157
1.256
1.144
1.123
1.104
1.059
1.032
1.095
0.935
0.941
0.633
0.774
0.821
0.591
0.56
0.503
0.544
0.516
0.413
0.511
0.534
0.425
0.32
0.396
0.307
0.38
0.316
0.354
0.25
0.214
0.25
0.259
0.448
0.434
0.425
0.266
0.316
0.351
0.411
0.593
0.361
0.352
0.224
0.175
0.365
0.224
0.086
0.125
0.194
0.319
0.168
0.021
-0.075
0.044
-0.279
-0.261
-0.362
-0.349
-0.421
-0.639
-0.61
-0.641
-0.739
-0.819
-0.949
-0.889
-1.039
-1.139
-1.166
-0.99
-1.316
-1.114
-1.058
-1.129
-0.956
-1.026
-0.799
-0.784
-0.706
-0.573
-0.741
-0.645
-0.691
-0.679
-0.453
-0.335
-0.114
0.015
0.035
0.307
0.171
0.19
0.176
0.14
0.448
0.147
0.314
0.4
0.468
0.655
0.638
0.784
0.661
0.711
0.631
0.503
0.57
0.623
0.79
0.636
0.682
0.594
0.469
0.32
0.386
0.448
0.529
0.355
0.173
0.346
0.206
0.151
-0.018
-0.016
-0.209
-0.12
-0.263
-0.141
-0.366
-0.295
-0.171
-0.417
-0.542
-0.341
-0.321
-0.284
-0.163
-0.356
-0.475
-0.393
-0.388
-0.297
-0.265
-0.398
-0.221
-0.324
-0.138
-0.144
-0.096
0.056
0.179
0.158
0.422
0.362
0.512
0.736
0.733
0.82
0.873
0.985
0.935
1.038
1.026
1.216
1.071
1.125
1.133
1.113
1.111
1.051
1.222
1.288
1.262
1.176
1.236
0.97
0.907
0.971
1.028
0.893
0.883
0.819
0.801
0.656
0.552
0.453
0.131
0.122
0.171
0.065
0.075
-0.186
-0.034
-0.177
-0.101
-0.296
-0.339
-0.511
-0.453
-0.517
-0.501
-0.299
-0.165
0.028
-0.005
-0.22
-0.138
-0.096
0.12
0.105
0.273
0.489
0.589
0.499
0.644
0.65
0.685
0.677
0.896
0.743
0.682
0.595
0.72
0.719
0.586
0.509
0.512
0.711
0.849
0.611
0.605
0.511
0.544
0.443
0.379
0.359
0.236
0.393
0.388
0.42
0.404
0.484
0.422
0.671
0.855
0.759
0.66
0.659
0.635
0.496
0.302
0.253
0.38
0.415
0.266
0.216
0.044
0.152
0.001
-0.143
-0.261
-0.58
-0.591
-0.536
-0.556
-0.565
-0.626
-0.774
-0.776
-0.728
-0.851
-0.76
-0.66
-0.794
-0.906
-0.978
-0.848
-0.848
-0.859
-0.848
-0.901
-0.819
-0.789
-0.796
-0.72
-0.821
-0.685
-0.743
-0.656
-0.585
-0.745
-0.636
-0.661
-0.642
-0.5
-0.549
-0.417
-0.69
-0.645
-0.591
-0.652
-0.434
-0.489
-0.413
-0.3
-0.279
-0.29
-0.367
-0.435
-0.436
-0.54
-0.445
-0.432
-0.484
-0.421
-0.458
-0.315
-0.27
-0.351
-0.399
-0.566
-0.573
-0.463
-0.385
-0.291
-0.349
-0.309
-0.359
-0.355
-0.375
-0.408
-0.37
-0.249
-0.223
-0.135
-0.21
-0.088
-0.128
-0.16
-0.186
-0.453
-0.399
-0.465
-0.484
-0.478
-0.576
-0.671
-0.669
-0.66
-0.75
-0.674
-0.647
-0.458
-0.455
-0.522
-0.46
-0.413
-0.268
-0.083
-0.055
-0.091
0.056
0.11
0.061
0.295
0.199
0.224
0.206
0.316
0.378
0.258
0.286
0.258
0.309
0.355
0.446
0.438
0.411
0.283
0.325
0.242
0.136
0.079
0.062
-0.109
-0.056
0.074
0.041
0.107
0.064
-0.037
0.061
0.095
0.241
0.105
0.255
0.427
0.519
0.609
0.534
0.529
0.635
0.672
0.705
0.664
0.511
0.595
0.652
0.53
0.579
0.539
0.589
0.696
0.578
0.526
0.324
0.297
0.539
0.393
0.366
0.374
0.165
0.163
0.161
0.134
0.164
0.278
0.2
0.283
0.333
0.188
0.398
0.42
0.494
0.58
0.475
0.539
0.559
0.532
0.536
0.647
0.539
0.682
0.649
0.524
0.492
0.315
0.284
0.128
0.045
-0.091
-0.409
-0.376
-0.379
-0.42
-0.36
-0.573
-0.43
-0.532
-0.688
-0.667
-0.568
-0.672
-0.583
-0.665
-0.611
-0.718
-0.665
-0.703
-0.976
-1.038
-0.93
-0.789
-0.761
-0.652
-0.631
-0.677
-0.599
-0.628
-0.427
-0.355
-0.301
-0.306
-0.401
-0.345
-0.478
-0.271
-0.24
-0.139
-0.194
-0.088
-0.025
-0.01
0.088
0.249
0.398
0.415
0.28
0.275
0.181
0.125
0.131
0.429
0.466
0.516
0.503
0.413
0.401
0.41
0.385
0.436
0.376
0.374
0.359
0.276
0.309
0.316
0.448
0.542
0.339
0.378
0.285
0.289
0.15
0.049
0.004
-0.005
-0.168
-0.27
-0.492
-0.654
-0.55
-0.784
-0.917
-0.971
-1.041
-1.235
-1.256
-1.191
-1.274
-1.271
-1.333
-1.325
-1.376
-1.271
-1.191
-1.281
-1.107
-1.031
-0.975
-0.93
-1.04
-0.968
-0.86
-0.926
-0.777
-0.756
-0.654
-0.444
-0.489
-0.463
-0.484
-0.481
-0.441
-0.409
-0.417
-0.311
-0.465
-0.42
-0.36
-0.264
-0.294
-0.309
-0.124
-0.051
-0.205
-0.143
-0.048
-0.143
-0.163
-0.046
0.062
0.139
0.111
0.256
0.165
0.283
0.231
0.179
0.104
0.194
0.084
0.143
0.116
0.025
0.028
0.069
0.208
0.154
0.323
0.41
0.439
0.369
0.354
0.443
0.367
0.388
0.654
0.41
0.44
0.371
0.41
0.395
0.211
-0.018
-0.22
-0.151
-0.029
-0.046
-0.104
-0.348
-0.349
-0.265
-0.331
-0.254
-0.189
-0.22
-0.161
-0.271
-0.324
-0.297
-0.225
-0.251
-0.379
-0.436
-0.527
-0.591
-0.566
-0.561
-0.646
-0.784
-0.939
-1.091
-1.12
-0.824
-0.763
-0.836
-0.599
-0.667
-0.635
-0.924
-0.975
-1.059
-1.115
-1.231
-1.169
-1.107
-0.905
-0.955
-0.774
-0.814
-0.723
-0.738
-0.685
-0.685
-0.586
-0.64
-0.557
-0.554
-0.618
-0.677
-0.556
-0.44
-0.379
-0.25
-0.109
-0.055
0.004
-0.034
0.185
0.205
0.166
0.135
0.0
0.206
0.292
0.515
0.68
0.635
0.568
0.5
0.438
0.497
0.524
0.46
0.354
0.39
0.775
0.79
0.974
1.079
1.2
1.264
1.129
1.1
0.986
0.895
0.938
0.815
0.809
0.849
0.81
0.684
0.746
0.708
0.614
0.795
0.541
0.535
0.427
0.348
0.367
0.258
0.189
-0.011
-0.054
-0.104
-0.236
-0.226
-0.386
-0.341
-0.288
-0.186
-0.263
-0.281
-0.264
-0.349
-0.141
-0.069
-0.138
-0.105
0.035
0.036
-0.055
-0.12
-0.278
-0.134
-0.129
-0.169
-0.036
0.119
0.158
0.143
0.365
0.205
0.275
0.288
0.352
0.355
0.209
0.163
0.154
0.181
0.276
0.139
0.239
0.009
-0.045
0.004
-0.155
0.058
0.081
-0.004
0.071
-0.069
0.006
0.051
0.028
0.105
0.051
0.069
0.138
0.13
0.169
0.144
0.186
0.116
0.136
0.2
0.143
0.182
0.163
0.49
0.374
0.325
0.517
0.506
0.603
0.474
0.699
0.72
0.954
0.906
0.963
0.753
0.662
0.665
0.768
0.891
0.951
0.949
1.073
0.925
0.941
0.838
0.915
0.93
0.804
0.889
0.686
0.714
0.656
0.604
0.58
0.718
0.741
0.586
0.534
0.424
0.279
0.239
0.146
0.145
-0.125
-0.111
-0.091
-0.245
-0.208
-0.256
-0.328
-0.486
-0.593
-0.619
-0.659
-0.609
-0.721
-0.571
-0.856
-0.981
-1.022
-1.079
-1.079
-1.124
-0.943
-0.948
-0.88
-0.781
-0.629
-0.646
-0.633
-0.58
-0.43
-0.409
-0.283
-0.323
-0.334
-0.245
-0.388
-0.151
-0.179
-0.045
0.075
0.028
0.09
0.0
-0.022
0.014
-0.168
-0.195
-0.209
-0.258
-0.13
-0.099
-0.099
-0.048
-0.175
-0.026
0.114
0.094
0.203
0.191
0.323
0.487
0.434
0.59
0.694
0.726
0.76
0.611
0.556
0.633
0.774
0.889
0.83
0.969
1.018
0.93
0.927
0.865
0.848
0.801
0.764
0.799
0.846
0.849
0.801
0.764
0.796
0.594
0.759
0.682
0.689
0.814
0.771
0.541
0.596
0.524
0.521
0.484
0.484
0.396
0.171
0.15
0.196
0.098
0.092
0.048
0.011
-0.138
-0.224
-0.242
-0.304
-0.429
-0.415
-0.421
-0.361
-0.547
-0.625
-0.625
-0.763
-0.826
-0.86
-0.725
-0.677
-0.719
-0.685
-0.67
-0.479
-0.43
-0.464
-0.465
-0.489
-0.662
-0.497
-0.545
-0.605
-0.532
-0.55
-0.242
-0.422
-0.439
-0.352
-0.374
-0.372
-0.344
-0.195
-0.131
-0.231
-0.061
-0.229
-0.185
-0.056
0.054
0.176
0.209
0.331
0.58
0.427
0.445
0.443
0.514
0.547
0.704
0.59
0.618
0.505
0.378
0.489
0.334
0.128
0.12
0.366
0.544
0.655
0.356
0.471
0.438
0.487
0.424
0.432
0.383
0.386
0.203
0.024
-0.186
-0.242
-0.122
-0.249
-0.438
-0.63
-0.688
-0.93
-0.835
-1.208
-1.165
-1.051
-1.241
-1.218
-1.254
-1.195
-1.228
-1.124
-1.069
-1.117
-1.116
-1.24
-1.069
-1.225
-1.016
-1.107
-1.078
-0.881
-0.879
-0.566
-0.61
-0.444
-0.451
-0.291
0.054
-0.094
0.014
-0.092
0.06
0.19
0.186
0.391
0.594
0.684
0.864
0.69
0.768
0.805
0.809
0.802
0.927
0.625
0.709
0.835
0.938
0.815
0.824
0.741
0.754
0.844
0.99
1.116
1.109
1.13
0.99
1.109
1.068
1.045
1.224
0.919
0.754
0.599
0.63
0.74
0.633
0.411
0.349
0.481
0.411
0.6
0.555
0.505
0.682
0.37
0.415
0.489
0.456
0.499
0.64
0.672
0.63
0.616
0.636
0.749
0.744
0.631
0.628
0.579
0.411
0.341
0.215
0.046
0.31
0.304
0.226
0.18
0.128
0.152
0.121
-0.015
-0.005
-0.206
-0.061
-0.215
-0.144
-0.176
-0.239
-0.221
-0.271
-0.44
-0.505
-0.606
-0.656
-0.71
-0.614
-0.706
-0.647
-0.642
-0.67
-0.544
-0.765
-0.584
-0.639
-0.809
-0.733
-0.72
-0.555
-0.677
-0.589
-0.677
-0.675
-0.642
-0.569
-0.66
-0.534
-0.465
-0.434
-0.559
-0.439
-0.603
-0.383
-0.375
-0.236
-0.349
-0.156
-0.201
-0.198
-0.259
-0.208
-0.349
-0.458
-0.465
-0.399
-0.271
-0.146
-0.135
-0.122
-0.2
-0.265
-0.403
-0.304
-0.416
