-0.496
-0.435
-0.652
-0.64
-0.758
-0.833
-0.721
-0.689
-0.725
-0.856
-0.825
-0.65
-0.859
-0.9
-0.828
-0.946
-0.893
-0.895
-0.919
-0.848
-0.776
-0.766
-0.675
-0.51
-0.753
-0.306
-0.644
-0.346
-0.215
-0.07
-0.01
-0.055
0.019
0.101
0.159
0.094
0.077
0.051
0.096
0.011
-0.11
-0.154
-0.076
-0.106
-0.266
-0.261
-0.268
-0.346
-0.554
-0.409
-0.36
-0.312
-0.35
-0.494
-0.311
-0.425
-0.479
-0.411
-0.416
-0.566
-0.562
-0.608
-0.812
-0.868
-0.849
-0.844
-0.781
-0.721
-0.55
-0.499
-0.625
-0.33
-0.307
-0.473
-0.43
-0.434
-0.741
-0.644
-0.614
-0.666
-0.792
-0.94
-0.797
-0.941
-0.891
-0.812
-0.875
-0.959
-1.039
-0.985
-0.865
-0.749
-0.665
-0.527
-0.474
-0.429
-0.295
-0.215
-0.02
0.22
0.274
0.28
0.196
0.271
0.244
0.309
0.414
0.425
0.585
0.516
0.3
0.156
0.104
0.118
0.052
0.193
0.182
0.306
0.26
0.375
0.191
0.307
0.228
0.198
0.121
0.126
-0.014
-0.058
-0.03
0.001
-0.007
-0.083
-0.214
-0.351
-0.408
-0.524
-0.547
-0.426
-0.251
-0.291
-0.374
-0.285
-0.226
-0.171
-0.121
-0.055
0.194
0.238
0.321
0.343
0.315
0.459
0.557
0.651
0.726
0.581
0.629
0.8
0.897
0.907
0.701
0.912
0.961
0.839
0.791
0.821
0.856
0.811
0.846
0.961
0.809
0.839
0.652
0.657
0.589
0.591
0.504
0.351
0.501
0.499
0.504
0.561
0.64
0.603
0.765
0.671
0.573
0.599
0.464
0.4
0.43
0.5
0.463
0.335
0.315
0.13
0.004
-0.071
-0.143
0.058
0.124
0.033
-0.075
-0.022
-0.234
-0.217
-0.465
-0.376
-0.4
-0.713
-0.955
-1.03
-0.94
-0.927
-0.849
-0.794
-0.684
-0.552
-0.473
-0.424
-0.584
-0.449
-0.479
-0.435
-0.415
0.009
-0.114
0.015
-0.015
0.104
-0.193
-0.253
-0.326
-0.465
-0.357
-0.194
-0.182
-0.179
-0.235
-0.24
-0.235
-0.171
-0.086
-0.236
-0.163
-0.005
0.051
0.284
0.182
0.052
-0.022
-0.025
0.05
0.009
0.101
0.131
-0.046
0.131
0.208
0.247
0.249
0.154
0.206
0.254
0.245
0.305
0.217
0.17
0.065
0.098
0.075
0.02
0.114
0.124
-0.064
0.092
-0.238
-0.209
-0.179
-0.229
-0.242
-0.145
-0.168
-0.315
-0.301
-0.439
-0.426
-0.216
-0.221
0.033
-0.133
-0.193
-0.174
-0.133
-0.136
-0.107
-0.221
-0.221
-0.395
-0.471
-0.426
-0.186
-0.035
-0.014
-0.033
0.035
-0.115
-0.13
-0.324
-0.336
-0.508
-0.62
-0.556
-0.514
-0.506
-0.529
-0.534
-0.522
-0.57
-0.626
-0.455
-0.54
-0.659
-0.753
-0.753
-0.372
-0.724
-0.611
-0.542
-0.656
-0.792
-0.868
-0.756
-0.652
-0.674
-0.544
-0.343
-0.198
-0.214
-0.191
-0.177
-0.121
-0.022
-0.022
0.109
0.101
0.152
0.165
0.147
0.075
0.07
0.384
0.512
0.625
0.416
0.566
0.461
0.416
0.424
0.37
0.231
0.098
0.354
0.226
0.191
0.077
0.23
0.44
0.374
0.536
0.468
0.381
0.341
0.3
0.263
0.482
0.306
0.401
0.504
0.57
0.321
0.159
0.279
0.176
0.314
0.395
0.41
0.454
0.219
0.328
0.301
0.27
0.194
0.245
0.398
0.564
0.557
0.624
0.556
0.726
0.675
0.711
0.669
0.799
0.741
0.745
0.703
0.965
1.22
1.179
1.386
1.377
1.215
1.206
1.167
1.101
1.015
1.194
1.107
1.045
0.853
0.628
0.58
0.566
0.53
0.785
0.7
0.664
0.656
0.372
0.359
0.51
0.372
0.271
0.13
-0.026
-0.031
-0.065
-0.099
-0.019
-0.107
-0.126
-0.083
-0.071
-0.085
-0.118
0.03
0.076
0.185
0.158
0.23
0.231
0.289
0.244
0.208
0.193
0.194
0.154
0.122
-0.003
0.014
-0.014
-0.026
-0.114
-0.094
-0.256
-0.264
-0.147
-0.111
-0.276
-0.116
-0.175
-0.079
-0.241
-0.086
-0.072
-0.215
-0.152
-0.072
0.0
0.051
0.125
0.04
0.122
0.004
-0.014
0.001
0.077
0.151
0.238
0.231
0.465
0.417
0.525
0.458
0.365
0.273
0.231
0.251
0.369
0.364
0.374
0.361
0.09
-0.056
-0.026
-0.17
-0.186
-0.088
-0.096
-0.08
-0.046
-0.18
-0.242
-0.062
-0.065
-0.036
-0.151
-0.181
-0.223
-0.091
-0.022
-0.113
-0.014
-0.072
0.24
0.12
0.114
0.14
0.184
0.323
0.349
0.5
0.545
0.45
0.394
0.283
0.223
0.14
0.011
-0.007
-0.136
-0.21
-0.359
-0.366
-0.414
-0.526
-0.379
-0.355
-0.32
-0.41
-0.16
-0.314
-0.431
-0.395
-0.356
-0.299
-0.228
-0.145
-0.161
-0.147
-0.231
-0.205
-0.307
-0.334
-0.504
-0.374
-0.396
-0.275
-0.174
-0.375
-0.285
-0.193
-0.208
-0.32
-0.31
-0.356
-0.367
-0.13
-0.188
-0.259
-0.179
-0.19
-0.026
-0.328
-0.4
-0.261
-0.254
-0.149
-0.278
-0.357
-0.432
-0.48
-0.49
-0.524
-0.399
-0.604
-0.474
-0.751
-0.584
-0.416
-0.193
0.045
-0.013
0.151
0.427
0.348
0.357
0.539
0.586
0.503
0.896
0.865
1.005
0.958
0.914
1.018
0.897
0.87
0.709
0.635
0.494
0.497
0.396
0.263
0.414
0.263
0.312
0.46
0.069
0.103
-0.02
0.036
-0.006
-0.311
-0.23
-0.104
0.098
0.245
0.081
0.059
0.471
0.361
0.456
0.274
0.302
0.188
0.25
0.231
0.076
0.203
0.061
0.003
-0.065
-0.144
-0.159
-0.229
-0.138
-0.271
-0.261
-0.096
-0.276
-0.384
-0.4
-0.562
-0.408
-0.41
-0.348
-0.321
-0.401
-0.436
-0.571
-0.461
-0.499
-0.795
-0.693
-0.951
-0.861
-0.826
-0.651
-0.775
-0.575
-0.625
-0.619
-0.579
-0.618
-0.489
-0.503
-0.429
-0.58
-0.474
-0.47
-0.424
-0.323
-0.321
-0.119
-0.072
-0.11
0.04
-0.05
-0.074
0.064
0.185
0.372
0.425
0.694
0.405
0.568
0.733
0.595
0.698
1.012
1.002
1.079
1.08
0.978
1.2
0.959
0.927
1.002
1.001
0.951
0.904
1.021
0.905
1.167
0.786
0.591
0.631
0.715
0.787
0.868
0.823
0.608
0.599
0.486
0.485
0.354
0.254
0.169
0.159
0.168
0.058
0.158
-0.059
-0.054
-0.081
-0.11
-0.048
-0.185
-0.035
-0.194
-0.144
-0.201
-0.281
-0.24
-0.119
-0.058
-0.015
-0.094
-0.06
-0.122
-0.168
-0.279
-0.265
-0.264
-0.199
-0.19
-0.03
-0.044
-0.22
-0.216
-0.052
-0.155
-0.176
0.001
-0.062
-0.114
-0.009
-0.39
-0.37
-0.274
-0.305
-0.233
-0.249
-0.269
-0.239
-0.236
-0.151
-0.098
0.088
0.166
0.338
0.295
0.186
0.072
0.09
0.194
0.283
0.383
0.431
0.335
0.284
0.166
0.095
-0.06
-0.196
-0.212
-0.143
-0.36
-0.394
-0.547
-0.43
-0.453
-0.482
-0.386
-0.463
-0.657
-0.562
-0.818
-0.85
-0.932
-1.036
-0.909
-1.001
-0.896
-1.123
-1.039
-1.109
-1.029
-0.91
-1.016
-0.859
-0.844
-0.911
-0.695
-0.499
-0.595
-0.595
-0.48
-0.411
-0.466
-0.576
-0.511
-0.616
-0.677
-0.819
-0.734
-0.72
-0.68
-0.639
-0.557
-0.444
-0.306
-0.119
-0.143
-0.045
-0.028
-0.128
0.174
0.305
0.62
0.758
0.85
0.709
0.763
0.787
0.848
0.734
0.792
0.775
0.821
0.771
0.729
0.491
0.864
0.875
0.787
0.941
0.782
0.749
0.434
0.348
0.346
0.295
0.088
0.025
0.07
-0.064
0.028
-0.096
-0.06
0.028
-0.15
0.104
0.05
0.029
0.001
-0.035
0.043
0.136
0.111
0.028
-0.098
-0.1
-0.17
-0.156
-0.209
-0.064
-0.164
-0.239
-0.288
-0.532
-0.261
-0.321
-0.478
-0.482
-0.738
-0.605
-0.421
-0.316
-0.235
-0.289
-0.115
0.04
0.201
-0.004
-0.059
-0.224
-0.174
-0.072
-0.003
0.004
0.206
-0.026
0.049
0.182
0.208
0.145
0.005
-0.111
-0.302
-0.396
-0.349
-0.22
-0.039
-0.066
-0.15
-0.092
0.135
0.259
0.505
0.573
0.509
0.425
0.341
0.304
0.461
0.486
0.595
0.456
0.46
0.268
0.289
0.179
0.12
0.113
0.09
0.25
0.144
0.139
0.01
-0.016
-0.104
-0.173
-0.031
0.04
-0.16
-0.212
-0.32
-0.301
-0.186
0.046
-0.059
-0.23
-0.309
-0.212
-0.105
-0.062
0.045
0.015
0.011
0.151
0.166
0.273
0.276
0.511
0.315
0.432
0.459
0.411
0.531
0.5
0.618
0.611
0.463
0.646
0.64
0.851
0.815
0.802
0.873
0.824
0.927
0.998
0.98
1.031
1.019
1.157
0.931
0.8
0.763
0.711
0.797
0.652
0.764
0.54
0.575
0.515
0.249
0.359
0.426
0.341
0.154
0.125
0.09
-0.021
-0.029
-0.007
-0.095
-0.179
-0.17
-0.194
-0.305
-0.338
-0.289
-0.081
-0.011
0.189
0.044
0.022
0.128
-0.092
-0.171
-0.296
-0.419
-0.259
-0.236
-0.289
-0.199
-0.344
-0.316
-0.551
-0.66
-0.601
-0.575
-0.464
-0.574
-0.371
-0.557
-0.499
-0.569
-0.53
-0.5
-0.369
-0.253
-0.469
-0.432
-0.351
-0.372
-0.203
0.015
0.233
0.284
0.4
0.405
0.45
0.568
0.372
0.333
0.031
0.27
0.191
0.325
0.284
0.324
0.285
0.446
0.497
0.623
0.708
0.565
0.406
0.57
0.547
0.536
0.609
0.537
0.516
0.404
0.281
0.355
0.258
0.062
0.211
0.253
0.199
0.024
0.094
0.261
0.268
0.247
0.135
0.009
-0.072
0.013
-0.156
-0.165
0.02
0.054
-0.031
-0.145
-0.169
-0.321
-0.456
-0.301
-0.274
-0.256
-0.307
-0.49
-0.482
-0.421
-0.297
-0.381
-0.301
-0.4
-0.29
-0.19
-0.092
-0.07
-0.079
-0.054
-0.062
-0.019
-0.159
-0.08
0.036
0.036
0.126
0.259
0.417
0.408
0.689
0.54
0.509
0.48
0.59
0.544
0.268
0.288
0.168
0.316
0.305
0.21
0.211
0.439
0.376
0.388
0.352
0.429
0.508
0.41
0.419
0.234
0.136
-0.084
-0.055
-0.016
-0.26
-0.225
-0.422
-0.46
-0.556
-0.669
-0.605
-0.573
-0.454
-0.496
-0.42
-0.514
-0.341
-0.253
-0.356
-0.365
-0.445
-0.297
-0.233
-0.299
-0.208
-0.149
0.037
0.115
0.088
0.126
0.049
-0.013
-0.08
-0.044
-0.254
-0.131
0.048
-0.131
-0.116
-0.182
-0.166
-0.096
-0.336
-0.459
-0.372
-0.551
-0.716
-0.704
-0.522
-0.69
-0.838
-0.708
-0.52
-0.355
-0.439
-0.301
-0.295
-0.305
-0.095
-0.158
-0.203
-0.301
-0.217
-0.041
0.181
0.335
0.321
0.501
0.62
0.828
0.815
1.095
1.105
1.042
1.054
1.045
1.052
0.885
0.921
0.919
1.056
0.901
0.729
0.758
0.724
0.666
0.619
0.806
0.755
0.289
0.106
0.295
0.109
0.058
-0.118
-0.224
-0.319
-0.2
-0.149
-0.128
-0.019
0.154
0.306
0.446
0.44
0.333
0.141
0.062
0.015
0.339
0.288
0.188
0.176
-0.184
-0.314
-0.28
-0.113
-0.23
-0.21
-0.203
-0.302
-0.355
-0.394
-0.362
-0.228
-0.265
-0.216
-0.11
0.044
0.036
0.06
0.07
0.165
0.016
0.209
0.351
0.338
0.328
0.376
0.013
0.02
-0.031
-0.307
-0.38
-0.333
-0.445
-0.569
-0.451
-0.376
-0.39
-0.504
-0.573
-0.361
-0.32
-0.41
-0.357
-0.38
-0.421
-0.367
-0.438
-0.547
-0.75
-0.704
-0.576
-0.565
-0.559
-0.492
-0.536
-0.307
-0.099
-0.022
0.113
0.14
0.141
0.085
0.062
0.014
0.03
0.145
0.306
0.453
0.458
0.76
0.88
0.935
0.77
0.863
0.825
0.819
0.606
0.388
0.444
0.305
0.048
0.003
-0.022
0.113
0.283
0.348
0.311
0.422
0.473
0.631
0.976
0.875
0.916
1.041
0.951
1.089
0.934
1.049
1.169
1.25
0.984
0.964
0.909
0.996
1.11
1.27
1.268
1.225
1.124
1.136
1.24
1.26
1.26
1.07
1.127
1.093
1.071
1.01
1.016
0.959
0.924
0.743
0.799
0.708
0.586
0.444
0.254
0.046
-0.118
-0.615
-0.709
-0.781
-0.782
-0.686
-0.799
-0.934
-1.1
-1.075
-1.125
-1.074
-1.004
-0.9
-0.799
-0.699
-0.606
-0.529
-0.509
-0.451
-0.478
-0.539
-0.503
-0.575
-0.645
-0.671
-0.56
-0.55
-0.537
-0.787
-0.846
-0.911
-1.109
-1.034
-0.948
-1.111
-1.065
-1.109
-1.094
-1.064
-1.034
-1.08
-0.889
-0.916
-0.943
-0.936
-0.823
-0.504
-0.615
-0.434
-0.341
-0.255
-0.185
-0.095
0.03
0.121
0.094
0.236
0.195
0.21
0.024
-0.168
0.081
0.034
0.188
0.104
-0.009
-0.022
-0.339
-0.362
-0.424
-0.325
-0.16
-0.161
-0.211
-0.299
-0.276
-0.344
-0.259
-0.075
-0.14
-0.066
-0.088
-0.113
0.074
-0.011
0.233
0.55
0.614
0.642
0.768
0.765
0.846
0.782
0.833
0.733
0.716
0.633
0.716
0.925
0.891
0.661
0.616
0.371
0.348
0.349
0.43
0.406
0.492
0.401
0.301
0.247
0.11
-0.035
-0.055
-0.15
-0.182
-0.335
-0.285
-0.314
-0.309
-0.173
-0.146
-0.051
-0.094
0.098
-0.11
0.013
-0.092
-0.365
-0.145
-0.135
-0.126
-0.107
-0.128
-0.263
-0.394
-0.451
-0.557
-0.689
-0.576
-0.682
-0.566
-0.58
-0.578
-0.735
-0.741
-0.893
-1.004
-0.854
-0.53
-0.654
-0.68
-0.598
-0.575
-0.345
-0.312
-0.344
-0.534
-0.739
-0.75
-0.756
-0.797
-0.652
-0.508
-0.43
-0.585
-0.446
-0.53
-0.511
-0.519
-0.509
-0.618
-0.634
-0.573
-0.511
-0.455
-0.565
-0.4
-0.325
-0.17
-0.176
-0.211
-0.211
-0.413
-0.326
-0.381
-0.44
-0.512
-0.571
-0.542
-0.576
-0.639
-0.771
-0.888
-0.685
-0.654
-0.772
-0.736
-0.766
-0.755
-0.995
-0.966
-0.83
-0.552
-0.529
-0.499
-0.641
-0.443
-0.385
-0.361
-0.283
-0.211
-0.013
0.052
0.1
0.17
0.273
0.534
0.53
0.419
0.43
0.657
0.651
0.378
0.734
0.604
0.744
0.723
0.698
0.751
0.564
0.545
0.505
0.517
0.499
0.562
0.564
0.415
0.482
0.425
0.325
0.465
0.503
0.47
0.501
0.374
0.17
0.214
0.205
0.396
0.224
0.059
0.189
0.238
0.39
0.435
0.586
0.545
0.444
0.585
0.733
0.804
0.833
0.754
0.583
0.495
0.696
0.491
0.615
0.755
0.733
0.716
0.62
0.604
0.482
0.424
0.297
0.258
0.147
0.051
-0.015
-0.051
0.275
0.247
0.364
0.432
0.473
0.544
0.448
0.51
0.54
0.527
0.38
0.171
0.003
-0.019
0.091
0.08
0.065
0.13
-0.081
-0.13
-0.16
-0.234
-0.289
-0.22
-0.473
-0.465
-0.306
-0.249
-0.165
-0.095
-0.022
-0.125
0.122
0.3
0.335
0.31
0.301
0.495
0.427
0.346
0.379
0.268
0.335
0.408
0.586
0.504
0.481
0.515
0.463
0.449
0.646
0.65
0.665
0.819
0.738
0.739
0.8
0.73
0.776
0.665
0.69
0.578
0.519
0.404
0.365
0.04
-0.104
0.029
-0.176
-0.348
-0.405
-0.529
-0.556
-0.338
-0.355
-0.426
-0.334
-0.359
-0.473
-0.629
-0.52
-0.494
-0.316
-0.33
-0.259
-0.131
-0.092
0.173
0.273
0.263
0.24
0.318
0.424
0.547
0.669
0.691
0.495
0.454
0.565
0.555
0.684
0.785
0.754
0.596
0.405
0.561
0.568
0.525
0.379
0.354
0.354
0.239
0.284
0.417
0.465
0.508
0.474
0.451
0.182
-0.119
-0.274
-0.475
-0.439
-0.585
-0.669
-0.688
-0.715
-0.599
-0.769
-0.874
-0.649
-0.576
-0.401
-0.234
-0.527
-0.522
-0.985
-0.804
-1.024
-0.83
-0.89
-0.904
-0.616
-0.667
-0.85
-1.114
-0.94
-0.794
-0.71
-0.86
-0.951
-0.909
-0.716
-0.765
-0.743
-0.618
-0.415
-0.27
-0.133
-0.021
-0.139
-0.062
-0.061
-0.259
-0.454
-0.508
-0.416
-0.021
0.116
0.266
0.394
0.525
0.499
0.569
0.718
0.574
0.604
0.384
0.464
0.495
0.504
0.782
0.366
0.448
0.524
0.83
0.814
1.04
1.029
0.843
0.91
0.958
0.97
0.958
0.956
1.074
0.968
1.045
1.044
0.828
0.679
0.751
0.746
0.834
0.723
0.75
0.777
0.824
0.879
0.625
0.443
0.265
0.199
0.08
-0.035
-0.177
0.043
-0.018
-0.086
-0.211
-0.103
-0.106
-0.056
-0.076
-0.105
0.052
-0.104
0.048
0.055
0.17
0.228
0.399
0.221
0.27
0.196
0.212
0.301
0.316
0.185
-0.085
-0.284
-0.2
-0.193
-0.343
-0.49
-0.422
-0.328
-0.525
-0.575
-0.431
-0.478
-0.482
-0.456
-0.254
-0.37
-0.289
-0.261
-0.126
-0.081
-0.171
-0.208
-0.245
-0.244
-0.217
-0.314
-0.555
-0.733
-0.615
-0.824
-0.975
-0.787
-0.775
-0.751
-0.866
-0.825
-0.77
-0.781
-0.863
-0.769
-0.769
-0.682
-0.594
-0.535
-0.44
-0.4
-0.517
-0.492
-0.453
-0.5
-0.652
-0.584
-0.434
-0.273
-0.247
-0.217
-0.061
-0.163
0.001
-0.06
-0.372
-0.261
-0.19
-0.004
0.088
0.051
0.348
0.398
0.359
0.471
0.508
0.609
0.429
0.411
0.454
0.516
0.652
0.795
1.005
0.809
0.667
0.787
0.794
0.764
0.625
0.59
0.611
0.492
0.453
0.535
0.371
0.212
0.228
0.101
-0.022
0.159
0.16
0.136
-0.013
0.066
0.113
-0.124
-0.235
-0.105
-0.356
-0.48
-0.371
-0.451
-0.426
-0.236
-0.375
-0.215
0.0
0.131
0.288
0.292
0.38
0.5
0.569
0.517
0.415
0.329
0.451
0.401
0.501
0.519
0.531
0.517
0.611
0.515
0.348
0.321
0.155
0.049
-0.079
-0.111
-0.304
-0.372
-0.495
-0.532
-0.497
-0.575
-0.583
-0.745
-0.709
-0.729
-0.69
-0.714
-0.705
-0.685
-0.79
-0.726
-0.555
-0.434
-0.404
-0.489
-0.492
-0.425
-0.417
-0.524
-0.642
-0.677
-0.595
-0.501
-0.381
-0.415
-0.37
-0.158
-0.129
-0.271
-0.576
-0.413
-0.466
-0.672
-0.626
-0.51
-0.532
-0.424
-0.396
-0.474
-0.445
-0.318
-0.034
0.16
0.147
0.256
0.326
0.214
0.249
0.346
0.449
0.51
0.8
0.796
0.853
0.94
0.584
0.524
0.598
0.878
0.85
0.966
1.103
0.938
0.794
0.76
0.693
0.571
0.512
0.54
0.427
0.491
0.485
0.531
0.501
0.426
0.365
0.191
0.379
0.489
0.292
0.307
0.354
0.116
0.311
0.036
-0.161
-0.124
-0.295
-0.431
-0.634
-0.638
-0.633
-0.64
-0.499
-0.524
-0.56
-0.564
-0.746
-0.706
-0.796
-0.647
-0.725
-0.745
-0.504
-0.593
-0.481
-0.568
-0.588
-0.636
-0.71
-0.667
-0.588
-0.461
-0.331
-0.226
-0.026
0.084
0.048
-0.043
-0.009
-0.094
-0.103
0.065
0.088
0.048
-0.004
0.05
-0.106
-0.144
-0.001
-0.062
0.056
0.044
-0.005
-0.138
-0.045
0.309
0.224
-0.011
-0.04
0.006
0.161
0.185
0.186
0.215
0.22
0.235
0.321
0.294
0.235
0.224
0.26
0.361
0.366
0.328
0.48
0.719
0.641
0.562
0.381
0.367
0.374
0.334
0.334
0.212
0.208
0.049
0.083
-0.02
-0.013
-0.119
-0.163
-0.072
-0.089
-0.091
-0.164
-0.088
-0.061
0.04
-0.071
-0.155
-0.136
-0.184
-0.096
-0.211
-0.383
-0.38
-0.367
-0.393
-0.596
-0.395
-0.325
-0.445
-0.465
-0.532
-0.425
-0.394
-0.395
-0.217
-0.343
-0.208
-0.3
-0.393
-0.318
-0.458
-0.375
-0.229
-0.234
-0.169
0.011
0.146
0.151
0.152
0.155
0.188
0.278
0.249
0.274
0.134
0.386
0.359
0.445
0.354
0.53
0.624
0.655
0.666
0.671
0.69
0.676
0.588
0.547
0.473
0.675
0.624
0.273
0.501
0.549
0.516
0.594
0.445
0.405
0.395
0.449
0.23
-0.026
0.05
0.115
-0.007
-0.165
-0.182
-0.122
-0.062
-0.054
-0.109
-0.081
-0.106
-0.09
-0.245
-0.319
-0.28
-0.223
-0.128
-0.028
0.1
0.119
-0.029
0.003
0.122
0.216
0.161
0.331
0.378
0.49
0.323
0.314
0.405
0.264
0.134
0.19
0.103
0.258
0.119
-0.036
-0.015
-0.399
-0.405
-0.315
-0.344
-0.432
-0.401
-0.466
-0.506
-0.549
-0.532
-0.405
-0.417
-0.503
-0.3
-0.359
-0.253
0.004
0.164
0.531
0.508
0.556
0.694
0.65
0.686
0.829
0.865
1.101
1.011
0.935
0.996
0.989
1.174
0.897
0.922
0.883
0.685
0.527
0.656
0.728
0.516
0.443
0.4
0.424
0.348
0.495
0.461
0.395
0.271
0.149
0.128
-0.051
0.107
-0.001
-0.17
-0.426
-0.426
-0.451
-0.323
-0.508
-0.425
-0.357
-0.186
-0.249
-0.121
-0.089
-0.095
0.094
0.0
0.065
-0.056
-0.033
0.301
0.266
0.288
0.149
0.195
0.144
0.028
0.075
-0.06
-0.15
-0.013
-0.194
-0.403
-0.331
-0.27
-0.154
-0.089
-0.052
-0.096
-0.019
-0.104
-0.251
-0.405
-0.109
-0.05
0.145
0.169
0.179
0.185
0.029
0.104
0.223
-0.024
-0.036
-0.043
-0.268
-0.241
-0.338
-0.51
-0.306
-0.161
0.285
0.536
0.63
0.864
0.755
0.846
1.05
0.854
0.897
0.855
0.912
0.83
0.754
0.646
0.777
0.826
0.711
0.912
1.052
1.006
1.113
0.971
0.699
0.686
0.677
0.524
0.541
0.471
0.448
0.421
0.209
0.168
0.226
-0.029
-0.129
-0.159
-0.185
-0.175
-0.25
-0.12
-0.16
-0.341
-0.242
-0.386
-0.444
-0.473
-0.492
-0.72
-0.621
-0.585
-0.58
-0.486
-0.469
-0.265
-0.315
-0.365
-0.42
-0.547
-0.514
-0.357
-0.256
-0.26
-0.3
-0.283
-0.06
-0.211
-0.216
-0.091
-0.341
-0.196
-0.375
-0.357
-0.38
-0.444
-0.449
-0.527
-0.357
-0.422
-0.53
-0.549
-0.506
-0.56
-0.555
-0.448
-0.333
-0.238
-0.143
0.016
-0.029
0.352
0.384
0.285
0.276
0.235
0.188
0.045
0.211
0.21
0.315
0.345
0.503
0.521
0.486
0.357
0.318
0.276
0.422
0.374
0.421
0.466
0.398
0.45
0.424
0.406
0.38
0.194
-0.062
0.014
0.03
0.164
0.026
0.021
-0.086
-0.304
-0.325
-0.11
0.119
0.145
0.354
0.355
0.434
0.181
0.165
0.018
-0.146
-0.125
-0.32
-0.229
-0.324
-0.409
-0.389
-0.456
-0.291
-0.261
-0.193
-0.39
-0.416
-0.6
-0.749
-0.78
-0.899
-0.858
-0.814
-0.833
-0.716
-0.581
-0.598
-0.501
-0.348
-0.329
-0.354
-0.376
-0.266
-0.198
-0.173
-0.099
0.004
0.214
0.244
0.547
0.546
0.51
0.522
0.677
0.791
0.797
0.754
0.691
0.434
0.271
0.318
0.249
0.113
0.062
-0.07
-0.24
-0.26
-0.223
-0.398
-0.325
-0.139
-0.41
-0.48
-0.58
-0.535
-0.344
-0.319
-0.445
-0.532
-0.492
-0.434
-0.381
-0.065
-0.164
-0.099
-0.208
-0.244
-0.273
-0.394
-0.245
-0.328
-0.22
-0.146
-0.07
0.02
0.165
0.149
0.211
0.203
0.234
0.492
0.569
0.681
0.719
0.815
0.964
0.839
0.87
0.69
0.586
0.546
0.36
0.355
0.176
0.261
0.271
0.374
0.413
0.384
0.474
0.455
0.173
0.072
0.14
-0.04
-0.061
-0.14
-0.018
0.079
0.039
0.08
0.11
0.235
0.168
-0.006
0.033
-0.105
-0.144
-0.115
0.07
-0.155
-0.253
-0.281
-0.426
-0.459
-0.499
-0.508
-0.49
-0.489
-0.334
-0.312
-0.249
-0.251
-0.294
-0.23
-0.356
-0.401
-0.378
-0.443
-0.39
-0.326
-0.532
-0.521
-0.453
-0.541
-0.576
-0.65
-0.672
-0.774
-0.644
-0.631
-0.801
-0.909
-0.636
-0.608
-0.508
-0.492
-0.399
-0.404
-0.344
-0.281
-0.43
-0.174
-0.128
-0.08
0.006
0.013
0.062
0.143
0.276
0.315
0.383
0.471
0.514
0.438
0.219
0.054
-0.099
-0.049
0.03
0.193
0.223
0.288
0.527
0.427
0.562
0.647
0.656
0.906
1.029
0.98
0.899
0.895
0.804
0.644
0.425
0.529
0.657
0.584
0.666
0.651
0.552
0.491
0.605
0.54
0.417
0.265
0.314
0.409
0.394
0.475
0.245
0.312
0.247
0.346
0.323
0.161
0.226
0.225
0.215
0.22
0.147
0.083
-0.111
-0.193
-0.044
-0.033
-0.138
-0.07
0.055
-0.1
-0.196
-0.145
-0.163
-0.031
0.015
0.173
0.225
0.088
0.21
0.312
0.312
0.19
-0.018
-0.05
-0.084
-0.126
-0.014
-0.236
-0.41
-0.281
-0.409
-0.328
-0.256
-0.281
-0.329
-0.351
-0.234
-0.479
-0.408
-0.503
-0.504
-0.271
-0.323
-0.398
-0.406
-0.497
-0.485
-0.419
-0.491
-0.605
-0.604
-0.631
-0.794
-0.599
-0.596
-1.009
-0.998
-0.713
-10.336
-0.674
-0.849
-0.8
-0.746
-0.779
-0.82
-0.946
-0.927
-0.936
-0.895
-0.769
-0.609
-0.594
-0.451
-0.417
-0.391
-0.485
-0.375
-0.226
-0.239
-0.18
-0.584
-0.439
-0.374
-0.376
-0.27
-0.246
-0.2
-0.081
-0.088
0.01
0.019
0.096
0.15
0.381
0.286
0.439
0.306
0.29
0.241
0.22
0.286
0.375
0.372
0.588
0.704
0.859
1.101
1.157
0.981
1.05
1.155
1.099
1.309
1.486
1.521
1.434
1.345
1.295
1.123
1.194
1.173
1.357
1.415
1.329
1.363
1.278
1.114
1.153
0.869
0.769
0.501
0.435
0.285
0.16
0.141
0.089
0.116
0.069
-0.044
-0.12
-0.072
0.062
-0.135
-0.001
-0.159
-0.357
-0.576
-0.809
-0.974
-0.909
-0.883
-0.616
-0.444
-0.458
-0.365
-0.301
-0.361
-0.224
-0.216
-0.173
-0.061
0.121
0.345
0.427
0.318
0.459
0.672
0.708
0.807
0.789
0.834
0.824
0.886
0.709
0.826
0.666
0.685
0.724
0.963
1.151
0.875
0.635
0.696
0.662
0.573
0.6
0.75
0.795
0.984
0.816
0.824
0.72
0.718
0.508
0.419
0.296
0.42
0.388
0.547
0.466
0.385
0.166
0.316
0.219
-0.036
-0.095
-0.436
-0.214
-0.357
-0.118
-0.098
-0.135
-0.128
-0.263
-0.47
-0.482
-0.515
-0.578
-0.554
-0.5
-0.381
-0.39
-0.273
-0.381
-0.54
-0.469
-0.544
-0.691
-0.81
-0.72
-1.026
-1.224
-1.094
-1.086
-0.963
-1.051
-0.975
-0.856
-0.764
-0.796
-0.805
-0.763
-0.589
-0.749
-0.61
-0.512
-0.616
-0.573
-0.811
-0.665
-0.367
-0.184
-0.001
0.028
0.258
0.163
0.168
0.099
0.048
0.101
0.155
0.273
0.47
0.339
0.283
0.348
0.351
0.461
0.32
0.241
0.122
0.16
0.155
0.182
0.074
-0.171
-0.193
-0.401
-0.429
-0.585
-0.86
-0.912
-0.824
-0.527
-0.375
-0.32
-0.234
-0.106
-0.003
0.138
0.147
0.14
0.195
0.292
0.381
0.531
0.385
0.381
0.416
0.281
0.371
0.409
0.385
0.469
0.42
0.291
0.136
-0.026
-0.276
-0.056
-0.052
-0.177
-0.014
-0.145
-0.105
-0.031
-0.094
-0.099
-0.176
-0.375
-0.468
-0.499
-0.398
-0.356
-0.426
-0.361
-0.509
-0.51
-0.551
-0.37
-0.435
-0.631
-0.579
-0.664
-0.495
-0.492
-0.44
-0.323
-0.244
-0.335
-0.024
0.048
0.395
0.411
0.512
0.556
0.66
0.554
0.522
0.596
0.599
0.694
0.815
0.865
1.015
1.06
1.117
1.076
0.973
0.865
0.794
0.596
0.805
0.807
0.774
0.794
0.596
0.638
0.503
0.545
0.486
0.489
0.414
0.384
0.37
0.348
0.2
0.285
0.189
0.12
-0.037
-0.335
-0.265
0.019
0.013
-0.029
-0.016
-0.094
-0.11
-0.034
-0.03
0.041
0.03
0.154
0.165
0.124
-0.07
-0.058
-0.1
-0.299
-0.225
-0.099
-0.025
-0.036
-0.173
-0.17
-0.081
-0.276
-0.261
-0.186
-0.079
-0.009
0.109
0.006
-0.03
-0.013
-0.114
-0.163
-0.171
-0.219
-0.1
-0.173
-0.09
-0.116
-0.25
-0.107
0.009
-0.138
-0.238
-0.122
-0.325
-0.54
-0.278
-0.253
-0.31
-0.38
-0.292
-0.274
-0.316
-0.525
-0.588
-0.672
-0.537
-0.764
-0.695
-0.665
-0.649
-0.524
-0.421
-0.356
-0.42
-0.438
-0.443
-0.214
-0.366
-0.421
-0.24
-0.35
-0.249
-0.185
-0.031
0.034
0.12
0.135
0.366
0.379
0.396
0.691
0.76
0.756
0.78
0.739
0.899
0.902
0.938
0.843
0.954
0.902
0.699
0.671
0.426
0.451
0.466
0.603
0.735
0.61
0.781
0.787
0.927
0.885
0.787
0.689
0.609
0.564
0.259
0.365
-0.011
-0.065
-0.09
-0.195
-0.271
-0.326
-0.334
-0.512
-0.715
-0.416
-0.499
-0.375
-0.444
-0.403
-0.404
-0.311
-0.336
-0.554
-0.575
-0.278
-0.276
-0.294
-0.238
-0.285
-0.381
-0.253
-0.015
-0.033
0.03
0.281
0.19
0.144
0.196
0.344
0.268
0.18
0.16
0.414
0.297
0.259
0.261
0.469
0.291
0.221
0.416
0.444
0.318
0.596
0.704
0.552
0.599
0.425
0.26
0.281
0.206
0.275
0.28
0.351
0.234
0.186
0.21
0.154
0.215
0.081
0.065
-0.115
0.161
0.119
0.094
0.051
0.13
0.059
-0.024
-0.083
-0.079
-0.106
-0.129
-0.074
-0.21
-0.251
-0.482
-0.552
-0.35
-0.413
-0.54
-0.734
-0.66
-0.598
-0.666
-0.686
-0.615
-0.595
-0.401
-0.376
-0.319
-0.311
-0.299
-0.276
-0.312
0.075
0.124
0.175
0.198
0.146
0.249
0.286
0.45
0.28
0.286
0.119
0.135
0.195
0.029
0.04
0.045
0.211
0.3
0.189
0.062
0.273
0.054
-0.033
-0.225
-0.376
-0.362
-0.326
-0.389
-0.464
-0.743
-0.776
-0.95
-1.044
-0.891
-0.785
-0.856
-0.88
-0.825
-0.734
-0.603
-0.371
-0.302
-0.216
-0.066
0.105
0.176
0.32
0.311
0.394
0.245
0.302
0.291
0.576
0.672
0.701
0.689
0.478
0.529
0.53
0.57
0.614
0.656
0.579
0.917
0.829
1.126
1.141
1.066
0.976
0.949
1.011
1.045
0.92
0.917
0.896
0.686
0.876
0.807
0.672
0.515
0.475
0.351
0.508
0.629
0.5
0.164
0.169
0.101
0.085
-0.14
-0.18
-0.46
-0.486
-0.451
-0.453
-0.411
-0.259
-0.198
-0.25
-0.427
-0.503
-0.706
-0.866
-0.961
-1.018
-1.044
-0.998
-1.068
-0.841
-1.018
-1.002
-0.815
-0.998
-0.932
-1.01
-1.151
-0.924
-0.799
-0.61
-0.537
-0.38
-0.335
-0.307
-0.135
-0.001
0.105
0.453
0.693
0.835
0.713
0.753
0.661
0.56
0.641
0.579
0.672
0.657
0.786
0.855
0.8
0.765
0.706
0.61
0.499
0.431
0.508
0.466
0.338
0.443
0.446
0.484
0.584
0.372
0.324
0.226
0.259
0.274
0.292
0.381
0.239
0.118
-0.096
-0.149
-0.09
-0.273
-0.295
-0.438
-0.421
-0.525
-0.474
-0.4
-0.335
-0.414
-0.43
-0.629
-0.574
-0.684
-0.703
-4.5
-0.421
-0.509
-0.388
-0.425
-0.312
-0.193
-0.181
0.014
-0.058
0.264
0.253
0.371
0.389
0.352
0.394
0.306
0.509
0.618
0.475
0.638
0.639
0.552
0.492
0.603
0.58
0.544
0.586
0.624
0.554
0.55
0.314
0.19
0.156
-0.051
-0.206
-0.134
-0.242
-0.314
-0.246
-0.233
-0.312
-0.417
-0.526
-0.649
-0.725
-0.859
-0.755
-0.894
-0.878
-0.915
-0.939
-0.785
-0.725
-0.841
-0.718
-0.411
-0.456
-0.341
-0.311
-0.241
-0.125
-0.121
-0.15
-0.106
-0.026
-0.044
0.161
0.306
0.164
0.339
0.136
0.194
0.221
0.194
0.154
0.114
0.32
0.372
0.499
0.672
0.61
0.652
0.719
0.679
0.864
0.839
0.851
1.062
1.1
1.103
1.13
0.961
0.871
0.835
0.459
0.371
0.221
0.26
0.241
0.199
0.23
0.076
0.107
0.041
0.036
-0.062
-0.182
-0.427
-0.28
-0.345
-0.611
-0.325
-0.361
-0.22
-0.245
-0.239
-0.216
0.145
-0.091
-0.046
-0.069
-0.266
-0.173
-0.075
0.021
0.021
0.065
0.009
-0.149
-0.104
-0.234
-0.2
-0.144
-0.061
0.049
0.134
0.118
0.146
0.306
0.226
0.249
0.325
0.566
0.704
0.786
0.777
0.768
0.906
0.91
0.796
0.724
0.589
0.646
0.448
0.326
0.333
0.247
0.217
0.145
0.119
0.13
0.086
0.203
0.209
0.16
0.158
0.265
0.3
0.075
0.116
-0.031
0.056
-0.048
-0.085
0.036
-0.034
0.016
-0.116
-0.15
-0.155
-0.105
-0.104
-0.131
-0.039
0.055
-0.033
-0.163
-0.035
0.083
-0.015
-0.043
-0.113
-0.065
0.052
0.11
0.149
0.122
0.181
0.203
0.371
0.372
0.334
0.35
0.357
0.492
0.568
0.5
0.726
0.724
0.551
0.491
0.431
0.255
0.161
0.136
0.532
0.576
0.491
0.521
0.395
0.408
0.164
0.239
0.104
-0.019
0.021
-0.099
-0.074
-0.219
-0.286
-0.265
-0.416
-0.279
-0.556
-0.556
-0.531
-0.396
-0.281
-0.074
-0.164
-0.034
-0.143
-0.019
0.034
0.006
-0.022
0.107
0.098
0.173
-0.035
-0.31
-0.398
-0.695
-1.006
-0.899
-0.922
-1.27
-1.135
-1.114
-1.196
-1.209
-0.948
-1.004
-0.883
-0.74
-0.764
-0.739
-0.557
-0.475
-0.456
-0.583
-0.318
-0.164
-0.055
0.171
0.126
0.331
0.611
0.561
0.782
0.753
0.731
0.654
0.54
0.446
0.799
0.824
0.746
1.016
1.044
1.205
1.177
1.159
1.025
0.856
0.791
0.807
0.895
0.705
0.619
0.378
0.25
0.408
0.481
0.599
0.735
0.435
0.424
0.409
0.384
0.448
0.189
0.335
0.144
0.029
-0.044
-0.255
-0.436
-0.427
-0.501
-0.318
-0.449
-0.396
-0.435
-0.465
-0.376
-0.596
-0.604
-0.509
-0.515
-0.625
-0.606
-0.655
-0.682
-0.75
-0.661
-0.699
-0.718
-0.876
-0.989
-0.874
-1.002
-1.071
-1.159
-1.084
-0.975
-0.981
-0.973
-0.883
-0.927
-0.897
-0.966
-0.956
-0.994
-0.895
-0.772
-1.081
-1.13
-1.184
-1.07
-0.84
-0.724
-0.614
-0.497
-0.534
-0.436
-0.181
-0.247
0.022
0.121
-0.021
0.301
0.111
0.253
0.224
0.41
0.524
0.619
0.82
0.75
0.876
0.854
1.04
1.276
1.415
1.434
1.509
1.853
1.84
1.907
1.861
1.77
1.819
1.716
1.624
1.584
1.464
1.393
1.519
1.578
1.438
1.284
1.198
1.314
1.386
1.559
1.546
1.654
1.575
1.343
1.165
0.934
0.89
0.856
0.549
0.529
0.236
0.072
-0.035
-0.107
-0.28
-0.309
-0.245
-0.18
-0.265
-0.351
-0.331
-0.225
-0.41
-0.381
-0.29
-0.284
-0.259
-0.045
-0.275
-0.444
-0.49
-0.494
-0.395
-0.099
-0.128
0.018
-0.037
-0.006
-0.064
-0.143
-0.158
-0.124
0.004
-0.033
-0.095
-0.141
0.129
0.055
-0.081
0.077
-0.215
-0.31
-0.241
-0.225
-0.191
-0.119
-0.125
-0.2
-0.215
-0.211
-0.143
-0.151
-0.229
-0.406
-0.371
-0.255
-0.344
-0.275
-0.454
-0.271
-0.228
-0.018
0.026
0.083
0.168
0.059
0.158
0.122
0.095
0.111
0.046
0.221
0.381
0.383
0.524
0.688
0.802
0.868
0.715
0.721
0.598
0.646
0.723
0.588
0.44
0.435
0.199
0.096
0.263
0.427
0.297
0.274
0.316
0.334
0.361
0.228
0.113
0.054
-0.049
-0.09
-0.455
-0.586
-0.448
-0.223
-0.041
0.118
0.301
0.401
0.356
0.209
0.537
0.485
0.769
0.721
0.497
0.474
0.329
0.269
0.101
-0.044
0.056
0.225
0.258
0.264
0.329
0.414
0.43
0.41
0.28
0.45
0.281
0.309
0.174
0.088
0.086
0.083
-0.031
-0.054
0.024
0.194
-0.064
-0.158
-0.449
-0.564
-0.821
-0.965
-0.985
-0.993
-1.137
-1.309
-0.888
-0.834
-0.787
-0.854
-0.73
-0.845
-1.111
-1.034
-1.161
-1.169
-1.399
-1.598
-1.689
-1.866
-1.788
-1.716
-1.624
-1.346
-1.139
-1.209
-1.185
-0.985
-1.035
-1.044
-0.948
-0.868
-0.881
-0.829
-0.741
-0.806
-0.785
-0.77
-0.56
-0.576
-0.366
-0.28
-0.134
-0.054
0.086
0.231
0.07
0.219
0.181
0.129
0.19
0.165
-0.054
-0.085
-0.203
-0.226
-0.291
-0.13
-0.092
-0.139
-0.069
0.003
-0.105
-0.169
-0.121
0.028
0.092
0.334
0.595
0.721
0.725
1.01
0.899
1.3
1.279
1.379
1.43
1.471
1.429
1.43
1.637
1.894
1.968
1.964
1.893
1.724
1.758
1.646
1.675
1.518
1.561
1.426
1.409
1.213
0.925
0.853
0.755
0.546
0.566
0.541
0.503
0.725
0.965
0.676
0.77
0.708
0.714
0.845
0.894
0.674
0.526
0.698
0.688
0.647
0.552
0.376
0.179
0.189
0.045
-0.124
-0.055
-0.209
-0.09
0.131
0.216
0.124
-0.035
0.066
0.04
-0.062
0.07
-0.018
-0.174
-0.074
-0.261
-0.22
-0.378
-0.326
-0.436
-0.794
-0.8
-0.934
-0.924
-0.883
-1.039
-1.039
-1.146
-1.074
-1.055
-1.036
-1.331
-1.285
-1.228
-0.818
-0.576
-0.522
-0.291
-0.186
0.028
0.013
-0.01
0.156
0.121
0.155
0.134
0.203
0.22
0.236
0.362
0.53
0.515
0.435
0.425
0.63
0.512
0.381
0.398
0.36
0.37
0.381
0.199
0.264
0.221
0.285
0.052
-0.115
-0.101
-0.147
-0.177
-0.2
-0.343
-0.215
-0.352
-0.566
-0.834
-0.6
-0.662
-0.671
-0.51
-0.469
-0.468
-0.315
-0.438
-0.319
-0.32
-0.01
0.061
0.052
-0.064
-0.09
0.16
0.33
0.571
0.676
0.774
0.871
0.965
0.98
1.135
1.051
1.21
1.099
1.006
0.924
0.738
0.436
0.326
0.146
0.349
0.238
0.151
0.135
-0.09
-0.065
-0.23
-0.359
-0.453
-0.526
-0.645
-0.674
-0.645
-0.536
-0.601
-0.529
-0.487
-0.551
-0.66
-0.799
-0.677
-0.633
-0.485
-0.352
-0.396
-0.406
-0.391
-0.276
-0.26
-0.427
-0.583
-0.691
-0.469
-0.361
-0.186
-0.296
-0.245
-0.295
-0.244
-0.276
-0.104
-0.024
0.177
0.099
0.154
0.152
0.029
-0.035
-0.138
-0.26
-0.357
-0.36
-0.5
-0.546
-0.478
-0.241
-0.131
-0.145
-0.04
-0.048
-0.014
-0.216
-0.376
-0.316
-0.177
-0.022
-0.182
-0.085
-0.403
-0.395
-0.406
-0.466
-0.266
-0.288
-0.344
-0.217
-0.133
-0.19
-0.201
-0.393
-0.537
-0.585
-0.492
-0.391
-0.404
-0.454
-0.386
-0.23
-0.198
-0.288
-0.307
-0.177
-0.156
-0.186
-0.092
-0.081
-0.077
-0.175
-0.125
-0.136
-0.158
-0.23
-0.205
-0.079
-0.03
0.1
0.094
0.223
0.228
0.219
0.226
0.085
0.114
-0.116
-0.1
0.005
0.134
0.0
-0.107
-0.129
-0.245
-0.154
-0.31
-0.375
-0.268
-0.359
-0.371
-0.474
-0.189
-0.388
-0.514
-0.339
-0.376
-0.173
-0.128
-0.031
0.048
0.201
0.275
0.421
0.224
0.301
0.413
0.603
0.759
0.878
0.925
1.022
1.111
0.764
0.802
0.922
0.885
0.979
1.07
1.199
1.225
1.161
1.248
1.48
1.664
1.732
1.795
1.916
1.776
1.736
1.724
1.802
1.58
1.506
1.654
1.485
1.531
1.431
1.421
1.184
1.09
0.821
0.709
0.594
0.307
0.176
-0.071
0.016
-0.056
-0.264
-0.234
-0.301
-0.417
-0.492
-0.711
-0.681
-0.763
-0.644
-0.53
-0.504
-0.675
-0.765
-0.848
-0.916
-0.91
-0.932
-0.926
-0.816
-0.965
-0.985
-0.896
-0.894
-0.926
-0.821
-0.792
-0.954
-0.799
-0.671
-0.492
-0.306
-0.164
-0.173
0.066
0.383
0.39
0.417
0.44
0.698
0.608
0.839
0.819
0.943
0.943
0.873
0.821
0.83
0.829
0.679
0.819
0.868
0.802
1.01
0.99
1.146
1.088
0.91
0.976
0.866
0.829
0.72
0.784
0.682
0.792
0.878
0.935
0.976
0.799
0.815
0.695
0.551
0.46
0.481
0.465
0.7
0.6
0.755
0.694
0.761
0.655
0.331
0.234
-0.107
-0.106
-0.096
-0.074
-0.17
-0.145
0.06
0.163
0.147
-0.003
-0.039
0.169
0.118
0.065
0.092
0.134
0.188
-0.049
-0.11
-0.212
-0.47
-0.434
-0.33
-0.501
-0.362
-0.491
-0.499
-0.284
-0.339
-0.417
-0.417
-0.616
-1.052
-1.161
-1.125
-1.404
-1.356
-1.539
-1.451
-1.436
-1.281
-1.183
-1.14
-1.21
-0.988
-0.961
-1.012
-0.968
-1.042
-1.4
-1.349
-1.494
-1.377
-1.383
-1.275
-1.101
-1.021
-0.845
-0.661
-0.479
-0.449
-0.415
-0.351
-0.354
-0.27
-0.291
0.021
-0.019
-0.077
0.096
0.217
0.238
0.211
0.316
0.324
0.338
0.43
0.364
0.052
0.128
-0.028
0.059
-0.044
0.113
0.189
0.118
0.264
0.286
0.316
0.436
0.609
0.677
0.971
0.886
1.21
1.12
1.153
1.268
1.196
1.274
1.333
1.346
1.532
1.545
1.502
1.62
1.666
1.605
1.621
1.518
1.48
1.35
1.484
1.445
1.419
1.588
1.756
1.774
1.68
1.589
1.489
1.565
1.471
1.335
1.188
1.143
1.008
1.008
1.046
0.896
0.853
0.954
1.105
0.999
0.946
0.95
0.95
0.835
0.59
0.354
0.406
0.4
0.234
0.075
-0.084
-0.244
-0.47
-0.509
-0.706
-0.603
-0.621
-0.994
-1.189
-1.403
-1.535
-1.73
-1.884
-2.01
-2.209
-2.111
-2.096
-2.035
-1.981
-2.024
-2.049
-1.896
-1.894
-1.755
-1.724
-1.666
-1.796
-1.89
-2.087
-1.985
-1.782
-1.508
-1.326
-1.363
-1.651
-1.651
-1.815
-1.725
-1.684
-1.589
-1.339
-1.249
-1.228
-1.071
-1.055
-0.897
-1.015
-0.944
-0.768
-0.744
-0.835
-0.829
-0.86
-0.547
-0.614
-0.362
-0.133
-0.354
-0.27
-0.242
-0.131
-0.08
0.014
0.344
0.283
0.307
0.11
0.261
0.405
0.439
0.56
0.779
1.145
1.123
1.254
1.01
0.87
0.829
0.922
0.953
0.899
1.111
1.016
1.093
1.11
1.039
1.099
0.983
1.048
1.008
0.966
0.979
1.18
1.215
1.175
1.199
1.221
1.147
0.931
0.698
0.383
0.179
-0.1
-0.195
-0.246
-0.346
-0.38
-0.552
-0.497
-0.52
-0.684
-0.716
-0.657
-0.624
-0.529
-0.509
-0.48
-0.39
-0.309
-0.388
-0.214
-0.259
-0.189
-0.094
-0.299
-0.173
-0.278
-0.188
-0.203
-0.249
-0.133
-0.164
0.098
-0.007
0.209
0.169
0.02
0.062
-0.126
-0.217
-0.296
-0.319
-0.278
-0.184
-0.396
-0.503
-0.458
-0.491
-0.479
-0.583
-0.682
-0.642
-0.65
-3.96
-0.973
-0.964
-0.905
-1.097
-1.141
-1.177
-1.136
-1.005
-1.041
-0.95
-1.165
-1.035
-1.123
-1.071
-0.749
-0.436
-0.223
-0.099
-0.044
-0.16
-0.055
-0.011
0.021
0.037
0.23
0.191
0.244
