0.621
0.489
0.59
0.26
0.109
0.054
-0.231
-0.125
-0.399
-0.559
-0.693
-0.551
-0.537
-0.685
-0.749
-0.765
-0.716
-0.835
-0.932
-0.743
-0.839
-0.95
-0.619
-0.789
-0.993
-0.695
-1.157
-1.186
-1.242
-1.248
-1.339
-1.501
-1.571
-1.675
-1.925
-1.87
-1.694
-1.438
-1.249
-1.125
-1.107
-0.963
-0.838
-0.688
-0.471
-0.381
-0.26
-0.206
-0.163
-0.04
0.122
0.325
0.424
0.598
0.575
0.664
0.951
1.066
1.323
1.241
1.411
1.539
1.661
1.744
1.761
1.718
1.53
1.514
1.338
1.183
1.125
1.032
0.969
0.905
0.815
1.079
0.665
0.524
0.286
0.291
0.278
0.126
-0.072
-0.236
-0.501
-0.426
-0.52
-0.404
-0.51
-0.461
-0.285
-0.436
-0.405
-0.495
-0.581
-0.499
-0.291
-0.419
-0.49
-0.414
-0.314
-0.258
-0.099
-0.249
-0.32
-0.106
-0.009
0.064
0.049
-0.069
-0.064
0.011
0.05
0.261
0.346
0.394
0.56
0.631
0.615
0.345
0.29
0.158
0.41
0.319
0.286
0.638
0.231
0.388
0.355
0.529
0.564
0.581
0.704
0.561
0.674
0.639
0.53
0.698
0.57
0.469
0.325
0.231
0.014
-0.15
-0.254
-0.182
-0.45
-0.491
-0.424
-0.63
-0.608
-0.753
-0.95
-1.048
-1.155
-1.101
-1.133
-1.101
-1.113
-1.397
-1.294
-1.401
-1.576
-1.558
-1.495
-1.341
-1.163
-0.861
-0.604
-0.5
-0.481
-0.461
-0.59
-0.509
-0.517
-0.234
-0.367
-0.386
-0.424
-0.459
-0.436
-0.225
-0.058
-0.024
-0.055
0.079
-0.086
-0.115
-0.24
-0.186
0.006
0.205
0.21
0.104
0.1
0.005
-0.121
-0.203
-0.29
-0.271
-0.304
-0.408
-0.461
-0.491
-0.388
-0.219
0.014
0.085
0.11
0.106
0.14
0.074
-0.04
0.055
-0.004
-0.08
0.103
0.145
0.238
0.288
0.18
0.205
0.336
0.241
0.105
0.236
-0.198
-0.24
-0.383
-0.403
-0.341
-0.456
-0.62
-0.724
-0.603
-0.601
-0.866
-0.912
-0.806
-0.7
-0.603
-0.44
-0.386
-0.279
-0.254
-0.285
-0.201
-0.147
0.155
0.206
0.514
0.331
0.144
0.188
0.18
0.15
0.168
0.333
0.302
0.09
0.025
-0.079
-0.188
-0.122
-0.066
-0.019
0.196
0.177
0.025
-0.085
0.146
-0.052
0.255
0.125
0.045
0.4
0.31
0.448
0.326
0.354
0.371
0.219
-0.044
-0.055
-0.096
0.155
0.275
0.466
0.754
0.845
1.1
1.413
1.425
1.434
1.323
1.311
1.259
1.387
1.486
1.573
1.578
1.69
1.663
1.644
1.36
1.333
1.078
1.012
1.018
0.866
0.581
0.395
0.156
-0.338
-0.531
-0.618
-0.581
-0.624
-4.245
-0.816
-0.853
-0.86
-1.028
-1.086
-1.209
-0.966
-1.191
-1.321
-1.613
-1.683
-1.531
-1.244
-1.225
-1.133
-1.083
-0.944
-0.911
-0.699
-0.579
-0.532
-0.468
-0.261
-0.134
0.021
-0.045
0.11
0.036
-0.021
-0.104
-0.111
0.345
0.521
0.76
1.254
1.239
1.241
1.246
1.426
1.311
1.321
1.488
1.639
1.57
1.601
1.68
1.596
1.649
1.621
1.588
1.651
1.691
1.667
1.585
1.571
1.514
1.449
1.101
1.028
0.871
0.94
0.854
0.625
0.499
0.411
0.471
0.454
0.315
0.305
0.376
0.208
0.046
-0.092
-0.122
-0.229
-0.4
-0.348
-0.281
-0.375
-0.306
-0.307
-0.381
-0.439
-0.371
-0.381
-0.371
-0.478
-0.283
-0.304
-0.122
-0.1
-0.095
0.028
-0.013
0.166
0.154
0.125
0.241
0.19
0.201
0.208
0.216
0.281
0.301
0.349
0.055
0.165
-0.014
-0.034
-0.138
0.025
0.03
0.111
0.188
0.152
-0.113
-0.292
-0.526
-0.491
-0.509
-0.486
-0.497
-0.361
-0.58
-0.529
-0.439
-0.414
-0.52
-0.357
-0.401
-0.453
-0.464
-0.372
-0.384
-0.556
-0.633
-0.438
-0.399
-0.328
-0.116
-0.152
0.046
0.121
0.309
0.406
0.352
0.429
0.544
0.38
0.344
0.219
0.415
0.57
0.386
0.304
0.336
0.685
0.435
0.609
0.72
0.664
0.789
0.927
0.885
0.917
0.907
0.893
1.029
1.096
1.066
1.231
1.363
1.46
1.425
1.311
1.206
1.225
1.209
0.994
0.888
0.639
0.575
0.562
0.292
0.328
0.436
0.596
0.53
0.336
0.395
0.344
0.186
-0.079
-0.15
-0.211
-0.312
-0.522
-0.698
-0.63
-0.787
-0.916
-1.174
-1.061
-1.282
-1.137
-1.31
-1.069
-1.284
-1.46
-1.544
-1.714
-1.823
-1.861
-1.897
-1.823
-1.79
-1.749
-1.748
-1.806
-1.704
-1.64
-1.57
-1.578
-1.335
-1.191
-1.239
-1.0
-0.671
-0.611
-0.604
-0.404
-0.131
0.075
0.149
0.414
0.508
0.554
0.369
0.427
0.669
0.812
1.195
1.099
1.035
0.823
0.89
0.774
0.739
0.749
0.883
0.879
0.873
0.47
0.381
0.129
0.04
0.155
-0.186
-0.09
-0.083
-0.19
-0.276
-0.376
-0.494
-0.547
-0.416
-0.51
-0.614
-0.527
-0.35
-0.408
-0.759
-0.82
-0.825
-0.926
-0.951
-0.902
-0.869
-0.734
-0.855
-0.595
-0.796
-0.603
-0.811
-0.665
-0.851
-0.994
-0.981
-0.945
-0.672
-0.639
-0.283
-0.273
-0.09
-0.158
-0.031
0.169
0.159
0.107
0.176
0.029
0.045
0.107
-0.071
-0.141
-0.188
-0.198
-0.244
-0.515
-0.728
-0.818
-0.909
-0.899
-0.998
-0.792
-0.721
-0.661
-0.448
-0.141
0.046
0.071
0.094
0.145
0.129
0.11
0.098
-0.009
0.226
0.395
0.525
0.705
0.718
0.823
0.901
0.814
0.905
0.953
1.05
1.029
1.246
1.386
1.511
1.386
1.353
1.394
1.294
1.083
1.006
1.004
0.885
0.849
0.794
0.841
0.826
0.811
0.564
0.836
0.42
0.501
0.163
0.059
-0.17
-0.255
-0.335
-0.379
-0.311
-0.443
-0.532
-0.527
-0.529
-0.56
-0.389
-0.181
-0.24
-0.223
-0.33
-0.305
-0.297
-0.446
-0.59
-0.705
-0.721
-0.61
-0.845
-0.905
-0.958
-0.812
-0.964
-0.953
-1.17
-0.666
-0.522
-0.421
-0.539
-0.302
-0.169
0.011
0.064
-0.061
0.02
0.041
0.04
0.019
0.019
0.084
-0.033
0.361
0.372
0.444
0.379
0.425
0.424
0.191
0.029
0.156
-0.079
-0.229
-0.335
-0.343
-0.394
-0.258
-0.352
-0.5
-0.344
-0.122
0.048
0.021
0.104
0.424
0.586
0.818
1.13
0.958
1.109
1.0
1.27
1.265
1.355
1.298
1.464
1.32
1.439
1.318
1.62
1.521
1.583
1.48
1.406
1.171
1.143
1.335
1.345
1.335
1.114
0.856
0.645
0.839
0.925
0.779
0.505
0.535
0.439
0.315
0.156
0.146
0.181
0.119
0.024
-0.055
0.049
0.006
-0.14
-0.182
-0.155
0.083
0.08
-0.006
0.001
-0.136
0.0
0.006
-0.061
-0.019
-0.144
-0.055
-0.091
-0.1
-0.155
-0.334
-0.31
-0.331
-0.554
-0.56
-0.641
-0.631
-0.475
-0.469
-0.349
-0.278
-0.394
-0.6
-0.738
-0.679
-0.557
-0.714
-0.859
-0.883
-1.2
-1.302
-1.115
-1.012
-1.01
-0.858
-0.889
-1.055
-1.01
-0.995
-0.907
-0.714
-0.49
-0.443
-0.515
-0.609
-0.726
-0.776
-0.642
-0.595
-0.435
-0.276
-0.333
-0.409
-0.315
-0.216
-0.014
0.015
0.426
0.279
0.305
0.386
0.456
0.426
0.388
0.421
0.449
0.53
0.495
0.496
0.589
0.58
0.789
0.83
0.703
0.881
0.922
0.796
0.733
0.7
0.388
0.344
0.508
0.44
0.644
0.828
0.642
0.679
0.728
0.666
0.769
0.834
0.843
0.905
0.907
0.843
0.916
0.811
0.599
0.516
0.249
0.279
0.225
0.16
0.09
0.048
-0.052
-0.045
-0.031
-0.245
-0.241
-0.307
-0.479
-0.41
-0.341
-0.295
-0.319
-0.463
-0.406
-0.264
-0.279
-0.515
-0.768
-0.795
-0.985
-0.889
-1.034
-0.926
-1.125
-1.179
-1.426
-1.361
-1.338
-1.251
-1.492
-1.551
-1.439
-1.242
-1.201
-1.101
-1.008
-0.893
-0.935
-0.86
-0.93
-0.973
-0.735
-0.849
-0.89
-0.826
-0.806
-0.56
-0.68
-0.406
-0.512
-0.177
-0.022
-0.081
0.104
-0.046
0.044
0.076
0.224
0.184
0.241
0.425
0.424
0.411
0.438
0.522
0.443
0.512
0.514
0.624
0.588
0.379
0.283
0.299
0.229
0.49
0.329
0.473
0.441
0.389
0.263
0.284
0.161
0.2
0.429
0.542
0.571
0.506
0.634
0.731
0.823
0.941
0.734
0.805
0.994
0.948
1.016
1.151
1.213
1.147
1.159
1.246
1.331
1.304
1.143
1.064
0.905
0.838
0.736
0.863
0.794
0.818
0.718
0.641
0.432
0.134
0.091
-0.006
0.003
0.17
-0.039
0.041
0.144
0.15
0.348
0.388
0.269
0.312
0.215
0.001
0.121
-0.005
-0.045
0.055
-0.074
0.001
0.279
0.276
0.319
0.491
0.564
0.504
0.559
0.395
0.549
0.7
0.831
0.964
1.076
0.986
0.772
0.574
0.64
0.486
0.25
0.385
0.291
0.268
0.351
0.255
0.22
0.39
0.3
0.081
0.077
-0.109
-0.149
0.219
0.091
0.105
0.06
0.075
0.111
0.043
0.154
0.383
0.156
0.247
0.101
-0.071
-0.105
-0.006
-0.21
-0.321
-0.435
-0.46
-0.532
-0.429
-0.35
-0.135
-0.006
0.013
-0.11
0.048
-0.011
-0.037
-0.268
-0.271
-0.26
-0.449
-0.098
-0.367
-0.271
-0.188
0.09
0.101
-0.01
-0.217
-0.284
-0.471
-0.396
-0.194
-0.109
-0.1
0.166
0.107
-0.018
-0.014
0.159
0.212
0.209
-0.106
-0.114
-0.193
-0.403
-0.3
-0.544
-0.568
-0.384
-0.216
-0.018
-0.041
-0.061
0.031
0.11
-0.094
0.176
0.312
0.152
0.08
-0.285
-0.28
-0.031
-0.083
0.216
0.166
0.205
0.175
0.152
0.261
0.136
0.256
0.411
0.446
0.564
0.631
0.75
0.584
0.599
0.495
0.686
0.603
0.709
0.671
0.63
0.812
0.796
0.943
1.076
1.198
1.228
0.983
0.667
0.29
0.255
0.348
0.245
0.42
0.555
0.454
0.436
0.136
-0.003
0.156
0.107
0.007
-0.159
-0.341
-0.344
-0.7
-0.82
-1.028
-0.835
-0.909
-0.784
-0.855
-1.058
-1.119
-1.174
-1.275
-1.321
-1.174
-1.115
-1.254
-1.413
-1.489
-1.661
-1.626
-1.589
-1.391
-1.37
-1.143
-0.824
-0.764
-0.66
-0.688
-0.775
-0.777
-0.68
-0.494
-0.414
-0.324
-0.223
-0.156
-0.244
0.048
-0.233
-0.184
-0.096
-0.081
0.013
-0.018
-0.004
-0.06
-0.062
-0.181
-0.119
-0.11
-0.312
-0.226
-0.251
-0.42
-0.203
-0.216
-0.245
-0.296
-0.236
-0.045
-0.134
-0.13
-0.025
0.041
0.121
0.043
0.062
0.318
0.193
0.225
0.346
0.422
0.6
0.823
0.938
0.978
1.24
1.396
1.298
1.191
1.216
0.978
0.701
0.741
0.81
0.845
0.713
0.886
0.657
0.664
0.451
0.356
0.314
0.071
-0.16
-0.054
-0.221
-0.24
-0.307
-0.312
-0.339
-0.255
-0.309
-0.46
-0.39
-0.688
-0.662
-0.422
-0.431
-0.486
-0.365
-0.291
-0.009
0.062
0.333
0.595
0.801
0.86
0.821
0.664
0.771
0.745
1.004
1.311
1.35
1.446
1.509
1.448
1.325
1.249
1.42
1.14
1.165
1.214
1.315
1.083
0.939
1.094
0.978
1.036
0.991
0.989
0.98
0.738
0.652
0.401
0.37
0.349
0.22
0.414
0.264
0.346
0.276
0.29
0.233
0.181
0.193
0.264
0.224
0.088
0.205
0.094
0.11
0.005
0.041
-0.096
-0.143
0.013
-0.22
-0.223
-0.16
-0.251
-0.28
-0.435
-0.517
-0.634
-0.796
-0.829
-0.851
-0.971
-1.12
-1.126
-1.314
-1.551
-1.521
-1.52
-1.606
-1.301
-1.715
-1.58
-1.375
-1.393
-1.41
-1.47
-1.469
-1.471
-1.33
-1.075
-1.104
-0.991
-0.935
-0.823
-0.734
-0.771
-0.782
-0.606
-0.573
-0.508
-0.539
-0.359
-0.238
-0.04
-0.079
0.026
0.021
0.144
0.463
0.37
0.445
0.438
0.496
0.426
0.473
0.274
0.38
0.321
0.283
0.314
0.229
0.286
0.2
0.143
0.1
-0.04
-0.185
-0.155
-0.372
-0.45
-0.799
-0.909
-1.171
-1.106
-0.985
-1.046
-1.03
-1.127
-1.052
-1.109
-0.996
-1.079
-0.956
-0.581
-0.534
-0.535
-0.496
-0.364
-0.372
-0.013
0.182
0.101
0.305
0.424
0.62
0.43
0.559
0.55
0.72
1.014
1.062
1.221
1.435
1.46
1.685
1.413
1.311
1.309
1.193
1.186
0.901
0.711
0.571
0.33
0.163
0.088
0.033
-0.107
-0.236
0.001
-0.191
-0.404
-0.526
-0.8
-0.909
-1.025
-1.064
-1.075
-1.146
-1.18
-1.341
-1.26
-1.309
-1.167
-1.137
-1.119
-0.911
-0.889
-1.042
-0.856
-0.843
-0.792
-0.81
-0.761
-0.656
-0.589
-0.565
-0.555
-0.779
-0.868
-0.909
-0.902
-0.85
-0.794
-0.728
-0.768
-0.565
-0.81
-0.684
-0.565
-0.366
-0.196
-0.009
0.029
0.133
0.02
-0.054
0.255
0.3
0.69
0.549
0.605
0.654
0.69
0.738
0.708
0.739
0.777
0.823
0.945
0.98
1.181
1.111
1.194
1.159
1.21
0.983
1.201
1.231
1.264
1.041
0.985
1.039
0.988
1.08
0.878
0.76
0.849
0.855
0.769
0.755
0.616
0.6
0.473
0.63
0.547
0.482
0.521
0.37
0.36
0.225
-0.066
0.094
0.224
0.089
0.033
0.152
0.359
0.38
0.641
0.432
0.408
0.374
0.22
0.398
0.184
0.139
0.211
0.086
0.23
0.049
0.09
0.081
0.006
-0.113
-0.14
-0.175
-0.296
-0.203
-0.152
-0.221
-0.191
-0.221
-0.16
-0.096
-0.099
-0.22
-0.014
0.09
0.03
0.125
0.302
0.346
0.045
-0.048
-0.211
-0.186
-0.25
-0.31
-0.295
-0.081
-0.3
-0.2
-0.233
-0.464
-0.729
-0.719
-0.876
-1.03
-0.794
-0.878
-0.907
-0.896
-0.973
-1.034
-1.069
-1.22
-1.081
-1.117
-1.163
-1.044
-1.113
-1.008
-1.101
-1.275
-1.262
-1.336
-1.15
-1.189
-1.022
-1.134
-1.127
-0.948
-0.99
-0.792
-0.911
-0.856
-0.786
-0.79
-0.695
-0.891
-0.677
-0.485
-0.22
-0.055
0.121
0.354
0.495
0.557
0.427
0.556
0.594
0.745
0.709
0.768
0.796
0.865
0.854
0.596
0.746
0.631
0.801
0.951
0.985
1.1
1.042
1.104
1.086
1.171
1.209
1.049
1.097
1.136
1.242
1.251
1.198
1.271
1.304
1.333
1.119
1.219
1.004
0.965
0.944
0.87
0.549
0.346
0.378
0.29
0.096
-0.048
-0.396
-0.505
-0.745
-0.595
-0.596
-0.599
-0.388
-0.463
-0.546
-0.674
-0.72
-0.598
-0.487
-0.54
-0.43
-0.429
-0.405
-0.521
-0.29
-0.312
-0.42
-0.152
-0.1
0.013
0.077
-0.029
-0.006
0.013
0.005
0.048
0.08
0.408
0.376
0.425
0.455
0.575
0.618
0.669
0.699
0.514
0.629
0.685
0.674
1.028
0.986
0.963
0.758
0.799
0.853
0.701
0.667
0.926
1.031
-10.336
0.849
0.784
0.562
0.384
0.403
0.295
0.279
0.31
0.275
0.07
0.094
-0.072
0.109
0.044
0.146
-0.01
-0.299
-0.329
-0.473
-0.55
-0.531
-0.481
-0.446
-0.571
-0.649
-0.651
-0.79
-0.75
-0.755
-0.939
-0.915
-1.101
-1.191
-1.355
-1.492
-1.463
-1.6
-1.439
-1.53
-1.461
-1.42
-1.532
-1.339
-1.262
-0.899
-1.038
-0.98
-1.021
-1.074
-1.008
-1.205
-1.139
-0.96
-0.879
-0.775
-0.754
-0.84
-0.861
-0.943
-1.028
-0.989
-1.071
-1.11
-1.15
-0.915
-1.034
-1.065
-1.019
-0.948
-0.815
-0.676
-0.634
-0.539
-0.383
-0.424
-0.355
-0.449
-0.376
-0.294
-0.088
0.131
0.184
0.251
0.388
0.265
0.281
0.2
0.343
0.439
0.51
0.537
0.426
0.575
0.456
0.441
0.519
0.389
0.744
0.71
0.611
0.688
0.341
0.508
0.362
0.314
0.206
0.331
0.356
0.284
0.399
0.352
0.343
0.352
0.071
0.193
-0.146
-0.124
-0.194
-0.088
-0.085
-0.304
-0.224
-0.289
-0.134
-0.161
-0.131
-0.209
-0.279
-0.154
-0.359
-0.334
-0.351
-0.371
-0.389
-0.586
-0.736
-0.814
-0.484
-0.434
-0.555
-0.575
-0.46
-0.141
-0.256
-0.355
-0.379
-0.378
-0.345
-0.211
-0.119
-0.031
-0.07
0.088
0.083
0.139
0.295
0.292
0.321
0.509
0.756
0.8
0.71
0.75
0.816
1.078
0.89
1.038
1.046
1.085
1.093
1.088
0.991
1.11
0.93
0.853
0.71
0.756
0.693
0.667
0.662
0.565
0.391
0.158
0.096
-0.033
0.103
0.173
0.292
0.344
0.349
0.13
0.051
0.004
-0.049
-0.209
-0.29
-0.305
-0.054
-0.028
-0.104
-0.045
-0.074
-0.226
-0.221
-0.588
-0.496
-0.745
-0.593
-0.58
-0.625
-0.615
-0.703
-0.719
-1.101
-0.978
-1.211
-1.229
-1.073
-0.963
-1.062
-1.145
-1.173
-1.211
-1.385
-1.531
-1.328
-1.224
-1.09
-0.975
-1.426
-1.163
-0.978
-1.117
-0.85
-0.616
-0.485
-0.625
-0.404
-0.346
-0.176
0.034
0.077
0.168
0.386
0.485
0.557
0.61
0.591
0.929
0.802
0.672
0.71
0.878
0.889
0.931
0.978
0.871
1.088
1.235
1.22
1.27
1.41
1.286
1.079
1.232
0.993
0.761
0.785
0.893
1.19
1.323
1.284
1.308
1.258
1.004
1.171
1.222
1.113
1.004
0.682
0.624
0.719
0.734
0.853
1.084
1.032
1.099
0.85
0.971
0.642
0.506
0.544
0.621
0.656
0.521
0.419
0.351
0.32
0.27
0.156
0.024
-0.036
0.01
0.124
0.066
-0.025
-0.074
0.1
0.169
0.041
-0.029
0.238
0.195
0.138
0.319
-0.031
0.021
-0.119
0.014
-0.229
0.051
0.065
0.051
0.04
-0.043
0.062
-0.045
0.096
0.036
0.09
0.101
-0.077
-0.001
-0.01
-0.061
-0.185
-0.269
-0.236
-0.355
-0.161
-0.092
-0.007
0.045
0.228
0.208
0.291
0.26
0.121
0.286
0.328
0.639
0.848
0.849
0.815
0.869
0.716
0.714
0.638
0.914
0.929
1.097
1.049
0.958
1.086
0.991
0.964
0.998
1.031
1.074
1.228
1.271
1.234
1.224
1.296
1.22
1.139
1.114
1.078
0.839
0.749
0.794
0.944
0.978
1.12
0.931
1.006
0.823
0.724
0.776
0.609
0.369
0.301
0.259
0.149
-0.05
-0.059
-0.269
-0.119
-0.299
-0.369
-0.436
-0.401
-0.5
-0.59
-0.889
-0.951
-1.176
-0.97
-0.959
-0.794
-0.815
-0.656
-0.51
-0.708
-0.611
-0.93
-0.897
-0.821
-0.715
-0.728
-0.631
-0.444
-0.504
-0.394
-0.427
-0.527
-0.517
-0.511
-0.672
-0.728
-0.812
-0.921
-0.958
-0.985
-0.961
-1.016
-0.953
-0.946
-0.858
-0.848
-0.971
-0.916
-0.912
-0.865
-0.777
-0.743
-0.756
-0.84
-0.586
-0.453
-0.246
-0.083
-0.033
0.094
0.109
0.182
0.426
0.585
0.644
0.629
0.688
0.662
0.429
0.441
0.695
0.484
0.453
0.515
0.501
0.388
0.415
0.438
0.309
0.288
0.251
0.249
0.436
0.165
0.121
-0.173
-0.16
-0.03
-0.045
0.013
-0.129
-0.177
-0.343
-0.508
-0.399
-0.509
-0.5
-0.588
-0.556
-0.669
-0.679
-0.664
-0.565
-0.374
-0.409
-0.454
-0.271
-0.281
-0.242
-0.105
0.07
0.074
0.07
-0.091
-0.346
-0.29
-0.306
-0.511
-0.338
-0.519
-0.226
-0.254
-0.003
0.191
0.058
0.125
0.129
0.239
0.109
0.036
0.034
0.059
0.016
0.156
0.203
0.401
0.458
0.562
0.674
0.701
0.775
0.746
0.721
0.371
0.253
0.004
-0.06
-0.138
-0.096
-0.039
0.159
0.098
0.224
0.006
0.009
0.049
-0.176
-0.061
-0.173
-0.241
-0.241
-0.398
-0.555
-0.484
-0.345
-0.389
-0.399
-0.336
-0.139
0.014
0.168
-0.015
-0.113
-0.258
-0.239
-0.323
-0.326
-0.554
-0.334
-0.181
-0.061
-0.037
0.263
0.062
0.151
0.24
0.334
0.345
0.195
0.289
0.104
-0.19
-0.335
-0.216
-0.164
-0.134
-0.223
-0.201
-0.228
-0.144
-0.076
-0.234
-0.161
-0.247
-0.376
-0.395
-0.456
-0.604
-0.286
-0.453
-0.522
-0.43
-0.388
-0.31
-0.421
-0.586
-0.591
-0.744
-0.856
-0.946
-0.927
-0.98
-0.86
-0.812
-0.734
-0.555
-0.61
-0.639
-0.575
-0.529
-0.495
-0.465
-0.356
-0.369
-0.367
-0.305
-0.416
-0.201
-0.166
-0.376
-0.321
-0.23
-0.429
-0.366
-0.334
-0.158
-0.219
-0.004
0.135
0.211
0.101
-0.035
-0.214
-0.435
-0.478
-0.509
-0.504
-0.579
-0.503
-0.551
-0.633
-0.801
-0.859
-0.912
-1.054
-1.14
-1.278
-1.29
-1.319
-1.472
-1.081
-1.016
-0.763
-0.58
-0.532
-0.424
-0.121
0.165
0.228
0.496
0.593
0.749
1.146
1.445
1.515
1.306
1.445
1.346
1.213
1.198
1.325
1.384
1.345
1.5
1.434
1.458
1.351
1.47
1.693
1.623
1.576
1.347
1.275
1.279
1.125
1.209
1.051
1.031
0.729
0.514
0.273
0.08
-0.105
-0.261
-0.247
-0.201
-0.256
-0.378
-0.455
-0.656
-0.482
-0.636
-0.751
-0.874
-0.861
-0.868
-0.845
-0.745
-0.744
-0.856
-0.868
-1.099
-0.966
-0.948
-0.801
-0.843
-1.005
-1.698
-0.809
-0.674
-0.569
-0.386
-0.343
-0.217
-0.186
-0.044
-0.029
0.13
0.144
0.23
0.146
0.32
0.31
0.601
0.601
0.595
0.573
0.694
0.706
0.956
1.196
1.195
1.381
1.188
1.199
1.235
1.084
0.985
0.814
0.66
0.478
0.324
0.381
0.306
0.184
0.283
0.247
0.263
0.253
0.361
0.299
0.351
0.474
0.311
0.122
-0.128
-0.344
-0.318
-0.278
-0.201
-0.121
-0.111
-0.092
-0.015
0.09
0.346
0.404
0.456
0.41
0.547
0.593
0.59
0.731
0.75
0.731
0.846
0.713
0.968
0.869
0.859
0.839
0.696
0.626
0.541
0.297
0.263
-0.088
-0.321
-0.446
-0.633
-0.441
-0.559
-0.562
-0.537
-0.489
-0.211
-0.249
-0.305
-0.309
-0.18
-0.03
-0.225
-0.255
-0.229
-0.181
-0.025
-0.081
-0.007
0.03
0.221
0.208
0.426
0.458
0.484
0.695
0.729
0.614
0.647
0.514
0.411
0.486
0.465
0.408
0.391
0.532
0.594
0.642
0.723
0.835
0.871
0.845
0.948
0.843
0.799
0.667
0.621
0.639
0.695
0.531
0.264
0.33
0.169
0.121
0.179
0.199
0.154
0.205
0.169
0.176
0.244
0.076
-0.072
-0.077
0.045
-0.055
-0.355
-0.487
-0.521
-0.49
-0.522
-0.384
-0.478
-0.524
-0.228
-0.2
-0.381
-0.578
-0.415
-0.395
-0.499
-0.409
-0.438
-0.329
-0.231
-0.259
-0.256
-0.155
-0.009
-0.21
-0.256
-0.334
-0.23
-0.184
-0.165
-0.316
-0.326
-0.78
-0.858
-0.97
-0.936
-0.929
-1.198
-0.965
-0.851
-0.743
-5.319
-0.489
-0.57
-0.589
-0.421
-0.036
-0.134
-0.011
0.106
0.084
0.145
0.211
0.318
0.445
0.631
0.615
0.786
0.924
0.979
1.051
1.094
1.18
1.242
1.165
1.091
0.915
1.03
0.994
1.101
1.036
1.048
0.988
1.002
0.956
0.695
0.729
0.52
0.609
0.381
0.304
0.26
0.141
0.029
-0.254
-0.395
-0.152
-0.511
-0.519
-0.583
-0.677
-0.769
-0.693
-0.705
-0.989
-1.0
-1.298
-1.32
-1.397
-1.486
-1.492
-1.515
-1.32
-1.405
-1.201
-1.109
-1.234
-1.046
-0.951
-1.044
-1.135
-0.691
-0.661
-0.51
-0.292
-0.372
-0.26
-0.056
0.062
0.098
0.273
0.309
0.421
0.369
0.263
0.07
0.022
-0.051
-0.052
-0.064
-0.043
0.196
0.106
0.015
-0.037
-0.288
-0.321
-0.546
-0.619
-0.736
-0.888
-0.993
-0.87
-0.85
-0.904
-0.639
-0.641
-0.746
-0.889
-1.048
-0.99
-1.105
-1.179
-1.355
-1.375
-1.234
-1.184
-0.998
-1.111
-1.16
-1.069
-1.13
-1.056
-0.848
-0.448
-0.487
-0.64
-0.506
-0.48
-0.421
-0.479
-0.236
-0.065
0.095
0.026
0.212
0.296
0.545
0.521
0.503
0.451
0.343
0.122
0.128
0.346
0.406
0.698
0.459
0.441
0.376
0.266
0.324
0.354
0.258
0.515
0.231
0.09
0.143
0.07
0.08
-0.003
-0.149
-0.312
-0.201
0.129
-0.145
-0.04
0.1
0.026
0.152
0.149
-0.022
-0.049
-0.129
-0.321
-0.408
-0.705
-0.465
-0.492
-0.406
-0.623
-0.56
-0.514
-0.406
-0.374
-0.31
-0.276
-0.361
-0.379
-0.439
-0.473
-0.681
-0.576
-0.463
-0.489
-0.441
-0.19
-0.249
-0.072
0.011
-0.11
0.184
0.133
0.26
0.21
0.386
0.615
0.413
0.324
0.07
0.066
-0.048
0.01
0.105
0.289
0.276
0.284
0.449
0.36
0.135
0.021
-0.055
-0.019
0.176
0.331
0.326
0.463
0.465
0.547
0.772
1.012
0.991
0.932
1.038
0.681
0.415
0.271
0.454
0.403
0.583
0.636
0.694
0.594
0.514
0.369
0.255
0.371
0.406
0.372
0.596
0.61
0.458
0.45
0.329
0.242
0.5
0.475
0.662
0.689
0.915
0.87
0.801
1.097
1.199
1.395
1.21
1.169
1.155
0.989
0.699
0.654
0.466
0.514
0.399
0.249
0.159
0.265
0.319
0.315
0.45
0.421
0.341
0.445
0.379
0.266
0.12
-0.033
0.033
-0.203
-0.004
0.2
0.381
0.504
0.371
0.445
0.608
0.754
0.598
0.704
0.585
0.615
0.55
0.735
0.78
0.781
0.833
0.904
0.608
0.603
0.777
0.749
0.744
0.689
0.604
0.652
0.527
0.107
0.179
0.115
0.376
0.431
0.526
0.456
0.481
0.285
-0.18
-0.399
-0.49
-0.266
-0.364
-0.445
-0.465
-0.531
-0.689
-0.552
-0.787
-0.829
-0.965
-0.787
-0.688
-1.018
-1.029
-1.012
-0.939
-1.248
-0.961
-0.819
-0.873
-0.726
-0.666
-0.801
-0.838
-0.761
-0.601
-0.497
-0.389
-0.33
-0.424
-0.547
-0.595
-0.866
-0.807
-0.893
-1.001
-0.924
-1.069
-0.9
-0.924
-1.145
-1.235
-1.434
-1.34
-0.981
-0.905
-0.446
-0.414
-0.32
-0.217
-0.295
0.052
0.074
0.133
0.514
0.684
0.701
0.664
0.621
0.78
0.848
1.181
1.4
1.23
1.254
1.214
1.201
1.154
1.231
0.995
0.865
0.734
0.68
0.662
0.639
0.532
0.581
0.915
0.97
0.917
0.946
0.941
0.755
0.584
0.661
0.603
0.75
0.796
0.634
0.769
0.725
0.72
0.849
0.72
0.578
0.759
0.642
0.48
0.491
0.296
0.188
0.033
0.268
0.135
0.301
0.306
0.425
0.651
0.652
0.794
0.65
0.413
0.341
0.361
0.275
0.352
0.182
0.12
0.233
-0.05
-0.104
-0.086
-0.033
-0.059
0.016
-0.026
0.013
-0.133
-0.384
-0.304
-0.453
-0.574
-0.64
-0.661
-0.564
-0.422
-0.121
0.075
0.054
0.134
-0.092
-0.075
0.025
-0.125
-0.05
-0.083
-0.171
-0.074
0.009
0.195
0.151
0.295
0.273
0.484
0.546
0.574
0.539
0.532
0.485
0.51
0.408
0.49
0.281
0.283
0.253
0.184
0.345
0.321
0.497
0.459
0.381
0.278
0.2
0.103
0.079
-0.043
-0.244
-0.181
-0.265
-0.161
-0.168
-0.258
-0.165
-0.291
-0.154
-0.11
-0.079
0.049
0.033
0.1
0.235
0.186
-0.085
-0.037
-0.181
-0.014
-0.121
-0.089
0.084
0.074
0.165
0.181
0.463
0.389
0.676
0.594
0.654
0.768
0.764
0.738
0.716
0.829
0.628
0.415
0.294
0.223
0.025
0.013
0.092
0.124
-0.046
-0.016
-0.021
-0.181
-0.199
-0.508
-0.574
-0.711
-0.81
-0.976
-1.011
-1.244
-1.333
-1.281
-1.479
-1.183
-1.259
-1.31
-1.361
-1.271
-1.17
-1.21
-1.153
-1.231
-0.973
-1.095
-0.828
-0.641
-0.749
-0.415
-0.35
-0.344
-0.331
-0.379
-0.455
-0.461
-0.414
-0.459
-0.591
-0.458
-0.29
-0.25
-0.229
-0.208
-0.122
-0.035
-0.045
0.104
0.021
-0.194
-0.179
-0.119
-0.179
0.058
0.278
0.225
0.264
0.365
0.152
0.198
0.427
0.564
0.529
0.47
0.506
0.33
0.206
0.18
0.161
0.381
0.459
0.345
0.196
0.094
-0.126
-0.225
-0.386
-0.05
0.026
0.062
0.199
0.121
0.219
0.225
0.149
0.021
0.014
-0.06
-0.171
-0.141
-0.164
-0.096
-0.166
-0.196
-0.249
-0.134
-0.099
-0.181
-0.116
-0.506
-0.575
-0.723
-0.676
-0.453
-0.431
-0.489
-0.756
-0.774
-0.905
-1.044
-0.554
-0.785
-0.681
-0.766
-0.649
-0.571
-0.445
-0.301
-0.393
-0.341
-0.273
-0.186
-0.315
-0.174
-0.285
-0.281
-0.319
-0.315
-0.278
-0.524
-0.605
-0.53
-0.487
-0.41
-0.253
-0.276
-0.323
-0.169
-0.24
-0.184
-0.101
-0.107
-0.168
-0.064
0.011
0.174
0.256
0.311
0.318
0.19
0.461
0.529
0.497
0.652
0.8
0.784
0.891
0.954
0.99
1.113
1.242
1.23
1.21
1.28
1.407
1.42
1.381
1.494
1.37
1.176
1.189
1.139
1.097
0.944
0.919
1.035
0.93
0.856
0.62
0.506
0.314
0.263
0.18
0.214
0.125
0.013
-0.149
-0.292
-0.221
-0.516
-0.374
-0.463
-0.455
-0.53
-0.524
-0.645
-0.782
-0.694
-0.514
-0.623
-0.466
-0.439
-0.536
-0.431
-0.321
0.037
0.019
0.043
-0.092
0.005
0.014
-0.029
0.215
0.338
0.647
0.601
0.509
0.497
0.626
0.753
0.811
0.865
1.081
1.113
0.859
1.025
1.143
1.169
1.085
1.071
1.284
1.157
0.907
0.85
0.89
0.814
0.753
0.734
0.833
0.843
0.641
0.492
0.435
0.343
0.396
0.349
0.406
0.492
0.516
0.165
0.025
0.044
0.015
0.051
0.156
-0.151
-0.07
-0.176
-0.231
-0.125
-0.128
-0.154
0.048
0.275
0.288
0.432
0.354
0.3
0.292
0.343
0.334
0.225
0.333
0.238
0.194
0.05
-0.131
-0.129
-0.228
-0.169
-0.301
-0.32
-0.389
-0.436
-0.461
-0.6
-0.361
-0.39
-0.354
-0.454
-0.326
-0.296
-0.253
0.006
-0.011
0.185
0.182
0.268
0.599
0.411
0.372
0.224
0.259
0.369
0.309
0.244
0.229
0.341
0.242
0.424
0.534
0.531
0.456
0.384
0.485
0.547
0.596
0.473
0.359
0.427
0.372
0.24
0.295
0.361
0.445
0.275
0.48
0.295
0.366
0.212
0.14
-0.028
-0.006
0.128
0.246
0.399
0.355
0.256
0.315
0.241
-0.021
-0.114
-0.135
-0.151
-0.256
-0.271
-0.466
-0.401
-0.451
-0.645
-0.79
-0.826
-0.779
-0.802
-0.864
-0.626
-0.893
-0.845
-0.83
-1.016
-0.896
-0.792
-0.805
-0.82
-0.809
-0.854
-0.853
-0.591
-0.565
-0.323
-0.221
-0.265
-0.048
-0.039
-0.041
0.104
-0.033
-0.152
-0.084
-0.101
-0.249
-0.179
-0.081
0.15
-0.014
-0.133
-0.11
-0.069
-0.143
-0.206
-0.275
-0.348
-0.355
-0.389
-0.522
-0.521
-0.662
-0.665
-0.429
-0.656
-0.639
-0.701
-0.605
-0.451
-0.443
-0.285
-0.274
-0.21
-0.426
-0.406
-0.455
-0.27
-0.335
-0.614
-0.625
-0.755
-0.779
-0.379
-0.766
-0.917
-0.855
-0.91
-0.873
-0.818
-0.912
-0.95
-0.797
-0.927
-0.761
-0.829
-0.694
-0.565
-0.579
-0.595
-0.487
-0.283
-0.386
-0.275
-0.09
-0.005
-0.048
-0.161
-0.233
-0.324
-0.348
-0.497
-0.367
-0.271
-0.401
-0.481
-0.486
-0.623
-0.547
-0.182
-0.037
-0.003
0.01
-0.134
0.065
0.075
0.181
0.309
0.389
0.436
0.304
0.385
0.238
0.46
0.883
0.897
1.107
1.159
1.323
1.179
1.149
1.097
1.042
1.21
1.232
1.075
1.029
0.944
0.926
0.84
0.656
0.403
0.468
0.535
0.61
0.5
0.361
0.416
0.459
0.432
0.301
0.395
0.203
0.09
0.179
-0.07
-0.133
-0.146
-0.249
-0.126
0.054
0.225
0.321
0.253
0.436
0.374
0.416
0.416
0.389
0.389
0.529
0.564
0.551
0.444
0.59
0.455
0.37
0.314
0.238
0.357
0.158
0.441
0.399
0.146
0.128
0.221
0.371
0.138
0.056
0.253
0.356
0.444
0.448
0.66
0.512
0.419
10.332
10.332
0.334
0.326
0.385
0.388
0.501
0.357
0.345
0.161
0.205
0.274
0.456
0.754
0.743
0.886
0.87
0.83
0.863
0.861
0.899
0.971
1.279
1.258
1.384
1.245
1.256
1.175
1.136
0.954
0.731
0.729
0.685
0.718
0.699
0.47
0.652
0.716
0.761
0.755
0.652
0.501
0.6
0.536
0.444
0.405
0.27
0.08
0.061
0.028
0.035
0.166
0.043
-0.12
-0.273
-0.325
-0.416
-0.426
-0.359
-0.656
-0.645
-0.623
-0.616
-0.568
-0.318
-0.604
-0.478
-0.674
-0.73
-0.731
-0.686
-0.654
-0.826
-0.878
-0.971
-1.011
-0.825
-0.879
-0.695
-0.644
-0.552
-0.511
-0.409
-0.306
-0.296
-0.128
-0.171
-0.026
0.244
0.285
0.32
0.411
0.263
0.256
0.351
0.263
0.261
0.51
0.638
0.838
0.909
0.917
1.002
0.94
0.873
0.756
1.021
0.885
1.159
1.2
1.326
1.424
1.556
1.59
1.532
1.448
1.34
1.169
1.059
0.924
0.865
0.865
0.521
0.569
0.651
0.688
0.445
0.4
0.479
0.116
0.122
-0.065
-0.069
-0.166
-0.217
-0.335
-0.365
-0.465
-0.562
-0.519
-0.51
-0.494
-0.461
-0.431
-0.39
-0.501
-0.482
-0.48
-0.511
-0.37
-0.163
-0.294
-0.321
-0.233
-0.146
-0.09
-0.341
-0.254
-0.014
-0.274
-0.271
-0.301
-0.371
-0.371
-0.459
-0.466
-0.455
-0.494
-0.241
-0.105
0.05
0.146
0.286
0.38
0.369
0.356
0.228
0.149
-0.043
-0.17
-0.184
-0.239
-0.185
-0.098
-0.161
-0.109
0.049
-0.06
0.061
0.054
0.158
0.125
-0.064
-0.009
0.025
-0.024
0.054
0.016
0.043
0.198
0.004
0.11
0.052
0.026
-0.12
-0.007
0.077
0.15
0.184
0.088
0.154
0.165
0.062
0.15
0.071
0.109
0.4
0.341
0.351
0.365
0.226
0.416
0.294
0.089
0.061
0.103
0.086
-0.134
-0.231
-0.215
-0.328
-0.085
-0.318
-0.253
-0.121
-0.094
-0.115
-0.119
0.054
-0.135
-0.211
-0.226
-0.241
-0.188
-0.091
0.046
0.055
0.156
0.354
0.556
0.541
0.459
0.634
0.759
0.564
0.59
0.339
0.309
0.456
0.164
-0.155
-0.115
-0.09
-0.296
-0.399
-0.231
-0.18
-1.623
-0.47
-0.302
-0.284
-0.305
-0.241
-0.247
-0.413
-0.51
-0.541
-0.585
-0.568
-0.485
-0.532
-0.391
-0.258
-0.273
-0.393
-0.294
-0.259
-0.186
-0.146
-0.136
-0.324
-0.152
-0.158
0.076
0.314
0.45
0.703
0.833
0.745
0.741
0.604
0.615
0.573
0.859
0.669
0.699
0.628
0.479
0.704
0.645
0.728
0.725
0.604
0.51
0.438
0.401
0.305
0.372
0.315
0.398
0.255
0.283
0.414
0.302
0.35
0.375
0.349
0.28
0.367
0.45
0.515
0.65
0.605
0.686
0.671
0.728
0.615
0.497
0.364
0.177
0.076
-0.092
-0.109
-0.054
-0.177
-0.31
-0.171
0.009
-0.02
-0.006
0.128
0.003
0.06
0.362
0.349
0.344
0.181
0.131
0.348
0.071
0.04
0.212
0.186
0.326
0.229
0.155
0.109
0.0
0.081
-0.261
-0.381
-0.575
-0.679
-0.677
-0.785
-0.787
-0.932
-0.794
-0.755
-0.515
-0.432
-0.605
-0.547
-0.634
-0.723
-0.716
-0.741
-0.848
-0.901
-0.871
-0.961
-1.005
-1.133
-1.028
-1.005
-1.088
-1.076
-1.084
-1.143
-1.121
-1.099
-0.811
-0.894
-0.709
-0.661
-0.675
-0.516
-0.37
-0.269
-0.336
-0.196
-0.166
-0.288
-0.346
-0.173
-0.111
-0.065
0.077
0.041
0.161
-0.098
0.064
-0.065
-0.041
-0.124
-0.249
0.021
0.205
0.357
0.396
0.357
0.305
0.079
0.161
0.145
0.161
0.13
0.32
0.349
0.376
0.56
0.714
0.961
0.81
0.696
0.738
0.949
0.912
0.825
0.569
0.556
0.657
0.568
0.554
0.667
0.5
0.436
0.499
0.439
0.291
0.14
0.245
0.261
0.231
0.376
0.273
0.273
0.37
0.341
0.425
0.557
0.393
0.385
0.33
0.386
0.425
0.531
0.556
0.5
0.583
0.414
0.699
0.672
0.746
0.729
0.491
0.549
0.661
0.53
0.564
0.239
0.37
0.359
0.328
0.362
0.37
0.484
0.5
0.595
0.642
0.603
0.675
0.611
0.51
0.65
0.72
0.929
0.936
0.772
0.611
0.53
0.496
0.406
0.24
0.188
0.181
0.236
0.292
0.345
0.339
0.229
0.333
0.395
0.383
0.335
0.031
-0.056
-0.241
-0.325
-0.36
-0.588
-0.644
-0.779
-0.806
-0.907
-0.915
-1.083
-0.963
-0.868
-0.761
-0.688
-0.605
-0.492
-0.324
-0.27
-0.268
-0.134
-0.049
-0.01
-0.056
-0.095
-0.037
-0.177
-0.084
-0.058
-0.06
-0.194
0.194
0.534
0.386
0.417
0.564
0.716
0.698
0.688
0.806
0.75
0.818
1.016
1.06
1.126
1.089
1.05
1.012
0.869
0.936
0.871
0.94
0.679
0.625
0.536
0.439
0.309
0.226
0.238
0.098
0.009
0.118
-0.07
-0.147
-0.362
-0.095
-0.246
-0.22
-0.185
-0.421
-0.66
-0.771
-0.765
-0.828
-0.9
-0.818
-0.75
-0.743
-0.608
-0.669
-0.48
-0.305
-0.226
-0.224
-0.184
-0.208
-0.315
-0.352
-0.343
-0.564
-0.406
-0.301
-0.16
-0.114
0.096
0.115
0.224
0.325
0.19
0.129
-0.028
0.009
-0.105
0.021
-0.1
-0.264
-0.464
-0.733
-0.535
-0.574
-0.379
-0.159
-0.135
0.064
-0.021
-0.103
0.031
0.169
0.29
0.219
0.408
0.331
0.158
0.173
0.006
0.033
-0.261
-0.348
-0.302
-0.396
-0.591
-0.435
-0.165
-0.309
-0.228
-0.369
-0.346
-0.324
-0.268
-0.244
-0.269
-0.304
-0.356
-0.249
-0.143
-0.176
-0.056
-0.135
-0.064
0.044
0.079
0.196
0.14
0.147
0.312
0.385
0.589
0.585
0.805
0.656
0.945
1.085
1.166
1.208
1.139
1.089
1.055
1.074
1.16
1.236
1.157
1.021
0.875
0.824
0.704
0.581
0.487
0.399
0.21
0.233
0.176
0.141
-0.044
-0.331
-0.362
-0.229
-0.186
-0.12
-0.129
-0.203
-0.484
-0.52
-0.625
-0.633
-0.715
-0.777
-0.661
-0.594
-0.438
-0.42
-0.394
-0.427
-0.348
-0.349
-0.205
-0.144
-0.085
-0.152
-0.055
0.058
0.234
0.294
0.231
0.169
0.098
0.155
0.175
0.146
-0.076
-0.039
-0.011
-0.161
-0.261
-0.396
-0.134
-0.179
-0.171
-0.264
-0.166
-0.186
-0.464
-0.438
-0.58
-0.679
-0.7
-0.521
-0.439
-0.464
-0.288
-0.176
-0.23
-0.341
-0.343
-0.297
-0.098
-0.18
-0.18
-0.292
-0.184
-0.321
-0.295
-0.26
-0.221
-0.3
-0.233
-0.168
-0.086
0.043
0.111
0.048
0.147
0.166
0.011
-0.146
0.021
0.037
-0.021
-0.009
0.05
0.024
-0.181
0.133
-0.013
0.075
0.059
0.046
0.104
0.044
-0.049
-0.124
-0.128
0.031
-0.015
-0.034
-0.003
0.066
0.158
0.295
0.288
0.532
0.795
0.948
1.066
0.97
1.106
1.205
1.24
1.274
1.349
1.262
1.482
1.545
1.666
1.669
1.647
1.644
1.58
1.35
1.347
1.306
1.161
1.028
0.863
0.665
0.525
0.489
0.46
0.38
0.339
0.265
-0.048
-0.025
-0.085
-0.174
-0.152
-0.307
-0.269
-0.352
-0.49
-0.33
-0.424
-0.369
-0.242
-0.341
-0.484
-0.421
-0.369
-0.515
-0.426
-0.473
-0.535
-0.411
-0.366
-0.254
-0.206
-0.198
-0.085
-0.184
-0.016
0.079
0.064
0.096
0.101
-10.336
0.249
0.129
0.179
0.345
0.228
0.265
0.323
0.505
0.459
0.173
0.31
0.041
-0.055
-0.205
-0.069
-0.048
-0.058
-0.06
-0.089
-0.095
-0.145
-0.319
-0.389
-0.659
-0.594
-0.651
-0.703
-0.579
-0.537
-0.763
-0.623
-0.682
-0.657
-0.696
-0.633
-0.436
-0.474
-0.394
-0.406
-0.386
-0.25
-0.362
-0.314
-0.242
-0.198
-0.161
-0.194
-0.072
-0.301
-0.341
-0.173
-0.179
-0.171
-0.24
-0.139
-0.27
-0.245
-0.501
-0.489
-0.55
-0.734
-0.805
-0.816
-0.922
-0.95
-0.96
-1.074
-1.049
-1.016
-0.99
-1.014
-1.019
-0.861
-0.915
-0.956
-0.945
-0.961
-1.062
-1.022
-1.205
-1.107
-1.111
-0.934
-0.802
-0.76
-0.821
-0.81
-0.777
-0.821
-0.774
-0.711
-0.819
-0.936
-0.907
-0.826
-0.699
-0.495
-0.391
-0.341
-0.369
-0.273
-0.269
-0.049
0.091
-0.054
0.181
0.005
0.121
0.259
0.036
0.1
0.033
0.043
0.105
0.319
0.25
0.039
0.092
0.059
0.128
0.25
0.269
0.229
0.348
0.36
0.388
0.335
0.396
0.544
0.486
0.694
0.698
0.715
0.917
1.096
1.211
1.323
1.4
1.254
1.195
1.235
1.064
1.085
1.029
0.899
0.761
0.75
0.657
0.435
0.196
0.077
-0.007
0.033
0.005
0.004
-0.111
-0.325
-0.385
-0.333
-0.345
-0.421
-0.348
-0.299
-0.274
-0.351
-0.449
-0.503
-0.465
-0.235
-0.169
-0.168
-0.278
-0.286
-0.236
-0.133
-0.05
-0.02
0.003
0.255
-0.026
0.091
0.28
0.355
0.46
0.557
0.49
0.576
0.625
0.515
0.596
0.481
0.503
0.473
0.429
0.419
0.261
0.329
0.139
0.039
-0.044
-0.326
-0.338
-0.426
-0.451
-0.586
-0.586
-0.609
-0.609
-0.579
-0.625
-0.504
-0.465
-0.482
-0.28
-0.189
-0.135
-0.17
-0.095
-0.034
-0.045
0.052
0.105
0.231
0.109
0.379
0.569
0.45
0.408
0.465
0.266
0.288
0.314
0.299
0.479
0.534
0.641
0.55
0.601
0.609
0.481
0.52
0.5
0.603
0.541
0.508
0.45
0.401
0.305
0.296
0.206
0.169
0.261
0.255
0.088
0.247
0.114
-0.021
-0.186
-0.325
-0.366
-0.444
-0.343
-0.376
-0.253
-0.509
-0.591
-0.667
-0.616
-0.649
-0.52
-0.517
-0.559
-0.609
-0.662
-0.659
-0.593
-0.806
-0.768
-0.475
-0.766
-0.92
-0.855
-0.557
-0.448
-0.406
-0.448
-0.435
-0.316
-0.46
-0.448
-0.53
-0.463
-0.403
-0.458
-0.324
-0.224
-0.081
0.02
0.265
0.359
0.445
0.459
0.54
0.501
0.429
0.438
0.366
0.429
0.38
0.346
0.532
0.624
0.623
0.686
0.521
0.641
0.501
0.421
0.422
0.195
0.19
0.15
0.035
-0.039
-0.064
-0.107
0.02
0.166
0.246
0.088
0.055
0.122
0.251
0.239
0.299
0.406
0.595
0.578
0.503
0.399
0.365
0.26
0.233
0.416
0.646
0.588
0.72
0.764
0.8
0.922
0.858
0.94
0.907
