-0.843
-0.812
-0.657
-0.799
-0.716
-0.74
-0.698
-0.746
-0.614
-0.593
-0.696
-0.623
-0.546
-0.581
-0.338
-0.326
-0.315
-0.318
-0.294
-0.145
-0.231
-0.175
-0.283
0.076
-0.039
0.074
0.005
0.163
-0.062
0.164
0.283
0.305
0.624
0.75
0.819
0.95
0.925
1.081
1.01
1.089
0.891
0.864
0.77
0.72
0.67
0.47
0.69
0.557
0.531
0.41
0.525
0.362
0.51
0.453
0.302
0.27
0.251
0.171
0.104
0.182
0.319
0.304
0.339
0.149
0.12
0.107
0.059
0.072
-0.092
0.04
-0.139
-0.319
-0.224
-0.186
-0.315
0.015
-0.066
-0.08
-0.191
-0.198
-0.184
-0.398
-0.364
-0.36
-0.48
-0.625
-0.45
-0.389
-0.481
-0.425
-0.319
-0.379
-0.469
-0.529
-0.247
-0.075
-0.052
-0.206
-0.163
-0.163
-0.098
-0.286
-0.135
-0.216
-0.223
-0.351
-0.159
-0.094
-0.146
-0.179
-0.302
-0.109
-0.128
-0.05
0.103
0.124
0.255
0.212
0.371
0.446
0.515
0.453
0.593
0.571
0.583
0.664
0.517
0.718
0.657
0.652
0.681
0.611
0.6
0.664
0.598
0.535
0.491
0.49
0.535
0.661
0.596
0.606
0.559
0.665
0.527
0.48
0.33
0.261
0.251
0.253
0.208
0.101
0.11
0.006
-0.05
-0.062
-0.072
-0.182
-0.134
-0.235
-0.015
0.203
0.129
0.283
0.203
0.307
0.355
0.323
0.31
0.417
0.386
0.675
0.669
0.814
0.701
0.79
0.761
0.644
0.656
0.61
0.7
0.551
0.63
0.684
0.616
0.635
0.605
0.521
0.512
0.422
0.416
0.464
0.268
0.155
0.152
-0.052
0.036
-0.022
-0.264
-0.249
-0.1
-0.238
-0.216
-0.55
-0.544
-0.489
-0.58
-0.665
-0.681
-0.539
-0.554
-0.609
-0.621
-0.68
-0.598
-0.441
-0.226
-0.566
-0.239
-0.328
-0.323
-0.111
-0.215
-0.264
-0.176
-0.092
-0.144
-0.056
0.024
-0.05
0.04
0.214
0.275
0.221
0.263
0.376
0.484
0.631
0.598
1.006
0.95
0.96
0.993
1.035
0.985
1.244
1.143
1.249
1.25
1.221
1.18
1.279
1.179
1.241
1.21
0.929
1.109
1.129
1.238
1.086
1.093
0.971
0.914
1.028
0.911
0.818
0.734
0.921
0.934
1.025
0.897
0.816
0.651
0.652
0.611
0.54
0.64
0.496
0.44
0.415
0.669
0.66
0.771
0.698
0.542
0.436
0.51
0.475
0.4
0.411
0.393
0.206
0.208
-0.151
-0.144
-0.193
-0.283
-0.481
-0.529
-0.568
-0.642
-0.566
-0.357
-0.68
-0.606
-0.67
-0.635
-0.797
-0.874
-0.836
-0.796
-1.01
-0.891
-0.858
-0.796
-0.595
-0.845
-0.795
-0.744
-0.916
-0.721
-0.864
-0.935
-0.781
-0.721
-0.85
-0.802
-0.667
-0.539
-0.52
-0.362
-0.301
-0.193
-0.315
-0.13
-0.048
-0.013
0.111
0.359
0.529
0.389
0.324
0.291
0.316
0.228
0.088
0.116
0.275
0.305
0.155
-0.043
0.14
0.025
-0.01
-0.119
-0.119
-0.081
0.147
0.009
-0.188
-0.015
-0.066
0.035
0.065
0.08
0.22
0.2
0.321
0.481
0.634
0.318
0.339
0.492
0.634
0.541
0.869
0.676
0.589
0.661
0.549
0.335
0.302
0.414
0.461
0.091
0.235
0.198
0.141
0.031
0.268
0.261
0.229
0.223
0.06
0.228
0.088
0.16
0.025
0.019
0.106
0.028
0.171
0.069
-0.181
-0.335
-0.385
-0.306
-0.366
-0.459
-0.421
-0.41
-0.591
-0.361
-0.432
-0.419
-0.348
-0.501
-0.3
-0.205
-0.163
0.169
0.177
0.149
0.181
0.266
0.111
0.241
0.278
-0.06
0.035
-0.089
0.024
0.043
0.044
0.182
0.299
0.318
0.268
0.429
0.305
0.184
0.364
0.251
0.307
0.215
0.095
0.07
-0.144
-0.315
-0.569
-0.369
-0.465
-0.449
-0.491
-0.646
-0.568
-0.718
-0.794
-0.743
-0.586
-0.499
-0.438
-0.378
-0.295
-0.453
-0.448
-0.3
-0.38
-0.364
-0.29
-0.228
-0.094
-0.003
-0.154
-0.15
0.164
0.025
-0.026
0.145
0.17
0.077
0.114
0.009
-0.039
0.029
0.034
-0.04
-0.164
-0.033
0.115
0.014
0.069
-0.124
-0.116
-0.125
-0.101
-0.11
-0.099
0.045
0.054
-0.031
-0.143
-0.119
-0.359
-0.338
-0.416
-0.364
-0.328
-0.473
-0.444
-0.55
-0.589
-0.733
-0.931
-0.815
-0.84
-0.72
-0.835
-0.682
-0.664
-0.603
-0.385
-0.345
-0.145
-0.104
0.17
0.122
0.133
0.279
0.276
0.47
0.51
0.312
0.515
0.66
0.557
0.568
0.47
0.385
0.414
0.314
0.36
0.206
0.138
0.284
0.378
0.36
0.3
0.422
0.391
0.371
0.443
0.323
0.29
0.095
0.019
-0.128
-0.343
-0.244
-0.375
-0.367
-0.386
-0.51
-0.571
-0.691
-0.709
-0.949
-1.055
-1.081
-0.991
-1.005
-1.07
-1.029
-1.065
-0.959
-0.774
-0.859
-0.784
-0.638
-0.635
-0.64
-0.468
-0.475
-0.401
-0.378
-0.504
-0.616
-0.654
-0.815
-0.691
-0.605
-0.594
-0.501
-0.521
-0.398
-0.328
-0.341
-0.365
-0.443
-0.48
-0.49
-0.512
-0.259
-0.547
-0.389
-0.547
-0.454
-0.24
-0.156
-0.029
-0.099
-0.091
-0.211
-0.21
-0.118
-0.271
-0.176
-0.163
-0.2
-0.092
-0.028
0.001
-0.025
0.003
-0.191
0.024
-0.015
0.22
0.144
0.292
0.198
0.229
0.226
0.44
0.414
0.482
0.522
0.55
0.482
0.561
0.509
0.356
0.328
0.171
0.129
-0.04
-0.161
-0.268
-0.435
-0.487
-0.566
-0.604
-0.57
-0.426
-0.465
-0.551
-0.629
-0.866
-0.718
-0.701
-0.874
-0.649
-0.564
-0.559
-0.56
-0.541
-0.639
-0.679
-0.724
-0.854
-0.806
-0.907
-0.968
-1.066
-1.021
-1.028
-0.981
-0.816
-0.754
-0.61
-0.72
-0.69
-0.728
-0.703
-0.586
-0.635
-0.539
-0.466
-0.482
-0.362
-0.179
-0.152
-0.04
0.064
0.208
0.274
0.18
0.224
0.196
0.189
0.152
0.007
0.198
0.014
0.223
0.186
0.274
0.217
0.205
0.421
0.335
0.43
0.485
0.494
0.422
0.574
0.589
0.404
0.593
0.499
0.443
0.383
0.393
0.311
0.175
0.158
-0.024
0.06
0.016
-0.156
-0.129
-0.281
-0.208
-0.311
-0.385
-0.273
-0.479
-0.42
-0.479
-0.505
-0.45
-0.435
-0.329
-0.312
-0.297
-0.305
-0.321
-0.509
-0.415
-0.494
-0.371
-0.439
-0.156
-0.045
-0.09
0.033
0.065
0.166
0.355
0.463
0.464
0.471
0.579
0.901
0.854
0.994
1.15
1.174
1.179
1.324
1.191
1.221
1.113
1.113
1.009
0.848
0.914
0.979
0.863
0.96
0.971
1.061
1.07
0.973
0.941
0.929
0.859
0.733
0.781
0.7
0.751
0.593
0.575
0.492
0.323
0.44
0.314
0.188
0.126
-0.034
-0.059
-0.084
-0.083
-0.325
-0.362
-0.381
-0.434
-0.432
-0.435
-0.424
-0.544
-0.425
-0.379
-0.343
-0.307
-0.41
-0.41
-0.489
-0.424
-0.495
-0.464
-0.557
-0.511
-0.575
-0.485
-0.508
-0.48
-0.487
-0.527
-0.511
-0.494
-0.413
-0.362
-0.401
-0.346
-0.345
-0.201
0.003
0.004
0.128
0.113
0.134
0.274
0.176
0.236
0.235
0.292
0.396
0.334
0.451
0.29
0.422
0.324
0.391
0.294
0.17
0.062
0.149
0.15
0.131
0.081
0.062
0.101
0.16
0.072
0.201
0.14
0.211
0.135
0.151
0.1
0.01
-0.217
-0.315
-0.198
-0.404
-0.365
-0.294
-0.455
-0.372
-0.355
-0.48
-0.588
-0.698
-0.665
-0.703
-0.759
-0.819
-0.735
-0.733
-0.686
-0.688
-0.487
-0.435
-0.35
-0.346
-0.444
-0.46
-0.323
-0.169
-0.113
-0.211
-0.04
-0.29
-0.086
-0.173
-0.136
-0.176
-0.059
0.092
0.039
0.058
-0.025
-0.069
-0.03
0.036
0.095
0.12
0.118
0.065
0.215
0.161
0.028
0.126
0.3
0.288
0.238
0.349
0.352
0.245
0.233
0.247
0.326
0.251
0.193
0.189
0.118
0.233
0.217
0.306
0.2
0.212
0.136
0.259
0.179
0.209
0.121
0.141
-0.04
-0.177
-0.146
-0.101
-0.179
-0.173
-0.333
-0.258
-0.311
-0.451
-0.4
-0.366
-0.21
-0.315
-0.169
-0.094
-0.216
-0.249
-0.152
-0.135
-0.266
-0.119
-0.099
-0.155
-0.081
-0.133
-0.311
-0.199
-0.263
-0.306
-0.32
-0.156
-0.155
-0.454
-0.265
-0.286
-0.416
-0.427
-0.319
-0.341
-0.193
-0.111
0.135
0.043
0.016
0.131
0.182
0.406
0.219
0.206
0.056
0.133
0.139
0.048
0.059
-0.107
-0.215
-0.051
-0.122
0.019
-0.071
0.005
0.07
0.092
0.079
0.17
0.3
0.466
0.316
0.344
0.376
0.444
0.372
0.348
0.435
0.396
0.593
0.624
0.723
0.705
0.641
0.516
0.344
0.411
0.238
0.469
0.475
0.591
0.721
0.73
0.816
0.753
0.706
0.555
0.581
0.53
0.529
0.503
0.545
0.519
0.413
0.39
0.609
0.149
0.305
0.35
0.111
0.062
-0.052
-0.136
-0.217
-0.171
-0.19
-0.295
-0.005
-0.152
-0.133
-0.174
-0.208
-0.156
-0.189
-0.309
-0.291
-0.16
-0.188
-0.026
-0.189
-0.084
-0.138
-0.03
0.069
0.08
0.2
0.119
0.083
0.041
0.098
0.189
0.077
0.089
0.135
0.165
0.19
0.295
0.278
0.406
0.455
0.487
0.468
0.381
0.357
0.284
0.372
0.212
0.096
-0.138
-0.111
-0.166
-0.341
-0.492
-0.42
-0.359
-0.283
-0.405
-0.448
-0.519
-0.396
-0.583
-0.414
-0.426
-0.5
-0.461
-0.43
-0.38
-0.591
-0.323
-0.413
-0.399
-0.302
-0.37
-0.233
-0.189
-0.245
-0.2
-0.037
0.02
0.169
0.318
0.41
0.504
0.552
0.758
0.672
0.649
0.751
0.844
0.698
0.709
0.766
0.715
0.864
0.716
0.79
0.761
0.738
0.874
0.83
0.665
0.465
0.593
0.559
0.621
0.664
0.608
0.646
0.662
0.659
0.708
0.58
0.455
0.526
0.48
0.461
0.535
0.546
0.566
0.499
0.482
0.31
0.49
0.479
0.302
0.33
-0.018
0.101
0.101
0.121
0.044
0.103
0.149
-0.031
-0.122
-0.25
-0.212
-0.371
-0.431
-0.426
-0.393
-0.664
-0.907
-0.971
-1.019
-1.259
-1.376
-1.356
-1.232
-1.198
-1.284
-1.255
-1.137
-1.238
-1.268
-1.365
-1.349
-1.151
-1.254
-1.064
-1.103
-0.693
-0.759
-0.556
-0.388
-0.276
-0.26
-0.014
0.216
0.151
0.306
0.321
0.369
0.51
0.585
0.628
0.816
0.858
0.851
1.029
1.231
1.318
1.26
1.175
1.383
1.26
1.103
1.125
0.961
1.059
1.114
0.766
0.888
0.619
0.512
0.443
0.244
0.168
0.305
0.028
-0.056
-0.238
-0.432
-0.344
-0.415
-0.44
-0.299
-0.311
-0.369
-0.485
-0.662
-0.695
-0.665
-0.469
-0.431
-0.664
-0.566
-0.329
-0.283
-0.259
-0.188
-0.341
-0.29
-0.364
-0.242
-0.4
-0.168
-0.028
-0.084
-0.096
0.069
-0.113
-0.04
0.076
0.061
0.166
-0.045
0.05
0.034
-0.059
-0.346
-0.371
-0.404
-0.514
-0.581
-0.564
-0.635
-0.814
-0.834
-0.649
-0.814
-0.618
-0.497
-0.519
-0.359
-0.291
-0.138
-0.4
-0.095
-0.085
-0.16
-0.096
-0.27
-0.354
-0.331
-0.181
-0.096
-0.229
-0.049
-0.061
0.228
-0.03
-0.066
0.031
-0.051
-0.253
-0.175
-0.205
-0.201
-0.233
-0.195
-0.114
0.02
0.041
0.216
0.259
0.4
0.367
0.415
0.49
0.255
0.069
0.179
0.228
0.362
0.576
0.916
1.107
1.099
1.222
1.26
1.363
1.356
1.384
1.33
1.396
1.407
1.496
1.484
1.433
1.468
1.526
1.709
1.647
1.65
1.419
1.386
1.351
1.22
1.124
1.323
1.349
1.311
1.071
1.113
0.886
1.002
0.833
0.876
0.814
0.677
0.5
0.526
0.516
0.406
0.575
0.537
0.365
0.39
0.209
0.209
0.147
0.163
0.03
-0.103
-0.064
-0.041
-0.133
-0.216
-0.316
-0.425
-0.427
-0.584
-0.599
-0.733
-0.758
-0.744
-0.779
-0.655
-0.652
-0.388
-0.611
-0.584
-0.656
-0.615
-0.694
-0.629
-0.667
-0.59
-0.401
-0.343
-0.212
0.128
0.228
0.288
0.424
0.395
0.618
0.851
0.932
0.861
0.886
0.713
0.568
0.596
0.624
0.571
0.542
0.426
0.295
0.244
0.266
0.028
-0.124
-0.145
-0.278
-0.19
-0.29
-0.398
-0.323
-0.486
-0.339
-0.294
-0.247
-0.161
-0.165
-0.205
-0.263
-0.259
-0.255
-0.285
-0.408
-0.374
-0.624
-0.677
-0.766
-0.635
-0.655
-0.721
-0.725
-0.846
-0.821
-0.721
-0.453
-0.465
-0.491
-0.359
-0.372
-0.103
-0.139
-0.278
-0.361
-0.208
-0.195
-0.173
-0.226
-0.051
0.045
0.029
0.069
-0.003
0.143
-0.054
-0.09
-0.159
-0.1
-0.143
-0.206
-0.18
-0.321
-0.258
-0.173
-0.035
-0.015
0.046
-0.004
-0.069
-0.131
0.058
-0.044
-0.035
-0.044
-0.164
-0.166
-0.158
0.0
-0.091
-0.275
-0.206
-0.206
-0.338
-0.223
-0.25
-0.344
-0.301
-0.261
-0.13
-0.058
0.072
0.054
0.14
0.194
0.196
0.098
-0.036
0.037
0.058
-0.08
-0.024
-0.096
-0.124
-0.193
-0.258
-0.152
-0.206
-0.246
-0.159
-0.092
-0.273
-0.188
-0.149
-0.182
-0.17
-0.08
0.066
0.066
0.106
0.228
0.359
0.466
0.588
0.574
0.76
0.641
0.459
0.426
0.344
0.324
0.422
0.341
0.174
0.233
0.312
0.312
0.203
0.28
0.27
0.281
0.406
0.242
0.141
-0.111
-0.114
-0.071
-0.245
-0.018
-0.011
0.006
0.144
0.024
-0.066
-0.16
-0.28
-0.453
-0.473
-0.318
-0.311
-0.278
-0.193
-0.323
-0.2
-0.296
-0.326
-0.359
-0.33
-0.276
-0.473
-0.383
-0.359
-0.456
-0.334
-0.304
-0.249
-0.279
-0.114
-0.075
0.051
0.16
0.259
0.321
0.185
0.283
0.105
0.077
0.145
0.028
0.081
-0.158
-0.176
-0.299
-0.549
-0.42
-0.583
-0.517
-0.414
-0.469
-0.559
-0.564
-0.62
-0.526
-0.524
-0.416
-0.315
-0.355
-0.384
-0.255
-0.215
-0.294
-0.326
-0.434
-0.62
-0.544
-0.482
-0.6
-0.539
-0.645
-0.526
-0.603
-0.554
-0.406
-0.422
-0.331
-0.291
-0.274
-0.226
-0.226
-0.071
0.05
0.196
0.219
0.109
-0.106
-0.124
-0.116
-0.136
-0.208
-0.285
-0.356
-0.421
-0.522
-0.516
-0.604
-0.58
-0.495
-0.562
-0.58
-0.585
-0.46
-0.494
-0.515
-0.601
-0.484
-0.576
-0.503
-0.575
-0.614
-0.352
-0.55
-0.444
-0.569
-0.642
-0.461
-0.455
-0.31
-0.154
-0.034
0.05
0.13
-0.088
0.015
0.12
0.151
0.236
0.14
0.449
0.383
0.42
0.453
0.585
0.635
0.521
0.466
0.458
0.636
0.618
0.664
0.685
0.777
0.86
0.677
0.68
0.761
0.546
0.557
0.571
0.497
0.351
0.565
0.465
0.647
0.57
0.443
0.396
0.51
0.422
0.208
0.139
0.217
0.165
-0.121
-0.31
-0.253
-0.316
-0.266
-0.054
-0.214
-0.125
-0.194
-0.3
-0.309
-0.355
-0.254
-0.233
-0.052
-0.079
0.051
-0.09
-0.074
-0.098
-0.158
-0.154
-0.224
0.031
0.161
0.266
0.28
0.338
0.435
0.421
0.5
0.56
0.501
0.593
0.709
0.681
0.596
0.715
0.609
0.688
0.825
0.849
0.796
0.734
0.573
0.54
0.444
0.517
0.344
0.461
0.271
0.223
0.024
0.041
-0.101
-0.3
-0.362
-0.511
-0.549
-0.544
-0.475
-0.294
-0.258
-0.318
-0.4
-0.268
-0.241
-0.21
-0.253
-0.256
-0.291
-0.231
-0.21
-0.216
-0.066
-0.096
0.014
0.171
0.114
-0.05
-0.104
-0.081
-0.083
-0.14
-0.08
0.166
0.009
0.045
-0.075
-0.246
-0.177
-0.275
-0.194
-0.217
-0.22
-0.194
-0.185
-0.14
-0.113
-0.31
-0.191
-0.289
-0.362
-0.378
-0.156
-0.189
-0.254
-0.152
-0.138
-0.171
-0.189
-0.145
-0.06
-0.05
0.119
0.072
0.195
0.283
0.268
0.362
0.239
0.316
0.289
0.365
0.336
0.481
0.385
0.304
0.409
0.414
0.453
0.369
0.411
0.511
0.628
0.524
0.639
0.601
0.552
0.534
0.384
0.355
0.351
0.256
0.256
0.122
0.065
0.163
0.084
0.205
0.005
-0.136
-0.144
-0.224
-0.208
-0.273
-0.297
-0.319
-0.311
-0.305
-0.453
-0.554
-0.335
-0.594
-0.509
-0.551
-0.601
-0.52
-0.432
-0.515
-0.448
-0.388
-0.351
-0.286
-0.281
-0.43
-0.41
-0.335
-0.356
-0.321
-0.376
-0.436
-0.343
-0.326
-0.38
-0.258
-0.439
-0.359
-0.241
-0.145
-0.149
-0.196
-0.058
-0.065
-0.109
-0.133
-0.109
0.06
-0.034
0.062
-0.056
-0.104
-0.075
-0.245
-0.131
-0.249
-0.36
-0.276
-0.186
-0.195
-0.152
-0.181
-0.203
-0.094
0.014
0.015
0.095
0.111
0.14
0.163
0.166
0.152
0.094
0.234
0.133
0.147
0.165
0.088
0.141
0.059
0.155
0.116
-0.014
0.196
0.231
0.271
0.245
0.276
0.294
0.384
0.455
0.536
0.5
0.564
0.578
0.744
0.81
0.774
0.848
0.949
0.708
0.638
0.604
0.463
0.424
0.486
0.654
0.554
0.53
0.499
0.534
0.491
0.319
0.416
0.438
0.509
0.486
0.439
0.669
0.799
0.823
0.949
0.726
0.781
0.729
0.497
0.445
0.174
0.326
0.379
0.349
0.351
0.206
0.149
0.329
0.333
0.189
0.209
0.196
-0.016
-0.111
-0.076
-0.273
-0.261
-0.341
-0.544
-0.65
-0.56
-0.609
-0.441
-0.453
-0.379
-0.438
-0.62
-0.656
-0.454
-0.405
-0.426
-0.348
-0.234
-0.231
-0.281
-0.22
-0.003
-0.062
0.044
0.111
-0.061
-0.01
0.048
0.147
0.111
-0.003
0.111
0.009
-0.075
-0.19
-0.241
-0.145
-0.163
-0.264
-0.436
-0.374
-0.136
0.084
0.005
0.198
0.297
0.259
0.247
0.274
0.214
0.071
0.128
0.065
-0.01
0.005
-0.077
0.141
0.186
0.118
-0.096
-0.079
0.069
0.007
-0.018
0.144
0.196
0.306
0.42
0.366
0.489
0.566
0.714
0.801
0.854
0.766
0.965
1.041
1.069
1.061
1.04
1.066
1.116
0.976
0.991
1.119
1.015
1.153
1.421
1.371
1.504
1.299
1.36
1.349
1.361
1.225
1.143
1.125
1.179
1.106
0.956
0.911
0.741
0.547
0.455
0.426
0.339
0.551
0.425
0.445
0.504
0.499
0.509
0.539
0.554
0.444
0.336
0.409
0.255
0.323
0.141
0.086
0.174
0.083
0.103
-0.016
-0.276
-0.371
-0.241
-0.372
-0.564
-0.671
-0.564
-0.265
-0.326
-0.365
-0.371
-0.235
-0.426
-0.414
-0.441
-0.176
-0.396
-0.24
-0.266
-0.189
-0.124
-0.141
-0.105
-0.195
-0.165
-0.004
-0.051
-0.168
-0.323
-0.121
-0.32
-0.307
-0.251
-0.217
-0.291
-0.329
-0.152
0.184
0.069
0.18
0.14
0.193
0.219
0.11
0.234
0.22
0.081
0.091
0.236
0.124
0.056
0.22
0.208
0.364
0.221
0.206
-0.044
-0.274
-0.184
-0.395
-0.374
-0.28
-0.209
-0.258
-0.366
-0.323
-0.323
-0.385
-0.376
-0.14
0.01
0.076
0.072
-0.072
-0.126
0.029
-0.096
-0.054
0.009
-0.215
-0.195
-0.33
-0.426
-0.512
-0.516
-0.75
-0.723
-0.838
-0.938
-1.016
-1.123
-1.095
-1.18
-1.076
-1.246
-1.224
-1.039
-1.093
-1.127
-1.15
-1.09
-1.076
-1.136
-1.203
-0.974
-0.869
-0.768
-0.725
-0.693
-0.797
-0.729
-0.806
-0.906
-1.002
-1.189
-1.166
-0.981
-1.001
-0.774
-0.559
-0.334
-0.254
-0.104
0.048
0.104
0.35
0.5
0.434
0.393
0.439
0.6
0.741
0.839
0.77
0.819
0.738
0.893
0.77
0.721
0.64
0.68
-2.635
0.595
0.71
0.746
0.699
0.724
0.526
0.489
0.256
0.372
0.372
0.39
0.326
0.235
0.045
-0.07
-0.235
-0.285
-0.496
-0.44
-0.575
-0.751
-0.905
-0.828
-0.93
-0.981
-0.814
-0.93
-1.068
-0.934
-0.861
-0.939
-0.738
-0.864
-0.691
-0.519
-0.381
-0.323
-0.319
-0.42
-0.624
-0.432
-0.417
-0.378
-0.453
-0.459
-0.689
-0.478
-0.573
-0.364
-0.334
-0.288
-0.059
-0.009
0.085
0.235
0.325
0.667
0.634
0.791
0.87
0.864
0.932
0.954
0.902
1.124
1.27
1.181
1.093
0.981
1.114
1.165
1.084
1.094
0.953
0.792
0.726
0.519
0.514
0.482
0.608
0.478
0.334
0.242
0.164
0.131
0.165
0.058
0.094
-0.029
-0.191
0.028
-0.121
-0.146
-0.104
-0.05
0.118
0.035
0.23
0.189
0.182
0.186
0.062
0.225
0.158
0.048
0.095
-0.091
-0.291
-0.203
-0.383
-0.352
-0.421
-0.461
-0.471
-0.508
-0.239
-0.367
-0.307
-0.319
-0.343
-0.323
-0.302
-0.233
-0.304
-0.12
0.051
0.058
0.09
0.196
0.152
0.155
0.151
0.144
0.022
0.081
0.409
0.271
0.403
0.421
0.196
0.549
0.311
0.496
0.503
0.339
0.324
0.489
0.394
0.46
0.574
0.657
0.713
0.489
0.736
0.599
0.508
0.504
0.705
0.699
0.738
0.833
0.81
0.839
0.594
0.495
0.474
0.309
0.366
0.389
0.21
0.158
-0.004
-0.174
-0.295
-0.399
-0.616
-0.825
-0.902
-1.004
-1.041
-1.113
-1.259
-1.209
-1.316
-1.312
-1.396
-1.615
