-0.345
-0.529
-0.604
-0.58
-0.464
-0.289
-0.174
-0.156
-0.089
0.072
-0.013
0.022
0.244
0.408
0.486
0.501
0.555
0.5
0.61
0.645
0.699
0.674
0.73
0.644
0.718
0.775
0.753
0.711
0.669
0.755
0.729
0.901
0.891
0.756
0.905
0.841
1.015
0.896
0.865
0.986
0.979
0.993
0.894
0.854
0.911
0.961
0.941
0.8
0.794
0.771
0.745
0.703
0.699
0.506
0.495
0.456
0.39
0.3
0.283
0.177
0.154
0.238
0.007
-0.086
-0.146
-0.12
-0.215
-0.206
-0.489
-0.435
-0.573
-0.614
-0.716
-0.601
-0.571
-0.73
-0.755
-0.684
-0.66
-0.599
-0.772
-0.55
-0.718
-0.696
-0.675
-0.75
-0.591
-0.549
-0.529
-0.586
-0.395
-0.297
-0.225
-0.255
-0.38
-0.443
-0.562
-0.583
-0.537
-0.512
-0.435
-0.589
-0.661
-0.628
-0.611
-0.527
-0.547
-0.512
-0.43
-0.294
-0.184
-0.083
-0.05
0.075
0.041
0.028
0.003
0.118
0.191
0.219
0.325
0.546
0.723
0.628
0.672
0.785
0.812
0.812
0.807
0.92
0.864
0.986
1.094
1.105
1.085
1.107
1.06
0.915
0.82
0.791
0.731
0.584
0.436
0.299
0.196
0.145
0.029
-0.188
-0.307
-0.471
-0.49
-0.589
-0.675
-0.666
-0.662
-0.639
-0.645
-0.71
-0.555
-0.635
-0.646
-0.691
-0.738
-0.784
-0.724
-0.628
-0.7
-0.655
-0.66
-0.802
-0.711
-0.605
-0.709
-0.705
-0.718
-0.878
-0.816
-0.83
-0.716
-0.794
-0.779
-0.771
-0.726
-0.65
-0.611
-0.517
-0.434
-0.393
-0.425
-0.389
-0.324
-0.175
-0.274
-0.111
-0.212
-0.077
-0.001
0.069
0.125
-0.118
0.177
0.161
0.185
0.37
0.169
0.463
0.438
0.555
0.562
0.406
0.444
0.409
0.435
0.497
0.505
0.546
0.372
0.42
0.276
0.278
0.527
0.479
0.372
0.445
0.48
0.456
0.573
0.522
0.417
0.425
0.453
0.41
0.396
0.487
0.421
0.393
0.352
0.372
0.375
0.284
0.39
0.265
0.176
0.315
0.092
0.266
0.278
0.234
0.285
0.225
0.224
0.129
0.16
0.099
0.003
0.033
-0.02
0.085
0.16
0.233
0.23
0.351
0.378
0.417
0.345
0.479
0.4
0.463
0.497
0.444
0.552
0.416
0.625
0.66
0.618
0.449
0.33
0.329
0.365
0.22
0.212
0.022
-0.083
-0.095
-0.235
-0.225
-0.223
-0.193
-0.149
-0.179
-0.21
-0.106
-0.224
-0.105
-0.049
-0.362
-0.316
-0.43
-0.596
-0.626
-0.623
-0.797
-0.833
-0.995
-0.995
-0.871
-0.886
-0.954
-0.949
-0.846
-0.81
-0.901
-0.825
-1.052
-1.088
-0.958
-1.091
-1.224
-1.194
-1.268
-1.288
-1.126
-1.163
-1.01
-0.97
-0.945
-0.787
-0.764
-0.636
-0.603
-0.625
-0.552
-0.559
-0.459
-0.403
-0.144
-0.1
-0.03
0.114
0.069
0.173
0.24
0.399
0.555
0.659
0.636
0.684
0.733
0.731
0.786
0.7
0.776
0.801
0.618
0.55
0.635
0.665
0.473
0.519
0.661
0.633
0.796
0.791
0.77
0.741
0.69
0.776
0.628
0.68
0.68
0.772
0.73
0.735
0.858
0.671
0.746
0.705
0.688
0.642
0.756
0.781
0.765
0.84
0.782
0.797
0.755
0.68
0.679
0.515
0.52
0.421
0.529
0.406
0.333
0.35
0.216
0.269
0.069
-0.103
-0.217
-0.279
-0.338
-0.486
-0.58
-0.482
-0.465
-0.536
-0.492
-0.61
-0.504
-0.478
-0.555
-0.458
-0.539
-0.406
-0.482
-0.339
-0.42
-0.588
-0.475
-0.549
-0.554
-0.623
-0.608
-0.669
-0.601
-0.527
-0.575
-0.413
-0.233
-0.071
-0.083
-0.033
-0.106
-0.033
-0.133
-0.065
0.158
0.046
0.176
0.135
0.364
0.331
0.413
0.621
0.54
0.573
0.598
0.536
0.641
0.661
0.729
0.674
0.536
0.585
0.478
0.541
0.501
0.489
0.432
0.299
0.305
0.149
0.056
0.094
0.007
0.051
0.143
0.198
0.182
0.155
0.152
0.216
0.188
0.251
0.205
0.16
0.294
0.184
0.166
0.214
0.271
0.254
0.281
0.154
0.171
0.219
0.106
-0.029
-0.118
-0.15
-0.344
-0.449
-0.427
-0.589
-0.657
-0.785
-0.694
-0.691
-0.633
-0.586
-0.68
-0.645
-0.836
-0.694
-0.828
-0.736
-0.741
-0.725
-0.649
-0.623
-0.535
-0.662
-0.598
-0.588
-0.559
-0.629
-0.738
-0.739
-0.776
-0.919
-0.931
-0.983
-0.994
-1.045
-0.88
-0.82
-0.79
-0.79
-0.725
-0.679
-0.576
-0.529
-0.485
-0.432
-0.394
-0.236
-0.128
-0.025
0.086
0.271
0.396
0.541
0.635
0.774
0.865
0.891
0.936
1.018
1.129
1.099
1.311
1.131
1.151
1.036
0.911
0.854
0.753
0.869
0.67
0.726
0.776
0.601
0.588
0.646
0.484
0.451
0.212
0.299
0.176
0.152
0.283
0.201
0.006
0.136
0.033
-0.01
0.009
0.088
-0.046
-0.034
0.128
0.064
0.07
0.128
0.024
0.043
-0.084
-0.115
-0.104
-0.034
-0.129
-0.198
-0.275
-0.168
-0.152
-0.163
-0.281
-0.266
-0.415
-0.355
-0.294
-0.427
-0.425
-0.419
-0.463
-0.315
-0.33
-0.238
-0.374
-0.348
-0.295
-0.33
-0.273
-0.346
-0.485
-0.406
-0.503
-0.357
-0.36
-0.32
-0.214
-0.203
-0.12
0.081
0.231
0.424
0.299
0.121
0.203
0.283
0.494
0.383
0.608
0.588
0.562
0.751
0.806
0.875
0.981
0.984
1.236
1.07
1.13
1.208
1.036
0.981
0.979
0.985
0.984
1.019
0.917
0.698
0.603
0.5
0.279
0.256
0.064
0.036
-0.045
-0.161
-0.203
-0.324
-0.306
-0.096
-0.136
-0.128
-0.196
-0.279
-0.314
-0.328
-0.328
-0.25
-0.311
-0.335
-0.319
-0.3
-0.453
-0.495
-0.443
-0.465
-0.41
-0.505
-0.556
-0.629
-0.497
-0.446
-0.408
-0.451
-0.455
-0.319
-0.378
-0.35
-0.438
-0.321
-0.378
-0.291
-0.238
-0.211
-0.238
-0.302
-0.336
-0.35
-0.38
-0.339
-0.348
-0.409
-0.417
-0.346
-0.31
-0.235
-0.295
-0.398
-0.241
-0.336
-0.269
-0.355
-0.29
-0.254
-0.198
-0.071
-0.182
-0.122
0.155
0.208
0.205
0.21
0.163
0.259
0.246
0.284
0.274
0.278
0.295
0.482
0.466
0.505
0.496
0.324
0.294
0.289
0.126
0.122
0.036
0.0
-0.14
-0.251
-0.198
-0.235
-0.131
-0.026
-0.158
-0.128
-0.177
-0.072
0.033
-0.014
-0.011
0.048
0.084
0.365
0.268
0.321
0.364
0.45
0.449
0.584
0.517
0.515
0.485
0.517
0.395
0.319
0.294
0.163
0.196
0.22
0.058
0.046
0.043
0.064
0.177
0.048
0.133
-0.055
0.026
0.006
-0.03
0.059
0.164
0.258
0.266
0.143
-0.058
0.024
0.118
-0.01
0.041
0.004
-0.021
-0.03
-0.039
-0.086
-0.174
-0.145
-0.138
-0.171
-0.238
-0.307
-0.323
-0.258
-0.206
-0.273
-0.236
-0.27
-0.134
-0.169
-0.186
-0.244
-0.119
-0.096
-0.095
-0.116
-0.134
-0.25
-0.145
-0.174
-0.125
-0.166
-0.037
-0.24
-0.284
-0.431
-0.326
-0.436
-0.562
-0.453
-0.562
-0.595
-0.682
-0.674
-0.721
-0.666
-0.644
-0.532
-0.646
-0.542
-0.463
-0.411
-0.505
-0.393
-0.366
-0.4
-0.414
-0.434
-0.324
-0.374
-0.296
-0.305
-0.354
-0.241
-0.291
-0.391
-0.4
-0.401
-0.408
-0.469
-0.43
-0.375
-0.419
-0.409
-0.343
-0.316
-0.141
-0.14
0.039
0.079
0.077
0.101
0.158
0.145
0.151
0.146
0.149
0.203
0.161
0.216
0.239
0.144
0.122
0.203
0.177
0.161
0.01
0.12
0.07
0.074
0.185
0.208
0.107
0.028
0.041
-0.059
-0.165
-0.195
-0.134
-0.259
-0.297
-0.338
-0.301
-0.348
-0.414
-0.385
-0.405
-0.441
-0.581
-0.631
-0.58
-0.715
-0.656
-0.569
-0.6
-0.623
-0.598
-0.603
-0.562
-0.598
-0.629
-0.669
-0.495
-0.624
-0.417
-0.473
-0.485
-0.352
-0.296
-0.118
-0.074
-0.119
-0.05
0.04
0.051
0.043
-0.005
0.114
0.021
0.066
0.009
0.009
0.031
0.152
0.136
0.185
0.1
0.161
0.168
0.159
0.128
0.128
0.289
0.359
0.386
0.466
0.288
0.383
0.29
0.305
0.294
0.219
0.206
0.143
0.033
-0.021
-0.105
-0.151
-0.095
-0.235
-0.24
-0.376
-0.365
-0.36
-0.371
-0.266
-0.43
-0.416
-0.466
-0.503
-0.415
-0.58
-0.458
-0.381
-0.378
-0.372
-0.435
-0.321
-0.352
-0.339
-0.339
-0.324
-0.268
-0.359
-0.238
-0.289
-0.361
-0.134
-0.155
-0.188
-0.118
-0.212
-0.146
-0.089
-0.095
-0.055
-0.088
0.185
0.156
0.085
0.095
0.079
0.146
0.217
0.231
0.135
0.156
0.076
0.134
0.164
0.118
0.111
0.115
0.062
0.074
0.021
0.041
0.044
0.016
0.036
0.039
0.022
0.069
0.048
-0.016
0.021
-0.056
0.02
0.075
-0.015
-0.056
0.004
0.031
0.118
0.119
0.074
0.037
0.001
-0.016
-0.022
-0.039
-0.014
0.052
0.062
0.021
-0.001
0.055
0.081
0.088
0.039
0.049
0.018
-0.025
-0.011
-0.051
-0.143
-0.188
-0.16
-0.159
-0.185
-0.203
-0.233
-0.17
-0.158
-0.191
-0.075
-0.028
-0.036
0.051
0.051
-0.111
0.009
-0.028
0.08
0.105
0.01
0.05
0.092
0.064
-0.025
-0.016
0.021
-0.054
-0.084
0.031
-0.174
-0.019
0.095
0.079
0.173
0.106
0.139
0.14
0.128
0.179
0.07
0.072
0.209
0.134
0.099
0.086
0.107
0.119
0.116
0.11
0.104
0.211
0.219
0.352
0.381
0.27
0.405
0.307
0.479
0.389
0.26
0.372
0.328
0.331
0.355
0.283
0.316
0.27
0.212
0.295
0.129
0.17
0.116
0.092
0.06
-0.059
0.049
0.016
0.141
0.211
-0.026
0.0
-0.051
-0.022
0.048
-0.098
-0.021
-0.043
-0.02
-0.055
-0.13
-0.149
-0.059
0.01
-0.052
-0.046
-0.129
-0.089
-0.049
-0.151
-0.15
-0.258
-0.194
-0.233
-0.206
-0.185
-0.224
-0.158
-0.228
-0.217
-0.13
-0.2
-0.189
-0.182
-0.168
-0.245
-0.224
-0.23
-0.255
-0.294
-0.362
-0.29
-0.309
-0.349
-0.395
-0.301
-0.246
-0.288
-0.448
-0.336
-0.505
-0.44
-0.485
-0.504
-0.527
-0.547
-0.46
-0.429
-0.441
-0.376
-0.396
-0.265
-0.431
-0.366
-0.405
-0.357
-0.291
-0.285
-0.225
-0.266
-0.245
-0.291
-0.193
-0.208
-0.249
-0.13
-0.141
-0.086
-0.154
-0.14
-0.046
-0.051
0.043
-0.021
0.083
0.046
0.02
-0.018
0.086
-0.001
-0.105
-0.001
-0.036
0.003
-0.084
-0.009
-0.037
-0.08
0.007
-0.056
-0.077
-0.12
-0.155
-0.049
-0.173
-0.247
-0.19
-0.216
-0.221
-0.193
-0.306
-0.288
-0.391
-0.254
-0.215
-0.226
-0.255
-0.372
-0.315
-0.345
-0.319
-0.414
-0.333
-0.372
-0.354
-0.306
-0.256
-0.231
-0.221
-0.224
-0.221
-0.103
-0.169
-0.086
-0.075
-0.08
0.011
0.054
0.064
0.084
0.036
0.058
0.122
0.052
0.003
0.01
0.007
-0.072
-0.022
0.059
0.0
-0.029
-0.025
0.049
-0.021
0.034
0.116
0.056
0.151
0.152
0.185
0.292
0.229
0.288
0.135
0.23
0.275
0.238
0.409
0.314
0.28
0.249
0.285
0.242
0.188
0.302
0.193
0.242
0.289
0.274
0.211
0.259
0.346
0.364
0.352
0.386
0.396
0.372
0.415
0.316
0.318
0.253
0.225
0.241
0.151
0.101
0.064
0.065
0.177
0.054
0.056
0.01
-0.129
-0.048
-0.141
-0.115
-0.098
-0.175
-0.019
-0.17
-0.161
-0.229
-0.181
-0.076
-0.163
-0.14
-0.221
-0.29
-0.245
-0.306
-0.364
-0.335
-0.309
-0.28
-0.345
-0.331
-0.344
-0.28
-0.228
-0.283
-0.242
-0.274
-0.374
-0.285
-0.36
-0.259
-0.217
-0.224
-0.251
-0.238
-0.281
-0.229
-0.113
-0.193
-0.203
-0.168
-0.138
-0.156
-0.196
-0.049
-0.131
-0.13
-0.154
-0.019
-0.05
-0.105
-0.009
-0.094
0.022
-0.031
0.03
0.096
0.046
0.103
-0.005
0.055
0.026
0.054
0.062
0.024
0.003
0.011
0.072
0.02
0.071
0.0
0.06
0.136
0.01
0.103
0.12
0.084
0.124
0.037
0.101
0.089
0.12
0.17
0.12
0.081
0.025
0.04
0.001
0.114
0.121
0.098
0.066
0.111
0.118
0.205
0.145
0.095
0.155
0.143
0.096
0.14
0.095
0.149
0.129
0.141
0.188
0.075
0.163
0.109
0.099
0.098
0.046
0.121
0.021
0.066
-0.01
0.006
0.026
-0.025
0.004
-0.028
0.03
0.051
0.014
-0.028
-0.029
0.033
0.001
0.018
-0.077
-0.221
-0.179
-0.058
-0.161
-0.147
-0.206
-0.212
-0.128
-0.2
-0.254
-0.261
-0.24
-0.224
-0.369
-0.234
-0.369
-0.45
-0.329
-0.403
-0.427
-0.343
-0.378
-0.345
-0.378
-0.45
-0.406
-0.354
-0.307
-0.374
-0.362
-0.325
-0.344
-0.261
-0.258
-0.189
-0.249
-0.139
-0.185
-0.211
-0.141
-0.141
-0.079
-0.084
-0.109
-0.034
-0.035
-0.035
0.016
0.031
0.045
0.071
0.109
0.066
0.06
0.134
-0.003
-0.018
-0.121
-0.095
-0.075
-0.052
-0.124
-0.076
-0.077
-0.013
-0.046
-0.143
-0.13
-0.175
-0.179
-0.079
-0.041
0.115
0.034
0.076
0.103
0.076
0.116
0.122
0.168
0.165
0.16
0.131
0.006
0.1
0.025
0.028
-0.046
0.041
-0.033
0.021
0.056
-0.099
0.084
0.028
0.054
-0.018
-0.036
-0.021
-0.119
-0.122
-0.081
-0.018
-0.019
-0.006
-0.044
0.062
0.15
0.075
0.111
0.06
0.055
0.043
-0.022
0.091
-0.089
-0.059
-0.103
-0.069
-0.022
-0.026
0.12
0.251
0.155
0.159
0.092
0.14
0.188
0.135
0.1
-0.004
-0.019
0.043
-0.026
0.035
0.065
0.104
0.094
0.164
0.199
0.166
0.174
0.072
0.025
0.035
0.001
0.07
-0.026
-0.054
-0.045
-0.034
-0.077
-0.051
-0.035
0.01
0.028
0.058
0.092
0.062
0.177
0.051
0.028
0.025
-0.004
0.1
0.033
-0.015
0.035
0.005
0.065
0.051
0.134
0.141
0.092
0.158
0.007
-0.045
-0.089
-0.126
-0.136
-0.198
-0.107
-0.028
0.0
0.055
-0.036
0.005
-0.106
-0.05
-0.125
-0.129
-0.088
-0.077
-0.12
-0.126
-0.1
-0.02
-0.016
-0.074
-0.066
-0.039
0.013
0.001
0.058
0.045
-0.05
0.005
-0.056
-0.116
-0.094
-0.076
-0.045
-0.035
-0.009
0.06
-0.143
-0.006
0.025
0.096
0.062
-0.075
0.171
0.145
0.195
0.223
0.19
0.346
0.3
0.321
0.335
0.245
0.4
0.492
0.43
0.555
0.516
0.731
0.755
0.826
0.888
0.75
0.812
0.718
0.868
0.849
0.806
0.917
0.835
0.823
0.876
0.946
0.927
1.028
0.871
0.86
0.893
0.805
0.81
0.8
0.819
0.709
0.66
0.659
0.511
0.659
0.51
0.503
0.409
0.349
0.291
0.289
0.365
0.296
0.212
0.19
0.158
0.223
0.1
0.083
0.138
0.011
0.129
0.069
-0.019
-0.085
0.066
-0.159
0.011
0.041
0.034
0.23
0.225
0.258
0.329
0.176
0.122
0.203
0.27
0.144
0.076
-0.006
-0.014
-0.126
-0.208
-0.269
-0.29
-0.278
-0.28
-0.404
-0.449
-0.42
-0.436
-0.435
-0.324
-0.253
-0.314
-0.259
-0.203
-0.09
-0.109
-0.044
0.028
-0.061
-0.1
-0.079
0.101
0.066
0.05
0.184
0.164
0.285
0.366
0.379
0.406
0.351
0.456
0.495
0.631
0.474
0.319
0.41
0.307
0.314
0.319
0.145
0.118
-0.107
-0.11
-0.228
-0.329
-0.242
-0.343
-0.376
-0.359
-0.503
-0.441
-0.443
-0.539
-0.511
-0.744
-0.693
-0.708
-0.835
-0.924
-0.912
-0.981
-0.975
-0.951
-1.03
-1.066
-1.113
-1.04
-1.006
-0.991
-1.001
-0.905
-0.956
-0.916
-0.888
-0.87
-0.797
-0.736
-0.772
-0.638
-0.638
-0.446
-0.47
-0.062
-0.214
-0.14
0.024
0.104
0.145
0.159
0.366
0.503
0.53
0.721
0.858
0.936
0.976
1.061
1.169
1.126
1.076
1.236
1.15
1.131
1.084
1.076
1.002
1.052
0.969
0.876
0.848
0.516
0.391
0.307
0.288
0.238
0.101
-0.081
-0.146
-0.212
-0.242
-0.321
-0.268
-0.33
-0.296
-0.3
-0.273
-0.264
-0.357
-0.291
-0.37
-0.3
-0.479
-0.291
-0.234
-0.206
-0.281
-0.348
-0.28
-0.369
-0.422
-0.39
-0.352
-0.29
-0.405
-0.52
-0.429
-0.54
-0.62
-0.62
-0.765
-0.83
-0.921
-1.008
-1.008
-0.889
-0.924
-0.846
-0.743
-0.693
-0.642
-0.571
-0.639
-0.645
-0.593
-0.578
-0.521
-0.486
-0.37
-0.285
-0.11
0.168
0.144
0.196
0.158
0.366
0.312
0.506
0.432
0.562
0.603
0.728
0.806
0.954
0.985
1.002
1.06
1.081
1.086
1.019
1.133
1.144
1.126
1.144
1.165
1.109
1.241
1.046
0.97
0.853
0.768
0.794
0.69
0.439
0.341
0.274
0.31
0.124
0.101
-0.118
0.06
-0.089
-0.219
-0.245
-0.295
-0.386
-0.425
-0.289
-0.32
-0.266
-0.296
-0.369
-0.32
-0.454
-0.461
-0.482
-0.439
-0.494
-0.453
-0.454
-0.581
-0.571
-0.604
-0.584
-0.539
-0.494
-0.48
-0.61
-0.514
-0.657
-0.693
-0.816
-0.841
-0.589
-0.82
-0.598
-0.417
-0.408
-0.219
-0.453
-0.516
-0.413
-0.427
-0.29
-0.297
-0.145
-0.145
-0.11
-0.024
-0.006
0.052
0.228
0.077
0.105
0.026
0.003
0.109
0.011
-0.01
0.013
-0.101
-0.062
-0.264
-0.152
-0.15
0.077
0.079
0.039
0.125
-0.013
0.141
0.113
0.084
0.059
-0.024
-0.11
-0.205
-0.201
-0.103
-0.346
-0.286
-0.284
-0.28
-0.362
-0.352
-0.338
-0.194
-0.22
-0.105
-0.3
-0.286
-0.344
-0.3
-0.338
-0.641
-0.684
-0.851
-0.968
-0.85
-1.01
-0.929
-1.041
-0.929
-0.769
-0.768
-0.873
-0.785
-0.758
-0.618
-0.669
-0.8
-0.694
-0.804
-0.684
-0.713
-0.829
-0.608
-0.599
-0.492
-0.463
-0.43
-0.401
-0.344
-0.301
-0.455
-0.379
-0.413
-0.522
-0.588
-0.715
-0.706
-0.728
-0.549
-0.512
-0.588
-0.556
-0.586
-0.527
-0.568
-0.561
-0.426
-0.32
-0.318
-0.307
-0.366
-0.465
-0.32
-0.362
-0.364
-0.315
-0.149
-0.133
-0.173
-0.208
-0.091
-0.081
0.076
-0.026
-0.018
-0.226
-0.253
-0.064
-0.159
-0.08
-0.25
-0.105
-0.307
-0.081
-0.335
-0.445
-0.492
-0.573
-0.474
-0.436
-0.661
-0.781
-0.728
-0.705
-0.618
-0.667
-0.708
-0.746
-0.716
-0.691
-0.595
-0.521
-0.521
-0.399
-0.436
-0.449
-0.596
-0.388
-0.214
-0.357
-0.24
-0.275
-0.26
-0.174
-0.259
-0.345
-0.221
-0.278
-0.174
-0.168
-0.159
-0.188
-0.231
-0.146
-0.226
-0.318
-0.393
-0.323
-0.281
-0.171
-0.133
-0.169
-0.083
-0.076
-0.088
-0.185
-0.185
-0.31
-0.223
-0.205
-0.389
-0.155
-0.264
-0.166
-0.371
-0.309
-0.188
-0.125
0.058
-0.009
0.136
0.039
0.186
0.288
0.275
0.246
0.378
0.131
0.119
-0.024
0.081
-0.048
-0.06
-0.121
-0.159
-0.22
-0.059
-0.083
-0.212
-0.409
-0.443
-0.481
-0.453
-0.512
-0.455
-0.439
-0.552
-0.59
-0.639
-0.61
-0.799
-0.584
-0.639
-0.519
-0.426
-0.45
-0.537
-0.535
-0.425
-0.336
-0.109
-0.041
0.049
0.263
0.21
0.139
0.128
0.138
0.166
0.092
0.168
0.04
0.092
0.246
0.295
0.176
0.209
0.144
0.115
0.031
0.106
0.115
0.182
0.291
0.286
0.085
0.138
0.085
0.045
0.015
0.089
0.348
0.39
0.261
0.281
0.155
0.171
0.245
0.269
0.329
0.265
0.229
0.084
0.033
-0.044
-0.025
-0.125
-0.122
0.009
-0.03
-0.014
-0.005
0.158
0.113
0.289
0.441
0.351
0.362
0.328
0.409
0.508
0.465
0.429
0.492
0.443
0.512
0.541
0.517
0.45
0.491
0.495
0.526
0.496
0.46
0.466
0.436
0.575
0.61
0.444
0.283
0.379
0.455
0.409
0.584
0.583
0.401
0.247
0.321
0.46
0.37
0.403
0.36
0.443
0.381
0.311
0.333
0.311
0.466
0.389
0.406
0.455
0.367
0.492
0.413
0.564
0.547
0.578
0.526
0.535
0.652
0.629
0.631
0.545
0.564
0.652
0.721
0.74
0.745
0.833
0.834
0.828
0.685
0.566
0.367
0.23
0.129
-0.024
-0.098
-0.215
-0.135
-0.307
-0.375
-0.401
-0.49
-0.338
-0.468
-0.621
-0.494
-0.506
-0.536
-0.556
-0.676
-0.711
-0.684
-0.511
-0.545
-0.611
-0.584
-0.58
-0.657
-0.769
-0.845
-0.76
-0.74
-0.766
-0.811
-0.946
-0.743
-0.825
-0.642
-0.315
-0.2
-0.048
0.061
0.171
0.214
0.211
0.276
0.323
0.357
0.254
0.156
0.26
0.321
0.28
0.329
0.3
0.27
0.111
-0.022
0.048
-0.152
-0.088
-0.036
-0.052
-0.044
-0.146
-0.061
-0.169
-0.175
-0.107
-0.225
-0.099
-0.25
-0.261
-0.116
-0.343
-0.319
-0.24
-0.297
-0.302
-0.361
-0.312
-0.36
-0.456
-0.594
-0.642
-0.551
-0.52
-0.666
-0.68
-0.804
-0.676
-0.505
-0.575
-0.536
-0.331
-0.367
-0.374
-0.4
-0.341
-0.448
-0.304
-0.291
-0.254
