0.245
0.264
0.194
0.295
0.279
0.451
0.532
0.573
0.526
0.562
0.589
0.438
0.393
0.318
0.43
0.367
0.599
0.804
0.725
0.879
0.971
0.938
0.939
0.75
0.72
0.897
0.995
1.032
1.044
0.932
0.871
0.835
0.836
0.848
0.879
0.7
0.677
0.619
0.426
0.315
0.314
0.268
0.058
-0.29
-0.573
-0.926
-0.968
-0.996
-1.114
-1.094
-1.111
-0.858
-0.749
-0.991
-1.093
-0.98
-1.071
-1.149
-1.173
-1.083
-1.147
-1.105
-1.134
-0.995
-0.996
-0.92
-0.899
-0.775
-0.791
-0.743
-0.676
-0.555
-0.568
-0.495
-0.681
-0.682
-0.772
-0.815
-0.936
-1.041
-1.046
-1.104
-1.005
-0.934
-0.769
-0.669
-0.681
-0.716
-0.82
-0.799
-0.758
-0.836
-0.734
-0.968
-0.958
-0.921
-0.741
-0.704
-0.554
-0.439
-0.274
-0.164
-0.176
-0.22
-0.046
0.015
-0.091
-0.13
-0.094
0.0
0.114
0.236
0.285
0.299
0.416
0.554
0.662
0.644
0.699
0.753
0.71
0.704
0.681
0.713
0.693
0.595
0.449
0.446
0.426
0.346
0.43
0.471
0.517
0.492
0.495
0.367
0.421
0.316
0.249
0.254
0.217
0.234
0.024
-0.125
-0.239
-0.299
-0.155
-0.065
-0.037
0.041
-0.049
-0.098
-0.103
-0.168
-0.166
-0.181
-0.165
-0.333
-0.32
-0.29
-0.291
-0.079
-0.158
-0.212
-0.306
-0.224
-0.391
-0.469
-0.485
-0.525
-0.461
-0.586
-0.525
-0.522
-0.49
-0.425
-0.514
-0.461
-0.461
-0.378
-0.278
-0.105
-0.081
-0.124
-0.22
-0.289
-0.393
-0.515
-0.489
-0.372
-0.164
-0.226
-0.056
-0.26
-0.37
-0.302
-0.411
-0.35
-0.41
-0.289
-0.335
-0.26
-0.242
-0.229
-0.125
-0.034
-0.126
-0.285
-0.219
-0.194
-0.203
-0.224
-0.385
-0.408
-0.44
-0.485
-0.372
-0.512
-0.372
-0.339
-0.224
-0.08
-0.05
0.169
0.075
0.331
0.508
0.72
0.8
0.816
0.744
0.754
0.671
0.55
0.508
0.466
0.417
0.326
0.29
0.174
0.205
0.14
0.126
0.062
-0.251
-0.221
-0.072
-0.143
-0.176
-0.18
-0.054
0.055
-0.129
-0.235
-0.3
-0.292
-0.173
-0.21
-0.184
-0.193
-0.356
-0.288
-0.221
-0.196
-0.212
-0.23
-0.22
-0.205
-0.166
-0.045
-0.151
-0.164
-0.131
-0.114
-0.212
-0.273
-0.051
0.066
-0.003
-0.104
-0.058
0.014
0.114
0.101
-0.007
0.128
0.184
0.165
0.169
0.205
0.143
0.1
0.182
0.129
0.242
0.381
0.408
0.526
0.484
0.448
0.366
0.432
0.366
0.41
0.434
0.39
0.527
0.345
0.393
0.145
0.12
0.12
-0.065
0.036
0.028
0.006
0.196
0.215
0.283
0.21
0.253
0.214
0.125
0.171
0.234
0.241
0.05
0.058
0.111
-0.01
0.02
0.139
0.059
0.056
-0.173
-0.185
-0.195
-0.319
-0.419
-0.491
-0.562
-0.51
-0.302
-0.385
-0.434
-0.44
-0.328
-0.268
-0.334
-0.173
-0.139
-0.048
0.254
0.254
0.211
0.296
0.26
0.295
0.416
0.294
0.209
0.215
0.151
-0.035
-0.13
-0.261
-0.175
-0.184
-0.151
-0.143
-0.212
-0.186
-0.278
-0.166
-0.286
-0.219
-0.273
-0.289
-0.365
-0.46
-0.524
-0.47
-0.552
-0.588
-0.574
-0.614
-0.74
-0.819
-0.885
-0.845
-0.792
-0.876
-0.785
-0.944
-0.973
-0.925
-0.688
-0.586
-0.568
-0.444
-0.541
-0.611
-0.662
-0.565
-0.565
-0.504
-0.482
-0.561
-0.372
-0.459
-0.309
-0.122
0.003
0.121
0.058
0.101
0.139
0.265
0.329
0.299
0.404
0.385
0.42
0.394
0.391
0.482
0.255
0.225
0.223
0.208
0.21
0.274
0.305
0.286
0.346
0.47
0.581
0.652
0.685
0.804
0.799
0.781
0.826
0.739
0.636
0.578
0.463
0.516
0.463
0.32
0.261
0.321
0.343
0.399
0.52
0.569
0.579
0.616
0.611
0.662
0.639
0.695
0.789
0.665
0.713
0.605
0.474
0.448
0.345
0.278
0.037
0.003
-0.141
-0.223
-0.138
-0.27
-0.304
-0.334
-0.459
-0.56
-0.459
-0.521
-0.593
-0.8
-0.725
-0.786
-0.824
-0.745
-0.775
-0.69
-0.729
-0.875
-0.771
-0.911
-0.915
-0.951
-1.016
-0.904
-0.993
-0.959
-0.883
-0.795
-0.73
-0.715
-0.542
-0.547
-0.376
-0.352
-0.244
-0.152
-0.065
0.171
0.216
0.247
0.275
0.297
0.383
0.606
0.614
0.652
0.526
0.378
0.379
0.331
0.51
0.486
0.426
0.419
0.311
0.176
0.113
0.115
0.066
-0.035
0.114
0.177
0.219
0.21
0.107
0.126
0.236
0.124
0.408
0.29
0.31
0.26
0.263
0.291
0.503
0.561
0.666
0.672
0.679
0.629
0.579
0.691
0.88
0.981
0.774
0.72
0.438
0.372
0.421
0.193
0.211
0.19
0.193
0.028
-0.135
-0.128
-0.265
-0.356
-0.426
-0.575
-0.604
-0.693
-0.616
-0.661
-0.594
-0.599
-0.46
-0.432
-0.193
-0.098
-0.234
-0.21
-0.259
-0.236
-0.22
-0.309
-0.224
-0.486
-0.359
-0.485
-0.474
-0.635
-0.56
-0.574
-0.501
-0.393
-0.532
-0.545
-0.527
-0.695
-0.661
-0.581
-0.766
-0.701
-0.556
-0.524
-0.376
-0.33
-0.295
-0.18
-0.198
-0.21
-0.019
0.086
0.033
0.152
0.199
0.234
0.163
0.146
0.133
0.263
0.411
0.292
0.311
0.033
-0.025
0.031
-0.028
-0.092
-0.096
-0.024
0.011
0.003
-0.149
-0.199
-0.211
-0.146
-0.028
-0.081
-0.019
-0.09
0.048
0.058
-0.065
-0.08
-0.158
0.025
0.05
-0.007
-0.037
0.143
0.134
0.174
0.143
0.103
0.226
0.209
0.279
0.182
0.12
0.139
0.304
0.348
0.295
0.07
0.414
0.365
0.568
0.421
0.724
0.579
0.774
0.715
0.795
0.699
0.766
0.77
0.83
0.739
0.579
0.525
0.525
0.57
0.4
0.44
0.415
0.247
0.41
0.175
0.113
0.288
0.228
0.259
0.2
0.177
0.242
0.156
0.158
0.169
0.155
0.083
0.22
0.041
0.049
0.001
0.007
-0.024
0.046
0.02
0.02
-0.04
-0.074
-0.285
-0.25
-0.203
-0.076
0.024
-0.006
-0.126
0.026
0.134
-0.043
0.007
-0.021
0.03
-0.086
-0.253
-0.3
-0.463
-0.501
-0.541
-0.691
-0.529
-0.726
-0.492
-0.616
-0.815
-0.651
-0.743
-0.831
-0.811
-0.699
-0.715
-0.609
-0.426
-0.31
-0.249
-0.235
-0.35
-0.383
-0.235
-0.181
-0.088
-0.163
-0.088
-0.034
0.055
0.044
0.18
-0.031
0.17
-0.011
0.048
0.224
0.328
0.596
0.46
0.414
0.506
0.604
0.561
0.583
0.606
0.511
0.501
0.475
0.481
0.461
0.517
0.372
0.404
0.379
0.294
0.141
0.354
0.286
0.156
0.339
0.224
0.299
0.263
0.29
0.23
0.294
0.194
0.203
0.098
0.434
0.165
0.352
0.245
0.29
0.31
0.269
0.343
0.345
0.432
0.5
0.527
0.593
0.541
0.644
0.59
0.705
0.672
0.636
0.679
0.681
0.739
0.604
0.736
0.705
0.69
0.838
0.679
0.936
0.812
0.718
0.711
0.718
0.94
0.921
0.917
0.899
0.92
0.907
0.983
1.049
0.951
0.896
0.944
0.96
0.894
0.826
0.865
0.761
0.662
0.754
0.756
0.709
0.626
0.531
0.362
0.359
0.348
0.259
0.138
0.005
0.02
-0.043
-0.076
-0.14
-0.009
0.12
0.081
0.185
0.111
0.039
0.048
-0.072
-0.059
-0.299
-0.451
-0.568
-0.599
-0.713
-0.74
-0.792
-1.059
-1.07
-1.186
-1.276
-1.334
-1.345
-1.347
-1.29
-1.347
-1.229
-1.211
-1.406
-1.164
-1.491
-1.421
-1.491
-1.484
-1.491
-1.586
-1.367
-1.463
-1.472
-1.203
-1.149
-1.042
-1.101
-1.125
-1.095
-0.965
-1.075
-1.034
-0.92
-0.801
-0.834
-0.851
-0.606
-0.537
-0.598
-0.484
-0.554
-0.46
-0.345
-0.309
-0.261
-0.147
-0.24
-0.209
0.005
-0.176
-0.119
-0.074
-0.016
0.144
0.084
0.198
0.15
0.206
0.314
0.38
0.482
0.561
0.616
0.469
0.409
0.258
0.225
0.2
0.005
0.052
0.205
0.378
0.426
0.682
0.666
0.805
0.838
1.044
1.08
1.006
0.948
0.985
1.135
1.31
1.275
1.295
1.393
1.256
1.278
1.36
1.271
1.241
1.18
1.425
1.508
1.598
1.599
1.536
1.474
1.686
1.665
1.625
1.494
1.812
1.751
1.861
1.825
1.905
1.959
1.843
1.789
1.511
1.579
1.576
1.615
1.47
1.181
1.338
1.171
0.96
0.895
0.86
0.825
0.771
0.941
0.871
0.81
0.784
0.598
0.672
0.571
0.424
0.236
0.285
0.401
0.22
0.03
-0.234
-0.122
-0.147
-0.076
-0.119
-0.191
-0.09
-0.234
-0.23
-0.236
-0.379
-0.346
-0.165
-0.251
-0.344
-0.4
-0.329
-0.351
-0.391
-0.417
-0.393
-0.271
-0.215
0.048
0.134
-0.124
-0.261
-0.193
-0.33
-0.331
-0.255
-0.149
-0.168
-0.354
-0.394
-0.562
-0.474
-0.603
-0.789
-0.768
-0.833
-0.65
-0.64
-0.427
-0.246
-0.217
-0.101
-0.215
-0.259
-0.365
-0.416
-0.398
-0.314
-0.2
-0.159
-0.168
-0.238
-0.374
-0.432
-0.441
-0.455
-0.469
-0.594
-0.537
-0.478
-0.408
-0.549
-0.439
-0.578
-0.47
-0.401
-0.249
-0.445
-0.581
-0.75
-0.888
-0.959
-0.932
-0.993
-1.039
-0.899
-0.858
-0.846
-0.984
-1.11
-0.975
-0.912
-0.953
-1.038
-0.999
-1.022
-1.011
-1.009
-1.048
-1.143
-1.04
-1.084
-1.133
-1.107
-1.019
-0.973
-0.734
-0.888
-0.834
-0.75
-0.807
-0.72
-0.656
-0.586
-0.434
-0.284
-0.238
-0.283
-0.411
-0.441
-0.365
-0.338
-0.249
-0.193
-0.223
-0.485
-0.512
-0.403
-0.264
-0.111
-0.15
-0.169
0.135
0.034
0.131
0.143
0.296
0.45
0.512
0.674
0.656
0.794
0.649
0.719
0.704
0.665
0.583
0.58
0.706
0.593
0.672
0.604
0.56
0.441
0.436
0.474
0.361
0.236
0.209
-0.086
0.049
-0.024
-0.118
-0.396
-0.656
-0.579
-0.615
-0.656
-0.656
-0.524
-0.714
-0.738
-0.517
-0.584
-0.566
-0.56
-0.468
-0.239
-0.253
-0.092
-0.133
-0.134
0.049
0.056
0.116
0.279
0.221
0.265
0.217
0.242
0.429
0.51
0.68
0.651
0.539
0.521
0.67
0.611
0.449
0.391
0.386
0.355
0.394
0.335
0.175
0.307
0.128
0.104
-0.138
-0.268
-0.372
-0.652
-0.797
-0.916
-0.949
-1.022
-1.014
-0.994
-0.996
-0.953
-0.973
-0.976
-0.927
-0.811
-0.9
-0.772
-0.647
-0.556
-0.279
-0.185
-0.149
-0.168
-0.07
0.014
0.149
0.048
0.205
0.166
0.188
0.256
0.429
0.574
0.53
0.583
0.529
0.549
0.466
0.319
0.391
0.244
0.362
0.326
0.182
0.176
0.221
0.196
0.265
0.215
0.288
0.324
0.41
0.33
0.4
0.33
0.27
0.355
0.466
0.421
0.415
0.426
0.529
0.559
0.349
0.022
-0.1
-0.239
-0.095
-0.088
-0.113
-0.04
-0.198
-0.345
-0.39
-0.56
-0.593
-0.614
-0.787
-0.8
-1.04
-1.16
-1.115
-1.028
-1.0
-1.038
-0.985
-0.921
-0.781
-0.876
-0.708
-0.879
-0.818
-0.696
-0.715
-0.539
-0.515
-0.408
-0.305
-0.266
0.055
0.265
0.367
0.422
0.608
0.485
0.66
0.664
0.608
0.756
0.699
0.699
0.694
0.621
0.614
0.584
0.603
0.487
0.495
0.497
0.434
0.388
0.141
0.229
0.05
-0.182
-0.253
-0.446
-0.424
-0.408
-0.385
-0.515
-0.479
-0.454
-0.514
-0.464
-0.61
-0.529
-0.61
-0.59
-0.65
-0.581
-0.487
-0.49
-0.371
-0.531
-0.496
-0.524
-0.411
-0.379
-0.408
-0.445
-0.499
-0.31
-0.351
-0.394
-0.51
-0.471
-0.573
-0.611
-0.578
-0.595
-0.599
-0.517
-0.491
-0.525
-0.479
-0.389
-0.399
-0.371
-0.465
-0.346
-0.359
-0.239
-0.168
-0.199
0.072
0.041
0.224
0.17
0.133
0.163
0.115
0.254
0.223
0.315
0.155
0.425
0.561
0.723
0.718
0.75
0.846
0.665
0.685
0.675
0.626
0.695
0.849
1.001
0.912
0.927
0.91
0.881
0.854
0.723
0.696
0.604
0.489
0.715
0.506
0.371
0.216
0.076
0.163
0.036
-0.186
-0.372
-0.432
-0.609
-0.636
-0.83
-0.93
-0.936
-0.826
-0.841
-0.718
-0.514
-0.471
-0.465
-0.517
-0.403
-0.466
-0.511
-0.629
-0.594
-0.45
-0.438
-0.438
-0.411
-0.471
-0.448
-0.263
-0.22
-0.211
-0.216
-0.069
-0.048
0.161
0.319
0.329
0.328
0.228
0.235
0.208
0.166
0.165
0.198
0.05
0.131
0.04
-0.014
-0.016
0.129
0.041
-0.01
-0.021
0.084
-0.072
-0.12
-0.149
-0.031
-0.175
-0.149
0.065
0.064
0.089
0.115
0.013
-0.056
-0.036
-0.145
0.014
0.16
0.138
0.374
0.372
0.463
0.478
0.5
0.604
0.652
0.564
0.478
0.482
0.527
0.554
0.541
0.618
0.435
0.346
0.307
0.174
0.261
0.314
0.336
0.455
0.404
0.367
0.331
0.341
0.456
0.369
0.443
0.413
0.366
0.325
0.196
0.251
0.466
0.656
0.644
0.58
0.424
0.29
0.195
0.136
0.208
0.284
0.27
0.136
0.011
-0.146
-0.228
-0.36
-0.409
-0.388
-0.494
-0.48
-0.534
-0.552
-0.48
-0.366
-0.346
-0.33
-0.158
-0.184
-0.019
-0.033
-0.186
-0.266
-0.265
-0.286
-0.321
-0.408
-0.316
-0.586
-0.6
-0.591
-0.609
-0.609
-0.591
-0.549
-0.474
-0.635
-0.606
-0.615
-0.594
-0.549
-0.511
-0.539
-0.532
-0.579
-0.427
-0.403
-0.399
-0.49
-0.369
-0.164
-0.224
-0.32
-0.226
-0.133
-0.058
-0.051
-0.145
0.074
0.076
0.033
0.122
0.079
0.136
0.059
0.035
0.037
0.056
0.045
-0.044
-0.081
0.019
0.056
-0.003
-0.111
-0.089
-0.24
-0.326
-0.352
-0.425
-0.395
-0.48
-0.494
-0.48
-0.555
-0.52
-0.58
-0.535
-0.573
-0.463
-0.614
-0.574
-0.749
-0.699
-0.646
-0.641
-0.566
-0.455
-0.3
-0.403
-0.331
-0.318
-0.395
-0.294
-0.211
-0.209
0.001
-0.041
0.061
0.182
0.299
0.393
0.44
0.64
0.537
0.64
0.556
0.514
0.54
0.562
0.671
0.564
0.566
0.749
0.708
0.758
0.801
0.682
0.53
0.439
0.565
0.52
0.338
0.413
0.359
0.311
0.245
0.238
0.091
0.007
-0.007
0.064
-0.118
0.022
-0.194
-0.223
-0.25
-0.274
-0.166
-0.198
-0.201
-0.245
-0.45
-0.517
-0.556
-0.314
-0.36
-0.522
-0.509
-0.59
-0.604
-0.6
-0.494
-0.455
-0.305
-0.129
-0.069
-0.131
0.011
0.033
0.058
0.359
0.316
0.44
0.591
0.63
0.797
0.848
0.821
0.981
0.948
1.055
1.088
0.949
0.981
1.044
0.955
1.031
1.01
1.006
0.981
0.981
1.028
1.109
1.095
1.0
0.907
0.975
1.157
1.155
1.259
1.328
1.282
1.336
1.288
1.29
1.211
1.35
1.36
1.151
1.314
1.239
1.27
1.17
1.209
1.193
1.107
1.045
0.79
0.924
0.809
0.675
0.618
0.503
0.427
0.246
0.158
0.239
-0.245
-0.341
-0.186
-0.285
-0.516
-0.593
-0.654
-0.75
-0.77
-0.8
-0.926
-0.98
-1.075
-1.225
-1.414
-1.341
-1.57
-1.383
-1.336
-1.354
-1.472
-1.292
-1.458
-1.426
-1.524
-1.502
-1.161
-0.97
-0.797
-0.779
-0.621
-0.615
-0.571
-0.367
-0.311
-0.199
0.166
0.348
0.37
0.688
0.753
1.014
1.01
0.988
1.143
1.374
1.469
1.449
1.558
1.604
1.646
1.67
1.586
1.619
1.586
1.616
1.806
1.566
1.451
1.478
1.495
1.515
1.444
1.321
1.167
1.32
1.196
1.105
0.964
0.926
0.713
0.557
0.54
0.5
0.456
0.478
0.307
0.147
-0.034
-0.235
-0.385
-0.357
-0.28
-0.302
-0.367
-0.578
-0.399
-0.269
-0.35
-0.43
-0.588
-0.315
-0.329
-0.367
-0.429
-0.649
-0.616
-0.714
-0.642
-0.304
-0.175
-0.28
-0.285
-0.43
-0.004
-0.069
-0.083
-0.104
-0.217
-0.129
-0.134
-0.179
-0.036
-0.109
-0.013
0.034
-0.014
-0.064
-0.01
0.099
0.165
0.405
0.394
0.623
0.714
0.821
0.936
1.035
0.881
0.855
0.834
0.652
0.66
0.604
0.734
0.656
0.753
0.634
0.531
0.596
0.588
0.466
0.501
0.461
0.464
0.361
0.386
0.219
0.175
0.12
0.119
-0.072
-0.011
-0.122
-0.019
-0.241
-0.323
-0.478
-0.404
-0.371
-0.346
-0.526
-0.644
-0.608
-0.828
-0.72
-0.704
-0.936
-0.865
-0.81
-0.44
-0.355
-0.177
-0.376
-0.125
-0.151
-0.105
-0.161
0.158
0.065
0.21
0.275
0.228
0.306
0.25
0.339
0.383
0.265
0.194
0.221
0.321
0.291
0.131
0.136
0.11
0.259
0.459
0.344
0.223
0.103
0.021
-0.051
-0.151
-0.249
-0.364
-0.343
-0.333
-0.32
-0.217
-0.409
-0.468
-0.497
-0.345
-0.359
-0.411
-0.365
-0.591
-0.542
-0.565
-0.603
-0.55
-0.479
-0.61
-0.667
-0.623
-0.672
-0.579
-0.58
-0.51
-0.495
-0.555
-0.42
-0.47
-0.45
-0.504
-0.522
-0.278
-0.343
-0.291
-0.124
-0.046
-0.071
-0.159
0.075
0.089
0.278
0.191
0.258
0.435
0.32
0.468
0.514
0.53
0.756
0.806
0.812
0.814
0.633
0.672
0.594
0.565
0.576
0.57
0.614
0.684
0.695
0.868
0.812
0.949
0.893
0.753
0.786
0.708
0.575
0.45
0.333
0.45
0.301
0.286
0.234
0.143
0.185
0.033
-0.076
-0.115
-0.263
-0.259
-0.404
-0.499
-0.594
-0.522
-0.522
-0.49
-0.461
-0.54
-0.55
-0.64
-0.735
-0.68
-0.76
-0.595
-0.541
-0.478
-0.426
-0.331
-0.258
-0.118
0.01
0.001
-0.091
-0.151
-0.129
0.01
-0.086
-0.099
0.005
-0.039
-0.006
0.069
0.321
0.396
0.449
0.629
0.522
0.486
0.52
0.258
0.3
0.23
0.221
0.094
0.033
-0.051
-0.223
-0.254
-0.314
-0.302
-0.389
-0.491
-0.484
-0.532
-0.635
-0.765
-0.67
-0.615
-0.557
-0.636
-0.761
-0.71
-0.834
-0.769
-0.794
-0.666
-0.815
-0.829
-0.761
-0.879
-0.7
-0.786
-0.639
-0.681
-0.694
-0.562
-0.569
-0.504
-0.609
-0.601
-0.492
-0.398
-0.357
-0.391
-0.37
-0.275
-0.454
-0.391
-0.38
-0.256
-0.138
-0.169
-0.005
-0.14
-0.1
-0.212
-0.256
-0.196
-0.061
-0.077
-0.021
-0.215
-0.275
-0.366
-0.284
-0.144
-0.113
-0.235
-0.083
-0.109
-0.05
0.006
0.001
0.143
0.221
0.468
0.339
0.355
0.571
0.709
0.624
0.711
0.734
0.675
0.741
0.704
0.735
0.596
0.729
0.619
0.569
0.564
0.586
0.596
0.517
0.651
0.615
0.585
0.425
0.114
0.024
-0.138
-0.177
-0.36
-0.516
-0.479
-0.526
-0.516
-0.439
-0.534
-0.384
-0.499
-0.524
-0.527
-0.451
-0.635
-0.444
-0.631
-0.492
-0.635
-0.775
-0.71
-0.771
-0.809
-0.695
-0.766
-0.805
-1.012
-0.843
-0.584
-0.58
-0.694
-0.611
-0.45
-0.492
-0.48
-0.448
-0.393
-0.286
-0.223
-0.18
-0.046
0.044
0.247
0.426
0.381
0.425
0.39
0.434
0.491
0.359
0.349
0.4
0.486
0.401
0.403
0.546
0.556
0.75
0.834
1.046
0.853
0.924
0.879
0.88
0.863
0.779
0.921
0.843
0.815
0.664
0.571
0.671
0.605
0.585
0.489
0.179
0.014
0.01
-0.136
-0.151
-0.074
-0.092
-0.079
-0.133
-0.177
-0.239
-0.281
-0.169
-0.357
-0.284
-0.168
-0.029
0.049
0.198
0.231
0.15
0.135
0.045
0.079
0.088
0.088
0.119
0.165
0.394
0.509
0.719
0.741
0.796
0.669
0.557
0.427
0.35
0.401
0.338
0.391
0.259
0.396
0.3
0.196
0.109
0.098
0.128
0.12
0.107
-0.035
-0.206
-0.3
-0.492
-0.629
-0.654
-0.794
-0.6
-0.73
-0.76
-0.624
-0.557
-0.458
-0.219
-0.152
-0.205
-0.374
-0.374
-0.318
-0.326
-0.296
-0.376
-0.454
-0.366
-0.3
-0.427
-0.315
-0.203
-0.14
-0.28
-0.323
-0.375
-0.492
-0.304
0.06
0.092
-0.014
0.088
0.079
-0.071
-0.007
-0.145
-0.024
-0.058
-0.009
-0.046
-0.062
-0.05
-0.23
-0.295
-0.441
-0.511
-0.401
-0.372
-0.499
-0.551
-0.559
-0.56
-0.745
-0.709
-0.771
-0.677
-0.75
-0.893
-0.999
-1.094
-1.133
-1.12
-1.12
-1.069
-1.012
-1.084
-0.866
-0.924
-0.641
-0.492
-0.45
-0.496
-0.61
-0.348
-0.321
-0.278
-0.275
-0.037
-0.037
-0.062
-0.098
-0.041
0.203
0.19
0.205
0.177
0.264
0.278
0.231
0.233
0.1
0.3
0.254
0.359
0.371
0.453
0.554
0.591
0.509
0.519
0.443
0.614
0.601
0.559
0.661
0.682
0.825
0.761
0.755
0.578
0.376
0.42
0.426
0.383
0.338
0.404
0.211
0.284
0.095
0.014
0.091
0.005
0.024
0.045
-0.043
-0.048
-0.13
-0.318
-0.376
-0.43
-0.469
-0.461
-0.581
-0.351
-0.54
-0.517
-0.609
-0.726
-0.539
-0.519
-0.473
-0.474
-0.379
-0.399
-0.51
-0.436
-0.374
-0.346
-0.297
-0.281
-0.385
-0.474
-0.641
-0.745
-0.728
-0.665
-0.764
-0.638
-0.646
-0.623
-0.37
-0.281
-0.229
-0.203
