0.554
0.794
0.78
0.775
0.635
0.579
0.666
0.356
0.406
0.258
0.185
0.126
0.126
0.091
0.089
-0.126
-0.105
-0.094
-0.264
-0.05
-0.065
0.024
0.013
0.13
0.321
0.481
0.463
0.475
0.662
0.825
0.618
0.565
0.71
0.901
0.789
0.674
0.724
0.682
0.823
0.603
0.525
0.689
0.439
0.581
0.545
0.421
0.446
0.16
0.225
0.05
-0.034
-0.009
-0.301
-0.285
-0.522
-0.33
-0.359
-0.333
-0.245
-0.236
-0.166
-0.134
-0.09
-0.083
0.058
0.121
-0.069
0.092
-0.231
0.015
-0.182
-0.258
-0.096
0.211
0.056
0.223
0.176
0.059
-0.018
-0.044
-0.051
-0.059
0.024
0.059
-0.103
0.06
-0.113
0.025
-0.004
0.05
0.103
0.1
0.018
0.128
0.04
-0.094
-0.086
-0.037
0.268
0.38
0.295
0.333
0.31
0.316
0.273
0.453
0.319
0.375
0.334
0.199
0.201
0.141
0.072
-0.074
-0.212
-0.375
-0.696
-0.741
-1.078
-1.115
-1.03
-0.971
-1.079
-0.902
-0.91
-0.986
-0.791
-0.781
-0.713
-0.848
-0.554
-0.601
-0.524
-0.438
-0.362
-0.378
-0.11
-0.175
-0.036
-0.141
-0.065
0.083
0.261
0.62
0.636
0.744
0.792
0.904
0.874
0.935
0.969
0.899
0.87
1.107
1.173
0.907
0.794
0.811
0.682
0.979
1.104
1.05
0.95
0.899
1.014
0.843
0.734
0.768
0.568
0.48
0.364
0.434
0.253
0.329
0.145
0.234
0.161
0.024
-0.186
-0.309
-0.55
-0.487
-0.333
-0.475
-0.689
-0.889
-0.946
-0.985
-0.863
-0.594
-0.354
-0.495
-0.468
-0.299
-0.359
-0.314
-0.149
-0.247
-0.361
-0.416
-0.348
-0.194
-0.054
-0.084
-0.118
0.357
0.465
0.357
0.371
0.261
0.194
0.255
0.354
0.336
0.562
0.514
0.464
0.465
0.738
0.72
0.791
0.769
0.764
0.659
0.755
0.728
0.647
0.456
0.341
0.441
0.38
0.16
-0.031
-0.113
-0.13
-0.284
-0.346
-0.525
-0.455
-0.551
-0.291
-0.362
-0.323
-0.485
-0.406
-0.346
-0.299
-0.32
-0.624
-0.541
-0.621
-0.799
-1.051
-1.078
-1.14
-1.116
-1.13
-1.069
-1.042
-1.051
-1.025
-0.994
-0.915
-1.07
-1.05
-0.984
-0.98
-0.897
-0.888
-0.646
-0.789
-0.916
-0.925
-0.863
-0.74
-0.855
-0.753
-0.371
-0.534
-0.294
-0.564
-0.371
-0.343
-0.17
-0.23
-0.04
-0.119
0.138
0.408
0.473
0.53
0.557
0.787
0.904
1.022
1.031
1.126
1.133
1.141
1.094
1.154
1.1
1.304
1.153
1.238
1.355
1.423
1.544
1.736
1.691
1.492
1.246
1.278
1.349
1.321
1.363
1.185
1.154
1.04
0.889
0.605
0.647
0.346
0.381
0.444
0.429
0.432
0.541
0.41
0.281
0.316
0.026
-0.01
-0.138
-0.151
-0.439
-0.611
-0.539
-0.51
-0.42
-0.438
-0.395
-0.191
-0.297
-0.226
-0.371
-0.64
-0.774
-0.768
-0.782
-0.785
-0.797
-0.938
-1.016
-1.284
-1.232
-1.22
-1.261
-1.226
-1.154
-1.181
-1.144
-1.062
-1.176
-1.137
-1.126
-1.215
-1.175
-1.133
-0.964
-1.116
-1.097
-1.061
-0.969
-0.886
-0.7
-0.63
-0.621
-0.585
-0.415
-0.39
-0.118
-0.079
-0.02
-0.022
0.186
0.254
0.425
0.501
0.583
0.61
0.471
0.469
0.432
0.574
0.323
0.301
0.261
-0.014
0.205
0.164
0.158
0.116
-0.011
-0.021
-0.005
-0.151
-0.139
-0.194
-0.168
-0.029
-0.189
-0.343
-0.323
-0.419
-0.301
-0.429
-0.355
-0.417
-0.199
-0.228
-0.209
-0.294
-0.193
-0.17
-0.089
-0.07
-0.151
-0.122
-0.089
-0.085
-0.024
0.184
0.223
0.505
0.546
0.784
0.861
0.854
0.932
1.189
1.129
1.088
1.111
1.056
0.902
0.941
0.815
0.672
0.708
0.583
0.591
0.49
0.399
0.296
0.216
0.143
0.069
0.126
0.236
0.301
0.186
0.103
-0.054
0.173
0.285
0.256
0.318
0.194
0.069
0.116
-0.12
-0.296
-0.364
-0.473
-0.664
-0.588
-0.733
-0.716
-0.655
-0.794
-0.725
-0.508
-0.604
-0.775
-0.772
-0.644
-0.646
-0.454
-0.403
-0.058
-0.089
-0.025
0.199
0.279
0.417
0.3
0.446
0.459
0.522
0.525
0.453
0.229
0.314
0.274
0.138
0.185
0.076
-0.15
-0.145
-0.357
-0.374
-0.388
-0.361
-0.506
-0.626
-0.554
-0.541
-0.391
-0.239
-0.231
-0.217
-0.164
-0.228
-0.23
-0.079
-0.154
-0.133
-0.134
-0.27
-0.26
-0.28
-0.134
-0.096
-0.064
0.151
0.302
0.526
0.57
0.59
0.797
0.804
0.897
0.8
1.019
1.22
1.143
1.31
1.27
1.619
1.47
1.518
1.413
1.361
1.461
1.614
1.474
1.323
1.113
0.85
0.985
1.031
0.97
0.849
0.733
0.616
0.555
0.478
0.603
0.348
0.579
0.214
0.107
0.208
0.155
0.188
0.075
-0.044
-0.02
-0.065
0.06
0.035
-0.09
-0.077
-0.196
-0.195
-0.155
-0.21
-0.171
-0.338
-0.311
-0.463
-0.655
-0.701
-0.686
-0.806
-0.897
-1.074
-1.048
-1.068
-1.125
-1.039
-0.83
-0.708
-0.625
-0.43
-0.398
-0.596
-0.489
-0.314
-0.058
0.0
0.216
0.302
0.17
0.432
0.367
0.456
0.606
0.83
0.878
1.111
1.034
0.81
0.675
0.724
0.782
0.899
0.8
0.841
0.675
0.907
0.833
0.821
0.909
0.958
0.95
1.103
1.058
0.814
0.796
0.917
0.771
0.806
0.818
0.715
0.968
0.796
0.905
0.979
0.724
0.536
0.314
0.362
0.224
0.12
0.244
0.209
0.135
-0.154
0.2
0.035
-0.126
-0.121
-0.225
-0.094
-0.152
-0.27
-0.379
-0.455
-0.619
-0.745
-0.635
-0.714
-0.719
-0.765
-0.723
-0.652
-0.552
-0.72
-0.598
-0.487
-0.438
-0.522
-0.554
-0.479
-0.306
-0.345
-0.37
-0.128
-0.191
-0.104
-0.214
-0.307
-0.366
-0.463
-0.471
-0.415
-0.195
-0.206
-0.128
0.02
0.225
0.16
-0.136
0.099
0.171
-0.071
-0.169
-0.291
-0.391
-0.499
-0.47
-0.386
-0.436
-0.417
-0.436
-0.286
-0.541
-0.662
-0.595
-0.611
-0.921
-0.981
-1.065
-0.799
-0.868
-0.705
-0.634
-0.509
-0.139
-0.291
-0.01
0.074
0.143
0.249
0.367
0.171
0.403
0.432
0.646
1.069
1.109
1.429
1.284
1.434
1.405
1.64
1.51
1.571
1.795
1.59
1.67
1.475
1.234
1.074
1.07
0.72
0.854
0.644
0.645
0.735
0.463
0.645
0.113
0.12
0.091
-0.086
-0.174
-0.269
-0.271
-0.285
-0.156
-0.275
-0.296
-0.324
-0.45
-0.24
-0.329
-0.31
-0.348
-0.564
-0.235
-0.37
-0.369
-0.294
-0.055
0.125
0.259
0.235
0.33
0.366
0.366
0.398
0.427
0.356
0.517
0.615
0.542
0.64
0.536
0.406
0.062
0.231
0.094
0.034
-0.066
-0.066
0.009
0.166
0.234
0.478
0.251
0.115
0.141
0.306
0.469
0.351
0.343
0.372
0.544
0.386
0.344
0.255
0.32
0.241
0.338
0.495
0.495
0.795
0.772
0.541
0.647
0.589
0.491
0.46
0.464
0.394
0.205
0.164
0.224
0.056
-0.033
-0.185
-0.249
-0.103
-0.084
0.225
0.241
0.174
0.284
0.133
0.091
0.065
0.251
0.263
0.388
0.334
0.29
0.283
-0.07
-0.033
-0.285
-0.118
-0.121
-0.13
-0.343
-0.349
-0.264
-0.535
-0.375
-0.514
-0.573
-0.655
-0.65
-0.765
-0.635
-0.593
-0.621
-0.61
-0.694
-0.549
-0.314
-0.409
-0.329
-0.422
-0.436
-0.365
-0.139
-0.134
-0.24
-0.268
-0.365
-0.411
-0.509
-0.508
-0.535
-0.27
-0.072
-0.348
-0.529
-0.615
-0.504
-0.554
-0.564
-0.545
-0.379
-0.576
-0.503
-0.685
-0.985
-1.136
-1.051
-0.878
-0.921
-0.905
-0.949
-1.18
-1.155
-1.01
-0.886
-1.116
-0.893
-0.939
-0.973
-1.103
-1.324
-1.113
-1.086
-0.701
-0.469
-0.396
-0.305
-0.037
0.182
0.495
0.571
0.76
0.974
0.935
1.209
1.198
1.157
1.144
1.359
1.469
1.581
1.633
1.433
1.438
1.646
1.555
1.636
1.796
2.103
2.131
2.228
2.131
2.055
1.934
1.978
2.038
1.915
1.958
1.802
1.596
1.499
1.305
1.343
1.334
1.275
1.055
0.834
0.733
0.589
0.405
0.126
0.1
0.0
0.156
0.107
-0.018
-0.044
-0.245
-0.435
-0.482
-0.769
-0.991
-0.809
-0.907
-0.931
-0.943
-0.926
-0.749
-0.64
-0.321
-0.463
-0.427
-0.515
-0.708
-0.671
-0.93
-1.021
-0.904
-0.953
-0.855
-0.679
-0.641
-0.661
-0.651
-0.466
-0.336
-0.29
-0.209
-0.18
-0.114
0.018
0.048
0.223
0.381
0.404
0.384
0.198
0.146
0.231
0.316
0.302
0.279
0.226
0.2
0.09
-0.101
-0.244
-0.049
-0.134
-0.014
-0.029
0.094
0.004
0.016
0.018
-0.033
0.114
0.146
0.124
0.362
0.343
0.391
0.281
0.289
0.231
0.131
-0.083
-0.03
0.083
0.025
0.107
0.26
0.23
0.249
0.109
-0.164
-0.058
-0.069
0.14
0.109
0.09
0.151
0.091
0.025
-0.241
-0.226
-0.098
-0.219
-0.223
-0.092
-0.058
-0.111
0.06
-0.122
-0.269
-0.29
-0.479
-0.284
-0.584
-0.535
-0.333
-0.504
-0.575
-0.899
-0.614
-0.71
-0.639
-0.541
-0.58
-0.51
-0.621
-0.624
-0.629
-0.586
-0.536
-0.451
-0.297
-0.286
-0.295
-0.35
-0.354
-0.324
-0.22
-0.334
-0.211
-0.018
0.0
-0.062
-0.016
-0.049
0.122
0.08
0.079
0.125
0.09
-0.163
-0.276
-0.434
-0.319
-0.449
-0.371
-0.47
-0.47
-0.421
-0.301
-0.194
-0.151
-0.206
-0.135
0.044
0.321
0.26
0.208
0.275
0.5
0.59
0.681
0.505
0.431
0.506
0.329
0.152
0.289
0.301
0.258
0.195
0.26
0.161
-0.006
0.115
0.126
0.199
0.188
0.359
0.24
0.131
0.077
0.124
0.346
0.138
0.111
0.134
0.036
-0.119
-0.085
-0.36
-0.596
-0.505
-0.598
-0.516
-0.427
-0.638
-0.596
-0.626
-0.573
-0.375
-0.24
-0.179
-0.305
-0.301
-0.529
-0.475
-0.425
-0.33
-0.225
-0.304
-0.228
-0.203
0.06
0.15
0.27
0.296
0.119
0.186
0.274
0.271
0.23
0.278
0.17
0.294
0.583
0.556
0.616
0.531
0.57
0.56
0.339
0.6
0.633
0.754
0.849
0.941
0.794
0.921
0.846
0.812
0.784
1.129
1.278
1.174
1.15
1.042
0.986
0.781
0.999
0.8
0.615
0.804
0.931
0.94
1.091
1.355
1.311
1.359
1.299
1.117
1.079
1.085
1.051
0.894
0.604
0.231
0.216
0.161
0.181
0.321
0.318
0.35
0.379
0.415
0.288
0.18
0.151
0.146
0.028
0.24
0.212
0.216
0.15
-0.115
-0.261
-0.359
-0.537
-0.506
-0.492
-0.575
-0.596
-0.698
-0.87
-0.951
-0.95
-1.177
-1.185
-1.215
-1.229
-1.054
-1.242
-1.174
-1.131
-1.116
-1.101
-1.002
-0.938
-0.766
-0.811
-0.695
-0.568
-0.505
-0.294
-0.25
-0.238
-0.06
0.037
0.214
0.325
0.409
0.341
0.496
0.473
0.537
0.584
0.566
0.481
0.495
0.584
0.539
0.603
0.684
0.701
0.487
0.458
0.474
0.399
0.694
0.84
0.736
0.369
0.305
0.307
0.26
0.126
-0.113
-0.193
-0.333
-0.338
-0.366
-0.284
-0.182
-0.084
-0.198
-0.104
-0.146
-0.1
-0.169
-0.348
-0.307
-0.497
-0.495
-0.484
-0.49
-0.536
-0.638
-0.459
-0.499
-0.583
-0.522
-0.595
-0.463
-0.29
-0.147
-0.254
-0.201
-0.338
-0.158
-0.25
-0.169
-0.156
-0.114
0.034
0.055
0.061
0.035
-0.149
-0.206
-0.088
-0.03
-0.043
0.025
0.138
0.524
0.508
0.385
0.278
0.152
0.114
0.094
0.034
0.07
0.104
0.06
-0.041
0.03
-0.079
-0.094
-0.301
-0.379
-0.286
-0.259
-0.235
-0.17
-0.231
-0.393
-0.585
-0.581
-0.73
-0.669
-0.583
-0.334
-0.241
-0.185
-0.126
-0.143
0.105
0.236
0.189
0.224
0.24
0.306
0.354
0.425
0.536
0.591
0.676
0.843
0.946
0.99
0.855
0.759
0.91
0.706
0.621
0.618
0.35
0.29
0.315
0.224
-0.013
-0.007
0.115
0.076
0.071
0.103
-0.144
-0.074
-0.152
-0.214
-0.259
-0.32
-0.181
-0.32
-0.286
-0.238
-0.244
-0.208
-0.17
-0.001
0.022
0.071
0.173
0.205
0.177
0.07
-0.051
0.007
-0.044
-0.185
-0.146
-0.122
-0.188
-0.205
-0.339
-0.224
-0.41
-0.339
-0.217
-0.256
-0.133
-0.225
-0.031
-0.077
-0.066
-0.143
-0.336
-0.181
-0.185
-0.086
-0.035
-0.1
0.12
-0.083
0.013
-0.003
0.062
-0.028
0.029
0.284
-0.056
-0.024
0.079
-0.003
0.263
0.182
0.15
-0.049
-0.077
-0.149
-0.14
-0.316
-0.285
-0.258
-0.338
-0.384
-0.417
-0.343
-0.265
-0.238
-0.151
-0.37
-0.536
-0.53
-0.486
-0.38
-0.44
-0.495
-0.378
-0.46
-0.68
-0.878
-0.681
-0.659
-0.629
-0.539
-0.634
-0.38
-0.411
-0.169
-0.359
-0.234
-0.255
-0.079
-0.241
-0.219
-0.242
-0.225
0.07
0.041
-0.01
0.052
0.224
0.179
0.177
0.106
0.312
0.48
0.245
0.468
0.478
0.56
0.638
0.594
0.456
0.436
0.273
0.256
0.211
0.055
0.014
0.025
0.069
0.05
0.05
0.19
0.21
0.101
0.189
0.092
-0.175
-0.121
-0.288
-0.265
-0.338
-0.349
-0.454
-0.254
-0.321
-0.163
-0.242
-0.383
-0.429
-0.541
-0.57
-0.499
-0.603
-0.366
-0.273
-0.323
-0.185
-0.122
-0.228
-0.133
-0.124
-0.022
-0.005
0.236
0.13
0.286
0.58
0.623
0.604
0.851
0.865
0.981
1.041
1.035
1.06
1.059
1.123
1.093
0.981
0.958
0.795
0.719
0.633
0.43
0.713
0.573
0.556
0.565
0.384
0.103
-0.103
-0.133
-0.164
-0.069
-0.29
-0.301
-0.362
-0.312
-0.253
-0.403
-0.492
-0.511
-0.681
-0.689
-0.676
-0.593
-0.491
-0.398
-0.698
-0.524
-0.497
-0.471
-0.318
-0.302
-0.139
-0.274
-0.289
-0.593
-0.557
-0.524
-0.531
-0.386
-0.275
-0.285
-0.216
-0.364
-0.466
-0.446
-0.485
-0.511
-0.319
-0.028
0.165
0.258
0.359
0.176
0.105
0.19
0.458
0.354
0.278
0.268
0.19
0.173
0.089
0.254
0.246
0.32
0.33
0.292
-1.268
0.234
0.369
0.304
0.443
0.23
0.259
0.294
0.256
0.199
0.126
0.409
0.53
0.444
0.41
0.378
0.861
1.004
0.94
1.034
1.184
1.018
1.021
0.893
0.79
0.666
0.61
0.78
0.904
0.845
0.853
0.935
1.075
0.965
1.149
0.809
0.843
0.754
0.744
0.631
0.516
0.489
0.375
0.401
0.364
0.289
0.088
0.037
0.021
-0.072
-0.098
-0.182
-0.254
-0.471
-0.527
-0.689
-0.878
-0.888
-0.891
-0.809
-0.91
-0.841
-0.728
-0.638
-0.736
-0.666
-0.684
-0.761
-0.826
-0.956
-0.996
-0.912
-0.761
-0.729
-0.53
-0.573
-0.403
-0.386
-0.46
-0.435
-0.595
-0.374
-0.399
-0.283
-0.25
-0.253
-0.074
-0.075
-0.378
-0.331
-0.23
-0.233
-0.182
-0.121
-0.263
-0.152
0.184
0.348
0.438
0.551
0.662
0.496
0.512
0.318
0.2
0.247
0.372
0.574
0.713
0.825
0.953
0.946
0.715
0.76
0.921
1.109
1.256
1.261
1.36
1.521
1.176
1.083
0.868
0.796
0.631
0.681
0.662
0.801
0.8
0.765
0.709
0.659
0.61
0.475
0.81
0.551
0.276
0.245
0.184
0.138
0.255
0.296
0.346
0.429
0.37
0.149
0.079
0.046
0.099
0.13
0.039
0.088
-0.058
-0.16
-0.388
-0.439
-0.532
-0.647
-0.715
-0.818
-0.71
-0.618
-0.657
-0.588
-0.395
-0.312
-0.275
-0.432
-0.487
-0.589
-0.72
-0.802
-0.66
-0.661
-0.59
-0.614
-0.761
-0.61
-0.667
-0.51
-0.595
-0.614
-0.474
-0.601
-0.372
-0.509
-0.504
-0.448
-0.328
-0.346
-0.352
-0.59
-0.529
-0.512
-0.461
-0.501
-0.463
-0.51
-0.704
-0.759
-0.763
-0.669
-0.699
-0.711
-0.763
-0.809
-0.609
-0.355
-0.161
-0.07
-0.169
-0.329
-0.49
-0.422
-0.466
-0.414
-0.49
-0.366
-0.23
0.0
0.323
0.26
0.422
0.514
0.565
0.594
0.469
0.506
0.475
0.32
0.2
-0.039
0.039
-0.249
0.043
0.009
-0.417
-0.403
-0.371
-0.201
-0.405
-0.173
-0.221
-0.028
0.091
-0.021
0.033
-0.28
-0.149
0.056
0.071
0.161
0.201
0.446
0.509
0.769
0.927
1.079
1.01
0.95
1.258
1.089
1.171
1.096
0.955
0.769
0.711
0.432
0.436
0.37
0.21
0.118
0.146
0.099
0.064
0.058
-0.061
-0.189
-0.196
-0.242
-0.194
-0.104
-0.182
-0.413
-0.205
-0.611
-0.74
-0.674
-0.618
-0.367
-0.417
-0.305
-0.244
-0.384
-0.334
-0.42
-0.367
-0.24
-0.414
-0.355
-0.195
0.045
0.35
0.44
0.555
0.88
0.959
1.085
1.214
1.074
1.05
1.069
1.25
1.308
1.225
1.06
0.941
1.032
1.069
1.219
1.206
1.026
0.787
0.545
0.255
0.085
-0.03
0.036
0.176
0.217
0.17
-0.048
0.084
-0.408
-0.495
-0.772
-0.878
-0.936
-0.948
-1.117
-1.37
-1.22
-1.144
-1.042
-1.094
-1.123
-1.28
-1.201
-1.184
-1.351
-1.454
-1.274
-1.103
-0.863
-0.816
-0.879
-1.137
-1.022
-1.115
-0.964
-0.984
-0.881
-0.979
-0.924
-0.647
-0.535
-0.289
-0.294
-0.223
-0.176
-0.189
-0.156
0.113
0.021
0.161
0.221
0.165
0.305
0.361
0.066
0.119
0.021
0.149
0.125
0.291
0.111
0.176
0.17
0.176
0.176
0.131
-0.041
-0.119
-0.247
-0.1
-0.139
0.009
0.01
-0.185
-0.134
-0.269
-0.07
-0.249
0.01
-0.08
-0.105
-0.109
0.072
0.128
0.062
0.234
0.064
0.186
0.245
0.323
0.334
0.557
0.496
0.52
0.69
0.789
0.861
1.085
1.281
1.396
1.492
1.59
1.411
1.366
1.272
1.404
1.104
1.279
1.213
1.359
1.222
1.141
1.044
0.924
0.754
0.728
0.601
0.537
0.506
0.37
0.238
0.263
0.29
0.163
0.106
-0.018
0.01
0.128
0.061
0.096
0.155
0.054
0.089
0.124
0.31
0.307
0.446
0.435
0.439
0.299
0.085
0.035
0.133
0.279
0.241
0.294
0.381
0.603
0.69
0.716
0.544
0.695
0.786
0.828
0.755
0.772
0.624
0.438
0.273
0.406
0.251
0.42
0.208
0.166
0.154
-0.035
0.305
0.245
0.44
0.718
0.758
0.955
0.853
0.864
0.824
0.954
1.065
0.856
0.823
0.54
0.461
0.444
0.526
0.482
0.453
0.522
0.324
0.492
0.306
0.335
-0.009
-0.018
-0.056
-0.23
-0.216
-0.154
-0.469
-0.367
-0.534
-0.73
-0.805
-0.859
-0.781
-0.961
-1.031
-0.895
-0.929
-0.926
-0.96
-0.694
-0.858
-1.021
-1.028
-1.009
-1.036
-0.816
-0.869
-0.802
-0.763
-0.853
-0.874
-1.056
-0.684
-0.525
-0.386
-0.316
-0.376
-0.473
-0.804
-0.766
-1.015
-1.011
-0.917
-0.792
-0.718
-0.718
-0.725
-0.415
-0.366
-0.234
-0.336
-0.179
-0.144
-0.088
-0.059
0.009
-0.185
0.077
0.165
0.14
0.304
0.133
0.271
0.188
0.158
0.219
0.351
0.188
-0.007
-0.016
-0.244
-0.576
-0.461
-0.214
-0.269
-0.165
-0.182
-0.101
0.015
0.007
0.156
0.35
0.309
0.374
0.348
0.278
0.414
0.647
0.675
0.838
0.925
0.858
1.005
1.035
1.101
1.208
1.025
0.939
0.804
0.888
1.008
1.074
1.315
1.375
1.439
1.321
1.379
1.383
1.471
1.363
1.448
1.434
1.354
1.514
1.279
1.357
1.415
1.456
1.246
1.064
0.996
0.939
0.853
0.819
0.796
0.709
0.638
0.656
0.64
0.618
0.511
0.509
0.63
0.636
0.449
0.46
0.349
0.211
0.143
0.184
0.296
0.264
0.224
0.111
0.036
-0.118
-0.36
-0.389
-0.352
-0.408
-0.414
-0.508
-0.517
-0.571
-0.62
-0.611
-0.626
-0.555
-0.501
-0.532
-0.487
-0.406
-0.42
-0.489
-0.698
-0.515
-0.581
-0.631
-0.649
-0.405
-0.448
-0.505
-0.448
-0.581
-0.534
-0.562
-0.474
-0.324
-0.01
-0.09
-0.055
-0.129
0.173
0.135
-0.015
0.284
0.1
-0.011
0.009
0.104
0.098
0.014
0.14
-0.037
-0.214
0.046
-0.064
-0.391
-0.517
-0.393
-0.693
-0.584
-0.51
-0.527
-0.638
-0.745
-0.654
-0.806
-0.787
-0.719
-0.588
-0.53
-0.343
-0.29
-0.405
-0.439
-0.403
-0.427
-0.335
-0.271
-0.274
-0.225
-0.206
0.005
0.25
0.135
-0.121
-0.234
-0.033
-0.171
0.005
0.02
0.371
0.409
0.549
0.492
0.608
0.786
0.723
0.825
0.704
0.769
0.865
0.901
0.934
1.107
1.225
1.198
1.214
1.104
1.206
1.139
1.193
1.147
1.1
0.949
0.935
0.584
0.514
0.291
0.299
0.318
0.09
0.019
-0.124
-0.2
-0.091
-0.241
-0.275
-0.124
-0.315
-0.529
-0.621
-0.7
-0.893
-0.935
-1.056
-1.099
-1.173
-1.224
-1.302
-1.33
-1.386
-1.552
-1.538
-1.709
-1.647
-1.596
-1.683
-1.839
-1.939
-1.946
-2.041
-2.166
-2.045
-2.005
-1.994
-1.887
-1.68
