-1.478
-1.591
-1.657
-1.715
-1.552
-1.789
-1.866
-1.799
-1.83
-1.931
-2.062
-1.99
-1.985
-1.755
-1.346
-1.389
-1.331
-1.144
-1.141
-1.012
-0.805
-0.662
-0.519
-0.268
-0.436
-0.28
0.048
0.074
0.279
0.444
0.634
0.863
0.792
0.723
0.781
1.038
0.996
0.994
1.16
1.16
1.312
1.141
1.231
1.196
1.338
1.306
1.282
1.496
1.607
1.506
1.396
1.455
1.124
1.224
1.029
1.058
1.123
1.024
1.004
0.941
0.754
0.875
0.786
0.701
0.734
0.664
0.524
0.474
0.537
0.681
0.541
0.573
0.641
0.318
0.158
-0.079
-0.104
-0.052
0.151
0.077
0.17
0.23
0.075
0.236
0.15
0.271
0.105
0.086
-0.226
-0.289
-0.305
-0.394
-0.283
-0.391
-0.084
-0.352
-0.364
-0.109
-0.454
-0.556
-0.516
-0.503
-0.515
-0.494
-0.401
-0.509
-0.623
-0.54
-0.785
-0.894
-0.599
-0.588
-0.497
-0.372
-0.163
-0.229
-0.274
-0.424
-0.503
-0.419
-0.296
-0.072
0.116
-0.062
-0.186
-0.191
-0.092
-0.01
0.135
0.151
0.146
0.144
0.316
0.398
0.478
0.409
0.274
0.134
0.491
0.609
0.42
0.512
0.547
0.557
0.786
0.915
0.907
1.048
1.036
0.931
0.878
0.721
0.735
0.764
0.744
0.864
0.824
0.946
0.899
1.0
0.836
0.723
0.794
0.728
0.929
0.824
0.679
0.652
0.526
0.448
0.244
-0.019
-0.116
-0.324
-0.422
-0.593
-0.466
-0.537
-0.503
-0.591
-0.619
-0.779
-0.853
-0.633
-0.605
-0.688
-0.825
-0.746
-0.775
-0.624
-0.611
-0.35
-0.318
-0.244
-0.191
-0.22
-0.184
-0.244
-0.043
-0.07
-0.074
0.11
0.151
0.334
0.516
0.49
0.736
0.864
0.854
0.95
0.86
0.921
0.801
0.818
0.819
0.772
0.675
0.834
0.596
0.666
0.735
0.686
0.75
0.693
0.411
0.691
0.694
0.745
0.714
0.684
0.273
0.28
0.41
0.309
0.338
0.416
0.481
0.479
0.419
0.536
0.554
0.564
0.494
0.621
0.649
0.814
0.86
0.835
0.754
0.432
0.429
0.588
0.768
1.01
0.959
0.989
0.969
1.193
1.025
0.94
0.988
0.841
0.883
0.644
0.57
0.381
0.196
0.122
0.144
0.062
0.094
0.103
0.139
-0.405
-0.434
-0.585
-0.672
-0.9
-0.821
-0.792
-0.646
-0.785
-0.836
-0.756
-0.761
-0.996
-1.189
-1.144
-1.145
-1.123
-1.157
-0.983
-0.961
-1.056
-1.214
-1.141
-1.009
-0.779
-0.971
-1.019
-0.973
-0.891
-0.969
-0.818
-0.666
-0.362
-0.434
-0.253
-0.004
-0.085
-0.118
-0.147
0.07
0.241
0.233
0.19
0.284
0.445
0.394
0.221
0.315
0.404
0.546
0.495
0.361
0.455
0.54
0.691
0.72
0.786
0.794
0.744
0.741
0.581
0.691
0.61
0.758
0.541
0.52
0.509
0.361
0.415
0.274
0.095
-0.124
-0.253
-0.458
-0.539
-0.628
-0.883
-0.861
-0.76
-0.77
-0.829
-0.781
-0.899
-1.131
-1.121
-1.12
-1.124
-1.163
-1.198
-0.902
-0.91
-0.97
-1.171
-0.931
-0.809
-0.674
-0.816
-0.713
-0.902
-0.723
-0.975
-0.823
-0.756
-0.667
-0.474
-0.254
-0.205
-0.055
0.163
0.194
0.221
0.561
0.401
0.531
0.894
0.819
0.998
0.833
0.728
0.554
0.506
0.489
0.459
0.506
0.468
0.589
0.422
0.38
0.251
0.125
0.107
0.105
0.061
-0.114
0.009
-0.104
-0.083
-0.125
-0.25
-0.177
-0.169
-0.41
-0.556
-0.721
-0.836
-0.807
-0.674
-0.496
-0.419
-0.181
-0.061
-0.231
-0.346
-0.451
-0.158
-0.106
-0.289
-0.274
-0.171
-0.105
-0.247
-0.129
-0.236
-0.065
0.022
0.129
0.056
0.054
0.06
-0.022
0.095
0.339
0.551
0.436
0.818
0.927
0.968
0.964
0.824
1.036
0.821
1.064
0.807
0.786
0.615
0.427
0.356
0.264
0.165
0.333
0.606
0.306
0.306
0.0
0.043
-0.22
-0.133
-0.033
-0.35
-0.158
-0.318
-0.241
-0.029
-0.066
0.228
0.085
0.152
0.076
0.059
-0.046
0.181
0.314
0.2
0.179
0.147
0.059
0.136
-0.015
0.13
0.156
0.147
0.265
0.324
0.365
0.231
0.55
0.216
0.352
0.341
0.448
0.547
0.484
0.491
0.384
0.601
0.699
0.72
0.647
0.534
0.69
0.86
0.935
0.891
0.799
0.792
0.749
0.532
0.551
0.593
0.661
0.614
0.795
0.594
0.549
0.676
0.459
0.399
0.099
0.29
0.333
0.229
0.084
-0.109
-0.425
-0.315
-0.346
-0.241
-0.216
-0.445
-0.366
-0.512
-0.503
-0.431
-0.571
-0.44
-0.44
-0.456
-0.489
-0.536
-0.509
-0.619
-0.475
-0.546
-0.431
-0.08
0.065
0.379
0.517
0.436
0.356
0.18
0.485
0.614
0.376
0.344
0.294
0.225
0.398
0.124
0.36
0.22
0.285
0.121
0.144
0.088
0.375
0.359
0.31
0.058
0.131
0.14
0.208
-0.109
-0.129
-0.069
-0.011
0.007
0.08
0.296
-0.059
-0.081
-0.214
-0.301
-0.226
-0.328
-0.281
-0.354
-0.26
-0.25
-0.061
-0.242
0.059
0.01
-0.055
0.186
0.1
0.239
0.139
0.076
-0.005
-0.122
-0.235
-0.409
-0.331
-0.414
-0.376
-0.506
-0.344
-0.239
-0.274
-0.345
-0.386
-0.135
-0.246
-0.291
-0.362
-0.526
-0.489
-0.511
-0.519
-0.608
-0.654
-0.529
-0.504
-0.348
-0.372
-0.586
-0.448
-0.595
-0.574
-0.547
-0.525
-0.386
-0.417
-0.062
0.06
0.145
0.161
0.105
0.426
0.517
0.396
0.419
0.608
0.529
0.718
0.734
0.834
0.812
0.655
0.549
0.482
0.451
0.381
0.406
0.505
0.439
0.56
0.621
0.824
0.753
0.973
1.189
1.282
1.294
1.274
1.339
1.346
1.28
1.094
1.021
0.759
0.795
0.657
0.635
0.59
0.494
0.357
0.334
0.573
0.36
0.378
0.376
0.289
0.47
0.393
0.3
0.352
0.492
0.429
0.438
0.27
0.408
0.39
0.51
0.562
0.738
0.81
0.529
0.526
0.618
0.512
0.718
0.766
0.792
0.866
0.517
0.319
0.482
0.339
0.301
0.131
0.336
0.166
0.139
-0.024
-0.155
-0.316
-0.113
-0.046
-0.161
-0.175
-0.186
-0.236
-0.076
-0.094
-0.126
-0.312
-0.338
-0.395
-0.481
-0.411
-0.516
-0.399
-0.516
-0.74
-0.611
-0.564
10.332
10.332
-0.512
-0.646
-0.655
-0.787
-0.769
-0.888
-1.005
-0.866
-0.941
-0.639
-0.499
-0.516
-0.593
-0.64
-0.564
-0.422
-0.296
-0.344
-0.198
0.051
-0.034
0.081
0.189
0.359
0.25
0.391
0.405
0.448
0.5
0.356
0.671
0.64
0.688
0.806
0.807
0.956
0.772
0.836
0.771
0.826
0.76
0.889
0.843
0.526
0.406
0.269
0.403
0.37
0.381
0.284
0.3
0.238
0.208
0.244
-0.051
-0.254
-0.092
-0.166
-0.06
0.289
0.013
-0.061
-0.12
-0.31
-0.401
-0.393
-0.314
-0.396
-0.381
-0.574
-0.539
-0.703
-0.774
-0.636
-0.594
-0.562
-0.554
-0.473
-0.294
-0.279
-0.339
-0.286
-0.231
-0.331
-0.364
-0.795
-0.948
-0.756
-0.781
-0.529
-0.458
-0.444
-0.626
-0.698
-0.811
-0.876
-0.758
-0.753
-0.994
-0.855
-0.839
-1.137
-1.185
-1.23
-1.208
-1.309
-1.221
-1.203
-0.926
-0.911
-0.629
-0.623
-0.596
-0.468
-0.562
-0.404
-0.315
-0.198
-0.319
-0.045
-0.214
-0.281
-0.304
-0.351
-0.401
-0.219
-0.089
0.071
0.04
-0.084
0.014
-0.134
0.114
-0.17
0.126
0.046
0.231
0.505
0.641
0.888
0.845
0.891
1.026
0.88
0.812
0.941
0.693
0.666
0.889
0.961
0.883
0.823
0.743
0.635
0.75
0.689
0.381
0.619
0.424
0.396
0.314
0.126
-0.092
-0.177
-0.242
-0.015
-0.101
-0.138
-0.166
-0.251
-0.28
-0.471
-0.383
-0.295
-0.264
-0.041
-0.264
-0.046
-0.164
0.09
0.22
0.149
0.561
0.516
0.83
0.906
0.998
1.011
0.833
0.86
0.897
1.101
0.795
0.919
0.861
0.945
0.644
0.772
0.461
0.398
0.473
0.251
0.164
0.24
0.146
-0.031
0.025
0.144
0.211
0.193
0.081
-0.124
-0.195
-0.355
-0.562
-0.591
-0.532
-0.88
-0.936
-1.184
-1.288
-1.304
-1.229
-1.052
-0.781
-0.756
-0.638
-0.684
-0.537
-0.292
-0.125
0.069
0.24
0.175
0.04
0.25
0.299
0.534
0.696
0.949
1.206
1.377
1.214
1.345
1.251
1.024
0.912
0.849
1.055
0.941
0.929
1.111
1.116
0.912
0.598
0.619
0.186
0.133
-0.037
-0.041
0.083
0.076
0.029
0.163
0.064
0.261
0.122
-0.01
0.154
0.114
0.094
0.161
0.426
0.54
0.555
0.741
0.866
1.083
1.266
1.423
1.329
1.151
1.262
1.504
1.281
1.115
1.024
0.729
0.96
0.621
0.699
0.689
0.609
0.479
0.309
0.374
0.364
0.421
0.667
0.651
0.674
0.478
0.521
0.473
0.379
0.35
0.195
0.144
0.115
-0.181
-0.29
-0.36
-0.395
-0.395
-0.547
-0.529
-0.651
-0.704
-0.769
-0.676
-0.807
-0.835
-0.828
-0.807
-1.015
-0.888
-1.16
-1.27
-1.16
-0.999
-0.895
-0.816
-0.59
-0.545
-0.288
-0.254
-0.059
-0.255
-0.016
0.084
0.109
0.014
0.045
0.135
-0.003
-0.054
-0.019
0.052
0.13
0.214
0.254
0.175
0.03
-0.189
-0.247
-0.226
-0.25
-0.249
-0.285
-0.261
-0.228
-0.315
-0.294
-0.077
-0.056
-0.035
0.088
0.13
0.292
0.579
0.422
0.344
0.385
0.555
0.504
0.383
0.547
0.522
0.641
0.625
0.886
0.866
0.968
0.91
0.638
0.711
0.631
0.388
0.288
0.299
0.291
0.121
0.111
0.143
0.111
-0.156
-0.006
-0.193
-0.246
-0.495
-0.456
-0.573
-0.694
-0.838
-0.876
-1.052
-0.883
-0.939
-0.897
-0.889
-0.929
-0.699
-0.603
-0.699
-0.659
-0.638
-0.596
-0.724
-0.672
-0.348
-0.458
-0.505
-0.278
-0.096
0.275
0.318
0.259
0.355
0.283
0.19
0.388
0.639
0.675
0.67
0.514
0.421
0.454
0.301
0.588
0.575
0.47
0.46
0.479
0.509
0.568
0.448
0.352
0.105
0.319
0.156
0.013
-0.231
0.259
0.134
0.249
0.406
0.67
0.671
0.739
0.8
0.63
0.618
0.568
0.32
0.216
0.104
0.144
-0.125
-0.043
-0.031
-0.169
-0.32
-0.516
-0.688
-0.593
-0.811
-1.005
-0.902
-0.866
-0.874
-0.858
-0.989
-1.071
-0.974
-1.075
-1.044
-1.076
-1.059
-0.943
-0.791
-0.719
-0.76
-0.715
-0.546
-0.685
-0.505
-0.515
-0.312
-0.144
-0.116
-0.114
-0.23
-0.445
-0.466
-0.628
-0.63
-0.415
-0.55
-0.289
-0.22
-0.216
-0.205
-0.299
-0.165
-0.22
-0.244
-0.194
-0.264
-0.429
-0.48
-0.585
-0.551
-0.46
-0.375
-0.361
-0.215
-0.098
0.049
0.155
0.076
0.241
0.404
0.273
0.469
0.405
0.55
0.629
0.746
0.966
1.09
1.159
0.989
1.058
1.164
1.119
0.973
1.154
1.367
1.241
0.985
0.868
0.751
0.665
0.364
0.251
0.014
-0.121
-0.106
-0.241
-0.181
-0.266
-0.234
-0.249
-0.32
-0.474
-0.469
-0.323
-0.328
-0.598
-0.333
-0.3
-0.738
-0.705
-0.517
-0.429
-0.329
-0.235
-0.141
-0.164
-0.334
-0.348
-0.376
-0.522
-0.372
-0.479
-0.562
-0.56
-0.515
-0.57
-0.365
-0.499
-0.61
-0.6
-0.626
-0.522
-0.489
-0.515
-0.345
-0.159
-0.099
-0.134
-0.168
-0.189
-0.356
-0.64
-0.589
-0.46
-0.516
-0.359
-0.025
-0.069
-0.028
0.025
0.034
0.085
0.185
0.484
0.539
0.505
0.594
0.247
0.42
0.54
0.394
0.469
0.448
0.624
0.621
0.623
0.349
0.422
0.755
0.635
0.8
0.751
0.765
0.603
0.408
0.333
0.401
0.451
0.381
0.394
0.314
0.138
0.006
-0.08
-0.048
0.177
0.334
0.189
0.304
0.175
-0.028
0.034
-0.028
-0.036
-0.128
-0.144
-0.168
-0.289
-0.147
-0.051
-0.016
0.171
0.189
0.129
0.234
0.23
0.461
0.4
0.509
0.499
0.554
0.703
0.491
0.474
0.318
0.105
0.145
-0.056
-0.186
-0.25
-0.15
-0.328
-0.297
-0.419
-0.432
-0.191
-0.474
-0.383
-0.245
-0.333
-0.256
-0.039
0.004
-0.12
-0.356
-0.605
-0.774
-0.688
-0.671
-0.8
-0.596
-0.679
-0.876
-1.034
-1.034
-1.069
-1.2
-0.794
-0.49
-0.231
0.115
0.284
0.319
0.235
0.245
0.234
0.564
0.575
0.769
0.769
0.688
0.638
0.541
0.636
0.71
0.792
0.824
0.968
1.018
1.173
1.231
1.279
1.6
1.419
1.411
1.379
1.508
1.299
1.258
1.31
1.218
1.262
1.166
1.201
1.021
1.123
0.989
0.926
0.934
1.036
0.904
0.828
0.954
0.941
0.984
1.081
1.083
0.73
0.812
0.671
0.52
0.661
0.635
0.591
0.413
0.224
0.421
0.245
0.118
0.106
0.215
0.236
0.395
0.547
0.679
0.695
0.504
0.667
0.645
0.512
0.486
0.356
0.235
0.206
0.136
-0.003
-0.056
-0.278
-0.312
-0.441
-0.403
-0.525
-0.628
-0.645
-0.74
-0.983
-1.106
-1.218
-1.173
-1.19
-0.893
-0.79
-0.839
-0.835
-0.853
-0.94
-0.965
-0.951
-0.781
-0.725
-0.671
-0.654
-0.694
-0.615
-0.554
-0.664
-0.586
-0.893
-0.87
-0.802
-0.664
-0.421
-0.384
-0.28
-0.151
-0.193
-0.084
-0.121
-0.03
-0.045
-0.072
-0.026
0.149
0.196
0.343
0.583
0.739
0.52
0.585
0.628
0.926
0.993
0.988
1.306
0.905
1.076
0.963
0.836
0.848
0.998
1.126
1.225
1.193
1.061
0.919
0.866
0.916
0.719
0.624
0.468
0.416
0.229
0.186
0.065
0.085
-0.115
0.343
0.206
-0.119
-0.284
-0.29
-0.393
-0.32
-0.409
-0.401
-0.52
-0.615
-0.61
-0.487
-0.403
-0.3
-0.352
-0.3
-0.146
0.007
0.307
0.247
0.345
0.385
0.126
0.043
-0.061
-0.09
-0.036
0.356
0.444
0.503
0.664
0.67
0.519
0.614
0.549
0.484
0.438
0.566
0.566
0.588
0.696
0.475
0.46
0.164
0.08
-0.141
-0.099
-0.089
-0.175
-0.049
-0.351
-0.514
-0.439
-0.536
-0.6
-0.516
-0.623
-0.655
-0.665
-0.78
-0.608
-0.652
-0.601
-0.654
-0.455
-0.425
-0.562
-0.416
-0.561
-0.789
-1.016
-0.966
-1.029
-0.97
-0.95
-1.014
-0.98
-1.216
-1.048
-1.045
-0.799
-0.891
-0.657
-0.551
-0.566
-0.424
-0.421
-0.415
-0.255
-0.258
-0.177
-0.075
-0.096
-0.01
0.079
0.128
0.015
0.226
-0.088
0.166
0.198
0.146
0.069
0.006
0.16
0.114
0.307
0.474
0.509
0.626
0.6
0.935
0.983
0.83
0.848
0.769
0.546
0.42
0.395
0.424
0.799
0.623
0.72
0.49
0.245
0.098
0.007
-0.271
-0.249
-0.201
-0.536
-0.614
-0.562
-0.505
-0.68
-0.914
-0.851
-0.626
-0.764
-0.701
-0.611
-0.824
-0.844
-0.996
-1.104
-1.22
-1.134
-0.988
-1.056
-0.797
-0.92
-0.7
-0.345
-0.241
-0.161
-0.296
-0.226
-0.19
-0.291
-0.104
0.13
0.525
0.766
0.949
1.188
0.866
1.216
0.951
0.996
1.046
1.104
1.113
1.066
1.064
0.807
0.739
0.736
0.496
0.736
0.599
0.686
0.671
0.789
0.656
0.581
0.608
0.638
0.495
0.469
0.499
0.297
0.177
0.06
0.059
0.059
-0.095
0.041
0.216
0.214
0.379
0.274
0.028
0.23
-0.041
0.164
-0.041
-0.161
-0.109
-0.206
-0.283
-0.478
-0.2
-0.168
-0.129
-0.525
-0.531
-0.416
-0.466
-0.471
-0.464
-0.229
-0.266
-0.343
-0.461
-0.294
-0.199
-0.29
-0.288
-0.217
-0.19
-0.195
0.015
0.048
0.274
0.512
0.195
0.095
0.029
0.122
0.128
0.234
0.128
0.359
0.193
0.121
0.395
0.38
0.27
0.291
0.478
0.169
0.244
0.284
0.189
-0.019
-0.07
-0.129
-0.264
-0.239
-0.121
-0.299
-0.27
-0.393
-0.367
-0.424
-0.481
-0.721
-0.71
-0.695
-0.75
-0.764
-0.499
-0.456
-0.356
-0.225
-0.049
-0.14
-0.231
-0.151
-0.196
0.333
0.684
1.133
1.056
1.022
1.009
1.029
1.084
1.346
1.44
1.386
1.379
1.011
0.966
1.01
0.931
0.715
0.79
0.629
0.639
0.43
0.312
0.318
0.383
0.176
-0.094
-0.35
-0.492
-0.458
-0.509
-0.361
-0.468
-0.495
-0.459
-0.39
-0.454
-0.049
-0.036
-0.018
0.088
-0.171
0.085
0.096
0.104
0.191
0.36
0.604
0.568
0.494
0.606
0.564
0.426
0.48
0.701
0.855
1.001
1.0
0.974
0.969
0.562
0.3
0.43
0.642
0.886
0.943
1.081
0.924
0.821
0.685
0.812
0.67
0.65
0.666
0.616
0.479
0.403
0.145
0.026
0.096
-0.003
-0.028
0.016
0.079
-0.034
-0.436
-0.374
-0.435
-0.49
-0.491
-0.743
-0.718
-0.794
-0.706
-0.763
-0.998
-0.968
-1.086
-1.073
-1.205
-1.008
-0.953
-0.969
-0.929
-1.059
-0.969
-1.004
-0.944
-0.846
-0.759
-0.805
-0.968
-0.869
-0.776
-0.75
-0.694
-0.439
-0.486
-0.256
-0.169
-0.037
-0.052
-0.256
-0.155
0.129
0.056
0.378
0.568
0.66
0.745
0.591
0.439
0.544
0.651
0.7
0.805
0.834
0.719
0.891
0.902
0.885
0.897
0.951
1.026
1.166
1.165
1.021
0.932
1.004
0.909
0.9
0.83
0.48
0.404
0.01
-0.196
-0.271
-0.289
-0.071
-0.158
-0.135
-0.031
-0.208
-0.276
-0.121
-0.195
0.007
-0.018
0.146
0.171
0.324
0.212
0.119
-0.029
-0.176
-0.135
0.024
0.186
0.46
0.44
0.509
0.349
0.17
0.28
0.028
-0.028
0.177
0.214
0.404
0.371
0.06
0.025
-0.004
0.043
-0.085
0.223
0.26
0.182
0.166
0.247
0.209
-0.024
0.141
0.279
0.229
0.195
0.177
0.35
0.071
0.165
-0.036
-0.051
-0.251
-0.532
-0.688
-0.856
-0.878
-0.843
-0.795
-0.609
-0.718
-0.709
-1.075
-1.254
-1.167
-1.274
-1.054
-0.839
-0.735
-0.726
-0.469
-0.453
-0.43
-0.119
-0.177
0.024
0.016
0.184
0.268
0.306
0.099
0.088
0.239
0.116
0.219
0.258
0.484
0.385
0.348
0.403
0.263
0.061
-0.158
-0.15
-0.021
-0.22
-0.246
-0.294
-0.18
-0.151
-0.09
-0.414
-0.398
-0.364
-0.354
-0.39
-0.566
-0.616
-0.829
-1.111
-0.733
-0.916
-0.739
-0.794
-0.674
-0.593
-0.419
-0.546
-0.369
-0.208
-0.288
-0.338
-0.406
-0.335
-0.389
-0.236
-0.171
-0.099
0.06
0.039
0.266
0.234
0.359
0.324
0.376
0.566
0.609
0.826
0.848
1.09
0.917
0.763
0.499
0.326
0.253
0.065
-0.01
0.105
0.225
0.357
0.516
0.234
0.131
0.065
-0.06
-0.211
-0.396
-0.336
-0.394
-0.249
-0.185
-0.09
-0.258
-0.395
-0.574
-0.662
-0.584
-0.465
-0.169
-0.168
-0.099
-0.101
-0.216
0.099
-0.211
-0.23
-0.113
-0.205
-0.105
0.013
-0.034
-0.043
-0.01
0.0
0.128
-0.182
-0.04
0.022
0.181
0.155
0.165
0.343
0.33
0.5
0.331
0.33
0.432
0.51
0.381
0.426
0.492
0.593
0.82
0.9
1.006
1.074
0.93
1.093
0.86
0.679
0.804
0.591
0.521
0.579
0.614
0.583
0.6
0.667
0.521
0.511
0.595
0.691
0.614
0.618
0.609
0.539
0.649
0.506
0.439
0.448
0.465
0.444
0.494
0.296
0.292
0.236
0.305
0.164
0.499
0.491
0.301
0.366
0.324
0.306
0.27
0.182
0.152
0.11
-0.015
-0.046
-0.135
-0.33
-0.511
-0.579
-0.459
-0.552
-0.63
-0.634
-0.782
-0.615
-0.634
-0.416
-0.819
-0.699
-0.789
-0.797
-0.853
-0.75
-0.487
-0.468
-0.495
-0.36
-0.62
-0.36
-0.455
-0.429
-0.306
-0.225
-0.083
0.06
-0.025
0.091
-0.046
-0.034
0.131
0.122
0.338
0.47
0.614
0.724
0.59
0.484
0.239
0.17
0.179
0.059
0.052
0.312
0.515
0.649
0.439
0.427
0.466
0.481
0.482
0.53
0.618
0.551
0.431
0.441
0.215
-0.114
-0.129
0.004
0.035
0.106
-0.034
-0.154
-0.025
-0.025
-0.085
-0.033
0.033
0.154
0.165
0.16
-0.031
-0.354
-0.674
-0.625
-0.537
-0.413
-0.144
-0.156
-0.118
-0.336
-0.52
-0.525
-0.341
-0.196
-0.066
0.049
0.166
0.289
0.279
0.176
0.219
0.125
0.253
0.291
0.297
0.394
0.506
0.468
0.74
0.62
0.66
0.63
0.661
0.646
0.705
0.565
0.644
0.642
0.604
0.578
0.524
0.604
0.516
0.47
0.479
0.335
0.173
-0.056
0.043
-0.254
-0.24
-0.276
-0.196
-0.139
-0.212
-0.211
-0.25
-0.473
-0.499
-0.574
-0.51
-0.535
-0.32
-0.438
-0.545
-0.484
-0.03
0.022
0.037
0.085
0.071
0.144
0.114
0.259
0.357
0.435
0.501
0.383
0.352
0.193
0.069
0.394
0.318
0.409
0.552
0.258
0.454
0.408
0.62
0.434
0.475
0.575
0.725
0.685
0.787
0.879
1.034
0.879
1.054
0.873
0.863
1.123
0.965
1.271
1.126
1.115
1.137
1.347
1.551
1.416
1.571
1.478
