0.316
0.463
0.671
0.698
0.939
0.797
0.926
0.971
0.831
1.064
0.919
0.854
0.846
1.238
1.064
1.129
1.235
1.251
1.28
1.321
1.265
1.296
1.326
1.295
1.346
1.534
1.538
1.613
1.369
1.245
1.321
1.329
1.386
1.035
0.754
0.719
0.555
0.414
0.474
0.599
0.657
0.714
0.606
0.578
0.539
0.289
0.239
0.35
0.134
0.194
0.039
0.02
-0.121
-0.044
-0.346
-0.039
-0.092
-0.304
-0.281
-0.163
-0.081
-0.297
-0.454
-0.666
-0.604
-0.599
-0.758
-0.83
-0.894
-0.98
-1.051
-1.15
-1.239
-1.326
-1.323
-1.474
-1.703
-1.739
-1.755
-1.644
-1.509
-1.606
-1.499
-1.45
-1.498
-1.529
-1.575
-1.509
-1.439
-1.386
-1.036
-1.086
-1.026
-1.005
-0.915
-0.951
-10.336
-0.888
-0.996
-0.695
-0.791
-0.797
-0.604
-0.484
-0.32
-0.275
-0.323
-0.118
0.155
0.328
0.542
0.625
0.645
0.874
0.901
0.959
0.941
0.866
1.052
0.878
1.06
1.024
1.095
1.165
1.449
1.373
1.471
1.725
1.728
1.86
1.919
1.738
1.788
1.866
1.768
1.798
1.446
1.521
1.421
1.494
1.271
1.37
1.294
1.177
1.176
1.121
1.131
1.014
0.698
0.552
0.42
0.422
0.18
0.028
-0.02
-0.3
-0.251
-0.405
-0.324
-0.399
-0.562
-0.623
-0.782
-0.616
-0.806
-0.682
-0.825
-0.713
-0.838
-0.878
-0.756
-0.529
-0.458
-0.438
-0.501
-0.463
-2.908
-0.427
-0.461
-0.435
-0.416
-0.291
-0.465
-0.359
-0.312
-0.041
-0.026
0.062
0.171
0.235
0.211
0.12
0.168
0.133
0.203
0.048
0.009
0.24
-0.003
0.21
0.001
0.126
0.235
0.343
0.261
0.45
0.268
0.085
-0.019
-0.143
-0.325
-0.318
-0.37
-0.228
-0.361
-0.292
-0.193
-0.301
-0.259
-0.527
-0.706
-0.713
-0.688
-0.501
-0.698
-0.629
-0.302
-0.314
-0.155
-0.335
-0.133
0.014
0.028
0.041
0.07
-0.004
0.03
0.046
0.144
0.101
0.181
0.256
0.318
0.212
0.147
0.186
0.323
0.278
0.399
0.066
-0.004
-0.059
-0.16
-0.17
-0.18
-0.32
-0.264
-0.348
-0.217
-0.434
-0.546
-0.689
-0.596
-0.432
-0.389
-0.505
-0.453
-0.383
-0.4
-0.3
-0.226
-0.024
0.149
0.295
0.403
0.378
0.395
0.468
0.581
0.499
0.547
0.372
0.426
0.427
0.615
0.657
0.681
0.725
0.694
0.823
0.769
0.756
0.875
1.006
1.081
1.268
1.068
1.149
0.948
0.904
0.739
0.759
0.68
0.841
0.51
0.424
0.299
0.223
0.107
0.119
0.034
-0.031
-0.273
-0.326
-0.306
-0.284
-0.188
-0.152
-0.309
-0.333
-0.35
-0.228
-0.321
-0.221
-0.149
-0.258
-0.431
-0.32
-0.366
-0.662
-0.514
-0.631
-0.524
-0.674
-0.542
-0.422
-0.292
0.096
0.124
0.279
0.296
0.4
0.4
0.564
0.744
0.89
0.759
0.765
0.785
0.672
0.504
0.371
0.454
0.334
0.369
0.034
0.026
0.12
0.041
0.14
0.076
0.022
-0.045
0.186
0.219
0.074
0.119
0.399
0.419
0.465
0.49
0.319
0.106
0.275
0.486
0.609
0.686
0.635
0.738
0.784
0.912
0.819
0.949
0.844
0.91
0.856
0.941
0.929
0.948
0.895
0.723
0.851
0.753
0.715
0.812
0.649
0.43
0.459
0.08
-0.101
-0.198
-0.408
-0.64
-0.611
-0.895
-0.897
-0.883
-0.978
-1.028
-1.115
-1.274
-1.204
-1.416
-1.285
-1.318
-1.369
-1.262
-1.19
-1.259
-1.591
-2.067
-2.085
-1.995
-2.033
-2.09
-2.045
-1.943
-1.604
-1.534
-1.811
-1.765
-1.669
-1.536
-1.476
-1.463
-1.393
-1.35
-1.309
-1.012
-1.228
-0.999
-0.65
-0.579
-0.17
-0.085
0.113
0.325
0.431
0.588
0.699
1.083
1.056
0.948
1.451
1.754
1.629
1.825
1.79
1.96
2.053
2.007
2.075
2.093
1.907
1.973
1.838
1.741
1.731
1.825
1.609
1.755
1.73
1.699
1.64
1.535
1.431
1.499
1.514
1.705
1.718
1.555
1.282
0.975
1.136
0.934
0.816
0.964
0.84
0.782
0.578
0.552
0.259
0.05
-0.064
-0.122
-0.195
-0.29
-0.519
-0.321
-0.383
-0.229
-0.436
-0.2
-0.037
0.113
0.059
0.165
0.118
0.319
0.161
0.104
0.23
0.077
-0.069
0.056
0.119
0.106
0.113
0.191
0.37
0.328
0.208
0.08
0.145
0.133
0.026
-0.125
-0.173
-0.166
-0.384
-0.399
-0.359
-0.393
-0.094
-0.238
-0.42
-0.271
-0.181
-0.221
-0.158
-0.152
-0.049
-0.001
-0.026
-0.07
-0.006
0.11
0.195
0.291
0.215
0.328
0.271
0.159
0.07
0.039
-0.088
-0.263
-0.083
-0.372
-0.43
-0.698
-0.667
-0.924
-0.824
-0.75
-0.799
-0.943
-0.758
-1.176
-1.226
-1.046
-1.11
-0.911
-0.878
-1.038
-1.035
-0.82
-0.656
-0.659
-0.44
-0.43
-0.229
-0.286
-0.156
-0.114
-0.007
0.075
-0.025
0.026
-0.147
-0.099
-0.036
0.071
-0.02
-0.09
-0.05
-0.048
0.046
0.145
0.214
0.331
0.459
0.561
0.774
0.776
0.839
1.008
0.865
1.004
1.061
0.719
0.76
0.636
0.448
0.355
0.438
0.494
0.244
0.28
0.036
0.039
-0.139
0.019
0.022
0.004
0.029
-0.072
-0.055
-0.156
-0.15
-0.29
-0.094
0.031
0.045
0.025
0.075
-0.04
-0.139
-0.094
0.08
0.1
-0.007
-0.114
0.131
0.005
0.006
-0.143
-0.085
0.345
0.375
0.339
0.329
0.163
-0.104
-0.118
-0.225
-0.154
-0.088
0.212
0.173
0.139
0.135
0.13
0.05
0.083
0.164
-0.037
0.286
0.065
0.035
0.048
0.077
0.258
0.256
0.168
0.17
0.126
0.133
0.086
0.253
-0.014
0.275
0.095
0.165
0.138
0.229
0.339
0.189
0.366
0.315
0.401
0.38
0.517
0.554
0.18
0.492
0.432
0.335
0.255
0.289
0.431
0.365
0.508
0.44
0.388
0.316
0.246
0.154
0.133
0.21
0.281
0.215
0.155
0.101
0.072
0.052
-0.026
0.16
0.149
0.101
0.116
-0.021
-0.013
0.118
0.048
0.08
0.046
-0.069
0.011
-0.062
0.024
0.041
-0.03
0.107
-0.003
0.01
-0.044
0.031
0.046
0.126
0.095
-0.015
-0.12
-0.164
-0.12
-0.088
-0.149
-0.036
0.039
0.06
0.079
0.022
0.031
0.179
0.21
0.103
0.104
0.228
0.29
0.364
0.41
0.519
0.473
0.555
0.625
0.562
0.497
0.679
0.274
0.125
0.098
0.085
0.17
0.203
0.24
0.019
0.095
0.011
0.181
0.426
0.581
0.689
0.794
0.893
0.924
0.709
0.679
0.485
0.459
0.399
0.234
0.271
0.265
0.35
0.195
0.305
0.246
0.19
0.221
0.414
0.435
0.446
0.705
0.647
0.688
0.759
0.736
0.595
0.545
0.443
0.479
0.438
0.328
0.109
0.076
-0.004
-0.113
-0.092
-0.105
-0.129
-0.091
-0.239
-0.389
-0.43
-0.47
-0.511
-0.628
-0.71
-0.575
-0.7
-0.749
-0.716
-1.001
-1.165
-1.341
-1.288
-1.318
-1.058
-1.301
-1.124
-1.311
-1.232
-1.134
-1.01
-0.97
-1.113
-0.729
-0.719
-0.785
-0.76
-0.932
-1.022
-1.059
-1.185
-1.069
-1.079
-0.961
-0.966
-0.902
-0.879
-1.042
-0.948
-1.026
-1.232
-1.195
-1.081
-1.211
-1.166
-1.165
-1.488
-1.415
-1.244
-1.046
-0.894
-0.787
-0.708
-0.565
-0.398
-0.226
10.332
10.332
10.332
0.24
0.654
0.642
0.598
1.029
1.115
1.272
1.43
1.478
1.385
1.393
1.391
1.345
1.101
0.927
1.008
0.735
0.661
0.84
0.823
1.028
0.921
0.801
0.654
0.619
0.589
0.374
0.335
0.301
0.173
0.225
0.08
0.17
0.179
-0.051
0.374
0.268
0.245
0.09
0.099
-0.03
0.019
0.11
0.074
-0.092
-0.115
-0.289
-0.409
-0.584
-0.481
-0.557
-0.576
-0.536
-0.494
-0.522
-0.36
-0.581
-0.64
-0.688
-0.531
-0.564
-0.708
-0.564
-0.581
-0.273
-0.31
-0.336
-0.328
-0.469
-0.296
-0.348
-0.271
-0.356
-0.281
-0.338
-0.295
-0.329
-0.383
-0.406
-0.323
-0.085
-0.253
-0.214
-0.214
-0.375
-0.165
-0.296
-0.261
-0.295
-0.256
-0.275
-0.166
-0.136
0.056
0.034
0.069
0.128
0.233
0.381
0.416
0.626
0.647
0.62
0.753
0.809
0.618
0.763
0.718
0.669
0.634
0.834
0.68
0.699
0.675
0.787
0.802
0.886
1.025
0.925
0.84
0.731
0.82
0.814
0.734
0.828
0.629
0.797
0.889
1.058
0.84
0.874
0.526
0.505
0.448
0.066
0.251
0.151
0.065
-0.306
-0.401
-0.542
-0.478
-0.525
-0.65
-0.606
-0.485
-0.535
-0.6
-0.58
-0.482
-0.356
-0.301
-0.231
-0.064
0.035
0.0
0.09
0.135
-0.19
-0.052
-0.174
-0.085
-0.122
-0.194
-0.166
-0.022
-0.022
0.049
0.136
0.168
-0.001
-0.021
-0.011
-0.006
0.064
0.245
0.214
0.269
0.41
0.225
0.089
-0.06
-0.188
-0.359
-0.334
-0.471
-0.646
-0.585
-0.494
-0.491
-0.458
-0.069
-0.075
0.055
0.143
0.12
0.019
0.188
0.495
0.47
0.439
0.395
0.491
0.449
0.534
0.63
0.78
0.881
0.845
0.906
0.871
0.711
0.774
0.73
0.736
0.699
0.554
0.809
0.861
1.028
1.059
1.078
1.052
1.002
0.931
0.729
0.641
0.629
0.576
0.526
0.519
0.601
0.419
0.448
0.175
0.354
0.059
0.079
-0.058
-0.251
-0.266
-0.351
-0.326
-0.367
-0.338
-0.361
-0.556
-0.662
-0.693
-0.674
-0.694
-0.723
-0.634
-0.48
-0.349
-0.271
-0.084
-0.176
-0.283
-0.039
-0.274
0.125
0.211
0.31
0.297
0.315
0.301
0.291
0.238
0.263
0.275
0.113
0.115
0.138
0.028
0.07
0.106
-0.02
-0.029
-0.075
-0.173
-0.15
-0.054
0.083
-0.018
0.155
0.061
0.077
0.08
0.335
0.381
0.305
0.541
0.633
0.516
0.811
0.868
0.956
1.071
1.129
1.12
1.028
1.129
1.213
1.157
1.165
0.968
0.951
0.796
0.787
0.73
0.642
0.624
0.466
0.534
0.551
0.556
0.478
0.549
0.339
0.251
0.131
-0.007
0.099
0.003
-0.184
-0.151
-0.056
-0.076
-0.203
-0.189
-0.42
-0.323
-0.307
-0.569
-0.336
-0.559
-0.359
-0.552
-0.527
-0.586
-0.586
-0.496
-0.419
-0.24
-0.133
-0.014
0.055
0.029
0.066
0.203
0.169
0.22
0.38
0.394
0.256
0.285
0.286
0.38
0.201
0.152
0.26
0.1
-0.061
-0.06
-0.062
-0.273
-0.289
-0.403
-0.46
-0.479
-0.529
-0.647
-0.715
-0.73
-0.719
-0.684
-0.615
-0.586
-0.755
-0.855
-0.786
-0.968
-0.68
-0.75
-0.764
-0.925
-0.988
-1.052
-4.21
-0.926
-0.988
-0.931
-0.753
-0.615
-0.438
-0.446
-0.297
-0.23
-0.135
-0.021
0.198
0.422
0.534
0.766
0.839
1.076
1.009
1.245
1.248
1.379
1.485
1.389
1.446
1.45
1.464
1.336
1.185
1.394
1.41
1.465
1.29
1.061
0.996
0.826
0.661
0.64
0.421
0.435
0.381
0.295
0.188
0.119
0.062
0.216
0.268
0.154
0.11
0.02
-0.02
-0.062
-0.151
-0.266
-0.176
-0.391
-0.422
-0.42
-0.564
-0.485
-0.532
-0.385
-0.469
-0.547
-0.445
-0.495
-0.599
-0.57
-0.649
-0.685
-0.708
-0.833
-0.864
-1.01
-0.74
-0.804
-0.654
-0.532
-0.481
-0.512
-0.474
-0.316
-0.139
-0.085
0.025
0.195
0.286
0.344
0.456
0.515
0.634
0.646
0.65
0.821
0.881
0.835
0.889
0.927
0.924
1.026
1.052
1.258
1.174
1.249
1.105
1.174
1.281
1.117
1.238
1.214
1.116
1.071
0.876
0.719
0.541
0.561
0.519
0.566
0.391
0.44
0.441
0.474
0.544
0.521
0.635
0.562
0.628
0.4
0.374
0.417
0.28
0.177
0.05
-0.064
-0.107
-0.11
-0.101
-0.211
-0.135
-0.271
-0.271
-0.315
-0.177
-0.216
-0.131
-0.062
-0.168
-0.432
-0.503
-0.601
-0.689
-0.77
-0.829
-0.726
-0.77
-0.611
-0.662
-0.644
-0.735
-0.581
-0.655
-0.456
-0.371
-0.471
-0.589
-0.545
-0.475
-0.516
-0.355
-0.348
-0.348
-0.37
-0.417
-0.391
-0.307
-0.43
-0.311
-0.405
-0.422
-0.375
-0.398
-0.369
-0.125
-0.193
0.155
0.14
0.171
0.367
0.344
0.416
0.491
0.515
0.57
0.49
0.534
0.465
0.374
0.364
0.273
0.239
0.103
0.233
0.244
0.285
0.4
0.499
0.286
0.136
0.458
0.356
0.504
0.608
0.66
0.652
0.616
0.705
0.763
1.034
0.95
1.157
1.016
1.131
1.088
1.021
0.951
0.711
0.784
0.804
0.869
0.869
0.777
0.806
0.804
0.781
0.72
0.638
0.636
0.606
0.508
0.506
0.401
0.295
0.37
0.186
0.156
0.116
0.122
0.076
-0.055
-0.134
-0.258
-0.286
-0.217
-0.414
-0.46
-0.37
-0.45
-0.374
-0.506
-0.415
-0.275
-0.169
-0.165
-0.221
-0.193
-0.28
-0.395
-0.575
-0.65
-0.723
-0.693
-0.755
-0.77
-0.682
-0.719
-0.975
-1.008
-1.099
-1.046
-1.086
-1.121
-1.075
-1.14
-1.054
-1.026
-1.022
-1.008
-1.154
-1.022
-0.968
-0.689
-0.838
-0.84
-0.746
-0.829
-0.824
-0.791
-0.8
-0.945
-0.789
-0.769
-0.708
-0.698
-0.589
-0.445
-0.336
-0.133
-0.156
-0.025
0.147
0.26
0.133
0.268
0.344
0.537
0.685
0.631
0.787
0.545
0.576
0.46
0.404
0.408
0.306
0.297
0.326
0.503
0.485
0.509
0.541
0.461
0.469
0.497
0.568
0.595
0.73
0.669
0.682
0.701
0.659
0.729
0.795
0.938
0.963
0.949
1.325
1.326
1.268
1.23
1.363
1.265
1.226
1.147
0.975
1.127
0.955
0.931
0.804
0.746
0.765
0.731
0.481
0.478
0.406
0.205
-0.034
-0.255
-0.435
-0.464
-0.703
-0.694
-0.966
-1.015
-1.032
-1.185
-1.164
-1.171
-1.031
-1.066
-1.029
-0.866
-0.839
-0.739
-0.679
-0.509
-0.36
-0.23
-0.158
-0.116
-0.046
0.04
-10.336
0.091
0.154
0.107
0.049
0.144
-0.02
0.176
0.07
0.219
0.141
0.234
0.104
0.228
0.292
0.334
0.434
0.475
0.482
0.535
0.639
0.608
0.74
0.751
0.866
0.781
0.775
0.73
0.532
0.396
0.473
0.17
0.091
0.116
0.198
-0.066
-0.077
-0.12
-0.136
-0.145
-0.15
-0.138
0.139
-0.011
0.033
0.056
-0.091
-0.071
-0.091
-0.106
-0.31
-0.354
-0.521
-0.45
-0.46
-0.391
-0.296
-0.386
-0.378
-0.458
-0.491
-0.484
-0.539
-0.435
-0.345
-0.289
-0.193
-0.233
-0.113
-0.175
-0.096
-0.069
-0.066
-0.158
-0.306
-0.3
-0.411
-0.534
-0.451
-0.304
-0.375
-0.417
-0.443
-0.479
-0.349
-0.512
-0.381
-0.456
-0.665
-0.598
-0.544
-0.6
-0.685
-0.659
-0.674
-0.67
-0.79
-0.666
-0.638
-0.47
-0.501
-0.569
-0.288
-0.333
-0.069
-0.184
0.116
0.004
0.065
0.141
0.193
0.256
0.305
0.56
0.557
0.606
0.771
0.801
1.024
1.001
0.899
0.905
0.965
0.944
1.011
1.096
1.117
1.305
1.336
1.423
1.495
1.494
1.463
1.552
1.644
1.519
1.766
1.927
1.894
1.933
1.965
1.87
1.825
1.651
1.47
1.23
1.284
1.165
1.104
1.131
0.956
0.963
0.907
0.956
0.917
0.901
0.901
0.743
0.713
0.625
0.714
0.59
0.478
0.404
0.345
0.338
0.305
0.149
0.152
0.236
0.175
0.2
0.119
0.107
-0.016
-0.039
0.07
0.089
-0.011
-0.006
-0.12
-0.106
-0.147
-0.226
-0.291
-0.408
-0.37
-0.52
-0.549
-0.72
-0.66
-0.763
-0.895
-0.951
-0.968
-1.056
-1.144
-1.101
-1.048
-1.012
-1.137
-1.181
-1.135
-1.149
-1.134
-1.191
-1.029
-1.266
-1.173
-1.04
-1.07
-1.004
-0.993
-0.996
-0.927
-0.792
-0.879
-0.893
-0.792
-0.885
-0.765
-0.878
-0.759
-0.725
-0.586
-0.591
-0.655
-0.642
-0.65
-0.595
-0.522
-0.644
-0.721
-0.703
-0.62
-0.664
-0.684
-0.825
-0.886
-0.823
-0.785
-0.774
-0.807
-0.883
-0.912
-0.731
-0.812
-0.774
-0.728
-0.73
-0.729
-0.665
-0.647
-0.71
-0.634
-0.573
-0.393
-0.416
-0.339
-0.296
0.045
-0.037
0.066
0.205
0.404
0.515
0.579
0.574
0.569
0.649
0.526
0.694
0.716
0.652
0.667
0.633
0.691
0.521
0.5
0.57
0.46
0.565
0.279
0.405
0.231
0.107
0.1
0.124
0.103
0.054
0.154
0.2
0.254
0.275
0.585
0.482
0.519
0.596
0.594
0.763
0.754
0.694
0.768
0.797
0.71
0.512
0.61
0.432
0.326
0.318
0.174
0.156
0.091
0.083
-0.118
-0.106
-0.224
-0.258
-0.311
-0.394
-0.413
-0.568
-0.496
-0.525
-0.466
-0.593
-0.671
-0.469
-0.391
-0.378
-0.359
-0.173
-0.09
-0.11
-0.143
-0.033
-0.037
-0.122
-0.058
0.049
-0.115
-0.165
0.005
-0.061
-0.045
-0.27
-0.356
-0.28
-0.409
-0.449
-0.384
-0.512
-0.191
-0.266
-0.362
-0.152
-0.25
-0.274
-0.295
-0.319
-0.009
-0.055
-0.062
-0.044
0.23
0.288
0.292
0.454
0.469
0.667
0.546
0.601
0.667
0.753
0.818
0.642
0.626
0.424
0.436
0.557
0.492
0.349
0.367
0.585
0.672
0.691
0.8
0.754
0.818
0.724
0.791
0.705
0.738
0.739
0.69
0.554
0.628
0.667
0.586
0.41
0.585
0.32
0.351
0.279
0.247
0.083
0.263
0.024
0.046
-0.026
-0.155
-0.297
-0.325
-0.268
-0.39
-0.291
-0.401
-0.336
-0.27
-0.146
-0.144
-0.21
-0.144
-0.221
-0.135
-0.201
-0.129
-0.264
-0.247
-0.241
-0.291
-0.23
-0.291
-0.286
-0.276
-0.285
-0.193
-0.219
-0.084
-0.205
-0.13
-0.249
-0.092
-0.143
-0.045
-0.031
0.015
0.128
0.122
0.138
-0.045
-0.092
-0.174
-0.161
-0.128
-0.174
-0.215
-0.348
-0.444
-0.416
-0.436
-0.51
-0.564
-0.525
-0.562
-0.599
-0.496
-0.361
-0.33
-0.2
-0.175
-0.054
-0.18
-0.109
0.043
-0.058
-0.055
-0.052
0.045
0.022
0.129
-0.025
-0.034
-0.059
-0.055
0.004
-0.029
0.085
0.046
0.176
0.14
0.241
0.265
0.364
0.432
0.464
0.429
0.583
0.735
0.714
0.801
0.741
0.87
0.855
0.755
0.623
0.794
0.604
0.603
0.559
0.554
0.666
0.651
0.725
0.74
0.656
0.705
0.73
0.849
0.927
0.915
0.853
0.971
0.96
0.944
1.039
1.054
0.979
0.944
0.82
0.826
0.812
0.854
0.812
0.811
0.689
0.629
0.5
0.35
0.334
0.182
0.146
0.195
0.168
0.145
0.121
0.12
0.13
0.069
0.094
0.169
0.135
0.022
0.121
0.103
0.071
0.314
0.361
0.296
0.348
0.274
0.271
0.348
0.356
0.312
0.41
0.395
0.436
0.301
0.299
6.775
0.185
0.105
0.125
0.195
0.226
0.155
-10.336
-0.072
-0.103
-0.122
-0.258
-0.198
-0.224
-0.206
-0.191
-0.246
-0.169
-0.301
-0.151
-0.126
-0.333
-0.331
-0.279
-0.231
-0.23
-0.214
-0.238
-0.195
-0.189
-0.041
-0.114
-0.015
0.101
0.056
0.02
0.249
0.295
0.13
0.188
0.421
0.362
0.366
0.39
0.385
0.406
0.383
0.385
0.386
0.417
0.574
0.583
0.693
0.716
0.66
0.713
0.755
0.701
0.693
0.625
0.604
0.519
0.396
0.388
0.434
0.453
0.176
0.179
0.151
0.126
0.182
-0.084
0.056
0.06
-0.029
-0.091
-0.081
-0.136
-0.231
-0.233
-0.338
-0.526
-0.758
-0.66
-0.755
-0.738
-0.657
-0.657
-0.804
-0.804
-0.9
-0.829
-0.777
-0.645
-0.662
-0.64
-0.61
-0.583
-0.574
-0.591
-0.554
-0.564
-0.519
-0.432
-0.42
-0.384
-0.35
-0.181
-0.12
0.014
0.051
0.091
0.21
0.244
0.326
0.324
0.398
0.481
0.557
0.552
0.575
0.619
0.646
0.807
0.782
0.819
0.8
0.885
1.038
1.069
1.23
1.21
1.228
1.369
1.239
1.12
1.272
1.056
1.069
1.119
0.826
0.927
0.902
0.894
0.87
0.829
0.777
0.66
0.744
0.724
0.63
0.7
0.605
0.79
0.625
0.615
0.59
0.551
0.508
0.431
0.432
0.26
0.297
0.147
0.019
-0.054
-0.04
-0.075
-0.091
-0.131
-0.238
-0.245
-0.364
-0.38
-0.475
-0.434
-0.486
-0.416
-0.221
-0.471
-0.394
-0.49
-0.569
-0.429
-0.393
-0.479
-0.345
-0.339
-0.269
-0.345
-0.459
-0.424
-0.348
-0.143
-0.125
0.031
0.133
0.233
0.346
0.256
0.389
0.378
0.589
0.605
0.484
0.561
0.53
0.739
0.68
0.723
0.603
0.672
0.758
0.792
0.78
0.826
0.861
0.807
0.614
0.532
0.443
0.453
0.398
0.48
0.351
0.309
0.266
0.131
0.089
-0.007
0.03
-0.049
-0.036
-0.098
-0.296
-0.331
-0.3
-0.439
-0.545
-0.479
-0.47
-0.485
-0.614
-0.583
-0.647
-0.764
-0.787
-0.895
-0.826
-0.91
-0.919
-0.91
-1.024
-1.015
-1.119
-1.095
-1.083
-1.078
-1.099
-0.838
-0.787
-0.819
-0.628
-0.652
-0.63
-0.524
-0.479
-0.427
