-0.696
-0.785
-1.014
-1.106
-1.065
-1.009
-1.038
-0.909
-0.9
-0.66
-0.489
-0.64
-0.426
-0.444
-0.479
-0.173
-0.199
-0.221
-0.12
0.02
0.133
0.049
0.2
0.305
0.239
0.396
0.453
0.362
0.247
0.466
0.415
0.509
0.445
0.527
0.41
0.542
0.532
0.819
0.854
0.706
0.821
0.72
0.768
0.649
0.489
0.581
0.466
0.537
0.568
0.372
0.611
0.496
0.516
0.595
0.54
0.427
0.436
0.42
0.405
0.289
0.309
0.46
0.644
0.738
0.574
0.579
0.58
0.511
0.414
0.517
0.495
0.506
0.45
0.564
0.441
0.411
0.276
0.269
0.304
0.234
0.276
0.366
0.336
0.194
0.061
-0.005
0.151
0.035
0.124
-0.116
-0.03
-0.241
-0.284
-0.389
-0.51
-0.383
-0.427
-0.603
-0.6
-0.682
-0.611
-0.623
-0.715
-0.794
-0.881
-0.935
-0.956
-1.205
-1.109
-1.066
-1.097
-1.061
-0.905
-1.176
-1.121
-1.066
-1.135
-1.12
-1.016
-1.059
-1.028
-1.001
-0.838
-0.718
-0.429
-0.215
-0.241
-0.19
-0.136
-0.215
-0.372
-0.152
-0.138
0.106
0.14
0.146
-0.015
0.17
-0.182
-0.085
-0.08
-0.004
0.115
0.206
0.245
0.256
0.29
0.427
0.314
0.329
0.359
0.427
0.44
0.615
0.549
0.616
0.599
0.491
0.429
0.465
0.481
0.312
0.436
0.444
0.355
0.395
0.531
0.806
0.681
0.804
0.654
0.656
0.561
0.51
0.316
0.438
0.36
0.53
0.628
0.614
0.633
0.598
0.621
0.461
0.343
-0.163
0.14
0.062
0.045
-0.051
-0.056
-0.14
-0.12
-0.076
-0.11
-0.088
0.135
0.134
-0.03
-0.069
-0.07
0.094
0.043
0.258
0.231
0.301
0.35
0.244
0.299
0.417
0.453
0.619
0.714
0.512
0.41
0.165
0.107
0.045
0.046
0.217
0.312
0.371
0.438
0.401
0.445
0.546
0.756
0.745
0.554
0.512
0.369
0.372
0.369
0.069
-0.164
-0.077
-0.311
-0.295
-0.271
-0.28
-0.126
0.079
0.021
-0.166
-0.059
-0.086
-0.168
-0.211
-0.199
-0.225
-0.356
-0.349
-0.223
-0.256
-0.219
-0.244
-0.297
-0.396
-0.386
-0.506
-0.508
-0.362
-0.315
-0.351
-0.346
-0.325
-0.144
-0.069
-0.01
-0.179
-0.297
-0.113
0.118
0.029
0.033
0.175
0.321
0.419
0.193
0.319
0.275
0.052
0.039
-0.019
0.004
-0.284
-0.241
-0.393
-0.481
-0.579
-0.369
-0.383
-0.51
-0.615
-0.799
-0.807
-0.865
-0.934
-0.83
-0.63
-0.672
-0.481
-0.381
-0.36
-0.309
-0.326
-0.326
-0.536
-0.32
-0.249
-0.37
-0.625
-0.244
-0.333
-0.103
-0.154
0.092
0.176
0.059
0.185
0.044
0.021
-0.035
-0.014
0.176
0.059
0.174
0.083
0.025
-0.215
-0.203
-0.208
-0.052
0.096
0.214
0.046
0.335
0.422
0.25
0.339
0.439
0.647
0.724
0.804
0.861
0.951
1.119
1.314
1.288
1.367
1.353
1.279
1.479
1.556
1.377
1.222
1.394
1.4
1.366
1.429
1.349
1.349
1.536
1.604
1.296
1.262
1.026
0.879
0.845
0.521
0.536
0.547
0.508
0.264
0.292
0.44
0.449
0.503
0.443
0.297
0.235
0.024
0.056
-0.09
0.154
-0.039
0.286
0.155
0.08
-0.074
-0.085
-0.061
-0.445
-0.441
-0.399
-0.595
-0.441
-0.531
-0.501
-0.459
-0.511
-0.388
-0.185
-0.265
-0.212
-0.026
0.05
-0.036
-0.126
-0.064
0.031
0.125
0.333
0.318
0.239
0.175
0.223
0.294
0.417
0.469
0.421
0.45
0.231
0.259
0.241
0.245
0.333
0.311
0.309
0.131
0.403
0.406
0.539
0.464
0.485
0.32
0.475
0.254
0.246
0.258
0.166
0.115
-0.1
-0.221
-0.289
-0.241
-0.334
-0.413
-0.534
-0.74
-1.016
-1.011
-0.854
-0.985
-1.022
-0.911
-0.935
-0.995
-0.939
-0.975
-0.941
-1.036
-0.993
-0.833
-0.978
-0.858
-0.726
-0.715
-0.843
-0.81
-0.716
-0.736
-0.603
-0.398
-0.297
-0.334
-0.203
-0.315
-0.165
-0.224
-0.352
-0.394
-0.432
-0.623
-0.618
-0.645
-0.601
-0.682
-0.664
-0.598
-0.695
-0.714
-0.943
-0.677
-0.96
-1.066
-1.121
-0.812
-1.089
-1.137
-1.083
-0.953
-0.714
-0.772
-0.73
-0.615
-0.529
-0.441
-0.459
-0.421
-0.51
-0.516
-0.395
-0.465
-0.481
-0.474
-0.417
-0.304
-0.104
0.005
0.13
0.155
0.095
0.074
0.105
0.05
-0.161
-0.084
0.11
-0.103
-0.075
-0.258
-0.085
-0.413
-0.514
-0.506
-0.275
-0.269
-0.264
-0.225
-0.361
-0.258
-0.289
-0.535
-0.578
-0.562
-0.455
-0.209
-0.3
-0.414
-0.354
-0.152
-0.312
-0.198
-0.004
0.075
0.004
0.069
-0.024
0.064
0.143
0.109
0.092
0.269
0.155
0.113
0.084
0.121
0.226
0.113
0.156
0.086
0.144
0.249
0.228
0.299
0.371
0.324
0.372
0.468
0.566
0.746
0.801
0.786
0.69
0.899
1.016
1.042
1.151
1.106
1.106
1.134
1.198
1.269
1.012
0.849
0.724
0.584
0.584
0.639
0.526
0.561
0.729
0.614
0.508
0.618
0.511
0.516
0.54
0.526
0.301
0.251
0.375
0.043
-0.069
0.022
-0.03
-0.02
-0.03
-0.255
-0.16
-0.115
-0.149
-0.234
-0.235
-0.296
-0.295
-0.376
-0.544
-0.514
-0.436
-0.609
-0.693
-0.701
-0.71
-0.636
-0.541
-0.453
-0.52
-0.52
-0.481
-0.665
-0.598
-0.615
-0.782
-0.698
-0.745
-0.53
-0.545
-0.525
-0.425
-0.559
-0.403
-0.564
-0.652
-0.605
-0.589
-0.247
-0.444
-0.432
-0.316
-0.375
-0.115
-0.165
-0.161
-0.244
-0.39
-0.449
-0.413
-0.403
-0.179
-0.086
0.164
0.18
0.095
0.198
0.256
0.349
0.185
0.343
0.434
0.517
0.46
0.532
0.652
0.585
0.796
0.764
0.71
0.772
0.816
0.836
0.845
0.716
0.625
0.594
0.509
0.535
0.372
0.325
0.195
0.043
-0.056
-0.352
-0.399
-0.331
-0.436
-0.466
-0.547
-0.534
-0.614
-0.636
-0.584
-0.846
-0.891
-0.78
-0.833
-0.799
-0.816
-0.749
-0.754
-0.754
-0.647
-0.85
-0.731
-0.584
-0.621
-0.539
-0.578
-0.399
-0.375
-0.47
-0.55
-0.425
-0.33
-0.258
-0.145
-0.044
-0.091
0.043
0.064
0.182
0.079
0.179
0.092
0.165
0.01
0.03
-0.17
-0.19
-0.163
-0.225
-0.133
-0.105
-0.058
0.045
0.021
0.065
0.028
0.152
0.357
0.422
0.655
0.562
0.709
0.526
0.346
0.417
0.388
0.486
0.376
0.398
0.495
0.573
0.525
0.439
0.6
0.56
0.427
0.245
0.186
0.2
0.041
0.118
0.139
0.122
0.19
0.045
0.166
0.238
0.244
0.203
0.284
0.196
0.219
0.005
0.168
0.173
0.217
0.191
0.266
0.359
0.36
0.334
0.36
0.379
0.301
0.084
0.059
-0.081
-0.29
-0.36
-0.235
-0.374
-0.436
-0.326
-0.233
-0.031
-0.083
0.095
0.031
-0.11
-0.084
-0.31
-0.11
-0.125
-0.135
-0.212
-0.155
-0.096
0.033
-0.034
-0.069
0.098
0.206
0.253
0.47
0.435
0.63
0.487
0.565
0.419
0.379
0.233
0.22
0.389
0.37
0.329
0.266
0.219
0.49
0.63
0.561
0.531
0.552
0.575
0.674
0.482
0.526
0.396
0.434
0.521
0.7
0.655
0.768
0.535
0.585
0.484
0.352
0.393
0.391
0.408
0.309
0.241
0.41
0.331
0.434
0.465
0.69
0.708
0.675
0.541
0.469
0.596
0.47
0.561
0.411
0.554
0.593
0.525
0.485
0.48
0.506
0.539
0.696
0.715
0.715
0.44
0.568
0.486
0.534
0.693
0.723
0.599
0.671
0.844
0.764
0.758
0.917
0.816
0.89
0.672
0.667
0.589
0.453
0.511
0.42
0.258
0.281
0.165
0.171
0.118
0.018
0.031
0.074
0.081
0.086
0.231
0.234
0.311
0.453
0.605
0.395
0.297
0.224
0.235
0.214
0.312
0.305
0.158
0.083
0.08
-0.217
-0.265
-0.384
-0.336
-0.494
-0.691
-0.633
-0.667
-0.816
-0.725
-0.69
-0.505
-0.685
-0.596
-0.321
-0.386
-0.273
-0.409
-0.268
-0.231
-0.311
-0.299
-0.379
-0.408
-0.319
-0.32
-0.352
-0.374
-0.309
-0.113
-0.234
-0.286
-0.256
-0.144
-0.379
-0.481
-0.62
-0.667
-0.356
-0.339
-0.214
-0.212
-0.176
-0.114
-0.156
-0.239
-0.128
0.033
0.084
0.06
0.2
0.05
0.128
-0.079
0.124
-0.049
0.033
-0.092
0.315
0.196
0.182
0.264
0.107
0.294
0.321
0.165
0.294
-0.039
0.116
0.199
0.195
-0.005
-0.12
0.001
0.059
0.084
0.198
0.312
0.369
0.259
0.199
0.121
0.22
0.253
0.125
0.103
0.131
-0.124
-0.072
-0.264
-0.28
-0.143
-0.195
-0.08
-0.111
0.075
-0.077
-0.071
0.118
-0.071
0.001
0.01
0.116
0.25
0.556
0.693
0.839
0.934
1.078
1.2
1.244
1.18
1.131
1.186
1.198
1.09
1.151
1.163
0.998
1.028
1.127
1.409
1.153
0.989
0.929
0.805
0.818
0.604
0.537
0.348
0.035
0.05
-0.158
-0.146
-0.225
-0.316
-0.31
-0.487
-0.47
-0.657
-0.726
-0.883
-0.836
-0.782
-0.859
-0.869
-0.876
-0.87
-0.741
-0.853
-0.598
-0.698
-0.645
-0.835
-0.855
-0.975
-1.05
-0.926
-0.738
-0.802
-0.601
-0.854
-0.891
-0.715
-0.58
-0.5
-0.372
-0.375
-0.286
-0.425
-0.492
-0.45
-0.311
-0.105
0.039
-0.016
-0.149
-0.119
-0.105
-0.271
-0.135
-0.253
-0.326
-0.496
-0.478
-0.526
-0.464
-0.44
-0.479
-0.534
-0.508
-0.63
-0.596
-0.422
-0.393
-0.329
-0.319
-0.275
-0.113
-0.333
-0.196
-0.309
-0.175
-0.24
-0.365
-0.181
-0.223
-0.228
-0.25
-0.174
-0.181
-0.261
-0.124
-0.122
-0.223
-0.274
-0.315
-0.41
-0.424
-0.416
-0.113
0.06
-0.186
-0.389
-0.335
-0.364
-0.263
-0.341
-0.096
-0.27
-0.215
-0.124
-0.165
-0.116
-0.125
-0.11
-0.265
-0.152
-0.151
-0.151
0.04
-0.118
-0.175
-0.195
0.0
-0.024
0.051
0.081
0.2
0.155
0.143
-0.135
-0.154
-0.221
-0.231
-0.278
-0.411
-0.623
-0.765
-0.776
-0.753
-0.893
-0.934
-0.931
-0.968
-1.011
-1.084
-1.061
-1.074
-0.975
-1.16
-1.012
-0.954
-0.948
-0.885
-0.896
-0.843
-0.77
-0.529
-0.497
-0.581
-0.427
-0.336
-0.07
0.035
0.261
0.372
0.517
0.6
0.766
0.781
0.939
1.07
1.052
1.19
1.141
1.2
1.198
1.245
1.221
1.29
1.222
1.383
1.288
1.133
1.2
1.208
1.185
0.996
1.024
0.951
0.914
0.936
0.981
1.075
0.726
0.652
0.708
0.666
0.589
0.711
0.583
0.63
0.557
0.434
0.417
0.43
0.569
0.705
0.69
0.974
0.969
0.774
0.771
0.631
0.624
0.435
0.542
0.614
0.278
0.385
0.268
0.13
0.024
0.211
0.09
-0.02
-0.124
-0.224
-0.375
-0.349
-0.38
-0.53
-0.694
-0.705
-0.701
-0.821
-0.814
-0.68
-0.551
-0.574
-0.454
-0.449
-0.321
-0.216
-0.24
-0.307
-0.234
-0.374
-0.544
-0.549
-0.554
-0.667
-0.609
-0.549
-0.485
-0.475
-0.31
-0.315
-0.336
-0.33
-0.473
-0.517
-0.431
-0.436
-0.47
-0.655
-0.44
-0.39
-0.492
-0.391
-0.466
-0.203
-0.206
-0.194
-0.191
-0.268
-0.244
-0.245
-0.173
-0.152
-0.134
0.104
0.165
0.294
0.306
0.44
0.422
0.297
0.464
0.489
0.46
0.36
0.276
0.367
0.229
0.188
0.136
0.135
0.291
0.352
0.378
0.348
0.203
0.154
0.151
-0.033
-0.055
-0.105
-0.352
-0.302
-0.244
-0.369
-0.395
-0.195
-0.13
-0.051
0.043
-0.122
-0.199
0.006
-0.007
-0.156
-0.024
0.007
-0.062
-0.141
-0.501
-0.525
-0.559
-0.54
-0.536
-0.545
-0.578
-0.484
-0.522
-0.557
-0.598
-0.506
-0.393
-0.482
-0.704
-0.734
-0.931
-0.805
-0.836
-0.944
-0.475
-0.403
-0.32
-0.564
-0.455
-0.435
-0.451
-0.334
-0.441
-0.463
-0.519
-0.674
-0.698
-0.814
-0.645
-0.485
-0.212
-0.171
-0.245
-0.136
-0.113
-0.045
-0.064
0.101
0.281
0.421
0.406
0.501
0.534
0.565
0.569
0.574
0.664
0.541
0.753
0.859
0.66
0.955
0.776
0.809
0.864
1.04
1.055
0.84
0.897
0.94
1.051
1.387
1.45
1.417
1.321
1.141
1.083
0.975
0.919
0.776
0.666
0.539
0.436
0.364
0.198
0.255
0.255
0.422
0.425
0.351
0.266
0.274
0.205
0.058
0.03
0.13
0.156
0.103
0.325
0.328
0.279
0.379
0.355
0.439
0.344
0.233
0.23
0.147
0.211
0.083
0.198
0.094
-0.114
-0.168
-0.159
-0.193
-0.357
-0.264
-0.411
-0.278
-0.191
-0.031
-0.041
0.051
0.031
0.021
0.036
-0.141
0.07
-0.235
-0.041
0.069
0.116
0.119
-0.006
0.11
-0.019
0.019
0.0
-0.165
-0.076
-0.14
-0.168
-0.163
-0.129
-0.159
-0.343
-0.26
-0.168
0.022
-0.016
-0.058
0.152
0.161
0.079
0.065
0.233
0.198
0.251
0.19
0.251
0.08
0.161
0.26
0.266
0.336
0.324
0.304
0.246
0.33
0.291
0.258
0.239
0.184
0.275
0.143
0.216
0.233
0.094
-0.143
-0.166
-0.307
-0.255
-0.505
-0.583
-0.521
-0.709
-0.75
-0.824
-0.865
-0.814
-0.815
-0.828
-0.806
-1.008
-1.016
-0.886
-0.823
-0.696
-0.426
-0.43
-0.341
-0.348
-0.165
-0.33
-0.273
-0.492
-0.575
-0.566
-0.681
-0.534
-0.614
-0.64
-0.611
-0.684
-0.662
-0.844
-0.656
-0.642
-0.503
-0.499
-0.551
-0.574
-0.65
-0.69
-0.666
-0.615
-0.693
-0.36
-0.634
-0.396
-0.388
-0.343
-0.26
-0.12
0.022
0.072
0.194
0.214
0.389
0.646
0.723
1.022
0.996
1.113
1.01
1.051
1.026
1.14
0.988
0.979
0.944
0.938
0.895
1.035
0.912
0.907
0.911
0.94
0.921
0.905
0.904
0.869
1.022
1.105
1.0
0.98
0.922
0.776
0.838
0.914
0.893
0.854
0.978
0.885
0.532
0.422
0.599
0.585
0.378
0.279
0.177
0.146
0.159
-0.145
-0.253
-0.394
-0.532
-0.56
-0.861
-0.72
-0.738
-0.943
-0.875
-1.031
-0.875
-0.776
-0.991
-0.889
-1.024
-0.829
-0.871
-0.828
-0.855
-0.886
-0.843
-0.71
-0.684
-0.503
-0.659
-0.705
-1.052
-0.885
-1.091
-1.025
-1.024
-0.98
-0.809
-0.79
-0.545
-0.473
-0.565
-0.384
-0.646
-0.53
-0.541
-0.542
-0.608
-0.496
-0.595
-0.312
-0.334
-0.065
0.001
0.175
0.334
0.432
0.411
0.443
0.544
0.586
0.67
0.888
0.781
0.796
0.906
0.96
0.725
0.761
0.729
0.704
0.662
0.801
0.805
0.932
0.828
0.818
0.851
0.766
0.641
0.645
0.389
0.511
0.465
0.75
0.434
0.524
0.486
0.45
0.526
0.446
0.439
0.366
0.354
0.495
0.53
0.275
0.149
0.025
-0.179
-0.408
-0.408
-0.429
-0.591
-0.475
-0.65
-0.581
-0.64
-0.774
-0.841
-0.869
-0.713
-1.002
-0.856
-0.88
-1.097
-1.146
-1.049
-1.024
-0.932
-0.907
-1.143
-0.902
-0.931
-0.725
-0.714
-0.598
-0.495
-0.463
-0.516
-0.45
-0.504
-0.385
-0.482
-0.271
-0.185
-0.14
-0.286
-0.336
-0.234
-0.143
-0.146
-0.261
-0.225
0.04
0.146
0.149
0.048
0.163
0.145
0.16
0.295
0.306
0.129
0.249
0.106
0.139
-0.084
-0.096
-0.049
-0.165
-0.185
-0.36
-0.431
-0.393
-0.48
-0.318
-0.552
-0.435
-0.474
-0.325
-0.383
-0.395
-0.438
-0.461
-0.221
-0.155
-0.09
-0.044
0.125
0.147
0.316
0.408
0.517
0.535
0.416
0.33
0.254
0.415
0.45
0.522
0.391
0.404
0.37
0.217
0.18
0.233
0.152
0.166
0.095
0.01
-0.253
-0.305
-0.284
-0.38
-0.245
-0.076
-0.177
-0.173
-0.066
-0.221
-0.061
-0.166
-0.101
0.035
-0.007
0.126
0.152
0.147
0.021
-0.033
-0.001
0.066
0.255
0.529
0.682
0.735
0.794
0.743
0.662
0.511
0.691
0.53
0.559
0.512
0.585
0.415
0.535
0.393
0.335
0.393
0.49
0.371
0.259
0.338
0.312
0.15
0.076
0.12
0.014
-0.052
-0.079
-0.122
-0.39
-0.445
-0.579
-0.645
-0.807
-0.782
-0.761
-0.904
-0.642
-0.644
-0.682
-0.639
-0.549
-0.341
-0.465
-0.42
-0.29
-0.626
-0.786
-0.849
-0.897
-0.926
-1.002
-1.0
-0.858
-0.736
-0.419
-0.431
-0.311
-0.399
-0.326
-0.417
-0.39
-0.372
-0.314
-0.288
-0.32
-0.339
-0.361
-0.164
-0.04
-0.098
0.122
0.107
0.206
0.295
0.432
0.238
0.45
0.241
0.188
0.145
0.143
0.107
0.143
0.113
0.139
-0.066
-0.054
-0.205
-0.309
-0.366
-0.184
-0.181
-0.095
-0.043
-0.084
-0.128
-0.02
0.049
0.065
0.37
0.396
0.58
0.446
0.395
0.624
0.547
0.552
0.422
0.351
0.278
0.219
0.174
0.338
0.421
0.348
0.41
0.456
0.549
0.564
0.662
0.766
0.751
0.591
0.66
0.494
0.642
0.777
0.787
0.785
0.616
0.4
0.403
0.356
0.3
0.128
0.29
0.346
0.233
0.215
0.198
0.253
0.208
0.125
0.289
0.18
0.186
0.166
0.201
0.133
0.049
0.03
0.003
-0.046
-0.22
-0.271
-0.171
-0.12
-0.251
-0.079
-0.048
0.074
0.079
0.177
-0.048
0.044
0.037
0.173
0.297
0.196
0.107
0.385
0.304
0.336
0.355
0.09
-0.075
-0.264
-0.299
-0.44
-0.456
-0.424
-0.401
-0.354
-0.311
-0.274
-0.173
-0.036
-0.191
-0.061
-0.163
-0.119
-0.079
-0.196
-0.044
-0.059
-0.049
0.174
0.169
0.075
0.212
0.195
0.315
0.384
0.351
0.408
0.445
0.485
0.352
0.284
0.271
0.406
0.378
0.321
0.362
0.355
0.263
0.224
0.379
0.349
0.369
0.458
0.357
0.299
0.378
0.174
0.231
0.085
0.264
0.236
0.644
0.511
0.45
0.516
0.708
0.792
0.902
0.73
0.716
0.55
0.584
0.583
0.431
0.551
0.438
0.249
0.147
-0.003
0.367
0.495
0.439
0.511
0.301
0.481
0.36
0.432
0.546
0.403
0.398
0.161
0.149
0.039
-0.074
0.041
-0.051
-0.141
-0.129
-0.41
-0.385
-0.35
-0.444
-0.463
-0.596
-0.665
-0.593
-0.738
-0.838
-0.65
-0.509
-0.435
-0.391
-0.169
-0.168
-0.084
-0.034
-0.01
-0.031
0.02
0.351
0.561
0.714
0.646
0.455
0.292
0.146
0.065
0.031
0.288
0.253
0.276
0.364
0.565
0.547
0.594
0.561
0.652
0.479
0.326
0.274
0.515
0.314
0.403
0.264
0.219
0.438
0.354
0.352
0.246
0.212
0.044
-0.15
-0.22
-0.334
-0.284
-0.289
-0.408
-0.261
-0.163
-0.03
0.076
-0.03
-0.088
-0.201
-0.21
-0.09
0.119
0.241
0.106
0.256
0.144
0.124
0.182
0.011
-0.075
-0.105
-0.251
-0.357
-0.44
-0.393
-0.375
-0.278
-0.239
-0.181
-0.006
-0.054
-0.1
-0.046
0.098
-0.151
-0.166
-0.069
-0.193
-0.325
-0.191
-0.115
-0.291
-0.175
-0.098
-0.219
-0.474
-0.54
-0.756
-0.828
-0.881
-0.911
-0.769
-0.838
-0.973
-1.026
-1.076
-1.198
-1.15
-1.414
-1.183
-1.109
-0.943
-0.897
-1.078
-0.711
-0.951
-0.765
-0.893
-0.631
-0.786
-0.71
-0.746
-0.794
-0.789
-0.924
-0.759
-0.419
-0.557
-0.492
-0.345
-0.343
-0.071
0.131
0.312
0.51
0.224
0.45
0.511
0.725
0.544
0.67
0.728
0.79
0.754
0.764
0.938
1.009
1.469
1.569
1.506
1.791
1.769
1.704
1.605
1.48
1.499
1.49
1.344
1.062
1.134
0.995
0.756
0.725
0.713
0.565
0.079
0.147
0.176
0.152
0.329
0.221
0.315
0.085
0.007
0.103
-0.144
-0.316
-0.63
-0.532
-0.443
-0.421
-0.103
0.118
0.109
0.006
0.134
0.231
-0.003
-0.01
0.099
0.301
0.349
0.28
-0.03
-0.326
-0.486
-0.682
-0.182
0.014
-0.005
0.169
0.26
0.064
-0.036
-0.016
0.098
0.376
0.494
0.667
0.824
0.781
0.936
0.796
0.715
0.76
0.839
0.93
0.897
0.851
0.664
0.491
0.535
0.318
0.391
0.301
0.199
0.155
0.081
0.015
-0.04
0.107
0.345
0.395
0.516
0.605
0.399
0.321
0.195
0.103
-0.156
-0.115
-0.215
0.001
0.166
0.0
-0.072
-0.265
-0.464
-0.568
-0.708
-0.662
-0.674
-0.634
-0.888
-0.935
-0.88
-0.805
-0.704
-0.541
-0.489
-0.299
-0.118
0.025
-0.07
-0.022
-0.055
0.007
-0.004
0.077
0.156
-0.024
0.361
0.058
0.216
0.143
0.328
0.323
0.195
0.247
0.388
0.395
0.413
0.455
0.395
0.295
0.42
0.39
0.378
0.398
0.379
0.393
0.441
0.26
0.343
0.515
0.656
0.729
0.746
0.519
0.439
0.566
0.495
0.179
-0.035
-0.163
-0.289
-0.357
-0.338
-0.375
-0.48
-0.403
-0.451
-0.32
-0.326
-0.487
-0.479
-0.565
-0.685
-0.846
-0.86
-1.045
-1.261
-1.494
-1.555
-1.528
-1.385
-1.475
-1.29
-1.214
-1.198
-1.179
-1.169
-1.002
-0.796
-0.873
-0.606
-0.562
