0.836
0.82
0.902
0.78
0.605
0.408
0.326
0.285
0.278
0.208
0.086
0.092
0.268
0.229
0.15
0.225
0.229
0.296
0.214
0.403
0.312
0.449
0.18
0.103
0.051
-0.301
-0.426
-0.444
-0.319
-0.316
-0.616
-0.768
-0.844
-0.994
-1.051
-0.895
-0.797
-0.744
-0.618
-0.795
-0.53
-0.333
-0.174
0.045
0.38
0.245
0.348
0.575
0.659
0.856
1.04
1.169
1.088
1.201
1.25
1.231
1.235
1.17
1.281
1.373
1.409
1.61
1.434
1.659
1.629
1.768
1.93
1.721
1.627
1.549
1.315
1.435
1.384
1.56
1.426
1.311
1.234
1.211
1.002
1.028
0.775
0.662
0.642
0.451
0.419
0.419
0.311
0.29
0.206
0.029
0.041
-0.083
-0.339
-0.352
-0.399
-0.484
-0.291
-0.58
-0.629
-0.644
-0.694
-0.65
-0.776
-0.75
-0.751
-0.804
-0.41
-0.315
-0.125
-0.043
0.084
0.147
0.212
0.321
0.406
0.299
0.579
0.796
0.809
0.731
0.59
0.578
0.629
0.393
0.344
0.43
0.348
0.291
0.039
0.084
-0.147
-0.388
-0.532
-0.669
-0.766
-0.557
-0.734
-0.93
-0.849
-0.959
-1.129
-1.218
-1.157
-1.031
-0.936
-0.741
-0.615
-0.527
-0.667
-0.542
-0.557
-0.366
-0.351
-0.131
0.072
0.229
0.568
0.635
0.912
1.005
1.153
1.143
0.95
0.924
1.021
0.936
1.039
1.306
1.222
1.37
1.311
1.298
1.201
0.797
0.804
0.823
0.971
0.731
0.63
0.551
0.386
0.367
0.49
0.346
0.333
0.254
0.385
0.246
0.253
0.281
0.035
0.294
0.015
-0.241
-0.306
-0.359
-0.469
-0.635
-0.579
-0.806
-0.706
-0.504
-0.299
-0.48
-0.696
-0.59
-0.743
-0.542
-0.599
-0.67
-0.562
-0.684
-0.49
-0.631
-0.481
-0.31
-0.111
-0.209
-0.156
-0.164
-0.15
-0.255
-0.198
-0.173
-0.024
0.209
0.206
0.028
-0.033
0.103
-0.037
0.26
0.394
0.618
0.416
0.346
0.454
0.65
0.746
0.729
0.604
0.616
0.689
0.756
0.789
0.91
0.828
0.689
0.583
0.636
0.735
0.581
0.269
0.367
0.383
0.69
0.782
0.695
0.576
0.656
0.758
0.429
0.504
0.454
0.594
0.39
0.279
0.107
-0.018
0.059
0.058
0.107
-0.006
0.0
-0.241
-0.036
0.189
0.225
0.061
0.156
-0.357
-0.496
-0.546
-0.629
-0.576
-0.459
-0.336
-0.35
-0.459
-0.415
-0.574
-0.443
-0.503
-0.556
-0.574
-0.485
-0.456
-0.453
-0.609
-0.7
-0.875
-0.72
-0.601
-0.76
-1.001
-0.819
-1.061
-0.845
-0.819
-0.764
-0.728
-0.644
-0.566
-0.894
-0.756
-0.776
-0.835
-0.754
-0.756
-0.775
-0.686
-0.703
-0.799
-0.745
-0.664
-0.517
-0.709
-0.833
-0.753
-0.414
-0.464
-0.285
-0.069
-0.035
-0.048
0.241
0.31
0.365
0.228
0.439
0.568
0.642
0.71
0.89
1.061
1.275
1.413
1.531
1.516
1.531
1.558
1.409
1.481
1.501
1.438
1.42
1.514
1.781
1.698
1.594
1.718
1.62
1.529
1.626
1.344
1.124
0.956
1.028
0.958
0.801
0.652
0.571
0.28
0.115
-0.029
-0.043
-0.196
-0.229
-0.354
-0.21
-0.376
-0.235
-0.29
-0.31
-0.375
-0.468
-0.645
-0.649
-0.328
-0.321
-0.165
0.104
0.03
-0.18
-0.351
-0.269
-0.421
-0.578
-0.482
-0.578
-0.393
-0.413
-0.22
-0.245
-0.195
-0.156
-0.16
-0.077
-0.198
-0.241
-0.088
-0.019
0.129
0.024
0.034
0.05
0.186
0.352
0.339
0.383
0.323
0.145
0.362
0.359
0.591
0.448
0.864
0.754
0.514
0.745
0.514
0.66
0.464
0.479
0.501
0.491
0.515
0.544
0.398
0.335
-0.122
-0.254
-0.435
-0.376
-0.444
-0.404
-0.323
-0.343
-0.542
-0.275
-0.191
0.547
0.013
0.054
-0.048
0.0
0.199
0.354
0.348
0.48
0.511
0.631
0.734
0.809
0.734
0.685
0.696
0.735
0.614
0.56
0.677
0.556
0.525
0.542
0.584
0.524
0.391
0.29
0.164
0.415
0.224
0.029
0.122
-0.051
-0.099
-0.1
0.024
-0.025
-0.141
-0.326
-0.682
-0.944
-0.804
-0.888
-0.805
-0.751
-0.879
-0.779
-0.912
-0.749
-0.785
-0.831
-0.894
-1.014
-1.09
-0.941
-0.945
-0.829
-0.845
-0.729
-0.601
-0.63
-0.714
-0.604
-0.672
-0.494
-0.536
-0.549
-0.693
-0.676
-0.54
-0.629
-0.479
-0.525
-0.454
-0.28
-0.296
-0.175
-0.168
0.064
-0.146
-0.328
-0.453
-0.318
-0.283
-0.473
-0.419
-0.547
-0.833
-0.639
-0.652
-0.72
-0.599
-0.728
-0.734
-0.981
-0.975
-0.866
-0.649
-0.474
-0.265
-0.211
-0.27
-0.736
-0.761
-0.438
-0.256
0.011
0.064
0.031
0.244
0.051
0.301
0.244
0.284
0.441
0.509
0.511
0.524
0.369
0.211
0.049
-0.281
-0.212
-0.273
-0.179
0.006
0.044
-0.24
-0.389
-0.698
-0.656
-0.746
-0.693
-0.333
-0.336
-0.394
-0.489
-0.481
-0.461
-0.376
-0.212
-0.231
-0.381
-0.413
-0.083
-0.109
0.011
-0.062
0.066
0.113
0.055
0.138
0.321
0.274
0.152
-0.106
-0.221
-0.058
0.024
0.221
0.205
0.3
0.233
0.003
0.075
-0.177
-0.29
-0.111
-0.208
0.107
0.111
0.107
-0.166
-0.53
-0.385
-0.651
-0.574
-0.549
-0.475
-0.466
-0.536
-0.413
-0.362
-0.355
-0.326
-0.36
-0.333
-0.306
-0.26
-0.096
-0.058
-0.159
-0.254
-0.215
-0.092
0.1
0.307
0.333
0.292
0.576
0.63
0.789
0.85
0.82
0.825
0.714
0.714
0.603
0.376
0.352
0.316
0.323
0.286
0.24
0.345
0.329
0.504
0.556
0.781
1.016
1.314
1.169
1.06
0.919
0.978
0.891
0.85
0.838
0.907
0.654
0.649
0.797
0.699
0.802
0.893
0.855
0.796
0.694
0.615
0.48
0.156
-0.076
-0.233
-0.345
-0.209
-0.14
-0.099
-0.016
-0.028
-0.083
-0.17
-0.33
-0.33
-0.352
-0.253
-0.37
-0.581
-0.517
-0.62
-0.509
-0.356
-0.122
0.163
0.438
0.581
0.494
0.638
0.939
0.754
0.802
0.65
0.529
0.434
0.115
0.264
0.088
0.209
0.338
0.57
0.386
0.186
0.265
0.302
0.159
0.17
-0.105
-0.215
-0.339
-0.671
-0.688
-0.561
-0.609
-0.695
-0.494
-0.899
-0.896
-0.894
-0.995
-0.985
-0.819
-0.789
-0.664
-0.79
-0.679
-0.618
-0.59
-0.667
-0.818
-0.545
-0.531
-0.532
-0.33
-0.354
-0.254
-0.359
-0.294
-0.376
-0.238
0.118
0.326
0.08
0.14
0.338
0.391
0.589
0.724
0.714
0.759
0.815
0.848
0.8
0.895
0.829
0.67
0.501
0.436
0.537
0.517
0.811
0.749
1.052
1.161
1.149
1.154
1.13
1.285
0.927
0.955
0.883
1.079
0.792
0.71
0.631
0.511
0.485
0.638
0.454
0.461
0.403
0.362
0.328
0.331
0.096
-0.011
0.006
0.085
-0.223
-0.235
-0.216
-0.089
-0.231
-0.464
-0.295
-0.209
-0.059
0.005
-0.088
-0.111
0.208
0.081
0.114
0.154
0.115
0.152
0.041
0.046
0.101
0.265
0.114
0.021
-0.247
-0.223
-0.547
-0.453
-0.374
-0.189
-0.136
-0.254
-0.164
-0.275
-0.103
-0.25
-0.247
-0.28
-0.42
-0.35
-0.354
-0.23
-0.223
-0.385
-0.53
-0.591
-0.779
-0.73
-0.874
-0.989
-1.208
-1.259
-1.121
-1.019
-1.104
-1.198
-1.085
-1.117
-0.95
-0.965
-1.052
-1.211
-1.13
-1.143
-1.32
-1.308
-1.218
-1.109
-1.154
-1.055
-0.714
-0.58
-0.422
-0.284
0.048
0.17
0.304
0.379
0.656
0.686
0.746
0.674
0.88
1.239
1.353
1.2
1.611
1.405
1.45
1.538
1.419
1.464
1.295
1.127
1.045
1.215
1.109
1.154
0.939
0.905
0.934
1.19
1.354
1.433
1.469
1.234
1.179
1.302
1.169
1.363
1.261
0.984
1.061
0.874
0.749
0.866
0.826
1.05
0.824
0.574
0.709
0.44
0.319
0.122
0.182
0.119
0.089
0.005
-0.03
-0.378
-0.486
-0.628
-0.662
-0.674
-0.626
-0.633
-0.682
-0.521
-0.579
-0.54
-0.43
-0.283
-0.501
-0.359
-0.369
-0.429
-0.249
-0.395
-0.438
-0.386
-0.379
-0.369
-0.374
-0.239
-0.156
-0.14
-0.268
-0.271
-0.326
-0.23
-0.212
-0.214
-0.177
-0.145
-0.121
-0.164
-0.154
0.06
-0.011
0.116
-0.025
0.163
0.166
0.136
0.329
0.145
0.056
0.174
0.061
0.182
0.211
0.552
0.378
0.626
0.656
0.573
0.517
0.482
0.555
0.547
0.478
0.216
0.41
0.15
0.154
-0.13
-0.115
0.071
0.194
0.22
0.138
0.154
-0.021
-0.098
-0.126
-0.177
-0.072
-0.18
-0.083
0.055
0.37
0.355
0.684
0.511
0.525
0.55
0.551
0.487
0.399
0.219
-0.003
0.021
0.168
0.19
0.109
0.08
0.12
0.066
-0.121
-0.134
-0.328
-0.113
0.06
0.13
0.07
-0.014
0.049
0.11
0.08
0.206
0.019
0.056
-0.092
-0.034
-0.041
-0.196
-0.21
-0.278
-0.536
-0.65
-0.654
-0.782
-0.795
-0.814
-0.938
-0.896
-1.001
-1.034
-1.076
-1.308
-1.301
-1.516
-1.529
-1.451
-1.486
-1.518
-1.535
-1.438
-1.366
-1.121
-1.04
-0.786
-0.764
-0.656
-0.481
-0.395
-0.134
0.014
0.144
0.098
0.166
0.302
0.435
0.459
0.579
0.782
0.699
0.777
0.88
0.955
0.79
0.845
0.78
0.894
0.973
1.061
1.116
1.04
1.165
1.18
1.107
1.135
1.29
1.208
1.301
0.836
0.818
0.506
0.541
0.59
0.441
0.438
0.565
0.352
0.479
0.305
0.305
0.155
0.367
0.211
0.198
0.151
0.231
0.145
0.188
0.161
0.125
-0.135
-0.212
-0.26
-0.149
-0.025
-0.223
-0.086
-0.221
-0.028
-0.079
0.091
0.107
0.22
0.431
0.455
0.646
0.665
0.43
0.501
0.576
0.504
0.414
0.364
0.426
0.509
0.66
0.521
0.745
0.772
0.706
0.651
0.665
0.529
0.405
0.281
0.331
0.28
0.054
-0.025
-0.028
-0.216
-0.285
-0.17
-0.242
-0.305
-0.182
-0.453
-0.393
-0.616
-0.54
-0.501
-0.321
-0.429
-0.359
-0.386
-0.345
-0.361
-0.228
-0.357
-0.396
-0.371
-0.464
-0.459
-0.405
-0.37
-0.386
-0.283
-0.084
-0.134
-0.1
-0.058
0.071
0.143
0.091
0.226
0.343
0.184
0.28
0.188
0.136
0.144
0.118
0.118
0.171
-0.01
0.141
0.025
0.019
-0.006
-0.052
-0.029
-0.07
-0.143
-0.085
-0.206
-0.103
-0.152
0.08
0.041
0.334
0.279
0.484
0.583
0.599
0.723
0.556
0.6
0.585
0.552
0.482
0.417
0.469
0.366
0.349
0.265
0.379
0.301
0.326
0.281
0.217
0.233
0.02
-0.221
-0.403
-0.64
-0.645
-0.657
-0.547
-0.566
-0.57
-0.674
-0.657
-0.634
-0.611
-0.855
-0.902
-1.096
-1.13
-1.399
-1.361
-1.185
-1.47
-1.351
-1.601
-1.381
-1.251
-1.276
-1.076
-0.814
-0.596
-0.59
-0.657
-0.703
-0.685
-0.636
-0.329
-0.391
-0.379
-0.333
-0.321
-0.086
-0.201
-0.094
-0.119
-0.109
-0.021
0.07
0.021
0.029
-0.055
0.11
0.194
0.212
0.45
0.409
0.492
0.484
0.44
0.526
0.564
0.634
0.529
0.364
0.294
0.185
0.487
0.203
0.184
0.285
0.522
0.615
0.589
0.557
0.461
0.55
0.688
0.764
0.534
0.323
0.422
0.395
0.461
0.301
0.306
0.238
0.193
0.145
0.026
0.321
0.376
0.444
0.329
0.174
0.239
0.199
0.236
0.075
0.114
0.193
0.034
0.223
0.352
0.251
0.288
0.399
0.306
0.186
0.168
0.101
0.004
-0.005
-0.07
-0.251
-0.388
-0.65
-0.414
-0.443
-0.599
-0.524
-0.515
-0.6
-0.621
-0.69
-0.893
-0.879
-0.795
-0.435
-0.403
-0.35
-0.455
-0.315
-0.389
-0.499
-0.481
-0.544
-0.235
-0.381
-0.49
-0.468
-0.399
-0.361
-0.307
-0.13
-0.186
-0.074
-0.128
-0.184
-0.266
-0.084
-0.128
0.026
0.122
0.285
0.283
0.461
0.349
0.413
0.072
0.035
-0.149
-0.146
0.1
0.089
0.035
0.064
0.372
0.299
0.088
0.113
0.095
0.206
-0.14
0.052
0.29
0.146
0.339
0.398
0.628
0.662
0.674
0.856
0.964
1.083
1.206
1.094
1.058
1.111
0.979
1.201
1.213
1.282
1.089
0.97
0.985
0.769
0.876
0.688
0.497
0.496
0.55
0.263
0.3
-0.01
0.086
0.133
0.219
0.186
0.251
0.173
0.221
0.23
0.011
0.116
0.249
0.101
0.261
0.1
0.103
-0.126
0.048
0.18
0.125
-0.021
-0.022
-0.085
-0.106
-0.268
-0.27
-0.465
-0.464
-0.453
-0.224
-0.21
0.13
0.152
0.074
0.052
0.26
0.403
0.44
0.618
0.763
0.546
0.753
0.968
0.946
0.899
0.902
0.921
0.754
0.826
0.789
1.121
1.106
0.965
1.181
1.338
1.249
1.346
1.13
1.25
1.231
1.044
0.816
0.396
0.527
0.259
0.304
0.077
-0.275
-0.399
-0.417
-0.52
-0.531
-0.551
-0.566
-0.49
-0.504
-0.338
-0.352
-0.355
-0.388
-0.352
-0.263
-0.155
-0.17
-0.309
-0.244
-0.236
-0.147
-0.309
-0.491
-0.546
-0.623
-0.74
-0.794
-0.816
-0.902
-1.002
-1.09
-1.059
-1.008
-1.012
-0.914
-0.896
-0.782
-0.915
-0.809
-0.855
-0.843
-0.843
-0.758
-0.666
-0.581
-0.716
-0.639
-0.62
-0.775
-0.521
-0.432
-0.181
-0.138
0.089
0.099
0.026
0.275
0.314
0.62
0.65
0.698
0.66
0.71
0.905
0.811
1.012
1.086
1.0
1.035
1.175
1.248
1.276
1.431
1.338
1.335
1.32
1.435
1.3
1.157
1.056
0.883
0.825
0.854
0.787
0.642
0.432
0.278
0.165
0.101
0.186
0.179
0.224
0.08
0.1
0.176
-0.01
0.086
-0.048
-0.273
-0.367
-0.557
-0.585
-0.388
-0.503
-0.441
-0.468
-0.443
-0.416
-0.458
-0.307
-0.319
-0.261
-0.236
-0.378
-0.461
-0.491
-0.511
-0.499
-0.469
-0.541
-0.503
-0.529
-0.67
-0.714
-0.854
-0.834
-0.777
-0.784
-0.756
-0.906
-0.946
-1.088
-1.034
-1.086
-1.127
-1.14
-1.119
-1.137
-1.055
-0.854
-0.811
-0.919
-0.936
-1.104
-1.068
-1.07
-1.01
-0.925
-1.024
-0.828
-0.758
-0.593
-0.5
-0.544
-0.384
-0.295
-0.301
-0.367
-0.296
-0.479
-0.426
-0.297
-0.131
-0.158
-0.077
-0.081
-0.306
-0.319
-0.305
-0.12
-0.152
-0.185
0.031
0.037
0.201
0.228
0.268
0.405
0.401
0.569
0.594
0.78
0.845
0.879
0.91
1.044
0.849
0.902
0.844
0.984
1.073
1.021
1.006
0.968
0.948
0.91
1.147
0.851
0.606
0.671
0.76
0.689
0.623
0.366
0.383
0.459
0.499
0.499
0.325
0.329
0.371
0.531
0.56
0.549
0.564
0.514
0.594
0.638
0.464
0.398
0.487
0.475
0.514
0.701
0.585
0.598
0.526
0.508
0.403
0.486
0.385
0.259
0.211
0.083
0.219
0.19
0.236
0.279
0.268
0.311
0.329
0.235
0.26
0.245
0.147
0.235
0.301
0.264
0.259
0.119
0.134
0.049
-0.054
0.155
0.115
0.092
0.238
0.309
0.292
0.089
0.146
0.065
0.251
0.09
0.242
0.292
0.263
0.356
0.289
0.312
0.238
0.083
0.106
0.052
0.174
0.096
0.116
-0.004
0.065
-0.007
-0.033
0.003
-0.055
-0.238
-0.233
-0.39
-0.522
-0.623
-0.734
-0.782
-0.772
-0.864
-0.656
-0.753
-0.651
-0.785
-0.525
-0.771
-0.848
-0.912
-0.638
-0.682
-0.601
-0.497
-0.49
-0.409
-0.349
-0.455
-0.355
-0.177
-0.019
0.056
0.071
0.044
0.024
-0.126
-0.069
-0.021
0.066
0.246
0.185
0.141
0.319
0.359
0.45
0.545
0.449
0.466
0.645
0.655
0.958
0.806
1.064
1.001
1.096
1.121
1.086
1.206
1.099
1.145
0.959
0.771
0.733
0.646
0.6
0.355
0.309
0.551
0.236
0.12
0.138
0.219
0.089
-0.066
-0.018
0.16
-0.045
-0.105
0.013
-0.041
-0.161
-0.236
-0.196
-0.266
-0.129
-0.06
-0.013
0.044
0.152
0.151
-0.009
0.163
0.088
0.007
-0.07
-0.151
-0.105
-0.152
-0.399
-0.571
-0.522
-0.618
-0.57
-0.863
-0.893
-0.976
-0.886
-1.106
-1.031
-1.009
-0.738
-0.902
-0.905
-0.831
-0.744
-0.675
-0.61
-0.667
-0.647
-0.694
-0.635
-0.426
-0.379
-0.365
-0.352
-0.331
-0.224
-0.062
0.039
0.105
0.0
0.14
0.314
0.482
0.453
0.491
0.459
0.595
0.672
0.969
0.978
1.16
1.22
1.137
1.189
1.198
1.265
1.236
1.193
1.12
1.049
1.05
0.745
0.444
0.439
0.378
0.372
0.242
0.199
0.163
0.21
0.244
0.151
-0.026
0.163
0.131
0.124
0.318
0.194
0.114
0.22
0.169
0.26
0.241
0.401
0.614
0.63
0.825
1.244
1.262
1.357
1.2
1.175
1.031
1.225
1.21
1.295
1.206
1.111
0.924
0.901
0.865
0.865
0.766
0.839
0.811
0.7
0.51
0.604
0.544
0.537
0.443
0.554
0.379
0.281
0.465
0.304
0.284
0.261
0.28
0.107
-0.024
0.186
0.236
-0.12
-0.35
-0.168
-0.443
-0.621
-0.492
-0.44
-0.505
-0.501
-0.395
-0.41
-0.247
-0.326
-0.146
-0.014
0.009
0.115
0.174
0.185
0.302
0.19
0.258
-0.075
-0.098
-0.114
-0.037
-0.056
-0.158
0.019
0.0
0.0
-0.156
-0.241
-0.135
-0.133
-0.276
-0.292
-0.271
-0.274
-0.419
-0.456
-0.389
-0.439
-0.372
-0.28
-0.159
-0.126
-0.158
-0.186
-0.171
-0.11
-0.2
-0.084
0.079
-0.084
-0.121
-0.291
-0.189
-0.217
-0.268
-0.3
-0.27
-0.181
-0.2
-0.349
-0.323
-0.305
-0.448
-0.486
-0.448
-0.316
-0.268
-0.045
-0.058
0.269
0.186
0.338
0.45
0.52
0.601
0.521
0.73
0.796
0.665
0.906
0.829
0.886
0.739
0.706
0.675
0.61
0.536
0.398
0.266
0.23
0.144
0.086
-0.061
-0.205
-0.155
-0.242
-0.29
-0.174
-0.292
-0.26
-0.206
-0.231
-0.271
-0.211
-0.334
-0.446
-0.445
-0.516
-0.565
-0.459
-0.411
-0.297
-0.406
-0.221
-0.263
-0.08
0.05
-0.034
-0.022
0.022
-0.024
-0.046
-0.041
-0.194
-0.198
-0.141
-0.1
-0.25
-0.47
-0.604
-0.64
-0.647
-0.441
-0.361
-0.42
-0.497
-0.536
-0.516
-0.529
-0.425
-0.469
-0.522
-0.566
-0.61
-0.761
-0.829
-0.848
-0.709
-0.802
-0.907
-0.959
-0.951
-0.879
-1.016
-1.021
-1.041
-0.964
-0.834
-0.746
-0.487
-0.561
-0.5
-0.365
-0.424
-0.321
-0.321
-0.244
-0.216
-0.146
-0.084
-0.019
0.16
0.299
0.198
0.24
0.174
0.306
0.352
0.417
0.362
0.372
0.505
0.445
0.454
0.48
0.374
0.362
0.331
0.511
0.665
0.689
0.659
0.67
0.546
0.479
0.494
0.268
0.176
-0.171
-0.326
-0.384
-0.23
-0.23
-0.326
-0.299
-0.374
-0.276
-0.408
-0.508
-0.562
-0.59
-0.44
-0.458
-0.545
-0.456
-0.55
-0.453
-0.311
-0.288
-0.163
-0.188
-0.188
-0.065
-0.049
-0.15
-0.09
0.092
0.152
0.044
0.009
0.004
-0.007
-0.092
-0.165
-0.115
-0.259
-0.235
-0.268
-0.184
-0.092
0.013
-0.016
-0.086
0.009
-0.005
0.044
0.048
0.251
0.155
0.143
0.225
0.404
0.419
0.526
0.57
0.777
0.78
0.787
0.649
0.829
0.799
0.743
0.824
0.769
0.954
0.814
0.966
0.971
0.905
0.831
0.709
0.689
0.726
0.743
0.68
0.532
0.459
0.445
0.435
0.464
0.614
0.465
0.481
0.299
0.147
0.195
0.286
0.383
0.367
0.241
0.196
0.221
0.266
0.439
0.561
0.438
0.491
0.631
0.436
0.522
0.664
0.628
0.596
0.584
0.616
0.586
0.616
0.589
0.311
0.219
0.206
0.076
0.126
0.033
-0.099
0.024
-0.074
-0.22
-0.261
-0.411
-0.718
-0.764
-0.809
-0.82
-0.738
-0.912
-0.838
-0.792
-0.866
-0.823
-0.846
-0.784
-0.708
-0.787
-0.738
-0.646
-0.765
-0.655
-0.73
-0.861
-0.642
-0.615
-0.499
-0.535
-0.435
-0.383
-0.486
-10.336
-0.019
-0.391
-1.126
-0.225
-0.159
-0.171
-0.254
-0.325
-0.189
-0.15
-0.176
0.049
0.173
0.249
0.235
0.247
0.4
0.301
0.429
0.331
0.524
0.388
0.393
0.535
0.596
0.662
0.741
0.776
0.69
0.646
0.603
0.56
0.706
0.53
0.527
0.51
0.409
0.395
0.515
0.635
0.552
0.58
0.641
0.647
0.759
0.858
0.851
0.665
0.536
0.589
0.43
0.31
0.338
0.319
0.359
0.354
0.355
0.346
0.263
0.138
0.039
-0.156
-0.092
-0.251
-0.217
-0.249
-0.263
-0.33
-0.388
-0.217
-0.258
-0.205
-0.065
-0.312
-0.475
-0.718
-0.89
-1.119
-1.186
-1.302
-1.346
-1.361
-1.195
-1.265
-1.36
-1.414
-1.461
-1.417
-1.491
-1.248
-1.232
-1.343
-1.236
-1.249
-1.09
-1.242
-1.08
-1.012
-0.871
-0.682
-0.675
-0.578
-0.574
-0.489
-0.36
-0.371
-0.107
-0.131
0.071
0.173
0.174
0.369
0.323
0.405
0.519
0.537
0.685
0.605
0.714
0.769
