0.843
0.766
0.714
0.691
0.83
0.709
0.753
0.917
0.914
1.136
1.011
0.849
0.792
0.753
0.763
0.7
0.833
1.004
0.726
0.713
0.814
0.731
0.594
0.464
0.314
0.304
0.238
0.261
0.14
0.165
0.106
0.083
0.221
0.184
0.229
0.454
0.541
0.557
0.619
0.652
0.753
0.863
0.708
0.724
0.782
0.868
1.012
1.051
0.9
0.951
0.95
0.993
1.058
1.286
1.188
1.235
1.271
1.385
1.415
1.465
1.357
1.345
1.397
1.281
1.331
1.19
1.347
1.335
1.296
1.458
1.411
1.35
1.068
0.965
0.901
0.64
0.625
0.811
0.549
0.606
0.372
0.344
0.276
-0.091
-0.37
-0.443
-0.465
-0.534
-0.555
-0.455
-0.551
-0.633
-0.639
-0.515
-0.623
-0.514
-0.651
-0.575
-0.711
-0.72
-0.823
-0.871
-0.84
-0.88
-0.944
-0.721
-0.667
-0.615
-0.68
-0.698
-0.44
-0.305
-0.135
0.124
-0.118
0.23
-0.009
0.007
0.007
-0.206
-0.146
-0.234
-0.118
-0.334
-0.398
-0.239
-0.365
-0.171
-0.134
0.094
0.216
0.325
0.091
-0.199
-0.169
-0.152
-0.052
-0.118
-0.134
-0.09
-0.155
-0.279
-0.198
-0.201
-0.435
-0.29
-0.22
-0.279
-0.198
-0.274
-0.182
-0.185
-0.04
-0.092
0.009
0.47
0.51
0.608
0.631
0.934
0.986
1.094
1.23
1.312
1.404
1.512
1.508
1.569
1.444
1.334
1.524
1.49
1.472
1.401
1.314
0.995
0.944
0.985
0.698
0.611
0.441
0.429
0.278
0.125
0.14
0.33
0.234
0.247
0.091
0.026
0.059
-0.234
0.024
-0.15
-0.201
-0.299
-0.378
-0.19
-0.216
-0.034
0.049
0.14
0.05
0.113
-0.037
0.052
0.206
0.091
0.1
0.111
0.263
0.291
0.171
0.056
-0.021
0.044
0.159
0.176
0.043
-0.001
-0.048
-0.175
-0.196
-0.415
-0.255
-0.164
-0.198
0.001
-0.096
-0.129
-0.156
0.015
0.128
0.175
0.193
0.416
0.516
0.569
0.638
0.545
0.606
0.56
0.324
0.206
0.135
0.221
0.129
0.22
0.199
0.336
0.188
0.02
-0.025
-0.088
-0.039
0.031
0.034
-0.136
-0.389
-0.677
-0.672
-0.631
-0.743
-0.81
-0.763
-0.661
-0.68
-0.705
-0.74
-0.669
-0.547
-0.456
-0.445
-0.379
-0.28
-0.166
-0.139
-0.081
-0.366
-0.489
-0.531
-0.733
-0.615
-0.561
-0.77
-0.756
-1.034
-1.014
-1.028
-0.943
-0.986
-1.151
-1.031
-1.145
-1.113
-1.086
-1.117
-1.086
-1.068
-1.049
-1.04
-0.964
-0.936
-0.915
-0.871
-0.955
-0.871
-0.976
-0.975
-0.966
-0.936
-1.084
-0.996
-1.133
-0.97
-0.927
-0.983
-0.951
-0.681
-0.566
-0.398
-0.211
-0.085
-0.036
0.011
-0.019
-0.009
0.17
-0.013
0.146
0.258
0.331
0.405
0.628
0.586
0.576
0.786
0.766
0.69
0.713
0.879
0.824
0.671
0.444
0.461
0.367
0.31
0.318
0.302
0.408
0.474
0.422
0.497
0.386
0.391
0.52
0.655
0.453
0.503
0.366
0.249
0.158
-0.046
0.149
0.056
-0.015
-0.076
0.019
-0.052
-0.184
-0.226
-0.349
-0.471
-0.514
-0.585
-0.861
-0.745
-0.604
-0.675
-0.606
-0.449
-0.386
-0.495
-0.718
-0.575
-0.566
-0.696
-0.381
-0.703
-0.599
-0.636
-0.652
-0.782
-0.814
-0.777
-0.671
-0.461
-0.443
-0.495
-0.279
-0.329
-0.2
-0.214
-0.019
-0.03
-0.054
0.124
0.156
0.156
0.244
0.271
0.22
0.249
0.219
0.062
0.056
0.054
0.051
0.083
-0.056
0.107
0.263
0.384
0.388
0.574
0.739
0.706
0.911
0.625
0.714
0.685
0.87
0.846
0.905
0.839
0.946
0.961
0.831
0.816
0.786
0.729
0.635
0.539
0.576
0.441
0.241
0.35
0.234
0.052
-0.026
-0.019
-0.177
-0.304
-0.294
-0.214
-0.174
-0.026
-0.214
-0.251
-0.386
-0.333
-0.164
-0.076
0.001
0.062
-0.016
-0.014
-0.089
-0.274
-0.271
-0.31
-0.48
-0.466
-0.296
-0.314
-0.381
-0.569
-0.356
-0.537
-0.63
-0.565
-0.711
-0.539
-0.404
-0.33
-0.415
-0.32
-0.271
-0.228
-0.018
-0.01
0.064
-0.194
-0.103
0.044
0.106
0.115
-0.061
-0.171
-0.23
-0.191
-0.166
-0.173
-0.164
-0.1
-0.065
-0.161
-0.115
-0.1
-0.113
0.036
0.089
0.076
0.225
0.289
0.334
0.33
0.38
0.369
0.273
0.191
0.015
-0.116
-0.125
0.019
0.046
0.019
0.279
-0.035
0.009
0.105
0.217
0.19
0.365
0.48
0.571
0.749
0.726
0.795
0.834
0.689
0.49
0.527
0.316
0.254
0.125
0.216
0.296
0.129
0.328
0.301
0.413
0.562
0.485
0.695
0.549
0.519
0.67
0.574
0.545
0.439
0.284
0.233
0.08
-0.009
-0.075
-0.331
-0.454
-0.539
-0.635
-0.505
-0.568
-0.64
-0.86
-1.028
-1.113
-1.114
-1.048
-1.149
-1.16
-1.115
-1.114
-1.124
-1.245
-1.035
-0.907
-0.876
-0.838
-1.054
-0.886
-0.946
-0.881
-0.959
-0.787
-0.715
-0.671
-0.664
-0.561
-0.619
-0.682
-0.671
-0.666
-0.535
-0.461
-0.455
-0.449
-0.519
-0.325
-0.228
-0.215
-0.214
-0.195
-0.048
-0.006
-0.024
0.085
0.215
0.022
0.1
0.076
0.059
-0.016
-0.113
-0.062
-0.036
-0.149
-0.233
-0.189
-0.413
-0.403
-0.388
-0.514
-0.343
-0.305
-0.388
-0.33
-0.432
-0.416
-0.355
-0.325
-0.296
-0.366
-0.344
-0.306
-0.107
0.071
0.043
0.041
0.066
0.103
0.01
0.092
0.003
0.163
0.188
0.359
0.344
0.211
0.209
0.177
0.103
0.205
0.14
0.173
0.165
0.16
0.155
0.124
-0.049
0.085
0.116
0.12
0.05
0.029
0.076
0.193
-0.194
0.056
-0.22
-0.288
-0.253
-0.434
-0.321
-0.351
-0.27
-0.35
-0.376
-0.545
-0.559
-0.444
-0.465
-0.559
-0.65
-0.623
-0.536
-0.799
-0.66
-0.691
-0.662
-0.641
-0.684
-0.703
-0.652
-0.545
-0.57
-0.506
-0.584
-0.606
-0.566
-0.481
-0.426
-0.64
-0.566
-0.586
-0.664
-0.512
-0.425
-0.451
-0.365
-0.152
-0.164
-0.022
-0.17
-0.005
0.044
0.066
-0.128
0.113
-0.065
-0.133
-0.05
0.005
0.035
0.07
0.205
0.269
0.168
0.25
0.158
0.274
0.195
0.179
0.195
0.239
0.443
0.511
0.66
0.603
0.579
0.453
0.63
0.672
0.479
0.521
0.406
0.35
0.383
0.55
0.406
0.506
0.346
0.386
0.455
0.369
0.194
0.189
0.133
0.06
0.003
0.076
0.069
-0.181
-0.31
-0.425
-0.501
-0.291
-0.409
-0.072
-0.355
-0.345
-0.396
-0.281
-0.269
-0.122
0.064
0.054
0.176
0.19
0.208
0.367
0.571
0.634
0.667
0.743
0.855
0.797
0.679
0.743
0.61
0.65
0.639
0.598
0.605
0.309
0.206
0.188
0.399
0.299
0.253
0.39
0.419
0.318
0.289
0.415
0.336
0.408
0.33
0.121
0.171
0.154
0.009
-0.035
0.04
-0.061
-0.186
-0.17
-0.311
-0.136
-0.336
-0.486
-0.565
-0.647
-0.636
-0.718
-0.693
-0.662
-0.656
-0.598
-0.561
-0.45
-0.545
-0.335
-0.304
-0.15
0.01
0.065
0.234
0.159
0.285
0.343
0.224
0.263
0.201
0.275
0.276
0.26
0.269
0.309
0.372
0.473
0.302
0.239
0.362
0.304
0.36
0.531
0.608
0.47
0.494
0.634
0.62
0.616
0.49
0.344
0.509
0.495
0.371
0.408
0.199
0.259
0.203
0.18
0.209
0.189
0.188
0.176
0.006
0.111
0.174
0.077
0.184
0.224
0.245
0.339
0.367
0.605
0.492
0.487
0.42
0.603
0.661
0.759
0.715
0.792
0.843
0.776
0.9
0.886
0.82
0.906
0.951
0.965
0.889
0.85
1.016
0.975
0.846
0.935
0.879
0.911
0.914
0.819
0.714
0.985
1.046
1.139
1.279
1.351
1.153
1.147
1.106
0.851
0.716
0.646
0.735
0.731
0.497
0.616
0.497
0.413
0.266
0.316
0.41
0.403
0.244
0.275
0.331
0.391
0.438
0.394
0.349
0.36
0.578
0.473
0.456
0.584
0.49
0.682
0.688
0.482
0.336
0.441
0.611
0.684
0.633
0.584
0.715
0.876
0.598
0.608
0.573
0.698
0.471
0.449
0.432
0.345
0.506
0.547
0.414
0.416
0.344
0.371
0.359
0.134
0.076
0.028
-0.118
-0.25
-0.406
-0.391
-0.341
-0.314
-0.156
0.006
-0.07
-0.059
-0.208
-0.14
-0.089
-0.018
-0.265
-0.295
-0.578
-0.42
-0.499
-0.676
-0.579
-0.657
-0.655
-0.453
-0.233
-0.319
-0.302
-0.499
-0.378
-0.225
-0.185
0.134
0.143
0.18
0.203
0.305
0.185
0.143
0.18
0.395
0.231
0.188
-0.24
-0.182
-0.111
-0.199
-0.245
-0.195
-0.061
-0.014
0.024
-0.195
0.045
0.095
-0.024
-0.086
-0.261
-0.254
-0.378
-0.41
-0.35
-0.323
-0.206
0.058
0.234
0.274
0.171
0.434
0.56
0.659
0.649
0.709
0.794
1.079
1.054
1.059
1.173
1.209
1.298
1.311
1.318
1.111
1.198
1.129
1.099
1.165
1.076
1.154
1.114
1.056
0.828
0.912
0.624
0.415
0.463
0.449
0.535
0.785
0.6
0.494
0.508
0.324
0.23
0.054
-0.105
-0.174
-0.417
-0.759
-0.715
-0.866
-0.775
-0.753
-0.851
-0.909
-1.191
-1.16
-1.314
-1.254
-1.246
-1.276
-1.075
-1.097
-0.866
-0.885
-0.821
-0.74
-0.435
-0.321
-0.304
-0.281
-0.427
-0.647
-0.464
-0.426
-0.408
-0.325
-0.359
-0.315
-0.201
-0.103
-0.21
-0.125
-0.271
-0.212
-0.113
-0.221
-0.13
-0.086
-0.179
-0.38
-0.454
-0.487
-0.39
-0.474
-0.478
-0.388
-0.432
-0.506
-0.338
-0.261
-0.351
-0.333
-0.491
-0.352
-0.279
-0.36
-0.271
-0.38
-0.239
-0.251
-0.109
-0.258
-0.23
-0.174
-0.235
-0.226
-0.215
-0.206
-0.343
-0.318
-0.242
-0.383
-0.318
-0.209
-0.098
0.049
0.156
0.12
0.024
-0.091
-0.496
-0.36
-0.326
-0.297
-0.276
-0.38
-0.564
-0.685
-0.764
-0.965
-0.886
-0.914
-0.871
-0.458
-0.329
-0.241
-0.241
-0.345
-0.357
-0.311
-0.271
-0.278
-0.271
-0.242
-0.33
-0.236
-0.224
-0.323
-0.56
-0.537
-0.614
-0.794
-0.733
-0.703
-0.554
-0.835
-0.984
-0.855
-0.988
-1.064
-1.021
-1.268
-1.206
-1.076
-1.065
-0.951
-0.98
-0.844
-0.905
-0.825
-0.955
-0.619
-0.739
-0.645
-0.649
-0.675
-0.689
-0.57
-0.405
-0.356
-0.431
-0.331
0.007
0.089
0.211
0.179
0.289
0.58
0.72
0.797
0.905
0.883
0.988
1.12
1.078
1.28
1.32
1.321
1.278
1.177
1.16
1.038
1.054
1.136
1.066
0.897
0.896
0.916
0.893
0.893
0.897
0.899
0.951
0.985
1.058
0.964
0.846
0.779
0.705
0.741
0.461
0.265
0.224
0.256
0.177
0.198
0.146
-0.065
-0.022
-0.049
-0.269
-0.107
-0.088
-0.037
-0.16
-0.231
-0.367
-0.401
-0.393
-0.415
-0.479
-0.665
-0.686
-0.779
-0.866
-0.975
-1.164
-0.904
-0.834
-0.768
-0.784
-0.879
-0.945
-0.802
-0.753
-0.791
-0.633
-0.763
-0.802
-0.71
-0.64
-0.606
-0.489
-0.547
-0.438
-0.526
-0.517
-0.531
-0.541
-0.435
-0.491
-0.369
-0.45
-0.283
-0.193
-0.3
-0.362
-0.385
-0.28
-0.281
-0.454
-0.369
-0.288
-0.403
-0.2
-0.417
-0.206
-0.346
-0.115
0.099
-0.033
0.076
0.339
0.059
0.141
0.22
0.128
0.114
0.17
0.119
0.101
-0.037
-0.014
0.003
-0.121
0.029
-0.278
-0.131
-0.208
-0.064
-0.149
-0.119
-0.223
-0.051
-0.203
-0.11
-0.17
-0.18
-0.226
-0.36
-0.519
-0.454
-0.601
-0.569
-0.414
-0.289
-0.263
-0.266
-0.113
-0.025
0.17
0.168
0.182
0.364
0.381
0.492
0.473
0.422
0.491
0.506
0.589
0.67
0.746
0.614
0.539
0.605
0.508
0.489
0.393
0.376
0.273
0.302
0.366
0.256
0.26
0.306
0.278
0.175
0.484
0.351
0.175
0.25
0.245
0.231
0.143
0.009
0.039
-0.052
-0.061
-0.136
-0.261
0.051
-0.051
-0.163
-0.173
-0.305
-0.35
-0.23
-0.283
-0.164
-0.141
-0.031
-0.159
-0.095
-0.161
-0.361
-0.215
-0.206
-0.124
-0.169
-0.149
-0.085
-0.174
-0.146
-0.074
0.021
0.077
0.074
0.088
0.001
-0.064
-0.03
0.154
0.246
0.195
0.233
0.191
0.168
0.045
0.025
0.128
0.12
0.118
0.173
0.281
0.345
0.371
0.588
0.625
0.73
0.657
0.772
0.73
0.575
0.588
0.512
0.58
0.565
0.61
0.474
0.526
0.544
0.549
0.699
0.738
0.851
0.662
0.726
0.698
0.694
0.638
0.611
0.638
0.525
0.468
0.384
0.217
0.184
0.12
0.072
0.01
-0.098
-0.101
-0.064
0.08
-0.046
0.05
-0.069
0.048
-0.118
-0.29
-0.319
-0.239
-0.388
-0.524
-0.651
-0.815
-0.724
-0.644
-0.639
-0.704
-0.525
-0.578
-0.576
-0.486
-0.356
-0.415
-0.512
-0.662
-0.681
-0.709
-0.64
-0.56
-0.494
-0.621
-0.531
-0.516
-0.284
-0.217
-0.169
-0.107
-0.125
-0.307
-0.352
-0.375
-0.323
-0.309
-0.092
-0.229
-0.22
-0.159
-0.046
-0.15
-0.126
-0.339
-0.404
-0.416
-0.326
-0.325
-0.196
-0.261
-0.416
-0.444
-0.541
-0.545
-0.515
-0.608
-0.554
-0.537
-0.745
-0.655
-0.763
-0.836
-0.901
-0.955
-0.994
-1.085
-0.873
-0.871
-0.914
-0.729
-0.772
-0.626
-0.734
-0.316
-0.275
-0.411
-0.338
-0.444
-0.33
-0.348
-0.371
-0.324
-0.168
-0.191
-0.098
0.048
0.069
0.06
0.23
0.304
0.334
0.352
0.529
0.694
0.76
0.676
0.716
0.834
0.711
0.574
0.67
0.468
0.566
0.512
0.547
0.588
0.605
0.562
0.677
0.441
0.41
0.499
0.473
0.405
0.531
0.564
0.504
0.64
0.667
0.77
0.616
0.471
0.539
0.421
0.269
0.146
0.174
0.1
-0.186
-0.088
-0.189
-0.338
-0.436
-0.547
-0.73
-0.482
-0.635
-0.588
-0.45
-0.466
-0.414
-0.458
-0.516
-0.544
-0.586
-0.725
-0.556
-0.639
-0.651
-0.541
-0.529
-0.376
-0.235
-0.299
-0.17
-0.061
0.022
0.168
0.384
0.176
0.27
0.438
0.286
0.268
0.385
0.491
0.549
0.625
0.705
0.685
0.731
0.754
0.665
0.675
0.676
0.574
0.644
0.497
0.581
0.564
0.525
0.48
0.681
0.65
0.616
0.75
0.8
0.948
0.945
0.985
0.901
0.849
0.894
0.946
0.97
0.91
0.825
1.016
0.85
0.753
0.881
0.759
0.659
0.64
0.466
0.307
0.292
0.36
0.269
0.211
0.393
0.238
0.294
0.261
0.32
0.338
0.177
0.113
0.111
0.215
0.28
0.14
0.258
0.164
0.203
0.174
0.251
0.155
0.188
0.188
0.021
0.168
-0.034
0.115
0.11
0.051
0.279
0.075
0.334
0.359
0.37
0.279
0.42
0.284
0.522
0.458
0.521
0.372
0.422
0.185
0.307
0.544
0.438
0.541
0.694
0.7
0.965
1.07
0.984
1.018
1.21
1.481
1.541
1.536
1.508
1.252
1.236
1.006
0.9
0.869
0.824
0.777
0.966
0.871
0.745
0.5
0.564
0.559
0.46
0.492
0.415
0.329
0.255
-0.05
-0.231
0.022
0.035
0.217
-0.024
0.01
0.22
0.208
0.104
-0.083
-0.079
-0.104
-0.171
-0.364
-0.425
-0.594
-0.728
-0.522
-0.651
-0.415
-0.341
-0.365
-0.4
-0.316
-0.316
-0.348
-0.011
-0.105
-0.092
-0.08
-0.144
-0.43
-0.404
-0.478
-0.65
-0.246
-0.266
0.186
0.306
0.196
0.177
0.258
0.338
0.372
0.575
0.54
0.417
0.424
0.275
0.466
0.443
0.351
0.559
0.786
1.091
1.153
1.255
1.06
1.16
1.012
0.866
0.446
0.561
0.238
0.216
0.364
0.401
0.364
0.471
10.332
10.332
0.356
0.3
0.193
-0.037
-0.129
-0.02
-0.439
-0.646
-0.698
-0.625
-0.736
-0.792
-0.841
-0.925
-0.934
-0.969
-1.011
-1.149
-1.004
-1.184
-1.191
-1.215
-1.209
-1.093
-1.005
-1.058
-0.966
-0.714
-0.729
-0.75
-0.594
-0.456
-0.47
-0.642
-0.25
0.088
0.176
0.113
0.29
0.554
0.625
0.725
0.694
0.86
0.787
0.844
0.896
0.775
0.869
0.759
0.759
0.9
0.904
1.09
1.066
1.13
1.185
1.381
1.221
1.071
1.016
0.886
0.88
1.012
0.733
0.624
0.735
0.646
0.61
0.329
0.283
0.314
0.009
-0.022
-0.031
-0.103
-0.354
-0.431
-0.665
-0.851
-0.885
-1.062
-0.981
-1.104
-1.144
-1.035
-1.088
-1.089
-1.107
-0.96
-0.994
-1.198
-1.194
-1.214
-1.359
-1.226
-1.329
-1.424
-1.274
-1.218
-1.165
-0.986
-0.829
-0.83
-0.927
-0.769
-0.573
-0.459
-0.356
-0.286
-0.36
-0.326
-0.143
-0.155
-0.26
-0.321
-0.341
-0.161
-0.103
-0.188
-0.251
-0.427
-0.48
-0.52
-0.565
-0.738
-0.736
-0.761
-0.881
-1.078
-1.211
-1.177
-1.147
-1.114
-1.012
-1.051
-0.954
-1.046
-0.985
-0.851
-0.704
-0.651
-0.53
-0.473
-0.421
-0.289
-0.364
-0.24
0.086
0.221
0.182
-0.191
-0.289
-0.325
-0.45
-0.228
-0.166
-0.084
-0.034
0.045
-0.159
-0.128
-0.049
-0.048
-0.115
-0.166
-0.189
-0.171
-0.119
-0.154
-0.062
0.175
0.295
0.196
0.149
0.235
-0.044
-0.304
-0.384
-0.415
-0.269
-0.152
0.1
-0.043
-0.076
-0.254
-0.374
-0.238
-0.084
-0.044
0.14
0.208
0.2
0.091
-0.104
-0.161
-0.292
-0.052
-0.191
-0.176
-0.438
-0.509
-0.608
-0.611
-0.675
-0.576
-0.511
-0.561
-0.511
-0.5
-0.43
-0.451
-0.331
-0.367
-0.542
-0.537
-0.634
-0.609
-0.526
-0.439
-0.321
-0.194
-0.118
-0.235
-0.174
-0.225
-0.179
-0.158
-0.007
-0.36
-0.422
-0.307
-0.362
-0.43
-0.319
-0.21
0.055
0.064
0.099
0.181
0.177
0.043
0.177
0.25
0.414
0.379
0.283
0.268
0.212
0.296
0.236
0.185
0.367
0.424
0.431
0.445
0.343
0.226
0.281
0.316
0.365
0.364
0.381
0.584
0.883
0.796
0.774
0.772
0.728
0.688
0.728
0.715
0.797
0.868
0.75
0.771
0.676
0.605
0.531
0.814
0.866
0.936
1.002
0.746
0.815
0.738
0.714
0.734
0.769
0.899
0.677
0.711
0.797
0.601
0.512
0.341
0.261
0.143
-0.084
-0.348
-0.475
-0.669
-0.676
-0.421
-0.631
-0.619
-0.57
-0.61
-0.685
-0.67
-0.348
-0.256
-0.189
-0.061
0.01
0.076
-0.062
0.164
0.088
0.072
-0.081
-0.05
-0.107
-0.09
-0.014
-0.07
-0.083
-0.169
-0.188
-0.165
-0.242
-0.165
-0.297
-0.367
-0.242
-0.228
-0.219
-0.284
0.029
0.051
0.139
0.101
0.195
0.151
0.139
0.25
0.24
0.27
0.526
0.429
0.568
0.542
0.509
0.542
0.481
0.739
0.636
0.63
0.532
0.432
0.451
0.41
0.216
0.003
-0.122
0.125
0.013
0.158
0.098
-0.052
-0.062
-0.169
-0.186
-0.242
-0.31
-0.29
-0.216
-0.284
-0.328
-0.22
-0.159
-0.245
-0.379
-0.383
-0.398
-0.376
-0.46
-0.62
-0.385
-0.47
-0.555
-0.676
-0.639
-0.723
-0.696
-0.785
-0.93
-1.005
-0.968
-1.106
-1.084
-1.01
-1.051
-1.081
-1.126
-0.863
-0.763
-0.801
-0.819
-0.92
-0.809
-0.764
-0.638
-0.554
-0.32
-0.181
-0.152
-0.034
-0.08
-0.079
-0.1
-0.143
-0.15
-0.161
-0.149
-0.122
-0.163
-0.176
-0.179
-0.455
-0.177
-0.283
-0.276
-0.2
-0.289
-0.184
-0.181
0.003
0.091
0.099
0.146
0.326
0.525
0.329
0.299
0.2
0.421
0.484
0.552
0.7
0.649
0.571
0.691
0.647
0.81
0.919
0.893
0.801
0.811
0.833
0.67
0.611
0.505
0.468
0.321
0.124
0.058
0.122
0.079
-0.036
-0.144
-0.256
-0.307
-0.39
-0.494
-0.514
-0.534
-0.724
-0.815
-0.874
-0.704
-0.705
-0.81
-0.68
-0.638
-0.802
-0.955
-1.015
-0.996
-1.086
-1.126
-1.215
-1.35
-1.484
-1.443
-1.104
-0.975
-0.67
-0.536
-0.445
-0.191
-0.046
0.049
0.156
0.185
0.3
0.399
0.333
0.355
0.166
0.344
0.375
0.468
0.536
0.515
0.557
0.484
0.501
0.552
0.566
0.445
0.631
0.448
0.481
0.559
0.48
0.421
0.384
0.438
0.369
0.374
0.128
0.125
0.17
-0.003
-0.083
-0.244
-0.114
-0.118
0.051
0.223
0.339
0.27
0.181
0.119
0.235
0.143
0.098
0.09
-0.122
-0.056
-0.149
-0.079
-0.17
-0.066
0.164
0.134
0.069
0.013
0.031
0.103
0.029
-0.051
0.026
0.19
0.301
0.226
0.276
0.329
0.236
0.188
0.024
0.21
0.001
-0.022
-0.048
-0.04
-0.08
-0.121
-0.04
-0.081
-0.164
-0.223
-0.27
-0.328
-0.263
-0.413
-0.529
-0.425
-0.514
-0.422
-0.215
-0.176
-0.061
-0.075
-0.062
-0.12
-0.079
-0.133
-0.024
-0.089
-0.084
-0.106
-0.029
-0.106
-0.06
0.135
0.058
0.061
-0.02
0.059
0.217
0.195
0.224
0.326
0.139
0.419
0.451
0.59
0.669
0.756
0.688
0.605
0.465
0.44
0.359
0.099
0.054
