0.438
0.369
0.374
0.128
0.125
0.17
-0.003
-0.083
-0.244
-0.114
-0.118
0.051
0.223
0.339
0.27
0.181
0.119
0.235
0.143
0.098
0.09
-0.122
-0.056
-0.149
-0.079
-0.17
-0.066
0.164
0.134
0.069
0.013
0.031
0.103
0.029
-0.051
0.026
0.19
0.301
0.226
0.276
0.329
0.236
0.188
0.024
0.21
0.001
-0.022
-0.048
-0.04
-0.08
-0.121
-0.04
-0.081
-0.164
-0.223
-0.27
-0.328
-0.263
-0.413
-0.529
-0.425
-0.514
-0.422
-0.215
-0.176
-0.061
-0.075
-0.062
-0.12
-0.079
-0.133
-0.024
-0.089
-0.084
-0.106
-0.029
-0.106
-0.06
0.135
0.058
0.061
-0.02
0.059
0.217
0.195
0.224
0.326
0.139
0.419
0.451
0.59
0.669
0.756
0.688
0.605
0.465
0.44
0.359
0.099
0.054
0.094
-0.069
0.036
-0.064
-0.122
0.145
0.295
0.233
0.305
0.318
0.586
0.546
0.576
0.655
0.729
0.824
0.89
0.93
1.026
0.955
0.891
0.973
0.96
1.028
0.998
1.046
1.17
1.393
1.384
1.21
1.299
1.264
1.37
1.339
1.566
1.67
1.506
1.441
1.224
1.367
1.336
1.441
1.675
1.506
1.248
1.208
1.045
0.932
0.883
0.907
0.786
0.864
0.768
0.731
0.666
0.728
0.636
0.46
0.408
0.465
0.424
0.521
0.608
0.486
0.415
0.349
0.246
0.215
0.161
0.131
0.116
0.209
0.02
0.165
0.048
0.185
-0.009
0.109
0.372
0.006
-0.025
0.039
-0.07
-0.146
-0.221
-0.145
-0.13
-0.284
-0.403
-0.419
-0.58
-0.734
-0.629
-0.59
-0.519
-0.525
-0.215
-0.17
-0.111
-0.001
-0.058
0.15
0.119
0.134
0.131
0.094
0.022
0.02
-0.081
0.081
0.268
0.334
0.385
0.219
0.256
0.138
0.146
0.44
0.273
0.176
0.21
0.24
0.141
0.145
0.072
0.189
0.241
0.425
0.479
0.367
0.264
0.271
0.534
0.55
0.654
0.927
1.09
1.346
1.258
1.239
1.238
1.37
1.364
1.354
1.414
1.318
1.183
0.985
0.958
1.05
1.046
1.004
1.074
0.92
0.965
1.009
0.9
1.106
0.859
0.876
0.81
0.834
0.649
0.864
0.728
0.679
0.619
0.354
0.071
-0.145
-0.355
-0.618
-0.688
-0.754
-0.661
-0.456
-0.78
-0.843
-0.979
-1.271
-1.369
-1.204
-1.107
-1.09
-1.137
-1.14
-1.191
-1.21
-1.295
-1.333
-1.069
-1.153
-1.251
-1.311
-1.189
-1.355
-1.265
-1.266
-1.18
-1.401
-1.42
-1.274
-1.366
-1.356
-1.329
-1.407
-1.468
-1.626
-1.522
-1.578
-1.494
-1.63
-1.591
-1.38
-1.486
-1.696
-1.18
-1.183
-0.938
-0.875
-0.963
-0.895
-0.89
-0.87
-0.921
-0.745
-0.743
-0.54
-0.235
-0.214
-0.199
-0.109
-0.022
0.147
0.212
0.182
0.349
0.464
0.6
0.393
0.588
0.721
0.77
0.83
0.708
0.731
0.728
0.885
0.87
0.655
0.741
0.664
0.701
0.509
0.443
0.261
0.239
0.086
0.29
0.146
0.275
0.226
0.193
-0.02
0.164
0.11
0.06
0.051
0.147
0.081
-0.044
0.09
-0.159
-0.185
-0.206
-0.35
-0.43
-0.463
-0.463
-0.345
-0.33
-0.314
-0.228
-0.355
-0.479
-0.324
-0.416
-0.494
-0.571
-0.606
-0.605
-0.633
-0.705
-0.855
-0.751
-0.61
-0.385
-0.394
-0.221
-0.18
-0.209
-0.156
-0.208
-0.146
-0.245
-0.292
-0.334
-0.215
-0.175
-0.209
-0.173
-0.049
0.1
0.164
0.155
0.512
0.674
0.846
0.782
0.544
0.185
0.275
0.125
-0.033
-0.185
-0.195
0.016
0.104
0.191
-0.004
-0.155
0.004
0.004
0.013
0.054
0.205
0.139
0.0
0.011
0.07
0.224
0.198
-0.144
-0.081
-0.17
-0.134
-0.224
-0.011
-0.036
-0.365
-0.295
-0.266
-0.438
-0.383
-0.33
-0.469
-0.45
-0.478
-0.325
-0.47
-0.495
-0.588
-0.785
-0.67
-0.799
-0.819
-0.705
-0.782
-0.809
-0.879
-0.82
-0.795
-0.76
-0.718
-0.676
-0.536
-0.651
-0.694
-0.53
-0.838
-0.876
-0.868
-0.92
-0.858
-0.799
-0.549
-0.595
-0.482
-0.367
-0.579
-0.532
-0.339
-0.273
-0.37
-0.239
-0.344
-0.366
-0.435
-0.426
-0.51
-0.356
-0.366
-0.206
-0.194
-0.084
0.049
0.139
0.215
0.307
0.168
0.194
0.316
0.211
0.15
0.101
0.025
0.141
0.03
-0.208
-0.129
0.019
0.229
-0.029
-0.169
-0.094
-0.179
-0.125
0.006
0.163
0.033
-0.12
0.074
-0.084
0.094
0.076
0.151
0.164
0.06
0.035
-0.076
-0.269
-0.319
-0.274
-0.45
-0.398
-0.326
-0.253
-0.13
-0.236
-0.208
-0.365
-0.449
-0.581
-0.733
-0.719
-0.733
-0.63
-0.505
-0.349
-0.271
-0.247
-0.325
-0.429
-0.454
-0.522
-0.379
-0.307
-0.357
-0.388
-0.37
-0.182
-0.208
-0.281
-0.291
-0.21
-0.26
-0.209
-0.253
-0.024
-0.037
-0.06
0.072
0.081
-0.064
0.129
0.1
0.129
0.089
0.217
0.427
0.334
0.37
0.261
0.245
0.496
0.559
0.745
0.609
0.646
0.671
0.8
0.791
0.888
0.927
0.826
0.855
0.878
0.821
0.755
0.626
0.566
0.65
0.734
0.641
0.541
0.496
0.484
0.439
0.37
0.249
0.135
0.06
-0.16
-0.119
-0.074
0.054
0.126
-0.013
-0.036
-0.23
-0.276
-0.2
-0.083
-0.264
-0.195
-0.145
0.113
0.145
0.219
0.119
0.155
0.383
0.555
0.569
0.61
0.531
0.591
0.341
0.208
0.203
-0.024
0.106
0.046
0.001
0.051
0.052
0.088
0.046
0.128
0.175
0.226
0.394
0.281
0.193
0.126
0.164
0.036
-0.044
0.044
-0.011
-0.149
0.054
-0.088
-0.021
-0.29
-0.294
-0.539
-0.42
-0.529
-0.761
-0.936
-0.73
-0.675
-0.62
-0.735
-0.833
-0.784
-0.81
-0.594
-0.566
-0.443
-0.459
-0.438
-0.41
-0.321
-0.096
-0.118
0.145
0.104
0.289
0.233
0.253
0.532
0.506
0.634
0.629
0.759
0.939
0.861
0.795
0.616
0.718
0.731
0.547
0.537
0.555
0.583
0.562
0.451
0.305
0.291
0.463
0.354
0.139
0.079
-0.084
-0.086
-0.107
-0.018
-0.155
-0.033
-0.096
-0.149
-0.182
-0.216
-0.329
-0.36
-0.388
-0.525
-0.501
-0.881
-0.873
-0.958
-1.039
-1.069
-1.022
-0.824
-0.917
-0.935
-0.93
-0.784
-0.721
-0.675
-0.546
-0.512
-0.487
-0.516
-0.417
-0.479
-0.261
-0.124
-0.158
-0.228
-0.024
0.077
0.075
0.354
0.164
0.372
0.386
0.45
0.605
0.704
0.63
0.721
0.814
0.67
0.76
0.835
0.672
0.398
0.323
0.307
0.21
0.395
0.238
0.24
0.154
0.105
0.147
0.129
0.208
0.133
0.168
0.193
0.182
0.02
0.036
0.046
-0.028
0.039
0.122
0.173
0.069
0.122
0.072
0.004
0.129
0.17
0.357
0.465
0.525
0.564
0.701
0.619
0.599
0.634
0.579
0.782
0.853
0.856
1.051
1.059
1.009
1.03
1.145
1.339
1.414
1.341
1.12
0.97
0.945
0.881
0.831
0.749
0.814
0.751
0.652
0.77
0.666
0.766
0.816
0.649
0.626
0.644
0.5
0.495
0.511
0.659
0.75
0.754
0.634
0.744
0.835
0.684
0.614
0.791
0.964
1.028
1.041
0.996
1.046
1.018
0.885
0.811
0.758
0.726
0.721
0.588
0.652
0.777
0.646
0.49
0.326
0.406
0.45
0.264
0.055
0.144
-0.18
-0.121
-0.052
-0.284
-0.261
-0.111
-0.2
-0.208
-0.31
-0.309
-0.291
-0.445
-0.549
-0.578
-0.61
-0.72
-0.561
-0.46
-0.323
-0.365
-0.251
-0.545
-0.495
-0.603
-0.664
-0.564
-0.765
-0.557
-0.509
-0.555
-0.404
-0.492
-0.289
-0.216
-0.046
-0.08
0.176
0.195
-0.022
0.015
-0.007
-0.089
-0.014
0.297
0.29
0.414
0.529
0.546
0.583
0.596
0.438
0.454
0.557
0.556
0.425
0.427
0.319
0.583
0.606
0.529
0.759
0.79
0.451
0.496
0.556
0.415
0.335
0.18
0.143
0.076
0.26
0.357
0.143
0.141
0.191
0.339
0.605
0.801
0.779
0.795
0.833
1.084
1.056
1.071
0.911
0.829
0.931
0.725
0.669
0.784
0.75
0.874
0.896
0.904
1.044
1.036
1.076
0.883
0.878
1.006
0.797
0.766
0.734
0.731
0.806
0.766
0.589
0.636
0.679
0.693
0.917
0.893
0.943
0.764
0.775
0.731
0.73
0.695
0.504
0.409
0.264
-0.018
-0.119
-0.011
-0.05
0.054
0.156
0.258
-0.051
-0.2
-0.506
-0.562
-0.621
-0.856
-0.931
-1.071
-1.205
-1.089
-1.058
-0.906
-0.888
-0.833
-0.723
-0.725
-0.855
-0.787
-0.914
-0.925
-0.909
-0.883
-0.988
-0.935
-1.059
-1.16
-1.076
-1.005
-0.831
-0.7
-0.784
-0.604
-0.693
-0.619
-0.616
-0.578
-0.701
-0.594
-0.529
-0.492
-0.3
-0.344
-0.435
-0.46
-0.685
-0.914
-1.101
-1.232
-1.384
-1.198
-1.177
-1.137
-1.086
-0.999
-0.856
-0.688
-0.921
-0.934
-0.83
-0.856
-0.838
-0.656
-0.865
-0.948
-0.799
-0.904
-0.985
-0.953
-0.991
-1.076
-0.912
-0.764
-0.794
-1.03
-0.976
-1.143
-1.126
-1.09
-0.954
-0.78
-0.729
-0.768
-0.659
-0.501
-0.639
-0.503
-0.521
-0.306
-0.542
-0.403
-0.196
-0.435
-0.446
-0.45
-0.573
-0.534
-0.596
-0.503
-0.381
-0.393
-0.305
-0.331
-0.286
-0.263
-0.155
-0.11
0.006
0.115
0.08
-0.011
0.049
0.084
0.19
0.235
0.425
0.371
0.421
0.539
0.546
0.57
0.661
0.566
0.309
0.39
0.309
0.325
0.228
0.064
-0.211
-0.374
-0.299
-0.286
-0.348
-0.254
-0.256
-0.39
-0.672
-0.768
-0.849
-1.011
-1.046
-1.195
-1.06
-1.127
-1.106
-1.199
-1.181
-1.071
-0.885
-0.841
-0.666
-0.396
-0.289
-0.228
-0.161
-0.04
-0.029
0.149
0.186
0.434
0.414
0.403
0.349
0.594
0.511
0.527
0.376
0.526
0.364
0.104
0.188
0.265
0.12
0.107
0.096
0.125
0.146
0.22
0.025
0.2
0.159
0.18
0.302
0.329
0.283
0.446
0.348
0.422
0.515
0.468
0.531
0.615
0.591
0.625
0.639
0.67
0.51
0.556
0.633
0.601
0.69
0.736
0.571
0.657
0.751
0.581
0.615
0.551
0.541
0.46
0.434
0.484
0.425
0.349
0.343
0.195
0.275
0.305
0.389
0.491
0.416
0.199
-0.036
-0.185
-0.151
-0.254
-0.522
-0.593
-0.473
-0.415
-0.22
-0.263
-0.301
-0.15
-0.289
-0.27
-0.306
-0.251
-0.253
-0.372
-0.315
-0.414
-0.427
-0.385
-0.309
-0.15
-0.156
-0.03
-0.056
0.054
0.041
0.079
0.138
0.08
0.284
0.2
0.188
0.273
0.299
0.274
0.121
0.224
0.163
0.26
0.215
0.171
-0.065
-0.13
-0.04
-0.105
-0.009
0.264
0.07
-0.014
0.019
-0.176
-0.169
-0.088
-0.018
0.166
0.061
0.01
-0.044
-0.154
0.059
-0.098
-0.246
-0.151
-0.564
-0.439
-0.564
-0.385
-0.451
-0.54
-0.571
-0.615
-0.371
-0.391
-0.388
-0.404
-0.456
-0.43
-0.573
-0.583
-0.401
-0.32
-0.264
-0.203
-0.225
-0.158
-0.217
-0.23
-0.274
-0.188
-0.062
-0.081
-0.084
-0.139
-0.158
-0.113
0.16
0.15
-0.089
-0.016
0.056
0.091
-0.206
-0.199
-0.133
-0.128
0.026
-0.046
-0.003
0.0
-0.046
-0.103
0.014
-0.129
-0.143
-0.236
-0.134
-0.182
-0.143
-0.283
-0.305
-0.304
-0.134
-0.098
-0.026
-0.058
-0.048
0.055
-0.046
0.135
0.174
-0.037
0.161
0.171
0.203
0.409
0.404
0.357
0.324
0.381
0.486
0.621
0.486
0.551
0.689
0.311
0.434
0.537
0.405
0.309
0.175
0.149
0.059
-0.025
0.015
-0.05
-0.221
-0.389
-0.305
-0.315
-0.416
-0.514
-0.529
-0.584
-0.618
-0.656
-0.57
-0.45
-0.508
-0.379
-0.444
-0.514
-0.549
-0.448
-0.376
-0.343
-0.289
-0.296
-0.339
-0.501
-0.56
-0.525
-0.591
-0.557
-0.521
-0.438
-0.619
-0.55
-0.482
-0.26
-0.338
-0.365
-0.301
-0.307
-0.244
-0.266
-0.19
-0.126
-0.149
0.028
0.147
0.193
0.351
0.376
0.448
0.463
0.344
0.396
0.224
0.18
0.261
0.306
0.374
0.573
0.537
0.575
0.439
0.473
0.394
0.495
0.541
0.623
0.749
0.576
0.557
0.454
0.463
0.297
0.289
0.403
0.341
0.406
0.32
0.456
0.699
0.589
0.544
0.464
0.448
0.618
0.62
0.474
0.454
0.549
0.58
0.49
0.555
0.7
0.699
0.675
0.738
0.869
0.943
0.976
0.944
0.902
0.656
0.576
0.383
0.385
0.388
0.205
0.335
0.179
0.396
0.398
0.436
0.736
0.63
0.638
0.634
0.551
0.494
0.386
0.429
0.426
0.238
0.109
0.121
0.083
0.181
-0.046
0.21
0.064
0.169
0.366
0.098
0.258
0.23
0.401
0.245
0.136
0.164
0.284
0.271
0.334
0.458
0.482
0.145
0.164
0.22
0.399
0.221
0.375
0.532
0.557
0.591
0.461
0.463
0.589
0.606
0.519
0.579
0.478
0.589
0.492
0.54
0.484
0.496
0.634
0.604
0.657
0.736
0.671
0.595
0.546
0.669
0.561
0.541
0.62
0.71
0.652
0.591
0.315
0.32
0.291
0.318
0.125
0.255
0.376
0.223
0.144
0.077
0.226
0.173
0.189
0.182
0.304
0.144
0.138
0.124
0.191
0.175
-0.022
0.138
-0.055
-0.19
-0.239
-0.471
-0.482
-0.588
-0.394
-0.434
-0.274
-0.173
-0.16
-0.133
-0.285
-0.333
-0.46
-0.514
-0.517
-0.459
-0.299
-0.259
-0.478
-0.489
-0.396
-0.374
-0.519
-0.338
-0.509
-0.555
-0.231
-0.209
-0.231
-0.231
-0.311
-0.405
-0.495
-0.56
-0.606
-0.369
-0.326
-0.259
0.026
0.061
-0.094
-0.319
-0.414
-0.465
-0.371
-0.478
-0.346
-0.405
-0.422
-0.439
-0.495
-0.432
-0.348
-0.364
-0.474
-0.173
-0.275
-0.305
-0.274
-0.246
-0.212
-0.24
-0.179
-0.133
-0.115
0.004
0.059
0.033
0.041
0.182
-0.013
-0.026
0.141
0.13
0.239
0.36
0.33
0.38
0.378
0.416
0.53
0.611
0.715
0.849
0.896
0.893
0.771
0.641
0.677
0.629
0.766
0.672
0.566
0.74
0.77
0.68
0.621
0.489
0.646
0.571
0.621
0.591
0.667
0.448
0.444
0.246
0.247
0.292
0.359
0.401
0.216
0.366
0.118
0.061
0.109
0.106
0.131
0.111
0.185
0.136
-0.07
-0.134
-0.134
-0.139
-0.306
-0.504
-0.524
-0.62
-0.677
-0.67
-0.596
-0.611
-0.652
-0.804
-0.796
-0.924
-0.939
-0.979
-0.955
-1.107
-1.074
-1.133
-1.071
-1.055
-1.021
-0.978
-0.959
-1.005
-0.823
-0.723
-0.734
-0.682
-0.624
-0.56
-0.573
-0.682
-0.764
-0.86
-0.865
-0.733
-0.681
-0.715
-0.63
-0.581
-0.534
-0.449
-0.356
-0.336
-0.434
-0.633
-0.511
-0.55
-0.434
-0.199
-0.312
-0.271
-0.154
-0.031
0.059
-0.056
-0.199
-0.231
-0.415
-0.424
-0.408
-0.509
-0.405
-0.246
-0.357
-0.585
-0.314
-0.591
-0.618
-0.667
-0.738
-0.609
-0.583
-0.579
-0.475
-0.44
-0.326
-0.294
-0.021
-0.163
-0.18
0.009
0.173
0.071
0.189
0.269
0.424
0.496
0.624
0.751
0.709
0.766
0.978
0.934
1.056
1.101
1.022
0.971
1.008
0.92
0.701
0.659
0.521
0.695
0.907
0.89
1.034
1.135
0.984
0.958
0.595
0.581
0.684
0.496
0.67
0.633
0.763
0.564
0.395
0.251
0.103
0.03
-0.103
-0.101
-0.209
-0.305
-0.386
-0.594
-0.284
-0.318
-0.194
-0.113
-0.128
0.02
-0.175
-0.144
-0.28
-0.304
-0.247
-0.445
-0.526
-0.583
-0.378
-0.276
-0.32
-0.309
-0.376
-0.48
-0.448
-0.486
-0.594
-0.541
-0.589
-0.575
-0.595
-0.68
-0.557
-0.615
-0.652
-0.664
-0.593
-0.711
-0.739
-0.685
-0.744
-0.88
-0.585
-0.524
-0.532
-0.619
-0.633
-0.68
-0.728
-0.816
-0.796
-0.875
-0.675
-0.64
-0.724
-0.521
-0.389
-0.356
-0.135
-0.136
-0.09
-0.014
0.09
0.215
0.206
0.176
0.136
0.633
0.554
0.61
0.681
0.662
0.704
0.652
0.723
0.735
0.79
0.878
0.703
0.693
0.731
0.695
0.646
0.859
0.703
0.796
0.61
0.378
0.352
0.415
0.318
0.079
0.193
-0.064
0.006
0.06
0.056
0.031
-0.026
-0.215
-0.247
-0.29
-0.334
-0.366
-0.499
-0.534
-0.54
-0.413
-0.57
-0.569
-0.61
-0.708
-0.905
-0.964
-1.011
-0.873
-0.853
-0.891
-0.83
-0.854
-0.883
-0.888
-0.68
-0.609
-0.618
-0.449
-0.574
-0.573
-0.343
-0.37
-0.361
-0.268
-0.242
0.001
0.013
-0.003
-0.039
0.019
-0.086
-0.206
-0.265
-0.328
-0.269
-0.542
-0.356
-0.179
-0.163
-0.206
-0.241
-0.188
-0.253
-0.219
-0.026
-0.109
-0.056
-0.009
-0.045
-0.206
-0.194
-0.261
-0.051
-0.048
-0.201
-0.186
-0.266
-0.307
-0.38
-0.367
-0.294
-0.233
-0.12
0.164
0.255
0.217
0.406
0.475
0.33
0.349
0.224
0.144
0.188
0.4
0.211
0.144
0.181
0.138
0.081
0.128
-0.041
0.049
0.031
-0.219
0.141
-0.071
0.034
-0.048
0.085
0.024
0.003
-0.114
-0.173
-0.065
-0.043
-0.033
-0.224
-0.177
0.101
0.166
0.278
0.329
0.395
0.466
0.336
0.33
0.385
0.238
0.254
-0.001
0.077
-0.06
-0.165
-0.371
-0.17
-0.13
-0.328
-0.194
-0.292
-0.318
-0.263
-0.16
-0.269
-0.44
-0.508
-0.417
-0.311
-0.133
0.225
0.236
0.255
0.384
0.375
0.297
0.544
0.378
0.343
0.241
0.439
0.584
0.661
0.521
0.596
0.429
0.296
0.24
0.263
0.521
0.188
0.231
0.5
0.468
0.506
0.255
0.359
0.372
0.416
0.514
0.547
0.449
0.279
0.639
0.693
0.84
0.86
1.012
1.071
1.031
0.922
0.806
1.042
0.936
0.92
1.01
0.897
1.01
1.121
1.261
1.117
0.919
0.996
0.961
0.91
0.704
0.831
0.666
0.763
0.7
0.905
0.855
0.667
0.536
0.606
0.468
0.241
0.185
0.036
0.285
0.119
0.006
0.011
-0.135
-0.09
0.006
0.043
0.21
0.215
0.271
0.083
0.163
0.105
0.165
0.362
0.427
0.482
0.552
0.409
0.329
0.48
0.406
0.55
0.426
0.484
0.416
0.275
0.394
0.286
0.333
0.194
-0.03
-0.086
-0.263
-0.32
-0.329
-0.168
-0.309
-0.341
-0.544
-0.352
-0.338
-0.346
-0.128
-0.101
-0.049
0.125
0.035
-0.07
-0.168
-0.275
-0.176
-0.166
-0.147
-0.177
-0.244
-0.235
-0.19
0.006
0.065
0.106
-0.16
-0.096
-0.173
-0.174
-0.116
-0.301
-0.343
-0.403
-0.301
-0.43
-0.581
-0.475
-0.48
-0.399
-0.378
-0.489
-0.43
-0.362
-0.35
-0.344
-0.319
-0.395
-0.489
-0.47
-0.601
-0.166
-0.381
-0.305
-0.176
-0.247
-0.186
-0.113
-0.06
0.034
0.069
0.25
0.429
0.331
0.16
0.143
-0.084
-0.049
-0.058
-0.125
-0.233
-0.176
-0.159
-0.219
-0.184
-0.454
-0.186
-0.06
-0.164
0.095
0.009
0.061
-0.105
-0.003
-0.185
-0.056
-0.069
-0.307
-0.508
-0.515
-0.461
-0.45
-0.354
-0.224
-0.138
-0.299
-0.228
-0.209
-0.416
-0.374
-0.478
-0.508
-0.78
-0.61
-0.721
-0.578
-0.537
-0.52
-0.58
-0.531
-0.504
-0.525
-0.456
-0.372
-0.269
-0.419
-0.395
-0.417
-0.39
-0.338
-0.326
-0.393
-0.255
-0.33
-0.573
-0.489
-0.68
-0.588
-0.896
-0.831
-0.776
-0.77
-0.639
-0.635
-0.481
-0.376
-0.128
-0.245
-0.346
-0.331
-0.18
-0.165
-0.168
0.114
-0.076
-0.266
-0.186
-0.13
0.094
0.098
0.152
0.334
0.269
0.434
0.456
0.68
0.644
0.796
0.909
0.988
1.083
1.131
1.235
1.274
1.086
0.989
0.989
0.875
0.774
0.765
0.649
0.659
0.588
0.425
0.362
0.331
0.369
0.274
0.179
-0.01
-0.12
-0.365
-0.503
-0.439
-0.409
-0.341
-0.226
-0.216
-0.065
-0.085
0.037
-0.006
0.143
0.251
0.429
0.348
0.255
0.482
0.367
0.421
0.529
0.807
0.624
0.494
0.484
0.494
0.515
0.491
0.786
0.899
0.755
0.743
0.726
0.909
0.568
0.609
0.539
0.544
0.524
0.569
0.69
0.656
0.714
0.646
0.67
0.527
0.384
0.315
0.125
-0.04
-0.147
-0.25
-0.26
-0.38
-0.365
-0.526
-0.383
-0.331
-0.152
-0.041
0.219
0.343
0.36
0.304
0.263
0.208
0.302
0.384
0.259
0.491
0.482
0.728
0.441
0.505
0.584
0.536
0.463
0.463
0.354
0.246
0.054
0.065
0.062
-0.029
-0.233
-0.245
-0.106
-0.195
-0.234
-0.416
-0.494
-0.724
-0.694
-0.598
-0.772
-0.84
-0.713
-0.765
-0.705
-0.784
-0.775
-0.95
-0.838
-1.062
-1.146
-0.851
-0.7
-0.647
-0.629
-0.646
-0.639
-0.58
-0.537
-0.545
-0.56
-0.584
-0.698
-0.556
-0.489
-0.721
-0.568
-0.378
-0.383
-0.214
-0.17
0.022
0.174
0.066
0.124
-0.054
-0.007
0.14
0.224
0.249
0.114
0.229
0.268
0.405
0.458
0.48
0.764
0.85
0.789
