0.054
0.15
0.14
0.253
0.256
0.33
0.371
0.27
0.269
0.309
0.345
0.263
0.249
0.31
0.27
0.231
0.284
0.077
0.006
-0.089
-0.064
-0.169
-0.26
-0.274
-0.376
-0.36
-0.273
-0.16
-0.043
0.141
0.086
0.179
0.003
-0.054
0.026
-0.001
-0.113
-0.13
-0.072
-0.171
-0.149
-0.18
-0.31
-0.179
-0.146
-0.156
-0.225
-0.184
-0.405
-0.251
-0.246
-0.309
-0.261
-0.214
-0.175
-0.294
-0.234
-0.085
-0.007
0.04
0.072
0.134
0.043
0.13
0.051
0.098
0.031
-0.035
-0.18
-0.223
-0.27
-0.31
-0.206
-0.336
-0.269
-0.274
-0.316
-0.388
-0.421
-0.494
-0.344
-0.228
-0.305
-0.408
-0.226
-0.2
-0.126
0.03
0.05
-0.052
-0.033
-0.11
-0.071
-0.065
-0.107
-0.261
-0.151
-0.316
-0.325
-0.135
-0.086
-0.07
-0.156
-0.111
-0.201
0.341
0.331
0.466
0.52
0.468
0.445
0.43
0.365
0.435
0.671
0.594
0.802
0.87
0.943
0.905
0.851
0.763
0.736
0.755
0.728
0.756
0.716
0.626
0.68
0.606
0.67
0.698
0.526
0.461
0.497
0.544
0.349
0.445
0.427
0.599
0.672
0.738
0.733
0.774
0.834
0.631
0.851
0.96
1.018
0.945
1.018
1.039
1.018
0.871
0.878
0.812
0.777
0.797
0.704
0.785
0.829
0.628
0.571
0.802
0.753
0.519
0.642
0.564
0.485
0.399
0.28
0.289
0.254
0.255
0.17
0.161
0.129
-0.089
-0.079
-0.113
-0.07
0.135
-0.139
0.0
-0.109
-0.113
-0.17
-0.016
0.029
0.009
0.253
0.25
0.194
0.366
0.314
0.286
0.326
0.325
0.413
0.478
0.314
0.354
0.258
0.251
0.319
0.525
0.489
0.745
0.755
0.669
0.792
0.499
0.525
0.58
0.555
0.496
0.536
0.559
0.349
0.398
0.355
0.16
0.338
0.335
0.276
0.274
0.077
0.052
-0.118
-0.116
0.214
0.205
0.004
-0.071
0.22
0.354
0.623
0.713
0.624
0.532
0.461
0.516
0.521
0.539
0.885
0.711
0.536
0.568
0.674
0.605
0.556
0.756
0.96
0.949
0.949
0.961
0.855
0.604
0.636
0.677
0.965
0.794
0.772
0.677
0.639
0.478
0.509
0.583
0.527
0.682
0.676
0.584
0.491
0.324
0.188
-0.149
-0.302
-0.521
-0.734
-0.869
-1.032
-0.878
-1.33
-1.324
-1.417
-1.276
-1.242
-1.256
-1.279
-1.09
-1.066
-1.086
-1.076
-1.034
-1.091
-1.193
-1.271
-1.17
-1.324
-1.259
-1.213
-1.357
-1.395
-1.281
-1.216
-1.024
-1.054
-0.888
-0.629
-0.366
-0.335
-0.205
-0.101
0.051
0.251
0.396
0.515
0.491
0.636
0.855
0.776
0.904
0.744
0.674
0.688
0.864
0.851
0.743
0.679
0.728
0.943
0.909
0.804
0.82
0.77
0.621
0.656
0.655
0.546
0.384
0.365
0.348
0.184
0.155
0.094
0.121
0.043
0.059
0.136
0.048
0.106
0.046
-0.265
-0.263
-0.525
-0.405
-0.479
-0.424
-0.413
-0.388
-0.458
-0.481
-0.278
-0.198
-0.166
-0.285
-0.366
-0.173
-0.175
-0.163
-0.059
-0.254
-0.224
-0.302
-0.247
-0.175
-0.044
-0.111
-0.001
-0.11
0.056
0.216
0.105
0.052
0.049
0.166
0.043
0.045
0.403
0.283
0.297
0.228
0.315
0.408
0.376
0.329
0.273
0.32
0.444
0.456
0.576
0.485
0.758
0.623
0.824
0.869
0.901
0.971
0.864
0.787
1.115
0.819
0.814
0.796
0.806
0.684
0.779
0.904
0.853
0.794
0.745
0.638
0.336
0.23
0.1
-0.016
-0.034
-0.24
-0.561
-0.531
-0.416
-0.514
-0.705
-0.721
-0.537
-0.63
-0.865
-0.902
-1.191
-1.188
-1.024
-0.976
-0.973
-0.876
-0.866
-0.941
-1.116
-1.14
-1.229
-1.147
-1.078
-1.242
-1.309
-1.255
-1.305
-1.323
-1.29
-1.295
-1.331
-1.203
-1.055
-1.006
-1.066
-1.226
-1.274
-1.028
-0.794
-0.335
-0.269
-0.15
-0.02
-0.007
0.026
0.173
0.22
0.285
0.339
0.258
0.626
0.512
0.591
0.686
0.56
0.644
0.67
0.429
0.145
0.084
0.077
0.238
0.302
0.254
0.205
0.27
0.139
-0.1
-0.269
-0.139
-0.301
-0.35
-0.517
-0.685
-0.795
-0.789
-0.646
-0.638
-0.661
-0.858
-0.945
-0.895
-0.932
-0.806
-0.821
-0.698
-0.6
-0.537
-0.65
-0.616
-0.611
-0.549
-0.554
-0.524
-0.51
-0.384
-0.334
-0.145
-0.154
-0.164
-0.006
0.01
0.054
0.058
-0.024
-0.001
-0.015
0.014
0.083
0.281
0.275
0.154
-0.01
-0.077
-0.138
0.046
-0.141
-0.044
-0.069
-0.02
0.037
-0.169
-0.281
-0.238
-0.056
-0.26
-0.352
-0.059
-0.08
-0.131
-0.161
-0.145
-0.116
0.046
0.046
0.094
0.306
0.464
0.408
0.503
0.631
0.745
0.714
0.708
0.726
0.656
0.809
0.9
0.825
0.775
0.787
0.556
0.395
0.551
0.246
0.028
-0.094
-0.164
-0.254
-0.318
-0.284
-0.336
-0.362
-0.482
-0.348
-0.21
-0.233
-0.151
-0.226
-0.103
0.059
0.19
0.233
0.374
0.018
-0.069
-0.158
-0.27
-0.312
-0.43
-0.389
-0.454
-0.532
-0.603
-0.779
-0.714
-0.604
-0.497
-0.549
-0.475
-0.534
-0.556
-0.56
-0.601
-0.728
-0.672
-0.601
-0.639
-0.631
-0.755
-0.805
-0.589
-0.614
-0.516
-0.5
-0.461
-0.584
-0.564
-0.431
-0.481
-0.484
-0.325
-0.149
-0.041
0.011
0.173
0.25
0.316
0.349
0.14
0.364
0.547
0.631
0.866
0.76
0.79
0.943
0.85
0.729
0.731
0.801
0.88
0.934
1.042
1.074
1.228
1.24
1.191
1.174
0.983
0.974
0.924
0.835
1.111
1.094
1.107
1.081
0.774
0.805
0.759
0.864
0.911
0.532
0.954
0.512
0.44
0.496
0.545
0.338
0.335
-0.055
-0.145
-0.103
-0.25
-0.386
-0.349
-0.242
-0.343
-0.147
-0.134
-0.05
-0.035
-0.13
-0.016
-0.176
-0.246
-0.357
-0.364
-0.564
-0.591
-0.398
-0.38
-0.346
-0.263
-0.326
-0.426
-0.29
-0.264
-0.362
-0.247
-0.199
-0.285
-0.269
-0.33
-0.255
-0.29
-0.281
-0.44
-0.475
-0.46
-0.43
-0.549
-0.417
-0.284
-0.362
-0.14
-0.139
-0.19
-0.386
-0.398
-0.295
-0.247
-0.212
-0.174
0.045
0.049
0.152
0.051
0.044
0.32
0.292
0.318
0.324
0.37
0.292
0.304
0.13
0.217
0.26
0.307
0.335
0.42
0.456
0.69
0.625
0.772
0.693
0.59
0.458
0.41
0.211
0.014
-0.215
-0.295
-0.075
-0.124
-0.176
-0.214
-0.379
-0.35
-0.491
-0.581
-0.574
-0.471
-0.799
-1.005
-1.113
-1.211
-1.15
-1.1
-1.015
-0.966
-1.104
-1.001
-0.935
-0.953
-0.833
-0.809
-0.75
-0.615
-0.514
-0.506
-0.542
-0.404
-0.233
-0.104
-0.065
-0.037
0.094
0.345
0.256
0.341
0.512
0.623
0.583
0.703
0.705
0.576
0.471
0.599
0.634
0.46
0.279
0.485
0.494
0.274
0.26
0.12
0.074
0.075
0.098
0.22
0.253
0.441
0.256
0.379
0.155
0.281
0.166
0.165
0.251
0.179
0.194
0.035
0.003
-0.016
0.043
-0.077
0.031
0.265
0.314
0.315
0.385
0.365
0.331
0.226
0.28
0.2
0.299
0.211
0.147
-0.201
-0.474
-0.505
-0.743
-0.716
-0.731
-0.955
-0.902
-0.966
-0.934
-0.919
-0.994
-0.993
-0.851
-0.919
-1.008
-1.07
-1.19
-1.196
-1.105
-1.104
-1.04
-0.75
-0.931
-1.064
-0.84
-0.845
-0.639
-0.652
-0.598
-0.356
-0.42
-0.309
-0.31
0.04
-0.011
-0.051
-0.115
-0.1
0.1
0.151
0.147
0.224
0.238
0.455
0.448
0.725
0.654
0.734
0.48
0.429
0.383
0.379
0.406
0.307
0.283
0.328
0.346
0.275
0.24
0.253
0.312
0.098
0.297
0.214
0.051
0.046
-0.152
-0.174
-0.283
-0.306
-0.36
-0.434
-0.659
-0.614
-0.604
-0.56
-0.649
-0.614
-0.504
-0.461
-0.367
-0.35
-0.42
-0.156
-0.055
-0.072
0.009
-0.041
0.09
0.398
0.319
0.369
0.296
0.306
0.406
0.463
0.445
0.429
0.443
0.54
0.539
0.469
0.596
0.557
0.568
0.547
0.652
0.66
0.471
0.405
0.464
0.362
0.399
0.37
0.339
0.256
0.179
0.121
0.226
0.049
0.058
0.245
-0.085
0.031
0.049
0.119
-0.006
0.152
0.111
0.288
0.191
0.235
0.16
0.161
0.161
0.026
0.048
0.066
0.118
0.096
0.211
0.244
0.28
0.215
0.301
0.225
0.335
0.479
0.506
0.674
0.695
0.777
0.8
0.922
1.19
1.018
1.091
1.101
1.146
1.071
1.166
1.131
1.146
0.902
1.096
1.189
1.28
1.251
1.133
1.116
1.05
1.09
0.79
0.826
0.787
0.654
0.598
0.53
0.475
0.395
0.345
0.19
0.208
0.22
0.139
-0.033
-0.01
-0.2
-0.233
-0.242
-0.537
-0.557
-0.571
-0.691
-0.688
-0.575
-0.491
-0.339
-0.429
-0.383
-0.2
-0.086
0.182
0.084
0.249
0.26
0.271
0.48
0.454
0.492
0.541
0.651
0.59
0.709
0.776
0.758
0.593
0.545
0.566
0.608
0.456
0.77
0.614
0.709
0.871
1.09
1.015
1.05
1.051
0.996
1.213
1.051
1.088
1.001
1.06
1.002
0.91
0.934
0.901
0.941
0.839
0.751
0.81
0.826
0.934
0.81
0.751
0.777
0.711
0.87
0.657
0.468
0.406
0.335
0.344
0.245
0.076
-0.011
-0.154
-0.155
-0.315
-0.182
-0.216
-0.415
-0.404
-0.546
-0.726
-0.809
-0.769
-0.959
-1.147
-1.016
-1.292
-1.133
-1.024
-1.099
-1.124
-0.994
-0.799
-0.698
-0.73
-0.514
-0.244
-0.056
0.1
0.19
0.344
0.49
0.531
0.569
0.576
0.451
0.635
0.644
0.522
0.589
0.689
0.834
0.926
0.901
0.785
0.805
0.971
1.028
0.996
1.284
1.363
1.387
1.407
1.334
1.232
1.264
1.155
1.01
0.789
0.859
0.919
0.895
0.87
0.93
0.779
1.049
0.734
0.623
0.348
0.233
0.094
-0.006
-0.02
-0.046
-0.041
-0.109
-0.077
0.028
-0.109
-0.092
-0.253
-0.225
-0.305
0.044
0.152
0.23
0.25
0.198
0.245
0.026
-0.037
-0.016
-0.035
0.045
-0.259
-0.226
-0.139
-0.014
0.072
0.151
0.22
0.095
0.206
0.104
-0.081
-0.174
-0.415
-0.274
-0.241
-0.386
-0.354
-0.438
-0.364
-0.555
-0.603
-0.394
-0.364
-0.537
-0.401
-0.325
-0.329
-0.367
-0.348
-0.482
-0.682
-0.715
-0.792
-0.854
-0.665
-0.807
-0.833
-0.858
-0.919
-1.016
-0.998
-1.045
-1.126
-1.093
-1.14
-1.181
-1.328
-1.211
-1.218
-1.093
-1.044
-1.015
-0.924
-0.931
-0.846
-1.002
-0.975
-0.996
-0.886
-0.639
-0.677
-0.68
-0.647
-0.713
-0.694
-0.619
-0.804
-0.71
-0.671
-0.785
-0.876
-0.734
-0.865
-0.881
-0.719
-0.654
-0.614
-0.487
-0.299
-0.161
-0.189
-0.256
0.018
0.15
0.201
0.269
0.356
0.425
0.646
0.779
0.745
0.766
0.799
0.849
0.838
0.699
0.797
0.975
1.006
1.014
0.926
1.041
1.002
1.097
0.978
0.869
0.765
0.725
0.743
0.715
0.625
0.551
0.655
0.47
0.383
0.295
0.214
0.297
0.311
0.229
0.115
0.12
-0.219
-0.151
-0.168
-0.169
-0.261
-0.269
-0.203
-0.06
-0.104
-0.095
0.025
-0.033
-0.022
-0.138
-0.206
-0.155
-0.223
-0.404
-0.494
-0.226
-0.586
-0.5
-0.671
-0.915
-0.939
-0.641
-0.704
-0.485
-0.672
-0.594
-0.694
-0.794
-0.714
-0.72
-0.693
-0.679
-0.489
-0.405
-0.453
-0.278
-0.344
-0.234
-0.329
-0.115
-0.295
-0.193
-0.106
-0.136
-0.274
-0.019
-0.131
0.021
0.061
0.072
0.054
0.203
0.242
0.199
0.121
0.14
0.066
0.065
0.024
-0.106
-0.324
-0.165
-0.26
-0.107
-0.226
-0.278
-0.266
-0.263
-0.138
-0.101
-0.098
-0.066
-0.256
-0.35
-0.343
-0.367
-0.341
-0.215
0.045
0.098
-0.106
-0.107
-0.15
-0.179
0.054
0.18
0.314
0.224
0.3
0.211
0.196
0.247
0.312
0.479
0.294
0.445
0.244
0.391
0.449
0.341
0.359
0.49
0.48
0.278
0.365
0.417
0.376
0.182
0.181
0.185
0.155
0.12
0.079
0.101
0.221
0.156
0.044
0.175
0.235
0.25
0.259
0.254
0.219
0.099
0.174
0.4
0.215
0.186
0.144
0.001
-0.161
-0.099
-0.015
-0.171
-0.164
-0.278
-0.281
-0.304
-0.51
-0.614
-0.896
-0.819
-0.805
-0.797
-0.797
-0.772
-0.741
-0.639
-0.579
-0.541
-0.542
-0.389
-0.438
-0.395
-0.365
-0.461
-0.459
-0.384
-0.343
-0.28
-0.016
0.01
0.181
0.175
0.28
0.3
0.139
0.091
0.059
0.124
0.066
0.163
0.185
0.107
0.315
0.254
0.263
0.176
0.026
0.013
0.136
0.21
0.295
0.374
0.239
0.283
0.223
0.29
0.26
0.019
0.058
0.134
0.314
0.3
0.458
0.62
0.542
0.499
0.541
0.516
0.454
0.547
0.535
0.365
0.554
0.425
0.36
0.352
0.224
0.051
0.021
-0.076
-0.166
-0.104
-0.025
-0.066
-0.005
-0.08
-0.224
-0.338
-0.371
-0.511
-0.434
-0.634
-0.598
-0.561
-0.419
-0.295
-0.441
-0.499
-0.469
-0.384
-0.349
-0.186
-0.292
-0.225
-0.249
-0.405
-0.35
-0.266
-0.239
-0.305
-0.273
-0.334
-0.464
-0.338
-0.549
-0.74
-0.897
-1.061
-1.011
-0.87
-0.731
-0.679
-0.734
-0.755
-0.716
-0.676
-0.426
-0.241
-0.081
-0.126
0.015
-0.256
-0.074
-0.133
-0.208
-0.08
-0.199
-0.141
-0.033
0.235
0.281
0.33
0.324
0.471
0.709
0.703
0.753
0.81
0.897
0.953
1.038
0.915
0.824
0.828
0.797
0.854
0.756
0.686
0.651
0.552
0.395
0.344
0.336
0.541
0.441
0.496
0.435
0.416
0.408
0.439
0.479
0.395
0.505
0.491
0.425
0.42
0.379
0.276
0.289
0.319
0.306
0.288
0.318
0.366
0.177
0.089
0.01
0.186
0.186
0.169
0.052
0.089
-0.075
-0.21
-0.305
-0.24
-0.249
-0.041
-0.138
-0.161
-0.234
-0.351
-0.369
-0.302
-0.212
-0.194
-0.28
-0.352
-0.456
-0.5
-0.537
-0.554
-0.657
-0.505
-0.733
-0.601
-0.669
-0.555
-0.519
-0.435
-0.511
-0.565
-0.503
-0.522
-0.635
-0.575
-0.598
-0.501
-0.461
-0.398
-0.463
-0.661
-0.866
-0.416
-0.479
-0.519
-0.478
-0.566
-0.639
-0.403
-0.42
-0.426
-0.386
-0.37
-0.224
-0.196
-0.143
-0.122
-0.168
0.144
0.134
0.151
0.11
0.11
0.177
0.221
0.189
0.188
0.221
0.25
0.269
0.411
0.283
0.667
0.499
0.586
0.484
0.531
0.672
0.59
0.688
0.694
0.816
0.787
0.98
1.075
1.083
1.125
1.326
1.121
1.099
1.107
1.075
1.062
1.124
1.136
1.186
1.107
1.234
1.32
1.226
1.052
1.188
1.181
1.07
0.954
0.686
0.504
0.504
0.614
0.341
0.306
0.283
0.284
0.271
0.256
0.139
0.211
0.041
0.029
0.062
0.126
-0.04
0.14
-0.224
-0.205
-0.324
-0.29
-0.376
-0.549
-0.357
-0.383
-0.254
-0.244
-0.088
0.019
-0.165
0.062
0.006
0.049
0.028
0.182
0.43
0.453
0.703
0.741
0.741
0.598
0.496
0.398
0.649
0.468
0.384
0.244
0.273
0.393
0.242
0.239
0.429
0.458
0.561
0.573
0.64
0.474
0.625
0.616
0.492
0.374
0.285
0.124
-0.056
-0.044
0.034
0.062
0.001
0.064
0.041
0.065
0.255
0.355
0.38
0.468
0.49
0.578
0.559
0.473
0.398
0.448
0.323
0.19
0.004
0.007
0.019
0.311
0.366
0.048
-0.19
-0.131
-0.265
0.101
-0.018
-0.043
0.065
0.09
0.285
0.214
0.215
0.324
0.381
0.315
0.263
0.53
0.536
0.385
0.77
0.661
0.642
0.846
1.083
1.021
0.851
0.948
0.968
1.185
0.671
0.72
0.586
0.578
0.765
0.784
0.998
1.066
1.256
0.929
1.028
1.167
0.885
0.791
0.661
0.595
0.605
0.497
0.456
0.362
0.228
0.06
0.156
-0.037
-0.169
-0.223
-0.21
-0.371
-0.349
-0.375
-0.411
-0.771
-0.774
-0.894
-0.87
-1.0
-1.021
-1.084
-1.185
-1.222
-1.131
-1.145
-0.991
-0.986
-1.164
-1.21
-1.131
-1.252
-1.326
-0.97
-1.028
-0.932
-0.853
-0.929
-0.831
-0.711
-0.824
-0.527
-0.578
-0.241
-0.253
-0.289
-0.007
0.367
0.422
0.669
0.662
0.616
0.672
0.564
0.568
0.589
0.776
0.729
0.704
1.014
1.113
1.071
1.111
0.953
1.032
0.999
0.998
1.195
1.107
0.951
0.966
0.802
0.792
0.703
0.628
0.61
0.318
0.253
0.174
0.246
0.256
0.164
0.196
0.393
0.121
0.329
0.333
0.268
0.258
0.379
0.253
0.166
0.029
-0.101
-0.261
-0.319
-0.312
-0.26
-0.055
0.105
0.173
0.263
0.291
0.497
0.615
0.547
0.634
0.666
0.619
0.47
0.357
0.391
0.254
0.146
-0.1
-0.126
-0.092
-0.283
-0.345
-0.414
-0.478
-0.718
-0.49
-0.65
-0.738
-0.695
-0.554
-0.53
-0.351
-0.326
-0.224
-0.371
-0.581
-0.413
-0.554
-0.55
-0.511
-0.603
-0.672
-0.675
-0.662
-0.791
-0.599
-0.656
-0.482
-0.336
-0.448
-0.299
-0.399
-0.422
-0.215
-0.121
-0.206
-0.231
-0.27
-0.263
-0.343
-0.211
-0.26
-0.316
-0.5
-0.504
-0.686
-0.605
-0.444
-0.546
-0.578
-0.474
-0.408
-0.474
-0.357
-0.494
-0.571
-0.401
-0.54
-0.573
-0.682
-0.954
-0.894
-0.91
-1.018
-1.035
-1.338
-1.131
-1.245
-0.932
-1.032
-1.006
-0.768
-0.79
-0.649
-0.67
-0.595
-0.638
-0.534
-0.431
-0.32
-0.328
-0.41
-0.485
-0.37
-0.215
-0.28
-0.003
-0.13
-0.04
-0.01
-0.016
0.276
0.375
0.463
0.345
0.38
0.499
0.497
0.614
0.789
0.818
1.005
1.016
1.11
1.127
1.059
1.155
1.135
1.11
1.1
0.954
0.756
0.562
0.552
0.263
0.21
0.224
0.037
-0.021
-0.003
-0.077
-0.21
-0.381
-0.309
-0.6
-0.526
-0.644
-0.724
-0.802
-1.001
-1.036
-1.071
-1.196
-1.174
-1.136
-0.985
-0.749
-0.677
-0.616
-0.509
-0.391
-0.318
-0.376
-0.143
-0.182
-0.147
-0.297
-0.161
-0.214
-0.239
-0.334
-0.305
-0.266
-0.241
-0.401
-0.395
-0.296
-0.278
-0.065
0.014
0.072
-0.055
-0.029
-0.105
-0.16
-0.307
0.114
-0.021
0.228
0.305
0.487
0.259
0.245
-0.026
0.036
-0.055
-0.085
-0.226
-0.138
-0.144
-0.225
-0.261
-0.134
-0.297
-0.27
-0.384
-0.081
-0.339
-0.254
-0.279
-0.314
-0.434
-0.549
-0.379
-0.454
-0.393
-0.302
-0.427
-0.413
-0.329
-0.406
-0.247
0.043
0.089
0.161
0.098
0.125
0.163
0.174
0.349
0.306
0.415
0.399
0.194
0.14
0.086
0.225
-0.009
-0.079
0.065
-0.205
-0.135
-0.23
-0.31
-0.229
-0.165
-0.01
-0.072
-0.074
-0.231
-0.294
-0.481
-0.26
-0.174
0.076
0.15
0.021
-0.106
-0.154
-0.269
-0.239
-0.244
-0.299
-0.265
-0.109
-0.098
-0.016
0.084
-0.031
0.005
-0.005
-0.041
-0.14
-0.372
-0.374
-0.434
-0.5
-0.489
-0.391
-0.352
-0.446
-0.41
-0.505
-0.371
-0.345
-0.501
-0.315
-0.475
-0.43
-0.436
-0.381
-0.32
-0.273
-0.294
-0.321
-0.398
-0.279
-0.381
-0.314
-0.297
-0.246
-0.018
0.069
0.184
0.149
0.292
0.426
0.521
0.545
0.508
0.497
0.54
0.589
0.766
0.74
0.998
0.919
0.981
0.8
0.779
0.846
0.81
0.889
0.871
0.726
0.772
0.532
0.475
0.424
0.258
0.02
-0.03
-0.152
-0.26
-0.354
-0.5
-0.374
-0.561
-0.624
-0.564
-0.508
-0.414
-0.455
-0.503
-0.579
-0.535
-0.49
-0.508
-0.605
-0.669
-0.416
-0.391
-0.338
-0.304
-0.223
-0.355
-0.419
-0.404
-0.155
-0.223
-0.309
-0.185
-0.176
0.011
-0.088
0.059
0.214
0.085
0.055
-0.024
-0.113
-0.129
-0.224
-0.219
-0.195
-0.136
-0.195
-0.163
-0.143
-0.084
-0.039
0.044
0.143
0.181
0.181
0.122
0.319
0.1
0.143
0.18
0.158
0.01
0.04
-0.085
-0.049
-0.135
-0.226
-0.321
-0.1
-0.085
0.059
-0.022
0.013
0.046
0.076
0.122
0.147
0.239
0.206
0.24
0.36
0.352
0.525
0.54
0.628
0.659
0.565
0.425
0.435
0.59
0.566
0.672
0.679
0.615
0.781
0.78
0.835
0.804
0.885
0.891
0.815
0.864
0.84
0.739
0.509
0.406
0.62
0.21
0.35
0.379
0.517
0.495
0.625
0.618
0.616
0.661
0.48
0.675
0.554
0.519
0.481
0.416
0.384
0.351
0.247
0.203
0.155
0.052
0.08
0.196
0.182
0.226
0.235
0.136
0.247
0.259
0.329
0.333
0.385
0.228
0.289
0.141
-0.019
-0.007
0.265
0.206
0.079
-0.041
-0.05
0.134
0.075
0.095
0.049
-0.014
-0.158
-0.261
-0.165
-0.441
-0.32
-0.223
-0.14
-0.109
-0.106
-0.12
0.285
0.143
0.165
0.049
0.147
0.238
0.198
0.143
0.046
-0.024
0.022
