0.264
0.276
0.105
0.08
0.024
-0.061
-0.171
-0.241
-0.393
-0.168
-0.435
-0.401
-0.625
-0.863
-0.932
-1.009
-0.89
-0.94
-1.14
-1.006
-1.016
-1.235
-1.088
-1.151
-1.135
-1.136
-0.932
-0.859
-0.75
-0.677
-0.562
-0.434
-0.448
-0.128
0.016
0.099
0.13
0.105
0.286
0.233
0.185
0.323
0.48
0.482
0.494
0.395
0.314
0.236
0.133
0.077
-0.001
0.11
0.12
0.156
0.075
-0.022
-0.095
-0.134
-0.301
-0.24
-0.28
-0.179
-0.256
-0.114
-0.151
-0.163
-0.113
-0.121
-0.175
-0.105
-0.309
-0.305
-0.199
-0.3
-0.228
-0.274
-0.224
-0.328
-0.341
-0.375
-0.351
-0.371
-0.501
-0.494
-0.292
-0.505
-0.614
-0.504
-0.396
-0.335
-0.449
-0.35
-0.188
-0.13
-0.154
-0.271
-0.036
0.072
0.092
0.101
-0.024
0.115
0.136
0.15
0.286
0.235
0.171
0.211
0.145
0.164
0.059
0.09
-0.054
0.196
0.258
0.2
0.02
0.088
0.024
0.092
0.279
0.331
0.344
-0.018
0.04
-0.043
-0.054
-0.114
0.033
0.041
0.18
0.333
0.335
0.508
0.57
0.545
0.326
0.155
0.164
0.12
0.219
0.383
0.545
0.461
0.615
0.805
0.705
0.864
0.79
0.62
0.589
0.501
0.473
0.249
0.173
-0.07
-0.101
-0.163
-0.094
-0.143
-0.212
-0.254
-0.146
0.014
0.242
0.198
0.295
0.29
0.159
0.174
-0.003
-0.146
-0.31
-0.652
-0.786
-0.899
-1.019
-0.994
-1.165
-1.1
-0.914
-0.834
-0.914
-0.839
-0.74
-0.801
-0.771
-0.723
-0.734
-0.645
-0.705
-0.615
-0.695
-0.863
-1.026
-1.199
-0.956
-0.93
-0.79
-0.738
-0.679
-0.61
-0.645
-0.71
-0.696
-0.628
-0.71
-0.569
-0.57
-0.497
-0.42
-0.443
-0.448
-0.584
-0.708
-0.75
-0.688
-0.756
-0.571
-0.638
-0.578
-0.55
-0.424
-0.52
-0.268
-0.398
0.107
0.224
0.2
0.216
0.281
0.135
0.061
0.168
0.114
0.036
0.206
0.215
-0.049
-0.081
-0.139
-0.291
-0.359
-0.321
-0.249
-0.2
-0.107
-0.149
-0.236
-0.151
-0.203
-0.156
-0.113
-0.013
-0.168
-0.321
-0.166
-0.081
0.107
0.069
0.051
0.16
0.16
0.149
0.284
0.455
0.228
0.196
0.289
0.268
0.088
0.031
0.131
0.037
-0.299
-0.235
-0.125
-0.091
-0.259
-0.177
-0.198
-0.24
-0.072
0.004
0.107
0.344
0.486
0.304
0.188
0.059
0.062
0.173
0.189
0.265
0.37
0.161
0.206
0.239
0.414
0.479
0.561
0.614
0.578
0.564
0.46
0.329
0.22
0.149
0.09
0.208
0.144
0.229
0.054
0.054
-0.203
-0.367
-0.338
-0.413
-0.536
-0.631
-0.638
-0.647
-0.715
-0.766
-0.811
-0.626
-0.466
-0.496
-0.49
-0.522
-0.571
-0.484
-0.461
-0.288
-0.435
-0.427
-0.667
-0.706
-0.652
-0.682
-0.878
-1.068
-1.025
-0.578
-0.524
-0.506
-0.489
-0.45
-0.445
-0.295
-0.144
-0.064
-0.1
0.083
0.146
0.17
0.247
0.155
0.029
0.229
0.314
0.234
0.311
0.271
0.304
0.013
0.095
0.039
-0.044
0.005
-0.158
0.02
0.109
-0.219
-0.216
-0.169
-0.036
-0.131
-0.013
-0.264
-0.458
-0.522
-0.621
-0.573
-0.559
-0.709
-0.786
-0.879
-0.874
-0.999
-0.994
-0.744
-0.88
-0.723
-0.945
-0.994
-0.88
-0.666
-0.52
-0.578
-0.264
-0.247
-0.191
-0.099
0.084
0.233
0.415
0.509
0.759
0.843
0.939
1.09
1.271
1.488
1.453
1.438
1.448
1.426
1.573
1.371
1.411
1.562
1.61
1.316
1.121
1.071
0.806
0.686
0.581
0.56
0.411
0.371
0.656
0.686
0.812
0.698
0.554
0.54
0.376
0.334
0.133
-0.096
-0.014
-0.194
-0.219
-0.143
-0.105
-0.274
-0.239
-0.23
-0.265
-0.184
-0.131
-0.223
-0.161
-0.04
0.115
0.284
0.343
0.435
0.494
0.46
0.59
0.705
0.819
0.924
0.915
1.012
1.159
1.157
1.084
0.974
1.094
0.996
0.948
0.869
0.917
0.931
0.743
1.002
1.129
1.044
1.038
0.941
0.99
1.091
1.052
1.046
1.091
0.896
0.828
0.794
0.771
0.75
0.659
0.564
0.695
0.705
0.616
0.506
0.165
0.092
0.03
-0.11
-0.116
-0.037
-0.2
-0.231
-0.228
-0.354
-0.466
-0.328
-0.346
-0.495
-0.492
-0.46
-0.474
-0.5
-0.531
-0.449
-0.284
-0.326
-0.449
-0.906
-0.787
-0.769
-0.829
-0.499
-0.693
-0.596
-0.634
-0.915
-1.006
-1.096
-1.064
-0.789
-0.684
-0.639
-0.47
-0.698
-0.591
-0.619
-0.738
-0.7
-0.536
-0.532
-0.527
-0.535
-0.417
-0.264
-0.118
-0.177
0.07
0.265
0.206
0.485
0.52
0.674
0.735
0.64
0.556
0.571
0.604
0.562
0.509
0.535
0.623
0.666
0.698
0.608
0.4
0.455
0.546
0.266
0.391
0.454
0.231
0.2
0.136
0.398
0.296
0.273
0.174
0.269
0.206
0.216
0.143
0.075
0.143
-0.094
-0.018
-0.146
-0.235
-0.459
-0.641
-0.578
-0.71
-0.615
-0.646
-0.672
-0.67
-0.666
-0.583
-0.494
-0.506
-0.404
-0.174
0.072
0.156
0.062
0.007
0.041
0.15
0.125
0.126
0.208
-0.08
-0.21
-0.414
-0.486
-0.456
-0.346
0.004
-0.098
-0.12
-0.071
0.052
0.238
0.071
0.101
0.133
0.076
0.034
0.184
0.114
-0.099
0.014
-0.022
-0.018
-0.043
-0.075
0.064
-0.143
-0.024
-0.016
0.033
0.089
-0.019
0.018
-0.159
0.04
-0.003
0.106
0.305
0.508
0.677
0.771
0.734
0.693
0.749
0.688
0.675
0.559
0.536
0.516
0.431
0.464
0.331
0.266
0.325
0.275
0.099
0.196
-0.158
-0.194
-0.355
-0.383
-0.395
-0.473
-0.525
-0.651
-0.463
-0.496
-0.464
-0.384
-0.325
-0.21
-0.181
0.009
0.158
0.295
0.182
0.473
-4.143
0.649
0.566
0.661
0.628
0.464
0.494
0.89
0.871
0.856
0.896
0.706
0.578
0.559
0.657
0.631
0.628
0.542
0.628
0.539
0.581
0.459
0.35
0.284
0.255
0.079
0.058
0.095
-0.069
0.072
-0.352
-0.537
-0.57
-0.754
-0.754
-0.761
-0.73
-0.836
-0.785
-0.78
-0.86
-0.74
-0.426
-0.274
-0.396
-0.228
-0.285
-0.284
-0.409
-0.336
-0.289
-0.372
-0.278
-0.459
-0.5
-0.479
-0.651
-0.54
-0.828
-0.796
-0.843
-0.726
-0.73
-0.685
-0.578
-0.427
-0.403
-0.238
-0.156
-0.113
-0.191
-0.245
-0.621
-0.482
-0.559
-0.606
-0.652
-0.525
-0.47
-0.388
-0.394
-0.609
-0.524
-0.481
-0.422
-0.335
-0.497
-0.348
-0.514
-0.439
-0.306
-0.312
-0.33
-0.444
-0.508
-0.49
-0.369
-0.331
-0.44
-0.316
-0.415
-0.244
-0.29
-0.176
0.081
-0.01
-0.182
-0.274
-0.144
-0.229
-0.147
-0.154
-0.17
-0.216
-0.175
0.021
0.022
0.001
-0.024
0.113
0.009
0.092
0.266
0.302
0.28
0.249
0.268
0.279
0.166
0.196
-0.206
-0.242
-0.143
0.061
0.089
0.05
0.144
0.128
0.255
0.246
0.549
0.662
0.64
0.68
0.738
0.821
0.785
0.723
0.744
0.618
0.844
0.826
0.91
1.0
1.021
1.078
0.98
0.953
0.792
0.55
0.419
0.279
0.035
0.1
0.109
0.13
0.242
0.234
0.158
0.036
-0.007
0.116
0.014
-0.03
0.13
-0.083
-0.31
-0.463
-0.698
-0.539
-0.825
-1.035
-0.93
-0.981
-0.95
-0.848
-0.806
-0.879
-0.931
-1.05
-0.925
-1.031
-0.999
-0.959
-1.179
-1.016
-0.931
-0.804
-0.628
-0.559
-0.705
-0.739
-0.792
-0.625
-0.616
-0.52
-0.546
-0.516
-0.609
-0.601
-0.415
-0.333
-0.037
0.156
0.122
0.174
0.13
0.29
0.233
0.036
-0.022
-0.135
0.034
0.064
0.049
0.135
0.174
0.22
0.19
0.292
-0.022
-0.072
-0.035
0.181
-0.035
-0.134
-0.081
-0.133
-0.168
-0.434
-0.349
-0.475
-0.628
-0.651
-0.57
-0.628
-0.586
-0.506
-0.51
-0.41
-0.438
-0.52
-0.536
-0.361
-0.169
-0.161
-0.091
0.011
0.062
0.104
0.116
0.238
0.372
0.216
0.036
0.131
0.056
0.009
0.036
-0.011
0.118
0.324
0.384
0.296
0.403
0.511
0.599
0.838
0.938
1.113
0.936
0.689
0.569
0.372
0.348
0.403
0.331
0.351
0.409
0.641
0.574
0.776
0.856
1.096
1.129
1.065
0.888
0.991
1.044
0.779
0.92
0.912
0.59
0.799
0.649
0.562
0.591
0.763
0.755
0.716
0.561
0.432
0.113
-0.146
-0.299
-0.329
-0.354
-0.381
-0.19
-0.185
-0.21
-0.32
-0.331
-0.279
-0.372
-0.356
-0.443
-0.52
-0.609
-0.573
-0.904
-0.833
-0.836
-0.701
-0.769
-0.631
-0.65
-0.495
-0.427
-0.427
-0.186
-0.115
-0.17
-0.268
-0.256
-0.309
-0.271
-0.1
-0.048
0.083
0.125
0.066
0.154
0.146
0.326
0.299
0.449
0.27
0.33
0.36
0.223
0.239
0.179
0.314
0.256
0.236
0.253
0.309
0.31
0.424
0.43
0.496
0.43
0.302
0.316
0.309
0.263
0.305
0.386
0.661
0.576
0.545
0.849
0.671
0.532
0.378
0.426
0.383
0.4
0.274
0.124
0.024
-0.054
-0.176
-0.35
-0.335
-0.425
-0.36
-0.291
-0.321
-0.193
-0.239
-0.165
-0.041
-0.048
0.056
0.04
0.024
0.022
0.006
-0.028
0.024
10.332
0.311
0.486
0.605
0.546
0.503
0.37
0.416
0.44
0.841
0.954
0.917
0.854
0.901
0.975
0.841
0.906
0.964
0.984
0.881
0.754
0.965
0.84
0.901
0.922
0.895
0.816
0.755
0.768
0.656
0.45
0.18
0.281
0.403
0.364
0.334
0.444
0.31
0.385
0.273
0.461
0.559
0.436
0.6
0.654
0.416
0.451
0.214
0.349
0.161
0.075
0.126
0.096
0.061
0.134
0.265
0.258
0.115
0.024
-0.07
-0.226
-0.431
-0.604
-0.584
-0.79
-0.782
-0.655
-0.547
-0.76
-0.755
-0.874
-0.741
-0.85
-0.876
-0.789
-0.881
-0.929
-1.046
-1.111
-1.141
-1.109
-0.93
-0.925
-1.09
-0.959
-1.157
-1.121
-1.028
-1.018
-1.055
-0.863
-0.539
-0.471
-0.429
-0.199
-0.206
-0.196
-0.059
0.045
0.06
0.109
0.217
0.221
0.302
0.519
0.614
0.588
0.844
0.89
0.868
0.84
0.8
0.904
0.96
1.079
0.874
0.879
0.745
0.575
0.499
0.324
0.491
0.595
0.802
0.828
0.909
0.787
0.638
0.525
0.344
0.532
0.531
0.485
0.131
0.269
0.114
0.216
0.02
0.096
0.022
-0.07
0.011
-0.212
-0.122
-0.122
-0.07
0.147
0.109
0.134
0.114
-0.076
-0.044
-0.09
-0.164
-0.266
-0.369
-0.399
-0.478
-0.514
-0.345
-0.161
-0.06
0.001
-0.11
-0.07
-0.23
-0.427
-0.289
-0.641
-0.621
-0.63
-0.529
-0.505
-0.604
-0.681
-0.754
-0.664
-0.581
-0.564
-0.591
-0.569
-0.401
-0.466
-0.163
-0.439
-0.35
-0.285
-0.491
-0.486
-0.565
-0.491
-0.398
-0.19
-0.164
0.036
0.096
-0.159
-0.096
0.081
0.448
0.409
0.383
0.367
0.234
0.13
0.02
-0.006
0.095
-0.018
0.128
0.275
0.254
0.195
0.136
0.014
0.099
0.003
0.003
-0.435
-0.434
-0.334
-0.405
-0.444
-0.624
-0.371
-0.448
-0.461
-0.41
-0.615
-0.374
-0.618
-0.58
-0.329
-0.275
-0.081
-0.14
-0.233
-0.39
-0.324
-0.196
-0.145
0.12
0.163
0.366
0.236
0.26
0.325
0.255
0.217
0.041
-0.07
-0.14
-0.085
-0.059
-0.217
-0.174
-0.238
-0.371
-0.521
-0.408
-0.574
-0.711
-0.661
-0.79
-0.66
-0.646
-0.825
-0.624
-0.916
-1.14
-0.878
-0.806
-0.745
-0.731
-0.846
-0.749
-0.633
-0.564
-0.66
-0.508
-0.614
-0.611
-0.593
-0.688
-0.901
-0.828
-0.812
-0.761
-0.865
-0.848
-0.806
-0.661
-0.65
-0.694
-0.481
-0.43
-0.424
-0.302
-0.325
0.004
0.198
0.118
0.184
0.469
0.679
0.589
0.512
0.669
0.456
0.608
0.645
0.72
1.139
1.246
1.116
1.114
1.269
1.11
0.866
0.843
0.595
0.517
0.46
0.196
0.231
0.215
0.395
0.367
0.39
0.215
0.255
0.362
0.206
0.323
0.196
0.306
0.288
0.265
0.156
0.084
-0.054
-0.005
-0.106
-0.166
-0.228
-0.101
-0.003
0.154
0.345
0.367
0.642
0.63
0.608
0.625
0.48
0.494
0.522
0.481
0.403
0.201
0.176
-0.056
-0.025
0.064
-0.046
-0.212
-0.275
-0.279
-0.601
-0.645
-0.776
-0.907
-0.9
-0.838
-0.684
-0.37
-0.359
-0.295
-0.12
-0.18
-0.011
-0.321
-0.247
-0.241
-0.288
-0.144
-0.124
-0.226
-0.174
-0.055
-0.072
-0.21
-0.28
-0.188
-0.092
-0.224
-0.426
-0.398
-0.562
-0.524
-0.419
-0.425
-0.279
-0.365
-0.583
-0.515
-0.574
-0.649
-0.677
-0.62
-0.591
-0.529
-0.475
-0.333
-0.296
-0.244
-0.215
-0.278
-0.556
-0.526
-0.53
-0.565
-0.484
-0.306
-0.144
-0.111
-0.133
-0.115
-0.109
-0.185
-0.1
-0.1
-0.15
-0.18
0.062
0.171
0.667
0.801
0.655
0.639
0.487
0.27
0.456
0.44
0.326
0.453
0.379
0.274
0.316
0.168
0.206
0.216
0.179
0.11
-0.014
-0.037
-0.281
-0.285
-0.443
-0.562
-0.709
-0.688
-1.048
-1.111
-1.153
-1.206
-1.203
-0.983
-1.228
-1.104
-1.163
-1.191
-1.099
-1.101
-0.886
-0.845
-0.599
-0.375
-0.259
-0.06
0.031
0.045
0.006
0.184
0.424
0.508
0.671
0.656
0.634
0.781
0.635
0.652
0.661
0.546
0.356
0.427
0.62
0.573
0.38
0.424
0.491
0.486
0.628
0.809
0.789
0.965
1.129
1.225
1.051
1.149
1.234
1.381
1.479
1.203
1.331
1.296
1.147
1.271
0.945
0.909
1.036
1.135
1.096
1.194
1.179
1.272
1.409
1.244
1.127
0.991
0.854
0.891
0.885
0.741
0.771
0.904
0.849
0.912
0.751
0.777
0.771
0.652
0.474
0.285
0.381
0.378
0.338
0.391
0.31
0.13
0.084
0.341
0.385
0.411
0.39
0.37
0.361
0.168
0.015
-0.348
-0.388
-0.495
-0.443
-0.432
-0.475
-0.348
-0.509
-0.424
-0.661
-0.784
-0.776
-0.69
-0.681
-0.819
-0.986
-1.014
-1.012
-1.009
-1.116
-1.028
-0.909
-0.965
-0.97
-0.976
-0.746
-0.56
-0.55
-0.39
-0.32
-0.279
-0.409
-0.152
-0.176
-0.119
-0.247
-0.514
-0.52
-0.562
-0.594
-0.53
-0.279
-0.31
-0.186
-0.177
-0.246
-0.184
-0.212
-0.174
-0.122
-0.29
-0.056
-0.004
0.08
0.024
0.043
0.241
0.431
0.718
0.728
0.792
0.75
0.795
0.9
0.819
0.838
0.825
0.831
0.7
0.839
0.718
0.606
0.62
0.491
0.509
0.496
0.349
0.145
0.236
0.182
0.388
0.225
0.19
0.184
0.191
0.033
0.152
0.285
0.256
0.398
0.556
0.718
0.914
0.979
1.091
1.271
1.133
0.973
1.149
0.888
0.669
0.67
0.581
0.549
0.394
0.3
0.381
0.273
0.466
0.195
0.066
0.261
-0.065
-0.259
-0.154
-0.362
-0.126
-0.43
-0.52
-0.616
-0.394
-0.738
-0.657
-0.711
-0.906
-0.754
-0.946
-0.807
-0.636
-0.508
-0.879
-0.878
-0.929
-0.974
-0.681
-0.809
-0.516
-0.26
-0.071
-0.193
-0.484
-0.299
-0.569
-0.154
-0.201
-0.129
0.07
0.072
-0.051
-0.024
-0.274
-0.221
-0.149
-0.039
0.094
0.185
0.449
0.164
0.23
0.106
0.135
0.158
0.288
0.304
0.379
0.215
0.244
0.168
0.233
0.164
0.241
0.341
0.355
0.474
0.571
0.651
0.818
0.551
0.641
0.667
0.517
0.48
0.693
0.777
0.686
0.494
0.485
0.67
0.586
0.743
0.786
0.625
0.667
0.569
0.445
0.479
0.545
0.67
0.66
0.569
0.516
0.571
0.516
0.38
0.328
0.21
0.095
-0.084
0.028
-0.092
-0.151
-0.156
-0.294
-0.225
-0.329
-0.176
-0.168
-0.32
-0.375
-0.424
-0.339
-0.38
-0.519
-0.515
-0.59
-0.526
-0.576
-0.47
-0.279
-0.061
-0.24
-0.174
0.013
-0.043
0.163
0.233
0.275
0.165
0.059
0.14
0.056
0.259
0.133
0.208
0.2
0.056
0.088
0.174
-0.001
-0.233
-0.231
-0.296
-0.367
-0.439
-0.394
-0.323
-0.211
-0.149
0.025
0.12
0.094
0.135
0.177
0.151
0.029
0.226
0.28
0.249
0.312
0.294
0.346
0.215
0.086
0.27
0.051
-0.036
0.211
0.158
-0.007
-0.083
-0.103
-0.292
-0.245
-0.278
-0.268
-0.285
-0.343
-0.296
-0.499
-0.413
-0.487
-0.459
-0.532
-0.641
-0.695
-0.863
-0.769
-0.895
-0.895
-0.834
-0.959
-0.921
-1.014
-0.861
-0.855
-0.755
-0.74
-0.725
-0.585
-0.696
-0.848
-0.865
-0.738
-0.595
-0.758
-0.841
-0.844
-0.846
-0.75
-0.785
-0.703
-0.636
-0.489
-0.535
-0.656
-0.755
-0.815
-0.871
-0.739
-0.696
-0.754
-0.666
-0.699
-0.62
-0.512
-0.67
-0.554
-0.444
-0.247
-0.256
-0.164
0.111
0.041
0.309
0.485
0.459
0.662
0.615
0.585
0.575
0.675
0.776
0.876
0.935
0.98
0.968
1.084
0.835
0.828
0.371
0.245
0.256
0.092
-0.052
-0.335
-0.435
-0.451
-0.283
-0.065
-0.128
-0.036
-0.007
-0.037
0.155
0.319
0.28
0.33
0.378
0.388
0.365
0.374
0.138
0.365
0.31
0.316
0.461
0.456
0.529
0.529
0.585
0.404
0.509
0.455
0.508
0.383
0.118
-0.022
-0.072
0.066
0.356
0.343
0.411
0.399
0.404
0.203
0.107
0.224
-0.007
-0.031
-0.33
-0.254
-0.25
-0.21
-0.077
-0.196
-0.233
-0.134
-0.043
-0.088
0.139
0.091
0.006
0.025
0.118
0.168
0.323
0.31
0.318
0.398
0.41
0.54
0.67
0.439
0.684
0.619
0.524
0.638
0.512
0.516
0.713
0.609
0.524
0.505
0.419
0.427
0.739
0.771
0.792
0.6
0.61
0.383
0.422
0.251
0.185
0.535
0.448
0.551
0.55
0.656
0.62
0.746
0.675
0.836
0.745
0.657
0.578
0.664
0.578
0.384
0.323
0.311
0.269
0.413
0.26
0.083
0.066
0.014
-0.058
-0.223
-0.221
-0.371
-0.45
-0.594
-0.755
-0.811
-0.97
-0.89
-1.04
-1.091
-0.871
-0.916
-0.854
-0.921
-0.914
-0.939
-1.025
-1.008
-0.95
-0.866
-0.897
-0.855
-0.635
-0.698
-0.685
-0.63
-0.525
-0.492
-0.479
-0.451
-0.674
-0.584
-0.599
-0.628
-0.823
-0.758
-0.771
-0.723
-0.67
-0.66
-0.492
-0.486
-0.487
-0.39
-0.426
-0.107
-0.261
0.092
0.133
0.077
-0.06
-0.176
-0.196
-0.253
-0.061
-0.044
-0.12
-0.071
-0.016
-0.034
-0.049
-0.054
0.291
0.374
0.499
0.526
0.59
0.54
0.519
0.45
0.661
0.618
0.56
0.599
0.652
0.753
0.771
0.753
0.733
0.912
0.744
0.761
0.586
0.566
0.421
0.355
0.458
0.253
0.344
0.334
0.128
0.169
0.049
-0.144
-0.166
-0.251
-0.369
-0.273
-0.143
-0.018
0.085
0.061
-0.04
-0.013
-0.145
0.036
0.074
0.221
0.198
0.367
0.264
0.147
0.083
0.004
0.07
0.138
0.203
0.173
0.177
0.054
0.013
-0.009
0.206
0.351
0.19
0.07
-0.146
-0.284
-0.333
-0.439
-0.526
-0.521
-0.408
-0.343
-0.316
-0.385
-0.284
-0.309
0.083
0.103
0.383
0.338
0.396
0.459
0.348
0.531
0.536
0.642
0.75
0.869
1.019
0.841
0.751
0.664
0.805
0.825
0.983
0.907
0.755
0.55
0.398
0.763
0.515
0.441
0.355
0.212
0.284
0.101
-0.05
-0.228
-0.286
-0.301
-0.449
-0.521
-0.446
-0.519
-0.571
-0.786
-0.935
-0.685
-0.938
-1.093
-1.1
-0.956
-0.958
-0.841
-0.854
-0.894
-0.791
-0.801
-0.726
-0.814
-0.796
-0.761
-0.695
-0.64
-0.606
-0.601
-0.464
-0.681
-0.652
-0.594
-0.501
-0.504
-0.403
-0.335
-0.301
-0.427
-0.468
-0.436
-0.478
-0.551
-0.621
-0.721
-0.755
-0.688
-0.49
-0.461
-0.306
-0.256
-0.186
-0.08
-0.046
0.297
0.289
0.43
0.594
0.7
0.557
0.676
0.465
0.519
0.478
0.57
0.443
0.346
0.242
0.149
0.312
0.235
0.256
0.411
0.64
0.62
0.525
0.534
0.481
0.574
0.494
0.278
0.03
0.268
0.258
0.495
0.59
0.406
0.378
0.226
-0.003
-0.043
-0.029
0.006
0.045
0.114
0.212
0.28
0.299
0.471
0.644
0.731
0.871
0.871
0.915
0.938
0.984
1.123
1.209
1.095
0.988
1.175
0.897
1.24
1.396
1.509
1.659
1.653
1.643
1.433
1.551
1.396
1.405
1.405
1.264
1.251
1.167
0.959
0.98
0.973
0.71
0.711
0.471
0.329
0.355
0.203
0.131
0.275
0.485
0.701
0.535
0.534
0.53
0.455
0.283
0.396
0.301
0.215
0.168
0.133
0.346
0.244
0.095
0.004
0.014
0.081
0.164
0.211
0.205
0.284
0.054
0.124
-0.219
-0.339
-0.414
-0.489
-0.491
-0.454
-0.311
-0.453
-0.501
-0.544
-0.716
-0.66
-0.624
-0.63
-0.647
-0.729
-0.79
-0.804
-0.956
-1.105
-1.056
-1.256
-1.111
-1.016
-1.064
-0.814
-0.828
