-0.128
-0.119
0.066
0.196
0.233
0.328
0.454
0.466
0.432
0.554
0.636
0.309
0.324
0.36
0.426
0.325
0.339
0.242
0.279
0.455
0.469
0.294
0.41
0.174
0.076
0.168
0.177
0.201
0.285
0.294
0.159
0.305
0.251
0.264
0.2
0.138
0.081
0.19
0.141
0.125
0.095
0.024
0.16
0.211
0.239
0.181
0.217
0.224
0.299
0.221
0.091
0.065
-0.043
0.074
-0.026
0.064
0.064
-0.044
0.044
-0.076
0.034
0.08
0.147
0.128
0.121
0.144
0.131
0.201
0.195
0.214
0.223
0.186
0.414
0.334
0.295
0.406
0.468
0.638
0.585
0.487
0.432
0.497
0.415
0.365
0.396
0.383
0.285
0.107
0.149
-0.033
-0.05
-0.15
-0.274
-0.151
-0.135
-0.305
-0.315
-0.362
-0.47
-0.524
-0.417
-0.494
-0.422
-0.261
-0.249
-0.175
-0.201
-0.247
-0.046
-0.214
0.014
-0.044
0.211
0.203
0.371
0.343
0.406
0.233
0.2
0.286
0.072
-0.11
0.144
0.022
-0.072
-0.156
-0.256
-0.29
-0.458
-0.438
-0.526
-0.415
-0.413
-0.438
-0.511
-0.581
-0.745
-0.734
-0.54
-0.601
-0.594
-0.599
-0.555
-0.526
-0.39
-0.355
-0.283
-0.214
0.07
0.188
0.205
0.225
0.299
0.283
0.331
0.384
0.276
0.36
0.396
0.514
0.735
0.69
0.806
0.819
0.77
0.62
0.456
0.444
0.564
0.446
0.383
0.296
0.364
0.29
0.315
0.357
0.239
0.301
0.24
0.147
0.111
0.001
-0.04
-0.133
0.049
0.041
-0.064
0.072
-0.096
-0.174
-0.258
-0.283
-0.291
-0.23
-0.26
-0.386
-0.295
-0.33
-0.307
-0.324
-0.371
-0.274
-0.285
-0.266
-0.331
-0.355
-0.271
-0.296
-0.265
-0.205
-0.06
0.013
0.005
0.17
0.1
0.056
0.185
0.285
0.247
0.184
0.21
0.011
0.128
0.03
-0.034
-0.054
-0.085
0.021
0.044
0.147
-0.015
0.079
-0.024
0.028
0.217
0.045
0.134
0.181
0.201
0.126
0.283
0.376
0.547
0.537
0.581
0.605
0.463
0.62
0.659
0.623
0.682
0.824
0.71
0.504
0.531
0.443
0.446
0.46
0.516
0.36
0.378
0.184
0.216
0.199
0.104
0.159
0.143
0.15
0.168
0.036
0.055
-0.006
-0.04
-0.203
-0.188
-0.278
-0.385
-0.344
-0.265
-0.44
-0.435
-0.431
-0.268
-0.158
-0.109
-0.21
-0.089
0.009
-0.16
0.052
-0.006
0.003
-0.031
0.061
0.089
0.105
0.158
0.181
0.259
0.138
0.12
0.251
0.239
0.35
0.281
0.245
0.307
0.324
0.196
0.155
0.23
0.229
0.18
0.106
0.006
0.101
-0.033
-0.161
-0.179
-0.304
-0.249
-0.302
-0.241
-0.458
-0.346
-0.429
-0.295
-0.229
-0.085
-0.119
-0.083
-0.09
-0.05
-0.149
-0.206
-0.224
-0.215
-0.208
-0.071
-0.188
-0.07
-0.124
0.081
0.179
0.092
0.231
0.076
0.294
0.35
0.345
0.255
0.11
0.254
0.211
0.094
0.126
0.055
0.092
0.219
0.18
0.198
0.319
0.283
0.241
0.199
0.238
0.198
0.169
0.194
0.03
0.13
0.088
0.463
0.088
0.315
0.289
0.321
0.259
0.238
0.177
0.114
0.268
0.163
0.193
0.242
0.115
0.312
0.212
0.173
0.196
0.037
0.051
0.094
0.245
0.163
0.345
0.415
0.386
0.408
0.356
0.345
0.343
0.44
0.45
0.546
0.575
0.497
0.508
0.473
0.432
0.44
0.474
0.306
0.409
0.357
0.349
0.276
0.21
0.175
0.203
0.239
0.182
0.155
0.163
0.111
0.081
0.138
0.16
0.056
0.064
0.059
0.246
0.169
0.225
0.301
0.339
0.398
0.39
0.55
0.5
0.421
0.491
0.316
0.195
0.061
0.052
0.05
0.16
0.234
0.28
0.338
0.324
0.334
0.19
0.261
0.311
0.278
0.39
0.576
0.59
0.598
0.679
0.655
0.726
0.74
0.786
0.667
0.78
0.675
0.771
0.784
0.787
1.046
0.834
0.789
0.805
0.815
0.811
0.809
0.891
1.012
0.95
0.82
0.734
0.655
0.736
0.784
0.645
0.642
0.552
0.356
0.458
0.443
0.454
0.286
0.436
0.469
0.516
0.399
0.266
0.247
0.013
0.031
0.003
-0.089
-0.175
-0.193
-0.319
-0.425
-0.411
-0.236
-0.376
-0.39
-0.429
-0.376
-0.474
-0.44
-0.449
-0.333
-0.302
-0.261
-0.386
-0.174
-0.356
-0.269
-0.395
-0.366
-0.43
-0.448
-0.411
-0.367
-0.341
-0.417
-0.28
-0.311
-0.25
-0.385
-0.175
-0.111
0.1
0.239
0.056
0.224
0.241
0.285
0.264
0.485
0.526
0.666
0.935
0.739
0.968
0.969
1.036
1.163
1.034
1.131
1.177
1.272
1.321
1.306
1.314
1.459
1.308
1.258
1.12
1.114
1.131
1.099
0.93
1.117
0.961
1.17
1.026
0.921
0.812
0.825
0.766
0.554
0.66
0.647
0.72
0.616
0.676
0.688
0.769
0.723
0.634
0.588
0.544
0.349
0.158
-0.03
0.031
0.043
-0.036
-0.21
-0.146
-0.31
-0.532
-0.8
-0.814
-0.927
-1.111
-1.218
-1.36
-1.531
-1.675
-1.925
-2.161
-2.118
-2.243
-2.134
-1.936
-2.019
-2.073
-2.038
-2.186
-2.138
-2.041
-1.948
-1.746
-1.611
-1.768
-1.958
-1.825
-1.705
-1.43
-1.26
-1.328
-1.074
-1.056
-0.965
-0.728
-0.711
-0.755
-0.669
-0.535
-0.527
-0.413
-0.506
-0.526
-0.508
-0.638
-0.694
-0.666
-0.41
-0.154
0.043
0.031
0.131
0.09
0.159
0.2
0.124
0.209
0.135
0.141
0.196
0.091
0.311
0.359
0.501
0.478
0.532
0.501
0.682
0.516
0.5
0.511
0.628
0.42
0.666
0.188
0.242
0.24
0.295
0.297
0.379
0.479
0.591
0.853
0.833
0.956
0.89
0.951
1.009
1.056
0.876
0.864
0.79
0.633
0.478
0.404
0.304
0.099
0.04
0.01
-0.013
0.134
-0.062
-0.062
-0.052
-0.134
-0.094
-0.014
-0.044
-0.043
-0.028
-0.085
-0.229
-0.24
-0.265
-0.245
-0.196
-0.42
-0.435
-0.496
-0.599
-0.686
-0.705
-0.672
-0.496
-0.805
-0.769
-0.849
-0.656
-0.631
-0.639
-0.559
-0.776
-0.744
-0.695
-0.684
-0.618
-0.706
-0.786
-0.865
-1.09
-1.004
-1.179
-1.015
-1.014
-0.821
-0.656
-0.751
-0.524
-0.634
-0.52
-0.635
-0.63
-0.681
-0.645
-0.565
-0.65
-0.562
-0.438
-0.432
-0.44
-0.318
-0.17
-0.099
0.062
-0.065
0.051
0.041
0.229
0.39
0.557
0.448
0.345
0.289
0.365
0.369
0.306
0.422
0.389
0.225
0.226
0.195
0.195
0.05
0.12
0.092
0.194
-0.037
-0.003
0.177
0.052
-0.046
0.064
-0.015
-0.018
0.129
0.269
0.305
0.285
0.284
0.19
0.393
0.335
0.296
0.357
0.217
0.279
0.193
0.251
0.224
0.165
0.17
0.223
0.152
0.357
0.171
0.128
-0.022
-0.285
-0.389
-0.32
-0.478
-0.478
-0.68
-0.654
-0.802
-0.833
-0.956
-0.919
-0.796
-0.807
-0.74
-0.741
-0.899
-0.739
-0.777
-0.756
-0.843
-0.75
-0.866
-0.703
-0.844
-0.976
-1.0
-0.826
-0.861
-0.871
-0.789
-1.018
-0.86
-0.922
-0.975
-0.904
-1.054
-0.949
-0.802
-0.941
-0.983
-0.825
-0.863
-0.588
-0.53
-0.359
-0.35
-0.156
-0.177
-0.246
-0.158
-0.152
-0.043
-0.098
-0.055
0.103
0.081
0.292
0.193
0.466
0.675
0.964
0.993
1.024
1.039
1.085
1.184
1.288
1.336
1.409
1.39
1.519
1.312
1.11
1.12
0.802
0.885
0.705
0.624
0.537
0.361
0.408
0.357
0.334
0.226
0.208
0.255
0.255
0.254
0.055
-0.16
-0.315
-0.216
-0.478
-0.54
-0.506
-0.62
-0.547
-0.356
-0.375
-0.256
-0.251
-0.503
-0.675
-0.731
-0.815
-1.038
-0.831
-1.157
-1.139
-1.083
-1.056
-0.98
-0.893
-0.79
-0.845
-0.765
-0.756
-0.566
-0.526
-0.619
-0.654
-0.657
-0.481
-0.511
-0.406
-0.416
-0.234
-0.239
-0.259
-0.355
-0.275
-0.269
-0.302
-0.235
-0.156
-0.094
0.059
0.168
0.286
0.274
0.323
0.376
0.331
0.381
0.321
0.294
0.217
0.033
0.074
-0.061
0.015
0.081
0.007
-0.051
-0.198
-0.28
-0.214
-0.419
-0.427
-0.321
-0.364
-0.289
-0.249
-0.173
0.014
0.079
0.152
0.007
0.229
0.143
0.32
0.371
0.329
0.339
0.134
0.212
0.176
0.163
0.095
0.208
0.274
0.239
0.324
0.33
0.458
0.372
0.425
0.37
0.235
0.276
0.253
0.175
0.049
0.035
0.104
0.246
0.265
0.143
0.092
0.088
0.034
0.031
0.043
-0.069
-0.098
-0.115
0.039
-0.24
-0.297
-0.184
-0.279
-0.143
-0.168
-0.216
-0.369
-0.372
-0.12
-0.066
-0.055
0.028
-0.045
-0.128
-0.004
-0.122
-0.235
-0.283
-0.169
-0.266
-0.26
-0.265
-0.361
-0.239
-0.208
-0.075
-0.018
0.239
0.066
0.201
0.31
0.491
0.579
0.52
0.633
0.501
0.436
0.362
0.244
0.228
0.143
0.199
0.223
0.312
0.361
0.26
0.242
0.145
0.396
0.143
0.094
0.054
0.105
0.188
0.16
0.224
0.06
-0.041
-0.077
-0.217
-0.375
-0.573
-0.485
-0.385
-0.281
-0.329
-0.364
-0.273
-0.422
-0.126
-0.09
-0.085
-0.209
-0.186
-0.052
-0.079
-0.043
-0.039
-0.014
-0.061
-0.086
-0.133
-0.181
-0.045
-0.119
-0.133
-0.255
-0.169
-0.209
-0.168
-0.175
-0.086
-0.05
0.029
-0.052
0.077
0.101
0.007
0.071
-0.217
-0.134
-0.115
0.035
0.088
0.071
-0.171
0.08
-0.016
-0.007
0.152
-0.145
-0.013
-0.077
-0.235
-0.36
-0.409
-0.426
-0.51
-0.571
-0.552
-0.685
-0.656
-0.475
-0.465
-0.505
-0.504
-0.66
-0.659
-0.65
-0.656
-0.603
-0.405
-0.25
-0.175
-0.021
-0.043
-0.052
-0.03
0.054
0.096
0.166
0.27
0.458
0.509
0.417
0.482
0.491
0.51
0.766
0.495
0.53
0.625
0.494
0.522
0.489
0.49
0.393
0.375
0.351
0.355
0.403
0.286
0.239
0.169
0.16
0.059
0.103
0.144
-0.009
0.07
-0.044
-0.144
-0.055
0.025
0.016
0.005
0.043
-0.055
-0.041
-0.182
-0.17
-0.26
-0.195
-0.186
-0.225
-0.294
-0.316
-0.27
-0.284
-0.35
-0.297
-0.163
-0.164
-0.12
-0.24
-0.062
-0.059
-0.1
-0.071
-0.28
-0.244
-0.471
-0.381
-0.188
-0.364
-0.468
-0.28
-0.24
-0.081
-0.184
-0.088
0.044
-0.156
-0.01
-0.156
0.065
0.134
0.255
0.247
0.195
0.212
0.116
0.269
-0.004
0.212
0.152
0.165
0.209
0.122
0.005
-0.061
-0.006
-0.09
0.151
0.22
0.302
0.186
0.242
0.173
0.066
0.216
0.19
0.289
0.18
0.149
0.094
0.079
0.03
0.106
-0.021
0.04
0.072
-0.033
-0.045
0.088
0.019
0.169
0.135
0.136
0.275
0.255
0.149
0.198
0.274
0.286
0.299
0.188
0.306
0.459
0.344
0.344
0.249
0.271
0.288
0.291
0.249
0.163
0.273
0.21
0.048
0.189
0.189
0.151
0.114
-0.105
-0.013
-0.05
-0.039
-0.072
-0.17
-0.206
-0.149
-0.174
-0.154
-0.312
-0.531
-0.44
-0.56
-0.196
-0.441
-0.403
-0.289
-0.261
-0.158
-0.026
-0.146
-0.136
-0.086
-0.149
-0.129
-0.034
-0.07
-0.134
0.01
0.121
-0.154
-0.134
0.0
-0.05
-0.004
-0.009
0.041
0.141
0.133
0.154
0.185
0.164
0.109
-0.005
-0.003
-0.114
0.062
0.025
0.034
-0.177
-0.095
-0.109
-0.065
-0.103
-0.283
-0.166
-0.125
-0.281
-0.273
-0.302
-0.266
-0.288
-0.346
-0.209
-0.482
-0.594
-0.539
-0.51
-0.321
-0.403
-0.367
-0.331
-0.478
-0.475
-0.478
-0.623
-0.494
-0.52
-0.489
-0.406
-0.32
-0.131
0.096
0.084
-0.016
0.107
0.144
0.245
0.206
0.321
0.177
0.16
0.2
0.334
0.514
0.549
0.626
0.686
0.588
0.679
0.586
0.623
0.625
0.647
0.461
0.496
0.585
0.581
0.415
0.234
0.279
0.174
0.052
0.11
-0.208
-0.311
-0.357
-0.351
-0.316
-0.357
-0.352
-0.38
-0.29
-0.344
-0.163
-0.098
-0.005
0.025
0.005
0.111
0.077
0.147
0.128
0.196
0.089
-0.056
0.194
-0.016
-0.046
0.195
-0.184
0.022
-0.028
-0.009
-0.072
-0.033
0.111
0.046
0.024
-0.044
-0.072
-0.026
-0.101
-0.09
-0.12
-0.113
-0.05
0.075
0.059
0.06
-0.005
-0.022
-0.033
-0.005
-0.17
-0.026
0.064
0.075
0.158
0.145
0.283
0.219
0.13
0.161
0.083
0.024
-0.024
0.013
0.247
0.206
0.449
0.414
0.406
0.516
0.41
0.391
0.413
0.478
0.292
0.37
0.306
0.45
0.369
0.393
0.279
0.258
0.285
0.273
0.098
0.376
0.338
0.372
0.256
0.189
0.136
0.15
0.059
0.085
-0.029
0.02
0.029
0.224
-0.009
0.138
-0.091
-0.199
-0.349
-0.266
-0.209
-0.256
-0.24
-0.203
-0.066
0.001
0.058
-0.056
-0.006
0.092
0.083
0.251
0.111
0.105
0.114
0.226
0.27
0.091
0.246
0.32
0.291
0.321
0.254
-0.034
0.113
0.136
0.065
0.083
0.344
0.343
0.341
0.19
0.072
0.026
0.151
0.163
0.164
0.217
0.022
0.144
0.2
0.079
0.136
0.25
-0.052
0.083
-0.09
0.039
0.141
0.226
0.125
0.253
0.18
0.216
0.265
0.28
0.209
0.335
0.319
0.276
0.348
0.215
0.122
-0.069
-0.007
-0.245
-0.113
-0.17
-0.122
-0.011
-0.095
-0.018
-0.133
0.066
0.029
-0.01
0.07
-0.024
-0.124
-0.144
-0.091
-0.114
-0.259
-0.194
-0.199
-0.251
-0.307
-0.177
-0.231
-0.215
-0.352
-0.314
-0.19
-0.126
-0.145
0.064
0.074
0.141
0.14
0.254
0.315
0.219
0.254
0.316
0.341
0.355
0.334
0.379
0.489
0.384
0.357
0.314
0.27
0.194
0.179
0.015
-0.049
0.074
0.013
-0.014
0.059
-0.024
0.007
-0.122
-0.122
-0.064
-0.138
-0.099
-0.056
0.09
0.05
0.124
-0.031
0.106
0.098
-0.01
0.049
-0.037
-0.106
-0.38
-0.371
-0.318
-0.419
-0.372
-0.503
-0.421
-0.801
-0.728
-0.604
-0.63
-0.529
-0.746
-0.506
-0.494
-0.564
-0.435
-0.427
-0.329
-0.436
-0.376
-0.393
-0.338
-0.555
-0.629
-0.386
-0.393
-0.181
-0.158
-0.141
-0.211
-0.229
-0.145
-0.193
-0.007
0.039
0.086
-0.046
0.085
0.139
0.246
0.206
0.195
0.185
0.304
0.375
0.335
0.375
0.266
0.281
0.15
0.079
0.096
-0.013
-0.039
-0.11
0.075
-0.101
-0.088
0.013
0.02
0.034
0.096
0.044
0.101
0.074
0.193
0.158
0.058
0.251
0.149
0.105
0.196
0.24
0.258
0.119
0.181
0.19
0.198
0.16
0.214
0.021
0.41
0.485
0.289
0.256
0.258
0.309
0.281
0.331
0.471
0.549
0.524
0.391
0.381
0.39
0.276
0.2
0.066
0.124
0.064
0.114
-0.055
-0.159
-0.168
-0.28
-0.006
-0.169
-0.104
-0.135
-0.07
-0.07
-0.13
-0.229
-0.184
-0.269
-0.329
-0.288
-0.351
-0.261
-0.203
-0.254
-0.253
-0.26
-0.208
-0.25
0.055
-0.022
0.031
-0.022
-0.028
-0.04
-0.125
-0.101
-0.015
-0.149
-0.154
-0.173
-0.122
-0.14
-0.115
-0.286
-0.259
-0.21
-0.253
-0.214
-0.081
-0.064
-0.099
-0.029
-0.014
-0.046
-0.007
-0.041
-0.011
-0.083
0.163
-0.025
-0.029
-0.019
-0.016
0.064
0.059
0.084
0.046
0.106
0.089
0.116
0.174
0.147
0.294
0.369
0.196
0.236
0.271
0.229
0.219
0.201
0.185
0.174
0.147
0.221
0.247
0.269
0.214
0.185
0.22
0.195
0.236
0.253
0.146
0.158
0.161
0.095
0.08
0.029
-0.051
-0.098
-0.154
-0.14
-0.21
-0.21
-0.31
-0.415
-0.378
-0.504
-0.344
-0.555
-0.669
-0.64
-0.654
-0.606
-0.599
-0.635
-0.574
-0.574
-0.641
-0.545
-0.492
-0.479
-0.475
-0.45
-0.506
-0.497
-0.44
-0.449
-0.419
-0.425
-0.491
-0.362
-0.365
-0.305
-0.324
-0.216
-0.228
-0.217
-0.188
-0.145
-0.083
-0.059
0.006
-0.022
-0.061
-0.021
0.062
0.064
0.051
0.02
0.062
0.015
-0.061
-0.072
-0.12
-0.155
-0.184
-0.323
-0.244
-0.47
-0.42
-0.384
-0.339
-0.315
-0.288
-0.177
-0.297
-0.32
-0.221
-0.176
-0.125
-0.103
-0.085
-0.184
-0.191
-0.105
-0.131
-0.139
-0.122
-0.155
-0.193
-0.039
-0.059
-0.086
-0.007
-0.077
-0.05
0.006
0.0
-0.071
-0.044
-0.037
-0.013
-0.119
-0.043
-0.09
-0.126
-0.109
-0.147
-0.165
-0.149
-0.103
-0.064
-0.101
-0.147
-0.118
-0.071
-0.158
-0.03
-0.096
-0.129
-0.095
-0.08
-0.095
-0.03
-0.015
0.005
0.104
0.043
0.077
0.075
0.104
0.095
0.114
0.036
0.029
0.064
0.035
0.001
-0.028
-0.075
-0.072
-0.12
-0.169
-0.189
-0.188
-0.211
-0.198
-0.256
-0.31
-0.315
-0.354
-0.271
-0.325
-0.366
-0.318
-0.319
-0.333
-0.367
-0.37
-0.413
-0.364
-0.356
-0.478
-0.401
-0.348
-0.324
-0.369
-0.224
-0.391
-0.352
-0.301
-0.304
-0.24
-0.312
-0.259
-0.297
-0.26
-0.259
-0.276
-0.223
-0.186
-0.144
-0.215
-0.203
-0.161
-0.025
-0.064
-0.074
-0.06
-0.146
-0.07
-0.071
-0.088
-0.011
0.024
0.033
0.024
0.06
0.065
0.11
0.185
0.155
0.173
0.201
0.242
0.295
0.276
0.251
0.24
0.271
0.255
0.309
0.268
0.273
0.273
0.325
0.27
0.378
0.254
0.238
0.285
0.244
0.23
0.228
0.194
0.18
0.163
0.158
0.133
0.147
0.124
0.041
0.103
0.034
0.071
0.059
0.11
0.065
0.09
0.119
0.11
0.114
0.079
0.048
0.026
0.049
0.089
0.077
0.088
0.051
0.028
0.037
-0.045
-0.031
-0.06
-0.046
-0.056
-0.001
-0.021
0.007
0.005
-0.01
-0.075
-0.092
-0.106
-0.155
-0.185
-0.118
-0.312
-0.318
-0.384
-0.326
-0.334
-0.329
-0.311
-0.376
-0.366
-0.351
-0.294
-0.333
-0.307
-0.309
-0.349
-0.301
-0.304
-0.238
-0.23
-0.245
-0.236
-0.236
-0.165
-0.198
-0.161
-0.193
-0.171
-0.156
-0.155
-0.111
-0.111
-0.034
0.029
0.03
-0.064
-0.001
0.025
0.021
0.062
0.021
-0.031
0.016
-0.005
-0.021
-0.033
-0.084
-0.075
-0.062
-0.147
-0.099
-0.268
-0.229
-0.275
-0.261
-0.297
-0.259
-0.283
-0.249
-0.225
-0.274
-0.27
-0.266
-0.225
-0.203
-0.194
-0.201
-0.169
-0.2
-0.128
-0.184
-0.15
-0.151
-0.147
-0.045
-0.113
-0.034
-0.026
-0.001
0.049
0.006
0.005
0.026
0.046
-0.011
0.039
-0.021
0.009
-0.013
-0.05
-0.029
0.009
-0.085
-0.026
-0.04
-0.071
-0.098
-0.134
-0.13
-0.188
-0.116
-0.27
-0.295
-0.288
-0.266
-0.301
-0.299
-0.259
-0.244
-0.229
-0.241
-0.103
-0.118
-0.081
-0.024
-0.085
-0.049
-0.009
0.049
0.013
0.056
0.006
0.064
0.019
-0.01
0.066
0.01
0.08
0.059
0.071
0.022
-0.004
0.099
0.143
0.125
0.099
0.143
0.146
0.15
0.181
0.144
0.124
0.134
0.13
0.111
0.119
0.076
0.077
0.095
-0.086
0.007
-0.155
-0.115
-0.118
-0.133
-0.133
-0.191
-0.224
-0.25
-0.274
-0.326
-0.333
-0.4
-0.417
-0.354
-0.464
-0.406
-0.424
-0.446
-0.461
-0.5
-0.432
-0.444
-0.449
-0.458
-0.441
-0.411
-0.399
-0.367
-0.379
-0.391
-0.405
-0.381
-0.429
-0.355
-0.388
-0.343
-0.336
-0.329
-0.3
-0.31
-0.212
-0.182
-0.185
-0.205
-0.241
-0.225
-0.184
-0.18
-0.263
-0.115
-0.216
-0.211
-0.168
-0.136
-0.164
-0.11
-0.12
-0.041
-0.061
-0.015
0.044
0.051
0.147
0.147
0.151
0.14
0.182
0.265
0.209
0.271
0.247
0.324
0.29
0.319
0.32
0.307
0.399
0.299
0.341
0.3
0.299
0.356
0.395
0.324
0.284
0.345
0.305
0.312
0.266
0.263
0.25
0.208
0.223
0.146
0.135
0.154
0.125
0.152
0.055
0.16
0.03
0.055
0.061
0.06
0.022
0.033
0.071
0.01
0.039
-0.035
-0.011
-0.022
-0.011
-0.037
-0.069
-0.095
-0.145
-0.103
-0.145
-0.19
-0.255
-0.258
-0.328
-0.315
-0.323
-0.359
-0.318
-0.351
-0.359
-0.355
-0.381
-0.296
-0.338
-0.278
-0.29
-0.275
-0.24
-0.095
-0.071
-0.061
-0.079
-0.018
-0.004
-0.01
-0.055
-0.076
-0.048
-0.088
-0.155
-0.041
-0.236
-0.239
-0.219
-0.254
-0.233
-0.236
-0.263
-0.221
-0.276
-0.246
-0.224
-0.174
-0.219
-0.223
-0.191
-0.28
-0.155
-0.186
-0.168
-0.141
-0.099
-0.095
-0.103
-0.06
-0.081
-0.021
0.013
-0.011
0.043
0.033
0.056
0.064
0.19
0.11
0.16
0.147
0.271
0.255
0.228
0.21
0.188
0.169
0.144
0.131
0.12
0.072
0.071
0.092
-0.004
0.125
-0.061
-0.004
-0.045
0.0
-0.01
-0.058
-0.005
-0.013
-0.031
-0.033
-0.058
-0.035
-0.028
-0.075
-0.083
-0.11
-0.085
-0.041
-0.11
-0.096
-0.133
-0.096
-0.104
-0.107
-0.077
-0.133
-0.054
