0.26
0.251
0.246
0.321
0.292
0.145
0.219
0.266
0.348
0.29
0.311
0.325
0.323
0.345
0.264
0.385
0.405
0.351
0.443
0.346
0.39
0.556
0.554
0.526
0.624
0.376
0.441
0.36
0.378
0.36
0.448
0.352
0.304
0.135
0.095
0.025
0.0
0.116
0.055
0.004
-0.242
-0.049
-0.208
-0.26
-0.261
-0.21
-0.145
-0.211
0.043
0.061
0.075
-0.01
0.139
0.069
0.121
0.251
0.375
0.366
0.396
0.383
0.357
0.453
0.333
0.32
0.367
0.489
0.456
0.529
0.404
0.169
0.151
0.089
0.177
0.088
0.169
-0.113
-0.09
-0.177
0.09
0.011
0.079
0.089
0.274
0.309
0.478
0.619
0.63
0.755
0.785
0.85
0.969
1.074
0.93
0.995
1.016
1.005
1.059
1.116
1.119
0.999
0.956
0.831
0.647
0.63
0.591
0.449
0.432
0.28
0.284
0.072
-0.043
-0.134
-0.101
-0.27
-0.307
-0.383
-0.444
-0.569
-0.677
-0.826
-0.797
-0.715
-0.74
-0.909
-0.589
-0.759
-0.66
-0.514
-0.438
-0.335
-0.263
-0.19
-0.241
-0.24
-0.128
-0.104
0.128
0.013
0.109
0.04
0.064
0.143
0.133
0.044
0.065
0.098
-0.076
-0.182
-0.224
-0.304
-0.168
-0.266
-0.146
-0.006
0.039
0.075
0.128
0.125
-0.113
-0.075
-0.259
-0.156
-0.304
-0.546
-0.661
-0.664
-0.611
-0.562
-0.723
-0.738
-0.715
-0.432
-0.547
-0.579
-0.372
-0.63
-0.511
-0.581
-0.574
-0.501
-0.541
-0.461
-0.601
-0.619
-0.564
-0.544
-0.544
-0.62
-0.57
-0.584
-0.56
-0.422
-0.505
-0.441
-0.341
-0.431
-0.348
-0.338
-0.394
-0.393
-0.393
-0.294
-0.438
-0.245
-0.176
-0.092
0.003
0.05
0.284
0.345
0.438
0.404
0.514
0.559
0.562
0.534
0.634
0.615
0.621
0.369
0.311
0.151
0.086
-0.08
0.022
-0.239
-0.18
-0.224
-0.238
-0.286
-0.348
-0.284
-0.274
-0.274
-0.244
-0.145
-0.048
-0.076
0.004
-0.098
0.02
0.045
0.03
0.037
0.014
0.007
-0.21
-0.226
-0.091
-0.181
-0.111
-0.254
-0.135
-0.193
-0.169
-0.174
-0.219
-0.206
-0.246
-0.151
-0.04
0.043
0.046
-0.007
0.075
0.124
0.175
0.174
0.229
0.268
0.185
0.09
0.269
0.188
0.41
0.324
0.588
0.54
0.652
0.569
0.819
0.819
0.935
0.854
0.835
0.81
0.834
0.801
0.729
0.759
0.681
0.551
0.578
0.429
0.399
0.31
0.555
0.532
0.571
0.516
0.436
0.386
0.302
0.367
0.294
0.265
0.205
0.106
0.255
-0.011
0.0
-0.084
-0.111
-0.1
-0.044
-0.04
0.014
0.088
-0.044
-0.072
0.234
0.226
0.046
0.11
0.154
-0.031
-0.141
-0.371
-0.408
-0.537
-0.424
-0.364
-0.531
-0.552
-0.566
-0.682
-0.552
-0.61
-0.63
-0.733
-0.672
-0.743
-0.795
-0.941
-1.086
-0.856
-0.964
-0.815
-0.701
-0.779
-0.58
-0.559
-0.491
-0.385
-0.37
-0.318
-0.066
0.103
0.118
0.147
0.31
0.284
0.234
0.306
0.264
0.152
0.037
0.266
0.121
0.064
0.089
0.144
0.258
0.044
0.164
-0.185
-0.174
-0.231
-0.156
-0.084
-0.074
-0.009
0.088
-0.009
0.14
0.255
0.255
0.285
0.324
0.496
0.485
0.685
0.664
0.591
0.725
0.719
0.835
0.935
0.989
0.881
0.991
0.936
0.642
0.603
0.545
0.642
0.709
0.649
0.623
0.499
0.499
0.446
0.405
0.375
0.4
0.27
0.278
0.26
0.191
0.052
-0.039
-0.04
-0.103
-0.165
-0.233
-0.46
-0.494
-0.479
-0.499
-0.59
-0.537
-0.469
-0.549
-0.408
-0.436
-0.547
-0.399
-0.333
-0.314
-0.379
-0.404
-0.294
-0.233
-0.399
-0.244
-0.275
-0.161
-0.13
-0.173
-0.1
-0.242
-0.159
-0.089
-0.09
-0.034
0.077
0.251
0.149
0.329
0.323
0.301
0.122
0.035
0.006
-0.051
-0.061
0.024
-0.242
-0.025
0.035
0.116
-0.084
-0.016
-0.113
0.074
-0.194
-0.124
-0.08
0.072
0.1
0.283
0.239
0.241
0.25
0.273
0.285
0.225
0.212
0.211
0.141
0.121
0.285
-0.06
0.09
0.186
0.32
0.424
0.307
0.2
0.24
0.482
0.5
0.399
0.461
0.362
0.311
0.28
0.217
0.155
0.214
0.138
0.154
0.06
0.007
-0.066
0.014
-0.08
-0.214
-0.228
-0.323
-0.098
-0.066
-0.214
-0.311
-0.181
-0.386
-0.249
-0.311
-0.285
-0.1
-0.271
-0.226
-0.185
-0.034
-0.084
-0.054
0.09
0.129
0.198
0.107
0.194
0.158
0.175
0.24
0.3
0.311
0.235
0.241
0.326
0.471
0.574
0.482
0.644
0.585
0.615
0.516
0.73
0.724
0.711
0.699
0.736
0.835
0.874
0.835
0.843
0.83
0.834
0.679
0.871
0.98
0.936
0.965
0.894
0.804
1.021
0.766
0.81
0.677
0.699
0.839
0.765
0.694
0.608
0.659
0.836
0.888
0.88
0.691
0.675
0.676
0.741
0.682
0.59
0.809
0.631
0.809
0.786
0.766
0.718
0.738
0.745
0.579
0.531
0.504
0.51
0.47
0.268
0.062
0.138
-0.091
0.013
0.194
0.138
0.028
0.138
0.176
0.185
0.3
0.215
0.089
0.006
0.139
0.211
0.069
0.482
0.285
0.261
0.328
0.434
0.445
0.416
0.431
0.416
0.644
0.598
0.787
0.693
0.84
0.83
1.069
0.991
1.143
1.154
1.06
1.19
1.366
1.501
1.438
1.43
1.521
1.351
1.34
1.139
1.085
1.085
1.185
1.238
1.185
1.26
1.33
1.32
1.13
1.065
0.985
0.932
0.849
0.682
0.659
0.574
0.511
0.584
0.54
0.427
0.173
0.134
-0.329
-0.328
-0.426
-0.39
-0.432
-0.672
-0.749
-0.729
-0.681
-0.478
-0.383
-0.206
-0.131
-0.185
-0.115
-0.101
-0.043
-0.02
-0.125
-0.193
-0.166
-0.291
-0.504
-0.466
-0.44
-0.351
-0.371
-0.3
-0.376
-0.295
-0.161
-0.259
-0.279
-0.169
-0.244
-0.211
-0.233
-0.361
-0.3
-0.276
-0.32
-0.28
-0.459
-0.534
-0.593
-0.536
-0.635
-0.544
-0.588
-0.411
-0.403
-0.521
-0.561
-0.674
-0.646
-0.654
-0.708
-0.845
-0.94
-0.965
-0.902
-0.749
-0.938
-0.927
-0.811
-0.912
-0.934
-0.955
-1.073
-1.094
-1.193
-1.206
-1.22
-1.079
-0.901
-0.944
-0.761
-0.859
-0.724
-0.814
-0.914
-0.856
-1.044
-1.123
-1.049
-1.107
-1.051
-1.03
-1.193
-1.136
-1.13
-1.1
-1.042
-0.949
-0.725
-0.586
-0.338
-0.096
-0.188
-0.25
-0.42
-0.265
-0.443
-0.501
-0.48
-0.434
-0.494
-0.569
-0.521
-0.404
-0.169
-0.27
-0.151
0.066
-0.092
0.247
0.091
0.1
0.21
0.273
0.271
0.122
0.086
0.135
0.206
0.38
0.331
0.36
0.354
0.221
0.086
-0.054
-0.215
-0.297
-0.494
-0.557
-0.729
-0.763
-0.812
-0.818
-0.688
-0.532
-0.465
-0.529
-0.596
-0.439
-0.269
-0.254
-0.362
-0.114
-0.171
-0.185
-0.251
-0.158
-0.046
0.031
0.144
0.109
-0.081
-0.149
-0.361
-0.439
-0.555
-0.589
-0.584
-0.539
-0.315
-0.304
-0.17
-0.265
-0.211
-0.341
-0.431
-0.415
-0.49
-0.549
-0.64
-0.677
-0.804
-0.782
-0.753
-0.81
-0.811
-1.028
-0.996
-0.968
-0.955
-0.953
-0.974
-1.074
-1.094
-1.081
-1.127
-1.119
-0.976
-0.711
-0.441
-0.309
-0.35
-0.177
-0.393
-0.403
-0.413
-0.352
-0.125
-0.099
0.048
0.236
-0.12
-0.011
-0.039
-0.121
-0.13
-0.234
-0.106
-0.226
-0.339
-0.23
-0.083
-0.02
0.05
0.318
0.316
0.27
0.26
0.266
0.413
0.406
0.492
0.474
0.364
0.37
0.384
0.566
0.676
0.639
0.526
0.49
0.497
0.562
0.333
0.371
0.371
0.316
0.372
0.309
0.345
0.128
0.031
0.179
-0.14
-0.128
-0.173
-0.116
-0.2
-0.3
-0.355
-0.395
-0.403
-0.463
-0.546
-0.413
-0.446
-0.388
-0.291
-0.369
-0.404
-0.466
-0.463
-0.32
-0.346
-0.535
-0.535
-0.616
-0.682
-0.616
-0.703
-0.521
-0.469
-0.458
-0.304
-0.299
-0.239
-0.404
-0.26
-0.413
-0.334
-0.254
-0.286
-0.25
-0.071
-0.051
0.056
0.051
-0.056
-0.145
-0.07
-0.169
-0.131
-0.026
-0.105
-0.02
0.029
0.025
-0.04
0.075
0.143
0.311
0.225
0.171
0.273
0.26
0.422
0.379
0.415
0.336
0.335
0.361
0.281
0.312
0.244
0.314
0.14
0.154
0.122
-0.01
0.096
0.014
0.133
0.18
0.211
0.285
0.419
0.431
0.539
0.546
0.517
0.294
0.247
0.156
0.025
-0.099
-0.158
-0.273
-0.39
-0.494
-0.525
-0.562
-0.821
-0.532
-0.594
-0.614
-0.57
-0.489
-0.361
-0.417
-0.325
-0.158
-0.111
0.026
0.109
0.26
0.177
0.335
0.406
0.343
0.455
0.492
0.62
0.537
0.656
0.422
0.365
0.393
0.393
0.521
0.466
0.429
0.239
0.25
0.169
0.161
0.139
0.107
0.166
0.056
0.125
0.105
0.049
-0.116
-0.247
-0.177
-0.256
-0.233
-0.297
-0.263
-0.256
-0.242
-0.315
-0.27
-0.441
-0.401
-0.522
-0.609
-0.719
-0.559
-0.614
-0.631
-0.759
-0.838
-0.765
-0.809
-0.777
-0.815
-0.834
-0.868
-0.948
-0.996
-0.836
-0.659
-0.573
-0.484
-0.484
-0.35
-0.239
-0.149
-0.134
-0.169
-0.11
-0.13
0.074
0.144
0.086
0.111
0.184
0.081
-0.021
-0.005
-0.028
-0.05
-0.075
-0.196
-0.294
-0.431
-0.534
-0.49
-0.456
-0.395
-0.383
-0.149
-0.126
-0.119
-0.224
-0.181
-0.164
-0.109
-0.136
-0.136
-0.321
-0.266
-0.229
-0.214
-0.225
-0.037
-0.212
-0.151
-0.259
-0.146
-0.194
-0.149
-0.077
0.045
0.075
-0.133
-0.02
0.128
0.26
0.415
0.449
0.53
0.564
0.4
0.258
0.352
0.395
0.463
0.43
0.644
0.398
0.235
0.116
0.04
0.025
-0.005
-0.016
-0.085
-0.09
-0.181
-0.301
-0.22
-0.372
-0.343
-0.356
-0.354
-0.359
-0.394
-0.241
-0.291
-0.351
-0.361
-0.269
-0.199
-0.288
-0.185
-0.119
-0.139
-0.113
-0.215
-0.106
-0.055
-0.156
-0.045
0.081
0.223
0.289
0.367
0.434
0.484
0.619
0.526
0.586
0.453
0.485
0.463
0.291
0.139
0.079
0.011
-0.054
-0.126
-0.199
-0.085
-0.275
-0.273
-0.315
-0.279
-0.398
-0.395
-0.485
-0.508
-0.629
-0.639
-0.738
-0.755
-0.787
-0.629
-0.568
-0.534
-0.547
-0.555
-0.596
-0.5
-0.475
-0.441
-0.425
-0.351
-0.375
-0.401
-0.304
-0.186
-0.107
-0.104
0.006
0.176
0.29
0.384
0.366
0.383
0.362
0.388
0.388
0.432
0.544
0.74
0.723
0.8
0.81
0.895
0.932
0.886
0.79
1.001
0.995
1.018
0.924
0.901
0.911
1.026
0.973
0.996
0.838
0.839
0.911
0.84
0.82
0.8
0.77
0.689
0.647
0.54
0.38
0.276
0.091
0.022
-0.101
-0.176
-0.114
-0.283
-0.195
-0.263
-0.285
-0.26
-0.241
-0.165
-0.234
-0.191
-0.408
-0.341
-0.344
-0.251
-0.219
-0.118
-0.06
-0.066
-0.051
0.029
-0.134
-0.083
-0.245
-0.27
-0.306
-0.395
-0.389
-0.504
-0.616
-0.838
-0.924
-0.866
-0.985
-0.86
-0.932
-0.954
-0.865
-0.955
-0.785
-0.77
-0.772
-0.745
-0.584
-0.631
-0.496
-0.641
-0.454
-0.623
-0.601
-0.517
-0.603
-0.501
-0.404
-0.404
-0.554
-0.499
-0.619
-0.375
-0.065
-0.28
-0.194
-0.352
-0.254
-0.11
-0.216
-0.076
-0.06
-0.016
-0.006
-0.071
-0.05
-0.026
0.049
-0.055
0.176
0.195
0.405
0.479
0.509
0.62
0.729
0.661
0.758
0.988
0.921
0.905
0.944
0.936
0.991
0.955
0.899
0.851
0.899
0.679
0.705
0.667
0.542
0.739
0.583
0.701
0.642
0.655
0.699
0.688
0.7
0.654
0.589
0.497
0.601
0.55
0.482
0.463
0.348
0.401
0.209
0.285
0.201
0.052
0.069
0.147
0.18
0.138
-0.091
-0.031
-0.357
-0.341
-0.381
-0.362
-0.481
-0.526
-0.623
-0.746
-0.839
-0.771
-0.866
-0.946
-0.792
-0.593
-0.642
-0.555
-0.693
-0.636
-0.642
-0.508
-0.598
-0.756
-0.49
-0.326
-0.487
-0.35
-0.138
0.054
0.129
0.098
0.054
0.052
-0.059
-0.13
-0.031
-0.126
-0.271
-0.179
-0.094
-0.076
0.182
0.193
0.156
0.147
0.224
0.295
0.279
0.278
0.255
0.369
0.343
0.399
0.479
0.636
0.51
0.5
0.309
0.427
0.343
0.352
0.196
0.19
0.055
-0.06
-0.02
-0.065
-0.077
-0.111
-0.022
0.074
-0.02
0.021
-0.037
-0.048
-0.099
0.011
-0.061
-0.091
-0.13
-0.128
-0.238
-0.124
-0.094
0.033
0.041
-0.001
-0.058
-0.077
-0.161
-0.03
-0.084
-0.177
-0.295
-0.364
-0.329
-0.314
-0.285
-0.38
-0.508
-0.414
-0.273
-0.228
-0.168
-0.13
-0.054
-0.066
-0.079
-0.111
-0.069
-0.26
-0.128
-0.265
-0.288
-0.225
-0.25
-0.321
-0.113
0.037
0.188
0.391
0.372
0.454
0.552
0.439
0.438
0.326
0.292
0.411
0.422
0.44
0.505
0.574
0.403
0.59
0.581
0.71
0.605
0.454
0.446
0.406
0.461
0.443
0.372
0.118
0.188
-0.103
0.059
-0.096
-0.06
-0.135
-0.224
-0.291
-0.371
-0.339
-0.294
-0.271
-0.286
-0.22
-0.125
0.14
0.069
0.048
0.111
0.229
0.281
0.158
0.253
0.2
0.265
0.431
0.609
0.503
0.294
0.579
0.576
0.601
0.657
0.581
0.522
0.47
0.503
0.459
0.575
0.39
0.478
0.324
0.225
0.15
0.158
0.077
0.16
0.211
0.035
0.25
0.091
-0.215
-0.009
0.025
0.0
-0.086
-0.037
0.005
-0.029
0.051
0.021
0.119
0.031
0.115
0.096
0.199
0.246
0.144
0.284
0.314
0.399
0.329
0.39
0.399
0.326
0.278
0.27
0.439
0.413
0.37
0.585
0.63
0.848
0.914
0.97
0.905
0.961
0.998
1.091
1.244
1.121
1.275
1.211
1.294
1.434
1.474
1.598
1.407
1.475
1.389
1.409
1.234
1.281
1.213
1.175
1.011
0.784
0.77
0.77
0.723
0.801
0.677
0.69
0.775
0.703
0.976
0.835
0.776
0.764
0.797
0.647
0.564
0.716
0.644
0.615
0.651
0.677
0.614
0.723
0.66
0.595
0.628
0.626
0.706
0.593
0.651
0.557
0.588
0.486
0.579
0.669
0.954
0.846
0.943
0.848
0.83
0.703
0.75
0.781
0.706
0.82
0.75
0.809
0.666
0.635
0.584
0.474
0.504
0.339
0.509
0.527
0.77
0.593
0.429
0.369
0.245
0.26
0.101
0.039
0.155
0.159
0.041
-0.103
-0.116
-0.185
-0.166
-0.348
-0.138
-0.254
-0.054
0.065
0.01
-0.046
-0.195
-0.131
-0.17
-0.226
-0.383
-0.244
-0.417
-0.398
-0.388
-0.281
-0.253
-0.149
0.099
0.152
0.136
0.163
0.015
0.084
-0.084
-0.23
-0.104
-0.059
-0.163
-0.081
-0.326
-0.141
-0.16
-0.216
-0.583
-0.466
-0.514
-0.424
-0.545
-0.482
-0.614
-0.579
-0.646
-0.49
-0.662
-0.811
-0.924
-0.839
-0.823
-0.765
-0.804
-0.792
-0.894
-0.899
-0.82
-0.714
-0.669
-0.604
-0.389
-0.074
-0.116
-0.065
0.024
0.025
0.216
0.465
0.556
0.761
0.974
0.905
0.905
0.943
0.914
1.073
1.091
1.127
1.195
0.966
1.24
1.357
1.466
1.189
1.214
1.258
1.28
1.141
1.189
1.129
0.871
0.973
0.79
1.032
1.126
1.284
1.37
1.249
1.113
0.983
0.912
0.769
0.414
0.456
0.451
0.636
0.72
0.667
0.703
0.565
0.283
0.184
0.182
0.236
0.211
0.15
-0.065
-0.301
-0.3
-0.338
-0.351
-0.223
-0.258
-0.441
-0.318
-0.383
-0.324
-0.273
-0.291
-0.085
-0.395
-0.421
-0.469
-0.436
-0.406
-0.422
-0.603
-0.666
-0.731
-0.881
-0.679
-0.894
-1.066
-0.901
-0.787
-0.805
-0.761
-0.846
-0.869
-0.966
-0.782
-0.775
-0.68
-0.684
-0.631
-0.49
-0.431
-0.521
-0.545
-0.4
-0.419
-0.311
-0.258
-0.512
-0.333
-0.495
-0.539
-0.552
-0.664
-0.465
-0.446
-0.265
-0.323
-0.35
-0.274
-0.42
-0.526
-0.383
-0.245
-0.318
-0.335
-0.339
-0.341
-0.6
-0.427
-0.524
-0.589
-0.713
-0.784
-1.075
-1.169
-1.254
-1.231
-1.258
-1.245
-1.171
-1.3
-1.155
-1.2
-1.121
-1.239
-0.922
-1.015
-0.893
-0.865
-1.041
-0.651
-0.684
-0.655
-0.542
-0.611
-0.302
-0.066
0.013
0.118
0.145
0.234
0.196
0.18
0.161
0.125
-0.011
0.251
0.205
0.161
0.165
0.171
-0.039
-0.035
-0.004
-0.05
-0.126
-0.089
-0.024
0.144
0.166
0.182
0.122
0.201
0.083
0.331
0.255
0.17
0.215
0.08
0.177
-0.044
0.176
0.235
0.372
0.508
0.429
0.588
0.436
0.547
0.603
0.422
0.56
0.33
0.388
0.487
0.424
0.333
0.338
0.171
0.01
0.135
0.004
0.111
0.084
-0.028
-0.133
-0.383
-0.345
-0.265
-0.305
-0.343
-0.514
-0.509
-0.596
-0.547
-0.759
-0.753
-0.665
-0.665
-0.609
-0.7
-0.703
-0.715
-0.761
-0.758
-0.786
-0.871
-0.966
-0.985
-1.056
-0.943
-0.719
-0.689
-0.555
-0.588
-0.435
-0.415
-0.242
-0.226
-0.256
-0.194
-0.066
-0.014
0.12
0.203
0.066
0.095
0.161
0.156
0.225
0.161
0.261
0.369
0.246
0.286
0.246
0.152
0.083
0.04
-0.044
-0.268
-0.365
-0.365
-0.258
-0.113
-0.029
0.001
0.101
0.211
0.261
0.229
0.21
0.295
0.155
0.256
0.114
0.06
-0.09
-0.049
-0.126
-0.191
0.006
-0.037
0.026
0.12
0.19
0.312
0.374
0.56
0.711
0.758
0.63
0.565
0.629
0.405
0.416
0.367
0.389
0.436
0.449
0.231
0.239
0.395
0.489
0.463
0.481
0.404
0.47
0.329
0.393
0.436
0.389
0.51
0.508
0.44
0.276
0.349
0.446
0.333
0.223
0.091
-0.003
-0.076
-0.241
-0.374
-0.362
-0.82
-0.694
-0.833
-0.784
-0.826
-0.765
-0.596
-0.484
-0.372
-0.144
-0.096
0.094
0.074
0.152
0.315
0.271
0.314
0.261
0.234
0.08
-0.048
0.041
0.046
0.138
-0.058
-0.041
-0.16
-0.031
-0.086
-0.1
-0.134
-0.022
0.121
0.185
0.143
0.206
0.328
0.537
0.515
0.44
0.481
0.403
0.47
0.48
0.299
0.369
0.43
0.504
0.625
0.635
0.521
0.536
0.534
0.416
0.427
0.416
0.486
0.642
0.67
0.522
0.456
0.344
0.236
0.147
0.088
-0.043
-0.075
-0.177
-0.301
-0.357
-0.501
-0.601
-0.719
-0.849
-0.968
-1.204
-1.21
-1.335
-1.294
-1.338
-1.31
-1.232
-1.106
-1.121
-1.078
-1.075
-1.129
-1.054
-1.081
-0.999
-0.926
-0.84
-0.731
-0.665
-0.635
-0.675
-0.454
-0.489
-0.285
-0.066
-0.211
-0.199
-0.129
-0.288
-0.391
-0.328
-0.36
-0.335
-0.325
-0.225
-0.165
0.177
0.294
0.302
0.31
0.427
0.62
0.682
0.818
0.818
0.598
0.541
0.695
0.495
0.3
0.208
0.098
0.074
0.033
0.134
0.133
0.139
0.25
0.129
0.085
0.215
0.189
0.182
0.177
0.024
-0.026
0.013
-0.085
0.039
0.033
0.001
0.071
0.059
0.231
0.085
-0.129
-0.145
-0.158
-0.175
-0.223
-0.292
-0.297
-0.294
-0.321
-0.246
-0.314
-0.299
-0.406
-0.53
-0.545
-0.714
-0.645
-0.596
-0.595
-0.539
-0.591
-0.465
-0.432
-0.454
-0.422
-0.326
-0.331
-0.16
-0.245
-0.236
-0.176
-0.098
-0.2
0.033
-0.149
-0.111
-0.003
0.119
0.253
0.109
0.394
0.3
0.273
0.289
0.079
0.15
0.061
-0.056
0.025
0.043
-0.064
0.01
-0.013
-0.116
-0.096
-0.215
-0.25
-0.23
-0.24
-0.194
-0.079
0.022
0.151
0.131
0.045
0.188
0.189
0.072
0.165
0.171
0.214
0.191
0.141
0.126
0.23
0.273
0.307
0.512
0.487
0.541
0.557
0.427
0.3
0.341
0.305
0.451
0.421
0.396
0.425
0.416
0.451
0.44
0.335
0.434
0.275
0.239
0.129
0.013
0.083
0.101
0.048
-0.039
-0.006
-0.198
-0.174
-0.247
-0.394
-0.21
-0.307
-0.405
-0.482
-0.453
-0.535
-0.636
-0.628
-0.661
-0.883
-0.646
-0.698
-0.708
-0.76
-0.77
-0.693
-0.589
-0.534
-0.434
-0.3
-0.276
-0.325
-0.23
-0.119
0.058
0.101
0.044
0.144
0.417
0.473
0.659
0.388
0.466
0.552
0.564
0.676
0.438
0.438
0.33
0.369
0.339
0.286
0.599
0.369
0.41
0.454
0.516
0.5
0.445
0.264
0.186
0.152
0.094
0.329
0.186
0.254
0.221
0.312
0.246
0.244
0.339
0.399
0.542
0.615
0.734
0.721
0.749
0.766
0.669
0.595
0.593
0.559
0.551
0.333
0.285
0.228
0.066
-0.111
-0.179
-0.224
-0.234
-0.361
-0.372
-0.443
-0.371
-0.503
-0.584
-0.596
-0.487
-0.55
-0.647
-0.556
-0.61
-0.635
-0.677
-0.744
-0.606
-0.539
-0.505
-0.583
-0.5
-0.435
-0.374
-0.399
-0.32
-0.336
-0.268
-0.443
-0.459
-0.561
-0.335
-0.343
-0.328
-0.312
-0.181
-0.114
0.019
-0.134
-0.09
-0.145
0.134
0.194
0.211
0.312
0.446
0.45
0.378
0.524
0.501
0.574
0.631
0.555
0.39
0.306
0.133
0.199
0.11
-0.033
0.085
0.069
-0.028
0.061
0.286
0.095
0.271
0.244
0.474
0.281
0.291
0.216
0.443
0.379
0.4
0.671
0.638
0.68
0.619
0.735
0.815
0.839
0.795
0.675
0.669
0.585
0.466
0.145
0.2
0.32
0.288
0.636
0.544
0.616
0.542
0.784
0.904
0.763
0.77
0.725
0.733
0.841
0.75
0.723
0.705
0.779
0.849
0.891
0.839
0.875
0.812
1.032
1.06
1.326
1.261
1.21
1.248
1.088
1.181
1.228
1.228
1.139
1.026
0.896
1.036
1.083
1.054
1.002
0.782
0.838
0.87
0.899
0.974
0.729
0.689
0.638
0.726
0.734
0.744
0.795
0.58
0.691
0.64
0.641
0.858
0.714
0.772
0.522
0.448
0.007
-0.055
-0.273
-0.314
-0.624
-0.78
-0.906
-0.961
-0.983
-1.109
-1.201
-1.085
-0.968
-1.06
-0.843
-0.734
-0.874
-0.801
-0.705
-0.633
-0.771
-0.776
-0.629
-0.584
-0.338
-0.224
-0.09
0.006
0.195
0.075
0.461
0.552
0.565
0.846
1.05
1.079
1.221
1.213
1.461
1.405
1.665
1.887
2.062
1.804
1.896
1.754
1.666
1.518
1.746
1.885
1.921
1.861
1.802
1.686
1.494
1.429
1.141
1.048
0.897
0.86
0.843
0.825
0.769
0.709
0.486
0.461
-0.025
-0.246
-0.351
-0.328
-0.464
-0.398
-0.51
-0.598
-0.744
-0.854
-0.963
-0.986
-1.039
-1.026
-1.189
-1.296
-1.354
-1.214
-1.107
-0.988
-0.973
-0.864
-0.791
-0.973
-0.922
-0.738
-0.614
-0.775
-0.68
-0.517
-0.636
-0.463
-0.321
-0.254
-0.235
-0.126
0.066
-0.084
-0.04
-0.036
-0.129
-0.089
-0.029
-0.034
0.004
-0.145
0.145
0.074
0.216
0.264
-0.004
-0.029
-0.026
0.059
0.107
0.22
-0.003
0.055
0.234
0.1
-0.251
-0.234
-0.297
-0.306
-0.438
-0.516
-0.405
-0.54
-0.608
-0.714
-0.711
-0.601
-0.511
-0.509
-0.709
-0.624
-0.406
-0.367
-0.345
-0.36
-0.181
0.009
0.158
0.238
0.122
-0.08
0.219
0.273
0.359
0.349
0.286
0.304
0.333
0.326
0.265
0.289
0.424
0.532
0.655
0.726
0.444
0.427
0.404
0.411
0.321
0.362
0.366
0.372
0.427
0.494
0.409
0.385
0.446
0.194
0.401
0.603
0.393
0.458
0.367
0.235
0.334
0.403
0.51
0.33
0.312
0.431
0.44
0.357
0.191
0.203
-0.016
0.076
-0.139
-0.129
-0.474
-0.427
-0.573
-0.465
-0.54
-0.443
-0.443
-0.314
-0.284
-0.32
-0.091
-0.141
0.001
-0.395
-0.176
-0.129
-0.214
-0.318
-0.286
-0.295
-0.138
-0.09
0.052
-0.07
-0.335
-0.295
-0.389
-0.357
-0.286
-0.454
-0.408
-0.335
-0.228
-0.304
-0.238
-0.315
-0.328
-0.371
-0.38
-0.299
-0.345
-0.19
-0.23
-0.136
-0.159
-0.273
-0.182
-0.236
-0.247
-0.326
-0.155
-0.233
-0.147
-0.325
-0.242
-0.28
-0.246
-0.247
-0.226
-0.258
-0.17
-0.283
-0.216
-0.125
-0.122
-0.173
-0.366
-0.163
-0.182
-0.075
-0.035
-0.075
-0.184
-0.155
-0.254
-0.186
-0.234
-0.125
-0.077
-0.164
-0.133
-0.114
-0.115
-0.174
-0.384
-0.444
-0.422
-0.319
-0.319
-0.365
-0.296
-0.285
-0.258
-0.411
-0.242
-0.375
-0.274
-0.076
-0.166
-0.296
-0.385
-0.35
-0.264
-0.274
-0.415
-0.255
-0.245
-0.324
-0.278
-0.311
-0.239
-0.323
-0.399
-0.42
-0.292
-0.201
-0.547
-0.398
-0.44
-0.48
-0.25
-0.304
-0.141
-0.17
-0.274
-0.107
0.052
0.193
0.216
0.31
0.395
0.532
0.551
0.68
0.606
0.68
0.715
0.576
0.585
0.527
0.635
0.5
0.581
0.8
0.809
0.804
0.739
0.644
0.675
0.469
0.466
0.623
0.685
0.786
0.62
0.596
0.671
0.565
0.61
0.516
0.45
0.179
0.074
-0.021
0.175
0.173
0.029
-0.139
-0.059
-0.115
-0.196
-0.141
-0.074
-0.131
-0.12
-0.115
-0.129
-0.101
-0.086
0.014
-0.051
-0.164
-0.055
-0.113
-0.081
-0.016
-0.013
0.07
0.06
0.092
0.005
0.028
0.045
-0.003
-0.147
-0.175
-0.211
-0.367
-0.429
-0.314
-0.378
-0.406
-0.54
-0.656
-0.806
-0.886
-0.836
-0.979
-1.024
-1.059
-1.049
-1.117
-1.052
-1.319
-1.075
-1.049
-1.054
-1.032
-1.029
-0.929
-0.927
-0.888
-0.642
-0.616
-0.6
-0.57
-0.593
-0.304
-0.241
-0.26
-0.284
-0.189
-0.158
-0.16
0.095
-0.095
-0.116
-0.083
-0.043
-0.231
-0.278
-0.378
-0.551
-0.401
-0.508
-0.416
-0.364
-0.31
-0.289
-0.284
-0.569
-0.401
-0.306
-0.352
-0.189
-0.236
-0.258
-0.071
-0.11
0.022
0.049
0.199
0.268
0.245
0.189
0.198
0.115
0.09
0.058
0.044
0.133
0.094
0.085
0.189
0.215
0.199
0.106
0.091
-0.026
0.019
-0.044
-0.044
0.051
0.066
-0.022
-0.033
-0.049
-0.059
-0.054
0.02
-0.217
-0.022
-0.217
-0.159
-0.101
-0.105
0.005
0.048
-0.1
0.056
-0.058
-0.146
-0.184
-0.21
-0.089
-0.021
0.062
0.074
0.05
0.199
0.094
0.07
0.104
0.111
0.114
0.253
0.051
-0.03
-0.104
-0.103
-0.196
-0.292
-0.263
-0.275
-0.331
-0.33
-0.165
-0.05
-0.041
-0.098
-0.099
-0.081
-0.086
-0.026
-0.159
-0.113
-0.084
-0.214
-0.354
-0.305
-0.283
-0.193
-0.246
-0.198
-0.154
-0.156
-0.156
-0.041
0.06
0.035
0.095
0.072
0.281
0.43
0.415
0.474
0.579
0.638
0.679
0.781
0.844
0.816
0.826
0.93
1.125
1.266
1.204
1.155
1.03
0.799
0.839
0.763
0.88
0.753
0.621
0.504
0.565
0.52
0.276
0.249
0.228
0.389
0.236
0.09
0.085
0.03
0.134
0.069
0.035
0.041
0.066
0.029
-0.029
-0.069
-0.16
-0.296
-0.43
-0.489
-0.371
-0.38
-0.485
-0.434
-0.454
-0.453
-0.338
-0.318
-0.295
-0.325
-0.215
-0.217
-0.319
-0.198
-0.179
-0.278
-0.2
-0.003
-0.039
-0.055
-0.035
0.155
0.284
0.435
0.441
0.399
0.345
0.405
0.576
0.471
0.41
0.321
0.264
0.292
0.253
0.254
0.065
0.189
0.285
0.431
0.42
0.468
0.544
0.527
0.403
0.404
0.431
0.422
0.413
0.364
0.4
0.297
0.031
-0.133
-0.141
-0.29
-0.489
-0.688
-0.698
-0.688
-0.708
-0.776
-0.669
-0.626
-0.432
-0.448
-0.319
-0.334
-0.546
-0.429
-0.427
-0.378
-0.314
-0.316
-0.174
-0.156
-0.214
-0.186
0.001
0.098
0.098
0.134
0.259
0.315
0.399
0.294
0.479
0.396
0.62
0.42
0.471
0.393
0.384
0.413
0.421
0.474
0.52
0.394
0.356
0.309
0.334
0.354
0.106
0.113
-0.013
-0.184
-0.23
-0.253
-0.19
-0.219
-0.225
-0.312
-0.325
-0.465
-0.254
-0.362
-0.429
-0.159
-0.2
-0.18
-0.171
-0.046
-0.14
0.006
-0.005
0.129
0.06
0.129
0.233
0.411
0.465
0.343
0.449
0.524
0.626
0.61
0.49
0.55
0.469
0.544
0.438
0.446
0.414
0.364
0.271
0.245
0.14
0.119
0.147
0.019
0.058
-0.121
-0.13
-0.118
-0.284
-0.406
-0.367
-0.408
-0.389
-0.458
-0.348
-0.561
-0.61
-0.443
-0.391
-0.355
-0.188
-0.223
-0.29
-0.233
-0.103
-0.168
-0.203
-0.184
-0.141
-0.07
0.08
0.072
0.344
0.338
0.283
0.542
0.48
0.659
0.784
0.83
0.921
0.944
0.955
0.924
0.868
0.834
0.874
0.801
0.641
0.551
0.487
0.485
0.581
0.659
0.578
0.59
0.566
0.71
0.73
0.576
0.596
0.634
0.579
0.619
0.58
0.441
0.4
0.305
0.339
0.196
0.411
0.484
0.318
0.266
0.324
0.256
0.15
0.169
0.188
0.181
0.146
0.349
0.306
0.305
0.496
0.396
0.38
0.339
0.228
0.159
0.246
0.297
0.475
0.489
0.274
0.334
0.46
0.571
0.603
0.501
0.657
0.505
0.484
0.511
0.454
0.444
0.575
0.61
0.464
0.369
0.676
0.677
0.75
0.728
0.745
0.654
0.706
0.665
0.731
0.725
0.55
0.504
0.378
0.28
0.323
0.401
0.338
0.361
0.259
0.415
0.26
0.175
0.339
0.302
0.36
0.441
0.323
0.406
0.244
0.4
0.311
0.386
0.348
0.393
0.301
0.307
0.405
0.422
0.413
0.436
0.47
0.454
0.212
0.214
0.405
0.389
0.38
0.235
0.302
0.072
0.007
-0.184
-0.173
-0.356
-0.453
-0.459
-0.679
-0.491
-0.604
-0.715
-0.72
-0.574
-0.552
-0.641
-0.68
-0.684
-0.73
-0.55
-0.574
-0.559
-0.555
-0.399
-0.234
-0.2
-0.56
-0.414
-0.547
-0.492
-0.051
-0.44
-0.199
-0.279
-0.216
0.033
0.065
0.415
0.436
0.763
0.751
0.99
1.025
1.002
0.897
0.92
1.145
0.94
1.07
1.318
1.239
1.436
1.549
1.405
1.57
1.451
1.241
1.222
1.241
1.276
1.136
1.012
1.19
1.161
1.106
1.127
1.184
1.244
1.208
1.026
1.018
0.764
0.568
0.474
0.367
0.436
0.425
0.381
0.367
0.292
0.295
0.36
0.351
0.265
0.139
0.061
0.092
0.006
-0.121
-0.059
-0.224
-0.297
-0.362
-0.384
-0.489
-0.455
-0.367
-0.229
-0.21
-0.198
-0.324
-0.409
-0.5
-0.605
-0.734
-0.646
-0.614
-0.599
-0.61
-0.634
-0.686
-0.907
-0.858
-0.585
-0.848
-0.96
-0.951
-0.906
-0.765
-0.782
-0.672
-0.725
-0.609
-0.633
-0.652
-0.349
-0.432
-0.106
-0.149
-0.238
0.005
0.049
-0.035
-0.175
-0.18
-0.274
-0.301
-0.422
-0.424
-0.312
-0.478
-0.524
-0.677
-0.576
-0.383
-0.393
-0.399
-0.575
-0.27
-0.542
-0.626
-0.801
-0.916
-0.979
-0.714
-0.686
-0.555
-0.401
-0.27
-0.274
-0.283
-0.316
-0.362
-0.478
-0.578
-0.945
-0.454
-0.58
-0.443
-0.319
-0.367
-0.371
-0.263
-0.324
-0.214
-0.095
-0.208
-0.268
-0.159
-0.046
-0.046
-0.217
-0.245
-0.491
-0.463
-0.266
-0.362
-0.414
-0.68
-0.7
-0.539
-0.52
-0.504
-0.514
-0.604
-0.589
-0.664
-0.575
-1.502
-0.571
-0.497
-0.881
-0.641
-0.802
-0.843
-0.772
-0.654
-0.698
-0.574
-0.435
-0.444
-0.693
-0.562
-0.537
-0.66
-0.848
-0.805
-0.753
-0.782
-0.746
-0.638
-0.765
-0.792
-1.005
-1.064
-0.953
-0.879
-0.843
-0.917
-0.799
-0.649
-0.661
-0.542
-0.297
-0.316
-0.152
0.05
0.152
0.119
0.144
0.122
0.376
0.419
0.4
0.46
0.487
0.7
0.916
0.94
0.914
0.926
0.84
0.796
0.769
0.568
0.583
0.455
0.542
0.688
0.812
0.955
1.058
1.109
1.252
1.143
1.101
0.993
0.941
0.899
0.761
0.749
0.776
0.704
0.835
0.5
0.415
0.256
0.124
0.036
-0.236
-0.129
-0.211
-0.314
-0.464
-0.329
-0.411
-0.465
-0.439
-0.605
-0.679
-0.897
-0.981
-1.026
-1.097
-1.089
-1.084
-0.975
-1.01
-0.916
-0.841
-0.881
-0.936
-0.865
-0.754
-0.807
-0.765
-0.888
-0.675
-0.691
-0.616
-0.554
-0.598
-0.506
-0.357
-0.333
-0.365
-0.361
-0.286
-0.26
-0.19
-0.035
-0.02
0.182
0.159
0.239
0.535
0.511
0.573
0.52
0.709
0.479
0.489
0.426
0.485
0.505
0.674
0.629
0.635
0.55
0.314
0.364
0.144
0.253
0.425
0.391
0.405
0.372
0.253
0.179
0.025
0.03
0.186
0.294
0.346
0.339
0.156
0.11
-0.007
-0.029
0.004
0.089
0.261
0.33
0.309
0.173
0.217
0.098
0.214
0.144
0.343
0.239
0.107
0.205
0.19
0.083
0.041
-0.071
0.174
0.154
0.182
0.186
0.066
0.138
-0.058
-0.035
-0.072
-0.115
-0.221
-0.22
-0.296
-0.417
-0.479
-0.487
-0.621
-0.706
-0.764
-0.888
-0.981
-1.096
-1.236
-1.256
-1.296
-1.359
-1.489
-1.562
-1.414
-1.485
-1.45
-1.367
-1.363
-1.255
-1.421
-1.328
-1.166
-1.282
-1.097
-1.031
-0.966
-0.873
-0.756
-0.574
-0.568
-0.438
-0.286
-0.223
-0.113
0.131
0.006
0.242
0.299
0.522
0.545
0.676
0.774
0.59
0.649
0.654
0.583
0.721
0.751
0.681
0.646
0.544
0.568
0.491
0.66
0.828
0.824
0.601
0.609
0.512
0.426
0.3
0.299
0.154
0.028
-0.03
-0.119
-0.239
-0.193
-0.238
-0.463
-0.537
-0.386
-0.521
-0.59
-0.791
-0.794
-0.671
-0.57
-0.362
-0.509
-0.346
-0.333
-0.122
0.146
0.14
0.205
0.2
0.215
0.191
0.215
0.273
0.281
0.331
0.57
0.58
0.787
0.901
1.035
1.189
1.173
1.004
1.045
1.109
1.319
1.265
1.221
1.179
1.14
1.1
1.034
1.099
1.036
0.968
0.844
0.86
0.69
0.655
0.6
0.468
0.307
0.201
0.193
0.062
-0.025
-0.045
-0.124
-0.169
-0.152
-0.236
-0.345
-0.288
-0.381
-0.479
-0.515
-0.474
-0.715
-0.724
-0.661
-0.768
-0.6
-0.629
-0.573
-0.446
-0.421
-0.48
-0.39
-0.331
-0.271
-0.306
-0.206
-0.09
-0.219
-0.174
-0.122
-0.185
-0.23
-0.391
-0.302
-0.349
-0.36
-0.393
-0.441
-0.259
-0.364
-0.173
-0.182
-0.141
-0.122
0.118
0.114
0.225
0.495
0.291
0.311
0.316
0.561
0.545
0.496
0.482
0.25
0.15
0.081
0.104
0.091
-0.107
-0.208
-0.456
-0.333
-0.534
-0.273
-0.325
-0.378
-0.427
-0.466
-0.571
-0.873
-0.74
-0.618
-0.756
-1.069
-1.01
-0.826
-0.954
-0.96
-0.927
-1.075
-0.85
-0.861
-0.696
-0.614
-0.611
-0.52
-0.374
-0.398
-0.376
-0.32
-0.334
-0.372
-0.445
-0.584
-0.631
-0.364
-0.586
-0.63
-0.525
-0.554
-0.486
-0.509
-0.414
-0.43
-0.233
-0.171
-0.256
-0.27
-0.244
-0.284
-0.096
-0.072
0.04
0.139
0.131
0.208
0.026
0.144
0.324
0.459
0.453
0.471
0.586
0.539
0.446
0.516
0.719
0.864
0.87
0.904
0.776
0.792
0.864
0.871
0.901
0.904
0.849
0.772
0.77
0.685
0.583
0.561
0.417
0.435
0.319
0.479
0.131
-0.119
-0.055
-0.133
-0.238
-0.333
-0.38
-0.374
-0.371
-0.534
-0.551
-0.62
-0.403
-0.427
-0.505
-0.5
-0.466
-0.356
-0.451
-0.339
-0.372
-0.42
-0.184
-0.203
-0.074
-0.056
0.048
0.149
0.004
0.104
0.015
0.051
0.007
0.015
0.091
0.064
0.049
0.244
0.35
0.495
0.497
0.672
0.719
0.626
0.581
0.556
0.44
0.401
0.393
0.728
0.676
0.645
0.744
0.83
0.926
0.816
0.853
0.943
0.859
0.994
1.105
1.386
1.331
1.346
1.28
1.244
1.2
1.042
0.938
0.766
0.65
0.511
0.391
0.35
0.443
0.448
0.478
0.398
0.394
0.522
0.633
0.526
0.772
0.665
0.578
0.571
0.723
0.758
0.758
0.764
0.819
0.792
0.833
0.944
1.068
1.147
1.186
1.261
1.363
1.364
1.16
1.116
1.125
1.194
1.274
1.336
1.344
1.646
1.624
1.569
1.369
1.506
1.312
1.37
1.434
1.466
1.167
1.195
1.0
1.246
1.189
1.224
0.996
0.864
1.018
1.12
1.179
1.048
1.133
1.022
0.989
0.985
0.823
0.865
0.628
0.636
0.559
0.571
0.463
0.473
0.458
0.245
0.144
-0.25
-0.361
-0.251
-0.221
-0.436
-0.61
-0.415
-0.792
-1.091
-1.105
-1.248
-1.37
-1.484
-1.508
-1.463
-1.518
-1.531
-1.634
-1.521
-1.637
-1.718
-1.706
-1.664
-1.728
-1.69
-1.629
-1.52
-1.455
-1.521
-1.421
-1.31
-1.285
-0.836
-0.499
-0.3
-0.146
-0.01
0.429
0.475
0.804
0.791
0.919
1.015
1.031
0.995
0.856
0.916
0.763
0.475
0.6
0.639
0.556
0.63
0.583
0.642
0.463
0.614
0.464
0.401
0.53
0.647
0.453
0.581
0.618
0.65
0.731
0.893
1.019
0.931
0.938
0.765
0.703
0.749
0.591
0.129
0.113
0.052
0.196
0.131
0.268
0.36
0.364
0.426
0.414
0.37
0.314
0.061
-0.031
-0.05
0.028
-0.058
-0.099
-0.129
-0.156
-0.14
-0.158
-0.152
-0.099
-0.169
-0.134
-0.234
-0.23
-0.325
-0.221
-0.304
-0.372
-0.301
-0.451
-0.526
-0.736
-0.904
-0.949
-0.993
-1.0
-1.048
-1.249
-1.288
-1.323
-1.32
-1.255
-1.137
-1.059
-1.031
-1.11
-1.071
-1.07
-0.938
-0.943
-0.853
-0.656
-0.64
-0.6
-0.552
-0.586
-0.522
-0.56
-0.434
-0.39
-0.453
-0.386
-0.391
-0.259
-0.235
-0.195
-0.113
-0.077
-0.234
-0.179
-0.086
0.04
0.136
0.268
0.393
0.417
0.557
0.575
0.598
0.489
0.484
0.535
0.603
0.549
0.68
0.561
0.361
0.228
0.209
0.045
0.034
-0.01
-0.099
-0.077
-0.045
0.001
-0.228
-0.128
-0.229
-0.016
-0.138
-0.294
-0.234
-0.258
-0.101
-0.209
-0.312
-0.265
-0.43
-0.318
-0.357
-0.231
-0.143
-0.103
-0.189
-0.246
-0.274
-0.318
-0.315
-0.341
-0.19
-0.198
-0.089
-0.12
0.028
-0.065
-0.205
-0.346
-0.236
-0.367
-0.283
-0.121
-0.074
-0.278
-0.424
-0.263
-0.28
-0.206
-0.164
-0.27
-0.109
-0.09
0.11
-0.106
-0.022
-0.08
-0.034
-0.041
-0.33
-0.405
-0.463
-0.355
-0.53
-0.509
0.0
-0.077
0.003
0.001
0.176
0.074
0.114
0.307
0.191
0.41
0.421
0.379
0.593
0.504
0.381
0.684
0.542
0.514
0.557
0.403
0.519
0.426
0.289
0.314
0.341
0.11
0.034
-0.115
-0.006
0.011
0.007
-0.015
-0.085
-0.152
-0.158
-0.215
-0.336
-0.443
-0.249
-0.208
-0.14
0.043
-0.138
-0.086
-0.131
-0.231
-0.42
-0.361
-0.311
-0.219
-0.224
-0.292
-0.014
-0.005
-0.096
-0.022
0.11
0.043
-0.169
-0.231
-0.335
-0.309
-0.273
-0.281
-0.501
-0.514
-0.352
-0.289
-0.244
-0.195
-0.275
-0.278
-0.109
-0.19
-0.043
-0.233
-0.226
-0.279
-0.292
-0.355
-0.089
0.044
0.056
0.164
0.103
0.224
0.06
0.165
0.264
0.236
0.52
0.421
0.49
0.461
0.51
0.235
0.185
0.174
0.215
0.118
0.058
0.022
0.01
0.158
0.195
0.092
-0.014
-0.096
-0.103
-0.168
-0.104
-0.09
-0.265
-0.245
-0.357
-0.547
-0.574
-0.554
-0.591
-0.661
-0.619
-0.451
-0.454
-0.455
-0.399
-0.542
-0.346
-0.26
-0.111
0.114
-0.021
0.195
0.251
0.375
0.37
0.361
0.299
0.361
0.51
0.575
0.561
0.64
0.661
0.714
0.696
0.809
0.679
0.735
0.685
0.669
0.576
0.646
0.654
0.487
0.396
0.305
0.339
0.216
0.166
0.299
0.214
0.199
0.125
0.283
0.118
0.071
0.005
-0.116
-0.149
-0.214
-0.245
-0.32
-0.284
-0.435
-0.417
-0.601
-0.618
-0.591
-0.522
-0.369
-0.479
-0.42
-0.223
-0.291
-0.384
-0.169
-0.118
-0.253
-0.184
-0.106
-0.048
-0.182
-0.12
-0.261
-0.274
-0.351
-0.221
-0.32
-0.206
-0.106
-0.206
-0.156
-0.28
-0.166
-0.168
-0.185
-0.147
0.035
-0.029
-0.075
-0.113
-0.089
-0.046
0.075
0.079
0.134
0.11
0.096
0.128
0.118
0.149
0.209
0.129
0.191
0.356
0.139
0.209
0.215
0.241
0.225
0.398
0.385
0.369
0.371
0.425
0.398
0.547
0.509
0.591
0.624
0.421
0.432
0.503
0.401
0.268
0.372
0.36
0.326
0.25
0.17
0.29
0.376
0.304
0.23
0.285
0.13
0.189
0.1
0.133
-0.08
-0.09
-0.107
-0.072
-0.228
-0.36
-0.489
-0.534
-0.758
-0.834
-0.88
-1.201
-1.312
-1.216
-1.295
-1.1
-1.413
-1.481
-1.361
-1.306
-1.249
-1.17
-1.271
-1.204
-1.26
-1.29
-1.318
-1.265
-1.311
-1.341
-1.308
-1.461
-1.361
-1.444
-1.254
-1.215
-1.137
-1.04
-0.851
-0.581
-0.326
-0.184
-0.096
0.039
0.091
0.17
0.367
0.432
0.556
0.515
0.51
0.505
0.5
0.362
0.43
0.362
0.404
0.419
0.422
0.367
0.284
0.22
0.196
0.25
0.156
0.253
-0.113
-0.069
0.016
0.139
0.145
0.143
0.165
0.259
0.23
0.281
0.37
0.381
0.41
0.482
0.391
0.307
0.026
0.12
0.01
-0.046
-0.072
-0.189
-0.214
-0.239
-0.129
-0.215
-0.226
-0.333
-0.336
-0.216
-0.411
-0.449
-0.468
-0.383
-0.465
-0.324
-0.214
-0.305
-0.31
-0.134
-0.265
-0.149
-0.233
-0.247
-0.265
-0.302
-0.52
-0.494
-0.51
-0.175
-0.11
0.049
-0.006
0.221
0.216
0.084
0.11
0.029
0.029
0.11
0.319
0.315
0.286
0.323
0.155
0.101
0.145
0.099
0.231
0.276
0.422
0.388
0.525
0.357
0.346
0.297
0.369
0.429
0.561
0.509
0.596
0.556
0.698
0.844
0.834
0.751
0.819
0.725
0.786
0.995
0.741
0.98
0.874
0.834
0.708
0.734
0.576
0.413
0.274
0.432
0.246
0.025
-0.052
0.009
-0.08
-0.138
-0.15
-0.135
-0.052
-0.18
-0.357
-0.51
-0.326
-0.247
-0.292
-0.386
-0.406
-0.229
-0.453
-0.48
-0.479
-0.294
-0.379
-0.349
