-0.24
-0.364
-0.294
-0.512
-0.566
-0.695
-0.756
-0.871
-0.775
-0.724
-0.598
-0.652
-0.681
-0.715
-0.665
-0.591
-0.596
-0.562
-0.376
-0.289
-0.141
-0.329
-0.14
-0.035
0.062
0.27
0.119
0.026
0.268
0.335
0.473
0.443
0.583
0.741
0.655
0.979
0.934
0.932
0.932
0.855
0.812
0.759
0.544
0.247
0.253
0.175
0.083
0.065
0.031
-0.043
-0.033
-0.138
-0.04
0.171
0.116
0.025
-0.266
-0.331
-0.37
-0.705
-0.806
-0.736
-0.514
-0.736
-0.701
-0.575
-0.644
-0.68
-0.724
-0.534
-0.439
-0.539
-0.508
-0.455
-0.393
-0.496
-0.739
-0.843
-0.761
-0.639
-0.774
-0.738
-0.654
-0.589
-0.309
-0.124
-0.01
0.118
-0.111
0.305
0.416
0.684
0.719
0.854
0.868
0.934
0.879
1.002
0.849
0.9
0.973
0.858
0.554
0.45
0.574
0.441
0.531
0.703
0.816
0.927
1.166
1.136
1.174
1.285
1.47
1.399
1.449
1.266
1.594
1.528
1.66
1.667
1.651
1.558
1.486
1.461
1.311
1.279
0.915
0.9
0.524
0.665
0.775
0.265
0.149
-0.096
-0.05
-0.033
-0.033
-0.2
-0.005
-0.043
-0.136
-0.275
-0.361
-0.594
-0.746
-0.475
-0.489
-0.33
-0.381
-0.561
-0.536
-0.61
-0.74
-0.526
-0.74
-0.749
-0.999
-1.065
-1.155
-0.931
-0.839
-0.938
-1.036
-1.205
-1.198
-1.124
-1.124
-1.079
-1.076
-0.845
-0.886
-1.051
-0.981
-1.173
-1.314
-1.509
-1.598
-1.445
-1.302
-1.319
-1.311
-1.096
-1.255
-1.005
-0.865
-0.713
-0.615
-0.646
-0.789
-0.672
-0.725
-0.503
-0.42
-0.394
-0.199
-0.121
-0.074
0.03
0.091
0.015
0.161
0.29
0.276
0.203
0.32
0.359
0.441
0.4
0.39
0.474
0.679
0.659
0.388
0.328
0.316
0.315
0.164
0.345
0.318
0.174
0.362
0.364
0.45
0.559
0.37
0.394
0.55
0.714
0.811
0.594
0.491
0.635
0.608
0.579
0.509
0.44
0.515
0.396
0.431
0.39
0.411
0.291
0.619
0.539
0.448
0.26
0.151
-0.155
-0.156
-0.389
-0.354
-0.489
-0.441
-0.411
-0.465
-0.283
-0.176
-0.111
0.125
-0.016
-0.114
-0.163
-0.013
-0.158
-0.169
-0.199
-0.046
0.231
0.14
0.09
0.292
0.348
0.48
0.565
0.646
0.725
0.685
0.647
0.556
0.682
0.549
0.263
0.321
0.085
0.058
-0.098
-0.275
-0.191
-0.143
-0.189
-0.43
-0.46
-0.221
-0.224
-0.318
-0.309
-0.289
-0.228
0.034
0.24
0.3
0.415
0.409
0.492
0.624
0.575
0.806
0.664
0.474
0.299
0.362
0.333
0.391
0.214
0.241
0.091
0.031
0.045
-0.177
-0.251
-0.121
-0.154
-0.05
-0.031
0.007
-0.081
0.064
0.145
0.226
0.191
0.186
0.169
-0.079
-0.2
-0.115
-0.083
-0.26
-0.453
-0.475
-0.489
-0.487
-0.764
-1.016
-0.801
-0.719
-0.711
-0.895
-0.973
-0.753
-0.662
-0.503
-0.451
-0.398
-0.24
-0.41
-0.388
-0.383
-0.453
-0.408
-0.2
0.0
-0.215
0.211
0.324
0.415
0.406
0.608
0.474
0.618
0.388
0.356
0.559
0.654
0.999
0.866
0.876
0.745
0.684
0.56
0.444
0.331
0.511
0.562
0.736
0.667
0.646
0.579
0.569
0.659
0.226
0.171
0.389
0.499
0.633
0.811
0.863
0.934
1.107
0.999
0.716
0.841
0.839
0.749
0.995
0.964
1.08
0.965
0.966
0.991
0.886
0.647
0.756
0.818
0.843
0.378
0.224
0.224
0.152
-0.045
-0.121
-0.135
-0.058
-0.263
-0.254
-0.359
-0.344
-0.536
-0.724
-0.731
-0.911
-1.008
-1.269
-1.298
-1.47
-1.446
-1.433
-1.414
-1.762
-1.657
-1.409
-1.689
-1.585
-1.502
-1.311
-1.376
-1.215
-0.874
-0.934
-0.78
-0.833
-0.655
-0.751
-0.816
-0.917
-1.164
-1.136
-1.012
-0.983
-0.875
-0.809
-0.739
-0.459
-0.463
-0.329
-0.362
-0.251
-0.016
0.166
0.366
0.497
0.631
0.62
0.973
0.949
0.943
1.139
1.002
1.031
1.133
0.979
1.061
1.061
0.906
0.865
1.097
1.127
1.284
1.005
0.979
0.911
0.835
0.929
0.738
0.675
0.604
0.616
0.42
0.286
0.214
0.186
-0.223
-0.111
-0.378
-0.474
-0.417
-0.546
-0.545
-0.595
-0.745
-1.051
-0.949
-0.954
-1.066
-0.981
-1.048
-0.82
-0.969
-0.855
-0.777
-0.626
-0.635
-0.812
-0.916
-0.866
-1.094
-1.183
-0.691
-0.797
-0.67
-0.605
-0.376
-0.526
-0.561
-0.761
-0.66
-0.5
-0.24
-0.314
-0.124
-0.09
-0.369
-0.439
-0.404
0.024
0.024
0.011
0.206
0.297
0.443
0.409
0.474
0.706
0.667
0.388
0.524
0.56
0.492
0.591
0.711
0.819
0.728
1.061
0.973
1.059
1.143
1.221
1.365
1.214
1.242
1.336
1.671
1.541
1.677
1.449
1.542
1.305
1.544
1.571
1.482
1.573
1.653
1.784
1.779
1.788
1.691
1.43
1.373
1.249
1.186
1.295
1.028
1.005
0.973
0.996
0.902
0.901
1.09
0.694
0.868
0.66
0.455
0.113
0.158
-0.128
-0.062
-0.043
0.004
0.121
0.052
-0.007
-0.245
-0.221
-0.429
-0.611
-0.524
-0.471
-0.376
-0.39
-0.574
-0.794
-1.015
-0.894
-0.925
-0.776
-0.735
-0.681
-0.654
-0.524
-0.45
-0.35
-0.171
-0.246
-0.133
-0.384
-0.449
-0.682
-0.749
-0.981
-0.973
-0.693
-0.84
-0.694
-0.713
-0.799
-0.868
-0.904
-0.584
-0.561
-0.415
-0.611
-0.921
-0.765
-0.794
-0.61
-0.438
-0.244
-0.007
0.328
0.4
0.506
0.644
0.608
0.561
0.66
0.586
0.723
0.656
0.621
0.642
0.62
0.681
0.691
0.835
0.569
0.595
0.584
0.378
0.3
0.37
0.276
-0.021
-0.156
-0.278
-0.517
-0.745
-0.605
-0.581
-0.302
-0.41
-0.16
-0.443
-0.484
-0.396
-0.403
-0.431
-0.4
-0.419
-0.659
-0.499
-0.394
-0.351
-0.184
-0.273
-0.239
-0.045
-0.106
-0.094
0.114
-0.019
0.104
0.054
0.239
0.24
0.316
0.376
0.289
0.376
0.22
0.291
0.253
0.215
0.345
0.451
0.53
0.367
0.286
0.259
0.236
0.212
0.061
0.264
0.35
0.449
0.404
0.536
0.666
0.48
0.259
0.166
0.299
0.035
-0.113
-0.126
-0.304
-0.26
-0.378
-0.297
-0.39
-0.391
-0.175
-0.335
-0.138
-0.234
-0.169
-0.018
0.066
0.143
0.072
0.092
-0.121
-0.019
-0.062
0.022
-0.098
-0.111
-0.214
-0.133
0.118
0.071
0.302
0.408
0.41
0.57
0.425
0.536
0.497
0.426
0.38
0.341
0.305
0.1
0.226
0.246
0.258
0.414
0.484
0.491
0.229
0.198
0.388
0.075
0.312
0.52
0.644
0.581
0.388
0.529
0.667
0.89
0.833
0.784
0.914
0.715
0.706
0.527
0.198
0.13
-0.159
-0.284
-0.35
-0.406
-0.446
-0.517
-0.56
-0.569
-0.765
-0.76
-0.555
-0.686
-0.573
-0.598
-0.731
-0.726
-0.88
-0.897
-0.774
-0.963
-0.846
-0.888
-0.489
-0.338
-0.235
-0.04
-0.155
-0.062
-0.085
0.116
0.043
0.035
0.324
0.17
0.046
0.294
0.311
0.302
0.206
0.261
0.21
0.217
0.154
0.188
0.269
0.175
0.081
0.019
0.147
0.13
0.119
-0.088
-0.196
-0.208
-0.216
-0.404
-0.478
-0.345
-0.289
-0.301
-0.311
-0.357
-0.144
-0.212
0.103
0.18
0.022
0.348
0.264
0.236
0.219
0.326
0.344
0.552
0.143
0.521
0.58
0.537
0.339
0.516
0.446
0.584
0.756
0.591
0.44
0.419
0.435
0.388
0.506
0.367
0.445
0.292
0.075
-0.131
-0.149
-0.364
-0.289
-0.203
-0.084
-0.021
-0.079
-0.104
-0.124
-0.107
-0.056
-0.055
-0.075
-0.151
-0.133
-0.12
-0.26
-0.359
-0.521
-0.359
-0.361
-0.388
-0.43
-0.601
-0.599
-0.649
-0.581
-0.441
-0.297
-0.316
-0.14
-0.273
-0.315
-0.435
-0.335
-0.38
-0.125
-0.2
0.077
-0.015
-0.021
0.086
-0.054
-0.01
0.056
0.043
-0.209
-0.036
0.036
0.356
0.611
0.481
0.414
0.419
0.393
0.191
0.152
-0.018
0.06
0.328
0.576
0.662
0.659
0.721
0.62
0.372
0.326
0.124
0.264
0.321
0.328
0.575
0.17
0.231
0.105
0.088
-0.29
-0.261
-0.104
-0.217
0.011
-0.05
-0.283
-0.201
-0.13
-0.196
-0.149
-0.275
-0.318
-0.471
-0.436
-0.405
-0.366
-0.249
-0.103
0.089
0.071
0.007
-0.135
-0.235
0.121
0.36
0.463
0.691
0.781
0.861
0.951
0.797
0.679
0.497
0.556
0.469
0.487
0.631
0.83
0.805
0.82
0.819
0.843
1.165
1.211
1.071
0.909
0.751
0.615
0.705
0.766
0.624
0.357
0.41
0.463
0.212
0.107
-0.15
-0.212
-0.21
-0.379
-0.441
-0.242
-0.555
-0.635
-0.58
-0.631
-0.781
-0.731
-0.97
-1.089
-1.137
-1.175
-1.036
-0.88
-0.641
-0.579
-0.677
-0.878
-0.971
-1.026
-1.105
-1.058
-0.985
-0.866
-0.744
-0.76
-0.654
-0.331
-0.3
-0.031
-0.006
-0.224
-0.164
-0.101
0.107
0.296
0.348
0.497
0.76
0.633
0.584
0.631
0.674
0.667
0.58
0.464
0.432
0.276
0.256
0.041
-0.2
-0.14
-0.355
-0.403
-0.415
-0.676
-0.579
-0.289
-0.302
-0.384
-0.514
-0.652
-0.766
-0.934
-1.018
-1.052
-1.042
-0.896
-0.841
-0.583
-0.576
-0.424
-0.174
0.119
0.121
0.326
0.219
0.275
0.329
0.25
0.165
0.365
0.471
0.583
0.6
0.49
0.506
0.532
0.605
0.626
0.585
0.409
0.225
0.336
0.378
0.284
0.274
0.129
0.12
0.007
0.095
0.37
0.301
0.469
0.779
0.818
0.662
0.638
0.62
0.694
0.769
0.59
0.618
0.751
0.695
0.616
0.432
0.536
0.62
0.691
0.606
0.594
0.595
0.749
0.883
0.961
0.802
0.753
0.69
0.66
0.624
0.468
0.594
0.604
0.694
0.584
0.529
0.605
0.66
0.586
0.534
0.601
0.574
0.486
0.299
0.205
-0.031
-0.034
-0.106
-0.009
0.083
0.071
-0.052
-0.224
-0.511
-0.647
-0.501
-0.509
-0.536
-0.735
-0.844
-1.004
-1.147
-1.107
-0.774
-0.649
-0.695
-0.634
-0.508
-0.526
-0.723
-0.888
-1.028
-1.019
-1.038
-1.163
-1.269
-1.191
-0.846
-0.625
-0.256
-0.06
0.136
0.473
0.7
0.851
0.81
0.888
1.024
1.209
1.111
0.969
1.089
1.151
1.357
1.528
1.349
1.48
1.365
1.315
1.245
1.286
0.998
0.791
0.616
0.224
-0.037
-0.249
-0.346
-0.484
-0.416
-0.253
-0.048
-0.016
-0.125
-0.312
-0.375
-0.445
-0.383
-0.565
-0.608
-0.881
-0.958
-0.902
-0.647
-0.535
-0.72
-0.446
-0.608
-0.665
-0.384
-0.404
-0.421
-0.438
-0.099
-0.079
0.071
0.24
0.239
0.156
0.004
-0.062
-0.014
0.104
0.29
0.345
0.349
0.356
0.508
0.605
0.628
0.461
0.321
0.176
0.121
0.314
0.223
0.258
0.164
0.009
0.041
-0.125
-0.041
-0.196
-0.085
0.065
0.106
0.079
0.044
0.169
0.318
0.62
0.66
0.706
0.557
0.446
0.35
0.2
0.189
0.091
-0.022
-0.028
-0.103
-0.045
-0.226
-0.146
-0.101
-0.04
-0.104
-0.271
-0.131
-0.294
-0.212
-0.165
-0.296
-0.432
-0.479
-0.413
-0.427
-0.63
-0.656
-0.547
-0.956
-0.995
-1.026
-1.093
-1.126
-1.248
-1.075
-1.179
-1.423
-1.286
-1.499
-1.568
-1.734
-1.673
-1.681
-1.508
-1.394
-1.394
-1.373
-1.576
-1.515
-1.67
-1.57
-1.206
-1.139
-0.991
-0.824
-0.821
-0.59
-0.508
-0.338
-0.453
-0.35
-0.532
0.052
0.022
0.005
-0.051
-0.021
-0.04
-0.013
-0.077
0.133
0.198
0.35
0.307
0.432
0.429
0.504
0.529
0.364
0.414
0.501
0.422
0.468
0.551
0.879
0.94
0.944
1.019
1.059
0.969
0.998
0.828
0.768
0.454
0.604
0.843
0.609
0.661
0.865
1.049
1.062
0.949
0.814
0.751
0.43
0.438
0.35
0.138
0.271
0.11
0.083
0.128
0.045
-0.086
-0.235
-0.356
-0.359
-0.515
-0.624
-0.552
-0.466
-0.714
-0.675
-0.573
-0.701
-0.715
-0.641
-0.6
-0.805
-0.652
-0.7
-0.646
-0.434
-0.445
-0.394
-0.264
-0.208
-0.464
-0.258
-0.055
0.124
0.199
-0.095
0.386
0.461
0.469
0.524
0.264
0.339
0.4
0.334
0.247
0.345
0.369
0.345
0.32
0.064
0.099
0.086
-0.024
-0.22
-0.254
-0.092
0.22
0.07
-0.101
-0.42
-0.623
-0.354
-0.573
-0.531
-0.251
-0.326
-0.184
-0.356
-0.374
-0.228
-0.175
-0.151
0.055
0.15
0.235
0.12
-0.184
-0.141
-0.145
0.0
0.126
0.531
0.019
0.271
0.434
0.359
0.654
0.728
0.67
0.714
0.701
0.885
1.012
1.011
0.761
0.536
0.468
0.331
0.4
0.596
0.718
0.779
0.761
0.685
0.706
0.539
0.686
0.481
0.434
0.376
0.214
0.071
-0.482
-0.545
-0.42
-0.53
-0.334
-0.294
-0.422
-0.391
-0.083
-0.152
-0.261
-0.081
-0.024
-0.247
-0.15
-0.195
-0.381
-0.28
-0.236
0.14
0.004
0.164
0.33
0.301
0.354
0.489
0.626
0.594
0.514
0.594
0.79
0.785
0.67
1.019
1.124
1.171
1.272
1.296
1.314
1.265
1.32
1.302
1.308
1.282
1.431
1.25
1.254
1.299
1.316
1.346
1.281
1.16
1.04
0.979
0.689
0.706
0.599
0.579
0.546
0.424
0.306
0.206
0.438
0.365
0.256
0.175
-0.069
-0.145
-0.268
-0.326
-0.15
-0.264
-0.084
-0.124
-0.284
-0.268
-0.536
-0.733
-0.811
-0.615
-0.711
-0.566
-0.69
-0.636
-0.821
-1.117
-0.873
-0.894
-0.731
-0.914
-0.745
-0.785
-0.824
-1.002
-0.98
-0.91
-0.969
-0.769
-0.774
-0.8
-0.731
-0.89
-0.618
-0.561
-0.542
-0.546
-0.71
-0.525
-0.46
-0.948
-0.763
-0.779
-0.645
-0.446
-0.531
-0.686
-0.787
-0.745
-1.059
-0.904
-1.006
-0.959
-0.97
-1.15
-0.848
-0.863
-0.603
-0.465
-0.436
-0.531
-0.487
-0.439
-0.289
-0.329
-0.121
0.21
0.233
0.289
0.286
0.245
0.334
0.568
0.864
0.91
1.183
1.1
0.98
1.015
1.117
1.312
1.157
1.113
1.076
0.876
0.839
0.964
0.791
0.964
0.805
0.854
0.833
0.591
0.47
0.386
0.315
0.403
0.43
0.44
0.379
0.378
0.214
0.238
0.242
0.398
0.357
0.395
0.333
0.475
0.365
0.464
0.468
0.569
0.519
0.439
0.443
0.307
0.209
0.321
0.309
0.343
0.236
0.195
0.138
-0.051
-0.307
-0.169
-0.374
-0.247
-0.258
-0.324
-0.259
-0.206
-0.33
-0.27
-0.241
-0.369
-0.441
-0.208
-0.173
-0.385
-0.394
-0.396
-0.288
-0.188
-0.12
-0.111
-0.125
-0.283
-0.253
-0.323
-0.264
-0.151
-0.13
-0.138
-0.209
-0.386
-0.585
-0.799
-0.883
-0.87
-0.501
-0.691
-0.421
-0.438
-0.537
-0.409
-0.391
-0.379
-0.161
0.022
0.091
0.06
-0.083
-0.235
-0.191
0.147
0.214
0.19
0.323
0.007
0.022
-0.054
0.133
0.201
0.3
0.301
0.339
0.336
0.464
0.12
0.219
0.003
0.17
0.146
0.295
0.505
0.374
0.385
0.509
0.38
0.621
0.366
0.416
0.449
0.388
0.396
0.339
0.169
0.354
0.286
0.081
-0.14
0.064
0.022
-0.08
0.033
0.11
0.221
0.217
0.205
0.384
0.316
0.171
0.12
0.07
0.092
-0.036
-0.135
-0.122
-0.028
0.031
0.077
-0.024
-0.05
0.144
0.036
-0.136
0.191
0.386
0.286
0.152
0.036
-0.022
0.011
0.158
0.158
0.219
0.154
0.241
0.19
0.289
0.156
0.111
0.283
0.048
0.271
0.339
0.301
0.369
0.179
0.08
-0.071
0.113
0.089
0.06
-0.007
-0.059
-0.044
0.115
0.198
0.18
0.182
-0.02
-0.036
-0.166
-0.234
-0.186
0.058
0.125
0.501
0.566
0.546
0.635
0.415
0.269
0.229
0.201
0.374
0.591
0.473
0.557
0.623
0.191
0.098
0.104
-0.007
-0.268
-0.411
-0.463
-0.458
-0.639
-0.494
-0.599
-0.44
-0.345
-0.325
-0.268
-0.441
-0.404
-0.475
-0.4
-0.366
-0.119
0.021
-0.185
-0.209
-0.366
-0.441
-0.496
-0.521
-0.608
-0.524
-0.645
-0.568
-0.281
-0.23
-0.454
-0.566
-0.774
-0.888
-1.071
-1.089
-1.074
-1.222
-1.271
-0.963
-1.028
-1.064
-0.988
-1.154
-1.008
-1.104
-0.97
-0.789
-0.662
-0.656
-0.667
-0.672
-0.583
-0.58
-0.247
-0.126
-0.436
0.393
0.482
0.809
0.938
1.099
0.922
0.776
0.753
0.682
0.729
0.866
1.15
1.177
1.174
1.254
1.24
1.173
1.215
1.426
1.468
1.365
1.345
1.405
1.518
1.505
1.521
1.554
1.568
1.423
1.475
1.501
1.336
1.281
1.546
1.59
1.466
1.174
0.998
0.779
0.655
0.694
0.915
0.863
1.041
0.941
0.981
0.812
0.921
1.114
1.081
1.096
0.965
1.018
0.797
0.696
0.682
0.669
0.641
0.555
0.44
0.228
0.147
0.144
-0.083
-0.028
0.021
-0.113
-0.158
-0.193
-0.361
-0.335
-0.503
-0.525
-0.795
-0.989
-1.001
-1.06
-1.016
-0.897
-1.105
-1.151
-1.191
-1.361
-1.571
-1.734
-1.324
-1.509
-1.696
-1.581
-1.51
-1.33
-1.31
-1.224
-1.139
-1.252
-1.367
-1.239
-0.951
-1.141
-0.915
-0.879
-0.721
-0.725
-0.708
-0.812
-0.751
-0.644
-0.728
-0.696
-0.593
-0.44
-0.198
-0.143
-0.075
-0.021
0.15
0.261
0.359
0.478
0.336
0.309
0.346
0.484
0.394
0.316
0.359
0.305
0.223
0.497
0.37
0.408
0.441
0.328
0.326
0.246
0.304
0.111
0.138
0.31
0.475
0.724
0.749
0.879
1.151
1.21
1.262
1.175
1.055
1.029
1.119
1.278
1.357
1.502
1.394
1.542
1.423
1.058
0.92
1.008
0.971
0.619
0.584
0.67
0.604
0.509
0.478
0.463
0.236
0.376
0.253
0.21
0.098
-0.014
-0.028
-0.217
-0.044
0.059
0.059
-0.036
-0.259
-0.27
-0.329
-0.393
-0.679
-0.366
-0.179
-0.064
-0.346
-0.312
-0.492
-0.549
-0.57
-0.546
-0.599
-0.568
-0.556
-0.556
-0.74
-0.784
-0.824
-1.015
-1.131
-1.198
-1.08
-1.159
-1.157
-1.304
-1.21
-1.054
-1.042
-1.03
-0.973
-0.97
-0.738
-1.146
-1.025
-1.044
-1.028
-1.109
-1.046
-1.166
-1.101
-1.052
-0.909
-0.695
-0.526
-0.461
-0.526
-0.354
-0.225
0.005
-0.029
-0.02
-0.007
-0.01
-0.045
-0.11
-0.305
-0.083
-0.005
0.32
0.35
0.578
0.45
0.381
0.674
0.512
0.326
0.331
0.45
0.168
0.235
0.176
0.312
0.409
0.205
0.27
0.182
0.15
0.08
-0.043
-0.004
0.077
0.228
0.124
-0.056
-0.193
-0.53
-0.54
-0.351
-0.19
-0.085
-0.089
-0.098
-0.001
-0.161
0.051
0.258
0.165
0.036
-0.116
-0.12
-0.144
-0.155
-0.138
0.022
-0.095
-0.134
-0.208
-0.174
-0.247
-0.219
10.332
10.332
-0.604
-0.42
-0.36
-0.374
-0.304
-0.343
-0.246
-0.116
0.001
0.048
-0.022
0.109
-0.152
-0.052
0.003
-0.11
0.02
0.039
0.165
0.235
0.271
0.1
0.166
0.004
-0.005
-0.182
-0.169
-0.05
-0.14
-0.215
-0.221
-0.195
-0.226
-0.199
-0.182
-0.348
-0.453
-0.425
-0.566
-0.672
-0.466
-0.384
-0.74
-0.873
-0.983
-0.801
-0.644
-0.609
-0.562
-0.591
-0.284
-0.3
-0.26
-0.234
-0.24
-0.1
-0.158
-0.011
0.101
-0.004
-0.065
-0.131
0.031
-0.04
-0.105
-0.229
-0.179
0.04
0.086
0.188
0.198
0.338
0.43
0.201
0.139
0.054
-0.191
-0.246
-0.239
-0.12
-0.367
-0.147
0.103
0.014
-0.059
-0.224
-0.085
-0.168
-0.345
-0.51
-0.351
-0.371
-0.535
-0.703
-0.569
-0.491
-0.579
-0.664
-0.804
-0.719
-0.604
-0.674
-0.47
-0.549
-0.395
-0.47
-0.443
-0.349
-0.343
-0.215
-0.211
-0.113
0.14
0.06
0.037
0.154
0.53
0.806
0.959
0.701
0.896
0.682
0.67
0.638
0.854
0.871
0.974
0.927
0.894
1.074
1.015
1.135
1.195
1.245
1.387
1.576
1.45
1.371
1.33
1.234
1.415
1.208
1.036
1.054
1.083
1.121
1.091
1.183
1.124
1.088
1.2
1.215
1.14
0.966
0.776
0.699
0.219
-0.036
-0.216
-0.11
-0.129
-0.311
-0.253
-0.058
0.141
0.359
0.48
0.438
0.459
0.461
0.473
0.445
0.73
0.9
1.101
1.074
1.116
1.084
0.825
1.147
1.16
1.222
1.324
1.519
1.556
1.541
1.468
1.426
1.311
1.034
1.21
1.177
1.055
1.143
0.954
0.818
0.645
0.635
0.216
0.114
0.077
0.129
-0.286
-0.266
-0.324
-0.362
-0.578
-0.759
-0.726
-0.736
-0.841
-0.845
-0.839
-1.015
-1.078
-1.074
-1.081
-1.146
-1.376
-1.341
-1.19
-1.229
-0.959
-0.922
-0.843
-0.951
-0.978
-0.9
-0.843
-0.76
-0.53
-0.445
-0.28
-0.246
-0.035
0.152
0.059
-0.011
-0.255
-0.209
0.265
0.33
0.265
0.386
0.473
0.526
0.391
0.18
0.195
0.094
