-0.591
-0.647
-0.699
-0.674
-0.774
-0.764
-0.853
-0.804
-0.87
-0.384
-0.376
-0.269
-0.279
-0.099
-0.015
-0.181
-0.015
-0.016
-0.035
-0.007
-0.389
-0.27
-0.378
-0.42
-0.161
-0.115
-0.09
-0.145
-0.086
0.015
0.041
0.003
0.158
0.224
0.376
0.413
0.37
0.289
0.121
0.116
0.029
-0.289
-0.251
-0.66
-0.61
-0.671
-0.65
-0.646
-0.941
-0.657
-0.922
-0.654
-0.806
-1.022
-0.936
-0.899
-0.821
-0.792
-0.881
-0.544
-0.459
-0.184
-0.037
-0.177
0.015
0.176
0.169
0.265
0.427
0.436
0.526
0.531
0.638
0.628
0.824
1.016
0.662
0.759
0.818
0.771
0.856
0.791
0.709
0.598
0.514
0.591
0.539
0.568
0.598
0.486
0.508
0.28
0.534
0.435
0.323
0.362
0.465
0.266
0.253
0.236
0.098
-0.135
0.043
-0.158
-0.043
-0.048
0.007
-0.026
-0.015
-0.076
-0.049
0.046
0.036
0.083
-0.03
-0.006
-0.164
-0.265
-0.241
-0.297
-0.226
-0.124
-0.163
-0.071
-0.35
-0.174
-0.203
-0.15
-0.221
-0.054
0.081
0.13
-0.03
0.061
0.124
-0.009
0.259
0.058
0.062
0.061
-0.011
-0.013
0.037
-0.191
-0.059
-0.062
-0.107
-0.125
-0.074
-0.25
-0.318
-0.238
-0.341
-0.386
-0.475
-0.432
-0.478
-0.316
-0.238
-0.269
-0.088
-0.146
-0.033
-0.109
-0.193
0.103
0.007
0.14
0.15
0.059
0.22
0.092
0.07
-0.025
-0.189
-0.056
-0.129
-0.179
-0.021
-0.085
0.203
0.129
0.088
0.07
-0.075
0.092
0.024
0.037
0.209
0.19
0.186
0.058
0.159
0.154
0.184
0.136
0.26
0.38
0.176
0.276
0.259
0.185
0.38
0.391
0.532
0.486
0.425
0.585
0.521
0.68
0.677
0.777
0.785
0.824
0.703
0.669
0.766
0.544
0.755
0.665
0.812
0.912
0.769
0.682
0.665
0.629
0.544
0.629
0.631
0.584
0.535
0.665
0.521
0.261
0.406
0.474
0.44
0.26
0.056
0.076
0.069
0.01
0.212
0.015
0.037
0.026
0.135
0.131
0.184
0.359
0.234
0.339
0.352
0.278
0.39
0.448
0.576
0.375
0.465
0.534
0.469
0.348
0.39
0.465
0.39
0.482
0.461
0.487
0.318
0.396
0.36
0.289
0.229
0.311
0.501
0.5
0.236
0.366
0.326
0.29
0.177
0.115
0.126
-0.011
0.249
0.111
0.081
0.181
0.242
0.166
0.155
0.205
0.306
0.25
0.138
0.309
0.411
0.393
0.495
0.464
0.408
0.485
0.395
0.344
0.319
0.285
0.242
0.05
-0.098
-0.094
-0.08
-0.058
-0.177
-0.302
-0.208
-0.225
-0.355
-0.321
-0.362
-0.316
-0.179
-0.306
-0.346
-0.246
-0.18
-0.219
-0.256
-0.304
-0.134
-0.165
-0.21
-0.046
-0.026
-0.189
-0.174
-0.174
-0.21
-0.357
-0.405
-0.234
-0.379
-0.188
-0.177
-0.217
-0.244
-0.221
-0.115
-0.061
0.07
0.04
0.091
-0.007
0.193
0.22
0.283
0.54
0.475
0.509
0.652
0.792
0.956
1.14
1.252
1.268
1.254
1.387
1.176
1.193
1.311
1.255
1.292
1.41
1.218
1.224
1.222
1.472
1.341
1.312
1.288
1.334
1.319
1.199
1.203
1.199
1.137
1.173
1.203
1.086
0.975
0.87
0.879
0.768
1.012
0.724
0.796
0.718
0.596
0.434
0.394
0.24
0.118
0.32
0.226
0.214
0.154
0.015
-0.08
-0.24
-0.23
-0.364
-0.33
-0.254
-0.235
-0.324
-0.326
-0.329
-0.6
-0.67
-0.583
-0.591
-0.564
-0.451
-0.405
-0.41
-0.233
-0.176
-0.13
-0.096
-0.196
-0.209
-0.156
0.041
0.039
0.062
0.035
0.14
0.302
0.25
0.133
0.109
0.081
-0.111
-0.001
-0.264
-0.195
-0.159
-0.15
-0.134
-0.021
-0.007
-0.044
-0.006
0.039
-0.035
0.206
0.238
0.083
0.14
0.021
0.13
0.133
-0.022
0.028
-0.056
-0.12
-0.194
-0.119
-0.352
-0.335
-0.245
-0.266
-0.056
-0.007
0.024
-0.036
-0.15
-0.376
-0.405
-0.255
-0.119
-0.135
-0.006
0.058
0.035
0.156
-0.055
-0.184
-0.146
-0.26
-0.109
-0.018
-0.122
0.165
-0.051
0.007
0.146
0.133
-0.013
0.221
0.019
-0.08
0.013
-0.051
-0.007
-0.106
-0.07
-0.307
-0.291
-0.195
-0.343
-0.194
-0.331
-0.564
-0.304
-0.309
-0.291
-0.451
-0.419
-0.512
-0.409
-0.394
-0.454
-0.525
-0.445
-0.128
-0.29
-0.181
-0.286
-0.005
0.249
0.251
0.209
0.121
0.15
0.219
0.195
0.265
0.198
0.143
0.173
0.18
0.115
0.487
0.439
0.43
0.352
0.215
0.105
0.135
0.024
-0.049
-0.089
-0.135
-0.265
-0.349
-0.49
-0.521
-0.455
-0.46
-0.55
-0.598
-0.501
-0.521
-0.42
-0.517
-0.647
-0.743
-0.78
-0.761
-0.861
-0.654
-0.449
-0.3
-0.264
-0.201
-0.103
-0.154
-0.129
-0.029
-0.055
0.036
0.025
-0.09
0.003
0.014
0.19
0.094
0.04
0.151
0.261
0.3
0.115
0.291
0.086
0.22
0.334
0.463
0.42
0.431
0.413
0.419
0.144
-0.015
-0.033
0.009
0.101
0.074
0.098
-0.116
0.103
0.021
-0.116
-0.048
-0.275
-0.129
-0.211
-0.099
0.049
0.001
0.007
-0.04
-0.144
-0.166
-0.219
-0.221
-0.206
-0.188
-0.233
-0.184
-0.134
-0.233
-0.208
-0.128
-0.09
0.036
-0.15
-0.128
-0.151
-0.105
-0.193
-0.182
-0.401
-0.365
-0.608
-0.631
-0.671
-0.57
-0.731
-0.746
-0.599
-0.636
-0.688
-0.677
-0.895
-0.935
-0.99
-1.153
-1.278
-1.299
-1.186
-0.922
-0.784
-0.659
-0.453
-0.17
0.031
0.089
0.164
0.399
0.211
0.335
0.219
0.264
0.396
0.346
0.296
0.065
-0.016
0.156
0.071
-0.09
-0.101
-0.021
-0.049
-0.021
-0.037
0.037
0.056
0.037
0.114
0.271
0.009
0.113
-0.09
-0.145
-0.209
-0.29
-0.331
-0.195
-0.021
-0.029
-0.23
-0.312
-0.414
-0.372
-0.506
-0.647
-0.795
-0.956
-0.861
-0.94
-1.034
-1.088
-0.848
-0.629
-0.714
-0.549
-0.441
-0.463
-0.279
-0.19
0.045
-0.049
0.059
-0.013
-0.079
0.051
0.092
0.179
0.111
0.06
0.004
-0.062
-0.118
-0.176
-0.161
-0.221
-0.399
-0.506
-0.551
-0.614
-0.703
-0.64
-0.814
-0.674
-0.721
-0.74
-0.776
-0.917
-0.745
-0.628
-0.65
-0.578
-0.652
-0.485
-0.446
-0.438
-0.679
-0.53
-0.28
-0.135
0.036
0.306
0.349
0.542
0.625
0.784
0.963
1.115
1.115
1.136
1.234
1.153
1.175
1.278
1.409
1.336
1.458
1.409
1.353
1.29
1.249
1.011
0.911
0.744
0.675
0.574
0.546
0.557
0.544
0.58
0.524
0.7
0.583
0.623
0.641
0.726
0.691
0.785
0.79
0.59
0.519
0.375
0.351
0.625
0.45
0.208
0.155
0.025
0.193
0.044
0.074
0.003
-0.02
-0.224
-0.233
-0.276
-0.251
-0.275
-0.092
0.026
-0.15
-0.101
-0.071
-0.171
-0.199
-0.265
-0.175
-0.388
-0.458
-0.509
-0.58
-0.693
-0.787
-0.826
-0.724
-0.777
-0.719
-0.667
-0.714
-0.804
-1.05
-0.876
-1.01
-1.004
-1.106
-0.981
-1.006
-0.915
-0.985
-1.11
-1.117
-1.164
-1.079
-0.849
-0.834
-0.805
-0.824
-0.824
-0.797
-0.589
-0.583
-0.496
-0.311
-0.165
0.045
-0.014
0.388
0.359
0.421
0.375
0.316
0.517
0.461
0.574
0.741
0.623
0.76
0.84
0.836
0.823
0.64
0.417
0.344
0.275
0.24
0.247
0.19
0.146
0.138
-0.011
-0.14
-0.029
-0.206
-0.114
-0.205
-0.285
-0.285
-0.296
-0.366
-0.473
-0.478
-0.403
-0.471
-0.421
-0.594
-0.453
-0.532
-0.566
-0.701
-0.861
-0.8
-0.876
-0.517
-0.47
-0.383
-0.399
-0.384
-0.264
-0.024
-0.181
0.0
0.061
0.128
0.229
0.406
0.16
0.281
0.301
0.461
0.414
0.408
0.482
0.571
0.6
0.512
0.501
0.489
0.365
0.414
0.284
0.109
0.235
0.064
0.033
0.037
0.111
-0.018
0.071
0.075
0.001
0.03
-0.009
-0.089
-0.166
-0.23
-0.31
-0.426
-0.458
-0.456
-0.404
-0.495
-0.385
-0.471
-0.517
-0.611
-0.636
-0.76
-0.698
-0.833
-0.875
-0.769
-0.835
-0.734
-0.776
-0.604
-0.709
-0.484
-0.295
-0.238
-0.265
-0.175
0.033
-0.033
-0.015
0.065
0.044
0.024
0.0
0.107
0.075
-0.036
0.06
-0.066
0.043
0.049
0.159
0.024
0.094
0.083
0.163
0.36
0.146
0.19
0.182
0.29
0.249
0.279
0.165
0.124
0.039
0.144
0.18
0.274
0.216
0.114
-0.005
-0.268
-0.357
-0.351
-0.453
-0.422
-0.408
-0.386
-0.331
-0.261
-0.349
-0.173
-0.374
-0.314
-0.3
-0.429
-0.348
-0.4
-0.354
-0.441
-0.445
-0.47
-0.331
-0.316
-0.411
-0.459
-0.38
-0.686
-0.495
-0.329
-0.31
-0.328
-0.269
-0.193
-0.264
-0.281
-0.301
-0.235
-0.306
-0.08
-0.115
0.058
0.136
0.39
0.413
0.503
0.782
0.801
1.069
1.109
1.185
1.211
1.036
1.075
1.026
1.014
0.964
1.014
1.049
0.951
0.819
0.816
0.728
0.743
0.711
0.549
0.562
0.721
0.624
0.527
0.331
0.374
0.255
0.219
0.28
0.17
0.151
-0.044
0.003
-0.111
-0.141
-0.066
-0.131
-0.077
-0.355
-0.299
-0.471
-0.421
-0.555
-0.584
-0.68
-0.525
-0.555
-0.568
-0.56
-0.546
-0.427
-0.569
-0.565
-0.393
-0.61
-0.636
-0.693
-0.666
-0.65
-0.703
-0.635
-0.746
-0.666
-0.769
-0.927
-0.87
-0.829
-0.759
-0.693
-0.662
-0.68
-0.549
-0.519
-0.63
-0.593
-0.559
-0.621
-0.505
-0.47
-0.634
-0.431
-0.596
-0.661
-0.66
-0.438
-0.527
-0.419
-0.55
-0.566
-0.651
-0.501
-0.453
-0.329
-0.245
-0.193
-0.321
-0.133
-0.04
-0.05
-0.058
0.099
-0.085
0.118
0.085
0.089
0.176
0.26
0.321
0.4
0.524
0.481
0.676
0.625
0.656
0.605
0.667
0.664
0.715
0.628
0.505
0.426
0.4
0.504
0.49
0.419
0.401
0.384
0.408
0.336
0.261
0.544
0.275
0.284
0.15
0.159
0.104
0.019
0.176
0.149
-0.076
-0.033
-0.014
-0.007
-0.06
-0.129
0.041
0.16
0.169
0.229
0.15
0.146
0.151
0.085
-0.021
-0.253
-0.321
-0.22
-0.188
-0.364
-0.366
-0.326
-0.374
-0.109
-0.147
-0.106
-0.151
-0.156
-0.268
-0.334
-0.307
-0.226
-0.184
-0.098
-0.04
-0.055
-0.171
-0.116
0.021
-0.136
-0.128
-0.041
-0.201
-0.291
-0.265
-0.28
-0.191
-0.036
0.051
-0.258
-0.325
-0.154
-0.182
-0.107
-0.156
-0.193
-0.111
0.103
0.136
0.046
-0.018
-0.181
-0.177
-0.17
-0.135
-0.064
0.029
0.26
0.212
0.212
0.21
0.499
0.421
0.509
0.544
0.424
0.581
0.581
0.598
0.805
0.736
0.919
0.83
0.682
0.786
0.681
0.506
0.246
0.274
0.379
0.256
0.334
0.061
-0.001
0.074
-0.005
0.089
0.114
0.048
-0.091
0.021
-0.004
0.04
-0.026
0.044
-0.061
-0.045
-0.033
0.006
-0.081
-0.156
0.081
-0.018
0.209
0.163
0.181
0.034
0.052
0.034
0.188
0.289
0.124
0.211
0.263
0.35
0.288
0.279
0.503
0.586
0.619
0.686
0.605
0.706
0.858
0.82
0.823
0.863
0.959
1.075
1.059
1.029
1.15
1.179
1.104
1.22
1.31
1.385
1.275
1.511
1.396
1.299
1.324
1.365
1.409
1.216
1.446
1.53
1.42
1.336
1.114
1.139
1.041
0.935
0.863
0.906
0.845
0.81
0.828
0.779
0.743
0.685
0.645
0.541
0.635
0.646
0.45
0.535
0.546
0.266
0.401
0.429
0.469
0.494
0.605
0.586
0.541
0.623
0.64
0.75
0.466
0.379
0.448
0.22
0.043
0.124
0.199
0.109
0.049
0.209
0.314
0.388
0.453
0.381
0.275
0.281
0.355
0.461
0.562
0.781
0.579
0.656
0.469
0.526
0.61
0.578
0.375
0.51
0.508
0.555
0.58
0.521
0.636
0.744
0.78
1.084
1.375
1.357
1.282
1.089
0.966
0.871
0.949
0.846
0.789
0.844
0.588
0.479
0.328
0.236
0.23
0.122
0.223
0.15
0.035
-0.193
-0.107
-0.209
-0.111
-0.005
-0.076
-0.159
-0.154
-0.198
-0.318
-0.249
-0.23
-0.414
-0.424
-0.492
-0.524
-0.312
-0.378
-0.318
-0.211
-0.144
0.024
-0.001
0.022
-0.05
0.124
0.104
0.156
0.094
0.036
-0.175
-0.212
-0.278
-0.179
-0.426
-0.496
-0.46
-0.568
-0.445
-0.355
-0.288
-0.341
-0.288
-0.329
-0.425
-0.445
-0.394
-0.026
-0.131
-0.291
-0.264
-0.386
-0.189
-0.122
0.061
0.118
0.011
0.401
0.505
0.581
0.517
0.465
0.417
0.294
0.156
0.031
0.03
0.04
0.177
0.193
0.216
-0.031
0.019
0.041
-0.054
-0.15
-0.279
-0.21
-0.058
0.014
-0.119
-0.191
-0.225
-0.144
-0.115
-0.096
-0.09
-0.179
0.094
0.116
0.074
0.193
0.058
0.037
-0.019
0.022
-0.107
0.223
0.158
0.195
0.135
0.177
0.154
0.08
0.092
0.359
0.246
0.062
0.158
0.244
0.422
0.365
0.394
0.456
0.446
0.508
0.378
0.444
0.385
0.391
0.091
0.111
0.156
-0.005
-0.054
-0.052
0.179
0.125
-0.003
0.231
0.144
0.058
0.059
0.279
0.158
0.094
0.209
0.209
0.14
0.165
0.096
0.037
0.031
0.089
0.228
0.246
-0.04
-0.051
-0.362
-0.413
-0.55
-0.509
-0.709
-0.814
-0.895
-0.932
-0.932
-0.845
-0.756
-0.753
-0.794
-0.845
-0.844
-0.826
-0.843
-0.932
-0.922
-0.844
-0.739
-0.682
-0.66
-0.54
-0.468
-0.508
-0.517
-0.43
-0.296
-0.324
-0.436
-0.586
-0.372
-0.405
-0.348
-0.195
-0.225
-0.335
-0.333
-0.288
-0.319
-0.468
-0.379
-0.273
-0.314
-0.134
-0.146
-0.271
-0.209
-0.072
-0.296
-0.323
-0.304
-0.468
-0.566
-0.719
-0.775
-0.785
-0.929
-1.01
-0.96
-0.912
-0.871
-0.975
-0.92
-0.959
-1.052
-0.971
-0.976
-0.964
-0.891
-0.69
-0.61
-0.466
-0.275
-0.194
-0.043
-0.066
0.099
-0.035
0.007
-0.018
0.049
0.066
-0.044
0.035
0.107
0.041
0.106
0.155
0.066
-0.024
0.176
0.036
0.02
-0.009
-0.03
-0.069
-0.064
-0.003
-0.103
0.113
0.147
0.242
0.121
0.013
0.061
0.174
0.208
0.21
0.223
0.225
0.251
0.15
0.188
0.194
0.107
0.184
0.234
0.145
0.013
0.134
0.043
-0.001
0.02
-0.046
-0.099
-0.079
-0.138
-0.256
-0.286
-0.212
-0.182
-0.184
-0.004
-0.026
-0.025
-0.071
-0.152
-0.219
-0.251
-0.286
-0.247
-0.196
-0.378
-0.304
-0.333
-0.389
-0.219
-0.085
-0.297
-0.251
-0.138
0.006
0.152
0.215
0.291
0.324
0.289
0.398
0.386
0.512
0.438
0.444
0.638
0.672
0.718
0.759
0.83
0.883
0.845
0.821
0.713
0.735
0.914
0.904
0.77
0.557
0.593
0.514
0.651
0.659
0.689
0.688
0.46
0.414
0.364
0.26
0.166
0.185
0.116
0.122
0.118
0.118
0.206
0.141
-0.02
-0.033
-0.236
-0.154
-0.608
-0.7
-0.654
-0.645
-0.66
-0.606
-0.455
-0.52
-0.49
-0.466
-0.328
-0.31
-0.24
-0.32
-0.348
-0.168
-0.231
-0.329
-0.319
-0.216
-0.246
-0.231
-0.194
-0.198
-0.278
-0.341
-0.422
-0.471
-0.424
-0.398
-0.471
-0.47
-0.43
-0.329
-0.369
-0.434
-0.351
-0.215
-0.165
-0.08
0.026
0.129
0.242
0.037
0.034
-0.041
0.09
0.034
-0.084
0.021
-0.062
-0.163
-0.1
-0.114
0.034
0.072
-0.079
-0.096
-0.14
-0.184
-0.276
-0.343
-0.479
-0.565
-0.781
-0.781
-0.901
-0.845
-0.926
-0.831
-0.749
-0.824
-0.936
-0.999
-0.9
-0.665
-0.64
-0.662
-0.542
-0.724
-0.565
-0.484
-0.535
-0.503
-0.552
-0.492
-0.333
-0.214
-0.064
0.033
0.06
0.06
0.072
0.283
0.44
0.497
0.431
0.458
0.58
0.552
0.426
0.52
0.341
0.426
0.451
0.568
0.583
0.605
0.608
0.559
0.698
0.787
0.75
0.777
0.824
0.792
0.729
0.66
0.791
0.795
0.756
0.624
0.532
0.427
0.487
0.49
0.422
0.44
0.388
0.35
0.236
0.124
0.196
0.195
0.211
0.49
0.374
0.275
0.201
0.244
0.144
0.135
0.13
0.134
0.128
0.125
-0.041
0.028
-0.022
0.175
0.043
0.091
0.019
-0.003
-0.004
-0.033
-0.13
-0.246
-0.38
-0.425
-0.542
-0.453
-0.431
-0.398
-0.451
-0.383
-0.469
-0.544
-0.654
-0.662
-0.664
-0.691
-0.69
-0.721
-0.71
-0.645
-0.501
-0.394
-0.486
-0.429
-0.482
-0.566
-0.478
-0.388
-0.201
-0.169
-0.224
-0.129
-0.177
-0.021
0.033
0.06
0.13
0.036
0.03
0.024
-0.021
-0.08
-0.188
-0.035
-0.135
-0.193
0.061
0.101
0.109
0.028
0.092
0.064
0.077
-0.007
0.029
-0.12
-0.284
-0.285
-0.341
-0.266
-0.113
-0.235
-0.09
-0.236
-0.29
-0.338
-0.274
-0.319
-0.249
-0.224
-0.08
0.05
0.064
0.145
0.096
0.13
-0.062
-0.02
0.076
0.003
0.011
0.103
0.005
0.1
0.116
0.066
0.185
0.261
0.181
0.13
0.139
0.291
0.184
0.417
0.351
0.296
0.279
0.335
0.307
0.42
0.406
0.404
0.355
0.365
0.283
0.136
0.114
0.1
0.028
0.103
-0.029
0.139
0.144
0.309
0.361
0.448
0.475
0.352
0.348
0.329
0.254
0.294
0.302
0.215
0.221
0.168
0.295
0.211
0.177
0.118
0.294
0.288
0.224
0.299
0.466
0.399
0.328
0.164
0.056
-0.028
0.0
0.085
0.12
0.114
-0.028
-0.077
-0.105
-0.143
-0.186
-0.255
-0.283
-0.305
-0.306
-0.309
-0.307
-0.365
-0.362
-0.404
-0.44
-0.492
-0.419
-0.509
-0.4
-0.357
-0.307
-0.439
-0.458
-0.435
-0.238
-0.143
-0.056
0.135
0.246
0.348
0.473
0.46
0.696
0.723
0.578
0.725
0.784
0.736
0.605
0.601
0.57
0.276
0.413
0.239
0.259
0.071
0.088
0.081
-0.015
-0.009
-0.065
-0.274
-0.36
-0.415
-0.35
-0.434
-0.519
-0.522
-0.575
-0.693
-0.705
-0.785
-0.715
-0.688
-0.897
-0.664
-0.69
-0.656
-0.839
-0.833
-0.896
-0.86
-0.815
-0.897
-0.895
-0.917
-0.652
-0.478
-0.578
-0.584
-0.706
-0.522
-0.579
-0.521
-0.682
-0.489
-0.398
-0.598
-0.369
-0.193
-0.179
-0.285
-0.316
-0.3
-0.136
-0.151
-0.12
-0.072
0.035
0.198
-0.039
0.02
0.122
0.278
0.386
0.386
0.489
0.497
0.487
0.404
0.47
0.356
0.396
0.53
0.508
0.57
0.531
0.51
0.75
0.82
0.946
0.97
0.968
0.895
1.01
0.969
0.911
0.899
0.92
1.051
0.927
0.975
0.979
1.107
1.064
1.181
1.226
1.15
1.24
1.316
1.468
1.565
1.605
1.511
1.495
1.394
1.248
1.139
1.015
1.12
1.069
1.059
0.995
0.769
0.555
0.491
0.566
0.629
0.524
0.494
0.362
0.393
0.454
0.408
0.286
0.134
-0.094
0.061
0.058
0.036
0.034
0.115
0.104
0.173
0.389
0.454
0.565
0.56
0.425
0.348
0.28
0.291
0.406
0.378
0.532
0.608
0.559
0.805
0.834
0.978
0.963
0.795
0.978
1.014
1.046
1.044
1.214
1.15
1.306
1.453
1.328
1.319
1.389
1.445
1.429
1.353
7.559
1.228
1.421
1.085
0.896
0.879
0.713
0.576
0.575
0.628
0.609
0.37
0.226
0.265
0.065
0.028
0.193
0.226
0.043
-0.2
-0.25
-0.479
-0.497
-0.424
-0.619
-0.719
-1.031
-0.976
-0.993
-1.107
-0.916
-0.932
-0.789
-0.77
-0.756
-0.846
-0.818
-0.749
-0.584
-0.676
-0.735
-0.831
-0.656
-0.439
-0.345
-0.44
-0.109
-0.145
-0.158
0.046
-0.158
-0.029
-0.021
0.188
0.077
0.281
0.265
0.122
0.209
0.081
0.033
0.12
0.105
0.051
0.005
0.064
-0.048
-0.122
-0.062
-0.064
-0.1
-0.084
-0.058
-0.105
0.021
-0.026
0.058
0.115
0.239
0.352
0.056
0.194
0.024
-0.143
-0.391
-0.415
-0.496
-0.454
-0.581
-0.58
-0.504
-0.555
-0.517
-0.691
-0.978
-0.981
-0.969
-0.719
-0.675
-0.506
-0.364
-0.547
-0.463
-0.291
-0.083
-0.208
-0.159
-0.116
-0.085
-0.043
0.051
0.233
0.316
0.425
0.404
0.504
0.443
0.574
0.45
0.314
0.169
0.084
0.206
0.138
0.114
0.156
-0.019
0.1
0.02
0.01
0.198
0.269
0.264
0.188
0.139
0.037
0.037
0.02
0.116
-0.029
0.212
0.11
0.221
0.265
0.126
0.182
0.119
0.24
0.289
0.273
0.381
0.464
0.365
0.541
0.58
0.584
0.58
0.409
0.302
0.152
0.258
0.182
0.369
0.169
0.138
-0.055
-0.134
-0.339
-0.516
-0.395
-0.486
-0.344
-0.422
-0.26
-0.138
-0.203
-0.041
-0.026
-0.029
0.088
0.109
0.103
-0.052
-0.031
-0.107
-0.275
-0.302
-0.175
-0.052
-0.005
0.015
0.025
0.081
0.118
-0.118
-0.249
-0.209
-0.15
-0.126
-0.22
-0.29
