0.894
0.894
0.844
0.746
0.682
0.685
0.568
0.394
0.396
0.299
0.417
0.366
0.299
0.318
0.275
0.281
0.286
0.321
0.209
0.239
0.226
0.261
0.321
0.191
0.319
0.286
0.245
0.021
-0.091
-0.028
0.054
-0.113
-0.076
0.084
-0.035
0.066
0.024
0.003
-0.007
0.103
0.011
-0.034
0.247
-0.013
-0.16
-0.062
-0.166
-0.085
-0.05
-0.06
-0.085
0.009
-0.006
0.059
0.161
0.406
0.346
0.608
0.568
0.511
0.448
0.5
0.526
0.424
0.318
0.128
0.443
0.193
0.182
0.098
0.081
0.09
0.135
0.246
0.236
0.333
0.275
0.201
0.029
-0.025
-0.151
-0.175
-0.331
-0.473
-0.646
-0.631
-0.605
-0.869
-0.851
-0.84
-0.645
-0.524
-0.451
-0.615
-0.458
-0.464
-0.422
-0.343
-0.318
-0.274
-0.414
-0.315
-0.296
-0.185
-0.041
0.044
0.216
0.165
0.242
0.233
0.28
0.16
0.261
0.177
0.066
-0.016
-0.056
0.226
-0.016
0.184
0.311
0.304
0.249
0.173
0.316
0.338
0.3
0.253
0.228
0.152
0.156
0.217
0.179
0.292
0.24
0.414
0.438
0.354
0.445
0.374
0.14
0.115
0.231
0.034
-0.234
-0.177
-0.231
-0.285
-0.245
-0.159
-0.159
-0.034
-0.07
0.004
0.101
0.19
0.238
0.299
0.43
0.436
0.534
0.519
0.47
0.59
0.781
0.792
0.9
0.814
0.927
0.95
1.121
1.03
1.139
1.191
1.121
1.326
1.225
1.254
1.154
1.198
1.314
1.441
1.399
1.234
1.359
1.2
1.005
0.964
0.949
0.77
0.893
0.646
0.484
0.302
0.273
0.406
0.326
0.22
0.26
-0.007
0.103
-0.056
-0.246
-0.2
-0.45
-0.439
-0.672
-0.681
-0.759
-0.896
-0.81
-0.848
-0.834
-0.904
-0.726
-0.645
-0.522
-0.318
-0.516
-0.383
-0.492
-0.461
-0.429
-0.432
-0.413
-0.037
-0.048
-0.037
-0.08
-0.12
0.028
-0.011
-0.105
-0.193
-0.101
-0.046
-0.085
-0.083
-0.088
0.021
-0.28
-0.328
-0.09
-0.331
-0.536
-0.3
-0.294
-0.307
-0.542
-0.574
-0.42
-0.468
-0.53
-0.67
-0.54
-0.499
-0.376
-0.438
-0.544
-0.441
-0.321
-0.084
0.03
0.189
0.297
0.62
0.695
0.839
0.88
0.98
1.211
1.276
1.488
1.436
1.371
1.679
1.684
1.683
1.643
1.615
1.728
1.713
1.446
1.455
1.548
1.505
1.361
1.395
1.279
1.095
0.94
0.92
0.715
0.33
0.158
0.309
0.465
0.275
0.156
-0.069
0.065
-0.021
-0.009
-0.196
-0.264
-0.458
-0.395
-0.253
-0.339
-0.431
-0.471
-0.445
-0.539
-0.63
-0.241
-0.285
-0.216
-0.13
-0.18
-0.229
-0.242
-0.161
-0.367
-0.205
-0.194
0.007
-0.185
-0.126
-0.039
-0.092
-0.066
0.104
-0.168
-0.323
-0.515
-0.48
-0.557
-0.69
-0.715
-0.681
-0.686
-0.453
-0.395
-0.603
-0.703
-0.718
-0.527
-0.578
-0.819
-0.81
-0.855
-0.792
-0.719
-0.536
-0.253
-0.389
-0.276
-0.451
-0.481
-0.443
-0.329
-0.283
-0.186
-0.085
0.026
0.128
0.066
0.009
0.066
-0.013
0.129
0.099
-0.043
-0.015
0.21
0.316
0.469
0.356
0.504
0.422
0.526
0.455
0.381
0.35
0.364
0.339
0.266
0.174
0.244
0.168
0.21
0.212
0.161
0.024
0.131
0.527
0.328
0.144
0.239
0.314
0.458
0.348
0.494
0.321
0.465
0.43
0.459
0.537
0.638
0.603
0.561
0.486
0.37
0.357
0.415
0.292
0.383
0.274
0.221
0.118
0.074
0.128
0.025
0.089
-0.088
0.085
0.37
0.328
0.156
0.165
0.122
0.168
-0.016
-0.013
-0.083
-0.179
-0.07
-0.077
0.013
0.083
0.224
0.201
0.315
0.351
0.246
0.292
0.224
0.007
-0.146
-0.186
-0.244
-0.247
-0.325
-0.389
-0.571
-0.641
-0.749
-0.995
-1.022
-1.284
-1.17
-1.346
-1.325
-1.484
-1.441
-1.171
-1.17
-1.295
-1.226
-1.189
-1.26
-1.114
-0.97
-0.826
-0.781
-0.639
-0.536
-0.521
-0.446
-0.384
-0.364
-0.393
-0.144
0.048
0.106
0.1
0.225
0.278
0.458
0.096
0.319
0.494
0.634
0.439
0.367
0.297
0.288
0.122
0.228
0.244
0.139
0.076
-0.06
-0.228
-0.398
-0.281
-0.253
-0.195
-0.285
-0.537
-0.445
-0.51
-0.336
-0.255
-0.21
-0.443
-0.432
-0.532
-0.449
-0.485
-0.49
-0.664
-0.774
-0.906
-1.031
-0.874
-0.96
-0.917
-0.829
-0.854
-0.844
-0.849
-0.799
-0.733
-0.52
-0.278
-0.281
-0.297
-0.304
-0.506
-0.527
-0.419
-0.18
-0.176
-0.211
-0.188
-0.107
-0.031
0.106
0.203
0.191
0.233
0.152
0.143
0.051
0.11
-0.001
-0.051
0.015
-0.05
0.022
-0.014
-0.041
-0.131
-0.119
-0.128
-0.147
0.054
-0.186
-0.021
-0.08
-0.051
0.011
0.06
0.188
0.348
0.307
0.501
0.69
0.598
0.542
0.468
0.439
0.506
0.536
0.524
0.438
0.314
0.15
0.09
0.149
0.113
0.083
-0.08
-0.194
-0.09
-0.059
-0.001
0.019
0.11
0.186
0.215
0.116
0.158
-0.058
-0.115
-0.011
-0.122
-0.071
-0.044
0.07
0.077
0.171
0.036
-0.121
-0.104
-0.129
-0.115
-0.1
-0.182
-0.265
-0.283
-0.3
-0.415
-0.19
-0.195
-0.161
-0.171
-0.075
0.036
0.011
0.111
-0.081
-0.166
-0.143
-0.111
-0.234
-0.2
-0.21
-0.173
-0.3
-0.264
-0.066
-0.061
-0.301
-0.304
-0.329
-0.444
-0.584
-0.411
-0.278
-0.36
-0.403
-0.42
-0.521
-0.391
-0.278
-0.376
-0.46
-0.53
-0.436
-0.439
-0.417
-0.443
-0.484
-0.539
-0.352
-0.286
-0.168
-0.145
0.015
0.116
0.098
0.154
0.122
0.29
0.301
0.09
0.177
0.198
0.261
0.288
0.028
0.011
-0.001
-0.049
-0.136
-0.249
-0.304
-0.292
-0.212
-0.191
-0.235
-0.301
-0.366
-0.239
-0.233
-0.1
-0.124
-0.019
0.04
0.07
0.031
0.136
0.294
0.323
0.292
0.1
0.11
-0.035
0.091
0.091
0.146
0.033
-0.138
0.085
0.121
0.044
0.215
0.28
0.15
0.128
0.166
0.18
0.234
0.29
0.323
0.3
0.244
0.269
0.305
0.37
0.244
0.404
0.375
0.253
0.281
0.201
0.233
0.203
0.118
-0.1
0.035
-0.13
-0.256
-0.075
-0.177
-0.09
-0.219
-0.133
-0.095
-0.289
-0.275
-0.329
-0.239
-0.383
-0.378
-0.246
-0.196
-0.181
-0.131
0.103
0.198
0.242
0.367
0.404
0.522
0.43
0.295
0.355
0.429
0.36
0.275
0.217
0.251
0.164
0.159
0.091
-0.025
-0.029
0.083
0.054
0.029
-0.06
0.013
-0.16
-0.271
-0.3
-0.481
-0.591
-0.557
-0.606
-0.661
-0.703
-0.718
-0.579
-0.419
-0.44
-0.324
-0.3
-0.269
-0.284
-0.445
-0.129
-0.268
-0.449
-0.486
-0.615
-0.274
-0.316
-0.273
-0.33
-0.328
-0.376
-0.307
-0.309
-0.357
-0.409
-0.212
-0.05
0.149
0.061
0.274
0.26
0.328
0.406
0.521
0.654
0.551
0.463
0.441
0.454
0.419
0.422
0.724
0.914
0.843
0.818
0.968
0.99
0.734
0.729
0.755
0.794
0.656
0.62
0.466
0.41
0.365
0.361
0.409
0.307
0.314
0.409
0.485
0.208
0.319
0.135
0.455
0.589
0.571
0.646
0.603
0.521
0.361
0.53
0.478
0.338
0.25
0.2
0.155
0.006
0.096
0.241
0.275
0.547
0.593
0.505
0.58
0.58
0.646
0.473
0.486
0.575
0.652
0.501
0.427
0.381
0.274
0.335
0.175
0.214
0.126
-0.135
-0.249
-0.219
-0.176
-0.365
-0.046
-0.344
-0.276
-0.351
-0.49
-0.359
-0.145
0.062
0.044
-0.014
0.13
0.104
0.039
0.198
0.381
0.194
0.239
0.328
0.39
0.667
0.652
0.594
0.856
0.79
0.512
0.571
0.696
0.641
0.802
0.835
1.049
0.979
0.956
0.993
0.959
0.839
0.823
0.753
0.65
0.525
0.439
0.266
0.051
0.163
0.159
-0.149
-0.304
-0.323
-0.292
-0.41
-0.454
-0.302
-0.297
-0.409
-0.372
-0.249
-0.186
0.107
0.051
-0.135
0.034
0.109
0.072
0.191
0.021
0.028
-0.226
-0.084
0.114
0.122
0.144
0.118
0.216
0.126
0.103
0.05
0.516
0.455
0.331
0.661
0.73
0.755
0.685
0.751
0.686
0.682
0.763
0.52
0.404
0.496
0.341
0.135
0.119
0.273
0.143
-0.091
0.013
0.0
-0.016
0.076
0.046
0.196
0.12
0.159
0.105
0.145
0.12
-0.011
-0.007
0.235
-0.037
0.036
0.069
-0.04
-0.164
-0.165
-0.191
-0.24
-0.066
0.046
0.2
0.329
0.384
0.364
0.229
0.323
0.314
0.431
0.448
0.456
0.628
0.719
0.948
1.06
0.963
0.859
0.796
0.83
0.811
0.69
0.601
0.541
0.345
0.464
0.524
0.519
0.448
0.65
0.667
0.586
0.522
0.59
0.72
0.441
0.378
0.487
0.573
0.465
0.431
0.189
0.28
0.499
0.409
0.426
0.403
0.391
0.371
0.5
0.562
0.547
0.487
0.375
0.26
0.08
0.0
-0.04
-0.109
-0.152
-0.13
-0.233
-0.307
-0.319
-0.569
-0.659
-0.73
-0.701
-0.899
-1.002
-1.136
-1.093
-1.093
-0.968
-1.046
-1.062
-1.149
-1.525
-1.569
-1.55
-1.512
-1.34
-1.298
-1.119
-1.125
-1.097
-1.201
-1.195
-0.864
-0.85
-0.799
-0.799
-0.776
-0.686
-0.954
-0.953
-0.797
-0.743
-0.77
-0.486
-0.486
-0.576
-0.398
-0.494
-0.504
-0.508
-0.65
-0.795
-0.691
-0.791
-0.693
-0.505
-0.53
-0.616
-0.554
-0.601
-0.753
-0.796
-0.734
-0.797
-0.988
-1.015
-0.949
-0.841
-0.874
-0.97
-0.739
-1.101
-0.866
-0.838
-0.871
-0.685
-0.536
-0.369
-0.181
-0.105
-0.177
0.096
0.06
0.24
0.19
0.216
0.375
0.464
0.517
0.491
0.584
0.804
0.835
0.875
0.826
0.906
0.864
1.029
1.135
1.005
1.001
0.853
0.98
0.763
0.841
0.719
0.645
0.605
0.448
0.304
0.323
0.228
0.039
-0.118
-0.215
-0.164
-0.104
-0.16
-0.3
-0.271
-0.225
-0.292
-0.359
-0.422
-0.405
-0.436
-0.46
-0.473
-0.425
-0.527
-0.594
-0.659
-0.84
-0.765
-0.715
-0.772
-0.629
-0.677
-0.686
-0.69
-0.66
-0.679
-0.677
-0.48
-0.445
-0.279
-0.103
-0.075
0.106
0.253
0.205
0.099
0.151
0.179
0.084
0.161
0.198
0.276
0.206
0.166
0.105
0.019
-0.037
-0.049
-0.129
0.031
0.177
0.194
0.152
0.166
0.311
0.349
0.372
0.45
0.509
0.519
0.672
0.52
0.516
0.598
0.41
0.547
0.48
0.251
0.041
0.003
-0.166
-0.203
-0.285
-0.348
-0.496
-0.419
-0.509
-0.634
-0.593
-0.659
-0.755
-0.729
-0.686
-0.639
-0.651
-0.634
-0.486
-0.411
-0.413
-0.557
-0.453
-0.265
-0.079
-0.055
0.007
0.096
0.18
0.384
0.465
0.696
0.721
0.768
0.691
0.881
0.953
0.811
0.671
0.589
0.628
0.585
0.588
0.435
0.446
0.156
0.015
0.039
0.094
0.046
0.164
0.271
0.253
0.408
0.365
0.444
0.479
0.427
0.304
0.221
0.098
0.135
0.209
0.144
0.124
-0.013
0.122
0.091
0.182
0.409
0.301
0.208
0.265
0.198
0.143
0.188
0.141
0.357
0.314
0.395
0.316
0.435
0.343
0.413
0.247
0.291
0.388
0.409
0.455
0.335
0.375
0.38
0.421
0.495
0.369
0.16
0.215
0.191
0.205
0.29
0.099
0.011
-0.08
-0.089
-0.235
-0.544
-0.573
-0.662
-0.749
-0.921
-0.873
-0.849
-0.844
-0.993
-1.022
-0.939
-1.026
-1.094
-0.958
-0.845
-0.943
-0.917
-0.81
-0.782
-0.751
-0.802
-0.565
-0.454
-0.39
-0.344
-0.265
-0.175
-0.075
-0.098
-0.241
-0.069
-0.059
-0.129
0.022
0.07
0.131
0.083
-0.015
0.109
0.149
0.22
0.229
0.316
0.546
0.625
0.445
0.478
0.224
0.208
0.249
0.271
0.285
0.179
0.006
0.081
0.036
0.037
-0.064
-0.193
-0.095
-0.226
-0.221
-0.259
-0.349
-0.586
-0.596
-0.735
-0.708
-0.706
-0.701
-0.985
-0.795
-0.759
-0.509
-0.333
-0.336
-0.166
0.179
0.21
0.194
0.254
0.338
0.111
0.163
0.328
0.356
0.343
0.391
0.571
0.576
0.315
0.155
0.02
-0.007
0.09
0.048
-0.099
-0.216
-0.152
-0.061
-0.007
0.011
-0.072
-0.154
0.037
0.02
-0.046
-0.08
-0.072
0.015
0.09
0.044
0.025
0.03
0.009
0.04
-0.043
-0.025
-0.069
0.062
-0.056
-0.013
-0.103
-0.176
-0.066
-0.062
0.015
0.06
0.058
0.13
0.276
0.229
0.055
-0.135
-0.294
-0.383
-0.514
-0.574
-0.49
-0.424
-0.344
-0.239
-0.273
-0.06
-0.154
-0.225
-0.275
-0.184
-0.099
-0.059
-0.155
-0.17
-0.19
-0.171
-0.289
-0.244
-0.15
0.099
0.179
0.121
0.3
0.129
0.242
0.35
0.175
0.122
0.188
0.271
0.389
0.349
0.242
0.19
0.226
0.229
0.126
0.019
-0.211
-0.233
-0.273
-0.427
-0.325
-0.181
-0.276
-0.314
-0.198
-0.36
-0.256
-0.281
-0.344
-0.143
-0.083
-0.001
-0.052
0.039
-0.186
-0.176
-0.346
-0.156
-0.01
0.0
0.234
0.304
0.336
0.409
0.286
0.276
0.194
0.17
0.143
0.171
0.05
0.171
0.253
0.341
0.499
0.561
0.616
0.594
0.415
0.499
0.398
0.352
0.324
0.289
0.255
0.189
0.274
0.394
0.411
0.351
0.471
0.519
0.624
0.487
0.583
0.446
0.549
0.375
0.321
0.134
0.05
0.154
0.175
0.168
0.406
0.43
0.63
0.631
0.682
0.536
0.531
0.566
0.566
0.406
0.485
0.459
0.395
0.405
0.324
0.345
0.289
0.259
0.247
0.089
0.039
0.034
-0.229
-0.295
-0.371
-0.489
-0.505
-0.542
-0.48
-0.495
-0.393
-0.506
-0.438
-0.486
-0.385
-0.436
-0.522
-0.568
-0.751
-0.782
-0.716
-0.654
-0.652
-0.5
-0.591
-0.487
-0.435
-0.461
-0.443
-0.245
-0.081
0.109
0.275
0.541
0.574
0.69
0.784
0.897
0.805
1.035
1.093
1.097
1.371
1.32
1.433
1.57
1.593
1.62
1.8
1.919
2.044
2.051
2.01
2.156
2.248
2.152
2.201
2.125
2.027
1.873
1.649
1.214
1.13
1.089
0.955
0.726
0.84
0.715
0.519
0.455
0.305
0.115
0.226
-0.255
-0.164
-0.208
-0.324
-0.475
-0.568
-0.501
-0.914
-0.995
-1.174
-1.149
-0.83
-0.824
-0.91
-0.696
-0.776
-0.679
-0.56
-0.519
-0.455
-0.266
-0.393
-0.385
-0.606
-0.656
-0.669
-0.726
-0.843
-0.729
-1.024
-0.946
-0.766
-0.856
-0.816
-0.807
-0.636
-0.585
-0.388
-0.487
-0.768
-0.571
-0.795
-0.754
-0.427
-0.487
-0.699
-0.589
-0.56
-0.786
-0.703
-0.65
-0.534
-0.408
-0.36
-0.266
-0.32
-0.43
-0.354
-0.393
-0.385
-0.356
-0.25
-0.223
-0.276
-0.209
-0.274
-0.278
-0.413
-0.395
-0.246
-0.33
-0.326
-0.336
-0.335
-0.449
-0.378
-0.247
-0.188
-0.135
-0.059
-0.029
0.114
0.231
-0.018
0.101
0.2
0.352
0.385
0.318
0.188
0.273
0.299
0.25
0.38
0.147
-0.099
-0.193
-0.044
-0.136
-0.083
-0.22
-0.147
-0.273
-0.354
-0.355
-0.339
-0.19
-0.246
-0.432
-0.491
-0.364
-0.403
-0.434
-0.294
-0.312
-0.244
0.089
0.115
0.203
0.316
0.807
0.69
0.787
0.869
0.961
1.159
1.298
1.429
1.351
1.363
1.311
1.239
1.123
0.945
1.115
1.09
1.085
0.956
0.889
0.812
0.642
0.662
0.424
0.486
0.581
0.381
0.305
0.244
0.276
0.07
0.185
0.013
-0.101
-0.473
-0.626
-0.36
-0.485
-0.51
-0.584
-0.594
-0.372
-0.44
-0.468
-0.729
-0.654
-0.876
-0.866
-0.969
-1.034
-0.934
-1.0
-0.799
-0.661
-0.603
-0.511
-0.552
-0.296
-0.323
-0.24
-0.107
0.001
0.065
-0.106
-0.039
-0.095
-0.065
-0.06
0.076
0.128
-0.018
0.026
-0.026
-0.149
-0.046
-0.092
-0.365
-0.321
-0.48
-0.401
-0.645
-0.615
-0.726
-0.649
-0.774
-0.993
-0.9
-0.851
-0.825
-0.765
-0.784
-0.536
-0.47
-0.537
-0.529
-0.642
-0.489
-0.606
-0.62
-0.715
-0.635
-0.601
-0.389
-0.405
-0.245
-0.323
-0.134
-0.035
-0.12
0.034
-0.02
0.051
0.134
0.22
0.174
0.304
0.399
0.503
0.43
0.383
0.261
0.258
0.329
0.144
0.062
0.265
0.274
0.292
0.292
0.154
0.019
0.11
0.009
0.074
-0.085
-0.06
-0.176
-0.155
-0.099
-0.27
-0.301
-0.421
-0.326
-0.504
-0.453
-0.3
-0.17
-0.145
-0.339
-0.319
-0.556
-0.301
-0.326
-0.052
-0.106
-0.129
0.152
-0.022
0.188
0.076
0.333
0.299
0.241
0.312
0.302
0.355
0.263
0.061
0.009
0.1
-0.088
-0.026
0.028
-0.269
0.113
-0.176
-0.366
-0.12
-0.08
-0.165
-0.189
-0.184
-0.1
-0.066
0.184
0.312
0.283
0.238
0.344
0.345
0.158
0.166
0.126
0.075
0.081
0.075
0.09
0.04
-0.118
-0.026
-0.037
-0.161
0.046
-0.196
0.046
0.18
0.191
0.191
0.19
0.231
0.226
0.254
0.101
0.151
0.091
-0.07
0.105
-0.051
-0.133
-0.2
-0.22
-0.164
-0.139
-0.395
-0.468
-0.365
-0.603
-0.708
-0.544
-0.584
-0.506
-0.449
-0.369
-0.389
-0.357
-0.465
-0.31
-0.168
-0.146
-0.114
-0.253
-0.196
-0.029
-0.056
-0.039
0.03
0.007
0.048
-0.034
-0.04
-0.02
0.098
0.275
0.415
0.438
0.463
0.53
0.552
0.583
0.633
0.629
0.715
0.782
0.846
0.995
0.97
1.029
1.052
0.959
1.125
1.276
1.196
1.136
1.022
1.015
0.906
0.616
0.611
0.537
0.51
0.659
0.631
0.642
0.591
0.321
0.203
0.44
0.534
0.314
0.253
0.143
0.061
0.051
0.149
0.136
-0.091
0.031
0.028
0.104
0.195
0.114
0.274
0.236
0.334
0.306
0.309
0.413
0.271
0.17
0.176
0.02
0.037
0.065
0.226
0.179
0.366
0.512
0.517
0.311
0.141
0.134
-0.104
-0.195
-0.547
-0.326
-0.403
-0.588
-0.381
-0.635
-0.77
-0.731
-0.675
-0.57
-0.61
-0.656
-0.526
-0.529
-0.51
-0.469
-0.473
-0.484
-0.398
-0.344
-0.417
-0.281
-0.367
-0.121
-0.141
-0.155
-0.154
0.004
-0.076
-0.246
-0.355
-0.496
-0.285
-0.278
-0.16
-0.152
-0.111
-0.015
0.048
0.01
-0.018
0.029
-0.055
-0.014
-0.086
-0.051
-0.106
-0.07
-0.215
-0.128
-0.312
0.08
0.009
-0.314
-0.247
-0.191
-0.134
0.101
0.14
0.113
0.146
0.098
0.215
0.007
-0.095
-0.281
-0.205
-0.291
-0.284
-0.171
-0.206
-0.297
-0.329
-0.316
-0.242
-0.249
-0.159
-0.139
-0.345
-0.345
-0.235
-0.168
-0.174
-0.085
0.019
-0.236
-0.24
-0.348
-0.504
-0.599
-0.441
-0.299
-0.408
-0.225
-0.234
-0.136
-0.094
-0.143
-0.246
-0.311
-0.379
-0.357
-0.415
-0.48
-0.333
-0.32
-0.104
0.051
0.301
0.463
0.66
0.917
1.024
1.145
1.219
1.124
0.974
0.925
1.069
0.941
1.022
1.073
0.939
0.986
1.001
0.869
0.656
0.706
0.6
0.834
0.726
0.661
0.806
0.774
0.624
0.645
0.685
0.556
0.45
0.43
0.376
0.366
0.219
0.226
0.146
0.039
0.031
0.046
0.121
0.145
0.135
0.26
0.271
0.371
0.432
0.396
0.32
0.329
0.241
0.175
0.107
0.186
0.198
0.268
0.264
0.182
0.2
0.271
0.261
0.171
-0.056
0.024
-0.013
0.034
0.025
0.06
0.181
0.051
0.105
0.147
0.2
-0.004
-0.075
-0.143
-0.179
-0.205
-0.292
-0.346
-0.19
-0.034
0.056
0.084
0.028
0.151
0.215
0.114
0.154
0.23
0.144
0.136
0.055
0.107
0.028
-0.179
-0.16
-0.208
-0.152
-0.186
-0.151
-0.29
-0.549
-0.674
-0.871
-0.945
-0.763
-0.435
-0.716
-0.638
-0.833
-0.641
-0.555
-0.618
-0.321
-0.23
-0.371
-0.21
-0.066
-0.071
-0.048
0.15
0.16
0.177
0.206
0.443
0.473
0.546
0.659
0.781
0.94
0.907
0.98
0.968
0.96
0.859
1.008
0.995
0.823
0.768
0.67
0.579
0.41
0.651
0.291
0.385
0.264
0.09
0.105
0.201
0.255
0.01
-0.055
0.062
0.354
0.23
0.383
0.445
0.677
0.511
0.552
0.61
0.401
0.383
0.41
0.536
0.411
0.466
0.19
0.33
0.259
0.106
0.154
0.225
0.273
0.206
0.024
0.004
-0.044
-0.165
-0.18
0.021
-0.083
-0.173
-0.001
-0.255
-0.35
-0.286
-0.515
-0.379
-0.056
0.259
0.179
0.364
0.381
0.265
0.199
0.198
0.119
0.048
0.106
-0.264
-0.184
-0.22
-0.033
0.163
0.42
0.356
0.419
0.623
0.835
0.904
0.854
0.776
0.999
1.011
1.115
1.21
0.993
1.276
1.074
1.022
1.008
1.124
1.184
1.173
1.397
1.43
1.397
1.346
1.174
1.002
0.729
0.743
0.728
0.667
0.618
0.458
0.297
0.473
0.228
0.15
-0.297
-0.219
-0.181
-0.254
-0.404
-0.42
-0.479
-0.43
-0.585
-0.589
