0.446
0.156
0.015
0.039
0.094
0.046
0.164
0.271
0.253
0.408
0.365
0.444
0.479
0.427
0.304
0.221
0.098
0.135
0.209
0.144
0.124
-0.013
0.122
0.091
0.182
0.409
0.301
0.208
0.265
0.198
0.143
0.188
0.141
0.357
0.314
0.395
0.316
0.435
0.343
0.413
0.247
0.291
0.388
0.409
0.455
0.335
0.375
0.38
0.421
0.495
0.369
0.16
0.215
0.191
0.205
0.29
0.099
0.011
-0.08
-0.089
-0.235
-0.544
-0.573
-0.662
-0.749
-0.921
-0.873
-0.849
-0.844
-0.993
-1.022
-0.939
-1.026
-1.094
-0.958
-0.845
-0.943
-0.917
-0.81
-0.782
-0.751
-0.802
-0.565
-0.454
-0.39
-0.344
-0.265
-0.175
-0.075
-0.098
-0.241
-0.069
-0.059
-0.129
0.022
0.07
0.131
0.083
-0.015
0.109
0.149
0.22
0.229
0.316
0.546
0.625
0.445
0.478
0.224
0.208
0.249
0.271
0.285
0.179
0.006
0.081
0.036
0.037
-0.064
-0.193
-0.095
-0.226
-0.221
-0.259
-0.349
-0.586
-0.596
-0.735
-0.708
-0.706
-0.701
-0.985
-0.795
-0.759
-0.509
-0.333
-0.336
-0.166
0.179
0.21
0.194
0.254
0.338
0.111
0.163
0.328
0.356
0.343
0.391
0.571
0.576
0.315
0.155
0.02
-0.007
0.09
0.048
-0.099
-0.216
-0.152
-0.061
-0.007
0.011
-0.072
-0.154
0.037
0.02
-0.046
-0.08
-0.072
0.015
0.09
0.044
0.025
0.03
0.009
0.04
-0.043
-0.025
-0.069
0.062
-0.056
-0.013
-0.103
-0.176
-0.066
-0.062
0.015
0.06
0.058
0.13
0.276
0.229
0.055
-0.135
-0.294
-0.383
-0.514
-0.574
-0.49
-0.424
-0.344
-0.239
-0.273
-0.06
-0.154
-0.225
-0.275
-0.184
-0.099
-0.059
-0.155
-0.17
-0.19
-0.171
-0.289
-0.244
-0.15
0.099
0.179
0.121
0.3
0.129
0.242
0.35
0.175
0.122
0.188
0.271
0.389
0.349
0.242
0.19
0.226
0.229
0.126
0.019
-0.211
-0.233
-0.273
-0.427
-0.325
-0.181
-0.276
-0.314
-0.198
-0.36
-0.256
-0.281
-0.344
-0.143
-0.083
-0.001
-0.052
0.039
-0.186
-0.176
-0.346
-0.156
-0.01
0.0
0.234
0.304
0.336
0.409
0.286
0.276
0.194
0.17
0.143
0.171
0.05
0.171
0.253
0.341
0.499
0.561
0.616
0.594
0.415
0.499
0.398
0.352
0.324
0.289
0.255
0.189
0.274
0.394
0.411
0.351
0.471
0.519
0.624
0.487
0.583
0.446
0.549
0.375
0.321
0.134
0.05
0.154
0.175
0.168
0.406
0.43
0.63
0.631
0.682
0.536
0.531
0.566
0.566
0.406
0.485
0.459
0.395
0.405
0.324
0.345
0.289
0.259
0.247
0.089
0.039
0.034
-0.229
-0.295
-0.371
-0.489
-0.505
-0.542
-0.48
-0.495
-0.393
-0.506
-0.438
-0.486
-0.385
-0.436
-0.522
-0.568
-0.751
-0.782
-0.716
-0.654
-0.652
-0.5
-0.591
-0.487
-0.435
-0.461
-0.443
-0.245
-0.081
0.109
0.275
0.541
0.574
0.69
0.784
0.897
0.805
1.035
1.093
1.097
1.371
1.32
1.433
1.57
1.593
1.62
1.8
1.919
2.044
2.051
2.01
2.156
2.248
2.152
2.201
2.125
2.027
1.873
1.649
1.214
1.13
1.089
0.955
0.726
0.84
0.715
0.519
0.455
0.305
0.115
0.226
-0.255
-0.164
-0.208
-0.324
-0.475
-0.568
-0.501
-0.914
-0.995
-1.174
-1.149
-0.83
-0.824
-0.91
-0.696
-0.776
-0.679
-0.56
-0.519
-0.455
-0.266
-0.393
-0.385
-0.606
-0.656
-0.669
-0.726
-0.843
-0.729
-1.024
-0.946
-0.766
-0.856
-0.816
-0.807
-0.636
-0.585
-0.388
-0.487
-0.768
-0.571
-0.795
-0.754
-0.427
-0.487
-0.699
-0.589
-0.56
-0.786
-0.703
-0.65
-0.534
-0.408
-0.36
-0.266
-0.32
-0.43
-0.354
-0.393
-0.385
-0.356
-0.25
-0.223
-0.276
-0.209
-0.274
-0.278
-0.413
-0.395
-0.246
-0.33
-0.326
-0.336
-0.335
-0.449
-0.378
-0.247
-0.188
-0.135
-0.059
-0.029
0.114
0.231
-0.018
0.101
0.2
0.352
0.385
0.318
0.188
0.273
0.299
0.25
0.38
0.147
-0.099
-0.193
-0.044
-0.136
-0.083
-0.22
-0.147
-0.273
-0.354
-0.355
-0.339
-0.19
-0.246
-0.432
-0.491
-0.364
-0.403
-0.434
-0.294
-0.312
-0.244
0.089
0.115
0.203
0.316
0.807
0.69
0.787
0.869
0.961
1.159
1.298
1.429
1.351
1.363
1.311
1.239
1.123
0.945
1.115
1.09
1.085
0.956
0.889
0.812
0.642
0.662
0.424
0.486
0.581
0.381
0.305
0.244
0.276
0.07
0.185
0.013
-0.101
-0.473
-0.626
-0.36
-0.485
-0.51
-0.584
-0.594
-0.372
-0.44
-0.468
-0.729
-0.654
-0.876
-0.866
-0.969
-1.034
-0.934
-1.0
-0.799
-0.661
-0.603
-0.511
-0.552
-0.296
-0.323
-0.24
-0.107
0.001
0.065
-0.106
-0.039
-0.095
-0.065
-0.06
0.076
0.128
-0.018
0.026
-0.026
-0.149
-0.046
-0.092
-0.365
-0.321
-0.48
-0.401
-0.645
-0.615
-0.726
-0.649
-0.774
-0.993
-0.9
-0.851
-0.825
-0.765
-0.784
-0.536
-0.47
-0.537
-0.529
-0.642
-0.489
-0.606
-0.62
-0.715
-0.635
-0.601
-0.389
-0.405
-0.245
-0.323
-0.134
-0.035
-0.12
0.034
-0.02
0.051
0.134
0.22
0.174
0.304
0.399
0.503
0.43
0.383
0.261
0.258
0.329
0.144
0.062
0.265
0.274
0.292
0.292
0.154
0.019
0.11
0.009
0.074
-0.085
-0.06
-0.176
-0.155
-0.099
-0.27
-0.301
-0.421
-0.326
-0.504
-0.453
-0.3
-0.17
-0.145
-0.339
-0.319
-0.556
-0.301
-0.326
-0.052
-0.106
-0.129
0.152
-0.022
0.188
0.076
0.333
0.299
0.241
0.312
0.302
0.355
0.263
0.061
0.009
0.1
-0.088
-0.026
0.028
-0.269
0.113
-0.176
-0.366
-0.12
-0.08
-0.165
-0.189
-0.184
-0.1
-0.066
0.184
0.312
0.283
0.238
0.344
0.345
0.158
0.166
0.126
0.075
0.081
0.075
0.09
0.04
-0.118
-0.026
-0.037
-0.161
0.046
-0.196
0.046
0.18
0.191
0.191
0.19
0.231
0.226
0.254
0.101
0.151
0.091
-0.07
0.105
-0.051
-0.133
-0.2
-0.22
-0.164
-0.139
-0.395
-0.468
-0.365
-0.603
-0.708
-0.544
-0.584
-0.506
-0.449
-0.369
-0.389
-0.357
-0.465
-0.31
-0.168
-0.146
-0.114
-0.253
-0.196
-0.029
-0.056
-0.039
0.03
0.007
0.048
-0.034
-0.04
-0.02
0.098
0.275
0.415
0.438
0.463
0.53
0.552
0.583
0.633
0.629
0.715
0.782
0.846
0.995
0.97
1.029
1.052
0.959
1.125
1.276
1.196
1.136
1.022
1.015
0.906
0.616
0.611
0.537
0.51
0.659
0.631
0.642
0.591
0.321
0.203
0.44
0.534
0.314
0.253
0.143
0.061
0.051
0.149
0.136
-0.091
0.031
0.028
0.104
0.195
0.114
0.274
0.236
0.334
0.306
0.309
0.413
0.271
0.17
0.176
0.02
0.037
0.065
0.226
0.179
0.366
0.512
0.517
0.311
0.141
0.134
-0.104
-0.195
-0.547
-0.326
-0.403
-0.588
-0.381
-0.635
-0.77
-0.731
-0.675
-0.57
-0.61
-0.656
-0.526
-0.529
-0.51
-0.469
-0.473
-0.484
-0.398
-0.344
-0.417
-0.281
-0.367
-0.121
-0.141
-0.155
-0.154
0.004
-0.076
-0.246
-0.355
-0.496
-0.285
-0.278
-0.16
-0.152
-0.111
-0.015
0.048
0.01
-0.018
0.029
-0.055
-0.014
-0.086
-0.051
-0.106
-0.07
-0.215
-0.128
-0.312
0.08
0.009
-0.314
-0.247
-0.191
-0.134
0.101
0.14
0.113
0.146
0.098
0.215
0.007
-0.095
-0.281
-0.205
-0.291
-0.284
-0.171
-0.206
-0.297
-0.329
-0.316
-0.242
-0.249
-0.159
-0.139
-0.345
-0.345
-0.235
-0.168
-0.174
-0.085
0.019
-0.236
-0.24
-0.348
-0.504
-0.599
-0.441
-0.299
-0.408
-0.225
-0.234
-0.136
-0.094
-0.143
-0.246
-0.311
-0.379
-0.357
-0.415
-0.48
-0.333
-0.32
-0.104
0.051
0.301
0.463
0.66
0.917
1.024
1.145
1.219
1.124
0.974
0.925
1.069
0.941
1.022
1.073
0.939
0.986
1.001
0.869
0.656
0.706
0.6
0.834
0.726
0.661
0.806
0.774
0.624
0.645
0.685
0.556
0.45
0.43
0.376
0.366
0.219
0.226
0.146
0.039
0.031
0.046
0.121
0.145
0.135
0.26
0.271
0.371
0.432
0.396
0.32
0.329
0.241
0.175
0.107
0.186
0.198
0.268
0.264
0.182
0.2
0.271
0.261
0.171
-0.056
0.024
-0.013
0.034
0.025
0.06
0.181
0.051
0.105
0.147
0.2
-0.004
-0.075
-0.143
-0.179
-0.205
-0.292
-0.346
-0.19
-0.034
0.056
0.084
0.028
0.151
0.215
0.114
0.154
0.23
0.144
0.136
0.055
0.107
0.028
-0.179
-0.16
-0.208
-0.152
-0.186
-0.151
-0.29
-0.549
-0.674
-0.871
-0.945
-0.763
-0.435
-0.716
-0.638
-0.833
-0.641
-0.555
-0.618
-0.321
-0.23
-0.371
-0.21
-0.066
-0.071
-0.048
0.15
0.16
0.177
0.206
0.443
0.473
0.546
0.659
0.781
0.94
0.907
0.98
0.968
0.96
0.859
1.008
0.995
0.823
0.768
0.67
0.579
0.41
0.651
0.291
0.385
0.264
0.09
0.105
0.201
0.255
0.01
-0.055
0.062
0.354
0.23
0.383
0.445
0.677
0.511
0.552
0.61
0.401
0.383
0.41
0.536
0.411
0.466
0.19
0.33
0.259
0.106
0.154
0.225
0.273
0.206
0.024
0.004
-0.044
-0.165
-0.18
0.021
-0.083
-0.173
-0.001
-0.255
-0.35
-0.286
-0.515
-0.379
-0.056
0.259
0.179
0.364
0.381
0.265
0.199
0.198
0.119
0.048
0.106
-0.264
-0.184
-0.22
-0.033
0.163
0.42
0.356
0.419
0.623
0.835
0.904
0.854
0.776
0.999
1.011
1.115
1.21
0.993
1.276
1.074
1.022
1.008
1.124
1.184
1.173
1.397
1.43
1.397
1.346
1.174
1.002
0.729
0.743
0.728
0.667
0.618
0.458
0.297
0.473
0.228
0.15
-0.297
-0.219
-0.181
-0.254
-0.404
-0.42
-0.479
-0.43
-0.585
-0.589
-0.671
-0.609
-0.529
-0.411
-0.401
-0.316
-0.214
-0.224
-0.338
-0.489
-0.316
-0.263
-0.168
-0.271
-0.312
-0.216
-0.208
-0.086
-0.147
0.005
0.081
0.383
0.388
0.36
0.44
0.28
0.539
0.554
0.376
0.319
0.305
0.312
0.266
0.312
0.094
-0.107
-0.381
-0.489
-0.618
-0.795
-0.855
-0.776
-0.848
-0.915
-1.004
-0.954
-0.959
-0.991
-1.133
-1.284
-1.396
-1.389
-1.444
-1.308
-1.279
-1.266
-1.292
-1.134
-1.073
-1.014
-0.904
-0.94
-0.894
-0.734
-0.869
-0.945
-0.782
-0.812
-0.635
-0.517
-0.335
-0.325
-0.361
-0.209
-0.092
0.11
0.036
0.12
0.135
0.242
0.383
0.422
0.304
0.316
0.359
0.131
0.064
-0.006
-0.074
-0.003
0.013
0.285
0.138
-0.144
-0.164
-0.194
-0.179
-0.297
-0.245
-0.196
-0.281
-0.323
-0.216
-0.151
-0.268
-0.118
-0.164
-0.086
-0.336
-0.389
-0.458
-0.527
-0.394
-0.461
-0.556
-0.564
-0.799
-0.879
-0.949
-0.912
-1.009
-1.064
-0.863
-1.059
-0.874
-0.874
-0.787
-0.642
-0.68
-0.719
-0.68
-0.601
-0.529
-0.427
-0.482
-0.408
-0.371
-0.241
-0.181
-0.366
-0.547
-0.539
-0.484
-0.62
-0.609
-0.615
-0.401
-0.481
-0.741
-0.599
-0.691
-0.546
-0.46
-0.491
-0.515
-0.636
-0.496
-0.328
-0.35
-0.122
0.06
0.336
0.4
0.541
0.478
0.631
0.591
0.527
0.65
0.703
0.608
0.424
0.561
0.657
0.531
0.459
0.367
0.261
0.216
0.149
0.348
0.176
0.048
0.145
-0.084
-0.256
-0.307
-0.23
-0.312
-0.484
-0.385
-0.136
-0.291
-0.352
-0.288
-0.119
-0.268
-0.088
-0.156
-0.03
0.059
0.05
-0.034
-0.086
-0.17
0.251
0.052
0.372
0.111
0.166
0.091
-0.064
-0.043
-0.054
-0.04
-0.154
-0.49
-0.471
-0.625
-0.654
-0.562
-0.465
-0.453
-0.445
-0.425
-0.291
-0.383
-0.335
-0.329
-0.374
-0.274
-0.284
-0.19
-0.174
-0.069
-0.071
0.03
0.022
0.036
0.161
0.216
0.351
0.537
0.438
0.559
0.695
0.772
0.848
0.995
1.002
1.101
1.204
1.039
1.256
1.335
1.326
1.288
1.276
1.039
0.96
0.879
0.853
0.764
0.844
0.591
0.514
0.459
0.465
0.391
0.286
0.432
0.25
0.374
0.247
0.401
0.235
0.376
0.444
0.338
0.46
0.261
0.186
0.25
0.124
0.154
-0.129
-0.356
-0.434
-0.685
-0.973
-1.048
-0.88
-1.078
-1.064
-1.051
-1.085
-1.101
-1.144
-1.157
-1.137
-1.056
-1.153
-0.864
-0.792
-0.419
-0.403
-0.478
-0.495
-0.539
-0.68
-0.763
-0.649
-0.792
-0.88
-0.895
-0.891
-0.834
-0.886
-0.804
-0.652
-0.623
-0.621
-0.772
-0.725
-0.766
-0.682
-0.606
-0.456
-0.349
-0.495
-0.535
-0.524
-0.496
-0.529
-0.37
-0.301
-0.129
-0.03
0.264
0.254
0.241
0.37
0.461
0.381
0.309
0.454
0.654
0.731
0.789
0.946
1.014
1.153
1.058
1.324
1.174
1.111
1.06
0.731
0.927
0.823
0.753
0.672
0.534
0.386
0.19
0.286
0.029
-0.03
-0.158
-0.211
-0.36
-0.288
-0.309
-0.445
-0.588
-0.569
-0.595
-0.726
-0.696
-0.7
-0.499
-0.571
-0.641
-0.379
-0.395
-0.465
-0.499
-0.497
-0.503
-0.58
-0.811
-0.679
-0.736
-0.726
-0.633
-0.511
-0.489
-0.378
-0.302
-0.11
0.048
0.146
0.219
0.286
0.375
0.422
0.289
0.393
0.508
0.406
0.405
0.454
0.586
0.634
0.6
0.787
0.8
0.919
0.92
0.875
0.833
0.661
0.655
0.723
0.535
0.649
0.566
0.646
0.638
0.58
0.599
0.66
0.735
0.728
0.605
0.598
0.527
0.496
0.441
0.519
0.465
0.526
0.64
0.568
0.67
0.754
0.825
0.901
0.864
0.906
0.925
0.959
0.917
1.26
1.068
1.157
0.948
0.881
0.974
0.721
0.7
0.495
0.306
0.195
0.144
0.173
0.081
0.115
-0.029
-0.036
-0.065
-0.055
-0.072
0.251
0.249
0.256
0.316
0.279
0.294
0.241
0.242
0.393
0.449
0.646
0.571
0.73
0.711
0.615
0.522
0.372
0.184
0.652
0.431
0.312
0.271
0.274
0.362
0.549
0.463
0.384
0.158
0.118
0.171
0.245
0.14
0.141
0.386
0.504
0.662
0.589
0.642
0.69
0.861
0.922
0.899
0.73
0.723
0.738
0.83
0.821
0.625
0.787
0.83
0.684
0.598
0.669
0.65
0.724
0.516
0.348
0.29
0.17
0.283
0.17
0.044
0.111
0.045
-0.115
0.034
-0.02
-0.326
-0.31
-0.304
-0.307
-0.265
-0.329
-0.344
-0.336
-0.19
-0.326
-0.217
-0.334
-0.263
-0.17
-0.325
-0.191
-0.17
-0.286
-0.168
-0.26
-0.318
-0.216
-0.186
-0.122
-0.126
-0.394
-0.151
-0.077
0.051
0.069
0.011
0.154
0.147
0.029
-0.182
-0.576
-0.594
-0.701
-0.586
-0.656
-0.584
-0.5
-0.542
-0.571
-0.606
-0.589
-0.346
-0.296
-0.114
-0.383
-0.379
-0.295
-0.47
-0.362
-0.104
-0.163
0.27
0.263
0.114
0.206
0.346
0.504
0.369
0.48
0.485
0.214
0.304
0.156
0.254
0.135
0.416
0.549
0.654
0.96
0.963
0.995
0.958
1.066
1.008
0.915
0.894
0.805
0.829
0.705
0.698
0.466
0.638
0.916
0.978
0.973
0.912
0.853
0.499
0.33
0.119
-0.085
-0.325
-0.394
-0.468
-0.46
-0.8
-0.86
-0.943
-1.177
-1.33
-1.448
-1.489
-1.548
-1.635
-1.77
-1.785
-1.709
-1.749
-1.56
-1.502
-1.429
-1.589
-1.371
-1.341
-1.119
-0.99
-0.711
-0.516
-0.525
-0.47
-0.422
-0.46
-0.618
-0.501
-0.466
-0.29
0.099
0.203
0.245
0.331
0.367
0.686
0.809
0.924
0.97
0.888
0.781
0.733
0.644
0.638
0.685
0.628
0.527
0.365
0.459
0.501
0.57
0.311
0.346
0.285
0.206
0.26
-0.021
0.074
-0.122
-0.344
-0.37
-0.443
-0.409
-0.509
-0.367
-0.367
-0.121
-0.211
-0.124
-0.098
-0.21
-0.059
-0.025
-0.198
-0.006
-0.001
-0.101
-0.169
-0.18
-0.189
-0.247
-0.138
-0.206
-0.32
-0.269
-0.11
-0.037
-0.08
-0.03
-0.209
-0.1
-0.072
-0.18
-0.168
-0.024
0.036
0.122
0.122
0.184
0.091
0.021
-0.06
-0.103
-0.214
-0.037
-0.024
-0.05
-0.111
-0.072
-0.295
-0.154
-0.221
-0.398
-0.441
-0.361
-0.434
-0.545
-0.633
-0.639
-0.66
-0.585
-0.584
-0.549
-0.547
-0.557
-0.376
-0.229
-0.163
-0.036
0.229
0.276
0.346
0.334
0.425
0.185
0.071
0.001
-0.043
-0.271
-0.212
-0.224
-0.136
-0.114
-0.141
-0.214
-0.254
-0.242
-0.318
-0.281
-0.316
-0.2
-0.336
-0.229
-0.169
-0.38
-0.11
-0.221
-0.324
-0.45
-0.33
-0.234
-0.158
-0.256
-0.255
-0.126
-0.079
-0.165
-0.212
-0.269
-0.242
-0.212
-0.12
-0.03
-0.111
-0.161
-0.159
-0.131
-0.096
-0.219
-0.154
-0.1
-0.054
0.036
0.106
0.122
0.182
0.054
0.111
0.179
0.314
0.339
0.473
0.58
0.677
0.619
0.615
0.641
0.564
0.521
0.131
0.448
0.051
0.003
0.05
-0.246
-0.409
-0.508
-0.631
-0.901
-0.92
-0.953
-0.91
-0.82
-0.854
-0.769
-0.667
-0.721
-0.69
-0.649
-0.754
-0.825
-0.78
-0.642
-0.601
-0.562
-0.547
-0.301
-0.159
-0.194
-0.312
-0.362
-0.301
-0.154
0.098
0.294
0.371
0.396
0.511
0.403
0.355
0.459
0.384
0.424
0.328
0.305
0.422
0.274
0.208
0.046
-0.058
-0.024
-0.201
0.055
0.105
0.133
0.216
0.086
0.034
-0.171
-0.141
0.031
-0.058
-0.028
-0.074
-0.001
0.044
0.103
-0.02
0.062
-0.129
-0.099
0.031
-0.184
-0.09
-0.253
-0.417
-0.182
-0.331
-0.398
-0.44
-0.27
-0.22
-0.281
-0.499
-0.263
-0.035
-0.059
-0.133
-0.052
-0.014
-0.131
-0.121
-0.11
0.1
0.086
0.035
-0.219
-0.011
-0.021
-0.03
0.194
-0.128
-0.168
-0.049
0.074
0.307
0.115
-0.04
0.096
0.043
0.079
0.06
0.101
0.215
0.209
0.446
0.474
0.925
1.061
1.173
1.241
1.181
1.163
0.925
1.01
1.081
1.135
1.021
0.901
0.779
0.657
0.409
0.221
0.263
0.026
0.026
-0.147
-0.185
-0.325
-0.508
-0.435
-0.593
-0.766
-0.751
-0.974
-1.044
-1.036
-1.052
-0.948
-0.863
-0.681
-0.784
-0.821
-0.764
-0.79
-0.755
-0.664
-0.652
-0.693
-0.505
-0.516
-0.411
-0.323
-0.432
-0.258
-0.278
-0.226
-0.228
-0.061
0.154
0.27
0.27
0.334
0.307
0.4
0.425
0.44
0.427
0.481
0.343
0.328
0.381
0.371
0.58
0.573
0.485
0.765
0.889
0.675
0.573
0.764
0.616
0.608
0.616
0.839
0.745
0.78
0.75
0.829
0.629
0.811
0.569
0.41
0.318
0.35
0.404
0.21
0.174
0.295
0.296
0.288
0.113
0.139
0.292
0.156
0.085
-0.011
-0.152
-0.318
-0.307
-0.245
-0.359
-0.484
-0.445
-0.514
-0.539
-0.556
-0.657
-0.441
-0.685
-0.654
-0.676
-0.649
-0.63
-0.682
-0.393
-0.235
-0.16
-0.058
-0.165
-0.185
-0.12
-0.075
0.013
-0.104
0.03
0.049
0.242
0.393
0.195
0.214
-0.096
-0.138
-0.013
0.316
0.19
0.307
0.35
0.504
0.651
0.696
0.741
0.704
0.938
0.811
0.743
0.801
0.907
0.893
0.841
0.963
1.129
1.031
1.002
1.16
1.155
1.282
1.265
1.374
1.26
1.164
1.242
1.433
1.341
1.22
1.188
1.059
0.971
1.103
1.186
1.015
0.851
0.89
0.585
0.44
0.514
0.619
0.542
0.372
-0.006
0.054
-0.064
-0.281
-0.271
-0.177
-0.346
-0.351
-0.534
-0.62
-0.504
-0.729
-0.82
-0.812
-0.815
-0.723
-0.88
-0.676
-0.646
-0.716
-0.777
-0.64
-0.305
-0.463
-0.271
-0.443
-0.341
0.12
0.161
0.491
0.54
0.656
0.526
0.725
0.975
0.963
0.971
0.941
0.919
0.766
0.769
0.921
0.979
0.797
0.725
0.74
0.667
0.644
0.646
0.645
0.682
0.858
0.561
0.399
0.307
0.385
0.352
0.258
0.09
0.071
0.04
0.006
-0.056
-0.141
-0.583
-0.545
-0.571
-0.644
-0.578
-0.55
-0.516
-0.441
-0.436
-0.504
-0.453
-0.511
-0.633
-0.541
-0.833
-1.149
-1.331
-1.354
-1.245
-1.384
-1.364
-1.238
-1.019
-0.976
-0.72
-0.616
-0.659
-0.496
-0.569
-0.584
-0.583
-0.809
-0.844
-0.776
-0.865
-0.789
-0.924
-0.777
-0.854
-0.816
-0.661
-0.521
-0.454
-0.378
-0.539
-0.478
-0.314
-0.081
-0.156
-0.446
-0.485
-0.22
-0.074
0.24
0.264
0.532
0.439
0.751
1.034
1.319
1.591
1.548
1.633
1.541
1.599
1.617
1.646
1.79
1.752
1.713
1.83
1.651
1.534
1.361
1.268
1.201
0.971
0.869
0.56
0.585
0.46
0.436
0.182
0.02
-0.188
-0.12
-0.158
0.07
-0.01
0.076
0.174
-0.094
-0.125
-0.041
0.024
-0.009
