-0.451
-0.251
0.033
0.052
0.19
0.143
0.21
0.405
0.299
0.331
0.576
0.652
0.636
0.605
0.551
0.385
0.419
0.596
0.425
0.359
0.499
0.338
0.249
-0.024
0.028
0.061
0.072
0.014
-0.144
-0.146
-0.092
-0.306
-0.468
-0.556
-0.445
-0.307
-0.361
-0.344
-0.436
-0.469
-0.439
-0.425
-0.455
-0.441
-0.573
-0.601
-0.695
-0.63
-0.356
-0.288
0.188
-0.011
0.284
0.37
0.374
0.546
0.469
0.715
0.749
0.866
0.973
0.991
0.994
0.96
0.81
0.725
0.515
0.384
0.478
0.371
0.216
0.495
0.361
0.356
0.241
0.215
0.103
0.28
0.485
0.413
0.367
0.441
0.343
0.484
0.255
0.079
-0.003
-0.1
-0.075
-0.249
-0.217
-0.289
-0.343
-0.499
-0.438
-0.376
-0.279
-0.286
-0.009
-0.158
0.02
0.114
0.184
-0.084
0.083
0.075
-0.122
-0.004
-0.01
-0.079
0.077
-0.009
0.131
0.225
0.168
0.026
0.095
0.075
-0.046
-0.107
-0.099
-0.075
-0.043
-0.169
-0.269
-0.426
-0.463
-0.527
-0.43
-0.372
-0.444
-0.435
-0.576
-0.716
-0.64
-0.631
-0.584
-0.797
-0.706
-0.706
-0.561
-0.527
-0.517
-0.39
-0.422
-0.42
-0.555
-0.473
-0.723
-0.65
-0.51
-0.578
-0.611
-0.39
-0.505
-0.655
-0.67
-0.623
-0.531
-0.55
-0.756
-0.735
-0.624
-0.82
-0.705
-0.875
-0.811
-0.864
-0.774
-0.784
-0.755
-0.623
-0.614
-0.499
-0.636
-0.694
-0.62
-0.54
-0.715
-0.624
-0.43
-0.3
-0.11
0.039
-0.064
-0.165
-0.051
-0.024
0.084
-0.018
0.019
-0.055
-0.062
0.072
0.089
-0.005
0.169
0.05
0.0
0.221
0.276
0.394
0.376
0.62
0.561
0.381
0.286
0.329
0.384
0.163
0.211
0.297
0.306
0.328
0.355
0.43
0.464
0.484
0.394
0.351
0.391
0.499
0.532
0.311
0.135
0.109
0.147
0.216
0.23
0.154
0.194
0.359
0.455
0.535
0.44
0.405
0.426
0.305
0.355
0.355
0.362
0.331
0.367
0.231
0.131
0.161
0.166
0.126
-0.026
-0.105
-0.328
-0.464
-0.479
-0.484
-0.559
-0.561
-0.519
-0.585
-0.604
-0.576
-0.576
-0.5
-0.534
-0.564
-0.578
-0.662
-0.591
-0.694
-0.569
-0.596
-0.625
-0.486
-0.309
-0.264
-0.385
-0.67
-0.738
-0.654
-0.669
-0.786
-0.689
-0.677
-0.6
-0.564
-0.704
-0.789
-0.818
-0.611
-0.501
-0.372
-0.359
-0.173
-0.059
0.07
0.2
0.12
0.36
0.415
0.284
0.364
0.242
0.335
0.335
0.374
0.324
0.155
0.173
0.169
0.1
0.005
0.084
0.048
0.107
0.015
0.041
0.107
0.074
0.009
-0.065
-0.006
-0.116
-0.089
-0.189
0.056
-0.055
-0.26
-0.119
-0.138
-0.125
-0.193
-0.125
-0.116
-0.111
-0.188
-0.193
-0.136
-0.103
-0.26
-0.092
-0.161
-0.138
-0.154
-0.014
-0.154
0.096
0.001
0.025
0.131
0.065
0.189
0.094
0.098
0.225
0.263
0.201
0.215
0.385
0.246
0.312
0.479
0.388
0.43
0.375
0.357
0.408
0.294
0.401
0.336
0.11
0.021
-0.058
0.003
0.011
0.046
-0.14
-0.235
-0.229
-0.113
-0.206
-0.264
-0.314
-0.269
-0.131
-0.125
-0.101
0.036
0.076
0.083
0.228
0.195
0.315
0.301
0.544
0.646
0.726
0.769
0.861
0.734
0.733
0.589
0.679
0.531
0.395
0.361
0.532
0.568
0.264
0.445
0.326
0.191
0.256
0.223
0.223
0.163
0.255
0.236
0.211
0.219
0.215
0.091
0.004
-0.07
-0.278
-0.077
-0.276
-0.266
-0.246
-0.205
-0.177
-0.176
-0.281
-0.316
-0.385
-0.603
-0.512
-0.552
-0.656
-0.585
-0.786
-0.64
-0.615
-0.67
-0.529
-0.527
-0.557
-0.586
-0.508
-0.611
-0.456
-0.292
-0.357
-0.271
-0.367
-0.288
-0.075
-0.021
0.019
-0.134
0.007
0.049
0.182
0.239
0.42
0.343
0.336
0.375
0.318
0.461
0.269
0.25
0.251
0.289
0.367
0.25
0.122
0.062
-0.058
-0.095
-0.266
-0.374
-0.473
-0.54
-0.623
-0.608
-0.655
-0.823
-0.69
-0.739
-0.769
-0.715
-0.786
-0.786
-0.875
-0.843
-0.735
-0.711
-0.67
-0.599
-0.576
-0.569
-0.531
-0.379
-0.385
-0.319
-0.321
-0.224
-0.281
-0.351
-0.459
-0.284
-0.226
-0.297
-0.25
-0.099
-0.061
0.024
0.065
-0.098
-0.299
-0.138
-0.158
-0.177
-0.077
0.088
-0.193
-0.176
-0.176
-0.096
-0.124
-0.099
-0.092
-0.302
-0.325
-0.261
-0.17
-0.088
0.028
-0.028
-0.066
-0.039
0.088
0.175
0.144
0.185
0.124
0.026
0.173
0.174
0.198
0.103
0.23
0.365
0.294
0.326
0.23
0.399
0.618
0.539
0.646
0.749
0.595
0.787
0.844
0.846
0.851
0.759
0.864
0.797
0.7
0.763
0.7
0.799
0.838
0.902
0.755
0.509
0.547
0.393
0.259
0.209
0.096
0.033
-0.155
-0.174
-0.253
-0.206
-0.116
-0.033
0.037
-0.131
-0.119
-0.08
0.076
-0.005
-0.089
0.181
0.095
0.283
0.295
0.224
0.177
0.18
0.19
0.036
0.052
0.007
0.033
-0.041
-0.15
-0.194
-0.034
-0.071
0.052
0.096
0.09
0.129
0.004
-0.03
-0.184
-0.08
-0.028
-0.089
-0.246
-0.295
-0.364
-0.45
-0.306
-0.344
-0.478
-0.343
-0.145
-0.168
-0.299
-0.401
-0.43
-0.49
-0.366
-0.145
-0.171
-0.024
-0.152
-0.061
-0.009
-0.182
-0.33
-0.194
-0.288
-0.246
-0.212
-0.484
-0.494
-0.626
-0.546
-0.471
-0.404
-0.291
-0.211
-0.164
-0.229
-0.009
-0.129
-0.054
0.103
0.105
0.171
0.19
0.105
0.214
0.059
0.176
0.165
0.306
0.515
0.486
0.375
0.334
0.324
0.426
0.334
0.403
0.395
0.315
0.258
0.194
0.005
0.066
0.022
0.105
0.048
-0.009
-0.138
-0.04
-0.236
-0.001
-0.054
-0.131
-0.201
-0.25
-0.254
-0.205
-0.329
-0.31
-0.206
-0.219
-0.134
-0.251
-0.39
-0.45
-0.491
-0.494
-0.454
-0.568
-0.665
-0.775
-0.629
-0.581
-0.555
-0.584
-0.615
-0.671
-0.676
-0.701
-0.735
-0.655
-0.889
-0.873
-0.951
-0.805
-0.843
-0.56
-0.565
-0.578
-0.509
-0.532
-0.554
-0.497
-0.393
-0.286
-0.139
-0.08
-0.054
-0.013
-0.144
-0.034
-0.031
0.08
0.055
0.165
0.181
0.189
0.185
0.244
0.465
0.44
0.361
0.53
0.541
0.589
0.501
0.561
0.537
0.636
0.735
0.873
0.804
0.777
0.777
0.679
0.588
0.665
0.628
0.646
0.708
0.718
0.559
0.458
0.378
0.279
0.289
0.289
0.364
0.454
0.583
0.504
0.561
0.593
0.655
0.682
0.694
0.735
0.856
0.691
0.708
0.715
0.656
0.546
0.511
0.444
0.435
0.432
0.351
0.41
0.48
0.574
0.341
0.421
0.381
0.264
0.329
0.193
0.283
0.279
0.28
0.376
0.431
0.399
0.348
0.451
0.384
0.416
0.468
0.497
0.394
0.491
0.37
0.404
0.486
0.366
0.422
0.489
0.541
0.429
0.234
0.018
0.133
0.245
-0.077
-0.145
-0.266
-0.399
-0.517
-0.52
-0.584
-0.555
-0.588
-0.631
-0.56
-0.557
-0.521
-0.336
-0.443
-0.42
-0.355
-0.529
-0.37
-0.283
-0.044
0.007
0.113
0.245
0.268
0.261
0.324
0.311
0.241
0.188
0.114
0.161
0.249
0.511
0.576
0.6
0.649
0.636
0.444
0.419
0.464
0.242
0.266
0.271
0.273
0.244
0.336
0.165
0.215
0.035
0.228
0.474
0.33
0.389
0.331
0.511
0.559
0.425
0.404
0.35
0.406
0.273
0.251
0.061
0.203
0.301
0.236
0.297
0.356
0.356
0.107
0.177
0.288
0.14
0.086
-0.105
-0.091
-0.077
0.07
0.215
-0.041
-0.01
-0.156
-0.175
-0.355
-0.32
-0.484
-0.275
-0.448
-0.514
-0.411
-0.489
-0.438
-0.378
-0.256
-0.329
-0.214
-0.228
-0.06
-0.048
-0.105
-0.039
-0.191
0.06
0.163
0.196
0.367
0.126
0.061
0.219
0.276
0.47
0.583
0.734
0.709
0.86
0.858
0.926
0.968
0.888
1.228
0.993
1.344
1.32
1.25
1.349
1.39
1.356
1.314
1.213
1.051
1.021
0.921
0.821
1.097
0.954
0.976
0.775
0.72
0.596
0.401
0.503
0.49
0.241
0.13
0.094
0.062
0.028
-0.105
-0.146
-0.236
-0.224
-0.284
-0.404
-0.291
-0.422
-0.276
-0.458
-0.503
-0.292
-0.152
-0.205
-0.155
-0.163
-0.141
-0.124
0.13
0.061
0.03
0.323
0.242
0.434
0.349
0.367
0.539
0.517
0.519
0.497
0.404
0.49
0.341
0.205
0.436
0.328
0.288
0.386
0.188
0.367
0.107
0.151
-0.014
-0.076
-0.059
-0.168
-0.149
-0.309
-0.254
-0.376
-0.585
-0.166
-0.224
0.046
-0.09
-0.124
-0.125
-0.185
-0.189
-0.375
-0.511
-0.366
-0.451
-0.52
-0.509
-0.456
-0.487
-0.339
-0.425
-0.326
-0.359
-0.241
-0.05
-0.27
-0.095
0.001
0.026
0.345
0.333
0.276
0.318
0.181
0.22
0.225
0.475
0.575
0.771
0.753
0.792
0.9
0.734
0.701
0.759
0.787
0.562
0.552
0.703
0.601
0.465
0.323
0.18
0.025
0.056
-0.077
0.11
-0.091
-0.201
-0.388
-0.59
-0.357
-0.384
-0.479
-0.584
-0.652
-0.621
-0.705
-0.703
-0.671
-0.576
-0.503
-0.614
-0.554
-0.541
-0.62
-0.725
-0.694
-0.588
-0.621
-0.521
-0.35
-0.376
-0.292
-0.346
-0.306
-0.191
-0.161
-0.224
-0.258
-0.365
-0.276
-0.241
0.037
0.188
0.064
-0.016
0.154
0.065
0.17
0.035
0.049
0.094
0.101
0.15
0.044
-0.004
0.07
0.031
0.058
0.182
0.198
0.19
0.045
0.018
-0.045
-0.072
-0.119
-0.099
0.036
-0.007
0.009
-0.104
-0.065
0.166
0.081
0.104
-0.081
-0.094
-0.071
-0.096
-0.035
-0.058
-0.075
-0.048
0.005
0.076
0.095
0.061
0.07
0.305
0.383
0.228
0.088
0.03
-0.05
-0.083
-0.066
-0.15
-0.158
-0.268
-0.307
-0.416
-0.479
-0.351
-0.475
-0.438
-0.453
-0.329
-0.4
-0.375
-0.383
-0.389
-0.316
-0.496
-0.46
-0.508
-0.419
-0.246
-0.251
-0.04
-0.1
-0.189
-0.211
-0.191
-0.306
-0.283
-0.224
-0.375
-0.275
-0.284
-0.306
-0.361
-0.319
-0.226
-0.206
-0.182
-0.114
-0.113
-0.191
-0.263
-0.299
-0.471
-0.482
-0.594
-0.754
-0.719
-0.598
-0.728
-0.645
-0.619
-0.594
-0.501
-0.37
-0.301
-0.328
-0.149
-0.136
-0.217
-0.086
0.036
-0.011
0.041
0.311
0.154
0.195
0.245
0.273
0.288
0.263
0.283
0.201
0.169
0.175
0.041
0.113
0.131
0.401
0.495
0.389
0.311
0.217
0.292
0.424
0.562
0.492
0.413
0.275
0.285
0.271
0.355
0.505
0.438
0.434
0.426
0.449
0.475
0.414
0.529
0.465
0.464
0.544
0.549
0.566
0.626
0.669
0.696
0.833
0.964
0.768
0.769
0.719
0.589
0.649
0.384
0.336
0.229
0.158
0.203
-0.015
0.015
-0.114
-0.036
0.107
-0.006
0.024
-0.059
-0.066
0.006
-0.083
-0.134
-0.061
0.049
0.04
0.064
-0.107
-0.168
-0.179
-0.256
-0.379
-0.496
-0.335
-0.436
-0.4
-0.413
-0.59
-0.695
-0.59
-0.616
-0.542
-0.604
-0.63
-0.376
-0.174
-0.173
-0.195
-0.236
-0.256
-0.242
-0.22
-0.2
-0.161
-0.164
-0.124
-0.2
-0.03
0.03
0.075
0.14
0.045
0.13
-0.085
-0.029
-0.069
-0.171
-0.121
-0.229
-0.224
-0.274
-0.369
-0.443
-0.527
-0.665
-0.686
-0.83
-0.725
-0.671
-0.794
-0.874
-0.749
-0.849
-0.839
-0.964
-0.925
-0.874
-0.943
-0.949
-0.819
-0.749
-0.834
-0.89
-0.856
-0.71
-0.792
-0.522
-0.403
-0.38
-0.378
-0.195
-0.039
0.149
0.118
0.203
0.297
0.383
0.286
0.266
0.36
0.356
0.362
0.453
0.557
0.492
0.596
0.595
0.536
0.494
0.54
0.709
0.841
0.679
0.718
0.845
0.756
0.604
0.487
0.546
0.405
0.44
0.324
0.186
-0.103
-0.138
-0.071
-0.01
-0.113
-0.147
-0.188
-0.235
-0.249
-0.306
-0.253
-0.18
-0.105
-0.104
-0.101
-0.116
-0.088
0.168
-0.052
-0.133
-0.31
-0.254
-0.253
-0.294
-0.141
-0.28
-0.228
0.02
0.013
-0.071
-0.006
0.156
0.128
0.181
0.263
0.32
0.329
0.381
0.339
0.318
0.275
0.294
0.328
0.365
0.323
0.294
0.491
0.551
0.686
0.776
0.814
0.859
0.845
0.703
0.676
0.672
0.562
0.465
0.286
0.098
-0.088
-0.256
-0.473
-0.466
-0.391
-0.453
-0.38
-0.401
-0.432
-0.394
-0.427
-0.31
-0.269
-0.2
-0.326
-0.251
-0.103
-0.074
-0.056
-0.071
0.095
0.007
-0.007
-0.033
0.066
-0.026
0.007
0.163
0.041
-0.061
-0.037
0.095
0.249
0.171
0.061
0.036
0.003
-0.015
-0.099
-0.195
-0.233
-0.32
-0.35
-0.43
-0.436
-0.47
-0.451
-0.455
-0.585
-0.713
-0.53
-0.634
-0.47
-0.486
-0.331
-0.276
-0.224
-0.228
-0.08
0.005
-0.035
0.145
-0.025
0.056
-0.121
-0.201
0.051
0.019
0.185
0.069
0.189
0.266
0.441
0.413
0.37
0.496
0.573
0.562
0.698
0.715
0.763
0.772
0.85
0.704
0.63
0.674
0.636
0.475
0.514
0.564
0.403
0.357
0.41
0.235
0.181
0.25
0.09
0.079
-0.074
-0.029
0.015
-0.138
-0.168
-0.164
-0.393
-0.454
-0.545
-0.571
-0.531
-0.45
-0.565
-0.551
-0.654
-0.738
-0.81
-0.723
-0.565
-0.391
-0.475
-0.431
-0.445
-0.519
-0.506
-0.596
-0.768
-0.749
-0.805
-0.741
-0.786
-0.669
-0.49
-0.44
-0.279
-0.264
-0.189
-0.096
-0.119
-0.115
-0.058
-0.31
-0.251
-0.26
-0.19
-0.198
-0.299
0.028
0.041
0.151
0.195
0.379
0.294
0.275
0.253
0.268
0.314
0.331
0.504
0.473
0.609
0.527
0.755
0.869
1.005
1.179
1.211
1.275
1.269
1.31
1.49
1.359
1.494
1.367
1.565
1.548
1.387
1.635
1.778
1.671
1.429
1.179
1.251
1.25
1.054
1.028
0.904
0.77
0.665
0.642
0.675
0.674
0.725
0.544
0.554
0.464
0.495
0.399
0.301
0.25
0.217
0.16
0.05
-0.085
-0.168
-0.136
-0.261
-0.152
-0.196
-0.299
-0.205
-0.429
-0.193
-0.169
-0.268
-0.321
-0.269
-0.139
-0.182
-0.169
-0.154
-0.095
0.111
0.015
-0.046
-0.161
0.079
0.223
0.32
0.396
0.532
0.557
0.555
0.383
0.351
0.51
0.666
0.273
0.138
0.239
0.065
0.151
0.059
-0.054
0.155
-0.088
-0.064
-0.21
-0.174
-0.118
-0.361
-0.465
-0.829
-0.765
-0.539
-0.391
-0.439
-0.65
-0.396
-0.422
-0.26
-0.039
0.001
-0.004
0.17
0.03
0.079
0.279
0.36
0.314
0.315
0.188
0.271
0.288
0.164
0.056
-0.116
-0.176
-0.033
-0.06
-0.205
0.077
0.083
0.154
0.135
0.061
0.179
0.054
0.175
0.074
0.239
0.231
0.246
-0.037
0.028
-0.034
0.031
0.062
0.22
0.36
0.159
0.036
0.066
0.107
0.09
0.083
0.056
0.214
0.177
0.181
0.15
0.264
0.241
0.355
0.517
0.45
0.573
0.445
0.404
0.455
0.224
0.177
0.02
-0.1
-0.072
0.013
0.229
0.094
0.223
0.193
0.173
0.209
0.133
0.062
0.221
0.383
0.604
0.624
0.846
0.839
0.807
0.691
0.593
0.623
0.754
0.768
0.958
0.851
0.73
0.809
0.944
0.894
0.826
1.005
0.922
0.855
0.723
0.754
0.82
0.951
0.96
0.968
1.065
0.958
0.939
0.939
0.801
0.968
0.881
0.907
0.909
0.801
0.777
0.497
0.349
0.439
0.107
0.224
0.182
0.158
-0.007
0.065
-0.009
0.04
-0.066
-0.241
-0.344
-0.573
-0.565
-0.576
-0.608
-0.626
-0.594
-0.654
-0.713
-0.635
-0.626
-0.465
-0.569
-0.497
-0.404
-0.361
-0.286
-0.274
-0.206
-0.12
-0.283
-0.161
-0.174
-0.136
-0.205
0.088
0.089
0.206
0.203
0.221
0.352
0.196
0.503
0.348
0.286
0.284
0.378
0.273
0.338
0.111
0.004
-0.03
-0.223
-0.026
-0.156
-0.104
-0.175
-0.182
-0.185
-0.417
-0.636
-0.917
-1.041
-1.229
-1.346
-1.459
-1.42
-1.616
-1.656
-1.485
-1.472
-1.481
-1.299
-1.254
-1.089
-1.266
-1.126
-1.279
-1.198
-1.093
-1.009
-0.893
-0.728
-0.644
-0.635
-0.576
-0.544
-0.233
-0.362
-0.458
-0.211
-0.356
-0.318
-0.292
-0.12
-0.03
0.049
0.319
0.261
0.034
-0.065
0.179
0.261
0.421
0.398
0.434
0.216
0.226
0.276
0.171
0.217
0.212
0.223
0.306
0.304
0.375
0.114
0.039
-0.122
-0.174
-0.33
-0.438
-0.484
-0.701
-0.739
-0.843
-0.988
-1.064
-1.189
-1.301
-1.415
-1.511
-1.478
-1.461
-1.355
-1.097
-0.695
-0.49
-0.394
-0.296
-0.258
-0.194
0.089
0.019
0.225
0.355
0.431
0.485
0.235
0.214
0.128
0.29
0.46
0.463
0.484
0.384
0.38
0.318
0.139
0.432
0.43
0.372
0.259
0.259
0.185
-0.12
0.037
-0.135
-0.14
-0.14
-0.115
-0.061
-0.061
-0.149
-0.14
-0.439
-0.445
-0.471
-0.285
-0.231
-0.266
-0.376
-0.285
-0.417
-0.664
-0.604
-0.772
-0.792
-0.907
-1.005
-1.071
-0.945
-0.955
-1.018
-0.999
-0.979
-0.974
-0.855
-0.81
-0.555
-0.64
-0.419
-0.438
-0.315
-0.291
-0.033
0.113
0.221
0.326
0.374
0.393
0.339
0.398
0.596
0.487
0.831
0.786
0.791
0.662
0.573
0.521
0.52
0.355
0.348
0.35
0.158
0.185
0.253
0.12
0.107
0.055
0.0
0.099
-0.052
-0.143
-0.259
-0.245
-0.27
-0.195
-0.253
-0.375
-0.289
-0.244
-0.311
-0.335
-0.438
-0.557
-0.556
-0.458
-0.485
-0.37
-0.247
-0.335
-0.131
-0.231
-0.241
-0.274
-0.266
-0.315
-0.4
-0.58
-0.621
-0.708
-0.583
-0.693
-0.656
-0.609
-0.661
-0.564
-0.63
-0.593
-0.506
-0.464
-0.451
-0.661
-0.581
-0.63
-0.571
-0.458
-0.468
-0.404
-0.52
-0.508
-0.427
-0.539
-0.693
-0.819
-0.791
-0.785
-0.818
-0.836
-0.879
-0.89
-0.738
-0.739
-0.685
-0.559
-0.453
-0.229
-0.125
-0.028
0.23
0.466
0.564
0.698
0.764
0.899
0.771
0.868
0.772
0.876
1.036
1.094
1.252
1.38
1.451
1.331
1.116
1.115
1.004
0.83
1.014
1.093
1.15
1.161
1.252
1.451
1.621
1.434
1.465
1.446
1.376
1.379
1.29
1.295
0.996
0.76
0.584
0.405
0.311
0.195
0.04
-0.033
-0.179
-0.374
-0.473
-0.419
-0.593
-0.646
-0.662
-0.734
-0.734
-0.675
-0.606
-0.625
-0.589
-0.573
-0.519
-0.396
-0.31
-0.422
-0.344
-0.494
-0.443
-0.508
-0.532
-0.316
-0.379
-0.274
-0.289
-0.259
-0.35
-0.263
-0.219
-0.254
-0.139
-0.156
-0.19
-0.191
-0.251
-0.21
-0.3
-0.145
-0.171
-0.007
0.016
0.054
0.092
0.141
0.159
0.035
-0.077
-0.114
-0.215
-0.21
-0.296
-0.246
-0.281
-0.261
-0.251
-0.234
-0.226
-0.307
-0.189
-0.212
-0.199
-0.131
0.039
0.145
0.075
0.139
0.144
0.14
0.158
0.383
0.471
0.352
0.315
0.11
0.08
0.212
0.326
0.174
0.04
-0.03
0.044
0.06
0.164
0.116
0.074
0.118
0.185
0.224
0.263
0.261
0.224
0.286
0.405
0.346
0.238
0.22
0.234
0.338
0.335
0.265
0.25
0.261
0.236
0.149
0.079
0.041
0.045
0.084
0.169
0.324
0.274
0.348
0.371
0.422
0.2
0.186
-0.014
-0.08
-0.071
-0.256
-0.39
-0.39
-0.585
-0.635
-0.651
-0.606
-0.666
-0.584
-0.491
-0.579
-0.571
-0.615
-0.51
-0.525
-0.426
-0.32
-0.199
-0.146
-0.089
-0.105
0.039
0.124
0.224
0.121
0.151
0.269
0.236
0.234
0.249
0.221
0.288
0.099
0.219
0.275
0.234
0.309
0.181
0.326
0.201
0.152
0.319
0.352
0.424
0.299
0.416
0.401
0.404
0.376
0.438
0.527
0.566
0.628
0.514
0.394
0.333
0.319
0.354
0.396
0.325
0.413
0.334
0.36
0.3
0.379
0.268
0.356
0.444
0.464
0.301
0.26
0.214
0.19
0.394
0.581
0.55
0.634
0.661
0.657
0.672
0.655
0.834
0.695
0.695
0.814
0.59
0.682
0.6
0.464
0.5
0.371
0.381
0.338
0.429
0.289
0.304
0.316
0.182
0.05
-0.014
0.006
-0.19
-0.133
-0.275
-0.41
-0.475
-0.448
-0.47
-0.605
-0.551
-0.431
-0.595
-0.575
-0.51
-0.323
-0.43
-0.586
-0.628
-0.614
-0.86
-0.993
-1.002
-0.891
-0.797
-0.661
-0.685
-0.453
-0.385
-0.321
-0.151
-0.11
0.177
0.311
0.367
0.394
0.534
0.484
0.459
0.509
0.623
0.628
0.58
0.703
0.835
0.975
0.864
0.66
0.746
0.581
0.544
0.5
0.356
0.28
0.179
0.051
-0.099
-0.048
-0.043
0.022
0.088
0.09
0.034
-0.051
-0.226
-0.238
-0.223
-0.168
-0.049
-0.056
-0.033
0.079
0.139
0.151
-0.025
0.059
0.114
0.122
0.181
0.184
