0.188
0.211
0.211
0.325
0.276
0.056
0.039
0.228
0.1
0.274
0.086
-0.01
-0.141
-0.161
-0.14
-0.084
-0.294
-0.251
-0.456
-0.429
-0.583
-0.556
-0.574
-0.559
-0.701
-0.844
-0.801
-0.775
-0.956
-0.738
-0.868
-1.028
-0.886
-0.935
-0.791
-0.819
-0.675
-0.68
-0.855
-0.744
-1.096
-0.811
-0.95
-0.927
-0.844
-0.601
-0.713
-0.578
-0.515
-0.419
-0.357
-0.4
-0.279
-0.114
-0.039
0.109
0.061
-0.018
0.054
0.22
0.18
0.25
0.383
0.429
0.608
0.5
0.486
0.39
0.343
0.446
0.281
0.357
0.711
0.836
1.024
0.665
0.685
0.619
0.352
0.655
0.541
0.685
0.696
0.753
0.703
0.489
0.426
0.381
0.547
0.391
0.434
0.562
0.453
0.256
0.25
0.186
-0.103
-0.219
-0.376
-0.496
-0.365
-0.371
-0.544
-0.709
-0.455
-0.635
-0.601
-0.479
-0.593
-0.47
-0.325
-0.361
-0.482
-0.649
-0.503
-0.624
-0.565
-0.596
-0.676
-0.527
-0.494
-0.58
-0.478
-0.244
-0.394
-0.443
-0.233
-0.362
-0.124
0.03
-0.099
-0.056
-0.135
-0.348
-0.075
-0.099
0.019
0.147
-0.031
-0.033
-0.021
0.062
-0.088
-0.035
0.05
0.193
0.316
0.374
0.365
0.37
0.32
0.371
0.501
0.545
0.713
0.745
0.76
0.719
0.82
0.695
0.661
0.62
0.526
0.611
0.495
0.396
0.344
0.184
0.084
-0.07
-0.006
-0.146
-0.18
-0.454
-0.384
-0.685
-0.721
-0.899
-0.708
-0.661
-0.763
-0.934
-1.14
-1.123
-1.194
-1.191
-1.029
-1.11
-1.224
-1.21
-1.141
-1.254
-1.091
-1.086
-0.949
-0.879
-0.871
-0.626
-0.71
-0.354
-0.481
-0.389
-0.326
-0.311
-0.208
-0.32
-0.4
-0.383
-0.609
-0.695
-0.444
-0.42
-0.3
-0.034
0.173
0.372
0.35
0.555
0.503
0.424
0.5
0.425
0.284
0.386
0.234
0.029
-0.05
-0.03
-0.036
0.12
-0.074
0.026
0.1
0.074
-0.006
-0.05
-0.009
-0.18
-0.101
-0.156
0.115
0.217
0.198
0.119
0.103
-0.016
-0.136
-0.085
-0.147
-0.06
-0.026
0.059
0.086
0.085
0.009
0.208
0.346
0.175
0.526
0.568
0.633
0.652
0.489
0.614
0.739
0.708
0.68
0.764
0.704
0.659
0.815
0.889
0.944
0.929
1.088
0.981
1.03
0.976
0.965
1.041
1.016
1.055
0.88
0.745
0.634
0.605
0.406
0.319
0.307
0.268
0.074
0.034
0.12
-0.03
0.01
0.143
0.38
0.195
0.261
0.294
0.16
0.241
0.258
0.346
0.319
0.253
0.279
0.075
0.249
0.246
0.302
0.144
0.072
0.158
0.046
-0.029
-0.258
-0.17
-0.244
-0.21
-0.111
-0.17
-0.146
0.061
-0.166
-0.147
-0.062
-0.026
0.08
-0.02
-0.033
0.039
0.066
0.059
0.03
0.019
-0.026
-0.013
-0.146
-0.12
-0.04
-0.196
-0.119
0.014
0.035
-0.029
0.069
0.156
0.054
0.136
0.129
0.005
-0.177
-0.159
-0.152
-0.242
-0.175
-0.415
-0.249
-0.133
-0.034
0.02
-0.007
0.131
0.189
0.196
0.149
0.24
0.175
0.198
0.283
0.171
0.385
0.391
0.408
0.23
0.266
0.35
0.422
0.594
0.473
0.144
0.185
0.321
0.249
0.304
0.236
0.378
0.478
0.492
0.478
0.316
0.284
0.334
-2.922
0.255
0.381
0.294
0.161
0.16
-0.018
-0.029
-0.019
-0.224
-0.084
-0.154
-0.263
-0.135
0.076
0.105
0.166
0.145
0.039
0.211
0.131
0.074
-0.429
0.124
0.316
0.245
0.514
0.126
0.149
0.346
0.092
0.234
0.155
0.033
0.033
-0.152
-0.174
-0.216
-0.077
-0.151
0.056
0.161
0.194
0.283
0.09
0.229
0.292
0.244
0.381
0.268
0.432
0.175
-0.029
-0.046
-0.15
0.007
0.022
0.09
0.095
0.203
0.226
0.247
0.224
0.263
0.283
0.33
0.326
0.255
0.149
0.214
0.521
0.69
0.61
0.718
0.642
0.499
0.42
0.263
0.371
0.349
0.146
0.131
0.107
0.158
0.18
0.434
0.474
0.326
0.318
0.406
0.379
0.217
0.343
0.443
0.33
0.25
-0.015
-0.291
-0.43
-0.381
-0.38
-0.035
0.079
0.173
0.312
0.284
0.247
0.007
0.301
0.336
0.455
0.491
0.119
0.155
0.1
-0.086
0.006
0.001
-0.043
0.11
0.05
-0.208
-0.083
-0.165
-0.083
-0.106
0.101
0.14
0.189
0.292
0.217
0.164
0.296
0.422
0.344
0.454
0.435
0.547
0.383
0.196
0.427
0.465
0.359
0.359
0.254
0.386
0.297
0.466
0.305
0.339
0.302
0.375
0.535
0.659
0.68
0.734
0.73
0.698
0.708
0.835
0.818
0.704
0.564
0.501
0.468
0.348
0.208
0.08
-0.074
-0.107
-0.205
-0.375
-0.4
-0.561
-0.547
-0.667
-0.595
-0.486
-0.352
-0.266
-0.399
-0.394
-0.43
-0.536
-0.676
-0.706
-0.671
-0.479
-0.328
-0.205
-0.075
-0.065
-0.264
-0.034
-0.121
0.024
0.006
-0.049
0.125
0.128
0.256
0.276
0.311
0.314
0.305
0.254
0.2
0.263
0.328
0.159
0.271
0.385
0.125
0.131
0.003
0.054
0.021
-0.021
-0.203
0.113
0.246
0.191
0.292
0.147
0.033
-0.114
0.021
-0.043
0.015
0.247
0.004
-0.134
-0.191
-0.176
-0.254
-0.059
-0.181
-0.23
-0.359
-0.684
-0.651
-0.758
-0.565
-0.667
-0.675
-0.746
-0.785
-0.676
-0.595
-0.709
-0.478
-0.386
-0.552
-0.509
-0.539
-0.586
-0.434
-0.441
-0.424
-0.372
-0.393
-0.176
-0.339
-0.395
-0.226
-0.306
-0.323
-0.195
-0.001
0.071
0.138
0.084
0.129
0.009
0.054
-0.074
-0.029
0.086
0.166
0.319
0.348
0.126
0.121
0.224
0.281
0.316
0.494
0.521
0.646
0.723
0.599
0.677
0.739
0.851
0.861
0.666
0.741
0.664
0.647
0.524
0.534
0.547
0.549
0.574
0.555
0.519
0.485
0.506
0.436
0.242
0.259
0.279
0.203
0.106
0.138
0.022
0.129
0.031
-0.006
0.095
0.013
-0.125
-0.156
-0.064
-0.072
-0.07
-0.279
-0.444
-0.59
-0.291
-0.294
-0.489
-0.525
-0.505
-0.667
-0.576
-0.581
-0.468
-0.391
-0.38
-0.404
-0.388
-0.215
-0.19
-0.056
-0.062
0.149
0.221
0.291
0.331
0.273
0.361
0.367
0.454
0.425
0.3
0.566
0.413
0.569
0.559
0.647
0.515
0.539
0.3
0.645
0.581
0.649
0.594
0.685
0.739
0.8
0.797
0.655
0.758
0.74
0.652
0.646
0.499
0.541
0.456
0.372
0.396
0.244
0.096
0.155
0.098
-0.037
0.125
0.034
0.05
-0.18
-0.098
-0.296
-0.194
-0.186
-0.134
-0.146
-0.242
-0.199
-0.136
-0.009
0.04
-0.03
-0.206
-0.311
-0.264
-0.383
-0.594
-0.65
-0.624
-0.786
-0.801
-0.806
-0.95
-0.917
-0.93
-0.981
-0.986
-0.826
-0.763
-0.754
-0.916
-0.919
-0.743
-0.661
-0.79
-0.819
-0.974
-1.069
-0.866
-1.021
-1.131
-0.919
-0.948
-0.665
-0.766
-0.756
-0.581
-0.636
-0.57
-0.604
-0.466
-0.487
-0.561
-0.666
-0.699
-0.552
-0.515
-0.494
-0.321
-0.344
-0.367
-0.289
-0.535
-0.449
-0.519
-0.279
-0.221
0.006
0.066
-0.164
-0.021
0.088
0.06
0.302
0.403
0.431
0.429
0.444
0.601
0.758
0.802
0.826
0.823
1.019
1.195
1.119
1.184
1.211
1.186
1.214
1.069
0.925
0.924
0.92
0.794
0.816
0.88
0.7
0.626
0.696
0.799
0.744
0.706
0.67
0.458
0.302
0.288
0.33
0.268
0.314
0.17
0.177
0.02
0.209
0.077
0.113
-0.059
-0.235
-0.263
-0.359
-0.211
-0.3
-0.281
-0.221
-0.215
-0.147
-0.024
0.058
0.081
0.015
-0.088
0.005
-0.114
-0.321
-0.295
-0.39
-0.33
-0.357
-0.21
-0.306
-0.271
-0.179
-0.25
-0.233
-0.348
-0.271
-0.325
-0.391
-0.486
-0.545
-0.578
-0.721
-0.596
-0.571
-0.478
-0.345
-0.43
-0.281
-0.04
0.029
-0.208
-0.049
0.07
0.059
0.175
0.273
0.235
0.234
0.226
0.588
0.695
0.644
0.629
0.647
0.701
0.551
0.589
0.709
0.868
1.06
0.946
0.726
0.441
0.186
0.184
0.003
0.468
0.571
0.681
0.584
0.606
0.289
-0.028
0.081
-0.028
-0.022
-0.092
-0.013
0.143
0.075
-0.315
-0.331
-0.185
-0.126
-0.206
-0.1
0.026
0.101
0.072
-0.044
-0.181
-0.24
-0.201
0.019
-0.241
-0.335
-0.654
-0.53
-0.463
-0.258
-0.004
-0.1
-0.041
0.085
-0.015
-0.171
-0.134
-0.075
0.059
0.195
0.029
0.191
-0.031
-0.061
-0.084
-0.122
-0.109
-0.03
-0.065
-0.129
-0.19
0.092
0.118
0.165
0.085
0.13
0.09
0.226
0.214
0.295
0.566
0.628
0.797
0.503
0.391
0.35
0.269
0.357
0.27
0.233
0.133
-0.036
-0.016
0.006
0.006
0.009
0.039
-0.059
-0.028
-0.129
-0.177
-0.037
-0.046
-0.119
-0.103
-0.292
-0.198
-0.288
-0.366
-0.425
-0.58
-0.494
-0.509
-0.682
-0.633
-0.671
-0.806
-0.774
-0.596
-0.568
-0.454
-0.422
-0.25
0.0
-0.028
-0.071
0.125
0.289
0.316
0.51
0.686
0.631
0.662
0.848
1.018
1.191
1.221
1.218
1.511
1.274
1.181
1.34
1.498
1.492
1.451
1.272
1.234
0.959
0.83
0.766
0.769
0.679
0.68
0.75
0.782
0.471
0.532
0.557
0.497
0.485
0.159
0.133
-0.149
-0.372
-0.57
-0.496
-0.301
-0.206
0.135
0.128
0.166
0.24
-0.273
0.251
0.174
0.024
0.269
0.335
0.378
0.604
0.301
0.331
0.335
0.261
0.328
0.379
0.536
0.512
0.672
0.482
0.429
0.383
0.152
0.029
-0.098
-0.004
0.044
0.125
0.168
0.251
0.152
0.329
0.195
0.195
0.346
0.281
0.306
0.411
0.439
0.312
0.229
0.133
0.036
-0.004
0.229
0.009
-0.014
0.026
0.036
-0.086
-0.226
-0.4
-0.388
-0.499
-0.66
-0.807
-0.76
-0.919
-0.906
-0.969
-1.106
-0.901
-1.134
-1.174
-1.25
-1.16
-1.151
-1.206
-1.173
-1.19
-1.252
-1.205
-1.059
-0.869
-0.795
-0.885
-0.774
-0.714
-0.67
-0.5
-0.54
-0.424
-0.973
-0.271
-0.345
-0.323
-0.056
0.061
0.242
0.295
0.188
0.233
0.18
0.173
0.188
0.17
0.155
0.096
0.235
0.15
0.099
0.07
-0.05
-0.065
0.066
0.154
0.331
0.235
0.134
0.288
0.139
0.255
0.374
0.479
0.685
0.556
0.73
0.596
0.711
0.639
0.818
0.69
0.565
0.574
0.417
0.446
0.534
0.519
0.664
0.575
0.458
0.501
0.304
0.371
0.343
0.307
0.22
0.264
0.398
0.271
0.221
0.276
0.126
0.128
0.254
0.176
0.131
0.17
0.344
0.285
0.329
0.275
0.143
0.062
0.069
-0.18
-0.234
0.007
0.208
0.077
0.106
0.075
0.01
0.115
0.126
0.309
0.195
0.26
0.403
0.542
0.606
0.46
0.43
0.224
0.19
0.194
0.234
0.234
0.212
0.175
0.021
0.026
-0.129
-0.044
-0.138
-0.109
0.059
0.019
0.106
0.051
-0.02
0.058
0.075
-0.12
0.007
-0.025
-0.061
-0.255
-0.234
-0.496
-0.616
-0.614
-0.458
-0.621
-0.595
-0.611
-0.739
-0.807
-0.699
-0.639
-0.671
-0.564
-0.703
-0.67
-0.69
-0.766
-0.74
-0.666
-0.63
-0.529
-0.471
-0.23
-0.161
-0.138
-0.128
-0.089
-0.043
-0.026
0.159
0.107
0.275
0.492
0.728
0.881
0.959
1.012
1.1
1.15
1.175
1.173
1.2
1.139
0.914
0.739
0.919
0.835
0.746
0.686
0.571
0.426
-0.06
0.065
0.05
0.072
-0.106
-0.06
-0.145
-0.225
-0.264
-0.41
-0.566
-0.527
-0.651
-0.541
-0.623
-0.479
-0.338
-0.371
-0.409
-0.42
-0.618
-0.588
-0.599
-0.514
-0.556
-0.677
-0.601
-0.478
-0.451
-0.245
-0.228
0.16
0.182
0.249
0.29
0.398
0.233
0.292
0.14
0.256
0.3
0.189
0.453
0.435
0.434
0.686
0.404
0.336
0.436
0.182
0.211
0.159
0.41
0.255
0.45
0.281
0.226
0.098
0.128
0.311
0.253
0.103
0.147
0.031
-0.05
0.004
0.037
0.236
0.144
0.035
-0.149
-0.024
0.065
-0.021
0.11
0.045
0.144
0.195
0.04
0.1
-0.056
-0.083
-0.089
0.015
0.072
0.145
0.022
0.064
0.046
-0.014
0.055
0.164
0.049
0.083
0.116
0.318
0.31
0.55
0.713
0.705
0.836
0.76
0.689
0.529
0.67
0.78
0.76
0.993
1.084
1.181
1.252
1.375
1.357
1.266
1.276
1.211
1.167
1.103
1.084
1.198
1.097
1.186
1.219
1.33
1.251
1.219
1.174
1.222
1.101
1.134
0.851
0.652
0.661
0.429
0.208
0.119
-0.096
-0.154
-0.119
-0.19
-0.359
-0.544
-0.369
-0.43
-0.595
-0.383
-0.505
-0.484
-0.414
-0.288
-0.312
-0.489
-0.3
-0.439
-0.625
-0.539
-0.529
-0.211
0.263
0.346
0.259
0.114
-0.011
-0.21
-0.324
-0.181
-0.285
-0.381
-0.356
-0.336
-0.131
-0.014
0.147
0.189
0.21
-0.036
0.339
0.318
0.395
0.169
0.095
0.258
0.314
0.408
0.23
0.101
-0.103
-0.219
-0.235
-0.134
0.049
0.001
0.122
0.059
-0.094
-0.049
-0.166
-0.058
-0.229
-0.209
-0.122
-0.289
-0.346
-0.146
-0.221
-0.441
-0.443
-0.28
-0.409
-0.534
-0.45
-0.365
-0.193
-0.244
-0.276
-0.28
-0.159
-0.28
-0.328
-0.401
-0.416
-0.579
-0.586
-0.636
-0.679
-0.515
-0.657
-0.504
-0.593
-0.615
-0.606
-0.619
-0.348
-0.37
-0.26
-0.346
-0.336
-0.357
-0.288
-0.404
-0.49
-0.508
-0.72
-0.826
-0.763
-0.574
-0.511
-0.415
-0.325
-0.256
-0.297
-0.331
-0.171
-0.146
0.107
0.088
0.031
0.14
-0.036
-0.062
0.096
0.163
0.309
-0.062
0.147
-0.088
0.126
0.229
0.095
0.191
0.08
0.094
0.174
0.165
0.269
0.211
0.345
0.188
0.256
0.062
0.161
0.331
0.323
0.439
0.376
0.443
0.416
0.47
0.524
0.562
0.647
0.829
0.954
1.032
1.17
1.211
1.251
1.379
1.224
0.818
0.688
0.615
0.514
0.16
0.205
0.367
0.426
0.426
0.411
0.273
-0.055
-0.055
-0.016
0.026
0.184
0.006
0.241
0.193
0.135
0.071
0.094
0.059
-0.08
-0.077
-0.169
-0.031
-0.19
-0.11
-0.101
0.129
0.081
-0.06
0.039
-0.129
-0.231
-0.116
-0.029
-0.147
-0.08
-0.056
0.044
0.149
0.044
0.011
0.104
0.096
-0.044
-0.141
-0.113
-0.391
-0.506
-0.431
-0.497
-0.661
-0.721
-0.75
-0.739
-0.769
-0.84
-0.708
-0.733
-0.654
-0.56
-0.69
-0.726
-0.894
-0.849
-0.787
-0.774
-0.801
-0.704
-0.855
-0.849
-0.839
-0.81
-0.948
-0.989
-1.012
-0.948
-0.758
-0.511
-0.385
-0.411
-0.326
-0.184
-0.241
-0.011
-0.018
0.128
0.22
0.191
0.432
0.482
0.963
0.787
1.008
0.9
0.704
0.779
0.761
0.729
0.792
1.018
1.104
1.009
1.094
1.143
1.188
1.364
1.094
1.07
0.951
0.87
0.936
0.9
1.13
1.154
1.323
1.344
1.345
1.522
1.397
1.475
1.34
1.206
1.254
1.29
1.216
1.181
1.026
0.995
0.656
0.576
0.372
0.325
0.19
0.249
0.072
-0.031
-0.265
-0.169
-0.244
-0.335
-0.329
-0.486
-0.364
-0.396
-0.339
-0.171
-0.372
-0.344
-0.279
-0.184
-0.301
-0.114
-0.01
-0.084
0.004
0.04
0.107
0.045
0.139
-0.049
-0.134
-0.2
-0.175
-0.077
-0.158
-0.246
-0.367
-0.238
-0.292
-0.176
-0.147
-0.233
-0.294
-0.29
-0.21
-0.21
-0.18
-0.072
-0.176
-0.335
-0.122
-0.049
0.099
0.189
0.261
0.16
-0.059
-0.115
-0.128
-0.181
-0.221
-0.278
-0.115
-0.165
0.013
-0.035
0.184
-0.077
-0.189
-0.198
-0.139
-0.189
-0.216
-0.233
-0.03
0.024
0.121
0.146
0.005
0.036
0.076
0.16
0.259
0.286
0.385
0.451
0.536
0.246
0.336
0.375
0.426
0.624
0.535
0.374
0.524
0.36
0.263
0.138
-0.103
-0.236
0.056
-0.018
-0.136
-0.085
-0.246
-0.323
-0.503
-0.664
-0.537
-0.53
-0.499
-0.516
-0.309
-0.32
-0.374
-0.229
-0.37
-0.329
-0.294
-0.211
-0.005
-0.061
0.056
0.177
0.205
0.136
0.029
0.301
0.435
0.529
0.576
0.389
0.426
0.371
0.255
0.521
0.381
0.329
0.107
0.07
-0.111
-0.201
0.019
-0.264
-0.275
-0.133
-0.079
-0.025
0.233
0.259
0.391
0.536
0.468
0.55
0.659
0.829
0.696
0.679
0.72
0.866
0.939
0.946
0.858
0.965
0.797
0.958
0.765
0.728
0.705
0.679
0.71
0.475
0.574
0.35
0.335
0.173
-0.152
-0.096
-0.181
-0.11
-0.024
-0.193
-0.065
-0.109
-0.029
-0.028
-0.065
-0.194
-0.429
-0.551
-0.474
-0.432
-0.425
-0.497
-0.639
-0.346
-0.626
-0.448
-0.666
-0.667
-0.604
-0.657
-0.511
-0.417
-0.385
-0.446
-0.383
-0.486
-0.321
-0.343
-0.241
-0.264
-0.406
-0.385
-0.426
-0.26
-0.468
-0.344
-0.258
-0.24
-0.194
-0.219
-0.149
-0.114
0.024
0.037
0.04
-0.036
-0.064
-0.21
-0.249
-0.435
-0.485
-0.54
-0.219
-0.129
-0.01
0.191
0.115
0.116
0.136
0.31
0.341
0.508
0.593
0.782
0.879
0.851
1.105
0.84
0.906
0.945
0.905
1.117
1.248
1.279
1.211
1.295
1.45
1.47
1.441
1.195
1.284
1.386
1.336
1.278
1.065
1.064
1.041
1.15
0.986
0.986
0.932
1.036
0.96
0.834
0.621
0.334
0.256
0.14
-0.037
-0.083
-0.263
-0.149
0.001
-0.003
-0.205
0.052
0.205
0.14
0.024
0.03
0.028
-0.05
0.013
0.076
0.165
0.374
0.546
0.537
0.307
0.351
0.244
0.122
0.086
0.126
0.019
-0.054
-0.089
-0.231
-0.278
-0.288
-0.305
-0.216
-0.494
-0.42
-0.654
-0.594
-0.723
-0.849
-0.936
-0.816
-0.652
-0.68
-0.716
-0.761
-0.664
-0.665
-0.574
-0.481
-0.372
-0.136
-0.124
-0.169
-0.101
-0.244
-0.242
-0.422
-0.028
0.11
0.191
0.173
0.215
0.245
0.024
0.03
0.044
0.185
0.221
0.209
0.281
0.206
0.105
0.164
-0.083
-0.135
-0.138
-0.06
0.191
-0.005
0.044
-0.12
-0.114
-0.139
0.031
0.261
0.292
0.299
0.141
0.247
0.351
0.316
0.364
0.481
0.331
0.404
0.323
0.42
0.396
0.484
0.858
0.869
0.77
0.497
0.344
0.32
0.265
0.284
0.52
0.524
0.453
0.217
0.028
-0.147
-0.245
-0.349
-0.541
-0.521
-0.604
-0.276
-0.61
-0.448
-0.474
-0.635
-0.574
-0.579
-0.441
-0.369
-0.16
0.014
-0.221
-0.08
-0.168
-0.1
-0.299
-0.166
-0.419
-0.296
-0.32
-0.355
-0.417
-0.443
-0.314
-0.116
-0.015
0.035
0.092
0.275
0.315
0.432
0.459
0.675
0.605
0.675
0.776
0.961
0.991
1.06
1.221
1.163
1.24
1.393
1.147
1.163
1.262
1.364
1.099
1.058
1.04
0.924
0.843
0.846
0.636
0.544
0.482
0.421
0.343
0.413
0.482
0.37
0.231
0.302
0.096
0.166
0.166
0.043
0.085
-0.069
-0.109
-0.043
-0.06
0.051
0.094
0.099
-0.018
0.125
0.143
0.009
0.143
-0.096
-0.088
-0.294
-0.399
-0.386
-0.38
-0.36
-0.526
-0.565
-0.531
-0.499
-0.383
-0.57
-0.561
-0.557
-0.404
-0.226
-0.119
0.096
0.08
0.054
-0.028
-0.15
-0.191
-0.126
0.055
0.004
0.196
0.138
0.26
0.045
-0.044
0.0
-0.003
0.174
-0.031
-0.016
-0.195
-0.289
-0.321
-0.249
-0.301
-0.152
-0.115
-0.259
-0.081
-0.129
-0.055
-0.184
-0.116
-0.329
-0.536
-0.816
-0.905
-0.86
-0.77
-0.568
-0.517
-0.316
-0.259
0.072
0.106
0.139
0.182
0.105
-0.019
0.056
-0.034
-0.174
-0.179
-0.23
-0.046
0.146
0.054
0.238
0.311
0.23
0.302
0.115
0.126
0.182
0.236
0.352
0.349
0.375
0.355
0.32
0.307
0.194
0.189
0.201
0.22
0.331
0.41
0.179
0.283
0.276
0.064
-0.007
-0.041
-0.155
-0.163
-0.22
-0.271
-0.289
-0.4
-0.263
-0.188
-0.234
-0.269
-0.338
-0.408
-0.552
-0.624
-0.431
-0.481
-0.554
-0.596
-0.544
-0.491
-0.307
-0.41
-0.388
-0.449
-0.482
-0.374
-0.355
-0.359
-0.413
-0.454
-0.65
-0.709
-0.667
-0.848
-0.922
-0.971
-1.031
-1.249
-1.305
-1.173
-1.44
-1.693
-1.72
-1.667
-1.754
-1.584
-1.519
-1.338
-1.194
-1.186
-1.236
-1.035
-0.956
-0.688
-0.705
-0.588
-0.215
0.062
0.489
0.56
0.998
1.088
1.153
1.494
1.529
1.818
1.771
1.818
1.843
2.18
2.295
2.047
2.059
1.984
1.748
1.776
1.531
1.522
1.455
1.674
1.347
1.169
1.385
1.024
0.791
0.811
0.672
0.708
0.509
0.517
0.485
0.594
0.519
0.278
0.33
0.344
0.343
0.242
0.168
0.289
0.28
0.284
0.119
0.074
0.111
0.013
-0.147
-0.051
-0.149
-0.152
-0.448
-0.45
-0.427
