-0.14
-0.285
-0.288
-0.326
-0.233
-0.2
-0.096
0.062
0.28
0.404
0.338
0.589
0.343
0.532
0.5
0.534
0.561
0.534
0.508
0.318
0.239
0.289
0.231
0.263
0.09
0.13
0.134
0.176
0.208
0.254
0.161
0.129
0.266
0.019
-0.255
-0.069
-0.139
-0.177
-0.154
-0.276
-0.253
-0.492
-0.618
-0.751
-0.631
-0.606
-0.349
-0.547
-0.475
-0.545
-0.753
-0.519
-0.522
-0.54
-0.693
-0.674
-0.664
-0.656
-0.469
-0.585
-0.451
-0.468
-0.51
-0.429
-0.19
-0.31
-0.491
-0.436
-0.249
-0.531
-0.473
-0.504
-0.144
-0.301
-0.403
-0.471
-0.506
-0.521
-0.593
-0.535
-0.503
-0.565
-0.431
-0.744
-0.834
-0.73
-0.806
-0.65
-0.753
-0.644
-0.561
-0.417
-0.454
-0.318
-0.385
-0.253
-0.221
-0.225
-0.11
0.065
0.165
0.179
0.2
0.119
0.071
0.118
0.166
0.295
0.323
0.492
0.354
0.499
0.335
0.552
0.535
0.474
0.278
0.406
0.555
0.59
0.604
0.682
0.669
0.605
0.557
0.571
0.76
1.01
0.935
0.806
0.694
0.601
0.926
0.789
0.534
0.484
0.439
0.247
0.285
0.231
0.212
0.223
0.372
0.309
0.321
0.424
0.229
0.16
0.134
0.189
0.039
0.165
0.198
0.177
0.026
-0.168
-0.352
-0.586
-0.629
-0.316
-0.25
-0.17
-0.159
-0.143
0.009
-0.27
-0.448
-0.413
-0.539
-0.565
-0.385
-0.238
-0.193
0.041
-0.019
0.27
0.302
0.555
0.465
0.399
0.459
0.075
0.304
0.273
0.401
0.559
0.534
0.505
0.362
0.291
0.294
0.474
0.61
0.568
0.848
0.839
0.864
0.615
0.603
0.547
0.633
0.761
0.739
0.401
0.514
0.526
0.698
0.645
0.839
0.635
0.638
0.569
0.436
0.439
0.434
0.512
0.501
0.601
0.75
0.807
0.874
0.939
0.93
0.907
0.831
0.859
0.753
0.9
0.76
0.751
0.758
0.89
1.135
0.994
0.764
0.568
0.396
0.33
0.336
0.375
0.146
0.249
0.286
0.259
0.289
0.105
0.145
0.103
-0.035
0.011
0.025
-0.058
-0.158
-0.261
-0.38
-0.399
-0.366
-0.419
-0.425
-0.328
-0.449
-0.427
-0.318
-0.4
-0.274
-0.341
-0.263
-0.105
-0.02
0.054
0.135
0.416
0.338
0.723
0.629
0.768
0.945
0.921
0.897
0.883
0.861
0.718
0.786
0.64
0.569
0.647
0.259
0.344
0.289
0.154
0.014
0.064
-0.199
-0.151
-0.099
-0.143
-0.203
-0.195
-0.069
-0.288
-0.361
-0.394
-0.367
-0.291
-0.455
-0.443
-0.644
-0.478
-0.422
-0.398
-0.36
-0.359
-0.134
-0.071
-0.126
0.168
0.208
0.174
0.26
0.304
0.138
0.165
0.216
0.217
0.089
0.065
-0.104
-0.116
-0.033
-0.177
0.092
-0.139
0.036
-0.174
-0.165
-0.491
-0.438
-0.288
-0.296
-0.124
0.036
0.065
0.029
-0.077
-0.054
0.0
0.122
0.179
0.094
0.15
0.139
0.01
0.085
0.16
0.024
0.009
-0.195
-0.288
-0.323
-0.393
-0.41
-0.531
-0.338
-0.296
-0.216
-0.059
-0.089
-0.203
-0.244
-0.233
-0.206
-0.034
0.021
0.036
0.091
0.16
-0.088
-0.041
0.066
0.048
0.116
-0.056
0.251
-0.072
-0.011
0.01
-0.399
-0.385
-0.367
-0.193
-0.274
-0.258
-0.352
-0.364
-0.415
-0.516
-0.535
-0.596
-0.25
-0.234
-0.179
-0.217
-0.186
-0.05
-0.156
-0.113
-0.091
-0.168
-0.205
-0.311
-0.242
-0.143
0.076
0.028
0.146
0.103
0.116
0.22
0.245
0.541
0.486
0.691
0.79
0.82
0.889
1.174
1.188
1.151
1.104
1.012
1.011
0.878
0.981
1.125
0.953
0.691
0.726
0.564
0.701
0.669
0.915
1.078
1.101
1.073
0.915
0.909
0.818
0.841
0.825
0.88
0.836
0.579
0.6
0.459
0.38
0.279
0.181
0.307
0.408
0.672
0.449
0.559
0.514
0.531
0.504
0.525
0.443
0.324
0.258
-0.09
-0.163
-0.076
-0.152
-0.164
0.03
0.085
0.059
0.037
-0.104
-0.216
-0.408
-0.525
-0.386
-0.312
-0.631
-0.766
-0.94
-1.194
-1.375
-1.471
-1.478
-1.394
-1.271
-1.404
-1.429
-1.526
-1.656
-1.73
-1.762
-1.897
-1.859
-1.829
-1.541
-1.492
-1.471
-1.346
-1.241
-0.927
-0.98
-0.966
-0.914
-0.826
-1.104
-1.121
-0.825
-0.521
-0.46
-0.175
0.031
-0.071
0.228
0.425
0.406
0.351
0.309
0.279
0.249
0.141
0.136
0.056
0.212
0.264
0.396
0.311
0.494
0.501
0.753
0.854
0.881
0.782
0.909
0.75
0.769
0.624
0.581
0.82
1.064
1.144
1.036
1.21
0.981
0.979
1.024
1.114
1.339
1.324
1.235
1.088
1.235
1.384
1.4
1.292
1.241
1.126
0.794
0.904
0.634
0.656
0.546
0.603
0.78
0.652
0.432
0.291
0.125
0.031
0.026
0.022
-0.06
-0.359
-0.395
-0.651
-0.416
-0.556
-0.521
-0.511
-0.586
-0.509
-0.469
-0.616
-0.645
-0.656
-0.624
-0.863
-0.775
-0.805
-0.921
-1.052
-1.22
-0.971
-0.8
-0.838
-0.635
-0.766
-0.583
-0.74
-0.614
-0.647
-0.544
-0.389
-0.396
-0.764
-0.728
-0.694
-0.756
-0.625
-0.594
-0.516
-0.339
-0.083
0.039
0.096
-0.069
-0.234
-0.383
-0.384
-0.244
-0.159
0.128
0.051
0.261
0.061
0.173
0.116
-0.11
-0.154
-0.126
0.02
0.05
0.06
-0.014
-0.046
0.072
0.179
0.19
0.306
0.221
0.352
0.238
0.177
0.309
0.621
0.655
0.557
0.372
0.365
0.239
0.216
0.25
0.074
0.011
-0.185
-0.233
-0.314
-0.046
-0.049
0.1
0.284
0.345
0.422
0.376
0.27
0.194
0.306
0.254
0.226
0.234
0.188
0.399
0.27
0.269
0.071
0.212
-0.013
0.048
-0.04
-0.096
0.146
0.233
0.198
0.319
0.411
0.449
0.459
0.48
0.73
0.792
1.005
1.091
1.015
0.985
0.927
0.713
0.703
0.65
0.521
0.599
0.695
0.772
0.721
0.879
0.759
0.792
0.758
0.735
0.904
0.831
0.883
0.87
0.586
0.52
0.495
0.475
0.349
0.193
0.126
-0.003
-0.104
0.133
0.048
-0.034
-0.041
-0.101
-0.16
-0.305
-0.552
-0.705
-0.834
-0.776
-0.993
-1.097
-1.208
-1.34
-1.331
-1.475
-1.296
-1.24
-1.127
-1.107
-1.193
-1.248
-1.251
-1.333
-1.101
-1.206
-0.833
-0.791
-0.588
-0.574
-0.662
-0.806
-0.799
-0.765
-0.619
-0.499
-0.348
-0.217
-0.223
-0.208
-0.116
-0.011
0.076
0.065
-0.07
-0.189
-0.314
-0.196
-0.266
-0.092
-0.193
-0.343
-0.184
0.004
-0.198
-0.231
-0.312
-0.259
-0.29
-0.201
-0.179
0.031
0.242
0.234
0.08
0.146
0.348
0.371
0.505
0.642
0.662
0.72
0.998
0.92
0.958
1.143
1.136
1.021
1.203
1.325
1.198
1.275
1.276
1.175
1.049
0.954
1.08
1.113
1.215
1.018
1.01
0.873
0.932
0.91
0.821
0.844
0.719
0.691
0.435
0.435
0.497
0.453
0.478
0.496
0.438
0.284
0.131
0.104
0.077
0.015
0.03
0.075
0.234
0.08
0.133
-0.155
-0.075
-0.04
-0.278
-0.261
-0.372
-0.399
-0.411
-0.45
-0.286
-0.263
-0.104
-0.051
-0.224
-0.239
-0.11
-0.21
-0.25
-0.278
-0.323
-0.559
-0.31
-0.185
-0.114
-0.116
-0.219
-0.271
-0.25
-0.234
-0.174
-0.035
-0.179
0.04
-0.28
-0.177
0.037
0.02
-0.07
0.12
0.026
-0.009
0.025
0.022
0.115
0.119
0.173
-0.036
-0.174
0.007
-0.149
-0.084
-0.066
-0.17
-0.47
-0.367
-0.603
-0.352
-0.269
-0.366
-0.458
-0.43
-0.57
-0.487
-0.606
-0.55
-0.566
-0.446
-0.426
-0.203
-0.328
-0.111
0.188
0.15
0.17
0.186
0.125
0.259
0.364
0.115
0.203
0.176
0.036
0.124
0.072
0.128
0.331
0.241
0.388
0.565
0.753
0.672
0.605
0.547
0.417
0.369
0.163
0.156
0.164
0.364
0.466
0.307
0.549
0.63
0.763
0.863
0.708
0.795
0.686
0.769
0.755
0.772
0.685
0.63
0.625
0.769
0.829
0.804
0.665
0.636
0.665
0.584
0.411
0.394
0.508
0.542
0.534
0.406
0.263
0.198
0.031
0.106
-0.083
-0.161
-0.147
-0.341
-0.378
-0.585
-0.834
-0.754
-0.772
-0.794
-0.846
-0.695
-0.9
-0.943
-0.98
-0.978
-0.991
-1.045
-0.871
-0.893
-0.799
-0.81
-0.84
-0.706
-0.706
-0.725
-0.839
-0.804
-0.725
-0.644
-0.784
-0.638
-0.691
-0.746
-0.656
-0.688
-0.714
-0.545
-0.375
-0.325
-0.239
-0.348
-0.141
-0.205
-0.164
-0.163
-0.046
-0.069
-0.143
-0.195
-0.244
-0.085
-0.215
-0.28
-0.265
-0.524
-0.514
-0.505
-0.604
-0.833
-1.078
-1.211
-1.399
-1.376
-1.15
-1.274
-1.034
-0.851
-0.741
-0.681
-0.802
-0.996
-0.879
-0.789
-0.924
-1.051
-1.044
-0.934
-0.807
-0.628
-0.28
-0.058
0.061
0.016
-0.199
-0.07
-0.021
0.107
0.271
0.38
0.231
0.495
0.266
0.07
0.175
-0.041
0.122
0.115
-0.022
0.062
-0.049
-0.085
-0.229
-0.231
-0.113
-0.036
-0.061
0.191
-0.171
-0.29
0.043
0.344
0.422
0.529
0.688
0.699
0.859
0.82
0.703
0.812
0.74
0.781
0.812
0.664
0.58
0.688
0.769
0.555
0.424
0.623
0.68
1.1
1.181
1.284
1.415
1.5
1.53
1.5
1.644
1.765
1.502
1.52
1.595
1.59
1.575
1.528
1.555
1.548
1.598
1.414
1.396
1.415
1.383
1.375
1.484
1.379
1.161
1.242
1.171
0.99
0.634
0.47
0.319
0.269
0.299
0.236
-0.022
-0.085
-0.177
-0.161
-0.314
-0.339
-0.271
-0.181
-0.279
-0.299
-0.245
-0.458
-0.415
-0.436
-0.344
-0.326
-0.3
-0.417
-0.38
-0.38
-0.31
-0.379
-0.391
-0.386
-0.261
-0.355
-0.561
-0.797
-0.698
-0.471
-0.505
-0.484
-0.289
-0.268
-0.217
0.055
-0.026
-0.1
0.179
0.171
0.105
0.419
0.07
0.186
0.169
0.25
0.338
0.379
0.463
0.53
0.531
0.537
0.42
0.395
0.405
0.309
0.175
0.171
0.345
0.215
0.365
0.221
0.245
0.23
0.333
0.516
0.37
0.595
0.552
0.331
0.251
0.031
0.159
0.238
0.395
0.335
0.33
0.306
0.524
0.703
0.662
0.744
0.62
0.409
0.242
0.208
0.285
0.464
0.557
0.755
0.993
1.166
0.981
1.068
1.046
0.94
0.831
0.966
0.917
1.045
1.206
1.183
1.225
1.069
1.163
1.056
0.949
0.934
0.907
1.001
1.049
0.81
0.914
0.744
0.835
0.904
0.861
0.655
0.559
0.487
0.427
0.215
0.212
0.246
0.071
-0.007
-0.081
-0.276
-0.246
-0.145
-0.312
-0.388
-0.326
-0.286
-0.276
-0.27
-0.106
-0.071
-0.139
-0.006
0.049
0.074
-0.103
-0.224
-0.175
-0.051
0.041
-0.007
0.144
0.216
0.216
0.216
0.099
0.094
0.223
0.005
-0.133
-0.111
-0.179
-0.223
-0.126
-0.124
-0.011
-0.131
-0.034
-0.133
-0.045
0.086
0.174
0.101
0.191
0.095
0.156
-0.01
0.076
-0.135
0.144
0.101
0.203
0.295
0.17
0.236
0.17
0.001
-0.024
-0.239
-0.357
-0.417
-0.888
-0.786
-0.789
-0.474
-0.439
-0.458
-0.664
-0.626
-0.693
-0.901
-0.893
-0.814
-0.698
-0.672
-0.618
-0.733
-0.556
-0.331
-0.279
-0.378
-0.579
-0.566
-0.633
-0.585
-0.537
-0.465
-0.409
-0.233
-0.051
-0.196
-0.05
-0.249
-0.144
0.007
0.088
0.12
0.011
-0.07
-0.244
-0.389
-0.312
-0.233
-0.131
-0.09
-0.15
-0.236
-0.212
-0.182
-0.059
-0.221
-0.364
-0.44
-0.907
-0.713
-0.902
-0.931
-0.981
-0.801
-0.705
-0.688
-0.714
-0.725
-0.421
-0.46
-0.512
-0.42
-0.606
-0.526
-0.652
-0.7
-0.676
-0.564
-0.526
-0.45
-0.481
-0.508
-0.255
-0.372
-0.184
-0.19
-0.198
-0.191
-0.048
0.062
-0.12
-0.158
0.143
0.07
0.319
0.474
0.512
0.649
0.71
0.723
0.556
0.61
0.5
0.609
0.626
0.544
0.71
0.68
0.856
0.93
0.816
0.843
0.68
0.621
0.573
0.571
0.61
0.721
0.703
0.82
0.764
0.729
0.723
0.666
0.76
0.7
0.753
0.703
0.589
0.456
0.388
0.43
0.175
0.022
0.219
0.119
0.16
-0.045
0.059
-0.08
-0.235
-0.062
-0.319
-0.175
-0.188
-0.301
-0.324
-0.231
-0.244
-0.005
0.04
-0.003
0.055
-0.094
-0.019
-0.233
-0.24
-0.203
-0.211
-0.085
-0.136
0.025
-0.033
0.076
0.041
-0.049
-0.124
-0.14
-0.154
-0.324
-0.53
-0.439
-0.196
-0.357
-0.601
-0.729
-0.854
-0.601
-0.615
-0.603
-0.574
-0.666
-0.524
-0.534
-0.61
-0.609
-0.536
-0.254
-0.253
-0.064
-0.066
-0.039
-0.06
-0.201
-0.143
-0.109
-0.165
-0.059
-0.22
-0.366
-0.471
-0.474
-0.417
-0.249
-0.121
0.075
0.101
0.226
0.134
0.114
0.31
0.181
0.165
0.168
0.339
0.525
0.43
0.672
0.524
0.369
0.39
0.355
0.414
0.264
0.521
0.51
0.473
0.459
0.251
0.345
0.203
0.159
0.249
0.301
0.388
0.374
0.441
0.367
0.058
-0.016
-0.109
-0.113
-0.275
-0.005
-0.15
-0.238
-0.239
-0.133
-0.064
-0.039
-0.177
-0.08
-0.07
-0.18
-0.274
-0.343
-0.497
-0.338
-0.715
-0.468
-0.777
-0.559
-0.388
-0.185
-0.482
-0.584
-0.805
-0.501
-0.434
-0.405
-0.398
-0.228
-0.185
-0.169
-0.134
-0.185
-0.179
-0.056
-0.041
-0.021
0.0
0.235
0.448
0.545
0.59
0.564
0.67
0.888
0.929
0.815
0.657
0.693
0.721
0.756
0.78
0.651
0.812
0.835
1.186
1.22
0.978
1.015
1.135
1.029
1.048
1.089
0.988
0.921
0.948
1.045
1.065
0.88
0.984
0.716
0.594
0.446
0.421
0.265
0.216
0.166
0.0
-0.006
-0.052
-0.088
-0.015
-0.156
-0.113
-0.328
-0.405
-0.489
-0.269
-0.362
-0.491
-0.531
-0.571
-0.662
-0.547
-0.551
-0.52
-0.43
-0.456
-0.546
-0.749
-0.679
-0.709
-0.633
-0.427
-0.135
-0.279
0.081
0.263
0.216
0.409
0.256
0.136
0.149
0.003
-0.069
-0.316
-0.384
-0.743
-0.775
-0.875
-0.94
-0.811
-0.601
-0.625
-0.52
-0.469
-0.463
-0.566
-0.713
-0.739
-0.769
-0.669
-0.731
-0.415
-0.481
-0.233
-0.104
0.161
0.152
0.2
0.351
0.444
0.619
0.684
0.868
0.657
0.769
0.866
0.973
1.127
0.973
0.794
0.777
0.922
0.941
0.948
0.758
0.825
0.849
0.7
0.716
0.515
0.583
0.416
0.344
0.535
0.642
0.661
0.434
0.372
0.285
0.354
0.311
0.131
0.001
-0.11
-0.092
-0.19
-0.174
-0.14
-0.236
-0.1
-0.064
-0.119
-0.031
0.23
0.258
0.307
0.294
0.494
0.334
0.384
0.559
0.578
0.646
0.665
0.724
0.73
0.706
0.69
0.576
0.55
0.37
0.609
0.625
0.775
0.787
0.749
0.619
0.823
0.63
0.474
0.56
0.139
0.18
0.263
0.385
0.035
0.141
0.061
0.106
0.054
0.116
0.16
0.408
0.291
0.33
0.14
0.367
0.065
-0.165
-0.45
-0.6
-0.345
-0.29
-0.249
-0.179
-0.005
-0.394
-0.216
-0.13
-0.352
-0.311
-0.274
-0.075
-0.138
-0.119
-0.118
-0.009
0.206
0.24
0.354
0.531
0.425
0.409
0.527
0.458
0.445
0.211
0.381
0.351
0.481
0.532
0.411
0.44
0.245
0.25
0.444
0.315
0.242
0.21
0.199
0.155
0.007
0.09
-0.147
-0.122
-0.215
-0.246
-0.169
-0.075
-0.072
-0.026
0.019
0.186
0.196
0.168
0.076
0.025
-0.028
-0.143
-0.19
-0.185
-0.238
-0.165
-0.415
-0.324
-0.234
-0.242
-0.05
-0.015
-0.076
-0.019
-0.02
0.034
0.015
-0.072
0.139
0.034
0.176
0.203
0.158
0.294
0.125
0.086
0.191
0.019
0.166
0.125
0.085
0.039
0.092
0.06
0.193
0.304
0.362
0.333
0.325
0.281
0.244
0.395
0.46
0.239
0.242
0.229
0.191
0.171
0.356
0.21
0.019
0.039
-0.098
0.036
-0.121
-0.015
0.075
-0.009
-0.039
-0.069
0.015
-0.081
-0.165
-0.026
0.089
-0.08
-0.031
0.208
0.311
0.334
0.432
0.333
0.307
0.125
0.051
-0.139
-0.085
-0.236
-0.158
-0.283
-0.456
-0.724
-0.809
-1.044
-1.161
-1.136
-1.09
-1.333
-1.349
-1.511
-1.664
-1.501
-1.421
-1.299
-1.248
-1.176
-1.175
-0.968
-1.074
-0.995
-0.951
-0.86
-0.876
-0.579
-0.471
-0.338
-0.471
-0.246
-0.006
0.203
0.266
0.2
0.179
0.154
0.171
0.186
0.229
0.251
0.291
0.367
0.179
0.291
0.365
0.226
0.296
0.245
0.331
0.381
0.261
0.302
0.39
0.131
0.235
0.13
0.321
0.336
0.205
0.051
0.17
0.163
0.221
0.334
0.19
0.361
0.216
0.104
0.028
-0.024
-0.005
0.104
0.251
0.226
0.281
0.3
0.156
0.065
-0.004
0.043
-0.105
-0.143
-0.051
-0.12
-0.107
0.115
0.25
0.161
-0.041
-0.013
-0.258
-0.239
-0.089
-0.106
-0.109
-0.226
-0.095
-0.219
-0.072
-0.209
-0.265
-0.384
-0.585
-0.755
-0.656
-0.547
-0.544
-0.4
-0.411
-0.325
-0.393
-0.54
-0.491
-0.246
-0.246
-0.22
-0.304
-0.089
-0.033
0.06
-0.165
0.1
0.26
0.304
0.286
0.286
0.329
0.465
0.432
0.5
0.73
0.536
0.503
0.551
0.369
0.497
0.605
0.657
0.58
0.679
0.535
0.471
0.55
0.642
0.631
0.633
0.686
0.676
0.699
0.52
0.316
0.306
0.199
0.24
0.261
0.191
0.196
0.01
-0.028
-0.021
-0.071
-0.185
0.01
-0.225
-0.27
-0.454
-0.371
-0.4
-0.449
-0.506
-0.714
-0.615
-0.531
-0.354
-0.427
-0.439
-0.25
-0.304
-0.445
-0.094
-0.35
-0.07
-0.085
0.013
0.139
0.11
0.155
0.036
0.046
-0.324
-0.438
-0.458
-0.63
-0.541
-0.671
-0.671
-0.594
-0.666
-0.479
-0.539
-0.448
-0.565
-0.449
-0.601
-0.738
-0.579
-0.552
-0.461
-0.39
-0.356
-0.133
-0.118
-0.228
-0.198
-0.226
-0.007
-0.03
-0.016
0.289
0.28
0.338
0.54
0.506
0.54
0.454
0.479
0.44
0.446
0.443
0.354
0.329
0.253
0.246
0.279
0.314
0.399
0.463
0.583
0.431
0.5
0.456
0.504
0.487
0.579
0.535
0.71
0.755
0.716
0.74
0.594
0.495
0.425
0.326
0.43
0.355
0.312
0.203
0.255
0.263
0.364
0.236
0.235
0.42
0.38
0.281
0.231
0.214
0.319
0.459
0.453
0.389
0.615
0.66
0.843
1.009
1.054
1.16
1.249
1.28
1.08
1.083
1.059
1.224
1.324
1.252
1.381
1.475
1.411
1.28
1.274
1.208
1.146
1.154
1.235
1.161
0.955
0.821
0.715
0.787
0.776
0.598
0.47
0.314
0.066
0.211
0.009
-0.159
-0.434
-0.506
-0.584
-0.734
-0.848
-1.021
-0.833
-1.089
-1.331
-1.606
-1.407
-1.434
-1.591
-1.439
-1.453
-1.385
-1.364
-1.41
-1.17
-1.116
-1.312
-1.359
-1.397
-1.435
-1.376
-1.272
-1.482
-1.583
-1.383
-1.32
-1.229
-1.149
-1.173
-1.157
-0.955
-1.164
-1.111
-1.183
-1.03
-0.666
-0.66
-0.586
-0.517
-0.345
-0.329
-0.181
-0.08
-0.095
-0.046
-0.066
0.029
-0.103
-0.07
-0.026
-0.071
0.061
0.046
0.307
0.201
0.3
0.231
0.446
0.336
0.233
0.193
0.305
0.234
0.253
0.372
0.517
0.37
0.421
0.35
0.37
0.436
0.539
0.494
0.529
0.625
0.618
0.427
0.338
0.175
0.203
0.3
0.25
0.274
-0.039
-0.013
-0.058
0.029
0.161
0.253
0.226
0.235
0.09
-0.259
-0.286
-0.315
-0.151
-0.006
-0.154
-0.264
-0.164
-0.105
-0.341
-0.195
-0.315
-0.295
-0.357
-0.43
-0.304
-0.265
-0.169
-0.286
-0.385
-0.499
-0.646
-0.561
-0.446
-0.431
-0.354
-0.481
-0.516
-0.743
-0.895
-0.685
-0.679
-0.569
-0.441
-0.549
-0.74
-0.695
-0.539
-0.478
-0.459
-0.534
-0.305
-0.463
-0.33
-0.372
-0.399
-0.417
-0.393
-0.43
-0.421
-0.334
-0.444
-0.388
-0.383
-0.214
-0.253
-0.145
0.007
0.231
0.226
0.405
0.458
0.344
0.374
0.271
0.571
0.588
0.598
0.492
0.641
0.604
0.451
0.542
0.406
0.45
0.545
0.522
0.797
0.749
0.541
0.569
0.517
0.109
0.128
-0.066
-0.066
0.169
0.195
0.164
0.079
0.156
0.17
-0.095
-0.146
-0.034
-0.099
0.169
0.083
-0.122
-0.311
-0.364
-0.445
-0.251
-0.235
-0.321
-0.349
-0.431
-0.421
-0.241
-0.39
-0.226
-0.47
0.006
-0.039
0.066
-0.024
0.179
0.08
0.145
0.103
0.13
0.224
0.155
0.26
0.241
0.231
0.429
0.475
0.665
0.69
0.633
0.51
0.584
0.55
0.647
0.651
0.68
0.805
1.068
1.285
1.214
1.129
0.951
0.865
0.651
0.594
0.642
0.787
0.711
0.62
0.848
0.88
0.95
1.347
1.425
1.375
1.107
0.944
0.791
0.715
0.806
0.929
0.949
1.255
