0.551
0.44
0.565
0.851
0.889
0.8
0.925
1.091
1.129
1.041
1.11
0.841
1.064
0.973
1.185
1.081
1.131
0.931
1.008
1.27
1.074
1.038
1.036
1.154
1.05
0.951
0.878
0.758
0.449
0.02
-0.079
-0.319
-0.294
-0.33
-0.12
-0.314
-0.155
-0.271
-0.247
-0.255
-0.361
-0.271
-0.201
0.072
0.149
0.2
0.103
0.138
0.135
0.329
0.165
0.079
0.077
0.034
0.08
-0.104
-0.065
-0.223
-0.115
-0.119
-0.175
-0.071
-0.301
-0.292
-0.185
-0.081
0.048
0.025
0.046
-0.075
0.144
0.066
0.246
0.246
0.221
0.417
0.273
0.23
0.161
0.217
0.048
0.099
0.021
0.273
-0.092
-0.104
-0.096
-0.018
0.18
-0.024
0.01
0.188
-0.003
0.258
-0.104
-0.005
-0.122
0.16
0.364
0.701
0.876
0.858
1.001
0.955
1.014
1.008
1.268
1.107
0.799
0.679
0.64
0.468
0.585
0.504
0.626
0.625
0.576
0.544
0.489
0.728
0.958
0.805
0.473
0.355
0.465
0.255
0.223
0.239
0.201
0.013
0.034
0.12
0.329
0.23
0.432
0.435
0.221
0.325
0.245
0.224
0.28
0.246
0.434
0.23
0.271
0.345
0.414
0.666
0.512
0.515
0.245
0.233
0.129
0.066
0.114
0.046
-0.11
-0.361
-0.586
-0.709
-0.623
-0.83
-0.851
-0.557
-0.266
-0.22
-0.376
-0.432
-0.679
-0.661
-0.323
-0.278
-0.163
-0.189
0.022
0.013
-0.029
-0.15
-0.196
-0.292
-0.031
-0.176
-0.409
-0.359
-0.484
-0.184
0.101
0.101
0.255
0.297
0.107
-0.125
-0.221
-0.331
-0.295
-0.011
0.004
0.23
-0.046
0.065
0.049
0.074
0.194
0.234
0.463
0.438
0.364
0.085
-0.166
0.154
0.369
0.42
0.466
0.522
0.44
0.461
0.43
0.464
0.374
0.486
0.536
0.713
0.745
0.645
0.633
0.491
0.343
0.466
0.254
0.198
0.304
0.336
0.286
0.408
0.469
0.489
0.421
0.365
0.292
0.393
0.295
0.356
0.367
0.372
0.495
0.229
0.463
0.564
0.604
0.656
0.484
0.484
0.46
0.681
0.367
0.383
0.179
0.154
0.049
-0.055
-0.006
-0.161
0.209
0.311
0.508
0.438
0.118
0.349
0.388
0.35
0.206
-0.037
-0.122
-0.054
0.049
0.061
0.233
0.394
0.49
0.325
0.311
0.31
0.27
0.456
0.315
0.261
0.105
0.225
0.08
-0.064
-0.055
-0.181
-0.099
-0.235
-0.115
-0.236
-0.295
-0.426
-0.781
-0.854
-0.756
-0.598
-0.514
-0.385
-0.369
-0.494
-0.574
-0.698
-0.47
-0.515
-0.45
-0.508
-0.331
-0.274
-0.409
-0.403
-0.479
-0.755
-0.897
-0.819
-0.917
-0.885
-0.91
-0.848
-0.782
-0.876
-0.546
-0.596
-0.364
-0.469
-0.638
-0.769
-0.789
-0.751
-0.686
-0.605
-0.61
-0.48
-0.733
-0.552
-0.69
-0.62
-0.446
-0.349
-0.429
-0.574
-0.456
-0.454
-0.362
-0.525
-0.281
-0.134
-0.242
-0.271
-0.238
-0.417
-0.444
-0.478
-0.635
-0.735
-0.797
-0.985
-0.853
-0.976
-1.036
-1.001
-1.036
-1.062
-0.958
-0.873
-0.864
-0.583
-0.576
-0.506
-0.517
-0.584
-0.618
-0.574
-0.334
-0.223
-0.116
0.285
0.361
0.384
0.481
0.524
0.634
0.856
0.894
1.055
1.04
1.036
1.026
1.008
1.14
1.18
1.371
1.232
1.189
0.96
0.854
0.758
0.588
0.454
0.33
0.545
0.378
0.376
0.344
0.225
0.182
0.007
-0.029
-0.105
-0.061
-0.004
0.043
0.066
0.134
0.25
0.045
0.296
0.312
0.388
-0.071
-0.176
-0.001
-0.105
0.106
0.121
0.295
0.124
-0.045
-0.061
-0.005
-0.195
-0.352
-0.318
-0.28
-0.295
-0.314
-0.28
-0.286
-0.295
-0.401
-0.336
-0.36
-0.588
-0.46
-0.566
-0.67
-0.77
-0.936
-1.071
-1.035
-1.159
-1.198
-1.001
-1.046
-0.925
-0.826
-0.8
-0.606
-0.425
-0.299
-0.138
-0.025
-0.036
-0.106
-0.225
-0.048
-0.115
-0.231
-0.1
0.075
0.022
0.099
0.099
0.095
-0.081
-0.15
-0.013
-0.079
0.046
-0.075
-0.083
-0.101
-0.001
0.253
0.234
0.17
-0.049
-0.2
-0.031
-0.013
0.405
0.396
0.458
0.529
0.53
0.487
0.517
0.569
0.531
0.422
0.146
0.324
0.215
0.312
0.291
0.453
0.279
0.526
0.53
0.547
0.557
0.506
0.68
0.733
0.82
0.598
0.438
0.524
0.695
0.854
0.785
0.53
0.576
0.542
0.644
0.547
0.76
0.641
0.833
0.964
0.74
0.584
0.589
0.669
0.638
0.698
0.579
0.589
0.585
0.516
0.527
0.586
0.713
0.796
0.74
0.769
0.888
0.981
0.826
1.036
1.12
1.099
1.161
1.177
0.905
0.864
0.799
0.771
0.816
0.672
0.881
0.68
0.522
0.359
0.255
0.294
0.208
0.209
-0.009
0.026
0.066
-0.118
-0.169
-0.089
-0.14
-0.438
-0.314
-0.391
-0.13
-0.366
-0.559
-0.531
-0.512
-0.276
-0.505
-0.503
-0.547
-0.4
-0.415
-0.432
-0.357
-0.143
-0.448
-0.351
-0.464
-0.45
-0.415
-0.098
-0.066
0.136
0.245
0.365
0.318
0.229
0.081
0.013
0.009
0.021
-0.041
0.103
0.083
0.058
0.147
0.03
-0.025
0.036
0.058
0.194
0.164
0.249
0.138
0.107
0.188
0.224
0.212
0.115
0.212
0.286
0.478
0.393
0.29
0.114
0.019
0.096
-0.013
-0.051
-0.031
-0.07
-0.159
-0.046
-0.205
-0.036
0.028
0.17
0.474
0.42
0.5
0.699
0.738
0.56
0.623
0.588
0.506
0.579
0.685
0.744
0.711
0.652
0.677
0.365
0.411
0.249
-0.154
-0.076
-0.256
-0.369
-0.199
-0.16
-0.23
-0.274
-0.247
-0.212
-0.291
-0.324
-0.265
-0.419
-0.346
-0.506
-0.535
-0.564
-0.506
-0.474
-0.362
-0.365
-0.413
-0.516
-0.621
-0.641
-0.473
-0.551
-0.469
-0.301
-0.14
-0.25
-0.154
-0.043
-0.091
0.115
0.111
0.215
0.334
0.432
0.453
0.512
0.504
0.64
0.681
0.82
0.969
0.844
0.883
0.971
0.785
0.771
0.641
0.546
0.536
0.774
0.829
0.969
0.846
0.729
0.703
0.772
0.819
0.8
0.851
0.756
0.63
0.564
0.258
0.104
0.065
0.25
0.335
-0.979
-0.039
-0.253
-0.311
-0.331
-0.471
-0.37
-0.504
-0.339
-0.669
-0.534
-0.638
10.332
-0.591
-0.636
-0.468
-0.589
-0.468
-0.46
-0.49
-0.52
-0.379
-0.214
-0.079
0.146
0.359
0.271
0.107
0.014
-0.088
0.001
0.115
-0.161
-0.537
-0.4
-0.486
-0.588
-0.482
-0.514
-0.725
-0.912
-0.869
-1.105
-1.2
-1.141
-0.985
-1.004
-0.971
-0.915
-0.897
-0.781
-0.71
-0.8
-0.819
-0.718
-0.611
-0.619
-0.603
-0.461
-0.174
-0.168
0.01
0.01
-0.011
0.211
0.251
0.318
0.525
0.549
0.568
0.878
0.686
0.611
0.568
0.509
0.656
0.785
0.839
0.759
0.865
0.963
0.785
0.864
0.755
0.647
0.545
0.753
0.75
0.826
0.84
0.787
0.807
0.611
0.724
0.67
0.546
0.62
0.504
0.525
0.451
0.361
0.455
0.593
0.603
0.667
0.726
0.856
0.72
0.807
0.834
0.726
0.564
0.409
0.374
0.251
0.121
-0.062
-0.037
-0.241
-0.329
-0.394
-0.677
-0.871
-1.165
-1.034
-1.15
-1.195
-0.986
-0.869
-0.902
-0.939
-1.022
-0.969
-0.886
-0.834
-0.68
-0.718
-0.693
-0.833
-0.786
-0.905
-0.873
-0.835
-0.8
-1.001
-1.198
-1.177
-1.191
-0.956
-0.785
-1.046
-1.004
-0.969
-0.891
-0.812
-0.65
-0.419
-0.67
-0.499
-0.383
-0.485
-0.504
-0.216
-0.107
0.131
0.304
0.441
0.651
0.718
0.695
0.574
0.73
0.555
0.441
0.729
0.81
0.795
1.009
1.085
1.031
1.049
1.049
1.012
1.1
1.127
0.936
1.028
0.899
0.864
1.012
0.766
0.684
0.895
0.838
0.809
0.649
0.599
0.574
0.654
0.401
0.242
0.221
0.096
0.165
0.116
-0.011
0.048
0.011
-0.065
-0.138
-0.205
-0.168
-0.193
-0.177
-0.241
-0.306
-0.195
-0.165
-0.199
0.033
-0.279
-0.182
-0.169
-0.052
-0.103
-0.552
-0.208
-0.098
0.06
-0.043
0.103
0.048
0.177
0.139
0.074
0.075
0.105
0.165
-0.033
-0.096
0.088
-0.021
-0.077
-0.168
-0.276
-0.281
-0.259
-0.279
-0.144
-0.288
-0.348
-0.328
-0.258
-0.171
-0.144
-0.074
0.043
0.049
-0.054
0.061
0.072
0.229
0.301
0.256
0.133
-0.013
0.03
-0.035
-0.089
-0.129
-0.044
0.025
-0.013
0.029
-0.118
-0.125
-0.009
0.051
0.158
0.404
0.369
0.263
0.413
0.411
0.336
0.35
0.234
0.24
-0.045
-0.031
0.143
0.149
0.198
0.141
0.133
0.179
-0.154
-0.111
-0.431
-0.242
-0.208
-0.145
-0.13
-0.04
-0.24
-0.36
-0.279
-0.215
-0.176
-0.181
-0.251
-0.203
-0.09
-0.114
-0.147
-0.171
-0.121
-0.051
-0.031
0.107
0.037
0.501
0.458
0.539
0.531
0.691
0.775
0.864
0.911
0.542
0.856
1.016
1.065
1.015
0.889
1.105
1.091
1.185
1.177
1.065
0.856
0.878
0.816
0.655
0.672
0.71
0.716
0.547
0.674
0.11
0.338
0.427
0.555
0.487
0.495
0.555
0.605
0.682
0.497
0.629
0.417
0.466
0.448
0.266
0.122
0.044
0.033
-0.166
-0.098
-0.048
-0.149
-0.121
-0.275
-0.351
-0.445
-0.278
-0.494
-0.324
-0.435
-0.496
-0.562
-0.669
-0.744
-0.854
-0.874
-0.901
-0.816
-0.781
-0.772
-0.589
-0.531
-0.638
-0.487
-0.579
-0.391
-0.444
-0.667
-0.761
-0.836
-0.733
-0.735
-0.645
-0.674
-0.729
-0.698
-1.056
-0.718
-0.693
-0.561
-0.376
-0.144
-0.004
-0.033
0.034
0.169
0.247
0.318
0.359
0.41
0.6
0.698
0.841
1.008
1.048
1.015
0.87
0.926
0.856
0.855
0.666
0.536
0.556
0.924
0.988
0.901
0.811
0.844
0.906
0.828
0.764
0.718
0.539
0.478
0.307
0.193
0.29
0.38
0.395
0.289
0.054
0.238
0.096
0.261
0.335
0.451
0.231
0.152
0.039
0.034
0.294
0.115
0.11
0.273
0.17
0.165
0.01
0.254
0.32
0.141
0.134
0.24
0.239
0.19
0.226
0.419
0.456
0.453
0.305
0.29
0.351
0.315
-0.089
0.158
0.381
0.32
0.161
0.195
0.081
0.12
0.016
-0.064
-0.274
-0.094
0.019
0.046
0.083
-0.219
-0.04
-0.021
0.15
0.231
0.194
0.284
0.351
0.256
0.046
0.094
0.05
0.45
0.27
0.284
0.534
0.539
0.414
0.492
0.638
0.448
0.519
0.465
0.524
0.542
0.416
0.5
0.29
0.384
0.07
-0.193
0.217
0.152
0.177
0.212
0.341
0.463
0.46
0.419
0.733
0.713
0.856
0.677
0.764
0.87
0.516
0.503
0.366
0.188
0.263
0.309
0.333
0.223
0.089
0.145
-0.056
0.005
-0.071
-0.505
-0.769
-0.91
-0.825
-0.823
-0.782
-0.685
-0.68
-0.662
-0.716
-0.65
-0.741
-0.729
-0.795
-0.795
-0.79
-0.686
-0.559
-0.598
-0.791
-0.94
-0.856
-0.777
-0.499
-0.464
-0.362
-0.529
-0.478
-0.286
-0.246
-0.041
-0.091
-0.043
-0.043
0.086
0.13
0.35
0.385
0.484
0.879
0.92
0.772
0.792
0.695
0.534
0.66
0.547
0.618
0.244
0.305
0.186
-0.009
0.155
0.109
-0.041
0.009
0.18
0.251
0.386
0.343
0.511
0.5
0.344
0.384
-2.575
0.426
0.55
0.455
0.514
0.484
0.475
0.532
0.545
0.234
0.146
0.324
0.251
0.261
0.398
0.424
0.424
0.391
0.346
0.32
0.579
0.511
0.611
0.561
0.583
0.53
0.417
0.444
0.399
0.331
0.211
0.294
0.375
0.424
0.278
0.289
0.205
0.141
0.24
0.25
0.024
-0.052
-0.217
-0.074
-0.133
-0.239
-0.535
-0.312
-0.343
-0.311
-0.385
-0.56
-0.223
-0.306
-0.266
-0.333
-0.458
-0.374
-0.291
-0.355
-0.42
-0.469
-0.584
-0.504
-0.47
-0.554
-0.575
-0.463
-0.46
-0.479
-0.48
-0.731
-0.731
-0.869
-0.816
-0.628
-0.73
-0.764
-0.959
-0.871
-0.876
-0.878
-1.061
-0.759
-0.801
-0.973
-1.004
-1.056
-1.121
-1.002
-1.035
-0.905
-0.82
-0.853
-0.795
-0.667
-0.705
-0.631
-0.466
-0.384
-0.362
-0.265
-0.286
-0.271
-0.339
-0.269
-0.094
0.041
-0.115
0.072
-0.019
-0.189
-0.265
-0.259
-0.295
-0.291
-0.089
0.092
0.1
0.125
0.357
0.173
0.318
0.328
0.291
0.45
0.455
0.279
0.512
0.474
0.234
0.235
0.311
0.39
0.448
0.7
0.469
0.743
0.781
0.792
0.604
0.495
0.571
0.362
0.425
0.133
0.188
0.134
0.041
0.159
0.024
-0.034
-0.089
-0.051
0.166
0.254
0.191
0.138
0.225
0.216
0.241
0.264
0.333
0.398
0.399
0.604
0.512
0.509
0.334
0.346
0.242
0.151
0.083
0.188
0.131
0.405
0.286
0.355
0.2
0.242
0.264
0.266
0.209
0.126
0.103
0.219
0.058
-0.011
0.145
0.212
0.299
0.439
0.421
0.269
0.362
0.344
0.367
0.209
0.135
-0.024
0.149
-0.147
-0.041
0.034
0.1
0.131
0.269
0.326
0.258
0.381
0.384
0.299
0.325
0.413
0.374
0.555
0.651
0.662
0.67
0.441
0.654
0.481
0.36
0.316
0.253
0.125
0.072
0.058
0.004
0.048
0.191
0.105
0.182
0.116
0.036
-0.033
-0.164
-0.138
-0.247
-0.058
-0.072
-0.022
-0.158
-0.251
-0.181
-0.161
-0.224
-0.307
-0.141
-0.292
-0.135
-0.059
0.035
0.18
0.226
0.189
-0.031
0.054
0.27
0.185
0.19
0.174
0.118
0.06
-0.086
0.128
0.058
-0.02
0.026
0.279
0.48
0.296
0.175
0.077
-0.014
0.145
0.004
0.121
-0.236
-0.284
-0.296
-0.15
-0.24
-0.329
-0.159
0.065
0.014
-0.101
0.004
0.092
0.271
0.421
0.344
0.29
0.152
0.385
0.319
0.145
0.251
0.31
0.338
0.414
0.517
0.352
0.234
0.23
0.135
0.155
0.115
0.209
0.274
0.393
0.511
0.414
0.328
0.338
0.234
0.107
0.246
0.06
0.109
-0.031
-0.288
-0.273
-0.519
-0.546
-0.524
-0.61
-0.568
-0.427
-0.495
-0.654
-0.69
-0.706
-0.709
-0.826
-0.865
-0.688
-0.396
-0.26
-0.06
0.111
0.116
0.177
0.184
0.146
0.355
0.461
0.58
0.565
10.332
10.332
0.426
0.634
0.386
0.554
0.756
0.885
1.085
1.339
1.073
0.891
0.969
0.958
1.109
1.276
1.183
1.14
1.065
1.157
1.213
1.275
1.299
1.465
1.294
1.475
1.397
1.184
1.331
1.099
1.058
0.989
0.789
0.819
0.792
0.796
0.546
0.672
0.547
0.482
0.336
0.143
0.206
0.246
0.191
0.294
0.274
0.31
0.261
0.41
0.514
0.168
0.238
0.343
0.131
0.039
-0.06
0.0
-0.04
-0.079
-0.175
-0.281
-0.366
-0.235
-0.259
-0.138
-0.169
-0.261
-0.089
-0.338
-0.408
-0.449
-0.331
-0.069
-0.312
-0.371
-0.315
-0.633
-0.779
-0.851
-0.907
-1.036
-0.89
-0.961
-0.769
-0.685
-0.701
-0.806
-0.795
-0.763
-0.81
-0.784
-0.809
-0.899
-0.699
-0.664
-0.792
-0.72
-0.796
-0.591
-0.503
-0.306
-0.372
-0.374
-0.379
-0.118
-0.11
0.024
0.2
0.198
0.133
0.199
0.448
0.378
0.656
0.666
0.448
0.088
0.095
0.059
0.166
0.297
0.355
0.336
0.486
0.59
0.545
0.608
0.384
0.401
0.336
0.268
0.279
0.151
0.229
0.136
0.021
0.025
0.08
0.144
0.251
0.072
0.113
-0.083
0.209
0.161
0.003
-0.118
-0.212
-0.221
-0.305
-0.241
-0.15
-0.169
-0.004
-0.021
-0.046
0.03
-0.103
0.01
0.026
0.208
0.17
0.454
0.281
0.275
0.333
0.101
0.185
0.32
0.364
0.39
0.409
0.345
0.216
0.168
0.174
0.129
-0.039
-0.069
-0.024
0.0
0.005
0.225
0.258
0.139
0.13
0.036
0.226
0.133
0.289
0.256
0.465
0.411
0.468
0.633
0.649
0.671
0.635
0.73
0.81
0.723
0.66
0.733
0.777
0.861
1.06
0.934
0.931
0.826
0.78
0.853
0.78
0.647
0.568
0.465
0.367
0.333
0.435
0.503
0.576
0.609
0.466
0.593
0.484
0.449
0.393
0.234
0.309
0.32
0.316
0.304
0.309
0.185
0.233
0.173
0.229
0.133
0.094
0.138
0.198
-0.024
-0.168
-0.048
-0.08
-0.155
-0.159
-0.198
0.081
0.203
0.22
0.316
0.404
0.469
0.275
0.336
0.246
0.177
0.258
0.089
0.109
-0.037
-0.147
-0.279
-0.386
-0.393
-0.541
-0.596
-0.62
-0.527
-0.652
-0.651
-0.789
-0.731
-0.656
-0.677
-0.796
-0.763
-0.62
-0.511
-0.573
-0.62
-0.481
-0.369
-0.297
-0.155
-0.13
-0.009
-0.085
-0.184
-0.173
-0.33
-0.336
-0.362
-0.446
-0.601
-0.651
-0.736
-0.787
-0.89
-0.95
-0.946
-0.868
-0.864
-0.745
-0.539
-0.519
-0.578
-0.319
-0.094
-0.016
0.019
0.104
0.064
0.086
0.11
0.13
0.022
0.022
-0.016
-0.107
-0.098
-0.212
-0.285
-0.256
-0.269
-0.128
-0.147
-0.18
-0.159
-0.08
-0.077
0.001
0.145
-0.031
0.061
0.21
0.006
0.307
0.244
0.104
0.291
0.216
0.231
0.21
0.361
0.537
0.468
0.628
0.564
0.593
0.547
0.65
0.593
0.691
0.501
0.511
0.596
0.696
0.549
0.672
0.532
0.583
0.574
0.516
0.383
0.48
0.499
0.421
0.578
0.404
0.46
0.475
0.403
0.517
0.366
0.49
0.371
0.328
0.224
0.145
0.051
0.131
0.037
-0.141
-0.21
-0.343
-0.531
-0.497
-0.594
-0.695
-0.836
-0.785
-0.81
-0.699
-0.889
-0.75
-0.831
-0.806
-0.79
-0.799
-0.59
-0.381
-0.304
-0.233
-0.29
-0.101
0.024
0.211
0.292
0.211
0.304
0.545
0.357
0.356
0.302
0.47
0.584
0.69
0.621
0.516
0.645
0.651
0.552
0.69
0.593
0.669
0.499
0.198
-0.029
-0.09
-0.054
-0.27
-0.286
-0.362
-0.521
-0.603
-0.738
-0.745
-0.792
-0.721
-0.851
-0.941
-0.936
-0.989
-0.945
-1.008
-0.85
-0.756
-0.75
-0.657
-0.746
-0.675
-0.562
-0.805
-0.781
-0.495
-0.429
-0.319
-0.27
-0.135
-0.096
-0.052
0.048
0.164
0.08
0.11
0.076
0.035
0.005
-0.069
-0.114
-0.177
-0.044
0.041
-0.115
0.026
-0.201
-0.344
-0.389
-0.497
-0.725
-0.47
-0.541
-0.58
-0.699
-0.686
-0.718
-0.662
-0.721
-0.84
-0.895
-1.062
-1.266
-1.449
-1.556
-1.599
-1.472
-1.375
-1.173
-1.002
-0.889
-0.979
-0.894
-0.874
-0.924
-1.044
-0.905
-0.829
-0.771
-0.635
-0.529
-0.446
-0.486
-0.469
-0.344
-0.233
0.031
0.085
0.152
0.233
0.269
0.464
0.465
0.59
0.758
1.005
0.917
0.915
0.787
0.914
0.865
0.815
0.944
0.844
0.764
0.858
0.662
0.833
0.828
0.72
0.845
0.652
0.605
0.494
0.517
0.331
0.401
0.302
0.371
0.276
0.285
0.268
0.104
0.065
-0.134
0.083
-0.104
-0.311
-0.357
-0.544
-0.52
-0.573
-0.51
-0.46
-0.415
-0.343
-0.098
0.12
0.174
0.301
0.469
0.55
0.556
0.59
0.578
0.735
0.719
0.866
1.131
1.2
1.389
1.413
1.51
1.661
1.595
1.569
1.605
1.68
1.573
1.425
1.241
1.239
1.242
1.238
1.236
1.161
1.116
1.062
1.213
1.231
1.068
1.066
0.959
0.95
0.82
0.811
0.927
0.766
0.82
0.628
0.744
0.743
0.694
0.659
0.664
0.751
0.745
0.647
0.831
0.703
0.664
0.723
0.611
0.834
0.792
0.745
0.75
0.797
0.662
0.69
0.662
0.516
0.677
0.568
0.485
0.396
0.164
0.201
0.3
0.271
0.371
0.233
0.246
0.323
0.297
0.473
0.362
0.175
0.318
0.044
0.019
-0.203
-0.05
-0.096
-0.378
-0.551
-0.571
-0.708
-0.769
-0.891
-1.055
-1.133
-1.193
-1.116
-1.113
-1.215
-1.086
-1.155
-1.084
-1.064
-1.095
-1.15
-1.05
-0.893
-0.91
-0.824
-0.919
-1.056
-0.922
-1.051
-1.045
-1.181
-1.135
-1.161
-1.075
-0.883
-0.8
-0.557
-0.578
-0.574
-0.639
-0.555
-0.43
-0.4
-0.458
-0.5
-0.203
-0.14
-0.015
0.071
0.22
0.165
0.176
0.253
0.241
0.276
0.306
0.496
0.688
0.741
0.902
1.056
1.028
0.953
0.991
0.82
0.838
0.753
0.761
0.689
0.746
0.971
0.629
0.718
0.9
0.856
0.787
0.912
0.848
0.818
0.848
0.897
0.98
0.963
1.141
1.125
1.046
1.002
1.069
1.11
1.129
1.071
0.91
0.906
0.642
0.64
0.525
0.323
0.18
0.088
-0.134
-0.045
-0.139
-0.106
-0.31
-0.239
-0.185
-0.238
-0.404
-0.305
-0.236
-0.195
-0.297
-0.156
-0.139
-0.129
-0.037
-0.072
-0.201
-0.088
-0.361
-0.265
-0.203
-0.199
-0.4
-0.492
-0.686
-0.784
-0.806
-0.993
-1.066
-0.994
-0.96
-1.085
-1.049
-1.104
-1.099
-1.08
-1.43
-1.456
-1.55
