-0.579
-0.376
-0.443
-0.422
-0.383
-0.374
-0.371
-0.435
-0.354
-0.261
-0.236
-0.175
-0.138
-0.052
-0.105
0.024
0.091
0.106
0.2
0.034
0.161
0.05
0.009
-0.077
-0.015
-0.026
0.041
0.026
0.145
0.1
-0.015
-0.138
-0.18
-0.164
-0.12
-0.319
-0.115
-0.297
-0.319
-0.246
-0.217
-0.338
-0.297
-0.264
-0.336
-0.236
-0.216
-0.181
-0.259
-0.249
-0.198
-0.271
-0.315
-0.324
-0.286
-0.254
-0.389
-0.331
-0.343
-0.224
-0.133
-0.014
0.045
0.015
0.088
0.116
-0.019
0.026
0.09
0.015
0.074
0.071
0.044
-0.048
0.081
0.235
0.098
0.195
0.126
0.128
0.154
-0.021
0.056
-0.092
-0.168
-0.146
-0.143
-0.054
-0.154
-0.175
-0.151
-0.177
-0.072
-0.021
0.124
0.195
0.141
0.253
0.22
0.274
0.302
0.378
0.401
0.398
0.38
0.356
0.378
0.273
0.443
0.378
0.435
0.393
0.405
0.474
0.491
0.536
0.435
0.475
0.354
0.443
0.414
0.233
0.244
0.203
0.056
-0.001
-0.041
-0.124
-0.144
-0.149
-0.128
-0.149
-0.256
-0.333
-0.316
-0.5
-0.501
-0.689
-0.726
-0.825
-0.796
-0.811
-0.836
-0.85
-0.79
-0.859
-0.854
-0.985
-0.859
-0.772
-0.881
-0.907
-0.861
-0.879
-0.995
-0.835
-0.72
-0.744
-0.581
-0.524
-0.514
-0.485
-0.301
-0.336
-0.164
-0.163
-0.212
-0.1
0.01
0.106
0.11
0.084
0.125
0.089
0.066
0.054
0.058
0.079
0.083
0.151
0.118
0.089
0.165
0.206
0.338
0.357
0.42
0.565
0.388
0.366
0.345
0.316
0.238
0.224
0.149
0.064
0.109
0.131
0.044
0.083
0.001
0.062
0.019
0.009
0.08
-0.003
-0.036
-0.033
-0.08
-0.036
0.009
-0.026
0.029
-0.011
0.039
0.039
0.033
0.072
-0.05
-0.065
-0.185
-0.165
-0.225
-0.145
-0.095
-0.221
-0.163
-0.122
0.019
-0.037
-0.16
-0.103
-0.041
-0.191
-0.077
-0.25
-0.169
-0.375
-0.49
-0.434
-0.435
-0.378
-0.425
-0.314
-0.299
-0.351
-0.258
-0.208
-0.215
-0.113
-0.203
-0.165
-0.278
-0.33
-0.174
-0.155
-0.179
-0.28
-0.219
-0.121
-0.165
-0.085
-0.039
-0.024
-0.022
-0.028
-0.094
0.084
0.029
0.175
-0.015
-0.005
0.115
0.065
0.092
0.011
-0.016
-0.135
-0.098
-0.039
-0.015
-0.074
-0.06
-0.049
-0.04
0.131
0.168
0.177
0.101
0.196
0.188
0.118
0.215
0.155
0.134
0.143
0.074
0.049
0.019
0.021
0.076
-0.062
-0.007
-0.051
0.021
-0.035
-0.14
-0.286
-0.299
-0.409
-0.451
-0.508
-0.44
-0.415
-0.395
-0.445
-0.367
-0.38
-0.386
-0.375
-0.383
-0.364
-0.331
-0.295
-0.208
-0.251
-0.234
-0.21
-0.217
-0.176
-0.25
-0.233
-0.283
-0.245
-0.246
-0.304
-0.199
-0.334
-0.284
-0.263
-0.326
-0.241
-0.23
-0.209
-0.193
-0.174
-0.074
-0.058
-0.077
0.003
0.096
0.15
0.076
0.245
0.269
0.345
0.33
0.299
0.265
0.289
0.266
0.706
0.509
0.379
0.28
0.314
0.21
0.251
0.155
0.151
0.1
0.091
0.121
0.081
0.028
0.051
-0.011
-0.077
-0.039
-0.029
-0.158
-0.22
-0.276
-0.266
-0.343
-0.224
-0.307
-0.166
-0.359
-0.42
-0.384
-0.425
-0.3
-0.206
-0.181
-0.16
0.066
0.009
0.005
0.051
0.041
0.036
-0.02
-0.003
0.013
0.07
0.062
0.041
0.118
0.107
0.091
0.139
0.071
0.154
0.098
0.076
0.12
0.18
0.221
0.284
0.231
0.288
0.309
0.42
0.328
0.296
0.359
0.352
0.511
0.438
0.52
0.455
0.45
0.491
0.405
0.283
0.307
0.217
0.265
0.249
0.325
0.264
0.179
0.225
0.196
0.21
0.085
-0.029
0.131
-0.018
0.005
-0.122
-0.013
0.086
-0.025
0.114
0.091
0.08
0.133
0.026
-0.036
-0.009
-0.019
-0.019
0.041
-0.166
-0.219
-0.285
-0.315
-0.406
-0.288
-0.346
-0.281
-0.318
-0.328
-0.261
-0.265
-0.37
-0.188
-0.175
-0.215
-0.236
-0.205
-0.139
-0.209
-0.193
-0.075
-0.096
-0.215
-0.235
-0.281
-0.21
-0.154
-0.168
-0.24
-0.274
-0.185
-0.135
-0.18
-0.188
-0.214
-0.25
-0.221
-0.154
-0.244
-0.275
-0.234
-0.244
-0.2
-0.256
-0.191
-0.216
-0.173
-0.099
-0.09
-0.089
-0.077
-0.054
-0.055
-0.059
-0.009
-0.006
0.031
0.054
0.064
-0.02
-0.016
-0.011
-0.03
-0.031
-0.094
-0.061
-0.133
-0.155
-0.145
-0.253
-0.149
-0.296
-0.265
-0.349
-0.286
-0.242
-0.33
-0.323
-0.388
-0.408
-0.444
-0.422
-0.374
-0.376
-0.295
-0.365
-0.294
-0.314
-0.274
-0.221
-0.296
-0.266
-0.239
-0.223
-0.228
-0.19
-0.115
-0.09
-0.129
-0.169
-0.216
-0.089
-0.109
-0.161
-0.092
-0.081
-0.016
0.033
-0.025
0.041
0.024
0.12
0.175
0.089
0.119
0.092
0.11
0.146
0.143
0.166
0.203
0.236
0.2
0.139
0.15
0.107
0.181
0.07
0.075
0.103
0.085
0.152
0.04
0.02
0.052
0.045
0.1
0.024
0.016
0.074
0.036
0.072
0.094
0.035
0.046
-0.075
-0.034
-0.105
-0.092
0.072
-0.02
0.071
0.009
-0.036
-0.091
-0.159
-0.083
-0.089
-0.076
-0.131
-0.145
-0.107
-0.096
-0.119
-0.14
-0.244
-0.28
-0.231
-0.276
-0.299
-0.309
-0.45
-0.443
-0.419
-0.356
-0.435
-0.323
-0.32
-0.297
-0.241
-0.346
-0.217
-0.206
-0.13
-0.173
-0.211
-0.083
-0.124
-0.253
-0.241
-0.214
-0.165
-0.124
-0.154
-0.13
-0.14
-0.029
-0.022
-0.009
0.046
0.048
0.036
0.007
-0.037
0.166
0.077
0.098
0.106
0.015
-0.005
-0.016
-0.045
-0.045
-0.124
-0.076
-0.22
-0.182
-0.189
-0.219
-0.217
-0.228
-0.246
-0.324
-0.329
-0.417
-0.417
-0.39
-0.45
-0.413
-0.429
-0.405
-0.371
-0.318
-0.329
-0.259
-0.261
-0.271
-0.146
-0.251
-0.179
-0.182
-0.088
-0.14
-0.092
-0.044
-0.104
-0.018
-0.065
-0.035
0.034
-0.05
0.077
-0.014
-0.031
0.024
-0.003
0.065
0.085
0.13
0.055
0.085
0.075
0.128
0.084
0.066
0.046
0.005
0.059
0.015
-0.07
-0.01
-0.105
-0.118
-0.08
-0.194
-0.152
-0.181
-0.208
-0.181
-0.345
-0.307
-0.284
-0.239
-0.29
-0.356
-0.24
-0.27
-0.321
-0.324
-0.364
-0.264
-0.249
-0.234
-0.269
-0.191
-0.185
-0.113
-0.147
-0.124
-0.046
-0.046
0.124
0.109
0.17
0.086
0.206
0.276
0.274
0.253
0.253
0.289
0.319
0.29
0.255
0.211
0.28
0.193
0.215
0.182
0.14
0.24
0.139
0.119
0.143
0.113
0.088
0.131
0.091
0.092
0.011
0.08
0.09
0.065
0.029
0.003
0.055
0.111
0.064
0.088
0.064
0.03
0.071
0.037
0.094
0.051
0.041
0.049
0.104
0.021
-0.006
0.006
-0.011
0.011
-0.066
-0.133
-0.059
-0.159
-0.119
-0.118
-0.221
-0.139
-0.174
-0.089
-0.144
-0.247
-0.199
-0.244
-0.221
-0.214
-0.276
-0.23
-0.238
-0.305
-0.182
-0.292
-0.155
-0.19
-0.134
-0.195
-0.166
-0.15
-0.177
-0.096
-0.04
-0.079
-0.088
-0.098
-0.089
-0.134
-0.171
-0.119
0.045
-0.098
-0.044
0.019
-0.062
-0.028
-0.041
-0.056
-0.039
0.051
-0.011
-0.074
0.048
0.033
0.031
0.024
0.045
-0.04
0.013
0.001
0.013
-0.019
-0.046
-0.01
-0.029
-0.08
-0.031
-0.03
-0.021
0.05
-0.01
0.124
-0.195
-0.041
-0.08
-0.046
-0.083
-0.08
-0.085
-0.09
-0.056
-0.083
-0.119
-0.052
-0.028
-0.044
-0.031
-0.048
-0.056
-0.041
0.013
-0.004
0.043
0.034
0.069
0.095
0.149
0.16
0.173
0.228
0.147
0.23
0.181
0.052
0.161
0.077
0.118
0.06
0.049
0.041
0.021
0.055
-0.019
0.036
-0.075
-0.098
-0.037
-0.022
-0.09
-0.145
-0.095
-0.065
-0.179
-0.141
-0.152
-0.221
-0.113
-0.186
-0.226
-0.205
-0.214
-0.13
-0.189
-0.129
-0.159
-0.184
-0.135
-0.15
-0.045
-0.088
-0.006
0.003
-0.011
-0.052
-0.019
-0.039
0.018
0.028
0.026
0.009
-0.014
0.139
0.12
0.135
0.151
0.131
0.223
0.151
0.113
0.099
0.118
0.135
0.06
0.009
0.061
-0.004
0.02
0.034
0.06
0.086
0.072
0.144
-0.025
0.014
0.021
0.006
0.043
-0.015
0.005
0.006
0.077
0.104
0.041
0.11
0.131
0.099
0.18
0.129
0.129
0.17
0.081
0.146
0.088
0.036
0.046
0.059
0.16
0.064
0.029
0.1
0.161
0.242
0.08
0.138
0.145
0.163
0.273
0.206
0.17
0.171
0.152
0.166
0.144
0.145
0.069
0.034
-0.033
0.015
0.0
-0.079
-0.01
-0.06
-0.188
-0.062
-0.095
-0.055
0.026
-0.085
0.01
-0.055
-0.104
-0.041
0.02
-0.016
0.01
0.052
0.043
0.116
0.143
0.161
0.219
0.196
0.251
0.121
0.236
0.283
0.268
0.284
0.234
0.352
0.314
0.319
0.345
0.324
0.319
0.383
0.41
0.395
0.395
0.362
0.376
0.374
0.349
0.375
0.383
0.374
0.312
0.312
0.258
0.341
0.296
0.116
0.116
0.06
0.081
0.103
0.049
0.122
0.109
0.129
0.163
0.145
0.046
0.066
0.074
0.0
-0.044
-0.085
-0.215
-0.164
-0.174
-0.21
-0.316
-0.24
-0.307
-0.179
-0.169
-0.195
-0.14
-0.163
-0.128
-0.134
-0.286
-0.224
-0.259
-0.194
-0.234
-0.216
-0.211
-0.241
-0.195
-0.195
-0.185
-0.15
-0.245
-0.194
-0.279
-0.185
-0.21
-0.273
-0.019
-0.06
-0.195
-0.175
-0.228
-0.147
-0.26
-0.231
-0.174
-0.26
-0.16
-0.195
0.041
-0.036
-0.089
-0.064
-0.111
-0.013
0.02
0.069
0.092
0.035
-0.06
0.009
0.041
0.072
0.09
0.134
0.158
0.151
0.174
0.199
0.301
0.453
0.465
0.581
0.541
0.514
0.475
0.484
0.436
0.458
0.468
0.383
0.355
0.336
0.297
0.316
0.281
0.352
0.416
0.309
0.225
0.235
0.217
0.31
0.292
0.269
0.177
0.176
0.193
0.147
0.103
0.061
0.075
0.026
0.064
0.034
0.003
-0.011
0.013
-0.039
-0.026
-0.041
-0.098
-0.07
-0.122
-0.116
-0.156
-0.196
-0.133
-0.124
-0.107
-0.109
-0.085
-0.143
-0.144
-0.113
-0.15
-0.175
-0.156
-0.154
-0.195
-0.19
-0.188
-0.223
-0.254
-0.131
-0.198
-0.214
-0.096
-0.284
-0.251
-0.271
-0.236
-0.276
-0.33
-0.244
-0.271
-0.221
-0.286
-0.315
-0.224
-0.281
-0.292
-0.301
-0.265
-0.259
-0.201
-0.129
-0.2
-0.141
-0.17
-0.049
-0.086
-0.113
-0.034
-0.028
0.021
0.09
0.206
0.283
0.331
0.486
0.414
0.542
0.566
0.586
0.584
0.545
0.584
0.756
0.626
0.629
0.691
0.694
0.604
0.623
0.56
0.698
0.657
0.596
0.554
0.249
0.349
0.285
0.256
0.214
0.095
0.191
0.18
0.105
0.055
0.076
0.035
0.163
0.146
0.122
0.147
0.18
0.217
0.015
-0.003
-0.184
-0.198
-0.219
-0.219
-0.206
-0.404
-0.367
-0.439
-0.492
-0.489
-0.651
-0.651
-0.726
-0.781
-0.849
-0.896
-0.94
-0.909
-0.914
-1.021
-1.014
-0.986
-0.978
-1.014
-1.01
-1.032
-0.99
-0.88
-0.999
-0.993
-1.006
-0.734
-0.677
-0.499
-0.331
-0.364
-0.14
-0.165
0.043
0.121
0.024
0.136
0.011
0.182
0.245
0.221
0.333
0.348
0.405
0.424
0.459
0.526
0.576
0.625
0.7
0.471
0.569
0.48
0.283
0.333
0.173
0.144
0.048
-0.146
-0.236
-0.378
-0.448
-0.525
-0.549
-0.541
-0.642
-0.554
-0.379
-0.346
-0.121
0.014
0.039
0.182
0.107
0.081
0.009
0.1
-0.029
0.076
0.031
0.095
0.059
0.06
0.166
0.217
0.429
0.385
0.485
0.532
0.585
0.691
0.831
0.812
0.831
0.796
0.753
0.78
0.834
0.733
0.734
0.565
0.6
0.449
0.224
0.211
0.095
0.111
-0.147
-0.225
-0.372
-0.334
-0.359
-0.318
-0.469
-0.68
-0.75
-0.768
-0.826
-0.932
-0.869
-0.848
-0.916
-0.758
-0.974
-1.036
-1.021
-0.999
-0.905
-0.774
-0.881
-0.786
-0.838
-0.978
-0.874
-0.889
-0.815
-0.785
-0.792
-0.64
-0.633
-0.52
-0.542
-0.571
-0.721
-0.635
-0.6
-0.8
-0.652
-0.699
-0.681
-0.568
-0.5
-0.65
-0.499
-0.581
-0.366
-0.225
-0.024
-0.009
0.051
0.107
0.211
0.253
0.414
0.356
0.545
0.526
0.568
0.479
0.491
0.557
0.561
0.566
0.536
0.334
0.259
0.2
0.334
0.245
0.136
0.191
0.17
0.164
0.049
-0.07
-0.013
-0.058
-0.069
-0.158
-0.069
-0.103
-0.066
-0.12
-0.039
-0.04
0.199
0.194
0.091
0.2
0.26
0.281
0.217
0.401
0.33
0.328
0.203
0.145
0.198
0.044
0.16
0.029
-0.015
0.062
-0.059
-0.072
-0.105
-0.323
-0.404
-0.365
-0.446
-0.223
-0.289
-0.198
-0.432
-0.581
-0.635
-0.821
-0.831
-0.843
-0.8
-0.763
-0.799
-0.776
-0.693
-0.598
-0.58
-0.644
-0.326
-0.32
-0.136
-0.188
-0.163
-0.055
-0.118
-0.044
-0.098
-0.168
-0.219
-0.109
-0.14
-0.114
-0.034
-0.08
0.111
0.106
0.31
0.427
0.436
0.463
0.354
0.441
0.413
0.266
0.311
0.401
0.494
0.531
0.495
0.436
0.295
0.339
0.297
0.255
0.223
0.109
0.054
-0.122
-0.12
-0.238
-0.168
-0.146
-0.054
-0.107
-0.19
-0.198
-0.251
-0.366
-0.415
-0.321
-0.424
-0.463
-0.179
-0.164
-0.066
-0.036
0.139
-0.031
-0.059
0.115
0.076
0.07
0.139
0.208
0.297
0.294
0.378
0.454
0.628
0.682
0.761
0.82
0.939
0.943
0.786
0.807
0.833
0.735
0.726
0.435
0.374
0.292
0.188
0.301
0.07
0.048
0.119
-0.004
0.175
0.184
0.014
0.134
0.036
0.149
-0.066
0.079
0.044
0.071
0.039
-0.024
0.03
0.152
0.144
0.124
0.186
0.109
0.188
0.12
0.168
0.228
0.212
0.333
0.345
0.355
0.253
0.201
0.229
0.034
0.141
0.037
-0.104
-0.065
-0.101
-0.249
-0.367
-0.484
-0.463
-0.338
-0.481
-0.565
-0.504
-0.495
-0.549
-0.603
-0.856
-0.735
-0.766
-0.86
-0.891
-0.938
-0.751
-0.551
-0.459
-0.35
-0.329
-0.328
-0.239
-0.228
0.024
-0.03
0.061
0.146
0.084
0.15
0.292
0.268
0.39
0.345
0.374
0.32
0.33
0.306
0.095
0.035
-0.101
-0.069
-0.158
-0.131
-0.109
-0.336
-0.489
-0.521
-0.484
-0.411
-0.413
-0.427
-0.417
-0.579
-0.539
-0.7
-0.763
-0.785
-1.089
-0.941
-1.248
-0.941
-0.866
-0.78
-0.695
-0.843
-0.96
-1.015
-0.828
-0.715
-0.709
-0.519
-0.405
-0.44
-0.296
-0.288
-0.208
-0.131
0.009
-0.013
0.088
0.104
0.12
0.049
0.144
0.289
0.367
0.482
0.393
0.45
0.432
0.496
0.609
0.76
1.01
1.069
1.17
1.032
1.011
1.129
0.927
0.828
0.904
0.79
0.755
0.823
0.674
0.764
0.709
0.839
0.828
0.768
0.629
0.557
0.535
0.519
0.56
0.48
0.497
0.41
0.318
0.2
0.408
0.424
0.323
0.44
0.411
0.435
0.421
0.31
0.241
0.256
0.265
0.302
0.24
0.066
0.147
0.164
0.372
0.482
0.346
0.256
0.091
0.181
0.154
0.14
0.216
0.306
0.311
0.152
0.083
0.035
0.049
0.149
0.031
0.044
-0.003
-0.059
-0.149
-0.359
-0.581
-0.656
-0.55
-0.365
-0.573
-0.515
-0.72
-0.761
-0.595
-0.73
-0.645
-0.482
-0.374
-0.195
-0.435
-0.378
-0.468
-0.325
-0.229
-0.249
-0.291
-0.236
-0.285
-0.233
-0.27
-0.247
-0.084
-0.099
-0.021
-0.021
0.026
0.045
-0.004
0.089
-0.079
-0.065
-0.079
-0.126
-0.065
0.058
0.1
0.138
0.275
0.274
0.269
0.329
0.191
0.193
0.27
0.475
0.448
0.454
0.432
0.253
0.39
0.266
0.321
0.434
0.509
0.429
0.413
0.469
0.383
0.324
0.482
0.386
0.325
0.176
0.088
0.203
0.189
0.194
0.024
0.036
-0.056
-0.001
-0.011
-0.16
-0.043
-0.149
-0.275
-0.369
-0.489
-0.266
-0.384
-0.403
-0.42
-0.388
-0.395
-0.43
-0.383
-0.505
-0.552
-0.456
-0.386
-0.445
-0.573
-0.604
-0.789
-0.736
-0.835
-0.868
-0.708
-0.524
-0.756
-0.657
-0.738
-0.666
-0.481
-0.535
-0.409
-0.432
-0.345
-0.304
-0.318
-0.189
-0.199
0.134
0.26
0.245
0.206
0.386
0.509
0.453
0.544
0.542
0.68
0.689
0.78
0.681
0.63
0.537
0.807
0.802
0.776
0.791
0.802
0.734
0.685
0.444
0.438
0.466
0.501
0.532
0.475
0.46
0.406
0.175
0.135
0.164
0.056
0.107
0.077
0.001
0.077
-0.11
-0.228
-0.159
-0.228
-0.188
-0.099
-0.285
-0.131
-0.304
-0.297
-0.411
-0.316
-0.168
-0.156
-0.159
-0.242
-0.18
-0.194
-0.278
-0.375
-0.301
-0.176
-0.175
-0.168
-0.229
-0.152
-0.268
-0.198
-0.28
-0.386
-0.365
-0.254
-0.356
-0.119
0.011
-0.109
0.004
-0.015
-0.04
-0.12
-0.029
-0.051
-0.079
-0.144
-0.149
-0.265
-0.339
-0.156
-0.098
-0.092
0.022
-0.106
0.011
-0.003
-0.135
-0.244
-0.215
-0.276
-0.501
-0.524
-0.604
-0.708
-0.595
-0.718
-0.684
-0.536
-0.805
-0.819
-0.944
-0.768
-0.796
-0.82
-0.873
-0.893
-0.991
-0.81
-0.938
-0.708
-0.635
-0.601
-0.494
-0.458
-0.343
-0.274
-0.259
-0.201
-0.155
-0.077
-0.124
-0.013
0.128
0.18
0.315
0.301
0.564
0.556
0.434
0.5
0.46
0.5
0.42
0.406
0.451
0.438
0.514
0.456
0.247
0.305
0.215
0.329
0.445
0.253
0.47
0.531
0.495
0.629
0.496
0.376
0.265
0.01
0.03
-0.109
-0.006
-0.072
-0.125
-0.106
-0.254
-0.122
0.003
-0.133
-0.281
-0.226
-0.062
0.028
-0.033
-0.08
-0.098
0.062
0.145
0.094
0.005
0.049
-0.101
-0.195
-0.235
-0.463
-0.42
-0.487
-0.463
-0.421
-0.454
-0.522
-0.61
-0.605
-0.527
-0.474
-0.318
-0.289
-0.283
-0.24
-0.324
-0.286
-0.189
-0.065
-0.081
-0.011
0.168
0.229
0.271
0.365
0.37
0.453
0.529
0.688
0.76
0.665
0.657
0.75
0.784
0.844
0.759
0.812
0.667
0.769
0.769
0.794
0.979
1.019
1.096
1.119
1.085
0.935
1.032
0.869
1.041
0.889
0.756
0.675
0.675
0.623
0.539
0.644
0.509
0.554
0.486
0.311
0.246
0.231
0.122
-0.019
-0.107
-0.268
-0.194
-0.301
-0.45
-0.46
-0.562
-0.52
-0.516
-0.541
-0.594
-0.589
-0.49
-0.448
-0.354
-0.438
-0.279
-0.285
-0.184
-0.231
-0.098
-0.141
-0.12
-0.05
-0.003
0.034
0.18
0.223
0.278
0.195
0.145
0.289
0.161
0.099
0.212
-0.062
-0.004
-0.076
-0.206
-0.292
-0.315
-0.195
-0.29
-0.155
-0.253
-0.339
-0.238
-0.268
-0.275
-0.294
-0.345
-0.255
-0.326
-0.256
-0.323
-0.239
-0.344
-0.276
-0.256
-0.3
-0.281
-0.226
-0.188
-0.233
-0.103
-0.19
-0.124
-0.119
-0.072
0.109
0.122
0.223
0.186
0.139
0.344
0.286
0.31
0.211
0.223
0.188
0.188
0.263
0.306
0.188
0.296
0.305
0.268
0.103
0.125
0.122
-0.055
0.043
-0.043
-0.05
-0.133
-0.062
-0.081
0.033
0.013
0.01
0.174
0.046
0.069
-0.065
0.033
-0.242
-0.281
-0.357
-0.32
-0.236
-0.176
-0.146
-0.25
-0.28
-0.249
-0.217
-0.074
-0.05
0.013
-0.025
-0.036
-0.043
0.075
0.061
0.094
-0.092
0.289
0.209
-0.08
-0.201
-0.312
-0.324
-0.446
-0.494
-0.471
-0.604
-0.73
-0.794
-0.874
-0.796
-0.859
-0.856
-0.955
-0.761
-0.854
-0.885
-1.011
-0.966
-0.85
-0.89
-0.834
-0.805
-0.726
-0.745
-0.76
-0.711
-0.726
-0.574
-0.609
-0.463
-0.324
-0.379
-0.455
-0.381
-0.331
-0.403
-0.239
-0.196
-0.016
-0.12
0.103
-0.094
0.084
0.316
0.217
0.375
0.464
0.554
0.56
0.694
0.671
0.831
0.922
0.899
1.117
1.115
1.199
1.174
1.218
1.214
1.124
1.163
1.029
1.052
1.008
0.926
0.763
0.701
0.768
0.864
0.631
0.816
0.568
0.631
0.634
0.566
0.651
0.44
0.519
0.444
0.35
0.39
0.355
0.436
0.196
0.072
0.089
-0.005
-0.022
-0.351
-0.266
-0.276
-0.297
-0.29
-0.411
-0.522
-0.311
-0.417
-0.44
-0.464
-0.429
-0.249
-0.268
-0.24
-0.129
-0.253
-0.255
-0.159
-0.219
-0.234
-0.155
-0.159
-0.138
-0.195
-0.383
-0.329
-0.459
-0.352
-0.264
-0.333
-0.128
0.044
-0.034
-0.039
0.083
0.261
0.372
0.349
0.534
0.651
0.655
0.735
0.799
0.943
0.777
0.754
0.812
0.826
0.833
0.616
0.615
0.542
0.564
0.573
0.443
0.278
0.198
0.171
0.081
0.009
-0.016
-0.029
-0.045
-0.143
0.039
0.005
-0.06
0.088
-0.036
-0.185
-0.209
-0.217
0.004
0.014
0.004
0.176
0.205
