0.279
0.355
0.211
0.41
0.516
0.499
0.729
0.736
0.841
0.758
0.948
1.056
1.294
1.415
1.591
1.591
1.383
1.199
1.084
1.276
1.065
0.885
0.816
0.743
0.695
0.544
0.48
0.5
0.285
0.299
0.2
0.035
-0.036
-0.32
-0.542
-0.623
-0.744
-0.682
-0.777
-0.777
-0.961
-0.894
-0.92
-1.068
-0.938
-0.836
-0.59
-0.479
-0.491
-0.41
-0.55
-0.41
-0.568
-0.503
-0.43
-0.47
-0.302
-0.501
-0.481
-0.415
-0.438
-0.319
-0.385
-0.429
-0.348
-0.482
-0.454
-0.542
-0.704
-0.559
-0.657
-0.856
-0.718
-0.733
-0.784
-0.738
-0.853
-0.949
-0.915
-0.966
-0.835
-0.797
-0.725
-0.855
-0.68
-0.706
-0.666
-0.455
-0.416
-0.42
-0.514
-0.359
-0.404
-0.352
-0.344
-0.085
-0.028
-0.05
0.039
0.149
0.163
0.233
0.268
0.294
0.31
0.205
0.211
0.275
0.229
0.288
0.336
0.278
0.311
0.189
0.229
0.544
0.389
0.259
0.426
0.535
0.356
0.531
0.487
0.799
0.797
0.784
0.672
0.593
0.661
0.525
0.657
0.506
0.573
0.451
0.385
0.635
0.522
0.485
0.302
0.177
-0.144
-0.451
-0.422
-0.385
-0.474
-0.659
-0.634
-0.557
-0.537
-0.7
-0.844
-0.855
-0.902
-0.919
-0.886
-1.039
-1.083
-0.935
-0.76
-0.904
-0.876
-1.014
-1.008
-1.089
-1.154
-0.964
-0.819
-0.651
-0.606
-0.671
-0.772
-0.635
-0.534
-0.39
-0.094
0.022
0.195
-0.01
0.03
-0.021
-0.104
-0.086
0.109
0.208
0.38
0.547
0.556
0.534
0.655
0.557
0.357
0.413
0.335
0.621
0.776
0.595
0.542
0.47
0.618
0.735
0.744
0.735
0.657
0.848
0.829
0.836
0.891
0.878
0.844
1.016
0.978
0.865
0.75
0.623
0.642
0.6
0.669
0.594
0.649
0.546
0.231
0.182
-0.051
-0.115
-0.196
-0.098
0.08
0.129
0.179
0.228
0.31
0.419
0.485
0.42
0.384
0.448
0.275
0.341
0.305
0.362
0.304
0.144
0.258
0.174
0.297
0.111
0.115
-0.004
-0.043
-0.144
-0.026
0.019
-0.014
-0.026
-0.055
-0.088
-0.111
-0.228
-0.26
-0.255
-0.331
-0.441
-0.266
-0.315
-0.297
-0.304
-0.527
-0.39
-0.604
-0.459
-0.524
-0.526
-0.497
-0.516
-0.61
-0.576
-0.417
-0.16
0.041
0.084
0.13
0.096
0.095
0.058
-0.139
-0.12
-0.054
-0.004
0.177
0.155
0.029
-0.071
-0.107
0.024
0.048
0.045
0.034
0.275
0.165
0.144
-0.171
-0.274
-0.315
-0.352
-0.403
-0.39
-0.145
-0.2
-0.051
0.088
0.079
0.233
0.276
0.284
0.21
0.527
0.409
0.261
0.255
0.374
0.379
0.281
0.41
0.359
0.429
0.296
0.474
0.396
0.42
0.413
0.496
0.324
0.381
0.359
0.31
0.534
0.629
0.487
0.487
0.713
0.427
0.404
0.454
0.448
0.419
0.409
0.301
0.231
0.216
0.164
0.19
0.143
0.19
-0.014
-0.045
-0.03
-0.355
-0.155
-0.141
-0.037
-0.166
-0.269
-0.255
-0.152
-0.03
-0.061
-0.135
-0.173
-0.401
-0.522
-0.495
-0.479
-0.319
-0.413
-0.451
-0.448
-0.644
-0.535
-0.414
-0.348
-0.25
-0.39
-0.405
-0.246
-0.333
-0.316
-0.57
-0.496
-0.436
-0.435
-0.388
-0.56
-0.388
-0.431
-0.531
-0.573
-0.739
-0.728
-0.77
-0.486
-0.46
-0.522
-0.415
-0.244
-0.212
-0.114
0.069
0.146
0.14
0.291
0.156
0.235
0.223
0.216
0.289
0.236
0.189
0.195
0.211
0.253
0.224
0.122
0.163
0.209
0.04
0.018
0.006
-0.126
-0.085
-0.041
-0.051
-0.088
-0.147
-0.31
-0.424
-0.336
-0.401
-0.31
-0.279
-0.122
-0.105
-0.115
-0.03
-0.1
-0.229
-0.182
-0.266
-0.089
-0.124
-0.14
-0.143
-0.048
0.193
0.144
0.089
-0.044
-0.139
-0.12
-0.173
-0.135
-0.018
0.028
-0.079
-0.015
-0.071
-0.135
-0.086
-0.121
-0.284
-0.147
-0.193
-0.239
-0.143
-0.146
-0.138
-0.009
-0.029
0.016
0.036
0.098
0.099
-0.015
-0.033
-0.062
-0.129
-0.024
0.081
0.072
0.203
0.165
0.077
0.035
-0.079
-0.034
-0.001
-0.11
-0.133
-0.06
-0.149
-0.096
-0.094
-0.22
-0.159
-0.21
-0.116
-0.156
-0.125
-0.018
0.05
0.085
0.094
-0.09
0.239
0.309
0.136
0.328
0.107
0.251
0.348
0.395
0.411
0.369
0.425
0.463
0.441
0.329
0.238
0.244
0.244
0.259
0.228
0.088
0.007
-0.09
-0.231
-0.276
-0.165
-0.198
-0.231
-0.075
-0.165
-0.039
-0.174
-0.096
0.045
0.04
0.055
0.159
0.01
0.216
0.13
0.228
0.147
0.095
0.189
0.188
0.359
0.345
0.422
0.408
0.504
0.474
0.534
0.579
0.644
0.672
0.89
0.809
0.838
0.785
0.909
0.826
0.701
0.635
0.738
0.733
0.716
0.649
0.739
0.745
0.61
0.503
0.374
0.479
0.451
0.436
0.501
0.42
0.509
0.436
0.333
0.278
0.182
0.198
0.15
0.044
-0.084
-0.109
-0.014
-0.036
-0.103
-0.031
0.022
0.191
0.089
0.236
0.239
0.309
0.338
0.328
0.413
0.57
0.57
0.67
0.768
0.743
0.844
0.792
0.691
0.65
0.725
0.761
0.509
0.667
0.7
0.524
0.494
0.362
0.432
0.531
0.642
0.711
0.821
0.971
0.869
0.864
0.738
0.449
0.231
0.329
0.039
0.083
0.059
0.026
-0.134
-0.041
-0.115
-0.151
-0.044
-0.039
0.119
0.052
0.105
0.013
-0.139
-0.295
-0.371
-0.604
-0.728
-0.902
-0.943
-0.94
-1.084
-0.996
-1.294
-1.154
-1.177
-1.126
-1.294
-1.323
-1.286
-1.301
-1.205
-1.188
-1.16
-1.083
-1.078
-0.905
-0.941
-0.848
-0.691
-0.745
-0.804
-0.754
-0.715
-0.65
-0.638
-0.531
-0.301
-0.206
-0.2
-0.21
-0.242
0.033
0.007
0.099
0.163
0.44
0.883
0.914
0.994
1.166
1.143
1.215
0.936
1.251
1.262
1.331
1.249
1.17
1.141
1.191
1.136
1.151
1.137
0.948
0.941
0.851
0.859
0.84
0.779
0.72
0.65
0.665
0.535
0.466
0.458
0.253
0.279
0.424
0.2
0.339
0.31
0.366
0.275
0.321
0.228
0.089
0.099
0.324
0.059
0.206
0.17
0.249
0.031
0.169
0.323
0.264
0.393
0.444
0.51
0.636
0.758
0.999
0.7
0.655
0.365
0.552
0.489
0.464
0.255
0.059
-0.076
-0.296
-0.284
-0.223
-0.341
-0.44
-0.583
-0.624
-0.591
-0.544
-0.372
-0.302
-0.381
-0.505
-0.719
-0.922
-0.963
-0.988
-0.772
-0.652
-0.79
-0.519
-0.593
-0.848
-0.482
-0.466
-0.763
-0.517
-0.532
-0.895
-0.976
-1.081
-1.203
-1.123
-1.078
-1.137
-1.23
-1.081
-0.975
-1.166
-0.974
-0.959
-1.019
-0.861
-0.907
-0.938
-0.81
-0.77
-0.738
-0.729
-0.676
-0.652
-0.416
-0.328
-0.323
-0.386
-0.175
-0.131
-0.105
-0.083
0.075
0.211
0.01
-0.01
0.009
-0.055
0.007
-0.036
-0.074
0.033
0.193
0.371
0.364
0.279
0.475
0.381
0.242
0.411
0.29
0.333
0.351
0.352
0.536
0.574
0.514
0.595
0.784
0.608
0.522
0.451
0.45
0.266
0.166
0.224
0.105
0.194
0.095
0.176
0.101
0.371
0.431
0.466
0.339
0.273
0.28
0.36
0.566
0.705
0.724
0.824
0.86
0.799
0.726
0.675
0.638
0.521
0.691
0.691
0.738
0.605
0.625
0.708
0.549
0.42
0.419
0.151
0.149
0.269
0.043
-0.037
0.015
0.083
-0.177
-0.284
-0.229
-0.503
-0.415
-0.64
-0.746
-0.971
-0.932
-0.876
-0.838
-0.975
-0.948
-1.044
-0.787
-0.787
-0.583
-0.606
-0.666
-0.616
-0.716
-0.706
-0.596
-0.598
-0.569
-0.655
-0.614
-0.584
-0.65
-0.594
-0.273
-0.38
-0.191
-0.001
0.084
0.296
0.274
0.185
0.11
0.033
0.043
0.171
0.2
0.242
0.109
0.229
-0.211
-0.341
-0.309
-0.409
-0.385
-0.489
-0.256
-0.326
-0.406
-0.281
-0.395
-0.319
-0.395
-0.26
-0.199
-0.044
-0.244
-0.026
0.095
0.348
0.302
0.448
0.511
0.641
0.682
0.679
0.744
0.703
0.571
0.508
0.521
0.595
0.547
0.362
0.168
0.171
-0.011
-0.136
-0.173
-0.133
-0.13
-0.147
-0.196
-0.28
-0.328
-0.634
-0.667
-0.657
-0.672
-0.391
-0.496
-0.534
-0.591
-0.625
-0.604
-0.647
-0.531
-0.552
-0.545
-0.469
-0.422
-0.35
-0.335
-0.41
-0.443
-0.388
-0.191
-0.22
-0.022
-0.058
-0.009
-0.101
-0.041
0.133
-0.043
0.114
0.046
0.116
0.086
0.235
0.086
0.305
0.343
0.302
0.292
0.371
0.425
0.37
0.174
0.147
0.254
0.345
0.441
0.254
0.239
0.268
0.179
0.297
0.155
0.258
0.129
-0.039
-0.059
-0.155
-0.18
-0.173
-0.199
-0.339
-0.348
-0.385
-0.611
-0.575
-0.616
-0.623
-0.642
-0.719
-0.595
-0.645
-0.615
-0.731
-0.824
-0.713
-0.834
-0.89
-0.741
-0.566
-0.621
-0.562
-0.398
-0.393
-0.541
-0.359
-0.321
-0.27
-0.147
-0.206
-0.208
-0.168
0.169
0.131
0.156
0.239
0.329
0.417
0.486
0.634
0.578
0.735
0.54
0.871
0.631
0.785
0.755
0.828
0.786
0.729
0.657
0.659
0.659
0.557
0.33
0.279
0.182
0.198
0.305
0.292
0.273
0.271
0.264
0.238
0.077
-0.085
-0.058
-0.045
-0.034
-0.195
-0.098
-0.161
-0.111
-0.106
-0.295
-0.362
-0.45
-0.398
-0.312
-0.147
-0.039
0.021
0.029
0.099
0.221
0.193
0.279
0.268
0.041
0.179
0.152
0.158
0.095
0.022
-0.121
-0.103
-0.101
-0.203
-0.316
-0.359
-0.296
-0.504
-0.601
-0.413
-0.391
-0.506
-0.731
-0.691
-0.946
-0.784
-0.73
-0.649
-0.39
-0.394
-0.323
-0.435
-0.335
-0.383
-0.429
-0.391
-0.421
-0.416
-0.417
-0.414
-0.641
-0.661
-0.71
-0.759
-0.662
-0.569
-0.393
-0.264
-0.13
-0.131
0.022
0.048
0.019
-0.095
-0.096
-0.014
0.1
0.173
0.001
0.051
0.216
0.101
0.081
0.163
0.055
-0.02
-0.039
-0.228
-0.245
-0.41
-0.429
-0.486
-0.516
-0.478
-0.453
-0.542
-0.408
-0.422
-0.549
-0.536
-0.606
-0.596
-0.5
-0.302
-0.328
-0.309
0.098
0.046
0.006
-0.016
0.052
0.065
0.265
0.399
0.24
0.268
0.181
0.259
0.221
0.19
0.006
-0.122
-0.048
-0.036
0.03
0.092
0.11
0.279
0.168
0.46
0.508
0.588
0.454
0.39
0.116
0.221
0.416
0.253
0.201
0.278
0.464
0.571
0.534
0.638
0.571
0.744
0.555
0.481
0.384
0.367
0.343
0.429
0.44
0.236
0.319
0.38
0.284
0.283
0.236
0.17
0.22
0.239
0.355
0.38
0.551
0.594
0.65
0.794
0.841
0.901
0.764
0.706
0.809
0.814
0.849
0.968
0.825
0.893
0.576
0.667
0.573
0.494
0.589
0.524
0.546
0.551
0.398
0.385
0.24
0.16
0.086
-0.191
-0.212
-0.458
-0.401
-0.606
-0.436
-0.419
-0.486
-0.259
-0.216
-0.535
-0.361
-0.294
-0.379
-0.245
-0.111
-0.135
-0.099
-0.031
-0.292
-0.239
-0.404
-0.336
-0.357
-0.27
-0.174
-0.085
-0.13
-0.06
0.11
0.186
0.436
0.46
0.36
0.394
0.312
0.468
0.398
0.494
0.217
0.206
0.36
0.311
0.345
0.245
0.03
0.336
0.325
0.096
0.245
0.16
0.265
0.094
0.021
-0.041
-0.018
0.154
0.005
-0.088
-0.208
0.011
-0.01
-0.016
-0.074
-0.065
0.1
0.239
0.124
0.311
0.359
0.416
0.3
0.406
0.56
0.372
0.369
0.656
0.725
0.978
1.002
0.861
0.951
0.995
0.971
0.94
0.964
1.074
0.846
1.078
1.189
1.01
1.031
0.968
0.805
0.809
0.861
1.091
1.009
0.954
0.841
0.599
0.726
0.59
0.47
0.44
0.296
0.224
0.211
0.223
0.171
0.194
0.014
0.128
0.014
0.076
0.107
0.185
0.044
-0.065
-0.203
-0.378
-0.283
-0.38
-0.422
-0.388
-0.484
-0.505
-0.604
-0.723
-0.724
-0.73
-0.716
-0.772
-0.826
-0.904
-0.95
-0.929
-1.149
-0.899
-0.88
-0.789
-0.547
-0.449
-0.256
-0.169
-0.07
0.101
0.271
0.296
0.304
0.365
0.596
0.436
0.458
0.43
0.421
0.441
0.481
0.629
0.456
0.588
0.611
0.588
0.68
0.688
0.647
0.652
0.765
0.721
0.699
0.721
0.769
0.695
0.45
0.357
0.29
0.106
-0.119
-0.143
-0.12
-0.251
-0.247
-0.235
-0.529
-0.573
-0.609
-0.571
-0.684
-0.616
-0.771
-0.72
-0.936
-1.048
-1.084
-0.902
-0.835
-0.754
-0.671
-0.628
-0.694
-0.641
-0.512
-0.633
-0.556
-0.599
-0.51
-0.427
-0.552
-0.546
-0.356
-0.393
-0.446
-0.571
-0.583
-0.685
-0.79
-0.804
-0.723
-0.899
-0.851
-0.864
-0.647
-0.438
-0.568
-0.445
-0.463
-0.203
0.015
0.094
0.101
0.125
0.066
0.005
-0.085
0.01
0.005
0.11
-0.1
0.214
-0.009
0.189
0.165
0.229
0.384
0.15
0.246
-0.024
0.156
0.174
0.205
0.263
0.113
0.138
0.059
-0.081
-0.02
0.05
0.14
0.116
-0.03
0.119
0.144
-0.094
-0.094
-0.044
-0.041
-0.083
0.13
0.247
0.216
0.269
0.26
0.158
0.312
0.235
0.005
-0.08
-0.121
0.045
0.059
0.091
0.049
0.259
-0.001
0.151
0.128
0.116
0.383
0.499
0.383
0.242
0.266
0.309
0.355
0.215
0.265
0.144
0.422
0.333
0.135
0.174
0.211
0.194
0.19
0.205
0.055
0.321
0.094
0.061
-0.12
-0.186
-0.12
-0.145
-0.064
-0.026
-0.193
-0.154
-0.201
-0.182
-0.245
-0.319
-0.367
-0.549
-0.759
-1.002
-0.975
-0.776
-0.764
-0.519
-0.416
-0.268
-0.174
-0.318
-0.484
-0.479
-0.681
-0.57
-0.79
-0.791
-1.035
-1.001
-1.001
-0.917
-0.802
-0.581
-0.403
-0.247
-0.325
-0.346
-0.53
-0.216
-0.36
-0.205
-0.14
-0.198
0.055
0.145
0.113
0.245
0.45
0.345
0.583
0.496
0.61
0.552
0.417
0.444
0.601
0.63
0.541
0.745
0.806
0.776
0.944
0.925
1.089
1.018
1.056
1.065
1.083
1.129
1.198
1.1
1.015
0.954
0.824
0.821
0.985
0.829
0.721
0.688
0.634
0.588
0.365
0.438
0.495
0.475
0.479
0.471
0.415
0.259
0.188
0.105
0.049
-0.089
-0.238
-0.24
-0.326
-0.416
-0.316
-0.328
-0.281
-0.35
-0.489
-0.451
-0.479
-0.609
-0.691
-0.868
-1.1
-1.104
-0.9
-0.968
-1.06
-1.135
-1.074
-1.044
-1.08
-1.284
-1.234
-0.973
-0.98
-0.914
-1.028
-1.04
-1.04
-1.041
-1.107
-1.26
-1.309
-1.219
-1.17
-0.966
-0.951
-0.84
-1.114
-1.208
-1.284
-1.09
-0.875
-0.58
-0.45
-0.359
-0.606
-0.296
-0.378
-0.53
-0.374
-0.38
0.01
0.086
0.128
0.188
0.034
0.195
0.244
0.501
0.541
0.636
0.854
0.981
1.026
0.87
0.651
0.618
0.594
0.398
0.574
0.63
0.666
0.578
0.529
0.446
0.077
-0.107
-0.196
-0.288
-0.225
0.033
0.173
-0.014
-0.131
-0.026
-0.072
0.007
0.111
0.41
0.526
0.575
0.585
0.434
0.549
0.496
0.371
0.35
0.295
0.469
0.581
0.708
0.63
0.776
0.906
0.879
0.878
0.809
0.7
0.679
0.771
0.638
0.733
0.646
0.574
0.352
0.179
0.205
0.114
0.205
0.328
0.316
0.212
0.233
0.044
-0.136
0.033
0.155
0.125
-0.066
-0.15
0.031
-0.185
-0.07
0.036
0.025
0.191
0.158
0.061
-0.031
-0.181
-0.086
-0.048
-0.022
0.212
0.203
-0.019
0.09
0.024
0.121
0.121
0.156
-0.009
0.051
0.016
-0.066
-0.024
-0.039
-0.113
0.001
-0.206
-0.285
-0.238
-0.211
-0.174
-0.258
-0.269
-0.208
-0.158
-0.245
-0.23
-0.261
-0.233
-0.198
-0.1
-0.128
-0.13
-0.35
-0.334
-0.446
-0.44
-0.259
-0.36
-0.422
-0.511
-0.556
-0.677
-0.614
-0.618
-0.544
-0.753
-0.787
-0.779
-0.85
-0.772
-0.736
-0.789
-0.768
-0.914
-0.904
-1.05
-1.054
-0.999
-0.96
-1.042
-1.2
-1.218
-1.269
-1.345
-1.18
-1.029
-0.829
-0.625
-0.604
-0.623
-0.522
-0.594
-0.625
-0.455
-0.361
-0.36
0.031
0.209
0.415
0.341
0.361
0.249
0.295
0.369
0.325
0.343
0.551
0.386
0.264
0.246
0.254
0.26
0.315
0.417
0.444
0.331
0.535
0.569
0.6
0.816
0.79
0.814
0.826
0.739
0.768
0.936
0.906
0.718
0.756
0.656
0.636
0.751
0.723
0.831
0.826
0.929
0.83
0.851
0.73
0.802
0.856
0.754
0.986
1.025
1.056
0.986
1.121
0.974
0.761
0.688
0.566
0.763
0.588
0.525
0.53
0.589
0.765
0.591
0.294
0.383
0.194
0.111
0.151
0.015
0.281
0.138
0.101
-0.077
-0.11
0.031
0.099
0.255
0.201
0.22
0.341
0.275
0.255
0.291
0.281
0.071
0.12
0.009
-0.051
0.141
0.028
0.071
-0.006
-0.056
-0.099
-0.203
0.037
0.098
0.147
0.173
0.408
0.312
0.275
0.247
0.217
0.29
0.314
0.297
0.294
0.175
0.163
0.133
0.49
0.318
0.27
0.413
0.43
0.456
0.529
0.288
0.383
0.174
0.185
0.043
0.203
0.151
-0.011
-0.089
-0.417
-0.516
-0.535
-0.716
-0.608
-0.55
-0.401
-0.396
-0.386
-0.281
-0.32
-0.026
-0.305
-0.289
-0.344
-0.279
-0.181
-0.251
-0.161
0.072
0.026
0.166
0.033
-0.031
-0.256
-0.334
-0.219
-0.107
-0.13
-0.208
-0.43
-0.49
-0.566
-0.588
-0.451
-0.576
-0.364
-0.525
-0.679
-0.701
-0.551
-0.441
-0.357
-0.439
-0.445
-0.554
-0.396
-0.514
-0.494
-0.691
-0.672
-0.369
-0.54
-0.422
-0.325
-0.304
-0.268
-0.362
-0.312
-0.203
-0.18
0.081
-0.076
-0.091
-0.151
-0.209
-0.049
0.058
0.245
0.16
-0.198
0.109
0.075
0.01
0.069
0.019
-0.034
-0.15
-0.259
-0.286
-0.249
-0.105
-0.396
-0.584
-0.411
-0.559
-0.436
-0.299
-0.105
-0.144
-0.005
0.095
0.006
0.11
0.315
0.209
0.804
0.794
0.811
0.849
0.921
1.085
1.191
1.369
1.383
1.446
1.53
1.319
1.395
1.173
1.25
1.104
1.16
1.177
1.137
1.214
1.157
1.314
1.363
1.374
1.292
1.239
1.111
0.861
0.845
0.782
0.693
0.544
0.3
0.092
-0.074
-0.176
-0.246
-0.343
-0.451
-0.455
-0.609
-0.765
-0.638
-0.591
-0.68
-0.701
-0.698
-0.595
-0.562
-0.547
-0.52
-0.48
-0.441
-0.505
-0.608
-0.438
-0.505
-0.511
-0.557
-0.343
-0.321
-0.176
-0.159
-0.238
-0.177
-0.173
-0.12
-0.092
0.009
-0.071
-0.075
-0.024
-0.107
-0.273
-0.369
-0.194
-0.079
0.029
-0.049
-0.011
0.085
0.05
-0.144
-0.268
-0.383
-0.583
-0.596
-0.87
-0.781
-1.006
-1.012
-1.038
-1.084
-1.234
-1.328
-1.255
-1.274
-1.117
-1.005
-0.874
-0.694
-0.669
-0.51
-0.473
-0.439
-0.456
-0.465
-0.503
-0.381
-0.185
-0.288
-0.175
-0.165
-0.118
0.216
0.069
0.076
-0.024
0.083
0.201
0.031
0.072
0.268
0.244
0.309
0.314
0.39
0.644
0.576
0.465
0.489
0.416
0.319
0.465
0.56
0.657
0.801
0.914
1.008
1.055
1.109
0.954
1.032
0.764
0.631
0.598
0.461
0.421
0.145
0.273
0.268
0.246
0.177
0.259
0.138
0.048
-0.059
-0.048
0.069
0.223
0.091
-0.194
-0.163
-0.174
-0.456
-0.5
-0.676
-0.623
-0.634
-0.802
-0.841
-1.014
-0.775
-0.97
-0.924
-0.929
-0.758
-0.84
-0.859
-0.72
-0.944
-0.975
-0.999
-0.8
-0.75
-0.807
-0.766
-0.73
-0.473
-0.463
-0.346
-2.269
-0.131
-0.03
0.048
0.085
0.114
-0.071
-0.23
-0.259
-0.119
-0.094
-0.01
-0.066
0.099
0.01
0.188
0.175
-0.009
-0.049
0.011
-0.004
-0.054
0.205
0.024
-0.099
-0.154
-0.226
-0.385
-0.445
-0.224
-0.14
-0.138
-0.074
-0.066
-0.216
-0.133
-0.163
-0.026
0.039
-0.016
-0.088
-0.184
-0.235
-0.119
-0.212
0.03
0.045
0.212
0.26
0.138
0.021
-0.125
-0.169
-0.146
-0.029
0.173
0.2
0.376
0.46
0.535
0.505
0.441
0.565
0.529
0.542
0.589
0.514
0.474
0.497
0.432
0.273
0.08
0.086
-0.035
0.079
0.077
0.055
-0.041
0.092
0.265
0.23
0.011
-0.152
-0.339
-0.529
-0.581
-0.671
-0.749
-0.685
-0.599
-0.47
-0.556
-0.485
-0.331
-0.439
-0.454
-0.492
-0.391
-0.173
-0.286
-0.288
-0.425
-0.23
-0.325
-0.32
-0.105
-0.209
-0.278
-0.083
-0.136
0.03
-0.18
-0.265
-0.265
-0.05
0.19
0.182
0.299
0.128
0.064
-0.269
-0.468
-0.455
-0.471
-0.419
0.061
0.122
0.288
0.334
0.33
0.195
0.211
0.124
0.165
0.315
0.781
0.672
0.63
0.576
0.525
0.439
0.311
0.266
0.28
0.126
0.265
0.344
0.43
0.406
0.316
0.362
0.299
0.006
-0.003
0.094
0.209
0.38
0.374
