0.214
0.233
0.299
0.355
0.586
0.299
0.326
0.245
0.195
0.366
0.331
0.417
0.224
0.319
0.455
0.367
0.362
0.466
0.458
0.435
0.47
0.505
0.385
0.468
0.461
0.346
0.15
0.176
0.326
0.106
0.249
0.072
-0.11
-0.144
-0.225
-0.374
-0.194
-0.255
-0.16
-0.286
-0.404
-0.431
-0.604
-0.574
-0.733
-0.68
-0.766
-0.861
-0.836
-0.74
-0.796
-0.784
-0.897
-0.91
-0.796
-0.94
-1.091
-0.893
-0.907
-0.729
-0.689
-0.713
-0.6
-0.686
-0.491
-0.278
-0.41
-0.306
-0.468
-0.189
-0.133
-0.066
0.049
-0.133
-0.011
0.235
0.465
0.312
0.478
0.738
0.921
1.012
0.919
0.895
1.062
1.075
0.838
1.025
1.326
1.25
1.38
1.436
1.403
1.28
1.246
0.973
0.955
0.926
0.774
0.708
0.682
0.578
0.596
0.66
0.723
0.399
0.185
0.199
0.219
0.245
0.421
0.509
0.512
0.499
0.261
0.147
0.115
0.321
0.388
0.492
0.578
0.37
0.35
0.438
0.58
0.448
0.321
0.334
0.425
0.511
0.596
0.588
0.531
0.501
0.608
0.623
0.425
0.206
0.23
0.228
0.036
0.001
-0.006
-0.14
-0.134
-0.076
-0.18
-0.413
-0.451
-0.505
-0.657
-0.906
-0.991
-1.121
-0.935
-1.024
-1.28
-1.271
-1.333
-1.188
-1.147
-1.085
-1.062
-1.044
-1.161
-1.086
-1.146
-1.144
-1.224
-1.251
-1.052
-1.181
-1.024
-1.001
-0.824
-0.711
-0.685
-0.72
-0.595
-0.479
-0.453
-0.63
-0.561
-0.275
-0.469
-0.406
-0.585
-0.595
-0.562
-0.552
-0.486
-0.41
-0.374
-0.333
-0.456
-0.482
-0.564
-0.361
-0.333
-0.406
-0.289
-0.217
-0.203
-0.26
-0.044
-0.14
-0.12
0.051
0.182
0.359
0.451
0.606
0.623
0.68
0.809
0.785
0.71
0.596
0.581
0.743
0.806
0.724
0.831
0.744
0.858
0.705
0.59
0.603
0.389
0.39
0.345
0.229
0.115
0.159
0.215
-0.156
-0.205
-0.416
-0.33
-0.334
-0.286
-0.378
-0.352
-0.419
-0.527
-0.473
-0.636
-0.698
-0.651
-0.58
-0.681
-0.61
-0.651
-0.659
-0.504
-0.619
-0.557
-0.449
-0.47
-0.54
-0.671
-0.699
-0.802
-0.964
-0.874
-0.912
-0.639
-0.589
-0.698
-0.573
-0.589
-0.443
-0.432
-0.269
-0.084
-0.163
-0.065
-0.096
-0.03
0.013
-0.004
0.106
0.219
0.395
0.549
0.751
0.701
0.906
0.735
0.929
0.844
0.846
0.853
0.814
0.689
0.699
0.685
0.735
0.749
0.829
0.916
0.932
0.815
0.787
1.071
0.797
1.014
1.123
1.051
0.879
0.893
0.728
0.761
0.849
0.782
0.69
0.816
0.855
0.948
0.94
0.966
1.07
1.055
0.865
0.664
0.721
0.735
0.777
0.624
0.744
0.766
0.615
0.624
0.664
0.63
0.758
0.695
0.666
0.691
0.426
0.474
0.409
0.066
0.092
0.051
0.056
0.263
0.349
0.25
0.311
0.226
0.133
-0.146
-0.33
-0.254
-0.432
-0.403
-0.386
-0.46
-0.611
-0.73
-0.731
-0.776
-0.745
-0.873
-0.939
-0.868
-0.961
-1.198
-1.115
-1.001
-0.755
-0.787
-0.786
-0.855
-0.875
-0.976
-0.886
-0.786
-0.666
-0.259
-0.228
-0.114
-0.02
-0.071
-0.159
-0.075
0.121
0.147
0.386
0.494
0.633
0.569
0.719
0.875
0.706
0.624
0.651
0.684
0.677
0.766
0.961
1.224
1.111
1.22
0.824
0.826
0.771
0.814
0.948
0.973
0.8
0.746
-1.103
0.529
0.471
0.634
0.341
0.185
0.226
0.169
0.219
0.024
-0.052
-0.011
0.11
0.446
0.51
0.44
0.356
0.281
0.301
0.263
0.212
0.314
0.356
0.376
0.465
0.427
0.389
0.276
0.125
0.015
-0.052
0.004
-0.028
-0.026
-0.121
-0.198
-0.301
-0.348
-0.403
-0.424
-0.596
-0.511
-0.828
-0.929
-0.958
-0.943
-0.718
-0.76
-0.814
-0.807
-0.802
-0.809
-0.786
-0.611
-0.664
-0.864
-0.906
-0.794
-0.838
-0.794
-0.53
-0.5
-0.426
-0.312
-0.208
-0.174
-0.121
-0.104
-0.098
0.009
0.199
0.14
0.18
0.176
0.288
0.331
0.474
0.601
0.586
0.514
0.549
0.645
0.484
0.578
0.677
0.891
1.076
1.104
1.261
1.0
0.786
0.976
0.651
0.686
0.7
0.834
1.052
1.16
1.354
1.403
1.449
1.554
1.41
1.552
1.268
1.221
1.137
1.076
0.965
0.583
0.662
0.4
0.522
0.294
0.147
0.022
-0.235
-0.256
-0.291
-0.211
-0.269
-0.396
-0.44
-0.649
-0.971
-0.966
-0.92
-0.869
-0.902
-0.83
-0.78
-0.781
-0.786
-0.834
-0.633
-0.641
-0.623
-0.564
-0.573
-0.561
-0.695
-0.58
-0.975
-0.905
-1.22
-1.244
-1.3
-1.369
-1.366
-1.441
-1.539
-1.627
-1.54
-1.407
-1.494
-1.416
-1.558
-1.446
-1.536
-1.344
-1.551
-1.494
-1.434
-1.421
-1.405
-1.114
-0.86
-0.753
-0.651
-0.67
-0.754
-0.517
-0.616
-0.461
-0.552
-0.434
-0.07
0.077
0.168
0.35
0.331
0.475
0.554
0.733
0.599
0.943
1.031
0.894
0.824
0.688
0.77
0.895
0.733
0.733
0.656
0.674
0.599
0.794
0.958
1.038
1.015
0.925
0.779
0.961
0.802
0.662
0.618
0.46
0.571
0.713
0.749
0.851
0.834
1.059
0.96
1.046
1.074
1.018
1.015
0.895
0.768
0.976
0.907
0.93
0.759
0.661
0.638
0.345
0.059
-0.034
-0.06
-0.071
-0.062
-0.256
-0.321
-0.596
-0.614
-0.589
-0.693
-1.016
-1.089
-0.955
-1.232
-1.282
-1.18
-0.954
-0.839
-0.888
-0.851
-0.983
-0.945
-0.979
-0.986
-0.95
-0.484
-0.323
-0.294
-0.238
-0.128
-0.103
-0.212
-0.177
-0.159
-0.155
-0.098
-0.061
-0.003
-0.001
0.029
0.06
0.195
0.318
0.549
0.718
0.63
0.284
0.14
0.171
0.065
0.106
0.098
-0.079
-0.226
-0.491
-0.501
-0.731
-0.604
-0.614
-0.465
-0.085
-0.072
0.173
-0.198
-0.098
-0.156
-0.175
-0.136
-0.311
-0.175
-0.269
-0.344
-0.445
-0.699
-0.721
-0.713
-0.59
-0.628
-0.527
-0.443
-0.333
-0.092
-0.01
0.034
0.244
0.379
0.247
0.416
0.501
0.542
0.628
0.694
0.816
0.715
0.986
1.051
0.919
1.116
1.116
1.076
1.002
0.912
0.861
0.809
0.839
0.869
0.78
0.776
0.7
0.552
0.299
0.221
0.211
-0.128
-0.217
-0.357
-0.318
-0.343
-0.515
-0.536
-0.615
-0.623
-0.41
-0.367
-0.235
-0.035
-0.211
-0.147
-0.17
-0.033
-0.1
-0.238
-0.271
-0.367
-0.425
-0.299
-0.122
-0.009
0.031
0.104
0.29
0.425
0.464
0.596
0.695
0.695
0.615
0.588
0.681
0.665
0.725
0.686
0.688
0.524
0.456
0.164
0.203
0.299
0.367
0.38
0.348
0.2
0.335
0.131
-0.025
-0.074
0.009
-0.101
-0.179
-0.166
-0.095
-0.11
-0.307
-0.184
-0.152
-0.054
0.014
0.2
0.208
0.3
0.499
0.57
0.851
1.04
1.034
0.925
1.045
1.151
1.11
1.135
1.121
1.034
1.035
0.983
1.129
1.028
1.046
1.031
1.046
0.956
1.026
1.14
1.106
1.117
0.917
0.939
0.924
0.943
0.859
0.696
0.594
0.458
0.583
0.261
0.208
0.133
-0.28
-0.46
-0.409
-0.292
-0.32
-0.365
-0.469
-0.628
-0.771
-0.726
-0.863
-0.869
-1.046
-0.905
-0.868
-0.819
-0.926
-1.002
-1.049
-0.844
-0.821
-0.659
-0.826
-0.754
-0.83
-0.765
-0.816
-0.744
-0.891
-0.812
-0.703
-0.585
-0.662
-0.73
-0.846
-0.871
-0.883
-0.802
-0.777
-0.645
-0.723
-0.649
-0.686
-0.659
-0.634
-0.661
-0.61
-0.616
-0.494
-0.379
-0.233
-0.253
-0.179
-0.114
0.23
0.463
0.594
0.67
0.749
0.824
0.759
0.838
0.926
1.081
1.256
1.262
1.265
1.026
0.858
0.843
0.706
0.806
0.706
0.734
0.71
0.713
0.635
0.569
0.555
0.486
0.247
0.343
0.246
0.198
0.311
0.438
0.44
0.388
0.362
0.241
0.055
-0.104
-0.009
-0.006
0.151
-0.033
0.071
-0.226
-0.235
-0.247
-0.36
-0.092
-0.166
-0.219
-0.166
-0.254
-0.25
-0.312
-0.367
-0.268
-0.125
-0.379
-0.589
-0.52
-0.399
-0.323
-0.371
-0.23
-0.409
-0.436
-0.446
-0.247
-0.211
-0.372
-0.307
-0.365
-0.29
-0.23
-0.256
-0.009
-0.283
-0.239
-0.273
-0.165
-0.335
-0.338
-0.307
-0.416
-0.461
-0.41
-0.5
-0.526
-0.394
-0.455
-0.349
-0.494
-0.209
-0.331
-0.289
-0.084
-0.107
-0.158
-0.106
-0.224
-0.211
-0.32
-0.335
-0.485
-0.352
-0.385
-0.529
-0.608
-0.525
-0.601
-0.384
-0.357
-0.268
-0.276
-0.164
-0.115
-0.009
-0.246
-0.154
0.051
0.086
0.101
-0.11
-0.245
-0.334
-0.144
-0.25
-0.376
-0.319
-0.208
-0.139
-0.105
-0.075
-0.215
-0.168
-0.007
-0.143
-0.128
0.241
0.225
0.199
0.211
0.18
-0.168
0.003
-0.031
0.092
0.144
0.163
0.203
0.221
0.107
0.036
-0.035
0.066
0.129
0.182
0.208
0.234
0.072
0.09
0.056
-0.041
0.058
0.072
0.216
0.456
0.526
0.574
0.561
0.664
0.709
0.835
0.958
1.215
1.475
1.36
1.552
1.581
1.454
1.346
1.343
1.296
1.49
1.354
1.288
1.124
0.979
1.266
1.265
1.31
1.288
1.395
1.019
0.94
0.97
0.912
0.851
0.766
0.642
0.481
0.459
0.325
0.275
0.297
0.166
0.261
0.281
-2.489
0.349
0.432
0.421
0.14
0.209
0.266
0.302
0.404
0.151
0.195
0.209
0.07
0.021
-0.263
-0.24
-0.511
-0.473
-0.45
-0.519
-0.505
-0.464
-0.529
-0.604
-0.614
-0.848
-0.995
-1.144
-1.055
-1.085
-1.318
-1.213
-1.258
-1.496
-1.367
-1.4
-1.346
-1.354
-1.218
-1.225
-1.201
-1.1
-1.124
-0.926
-0.993
-0.943
-0.814
-0.758
-0.594
-0.709
-0.416
-0.466
-0.122
-0.146
-0.212
-0.118
-0.2
-0.052
0.004
-0.016
-0.092
-0.111
0.08
-0.031
-0.055
-0.035
-0.072
0.006
-0.111
-0.17
-0.103
-0.122
0.152
0.3
0.329
0.226
0.181
0.015
0.058
0.139
0.134
0.281
0.375
0.328
0.396
0.314
0.419
0.367
0.216
0.056
-0.007
-0.104
0.018
0.048
0.198
0.228
0.179
0.291
0.444
0.542
0.431
0.449
0.289
0.364
0.241
0.228
0.255
0.372
0.559
0.236
0.235
0.208
0.265
0.219
0.033
0.136
0.051
-0.119
-0.336
-0.371
-0.356
-0.374
-0.639
-0.546
-0.949
-0.834
-0.644
-0.618
-0.625
-0.774
-0.806
-1.051
-1.34
-1.269
-0.82
-0.782
-0.699
-0.611
-0.519
-0.501
-0.631
-0.835
-0.42
-0.311
-0.354
-0.256
-0.291
-0.408
-0.537
-0.367
-0.128
-0.154
0.04
-0.018
0.004
-0.001
0.149
0.195
0.381
0.544
0.559
0.469
0.536
0.51
0.482
0.413
0.547
0.546
0.519
0.549
0.651
0.912
0.931
0.948
0.79
0.756
0.768
0.713
0.709
0.719
0.708
0.682
0.655
0.497
0.625
0.451
0.601
0.621
0.465
0.514
0.399
0.357
0.242
0.242
0.025
0.193
0.16
0.066
0.151
0.081
-0.088
-0.02
-0.129
-0.205
-0.071
-0.115
0.103
0.113
-0.003
-0.024
0.105
0.199
0.076
0.249
0.316
0.288
0.328
0.238
0.416
0.511
0.328
0.171
-0.004
-0.064
-0.141
-0.44
-0.2
-0.146
0.09
0.046
0.165
0.259
0.422
0.296
0.414
0.275
0.175
0.216
0.346
0.325
0.396
0.352
0.212
0.101
-0.12
-0.19
-0.236
-0.291
0.03
-0.107
-0.072
-0.133
-0.196
-0.261
-0.294
-0.161
0.118
-0.06
0.203
0.176
0.212
0.478
0.524
0.611
0.435
0.351
0.51
0.629
0.521
0.594
0.766
0.777
0.876
0.939
0.984
0.866
0.998
1.051
1.051
1.018
1.012
1.034
1.12
0.845
1.029
0.931
0.991
0.871
0.981
0.971
0.945
1.024
0.826
0.766
0.478
0.569
0.487
0.62
0.65
0.517
0.409
0.177
0.001
-0.046
-0.033
-0.177
-0.284
-0.415
-0.466
-0.465
-0.463
-0.651
-0.743
-0.945
-0.901
-0.89
-0.795
-0.766
-0.811
-0.958
-1.15
-0.978
-0.874
-0.86
-0.92
-1.036
-0.945
-1.143
-0.978
-0.927
-1.136
-1.074
-1.139
-1.345
-1.27
-1.417
-1.478
-1.491
-1.586
-1.666
-1.613
-1.532
-1.346
-1.311
-1.216
-1.306
-0.984
-0.95
-0.89
-0.833
-1.019
-0.858
-0.614
-0.481
-0.509
-0.53
-0.426
-0.391
-0.329
-0.42
-0.421
-0.255
-0.235
-0.083
-0.168
-0.24
-0.188
-0.107
0.049
0.129
0.231
0.266
0.348
0.345
0.349
0.427
0.434
0.657
0.766
0.859
0.849
1.01
0.97
0.91
0.985
0.66
0.743
0.714
0.642
0.537
0.47
0.631
0.527
0.491
0.306
0.33
0.414
0.184
0.054
0.006
0.095
0.083
0.043
-0.239
-0.378
-0.625
-0.609
-0.536
-0.434
-0.38
-0.255
-0.329
-0.372
-0.404
-0.623
-0.685
-0.555
-0.521
-0.24
-0.169
-0.233
0.005
0.124
0.176
0.385
0.48
0.723
0.593
0.383
0.378
0.285
0.334
0.335
0.403
0.496
0.449
0.346
0.448
0.469
0.431
0.468
0.59
0.574
0.73
0.575
0.405
0.521
0.594
0.576
0.575
0.403
0.434
0.321
0.335
0.304
0.41
0.352
0.22
0.305
0.083
0.133
0.006
0.01
-0.098
-0.385
-0.371
-0.465
-0.367
-0.263
-0.208
-0.302
-0.448
-0.343
-0.399
-0.414
-0.408
-0.33
-0.259
-0.007
-0.065
-0.011
0.126
0.016
-0.004
0.141
-0.104
0.001
0.201
0.139
0.13
0.216
0.199
0.318
0.438
0.383
0.289
0.349
0.319
0.36
0.254
0.401
0.268
0.394
0.296
0.393
0.315
0.215
0.219
0.225
0.271
0.128
0.388
0.231
0.203
-0.019
0.031
0.044
0.146
0.244
0.075
-0.003
-0.021
-0.276
-0.271
-0.101
0.051
-0.011
0.049
0.146
0.05
0.139
0.107
-0.069
-0.355
-0.244
-0.285
-0.461
-0.479
-0.478
-0.278
-0.365
-0.125
-0.233
-0.219
-0.288
-0.371
-0.23
-0.391
-0.24
-0.403
-0.269
-0.129
-0.181
0.136
-0.007
0.071
0.107
0.156
0.147
0.19
0.259
0.285
0.419
0.385
0.32
0.394
0.401
0.489
0.264
0.146
0.259
0.348
0.343
0.246
0.194
0.133
0.401
0.463
0.584
0.474
0.647
0.669
0.56
0.514
0.656
0.415
0.463
0.361
0.302
0.284
0.331
0.312
0.357
0.335
0.2
0.144
-0.061
-0.006
-0.022
-0.077
0.107
0.161
0.177
0.099
0.185
0.266
0.339
0.389
0.297
0.275
0.386
0.552
0.443
0.466
0.571
0.556
0.626
0.782
0.806
0.698
0.525
0.411
0.335
0.251
0.304
0.231
0.122
0.23
0.199
0.198
0.336
0.31
0.403
0.29
0.168
0.165
0.091
0.03
0.003
0.062
0.103
0.328
0.455
0.469
0.333
0.166
0.362
0.231
0.095
-0.011
-0.08
-0.184
-0.321
-0.307
-0.319
-0.319
-0.155
-0.234
-0.219
-0.105
-0.062
-0.203
-0.106
-0.128
-0.09
-0.001
0.138
0.247
0.473
0.375
0.28
0.314
0.27
0.169
0.182
0.256
0.185
0.259
0.099
-0.054
-0.036
-0.144
-0.176
-0.325
-0.048
-0.122
-0.013
0.037
-0.265
-0.279
-0.3
-0.39
-0.636
-0.681
-0.695
-0.647
-0.416
-0.316
-0.163
-0.177
-0.309
-0.274
-0.238
-0.198
-0.174
-0.01
-0.1
-0.185
-0.168
-0.107
-0.039
0.072
0.138
0.438
0.809
0.801
0.731
0.833
0.703
0.536
0.495
0.636
0.466
0.595
0.473
0.544
0.571
0.634
0.734
0.574
0.566
0.619
0.58
0.279
0.209
0.025
-0.19
-0.133
-0.158
-0.288
-0.233
-0.1
-0.092
0.071
-0.019
0.101
0.037
0.094
0.049
0.044
-0.003
-0.297
-0.15
-0.217
-0.394
-0.436
-0.21
-0.184
-0.357
-0.401
-0.426
-0.564
-0.359
-0.186
-0.043
-0.003
0.173
0.083
0.126
0.094
0.194
0.35
0.246
0.365
0.473
0.526
0.616
0.63
0.56
0.681
0.769
0.868
0.89
0.625
0.871
0.598
0.448
0.605
0.633
0.938
0.912
0.889
0.745
0.562
0.443
-0.011
0.026
0.253
0.092
0.194
0.138
0.128
-0.286
-0.458
-0.555
-0.48
-0.414
-0.465
-0.404
-0.588
-0.704
-0.915
-1.009
-1.26
-1.086
-1.048
-1.036
-0.99
-1.056
-1.0
-1.198
-1.064
-1.058
-0.945
-0.699
-0.776
-0.743
-0.594
-0.598
-0.66
-0.585
-0.619
-0.659
-0.896
-0.655
-0.667
-0.797
-0.715
-0.55
-0.41
-0.186
-0.02
-0.126
-0.186
0.014
0.211
0.568
0.736
0.849
0.541
0.484
0.351
0.561
0.481
0.725
0.741
0.888
0.968
0.99
1.004
0.863
0.955
0.711
0.629
0.779
0.642
0.729
0.559
0.326
0.292
0.346
0.466
0.245
0.196
0.236
0.324
0.345
0.173
-0.104
-0.231
-0.383
-0.471
-0.39
-0.424
-0.061
-0.147
-0.334
-0.31
-0.405
-0.45
-0.294
-0.092
-0.356
-0.391
-0.233
-0.394
-0.274
-0.3
-0.405
-0.249
-0.13
-0.016
0.129
0.065
0.115
0.152
0.074
0.173
0.18
0.106
0.314
0.324
0.351
0.107
0.091
-0.01
-0.03
-0.03
0.045
0.223
0.193
0.09
0.229
0.367
0.485
0.357
0.215
-0.021
-0.029
0.035
-0.013
-0.146
-0.072
-0.22
-0.294
-0.145
-0.009
0.081
-0.025
0.1
0.258
0.118
0.0
-0.061
-0.113
-0.138
0.079
-0.109
-0.266
-0.115
0.074
0.116
0.215
0.264
0.378
0.425
0.541
0.535
0.552
0.676
0.59
0.811
0.92
1.046
1.005
0.826
0.963
0.969
0.855
0.915
0.829
0.988
0.924
0.858
0.647
0.654
0.66
0.639
0.576
0.562
0.386
0.463
0.285
0.098
0.208
-0.054
-0.23
-0.331
-0.294
-0.45
-0.335
-0.393
-0.129
-0.025
-0.119
-0.276
-0.325
-0.354
-0.285
-0.18
-0.143
-0.118
-0.269
-0.339
-0.275
-0.307
-0.241
-0.149
-0.23
-0.181
-0.115
-0.154
-0.01
-0.075
-0.018
0.02
0.124
-0.07
-0.23
-0.155
-0.421
-0.459
-0.435
-0.346
-0.338
-0.241
-0.211
-0.176
0.061
0.061
0.229
0.236
0.168
0.041
-0.118
-0.026
-0.011
0.211
0.129
0.35
0.511
0.394
0.338
0.279
0.328
0.136
0.15
0.229
0.439
0.273
0.3
0.399
0.299
0.165
0.12
0.211
0.201
0.029
-0.045
-0.128
-0.098
-0.064
-0.126
-0.131
-0.273
-0.304
-0.238
-0.118
-0.094
-0.216
-0.271
-0.296
-0.331
-0.376
-0.374
-0.234
-0.146
0.111
0.029
-0.091
0.059
0.039
-0.019
-0.16
0.048
-0.37
-0.547
-0.456
-0.266
-0.219
-0.145
0.066
-0.011
-0.089
-0.115
0.118
0.177
0.244
0.115
0.432
0.348
0.415
0.651
0.511
0.445
0.39
0.302
0.367
0.458
0.667
0.631
0.691
0.759
0.64
0.598
0.603
0.723
0.372
0.239
0.105
0.216
0.378
0.471
0.43
0.625
0.76
0.68
0.661
0.578
0.526
0.529
0.301
0.324
0.198
0.14
-0.115
0.181
0.182
0.146
0.29
0.203
0.259
0.188
-0.005
-0.289
-0.384
-0.475
-0.66
-0.93
-1.17
-1.179
-1.199
-1.25
-1.216
-1.279
-1.09
-1.069
-1.024
-0.99
-0.772
-0.708
-0.517
-0.413
-0.228
-0.095
-0.111
-0.009
-0.005
0.143
0.256
0.343
0.46
0.561
0.61
0.69
0.71
0.573
0.367
0.367
0.27
0.217
0.244
0.209
0.033
0.245
0.106
0.118
-0.06
0.021
0.066
0.35
0.454
0.604
0.579
0.524
0.475
0.065
0.296
0.255
0.589
0.601
0.693
0.705
0.69
0.662
0.704
0.56
0.756
0.81
0.841
0.979
0.973
1.015
1.045
1.035
1.006
0.856
0.991
0.897
0.708
0.676
0.672
0.503
0.509
0.391
0.544
0.414
0.399
0.278
0.249
0.225
0.151
0.177
0.141
0.085
0.269
0.304
0.236
0.044
-0.124
-0.526
-0.401
-0.443
-0.441
-0.288
-0.461
-0.453
-0.482
-0.29
-0.501
-0.496
-0.555
-0.59
-0.703
-0.638
-0.338
-0.364
-0.179
-0.088
-0.111
-0.028
0.009
-0.025
-0.295
0.019
-0.039
0.246
0.299
0.288
0.177
0.329
0.416
0.49
0.554
0.508
0.459
0.466
0.399
0.163
-0.05
0.089
-0.191
-0.41
-0.527
-0.504
-0.671
-0.961
-0.934
-1.031
-1.035
-0.894
-1.008
-0.912
-1.079
-0.802
-0.745
-0.705
-0.501
-0.341
-0.33
-0.196
0.001
0.154
0.199
0.26
0.49
0.74
0.841
0.95
0.879
0.776
0.68
0.667
0.735
0.804
0.922
0.881
0.945
0.772
0.571
0.485
0.39
0.351
0.325
0.366
0.302
0.138
0.17
0.152
0.094
-0.019
0.074
-0.064
-0.13
-0.289
-0.103
-0.271
-0.515
-0.546
-0.713
-0.689
-0.664
-0.623
-0.406
-0.468
-0.639
-0.603
-0.453
-0.314
-0.261
-0.116
-0.22
-0.135
-0.212
-0.431
-0.411
-0.479
-0.522
-0.556
-0.29
-0.281
-0.352
-0.271
-0.348
-0.021
0.074
0.135
0.055
-0.028
-10.336
-0.004
-0.105
-0.221
-0.333
-0.492
-0.409
-0.499
-0.703
-0.596
-0.619
