0.088
0.105
0.145
0.122
0.185
0.24
0.001
0.214
0.394
0.39
0.436
0.527
0.459
0.634
0.75
0.696
0.858
0.956
0.975
1.041
1.093
1.035
1.099
1.31
1.216
1.318
1.123
0.985
1.16
0.974
1.036
0.749
0.633
0.5
0.43
0.349
0.444
0.305
0.278
0.246
0.175
0.151
0.048
0.041
0.026
-0.016
-0.146
-0.143
-0.234
0.062
0.121
0.065
-0.139
0.004
0.175
0.231
0.396
0.264
0.385
0.383
0.329
0.249
0.221
0.155
0.09
0.105
0.0
-0.301
-0.286
-0.122
-0.241
-0.098
0.037
0.216
0.145
0.114
0.139
0.223
0.106
-0.007
0.128
0.034
-0.096
-0.315
-0.331
-0.411
-0.361
-0.5
-0.62
-0.59
-0.685
-0.75
-0.838
-1.008
-0.985
-0.76
-0.905
-0.896
-0.734
-0.777
-0.794
-0.895
-0.807
-0.807
-0.601
-0.551
-0.546
-0.544
-0.561
-0.47
-0.527
-0.481
-0.386
-0.351
-0.296
-0.263
-0.03
-0.037
0.074
0.176
0.364
0.409
0.414
0.48
0.421
0.318
0.438
0.124
-0.026
-0.045
0.244
-0.022
0.01
-0.02
-0.019
0.059
0.136
0.104
0.174
-0.051
-0.165
-0.186
-0.118
-0.089
0.169
0.168
0.046
0.105
0.044
0.261
0.307
0.19
0.121
0.199
0.11
0.219
0.159
0.074
-0.079
-0.122
0.058
0.028
0.029
0.355
0.425
0.416
0.26
0.201
0.273
0.278
0.159
0.05
0.089
0.211
0.244
0.189
0.149
0.276
0.14
0.083
0.181
-0.029
0.133
0.251
0.38
0.633
0.676
0.64
0.99
1.113
1.078
1.14
1.189
1.245
1.155
1.052
1.048
1.244
1.205
1.13
1.18
0.993
0.996
0.894
0.781
0.579
0.302
0.29
0.155
0.077
0.026
0.064
0.091
0.015
-0.079
-0.166
-0.155
-0.094
-0.126
-0.085
-0.124
-0.139
-0.296
-0.275
-0.276
-0.217
-0.129
-0.177
-0.152
-0.028
0.013
-0.2
-0.175
-0.266
-0.139
-0.169
-0.136
-0.27
-0.096
-0.043
-0.131
-0.219
-0.289
-0.189
-0.185
-0.144
0.049
0.13
0.159
0.171
0.119
0.084
0.025
0.077
-0.018
-0.075
-0.19
-0.212
-0.128
-0.111
-0.059
-0.103
0.026
-0.034
-0.105
-0.122
-0.214
-0.043
0.098
0.098
0.309
0.163
-0.061
0.03
-0.209
-0.269
-0.2
-0.312
-0.461
-0.438
-0.401
-0.642
-0.766
-0.619
-0.625
-0.564
-0.589
-0.615
-0.531
-0.496
-0.369
-0.288
-0.171
-0.035
0.173
0.233
0.045
0.046
0.186
0.258
0.223
0.42
0.315
0.29
0.401
0.372
0.265
0.241
0.29
0.266
0.299
0.15
0.182
0.398
0.193
0.339
0.414
0.339
0.266
0.156
0.208
0.319
0.309
0.445
0.594
0.508
0.481
0.508
0.581
0.473
0.615
0.421
0.367
0.333
0.235
0.109
0.181
0.104
0.171
0.226
0.113
0.089
0.128
0.146
0.147
0.14
0.194
0.003
0.085
-0.019
-0.014
-0.177
-0.276
-0.278
-0.326
-0.245
-0.344
-0.468
-0.588
-0.454
-0.571
-0.601
-0.721
-0.665
-0.594
-0.585
-0.744
-0.804
-0.779
-0.779
-0.8
-0.684
-0.719
-0.853
-0.959
-0.807
-0.6
-0.896
-0.789
-1.049
-0.956
-1.117
-1.135
-1.005
-1.179
-1.226
-1.214
-1.221
-1.271
-1.228
-1.091
-1.012
-0.828
-0.906
-0.787
-0.794
-0.831
-0.765
-0.662
-0.644
-0.679
-0.391
-0.444
-0.399
-0.286
-0.224
-0.1
-0.085
0.033
-0.061
0.036
-0.02
0.031
0.135
0.062
0.159
0.376
0.339
0.389
0.489
0.48
0.519
0.426
0.431
0.537
0.473
0.389
0.624
0.676
0.666
0.878
0.82
0.848
0.861
0.9
0.955
1.016
1.0
1.045
0.96
0.929
0.897
0.91
0.941
0.896
0.82
0.691
0.716
0.74
0.555
0.588
0.395
0.383
0.463
0.369
0.445
0.324
0.261
0.22
0.196
0.094
0.065
-0.029
-0.021
0.056
-0.116
-0.036
-0.121
-0.059
0.01
0.094
0.083
0.034
0.0
0.033
-0.062
-0.114
-0.1
-0.115
-0.173
-0.062
-0.285
-0.408
-0.6
-0.536
-0.596
-0.667
-0.79
-0.763
-0.73
-0.868
-0.905
-0.85
-0.839
-0.735
-0.843
-0.77
-0.775
-0.693
-0.62
-0.695
-0.53
-0.408
-0.266
-0.229
-0.113
-0.004
-0.03
0.118
0.247
0.3
0.341
0.28
0.417
0.296
0.324
0.286
0.32
0.396
0.341
0.356
0.378
0.47
0.379
0.385
0.424
0.405
0.378
0.425
0.352
0.499
0.315
0.42
0.491
0.357
0.325
0.321
0.334
0.366
0.312
0.425
0.487
0.497
0.574
0.639
0.529
0.445
0.458
0.42
0.379
0.425
0.411
0.414
0.273
0.309
0.394
0.319
0.285
0.16
0.138
0.208
0.177
0.09
0.236
0.244
0.203
0.245
0.184
0.291
0.366
0.391
0.336
0.281
0.173
0.349
0.2
0.164
0.099
0.069
-0.1
0.049
-0.285
-0.312
-0.404
-0.39
-0.466
-0.427
-0.406
-0.439
-0.251
-0.42
-0.283
-0.306
-0.245
-0.107
-0.286
-0.064
-0.001
0.028
0.091
0.088
0.104
0.149
0.166
0.195
0.352
0.444
0.48
0.66
0.669
0.677
0.671
0.726
0.864
0.891
0.804
0.782
0.738
0.659
0.674
0.56
0.438
0.464
0.495
0.522
0.426
0.359
0.186
0.404
0.384
0.516
0.344
0.482
0.464
0.36
0.4
0.38
0.32
0.251
0.217
0.224
0.145
0.224
0.233
0.217
0.011
0.065
0.074
0.019
0.114
0.107
0.059
-0.058
0.03
0.0
0.006
0.105
-0.025
-0.024
0.03
0.072
0.036
-0.009
-0.025
0.033
0.05
-0.015
0.054
-0.077
-0.16
-0.292
-0.33
-0.403
-0.29
-0.214
-0.383
-0.422
-0.357
-0.29
-0.366
-0.196
-0.508
-0.491
-0.394
-0.391
-0.514
-0.496
-0.42
-0.297
-0.208
-0.134
-0.105
-0.033
0.052
0.07
0.105
0.141
0.147
0.184
0.013
0.07
-0.01
-0.014
-0.045
-0.058
0.076
0.166
0.352
0.416
0.414
0.693
0.676
0.863
0.772
0.851
0.889
0.844
0.779
0.938
0.976
1.021
0.978
1.17
1.218
1.137
1.136
1.136
1.065
0.949
1.01
1.114
0.926
0.951
0.85
0.723
0.69
0.639
0.633
0.409
0.411
0.416
0.304
0.256
0.319
0.239
0.221
0.135
0.036
0.129
0.152
0.201
0.19
0.159
0.229
0.161
0.056
0.005
-0.113
-0.129
-0.254
-0.26
-0.413
-0.479
-0.47
-0.438
-0.575
-0.511
-0.471
-0.275
-0.114
-0.088
-0.09
-0.064
-0.048
-0.109
-0.261
-0.305
-0.44
-0.491
-0.569
-0.594
-0.657
-0.435
-0.446
-0.295
-0.326
-0.529
-0.479
-0.557
-0.444
-0.514
-0.526
-0.539
-0.389
-0.37
-0.31
-0.383
-0.328
-0.311
-0.378
-0.281
-0.271
-0.223
-0.214
-0.235
-0.125
-0.066
0.152
0.206
0.359
0.211
0.139
0.176
0.13
0.16
0.228
0.367
0.444
0.453
0.603
0.609
0.634
0.54
0.624
0.63
0.575
0.59
0.48
0.54
0.367
0.459
0.329
0.434
0.216
0.189
0.18
0.158
0.209
0.069
0.129
0.233
0.158
0.075
-0.005
0.041
-0.077
-0.089
-0.235
-0.273
-0.173
-0.393
-0.37
-0.444
-0.578
-0.593
-0.55
-0.598
-0.635
-0.68
-0.656
-0.816
-0.855
-0.86
-0.766
-0.542
-0.624
-0.654
-0.682
-0.73
-0.86
-0.864
-0.8
-0.844
-0.815
-0.964
-0.899
-0.785
-0.776
-0.728
-0.735
-0.571
-0.66
-0.657
-0.729
-0.772
-0.766
-0.745
-0.699
-0.674
-0.699
-0.598
-0.671
-0.588
-0.689
-0.705
-0.628
-0.54
-0.595
-0.549
-0.479
-0.39
-0.464
-0.429
-0.422
-0.338
-0.135
-0.103
0.113
0.321
0.48
0.516
0.445
0.372
0.469
0.4
0.295
0.336
0.355
0.375
0.41
0.339
0.341
0.39
0.49
0.52
0.454
0.443
0.393
0.349
0.186
0.328
-0.015
0.107
0.165
0.268
0.195
0.31
0.231
0.161
0.245
0.059
0.076
0.121
-0.186
-0.131
-0.319
-0.464
-0.609
-0.618
-0.715
-0.735
-0.806
-0.804
-0.894
-0.86
-0.848
-0.826
-0.694
-0.754
-0.806
-0.986
-0.941
-0.804
-0.606
-0.583
-0.682
-0.621
-0.565
-0.497
-0.594
-0.689
-0.568
-0.537
-0.473
-0.496
-0.46
-0.351
-0.203
-0.126
-0.084
0.024
-0.155
-0.074
-0.077
-0.146
-0.12
-0.106
-0.193
-0.11
0.028
-0.055
-0.028
-0.025
-0.208
-0.199
-0.105
-0.177
-0.177
-0.08
-0.083
-0.083
-0.13
-0.045
-0.154
-0.034
-0.188
-0.131
0.007
0.171
0.344
0.354
0.5
0.524
0.636
0.536
0.44
0.346
0.29
0.284
0.163
0.04
-0.075
-0.099
-0.179
-0.369
-0.291
-0.177
-0.235
-0.356
-0.38
-0.285
-0.386
-0.319
-0.333
-0.307
-0.469
-0.443
-0.531
-0.524
-0.575
-0.578
-0.603
-0.5
-0.354
-0.465
-0.398
-0.378
-0.338
-0.475
-0.355
-0.394
-0.44
-0.45
-0.381
-0.263
-0.214
-0.145
-0.088
-0.014
-0.064
-0.103
-0.011
0.058
0.113
0.081
0.056
-0.101
-0.039
-0.018
0.052
-0.035
0.009
0.136
0.239
0.32
0.383
0.515
0.765
0.864
0.769
0.799
0.573
0.775
0.766
0.816
0.839
0.83
0.995
1.208
1.186
1.04
0.986
1.004
0.829
0.719
0.633
0.514
0.424
0.381
0.403
0.129
0.211
0.138
0.071
-0.065
0.036
-0.016
-0.199
-0.098
-0.106
-0.258
-0.33
-0.408
-0.311
-0.527
-0.459
-0.475
-0.614
-0.399
-0.357
-0.325
-0.365
-0.569
-0.492
-0.417
-0.329
-0.28
-0.3
-0.166
-0.238
-0.036
-0.094
-0.084
-0.046
-0.036
0.045
-0.02
0.091
0.269
0.217
0.099
0.085
0.198
0.211
0.193
0.059
0.064
0.11
0.125
-0.044
0.09
0.09
0.055
0.14
0.19
0.212
0.171
0.201
0.086
0.141
0.231
0.119
0.193
0.107
0.049
-0.098
-0.305
-0.292
-0.438
-0.49
-0.588
-0.621
-0.667
-0.54
-0.709
-0.768
-0.779
-0.782
-0.841
-1.075
-0.766
-1.029
-0.935
-0.915
-0.881
-0.831
-0.859
-0.634
-0.579
-0.419
-0.263
-0.234
-0.144
-0.266
-0.249
-0.144
0.013
-0.019
0.147
0.244
0.311
0.28
0.366
0.628
0.68
0.681
0.69
0.782
0.838
0.779
0.641
0.649
0.739
0.843
0.848
0.794
0.736
0.661
0.604
0.51
0.451
0.198
0.079
-0.107
-0.314
-0.305
-0.366
-0.479
-0.508
-0.659
-0.59
-0.91
-0.879
-0.938
-0.869
-0.843
-0.785
-0.509
-0.459
-0.514
-0.461
-0.525
-0.514
-0.394
-0.41
-0.281
-0.307
-0.275
-0.314
-0.263
-0.302
-0.285
-0.255
-0.278
-0.221
-0.251
-0.263
-0.253
-0.512
-0.445
-0.381
-0.341
-0.152
-0.138
-0.194
-0.209
-0.201
-0.225
-0.249
-0.163
-0.195
-0.221
-0.179
-0.212
-0.306
-0.174
-0.134
-0.054
0.135
0.164
0.33
0.242
0.349
0.415
0.466
0.575
0.634
0.769
0.645
0.758
0.823
1.129
1.111
1.255
1.225
0.94
0.994
0.855
0.929
0.759
0.65
0.441
0.404
0.259
0.08
-0.021
-0.088
-0.07
0.006
-0.158
-0.146
-0.198
-0.184
-0.174
-0.161
-0.113
-0.211
-0.223
-0.158
-0.181
-0.36
-0.326
-0.115
-0.041
0.014
0.177
0.28
0.156
0.106
0.076
0.43
0.174
0.366
0.386
0.367
0.441
0.375
0.49
0.526
0.394
0.473
0.544
0.525
0.394
0.36
0.212
0.159
0.126
-0.036
0.003
0.041
0.009
0.151
0.318
0.426
0.405
0.432
0.694
0.716
0.525
0.485
0.357
0.297
0.294
0.098
0.128
0.174
0.098
0.052
-0.004
-0.182
-0.288
-0.244
-0.225
-0.331
-0.596
-0.661
-0.826
-0.766
-0.845
-0.719
-0.931
-1.021
-1.078
-0.988
-1.059
-0.924
-0.874
-0.868
-0.866
-0.764
-0.799
-0.704
-0.635
-0.731
-0.743
-0.736
-0.831
-0.775
-1.015
-0.927
-1.021
-0.785
-0.693
-0.601
-0.537
-0.489
-0.45
-0.432
-0.212
-0.169
-0.133
-0.135
-0.124
0.007
0.049
0.176
0.026
0.065
0.136
0.135
0.175
0.055
0.129
0.105
0.164
0.324
0.215
0.103
-0.035
0.295
0.11
0.219
0.355
0.39
0.41
0.319
0.346
0.436
0.438
0.555
0.695
0.508
0.505
0.611
0.54
0.634
0.63
0.575
0.635
0.583
0.535
0.453
0.409
0.205
0.211
0.15
0.126
0.283
0.228
0.211
0.245
0.28
0.215
0.029
-0.013
-0.052
-0.238
-0.343
-0.532
-0.569
-0.549
-0.557
-0.591
-0.716
-0.67
-0.615
-0.463
-0.446
-0.436
-0.349
-0.43
-0.338
-0.341
-0.359
-0.312
-0.355
-0.5
-0.576
-0.621
-0.584
-0.596
-0.406
-0.231
-0.26
0.06
0.184
0.43
0.575
0.487
0.636
0.501
0.623
0.728
0.719
0.818
0.716
0.641
0.495
0.512
0.343
0.279
0.38
0.37
0.275
0.266
0.212
0.319
0.223
0.181
0.181
0.024
0.011
0.071
0.129
0.04
-0.035
-0.074
-0.029
-0.045
-0.031
-0.188
-0.076
-0.048
-0.015
-0.025
0.021
0.255
0.278
0.352
0.239
0.288
0.206
0.154
0.231
0.158
0.295
0.391
0.408
0.281
0.331
0.292
0.381
0.301
0.234
0.075
0.159
0.007
0.089
0.116
0.015
-0.138
-0.083
-0.08
-0.193
-0.169
-0.139
-0.169
-0.131
-0.161
-0.209
-0.32
-0.278
-0.24
-0.492
-0.463
-0.495
-0.5
-0.441
-0.487
-0.269
-0.524
-0.499
-0.445
-0.454
-0.53
-0.606
-0.484
-0.531
-0.74
-0.854
-0.919
-0.961
-1.038
-1.262
-1.1
-1.075
-0.949
-1.011
-0.681
-0.729
-0.729
-0.631
-0.509
-0.574
-0.58
-0.535
-0.52
-0.37
-0.443
-0.421
-0.334
-0.279
-0.23
-0.149
-0.028
0.005
0.009
0.129
0.255
0.249
0.244
0.328
0.345
0.394
0.404
0.316
0.19
0.219
0.174
0.305
0.11
0.1
0.081
-0.085
-0.165
0.015
0.056
0.029
0.077
-0.05
-0.003
0.076
0.092
0.129
0.1
0.143
0.278
0.256
0.196
0.154
-0.013
0.1
-0.088
-0.175
-0.241
-0.268
-0.25
-0.334
-0.345
-0.365
-0.379
-0.182
-0.445
-0.411
-0.46
-0.431
-0.456
-0.541
-0.689
-0.68
-0.792
-0.735
-0.684
-0.674
-0.656
-0.524
-0.534
-0.28
-0.323
-0.13
-0.128
-0.122
-0.099
-0.198
-0.098
-0.089
-0.062
-0.165
-0.147
-0.138
-0.205
0.128
0.152
-0.039
-0.109
-0.051
-0.131
-0.039
0.034
-0.199
0.043
-0.18
-0.106
-0.107
-0.163
-0.173
-0.104
-0.126
0.052
0.014
0.015
0.251
0.478
0.534
0.646
0.786
0.763
0.799
0.912
0.745
0.746
0.795
0.756
0.735
0.56
0.478
0.67
0.621
0.471
0.713
0.48
0.465
0.503
0.291
0.138
0.156
0.158
0.036
0.024
-0.015
0.13
-0.085
-0.12
-0.109
-0.125
-0.077
0.007
0.1
-0.085
0.02
0.084
0.086
0.095
0.143
0.203
0.352
0.19
0.33
0.268
0.175
0.107
0.065
0.147
0.003
0.128
0.171
0.074
0.193
0.003
-0.122
0.007
-0.044
-0.206
-0.065
-0.099
-0.061
0.029
-0.02
-0.06
0.201
-0.079
-0.12
-0.22
-0.208
-0.26
-0.266
-0.299
-0.376
-0.029
0.121
0.129
0.259
0.236
0.336
0.279
0.338
0.411
0.354
0.349
0.228
0.246
0.324
0.398
0.405
0.312
0.515
0.378
0.48
0.307
0.171
0.244
0.22
0.166
0.0
0.198
-0.026
0.049
0.044
-0.081
-0.263
-0.391
-0.409
-0.33
-0.372
-0.35
-0.289
-0.364
-0.223
-0.292
-0.2
-0.203
-0.107
-0.118
-0.016
0.107
0.122
0.118
-0.115
-0.074
-0.048
-0.069
-0.076
-0.099
-0.121
-0.113
-0.166
-0.076
-0.211
-0.169
-0.161
-0.26
-0.297
-0.441
-0.403
-0.269
-0.275
-0.258
-0.147
-0.06
0.037
0.151
0.074
0.094
0.176
0.231
0.334
0.384
0.509
0.576
0.604
0.586
0.723
0.623
0.797
0.85
0.77
0.729
0.551
0.522
0.661
0.514
0.608
0.285
0.21
0.126
-0.04
-0.139
-0.233
-0.15
-0.294
-0.22
-0.209
-0.371
-0.251
-0.569
-0.635
-0.654
-0.698
-0.537
-0.68
-0.56
-0.4
-0.369
-0.226
-0.026
-0.015
-0.076
0.152
-0.034
0.216
0.133
0.242
0.163
0.154
0.234
0.346
0.463
0.417
0.416
0.209
0.296
0.371
0.446
0.555
0.557
0.54
0.62
0.754
0.618
10.332
10.332
10.332
0.916
0.91
0.989
0.998
1.153
1.12
1.044
1.145
1.147
1.184
1.111
1.059
1.042
1.074
0.883
0.864
0.879
0.731
0.616
0.684
0.605
0.511
0.503
0.539
0.605
0.475
0.505
0.655
0.703
0.726
0.469
0.374
0.354
0.4
0.356
0.264
0.271
0.039
0.035
0.021
-0.125
-0.163
-0.174
-0.206
-0.179
-0.33
-0.48
-0.475
-0.691
-0.841
-0.781
-0.838
-0.76
-0.745
-0.695
-0.714
-0.656
-0.638
-0.764
-0.615
-0.566
-0.388
-0.228
-0.118
-0.07
0.092
0.215
0.302
0.366
0.491
0.527
0.656
0.771
0.756
0.901
0.983
0.993
0.89
0.94
1.05
1.039
1.113
1.339
1.55
1.535
1.573
1.431
1.411
1.47
1.396
1.435
1.519
1.609
1.624
1.555
1.53
1.222
1.319
1.194
1.103
0.973
0.844
1.04
1.029
0.91
0.965
0.785
0.779
0.726
0.787
0.656
0.664
0.526
0.469
0.341
0.389
0.386
0.345
0.487
0.501
0.479
0.399
0.235
0.435
0.219
0.299
0.115
-0.02
0.019
0.015
0.035
-0.014
0.009
0.028
-0.001
-0.048
0.005
-0.029
0.103
-0.02
0.074
0.058
0.084
0.05
0.029
0.028
0.074
0.307
0.365
0.33
0.344
0.328
0.214
0.3
0.339
0.381
0.36
0.335
0.333
0.359
0.355
0.129
0.154
0.211
0.239
0.19
0.092
0.081
0.163
0.19
0.253
0.289
0.355
0.388
0.526
0.35
0.36
0.404
0.485
0.422
0.349
0.371
0.27
0.42
0.421
0.175
0.083
-0.124
-0.077
-0.14
-0.169
-0.223
-0.274
-0.27
-0.193
-0.133
-0.208
-0.066
-0.379
-0.379
-0.343
-0.494
-0.285
-0.324
-0.329
-0.324
-0.28
-0.069
-0.039
-0.146
-0.376
-0.454
-0.576
-0.628
-0.824
-0.77
-0.807
-0.976
-0.906
-1.045
-1.015
-1.088
-0.897
-0.901
-0.859
-0.78
-0.826
-0.95
-1.034
-0.91
-0.94
-0.797
-0.794
-0.638
-0.646
-0.525
-0.508
-0.328
-0.191
-0.235
-0.128
-0.098
-0.01
0.003
-0.028
0.004
-0.618
0.279
0.049
-0.051
0.128
0.104
0.345
0.491
0.516
0.505
0.463
0.435
0.261
0.265
0.289
0.275
0.209
0.265
0.249
0.224
0.103
0.06
0.028
0.031
-0.186
-0.211
-0.36
-0.356
-0.379
-0.422
-0.529
-0.69
-0.718
-0.59
-0.451
-0.424
-0.378
-0.343
-0.136
-0.064
-0.333
-0.306
-0.265
-0.367
-0.372
-0.346
-0.249
-0.371
-0.481
-0.5
-0.734
-0.454
-0.666
-0.647
-0.782
-0.634
-0.72
-0.64
-0.804
-0.981
-1.071
-1.126
-1.175
-1.328
-1.354
-1.344
-1.361
-1.239
-1.166
-1.229
-1.127
-0.883
-0.73
-0.549
-0.495
-0.547
-0.615
-0.581
-0.401
-0.354
-0.268
-0.319
-0.253
-0.144
-0.149
-0.158
-0.144
-0.019
0.182
0.124
0.074
-0.051
-0.021
-0.037
-0.034
-0.091
-0.069
-0.159
-0.069
-0.099
-0.154
0.103
0.056
0.138
0.134
0.175
-0.028
0.114
0.33
0.384
0.144
0.124
0.02
-0.039
-0.02
-0.151
-0.217
-0.343
-0.119
-0.33
-0.191
-0.381
-0.279
-0.062
-0.134
-0.052
-0.146
0.06
-0.035
-0.06
-0.001
-0.31
-0.191
-0.294
-0.273
-0.24
-0.208
-0.126
0.06
0.223
0.422
0.453
0.571
0.514
0.51
0.482
0.515
0.461
0.245
0.133
0.03
-0.065
-0.394
-0.216
-0.285
-0.263
-0.217
-0.065
-0.149
-0.379
-0.463
-0.682
-0.655
-0.734
-0.95
-0.995
-0.861
-0.781
-0.821
-0.676
-0.734
-0.701
-0.714
-0.879
-0.87
-1.019
-0.799
-0.719
-0.639
-0.589
-0.41
-0.369
-0.124
-0.24
-0.143
-0.208
-0.113
-0.003
0.013
0.021
-0.155
-0.235
-0.22
-0.235
-0.242
-0.279
-0.18
-0.26
-0.225
-0.344
-0.39
-0.098
-0.312
-0.233
-0.236
-0.203
-0.045
-0.135
-0.165
-0.203
-0.369
-0.299
-0.281
-0.062
-0.217
-0.306
-0.443
-0.398
-0.304
-0.424
-0.361
-0.415
-0.323
-0.405
-0.506
-0.547
-0.61
-0.494
-0.562
-0.426
-0.515
-0.568
-0.557
-0.404
-0.341
-0.339
-0.046
-0.164
-0.118
-0.208
-0.193
-0.381
-0.364
-0.28
-0.242
-0.175
-0.138
-0.054
-0.034
0.083
-0.022
0.174
0.052
0.059
0.045
0.149
0.086
0.059
-0.014
-0.015
0.06
0.114
0.151
0.352
0.435
0.386
0.43
0.503
0.506
0.429
0.394
0.305
0.138
0.107
0.181
0.103
0.074
-0.115
-0.159
-0.15
-0.289
-0.283
-0.4
-0.324
-0.356
-0.319
-0.367
-0.459
-0.468
-0.436
-0.427
-0.236
-0.216
-0.194
-0.296
-0.249
-0.291
-0.131
-0.011
0.101
0.064
0.285
0.198
0.143
0.149
0.186
0.254
0.134
0.136
0.101
0.019
-0.588
-0.105
-0.065
-0.092
0.095
-0.052
0.004
-0.007
-0.026
-0.113
-0.131
-0.118
-0.236
-0.283
-0.394
-0.335
-0.496
-0.815
-0.968
-0.868
-1.004
-0.996
-0.976
-0.878
-0.945
-0.8
-0.575
-0.486
-0.561
-0.451
-0.431
-0.355
-0.314
-0.46
-0.495
-0.591
-0.501
-0.481
-0.471
-0.72
-0.636
-0.65
-0.685
-0.611
-0.559
-0.616
-0.789
-0.841
-0.761
-0.53
-0.459
-0.529
-0.461
-0.471
-0.599
-0.631
-0.583
-0.512
-0.654
-0.583
-0.715
-0.624
-0.527
-0.441
-0.388
-0.36
-0.201
-0.214
-0.235
-0.134
-0.003
0.072
0.086
0.155
0.208
0.205
0.221
0.321
0.341
0.355
0.501
0.603
0.729
0.655
0.62
0.598
0.508
0.604
0.655
0.408
0.47
0.492
0.395
0.246
0.321
0.299
0.325
0.251
0.325
0.259
0.297
0.275
0.224
0.261
0.367
0.296
0.319
0.29
0.275
0.071
0.02
-0.013
0.015
-0.015
0.075
0.495
0.489
0.619
0.532
0.604
0.565
0.466
0.584
0.481
0.405
0.429
0.396
0.364
0.229
0.141
0.119
0.114
0.034
0.014
-0.189
-0.288
-0.191
-0.352
-0.509
-0.564
-0.365
-0.398
-0.458
-0.49
-0.389
-0.306
-0.324
-0.334
-0.27
-0.275
-0.194
-0.111
0.09
0.094
-0.055
0.052
0.226
0.304
0.301
0.459
0.475
0.57
0.556
0.508
0.381
0.38
0.411
0.371
0.19
0.302
0.185
0.18
0.249
0.083
0.071
-0.045
0.028
-0.115
-0.04
-0.199
-0.28
-0.367
-0.399
-0.356
-0.439
-0.495
-0.623
-0.654
-0.65
-0.802
-0.59
-0.48
-0.561
-0.573
-0.659
-0.629
-0.604
-0.593
-0.516
-0.47
-0.443
-0.357
-0.304
-0.166
-0.159
-0.098
-0.129
-0.086
0.15
0.069
0.306
0.281
0.435
0.445
0.542
0.703
0.65
0.724
0.694
0.726
0.777
0.765
0.782
0.755
0.875
0.633
0.693
0.573
0.482
0.46
0.415
0.443
0.367
0.409
0.33
0.105
0.215
0.255
0.278
0.201
0.335
0.179
0.043
-0.034
-0.11
-0.113
-0.174
-0.206
-0.223
-0.1
-0.154
-0.316
-0.514
-0.539
-0.644
-0.482
-0.43
-0.431
-0.562
-0.401
-0.364
-0.399
-0.26
-0.238
-0.228
-0.193
-0.346
-0.571
-0.527
-0.631
-0.46
-0.508
-0.444
-0.539
-0.459
-0.405
-0.385
-0.369
-0.357
-0.238
-0.22
-0.225
-0.055
0.01
0.02
0.126
0.193
0.177
0.312
0.309
0.289
0.268
0.095
0.09
0.231
0.343
0.522
0.584
0.805
0.881
1.081
1.251
1.308
1.406
1.562
1.516
1.434
1.326
1.335
1.261
1.254
1.255
1.229
1.04
1.061
1.049
0.94
0.943
0.763
0.768
0.749
0.708
0.508
0.573
0.497
0.581
0.427
0.329
0.295
0.185
0.092
0.033
-0.015
-0.049
-0.081
-0.226
-0.245
-0.302
-0.235
-0.396
-0.07
-0.384
-0.503
-0.466
-0.616
-0.719
-0.784
-0.746
-0.784
-0.894
-0.875
-0.625
-0.694
-0.529
-0.458
-0.427
-0.391
-0.378
-0.288
-0.39
-0.406
-0.426
-0.329
-0.206
-0.173
0.039
0.156
0.149
0.216
0.271
0.409
0.169
0.249
0.362
0.464
0.295
0.39
0.269
0.209
0.01
0.058
-0.17
-0.114
-0.175
-0.124
-0.209
-0.186
-0.109
-0.084
-0.321
-0.268
-0.283
-0.441
-0.532
-0.535
-0.52
-0.564
-0.675
-0.647
-0.69
-0.723
-0.701
-0.628
-0.531
-0.65
-0.544
-0.769
-0.821
-0.936
-0.865
-0.761
-0.823
-0.733
-0.741
-0.681
-0.644
-0.625
-0.487
-0.521
-0.371
-0.39
-0.268
-0.194
-0.105
0.037
0.184
0.161
0.138
0.065
0.074
0.106
0.158
0.139
0.006
0.336
0.194
0.31
0.305
0.51
0.344
0.614
0.361
0.193
0.273
0.124
0.233
0.395
0.371
0.33
0.429
0.497
0.426
0.375
0.315
0.235
0.191
0.171
0.084
0.049
0.096
-0.011
-0.064
-0.052
-0.019
-0.15
-0.135
0.024
0.225
0.261
0.255
0.29
0.279
0.235
0.119
0.071
0.084
0.198
0.114
0.18
0.177
0.351
0.229
0.274
0.311
0.285
0.191
0.338
-0.019
-0.201
-0.417
-0.593
-0.53
-0.723
-0.667
-0.629
-0.482
-0.492
-0.393
-0.236
-0.188
-0.111
-0.136
0.077
-0.13
-0.284
-0.247
-0.269
-0.314
-0.319
-0.124
-0.149
-0.04
0.015
-0.014
0.091
0.165
0.18
0.04
0.035
0.052
-0.184
-0.016
-0.075
-0.215
-0.23
-0.279
-0.37
-0.415
-0.463
-0.375
-0.111
-0.064
0.014
0.059
0.134
0.206
0.278
0.215
0.408
0.383
0.42
0.574
0.454
0.233
0.328
0.354
0.189
0.32
0.341
0.405
0.333
0.346
0.328
0.463
0.459
0.604
0.723
0.781
0.84
1.031
1.091
1.101
1.025
0.985
0.955
0.878
0.968
0.98
0.789
0.764
0.666
0.779
0.729
0.739
0.769
0.777
0.769
0.917
0.912
0.897
1.133
0.939
1.054
1.103
0.904
0.841
0.745
0.515
0.417
0.2
0.18
0.259
0.056
0.051
0.028
-0.034
-0.116
-0.034
0.141
0.062
-0.15
-0.1
-0.115
-0.263
-0.129
-0.201
-0.03
-0.01
-0.075
-0.018
-0.06
0.056
-0.189
-0.152
-0.21
-0.268
-0.128
-0.099
-0.145
-0.258
-0.22
-0.18
-0.194
-0.13
-0.141
0.01
0.185
0.245
0.242
0.312
0.59
0.714
0.723
0.515
0.657
0.792
0.46
0.456
0.468
0.58
0.541
0.521
0.339
0.221
0.208
0.138
0.271
0.173
0.001
0.046
0.079
-0.058
0.128
-0.014
0.182
0.315
0.015
0.06
-0.026
-0.13
-0.159
-0.049
-0.037
0.173
0.324
0.325
0.444
0.487
0.43
0.431
0.413
0.473
0.352
0.292
0.535
0.27
0.459
0.455
0.745
0.958
1.175
1.225
1.453
1.839
1.802
1.645
1.296
1.125
1.101
0.975
1.046
1.107
0.786
0.811
0.907
0.652
0.589
0.735
0.819
0.934
0.934
0.831
0.594
0.63
0.801
0.688
0.508
0.344
0.191
0.133
0.099
0.13
0.02
0.168
-0.035
0.061
0.0
0.026
0.055
-0.02
-0.13
-0.249
-0.208
-0.28
-0.535
-0.464
-0.522
-0.636
-0.656
-0.699
-0.755
-0.696
-0.662
-0.825
-0.875
-0.64
-0.726
-0.909
-0.885
-1.032
-1.042
-1.085
-1.166
-1.127
-1.031
-0.919
-0.881
-0.785
-0.792
-0.611
-0.458
-0.374
-0.274
-0.165
-0.076
-0.014
-0.065
-0.011
-0.048
0.126
0.171
0.126
-0.007
0.266
0.396
0.519
0.391
0.333
0.281
0.24
0.155
0.304
0.405
0.495
0.478
0.346
0.304
0.405
0.098
0.284
0.367
0.219
0.185
0.169
0.12
0.044
0.158
0.193
0.076
0.03
0.101
0.292
0.21
0.2
0.273
0.251
0.228
0.09
0.059
0.015
-0.191
-0.092
-0.095
-0.114
0.059
-0.033
0.06
-0.12
0.193
-0.021
0.193
0.449
0.292
0.35
0.188
0.396
0.316
0.141
-0.007
0.17
0.121
0.151
0.151
0.083
0.216
0.278
0.219
0.265
0.311
0.431
0.481
0.398
0.295
0.241
0.072
-0.088
0.021
0.04
0.001
-0.055
-0.141
-0.182
-0.444
-0.459
-0.591
-0.55
-0.531
-0.394
-0.338
-0.307
-0.181
-0.176
-0.072
-0.101
-0.075
-0.014
-0.181
-0.281
-0.446
-0.413
-0.325
-0.278
-0.151
-0.194
-0.304
-0.348
-0.434
-0.606
-0.516
-0.544
-0.39
-0.371
-0.271
-0.1
-0.064
0.085
-0.048
0.065
0.013
-0.071
-0.007
-0.019
-0.051
0.08
-0.028
-0.231
-0.276
-0.4
-0.398
-0.651
-0.698
-0.535
-0.701
-0.67
-0.664
-0.497
-0.569
-0.549
-0.763
-0.671
-0.777
-0.804
-0.885
-0.87
-0.935
-0.795
-0.802
-0.845
-0.825
-0.836
-0.861
-0.909
-0.951
-1.032
-0.999
-0.988
-1.159
-1.123
-1.157
-0.955
-0.995
-0.915
-0.939
-0.917
-0.735
-0.7
-0.624
-0.61
-0.529
-0.485
-0.367
-0.325
-0.445
-0.404
-0.466
-0.464
-0.537
-0.64
-0.571
-0.473
-0.302
-0.431
-0.485
-0.35
-0.196
-0.244
-0.336
-0.209
-0.372
-0.135
-0.062
-0.05
0.091
0.268
0.115
-0.022
0.284
0.42
0.438
0.522
0.459
0.581
0.464
0.458
0.351
0.494
0.459
0.281
0.113
0.044
-0.048
-0.154
-0.461
-0.666
-0.604
-0.635
-0.532
-0.5
-0.588
-0.671
-0.431
-0.405
-0.509
-0.591
-0.525
-0.48
-0.465
-0.522
-0.445
-0.419
-0.474
-0.161
-0.26
-0.221
-0.048
-0.004
-0.039
-0.005
0.145
0.233
0.13
0.071
0.061
0.101
0.146
0.385
0.253
0.171
0.25
0.128
0.288
0.331
0.296
0.469
0.654
0.641
0.429
0.499
0.345
0.417
0.275
0.154
0.176
0.077
0.235
0.118
0.046
-0.076
-0.27
-0.185
-0.131
-0.19
-0.166
-0.041
0.014
0.009
-0.046
-0.065
-0.201
0.043
0.091
-0.064
-0.286
-0.315
-0.46
-0.434
-0.456
-0.489
-0.484
-0.301
-0.133
-0.198
-0.224
-0.37
-0.429
-0.444
-0.359
-0.395
-0.18
-0.26
-0.129
-0.265
-0.133
-0.086
-0.077
-0.104
-0.245
-0.274
-0.408
-0.297
-0.385
-0.345
-0.33
-0.261
-0.131
-0.134
-0.095
-0.159
-0.297
-0.228
-0.294
-0.316
-0.271
-0.405
-0.411
-0.469
-0.409
-0.539
-0.393
-0.7
-0.506
-0.321
-0.424
-0.239
-0.154
0.015
0.016
0.215
0.315
0.274
0.309
0.374
0.445
0.53
0.63
0.619
0.494
0.545
0.681
0.833
0.699
0.677
0.458
0.564
0.552
0.473
0.465
0.445
0.527
0.413
0.629
0.544
0.396
0.325
0.273
0.134
0.236
0.269
0.193
0.414
0.336
0.369
0.321
0.209
0.233
0.151
0.173
0.147
0.115
0.145
0.186
0.062
-0.124
-0.216
-0.138
-0.15
-0.016
-0.1
-0.089
-0.088
-0.089
0.013
0.08
0.015
-0.033
0.1
0.007
-0.076
-0.076
0.077
0.046
-0.034
-0.177
-0.265
-0.019
0.019
0.062
0.129
0.242
0.28
0.235
0.249
0.283
0.011
-0.031
-0.136
-0.276
-0.431
-0.413
-0.436
-0.295
-0.273
-0.359
-0.324
-0.301
-0.349
-0.269
-0.169
-0.216
-0.034
0.009
0.1
-0.124
-0.165
-0.181
-0.045
0.041
-0.044
0.188
0.208
0.266
0.149
0.196
0.161
0.19
0.091
0.211
0.381
0.31
0.389
0.354
0.446
0.273
0.149
0.297
0.161
0.136
0.198
0.297
0.217
0.096
0.125
0.074
0.109
0.045
0.024
-0.031
-0.133
0.03
0.194
0.059
0.033
-0.138
-0.129
-0.259
-0.165
-0.238
-0.417
-0.441
-0.366
-0.365
-0.294
-0.391
-0.376
-0.126
-0.088
-0.014
-0.205
-0.116
-0.179
-0.288
-0.335
-0.375
-0.551
-0.515
-0.509
-0.594
-0.509
-0.534
-0.509
-0.37
-0.47
-0.52
-0.595
-0.642
-0.586
-0.527
-0.534
-0.644
-0.386
-0.415
-0.286
-0.405
-0.323
-0.26
-0.251
-0.161
-0.205
-0.209
-0.191
-0.311
-0.281
-0.205
-0.3
-0.061
-0.061
-0.014
0.081
0.051
0.062
-0.074
0.003
-0.265
-0.32
-0.297
-0.258
-0.399
-0.427
-0.259
-0.215
-0.175
-0.19
-0.1
-0.061
0.035
-0.158
-0.133
-0.209
-0.174
0.051
0.054
0.15
0.14
0.253
0.256
0.33
0.371
0.27
0.269
0.309
0.345
0.263
0.249
0.31
0.27
0.231
0.284
0.077
0.006
-0.089
-0.064
-0.169
-0.26
-0.274
-0.376
-0.36
-0.273
-0.16
-0.043
0.141
0.086
0.179
0.003
-0.054
0.026
-0.001
-0.113
-0.13
-0.072
-0.171
-0.149
-0.18
-0.31
-0.179
-0.146
-0.156
-0.225
-0.184
-0.405
-0.251
-0.246
-0.309
-0.261
-0.214
-0.175
-0.294
-0.234
-0.085
-0.007
0.04
0.072
0.134
0.043
0.13
0.051
0.098
0.031
-0.035
-0.18
-0.223
-0.27
-0.31
-0.206
-0.336
-0.269
-0.274
-0.316
-0.388
-0.421
-0.494
-0.344
-0.228
-0.305
-0.408
-0.226
-0.2
-0.126
0.03
0.05
-0.052
-0.033
-0.11
-0.071
-0.065
-0.107
-0.261
-0.151
-0.316
-0.325
-0.135
-0.086
-0.07
-0.156
-0.111
-0.201
0.341
0.331
0.466
0.52
0.468
0.445
0.43
0.365
0.435
0.671
0.594
0.802
0.87
0.943
0.905
0.851
0.763
0.736
0.755
0.728
0.756
0.716
0.626
0.68
0.606
0.67
0.698
0.526
0.461
0.497
0.544
0.349
0.445
0.427
0.599
0.672
0.738
0.733
0.774
0.834
0.631
0.851
0.96
1.018
0.945
1.018
1.039
1.018
0.871
0.878
0.812
0.777
0.797
0.704
0.785
0.829
0.628
0.571
0.802
0.753
0.519
0.642
0.564
0.485
0.399
0.28
0.289
0.254
0.255
0.17
0.161
0.129
-0.089
-0.079
-0.113
-0.07
0.135
-0.139
0.0
-0.109
-0.113
-0.17
-0.016
0.029
0.009
0.253
0.25
0.194
0.366
0.314
0.286
0.326
0.325
0.413
0.478
0.314
0.354
0.258
0.251
0.319
0.525
0.489
0.745
0.755
0.669
0.792
0.499
0.525
0.58
0.555
0.496
0.536
0.559
0.349
0.398
0.355
0.16
0.338
0.335
0.276
0.274
0.077
0.052
-0.118
-0.116
0.214
0.205
0.004
-0.071
0.22
0.354
0.623
0.713
0.624
0.532
0.461
0.516
0.521
0.539
0.885
0.711
0.536
0.568
0.674
0.605
0.556
0.756
0.96
0.949
0.949
0.961
0.855
0.604
0.636
0.677
0.965
0.794
0.772
0.677
0.639
0.478
0.509
0.583
0.527
0.682
0.676
0.584
0.491
0.324
0.188
-0.149
-0.302
-0.521
-0.734
-0.869
-1.032
-0.878
-1.33
-1.324
-1.417
-1.276
-1.242
-1.256
-1.279
-1.09
-1.066
-1.086
-1.076
-1.034
-1.091
-1.193
-1.271
-1.17
-1.324
-1.259
-1.213
-1.357
-1.395
-1.281
-1.216
-1.024
-1.054
-0.888
-0.629
-0.366
-0.335
-0.205
-0.101
0.051
0.251
0.396
0.515
0.491
0.636
0.855
0.776
0.904
0.744
0.674
0.688
0.864
0.851
0.743
0.679
0.728
0.943
0.909
0.804
0.82
0.77
0.621
0.656
0.655
0.546
0.384
0.365
0.348
0.184
0.155
0.094
0.121
0.043
0.059
0.136
0.048
0.106
0.046
-0.265
-0.263
-0.525
-0.405
-0.479
-0.424
-0.413
-0.388
-0.458
-0.481
-0.278
-0.198
-0.166
-0.285
-0.366
-0.173
-0.175
-0.163
-0.059
-0.254
-0.224
-0.302
-0.247
-0.175
-0.044
-0.111
-0.001
-0.11
0.056
0.216
0.105
0.052
0.049
0.166
0.043
0.045
0.403
0.283
0.297
0.228
0.315
0.408
0.376
0.329
0.273
0.32
0.444
0.456
0.576
0.485
0.758
0.623
0.824
0.869
0.901
0.971
0.864
0.787
1.115
0.819
0.814
0.796
0.806
0.684
0.779
0.904
0.853
0.794
0.745
0.638
0.336
0.23
0.1
-0.016
-0.034
-0.24
-0.561
-0.531
-0.416
-0.514
-0.705
-0.721
-0.537
-0.63
-0.865
-0.902
-1.191
-1.188
-1.024
-0.976
-0.973
-0.876
-0.866
-0.941
-1.116
-1.14
-1.229
-1.147
-1.078
-1.242
-1.309
-1.255
-1.305
-1.323
-1.29
-1.295
-1.331
-1.203
-1.055
-1.006
-1.066
-1.226
-1.274
-1.028
-0.794
-0.335
-0.269
-0.15
-0.02
-0.007
0.026
0.173
0.22
0.285
0.339
0.258
0.626
0.512
0.591
0.686
0.56
0.644
0.67
0.429
0.145
0.084
0.077
0.238
0.302
0.254
0.205
0.27
0.139
-0.1
-0.269
-0.139
-0.301
-0.35
-0.517
-0.685
-0.795
-0.789
-0.646
-0.638
-0.661
-0.858
-0.945
-0.895
-0.932
-0.806
-0.821
-0.698
-0.6
-0.537
-0.65
-0.616
-0.611
-0.549
-0.554
-0.524
-0.51
-0.384
-0.334
-0.145
-0.154
-0.164
-0.006
0.01
0.054
0.058
-0.024
-0.001
-0.015
0.014
0.083
0.281
0.275
0.154
-0.01
-0.077
-0.138
0.046
-0.141
-0.044
-0.069
-0.02
0.037
-0.169
-0.281
-0.238
-0.056
-0.26
-0.352
-0.059
-0.08
-0.131
-0.161
-0.145
-0.116
0.046
0.046
0.094
0.306
0.464
0.408
0.503
0.631
0.745
0.714
0.708
0.726
0.656
0.809
0.9
0.825
0.775
0.787
0.556
0.395
0.551
0.246
0.028
-0.094
-0.164
-0.254
-0.318
-0.284
-0.336
-0.362
-0.482
-0.348
-0.21
-0.233
-0.151
-0.226
-0.103
0.059
0.19
0.233
0.374
0.018
-0.069
-0.158
-0.27
-0.312
-0.43
-0.389
-0.454
-0.532
-0.603
-0.779
-0.714
-0.604
-0.497
-0.549
-0.475
-0.534
-0.556
-0.56
-0.601
-0.728
-0.672
-0.601
-0.639
-0.631
-0.755
-0.805
-0.589
-0.614
-0.516
-0.5
-0.461
-0.584
-0.564
-0.431
-0.481
-0.484
-0.325
-0.149
-0.041
0.011
0.173
0.25
0.316
0.349
0.14
0.364
0.547
0.631
0.866
0.76
0.79
0.943
0.85
0.729
0.731
0.801
0.88
0.934
1.042
1.074
1.228
1.24
1.191
1.174
0.983
0.974
0.924
0.835
1.111
1.094
1.107
1.081
0.774
0.805
0.759
0.864
0.911
0.532
0.954
0.512
0.44
0.496
0.545
0.338
0.335
-0.055
-0.145
-0.103
-0.25
-0.386
-0.349
-0.242
-0.343
-0.147
-0.134
-0.05
-0.035
-0.13
-0.016
-0.176
-0.246
-0.357
-0.364
-0.564
-0.591
-0.398
-0.38
-0.346
-0.263
-0.326
-0.426
-0.29
-0.264
-0.362
-0.247
-0.199
-0.285
-0.269
-0.33
-0.255
-0.29
-0.281
-0.44
-0.475
-0.46
-0.43
-0.549
-0.417
-0.284
-0.362
-0.14
-0.139
-0.19
-0.386
-0.398
-0.295
-0.247
-0.212
-0.174
0.045
0.049
0.152
0.051
0.044
0.32
0.292
0.318
0.324
0.37
0.292
0.304
0.13
0.217
0.26
0.307
0.335
0.42
0.456
0.69
0.625
0.772
0.693
0.59
0.458
0.41
0.211
0.014
-0.215
-0.295
-0.075
-0.124
-0.176
-0.214
-0.379
-0.35
-0.491
-0.581
-0.574
-0.471
-0.799
-1.005
-1.113
-1.211
-1.15
-1.1
-1.015
-0.966
-1.104
-1.001
-0.935
-0.953
-0.833
-0.809
-0.75
-0.615
-0.514
-0.506
-0.542
-0.404
-0.233
-0.104
-0.065
-0.037
0.094
0.345
0.256
0.341
0.512
0.623
0.583
0.703
0.705
0.576
0.471
0.599
0.634
0.46
0.279
0.485
0.494
0.274
0.26
0.12
0.074
0.075
0.098
0.22
0.253
0.441
0.256
0.379
0.155
0.281
0.166
0.165
0.251
0.179
0.194
0.035
0.003
-0.016
0.043
-0.077
0.031
0.265
0.314
0.315
0.385
0.365
0.331
0.226
0.28
0.2
0.299
0.211
0.147
-0.201
-0.474
-0.505
-0.743
-0.716
-0.731
-0.955
-0.902
-0.966
-0.934
-0.919
-0.994
-0.993
-0.851
-0.919
-1.008
-1.07
-1.19
-1.196
-1.105
-1.104
-1.04
-0.75
-0.931
-1.064
-0.84
-0.845
-0.639
-0.652
-0.598
-0.356
-0.42
-0.309
-0.31
0.04
-0.011
-0.051
-0.115
-0.1
0.1
0.151
0.147
0.224
0.238
0.455
0.448
0.725
0.654
0.734
0.48
0.429
0.383
0.379
0.406
0.307
0.283
0.328
0.346
0.275
0.24
0.253
0.312
0.098
0.297
0.214
0.051
0.046
-0.152
-0.174
-0.283
-0.306
-0.36
-0.434
-0.659
-0.614
-0.604
-0.56
-0.649
-0.614
-0.504
-0.461
-0.367
-0.35
-0.42
-0.156
-0.055
-0.072
0.009
-0.041
0.09
0.398
0.319
0.369
0.296
0.306
0.406
0.463
0.445
0.429
0.443
0.54
0.539
0.469
0.596
0.557
0.568
0.547
0.652
0.66
0.471
0.405
0.464
0.362
0.399
0.37
0.339
0.256
0.179
0.121
0.226
0.049
0.058
0.245
-0.085
0.031
0.049
0.119
-0.006
0.152
0.111
0.288
0.191
0.235
0.16
0.161
0.161
0.026
0.048
0.066
0.118
0.096
0.211
0.244
0.28
0.215
0.301
0.225
0.335
0.479
0.506
0.674
0.695
0.777
0.8
0.922
1.19
1.018
1.091
1.101
1.146
1.071
1.166
1.131
1.146
0.902
1.096
1.189
1.28
1.251
1.133
1.116
1.05
1.09
0.79
0.826
0.787
0.654
0.598
0.53
0.475
0.395
0.345
0.19
0.208
0.22
0.139
-0.033
-0.01
-0.2
-0.233
-0.242
-0.537
-0.557
-0.571
-0.691
-0.688
-0.575
-0.491
-0.339
-0.429
-0.383
-0.2
-0.086
0.182
0.084
0.249
0.26
0.271
0.48
0.454
0.492
0.541
0.651
0.59
0.709
0.776
0.758
0.593
0.545
0.566
0.608
0.456
0.77
0.614
0.709
0.871
1.09
1.015
1.05
1.051
0.996
1.213
1.051
1.088
1.001
1.06
1.002
0.91
0.934
0.901
0.941
0.839
0.751
0.81
0.826
0.934
0.81
0.751
0.777
0.711
0.87
0.657
0.468
0.406
0.335
0.344
0.245
0.076
-0.011
-0.154
-0.155
-0.315
-0.182
-0.216
-0.415
-0.404
-0.546
-0.726
-0.809
-0.769
-0.959
-1.147
-1.016
-1.292
-1.133
-1.024
-1.099
-1.124
-0.994
-0.799
-0.698
-0.73
-0.514
-0.244
-0.056
0.1
0.19
0.344
0.49
0.531
0.569
0.576
0.451
0.635
0.644
0.522
0.589
0.689
0.834
0.926
0.901
0.785
0.805
0.971
1.028
0.996
1.284
1.363
1.387
1.407
1.334
1.232
1.264
1.155
1.01
0.789
0.859
0.919
0.895
0.87
0.93
0.779
1.049
0.734
0.623
0.348
0.233
0.094
-0.006
-0.02
-0.046
-0.041
-0.109
-0.077
0.028
-0.109
-0.092
-0.253
-0.225
-0.305
0.044
