0.234
0.135
0.015
-0.094
-0.255
-0.244
-0.156
-0.126
-0.11
-0.189
-0.103
-0.089
-0.165
-0.314
-0.504
-0.526
-0.529
-0.638
-0.664
-0.949
-0.979
-1.012
-1.154
-1.076
-1.185
-1.215
-1.396
-1.431
-1.443
-1.242
-1.083
-1.045
-0.98
-0.869
-0.705
-0.536
-0.494
-0.361
-0.284
-0.261
-0.214
-0.25
0.037
0.095
0.074
0.311
0.261
0.39
0.295
0.359
0.436
0.532
0.539
0.552
0.586
0.596
0.59
0.654
0.545
0.225
0.393
0.446
0.606
0.583
0.598
0.638
0.614
0.535
0.499
0.432
0.395
0.401
0.46
0.445
0.269
0.281
0.278
0.22
0.241
0.302
0.198
0.205
0.125
0.11
0.17
0.166
0.134
0.221
0.169
0.069
-0.033
-0.061
-0.242
-0.309
-0.292
-0.331
-0.415
-0.406
-0.198
-0.18
-0.283
-0.383
-0.268
-0.175
-0.13
-0.09
0.054
0.106
0.23
0.219
0.259
0.362
0.312
0.323
0.404
0.33
0.36
0.225
0.265
0.003
0.094
0.166
0.122
0.309
0.334
0.388
0.57
0.615
0.652
0.532
0.645
0.647
0.718
0.593
0.544
0.635
0.554
0.509
0.27
0.089
0.177
0.186
0.154
-0.16
-0.101
-0.045
0.011
0.116
0.043
0.076
0.111
0.115
0.259
0.261
0.288
0.386
0.441
0.495
0.427
0.406
0.386
0.435
0.396
0.356
0.336
0.417
0.364
0.193
0.565
0.349
0.419
0.357
0.44
0.424
0.413
0.453
0.381
0.31
0.215
0.311
0.336
0.223
0.367
0.223
0.231
0.056
0.081
0.106
-0.054
0.152
-0.069
-0.09
-0.081
-0.118
-0.18
-0.191
-0.285
-0.329
-0.361
-0.406
-0.444
-0.619
-0.539
-0.772
-0.725
-0.802
-0.75
-0.786
-0.812
-0.873
-0.759
-0.545
-0.459
-0.384
-0.443
-0.374
-0.547
-0.561
-0.48
-0.623
-0.73
-0.751
-0.606
-0.661
-0.766
-0.728
-0.706
-0.69
-0.733
-0.771
-0.631
-0.559
-0.319
-0.408
-0.318
-0.312
-0.25
0.144
-0.026
0.125
0.146
0.169
0.3
0.325
0.463
0.487
0.524
0.669
0.63
0.695
0.451
0.64
0.641
0.714
0.79
0.708
0.716
0.853
0.802
0.809
0.796
0.82
0.889
0.805
0.855
0.886
0.77
0.768
0.893
0.868
0.839
0.846
0.92
0.83
0.979
0.87
0.815
0.71
0.711
0.659
0.443
0.28
0.438
0.369
0.189
0.2
0.224
0.14
0.09
0.003
0.096
0.249
0.095
0.15
0.11
0.256
0.205
0.173
0.06
0.182
0.083
0.058
0.184
0.033
0.141
0.189
0.233
0.085
-0.111
-0.234
0.006
-0.079
-0.173
-0.169
-0.115
-0.039
-0.124
-0.274
-0.004
-0.258
-0.349
-0.268
-0.356
-0.454
-0.33
-0.375
-0.296
-0.409
-0.415
-0.356
-0.311
-0.216
-0.259
-0.284
-0.352
-0.511
-0.435
-0.566
-0.588
-0.542
-0.6
-0.501
-0.495
-0.456
-0.454
-0.524
-0.552
-0.61
-0.7
-0.569
-0.554
-0.504
-0.64
-0.608
-0.391
-0.396
-0.42
-0.316
-0.296
-0.302
-0.11
-0.103
-0.139
-0.095
-0.039
-0.043
-0.075
-0.09
0.028
-0.05
-0.179
-0.125
-0.037
-0.076
0.133
0.179
0.259
0.01
0.079
0.114
0.011
0.289
0.33
0.321
0.247
0.255
0.39
0.316
0.28
0.18
0.366
0.146
0.04
0.103
-0.005
-0.086
-0.059
0.121
0.079
0.186
0.006
0.061
0.209
0.084
0.297
0.39
0.42
0.191
0.238
0.369
0.419
0.421
0.451
0.356
0.501
0.487
0.389
0.344
0.431
0.175
0.326
0.193
0.135
0.152
0.284
0.294
0.288
0.228
0.249
0.316
0.263
0.426
0.312
0.141
0.196
0.128
0.07
-0.171
-0.223
-0.398
-0.381
-0.319
-0.414
-0.328
-0.475
-0.306
-0.427
-0.504
-0.486
-0.455
-0.414
-0.463
-0.478
-0.446
-0.404
-0.448
-0.471
-0.506
-0.475
-0.591
-0.514
-0.401
-0.458
-0.422
-0.367
-0.421
-0.328
-0.328
-0.103
-0.193
-0.321
-0.231
-0.279
-0.37
-0.374
-0.233
-0.209
-0.208
-0.217
-0.289
-0.296
-0.281
-0.152
-0.066
-0.028
-0.018
-0.105
-0.12
-0.006
0.064
0.069
0.155
0.098
0.07
0.19
0.27
0.198
0.284
0.261
0.315
0.465
0.374
0.463
0.459
0.478
0.535
0.623
0.601
0.557
0.59
0.427
0.334
0.366
0.344
0.212
0.242
0.109
0.004
0.079
-0.096
0.076
0.08
0.136
0.084
0.161
0.188
0.284
0.181
0.201
-0.001
0.155
0.015
-0.025
0.126
0.02
0.119
0.084
0.125
0.184
0.022
0.135
0.025
-0.01
0.08
0.101
0.086
-0.036
0.111
-0.06
-0.084
-0.02
0.01
-0.104
-0.034
-0.259
-0.07
-0.003
0.043
0.092
-0.041
0.022
0.094
0.15
0.179
0.165
0.256
0.336
0.37
0.451
0.359
0.249
0.25
0.414
0.302
0.35
0.591
0.501
0.57
0.463
0.408
0.569
0.621
0.718
0.714
0.562
0.76
0.741
0.594
0.651
0.547
0.517
0.424
0.605
0.555
0.561
0.664
0.628
0.598
0.677
0.456
0.531
0.508
0.581
0.552
0.574
0.682
0.654
0.562
0.564
0.244
0.503
0.374
0.362
0.376
0.265
0.135
0.081
0.054
0.126
-0.121
-0.225
-0.258
-0.129
-0.154
-0.224
-0.212
-0.199
-0.261
-0.364
-0.468
-0.393
-0.33
-0.379
-0.44
-0.52
-0.229
-0.316
-0.19
-0.259
-0.136
-0.193
-0.103
-0.01
-0.028
0.022
0.094
0.15
0.32
0.241
0.326
0.344
0.556
0.474
0.453
0.443
0.375
0.489
0.385
0.296
0.436
0.374
0.389
0.357
0.205
0.2
0.072
0.02
-0.171
-0.134
-0.184
-0.343
-0.179
-0.139
-0.185
-0.161
-0.092
-0.016
0.03
0.051
0.152
0.099
0.091
0.066
0.236
0.24
0.196
0.075
0.146
0.141
0.281
0.28
0.083
0.015
-0.163
-0.169
-0.27
-0.3
-0.315
-0.411
-0.296
-0.302
-0.421
-0.443
-0.492
-0.614
-0.49
-0.354
-0.424
-0.542
-0.504
-0.6
-0.655
-0.629
-0.688
-0.758
-0.838
-0.699
-0.846
-0.665
-0.718
-0.569
-0.441
-0.359
-0.311
-0.281
-0.186
-0.225
-0.181
-0.054
-0.014
0.119
0.163
0.296
0.25
0.48
0.426
0.44
0.574
0.435
0.501
0.537
0.61
0.575
0.555
0.593
0.491
0.43
0.398
0.406
0.419
0.405
0.481
0.306
0.366
0.351
0.413
0.466
0.435
0.251
0.163
0.086
-0.077
-0.091
-0.103
-0.19
-0.156
0.019
-0.136
-0.196
-0.196
-0.305
-0.444
-0.596
-0.64
-0.571
-0.603
-0.714
-0.699
-0.591
-0.611
-0.721
-0.644
-0.725
-0.755
-0.63
-0.606
-0.515
-0.519
-0.595
-0.441
-0.321
-0.289
-0.276
-0.209
-0.26
-0.083
-0.116
-0.231
-0.135
-0.206
-0.321
-0.426
-0.535
-0.599
-0.574
-0.516
-0.448
-0.535
-0.461
-0.395
-0.185
-0.149
-0.188
-0.16
-0.105
-0.176
-0.119
-0.223
0.01
-0.212
-0.305
-0.425
-0.306
-0.424
-0.184
-0.163
-0.141
-0.018
0.026
0.035
0.016
-0.018
-0.071
-0.156
-0.169
-0.229
-0.319
-0.284
-0.299
-0.394
-0.594
-0.641
-0.805
-0.672
-0.724
-0.787
-0.621
-0.618
-0.436
-0.444
-0.349
-0.417
-0.465
-0.463
-0.383
-0.449
-0.408
-0.383
-0.378
-0.258
-0.177
-0.12
-0.154
-0.009
0.074
0.049
0.05
0.105
0.143
0.351
0.288
0.46
0.475
0.525
0.562
0.41
0.492
0.385
0.454
0.546
0.473
0.618
0.631
0.611
0.465
0.455
0.427
0.259
0.194
0.158
0.231
0.225
0.15
0.101
0.059
-0.045
-0.209
-0.231
-0.354
-0.419
-0.565
-0.661
-0.555
-0.506
-0.545
-0.606
-0.656
-0.771
-0.809
-0.819
-0.802
-0.812
-1.045
-1.22
-1.278
-1.214
-1.035
-1.119
-0.835
-0.891
-0.791
-0.799
-0.698
-0.494
-0.355
-0.27
-0.124
-0.09
-0.118
-0.216
-0.236
-0.139
-0.208
-0.189
-0.081
-0.004
0.001
0.074
0.025
-0.035
0.022
0.106
0.062
0.234
0.258
0.24
0.326
0.212
0.289
0.291
0.29
0.417
0.329
0.376
0.357
0.435
0.426
0.33
0.426
0.28
0.261
0.233
0.125
-0.043
-0.071
-0.149
-0.214
-0.188
-0.35
-0.519
-0.706
-0.72
-0.751
-0.839
-0.853
-0.85
-0.82
-0.835
-0.85
-0.873
-0.821
-0.615
-0.59
-0.512
-0.598
-0.417
-0.259
-0.328
-0.185
0.037
0.009
0.147
0.215
0.239
0.271
0.316
0.411
0.636
0.539
0.585
0.568
0.429
0.289
0.401
0.304
0.406
0.454
0.399
0.364
0.278
0.302
0.247
0.08
-0.133
-0.297
-0.236
-0.251
-0.24
-0.17
-0.417
-0.436
-0.596
-0.698
-0.774
-0.741
-0.686
-0.623
-0.641
-0.487
-0.641
-0.58
-0.519
-0.495
-0.473
-0.228
-0.013
0.01
0.048
0.128
0.046
0.19
0.126
0.33
0.3
0.356
0.575
0.509
0.539
0.445
0.547
0.858
0.878
0.895
0.894
0.969
0.941
0.914
0.821
0.999
1.058
1.03
1.076
1.025
1.049
0.981
0.996
0.964
1.058
1.035
1.064
0.849
0.786
0.829
0.869
0.895
0.834
0.878
0.833
0.706
0.61
0.515
0.525
0.41
0.42
0.255
0.219
0.1
0.355
0.231
0.194
0.316
0.446
0.346
0.1
0.165
0.126
0.1
0.014
0.045
-0.138
-0.284
-0.225
-0.36
-0.446
-0.599
-0.551
-0.566
-0.634
-0.555
-0.464
-0.217
-0.25
-0.215
-0.39
-0.355
-0.421
-0.532
-0.703
-0.578
-0.799
-0.734
-1.0
-1.035
-0.838
-0.94
-0.815
-0.679
-0.699
-0.629
-0.763
-0.706
-0.819
-0.85
-0.846
-0.794
-0.682
-0.682
-0.531
-0.516
-0.349
-0.326
-0.131
-0.062
-0.026
0.136
0.369
0.205
0.276
0.258
0.2
0.292
0.375
0.346
0.214
0.25
0.404
0.376
0.461
0.312
0.26
0.268
0.18
0.049
-0.046
-0.084
-0.1
-0.03
-0.056
0.146
0.223
0.125
0.041
0.106
0.037
0.285
0.408
0.356
0.512
0.474
0.531
0.51
0.383
0.427
0.324
0.171
-0.071
-0.15
-0.245
-0.338
-0.361
-0.478
-0.445
-0.52
-0.359
-0.46
-0.446
-0.362
-0.465
-0.451
-0.315
-0.3
-0.374
-0.46
-0.415
-0.448
-0.499
-0.273
-0.206
0.025
0.238
0.351
0.408
0.288
0.169
0.195
0.18
0.184
0.096
0.208
0.106
0.028
-0.037
-0.02
0.07
-0.071
0.07
-0.026
0.025
-0.051
0.077
0.05
-0.115
0.029
0.17
0.32
0.375
0.214
0.359
0.099
0.111
0.09
0.005
-0.1
-0.205
-0.001
-0.1
-0.016
-0.086
-0.106
-0.103
-0.114
-0.154
-0.071
-0.189
-0.176
-0.231
-0.325
-0.17
-0.115
-0.179
-0.16
-0.371
-0.449
-0.586
-0.55
-0.669
-0.593
-0.589
-0.559
-0.475
-0.536
-0.591
-0.549
-0.64
-0.517
-0.704
-0.291
-0.182
-0.045
0.06
0.043
0.13
0.11
0.223
0.196
0.138
0.185
0.161
0.011
0.098
0.091
0.136
0.011
-0.019
-0.07
-0.005
-0.056
-0.151
0.001
-0.025
0.036
0.006
-0.105
-0.2
-0.201
-0.247
-0.21
-0.205
-0.134
-0.014
0.154
0.086
0.088
-0.085
-0.095
-0.141
-0.3
-0.416
-0.361
-0.47
-0.636
-0.554
-0.551
-0.552
-0.481
-0.432
-0.294
-0.255
-0.43
-0.376
-0.324
-0.249
-0.136
-0.228
-0.072
-0.109
-0.081
-0.135
-0.25
-0.251
-0.23
-0.276
-0.374
-0.28
-0.32
-0.29
-0.297
-0.527
-0.606
-0.53
-0.546
-0.555
-0.58
-0.436
-0.371
-0.469
-0.357
-0.295
-0.205
-0.036
-0.029
-0.033
-0.134
-0.131
-0.11
-0.211
-0.184
-0.245
-0.106
-0.066
-0.269
-0.239
-0.336
-0.403
-0.33
-0.386
-0.236
-0.4
-0.328
-0.33
-0.339
-0.226
-0.268
-0.244
-0.515
-0.36
-0.242
-0.336
-0.318
-0.059
0.071
0.121
0.269
0.427
0.324
0.38
0.354
0.318
0.324
0.464
0.375
0.497
0.441
0.425
0.458
0.435
0.485
0.439
0.496
0.501
0.465
0.444
0.325
0.221
0.058
0.059
-0.077
-0.113
0.166
0.0
-0.015
-0.216
-0.215
-0.269
-0.139
-0.199
-0.071
-0.253
-0.14
-0.083
-0.049
-0.079
-0.098
-0.144
-0.145
-0.198
-0.339
-0.357
-0.366
-0.474
-0.481
-0.56
-0.519
-0.497
-0.603
-0.688
-0.74
-0.753
-0.623
-0.652
-0.598
-0.679
-0.531
-0.263
-0.285
-0.238
-0.209
-0.223
-0.229
-0.194
-0.161
-0.236
-0.258
-0.091
0.114
0.174
0.156
0.309
0.285
0.54
0.255
0.215
0.206
0.086
0.221
0.134
0.147
0.09
0.195
0.079
-0.125
-0.062
0.049
0.1
0.088
0.205
0.136
0.217
0.231
0.446
0.491
0.36
0.431
0.355
0.496
0.475
0.399
0.401
0.461
0.484
0.526
0.495
0.536
0.527
0.499
0.381
0.356
0.306
0.136
0.146
0.05
-0.045
0.059
-0.074
-0.205
-0.031
0.122
-0.037
0.071
-0.145
0.036
-0.019
-0.095
0.037
-0.004
-0.015
-0.037
0.115
-0.028
0.052
0.052
0.059
0.056
0.166
-0.2
-0.163
0.136
0.001
0.161
-0.018
-0.133
-0.079
-0.238
-0.02
-0.1
-0.08
-0.152
-0.04
-0.098
-0.122
-0.077
-0.041
0.061
-0.14
-0.039
0.014
0.034
-0.006
-0.056
-0.055
-0.01
0.0
0.14
0.216
0.124
-0.024
0.052
0.28
0.247
0.315
0.22
0.136
0.171
0.155
0.211
0.239
0.208
0.103
0.181
0.009
0.113
0.121
0.119
0.124
0.125
0.144
0.033
-0.018
-0.113
-0.113
-0.052
-0.051
-0.075
-0.19
-0.175
0.104
0.05
0.13
0.29
0.292
0.301
0.537
0.531
0.559
0.544
0.708
0.459
0.364
0.431
0.421
0.58
0.475
0.356
0.279
0.238
0.249
0.188
0.094
0.216
-0.03
-0.055
0.072
0.085
0.188
0.201
0.159
0.179
0.01
0.118
0.039
0.077
-0.04
0.115
0.121
0.1
0.271
0.454
0.552
0.413
0.346
0.49
0.438
0.421
0.356
0.306
0.338
0.161
0.242
0.166
0.121
0.085
0.228
0.076
0.084
0.003
-0.055
-0.009
0.009
0.004
-0.061
-0.12
-0.079
0.15
0.307
0.33
0.394
0.399
0.311
0.23
0.259
0.249
0.185
0.253
0.279
0.453
0.415
0.16
0.271
0.109
0.055
0.099
0.096
-0.019
-0.009
-0.071
-0.059
-0.136
-0.021
-0.016
0.069
-0.111
-0.015
-0.052
-0.156
-0.194
-0.198
-0.075
-0.147
-0.118
-0.134
-0.15
-0.26
-0.35
-0.253
-0.224
-0.256
-0.238
-0.35
-0.233
-0.268
-0.21
-0.21
-0.351
-0.36
-0.341
-0.396
-0.461
-0.574
-0.583
-0.51
-0.484
-0.53
-0.508
-0.474
-0.451
-0.321
-0.315
-0.285
-0.231
-0.2
-0.168
-0.139
-0.15
-0.049
0.033
0.046
-0.173
0.151
0.201
0.269
0.42
0.305
0.225
0.146
0.419
0.324
0.345
0.355
0.271
0.339
0.361
0.487
0.466
0.421
0.31
0.45
0.329
0.349
0.319
0.269
0.299
0.279
0.33
0.264
0.312
0.212
0.198
0.364
0.443
0.463
0.32
0.134
0.181
0.17
0.288
0.26
0.224
0.245
0.239
0.245
0.294
0.29
0.261
0.346
0.235
0.242
0.164
0.113
0.146
0.21
0.155
0.216
0.168
0.301
0.376
0.345
0.491
0.586
0.642
0.53
0.496
0.509
0.638
0.682
0.642
0.595
0.639
0.559
0.63
0.731
0.581
0.647
0.624
0.489
0.482
0.532
0.181
0.475
0.501
0.401
0.366
0.404
0.38
0.47
0.508
0.489
0.444
0.45
0.311
0.208
-0.016
-0.2
-0.138
-0.129
-0.247
-0.242
-0.191
-0.106
-0.062
-0.105
-0.163
-0.206
-0.301
-0.3
-0.265
-0.355
-0.273
-0.349
-0.441
-0.506
-0.586
-0.503
-0.41
-0.383
-0.376
-0.352
-0.349
-0.301
-0.2
-0.174
-0.242
-0.163
-0.079
-0.039
-0.118
-0.194
-0.286
-0.295
-0.281
-0.241
-0.359
-0.223
-0.109
-0.033
-0.11
-0.159
-0.171
-0.105
0.052
0.22
0.114
0.171
0.13
0.113
0.338
0.357
0.355
0.39
0.534
0.471
0.395
0.448
0.417
0.438
0.574
0.431
0.541
0.591
0.554
0.549
0.47
0.484
0.54
0.499
0.664
0.669
0.623
0.584
0.785
0.731
0.706
0.647
0.677
0.656
0.626
0.615
0.619
0.466
0.434
0.331
0.432
0.362
0.401
0.334
0.194
0.134
0.049
0.079
-0.014
-0.029
-0.091
-0.016
-0.019
-0.079
0.103
-0.055
-0.015
0.09
0.003
-0.069
-0.056
-0.016
-0.01
-0.018
0.124
0.188
0.144
0.31
0.276
0.091
0.09
0.052
0.177
0.318
0.399
0.315
0.361
0.292
0.283
0.149
0.128
0.005
-0.164
-0.249
-0.38
-0.395
-0.465
-0.346
-0.364
-0.309
-0.249
-0.346
-0.471
-0.554
-0.343
-0.463
-0.367
-0.429
-0.211
-0.131
-0.258
-0.265
-0.359
-0.284
-0.343
-0.193
-0.203
-0.23
-0.255
-0.168
-0.17
-0.301
-0.369
-0.503
-0.549
-0.547
-0.384
-0.338
-0.393
-0.26
-0.101
0.037
0.048
0.029
0.134
0.074
0.209
0.201
0.424
0.357
0.367
0.281
0.296
0.23
0.349
0.249
0.171
0.121
0.021
0.163
0.138
0.263
0.256
0.003
-0.115
0.013
0.147
0.163
0.135
0.4
0.307
0.355
0.403
0.295
0.198
0.175
0.235
0.033
0.048
0.194
0.275
0.249
0.33
0.441
0.449
0.536
0.537
0.43
0.46
0.33
0.369
0.289
0.36
0.319
0.549
0.372
0.22
0.475
0.249
0.247
0.25
0.135
0.295
0.201
0.198
0.094
0.039
0.031
0.058
0.121
-0.055
-0.046
0.046
0.177
0.154
0.2
0.182
0.229
0.268
0.2
0.048
-0.173
-0.043
-0.104
-0.371
-0.46
-0.656
-0.716
-0.598
-0.644
-0.713
-0.917
-1.024
-1.054
-0.93
-0.91
-0.912
-1.048
-1.124
-1.005
-1.188
-1.215
-1.261
-1.14
-1.1
-1.191
-1.056
-1.176
-1.113
-1.051
-0.975
-0.801
-0.805
-0.73
-0.471
-0.497
-0.499
-0.399
-0.42
-0.386
-0.254
-0.404
-0.221
-0.179
-0.065
-0.161
-0.169
-0.103
-0.044
-0.12
-0.092
-0.098
-0.071
-0.099
-0.133
0.0
-0.05
-0.085
-0.013
-0.145
-0.124
-0.169
-0.074
-0.131
-0.055
-0.125
-0.114
-0.134
-0.176
-0.194
-0.285
-0.302
-0.134
-0.244
-0.288
-0.35
-0.501
-0.383
-0.288
-0.17
-0.283
-0.255
-0.247
-0.286
-0.261
-0.366
-0.624
-0.495
-0.605
-0.728
-0.958
-1.109
-1.056
-1.05
-0.896
-0.901
-0.83
-0.701
-0.583
-0.569
-0.504
-0.454
-0.416
-0.429
-0.361
-0.139
-0.149
-0.056
-0.129
0.028
-0.141
-0.268
-0.351
-0.542
-0.531
-0.56
-0.537
-0.445
-0.434
-0.45
-0.283
-0.274
-0.348
-0.434
-0.405
-0.454
-0.383
-0.216
-0.163
-0.11
-0.199
-0.059
-0.028
-0.02
0.03
0.104
0.07
0.04
-0.059
0.17
0.026
0.033
0.01
0.02
-0.004
-0.018
-0.309
-0.37
-0.388
-0.555
-0.349
-0.083
0.039
0.1
0.141
0.131
0.069
0.163
0.223
0.274
0.278
0.275
0.245
0.037
0.168
0.201
0.285
0.416
0.345
0.259
0.165
0.299
0.292
0.259
0.505
0.469
0.424
0.37
0.294
0.255
0.075
0.079
0.152
0.11
0.033
-0.029
-0.075
-0.081
-0.106
-0.075
-0.158
-0.284
-0.214
-0.225
-0.212
-0.193
-0.194
-0.07
-0.136
-0.016
-0.071
-0.006
-0.077
0.06
0.044
-0.088
-0.055
-0.258
-0.236
-0.305
-0.36
-0.305
-0.315
-0.139
-0.128
-0.271
-0.314
-0.351
-0.366
-0.343
-0.326
-0.436
-0.605
-0.67
-0.638
-0.662
-0.777
-0.922
-0.983
-0.936
-0.85
-0.654
-0.636
-0.585
-0.461
-0.529
-0.599
-0.756
-0.86
-0.73
-0.835
-0.848
-0.772
-0.705
-0.811
-0.746
-0.758
-0.7
-0.414
-0.574
-0.438
-0.496
-0.371
-0.346
-0.32
-0.21
-0.133
0.064
0.019
0.077
0.089
0.109
0.09
0.086
0.24
0.166
0.176
0.208
0.166
0.302
0.238
0.4
0.562
0.646
0.763
0.848
0.749
0.775
0.719
0.651
0.749
0.618
0.69
0.594
0.666
0.633
0.626
0.7
0.836
0.876
0.869
0.769
0.615
0.59
0.544
0.425
0.458
0.465
0.41
0.495
0.345
0.336
0.328
0.278
0.221
0.14
0.105
0.058
0.072
-0.07
-0.203
-0.364
-0.361
-0.39
-0.37
-0.58
-0.516
-0.453
-0.43
-0.542
-0.465
-0.487
-0.393
-0.143
-0.164
-0.096
-0.036
-0.1
0.169
0.077
-0.004
-0.134
-0.133
-0.236
-0.391
-0.539
-0.679
-0.769
-0.8
-0.744
-0.911
-0.946
-0.922
-0.868
-0.87
-0.938
-1.18
-1.19
-1.208
-0.828
-0.879
-0.896
-0.806
-0.795
-0.844
-0.718
-0.769
-0.624
-0.73
-0.515
-0.546
-0.503
-0.134
-0.026
0.089
0.045
0.126
0.104
0.228
0.134
0.115
0.069
0.184
0.228
0.31
0.422
0.212
0.321
0.499
0.506
0.388
0.408
0.411
0.556
0.578
0.364
0.497
0.469
0.516
0.655
0.421
0.266
0.1
0.173
0.109
-0.06
0.015
-0.048
-0.07
-0.091
-0.231
-0.119
-0.134
-0.044
-0.163
-0.343
-0.239
-0.244
-0.249
-0.107
0.039
0.059
0.219
0.261
0.426
0.522
0.635
0.716
0.8
0.706
