-0.886
-0.835
-0.869
-0.906
-0.76
-0.764
-0.883
-0.764
-0.699
-0.667
-0.646
-0.768
-0.526
-0.366
-0.245
-0.17
-0.182
-0.206
-0.297
-0.306
-0.096
-0.275
-0.258
-0.2
-0.184
-0.296
-0.328
-0.551
-0.611
-0.638
-0.64
-0.403
-0.318
-0.362
-0.534
-0.589
-0.474
-0.473
-0.306
-0.319
-0.228
-0.16
0.004
0.028
0.131
0.239
0.32
0.445
0.413
0.375
0.455
0.343
0.302
0.456
0.5
0.535
0.696
0.751
0.738
0.843
0.774
0.725
0.708
0.698
0.565
0.295
0.251
0.278
0.466
0.59
0.654
0.686
0.594
0.645
0.537
0.49
0.346
0.529
0.57
0.376
0.444
0.443
0.431
0.534
0.61
0.766
0.608
0.76
0.919
0.807
0.896
0.876
0.871
0.925
0.843
0.95
1.075
1.034
0.934
1.009
0.946
1.099
0.934
0.999
0.976
0.704
0.566
0.427
0.365
0.16
-0.118
-0.13
-0.077
-0.228
-0.388
-0.359
-0.459
-0.454
-0.583
-0.619
-0.381
-0.758
-0.72
-0.505
-0.6
-0.657
-0.78
-0.899
-0.777
-0.919
-0.715
-0.859
-0.721
-0.68
-0.77
-0.738
-0.753
-0.609
-0.631
-0.478
-0.646
-0.871
-0.828
-0.92
-0.824
-0.885
-0.765
-0.78
-0.75
-0.631
-0.635
-0.674
-0.593
-0.478
-0.4
-0.33
-0.046
-0.039
0.16
0.17
0.241
0.274
0.355
0.299
0.43
0.525
0.482
0.682
0.721
0.749
0.72
0.628
0.566
0.443
0.265
0.152
0.138
0.399
0.292
0.339
0.297
0.285
0.356
0.285
0.426
0.182
0.2
0.107
0.026
-0.083
-0.069
-0.091
-0.186
-0.129
-0.198
-0.304
-0.265
-0.307
-0.278
-0.307
-0.312
-0.372
-0.175
-0.479
-0.589
-0.619
-0.591
-0.405
-0.569
-0.615
-0.703
-0.771
-0.799
-0.829
-0.795
-0.638
-0.576
-0.503
-0.355
-0.481
-0.485
-0.386
-0.278
-0.116
-0.006
0.059
0.186
0.343
0.325
0.449
0.508
0.765
0.917
0.835
0.841
0.704
0.652
0.76
0.589
0.81
0.69
0.723
0.581
0.526
0.429
0.128
0.191
0.259
0.32
0.361
0.351
0.247
0.114
-0.126
-0.103
-0.074
0.152
0.08
0.015
-0.121
-0.085
-0.079
-0.13
0.034
-0.034
-0.156
-0.215
-0.219
-0.264
-0.238
-0.448
-0.598
-0.681
-0.618
-0.614
-0.359
-0.396
-0.509
-0.386
-0.359
-0.534
-0.522
-0.491
-0.384
-0.2
-0.201
-0.217
-0.314
-0.32
-0.069
0.072
0.094
0.191
0.415
0.242
0.16
0.206
0.043
-0.221
-0.375
-0.378
-0.266
-0.309
-0.289
-0.044
-0.091
0.211
0.385
0.684
0.725
0.922
1.005
0.956
0.954
1.099
1.231
1.159
1.149
1.216
1.31
1.469
1.029
0.662
0.682
0.583
0.537
0.323
0.135
0.034
-0.14
-0.384
-0.459
-0.629
-0.829
-0.688
-0.941
-0.777
-0.734
-0.646
-0.739
-1.016
-0.864
-1.074
-1.029
-1.155
-1.163
-1.331
-1.308
-1.222
-0.81
-0.64
-0.486
-0.269
-0.14
0.096
0.436
0.67
0.68
0.948
1.016
0.9
0.993
0.896
0.9
0.912
1.103
0.976
1.01
1.242
1.399
1.356
1.405
1.33
1.338
1.361
1.146
0.896
0.825
0.661
0.629
0.481
0.381
0.531
0.403
0.236
0.309
0.011
0.049
0.056
0.035
0.225
0.11
0.138
0.07
0.147
-0.039
-0.191
-0.145
-0.245
-0.136
-0.344
-0.411
-0.47
-0.575
-0.473
-0.542
-0.529
-0.638
-0.32
-0.323
-0.12
0.052
0.094
0.139
0.335
0.307
0.445
0.318
0.424
0.62
0.844
0.854
0.931
0.777
0.866
0.906
1.054
1.232
1.103
1.107
0.943
0.995
0.958
0.689
0.635
0.435
0.565
0.367
0.31
0.411
0.14
0.268
0.173
0.138
0.181
0.15
0.271
0.302
0.325
0.225
0.396
0.503
0.703
0.846
0.85
0.948
1.055
1.031
1.015
0.92
0.976
0.927
1.065
1.14
1.194
1.218
1.199
1.012
1.041
0.993
1.019
0.794
0.794
0.706
0.574
0.445
0.547
0.354
0.158
-0.235
-0.321
-0.504
-0.674
-0.681
-0.725
-0.682
-0.755
-0.936
-1.115
-1.059
-1.215
-1.211
-1.085
-1.081
-1.111
-1.079
-1.125
-1.01
-1.201
-1.256
-1.181
-0.989
-0.969
-0.856
-0.792
-0.811
-0.639
-0.661
-0.583
-0.598
-0.443
-0.466
-0.321
-0.165
-0.186
-0.134
-0.094
-0.109
0.041
-0.016
0.164
0.193
0.085
0.256
0.01
0.028
0.131
0.294
0.301
0.2
0.189
0.105
0.076
0.119
0.321
0.375
0.419
0.331
0.352
0.105
0.193
0.055
-0.186
-0.14
-0.285
-0.074
-0.236
-0.16
-0.159
-0.411
-0.52
-0.49
-0.445
-0.285
-0.517
-0.422
-0.256
-0.474
-0.6
-0.704
-0.701
-0.739
-0.959
-0.901
-0.984
-0.828
-0.775
-0.836
-0.801
-0.766
-0.791
-0.614
-0.508
-0.345
-0.245
-0.23
-0.231
-0.264
-0.233
-0.399
-0.348
-0.385
-0.419
-0.299
-0.506
-0.526
-0.685
-0.694
-0.527
-0.492
-0.41
-0.468
-0.615
-0.573
-0.652
-0.432
-0.354
-0.279
-0.383
-0.479
-0.406
-0.485
-0.396
-0.629
-0.453
-0.479
-0.459
-0.396
-0.231
-0.124
-0.173
0.05
0.179
0.318
0.254
0.312
0.388
0.302
0.251
0.194
0.422
0.23
0.194
0.221
0.435
0.491
0.367
0.249
0.331
0.281
0.336
0.263
0.224
0.435
0.355
0.409
0.285
0.328
0.288
0.408
0.41
0.491
0.459
0.521
0.517
0.336
0.419
0.522
0.381
0.419
0.43
0.451
0.416
0.299
0.28
0.301
0.171
0.033
-0.05
-0.238
-0.06
-0.314
-0.203
-0.031
-0.14
-0.143
-0.244
-0.28
-0.198
-0.2
-0.01
-0.056
-0.099
-0.279
-0.146
-0.07
-0.096
-0.028
-0.11
-0.052
0.08
0.198
0.119
0.022
0.041
-0.116
-0.242
-0.088
-0.263
-0.291
-0.194
-0.301
-0.334
-0.049
-0.276
-0.245
-0.11
-0.219
-0.174
-0.198
-0.098
-0.175
-0.129
-0.091
0.085
0.111
0.139
0.181
0.096
0.041
0.104
0.001
-0.006
0.056
-0.116
-0.149
-0.105
-0.179
-0.421
-0.362
-0.431
-0.624
-0.51
-0.393
-0.326
-0.294
-0.343
-0.305
-0.285
-0.265
-0.432
-0.539
-0.138
-0.32
-0.238
-0.195
-0.23
-0.05
0.069
0.133
0.173
0.269
0.19
0.159
0.414
0.362
0.456
0.393
0.198
0.131
0.193
0.346
0.47
0.37
0.55
0.674
0.541
0.642
0.589
0.426
0.619
0.491
0.516
0.235
0.13
0.166
0.184
0.03
-0.091
-0.158
-0.116
0.015
0.103
0.005
0.086
0.0
-0.089
0.115
0.174
0.238
0.092
-0.085
0.17
0.211
0.273
0.205
0.179
0.239
0.04
0.058
0.144
0.16
0.095
0.028
-0.171
-0.235
-0.256
-0.181
-0.176
-0.216
0.036
0.01
0.134
0.124
0.194
0.025
-0.151
-0.058
0.035
-0.04
0.056
0.189
0.334
0.182
0.091
0.035
0.051
-0.077
0.176
-0.004
-0.036
-0.084
0.056
0.004
0.049
0.161
0.116
0.15
0.158
0.146
0.036
0.077
0.284
0.062
0.048
0.044
0.106
0.088
-0.051
0.054
-0.109
0.06
-0.249
-0.3
-0.54
-0.491
-0.419
-0.557
-0.475
-0.542
-0.481
-0.357
-0.356
-0.265
-0.429
-0.333
-0.324
-0.214
-0.182
-0.121
-0.065
-0.004
0.065
0.096
0.139
0.064
0.107
0.139
0.195
0.155
0.133
0.188
0.09
0.015
0.085
-0.005
0.022
0.231
0.255
0.306
0.305
0.448
0.446
0.481
0.559
0.482
0.554
0.495
0.512
0.531
0.485
0.7
0.769
0.751
0.84
0.901
0.854
0.642
0.72
0.708
0.71
0.631
0.584
0.526
0.556
0.524
0.61
0.549
0.364
0.109
-0.03
-0.133
-0.098
-0.03
-0.242
-0.505
-0.43
-0.475
-0.333
-0.481
-0.36
-0.409
-0.525
-0.443
-0.318
-0.175
-0.046
-0.145
0.054
0.004
-0.009
0.084
0.081
0.062
0.065
-0.129
0.006
-0.12
0.051
-0.043
-0.041
-0.105
-0.229
-0.212
-0.238
-0.186
-0.048
-0.005
-0.081
-0.096
0.035
0.113
0.17
0.345
0.055
-0.064
0.145
0.239
0.184
0.169
0.025
-0.055
-0.143
-0.109
-0.052
-0.211
-0.169
-0.139
-0.09
-0.179
-0.019
-0.031
0.035
-0.215
-0.251
-0.161
-0.244
-0.219
-0.154
-0.264
-0.17
-0.235
-0.305
-0.171
-0.145
-0.085
-0.16
-0.304
-0.314
-0.211
0.099
-0.208
-0.242
-0.233
-0.273
-0.333
-0.16
-0.056
-0.052
-0.098
-0.065
0.113
-0.06
-0.114
0.077
-0.004
0.109
0.348
0.343
0.399
0.771
0.839
0.899
0.853
0.821
0.846
0.943
0.828
0.666
0.52
0.379
0.16
0.175
-0.084
-0.062
-0.136
-0.126
-0.24
-0.386
-0.367
-0.492
-0.489
-0.38
-0.33
-0.401
-0.61
-0.417
-0.681
-0.601
-0.749
-0.682
-0.881
-0.714
-0.611
-0.62
-0.568
-0.691
-0.834
-0.691
-0.599
-0.526
-0.404
-0.27
-0.234
-0.36
-0.247
-0.281
-0.324
-0.281
-0.107
-0.228
-0.311
-0.182
-0.386
-0.505
-0.743
-0.595
-0.369
-0.349
-0.338
-0.088
0.083
0.226
0.171
0.42
0.416
0.636
0.67
0.751
0.645
0.761
0.725
0.556
0.735
0.775
0.873
0.797
0.934
0.917
0.83
0.815
0.726
0.706
0.589
0.629
0.61
0.65
0.546
0.599
0.812
0.734
0.83
0.671
0.706
0.674
0.633
0.628
0.535
0.561
0.466
0.49
0.634
0.551
0.595
0.5
0.569
0.646
0.571
0.26
0.039
0.134
-0.064
-0.001
-0.086
-0.061
-0.116
-0.171
-0.356
-0.38
-0.44
-0.417
-0.485
-0.268
-0.261
-0.369
-0.369
-0.302
-0.434
-0.281
-0.249
-0.039
-0.077
0.024
-0.069
-0.045
0.094
0.069
0.105
0.107
0.116
0.152
0.194
0.116
0.315
0.302
0.376
0.309
0.279
0.265
0.143
0.146
0.033
0.098
0.077
0.201
0.099
0.217
0.199
0.122
0.244
0.314
0.312
0.228
0.134
0.091
-0.045
-0.056
0.076
0.091
0.021
-0.001
-0.064
-0.131
-0.231
-0.388
-0.351
-0.445
-0.339
-0.537
-0.614
-0.624
-0.532
-0.59
-0.664
-0.554
-0.603
-0.559
-0.626
-0.588
-0.649
-0.685
-0.583
-0.639
-0.675
-0.549
-0.525
-0.496
-0.399
-0.525
-0.601
-0.481
-0.573
-0.453
-0.503
-0.393
-0.43
-0.5
-0.426
-0.6
-0.677
-0.445
-0.463
-0.396
-0.615
-0.401
-0.414
-0.375
-0.295
-0.345
-0.234
-0.311
-0.395
-0.13
-0.069
0.022
-0.044
0.104
0.121
0.092
0.19
0.415
0.432
0.461
0.417
0.534
0.566
0.624
0.67
0.77
0.781
0.775
0.97
0.901
0.781
0.902
0.812
0.795
0.802
0.754
0.584
0.546
0.439
0.301
0.122
0.124
-0.028
-0.114
-0.139
-0.417
-0.334
-0.38
-0.521
-0.57
-0.569
-0.7
-0.79
-0.879
-0.839
-1.022
-0.951
-0.844
-0.873
-0.886
-0.895
-0.677
-0.641
-0.336
-0.098
0.062
0.144
0.143
0.175
0.264
0.381
0.28
0.201
0.254
0.193
-0.05
-0.156
-0.216
-0.185
0.036
-0.01
-0.176
-0.061
-0.129
-0.077
-0.283
-0.396
-0.175
-0.235
-0.036
-0.06
-0.01
-0.081
-0.259
-0.245
-0.404
-0.333
-0.186
-0.3
-0.406
-0.766
-0.524
-0.61
-0.48
-0.325
-0.283
-0.205
-0.338
-0.406
-0.245
-0.141
-0.095
-0.163
0.075
-0.028
-0.106
-0.292
-0.314
-0.366
-0.535
-0.396
-0.482
-0.499
-0.381
-0.429
-0.349
-0.143
-0.085
0.015
0.09
0.171
0.095
0.14
0.228
0.389
0.5
0.469
0.55
0.431
0.434
0.565
0.547
0.654
0.638
0.816
1.05
1.076
1.249
1.4
1.298
1.331
1.166
1.357
1.396
1.311
1.343
1.309
1.318
1.311
1.329
0.9
1.024
0.901
1.155
0.96
0.861
0.869
0.836
0.764
0.448
0.522
0.542
0.53
0.463
0.201
0.06
-0.111
-0.355
-0.474
-0.43
-0.534
-0.389
-0.616
-0.795
-0.824
-0.986
-1.155
-1.13
-1.251
-1.113
-1.012
-1.051
-0.82
-0.812
-0.776
-0.682
-0.693
-0.491
-0.564
-0.581
-0.569
-0.782
-0.791
-0.843
-0.796
-0.711
-0.534
-0.639
-0.626
-0.515
-0.589
-0.481
-0.505
-0.386
-0.4
-0.223
-0.3
-0.339
-0.295
-0.334
-0.316
-0.474
-0.328
-0.294
-0.198
-0.094
-0.019
0.14
0.344
0.371
0.349
0.356
0.271
0.374
0.263
0.238
0.401
0.465
0.376
0.231
0.217
0.154
0.295
0.185
0.154
0.134
0.141
0.154
-0.075
-0.084
-0.058
-0.161
-0.149
-0.098
-0.312
-0.309
-0.302
-0.355
-0.079
-0.059
-0.118
0.074
-0.141
-0.296
-0.19
-0.126
-0.054
0.016
0.098
0.247
0.4
0.38
0.343
0.156
0.285
0.245
0.439
0.449
0.345
0.471
0.413
0.593
0.429
0.63
0.713
0.685
0.526
0.714
0.588
0.566
0.427
0.235
0.284
0.312
0.508
0.593
0.427
0.492
0.335
0.089
0.049
0.22
0.173
0.196
0.244
0.41
0.449
0.352
0.453
0.339
0.318
0.352
0.154
0.111
0.115
0.079
-0.039
-0.122
-0.176
-0.384
-0.361
-0.571
-0.424
-0.441
-0.334
-0.659
-0.791
-0.776
-0.807
-0.631
-0.455
-0.644
-0.482
-0.52
-0.357
-0.344
-0.521
-0.426
-0.268
-0.156
-0.07
-0.019
0.059
-0.033
-0.015
0.036
0.086
0.114
-0.119
-0.234
-0.173
-0.41
-0.425
-0.264
-0.55
-0.414
-0.278
-0.289
-0.104
0.015
-0.004
0.163
0.223
-0.109
-0.004
-0.119
-0.189
-0.03
-0.034
-0.036
-0.336
-0.094
-0.041
-0.13
0.119
0.156
0.305
0.316
0.355
0.336
0.152
0.07
0.239
0.015
0.151
0.179
-0.1
0.051
-0.216
-0.352
-0.345
-0.359
-0.375
-0.522
-0.486
-0.604
-0.674
-0.522
-0.81
-0.711
-0.922
-0.964
-0.871
-0.806
-0.776
-0.541
-0.829
-0.576
-0.561
-0.625
-0.449
-0.581
-0.306
-0.432
-0.333
-0.238
-0.352
-0.155
-0.189
-0.024
0.031
0.051
0.389
0.425
0.555
0.409
0.43
0.44
0.71
0.738
0.758
0.735
1.071
1.274
1.288
1.365
1.471
1.825
1.919
1.921
1.983
1.732
1.894
1.78
1.657
1.522
1.464
1.683
1.356
1.341
1.478
1.249
1.346
1.21
0.917
0.546
0.366
0.098
0.069
0.265
0.316
0.306
0.338
-0.081
0.074
-0.036
-0.06
0.019
0.174
-0.085
-0.001
0.039
-0.181
-0.15
0.022
-0.091
0.041
0.199
0.366
0.454
0.662
0.721
0.657
0.566
0.385
0.416
0.242
0.233
0.295
0.225
0.245
0.174
0.22
0.357
0.261
0.228
0.089
0.096
0.006
0.052
-0.084
0.083
0.176
0.037
-0.092
-0.176
-0.177
-0.058
-0.155
-0.103
-0.064
-0.164
-0.346
-0.506
-0.283
-0.398
-0.391
-0.113
-0.329
-0.367
-0.365
-0.311
-0.361
-0.201
-0.145
-0.168
0.07
-0.122
-0.098
-0.184
-0.323
-0.334
-0.274
-0.259
-0.331
-0.194
-0.113
-0.014
-0.188
-0.165
-0.114
-0.131
-0.173
0.069
-0.092
0.061
0.004
0.013
0.024
-0.051
-0.274
-0.289
-0.075
-0.314
-0.186
-0.043
-0.072
0.005
0.119
0.154
0.195
0.174
0.302
0.268
0.408
0.158
0.143
0.103
0.194
0.101
0.122
0.13
-0.003
-0.041
-0.155
0.016
-0.114
0.048
-0.046
-0.208
-0.386
-0.352
-0.334
-0.445
-0.381
-0.388
-0.399
-0.492
-0.474
-0.458
-0.351
-0.359
-0.241
-0.254
-0.294
-0.654
-0.871
-0.986
-1.101
-1.0
-0.881
-0.735
-0.765
-0.823
-0.682
-0.615
-0.639
-0.566
-0.559
-0.154
-0.164
-0.001
-0.045
-0.176
0.08
0.041
0.203
0.251
0.283
0.376
0.362
0.444
0.49
0.63
0.705
0.875
0.943
1.094
1.285
1.395
1.367
1.526
1.565
1.55
1.5
1.361
1.329
1.135
1.089
1.174
1.145
1.231
1.185
1.07
0.802
0.866
0.708
0.56
0.586
0.586
0.588
0.516
0.503
0.404
0.448
0.492
0.38
0.291
0.427
0.302
0.381
0.311
0.288
0.066
0.154
0.041
-0.125
0.051
-0.003
-0.181
-0.161
-0.27
-0.225
-0.429
-0.318
-0.365
-0.329
-0.286
-0.504
-0.575
-0.535
-0.527
-0.633
-0.736
-0.825
-0.674
-0.5
-0.344
-0.33
-0.417
-0.379
-0.345
-0.492
-0.446
-0.497
-0.487
-0.621
-0.396
-0.605
-0.638
-0.681
-0.552
-0.537
-0.515
-0.432
-0.403
-0.547
-0.744
-0.92
-0.973
-0.92
-0.839
-0.812
-0.95
-0.835
-0.698
-0.625
-0.4
-0.323
-0.268
-0.089
-0.453
-0.441
-0.35
-0.45
-0.31
-0.27
-0.29
-0.143
0.095
0.168
0.221
0.28
0.258
0.135
0.128
0.124
0.045
0.045
-0.051
-0.144
-0.113
-0.265
-0.234
-0.335
-0.283
-0.223
-0.249
-0.111
-0.383
-0.276
-0.415
-0.378
-0.369
-0.366
-0.258
-0.069
0.055
-0.036
-0.182
-0.01
-0.046
0.08
0.235
0.058
0.075
0.026
0.05
0.253
0.427
0.372
0.453
0.51
0.55
0.486
0.544
0.403
0.596
0.536
0.487
0.499
0.463
0.439
0.49
0.276
0.173
0.23
0.12
0.223
0.152
0.029
0.098
-0.164
-0.199
-0.217
-0.318
-0.435
-0.175
-0.084
-0.08
0.06
0.109
0.128
0.126
0.179
0.1
0.215
0.234
0.436
0.422
0.464
0.295
0.229
0.22
0.021
0.026
-0.022
0.119
0.189
0.099
-0.015
-0.02
-0.035
-0.021
-0.156
-0.039
-0.203
0.013
-0.036
0.065
0.128
0.356
0.185
0.292
0.214
0.095
0.271
0.228
0.335
0.27
0.253
0.335
0.396
0.475
0.454
0.575
0.67
0.7
0.664
0.399
0.576
0.345
0.305
0.45
0.165
0.085
0.25
0.212
0.304
0.205
0.5
0.542
0.59
0.54
0.628
0.56
0.525
0.505
0.605
0.775
0.634
0.745
0.755
0.902
0.814
0.831
0.606
0.641
0.624
0.541
0.598
0.492
0.605
0.515
0.509
0.374
0.139
0.163
0.04
0.046
-0.146
-0.21
-0.334
-0.453
-0.6
-0.816
-0.909
-0.814
-1.05
-1.065
-1.195
-1.169
-1.147
-1.134
-1.035
-1.04
-0.974
-0.859
-0.834
-0.695
-0.63
-0.5
-0.468
-0.615
-0.435
-0.285
-0.323
0.075
0.033
0.02
-0.025
-0.015
0.133
0.026
0.03
0.059
-0.056
-0.133
-0.283
-0.236
-0.18
0.014
0.115
-0.005
-0.139
-0.126
-0.475
-0.128
-0.193
-0.121
0.009
0.045
-0.044
0.141
0.244
0.211
0.346
0.18
0.376
0.045
0.106
-0.135
-0.092
-0.189
-0.381
-0.424
-0.371
-0.37
-0.511
-0.61
-0.555
-0.684
-0.641
-0.426
-0.427
-0.307
-0.211
-0.362
-0.495
-0.514
-0.391
-0.583
-0.738
-0.744
-0.75
-0.72
-0.684
-0.545
-0.486
-0.473
-0.4
-0.253
-0.325
-0.364
-0.158
-0.283
-0.096
-0.193
-0.316
-0.424
-0.445
-0.499
-0.646
-0.499
-0.455
-0.6
-0.562
-0.4
-0.496
-0.344
-0.32
-0.376
-0.297
-0.251
-0.11
0.02
-0.034
0.056
-0.03
0.052
0.286
0.319
0.189
0.215
0.333
0.311
0.438
0.531
0.633
0.73
0.679
0.861
1.034
1.139
1.282
1.195
1.196
1.001
0.776
0.811
0.686
0.464
0.174
0.074
0.011
0.177
0.271
0.188
0.071
0.06
0.185
0.223
0.033
0.051
0.176
0.13
0.344
0.604
0.73
0.659
0.65
0.647
0.501
0.479
0.359
0.439
0.588
0.639
0.694
0.685
0.833
0.763
0.54
0.542
0.569
0.561
0.525
0.422
0.475
0.286
0.333
0.389
0.245
0.292
0.349
0.359
0.401
0.208
0.211
0.058
0.103
0.219
0.261
0.253
0.296
0.409
0.351
0.086
0.099
0.064
-0.081
0.116
-0.17
-0.006
-0.124
-0.275
-0.292
-0.401
-0.519
-0.526
-0.531
-0.346
-0.278
-0.28
-0.408
-0.46
-0.196
-0.333
-0.271
-0.369
-0.236
-0.101
-0.219
-0.263
-0.168
-0.26
-0.06
-0.219
-0.324
-0.396
-0.276
-0.084
-0.224
0.048
0.217
0.281
0.334
0.374
0.411
0.576
0.672
0.603
0.459
0.662
0.6
0.443
0.774
1.014
1.13
1.096
1.065
0.922
0.85
0.764
0.886
0.784
0.865
0.879
0.824
0.557
0.361
0.242
0.089
-0.036
-0.046
-0.06
-0.06
-0.294
-0.226
-0.509
-0.65
-0.546
-0.634
-0.365
-0.711
-0.938
-0.936
-1.028
-0.927
-0.912
-0.93
-1.014
-0.984
-0.941
-0.988
-0.902
-0.792
-0.736
-0.731
-0.665
-0.969
-0.704
-0.728
-0.696
-0.294
-0.215
-0.169
-0.209
-0.372
-0.348
-0.247
-0.279
-0.276
-0.441
-0.294
-0.489
-0.296
-0.077
-0.014
0.131
0.036
0.014
-0.001
-0.186
-0.139
-0.01
-0.011
0.006
-0.126
-0.139
-0.074
-0.096
0.039
0.2
0.253
0.154
0.254
0.147
-0.077
-0.013
-0.139
-0.054
0.051
0.085
0.048
0.084
0.144
-0.106
-0.06
-0.085
-0.041
-0.016
0.086
0.1
0.21
0.208
0.193
0.279
0.299
0.288
0.372
0.4
0.339
0.319
0.365
0.131
0.184
0.292
0.357
0.186
0.18
0.216
0.118
0.356
0.47
0.359
0.484
0.441
0.456
0.006
-0.076
0.013
0.0
-0.155
-0.086
-0.206
-0.344
-0.482
-0.7
-0.715
-0.866
-0.966
-0.89
-1.166
-1.084
-1.147
-1.16
