-0.484
-0.292
-0.302
-0.208
-0.211
-0.163
-0.496
-0.253
0.095
0.173
0.339
0.485
0.706
0.535
0.642
0.672
0.552
0.389
0.44
0.593
0.481
0.478
0.63
0.366
0.446
0.598
0.682
0.557
0.694
0.461
0.193
0.149
0.021
-0.004
-0.14
-0.17
-0.312
-0.35
-0.416
-0.512
-0.526
-0.595
-0.579
-0.361
-0.389
-0.3
-0.409
-0.431
-0.444
-0.441
-0.521
-0.556
-0.575
-0.44
-0.585
-0.517
-0.56
-0.885
-1.021
-0.89
-0.81
-0.821
-0.661
-0.508
-0.43
-0.435
-0.106
0.054
0.214
0.318
0.38
0.48
0.85
0.609
0.63
0.796
0.894
0.758
0.926
0.833
0.988
0.845
1.177
1.354
1.35
1.525
1.356
1.312
1.371
1.268
1.064
0.985
1.141
1.068
0.755
0.621
0.54
0.384
0.454
0.478
0.329
0.326
0.383
0.2
0.154
0.147
0.066
0.111
0.054
-0.031
0.009
0.09
-0.12
-0.169
-0.365
-0.345
-0.394
-0.449
-0.203
-0.304
-0.415
-0.325
-0.195
-0.271
-0.38
-0.343
-0.304
-0.393
-0.241
-0.331
-0.26
-0.266
-0.38
-0.242
-0.351
-0.188
-0.224
-0.001
0.154
-0.122
0.062
0.074
0.3
0.25
0.18
0.158
0.152
0.058
-0.039
0.105
-0.051
-0.109
-0.141
-0.214
0.036
-0.029
0.12
-0.001
0.198
0.271
0.323
0.394
0.583
0.48
0.551
0.65
0.546
0.501
0.427
0.54
0.733
0.67
0.859
0.825
0.593
0.655
0.504
0.581
0.786
0.835
0.64
0.581
0.711
0.915
0.891
0.556
0.504
0.606
0.67
0.595
0.436
0.556
0.482
0.464
0.551
0.482
0.672
0.578
0.583
0.485
0.374
0.652
0.695
0.883
0.537
0.417
0.32
0.206
0.235
0.163
-0.015
0.001
-0.169
-0.294
-0.256
-0.274
-0.173
-0.205
-0.193
-0.46
-0.468
-0.554
-0.396
-0.475
-0.39
-0.393
-0.408
-0.429
-0.758
-0.814
-0.723
-0.751
-0.583
-0.565
-0.736
-0.661
-0.69
-0.69
-0.647
-0.711
-0.557
-0.604
-0.649
-0.45
-0.456
-0.421
-0.443
-0.364
-0.304
-0.169
-0.251
-0.186
0.043
-0.024
-0.015
-0.106
-0.079
-0.056
0.181
0.266
0.301
0.239
0.16
0.135
0.31
0.384
0.55
0.43
0.444
0.525
0.449
0.4
0.526
0.459
0.351
0.656
0.639
0.715
0.654
0.574
0.625
0.694
0.66
0.439
0.594
0.438
0.351
0.318
0.325
0.343
0.323
0.179
0.238
0.473
0.652
0.715
0.646
0.521
0.698
0.588
0.57
0.671
0.545
0.599
0.649
0.551
0.365
0.44
0.21
0.106
0.216
0.229
0.089
0.04
-0.163
0.083
-0.048
0.079
0.044
-0.106
-0.177
-0.281
-0.295
-0.441
-0.366
-0.375
-0.312
-0.255
-0.249
-0.395
-0.324
-0.424
-0.399
-0.63
-0.705
-0.876
-0.895
-0.672
-0.482
-0.521
-0.654
-0.581
-0.532
-0.561
-0.459
-0.37
-0.336
-0.504
-0.667
-0.554
-0.724
-0.821
-0.973
-0.953
-0.98
-0.905
-0.936
-0.734
-0.652
-0.753
-0.764
-0.485
-0.39
-0.25
-0.092
0.007
0.184
0.056
0.225
0.37
0.352
0.36
0.199
0.086
-0.193
-0.229
-0.305
-0.064
-0.107
-0.219
-0.04
0.088
-0.065
0.04
0.372
0.118
0.211
0.103
0.116
0.092
0.099
0.223
0.069
0.15
0.253
0.273
0.185
0.088
0.315
0.386
0.291
0.331
0.417
0.225
0.33
0.203
0.219
0.448
0.296
0.319
0.107
-0.059
-0.236
-0.091
0.059
-0.071
-0.189
-0.33
-0.054
-0.014
-0.18
-0.336
-0.326
-0.71
-0.74
-0.614
-0.664
-0.579
-0.506
-0.515
-0.357
-0.389
-0.071
0.071
0.182
0.365
0.419
0.326
0.276
0.269
0.273
0.311
0.417
0.545
0.578
0.69
0.515
0.691
0.768
0.718
0.581
0.69
0.524
0.482
0.481
0.398
0.408
0.39
0.263
0.361
0.301
0.156
-0.096
-0.029
-0.128
-0.08
0.1
0.004
-0.145
-0.076
-0.034
-0.105
-0.155
-0.311
-0.288
-0.279
-0.294
-0.276
-0.445
-0.348
-0.258
-0.166
-0.269
-0.241
0.006
0.084
0.19
-0.147
-0.168
-0.328
-0.198
0.098
0.399
0.733
0.686
0.549
0.435
0.362
0.628
0.623
0.66
0.456
0.408
0.431
0.509
0.208
0.354
0.534
0.755
0.901
0.985
1.194
1.144
1.106
1.008
0.931
0.799
0.566
0.485
0.369
0.118
0.072
0.121
0.031
-0.041
0.084
-0.155
-0.263
-0.39
-0.454
-0.669
-0.556
-0.389
-0.49
-0.52
-0.516
-0.09
0.075
-0.088
-0.092
-0.143
-0.301
-0.29
-0.084
-0.211
-0.161
-0.119
-0.105
-0.301
-0.35
-0.559
-0.51
-0.691
-0.6
-0.369
-0.401
-0.346
-0.32
-0.059
0.01
-0.075
-0.164
-0.198
-0.079
0.04
0.081
-0.186
-0.169
-0.276
-0.054
0.025
-0.312
-0.176
-0.051
-0.141
-0.104
-0.147
-0.139
-0.196
-0.329
-0.379
-0.334
-0.395
-0.357
-0.292
-0.091
0.077
0.278
0.286
0.453
0.711
0.706
0.43
0.489
0.605
0.626
0.564
0.439
0.336
0.625
0.606
0.646
0.786
0.681
0.934
0.986
1.052
1.051
1.009
0.876
0.766
0.701
0.833
1.034
1.061
1.045
1.059
1.209
1.062
0.916
0.9
0.774
0.829
0.624
0.777
1.034
1.224
1.185
1.196
0.73
0.703
0.67
0.469
0.349
0.531
0.564
0.682
0.8
0.676
0.49
0.444
0.449
0.427
0.424
0.338
0.448
0.349
0.398
0.326
0.273
0.107
0.028
-0.18
-0.173
-0.341
-0.372
-0.461
-0.499
-0.666
-0.575
-0.581
-10.336
-0.521
-0.076
0.138
0.22
0.011
-0.084
-0.188
-0.138
0.211
0.039
0.275
0.292
-0.024
0.007
0.084
0.255
0.307
0.379
0.223
0.177
0.166
0.307
0.266
0.334
0.316
0.344
0.231
0.147
0.216
0.026
0.155
0.03
0.08
0.044
-0.226
-0.168
-0.066
0.125
0.176
0.309
0.336
0.198
0.217
0.115
0.139
0.29
0.375
0.355
0.08
0.163
0.174
0.152
0.145
0.302
0.355
0.223
0.169
0.18
-0.024
-0.29
-0.152
-0.398
-0.449
-0.506
-0.576
-0.761
-0.73
-0.814
-0.738
-0.718
-0.766
-0.885
-0.924
-0.981
-1.012
-1.056
-0.956
-1.18
-1.201
-1.026
-0.973
-0.866
-0.662
-0.328
-0.299
-0.17
-0.086
-0.119
0.059
0.182
0.165
0.133
0.168
0.281
0.463
0.601
0.642
0.899
0.941
0.91
0.839
0.768
0.455
0.844
0.633
0.527
0.424
0.536
0.571
0.28
0.431
0.512
0.328
0.036
0.336
0.459
0.6
0.691
0.657
0.574
0.478
0.37
0.205
0.278
0.061
0.098
-0.083
-0.231
-0.256
-0.396
-0.52
-0.544
-0.464
-0.544
-0.601
-0.704
-0.945
-1.015
-1.1
-0.938
-0.954
-0.848
-0.85
-0.912
-0.816
-0.718
-0.77
-0.77
-0.858
-0.729
-0.662
-0.517
-0.496
-0.453
-0.125
-0.219
-0.14
-0.23
-0.086
-0.208
0.061
-0.307
-0.41
-0.103
-0.11
-0.14
-0.026
-0.217
-0.259
-0.309
-0.094
-0.16
-0.046
0.029
0.128
0.115
0.128
0.225
0.349
0.126
0.195
0.025
-0.119
0.034
-0.006
0.239
0.194
0.47
0.574
0.527
-3.006
0.83
0.745
0.58
0.84
0.896
0.721
0.594
0.554
0.603
0.564
0.554
0.552
0.524
0.69
0.774
0.625
0.509
0.489
0.051
0.238
0.236
0.089
0.198
0.177
0.329
0.199
0.209
0.314
0.415
0.372
0.286
0.279
0.085
-0.028
-0.115
-0.195
-0.145
-0.115
-0.225
0.095
0.051
0.203
-0.011
0.02
0.426
0.278
0.177
-0.036
0.007
-0.125
-0.122
-0.364
-0.217
-0.25
-0.289
-0.468
-0.654
-0.623
-0.552
-0.596
-0.569
-0.591
-0.568
-0.463
-0.484
-0.531
-0.406
-0.644
-0.709
-0.44
-0.619
-0.689
-0.635
-0.696
-0.458
-0.371
-0.23
-0.185
-0.02
0.145
0.299
0.441
0.306
0.32
0.274
0.335
0.489
0.517
0.072
-0.116
-0.283
-0.42
-0.133
0.261
0.319
0.328
0.284
0.168
-0.226
-0.156
-0.109
0.286
0.391
0.56
0.536
0.579
0.203
0.06
0.265
0.126
0.305
0.367
0.519
0.593
0.865
1.066
1.123
1.016
0.792
0.904
0.861
0.775
0.93
0.675
0.763
0.635
0.554
0.343
0.341
0.359
0.169
0.395
0.509
0.426
0.449
0.415
0.245
0.158
0.296
0.529
0.726
0.57
0.491
0.485
0.586
0.69
0.72
0.934
0.894
0.824
0.895
0.618
0.565
0.436
0.495
0.408
0.193
0.246
0.385
0.205
0.079
0.071
0.005
-0.006
-0.1
0.076
0.152
0.176
-0.059
0.305
0.288
0.214
0.464
0.414
0.63
0.705
0.608
0.688
0.708
0.811
0.711
0.6
0.413
0.206
0.026
-0.115
-0.246
-0.284
-0.474
-0.378
-0.479
-0.555
-0.634
-0.494
-0.215
-0.238
-0.314
-0.522
-0.63
-0.841
-0.927
-1.025
-1.044
-0.97
-0.754
-0.552
-0.666
-0.731
-0.789
-0.66
-0.629
-0.731
-0.585
-0.736
-0.195
-0.046
-0.062
-0.163
-0.517
-0.336
-0.307
-0.234
0.121
0.26
0.506
0.165
0.365
0.376
0.531
0.775
0.953
1.157
0.912
0.728
0.618
0.133
0.268
0.365
0.441
0.177
0.384
0.104
0.18
0.098
0.03
-0.024
-0.273
-0.429
-0.494
-0.685
-0.55
-0.458
-0.256
-0.352
-0.289
-0.49
-0.454
-0.266
-0.526
-0.393
-0.594
-0.586
-0.554
-0.684
-0.674
-0.879
-0.948
-0.92
-1.2
-0.738
-0.959
-0.677
-0.598
-0.385
-0.338
-0.536
-0.375
-0.216
-0.028
-0.065
-0.04
-0.075
-0.056
-0.048
0.164
0.279
0.371
0.372
0.304
0.35
0.333
0.39
0.534
0.703
0.714
0.951
0.968
0.922
1.137
1.236
1.306
1.336
1.395
1.26
1.078
0.958
0.676
0.725
0.816
0.968
0.966
0.691
0.905
0.936
0.948
0.925
0.61
0.487
0.385
0.061
0.209
0.144
0.069
0.135
0.105
-0.246
-0.588
-0.679
-0.608
-0.709
-0.554
-0.425
-0.531
-0.466
-0.674
-0.744
-0.799
-0.71
-0.968
-0.994
-0.821
-0.786
-0.659
-0.688
-0.591
-0.439
-0.55
-0.311
-0.445
-0.268
-0.356
-0.235
-0.275
-0.185
-0.088
-0.001
0.01
-0.054
0.029
-0.065
0.09
0.021
-0.022
0.039
0.019
0.083
-0.131
0.024
-0.19
0.014
-0.006
-0.206
-0.034
-0.091
-0.155
-0.275
-0.339
-0.318
-0.24
-0.191
-0.086
-0.203
-0.451
-0.389
-0.651
-0.84
-0.964
-1.038
-0.846
-0.633
-0.545
-0.542
-0.633
-0.299
-0.349
-0.422
-0.529
-0.664
-0.665
-0.606
-0.409
-0.487
-0.345
-0.379
-0.547
-0.688
-0.826
-0.88
-0.723
-0.642
-0.601
-0.516
-0.056
-0.019
0.0
0.166
0.154
0.045
-0.225
-0.026
0.075
-0.051
-0.256
-0.096
0.1
0.27
0.246
0.224
0.365
0.526
0.618
0.825
0.86
0.994
0.811
0.94
0.796
0.785
0.73
0.68
0.555
0.551
0.661
0.745
0.549
0.655
0.741
0.768
0.802
0.829
0.777
0.704
0.5
0.84
1.002
1.214
1.088
0.976
0.966
0.634
0.579
0.562
0.446
0.31
0.254
0.088
-0.088
-0.28
-0.48
-0.136
0.145
0.034
0.247
0.165
-0.074
-0.198
-0.085
-0.247
-0.307
-0.319
-0.44
-0.315
-0.193
-0.191
-0.304
-0.179
-0.338
-0.375
-0.143
-0.198
-0.28
-0.416
-0.584
-0.718
-0.821
-0.89
-0.728
-0.61
-0.473
-0.39
-0.33
-0.38
-0.146
-0.188
-0.169
-0.155
-0.414
-0.511
-0.348
-0.314
-0.335
-0.388
-0.136
-0.051
0.107
0.081
0.143
0.171
0.149
0.359
0.301
0.091
0.249
0.05
-0.013
0.08
0.198
0.203
0.383
0.304
0.385
0.354
0.414
0.58
0.454
0.326
0.22
0.285
0.349
0.383
0.45
0.487
0.309
0.143
0.118
0.083
-0.025
-0.077
-0.091
-0.116
-0.168
-0.244
-0.547
-0.367
-0.344
-0.4
-0.309
-0.58
-0.501
-0.698
-0.714
-0.811
-0.751
-0.661
-0.57
-0.545
-0.401
-0.274
-0.448
-0.38
-0.633
-0.74
-0.703
-0.621
-0.963
-0.89
-0.91
-0.938
-0.695
-0.725
-0.811
-0.698
-0.831
-0.806
-0.721
-0.573
-0.786
-0.739
-0.674
-0.812
-0.67
-0.679
-0.728
-0.609
-0.576
-0.41
-0.242
-0.265
0.006
0.217
0.173
0.326
0.335
0.393
0.501
0.608
0.515
0.763
0.85
0.988
1.058
1.143
1.315
1.219
1.218
1.356
1.308
1.258
1.015
1.179
1.219
1.085
1.302
1.453
1.338
1.231
1.27
1.284
1.393
1.501
1.565
1.508
1.511
1.41
1.39
1.105
0.989
0.941
0.826
0.69
0.519
0.53
0.318
0.301
0.2
0.035
-0.065
-0.12
-0.074
-0.379
-0.344
-0.319
-0.147
0.013
-0.099
-0.019
-0.114
-0.244
-0.46
-0.571
-0.67
-0.583
-0.669
-0.508
-0.604
-0.562
-0.421
-0.205
0.001
0.32
0.296
0.254
0.214
0.115
0.0
0.147
0.329
0.432
0.559
0.58
0.573
0.738
0.784
0.851
0.941
1.032
1.23
1.301
1.55
1.334
1.274
1.251
1.33
1.519
1.541
1.396
1.239
1.319
1.438
1.501
1.16
0.989
0.931
0.649
0.324
0.17
0.119
0.26
0.238
0.372
0.536
0.593
0.302
0.211
0.215
0.215
0.194
0.189
0.133
0.146
0.186
0.064
-0.055
0.118
0.036
0.081
-0.118
-0.278
-0.036
-0.118
-0.3
-0.24
-0.241
-0.26
-0.239
-0.01
-0.004
0.025
0.107
0.236
0.096
0.246
0.19
0.265
0.15
0.245
0.311
0.069
0.188
0.131
0.138
0.066
-0.206
0.009
-0.059
-0.224
-0.284
-0.356
-0.454
-0.059
-0.035
0.024
0.109
0.133
0.05
-0.09
-0.212
-0.36
-0.461
-0.326
-0.575
-0.624
-0.763
-0.809
-0.873
-0.711
-0.811
-0.819
-0.728
-0.891
-0.828
-0.866
-1.169
-1.159
-1.198
-1.191
-1.201
-1.289
-1.225
-1.106
-1.218
-1.163
-0.897
-0.906
-0.863
-0.973
-1.005
-0.968
-0.968
-0.789
-0.758
-0.61
-0.73
-0.545
-0.641
-0.4
-0.42
-0.405
-0.345
-0.301
-0.22
-0.266
-0.27
-0.2
-0.304
-0.309
-0.198
-0.126
-0.13
-0.234
-0.188
-0.381
-0.468
-0.294
0.076
-0.07
-0.03
-0.26
-0.312
-0.454
-0.484
-0.554
-0.325
-0.383
-0.17
-0.186
-0.19
-0.328
-0.429
-0.39
-0.366
-0.349
-0.069
0.083
0.035
0.246
0.369
0.301
0.44
0.214
0.281
0.351
0.165
0.128
0.25
0.143
0.104
0.151
0.171
0.38
0.446
0.55
0.46
0.667
0.739
0.669
0.529
0.614
0.527
0.584
0.355
0.31
0.432
0.527
0.557
0.229
0.259
0.122
0.25
0.134
0.145
0.045
0.194
0.238
0.169
0.225
0.209
0.176
0.244
0.516
0.296
0.539
0.391
0.536
0.641
0.629
0.775
0.713
0.866
0.828
0.85
0.993
0.795
0.956
1.066
1.021
1.076
0.858
0.856
0.585
0.674
0.763
0.729
0.598
0.385
0.26
0.101
-0.003
-0.104
0.083
0.134
-0.12
0.061
0.094
0.028
0.014
0.149
0.076
0.219
0.258
0.182
0.003
-0.65
-0.574
-0.642
-0.831
-0.807
-0.828
-0.628
-0.891
-0.971
-1.16
-1.076
-1.245
-0.974
-0.911
-0.878
-0.904
-0.878
-0.922
-0.714
-0.71
-0.615
-0.144
0.003
0.039
0.254
-0.026
0.147
0.416
0.307
0.284
0.234
0.335
0.463
0.468
0.409
0.554
0.634
0.677
0.464
0.413
0.292
0.283
0.345
0.184
0.214
0.261
0.079
0.149
0.107
0.058
0.278
-0.009
0.181
0.231
0.479
0.542
0.681
0.631
0.505
0.336
0.324
0.24
0.131
-0.024
-0.004
0.205
0.361
0.217
0.283
0.273
0.051
0.184
-0.052
0.035
-0.02
-0.075
-0.21
-0.285
-0.264
-0.23
-0.095
-0.037
-0.083
-0.281
-0.264
-0.256
-0.42
-0.409
-0.341
-0.998
0.074
0.156
0.295
0.105
0.151
0.11
0.134
0.449
0.421
0.733
0.792
0.719
0.651
0.396
0.422
0.514
0.464
0.67
0.774
0.666
0.662
0.724
0.615
0.802
0.623
0.473
0.564
0.61
0.635
0.723
0.96
1.139
1.169
0.821
0.639
0.459
0.449
0.441
0.426
0.554
0.7
0.544
0.371
0.149
-0.085
-0.09
0.033
0.088
-0.075
0.036
0.088
0.228
0.256
0.086
0.119
0.26
0.25
0.547
0.522
0.669
0.995
0.794
0.949
0.792
0.929
0.975
1.039
1.071
0.85
0.81
0.657
0.574
0.435
0.445
0.46
0.266
0.335
0.349
0.306
0.101
0.049
-0.029
-0.228
-0.29
-0.49
-0.728
-0.736
-0.781
-1.144
-1.272
-1.301
-1.387
-1.549
-1.501
-1.538
-1.518
-1.624
-1.366
-1.367
-1.441
-1.321
-1.302
-1.225
-1.414
-1.417
-1.446
-1.124
-0.998
-1.089
-0.985
-1.09
-0.932
-0.965
-1.006
-0.873
-0.814
-0.791
-0.833
-0.73
-0.512
-0.181
-0.122
-0.071
0.043
0.079
0.168
0.264
0.304
0.415
0.399
0.348
0.395
0.432
0.367
0.375
0.24
0.458
0.676
0.61
0.575
0.379
0.101
-0.079
-0.254
-0.149
-0.061
0.006
0.385
0.35
0.265
0.147
0.011
-0.175
-0.092
-0.083
-0.028
-0.091
-0.283
-0.374
-0.409
-0.566
-0.689
-0.719
-0.578
-0.48
-0.388
-0.274
-0.672
-0.886
-1.089
-0.854
-0.835
-0.611
-0.52
-0.811
-0.989
-0.95
-0.859
-0.725
-0.5
-0.292
-0.35
-0.254
-0.413
-0.329
-0.249
-0.321
-0.241
-0.333
-0.289
-0.32
-0.144
-0.219
-0.223
-0.275
-0.048
-0.011
0.074
0.003
0.198
0.291
0.506
0.574
0.182
0.051
0.099
0.075
0.109
0.194
0.274
0.319
0.42
0.519
0.635
0.614
0.657
0.939
0.869
0.816
0.751
0.899
0.475
0.631
0.329
0.471
0.616
0.682
0.738
0.436
0.504
0.285
0.307
0.281
0.238
0.083
0.168
-0.015
0.035
0.031
0.159
0.39
0.529
0.503
0.432
0.516
0.609
0.338
0.784
0.686
0.662
0.906
1.0
1.117
1.05
1.054
1.225
0.971
1.004
1.022
0.954
0.796
0.715
0.931
0.805
0.948
0.891
0.893
1.05
1.085
0.894
1.038
1.143
1.129
1.209
0.984
0.945
0.703
0.835
0.73
0.829
0.785
0.88
0.809
0.616
0.604
0.777
0.492
0.43
0.326
0.315
0.229
0.095
0.161
0.25
0.056
0.081
-0.019
-0.2
-0.29
-0.44
-0.333
-0.258
-0.409
-0.318
-0.244
-0.366
-0.443
-0.362
-0.545
-0.56
-0.609
-0.529
-0.461
-0.357
-0.674
-0.451
-0.4
-0.339
-0.284
-0.131
0.022
-0.216
-0.216
-0.245
-0.23
0.083
0.084
0.177
0.049
-0.055
0.06
0.194
0.006
0.254
0.166
0.22
0.324
0.294
0.512
0.176
-0.083
-0.601
-0.534
-0.635
-0.715
-0.616
-0.444
-0.196
-0.286
-0.255
-0.105
-0.049
0.1
-0.151
-0.199
-0.345
-0.608
-0.69
-0.781
-0.425
-0.445
-0.316
-0.345
-0.122
-0.273
-0.179
-0.147
-0.291
-0.349
-0.269
-0.091
0.168
0.403
0.378
0.081
0.177
0.269
0.345
0.455
0.449
0.516
0.576
0.7
0.708
0.672
0.66
0.733
0.809
0.863
0.835
0.846
0.875
0.699
0.575
0.545
0.406
0.14
0.134
0.211
-0.09
-0.221
-0.179
-0.175
-0.251
-0.525
-0.388
-0.527
-0.659
-0.826
-1.336
-1.274
-1.266
-1.232
-0.976
-1.036
-0.818
-0.88
-0.995
-1.054
-1.061
-0.912
-0.688
-0.854
-0.999
-1.035
-0.844
-0.728
-0.489
-0.242
-0.134
0.049
0.133
0.014
-0.14
-0.486
-0.804
-0.802
-0.656
-0.685
-0.391
-0.276
-0.24
-0.188
-0.088
0.05
0.171
0.021
0.251
0.231
0.124
0.125
0.284
-0.058
-0.031
0.195
0.194
0.395
0.309
0.41
0.427
0.561
0.759
0.993
1.001
0.964
1.093
0.721
0.919
1.036
1.089
1.384
1.387
1.616
1.917
2.073
1.795
1.75
1.619
1.491
1.31
1.225
1.095
1.174
1.127
1.235
1.002
1.045
0.66
0.41
0.205
0.229
0.072
-0.003
-0.045
0.066
-0.024
-0.311
-0.434
-0.294
-0.623
-0.595
-0.506
-0.625
-0.633
-0.525
-0.405
-0.525
-0.579
-0.544
-0.628
-0.405
-0.344
-0.263
-0.289
-0.454
-0.42
-0.228
-0.242
-0.279
-0.291
-0.176
-0.16
-0.09
-0.19
-0.205
-0.179
-0.336
-0.271
-0.486
-0.682
-0.441
-0.699
-0.566
-0.416
-0.297
-0.23
-0.169
-0.297
-0.339
-0.438
-0.478
-0.427
-0.599
-0.784
-0.843
-1.012
-1.01
-0.925
-1.079
-1.196
-1.414
-1.189
-1.134
-1.094
-1.086
-1.021
-0.99
-0.897
-0.874
-0.912
-0.669
-0.509
-0.512
-0.357
-0.426
-0.525
-0.406
-0.531
-0.453
-0.369
-0.161
-0.019
-0.018
-0.085
-0.021
0.271
0.302
0.489
0.639
0.78
0.829
0.81
0.782
1.005
1.13
1.149
1.316
1.284
1.26
1.29
1.354
1.149
1.012
1.157
0.954
0.831
0.741
0.78
0.584
0.512
0.651
0.517
0.7
1.006
1.051
1.194
1.166
1.051
0.958
0.881
0.945
1.064
1.074
0.915
0.715
0.718
0.535
0.405
0.486
0.424
0.544
0.233
0.009
-0.106
-0.058
-0.09
0.01
-0.126
-0.399
-0.49
-0.333
-0.255
-0.177
-0.38
-0.383
-0.413
-0.736
-0.568
-0.584
-0.591
-0.506
-0.517
-0.589
-0.574
-0.489
-0.241
-0.305
-0.203
-0.662
-0.789
-0.839
-0.626
-0.542
-0.455
-0.409
-0.18
-0.07
-0.216
0.1
0.124
0.03
-0.003
0.174
0.279
0.289
0.443
0.288
0.302
0.269
-0.016
0.146
0.151
0.001
0.039
0.026
-0.006
0.095
0.014
-0.09
-0.244
-0.203
-0.134
-0.264
-0.318
-0.37
-0.5
-0.263
-0.319
-0.184
-0.238
-0.189
-0.194
-0.124
-0.043
-0.041
-0.033
-0.362
-0.316
-0.226
-0.264
-0.114
-0.28
-0.174
-0.456
-0.244
-0.101
-0.369
-0.15
-0.26
-0.064
0.046
0.159
0.24
0.329
0.32
0.074
0.028
0.036
0.212
0.319
0.185
0.375
0.356
0.565
0.511
0.346
0.203
-0.098
0.176
0.144
0.219
0.411
0.297
0.329
0.25
0.201
0.216
0.176
0.214
0.105
0.135
-0.015
-0.098
-0.185
-0.238
-0.184
-0.384
-0.296
-0.378
-0.126
-0.274
-0.281
-0.455
-0.271
-0.133
-0.319
-0.542
-0.458
-0.42
-0.27
-0.043
0.158
0.283
0.289
0.198
0.156
0.316
0.305
0.338
0.619
0.69
0.485
0.512
0.37
0.65
0.649
0.856
0.968
1.261
1.326
1.218
1.492
1.319
1.308
1.636
1.772
1.806
1.706
1.616
1.981
2.024
2.046
1.893
1.769
1.536
1.399
1.175
1.157
1.254
0.938
1.015
0.741
0.53
0.352
0.323
0.381
0.128
0.249
0.094
0.013
0.001
-0.083
-0.15
-0.164
-0.345
-0.385
-0.295
-0.471
-0.356
-0.299
-0.344
-0.265
-0.38
-0.193
-0.217
-0.214
-0.173
-0.04
-0.184
-0.216
-0.175
-0.124
-0.311
-0.599
-0.645
-0.547
-0.5
-0.65
-0.609
-0.646
-0.599
-0.583
-0.519
-0.638
-0.547
-0.594
-0.152
0.107
0.041
0.046
0.021
-0.119
-0.143
-0.138
-1.056
0.086
0.214
0.297
0.198
0.345
0.326
0.168
0.233
0.158
0.19
0.146
0.033
-0.238
-0.391
-0.586
-0.541
-0.537
-0.738
-0.69
-0.635
-0.566
-0.351
-0.289
-0.341
-0.033
-0.03
0.266
0.088
0.11
0.059
0.177
0.338
0.473
0.535
0.75
0.79
0.833
0.9
0.749
0.619
0.585
0.384
0.144
0.072
0.039
-0.231
-0.359
-0.399
-0.296
-0.413
-0.571
-0.406
-0.439
-0.436
-0.403
-0.492
-0.31
-0.427
-0.391
-0.234
-0.32
-0.431
-0.385
-0.439
-0.364
-0.265
-0.274
-0.263
-0.286
-0.335
-0.348
-0.284
-0.266
-0.22
0.075
0.158
0.168
0.259
0.114
0.173
0.159
0.175
0.056
-0.003
0.062
0.199
0.062
0.225
0.223
0.18
0.271
0.395
0.413
0.604
0.557
0.96
0.935
0.805
0.829
0.662
0.686
0.491
0.591
0.549
0.547
0.64
0.797
0.626
0.46
0.458
0.274
0.158
0.075
0.241
0.105
-0.035
-0.03
-0.201
-0.221
-0.426
-0.426
-0.38
-0.588
-0.489
-0.501
-0.679
-0.629
-0.455
-0.474
-0.328
-0.296
-0.281
-0.198
-0.236
-0.064
-0.004
0.126
0.226
0.084
0.134
0.098
-0.151
-0.161
-0.236
-0.339
-0.203
-0.255
0.046
-0.015
0.253
0.261
0.3
0.348
0.205
0.348
0.278
0.672
0.574
0.549
0.481
0.484
0.669
0.369
0.344
0.175
0.256
-0.031
-0.341
-0.35
-0.517
-0.336
-0.359
-0.427
-0.557
-0.417
-0.424
-0.323
-0.274
-0.17
0.14
0.074
0.306
0.072
0.056
0.065
-0.101
-0.113
-0.046
0.107
0.236
0.15
0.013
0.186
-0.019
-0.288
-0.151
-0.174
-0.284
-0.242
-0.321
-0.21
-0.372
-0.451
-0.614
-0.718
-0.876
-0.966
-0.901
-0.963
-0.941
-1.018
-0.986
-0.834
-0.665
-0.515
-0.417
-0.516
-0.453
-0.542
-0.537
-0.645
-0.598
-0.616
-0.516
-0.505
-0.539
-0.749
-0.404
-0.561
-0.329
-0.485
-0.459
-0.36
-0.468
-0.443
-0.514
-0.349
-0.15
0.133
0.225
0.239
0.246
0.326
0.354
0.177
0.306
0.292
0.249
0.02
-0.049
0.159
0.195
-0.066
0.014
0.03
-0.062
-0.054
0.085
0.156
0.453
0.399
0.393
0.311
0.578
0.78
0.784
0.659
0.642
0.745
0.766
0.72
0.855
0.888
0.944
0.821
0.76
0.831
0.739
0.631
0.824
0.849
0.811
0.797
0.74
0.599
0.349
0.321
0.25
0.03
-0.154
-0.114
-0.14
0.019
0.116
-0.049
-0.173
-0.118
-0.011
-0.105
-0.253
-0.22
-0.219
-0.147
-0.014
0.212
0.414
0.414
0.399
0.239
0.034
-0.029
-0.124
-0.32
-0.366
-0.301
-0.141
-0.266
-0.365
-0.092
-0.239
0.118
0.121
0.161
0.184
0.386
0.5
0.494
0.503
0.43
0.346
0.325
0.381
0.328
0.21
0.239
0.506
0.297
0.323
0.185
0.156
0.286
0.216
0.233
0.125
-0.01
0.006
0.044
-0.056
0.034
0.226
0.098
0.184
0.158
0.056
0.261
0.329
0.463
0.5
0.542
0.72
1.065
1.091
1.044
0.946
0.779
0.604
0.323
0.372
0.182
-0.025
0.037
0.039
0.143
0.034
0.15
0.085
0.05
-0.013
-0.054
0.18
0.094
0.16
0.105
-0.146
-0.255
-0.261
-0.324
-0.131
-0.366
-0.357
-0.283
-0.593
-0.233
-0.395
-0.674
-0.744
-0.907
-0.975
-0.92
-0.91
-0.883
-1.001
-0.989
-1.044
-0.845
-1.193
-1.075
-1.08
-1.194
-1.179
-1.167
-0.938
-1.209
-1.201
-1.184
-1.204
-1.004
-0.865
-0.81
-0.718
-0.571
-0.471
-0.356
-0.381
-0.224
-0.266
0.133
0.301
0.348
0.408
0.574
0.552
0.76
0.628
0.576
0.579
0.638
0.522
0.606
0.689
0.662
0.455
0.58
0.829
0.601
0.689
0.506
0.644
0.649
0.665
0.537
0.26
0.096
-0.037
0.08
0.536
0.414
0.485
0.468
0.51
0.706
0.749
1.031
0.897
1.181
1.22
1.203
1.499
1.201
1.127
1.113
1.084
1.121
1.09
1.09
1.054
0.924
0.931
0.869
0.979
0.879
0.95
0.924
0.713
0.443
0.453
0.479
0.606
0.686
0.735
0.861
0.619
0.67
0.514
0.32
0.27
0.365
0.371
0.318
0.352
0.316
0.445
0.346
0.278
0.0
-0.095
0.026
-0.091
-0.139
-0.135
-0.143
-0.2
0.007
0.029
-0.004
-0.098
-0.169
-0.061
-0.041
-0.125
-0.052
-0.101
0.03
0.238
0.45
0.541
0.649
0.471
0.44
0.464
0.194
0.369
0.389
0.5
0.448
0.39
0.41
0.364
0.348
0.625
0.565
0.405
0.361
0.416
0.307
0.145
0.059
0.14
0.029
0.141
-0.049
-0.144
-0.151
-0.193
0.019
0.254
0.125
0.181
0.02
-0.089
-0.006
-0.056
0.09
0.154
0.339
0.106
0.339
0.505
0.39
0.471
0.475
0.427
0.296
0.158
0.135
0.135
0.013
0.066
-0.115
0.056
-0.329
-0.003
-0.037
0.024
0.021
-0.168
-0.241
-0.15
-0.249
-0.275
-0.328
-0.491
-0.246
-0.289
-0.315
-0.38
-0.404
-0.39
-0.508
-0.413
-0.551
-0.426
-0.445
-0.366
-0.357
-0.292
-0.339
-0.304
-0.341
-0.299
-0.188
-0.47
-0.526
-0.586
-0.784
-0.794
-1.038
-1.046
-1.081
-1.004
-0.938
-0.978
-0.914
-0.954
-0.736
-0.689
-0.726
-0.708
-0.684
-0.631
-0.652
-0.781
-0.58
-0.41
-0.238
-0.109
0.003
-0.071
-0.09
-0.024
0.055
-0.054
-0.086
0.158
0.124
-0.075
-0.074
-0.076
-0.089
-0.077
-0.24
-0.209
-0.109
-0.166
-0.024
0.1
-0.024
0.212
0.114
0.015
-0.004
0.006
0.09
0.07
0.28
0.285
0.302
0.3
0.37
0.495
0.562
0.481
0.506
0.63
0.754
0.966
0.821
0.791
0.839
0.758
0.848
0.859
0.796
0.739
0.674
0.652
0.764
0.474
0.438
0.581
0.667
0.516
0.759
0.701
0.583
0.66
0.657
0.95
1.008
0.86
0.964
0.787
0.709
0.711
0.575
0.564
0.515
0.551
0.393
0.369
0.41
0.511
0.583
0.549
0.375
0.242
0.159
0.269
0.311
0.375
0.223
0.384
0.17
0.294
0.406
0.351
0.321
0.17
0.186
0.209
0.151
-0.061
-0.143
-0.141
-0.299
-0.266
-0.219
-0.247
-0.109
-0.02
0.035
-0.122
-0.02
0.004
-0.026
0.151
0.077
0.179
0.128
0.129
0.126
0.01
-0.003
-0.076
-0.144
0.071
-0.069
0.039
-0.113
0.06
-0.17
-0.225
-0.114
-0.062
0.071
0.029
-0.056
-0.109
0.152
0.152
0.175
0.312
0.299
0.511
0.629
0.765
0.855
0.904
0.869
0.912
0.953
0.901
0.849
0.915
0.979
0.904
0.728
0.739
0.605
0.642
0.641
0.57
0.576
0.541
0.426
0.383
0.339
0.474
0.654
0.474
0.319
0.145
0.116
-0.083
-0.331
-0.471
-0.71
-0.7
-0.859
-1.089
-1.011
-1.279
-1.42
-1.25
-1.426
-1.521
-1.919
-2.024
-2.23
-2.189
-2.114
-1.978
-1.811
-1.636
-1.3
-0.979
-1.121
-0.87
-0.996
-0.745
-0.526
-0.496
-0.235
-0.284
0.056
0.219
0.28
0.273
0.324
0.107
0.011
-0.072
0.026
0.223
0.076
0.021
0.083
0.23
-0.024
-0.111
-0.228
-0.208
-0.231
-0.121
0.106
0.044
-0.034
0.165
0.113
-0.074
0.055
0.095
0.149
0.155
0.043
0.155
0.216
0.05
0.201
0.131
0.291
0.291
0.147
0.315
0.269
0.475
0.58
0.573
0.534
0.425
0.537
0.505
0.44
0.526
0.375
0.54
0.309
0.182
-0.03
-0.244
-0.438
-0.562
-0.45
-0.629
-0.844
-0.927
-0.981
-1.042
-1.002
-1.052
-1.176
-1.211
-1.009
-1.26
-0.959
-1.005
-0.753
-0.445
-0.374
-0.184
-0.285
-0.089
0.045
-0.005
0.072
0.024
0.099
0.11
0.064
0.191
0.274
0.37
0.251
0.331
0.158
0.147
0.1
0.046
0.001
0.159
0.086
0.186
0.077
0.164
0.165
0.27
0.399
0.173
0.203
0.265
0.242
0.034
0.029
0.028
-0.1
-0.095
-0.089
-0.134
0.045
0.121
0.099
0.14
0.119
-0.054
-0.014
0.061
0.125
-0.022
0.301
0.1
0.179
0.307
0.136
0.113
-0.041
0.206
0.335
0.384
0.323
0.266
0.212
0.321
0.185
0.216
0.23
0.401
0.163
0.468
0.48
0.427
0.611
0.49
0.361
0.072
0.134
0.099
0.107
-0.084
0.086
0.015
-0.056
-0.339
-0.334
-0.158
-0.3
-0.379
-0.23
-0.259
-0.411
-0.395
-0.23
-0.156
0.025
0.194
0.22
0.177
-0.015
0.335
0.316
0.4
0.427
0.36
0.505
0.539
0.56
0.41
0.489
0.478
0.508
0.626
0.566
0.481
0.241
0.263
0.343
-0.03
-0.081
-0.325
-0.251
-0.256
-0.289
-0.297
-0.273
-0.254
-0.559
-0.35
-0.235
-0.18
-0.035
0.076
0.101
-0.071
-0.034
-0.114
-0.278
-0.36
-0.65
-0.623
-0.58
-0.229
-0.492
-0.519
-0.404
-0.39
-0.018
-0.08
0.147
0.161
0.246
0.064
0.14
0.276
0.324
0.495
0.343
0.43
0.506
0.51
0.675
0.609
0.649
0.545
0.574
0.574
0.846
0.828
0.761
0.651
0.492
0.589
0.401
0.271
0.324
0.386
0.336
0.259
0.103
0.064
0.191
0.134
0.036
-0.16
0.104
0.034
-0.155
-0.278
-0.486
-0.499
-0.465
-0.552
-0.599
-0.569
-0.47
-0.434
-0.29
-0.557
-0.576
-0.415
-0.389
-0.289
-0.485
-0.395
-0.184
-0.134
-0.088
0.04
0.182
0.134
0.264
0.357
0.404
0.375
0.254
0.348
0.301
0.474
0.575
0.633
0.7
0.566
0.55
0.325
0.37
0.295
0.343
0.33
0.445
0.439
0.542
0.669
0.593
0.514
0.443
0.55
0.609
0.552
0.478
0.489
0.456
0.537
0.484
0.527
0.413
0.421
0.473
0.376
0.443
0.331
0.236
0.309
0.427
0.48
0.338
0.524
0.71
0.84
0.96
1.17
1.155
1.344
1.231
1.146
1.06
1.109
1.114
0.968
1.216
1.294
1.266
1.329
1.289
1.395
1.2
1.229
1.209
1.166
1.275
1.294
1.344
1.376
1.338
1.174
1.151
0.97
0.539
0.517
0.4
0.205
0.177
0.095
-0.009
-0.011
-0.14
-0.229
-0.17
-0.177
-0.113
-0.254
-0.223
-0.134
-0.156
-0.184
-0.19
-0.133
-0.121
-0.225
-0.031
-0.098
-0.001
-0.158
-0.211
-0.399
-0.405
-0.585
-0.546
-0.547
-0.399
-0.435
-0.143
-0.039
0.072
0.003
-0.086
0.028
0.095
0.084
0.05
0.091
0.11
0.141
0.118
0.024
-0.006
0.12
0.095
-0.104
-0.094
-0.203
-0.019
-0.184
-0.154
-0.215
-0.487
-0.511
-0.44
-0.393
-0.449
-0.559
-0.565
-0.82
-0.655
-0.601
-0.408
-0.408
-0.389
-0.547
-0.561
-0.4
-0.253
-0.305
-0.361
-0.276
-0.301
-0.374
-0.323
-0.331
-0.273
-0.146
-0.417
-0.324
-0.371
-0.12
-0.263
-0.459
-0.305
-0.576
-0.393
-0.316
-0.505
-0.475
-0.649
-0.82
-0.831
-1.014
-1.018
-1.104
-1.21
-1.078
-1.19
-1.176
-1.359
-1.601
-1.688
-1.714
-1.595
-1.453
-1.346
-1.191
-0.932
-0.856
-0.896
-0.661
-0.834
-0.718
-0.681
-0.562
-0.429
-0.466
-0.281
-0.184
0.021
0.223
0.383
0.354
0.384
0.361
0.374
0.348
0.5
0.439
0.596
0.67
0.655
0.838
0.812
0.998
0.996
1.001
0.921
0.92
0.946
0.794
0.641
0.618
0.464
0.541
0.56
0.515
0.556
0.63
0.512
0.777
0.598
0.669
0.695
0.864
0.765
0.812
0.902
0.948
0.969
1.097
1.259
1.11
1.107
1.134
1.097
1.344
1.133
1.1
0.91
0.889
0.716
0.624
0.89
0.901
0.961
0.976
0.955
1.046
0.866
0.576
0.512
0.45
0.247
0.211
0.061
-0.125
-0.17
-0.269
-0.301
-0.494
-0.216
-0.184
-0.356
-0.401
-0.288
-0.465
-0.559
-0.599
-0.682
-0.59
-0.754
-0.71
-0.792
-0.831
-0.799
-0.789
-0.674
-0.715
-0.741
-0.753
-0.689
-0.824
-0.864
-0.944
-0.926
-0.784
-0.792
-0.777
-0.711
-0.586
-0.388
-0.376
-0.499
-0.53
-0.512
-0.404
-0.334
-0.289
-0.193
-0.056
-0.128
0.079
-0.059
-0.077
-0.239
-0.276
-0.13
-0.022
-0.041
-0.263
-0.22
-0.096
-0.39
-0.366
-0.46
-0.302
-0.459
-0.386
-0.466
-0.511
-0.388
-0.463
-0.394
-0.314
-0.422
-0.296
-0.336
-0.304
-0.161
-0.061
0.007
0.116
0.199
0.223
0.247
0.36
0.404
0.559
0.464
0.454
0.421
0.593
0.517
0.464
0.247
0.294
0.289
0.269
0.378
0.2
0.198
0.061
-0.049
-0.056
0.089
0.021
0.119
0.247
0.14
0.131
0.054
-0.255
-0.376
-0.46
-0.405
-0.647
-0.738
-0.647
-0.74
-0.706
-0.645
-0.623
-0.598
-0.501
-0.542
-0.608
-0.494
-0.609
-0.765
-0.763
-0.666
-0.76
-0.453
-0.421
-0.393
-0.152
-0.046
-0.052
-0.288
-0.291
-0.26
-0.311
-0.376
-0.383
-0.355
-0.294
-0.254
-0.179
-0.25
-0.205
-0.221
-0.221
-0.158
-0.216
-0.276
-0.434
-0.336
-0.195
-0.302
-0.335
-0.049
-0.196
-0.355
-0.381
-0.403
-0.385
-0.443
-0.473
-0.391
-0.398
-0.247
-0.448
-0.396
-0.505
-0.674
-0.411
-0.566
-0.693
-0.672
-0.821
-0.713
-0.715
-0.561
-0.512
-0.426
-0.429
-0.335
-0.296
-0.341
-0.136
-0.18
-0.251
-0.163
-0.037
-0.233
-0.346
-0.338
-0.421
-0.409
-0.556
-0.391
-0.446
-0.459
-0.236
-0.238
-0.414
-0.487
-0.556
-0.489
-0.62
-0.5
-0.264
-0.339
-0.21
-0.051
-0.095
0.058
0.009
0.13
0.161
0.251
0.176
0.196
0.371
0.431
0.726
0.885
1.031
0.879
0.766
0.751
0.841
0.708
0.541
0.569
0.52
0.701
0.821
0.886
0.907
0.969
0.945
1.011
0.775
0.836
0.718
0.818
0.861
0.94
0.948
1.041
0.976
0.819
0.708
0.621
0.573
0.551
0.696
0.576
0.299
0.448
0.389
0.259
0.36
0.453
0.535
0.525
0.626
0.569
0.444
0.515
0.275
0.556
0.316
0.271
0.069
0.033
0.034
-0.018
0.005
0.001
0.276
0.136
0.143
0.151
0.135
0.251
0.121
0.115
0.011
-0.101
-0.085
-0.141
-0.107
-0.233
-0.253
-0.309
-0.338
-0.256
-0.215
-0.194
-0.321
-0.286
-0.422
-0.532
-0.588
-0.771
-0.794
-0.845
-1.097
-0.959
-1.03
-1.28
-1.165
-1.281
-1.383
-1.194
-1.104
-1.048
-0.926
-0.906
-0.815
-0.756
-0.805
-0.954
-0.854
-0.83
-0.761
-0.724
-0.555
-0.405
-0.281
-0.174
-0.014
0.196
0.318
0.396
-10.336
0.693
0.845
0.911
1.064
1.1
1.261
1.299
1.25
1.453
1.515
1.439
1.468
1.386
1.539
1.593
1.461
1.454
1.311
1.29
1.184
0.984
0.76
0.821
0.792
0.694
0.564
0.456
0.359
0.15
0.201
0.06
-0.083
-0.061
-0.085
-0.003
0.029
-0.028
-0.043
-0.121
0.019
0.103
0.198
0.022
-0.111
-0.239
-0.146
-0.299
-0.284
-0.444
-0.562
-0.367
-0.72
-0.77
-0.869
-0.694
-0.716
-0.641
-0.639
-0.608
-0.574
-0.541
-0.344
-0.468
-0.42
-0.468
-0.487
-0.562
-0.453
-0.695
-0.644
-0.685
-0.839
-0.624
-0.583
-0.549
-0.45
-0.379
-0.286
-0.273
-0.195
-0.122
-0.242
-0.091
-0.134
0.01
0.164
0.092
0.19
0.09
0.195
0.305
0.359
0.532
0.36
0.249
0.045
0.194
0.147
0.146
0.079
0.088
0.045
0.014
0.175
0.106
0.279
0.341
0.14
0.249
0.149
0.14
0.134
0.253
0.106
0.118
0.223
0.179
0.051
-0.039
-0.125
-0.016
-0.195
0.143
-0.12
-0.246
-0.211
-0.189
-0.059
-0.154
-0.21
-0.129
-0.164
-0.135
-0.169
0.03
0.149
0.307
0.193
0.319
0.393
0.449
0.545
0.626
0.699
0.721
0.704
0.609
0.526
0.686
0.516
0.596
0.615
0.526
0.614
0.646
0.642
0.601
0.733
0.59
0.525
0.453
0.375
0.393
0.417
0.151
0.186
0.029
0.052
0.034
-0.019
0.083
-0.05
0.143
-0.141
-0.199
-0.152
-0.115
0.03
-0.036
-0.077
0.064
-0.004
0.039
0.031
0.185
0.264
0.24
0.211
0.199
0.24
0.219
0.212
0.343
0.359
0.273
0.224
0.284
0.229
0.188
0.098
0.02
0.041
-0.081
-0.05
-0.072
-0.071
-0.279
-0.291
-0.334
-0.156
0.088
0.116
0.114
0.111
0.08
-0.064
-0.033
0.058
0.21
0.152
0.138
0.041
0.189
0.084
-0.05
-0.19
-0.158
-0.185
-0.25
-0.306
-0.366
-0.271
-0.351
-0.453
-0.456
-0.335
-0.25
-0.236
-0.175
-0.236
-0.095
-0.212
-0.113
-0.019
0.015
0.025
0.031
0.255
0.266
0.343
0.511
0.504
0.698
0.682
0.786
0.914
0.82
0.841
0.864
0.8
0.67
0.705
0.566
0.595
0.693
0.685
0.784
0.768
0.689
0.693
0.754
0.633
0.876
0.638
0.492
0.588
0.545
0.571
0.514
0.274
0.174
-0.015
-0.024
0.074
0.144
0.154
0.3
0.371
0.439
0.357
0.449
0.713
0.74
0.888
0.874
1.097
1.025
1.091
1.133
1.005
1.015
1.075
1.069
0.95
0.79
0.631
0.652
0.585
0.51
0.174
0.159
0.115
-0.103
-0.135
-0.326
-0.374
-0.474
-0.606
-0.646
-0.62
-0.659
-0.826
-0.885
-0.866
-1.029
-1.049
-1.019
-1.015
-1.109
-1.141
-1.167
-1.201
-1.3
-1.346
-1.363
-1.245
-1.397
-1.185
-1.0
-1.024
-0.811
-0.851
-0.661
-0.594
-0.566
-0.576
-0.505
-0.36
-0.384
-0.268
-0.113
0.003
0.011
0.138
-0.033
0.07
0.154
0.278
0.37
0.478
0.478
0.545
0.574
0.545
0.376
0.254
0.344
0.193
0.169
0.12
0.022
-0.122
0.029
-0.094
-0.268
-0.266
-0.075
-0.064
-0.175
-0.098
-0.026
-0.011
-0.055
0.059
0.107
0.049
-0.039
-0.1
-0.118
-0.261
-0.158
-0.062
-0.029
0.136
-0.013
-0.081
-0.077
-0.051
-0.052
-0.221
-0.186
-0.212
-0.203
-0.333
-0.463
-0.459
-0.289
-0.351
-0.408
-0.566
-0.527
-0.552
-0.481
-0.346
-0.223
-0.269
-0.209
-0.177
-0.147
-0.161
-0.124
-0.147
-0.242
-0.025
-0.138
0.015
-0.052
-0.061
0.024
-0.126
0.037
0.143
0.144
0.061
0.091
0.13
0.234
0.306
0.286
0.312
0.461
0.448
0.561
0.654
0.647
0.713
0.743
0.85
0.811
0.912
0.874
0.99
0.875
0.975
0.929
0.906
0.843
0.87
0.849
0.809
0.684
0.667
0.723
0.578
0.42
0.396
0.434
0.319
0.318
0.216
0.275
0.27
0.591
0.601
0.544
0.623
0.628
0.618
0.44
0.575
0.629
0.486
0.365
0.375
0.271
0.135
0.254
0.155
0.124
0.116
0.154
0.215
0.23
0.139
0.131
0.144
0.236
0.309
0.32
0.275
0.258
0.184
0.201
0.138
0.184
0.025
0.029
0.08
0.145
0.189
0.177
0.233
0.203
0.254
0.312
0.188
0.125
0.091
0.135
0.049
0.101
0.003
0.104
0.059
-0.124
-0.061
-0.168
-0.163
-0.208
-0.129
-0.135
-0.119
-0.128
-0.191
-0.17
-0.129
0.024
0.16
0.166
0.106
0.166
0.186
0.241
0.325
0.189
0.138
0.242
0.188
0.375
0.335
