0.953
0.81
0.825
0.874
0.578
0.728
0.814
0.725
0.685
0.47
0.534
0.349
0.114
0.08
-0.092
0.014
0.138
0.024
0.043
-0.181
-0.241
-0.385
-0.665
-0.568
-0.677
-0.758
-0.809
-0.964
-0.82
-0.863
-1.024
-0.802
-1.036
-1.032
-1.065
-0.883
-0.955
-1.181
-1.124
-0.846
-0.675
-0.521
-0.514
-0.244
-0.356
-0.465
-0.551
-0.456
-0.281
0.011
0.111
0.198
0.221
0.174
0.119
0.302
0.189
0.092
0.233
0.315
0.711
0.723
0.883
1.144
1.095
1.105
1.125
1.394
1.3
1.38
1.451
1.323
1.25
1.091
1.353
1.367
1.376
1.205
1.048
1.139
1.245
1.219
1.06
1.05
0.861
0.854
0.755
0.684
0.618
0.325
0.409
0.198
0.23
0.292
0.352
0.278
0.074
0.05
0.021
0.107
-0.054
-0.165
-0.116
-0.114
-0.104
-0.143
-0.06
-0.006
-0.101
-0.138
-0.234
-0.384
-0.405
-0.435
-0.453
-0.318
-0.547
-0.579
-0.669
-0.593
-0.661
-0.686
-0.758
-0.566
-0.569
-0.645
-0.531
-0.721
-0.586
-0.75
-0.524
-0.305
-0.615
-0.569
-0.413
-0.39
-0.321
-0.372
-0.264
-0.306
-0.398
-0.351
-0.128
-0.026
0.12
0.119
0.326
0.39
0.51
0.495
0.408
0.354
0.359
0.465
0.654
0.685
0.542
0.679
0.662
0.716
0.789
0.809
0.97
1.079
1.183
1.334
1.328
1.414
1.248
1.301
1.302
1.511
1.476
1.661
1.496
1.282
1.075
0.825
0.698
0.846
0.829
0.844
0.561
0.555
0.525
0.326
0.344
0.182
0.275
-0.046
-0.145
-0.185
-0.16
-0.179
-0.234
-0.171
-0.113
-0.155
-0.15
-0.013
-0.046
-0.145
-0.215
0.103
-0.039
-0.12
-0.006
-0.238
-0.025
-0.284
-0.39
-0.595
-0.763
-0.656
-0.463
-0.649
-0.615
-0.684
-0.733
-0.738
-0.638
-0.647
-0.545
-0.633
-0.826
-0.785
-0.745
-0.774
-0.885
-1.038
-0.835
-0.494
-0.836
-0.851
-0.958
-0.74
-0.839
-1.016
-1.115
-1.094
-1.012
-0.834
-0.954
-0.58
-0.774
-0.696
-0.816
-0.983
-0.654
-0.585
-0.431
-0.331
-0.14
-0.071
0.019
0.198
0.185
0.266
0.35
0.413
0.331
0.306
0.566
0.357
0.584
0.509
0.787
0.725
0.574
0.719
0.723
0.625
0.703
0.753
0.565
0.424
0.234
0.231
0.361
0.556
0.728
0.818
0.676
0.595
0.591
0.478
0.478
0.331
0.378
0.469
0.319
0.176
0.209
0.234
0.116
0.079
0.044
-0.092
-0.037
0.09
0.151
0.26
0.228
0.367
0.264
0.143
0.143
0.231
0.238
0.069
0.013
-0.019
-0.195
-0.278
-0.351
-0.378
-0.393
-0.52
-0.479
-0.435
-0.469
-0.506
-0.361
-0.464
-0.497
-0.505
-0.588
-0.522
-0.371
-0.329
-0.284
0.044
-0.239
-0.152
-0.106
-0.145
-0.058
-0.121
-0.062
-0.136
-0.155
-0.045
0.168
0.456
0.391
0.545
0.48
0.64
0.682
0.838
0.95
0.818
1.016
0.971
1.236
1.03
1.114
1.261
1.121
1.354
1.331
1.335
1.403
1.376
1.328
1.167
1.155
1.075
1.117
1.002
0.598
0.704
0.667
0.831
0.801
0.644
0.68
0.42
0.306
0.311
0.448
0.18
-0.23
-0.081
-0.05
-0.188
-0.17
-0.306
-0.399
-0.432
-0.566
-0.784
-0.919
-0.777
-0.885
-1.085
-1.036
-0.849
-0.87
-0.931
-0.96
-0.901
-1.124
-1.069
-1.139
-1.164
-0.878
-0.845
-0.696
-0.47
-0.52
-0.59
-0.455
-0.556
-0.211
-0.181
-0.072
-0.14
-0.028
0.194
0.265
0.386
0.319
0.305
0.378
0.195
-0.062
-0.419
-0.511
-0.604
-0.526
-0.364
-0.456
-0.579
-0.2
-0.199
-0.215
-0.334
-0.185
-0.23
-0.352
-0.309
-0.474
-0.246
-0.614
-0.584
-0.541
-0.552
-0.691
-0.559
-0.593
-0.685
-0.9
-0.765
-0.764
-0.743
-0.665
-0.473
-0.517
-0.401
-0.521
-0.55
-0.532
-0.424
-0.24
-0.24
-0.133
0.09
-0.028
-0.229
-0.024
-0.035
-0.239
-0.411
-0.321
-0.233
0.074
0.185
0.173
0.372
0.18
0.225
0.116
0.069
0.199
0.049
0.104
-0.003
0.198
0.416
0.33
0.49
0.47
0.537
0.546
0.578
0.868
0.677
0.795
0.753
0.866
0.915
0.956
1.1
1.319
1.271
1.23
1.16
0.968
1.061
1.117
0.974
0.968
0.969
0.865
0.878
0.741
0.576
0.585
0.557
0.379
0.334
0.362
0.273
0.249
0.136
0.11
0.146
0.051
-0.046
-0.122
0.124
-0.098
-0.081
0.139
0.118
0.13
0.181
0.145
0.001
0.026
0.051
0.05
0.107
0.092
0.122
0.133
0.113
0.103
0.085
0.086
-0.013
-0.055
-0.122
-0.072
-0.071
-0.05
-0.193
-0.098
-0.14
-0.14
0.004
-0.199
-0.124
0.335
0.275
0.264
0.105
0.185
0.136
0.109
0.083
0.163
0.261
0.315
0.351
0.3
0.251
0.19
0.118
-0.116
0.025
-0.434
-0.451
-0.438
-0.588
-0.736
-0.63
-0.541
-0.554
-0.625
-0.615
-0.539
-0.473
-0.729
-0.596
-0.436
-0.549
-0.696
-0.711
-0.691
-0.69
-0.839
-0.744
-0.834
-0.801
-0.869
-0.596
-0.455
-0.315
-0.375
-0.269
-0.323
-0.338
-0.286
-0.233
-0.266
-0.219
0.043
0.143
0.176
0.281
0.236
0.174
0.051
-0.211
-0.029
-0.122
-0.28
-0.144
-0.133
-0.074
-0.01
-0.092
-0.083
-0.088
0.075
0.091
-0.126
-0.059
-0.02
-0.045
-0.079
-0.208
0.165
0.173
0.22
0.43
0.349
0.625
0.469
0.531
0.39
0.388
0.396
0.393
0.524
0.383
0.432
0.675
0.62
0.482
0.501
0.966
1.195
1.21
1.255
1.213
1.229
1.186
1.06
1.018
1.1
0.999
1.154
1.157
0.94
0.614
0.499
0.568
0.735
0.571
0.53
0.474
0.212
0.189
0.146
-0.118
-0.16
-0.224
-0.144
-0.171
-0.104
-0.152
-0.101
0.092
0.271
0.3
0.099
0.088
0.05
0.034
0.124
0.391
0.44
0.357
0.297
0.527
0.552
0.696
0.491
0.398
0.233
0.166
0.02
-0.188
-0.189
-0.2
-0.04
-0.061
-0.113
-0.161
-0.165
-0.21
-0.215
-0.305
-0.176
-0.296
-0.379
-0.608
-0.833
-0.711
-0.834
-0.768
-0.641
-0.81
-0.581
-0.446
-0.274
-0.171
-0.041
0.034
0.209
0.092
0.138
0.214
0.281
0.556
0.585
0.83
0.879
0.922
0.754
0.893
0.924
0.959
0.986
1.104
1.316
1.248
1.035
1.018
1.034
1.191
1.279
1.045
1.045
1.051
1.094
1.044
1.195
1.18
1.32
1.559
1.661
1.481
1.443
1.335
1.321
1.094
0.821
1.012
0.48
0.395
0.645
0.661
0.644
0.934
0.86
0.78
0.708
0.389
0.512
0.384
0.512
0.818
0.845
0.864
0.768
0.405
0.251
0.159
0.08
0.189
0.135
-0.059
0.034
-0.126
-0.15
-0.215
-0.39
-0.529
-0.525
-0.501
-0.76
-0.866
-0.866
-1.026
-1.084
-1.153
-1.094
-0.84
-0.911
-0.839
-0.644
-0.741
-0.714
-0.816
-1.032
-0.99
-0.833
-0.654
-0.736
-0.802
-0.919
-0.881
-0.945
-1.094
-0.951
-0.693
-0.666
-0.905
-0.774
-1.025
-0.89
-0.64
-0.506
-0.454
-0.31
-0.274
-0.189
-0.06
0.105
0.209
0.302
0.394
0.455
0.758
0.489
0.482
0.509
0.403
0.485
0.599
0.614
0.579
0.681
0.912
0.766
0.716
0.644
0.652
0.709
0.836
0.94
0.995
0.954
1.005
1.012
1.061
0.859
1.048
0.71
0.616
0.544
0.436
0.24
0.156
-0.119
0.07
-0.013
-0.155
-0.135
-0.2
-0.182
-0.304
-0.393
-0.411
-0.61
-0.512
-0.656
-0.594
-0.777
-0.674
-0.431
-0.461
-0.139
0.022
0.007
-0.357
-0.356
-0.449
-0.109
0.037
0.076
0.06
-0.085
-0.424
-0.517
-0.491
-0.294
-0.256
-0.02
0.033
0.028
-0.022
-0.084
-0.001
-0.105
-0.456
-0.649
-0.685
-0.897
-1.054
-1.289
-1.201
-1.163
-1.115
-0.895
-0.756
-0.593
-0.264
-0.188
-0.105
0.028
0.07
0.184
0.366
0.417
0.614
0.628
0.866
0.946
0.881
1.064
1.196
0.998
1.121
1.06
0.96
1.024
0.594
0.807
0.534
0.73
0.596
0.417
0.33
0.294
0.474
0.557
0.468
0.584
0.531
0.432
0.385
0.22
0.241
0.022
-0.026
-0.225
0.104
0.07
0.158
0.234
0.385
0.268
0.165
0.325
0.091
-0.036
-0.006
0.058
0.034
-0.039
-0.438
-0.415
-0.527
-0.854
-0.826
-1.002
-0.944
-1.21
-1.239
-1.096
-0.935
-0.775
-0.728
-0.681
-0.96
-0.974
-0.974
-0.916
-0.739
-0.721
-0.614
-0.522
-0.299
-0.205
-0.031
-0.145
-0.174
-0.193
-0.247
-0.274
-0.196
-0.394
-0.512
-0.565
-0.521
-0.562
-0.289
-0.302
-0.47
-0.401
-0.274
-0.474
-0.522
-0.519
-0.439
-0.588
-0.725
-0.851
-0.761
-0.806
-0.807
-0.776
-0.689
-0.549
-0.526
-0.525
-0.846
-0.984
-0.985
-1.205
-1.139
-1.145
-0.954
-0.704
-0.559
-0.547
-0.606
-0.379
-0.155
0.014
0.035
0.055
0.043
0.184
0.056
0.025
0.228
0.189
0.225
0.052
0.212
0.448
0.716
0.652
0.608
0.566
0.451
0.163
0.221
0.176
0.181
0.345
0.335
0.189
0.039
0.188
0.245
0.351
0.422
0.291
0.169
0.307
0.02
0.188
0.23
0.152
0.459
0.307
0.297
0.239
0.228
0.258
0.125
0.081
0.256
0.174
0.2
0.417
0.305
0.061
0.206
0.015
-0.024
-0.154
-0.369
-0.401
-0.045
-0.026
0.094
-0.041
0.059
-0.061
-0.099
-0.182
-0.304
-0.414
-0.314
-0.497
-0.591
-0.449
-0.365
-0.454
-0.38
-0.451
-0.454
-0.351
-0.505
-0.67
-0.504
-0.614
-0.716
-0.894
-0.958
-0.984
-0.907
-0.812
-0.831
-0.886
-0.845
-0.631
-0.534
-0.679
-0.708
-0.814
-0.693
-0.609
-0.647
-0.5
-0.349
0.125
0.104
0.259
0.345
0.226
0.173
0.212
0.1
0.289
0.384
0.486
0.367
0.434
0.542
0.706
0.671
0.716
0.733
0.47
0.445
0.304
0.118
0.085
0.154
0.312
0.556
0.682
0.386
0.323
0.3
0.45
0.311
0.283
0.296
0.395
0.444
0.512
0.448
0.35
0.512
0.482
0.408
0.275
0.5
0.482
0.304
0.264
0.171
0.208
0.179
0.316
0.411
0.466
0.359
0.268
0.2
-0.075
0.138
0.031
0.061
0.163
0.215
0.174
0.341
0.413
0.351
0.291
0.424
0.189
0.26
0.516
0.532
0.525
0.286
0.598
0.338
0.255
0.339
0.475
0.58
0.42
0.586
0.42
0.599
0.438
0.486
0.33
0.314
0.016
-0.011
0.01
-0.122
-0.09
-0.226
-0.291
-0.406
-0.458
-0.593
-0.811
-0.769
-0.698
-0.92
-0.93
-0.868
-0.636
-0.72
-0.621
-0.579
-0.738
-0.626
-0.784
-0.78
-0.821
-0.765
-0.685
-0.766
-0.784
-0.395
-0.546
-0.569
-0.463
-0.376
-0.092
0.041
0.124
0.113
0.141
0.03
0.064
0.372
0.075
0.401
0.485
0.344
0.209
0.139
0.269
0.118
0.215
0.359
0.478
0.385
0.552
0.578
0.715
0.679
0.72
0.665
0.931
1.049
1.381
1.45
1.354
1.141
1.252
1.206
1.255
1.236
1.431
1.584
1.393
1.278
1.335
1.032
1.117
1.213
1.343
1.453
1.351
1.312
1.347
1.232
1.064
1.059
0.816
0.599
0.37
0.116
-0.074
0.07
0.007
0.059
0.059
0.214
0.05
0.14
0.177
-0.006
-0.054
0.031
-0.004
-0.279
-0.378
-0.163
-0.084
0.059
-0.16
0.159
-0.026
0.335
0.254
0.072
0.092
0.16
0.307
0.374
0.113
-0.21
0.062
-0.141
0.2
0.13
0.034
0.095
0.215
0.174
0.116
0.504
0.37
0.405
0.168
0.098
0.177
0.069
-0.009
-0.081
-0.054
0.144
0.14
0.225
0.051
0.044
0.1
0.118
0.149
0.196
0.288
0.361
0.273
0.35
0.568
0.639
0.589
0.684
0.561
0.524
0.359
0.439
0.514
0.279
0.413
0.339
0.171
-0.071
-0.083
-0.126
-0.083
-0.216
-0.465
-0.741
-0.789
-1.061
-1.021
-1.109
-1.059
-1.018
-1.012
-0.886
-1.222
-0.998
-1.209
-1.097
-1.22
-1.111
-1.093
-1.123
-0.971
-1.056
-0.82
-0.779
-0.383
-0.489
-0.448
-0.285
-0.344
-0.32
-0.461
-0.219
-0.239
0.034
0.174
0.333
0.417
0.536
0.542
0.421
0.28
0.352
0.188
0.43
0.565
0.595
0.689
0.551
0.682
0.93
0.878
0.624
0.714
0.844
0.941
1.07
1.022
1.008
0.996
0.751
0.42
0.676
0.51
0.676
0.54
0.281
0.113
-0.065
-0.07
-0.035
0.143
0.061
0.128
0.118
-0.475
-0.53
-0.664
-0.494
-0.348
-0.296
-0.349
-0.321
-0.406
-0.426
-0.636
-0.614
-0.649
-0.68
-0.733
-0.649
-0.738
-0.614
-0.556
-0.497
-0.65
-0.647
-0.855
-0.777
-0.721
-0.625
-0.247
-0.168
0.036
0.169
0.056
0.046
0.034
0.045
0.151
0.046
-0.033
0.143
-0.085
0.035
-0.036
-0.211
-0.275
-0.126
-0.203
-0.215
-0.194
-0.113
-0.114
-0.077
-0.09
0.02
0.165
0.079
0.116
0.086
0.111
0.269
0.171
0.151
0.242
0.331
0.509
0.616
0.6
0.479
0.74
0.782
0.61
0.547
0.84
0.656
0.924
0.871
0.935
0.825
0.874
0.929
0.924
0.729
0.417
0.236
0.034
0.103
0.195
0.194
0.013
0.494
0.331
0.325
0.315
0.309
0.324
0.114
0.151
0.181
0.124
-0.18
-0.099
-0.18
-0.19
-0.224
-0.208
-0.156
-0.126
-0.044
-0.122
-0.244
-0.125
-0.095
0.164
0.029
0.045
-0.362
-0.521
-0.68
-1.246
-1.171
-0.969
-0.902
-0.801
-0.741
-0.809
-1.006
-1.085
-1.123
-1.04
-0.888
-0.688
-0.328
0.098
-0.06
-0.194
-0.236
-0.103
-0.126
-0.461
-0.291
-0.64
-0.504
-0.305
0.084
0.439
0.743
0.743
0.956
0.938
0.996
1.221
1.425
1.205
0.874
0.675
0.638
0.651
0.836
0.988
0.96
0.961
0.94
1.036
1.144
0.99
1.199
1.373
1.374
1.151
0.91
0.743
0.635
0.78
0.706
1.079
1.079
1.133
1.018
0.985
1.009
0.902
0.791
0.823
0.436
0.38
0.072
0.041
0.001
0.094
0.296
0.154
0.269
0.389
0.471
0.333
0.115
0.099
0.141
-0.075
-0.048
0.04
-0.077
-0.066
-0.299
-0.259
-0.128
-0.307
-0.365
-0.464
-0.574
-0.591
-0.463
-0.336
-0.46
-0.491
-0.515
-0.556
-0.491
-0.566
-0.55
-0.576
-0.646
-0.769
-0.689
-0.542
-0.517
-0.28
-0.179
-0.079
0.193
0.344
0.114
0.361
0.552
0.474
0.54
0.374
0.449
0.17
0.229
0.064
0.333
0.369
0.649
0.927
1.071
0.976
1.015
0.958
0.936
0.943
1.004
1.018
1.038
0.93
0.927
0.96
0.809
0.647
0.367
0.321
0.031
-0.003
-0.031
-0.164
-0.058
-0.42
-0.229
-0.061
-0.105
-0.2
-0.41
-0.039
0.045
0.03
0.398
0.568
0.116
-0.191
-0.425
-0.578
-0.3
-0.372
-0.458
-0.283
-0.388
-0.431
-0.667
-0.781
-0.351
-0.626
-0.545
-0.588
-0.415
-0.67
-0.694
-0.603
-0.361
-0.226
-0.174
-0.26
-0.056
0.001
0.041
0.168
0.05
0.098
0.168
-0.06
-0.11
-0.174
-0.069
-0.161
0.019
-0.083
-0.086
-0.229
-0.355
-0.356
-0.165
-0.03
-0.025
-0.129
-0.314
-0.346
-0.379
-0.536
-0.656
-0.662
-0.729
-0.606
-0.638
-0.73
-0.775
-0.704
-0.906
-0.876
-0.906
-0.951
-0.818
-1.149
-1.15
-0.984
-0.93
-0.756
-0.784
-0.739
-0.768
-0.705
-0.67
-0.549
-0.296
-0.253
-0.081
-0.299
0.004
-0.107
-0.12
-0.186
-0.154
0.026
0.083
0.198
0.211
0.359
0.55
0.379
0.614
0.527
0.655
0.688
0.728
0.971
1.073
0.994
0.774
0.733
0.794
0.935
1.151
1.248
1.134
0.954
0.693
0.628
0.471
0.273
0.255
0.11
0.456
0.299
0.398
0.434
0.318
0.444
0.352
0.022
0.049
0.147
0.161
0.312
0.165
0.238
0.335
0.56
0.514
0.52
0.398
0.459
0.561
0.63
0.417
0.357
0.168
0.036
0.021
0.223
0.265
0.126
-0.143
-0.062
-0.014
0.145
0.071
0.033
0.086
-0.134
-0.203
-0.198
-0.194
-0.247
-0.434
-0.275
-0.236
-0.253
-0.435
-0.309
-0.176
-0.216
-0.121
-0.336
-0.271
-0.334
-0.064
-0.034
0.031
0.208
0.292
0.465
0.086
0.125
-0.113
-0.196
-0.285
-0.41
-0.383
-0.521
-0.532
-0.508
-0.713
-0.781
-0.721
-0.931
-0.821
-0.739
-0.878
-0.966
-0.935
-0.828
-0.781
-0.693
-0.6
-0.651
-0.55
-0.484
-0.201
-0.054
-0.14
-0.056
0.225
0.116
-0.121
0.028
-0.215
-0.278
-0.18
-0.09
0.238
0.263
0.586
0.323
0.326
0.552
0.242
0.304
0.301
0.336
0.105
0.22
0.211
0.258
0.409
0.268
0.372
0.466
0.32
0.165
0.125
-0.003
-0.275
-0.25
-0.226
-0.189
-0.31
-0.381
-0.508
-0.714
-1.01
-0.89
-0.94
-0.823
-0.654
-0.647
-0.731
-0.866
-0.745
-0.649
-0.445
-0.215
-0.246
-0.217
-0.048
0.115
0.092
0.155
0.131
0.105
0.158
-0.268
0.111
-0.211
-0.121
-0.229
-0.03
0.198
0.25
0.557
0.468
0.345
0.263
0.321
0.274
0.351
0.378
0.458
0.59
0.69
0.844
0.76
0.715
0.584
0.581
0.76
0.714
0.917
0.983
0.941
0.993
0.953
0.73
0.62
0.508
0.539
0.421
0.354
0.593
0.603
0.695
0.675
0.564
0.517
0.394
0.176
-0.034
-0.184
-0.013
-0.115
-0.121
0.001
0.305
0.083
0.22
0.23
0.3
-4.359
0.131
0.143
0.249
0.274
0.111
0.13
-0.764
0.184
0.297
0.177
0.284
0.36
0.228
0.278
0.255
0.256
0.312
0.366
0.229
0.056
0.135
0.007
-0.05
0.099
0.098
0.114
0.025
0.059
-0.016
-0.048
-0.115
-0.08
-0.198
-0.266
-0.251
-0.22
-0.39
-0.544
-0.486
-0.497
-0.427
-0.318
-0.325
-0.537
-0.422
-0.554
-0.665
-0.531
-0.271
-0.319
-0.393
-0.429
-0.4
-0.316
-0.285
-0.264
-0.019
-0.124
-0.185
-0.211
-0.055
-0.359
-0.186
-0.174
-0.155
-0.169
-0.159
-0.144
-0.072
0.136
0.242
0.369
0.324
0.505
0.559
0.708
0.695
0.854
0.775
0.62
0.724
0.744
0.782
0.771
0.739
0.849
0.715
0.72
0.828
0.743
0.839
0.559
0.489
0.504
0.564
0.113
0.059
0.16
0.085
-0.001
-0.04
-0.158
-0.152
-0.196
-0.19
-0.116
-0.01
0.224
0.285
0.346
0.503
0.451
0.393
0.389
0.509
0.56
0.556
0.568
0.554
0.351
0.473
0.355
0.445
0.541
0.47
0.534
0.408
0.355
0.104
0.131
0.419
0.435
0.405
0.158
0.03
-0.355
-0.43
-0.431
-0.427
-0.43
-0.164
-0.354
-0.405
-0.508
-0.461
-0.711
-0.761
-0.725
-0.645
-0.791
-0.871
-1.059
-0.999
-1.109
-1.066
-1.06
-0.976
-0.9
-0.954
-0.61
-0.824
-0.912
-0.49
-0.549
-0.414
-0.608
-0.468
-0.58
-0.379
-0.514
-0.557
-0.274
-0.393
-0.18
0.085
0.024
-0.02
0.01
-0.092
-0.25
-0.095
-0.1
-0.146
-0.101
-0.245
-0.25
-0.415
-0.36
-0.259
-0.166
-0.045
0.181
0.524
0.54
0.755
0.547
0.64
0.726
0.84
0.779
1.034
1.015
1.029
1.069
1.127
1.331
1.353
1.345
1.36
1.228
1.175
1.104
1.032
0.902
0.806
1.005
1.153
1.23
1.351
1.248
1.04
0.981
0.885
1.009
1.22
1.154
1.251
0.985
0.869
0.909
0.777
0.601
0.314
-0.001
-0.061
-0.052
-0.085
-0.06
-0.061
-0.003
-0.288
-0.345
-0.352
-0.16
-0.089
-0.325
-0.264
-0.478
-0.529
-0.481
-0.512
-0.459
-0.422
-0.326
-0.27
-0.156
0.164
0.292
0.17
-0.019
0.009
-0.324
-0.13
-0.275
-0.244
-0.271
-0.318
-0.446
-0.448
-0.494
-0.503
-0.584
-0.549
-0.189
-0.434
-0.409
-0.3
0.035
0.191
0.206
0.193
0.201
0.083
0.391
0.268
0.091
-0.007
0.033
-0.059
-0.129
-0.188
-0.351
-0.345
-0.348
-0.236
-0.514
-0.401
-0.384
-0.333
-0.378
-0.403
-0.532
-0.59
-0.512
-0.642
-0.56
-0.609
-0.536
-0.475
-0.595
-0.646
-0.691
-0.786
-0.681
-0.642
-0.819
-0.596
-0.64
-0.595
-0.534
-0.598
-0.453
-0.517
-0.225
-0.115
0.037
0.013
-0.184
-0.1
-0.031
-0.1
-0.151
-0.122
0.104
0.241
0.349
0.569
0.537
0.62
0.504
0.631
0.504
0.463
0.406
0.492
0.628
0.71
0.804
0.978
0.975
1.127
1.22
1.038
1.136
1.2
1.174
1.405
1.433
1.371
1.355
1.076
1.23
1.049
1.05
0.976
1.005
0.763
0.672
0.634
0.634
0.76
0.63
0.389
0.37
0.081
0.061
0.152
0.105
0.18
0.025
-0.194
-0.031
-0.109
-0.296
-0.384
-0.599
-0.669
-0.633
-0.871
-0.92
-0.784
-1.046
-0.809
-0.754
-0.611
-0.646
-0.58
-0.326
-0.48
-0.657
-0.624
-0.509
-0.305
-0.41
-0.39
-0.145
-0.159
0.052
-0.06
0.062
0.144
0.02
0.074
