0.586
0.7
0.59
0.489
0.501
0.491
0.54
0.372
0.189
0.114
0.246
0.41
0.3
0.211
0.12
0.121
0.014
-0.235
-0.055
-0.065
-0.203
-0.104
-0.173
-0.217
-0.278
-0.306
-0.406
-0.486
-0.508
-0.638
-0.556
-0.753
-0.635
-0.569
-0.478
-0.381
-0.224
-0.136
-0.045
-0.062
-0.059
0.231
0.16
0.126
0.156
0.126
0.246
-0.069
-0.052
-0.075
-0.11
-0.009
0.08
0.163
0.147
0.31
0.234
0.304
0.655
0.383
0.4
0.506
0.5
0.283
0.391
0.278
0.235
0.307
0.039
-0.155
0.001
-0.151
-0.302
-0.388
-0.371
-0.302
-0.244
-0.247
-0.181
-0.246
-0.203
-0.136
-0.11
-0.046
-0.076
-0.061
-0.17
-0.045
-0.044
-0.009
0.133
0.258
0.316
0.27
0.269
0.22
0.333
0.454
0.56
0.619
0.735
0.836
0.968
1.031
1.137
1.129
1.238
1.04
1.06
1.116
1.03
0.991
1.021
0.911
0.74
0.735
0.943
0.753
0.708
0.583
0.385
0.446
0.283
0.154
0.236
0.283
0.089
0.069
0.134
-0.166
-0.217
-0.16
-0.136
-0.206
-0.13
-0.09
-0.211
-0.196
-0.145
-0.198
-0.26
-0.265
-0.341
-0.304
-0.273
-0.131
-0.114
-0.085
0.111
0.051
0.215
0.147
0.253
0.11
-0.024
0.169
0.025
0.151
0.119
0.307
0.326
0.228
0.208
0.193
0.08
-0.01
0.024
0.001
-0.081
-0.122
-0.226
-0.401
-0.541
-0.649
-0.763
-0.912
-1.042
-1.174
-1.039
-1.135
-1.153
-1.218
-1.353
-1.369
-1.391
-1.407
-1.238
-1.231
-1.193
-1.216
-1.198
-1.176
-1.01
-1.0
-0.983
-0.953
-0.897
-0.941
-0.875
-0.685
-0.586
-0.561
-0.584
-0.535
-0.494
-0.555
-0.526
-0.485
-0.534
-0.584
-0.404
-0.399
-0.245
-0.194
-0.165
-0.265
-0.36
-0.221
-0.171
-0.145
-0.229
-0.09
-0.098
-0.212
-0.328
-0.393
-0.475
-0.426
-0.396
-0.749
-0.821
-0.91
-0.959
-0.94
-1.079
-1.085
-1.004
-1.123
-1.175
-1.181
-1.068
-0.954
-0.726
-0.731
-0.721
-0.82
-0.688
-0.566
-0.599
-0.436
-0.396
-0.454
-0.279
-0.288
-0.159
-0.086
-0.253
-0.111
-0.233
-0.275
-0.266
-0.109
-0.264
-0.273
-0.071
0.085
0.058
0.119
0.007
0.081
0.106
0.111
0.12
0.109
0.058
0.103
0.173
0.456
0.315
0.022
0.043
0.046
0.292
0.226
0.31
0.231
0.251
0.367
0.356
0.396
0.264
0.135
0.075
-0.028
0.139
0.278
0.219
0.214
0.265
0.035
0.066
-0.198
-0.225
-0.173
-0.281
-0.161
-0.09
0.009
0.004
0.013
0.07
-0.045
0.092
0.004
-0.07
-0.061
-0.134
-0.175
-0.224
-0.355
-0.254
-0.316
-0.383
-0.335
-0.351
-0.346
-0.443
-0.616
-0.504
-0.669
-0.796
-0.636
-0.716
-0.614
-0.677
-0.606
-0.521
-0.449
-0.52
-0.486
-0.26
-0.333
-0.125
-0.25
-0.198
0.019
0.077
0.238
0.149
0.022
0.058
0.02
0.21
0.144
0.325
0.355
0.466
0.485
0.4
0.494
0.605
0.718
0.489
0.659
0.549
0.565
0.578
0.403
0.304
0.29
0.104
0.145
0.165
0.256
0.223
0.086
0.184
0.075
0.146
0.009
0.079
0.128
0.219
0.143
0.062
-0.141
-0.109
-0.168
-0.195
-0.28
-0.499
-0.471
-0.595
-0.542
-0.71
-0.688
-0.49
-0.593
-0.508
-0.655
-0.574
-0.667
-0.646
-0.527
-0.566
-0.455
-0.208
-0.09
-0.028
0.169
0.035
0.0
0.046
0.02
0.056
0.075
0.152
0.255
0.143
0.158
0.41
0.591
0.497
0.336
0.281
0.346
0.359
0.253
0.362
0.076
0.17
0.383
0.14
0.101
0.076
0.075
-0.089
-0.169
-0.136
-0.26
0.006
-0.072
-0.168
-0.066
-0.15
0.072
0.1
0.233
0.224
0.143
0.086
-0.129
-0.174
-0.247
-0.26
-0.331
-0.301
-0.349
-0.181
-0.246
-0.014
0.048
-0.079
-0.092
-0.007
-0.116
-0.114
-0.146
-0.103
-0.171
-0.278
-0.388
-0.415
-0.417
-0.677
-0.665
-0.729
-0.84
-0.552
-0.729
-0.635
-0.68
-0.669
-0.655
-0.713
-0.6
-0.492
-0.479
-0.348
-0.251
-0.265
-0.255
-0.333
-0.206
-0.193
-0.083
-0.156
-0.041
-0.035
0.072
0.044
-0.026
0.048
-0.037
0.156
-0.03
-0.145
-0.111
-0.164
-0.152
-0.224
-0.185
0.033
0.007
0.253
0.247
0.256
0.205
0.092
0.281
0.427
0.386
0.508
0.532
0.585
0.72
0.791
0.801
0.988
0.777
0.701
0.89
0.938
1.025
0.971
1.174
1.144
1.08
0.906
0.741
0.974
0.971
0.919
0.749
0.711
0.641
0.721
0.858
0.848
0.87
0.834
0.92
0.733
0.64
0.443
0.645
0.641
0.41
0.374
0.302
0.346
0.226
0.168
0.039
-0.058
-0.156
-0.191
-0.474
-0.468
-0.522
-0.588
-0.647
-0.603
-0.623
-0.881
-0.881
-0.771
-0.93
-0.821
-1.081
-1.186
-1.17
-1.214
-1.344
-1.282
-1.204
-1.285
-1.209
-1.183
-1.164
-1.107
-1.028
-0.939
-0.855
-0.839
-0.665
-0.588
-0.73
-0.768
-0.741
-0.598
-0.445
-0.366
-0.184
-0.101
0.085
0.186
0.28
0.429
0.571
0.511
0.718
0.688
0.858
0.906
1.1
1.109
1.174
1.114
1.09
0.954
0.934
0.874
0.844
0.876
1.029
1.167
1.184
1.359
1.228
1.259
1.189
1.205
1.315
1.261
1.143
1.081
0.985
1.086
0.927
1.083
0.926
0.919
0.768
0.787
0.662
0.693
0.826
0.698
0.93
0.879
0.945
0.925
0.968
0.741
0.835
0.685
0.661
0.824
0.792
0.831
1.012
0.934
0.888
0.797
0.736
0.633
0.711
0.628
0.42
0.357
0.521
0.274
0.434
0.471
0.461
0.15
0.055
0.273
0.036
0.107
0.092
0.035
0.163
0.048
0.275
0.429
0.522
0.59
0.631
0.448
0.484
0.188
0.367
0.345
0.5
0.52
0.557
0.699
0.606
0.716
0.719
0.871
0.861
0.718
0.409
0.306
0.276
0.199
0.236
0.241
0.1
0.194
0.069
0.1
0.304
0.346
0.341
0.328
0.348
0.196
0.041
0.092
0.231
0.284
0.291
0.338
0.198
0.14
0.03
0.0
0.228
0.066
0.007
-0.024
-0.079
-0.201
-0.086
-0.12
-0.196
-0.241
-0.031
-0.034
-0.286
-0.114
-0.189
-0.229
-0.02
0.14
0.17
0.2
0.189
0.16
0.304
0.208
0.141
-0.026
-0.094
-0.149
-0.11
-0.061
-0.122
-0.254
-0.352
-0.258
-0.181
-0.404
-0.524
-0.598
-0.636
-0.546
-0.474
-0.454
-0.576
-0.501
-0.276
-0.236
-0.453
-0.165
-0.492
-0.385
-0.26
-0.177
-0.01
0.163
0.22
0.184
0.264
0.118
0.271
0.32
0.336
0.547
0.527
0.769
0.866
0.799
0.881
0.894
0.861
0.575
0.562
0.463
0.304
0.486
0.487
0.491
0.378
0.318
0.239
0.247
0.318
0.345
0.225
0.246
0.288
0.154
-0.048
-0.058
-0.064
0.058
-0.24
-0.092
-0.122
-0.041
-0.099
-0.121
-0.231
-0.069
-0.119
0.031
-0.238
-0.35
-0.271
-0.215
-0.394
-0.268
-0.185
-0.236
-0.1
-0.199
-0.006
-0.076
0.015
-0.056
-0.031
0.096
-0.134
-0.221
-0.263
-0.191
-0.299
-0.431
-0.426
-0.465
-0.348
-0.497
-0.564
-0.682
-0.651
-0.741
-0.519
-0.521
-0.51
-0.371
-0.297
-0.195
-0.029
-0.083
-0.056
0.058
0.118
0.143
0.133
0.375
0.348
0.182
0.119
0.509
0.215
0.348
0.306
0.326
0.336
0.269
0.309
-0.076
0.05
0.105
0.306
0.096
-0.014
0.046
-0.084
-0.154
-0.357
-0.294
-0.384
-0.424
-0.403
-0.354
-0.376
-0.372
-0.179
-0.312
-0.464
-0.378
-0.434
-0.398
-0.508
-0.511
-0.566
-0.761
-0.743
-0.609
-0.594
-0.633
-0.461
-0.321
-0.1
-0.28
-0.3
-0.279
-0.503
-0.46
-0.399
-0.46
-0.571
-0.524
-0.846
-0.749
-0.819
-0.883
-1.014
-1.015
-1.01
-0.956
-0.759
-0.624
-0.411
-0.294
-0.278
-0.348
-0.135
-0.041
0.1
0.143
0.135
0.156
0.006
-0.025
0.02
0.056
0.181
0.242
0.156
0.139
0.263
0.118
0.163
0.04
0.076
-0.219
-0.226
-0.186
-0.283
-0.41
-0.552
-0.829
-0.626
-0.575
-0.511
-0.484
-0.354
-0.152
-0.155
-0.103
-0.17
-0.083
-0.084
-0.084
-0.155
-0.145
-0.083
-0.095
-0.103
0.019
0.246
0.181
0.14
-0.074
0.005
-0.011
0.166
0.203
0.212
0.238
0.269
0.521
0.389
0.193
0.288
0.144
-0.024
-0.161
-0.084
-0.186
-0.212
-0.28
-0.264
-0.174
0.174
0.035
0.0
-0.154
-0.24
-0.141
-0.17
-0.212
-0.163
-0.286
-0.314
-0.419
-0.408
-0.609
-0.797
-0.796
-0.89
-0.71
-0.901
-0.646
-0.591
-0.777
-0.807
-0.594
-0.458
-0.351
-0.398
-0.3
-0.393
-0.378
-0.571
-0.456
-0.455
-0.514
-0.589
-0.5
-0.381
-0.46
-0.616
-0.731
-0.766
-0.836
-0.708
-0.431
-0.274
-0.242
-0.193
-0.126
0.037
0.203
0.297
0.334
0.506
0.381
0.45
0.481
0.515
0.589
0.705
0.804
0.856
0.818
0.724
0.743
0.704
0.733
0.664
0.797
0.539
0.589
0.508
0.383
0.338
0.22
0.233
0.116
0.024
-0.044
0.079
0.114
0.091
-0.081
-0.136
-0.171
-0.21
-0.256
-0.4
-0.255
-0.224
-0.217
-0.138
-0.176
-0.045
0.016
0.049
0.149
0.35
0.254
0.339
0.478
0.386
0.37
0.436
0.55
0.671
0.82
0.959
0.985
1.071
0.965
0.93
0.764
0.734
0.521
0.787
0.723
0.551
0.6
0.345
0.42
0.354
0.331
0.3
0.199
0.311
0.295
0.231
0.181
0.107
0.283
0.182
0.251
0.215
0.318
0.268
0.221
0.233
0.205
0.438
0.424
0.399
0.301
0.16
-0.113
-0.049
0.149
0.092
0.13
0.143
0.131
0.261
0.024
0.113
-0.195
-0.12
-0.408
-0.512
-0.605
-0.82
-0.897
-0.88
-0.785
-0.644
-0.618
-0.787
-0.94
-1.074
-0.834
-1.001
-0.958
-0.943
-1.119
-1.034
-0.96
-0.953
-0.764
-0.811
-0.499
-0.349
-0.143
0.066
0.18
0.319
0.324
0.283
0.396
0.425
0.561
0.705
0.706
0.744
0.823
0.615
0.729
0.634
0.682
0.667
0.554
0.787
0.799
0.671
0.794
0.739
0.812
0.826
0.812
0.776
0.579
0.495
0.475
0.43
0.475
0.085
-0.001
0.046
0.052
-0.109
0.152
-0.164
-0.344
-0.343
-0.432
-0.434
-0.366
-0.415
-0.445
-0.468
-0.427
-0.31
-0.365
-0.503
-0.14
-0.143
-0.116
-0.217
-0.054
0.004
0.048
0.071
0.134
-0.059
0.09
-0.092
-0.03
-0.083
-0.177
-0.125
-0.352
-0.366
-0.299
-0.231
-0.23
-0.155
-0.14
-0.138
-0.061
0.292
0.314
0.345
0.269
0.424
0.334
0.285
0.355
0.328
0.399
0.316
0.362
0.175
0.383
0.36
0.451
0.471
0.33
0.36
0.211
0.36
0.396
0.629
0.44
0.559
0.416
0.416
0.305
0.497
0.369
0.403
0.487
0.641
0.661
0.564
0.535
0.41
0.551
0.504
0.628
0.492
0.3
0.111
-0.083
-0.212
-0.169
-0.348
-0.217
-0.189
-0.043
-0.071
-0.062
-0.039
0.081
0.158
0.169
0.163
0.266
0.211
0.193
0.16
0.453
0.463
0.496
0.641
0.576
0.682
0.784
0.885
0.68
0.672
0.624
0.791
0.866
0.614
0.693
0.432
0.325
0.39
0.529
0.504
0.419
0.535
0.484
0.441
0.269
0.415
0.328
0.26
0.1
-0.058
-0.331
-0.531
-0.581
-0.647
-0.39
-0.361
-0.159
-0.098
0.072
0.074
0.144
0.205
0.278
0.274
0.349
0.378
0.364
0.228
0.16
0.035
0.238
0.149
0.206
0.152
0.163
0.119
0.289
0.191
-0.176
-0.041
0.046
0.01
0.01
0.205
0.049
0.01
-0.124
-0.077
-0.105
-0.188
-0.121
-0.229
-0.508
-0.406
-0.503
-0.639
-0.799
-0.86
-0.802
-0.886
-0.873
-0.733
-0.677
-0.633
-0.586
-0.625
-0.534
-0.385
-0.494
-0.295
-0.288
-0.356
-0.253
-0.333
-0.31
-0.184
-0.09
-0.166
-0.182
-0.406
-0.398
-0.525
-0.478
-0.49
-0.422
-0.289
-0.143
-0.349
-0.239
-0.242
-0.289
-0.196
-0.29
-0.101
-0.046
0.052
-0.051
0.03
0.118
0.043
-0.074
-0.113
-0.244
-0.022
-0.035
-0.105
0.096
0.181
0.266
0.198
0.223
0.379
0.725
0.584
0.63
0.684
0.789
0.879
0.769
0.82
0.968
1.097
1.015
0.964
0.812
0.883
0.904
0.886
0.844
0.886
0.986
0.799
0.645
0.838
0.92
0.705
0.589
0.539
0.517
0.52
0.646
0.626
0.541
0.521
0.49
0.471
0.487
0.484
0.574
0.562
0.49
0.436
0.599
0.574
0.517
0.35
0.189
0.133
-0.026
-0.129
-0.284
-0.048
-0.015
0.247
0.051
0.223
0.264
0.216
0.029
-0.125
-0.258
-0.234
-0.345
-0.501
-0.445
-0.458
-0.383
-0.469
-0.522
-0.625
-0.606
-0.78
-0.863
-0.753
-0.659
-0.487
-0.69
-0.68
-0.714
-0.554
-0.634
-0.664
-0.708
-0.535
-0.54
-0.576
-0.556
-0.468
-0.561
-0.489
-0.349
-0.296
-0.246
-0.344
-0.299
-0.175
-0.389
-0.214
-0.279
-0.09
-0.281
-0.236
-0.176
-0.329
-0.297
-0.171
-0.096
0.079
0.173
0.119
0.203
0.364
0.401
0.44
0.164
0.321
0.316
0.184
0.307
0.356
0.674
0.509
0.516
0.255
0.225
0.0
-0.029
-0.071
-0.23
-0.44
-0.649
-0.82
-0.989
-1.049
-1.096
-1.222
-1.181
-1.188
-1.308
-1.248
-1.069
-1.006
-0.978
-1.076
-0.995
-0.855
-0.934
-1.028
-1.008
-0.985
-1.075
-1.095
-1.038
-1.032
-1.066
-1.095
-1.1
-1.194
-1.039
-0.991
-0.771
-0.603
-0.532
-0.364
-0.146
-0.185
-0.189
-0.099
-0.036
-0.005
0.115
0.031
0.043
0.105
0.125
0.21
0.288
0.278
0.15
0.011
0.037
-0.241
-0.179
-0.014
-0.139
-0.092
0.098
0.015
-0.056
-0.17
-0.085
0.061
0.069
0.205
0.143
0.211
0.154
0.271
0.156
0.229
0.275
0.124
0.356
0.426
0.525
0.56
0.68
0.82
0.807
0.733
0.669
0.726
0.693
0.69
0.728
0.744
0.79
0.831
0.784
0.739
0.78
0.659
0.573
0.519
0.345
0.361
0.362
0.297
0.336
0.25
0.113
-0.166
-0.186
-0.098
-0.156
-0.091
0.201
0.074
0.026
0.168
0.115
-0.004
0.056
0.136
0.02
0.113
-0.072
-0.092
-0.17
-0.158
-0.045
-0.026
-0.085
-0.077
-0.077
-0.098
-0.129
-0.14
-0.098
-0.201
-0.106
-0.139
-0.115
-0.181
-0.276
-0.244
-0.294
-0.346
-0.489
-0.449
-0.4
-0.489
-0.481
-0.456
-0.38
-0.325
-0.294
-0.269
-0.305
-0.424
-0.344
-0.331
-0.103
-0.254
-0.288
-0.196
-0.295
-0.125
-0.029
0.089
0.22
0.036
0.147
0.242
0.259
0.359
0.456
0.253
0.236
0.297
-0.076
-0.216
-0.058
-0.072
-0.161
-0.191
-0.052
0.099
0.088
0.113
-0.033
-0.084
0.065
-0.074
-0.17
-0.268
-0.351
-0.294
-0.417
-0.393
-0.23
-0.338
-0.305
-0.427
-0.448
-0.573
-0.468
-0.58
-0.654
-0.629
-0.573
-0.482
-0.405
-0.364
-0.48
-0.531
-0.51
-0.536
-0.482
-0.475
-0.557
-0.674
-0.556
-0.564
-0.581
-0.578
-0.546
-0.615
-0.67
-0.605
-0.73
-0.781
-0.814
-0.686
-0.556
-0.426
-0.465
-0.512
-0.379
-0.449
-0.408
-0.51
-0.443
-0.459
-0.305
-0.276
-0.289
-0.32
-0.351
-0.426
-0.345
-0.349
-0.414
-0.32
-0.161
0.006
0.046
0.074
0.226
0.283
0.226
0.18
0.155
0.103
0.246
0.234
0.31
0.519
0.611
0.581
0.635
0.625
0.56
0.73
0.705
0.789
0.781
0.65
0.675
0.749
0.802
0.786
0.843
0.666
0.522
0.621
0.77
0.756
0.466
0.465
0.38
0.343
0.468
0.29
0.239
0.336
0.364
0.258
0.163
-0.08
0.179
-0.101
0.005
-0.051
0.152
0.271
0.129
0.2
0.146
-0.033
0.08
0.037
0.0
0.219
10.332
10.332
0.434
0.378
0.469
0.424
0.519
0.453
0.525
0.565
0.703
0.666
0.733
0.721
0.753
0.828
0.716
0.67
0.583
0.544
0.6
0.516
0.532
0.435
0.47
0.509
0.508
0.399
0.374
0.265
0.299
0.156
0.1
0.147
0.009
-0.201
-0.276
-0.297
-0.268
-0.203
-0.429
-0.234
-0.4
-0.42
-0.526
-0.42
-0.295
-0.193
-0.194
-0.247
-0.107
-0.18
-0.09
-0.181
-0.231
-0.217
-0.143
-0.166
-0.165
-0.126
-0.109
-0.071
-0.001
-0.08
-0.096
-0.09
0.134
0.035
0.196
0.273
0.181
0.388
0.489
0.319
0.271
0.374
0.33
0.475
0.53
0.63
0.65
0.85
0.859
0.994
0.999
1.008
1.258
1.194
1.268
1.329
1.369
1.369
1.52
1.53
1.459
1.407
1.52
1.413
1.435
1.344
1.231
1.423
1.205
1.137
1.061
1.032
0.996
0.815
0.77
0.42
0.144
0.23
0.224
0.124
0.118
-0.1
-0.135
-0.208
-0.38
-0.393
-0.356
-0.369
-0.573
-0.797
-0.859
-0.876
-1.041
-0.706
-0.795
-0.709
-0.635
-0.78
-0.811
-0.983
-1.07
-1.298
-0.9
-1.074
-1.099
-0.859
-1.021
-1.083
-0.984
-0.896
-0.559
-0.625
-0.276
-0.23
-0.01
0.285
0.338
0.559
0.806
0.814
0.943
1.075
1.01
0.812
1.024
0.98
0.966
1.141
1.203
1.074
1.085
0.868
0.795
0.711
0.618
0.534
0.46
0.765
0.68
0.478
0.201
0.16
-0.018
-0.049
-0.36
-0.505
-0.685
-0.763
-0.82
-0.74
-0.774
-0.782
-0.474
-0.584
-0.557
-0.404
-0.349
-0.212
-0.135
-0.151
-0.155
-0.189
-0.155
-0.114
-0.037
-0.152
-0.129
0.075
0.084
-0.051
0.015
0.189
0.288
0.475
0.466
0.569
0.425
0.312
0.359
0.403
0.409
0.532
0.771
0.85
0.733
0.789
0.728
0.716
0.549
0.706
0.581
0.547
0.565
0.465
0.443
0.319
0.286
0.266
0.159
0.18
0.086
-0.059
-0.059
-0.32
-0.525
-0.628
-0.666
-0.599
-0.638
-0.738
-0.843
-0.841
-0.814
-0.864
-0.792
-0.759
-0.53
-0.554
-0.331
-0.286
-0.21
-0.393
-0.325
-0.38
-0.289
-0.247
-0.25
-0.033
-0.376
-0.268
-0.29
-0.209
-0.174
-0.114
-0.179
-0.269
-0.461
-0.352
-0.47
-0.496
-0.562
-0.58
-0.285
-0.109
-0.14
-0.168
-0.088
0.054
0.026
0.219
0.066
0.088
0.38
0.217
0.21
0.304
0.261
0.354
0.371
0.321
0.246
0.216
0.239
0.239
0.246
0.251
0.413
0.201
0.149
0.043
-0.235
-0.114
0.021
-0.035
-0.001
0.151
0.176
0.357
0.251
0.385
0.604
0.381
0.542
0.359
0.288
0.33
0.366
0.443
0.485
0.549
0.531
0.603
0.831
0.801
0.777
0.772
0.844
0.769
0.821
0.78
0.661
0.289
0.206
0.228
-0.031
0.086
-0.048
-0.065
-0.323
-0.365
-0.479
-0.536
-0.57
-0.375
-0.427
-0.229
-0.409
-0.394
-0.459
-0.64
-0.534
-0.623
-0.549
-0.694
-0.796
-0.745
-0.86
-0.729
-0.65
-0.459
-0.256
-0.216
-0.045
-0.061
-0.224
-0.146
-0.235
-0.075
-0.076
-0.018
0.061
0.041
0.034
-0.083
-0.152
-0.209
-0.264
-0.289
-0.261
-0.271
-0.334
-0.361
-0.095
-0.17
-0.344
-0.201
-0.144
-0.104
0.049
0.188
0.131
0.174
-0.024
0.019
0.095
-0.04
-0.171
-0.221
-0.27
-0.456
-0.427
-0.378
-0.234
0.003
-0.333
-0.537
-0.531
-0.54
-0.63
-0.65
-0.559
-0.499
-0.365
-0.36
-0.357
-0.45
-0.496
-0.297
-0.31
-0.514
-0.33
-0.438
-0.299
-0.354
-0.288
-0.351
-0.434
-0.511
-0.371
-0.083
-0.164
-0.247
-0.196
-0.224
-0.511
-0.455
-0.527
-0.611
-0.486
-0.591
-0.728
-1.036
-1.028
-1.036
-0.925
-0.879
-0.859
-0.856
-0.755
-0.968
-0.905
-0.985
-0.909
-0.743
-0.485
-0.511
-0.286
-0.016
-0.033
0.026
0.139
0.326
0.459
0.723
0.96
1.044
0.995
0.954
0.821
0.82
0.8
0.5
0.51
0.324
0.263
-0.049
-0.072
-0.283
-0.365
-0.676
-0.647
-0.777
-0.609
-0.628
-0.774
-0.615
-0.659
-0.725
-0.593
-0.519
-0.763
-0.723
-0.719
-0.456
-0.535
-0.519
-0.3
-0.122
0.037
0.095
0.242
0.386
0.48
0.561
0.484
0.56
0.458
0.588
0.527
0.471
0.496
0.396
0.679
0.621
0.794
0.925
0.858
0.869
1.055
0.89
0.849
0.83
0.629
0.495
0.405
0.343
0.2
0.256
0.203
0.254
0.306
0.031
0.114
0.045
-0.291
-0.27
-0.304
-0.255
-0.286
-0.136
-0.201
-0.128
-0.217
-0.571
-0.501
-0.448
-0.341
-0.405
-0.268
-0.188
-0.295
-0.295
-0.443
-0.426
-0.508
-0.415
-0.388
-0.487
-0.386
-0.492
-0.591
-0.419
-0.361
-0.256
-0.251
-0.275
-0.196
-0.323
-0.156
-0.02
-0.001
0.109
0.182
0.354
0.359
0.321
0.48
0.286
0.302
0.306
0.366
0.355
0.556
0.519
0.536
0.571
0.565
0.544
0.59
0.575
0.655
0.772
0.745
0.771
0.672
0.606
0.608
0.654
0.517
0.608
0.691
0.511
0.54
0.624
