0.041
0.036
-0.02
-0.003
0.013
0.07
0.062
0.041
0.118
0.107
0.091
0.139
0.071
0.154
0.098
0.076
0.12
0.18
0.221
0.284
0.231
0.288
0.309
0.42
0.328
0.296
0.359
0.352
0.511
0.438
0.52
0.455
0.45
0.491
0.405
0.283
0.307
0.217
0.265
0.249
0.325
0.264
0.179
0.225
0.196
0.21
0.085
-0.029
0.131
-0.018
0.005
-0.122
-0.013
0.086
-0.025
0.114
0.091
0.08
0.133
0.026
-0.036
-0.009
-0.019
-0.019
0.041
-0.166
-0.219
-0.285
-0.315
-0.406
-0.288
-0.346
-0.281
-0.318
-0.328
-0.261
-0.265
-0.37
-0.188
-0.175
-0.215
-0.236
-0.205
-0.139
-0.209
-0.193
-0.075
-0.096
-0.215
-0.235
-0.281
-0.21
-0.154
-0.168
-0.24
-0.274
-0.185
-0.135
-0.18
-0.188
-0.214
-0.25
-0.221
-0.154
-0.244
-0.275
-0.234
-0.244
-0.2
-0.256
-0.191
-0.216
-0.173
-0.099
-0.09
-0.089
-0.077
-0.054
-0.055
-0.059
-0.009
-0.006
0.031
0.054
0.064
-0.02
-0.016
-0.011
-0.03
-0.031
-0.094
-0.061
-0.133
-0.155
-0.145
-0.253
-0.149
-0.296
-0.265
-0.349
-0.286
-0.242
-0.33
-0.323
-0.388
-0.408
-0.444
-0.422
-0.374
-0.376
-0.295
-0.365
-0.294
-0.314
-0.274
-0.221
-0.296
-0.266
-0.239
-0.223
-0.228
-0.19
-0.115
-0.09
-0.129
-0.169
-0.216
-0.089
-0.109
-0.161
-0.092
-0.081
-0.016
0.033
-0.025
0.041
0.024
0.12
0.175
0.089
0.119
0.092
0.11
0.146
0.143
0.166
0.203
0.236
0.2
0.139
0.15
0.107
0.181
0.07
0.075
0.103
0.085
0.152
0.04
0.02
0.052
0.045
0.1
0.024
0.016
0.074
0.036
0.072
0.094
0.035
0.046
-0.075
-0.034
-0.105
-0.092
0.072
-0.02
0.071
0.009
-0.036
-0.091
-0.159
-0.083
-0.089
-0.076
-0.131
-0.145
-0.107
-0.096
-0.119
-0.14
-0.244
-0.28
-0.231
-0.276
-0.299
-0.309
-0.45
-0.443
-0.419
-0.356
-0.435
-0.323
-0.32
-0.297
-0.241
-0.346
-0.217
-0.206
-0.13
-0.173
-0.211
-0.083
-0.124
-0.253
-0.241
-0.214
-0.165
-0.124
-0.154
-0.13
-0.14
-0.029
-0.022
-0.009
0.046
0.048
0.036
0.007
-0.037
0.166
0.077
0.098
0.106
0.015
-0.005
-0.016
-0.045
-0.045
-0.124
-0.076
-0.22
-0.182
-0.189
-0.219
-0.217
-0.228
-0.246
-0.324
-0.329
-0.417
-0.417
-0.39
-0.45
-0.413
-0.429
-0.405
-0.371
-0.318
-0.329
-0.259
-0.261
-0.271
-0.146
-0.251
-0.179
-0.182
-0.088
-0.14
-0.092
-0.044
-0.104
-0.018
-0.065
-0.035
0.034
-0.05
0.077
-0.014
-0.031
0.024
-0.003
0.065
0.085
0.13
0.055
0.085
0.075
0.128
0.084
0.066
0.046
0.005
0.059
0.015
-0.07
-0.01
-0.105
-0.118
-0.08
-0.194
-0.152
-0.181
-0.208
-0.181
-0.345
-0.307
-0.284
-0.239
-0.29
-0.356
-0.24
-0.27
-0.321
-0.324
-0.364
-0.264
-0.249
-0.234
-0.269
-0.191
-0.185
-0.113
-0.147
-0.124
-0.046
-0.046
0.124
0.109
0.17
0.086
0.206
0.276
0.274
0.253
0.253
0.289
0.319
0.29
0.255
0.211
0.28
0.193
0.215
0.182
0.14
0.24
0.139
0.119
0.143
0.113
0.088
0.131
0.091
0.092
0.011
0.08
0.09
0.065
0.029
0.003
0.055
0.111
0.064
0.088
0.064
0.03
0.071
0.037
0.094
0.051
0.041
0.049
0.104
0.021
-0.006
0.006
-0.011
0.011
-0.066
-0.133
-0.059
-0.159
-0.119
-0.118
-0.221
-0.139
-0.174
-0.089
-0.144
-0.247
-0.199
-0.244
-0.221
-0.214
-0.276
-0.23
-0.238
-0.305
-0.182
-0.292
-0.155
-0.19
-0.134
-0.195
-0.166
-0.15
-0.177
-0.096
-0.04
-0.079
-0.088
-0.098
-0.089
-0.134
-0.171
-0.119
0.045
-0.098
-0.044
0.019
-0.062
-0.028
-0.041
-0.056
-0.039
0.051
-0.011
-0.074
0.048
0.033
0.031
0.024
0.045
-0.04
0.013
0.001
0.013
-0.019
-0.046
-0.01
-0.029
-0.08
-0.031
-0.03
-0.021
0.05
-0.01
0.124
-0.195
-0.041
-0.08
-0.046
-0.083
-0.08
-0.085
-0.09
-0.056
-0.083
-0.119
-0.052
-0.028
-0.044
-0.031
-0.048
-0.056
-0.041
0.013
-0.004
0.043
0.034
0.069
0.095
0.149
0.16
0.173
0.228
0.147
0.23
0.181
0.052
0.161
0.077
0.118
0.06
0.049
0.041
0.021
0.055
-0.019
0.036
-0.075
-0.098
-0.037
-0.022
-0.09
-0.145
-0.095
-0.065
-0.179
-0.141
-0.152
-0.221
-0.113
-0.186
-0.226
-0.205
-0.214
-0.13
-0.189
-0.129
-0.159
-0.184
-0.135
-0.15
-0.045
-0.088
-0.006
0.003
-0.011
-0.052
-0.019
-0.039
0.018
0.028
0.026
0.009
-0.014
0.139
0.12
0.135
0.151
0.131
0.223
0.151
0.113
0.099
0.118
0.135
0.06
0.009
0.061
-0.004
0.02
0.034
0.06
0.086
0.072
0.144
-0.025
0.014
0.021
0.006
0.043
-0.015
0.005
0.006
0.077
0.104
0.041
0.11
0.131
0.099
0.18
0.129
0.129
0.17
0.081
0.146
0.088
0.036
0.046
0.059
0.16
0.064
0.029
0.1
0.161
0.242
0.08
0.138
0.145
0.163
0.273
0.206
0.17
0.171
0.152
0.166
0.144
0.145
0.069
0.034
-0.033
0.015
0.0
-0.079
-0.01
-0.06
-0.188
-0.062
-0.095
-0.055
0.026
-0.085
0.01
-0.055
-0.104
-0.041
0.02
-0.016
0.01
0.052
0.043
0.116
0.143
0.161
0.219
0.196
0.251
0.121
0.236
0.283
0.268
0.284
0.234
0.352
0.314
0.319
0.345
0.324
0.319
0.383
0.41
0.395
0.395
0.362
0.376
0.374
0.349
0.375
0.383
0.374
0.312
0.312
0.258
0.341
0.296
0.116
0.116
0.06
0.081
0.103
0.049
0.122
0.109
0.129
0.163
0.145
0.046
0.066
0.074
0.0
-0.044
-0.085
-0.215
-0.164
-0.174
-0.21
-0.316
-0.24
-0.307
-0.179
-0.169
-0.195
-0.14
-0.163
-0.128
-0.134
-0.286
-0.224
-0.259
-0.194
-0.234
-0.216
-0.211
-0.241
-0.195
-0.195
-0.185
-0.15
-0.245
-0.194
-0.279
-0.185
-0.21
-0.273
-0.019
-0.06
-0.195
-0.175
-0.228
-0.147
-0.26
-0.231
-0.174
-0.26
-0.16
-0.195
0.041
-0.036
-0.089
-0.064
-0.111
-0.013
0.02
0.069
0.092
0.035
-0.06
0.009
0.041
0.072
0.09
0.134
0.158
0.151
0.174
0.199
0.301
0.453
0.465
0.581
0.541
0.514
0.475
0.484
0.436
0.458
0.468
0.383
0.355
0.336
0.297
0.316
0.281
0.352
0.416
0.309
0.225
0.235
0.217
0.31
0.292
0.269
0.177
0.176
0.193
0.147
0.103
0.061
0.075
0.026
0.064
0.034
0.003
-0.011
0.013
-0.039
-0.026
-0.041
-0.098
-0.07
-0.122
-0.116
-0.156
-0.196
-0.133
-0.124
-0.107
-0.109
-0.085
-0.143
-0.144
-0.113
-0.15
-0.175
-0.156
-0.154
-0.195
-0.19
-0.188
-0.223
-0.254
-0.131
-0.198
-0.214
-0.096
-0.284
-0.251
-0.271
-0.236
-0.276
-0.33
-0.244
-0.271
-0.221
-0.286
-0.315
-0.224
-0.281
-0.292
-0.301
-0.265
-0.259
-0.201
-0.129
-0.2
-0.141
-0.17
-0.049
-0.086
-0.113
-0.034
-0.028
0.021
0.09
0.206
0.283
0.331
0.486
0.414
0.542
0.566
0.586
0.584
0.545
0.584
0.756
0.626
0.629
0.691
0.694
0.604
0.623
0.56
0.698
0.657
0.596
0.554
0.249
0.349
0.285
0.256
0.214
0.095
0.191
0.18
0.105
0.055
0.076
0.035
0.163
0.146
0.122
0.147
0.18
0.217
0.015
-0.003
-0.184
-0.198
-0.219
-0.219
-0.206
-0.404
-0.367
-0.439
-0.492
-0.489
-0.651
-0.651
-0.726
-0.781
-0.849
-0.896
-0.94
-0.909
-0.914
-1.021
-1.014
-0.986
-0.978
-1.014
-1.01
-1.032
-0.99
-0.88
-0.999
-0.993
-1.006
-0.734
-0.677
-0.499
-0.331
-0.364
-0.14
-0.165
0.043
0.121
0.024
0.136
0.011
0.182
0.245
0.221
0.333
0.348
0.405
0.424
0.459
0.526
0.576
0.625
0.7
0.471
0.569
0.48
0.283
0.333
0.173
0.144
0.048
-0.146
-0.236
-0.378
-0.448
-0.525
-0.549
-0.541
-0.642
-0.554
-0.379
-0.346
-0.121
0.014
0.039
0.182
0.107
0.081
0.009
0.1
-0.029
0.076
0.031
0.095
0.059
0.06
0.166
0.217
0.429
0.385
0.485
0.532
0.585
0.691
0.831
0.812
0.831
0.796
0.753
0.78
0.834
0.733
0.734
0.565
0.6
0.449
0.224
0.211
0.095
0.111
-0.147
-0.225
-0.372
-0.334
-0.359
-0.318
-0.469
-0.68
-0.75
-0.768
-0.826
-0.932
-0.869
-0.848
-0.916
-0.758
-0.974
-1.036
-1.021
-0.999
-0.905
-0.774
-0.881
-0.786
-0.838
-0.978
-0.874
-0.889
-0.815
-0.785
-0.792
-0.64
-0.633
-0.52
-0.542
-0.571
-0.721
-0.635
-0.6
-0.8
-0.652
-0.699
-0.681
-0.568
-0.5
-0.65
-0.499
-0.581
-0.366
-0.225
-0.024
-0.009
0.051
0.107
0.211
0.253
0.414
0.356
0.545
0.526
0.568
0.479
0.491
0.557
0.561
0.566
0.536
0.334
0.259
0.2
0.334
0.245
0.136
0.191
0.17
0.164
0.049
-0.07
-0.013
-0.058
-0.069
-0.158
-0.069
-0.103
-0.066
-0.12
-0.039
-0.04
0.199
0.194
0.091
0.2
0.26
0.281
0.217
0.401
0.33
0.328
0.203
0.145
0.198
0.044
0.16
0.029
-0.015
0.062
-0.059
-0.072
-0.105
-0.323
-0.404
-0.365
-0.446
-0.223
-0.289
-0.198
-0.432
-0.581
-0.635
-0.821
-0.831
-0.843
-0.8
-0.763
-0.799
-0.776
-0.693
-0.598
-0.58
-0.644
-0.326
-0.32
-0.136
-0.188
-0.163
-0.055
-0.118
-0.044
-0.098
-0.168
-0.219
-0.109
-0.14
-0.114
-0.034
-0.08
0.111
0.106
0.31
0.427
0.436
0.463
0.354
0.441
0.413
0.266
0.311
0.401
0.494
0.531
0.495
0.436
0.295
0.339
0.297
0.255
0.223
0.109
0.054
-0.122
-0.12
-0.238
-0.168
-0.146
-0.054
-0.107
-0.19
-0.198
-0.251
-0.366
-0.415
-0.321
-0.424
-0.463
-0.179
-0.164
-0.066
-0.036
0.139
-0.031
-0.059
0.115
0.076
0.07
0.139
0.208
0.297
0.294
0.378
0.454
0.628
0.682
0.761
0.82
0.939
0.943
0.786
0.807
0.833
0.735
0.726
0.435
0.374
0.292
0.188
0.301
0.07
0.048
0.119
-0.004
0.175
0.184
0.014
0.134
0.036
0.149
-0.066
0.079
0.044
0.071
0.039
-0.024
0.03
0.152
0.144
0.124
0.186
0.109
0.188
0.12
0.168
0.228
0.212
0.333
0.345
0.355
0.253
0.201
0.229
0.034
0.141
0.037
-0.104
-0.065
-0.101
-0.249
-0.367
-0.484
-0.463
-0.338
-0.481
-0.565
-0.504
-0.495
-0.549
-0.603
-0.856
-0.735
-0.766
-0.86
-0.891
-0.938
-0.751
-0.551
-0.459
-0.35
-0.329
-0.328
-0.239
-0.228
0.024
-0.03
0.061
0.146
0.084
0.15
0.292
0.268
0.39
0.345
0.374
0.32
0.33
0.306
0.095
0.035
-0.101
-0.069
-0.158
-0.131
-0.109
-0.336
-0.489
-0.521
-0.484
-0.411
-0.413
-0.427
-0.417
-0.579
-0.539
-0.7
-0.763
-0.785
-1.089
-0.941
-1.248
-0.941
-0.866
-0.78
-0.695
-0.843
-0.96
-1.015
-0.828
-0.715
-0.709
-0.519
-0.405
-0.44
-0.296
-0.288
-0.208
-0.131
0.009
-0.013
0.088
0.104
0.12
0.049
0.144
0.289
0.367
0.482
0.393
0.45
0.432
0.496
0.609
0.76
1.01
1.069
1.17
1.032
1.011
1.129
0.927
0.828
0.904
0.79
0.755
0.823
0.674
0.764
0.709
0.839
0.828
0.768
0.629
0.557
0.535
0.519
0.56
0.48
0.497
0.41
0.318
0.2
0.408
0.424
0.323
0.44
0.411
0.435
0.421
0.31
0.241
0.256
0.265
0.302
0.24
0.066
0.147
0.164
0.372
0.482
0.346
0.256
0.091
0.181
0.154
0.14
0.216
0.306
0.311
0.152
0.083
0.035
0.049
0.149
0.031
0.044
-0.003
-0.059
-0.149
-0.359
-0.581
-0.656
-0.55
-0.365
-0.573
-0.515
-0.72
-0.761
-0.595
-0.73
-0.645
-0.482
-0.374
-0.195
-0.435
-0.378
-0.468
-0.325
-0.229
-0.249
-0.291
-0.236
-0.285
-0.233
-0.27
-0.247
-0.084
-0.099
-0.021
-0.021
0.026
0.045
-0.004
0.089
-0.079
-0.065
-0.079
-0.126
-0.065
0.058
0.1
0.138
0.275
0.274
0.269
0.329
0.191
0.193
0.27
0.475
0.448
0.454
0.432
0.253
0.39
0.266
0.321
0.434
0.509
0.429
0.413
0.469
0.383
0.324
0.482
0.386
0.325
0.176
0.088
0.203
0.189
0.194
0.024
0.036
-0.056
-0.001
-0.011
-0.16
-0.043
-0.149
-0.275
-0.369
-0.489
-0.266
-0.384
-0.403
-0.42
-0.388
-0.395
-0.43
-0.383
-0.505
-0.552
-0.456
-0.386
-0.445
-0.573
-0.604
-0.789
-0.736
-0.835
-0.868
-0.708
-0.524
-0.756
-0.657
-0.738
-0.666
-0.481
-0.535
-0.409
-0.432
-0.345
-0.304
-0.318
-0.189
-0.199
0.134
0.26
0.245
0.206
0.386
0.509
0.453
0.544
0.542
0.68
0.689
0.78
0.681
0.63
0.537
0.807
0.802
0.776
0.791
0.802
0.734
0.685
0.444
0.438
0.466
0.501
0.532
0.475
0.46
0.406
0.175
0.135
0.164
0.056
0.107
0.077
0.001
0.077
-0.11
-0.228
-0.159
-0.228
-0.188
-0.099
-0.285
-0.131
-0.304
-0.297
-0.411
-0.316
-0.168
-0.156
-0.159
-0.242
-0.18
-0.194
-0.278
-0.375
-0.301
-0.176
-0.175
-0.168
-0.229
-0.152
-0.268
-0.198
-0.28
-0.386
-0.365
-0.254
-0.356
-0.119
0.011
-0.109
0.004
-0.015
-0.04
-0.12
-0.029
-0.051
-0.079
-0.144
-0.149
-0.265
-0.339
-0.156
-0.098
-0.092
0.022
-0.106
0.011
-0.003
-0.135
-0.244
-0.215
-0.276
-0.501
-0.524
-0.604
-0.708
-0.595
-0.718
-0.684
-0.536
-0.805
-0.819
-0.944
-0.768
-0.796
-0.82
-0.873
-0.893
-0.991
-0.81
-0.938
-0.708
-0.635
-0.601
-0.494
-0.458
-0.343
-0.274
-0.259
-0.201
-0.155
-0.077
-0.124
-0.013
0.128
0.18
0.315
0.301
0.564
0.556
0.434
0.5
0.46
0.5
0.42
0.406
0.451
0.438
0.514
0.456
0.247
0.305
0.215
0.329
0.445
0.253
0.47
0.531
0.495
0.629
0.496
0.376
0.265
0.01
0.03
-0.109
-0.006
-0.072
-0.125
-0.106
-0.254
-0.122
0.003
-0.133
-0.281
-0.226
-0.062
0.028
-0.033
-0.08
-0.098
0.062
0.145
0.094
0.005
0.049
-0.101
-0.195
-0.235
-0.463
-0.42
-0.487
-0.463
-0.421
-0.454
-0.522
-0.61
-0.605
-0.527
-0.474
-0.318
-0.289
-0.283
-0.24
-0.324
-0.286
-0.189
-0.065
-0.081
-0.011
0.168
0.229
0.271
0.365
0.37
0.453
0.529
0.688
0.76
0.665
0.657
0.75
0.784
0.844
0.759
0.812
0.667
0.769
0.769
0.794
0.979
1.019
1.096
1.119
1.085
0.935
1.032
0.869
1.041
0.889
0.756
0.675
0.675
0.623
0.539
0.644
0.509
0.554
0.486
0.311
0.246
0.231
0.122
-0.019
-0.107
-0.268
-0.194
-0.301
-0.45
-0.46
-0.562
-0.52
-0.516
-0.541
-0.594
-0.589
-0.49
-0.448
-0.354
-0.438
-0.279
-0.285
-0.184
-0.231
-0.098
-0.141
-0.12
-0.05
-0.003
0.034
0.18
0.223
0.278
0.195
0.145
0.289
0.161
0.099
0.212
-0.062
-0.004
-0.076
-0.206
-0.292
-0.315
-0.195
-0.29
-0.155
-0.253
-0.339
-0.238
-0.268
-0.275
-0.294
-0.345
-0.255
-0.326
-0.256
-0.323
-0.239
-0.344
-0.276
-0.256
-0.3
-0.281
-0.226
-0.188
-0.233
-0.103
-0.19
-0.124
-0.119
-0.072
0.109
0.122
0.223
0.186
0.139
0.344
0.286
0.31
0.211
0.223
0.188
0.188
0.263
0.306
0.188
0.296
0.305
0.268
0.103
0.125
0.122
-0.055
0.043
-0.043
-0.05
-0.133
-0.062
-0.081
0.033
0.013
0.01
0.174
0.046
0.069
-0.065
0.033
-0.242
-0.281
-0.357
-0.32
-0.236
-0.176
-0.146
-0.25
-0.28
-0.249
-0.217
-0.074
-0.05
0.013
-0.025
-0.036
-0.043
0.075
0.061
0.094
-0.092
0.289
0.209
-0.08
-0.201
-0.312
-0.324
-0.446
-0.494
-0.471
-0.604
-0.73
-0.794
-0.874
-0.796
-0.859
-0.856
-0.955
-0.761
-0.854
-0.885
-1.011
-0.966
-0.85
-0.89
-0.834
-0.805
-0.726
-0.745
-0.76
-0.711
-0.726
-0.574
-0.609
-0.463
-0.324
-0.379
-0.455
-0.381
-0.331
-0.403
-0.239
-0.196
-0.016
-0.12
0.103
-0.094
0.084
0.316
0.217
0.375
0.464
0.554
0.56
0.694
0.671
0.831
0.922
0.899
1.117
1.115
1.199
1.174
1.218
1.214
1.124
1.163
1.029
1.052
1.008
0.926
0.763
0.701
0.768
0.864
0.631
0.816
0.568
0.631
0.634
0.566
0.651
0.44
0.519
0.444
0.35
0.39
0.355
0.436
0.196
0.072
0.089
-0.005
-0.022
-0.351
-0.266
-0.276
-0.297
-0.29
-0.411
-0.522
-0.311
-0.417
-0.44
-0.464
-0.429
-0.249
-0.268
-0.24
-0.129
-0.253
-0.255
-0.159
-0.219
-0.234
-0.155
-0.159
-0.138
-0.195
-0.383
-0.329
-0.459
-0.352
-0.264
-0.333
-0.128
0.044
-0.034
-0.039
0.083
0.261
0.372
0.349
0.534
0.651
0.655
0.735
0.799
0.943
0.777
0.754
0.812
0.826
0.833
0.616
0.615
0.542
0.564
0.573
0.443
0.278
0.198
0.171
0.081
0.009
-0.016
-0.029
-0.045
-0.143
0.039
0.005
-0.06
0.088
-0.036
-0.185
-0.209
-0.217
0.004
0.014
0.004
0.176
0.205
0.116
0.205
0.259
0.234
0.238
0.348
0.365
0.189
0.26
0.238
0.072
0.013
-0.044
-0.125
-0.083
-0.075
-0.099
-0.171
-0.164
-0.203
-0.269
-0.306
-0.393
-0.443
-0.229
-0.17
-0.221
-0.236
-0.324
-0.296
-0.241
-0.29
-0.275
-0.205
-0.299
-0.269
-0.427
-0.271
-0.39
-0.297
-0.154
-0.279
-0.307
-0.396
-0.47
-0.39
-0.391
-0.324
-0.193
-0.122
0.135
0.026
0.098
0.066
0.081
0.302
0.236
0.223
0.12
0.182
0.103
0.141
0.09
0.244
0.289
0.193
0.295
0.214
0.299
0.255
0.285
0.216
0.126
0.234
0.17
-0.052
-0.056
-0.028
-0.09
-0.016
0.041
0.021
-0.054
-0.031
-0.06
-0.076
-0.244
0.015
-0.069
-0.244
-0.113
-0.194
-0.221
-0.233
-0.15
-0.134
-0.184
-0.214
-0.103
-0.305
-0.286
-0.405
-0.41
-0.458
-0.439
-0.345
-0.33
-0.4
-0.2
-0.241
-0.177
0.054
0.1
0.22
0.219
0.106
0.146
0.165
0.055
0.12
0.094
-0.028
-0.005
0.009
0.228
0.206
0.116
0.07
-0.12
-0.07
0.026
-0.013
-0.061
-0.105
-0.081
0.036
-0.092
0.31
0.331
0.385
0.346
0.31
0.35
0.319
0.182
0.161
0.278
0.311
0.345
0.57
0.675
0.634
0.625
0.599
0.736
0.716
0.61
0.654
0.787
0.649
0.611
0.609
0.461
0.398
0.508
0.58
0.581
0.599
0.541
0.531
0.561
0.405
0.51
0.391
0.273
0.25
0.249
0.107
0.111
0.03
-0.103
-0.135
-0.077
-0.268
-0.413
-0.409
-0.391
-0.274
-0.39
-0.43
-0.24
-0.186
-0.2
-0.121
-0.095
-0.024
0.037
0.076
0.058
-0.04
0.07
0.046
0.168
0.186
0.288
0.175
0.274
0.216
0.271
0.223
0.15
0.216
0.25
0.176
0.249
0.199
0.396
0.448
0.549
0.478
0.628
0.685
0.7
0.662
0.792
0.828
0.733
0.853
0.914
0.883
0.77
0.79
0.608
0.494
0.316
0.381
0.288
0.43
0.114
0.086
-0.022
-0.019
0.028
-0.101
-0.089
-0.076
-0.247
-0.115
-0.264
-0.251
-0.249
-0.278
-0.2
-0.336
-0.188
-0.336
-0.355
-0.39
-0.464
-0.37
-0.286
-0.274
-0.296
-0.475
-0.312
-0.229
-0.214
-0.276
-0.066
-0.099
0.175
0.07
0.098
0.116
0.113
0.134
0.092
0.111
0.15
0.269
0.24
0.345
0.422
0.352
0.399
0.276
0.244
0.415
0.346
0.432
0.329
0.136
0.164
0.098
0.045
0.021
-0.065
-0.052
-0.288
-0.261
-0.362
-0.138
-0.151
-0.154
0.009
0.071
0.143
0.105
0.133
0.245
0.211
0.084
0.143
0.166
0.195
0.275
0.316
0.338
0.215
0.185
0.141
0.088
0.03
-0.111
-0.092
0.019
-0.081
-0.235
-0.321
-0.326
-0.343
-0.304
-0.395
-0.486
-0.354
-0.284
-0.285
-0.125
-0.309
-0.165
-0.288
-0.236
-0.238
-0.47
-0.441
-0.395
-0.436
-0.371
-0.411
-0.33
-0.341
-0.44
-0.647
-0.659
-0.517
-0.486
-0.355
-0.438
-0.422
-0.35
-0.311
-0.487
-0.365
-0.355
-0.25
-0.236
-0.276
-0.19
-0.138
-0.003
-0.006
-0.01
-0.001
0.225
0.334
0.379
0.386
0.362
0.422
0.35
0.378
0.314
0.158
0.096
-0.195
-0.115
-0.205
-0.133
-0.184
-0.189
-0.404
-0.51
-0.723
-0.601
-0.509
-0.474
-0.42
-0.209
-0.244
-0.339
-0.179
-0.356
-0.163
-0.019
-0.037
-0.018
0.06
0.143
0.12
0.25
0.271
0.344
0.266
0.089
0.045
-0.138
-0.015
0.009
-0.058
-0.134
-0.219
-0.165
-0.24
-0.113
-0.143
-0.083
-0.199
-0.39
-0.369
-0.371
-0.499
-0.611
-0.605
-0.797
-0.965
-0.978
-1.193
-1.154
-1.364
-1.279
-1.274
-1.155
-1.036
-1.093
-1.281
-1.194
-1.306
-1.234
-1.105
-1.021
-0.854
-0.764
-0.746
-0.685
-0.662
-0.639
-0.583
-0.62
-0.819
-0.75
-0.787
-0.844
-0.841
-0.728
-0.782
-0.804
-0.741
-0.71
-0.579
-0.481
-0.354
-0.331
-0.041
0.095
0.126
0.235
0.294
0.311
0.426
0.515
0.529
0.601
0.728
0.646
0.659
0.664
0.86
0.888
0.854
0.8
0.709
0.583
0.535
0.588
0.422
0.554
0.623
0.589
0.544
0.416
0.475
0.494
0.436
0.224
0.286
0.247
0.307
0.286
0.19
0.154
0.145
0.228
0.118
-0.031
-0.188
-0.321
-0.349
-0.571
-0.662
-0.566
-0.659
-0.894
-0.85
-0.946
-0.991
-1.016
-1.185
-1.222
-1.222
-1.185
-1.12
-1.218
-1.14
-1.292
-1.239
-1.278
-1.387
-1.21
-1.14
-1.175
-1.06
-0.996
-0.848
-0.893
-0.996
-0.894
-0.774
-0.665
-0.603
-0.552
-0.38
-0.278
-0.173
-0.146
-0.104
0.181
0.186
0.331
0.434
0.492
0.426
0.49
0.585
0.682
0.725
0.694
0.768
0.736
0.75
0.812
0.72
0.776
0.758
0.73
0.647
0.516
0.458
0.399
0.357
0.198
0.251
0.128
0.101
0.072
0.188
0.281
0.194
0.323
0.449
0.381
0.211
0.111
0.059
0.124
0.189
0.21
0.141
0.17
0.269
0.139
0.106
0.086
0.26
0.185
0.13
0.111
0.11
0.1
0.163
0.159
0.09
-0.106
-0.155
-0.201
-0.369
-0.474
-0.381
-0.422
-0.38
-0.26
-0.095
-0.039
0.006
-0.001
0.076
0.138
0.125
0.295
0.32
0.47
0.601
0.431
0.376
0.195
0.061
0.091
-0.136
0.029
-0.109
-0.025
0.094
0.118
0.147
0.116
0.171
0.131
0.136
0.071
0.07
0.251
0.164
0.254
0.205
0.131
0.055
-0.039
-0.08
-0.224
-0.294
-0.301
-0.3
-0.306
-0.133
0.04
0.011
-0.026
-0.052
0.043
0.044
0.064
0.306
0.103
0.323
0.589
0.514
0.492
0.53
0.415
0.455
0.29
0.495
0.537
0.569
0.555
0.654
0.679
0.598
0.503
0.408
0.217
0.113
0.03
0.074
0.128
0.146
0.238
0.26
0.241
0.185
0.18
0.088
0.13
0.126
-0.103
-0.149
-0.14
-0.304
-0.446
-0.422
-0.496
-0.456
-0.454
-0.511
-0.532
-0.56
-0.496
-0.596
-0.526
-0.723
-0.725
-0.741
-0.85
-0.846
-0.848
-0.794
-0.636
-0.618
-0.526
-0.576
-0.444
-0.39
-0.485
-0.5
-0.499
-0.359
-0.314
-0.352
-0.201
-0.299
-0.271
-0.344
-0.334
-0.425
-0.56
-0.544
-0.631
-0.665
-0.633
-0.676
-0.605
-0.796
-0.911
-1.115
-1.099
-0.938
-0.988
-0.835
-0.866
-0.826
-0.701
-0.593
-0.564
-0.419
-0.216
-0.152
-0.003
0.056
-0.03
0.058
0.124
0.147
0.05
0.033
0.079
0.006
-0.001
-0.004
0.028
0.021
0.16
0.261
0.38
0.374
0.404
0.421
0.474
0.556
0.564
0.641
0.611
0.385
0.471
0.438
0.547
0.605
0.541
0.416
0.506
0.759
0.859
0.805
0.838
0.829
0.782
0.728
0.682
0.729
0.739
0.694
0.865
0.89
0.975
0.948
0.902
0.816
0.645
0.579
0.631
0.68
0.733
0.739
0.659
0.844
0.703
0.708
0.675
0.521
0.413
0.336
0.479
0.324
0.307
0.479
0.461
0.345
0.334
0.145
0.208
-0.036
-0.026
-0.152
-0.27
-0.263
-0.375
-0.44
-0.604
-0.769
-0.573
-0.599
-0.609
-0.662
-0.694
-0.838
-0.71
-0.806
-0.744
-0.746
-0.776
-0.746
-0.772
-0.776
-0.766
-0.398
-0.361
-0.405
-0.324
-0.3
-0.133
-0.179
-0.1
-0.031
0.149
0.33
0.366
0.367
0.333
0.352
0.359
0.33
0.289
0.244
0.323
0.331
0.413
0.33
0.435
0.445
0.352
0.438
0.329
0.256
0.314
0.199
0.221
0.297
0.304
0.279
0.414
0.494
0.297
0.316
0.125
0.125
0.206
0.098
0.146
0.104
0.059
-0.025
-0.019
-0.242
-0.22
-0.414
-0.346
-0.336
-0.639
-0.714
-0.746
-0.797
-0.907
-1.058
-0.909
-1.008
-0.924
-0.954
-0.879
-0.82
-0.745
-0.666
-0.615
-0.619
-0.466
-0.461
-0.474
-0.43
-0.444
-0.394
-0.225
-0.276
-0.343
-0.345
-0.208
-0.198
-0.22
-0.226
-0.255
-0.075
0.007
0.096
0.159
0.189
0.219
0.245
0.389
0.455
0.503
0.485
0.522
0.556
0.596
0.461
0.449
0.471
0.464
0.415
0.434
0.595
0.624
0.674
0.723
0.719
0.651
0.504
0.49
0.367
0.278
0.255
0.116
0.005
0.103
0.168
0.149
0.208
0.118
0.044
0.072
0.121
0.045
0.025
-0.124
-0.122
-0.039
-0.136
-0.035
-0.041
-0.028
-0.151
-0.224
-0.186
-0.21
-0.246
-0.128
-0.235
-0.306
-0.254
-0.295
-0.343
-0.354
-0.45
-0.273
-0.341
-0.403
-0.413
-0.146
-0.131
-0.133
-0.021
-0.003
0.08
0.113
0.316
0.319
0.424
0.495
0.566
0.571
0.429
0.398
0.348
0.259
0.268
0.089
-0.028
-0.166
-0.228
-0.185
-0.235
-0.185
-0.189
-0.334
-0.409
-0.356
-0.364
-0.379
-0.261
-0.26
-0.434
-0.427
-0.471
-0.348
-0.249
-0.372
-0.323
-0.297
-0.264
-0.318
-0.481
-0.296
-0.271
-0.365
-0.384
-0.348
-0.3
-0.16
-0.208
-0.176
-0.147
-0.121
0.005
0.021
0.09
0.219
0.185
0.445
0.427
0.456
0.443
0.379
0.399
0.398
0.35
0.268
0.275
0.129
0.054
0.106
0.147
0.158
0.181
0.221
0.301
0.185
0.283
0.242
0.324
0.422
0.193
0.38
0.245
0.37
0.362
0.343
0.45
0.458
0.497
0.399
0.341
0.284
0.221
0.055
0.269
0.101
0.24
0.263
0.147
0.242
0.324
0.182
0.115
0.096
0.253
0.098
0.118
0.21
0.297
0.176
0.281
0.323
0.331
0.305
0.367
0.365
0.185
0.245
0.219
0.299
0.111
0.129
0.051
-0.058
-0.134
-0.119
-0.116
-0.176
-0.13
-0.219
-0.224
-0.095
-0.275
-0.14
0.021
-0.143
-0.007
-0.074
0.062
-0.004
0.025
0.021
-0.069
-0.166
-0.279
-0.273
-0.27
-0.134
-0.307
-0.294
-0.261
-0.455
-0.311
-0.331
-0.328
-0.351
-0.46
-0.424
-0.271
-0.4
-0.19
-0.221
-0.095
-0.194
-0.095
-0.145
-0.111
-0.022
0.054
-0.06
0.085
0.109
0.181
0.059
0.033
0.051
0.111
0.321
0.371
0.475
0.564
0.723
0.64
0.755
0.545
0.519
0.314
0.323
0.417
0.445
0.626
0.573
0.595
0.595
0.398
0.244
0.226
0.269
0.165
0.088
0.151
0.031
0.147
0.076
0.147
0.239
0.312
0.304
0.448
0.575
0.496
0.59
0.509
0.439
0.386
0.399
0.25
0.121
0.066
0.072
0.019
0.037
-0.094
0.201
0.085
0.11
0.149
0.147
0.246
0.265
0.385
0.271
0.118
0.24
0.29
0.381
0.158
0.131
0.253
0.239
0.119
0.135
0.2
-0.079
0.024
0.113
0.095
0.135
-0.014
-0.044
-0.048
-0.092
-0.13
-0.13
-0.083
0.013
0.141
0.19
0.211
-0.009
-0.015
0.039
-0.079
-0.189
-0.12
-0.111
-0.058
-0.152
-0.145
-0.209
-0.12
-0.209
-0.23
-0.319
-0.375
-0.486
-0.576
-0.541
-0.481
-0.422
-0.419
-0.39
-0.334
-0.378
-0.129
-0.089
-0.107
0.114
0.199
0.224
0.18
0.403
0.398
0.581
0.532
0.576
0.676
0.516
0.685
0.631
0.794
0.859
0.781
1.09
0.864
0.97
0.901
0.917
0.983
1.01
1.024
0.978
0.834
0.7
0.684
0.626
0.537
0.649
0.73
0.491
0.51
0.28
0.186
0.208
0.041
0.147
0.114
-0.026
0.241
-0.091
-0.026
-0.179
-0.18
-0.145
-0.226
-0.094
-0.072
-0.121
-0.188
-0.163
-0.217
-0.146
-0.139
-0.092
0.044
-0.089
0.164
0.174
0.098
0.124
0.226
0.255
0.394
0.365
0.411
0.431
0.415
0.405
0.497
0.414
0.266
0.085
0.244
0.275
0.352
0.339
0.306
0.534
0.629
0.279
0.352
0.465
0.4
0.39
0.316
0.404
0.468
0.766
0.885
0.914
0.901
1.042
0.963
0.812
0.825
0.831
0.796
0.888
0.888
0.9
0.779
0.749
0.878
1.036
0.926
1.004
1.002
1.028
1.01
0.684
0.631
0.504
0.417
0.369
0.2
0.149
0.113
0.004
0.094
0.165
0.264
0.323
0.274
0.278
0.217
0.291
0.261
0.346
0.224
0.263
0.171
0.199
0.376
0.26
0.223
0.195
0.201
0.259
0.209
0.084
0.015
-0.115
-0.09
-0.094
-0.241
-0.37
-0.444
-0.235
-0.284
-0.074
-0.13
0.061
-0.055
0.025
0.069
0.12
-0.006
-0.051
-0.029
-0.048
0.051
-0.009
-0.146
-0.007
-0.054
-0.115
0.01
0.024
0.075
-0.016
0.07
-0.169
-0.233
-0.074
-0.028
-0.234
-0.144
-0.274
-0.216
-0.052
0.07
-0.01
-0.034
-0.045
0.077
0.054
-0.048
-0.144
-0.415
-0.421
-0.527
-0.631
-0.75
-0.866
-0.969
-1.1
-1.198
-1.135
-1.086
-1.101
-0.912
-0.846
-0.866
-0.843
-0.969
-0.975
-0.876
-0.611
-0.603
-0.544
-0.738
-0.503
-0.352
-0.41
-0.264
-0.318
-0.15
-0.194
-0.065
0.049
0.021
0.255
0.179
0.089
-0.003
0.039
0.083
0.014
0.086
0.143
-0.095
0.015
0.203
0.039
-0.036
-0.104
-0.001
-0.058
-0.18
-0.025
-0.175
-0.226
-0.379
-0.284
-0.241
-0.143
-0.031
-0.155
0.075
-0.03
-0.085
-0.086
-0.113
-0.025
-0.081
0.041
0.044
0.004
-0.062
-0.154
-0.107
-0.163
-0.254
-0.422
-0.359
-0.239
-0.2
-0.029
-0.001
0.168
0.182
0.193
0.331
0.21
0.113
0.089
0.046
0.052
-0.06
-0.022
0.061
0.292
0.404
0.508
0.657
0.615
0.693
0.809
0.674
0.589
0.745
1.005
1.135
1.08
1.0
1.085
1.137
1.025
1.159
1.075
1.105
1.107
1.26
1.137
0.978
0.985
0.796
0.784
0.504
0.393
0.251
0.225
0.307
0.158
0.14
-0.039
-0.096
-0.188
-0.1
-0.171
-0.271
-0.098
-0.048
-0.319
-0.465
-0.44
-0.534
-0.623
-0.615
-0.609
-0.669
-0.719
-0.841
-0.911
-0.812
-0.796
-0.835
-0.838
-0.904
-0.83
-1.0
-0.886
-0.869
-0.659
-0.436
-0.336
-0.329
-0.366
-0.306
-0.479
-0.371
-0.422
-0.291
-0.326
-0.234
-0.291
-0.201
-0.15
-0.101
-0.077
0.077
0.058
0.315
0.318
0.375
0.431
0.578
0.665
0.642
0.64
0.624
0.521
0.361
0.376
0.403
0.309
0.453
0.289
0.234
0.145
0.276
0.203
0.128
-0.085
-0.054
-0.191
-0.223
-0.129
-0.38
-0.486
-0.441
-0.375
-0.27
-0.224
-0.244
-0.254
-0.283
-0.075
-0.19
-0.052
-0.054
-0.085
-0.026
-0.005
0.145
0.203
0.299
0.443
0.445
0.514
0.415
0.409
0.37
0.375
0.189
0.09
0.1
0.084
0.094
0.088
0.091
0.253
0.2
0.115
-0.09
-0.001
-0.116
-0.161
0.035
-0.035
0.026
-0.158
-0.094
-0.36
-0.349
-0.236
-0.266
-0.304
-0.371
-0.499
-0.596
-0.636
-0.711
-0.716
-0.768
-0.885
-0.893
-0.874
-0.905
-0.861
-0.899
-0.741
-0.805
-0.885
-0.916
-0.824
-0.751
-0.681
-0.699
-0.634
-0.466
-0.453
-0.348
-0.416
-0.414
-0.129
-0.184
0.026
0.271
0.354
0.386
0.446
0.56
0.557
0.581
0.621
0.501
0.524
0.524
0.468
0.44
0.521
0.604
0.667
0.521
0.378
0.481
0.395
0.352
0.296
0.455
0.555
0.655
0.609
0.6
0.541
0.591
0.544
0.453
0.41
0.269
0.247
0.329
0.348
0.367
0.149
-0.061
-0.092
-0.177
-0.224
-0.336
-0.284
-0.144
-0.011
-0.305
-0.435
-0.539
-0.698
-0.635
-0.545
-0.466
-0.341
-0.325
-0.357
-0.328
-0.224
-0.224
-0.269
-0.264
-0.214
-0.214
-0.175
-0.169
-0.165
-0.266
-0.321
-0.033
-0.152
-0.126
-0.033
-0.244
-0.449
-0.541
-0.624
-0.552
-0.615
-0.621
-0.642
-0.584
-0.649
-0.713
-0.799
-0.709
-0.635
-0.677
-0.669
-0.541
-0.551
-0.549
-0.649
-0.519
-0.432
-0.474
-0.441
-0.531
-0.401
-0.335
-0.194
-0.048
-0.101
-0.092
-0.026
0.059
0.07
0.147
0.098
0.321
0.306
0.283
0.4
0.425
0.448
0.416
0.394
0.264
0.217
0.318
0.223
0.231
0.155
0.258
0.241
0.283
0.194
0.165
0.188
0.234
0.188
0.224
0.274
0.411
0.532
0.633
0.655
0.588
0.688
0.633
0.769
0.79
0.726
0.661
0.515
0.471
0.338
0.266
0.301
0.344
0.297
0.173
0.091
0.101
0.19
0.225
0.335
0.168
0.479
0.236
0.168
0.138
0.185
0.055
-0.001
0.066
-0.238
-0.406
-0.372
-0.506
-0.504
-0.46
-0.484
-0.469
-0.551
-0.478
-0.475
-0.338
-0.463
-0.297
-0.312
-0.323
-0.329
-0.43
-0.307
-0.331
-0.401
-0.307
-0.372
-0.405
-0.399
-0.464
-0.51
-0.593
-0.579
-0.581
-0.579
-0.435
-0.356
-0.446
-0.391
-0.459
-0.611
-0.667
-0.657
-0.703
-0.564
-0.388
-0.435
-0.552
-0.436
-0.53
-0.463
-0.425
-0.444
-0.274
-0.388
-0.32
-0.463
-0.266
-0.309
-0.244
-0.274
-0.247
-0.184
-0.049
-0.029
0.004
0.045
0.092
0.593
0.646
0.629
0.774
0.816
0.91
1.021
0.964
1.026
1.095
1.198
1.176
1.088
1.281
1.137
1.159
1.117
1.134
0.895
0.911
0.935
0.811
0.718
0.641
0.715
0.667
0.522
0.351
0.173
0.083
-0.052
-0.096
-0.198
-0.268
-0.499
-0.57
-0.806
-0.797
-0.853
-0.889
-0.945
-1.101
-0.984
-0.973
-0.794
-0.766
-0.738
-0.571
-0.638
-0.434
-0.503
-0.463
-0.438
-0.381
-0.343
-0.526
-0.36
-0.361
-0.28
-0.309
-0.4
-0.401
-0.458
-0.279
-0.238
-0.208
-0.181
0.025
0.174
0.14
0.253
0.239
0.333
0.241
0.13
0.256
0.231
0.258
0.229
0.319
0.395
0.49
0.661
0.624
0.58
0.527
0.456
0.401
0.439
0.453
0.424
0.444
0.331
0.301
0.324
0.307
0.269
0.29
0.255
0.333
0.263
0.247
0.126
0.14
0.147
-0.089
-0.173
-0.163
-0.271
-0.281
-0.314
-0.367
-0.469
-0.551
-0.618
-0.641
-0.695
-0.689
-0.686
-0.432
-0.475
-0.638
-0.626
-0.689
-0.534
-0.56
-0.395
-0.266
-0.261
-0.088
-0.101
-0.11
-0.077
-0.043
-0.101
0.054
-0.104
-0.225
-0.234
0.033
0.013
-0.039
-0.099
-0.22
-0.143
-0.242
-0.284
-0.236
-0.302
-0.219
-0.199
-0.14
-0.104
-0.009
0.051
-0.125
-0.165
-0.18
-0.049
0.019
0.146
0.138
0.214
0.17
0.122
0.124
-0.016
-0.099
0.199
0.133
0.224
0.173
0.253
0.158
0.174
0.239
0.239
0.381
0.367
0.119
0.249
0.138
0.139
0.059
0.246
0.179
-0.092
-0.022
-0.131
0.041
0.007
0.105
0.039
0.058
-0.129
-0.14
-0.071
-0.064
0.076
0.101
0.2
0.128
0.046
0.013
-0.064
-0.044
-0.247
-0.343
-0.339
-0.355
-0.426
-0.441
-0.508
-0.664
-0.661
-0.729
-0.751
-0.451
-0.646
-0.449
-0.49
-0.4
-0.325
-0.424
-0.362
-0.429
-0.328
-0.23
-0.24
-0.258
-0.343
-0.436
-0.478
-0.535
-0.68
-0.525
-0.652
-0.594
-0.731
-0.615
-0.67
-0.611
-0.591
-0.555
-0.496
-0.463
-0.405
-0.39
-0.239
-0.231
-0.208
-0.051
-0.129
0.07
0.198
0.224
0.186
0.206
0.215
0.328
0.348
0.458
0.458
0.485
0.571
0.398
0.429
0.564
0.688
0.685
0.669
0.61
0.745
0.545
0.699
0.698
0.671
0.647
0.485
0.395
0.421
0.348
0.379
0.17
0.094
0.19
0.044
-0.103
-0.25
-0.223
-0.278
-0.158
-0.138
-0.128
-0.182
-0.258
-0.147
-0.193
-0.164
-0.118
-0.179
-0.155
-0.085
-0.139
-0.041
-0.013
0.111
-0.019
0.056
-0.041
-0.028
0.217
0.128
0.278
0.159
0.166
0.318
0.175
0.286
0.31
0.259
0.249
0.223
0.292
0.259
0.381
0.291
0.312
0.41
0.294
0.401
0.481
0.463
0.455
0.435
0.352
0.369
0.349
0.224
0.196
0.211
0.451
0.391
0.509
0.453
0.62
0.574
0.766
0.665
0.641
0.549
0.474
0.583
0.522
0.591
0.595
0.733
0.645
0.628
0.574
0.534
0.716
0.691
0.631
0.685
0.703
0.787
0.656
0.705
0.63
0.764
1.0
0.95
0.941
1.059
1.163
1.134
1.218
1.103
1.126
1.125
1.13
1.026
1.06
0.946
1.28
1.125
0.965
0.901
0.904
0.902
0.846
0.919
0.886
0.87
0.79
0.699
0.74
0.665
0.84
0.709
0.721
0.74
0.795
0.819
0.69
0.768
0.688
0.598
0.53
0.443
0.241
0.059
-0.052
-0.229
-0.229
-0.372
-0.312
-0.469
-0.484
-0.66
-0.919
-0.893
-0.963
-0.991
-0.97
-0.819
-0.879
-0.953
-1.116
-0.985
-1.035
-1.23
-1.353
-1.708
-1.555
-1.681
-1.742
-1.647
-1.603
-1.699
-1.792
-1.669
-1.603
-1.519
-1.384
-1.399
-1.139
-1.164
-1.2
-1.094
-1.069
-1.012
-0.954
-0.802
-0.973
-0.946
-0.953
-0.739
-0.542
-0.367
-0.265
-0.424
-0.156
-0.152
-0.307
-0.118
-0.037
0.229
0.21
0.116
-0.18
-0.158
-0.17
-0.034
-0.09
-0.015
0.352
0.324
0.364
0.289
0.2
0.28
0.217
0.284
0.383
0.205
0.36
0.443
0.403
0.166
0.041
0.092
-0.193
-0.254
-0.406
-0.245
-0.045
0.089
0.292
0.306
0.294
0.417
0.343
0.475
0.771
0.835
1.046
1.131
1.021
1.079
1.022
1.024
1.176
1.174
1.301
1.35
1.335
1.2
1.357
1.271
1.181
1.488
1.636
1.566
1.505
1.566
1.346
1.276
1.125
0.927
0.876
0.849
0.716
0.858
0.966
0.623
0.435
0.48
0.225
0.007
-0.189
-0.233
-0.444
-0.625
-0.76
-0.996
-0.943
-0.841
-0.86
-0.953
-0.912
-0.991
-0.985
-0.879
-0.965
-0.815
-1.124
-0.959
-0.848
-0.834
-0.825
-0.931
-0.574
-0.581
-0.305
-0.251
-0.316
-0.083
-0.209
-0.145
-0.138
-0.019
-0.081
0.04
0.059
-0.049
-0.309
-0.118
-0.28
-0.249
-0.191
-0.274
-0.176
-0.265
0.044
0.056
0.011
0.19
0.223
0.404
0.471
0.346
0.522
0.482
0.475
0.625
0.66
0.551
0.499
0.547
0.346
0.411
0.434
0.304
0.47
0.486
0.504
0.484
0.406
0.374
0.2
0.139
0.064
0.006
-0.037
-0.054
0.024
-0.161
-0.179
-0.338
-0.376
-0.371
-0.35
-0.171
-0.259
-0.194
-0.186
-0.223
-0.098
-0.025
-0.06
-0.101
-0.223
-0.383
-0.046
-0.425
-0.35
-0.301
-0.351
-0.485
-0.274
-0.174
-0.029
0.064
0.11
0.161
0.131
0.156
0.226
0.045
0.1
0.122
0.208
-0.009
-0.062
-0.231
-0.198
-0.366
-0.281
-0.281
-0.146
-0.286
-0.4
-0.356
-0.366
-0.468
-0.329
-0.385
-0.311
-0.29
-0.091
-0.12
-0.125
0.161
0.011
0.044
0.092
0.036
-0.033
-0.119
-0.1
-0.19
-0.043
0.056
0.165
0.103
0.077
0.105
0.061
0.011
0.107
-0.024
-0.043
-0.094
0.015
-0.085
-0.02
-0.095
-0.182
-0.151
-0.359
-0.369
-0.443
-0.57
-0.475
-0.615
-0.776
-0.864
-0.924
-1.006
-0.964
-1.018
-1.074
-0.861
-0.946
-1.055
-1.17
-1.114
-0.995
-1.042
-0.894
-0.829
-0.666
-0.728
-0.651
-0.67
-0.578
-0.593
-0.724
-0.759
-0.654
-0.599
-0.591
-0.581
-0.408
-0.506
-0.302
-0.301
-0.161
-0.051
-0.039
0.043
0.081
0.076
0.079
-0.011
0.07
0.101
0.05
-0.009
-0.17
-0.075
-0.096
-0.15
-0.111
-0.306
-0.125
-0.131
-0.069
0.083
0.034
0.066
-0.056
-0.144
-0.166
-0.155
-0.09
-0.1
-0.195
-0.276
-0.224
-0.24
-0.383
-0.524
-0.562
-0.646
-0.749
-0.746
-0.922
-1.045
-1.039
-1.1
-1.096
-1.115
-0.912
-1.006
-0.938
-0.858
-1.016
-1.024
-1.13
-0.968
-0.926
-0.998
-0.897
-0.825
-0.763
-0.616
-0.59
-0.532
-0.549
-0.304
-0.238
-0.226
-0.208
-0.043
0.113
0.18
0.214
0.179
0.385
0.631
0.719
0.833
0.917
0.938
0.856
0.926
0.87
0.888
0.922
1.078
1.066
1.035
1.175
1.035
1.016
0.973
0.89
0.84
0.823
0.755
0.9
0.738
0.781
0.641
0.608
0.651
0.647
0.58
0.441
0.276
0.544
0.381
0.255
0.205
0.071
0.233
0.075
0.15
0.035
-0.119
-0.135
-0.159
-0.169
-0.276
-0.176
-0.205
-0.198
-0.234
-0.201
-0.156
-0.331
-0.236
-0.311
-0.234
-0.139
-0.126
-0.233
-0.188
-0.122
-0.141
-0.103
-0.166
-0.205
-0.118
-0.065
-0.011
0.041
-0.128
-0.092
-0.126
-0.069
-0.118
0.125
0.106
0.188
0.286
0.414
0.59
0.569
0.497
0.545
0.601
0.689
0.698
