0.284
0.261
0.269
0.35
0.436
0.403
0.161
0.079
0.061
-0.014
-0.011
-0.01
-0.08
-0.039
-0.095
-0.037
-0.21
-0.17
-0.165
-0.169
-0.079
-0.216
-0.195
-0.16
-0.101
-0.043
0.028
0.049
0.098
0.066
0.098
-0.062
-0.081
-0.119
-0.107
-0.182
-0.182
-0.212
-0.223
-0.28
-0.374
-0.436
-0.455
-0.568
-0.652
-0.736
-0.726
-0.609
-0.584
-0.583
-0.672
-0.701
-0.736
-0.789
-0.858
-0.718
-0.969
-0.998
-1.005
-0.986
-0.931
-0.854
-0.835
-0.753
-0.608
-0.63
-0.601
-0.47
-0.497
-0.395
-0.37
-0.305
-0.371
-0.138
0.033
0.094
0.249
0.196
0.315
0.357
0.494
0.569
0.545
0.639
0.576
0.608
0.471
0.305
0.362
0.271
0.309
0.224
0.198
0.236
0.2
0.14
-0.056
-0.119
-0.119
-0.264
-0.18
-0.081
-0.17
-0.091
0.0
0.036
-0.056
-0.029
0.134
0.225
0.278
0.31
0.304
0.315
0.199
0.16
0.069
-0.024
0.043
0.085
0.109
0.048
0.069
0.06
0.077
0.049
0.133
0.119
0.203
0.274
0.224
0.294
0.296
0.311
0.268
0.235
0.216
0.19
0.226
0.224
0.228
0.228
0.241
0.29
0.344
0.458
0.325
0.367
0.473
0.386
0.481
0.47
0.552
0.465
0.36
0.615
0.375
0.422
0.468
0.514
0.552
0.562
0.598
0.547
0.574
0.535
0.519
0.575
0.531
0.644
0.59
0.54
0.496
0.503
0.631
0.45
0.39
0.399
0.46
0.408
0.454
0.458
0.325
0.203
0.077
0.139
0.116
0.275
0.32
0.233
0.208
0.075
0.066
-0.007
-0.036
0.004
0.026
0.024
-0.007
0.071
0.003
-0.022
-0.085
-0.118
-0.044
-0.039
-0.156
-0.056
0.048
-0.035
-0.07
-0.113
-0.233
-0.328
-0.245
-0.305
-0.235
-0.289
-0.251
-0.145
-0.115
-0.044
0.061
0.092
-0.005
-0.029
-0.114
-0.121
-0.05
0.033
0.04
0.175
0.264
0.249
0.146
0.198
0.091
0.143
0.116
0.105
0.02
-0.048
0.076
0.041
0.106
0.1
-0.045
0.295
0.029
0.134
0.104
0.036
-0.019
0.069
0.06
0.174
0.036
-0.168
-0.141
-0.109
-0.11
-0.176
-0.345
-0.244
-0.16
-0.118
-0.14
-0.236
-0.136
-0.169
-0.159
-0.198
-0.15
0.062
0.105
0.19
0.163
0.233
0.168
0.37
0.26
0.177
0.147
0.114
0.156
0.096
0.014
0.092
0.193
0.139
0.054
0.198
-0.043
0.096
0.111
0.06
0.091
0.107
0.024
0.092
-0.043
-0.049
-0.161
-0.111
-0.016
0.043
-0.079
-0.088
0.039
0.029
0.134
0.092
-0.009
-0.133
0.031
0.07
0.074
-0.034
0.059
0.077
0.007
0.07
-0.099
0.1
0.125
0.302
0.391
0.376
0.479
0.524
0.664
0.579
0.624
0.58
0.568
0.541
0.401
0.421
0.411
0.5
0.394
0.156
0.245
0.226
0.121
0.044
-0.129
-0.289
-0.514
-0.619
-0.743
-0.736
-0.786
-0.838
-0.925
-0.849
-0.983
-1.134
-1.104
-1.048
-0.976
-0.874
-0.775
-0.593
-0.487
-0.281
-0.177
-0.133
-0.076
-0.158
-0.203
-0.193
-0.163
-0.239
-0.201
-0.189
-0.19
-0.186
-0.314
-0.104
-0.289
-0.191
-0.338
-0.242
-0.238
-0.235
-0.079
-0.013
-0.043
0.13
0.186
0.089
0.077
0.138
0.155
0.141
0.236
0.195
0.125
0.143
0.007
-0.055
0.049
0.096
0.149
0.149
-0.024
-0.177
-0.131
-0.089
-0.055
-0.065
-0.036
-0.016
-0.059
-0.139
-0.241
-0.291
-0.181
-0.164
-0.198
-0.169
-0.296
-0.165
-0.226
-0.096
-0.021
-0.074
-0.013
0.08
0.039
-0.134
0.029
0.109
0.135
0.095
0.031
0.011
0.076
0.341
0.365
0.422
0.492
0.599
0.527
0.521
0.566
0.504
0.473
0.405
0.409
0.532
0.491
0.497
0.461
0.531
0.296
0.089
0.116
0.105
0.096
0.058
-0.029
0.039
0.056
0.275
0.413
0.625
0.901
0.949
0.953
0.953
1.145
1.134
1.222
1.195
1.113
1.055
1.081
1.146
1.083
1.018
0.938
0.799
0.708
0.64
0.631
0.541
0.656
0.666
0.662
0.511
0.435
0.331
0.289
0.115
0.144
0.119
0.03
-0.015
-0.036
-0.17
-0.307
-0.319
-0.469
-0.461
-0.616
-0.671
-0.66
-0.694
-0.686
-0.708
-0.797
-0.614
-0.576
-0.566
-0.566
-0.51
-0.471
-0.415
-0.381
-0.389
-0.38
-0.29
-0.288
-0.325
-0.45
-0.497
-0.463
-0.324
-0.409
-0.41
-0.486
-0.598
-0.601
-0.682
-0.719
-0.638
-0.508
-0.362
-0.3
-0.306
-0.145
-0.18
-0.261
-0.288
-0.296
-0.27
-0.077
-0.035
-0.059
-0.05
0.089
0.107
0.036
0.134
0.066
0.039
0.09
0.154
0.158
0.156
0.163
0.17
0.177
0.216
0.084
0.159
0.046
0.036
-0.143
-0.098
-0.064
-0.15
-0.09
-0.076
-0.105
-0.249
-0.075
-0.03
0.034
0.26
0.171
0.229
0.115
0.071
0.021
0.138
0.283
0.35
0.425
0.362
0.306
0.4
0.289
0.156
0.083
-0.041
0.09
-0.058
-0.129
-0.211
-0.152
0.0
0.105
0.29
0.046
0.135
0.154
0.133
0.307
0.301
0.129
0.193
0.085
0.159
0.113
0.15
0.245
0.404
0.615
0.606
0.482
0.429
0.489
0.341
0.331
0.271
0.171
0.198
0.168
0.168
0.121
-0.079
-0.169
-0.276
-0.18
-0.324
-0.188
-0.091
-0.13
-0.105
-0.092
-0.074
-0.101
-0.122
-0.161
-0.255
-0.525
-0.473
-0.542
-0.695
-0.711
-0.598
-0.718
-0.562
-0.664
-0.51
-0.51
-0.58
-0.487
-0.51
-0.486
-0.514
-0.413
-0.575
-0.571
-0.441
-0.478
-0.453
-0.443
-0.393
-0.333
-0.422
-0.444
-0.515
-0.544
-0.639
-0.716
-0.674
-0.74
-0.623
-0.537
-0.549
-0.508
-0.564
-0.781
-0.573
-0.46
-0.409
-0.352
-0.355
-0.454
-0.295
-0.385
-0.461
-0.408
-0.335
-0.295
-0.261
-0.168
-0.101
0.029
0.021
0.088
0.22
0.14
0.31
0.27
0.208
0.269
0.362
0.396
0.389
0.464
0.554
0.625
0.614
0.651
0.69
0.599
0.661
0.729
0.703
0.766
0.694
0.739
0.601
0.566
0.719
0.754
0.611
0.474
0.503
0.464
0.263
0.501
0.35
0.509
0.201
-0.025
-0.216
-0.144
-0.381
-0.438
-0.574
-0.575
-0.491
-0.517
-0.566
-0.549
-0.688
-0.676
-0.585
-0.662
-0.569
-0.91
-0.761
-0.733
-0.774
-0.907
-0.968
-0.871
-0.723
-0.797
-0.994
-0.863
-0.855
-0.67
-0.65
-0.586
-0.519
-0.409
-0.205
-0.193
-0.074
-0.066
0.179
0.122
0.147
0.136
0.064
0.186
0.065
0.055
0.171
0.116
0.366
0.339
0.398
0.375
0.338
0.461
0.454
0.427
0.503
0.487
0.48
0.46
0.436
0.364
0.302
0.236
0.355
0.369
0.475
0.411
0.444
0.372
0.506
0.473
0.4
0.419
0.453
0.53
0.557
0.546
0.487
0.471
0.506
0.496
0.519
0.435
0.338
0.362
0.45
0.486
0.421
0.348
0.28
0.169
0.085
-0.051
-0.091
0.007
-0.175
-0.406
-0.375
-0.524
-0.758
-0.774
-0.878
-0.796
-0.713
-0.65
-0.453
-0.329
-0.366
-0.566
-0.682
-0.654
-0.67
-0.641
-0.619
-0.779
-0.679
-0.853
-0.874
-0.866
-0.88
-0.84
-0.78
-0.629
-0.671
-0.74
-0.555
-0.339
-0.329
-0.323
-0.24
-0.11
-0.061
0.049
0.079
0.35
0.432
0.383
0.362
0.364
0.429
0.414
0.521
0.595
0.367
0.606
0.463
0.557
0.609
0.492
0.581
0.406
0.576
0.343
0.239
0.309
0.346
0.147
0.14
0.134
0.271
-0.004
-0.168
-0.28
-0.028
-0.147
-0.075
-0.279
-0.301
-0.266
-0.246
-0.203
-0.203
-0.175
-0.05
0.083
0.056
0.165
0.174
0.318
0.464
0.39
0.375
0.357
0.386
0.399
0.628
0.312
0.389
0.461
0.479
0.544
0.598
0.626
0.584
0.55
0.431
0.393
0.499
0.615
0.65
0.506
0.503
0.5
0.469
0.438
0.427
0.326
0.261
0.125
0.139
0.06
0.036
0.028
-0.084
-0.166
-0.145
-0.42
-0.32
-0.206
-0.256
-0.201
-0.233
-0.349
-0.261
-0.356
-0.325
-0.28
-0.001
-0.006
0.055
0.083
-0.026
0.056
0.154
0.039
0.074
-0.015
-0.009
-0.147
-0.035
-0.103
-0.039
-0.22
-0.11
-0.02
-0.244
-0.214
-0.275
-0.188
-0.196
-0.043
-0.072
0.01
0.02
0.211
0.244
0.328
0.45
0.439
0.515
0.57
0.393
0.531
0.652
0.479
0.626
0.315
0.383
0.351
0.323
0.378
0.354
0.351
0.307
0.404
0.307
0.219
0.201
0.281
0.2
0.089
0.143
0.028
0.04
0.0
0.268
0.105
0.309
0.371
0.258
0.346
0.147
0.372
0.206
0.024
0.089
0.119
0.128
-0.055
-0.009
-0.024
-0.193
-0.163
-0.203
-0.088
-0.044
-0.147
-0.11
-0.14
-0.212
-0.226
-0.264
-0.321
-0.175
-0.276
-0.128
-0.211
-0.331
-0.271
-0.258
-0.214
-0.151
-0.107
-0.101
-0.088
-0.016
-0.194
-0.037
-0.158
-0.084
-0.235
-0.173
-0.291
-0.13
-0.152
-0.135
-0.024
-0.039
0.116
0.044
-0.018
0.018
0.046
0.029
0.024
-0.096
0.035
0.193
0.366
0.273
0.59
0.715
0.735
0.731
0.766
0.733
0.721
0.638
0.72
0.561
0.441
0.349
0.074
-0.015
-0.231
-0.134
-0.26
-0.424
-0.304
-0.286
-0.378
-0.544
-0.659
-0.624
-0.736
-0.691
-0.739
-0.691
-0.665
-0.844
-0.924
-0.985
-0.876
-0.836
-0.943
-1.059
-1.089
-1.126
-1.119
-1.143
-1.24
-1.333
-1.312
-1.324
-1.339
-1.383
-1.335
-1.318
-1.306
-1.301
-1.167
-1.268
-1.175
-1.016
-0.814
-0.764
-0.662
-0.649
-0.599
-0.526
-0.49
-0.474
-0.422
-0.4
-0.439
-0.436
-0.53
-0.417
-0.409
-0.255
-0.101
-0.007
0.135
0.258
0.286
0.378
0.388
0.486
0.514
0.725
0.646
0.851
0.751
0.719
0.701
0.874
0.801
0.804
0.915
0.786
0.746
0.649
0.616
0.698
0.691
0.791
0.772
0.629
0.695
0.604
0.628
0.624
0.524
0.443
0.48
0.451
0.434
0.517
0.468
0.394
0.466
0.374
0.486
0.484
0.352
0.598
0.333
0.505
0.469
0.38
0.331
0.321
0.216
0.221
0.217
0.188
0.224
0.131
0.146
0.266
0.408
0.086
0.191
0.129
0.129
0.091
0.024
-0.028
-0.069
-0.019
-0.018
-0.058
0.025
-0.061
-0.007
-0.072
-0.074
-0.179
-0.076
-0.135
-0.145
-0.3
-0.199
-0.141
-0.161
-0.15
-0.134
-0.278
-0.261
-0.37
-0.46
-0.393
-0.345
-0.211
-0.273
-0.085
-0.244
-0.071
-0.141
-0.096
-0.246
-0.122
-0.074
-0.154
-0.155
-0.096
0.036
0.089
0.158
0.226
0.164
0.242
0.188
0.28
0.269
0.258
0.233
0.124
0.058
0.02
0.124
0.044
-0.049
0.085
0.011
0.0
-0.045
0.009
0.109
-0.029
-0.079
0.074
0.141
-0.072
-0.084
-0.016
-0.037
-0.058
-0.037
-0.103
-0.154
-0.025
-0.105
0.036
-0.089
0.133
-0.056
-0.079
0.054
0.033
0.039
0.048
-0.013
-0.114
-0.111
-0.04
-0.01
-0.003
-0.069
-0.091
0.019
-0.035
-0.079
-0.115
-0.119
-0.122
-0.259
-0.181
-0.116
-0.131
-0.211
-0.17
-0.166
-0.13
-0.052
-0.022
-0.054
-0.065
0.011
-0.029
-0.013
-0.096
-0.165
-0.171
-0.241
-0.306
-0.284
-0.266
-0.326
-0.396
-0.485
-0.487
-0.532
-0.55
-0.646
-0.571
-0.865
-0.925
-0.819
-0.775
-0.681
-0.684
-0.606
-0.545
-0.49
-0.536
-0.425
-0.355
-0.273
-0.341
-0.364
-0.292
-0.249
-0.133
-0.1
-0.056
-0.044
-0.001
0.134
0.156
0.146
0.219
0.203
0.228
0.302
0.175
0.241
0.346
0.4
0.404
0.345
0.393
0.226
0.398
0.438
0.36
0.427
0.383
0.375
0.388
0.249
0.28
0.284
0.413
0.333
0.409
0.253
0.212
0.253
0.231
0.071
0.081
0.159
0.133
0.01
0.074
0.116
0.12
0.024
0.056
-0.004
0.044
-0.025
-0.061
-0.009
-0.092
-0.061
-0.066
-0.085
-0.163
-0.136
-0.121
-0.203
-0.084
-0.206
-0.11
-0.12
-0.194
-0.165
-0.184
-0.221
-0.239
-0.276
-0.208
-0.242
-0.286
-0.289
-0.29
-0.312
-0.312
-0.258
-0.375
-0.429
-0.398
-0.451
-0.35
-0.479
-0.367
-0.331
-0.256
-0.224
-0.133
-0.133
-0.055
-0.203
-0.238
-0.23
-0.234
-0.133
-0.256
-0.305
-0.273
-0.254
-0.191
-0.254
-0.279
-0.247
-0.138
-0.164
-0.092
-0.154
-0.11
0.006
0.035
0.103
0.1
0.155
0.254
0.177
0.17
0.179
0.199
0.3
0.331
0.349
0.33
0.421
0.414
0.408
0.35
0.286
0.283
0.217
0.198
0.048
0.241
-0.015
0.05
0.026
0.054
0.065
0.06
0.131
0.081
0.173
0.152
0.289
0.234
0.224
0.188
0.19
0.138
0.039
0.098
0.014
-0.014
-0.031
0.056
-0.022
-0.056
-0.095
-0.006
0.056
0.034
0.028
0.128
0.034
0.107
0.098
0.107
0.058
0.244
0.2
0.182
0.276
0.255
0.216
0.269
0.24
0.203
0.208
0.18
0.188
0.154
0.145
0.177
0.019
-0.044
0.011
-0.013
0.079
0.089
0.135
0.122
0.088
0.076
-0.001
0.055
0.138
0.147
0.121
0.119
0.119
0.15
0.086
0.144
0.004
0.024
-0.069
-0.006
-0.076
-0.075
-0.029
0.051
0.072
-0.114
-0.052
-0.029
0.048
0.0
-0.014
0.013
0.08
0.08
0.113
0.075
0.104
0.055
0.11
0.025
0.029
0.056
-0.016
0.041
0.058
0.171
0.099
0.124
0.203
0.241
0.223
0.33
0.381
0.405
0.385
0.338
0.359
0.295
0.479
0.495
0.42
0.485
0.413
0.522
0.444
0.521
0.526
0.451
0.588
0.505
0.448
0.529
0.738
0.599
0.547
0.517
0.519
0.338
0.396
0.396
0.278
0.226
0.182
0.271
0.216
0.311
0.329
0.235
0.169
0.161
0.015
0.092
0.059
-0.046
-0.145
-0.203
-0.355
-0.374
-0.31
-0.388
-0.425
-0.484
-0.389
-0.41
-0.438
-0.422
-0.474
-0.371
-0.42
-0.349
-0.384
-0.403
-0.324
-0.37
-0.37
-0.511
-0.422
-0.57
-0.541
-0.438
-0.599
-0.49
-0.496
-0.616
-0.626
-0.464
-0.469
-0.604
-0.531
-0.484
-0.389
-0.46
-0.426
-0.386
-0.299
-0.244
-0.181
-0.113
-0.026
-0.133
-0.166
-0.186
-0.16
-0.113
-0.141
-0.009
-0.17
-0.163
-0.072
0.031
0.055
0.18
0.179
0.271
0.305
0.25
0.212
0.316
0.238
0.226
0.361
0.32
0.478
0.524
0.482
0.501
0.69
0.81
0.801
0.79
0.797
0.761
0.796
0.745
0.726
0.723
0.583
0.535
0.365
0.357
0.219
0.18
0.24
-0.006
0.083
-0.014
-0.103
-0.161
-0.188
-0.143
-0.18
-0.273
-0.31
-0.256
-0.356
-0.369
-0.401
-0.441
-0.414
-0.426
-0.478
-0.524
-0.403
-0.517
-0.441
-0.475
-0.566
-0.506
-0.393
-0.325
-0.474
-0.393
-0.389
-0.365
-0.371
-0.445
-0.42
-0.484
-0.422
-0.51
-0.41
-0.422
-0.425
-0.27
-0.341
-0.234
-0.238
-0.109
0.034
-0.075
-0.09
-0.077
-0.1
-0.034
-0.071
0.065
0.206
0.149
0.294
0.301
0.163
0.234
0.281
0.276
0.273
0.466
0.357
0.436
0.414
0.258
0.362
0.441
0.537
0.519
0.517
0.525
0.555
0.581
0.676
0.695
0.684
0.73
0.657
0.706
0.725
0.624
0.642
0.633
0.649
0.689
0.713
0.633
0.685
0.665
0.595
0.545
0.431
0.427
0.255
0.163
0.105
0.147
0.028
-0.036
0.026
0.118
0.099
0.201
0.251
0.211
0.14
0.175
0.209
0.176
0.206
0.173
0.225
0.088
0.13
0.231
0.259
0.266
0.372
0.315
0.388
0.283
0.259
0.261
0.307
0.319
0.249
0.328
0.297
0.318
0.193
0.044
0.171
0.098
0.145
0.299
0.284
0.32
0.374
0.398
0.334
0.383
0.338
0.431
0.301
0.409
0.37
0.492
0.57
0.564
0.576
0.599
0.6
0.365
0.198
0.133
0.05
-0.07
-0.072
-0.036
-0.199
-0.107
-0.289
-0.258
-0.297
-0.408
-0.33
-0.352
-0.379
-0.554
-0.6
-0.614
-0.586
-0.66
-0.735
-0.699
-0.669
-0.586
-0.625
-0.636
-0.693
-0.66
-0.481
-0.444
-0.364
-0.344
-0.301
-0.295
-0.448
-0.557
-0.466
-0.47
-0.458
-0.3
-0.334
-0.217
-0.208
-0.152
-0.143
-0.095
0.035
0.028
0.15
0.234
0.278
0.361
0.403
0.551
0.61
0.656
0.691
0.59
0.631
0.616
0.6
0.484
0.44
0.38
0.344
0.253
0.366
0.045
0.2
0.147
0.198
0.216
0.115
0.083
0.059
0.244
0.255
0.259
0.456
0.505
0.443
0.405
0.474
0.419
0.529
0.43
0.511
0.453
0.331
0.416
0.3
0.268
0.168
0.422
0.256
0.216
-0.098
-0.318
-0.256
-0.376
-0.334
-0.535
-0.594
-0.591
-0.531
-0.57
-0.724
-0.675
-0.738
-0.68
-0.733
-0.777
-0.72
-0.848
-0.706
-0.534
-0.514
-0.609
-0.657
-0.631
-0.656
-0.549
-0.526
-0.331
-0.214
-0.13
-0.185
-0.129
-0.084
-0.106
0.0
-0.058
-0.113
-0.155
-0.13
-0.143
-0.309
-0.343
-0.439
-0.388
-0.361
-0.481
-0.482
-0.312
-0.289
-0.338
-0.515
-0.537
-0.511
-0.473
-0.504
-0.546
-0.579
-0.665
-0.624
-0.676
-0.92
-1.058
-0.914
-1.061
-1.075
-0.879
-0.736
-0.824
-0.859
-0.838
-0.754
-0.499
-0.579
-0.615
-0.367
-0.351
-0.339
-0.296
-0.196
-0.241
-0.185
0.029
0.14
0.264
0.166
0.301
0.454
0.578
0.714
0.62
0.679
0.611
0.655
0.763
0.731
0.624
0.571
0.664
0.708
0.635
0.499
0.459
0.425
0.454
0.421
0.35
0.185
0.173
0.182
0.07
-0.134
-0.106
-0.241
-0.444
-0.554
-0.601
-0.701
-0.758
-0.764
-0.743
-0.766
-0.754
-0.709
-0.74
-0.691
-0.705
-0.734
-0.75
-0.794
-0.705
-0.774
-0.691
-0.641
-0.496
-0.48
-0.545
-0.421
-0.289
-0.225
-0.286
-0.458
-0.514
-0.51
-0.594
-0.711
-0.7
-0.745
-0.635
-0.62
-0.611
-0.665
-0.573
-0.628
-0.42
-0.369
-0.241
-0.163
0.059
-0.01
0.124
0.003
-0.009
0.374
0.378
0.621
0.725
0.841
0.989
1.051
1.121
1.163
1.284
1.241
1.284
1.26
1.166
1.175
1.115
1.189
1.143
1.231
1.066
0.969
0.955
0.756
0.456
0.278
0.135
0.088
0.045
-0.065
-0.181
-0.141
-0.149
-0.092
-0.009
0.143
-0.02
-0.113
-0.083
-0.283
-0.39
-0.369
-0.316
-0.346
-0.304
-0.231
-0.14
-0.026
-0.069
0.115
0.24
0.171
-0.151
-0.292
-0.231
-0.1
-0.188
-0.201
-0.156
-0.158
-0.256
-0.065
-0.054
-0.163
-0.309
-0.374
-0.464
-0.436
-0.398
-0.526
-0.465
-0.66
-0.589
-0.667
-0.694
-0.74
-0.693
-0.656
-0.623
-0.651
-0.619
-0.655
-0.556
-0.499
-0.369
-0.254
-0.154
-0.134
-0.13
-0.046
-0.071
0.04
0.17
0.165
0.294
0.38
0.361
0.421
0.49
0.403
0.384
0.486
0.231
0.256
0.324
0.391
0.336
0.35
0.195
0.126
0.037
-0.039
-0.054
-0.179
-0.194
-0.261
-0.49
-0.492
-0.586
-0.585
-0.691
-0.549
-0.696
-0.677
-0.561
-0.556
-0.417
-0.404
-0.245
-0.301
-0.305
-0.289
-0.244
-0.278
-0.371
-0.296
-0.318
-0.263
-0.191
-0.198
-0.336
-0.454
-0.516
-0.634
-0.565
-0.591
-0.676
-0.628
-0.695
-0.667
-0.508
-0.465
-0.542
-0.471
-0.46
-0.413
-0.244
-0.122
-0.13
-0.066
0.029
0.08
0.169
0.103
0.06
0.146
0.255
0.4
0.348
0.378
0.456
0.42
0.39
0.312
0.279
0.2
0.155
0.146
-0.077
-0.094
-0.278
-0.239
-0.352
-0.419
-0.413
-0.578
-0.608
-0.716
-0.638
-0.764
-0.699
-0.811
-0.73
-0.646
-0.629
-0.634
-0.662
-0.514
-0.497
-0.54
-0.551
-0.455
-0.581
-0.576
-0.449
-0.336
-0.209
0.025
-0.013
0.134
0.275
0.169
0.323
0.372
0.51
0.619
0.741
0.73
0.608
0.521
0.555
0.684
0.811
0.896
0.896
0.926
0.958
0.968
1.035
0.963
0.931
0.844
0.912
0.93
0.935
0.949
1.008
0.955
0.921
0.921
0.849
0.769
0.846
0.716
0.576
0.484
0.378
0.319
0.4
0.279
0.339
0.319
0.105
0.007
0.024
0.03
0.025
0.109
0.045
-0.066
-0.101
-0.092
-0.1
-0.055
-0.095
0.043
-0.02
0.024
0.048
0.135
0.115
0.11
-0.025
-0.126
0.015
-0.169
-0.149
-0.22
-0.245
-0.299
-0.341
-0.357
-0.489
-0.409
-0.469
-0.534
-0.478
-0.542
-0.521
-0.448
-0.432
-0.463
-0.458
-0.42
-0.537
-0.584
-0.471
-0.439
-0.47
-0.464
-0.492
-0.36
-0.367
-0.419
-0.36
-0.131
-0.139
-0.011
-0.001
0.066
0.019
0.126
0.15
0.122
0.199
0.12
0.096
0.103
0.168
0.138
0.151
0.345
0.335
0.225
0.133
0.077
0.014
0.072
-0.076
-0.022
0.079
0.094
0.154
-0.028
-0.077
0.143
0.195
0.185
0.139
0.003
0.04
-0.045
-0.003
-0.101
-0.013
-0.029
0.104
0.125
0.146
0.105
0.239
0.209
0.048
-0.04
0.039
0.089
0.259
0.309
0.338
0.323
0.362
0.351
0.29
0.233
0.122
0.208
0.158
0.242
0.26
0.223
0.191
0.215
-0.015
0.031
-0.107
-0.107
-0.059
-0.388
-0.489
-0.596
-0.723
-0.779
-0.809
-0.83
-0.974
-0.995
-1.044
-0.88
-0.979
-1.036
-1.044
-0.941
-0.856
-0.766
-0.671
-0.698
-0.869
-0.749
-0.807
-0.844
-0.711
-0.568
-0.671
-0.699
-0.674
-0.642
-0.295
-0.238
-0.015
0.01
0.026
0.024
0.003
0.131
0.111
0.16
0.279
0.417
0.526
0.569
0.589
0.661
0.547
0.504
0.606
0.708
0.688
0.756
0.716
0.805
0.792
0.725
0.628
0.586
0.537
0.431
0.376
0.436
0.408
0.283
0.092
0.066
-0.021
-0.069
-0.065
-0.181
-0.069
-0.069
-0.048
-0.046
0.009
0.052
-0.062
-0.101
-0.226
-0.224
-0.329
-0.46
-0.499
-0.55
-0.494
-0.376
-0.23
-0.362
-0.309
-0.245
-0.228
-0.278
-0.242
-0.16
-0.284
-0.211
-0.279
-0.38
-0.384
-0.478
-0.424
-0.503
-0.351
-0.505
-0.364
-0.28
-0.18
-0.318
-0.261
-0.155
-0.131
-0.066
-0.126
-0.034
-0.006
-0.104
-0.045
-0.044
-0.013
0.039
-0.029
-0.061
0.004
-0.044
-0.201
0.004
-0.231
-0.355
-0.311
-0.469
-0.348
-0.512
-0.455
-0.445
-0.481
-0.529
-0.35
-0.221
-0.371
-0.324
-0.473
-0.531
-0.324
-0.331
-0.133
-0.134
-0.179
-0.062
-0.045
0.041
-0.058
0.113
0.116
0.225
0.355
0.335
0.386
0.432
0.251
0.179
0.211
0.122
0.194
0.254
0.323
0.314
0.362
0.352
0.334
0.335
0.444
0.43
0.336
0.251
0.269
0.159
0.036
-0.139
-0.151
-0.069
-0.156
-0.206
-0.37
-0.49
-0.557
-0.739
-1.012
-1.11
-1.121
-1.336
-1.225
-1.329
-1.193
-1.314
-1.252
-1.186
-1.184
-1.133
-1.054
-0.905
-0.868
-0.713
-0.674
-0.458
-0.534
-0.491
-0.286
-0.165
-0.021
0.115
0.284
0.365
0.362
0.427
0.403
0.468
0.54
0.618
0.624
0.701
0.766
0.789
0.978
0.893
0.806
0.991
0.86
0.901
0.88
0.916
0.939
0.901
0.927
0.869
0.921
0.874
0.924
0.906
0.906
0.921
0.812
0.797
0.889
0.854
0.831
0.777
0.709
0.54
0.444
0.466
0.497
0.584
0.531
0.47
0.489
0.657
0.61
0.71
0.639
0.661
0.804
0.829
0.865
0.941
0.946
0.934
0.981
0.916
0.924
0.709
0.843
0.706
0.691
0.631
0.671
0.811
0.479
0.316
0.338
0.062
0.135
-0.04
-0.154
-0.246
-0.173
-0.299
-0.475
-0.446
-0.465
-0.514
-0.638
-0.825
-0.856
-0.879
-0.86
-1.127
-0.935
-0.824
-0.883
-0.983
-1.015
-1.066
-0.986
-0.994
-0.894
-0.879
-0.864
-0.755
-0.708
-0.694
-0.718
-0.468
-0.61
-0.413
-0.431
-0.389
-0.306
-0.27
-0.129
-0.147
-0.223
-0.028
-0.001
0.015
-0.133
-0.036
-0.165
-0.254
-0.18
0.029
0.143
0.075
0.279
0.266
0.296
0.171
0.251
0.291
0.194
0.208
0.399
0.432
0.42
0.578
0.59
0.535
0.639
0.62
0.649
0.605
0.65
0.672
0.615
0.517
0.489
0.6
0.416
0.492
0.356
0.365
0.311
0.285
0.203
0.139
0.246
0.19
0.158
-0.046
-0.109
-0.104
-0.184
-0.265
-0.212
-0.051
-0.206
0.033
-0.185
-0.376
-0.325
-0.189
-0.116
-0.24
-0.294
-0.164
-0.235
-0.182
-0.231
-0.244
-0.251
-0.289
-0.288
-0.22
-0.161
-0.013
0.044
0.039
0.061
0.118
0.166
0.35
0.21
0.478
0.48
0.453
0.435
0.4
0.47
0.371
0.383
0.348
0.299
0.399
0.341
0.362
0.306
0.306
0.346
0.47
0.436
0.434
0.371
0.286
0.288
0.315
0.336
0.444
0.235
0.221
0.198
0.165
0.12
0.171
0.171
0.01
0.171
0.129
0.149
0.099
0.398
0.246
0.351
0.31
0.273
0.414
0.504
0.506
0.408
0.297
0.375
0.302
0.485
0.478
0.584
0.468
0.44
0.511
0.385
0.375
0.371
0.439
0.482
0.454
0.446
0.357
0.281
0.238
0.174
0.2
0.164
0.26
0.224
0.193
0.077
0.084
0.037
0.156
-0.06
-0.077
-0.155
-0.169
-0.235
-0.226
-0.124
-0.086
-0.059
-0.051
-0.059
0.026
0.001
0.092
0.021
0.081
0.194
0.309
0.364
0.401
0.408
0.495
0.499
0.328
0.259
0.283
0.42
0.508
0.585
0.419
0.499
0.482
0.369
0.318
0.427
0.396
0.38
0.326
0.339
0.378
0.26
0.059
0.034
0.037
0.011
-0.15
-0.013
0.016
0.02
0.18
-0.086
-0.25
-0.233
-0.249
-0.21
-0.205
-0.256
-0.297
-0.501
-0.32
-0.555
-0.489
-0.537
-0.753
-0.509
-0.515
-0.379
-0.396
-0.161
-0.01
0.003
-0.134
-0.198
-0.004
0.107
0.07
0.164
0.268
0.374
0.314
0.485
0.465
0.618
0.824
0.83
0.932
1.005
0.99
1.034
0.988
1.09
1.235
1.1
1.166
0.995
0.984
1.049
1.008
0.895
1.084
0.981
1.031
1.001
1.032
1.028
1.093
1.137
0.969
1.137
1.008
1.109
1.041
0.996
0.994
0.802
0.784
0.794
0.769
0.62
0.604
0.43
0.177
0.329
0.241
0.381
0.2
0.185
0.235
0.251
0.176
0.116
0.198
0.186
0.235
0.203
0.103
0.098
0.029
0.069
0.198
0.114
0.184
0.193
0.193
0.145
0.095
0.26
0.228
-0.048
0.061
-0.15
-0.074
0.034
0.255
0.122
0.021
-0.295
-0.289
-0.33
-0.261
-0.432
-0.304
-0.279
-0.281
-0.453
-0.557
-0.492
-0.461
-0.361
-0.244
-0.105
-0.045
-0.1
-0.062
-0.138
-0.209
-0.44
-0.37
-0.367
-0.304
-0.341
-0.496
-0.385
-0.199
-0.109
0.1
0.141
0.247
0.334
0.569
0.642
0.749
0.744
0.809
0.931
0.885
0.906
0.818
0.9
1.035
0.786
0.805
0.965
1.021
1.137
1.144
0.958
0.965
0.946
0.839
0.708
0.657
0.701
0.545
0.438
0.302
0.295
0.325
0.365
0.289
0.128
0.06
0.11
0.091
-0.091
-0.215
-0.233
-0.223
-0.278
-0.401
-0.296
-0.276
-0.18
-0.242
-0.152
-0.152
-0.141
-0.274
-0.349
-0.51
-0.72
-0.779
-0.85
-0.881
-0.917
-0.916
-0.755
-0.774
-0.814
-0.746
-0.846
-0.696
-0.66
-0.635
-0.624
-0.729
-0.606
-0.68
-0.576
-0.605
-0.588
-0.436
-0.329
-0.281
-0.094
-0.037
0.128
0.141
0.083
0.072
0.134
0.051
0.092
0.064
-0.06
0.007
-0.095
0.182
0.261
0.231
0.336
0.471
0.594
0.41
0.386
0.294
0.38
0.504
0.489
0.49
0.546
0.524
0.532
0.492
0.429
0.375
0.254
0.131
0.143
0.255
-0.107
-0.209
-0.22
-0.364
-0.454
-0.408
-0.458
-0.321
-0.47
-0.235
-0.339
-0.263
-0.356
-0.539
-0.623
-0.689
-0.47
-0.545
-0.552
-0.46
-0.478
-0.389
-0.403
-0.406
-0.47
-0.278
-0.394
-0.35
-0.333
-0.344
-0.345
-0.396
-0.174
-0.209
-0.378
-0.341
-0.341
-0.276
-0.196
-0.15
-0.168
-0.238
-0.244
-0.156
-0.185
-0.062
-0.03
0.09
0.065
0.171
0.035
-0.043
-0.058
0.003
-0.016
-0.094
-0.046
0.126
0.156
0.086
0.026
0.081
0.051
0.176
0.07
-0.044
-0.145
-0.062
-0.033
0.001
-0.05
-0.036
-0.064
-0.081
-0.126
-0.086
-0.041
0.048
-0.011
-0.158
-0.346
-0.285
-0.319
-0.356
-0.195
-0.239
-0.385
-0.31
-0.309
-0.176
-0.193
-0.122
-0.141
-0.24
-0.122
-0.134
-0.049
-0.119
-0.339
-0.224
-0.312
-0.306
-0.246
-0.301
-0.174
-0.31
-0.217
-0.309
-0.409
-0.473
-0.659
-0.574
-0.69
-0.585
-0.601
-0.65
-0.628
-0.569
-0.624
-0.601
-0.693
-0.666
-0.655
-0.474
-0.532
-0.49
-0.654
-0.638
-0.517
-0.661
-0.541
-0.429
-0.388
-0.292
-0.174
-0.179
-0.062
-0.206
-0.018
-0.024
-0.021
-0.014
0.13
0.163
0.216
0.361
0.306
0.246
0.144
0.253
-0.195
-0.143
-0.164
-0.154
-0.048
-0.005
0.009
0.059
0.05
-0.106
-0.116
-0.021
-0.014
-0.033
0.003
0.065
0.084
0.28
0.265
0.346
0.37
0.415
0.349
0.256
0.284
0.144
0.121
0.049
0.024
0.01
-0.12
-0.034
0.035
-0.019
-0.134
-0.338
-0.331
-0.348
-0.413
-0.446
-0.263
-0.304
-0.316
-0.276
-0.203
-0.291
-0.395
-0.307
-0.241
0.07
-0.045
-0.155
-0.181
-0.043
-0.03
-0.039
-0.139
-0.13
-0.163
-0.105
-0.164
-0.076
-0.089
-0.076
-0.126
-0.203
-0.256
-0.291
-0.191
-0.088
-0.256
-0.089
-0.028
-0.118
-0.149
-0.195
-0.194
-0.088
-0.103
-0.098
-0.062
-0.048
0.056
0.08
0.086
-0.015
-0.158
-0.044
-0.104
-0.152
-0.266
-0.234
-0.211
-0.251
-0.244
-0.275
-0.3
-0.378
-0.416
-0.395
-0.494
-0.319
-0.309
-0.249
-0.274
-0.116
-0.14
-0.229
-0.339
-0.305
-0.388
-0.388
-0.357
-0.263
-0.181
-0.211
-0.163
-0.06
-0.31
-0.219
-0.228
-0.074
-0.104
-0.076
0.08
-0.001
0.246
0.171
0.273
0.244
0.249
0.43
0.583
0.724
0.647
0.694
0.662
0.743
0.764
0.766
0.743
0.644
0.69
0.626
0.661
0.671
0.599
0.718
0.655
0.78
0.449
0.352
0.062
0.188
0.12
-0.046
-0.051
-0.113
-0.115
-0.128
-0.186
-0.264
-0.234
-0.211
-0.238
-0.037
0.04
-0.025
0.033
0.061
0.075
0.037
0.092
0.029
-0.006
-0.077
-0.025
0.026
-0.009
-0.074
-0.059
-0.135
-0.215
-0.059
-0.141
-0.215
-0.238
-0.349
-0.336
-0.266
-0.289
-0.249
-0.244
-0.395
-0.281
-0.341
-0.438
-0.409
-0.573
-0.531
-0.662
-0.849
-0.917
-0.979
-0.994
-0.941
-0.904
-0.948
-1.07
-1.115
-1.019
-0.922
-0.844
-0.744
-0.724
-0.682
-0.608
-0.606
-0.464
-0.661
-0.475
-0.417
-0.307
-0.309
-0.191
-0.076
-0.233
-0.23
-0.1
-0.164
-0.059
0.035
0.131
0.059
0.081
0.071
0.094
-0.092
-0.185
-0.427
-0.564
-0.464
-0.554
-0.62
-0.657
-0.676
-0.721
-0.629
-0.759
-0.647
-0.823
-0.779
-0.695
-0.399
-0.455
-0.469
-0.289
-0.114
0.069
0.077
0.139
0.196
0.263
0.224
0.264
0.408
0.517
0.526
0.551
0.711
0.639
0.75
0.743
0.441
0.56
0.724
0.84
0.825
0.854
0.924
0.777
0.93
0.891
0.899
0.834
0.888
0.844
0.844
0.649
0.534
0.609
0.647
0.305
0.24
0.134
0.045
-0.037
-0.043
-0.12
-0.236
-0.3
-0.306
-0.38
-0.489
-0.504
-0.549
-0.562
-0.642
-0.677
-0.774
-0.996
-0.861
-0.86
-0.578
-0.681
-0.581
-0.68
-0.588
-0.642
-0.706
-0.621
-0.619
-0.646
-0.473
-0.606
-0.489
-0.466
-0.463
-0.393
-0.323
-0.281
-0.164
-0.092
-0.095
-0.075
-0.036
-0.025
0.085
0.113
0.234
0.354
0.515
0.535
0.531
0.496
0.436
0.596
0.674
0.647
0.733
0.509
0.508
0.414
0.393
0.365
0.478
0.56
0.639
0.649
0.758
0.571
0.604
0.581
0.532
0.43
0.265
0.2
0.345
0.453
0.336
0.391
0.241
0.259
0.266
0.27
0.139
0.085
-0.001
0.024
-0.046
-0.091
-0.045
-0.016
-0.041
-0.189
-0.209
-0.246
-0.258
-0.279
-0.324
-0.321
-0.405
-0.416
-0.33
-0.53
-0.43
-0.417
-0.295
-0.504
-0.422
-0.56
-0.619
-0.629
-0.534
-0.463
-0.445
-0.495
-0.564
-0.464
-0.609
-0.621
-0.59
-0.57
-0.499
-0.527
-0.421
-0.451
-0.329
-0.283
-0.336
-0.45
-0.451
-0.375
-0.449
-0.348
-0.311
-0.371
-0.301
-0.198
-0.054
-0.145
-0.138
-0.191
-0.156
-0.11
-0.161
-0.069
-0.07
-0.098
-0.196
-0.168
-0.249
-0.316
-0.264
-0.144
-0.239
-0.154
-0.173
-0.245
-0.118
-0.388
-0.349
-0.383
-0.26
-0.116
-0.191
-0.052
-0.2
-0.147
-0.064
-0.094
-0.152
0.036
0.096
-0.009
0.043
0.107
0.086
0.003
-0.081
0.01
0.022
-0.036
0.049
-0.003
-0.026
-0.016
-0.164
0.031
-0.107
0.026
-0.01
0.026
0.055
0.109
0.2
0.223
0.296
0.378
0.198
0.225
0.318
0.323
0.292
0.151
0.2
0.158
0.17
0.19
0.246
0.095
0.055
0.077
-0.015
0.103
0.041
-0.058
0.088
-0.135
-0.244
-0.25
-0.198
0.096
0.054
-0.048
-0.026
0.145
0.224
0.19
0.278
0.212
-0.184
-0.158
-0.206
-0.158
-0.128
-0.195
-0.043
0.138
0.006
-0.011
0.214
0.328
0.417
0.723
0.75
0.758
0.823
0.843
0.875
0.907
0.919
0.885
0.768
0.88
0.731
0.699
0.75
0.629
0.876
0.694
0.531
0.583
0.468
0.571
0.419
0.312
0.276
0.461
0.365
0.474
0.245
0.21
0.261
0.059
-0.007
0.006
0.022
-0.124
0.004
-0.007
-0.036
-0.03
-0.046
-0.135
-0.346
-0.422
-0.517
-0.411
-0.52
-0.67
-0.656
-0.69
-0.823
-0.624
-0.685
-0.561
-0.536
-0.57
-0.57
-0.539
-0.534
-0.335
-0.242
-0.2
-0.268
-0.355
-0.242
-0.221
-0.216
-0.219
-0.203
-0.052
0.058
0.168
0.15
0.268
0.221
0.439
0.351
0.283
0.3
0.456
0.514
0.631
0.615
0.695
0.739
0.776
0.694
0.585
0.685
0.735
0.601
0.684
0.535
0.618
0.626
0.671
0.579
0.526
0.619
0.611
0.544
0.555
0.566
0.514
0.583
0.519
0.549
0.494
0.52
0.519
0.59
0.799
0.796
0.726
0.718
0.574
0.688
0.501
0.63
0.517
0.557
0.611
0.598
0.456
0.51
0.509
0.511
0.461
0.475
0.461
0.436
0.545
0.584
0.497
0.635
0.703
0.68
0.661
0.677
0.969
0.768
1.01
1.149
1.194
1.246
1.246
1.105
0.97
1.0
1.081
1.042
1.179
1.105
1.145
1.298
1.323
1.276
1.224
1.095
1.195
1.127
1.0
1.073
1.157
1.029
0.804
0.82
0.593
0.517
0.651
0.58
0.471
0.324
0.487
0.506
0.391
0.326
0.247
0.421
0.521
0.2
0.193
0.09
0.201
0.239
0.23
0.309
0.268
0.294
0.274
0.344
0.343
0.585
0.606
0.72
0.741
0.534
0.654
0.595
0.855
0.907
1.029
1.121
1.198
1.141
0.991
0.911
0.743
0.895
0.938
0.691
0.519
0.571
0.422
0.346
0.105
0.266
0.12
-0.116
-0.219
-0.271
-0.338
-0.159
-0.196
-0.161
-0.11
-0.228
-0.169
-0.128
-0.151
-0.076
-0.044
0.175
0.089
-0.015
-0.048
-0.096
-0.122
-0.181
-0.214
-0.151
-0.2
-0.266
-0.131
-0.025
-0.169
-0.384
-0.413
-0.311
-0.256
-0.238
-0.152
-0.28
-0.283
-0.251
-0.034
0.188
-0.041
-0.058
0.054
0.114
0.061
0.136
0.219
0.335
0.391
0.283
0.414
0.354
0.408
0.321
0.235
0.17
0.292
0.429
0.135
0.136
0.077
0.173
0.022
0.02
-0.12
-0.224
-0.196
-0.136
-0.049
-0.191
-0.115
0.217
0.259
0.28
0.361
0.557
0.733
0.67
0.641
0.638
0.638
0.531
0.554
0.621
0.411
0.516
0.629
0.569
0.525
0.576
0.486
0.445
0.388
0.199
0.292
-0.004
0.22
0.372
0.2
0.608
0.396
0.177
0.116
0.0
-0.253
-0.224
-0.29
-0.356
-0.435
-0.557
-0.594
-0.671
-0.449
-0.66
-0.59
-0.777
-1.039
-1.068
-1.069
-0.932
-0.888
-0.807
-0.589
-0.645
-0.642
-0.701
-0.526
-0.635
-0.509
-0.634
-0.829
-0.865
-0.807
-0.626
-0.734
-0.738
-0.608
-0.405
-0.375
-0.511
-0.43
-0.537
-0.544
-0.55
-0.465
-0.333
-0.393
-0.404
-0.646
-0.603
-0.35
-0.311
-0.384
-0.348
-0.182
-0.22
-0.049
-0.212
-0.189
-0.056
-0.024
0.15
0.168
0.265
0.195
0.165
0.211
0.215
0.268
0.143
0.185
0.099
0.228
0.13
0.121
0.217
0.191
0.339
0.23
0.119
0.133
0.147
0.175
0.185
0.145
0.109
-0.015
-0.084
-0.074
-0.12
-0.241
-0.292
-0.385
-0.469
-0.416
-0.394
-0.335
-0.44
-0.621
-0.331
-0.537
-0.706
-0.504
-0.63
-0.659
-0.517
-0.49
-0.406
-0.302
-0.276
-0.453
-0.444
-0.359
-0.314
-0.329
-0.583
-0.511
-0.413
-0.432
-0.429
-0.328
-0.439
-0.336
-0.165
-0.203
-0.177
-0.104
0.144
0.2
0.24
0.389
0.295
0.365
0.496
0.398
0.244
0.296
0.37
0.362
0.41
0.436
0.52
0.68
0.64
0.451
0.43
0.283
0.291
0.105
-0.031
0.107
-0.044
-0.09
-0.261
-0.174
-0.338
-0.301
-0.286
-0.131
-0.261
-0.427
-0.468
-0.576
-0.601
-0.708
-0.811
-0.848
-0.917
-1.159
-1.154
-1.054
-1.074
-0.973
-1.045
-1.101
-1.125
-1.0
-0.971
-0.991
-0.984
-1.006
-0.99
-0.986
-0.888
-0.978
-1.012
-1.05
-1.004
-0.988
-0.878
-0.894
-0.79
-0.754
-0.82
-0.902
-0.878
-0.853
-0.618
-0.374
-0.19
-0.066
-0.081
-0.066
-0.001
0.166
0.276
0.594
0.554
0.57
0.674
0.654
0.66
0.781
0.746
0.681
0.536
0.571
0.511
0.526
0.515
0.475
0.367
0.281
0.281
0.486
0.37
0.386
0.316
0.306
0.136
-0.111
-0.258
-0.32
-0.166
-0.168
-0.072
-0.089
-0.184
-0.215
-0.299
-0.18
-0.065
-0.061
-0.029
-0.13
-0.158
-0.292
-0.309
-0.391
-0.33
0.0
-0.171
-0.159
-0.239
-0.302
-0.289
-0.188
-0.19
-0.186
-0.304
-0.383
-0.29
-0.302
-0.39
-0.521
-0.352
-0.426
-0.271
-0.3
-0.31
-0.379
-0.271
-0.156
-0.318
0.031
-0.075
0.043
0.051
-0.055
-0.139
-0.208
-0.186
-0.177
-0.143
-0.045
-0.01
0.125
0.026
0.107
0.191
0.306
0.497
0.443
0.501
0.478
0.456
0.43
0.444
0.531
0.699
0.636
0.716
0.605
0.45
0.491
0.413
0.42
0.326
0.468
0.312
0.1
0.181
-0.184
-0.255
-0.269
-0.306
-0.362
-0.67
-0.614
-0.738
-0.888
-0.805
-0.81
-0.96
-0.958
-0.784
-0.824
-0.876
-1.009
-0.906
-0.875
-0.943
-0.974
-0.958
-0.886
-1.0
-0.821
-0.694
-0.735
-0.606
-0.705
-0.688
-0.611
-0.655
-0.603
-0.81
-0.795
-0.791
-0.993
-0.873
-0.75
-1.062
-0.975
-1.048
-1.011
-0.951
-0.956
-1.028
-0.941
-0.981
-1.0
-0.825
-0.743
-0.646
-0.541
-0.619
-0.545
-0.388
-0.076
-0.071
-0.133
-0.041
0.179
0.404
0.495
0.555
0.775
0.797
0.786
0.854
0.753
0.86
1.052
1.249
1.373
1.441
1.49
1.393
1.481
1.476
1.505
1.471
1.28
1.051
1.159
1.019
0.931
0.896
0.672
0.731
0.633
0.403
0.343
0.351
0.198
0.184
0.19
0.005
-0.059
0.083
0.014
-0.065
-0.119
-0.266
-0.367
-0.386
-0.429
-0.279
-0.503
-0.614
-0.744
-0.595
-0.616
-0.695
-0.682
-0.805
-0.849
-0.86
-1.046
-1.061
-0.979
-0.944
-0.916
-0.841
-0.88
-0.812
-0.684
-0.591
-0.471
-0.341
-0.316
-0.173
-0.066
-0.08
-0.069
0.055
0.161
0.296
0.15
0.312
0.401
0.441
0.445
0.651
0.879
0.94
0.948
0.831
0.755
0.603
0.644
0.646
0.694
0.545
0.576
0.425
0.482
0.364
0.279
0.201
0.133
-0.01
0.046
-0.03
-0.113
-0.061
-0.129
-0.177
-0.223
-0.415
-0.44
-0.6
-0.554
-0.537
-0.503
-0.473
-0.487
-0.645
-0.59
-0.61
-0.603
-0.517
-0.487
-0.436
-0.529
-0.575
-0.561
-0.661
-0.623
-0.532
-0.408
-0.647
-0.664
-0.698
-0.609
-0.519
-0.593
-0.554
-0.557
-0.494
-0.413
-0.403
-0.521
-0.561
-0.503
-0.568
-0.586
-0.58
-0.603
-0.573
-0.654
-0.496
-0.49
-0.36
-0.279
-0.365
-0.22
-0.195
-0.166
-0.106
0.076
0.109
-0.022
0.175
0.164
0.364
0.478
0.424
0.481
0.696
0.688
0.606
0.586
0.585
0.576
0.509
0.652
0.826
0.466
0.408
0.415
0.139
-0.052
-0.052
0.043
0.113
0.113
0.075
0.041
0.072
0.113
0.124
0.259
0.086
0.279
0.163
0.041
0.104
0.031
0.041
-0.035
0.056
-0.065
-0.139
-0.215
0.109
0.1
0.095
0.335
0.12
0.375
0.542
0.664
0.628
0.635
0.789
0.719
0.608
0.4
0.26
0.04
0.056
-0.074
-0.226
-0.315
-0.455
-0.461
-0.555
-0.688
-0.708
-0.547
-0.731
-0.744
-0.654
-0.525
-0.487
-0.431
-0.429
-0.386
-0.316
-0.284
-0.23
-0.066
-0.229
-0.103
-0.145
-0.367
-0.319
-0.43
-0.399
-0.27
-0.283
-0.362
-0.355
-0.221
-0.145
-0.091
-0.143
-0.155
-0.251
-0.16
-0.221
-0.251
-0.256
-0.314
-0.199
-0.173
-0.128
-0.11
-0.1
0.036
0.147
0.12
-0.094
0.036
0.16
0.12
0.122
-0.185
-0.041
0.145
-0.022
-0.026
-0.028
0.052
0.028
0.161
0.301
0.193
0.182
0.156
0.209
0.2
0.27
0.001
-0.024
0.01
-0.149
0.15
0.025
0.07
0.031
0.114
0.116
0.196
0.228
0.129
0.185
0.19
0.279
0.173
0.212
0.339
0.278
0.279
0.304
0.286
0.35
0.253
0.278
0.288
0.246
0.152
