0.048
0.1
0.223
0.255
0.309
0.391
0.399
0.38
0.565
0.411
0.27
0.111
0.336
0.343
0.534
0.569
0.57
0.624
0.716
0.593
0.519
0.454
0.482
0.409
0.312
0.45
0.4
0.362
0.435
0.535
0.719
0.66
0.24
0.49
0.316
0.566
0.652
0.405
0.366
0.314
0.393
0.264
0.336
0.341
0.311
0.522
0.398
0.478
0.416
0.439
0.279
0.372
0.425
0.473
0.275
0.225
0.105
-0.052
0.004
-0.209
0.066
-0.115
-0.077
-0.109
-0.255
-0.191
-0.336
-0.263
-0.291
-0.463
-0.381
-0.378
-0.388
-0.292
-0.214
-0.083
-0.039
0.021
0.129
0.21
0.18
0.301
0.24
0.501
0.625
0.334
0.318
0.224
0.417
0.024
0.273
0.208
0.23
0.259
0.344
0.343
0.276
0.195
0.16
0.113
0.203
0.011
-0.02
-0.146
-0.035
-0.026
0.071
0.111
0.416
0.279
0.334
0.268
0.175
0.109
0.184
0.031
-0.021
-0.107
-0.046
-0.115
-0.111
0.013
-0.06
-0.071
-0.182
-0.149
-0.264
-0.288
-0.304
-0.341
-0.288
-0.41
-0.394
-0.244
-0.43
-0.242
-0.284
-0.285
-0.242
-0.121
-0.033
0.007
0.022
-0.018
-0.046
-0.071
0.062
0.076
0.32
0.329
0.439
0.595
0.716
0.824
0.8
0.66
0.725
0.624
0.631
0.393
0.469
0.25
0.328
0.201
0.211
0.239
-0.059
-0.016
-0.168
-0.139
-0.015
-0.065
-0.033
-0.016
0.024
-0.14
-0.16
-0.216
-0.438
-0.304
-0.36
-0.171
-0.261
-0.205
-0.135
-0.19
-0.27
-0.329
0.011
-0.114
-0.072
-0.011
-0.175
-0.164
-0.36
-0.416
-0.371
-0.241
-0.219
-0.2
-0.296
-0.494
-0.399
-0.383
-0.641
-0.504
-0.489
-0.574
-0.085
-0.276
-0.264
-0.188
-0.229
-0.166
-0.015
0.114
0.131
0.136
0.294
0.279
0.491
0.508
0.374
0.415
0.41
0.491
0.537
0.415
0.343
0.333
0.474
0.296
0.385
0.484
0.36
0.326
0.414
0.355
0.055
0.11
0.193
-0.107
0.084
0.109
-0.031
-0.134
-0.164
-0.18
-0.191
-0.139
-0.077
-0.075
-0.231
-0.321
-0.312
-0.198
-0.175
-0.228
-0.163
-0.372
-0.223
-0.33
-0.427
-0.131
-0.17
-0.158
-0.427
-0.596
-0.68
-0.541
-0.593
-0.448
-0.184
-0.299
-0.196
-0.163
-0.05
-0.036
-0.058
-0.037
-0.209
-0.089
0.029
0.126
0.217
0.214
0.101
0.15
0.07
0.149
0.211
0.246
0.318
0.339
0.205
0.19
0.051
0.236
0.256
0.26
0.188
0.007
-0.064
-0.083
0.129
0.107
-0.062
-0.096
0.077
-0.158
-0.096
-0.099
0.154
0.259
0.193
0.335
0.175
0.039
0.236
0.299
0.409
0.514
0.709
0.805
0.774
0.734
0.525
0.64
0.665
0.638
0.616
0.701
0.66
0.655
0.578
0.588
0.583
0.639
0.699
0.584
0.569
0.509
0.495
0.5
0.325
0.278
0.149
0.026
0.115
-0.041
0.158
0.135
0.055
-0.066
-0.24
-0.234
-0.281
-0.286
0.026
-0.292
-0.346
0.014
-0.15
-0.056
-0.079
-0.226
-0.165
-0.179
-0.06
-0.154
-0.305
-0.278
-0.158
-0.051
0.196
0.286
0.366
0.239
0.18
0.186
0.245
0.432
0.564
0.738
0.749
0.839
0.721
0.605
0.666
0.657
0.777
0.836
0.891
0.926
0.714
0.811
0.851
0.794
0.849
0.766
0.598
0.555
0.616
0.515
0.674
0.758
0.865
0.83
0.979
0.72
0.505
0.411
0.301
0.334
0.311
0.542
0.494
0.49
0.536
0.417
0.413
0.576
0.593
0.506
0.564
0.66
0.685
0.764
0.769
0.605
0.57
0.524
0.503
0.489
0.242
0.186
0.177
0.01
-0.188
-0.126
-0.046
-0.199
-0.524
-0.509
-0.431
-0.38
-0.564
-0.552
-0.545
-0.36
-0.47
-0.444
-0.436
-0.302
-0.209
-0.383
-0.159
-0.369
-0.283
-0.309
-0.301
-0.02
-0.131
-0.028
0.033
0.104
0.193
0.384
0.434
0.629
0.686
0.66
0.679
0.625
0.583
0.696
0.751
0.689
0.703
0.531
0.393
0.242
0.163
0.101
0.119
0.1
0.091
-0.059
-0.199
-0.259
-0.301
-0.203
-0.233
-0.239
-0.045
-0.182
-0.24
-0.256
-0.151
-0.079
-0.208
-0.367
-0.239
-0.195
-0.305
-0.271
-0.188
-0.219
-0.105
-0.253
-0.281
-0.113
-0.199
-0.166
-0.114
0.013
0.096
0.133
0.046
0.145
0.076
0.043
0.103
0.081
0.278
0.45
0.266
0.182
0.131
-0.021
-0.109
-0.212
-0.062
0.02
0.058
-0.099
-0.156
-0.253
-0.216
-0.36
-0.395
-0.414
-0.565
-0.547
-0.479
-0.609
-0.539
-0.401
-0.415
-0.435
-0.524
-0.495
-0.299
-0.336
-0.432
-0.406
-0.334
-0.421
-0.223
-0.125
-0.003
-0.075
-0.27
-0.033
-0.062
-0.17
-0.27
-0.08
-0.055
-0.16
-0.122
-0.15
-0.113
-0.033
-0.072
-0.075
-0.138
-0.045
-0.048
-0.094
-0.018
-0.07
-0.014
-0.074
-0.289
-0.378
-0.576
-0.503
-0.671
-0.55
-0.705
-0.915
-0.93
-0.851
-0.916
-0.906
-0.836
-0.897
-0.871
-0.865
-1.016
-0.881
-0.861
-0.784
-0.74
-0.532
-0.491
-0.409
-0.263
-0.515
-0.434
-0.246
-0.154
-0.258
-0.25
-0.259
-0.143
-0.003
-0.009
-0.156
-0.291
-0.283
-0.151
-0.085
0.024
0.03
-0.009
0.212
0.361
0.384
0.26
0.383
0.519
0.524
0.367
0.335
0.1
-0.041
0.064
-0.072
-0.1
-0.07
-0.17
0.029
0.249
0.136
0.016
0.031
0.036
-0.048
-0.076
-0.11
-0.113
-0.249
-0.383
-0.532
-0.639
-0.605
-0.564
-0.656
-0.73
-0.506
-0.504
-0.247
-0.256
-0.214
-0.074
-0.111
-0.021
-0.154
-0.024
0.024
0.092
0.02
0.045
-0.018
0.086
0.146
0.092
0.1
0.058
0.21
0.328
0.221
0.33
0.246
0.399
0.585
0.688
0.731
0.775
0.647
0.638
0.699
0.704
0.425
0.435
0.388
0.285
0.056
-0.046
0.026
-0.043
-0.026
-0.058
0.054
0.118
0.025
0.225
0.074
-0.116
-0.206
-0.242
-0.336
-0.394
-0.501
-0.427
-0.434
-0.458
-0.345
-0.475
-0.471
-0.58
-0.534
-0.497
-0.63
-0.647
-0.777
-0.812
-0.931
-1.117
-1.276
-1.346
-1.268
-1.225
-1.272
-1.17
-1.11
-1.174
-0.941
-0.676
-0.708
-0.56
-0.389
-0.18
-0.25
-0.238
-0.138
-0.021
0.006
-0.033
-0.018
-0.16
-0.035
0.225
0.114
0.124
0.151
0.189
0.154
0.266
0.422
0.276
0.429
0.503
0.671
0.811
0.519
0.48
0.111
0.18
0.229
0.615
0.601
0.723
0.74
0.754
0.88
0.729
0.989
1.095
1.109
1.167
1.181
1.24
1.042
0.89
0.82
0.792
1.085
1.198
0.924
0.915
0.829
0.671
0.594
0.526
0.531
0.516
0.233
0.114
-0.054
-0.16
-0.38
-0.455
-0.574
-0.441
-0.375
-0.242
-0.247
-0.54
-0.656
-0.804
-0.77
-0.95
-0.924
-0.709
-0.807
-0.78
-0.736
-0.51
-0.474
-0.386
-0.333
-0.281
-0.151
-0.104
0.041
0.019
0.144
-0.007
0.013
0.115
0.119
0.065
0.184
0.11
0.335
0.338
0.41
0.291
0.246
0.179
0.177
0.122
0.349
0.325
0.286
0.198
0.22
0.161
0.193
0.185
0.095
0.154
0.195
0.147
0.139
0.115
0.212
0.085
0.168
0.196
0.177
0.181
0.129
0.113
0.128
0.03
-0.046
0.034
-0.031
0.125
0.08
-0.044
-0.169
-0.166
-0.129
-0.36
-0.304
-0.524
-0.605
-0.61
-0.469
-0.385
-0.504
-0.362
-0.459
-0.422
-0.346
-0.398
-0.58
-0.547
-0.599
-0.569
-0.468
-0.526
-0.531
-0.52
-0.367
-0.381
-0.524
-0.435
-0.484
-0.36
-0.295
-0.33
-0.334
-0.21
-0.355
-0.588
-0.531
-0.484
-0.519
-0.371
-0.438
-0.47
-0.52
-0.343
-0.289
-0.088
-0.028
0.191
0.265
0.301
0.256
0.24
0.114
0.039
-0.072
-0.021
-0.201
-0.307
-0.475
-0.446
-0.425
-0.398
-0.335
-0.311
-0.294
-0.307
-0.288
-0.314
-0.319
-0.265
-0.216
-0.225
-0.159
0.0
-0.169
0.121
0.028
0.234
0.291
0.292
0.28
0.095
-0.07
-0.024
0.091
-0.223
-0.15
-0.2
-0.174
-0.244
-0.177
-0.4
-0.236
-0.333
-0.394
-0.32
-0.31
-0.188
-0.151
-0.024
0.079
0.25
0.41
0.515
0.739
0.807
0.851
0.984
0.954
0.889
0.92
0.953
1.136
1.328
1.146
1.165
1.069
1.216
1.157
1.25
1.32
1.203
1.456
1.574
1.627
1.801
1.683
1.806
1.879
1.775
1.728
1.65
1.645
1.491
1.397
1.143
1.08
0.959
1.035
0.927
0.888
0.869
0.945
1.184
1.125
1.1
0.993
1.049
0.912
1.054
1.064
0.95
1.001
0.726
0.63
0.647
0.618
0.666
0.853
0.909
0.729
0.834
0.871
0.843
0.65
0.781
0.838
0.996
0.89
0.796
0.886
0.618
0.471
0.37
0.208
0.024
-0.155
0.003
0.031
-0.235
-0.131
-0.037
-0.323
-0.593
-0.352
-0.524
-0.57
-0.449
-0.517
-0.416
-0.334
-0.301
-0.113
-0.17
-0.151
-0.241
-0.122
-0.241
-0.276
-0.365
-0.219
-0.367
-0.2
-0.274
-0.214
-0.147
-0.174
-0.12
-0.029
0.03
0.048
-0.007
0.143
0.041
0.125
-0.089
-0.074
0.111
0.231
0.408
0.411
0.335
0.57
0.458
0.451
0.463
0.294
0.445
0.685
0.664
0.439
0.566
0.35
0.366
0.302
0.221
0.177
-0.003
-0.01
-0.019
-0.121
-0.458
-0.323
-0.361
-0.454
-0.419
-0.695
-0.704
-0.823
-0.973
-1.045
-0.906
-0.802
-0.818
-1.093
-1.341
-1.494
-1.491
-1.279
-1.229
-0.976
-1.0
-1.149
-1.034
-1.153
-1.169
-1.221
-1.051
-1.004
-0.93
-0.789
-0.744
-0.713
-0.56
-0.424
-0.386
-0.131
-0.115
-0.173
-0.007
-0.098
-0.071
-0.128
-0.195
-0.095
-0.315
-0.299
-0.351
-0.256
-0.221
-0.143
0.081
0.055
0.018
0.084
0.074
0.408
0.595
0.62
0.253
0.355
0.527
0.671
0.787
0.603
0.609
0.479
0.705
0.626
0.763
0.799
0.916
0.86
0.745
0.679
0.763
0.733
0.731
0.604
0.584
0.59
0.544
0.647
0.745
0.888
0.932
1.071
0.893
0.797
0.714
0.765
0.631
0.929
1.141
1.085
1.026
1.044
1.2
1.101
1.173
1.09
0.726
0.769
0.644
0.711
0.729
0.51
0.406
0.339
0.205
0.076
0.019
0.007
-0.04
0.143
0.263
0.239
0.269
0.307
0.189
0.279
0.463
0.355
0.328
0.384
0.234
0.049
0.099
0.006
-0.061
0.041
-0.024
-0.028
-0.181
-0.254
-0.225
-0.239
-0.269
-0.251
-0.163
-0.238
-0.271
-0.497
-0.508
-0.426
-0.606
-0.656
-0.784
-0.628
-0.691
-0.745
-0.835
-1.049
-1.15
-1.229
-1.325
-1.239
-1.101
-1.229
-1.411
-1.306
-1.298
-1.191
-1.153
-1.081
-1.113
-1.126
-1.088
-1.174
-1.211
-1.169
-1.181
-0.993
-1.014
-0.916
-0.915
-0.695
-0.67
-0.495
-0.417
-0.284
-0.383
-0.29
-0.081
-0.11
-0.118
-0.085
0.03
0.098
0.283
0.4
0.481
0.468
0.479
0.545
0.18
0.241
0.211
0.059
0.131
-0.048
0.061
0.118
0.163
0.312
0.271
0.275
0.285
0.384
0.15
0.101
-0.209
-0.121
0.014
-0.241
0.034
0.114
0.028
0.06
-0.125
-0.116
-0.309
-0.085
-0.16
-0.203
-0.217
-0.335
-0.154
-0.08
-0.058
0.115
0.173
0.309
0.306
0.294
0.155
0.399
0.539
0.495
0.288
0.228
0.268
-0.006
0.329
0.239
0.256
0.3
0.299
0.201
0.021
0.109
0.024
0.169
0.352
0.109
0.083
0.269
0.185
-0.024
0.066
0.025
0.046
0.059
-0.12
-0.216
-0.249
-0.413
-0.514
-0.591
-0.6
-0.844
-0.694
-0.83
-0.885
-0.865
-0.96
-1.046
-0.969
-0.864
-0.854
-0.714
-0.676
-0.633
-0.556
-0.576
-0.5
-0.564
-0.681
-0.806
-1.032
-0.924
-0.905
-1.024
-0.858
-0.731
-0.883
-0.749
-0.616
-0.524
-0.441
-0.379
-0.258
-0.121
-0.088
-0.145
-0.059
-0.005
0.099
0.214
0.36
0.69
0.65
0.786
0.763
0.734
0.804
0.89
0.916
0.845
0.764
0.766
0.74
0.719
0.662
0.568
0.625
0.62
0.664
0.487
0.497
0.434
0.689
0.631
0.508
0.693
0.568
0.519
0.525
0.369
0.371
0.36
0.321
0.221
0.264
0.396
0.136
0.18
0.408
0.42
0.598
0.665
0.936
0.938
0.961
1.086
1.064
1.048
1.068
0.965
1.11
1.046
1.024
1.01
1.124
1.104
1.078
1.049
1.01
0.853
0.705
0.647
0.532
0.376
0.164
-0.015
-0.01
-0.154
-0.225
-0.525
-0.583
-0.564
-0.695
-0.623
-0.693
-0.784
-0.925
-0.966
-1.133
-1.176
-1.076
-1.038
-1.109
-1.201
-1.389
-1.588
-1.598
-1.575
-1.193
-1.061
-1.07
-0.784
-0.71
-0.616
-0.217
-0.166
-0.026
0.121
0.422
0.369
0.496
0.625
0.75
0.981
1.117
1.066
1.014
0.912
0.836
0.796
0.974
1.051
0.917
1.006
1.049
0.969
0.94
0.871
0.883
0.73
0.667
0.566
0.559
0.399
0.22
0.228
0.151
0.312
0.185
0.099
-0.046
-0.159
-0.312
-0.406
-0.288
-0.315
-0.626
-0.759
-0.503
-0.569
-0.616
-0.499
-0.515
-0.766
-0.878
-0.741
-0.905
-0.492
-0.421
-0.448
-0.403
-0.475
-0.6
-0.781
-0.59
-0.593
-0.66
-0.61
-0.626
-0.565
-0.565
-0.549
-0.6
-0.629
-0.522
-0.484
-0.544
-0.389
-0.405
-0.599
-0.559
-0.615
-0.484
-0.266
-0.211
-0.196
-0.307
-0.352
-0.284
-0.304
-0.301
-0.21
-0.12
-0.129
-0.126
0.055
-0.13
-0.037
-0.074
-0.036
0.075
-0.13
-0.114
0.075
0.081
0.2
0.275
0.325
0.378
0.376
0.448
0.431
0.372
0.556
0.615
0.709
0.561
0.619
0.571
0.56
0.465
0.369
0.475
0.482
0.319
0.149
0.166
0.099
-0.028
-0.176
-0.133
-0.228
-0.165
-0.155
-0.046
0.074
0.026
0.061
0.075
-0.216
-0.274
-0.209
-0.315
-0.465
-0.664
-0.349
-0.478
-0.389
-0.385
-0.471
-0.451
-0.415
-0.417
-0.41
-0.331
-0.4
-0.305
-0.128
-0.16
0.06
0.089
0.161
0.405
0.537
0.647
0.695
0.496
0.763
0.85
0.821
0.784
0.863
0.979
0.943
1.049
1.083
0.95
1.019
1.164
1.244
1.284
1.387
1.31
1.426
1.344
1.157
1.164
1.183
1.268
1.222
1.129
0.973
0.751
0.529
0.461
0.618
0.516
0.446
0.33
0.454
0.274
0.115
0.1
0.021
0.05
0.17
-0.106
0.033
0.037
0.107
0.08
-0.079
0.235
0.405
0.362
0.361
0.594
0.551
0.591
0.726
0.574
0.456
0.646
0.723
0.766
0.751
0.909
1.009
0.921
0.922
0.856
0.812
0.733
0.63
0.469
0.312
0.198
0.089
-0.044
-0.295
-0.173
-0.155
-0.258
-0.381
-0.443
-0.557
-1.025
-0.856
-0.77
-0.695
-0.474
-0.618
-0.416
-0.486
-0.413
-0.286
-0.205
-0.025
-0.026
-0.194
-10.336
-0.101
-0.036
0.06
0.033
-0.08
10.332
0.921
0.42
0.49
0.816
0.806
0.796
0.894
0.859
0.932
1.177
1.206
1.306
1.425
1.353
1.423
1.347
1.386
1.319
1.311
1.434
1.419
1.301
1.386
1.204
1.166
1.124
0.98
0.899
0.964
0.466
0.235
0.231
0.196
0.182
0.019
-0.09
-0.269
-0.275
-0.291
-0.376
-0.461
-0.491
-0.625
-0.581
-0.411
-0.509
-0.624
-0.599
-0.724
-0.76
-0.616
-0.506
-0.542
-0.623
-0.525
-0.624
-0.492
-0.456
-0.522
-0.546
-0.681
-0.655
-0.927
-1.09
-0.996
-1.144
-1.374
-1.321
-1.242
-1.174
-0.96
-1.022
-1.058
-1.18
-0.964
-0.786
-0.728
-0.829
-0.534
-0.85
-0.704
-0.761
-0.741
-0.508
-0.406
-0.279
-0.185
-0.174
-0.076
0.0
0.08
0.273
0.326
0.536
0.715
0.66
0.716
0.849
1.125
1.196
1.391
1.361
1.318
1.384
1.466
1.53
1.625
1.601
1.468
1.429
1.469
1.324
1.184
1.189
1.289
1.38
1.305
1.213
1.21
1.19
1.103
1.076
0.926
0.955
0.728
0.468
0.29
0.205
0.18
-0.203
-0.161
-0.069
-0.194
-0.217
-0.435
-0.316
-0.329
-0.445
-0.649
-0.677
-0.357
-0.36
-0.259
-0.253
-0.416
-0.331
-0.356
-0.323
-0.356
-0.376
-0.305
-0.349
-0.318
-0.359
-0.235
-0.134
-0.182
-0.251
-0.279
-0.321
-0.245
-0.165
-0.189
-0.266
-0.301
-0.341
-0.393
-0.449
-0.324
-0.284
-0.385
-0.53
-0.801
-0.575
-0.714
-0.805
-0.932
-1.105
-0.764
-1.143
-1.029
-1.093
-1.134
-1.26
-1.204
-1.215
-1.094
-1.145
-1.075
-1.114
-1.206
-0.978
-1.134
-0.87
-0.781
-0.71
-0.45
-0.395
-0.231
-0.176
0.043
0.283
0.177
0.311
0.396
0.471
0.44
0.435
0.522
0.486
0.52
0.59
0.479
0.574
0.375
0.2
0.399
0.53
0.615
0.641
0.609
0.725
0.749
0.797
0.904
0.969
0.921
0.713
0.754
0.458
0.4
0.274
0.007
0.003
-0.265
-0.284
-0.49
-0.45
-0.474
-0.414
-0.26
-0.19
-0.226
-0.275
-0.264
-0.491
-0.515
-0.245
-0.07
-0.025
-0.031
-0.02
-0.166
0.076
0.043
0.459
0.371
0.145
0.13
0.044
-0.024
-0.225
-0.3
-0.26
-0.456
-0.557
-0.554
-0.66
-0.755
-0.761
-0.949
-1.062
-1.015
-1.17
-1.127
-1.15
-1.24
-1.282
-1.209
-1.345
-1.136
-0.92
-0.938
-1.256
-1.211
-1.384
-1.39
-1.281
-1.163
-1.209
-0.94
-0.821
-0.925
-0.879
-0.835
-0.781
-0.821
-0.733
-0.537
-0.725
-0.439
-0.426
-0.453
-0.276
-0.318
-0.324
-0.199
-0.224
-0.249
-0.131
-0.177
-0.052
-0.036
-0.022
-0.056
0.009
0.122
0.151
0.144
0.295
0.372
0.378
0.389
0.333
0.225
0.221
0.315
0.279
0.458
-0.003
0.06
0.06
0.037
0.048
-0.049
0.144
0.208
0.345
0.532
0.699
0.681
0.694
0.713
0.575
0.733
0.562
0.42
0.271
0.258
0.122
0.1
0.143
-0.004
0.163
0.036
-0.025
0.011
-0.141
-0.171
-0.339
-0.247
-0.269
-0.253
-0.408
-0.191
-0.44
-0.421
-0.4
-0.385
-0.362
-0.251
-0.125
-0.279
-0.27
-0.409
-0.564
-0.354
-0.494
-0.168
-0.233
-0.195
-0.233
-0.152
-0.089
-0.091
-0.045
0.111
-0.128
-0.305
-0.35
-0.356
-0.321
-0.31
-0.432
-0.329
-0.264
-0.18
-0.203
-0.169
0.062
0.019
0.019
0.015
-0.025
0.111
0.146
0.231
0.434
0.4
0.44
0.355
0.301
0.45
0.524
0.432
0.539
0.367
0.398
0.349
0.361
0.29
0.26
0.088
0.026
-0.083
-0.135
-0.04
-0.198
0.169
0.041
0.196
0.211
0.221
0.263
0.199
0.19
0.214
0.039
0.079
0.226
0.21
0.219
0.264
0.219
0.439
0.487
0.57
0.504
0.521
0.541
0.765
0.881
0.92
0.718
0.741
0.695
0.633
0.664
0.63
0.621
0.625
0.723
0.645
0.496
0.696
0.68
0.711
0.606
0.682
0.818
0.758
0.809
0.666
0.609
0.394
0.532
0.416
0.381
0.341
0.003
0.2
0.198
0.173
0.426
0.41
0.436
0.299
0.254
0.129
0.31
0.584
0.651
0.711
0.461
0.662
0.385
0.406
0.594
0.424
0.657
0.649
0.664
0.57
0.58
0.866
0.661
0.786
0.825
0.894
0.941
0.76
0.651
0.591
0.606
0.37
0.279
0.446
0.524
0.465
0.434
0.396
0.264
0.194
0.028
-0.03
-0.147
0.028
-0.174
-0.113
-0.354
-0.314
-0.085
-0.134
-0.135
-0.129
-0.086
-0.025
-0.034
0.029
0.009
0.147
0.198
0.166
0.206
0.294
0.256
0.169
0.074
-0.217
-0.003
-0.29
-0.007
0.156
0.181
0.3
0.312
0.31
0.372
0.579
0.703
0.715
0.606
0.598
0.399
0.08
0.07
-0.043
-0.165
-0.294
-0.279
-0.38
-0.448
-0.619
-0.246
-0.259
-0.288
-0.362
-0.325
-0.255
-0.58
-0.401
-0.534
-0.427
-0.482
-0.47
-0.866
-0.705
-0.776
-0.844
-0.971
-1.064
-1.026
-1.091
-1.055
-0.675
-0.65
-0.674
-0.552
-0.705
-0.718
-0.775
-0.769
-0.677
-0.621
-0.549
-0.586
-0.571
-0.506
-0.144
-0.415
-0.278
-0.341
-0.492
-0.646
-0.713
-0.656
-0.631
-0.544
-0.573
-0.328
-0.372
-0.415
-0.544
-0.443
-0.454
-0.589
-0.399
-0.544
-0.161
-0.426
-0.431
-0.473
-0.48
-0.49
-0.469
-0.427
-0.14
0.205
0.28
0.566
0.644
0.596
0.559
0.504
0.531
0.579
0.646
0.59
0.561
0.383
0.241
0.331
0.279
0.275
0.495
0.314
0.211
0.116
0.234
0.009
-0.154
-0.107
-0.14
-0.156
-0.255
-0.413
-0.41
-0.455
-0.61
-0.666
-0.576
-0.594
-0.444
-0.508
-0.484
-0.465
-0.385
-0.406
-0.234
-0.37
-0.184
-0.035
0.022
0.208
0.295
0.49
0.557
0.494
0.532
0.634
0.71
0.724
0.68
0.539
0.454
0.394
0.334
0.13
0.304
0.258
0.165
0.18
-0.206
-0.196
-0.39
-0.471
-0.39
-0.416
-0.529
-0.463
-0.46
-0.594
-0.656
-0.694
-0.772
-0.819
-0.841
-0.647
-0.549
-0.485
-0.545
-0.499
-0.356
-0.504
-0.401
-0.29
-0.256
-0.449
-0.259
-0.191
-0.199
-0.071
-0.239
-0.245
-0.045
-0.07
0.005
-0.054
-0.119
0.062
0.181
0.247
0.307
0.29
0.431
0.362
0.295
0.357
0.408
0.551
0.482
0.595
0.446
0.552
0.466
0.165
0.163
0.106
0.189
0.118
0.143
0.121
0.118
0.11
0.182
0.25
0.3
0.208
0.21
0.088
-0.109
-0.03
-0.451
-0.677
-0.68
-0.8
-0.935
-1.091
-1.15
-1.188
-1.18
-1.116
-1.121
-0.93
-1.078
-1.35
-1.265
-1.385
-1.424
-1.16
-1.171
-1.009
-0.919
-0.993
-0.959
-0.818
-0.639
-0.32
-0.136
-0.121
-0.081
0.044
0.09
0.333
0.475
0.652
0.604
0.739
0.604
0.506
0.682
0.792
1.146
0.996
0.956
1.238
1.113
0.989
0.943
0.895
0.888
0.943
1.011
1.01
0.943
0.758
0.636
0.641
0.794
0.47
0.432
0.519
0.429
0.376
0.611
0.625
0.735
0.68
0.614
0.618
0.43
0.45
0.595
0.581
0.536
0.405
0.226
0.134
-0.088
-0.271
-0.357
-0.497
-0.349
-0.292
-0.436
-0.431
-0.55
-0.416
-0.473
-0.545
-0.424
-0.618
-0.578
-0.508
-0.501
-0.349
-0.449
-0.355
-0.46
-0.695
-0.6
-0.554
-0.591
-0.6
-0.629
-0.511
-0.895
-0.991
-1.026
-1.002
-0.845
-0.503
-0.445
-0.375
-0.173
-0.35
-0.336
-0.266
-0.42
-0.305
-0.118
-0.129
-0.283
-0.16
0.077
-0.036
0.086
0.133
0.195
0.214
0.31
0.291
0.144
-0.003
-0.031
0.144
-0.021
-0.051
-0.071
0.219
0.399
0.51
0.404
0.384
0.333
0.435
0.552
0.68
0.886
0.96
1.174
1.134
1.097
1.135
1.069
0.998
0.811
0.776
0.895
0.608
0.455
0.348
0.22
0.247
0.238
0.125
0.072
-0.086
-0.166
-0.159
-0.264
0.033
0.0
0.016
-0.077
-0.175
-0.264
-0.284
-0.195
-0.144
-0.135
-0.208
-0.14
-0.186
-0.586
-0.258
-0.349
-0.301
-0.29
-0.36
-0.421
-0.409
-0.596
-0.522
-0.36
-0.171
0.029
0.133
0.271
0.301
0.414
0.366
0.378
0.275
0.425
0.459
0.413
0.276
0.2
0.601
0.438
0.443
0.429
0.258
0.208
0.286
0.124
0.106
0.194
0.115
0.326
0.076
0.003
-0.04
-0.118
-0.081
-0.028
0.036
-0.156
-0.209
-0.346
-0.271
-0.128
-0.33
-0.288
-0.302
-0.459
-0.426
-0.537
-0.331
-0.53
-0.45
-0.441
-0.361
-0.52
-0.424
-0.383
-0.436
-0.547
-0.419
-0.413
-0.396
-0.381
-0.497
-0.466
-0.579
-0.555
-0.525
-0.254
-0.383
-0.473
-0.369
-0.33
-0.346
-0.228
-0.279
-0.261
-0.372
-0.14
-0.001
-0.072
-0.125
-0.251
-0.3
-0.295
-0.098
-0.048
-0.02
0.092
-0.026
-0.013
0.041
-0.031
0.015
-0.022
0.071
-0.022
-0.033
-0.005
-0.029
0.019
-0.113
-0.035
0.003
-0.076
-0.139
-0.07
-0.146
0.09
0.088
0.206
0.351
0.429
0.5
0.506
0.766
0.771
0.641
0.58
0.816
0.549
0.711
0.443
0.482
0.336
0.419
0.494
0.716
0.728
0.604
0.61
0.517
0.64
0.629
0.445
0.269
0.291
0.212
-0.029
-0.045
0.064
0.049
0.021
-0.185
-0.141
-0.264
-0.318
-0.545
-0.656
-0.634
-0.506
-0.482
-0.297
-0.083
-0.163
-0.088
-0.193
-0.064
0.084
0.06
-0.118
-0.159
-0.018
0.039
0.046
0.06
0.19
0.163
0.5
0.641
0.63
0.656
0.667
0.557
0.606
0.729
0.62
0.664
0.833
0.753
0.958
0.879
0.893
0.919
0.68
0.801
0.568
0.765
0.87
0.69
0.664
0.601
0.578
0.535
0.456
0.378
0.188
0.125
0.141
0.2
-0.085
-0.122
-0.09
-0.069
0.031
-0.015
-0.028
-0.147
0.013
-0.168
-0.094
-0.331
-0.235
-0.311
-0.346
-0.266
-0.549
-0.471
-0.521
-0.291
-0.615
-0.639
-0.691
-0.789
-0.875
-0.77
-0.713
-0.529
-0.449
-0.478
-0.343
-0.295
0.015
0.054
0.364
0.27
0.241
0.312
0.679
0.785
0.802
0.921
0.865
1.012
0.958
1.002
0.958
0.951
0.926
1.073
1.294
1.232
1.088
0.996
0.809
0.675
0.339
0.045
0.223
0.318
0.425
0.292
0.219
0.224
0.291
0.125
0.056
0.059
0.236
-0.066
-0.304
-0.55
-0.573
-0.544
-0.438
-0.416
-0.285
-0.275
-0.24
-0.163
-0.168
-0.17
-0.079
-0.094
0.055
-0.146
-0.058
0.021
0.035
-0.329
-0.265
-0.033
-0.08
-0.066
-0.064
-0.17
0.024
0.04
0.014
0.081
-0.016
-0.06
0.059
0.045
-0.016
-0.13
0.03
-0.009
0.171
-0.069
-0.031
-0.111
-0.149
-0.212
-0.044
0.083
0.171
-0.036
-0.056
0.026
-0.299
-0.12
-0.122
-0.045
0.011
0.141
0.251
0.284
0.336
0.473
0.458
0.487
0.527
0.482
0.344
0.391
0.463
0.506
0.667
0.801
0.823
0.905
0.921
0.986
0.721
0.469
0.524
0.352
0.401
0.247
0.134
0.131
-0.014
-0.365
-0.629
-0.81
-0.71
-0.512
-0.455
-0.314
-0.159
-0.12
-0.16
-0.166
-0.134
-0.143
-0.276
-0.247
-0.352
-0.46
-0.691
-0.815
-0.859
-1.117
-1.164
-1.104
-1.235
-1.261
-1.395
-1.471
-1.516
-1.479
-1.411
-1.094
-1.216
-1.115
-1.051
-1.073
-1.066
-1.019
-1.195
-1.145
-1.235
-1.242
-1.181
-1.069
-0.861
-0.795
-0.522
-0.551
-0.426
-0.398
-0.329
-0.448
-0.5
-0.228
-0.177
-0.245
-0.22
-0.275
-0.19
0.003
-0.022
0.037
0.003
-0.092
0.015
-0.226
-0.169
-0.114
-0.297
-0.015
0.011
0.278
0.155
0.236
0.339
0.231
0.333
0.219
0.238
0.259
0.246
0.292
0.48
0.408
0.399
0.38
0.448
0.403
0.217
0.242
0.193
0.049
-0.156
-0.08
-0.271
-0.326
-0.372
-0.3
-0.226
-0.228
-0.215
-0.156
-0.048
0.004
0.092
0.174
0.024
0.149
0.072
0.046
0.139
0.315
0.219
0.186
0.111
-0.036
0.174
0.119
0.006
-0.019
0.131
0.124
0.446
0.431
0.367
0.375
0.355
0.179
0.196
0.278
0.139
0.33
0.321
0.296
0.336
0.301
0.481
0.484
0.448
0.5
0.497
0.642
0.485
0.454
0.52
0.416
0.571
0.601
0.598
0.641
0.743
0.744
0.598
0.372
0.299
0.284
0.26
0.203
0.283
0.173
0.171
0.151
0.188
0.099
0.134
0.043
0.131
0.226
-0.122
-0.275
-0.16
-0.279
-0.441
-0.611
-0.766
-0.935
-0.92
-1.198
-1.324
-1.435
-1.593
-1.522
-1.775
-1.804
-1.859
-1.831
-1.746
-1.791
-1.659
-1.752
-1.665
-1.596
-1.47
-1.361
-1.298
-1.241
-1.113
-1.024
-0.897
-0.776
-0.665
-0.608
-0.469
-0.405
-0.379
-0.316
-0.299
-0.16
-0.302
0.037
0.099
0.092
0.206
0.217
0.249
0.486
0.609
0.62
0.459
0.455
0.403
0.439
0.357
0.469
0.395
0.42
0.473
0.51
0.474
0.53
0.32
0.216
0.22
0.055
0.135
0.276
0.359
0.417
0.69
0.726
0.626
0.75
0.869
0.902
0.848
0.897
0.969
1.186
1.159
1.285
1.326
1.384
1.338
1.211
1.266
1.288
1.329
1.367
1.305
1.369
1.239
1.208
0.949
0.897
0.893
0.792
0.995
1.029
0.815
0.677
0.468
0.286
0.275
0.359
0.396
0.465
0.173
0.275
0.251
0.07
0.281
0.324
0.231
0.326
0.228
0.309
0.256
0.214
0.103
0.261
0.32
0.343
0.39
0.326
0.274
0.146
0.256
0.376
0.21
0.181
0.126
0.273
0.228
0.149
0.169
0.219
0.426
0.436
0.417
0.214
0.2
0.312
0.269
0.043
0.131
0.115
0.114
0.033
-0.216
-0.221
-0.304
-0.244
-0.22
-0.366
-0.425
-0.355
-0.51
-0.49
-0.62
-0.751
-0.562
-0.395
-0.647
-0.78
-0.925
-0.814
-0.92
-0.861
-0.84
-0.453
-0.614
-0.484
-0.422
-0.652
-0.509
-0.304
-0.289
-0.134
-0.034
-0.266
-0.244
-0.307
-0.417
-0.274
-0.329
-0.306
-0.274
-0.269
-0.062
-0.193
-0.099
-0.212
-0.198
-0.138
-0.026
-0.083
-0.286
-0.147
-0.28
-0.254
-0.165
0.056
0.019
-0.156
-0.199
-0.121
-0.054
0.168
0.244
0.284
0.32
0.279
0.288
0.357
0.465
0.486
0.575
0.796
0.677
0.5
0.596
0.609
0.768
0.766
0.959
0.759
0.917
1.008
0.979
1.163
1.265
1.196
1.093
1.073
0.861
1.001
1.004
0.869
0.745
0.797
0.835
0.764
0.81
1.014
1.2
1.244
1.229
1.35
0.925
0.652
0.588
0.55
0.393
0.479
0.535
0.581
0.551
0.509
0.515
0.33
0.075
-0.019
-0.289
-0.216
-0.099
-0.036
0.029
0.062
-0.06
0.046
-0.246
-0.221
-0.249
-0.458
-0.384
-0.495
-0.506
-0.393
-0.416
-0.389
-0.355
-0.532
-0.566
-0.425
-0.46
-0.345
-0.326
-0.158
-0.155
-0.103
-0.323
-0.432
-0.511
-0.665
-0.662
-0.71
-0.724
-0.661
-0.965
-0.964
-0.828
-1.126
-1.064
-1.29
-1.341
-1.13
-1.174
-1.089
-1.11
-1.076
-0.998
-1.096
-0.983
-0.979
-0.841
-0.83
-0.721
-0.58
-0.48
-0.416
-0.443
-0.37
-0.57
-0.581
-0.552
-0.487
-0.266
-0.401
-0.286
-0.209
-0.196
-0.007
0.263
0.291
0.422
0.463
0.375
0.395
0.421
0.451
0.571
0.544
0.52
0.522
0.6
0.656
0.583
0.963
0.804
0.971
1.001
1.245
1.441
1.566
1.423
1.444
1.443
1.324
1.294
1.213
1.244
1.154
1.106
1.177
1.116
1.169
1.155
1.084
0.944
0.759
0.739
0.599
0.448
0.394
0.389
0.304
0.431
0.364
0.234
0.28
0.436
0.405
0.42
0.307
0.147
0.484
0.244
0.271
0.091
0.269
0.164
0.194
-0.115
-0.399
-0.416
-0.439
-0.628
-0.659
-0.724
-0.661
-0.725
-0.699
-0.753
-0.981
-0.758
-0.739
-0.779
-0.65
-0.546
-0.432
-0.372
-0.449
-0.535
-0.939
-0.756
-0.599
-0.608
-0.581
-0.601
-0.554
-0.471
-0.535
-0.644
-0.448
-0.531
-0.398
-0.569
-0.491
-0.398
-0.478
-0.25
-0.326
-0.17
0.005
-0.278
-0.295
-0.352
-0.408
-0.316
-0.259
-0.338
-0.378
-0.399
-0.225
-0.019
0.171
0.315
0.44
0.291
0.254
0.367
0.352
0.336
0.486
0.383
0.463
0.444
0.545
0.416
0.326
0.163
0.079
0.18
-0.091
-0.189
-0.128
-0.154
-0.104
-0.033
-0.229
-0.111
-0.131
-0.154
-0.33
-0.496
-0.429
-0.458
-0.414
-0.491
-0.32
-0.221
-0.31
-0.345
-0.173
-0.143
-0.056
-0.094
0.011
-0.009
0.013
-0.025
0.003
-0.048
-0.146
-0.179
-0.039
-0.184
-0.11
-0.215
-0.247
-0.27
-0.088
-0.011
-0.069
-0.076
-0.189
-0.318
-0.356
-0.508
-0.449
-0.359
-0.309
-0.48
-0.474
-0.296
-0.185
-0.311
-0.323
-0.258
-0.25
-0.055
-0.129
0.031
0.155
0.182
0.36
0.12
0.055
-0.054
0.083
0.065
0.015
0.08
0.05
0.021
0.171
0.158
0.129
0.265
0.449
0.63
0.618
0.679
0.665
0.576
0.485
0.366
0.306
0.193
0.239
0.251
0.394
0.395
0.489
0.414
0.469
0.304
0.338
0.464
0.348
0.465
0.194
0.144
0.031
0.003
-0.011
0.106
0.069
0.122
-0.08
-0.143
-0.075
-0.238
-0.214
-0.276
-0.306
-0.389
-0.385
-0.233
-0.124
0.221
0.133
0.296
0.291
0.286
0.375
0.249
0.514
0.524
0.455
0.242
0.161
-0.072
-0.074
-0.005
0.106
0.077
0.191
0.175
0.136
0.309
0.357
0.241
0.356
0.274
0.156
0.144
0.129
0.389
0.301
0.5
0.521
0.629
0.895
0.914
1.056
0.935
1.001
0.889
0.841
0.66
0.529
0.62
0.475
0.422
0.524
0.35
0.329
0.088
0.039
0.12
0.006
0.041
0.041
-0.106
-0.134
-0.295
-0.473
-0.356
-0.454
-0.544
-0.599
-0.67
-0.521
-0.531
-0.526
-0.403
-0.163
-0.451
-0.522
-0.512
-0.555
-0.647
-0.853
-0.944
-0.785
-0.954
-0.944
-0.943
-0.961
-0.796
-0.929
-0.998
-0.991
-1.01
-0.869
-0.78
-0.874
-0.763
-0.971
-1.206
-1.106
-1.146
-1.409
-1.508
-1.28
-1.183
-0.891
-0.629
-0.581
-0.517
-0.669
-0.907
-0.816
-0.725
-0.506
-0.505
-0.45
-0.404
-0.339
0.095
0.015
0.205
0.254
0.24
0.344
0.326
0.59
0.539
0.672
0.782
0.878
0.754
0.601
0.481
0.485
0.546
0.445
0.565
0.484
0.659
0.735
0.869
0.699
0.463
0.69
0.385
0.53
0.464
0.258
0.199
0.175
0.216
-0.066
0.136
0.235
0.076
0.283
0.13
0.089
0.028
0.085
0.228
0.168
-0.033
0.304
0.599
0.516
0.421
0.484
0.421
0.271
0.356
0.292
0.527
0.55
0.415
0.901
0.73
5.574
1.123
1.051
1.181
0.941
0.77
0.789
0.88
0.936
0.907
0.905
0.728
0.988
1.05
1.282
1.164
1.289
1.242
1.124
1.147
0.978
1.094
1.093
1.377
1.393
1.431
1.472
1.448
1.219
1.131
1.036
0.916
0.944
0.581
0.628
0.504
0.605
0.588
0.429
0.333
0.214
0.122
-0.38
-0.344
-0.584
-0.503
-0.571
-0.57
-0.535
-0.716
-0.666
-0.585
-0.469
-0.364
-0.247
-0.268
-0.185
-0.179
-0.116
-0.036
-0.043
-0.028
-0.147
-0.156
-0.094
0.026
-0.005
-0.196
-0.016
-0.255
-0.255
-0.165
-0.072
-0.105
0.069
0.085
0.134
0.286
0.215
0.425
0.323
0.606
0.456
0.551
0.766
0.781
0.718
0.946
1.091
1.229
1.274
1.249
1.058
0.689
0.455
0.745
0.77
0.594
0.714
0.503
0.434
0.375
0.371
0.193
0.058
-0.104
-0.208
-0.301
-0.527
-0.427
-0.376
-0.475
-0.599
-0.708
-0.723
-1.008
-0.945
-1.135
-1.137
-1.044
-1.189
-1.245
-1.316
-1.284
-1.251
-1.15
-1.336
-1.344
-1.625
-1.756
-2.013
-1.999
-1.968
-1.943
-1.864
-1.899
-1.854
-1.865
-1.675
-1.495
-1.371
-1.205
-1.016
-1.155
-0.912
-0.789
-0.74
-0.606
-0.425
-0.551
-0.456
-0.414
-0.46
-0.526
-0.448
-0.12
0.08
0.182
0.225
0.28
0.285
0.268
0.339
0.378
0.396
0.424
0.383
0.509
0.241
0.265
0.229
0.318
0.629
0.535
0.559
0.459
0.625
0.696
0.695
0.841
0.686
0.527
0.271
0.201
-0.037
-0.24
-0.079
-0.133
-0.059
-0.258
-0.32
-0.285
-0.46
-0.599
-0.586
-0.713
-0.585
-0.789
-0.685
-0.953
-0.875
-0.863
-0.667
-0.665
-0.478
-0.489
-0.503
-0.436
-0.584
-0.505
-0.506
-0.4
-0.275
-0.184
-0.075
0.001
0.021
0.048
0.191
0.205
0.4
0.45
0.564
0.516
0.674
0.583
0.426
0.468
0.456
0.427
0.581
0.699
0.794
0.754
0.609
0.367
0.393
0.48
0.715
0.951
1.039
1.127
1.121
1.124
1.049
1.135
1.228
1.076
0.959
0.601
0.49
0.73
0.681
0.651
0.547
0.625
0.362
0.279
0.15
0.263
0.217
0.191
0.052
-0.297
-0.268
-0.44
-0.73
-1.046
-1.361
-1.09
-1.103
-0.691
-0.521
-0.521
-0.216
-0.244
-0.139
-0.292
-0.42
-0.456
-0.344
-0.341
-0.439
-0.54
-0.694
-0.661
-0.693
-0.526
-0.443
-0.352
-0.199
-0.278
-0.309
-0.501
-0.352
-0.451
-0.38
-0.494
-0.355
-0.666
-0.731
-0.628
-0.584
-0.573
-0.371
-0.265
-0.16
-0.408
-0.069
-0.022
0.101
0.12
0.024
-0.028
-0.035
-0.041
-0.166
-0.009
0.05
0.273
0.432
0.569
0.605
0.539
0.718
0.792
0.984
1.056
1.031
1.096
0.826
0.69
0.838
0.802
0.885
1.129
1.195
1.029
1.062
1.211
1.228
1.208
1.218
1.062
0.839
0.916
0.776
0.743
0.869
0.81
0.776
0.889
0.998
0.814
0.89
0.824
0.81
0.829
0.758
0.566
0.545
0.291
0.195
-0.051
-0.081
-0.099
-0.133
0.039
-0.086
0.044
0.214
0.16
0.065
0.125
0.114
0.044
0.01
0.166
0.139
-0.086
-0.084
0.1
0.049
0.125
0.24
0.349
0.324
0.492
0.345
0.292
0.223
0.071
-0.06
0.08
-0.179
-0.05
-0.105
-0.062
0.071
0.171
0.135
0.266
0.046
-0.14
-0.155
-0.147
0.069
0.07
0.061
0.024
0.081
0.119
0.379
0.409
0.593
0.68
0.554
0.506
0.344
0.375
0.357
0.309
0.344
0.139
0.198
0.176
0.251
0.195
0.32
0.38
0.515
0.556
0.542
0.578
0.6
0.8
0.517
0.416
0.31
0.367
0.389
0.496
0.475
0.606
0.705
0.824
0.593
0.574
0.581
0.33
0.109
0.081
-0.125
-0.054
-0.111
-0.028
0.07
-0.031
0.052
0.133
0.069
-0.034
-0.077
-0.26
-0.164
-0.208
-0.19
-0.314
-0.339
-0.515
-0.441
-0.598
-0.544
-0.399
-0.638
-0.546
-0.672
-0.807
-0.844
-0.843
-0.743
-1.066
-1.214
-1.252
-1.049
-1.205
-1.294
-1.305
-1.391
-1.198
-1.064
-1.116
-1.13
-1.121
-1.131
-1.206
-1.224
-1.215
-0.968
-1.029
-0.904
-0.866
-1.069
-0.991
-1.123
-0.985
-0.945
-0.661
-0.641
-0.706
-0.624
-0.97
-0.786
-0.859
-0.771
-0.896
-0.854
-0.772
-0.701
-0.714
-0.514
-0.505
-0.471
-0.501
-0.28
-0.294
-0.103
-0.02
-0.196
-0.071
-0.03
0.079
0.264
0.464
0.665
0.667
0.454
0.876
0.601
0.754
0.976
1.163
1.324
1.45
1.55
1.455
1.155
1.179
1.101
1.022
0.978
0.93
1.035
1.01
0.89
0.993
0.907
0.802
0.863
0.679
0.753
0.609
0.545
0.336
0.329
0.444
0.475
0.357
0.254
0.168
0.2
-0.028
-0.089
-0.125
-0.133
-0.02
-0.166
-0.005
0.013
0.236
0.424
0.253
0.281
0.333
0.323
0.4
0.444
0.427
0.393
0.438
0.606
0.566
0.441
0.375
0.471
0.594
0.631
0.554
0.815
0.485
0.38
0.552
0.478
0.517
0.525
0.594
0.383
0.415
0.151
0.279
0.33
0.398
0.309
0.36
0.544
0.583
0.614
0.551
0.655
0.703
0.814
0.576
0.316
0.17
0.209
0.209
0.05
-0.128
-0.077
-0.206
-0.304
-0.388
-0.263
-0.318
-0.249
-0.291
-0.38
-0.256
-0.315
-0.372
-0.32
-0.349
-0.366
-0.415
-0.424
-0.321
-0.37
-0.601
-0.517
-0.345
-0.413
-0.448
-0.464
-0.466
-0.618
-0.5
-0.625
-0.55
-0.386
-0.492
-0.306
-0.324
-0.43
-0.516
-0.458
-0.401
-0.343
-0.448
-0.283
-0.149
-0.16
-0.058
0.315
0.316
0.618
0.699
0.603
0.681
0.552
0.604
0.494
0.515
0.562
0.41
0.236
0.331
0.306
0.323
0.375
0.195
0.175
0.045
0.109
0.217
-0.021
-0.109
-0.098
-0.24
-0.022
-0.201
-0.331
-0.355
-0.458
-0.491
-0.644
-0.688
-0.504
-0.501
-0.331
-0.371
-0.379
-0.189
-0.289
-0.159
-0.09
-0.109
-0.258
-0.501
-0.352
-0.318
-0.291
-0.427
-0.53
-0.372
-0.384
-0.295
-0.258
-0.126
-0.223
-0.547
-0.549
-0.406
-0.372
-0.415
-0.448
-0.315
-0.416
-0.385
-0.421
-0.299
-0.309
-0.33
-0.501
-0.559
-0.625
-0.641
-0.345
-0.565
-0.454
-0.5
-0.674
-0.635
-0.574
-0.323
-0.305
-0.092
-0.001
0.079
0.241
0.329
0.508
0.43
0.44
0.481
0.346
0.384
0.315
0.539
0.487
0.7
0.864
0.934
1.07
1.194
1.306
1.53
1.539
1.601
1.68
1.391
1.254
1.151
0.9
1.083
1.061
1.041
1.089
1.107
1.026
0.894
0.724
0.731
0.679
0.564
0.305
0.14
0.211
-0.028
0.194
-0.26
-0.424
-0.449
-0.586
-0.427
-0.439
-0.316
-0.241
-0.398
-0.455
-0.635
-0.771
-0.645
-0.84
-1.0
-1.008
-1.005
-0.941
-0.879
-0.584
-0.396
-0.168
-0.173
0.013
0.205
0.321
0.385
0.351
0.304
0.266
-0.007
0.129
0.253
0.254
0.404
0.615
0.795
0.86
0.689
0.686
0.688
0.534
0.443
0.478
0.474
0.546
0.581
0.312
0.19
0.258
0.542
0.623
0.618
0.593
0.623
0.415
0.451
0.439
0.569
0.297
0.181
0.319
-0.085
-0.176
-0.193
-0.264
-0.179
-0.312
-0.319
-0.383
-0.214
-0.415
-0.547
-0.708
-0.735
-0.68
-0.804
-0.768
-0.902
-0.786
-0.715
-0.623
-0.519
-0.854
-0.594
-0.57
-0.485
-0.449
-0.44
-0.374
-0.405
-0.292
-0.171
-0.096
0.021
0.071
-0.007
0.195
0.17
0.285
0.286
0.295
0.378
0.165
0.23
0.367
0.4
0.497
0.42
0.372
0.302
0.335
0.338
0.324
0.395
0.438
0.547
0.375
0.274
0.225
0.395
0.208
0.22
-0.055
-0.103
-0.182
-0.32
-0.28
-0.195
-0.196
-0.208
-0.22
-0.224
-0.348
-0.436
-0.468
-0.36
-0.176
-0.215
-0.086
-0.031
-0.016
0.01
0.036
0.209
0.175
0.288
0.414
0.291
0.241
0.39
0.144
0.175
0.37
0.321
0.001
0.081
0.193
0.043
0.031
-0.054
0.051
0.33
0.296
0.484
0.492
0.501
0.7
0.723
0.738
0.57
0.417
0.593
0.578
0.494
0.49
0.487
0.266
0.487
0.575
0.703
0.866
0.777
0.635
0.514
0.429
0.499
0.489
0.581
