0.96
1.174
1.134
1.097
1.135
1.069
0.998
0.811
0.776
0.895
0.608
0.455
0.348
0.22
0.247
0.238
0.125
0.072
-0.086
-0.166
-0.159
-0.264
0.033
0.0
0.016
-0.077
-0.175
-0.264
-0.284
-0.195
-0.144
-0.135
-0.208
-0.14
-0.186
-0.586
-0.258
-0.349
-0.301
-0.29
-0.36
-0.421
-0.409
-0.596
-0.522
-0.36
-0.171
0.029
0.133
0.271
0.301
0.414
0.366
0.378
0.275
0.425
0.459
0.413
0.276
0.2
0.601
0.438
0.443
0.429
0.258
0.208
0.286
0.124
0.106
0.194
0.115
0.326
0.076
0.003
-0.04
-0.118
-0.081
-0.028
0.036
-0.156
-0.209
-0.346
-0.271
-0.128
-0.33
-0.288
-0.302
-0.459
-0.426
-0.537
-0.331
-0.53
-0.45
-0.441
-0.361
-0.52
-0.424
-0.383
-0.436
-0.547
-0.419
-0.413
-0.396
-0.381
-0.497
-0.466
-0.579
-0.555
-0.525
-0.254
-0.383
-0.473
-0.369
-0.33
-0.346
-0.228
-0.279
-0.261
-0.372
-0.14
-0.001
-0.072
-0.125
-0.251
-0.3
-0.295
-0.098
-0.048
-0.02
0.092
-0.026
-0.013
0.041
-0.031
0.015
-0.022
0.071
-0.022
-0.033
-0.005
-0.029
0.019
-0.113
-0.035
0.003
-0.076
-0.139
-0.07
-0.146
0.09
0.088
0.206
0.351
0.429
0.5
0.506
0.766
0.771
0.641
0.58
0.816
0.549
0.711
0.443
0.482
0.336
0.419
0.494
0.716
0.728
0.604
0.61
0.517
0.64
0.629
0.445
0.269
0.291
0.212
-0.029
-0.045
0.064
0.049
0.021
-0.185
-0.141
-0.264
-0.318
-0.545
-0.656
-0.634
-0.506
-0.482
-0.297
-0.083
-0.163
-0.088
-0.193
-0.064
0.084
0.06
-0.118
-0.159
-0.018
0.039
0.046
0.06
0.19
0.163
0.5
0.641
0.63
0.656
0.667
0.557
0.606
0.729
0.62
0.664
0.833
0.753
0.958
0.879
0.893
0.919
0.68
0.801
0.568
0.765
0.87
0.69
0.664
0.601
0.578
0.535
0.456
0.378
0.188
0.125
0.141
0.2
-0.085
-0.122
-0.09
-0.069
0.031
-0.015
-0.028
-0.147
0.013
-0.168
-0.094
-0.331
-0.235
-0.311
-0.346
-0.266
-0.549
-0.471
-0.521
-0.291
-0.615
-0.639
-0.691
-0.789
-0.875
-0.77
-0.713
-0.529
-0.449
-0.478
-0.343
-0.295
0.015
0.054
0.364
0.27
0.241
0.312
0.679
0.785
0.802
0.921
0.865
1.012
0.958
1.002
0.958
0.951
0.926
1.073
1.294
1.232
1.088
0.996
0.809
0.675
0.339
0.045
0.223
0.318
0.425
0.292
0.219
0.224
0.291
0.125
0.056
0.059
0.236
-0.066
-0.304
-0.55
-0.573
-0.544
-0.438
-0.416
-0.285
-0.275
-0.24
-0.163
-0.168
-0.17
-0.079
-0.094
0.055
-0.146
-0.058
0.021
0.035
-0.329
-0.265
-0.033
-0.08
-0.066
-0.064
-0.17
0.024
0.04
0.014
0.081
-0.016
-0.06
0.059
0.045
-0.016
-0.13
0.03
-0.009
0.171
-0.069
-0.031
-0.111
-0.149
-0.212
-0.044
0.083
0.171
-0.036
-0.056
0.026
-0.299
-0.12
-0.122
-0.045
0.011
0.141
0.251
0.284
0.336
0.473
0.458
0.487
0.527
0.482
0.344
0.391
0.463
0.506
0.667
0.801
0.823
0.905
0.921
0.986
0.721
0.469
0.524
0.352
0.401
0.247
0.134
0.131
-0.014
-0.365
-0.629
-0.81
-0.71
-0.512
-0.455
-0.314
-0.159
-0.12
-0.16
-0.166
-0.134
-0.143
-0.276
-0.247
-0.352
-0.46
-0.691
-0.815
-0.859
-1.117
-1.164
-1.104
-1.235
-1.261
-1.395
-1.471
-1.516
-1.479
-1.411
-1.094
-1.216
-1.115
-1.051
-1.073
-1.066
-1.019
-1.195
-1.145
-1.235
-1.242
-1.181
-1.069
-0.861
-0.795
-0.522
-0.551
-0.426
-0.398
-0.329
-0.448
-0.5
-0.228
-0.177
-0.245
-0.22
-0.275
-0.19
0.003
-0.022
0.037
0.003
-0.092
0.015
-0.226
-0.169
-0.114
-0.297
-0.015
0.011
0.278
0.155
0.236
0.339
0.231
0.333
0.219
0.238
0.259
0.246
0.292
0.48
0.408
0.399
0.38
0.448
0.403
0.217
0.242
0.193
0.049
-0.156
-0.08
-0.271
-0.326
-0.372
-0.3
-0.226
-0.228
-0.215
-0.156
-0.048
0.004
0.092
0.174
0.024
0.149
0.072
0.046
0.139
0.315
0.219
0.186
0.111
-0.036
0.174
0.119
0.006
-0.019
0.131
0.124
0.446
0.431
0.367
0.375
0.355
0.179
0.196
0.278
0.139
0.33
0.321
0.296
0.336
0.301
0.481
0.484
0.448
0.5
0.497
0.642
0.485
0.454
0.52
0.416
0.571
0.601
0.598
0.641
0.743
0.744
0.598
0.372
0.299
0.284
0.26
0.203
0.283
0.173
0.171
0.151
0.188
0.099
0.134
0.043
0.131
0.226
-0.122
-0.275
-0.16
-0.279
-0.441
-0.611
-0.766
-0.935
-0.92
-1.198
-1.324
-1.435
-1.593
-1.522
-1.775
-1.804
-1.859
-1.831
-1.746
-1.791
-1.659
-1.752
-1.665
-1.596
-1.47
-1.361
-1.298
-1.241
-1.113
-1.024
-0.897
-0.776
-0.665
-0.608
-0.469
-0.405
-0.379
-0.316
-0.299
-0.16
-0.302
0.037
0.099
0.092
0.206
0.217
0.249
0.486
0.609
0.62
0.459
0.455
0.403
0.439
0.357
0.469
0.395
0.42
0.473
0.51
0.474
0.53
0.32
0.216
0.22
0.055
0.135
0.276
0.359
0.417
0.69
0.726
0.626
0.75
0.869
0.902
0.848
0.897
0.969
1.186
1.159
1.285
1.326
1.384
1.338
1.211
1.266
1.288
1.329
1.367
1.305
1.369
1.239
1.208
0.949
0.897
0.893
0.792
0.995
1.029
0.815
0.677
0.468
0.286
0.275
0.359
0.396
0.465
0.173
0.275
0.251
0.07
0.281
0.324
0.231
0.326
0.228
0.309
0.256
0.214
0.103
0.261
0.32
0.343
0.39
0.326
0.274
0.146
0.256
0.376
0.21
0.181
0.126
0.273
0.228
0.149
0.169
0.219
0.426
0.436
0.417
0.214
0.2
0.312
0.269
0.043
0.131
0.115
0.114
0.033
-0.216
-0.221
-0.304
-0.244
-0.22
-0.366
-0.425
-0.355
-0.51
-0.49
-0.62
-0.751
-0.562
-0.395
-0.647
-0.78
-0.925
-0.814
-0.92
-0.861
-0.84
-0.453
-0.614
-0.484
-0.422
-0.652
-0.509
-0.304
-0.289
-0.134
-0.034
-0.266
-0.244
-0.307
-0.417
-0.274
-0.329
-0.306
-0.274
-0.269
-0.062
-0.193
-0.099
-0.212
-0.198
-0.138
-0.026
-0.083
-0.286
-0.147
-0.28
-0.254
-0.165
0.056
0.019
-0.156
-0.199
-0.121
-0.054
0.168
0.244
0.284
0.32
0.279
0.288
0.357
0.465
0.486
0.575
0.796
0.677
0.5
0.596
0.609
0.768
0.766
0.959
0.759
0.917
1.008
0.979
1.163
1.265
1.196
1.093
1.073
0.861
1.001
1.004
0.869
0.745
0.797
0.835
0.764
0.81
1.014
1.2
1.244
1.229
1.35
0.925
0.652
0.588
0.55
0.393
0.479
0.535
0.581
0.551
0.509
0.515
0.33
0.075
-0.019
-0.289
-0.216
-0.099
-0.036
0.029
0.062
-0.06
0.046
-0.246
-0.221
-0.249
-0.458
-0.384
-0.495
-0.506
-0.393
-0.416
-0.389
-0.355
-0.532
-0.566
-0.425
-0.46
-0.345
-0.326
-0.158
-0.155
-0.103
-0.323
-0.432
-0.511
-0.665
-0.662
-0.71
-0.724
-0.661
-0.965
-0.964
-0.828
-1.126
-1.064
-1.29
-1.341
-1.13
-1.174
-1.089
-1.11
-1.076
-0.998
-1.096
-0.983
-0.979
-0.841
-0.83
-0.721
-0.58
-0.48
-0.416
-0.443
-0.37
-0.57
-0.581
-0.552
-0.487
-0.266
-0.401
-0.286
-0.209
-0.196
-0.007
0.263
0.291
0.422
0.463
0.375
0.395
0.421
0.451
0.571
0.544
0.52
0.522
0.6
0.656
0.583
0.963
0.804
0.971
1.001
1.245
1.441
1.566
1.423
1.444
1.443
1.324
1.294
1.213
1.244
1.154
1.106
1.177
1.116
1.169
1.155
1.084
0.944
0.759
0.739
0.599
0.448
0.394
0.389
0.304
0.431
0.364
0.234
0.28
0.436
0.405
0.42
0.307
0.147
0.484
0.244
0.271
0.091
0.269
0.164
0.194
-0.115
-0.399
-0.416
-0.439
-0.628
-0.659
-0.724
-0.661
-0.725
-0.699
-0.753
-0.981
-0.758
-0.739
-0.779
-0.65
-0.546
-0.432
-0.372
-0.449
-0.535
-0.939
-0.756
-0.599
-0.608
-0.581
-0.601
-0.554
-0.471
-0.535
-0.644
-0.448
-0.531
-0.398
-0.569
-0.491
-0.398
-0.478
-0.25
-0.326
-0.17
0.005
-0.278
-0.295
-0.352
-0.408
-0.316
-0.259
-0.338
-0.378
-0.399
-0.225
-0.019
0.171
0.315
0.44
0.291
0.254
0.367
0.352
0.336
0.486
0.383
0.463
0.444
0.545
0.416
0.326
0.163
0.079
0.18
-0.091
-0.189
-0.128
-0.154
-0.104
-0.033
-0.229
-0.111
-0.131
-0.154
-0.33
-0.496
-0.429
-0.458
-0.414
-0.491
-0.32
-0.221
-0.31
-0.345
-0.173
-0.143
-0.056
-0.094
0.011
-0.009
0.013
-0.025
0.003
-0.048
-0.146
-0.179
-0.039
-0.184
-0.11
-0.215
-0.247
-0.27
-0.088
-0.011
-0.069
-0.076
-0.189
-0.318
-0.356
-0.508
-0.449
-0.359
-0.309
-0.48
-0.474
-0.296
-0.185
-0.311
-0.323
-0.258
-0.25
-0.055
-0.129
0.031
0.155
0.182
0.36
0.12
0.055
-0.054
0.083
0.065
0.015
0.08
0.05
0.021
0.171
0.158
0.129
0.265
0.449
0.63
0.618
0.679
0.665
0.576
0.485
0.366
0.306
0.193
0.239
0.251
0.394
0.395
0.489
0.414
0.469
0.304
0.338
0.464
0.348
0.465
0.194
0.144
0.031
0.003
-0.011
0.106
0.069
0.122
-0.08
-0.143
-0.075
-0.238
-0.214
-0.276
-0.306
-0.389
-0.385
-0.233
-0.124
0.221
0.133
0.296
0.291
0.286
0.375
0.249
0.514
0.524
0.455
0.242
0.161
-0.072
-0.074
-0.005
0.106
0.077
0.191
0.175
0.136
0.309
0.357
0.241
0.356
0.274
0.156
0.144
0.129
0.389
0.301
0.5
0.521
0.629
0.895
0.914
1.056
0.935
1.001
0.889
0.841
0.66
0.529
0.62
0.475
0.422
0.524
0.35
0.329
0.088
0.039
0.12
0.006
0.041
0.041
-0.106
-0.134
-0.295
-0.473
-0.356
-0.454
-0.544
-0.599
-0.67
-0.521
-0.531
-0.526
-0.403
-0.163
-0.451
-0.522
-0.512
-0.555
-0.647
-0.853
-0.944
-0.785
-0.954
-0.944
-0.943
-0.961
-0.796
-0.929
-0.998
-0.991
-1.01
-0.869
-0.78
-0.874
-0.763
-0.971
-1.206
-1.106
-1.146
-1.409
-1.508
-1.28
-1.183
-0.891
-0.629
-0.581
-0.517
-0.669
-0.907
-0.816
-0.725
-0.506
-0.505
-0.45
-0.404
-0.339
0.095
0.015
0.205
0.254
0.24
0.344
0.326
0.59
0.539
0.672
0.782
0.878
0.754
0.601
0.481
0.485
0.546
0.445
0.565
0.484
0.659
0.735
0.869
0.699
0.463
0.69
0.385
0.53
0.464
0.258
0.199
0.175
0.216
-0.066
0.136
0.235
0.076
0.283
0.13
0.089
0.028
0.085
0.228
0.168
-0.033
0.304
0.599
0.516
0.421
0.484
0.421
0.271
0.356
0.292
0.527
0.55
0.415
0.901
0.73
5.574
1.123
1.051
1.181
0.941
0.77
0.789
0.88
0.936
0.907
0.905
0.728
0.988
1.05
1.282
1.164
1.289
1.242
1.124
1.147
0.978
1.094
1.093
1.377
1.393
1.431
1.472
1.448
1.219
1.131
1.036
0.916
0.944
0.581
0.628
0.504
0.605
0.588
0.429
0.333
0.214
0.122
-0.38
-0.344
-0.584
-0.503
-0.571
-0.57
-0.535
-0.716
-0.666
-0.585
-0.469
-0.364
-0.247
-0.268
-0.185
-0.179
-0.116
-0.036
-0.043
-0.028
-0.147
-0.156
-0.094
0.026
-0.005
-0.196
-0.016
-0.255
-0.255
-0.165
-0.072
-0.105
0.069
0.085
0.134
0.286
0.215
0.425
0.323
0.606
0.456
0.551
0.766
0.781
0.718
0.946
1.091
1.229
1.274
1.249
1.058
0.689
0.455
0.745
0.77
0.594
0.714
0.503
0.434
0.375
0.371
0.193
0.058
-0.104
-0.208
-0.301
-0.527
-0.427
-0.376
-0.475
-0.599
-0.708
-0.723
-1.008
-0.945
-1.135
-1.137
-1.044
-1.189
-1.245
-1.316
-1.284
-1.251
-1.15
-1.336
-1.344
-1.625
-1.756
-2.013
-1.999
-1.968
-1.943
-1.864
-1.899
-1.854
-1.865
-1.675
-1.495
-1.371
-1.205
-1.016
-1.155
-0.912
-0.789
-0.74
-0.606
-0.425
-0.551
-0.456
-0.414
-0.46
-0.526
-0.448
-0.12
0.08
0.182
0.225
0.28
0.285
0.268
0.339
0.378
0.396
0.424
0.383
0.509
0.241
0.265
0.229
0.318
0.629
0.535
0.559
0.459
0.625
0.696
0.695
0.841
0.686
0.527
0.271
0.201
-0.037
-0.24
-0.079
-0.133
-0.059
-0.258
-0.32
-0.285
-0.46
-0.599
-0.586
-0.713
-0.585
-0.789
-0.685
-0.953
-0.875
-0.863
-0.667
-0.665
-0.478
-0.489
-0.503
-0.436
-0.584
-0.505
-0.506
-0.4
-0.275
-0.184
-0.075
0.001
0.021
0.048
0.191
0.205
0.4
0.45
0.564
0.516
0.674
0.583
0.426
0.468
0.456
0.427
0.581
0.699
0.794
0.754
0.609
0.367
0.393
0.48
0.715
0.951
1.039
1.127
1.121
1.124
1.049
1.135
1.228
1.076
0.959
0.601
0.49
0.73
0.681
0.651
0.547
0.625
0.362
0.279
0.15
0.263
0.217
0.191
0.052
-0.297
-0.268
-0.44
-0.73
-1.046
-1.361
-1.09
-1.103
-0.691
-0.521
-0.521
-0.216
-0.244
-0.139
-0.292
-0.42
-0.456
-0.344
-0.341
-0.439
-0.54
-0.694
-0.661
-0.693
-0.526
-0.443
-0.352
-0.199
-0.278
-0.309
-0.501
-0.352
-0.451
-0.38
-0.494
-0.355
-0.666
-0.731
-0.628
-0.584
-0.573
-0.371
-0.265
-0.16
-0.408
-0.069
-0.022
0.101
0.12
0.024
-0.028
-0.035
-0.041
-0.166
-0.009
0.05
0.273
0.432
0.569
0.605
0.539
0.718
0.792
0.984
1.056
1.031
1.096
0.826
0.69
0.838
0.802
0.885
1.129
1.195
1.029
1.062
1.211
1.228
1.208
1.218
1.062
0.839
0.916
0.776
0.743
0.869
0.81
0.776
0.889
0.998
0.814
0.89
0.824
0.81
0.829
0.758
0.566
0.545
0.291
0.195
-0.051
-0.081
-0.099
-0.133
0.039
-0.086
0.044
0.214
0.16
0.065
0.125
0.114
0.044
0.01
0.166
0.139
-0.086
-0.084
0.1
0.049
0.125
0.24
0.349
0.324
0.492
0.345
0.292
0.223
0.071
-0.06
0.08
-0.179
-0.05
-0.105
-0.062
0.071
0.171
0.135
0.266
0.046
-0.14
-0.155
-0.147
0.069
0.07
0.061
0.024
0.081
0.119
0.379
0.409
0.593
0.68
0.554
0.506
0.344
0.375
0.357
0.309
0.344
0.139
0.198
0.176
0.251
0.195
0.32
0.38
0.515
0.556
0.542
0.578
0.6
0.8
0.517
0.416
0.31
0.367
0.389
0.496
0.475
0.606
0.705
0.824
0.593
0.574
0.581
0.33
0.109
0.081
-0.125
-0.054
-0.111
-0.028
0.07
-0.031
0.052
0.133
0.069
-0.034
-0.077
-0.26
-0.164
-0.208
-0.19
-0.314
-0.339
-0.515
-0.441
-0.598
-0.544
-0.399
-0.638
-0.546
-0.672
-0.807
-0.844
-0.843
-0.743
-1.066
-1.214
-1.252
-1.049
-1.205
-1.294
-1.305
-1.391
-1.198
-1.064
-1.116
-1.13
-1.121
-1.131
-1.206
-1.224
-1.215
-0.968
-1.029
-0.904
-0.866
-1.069
-0.991
-1.123
-0.985
-0.945
-0.661
-0.641
-0.706
-0.624
-0.97
-0.786
-0.859
-0.771
-0.896
-0.854
-0.772
-0.701
-0.714
-0.514
-0.505
-0.471
-0.501
-0.28
-0.294
-0.103
-0.02
-0.196
-0.071
-0.03
0.079
0.264
0.464
0.665
0.667
0.454
0.876
0.601
0.754
0.976
1.163
1.324
1.45
1.55
1.455
1.155
1.179
1.101
1.022
0.978
0.93
1.035
1.01
0.89
0.993
0.907
0.802
0.863
0.679
0.753
0.609
0.545
0.336
0.329
0.444
0.475
0.357
0.254
0.168
0.2
-0.028
-0.089
-0.125
-0.133
-0.02
-0.166
-0.005
0.013
0.236
0.424
0.253
0.281
0.333
0.323
0.4
0.444
0.427
0.393
0.438
0.606
0.566
0.441
0.375
0.471
0.594
0.631
0.554
0.815
0.485
0.38
0.552
0.478
0.517
0.525
0.594
0.383
0.415
0.151
0.279
0.33
0.398
0.309
0.36
0.544
0.583
0.614
0.551
0.655
0.703
0.814
0.576
0.316
0.17
0.209
0.209
0.05
-0.128
-0.077
-0.206
-0.304
-0.388
-0.263
-0.318
-0.249
-0.291
-0.38
-0.256
-0.315
-0.372
-0.32
-0.349
-0.366
-0.415
-0.424
-0.321
-0.37
-0.601
-0.517
-0.345
-0.413
-0.448
-0.464
-0.466
-0.618
-0.5
-0.625
-0.55
-0.386
-0.492
-0.306
-0.324
-0.43
-0.516
-0.458
-0.401
-0.343
-0.448
-0.283
-0.149
-0.16
-0.058
0.315
0.316
0.618
0.699
0.603
0.681
0.552
0.604
0.494
0.515
0.562
0.41
0.236
0.331
0.306
0.323
0.375
0.195
0.175
0.045
0.109
0.217
-0.021
-0.109
-0.098
-0.24
-0.022
-0.201
-0.331
-0.355
-0.458
-0.491
-0.644
-0.688
-0.504
-0.501
-0.331
-0.371
-0.379
-0.189
-0.289
-0.159
-0.09
-0.109
-0.258
-0.501
-0.352
-0.318
-0.291
-0.427
-0.53
-0.372
-0.384
-0.295
-0.258
-0.126
-0.223
-0.547
-0.549
-0.406
-0.372
-0.415
-0.448
-0.315
-0.416
-0.385
-0.421
-0.299
-0.309
-0.33
-0.501
-0.559
-0.625
-0.641
-0.345
-0.565
-0.454
-0.5
-0.674
-0.635
-0.574
-0.323
-0.305
-0.092
-0.001
0.079
0.241
0.329
0.508
0.43
0.44
0.481
0.346
0.384
0.315
0.539
0.487
0.7
0.864
0.934
1.07
1.194
1.306
1.53
1.539
1.601
1.68
1.391
1.254
1.151
0.9
1.083
1.061
1.041
1.089
1.107
1.026
0.894
0.724
0.731
0.679
0.564
0.305
0.14
0.211
-0.028
0.194
-0.26
-0.424
-0.449
-0.586
-0.427
-0.439
-0.316
-0.241
-0.398
-0.455
-0.635
-0.771
-0.645
-0.84
-1.0
-1.008
-1.005
-0.941
-0.879
-0.584
-0.396
-0.168
-0.173
0.013
0.205
0.321
0.385
0.351
0.304
0.266
-0.007
0.129
0.253
0.254
0.404
0.615
0.795
0.86
0.689
0.686
0.688
0.534
0.443
0.478
0.474
0.546
0.581
0.312
0.19
0.258
0.542
0.623
0.618
0.593
0.623
0.415
0.451
0.439
0.569
0.297
0.181
0.319
-0.085
-0.176
-0.193
-0.264
-0.179
-0.312
-0.319
-0.383
-0.214
-0.415
-0.547
-0.708
-0.735
-0.68
-0.804
-0.768
-0.902
-0.786
-0.715
-0.623
-0.519
-0.854
-0.594
-0.57
-0.485
-0.449
-0.44
-0.374
-0.405
-0.292
-0.171
-0.096
0.021
0.071
-0.007
0.195
0.17
0.285
0.286
0.295
0.378
0.165
0.23
0.367
0.4
0.497
0.42
0.372
0.302
0.335
0.338
0.324
0.395
0.438
0.547
0.375
0.274
0.225
0.395
0.208
0.22
-0.055
-0.103
-0.182
-0.32
-0.28
-0.195
-0.196
-0.208
-0.22
-0.224
-0.348
-0.436
-0.468
-0.36
-0.176
-0.215
-0.086
-0.031
-0.016
0.01
0.036
0.209
0.175
0.288
0.414
0.291
0.241
0.39
0.144
0.175
0.37
0.321
0.001
0.081
0.193
0.043
0.031
-0.054
0.051
0.33
0.296
0.484
0.492
0.501
0.7
0.723
0.738
0.57
0.417
0.593
0.578
0.494
0.49
0.487
0.266
0.487
0.575
0.703
0.866
0.777
0.635
0.514
0.429
0.499
0.489
0.581
0.581
0.782
0.634
0.545
0.318
0.191
0.364
0.194
0.12
-0.211
-0.13
-0.126
-0.568
-0.624
-0.763
-0.569
-0.863
-0.814
-0.599
-0.641
-0.372
-0.656
-0.455
-0.46
-0.559
-0.438
-0.246
-0.205
-0.133
-0.674
-0.158
-0.154
-0.161
-0.146
-0.166
-0.195
-0.113
-0.124
-0.203
-0.426
-0.603
-0.499
-0.537
-0.39
-0.292
-0.42
-0.376
-0.256
-0.329
-0.474
-0.463
-0.39
-0.408
-10.336
-0.352
-0.54
-0.603
-0.649
-0.512
-0.701
-0.724
-0.352
-0.594
-0.561
-0.492
-0.329
-0.331
-0.115
-0.171
-0.07
-0.2
0.046
0.18
-0.069
0.062
0.036
-0.022
-0.01
0.013
-0.075
0.113
0.081
0.094
-0.007
-0.076
-0.198
-0.29
-0.422
-0.458
-0.383
-0.144
-0.134
-0.215
-0.05
0.135
0.189
0.325
0.552
0.49
0.511
0.394
0.339
0.247
0.27
0.193
0.084
0.146
-0.066
-0.01
-0.079
0.221
0.173
0.1
-0.062
0.126
0.029
0.036
0.194
0.173
0.128
0.074
-0.471
-0.254
-0.154
0.051
0.029
0.401
0.304
0.348
0.359
0.593
0.647
0.62
0.87
0.594
0.346
0.203
0.154
0.242
0.315
0.456
0.285
0.366
0.324
0.372
0.335
0.496
0.505
0.445
0.193
0.198
0.306
0.286
0.219
0.341
0.36
0.296
0.292
0.168
0.028
-0.268
0.074
-0.271
-0.168
-0.182
-0.19
-0.165
-0.341
-0.307
-0.39
-0.408
-0.559
-0.604
-0.465
-0.578
-0.514
-0.581
-0.544
-0.44
-0.552
-0.42
-0.372
-0.469
-0.429
-0.706
-0.43
-0.391
-0.195
0.009
0.226
0.235
0.25
0.328
0.559
0.635
0.609
0.751
0.891
0.844
0.854
0.784
0.915
0.905
0.88
0.825
0.809
0.726
0.496
0.551
0.48
0.709
0.677
0.492
0.296
0.116
-0.072
-0.065
-0.307
-0.355
-0.348
-0.438
-0.349
-0.547
-0.571
-0.682
-0.754
-0.638
-0.785
-0.816
-0.797
-0.777
-0.894
-0.934
-0.759
-0.682
-0.671
-0.505
-0.419
-0.38
-0.408
-0.395
-0.331
-0.367
-0.37
-0.155
-0.208
0.031
0.254
0.43
0.574
0.508
0.625
0.811
0.806
0.886
0.97
0.78
0.52
0.249
-0.055
-0.265
-0.217
-0.489
-0.588
-0.489
-0.599
-0.686
-0.699
-0.527
-0.662
-0.688
-0.784
-0.623
-0.72
-0.749
-0.915
-1.095
-1.035
-0.969
-0.721
-0.654
-0.432
-0.46
-0.294
-0.573
-0.734
-0.503
-0.138
-0.066
-0.1
-0.364
-0.47
-0.758
-0.776
-0.468
-0.348
-0.195
-0.381
-0.371
-0.443
-0.491
-0.625
-0.629
-0.598
-0.479
-0.424
-0.458
-0.545
-0.176
-0.026
0.185
0.295
0.335
0.463
0.68
0.539
0.399
0.286
0.468
0.505
0.564
0.682
0.689
0.635
0.57
0.346
0.436
0.445
0.448
0.601
0.661
0.581
0.797
0.746
0.917
0.805
0.647
0.609
0.258
0.179
0.185
0.35
0.109
0.114
0.316
0.173
0.051
-0.062
0.044
-0.095
-0.116
-0.146
-0.318
-0.29
-0.406
-0.745
-0.836
-0.904
-0.989
-0.968
-0.978
-0.647
-0.816
-0.94
-0.768
-0.812
-0.801
-0.647
-0.578
-0.723
-0.674
-0.468
-0.321
-0.344
-0.109
-0.114
0.066
0.191
0.141
0.049
-0.096
0.165
0.281
0.203
0.185
0.184
0.099
0.129
-0.011
-0.181
-0.043
0.12
0.131
0.147
0.29
0.296
0.15
0.216
0.105
0.072
0.122
0.076
0.105
0.154
0.005
0.118
0.177
0.115
0.128
0.299
0.283
0.346
0.043
-0.05
-0.043
0.107
0.139
0.417
0.514
0.56
0.785
0.695
0.693
0.679
0.669
0.56
0.818
1.089
1.031
1.244
1.219
1.2
0.999
1.079
1.0
0.72
0.801
0.609
0.59
0.52
0.425
0.65
0.394
0.522
0.415
0.345
0.302
0.503
0.261
0.286
0.188
0.129
-0.12
-0.17
-0.499
-0.739
-0.761
-0.484
-0.328
-0.233
-0.36
-0.094
-0.352
-0.343
-0.216
-0.133
-0.124
0.154
-0.004
0.16
0.333
0.413
0.309
0.264
0.288
0.251
0.583
0.681
0.594
0.635
0.841
0.838
0.635
0.746
0.536
0.566
0.559
0.517
0.357
0.314
0.085
0.273
0.233
-0.02
0.001
-0.103
-0.146
-0.045
-0.128
-0.158
-0.103
-0.062
-0.14
-0.286
-0.409
-0.501
-0.573
-0.631
-0.591
-0.674
-0.895
-0.79
-1.09
-1.302
-1.345
-1.083
-1.198
-1.0
-0.818
-0.753
-0.534
-0.595
-0.208
-0.098
0.128
0.113
0.235
0.504
0.435
0.801
0.708
0.904
0.791
0.779
0.598
0.779
0.961
1.088
1.159
1.288
1.236
1.232
1.134
1.269
1.186
1.21
1.399
1.481
1.438
1.614
1.525
1.286
1.369
0.939
0.635
0.435
0.354
0.254
0.269
0.405
0.396
0.571
0.446
0.314
0.359
0.318
0.106
0.006
-0.149
-0.118
-0.208
-0.11
0.009
0.064
0.335
0.319
0.345
0.246
0.246
0.101
0.193
0.329
0.173
0.046
0.088
0.176
0.195
0.357
0.289
0.324
0.413
0.448
0.456
0.38
0.755
0.728
0.849
0.9
0.56
0.191
0.165
-0.305
-0.535
-0.749
-0.706
-0.647
-0.432
-0.364
-0.278
-0.291
-0.31
-0.037
-0.179
-0.071
-0.219
-0.092
-0.135
-0.32
-0.381
-0.374
-0.189
-0.268
-0.305
-0.245
0.121
0.062
0.188
0.11
0.12
0.195
-0.072
-0.219
-0.189
-0.286
-0.357
-0.304
-0.424
-0.496
-0.534
-0.583
-0.641
-0.664
-0.859
-0.848
-0.92
-0.869
-0.87
-0.784
-0.974
-0.88
-0.806
-0.792
-0.598
-0.519
-0.654
-0.677
-0.723
-0.491
-0.486
-0.164
-0.365
-0.545
-0.278
-0.564
-0.501
-0.514
-0.32
-0.234
-0.121
-0.03
0.009
0.075
0.031
0.006
-0.029
-0.163
-0.341
-0.264
-0.095
-0.165
-0.171
-0.253
-0.307
-0.198
-0.118
0.019
0.083
0.18
0.084
0.054
0.029
0.103
0.058
-0.159
-0.269
-0.149
-0.312
-0.165
-0.38
-0.454
-0.579
-0.474
-0.36
-0.348
-0.315
-0.329
-0.266
-0.209
-0.305
-0.328
-0.268
0.036
-0.156
-0.165
-0.107
0.06
0.171
0.245
0.159
0.154
0.145
0.242
0.145
-0.084
-0.11
-0.23
-0.166
-0.115
0.143
-0.052
-0.07
-0.115
-0.256
-0.113
-0.094
-0.14
0.007
0.015
0.146
0.151
0.288
0.309
0.422
0.535
0.578
0.348
0.305
0.203
0.033
-0.223
-0.434
-0.4
-0.188
-0.095
-0.02
-0.238
-0.174
-0.228
-0.036
0.114
0.135
0.312
0.138
0.239
0.209
0.236
0.296
0.328
0.459
0.315
0.384
0.542
0.499
0.7
1.002
1.208
1.038
1.025
0.993
0.763
0.998
0.68
0.583
0.43
0.241
0.12
-0.091
0.024
0.121
0.188
0.079
0.136
0.185
0.11
0.259
0.144
0.086
0.269
0.354
0.302
0.455
0.435
0.422
0.335
0.484
0.48
0.527
0.451
0.54
0.456
0.482
0.772
0.719
0.531
0.435
0.348
0.339
0.39
0.357
0.388
0.451
0.379
0.247
0.173
0.161
0.186
0.166
0.233
0.279
0.2
0.193
0.007
-0.116
-0.199
-0.188
-0.389
-0.339
-0.367
-0.414
-0.274
-0.25
-0.399
-0.461
-0.703
-0.714
-0.594
-0.511
-0.55
-0.56
-0.656
-0.546
-0.704
-0.65
-0.695
-0.856
-0.5
-0.451
-0.351
-0.305
-0.239
-0.35
-0.099
-0.413
-0.551
-0.404
-0.247
-0.25
-0.149
-0.085
-0.066
0.124
0.051
0.145
0.075
-0.044
-0.091
-0.304
-0.072
-0.255
-0.261
-0.269
-0.32
-0.388
-0.65
-0.628
-0.568
-0.471
-0.576
-0.542
-0.466
-0.485
-0.554
-0.526
-0.338
-0.152
-0.325
-0.581
-0.539
-0.634
-0.566
-0.591
-0.356
-0.406
-0.413
-0.469
-0.469
-0.487
-0.576
-0.496
-0.53
-0.448
-0.152
-0.384
-0.339
-0.274
-0.08
0.013
0.0
0.052
0.054
0.19
-0.076
-0.031
0.238
0.175
0.422
0.312
0.258
0.286
0.18
0.276
0.26
0.564
0.539
0.579
0.706
0.482
0.438
0.554
0.571
0.565
0.318
0.311
0.155
0.056
-0.003
0.173
0.195
0.196
0.013
-0.001
-0.054
-0.122
-0.203
-0.378
-0.539
-0.856
-0.67
-0.679
-0.6
-0.398
-0.173
-0.454
-0.147
-0.245
-0.175
-0.283
-0.422
-0.671
-0.664
-0.571
-0.574
-0.398
-0.456
-0.619
-0.738
-0.725
-0.565
-0.71
-0.49
-0.471
-0.314
-0.166
0.022
-0.08
0.061
0.11
0.166
0.096
0.08
0.289
0.311
0.479
0.489
0.449
0.54
0.425
0.55
0.516
0.479
0.338
0.241
0.039
0.156
-0.06
-0.092
-0.076
-0.251
-0.264
-0.328
-0.426
-0.152
-0.339
-0.084
-0.08
0.176
0.242
0.464
0.614
0.766
0.718
0.67
0.733
0.504
0.283
0.323
0.318
0.355
0.609
0.944
1.219
1.39
1.359
1.301
1.069
1.125
1.061
0.994
0.946
0.864
0.953
1.041
1.079
1.146
1.001
1.196
1.147
1.031
0.951
1.026
0.824
0.789
0.7
0.57
0.461
0.366
0.181
0.014
-0.362
-0.634
-0.714
-0.665
-0.975
-0.97
-0.835
-0.82
-0.763
-0.835
-0.875
-0.943
-0.875
-1.015
-0.951
-0.8
-0.835
-0.777
-1.005
-0.963
-1.052
-0.919
-0.682
-0.464
-0.318
-0.199
-0.129
-0.216
-0.184
-0.15
-0.049
-0.028
0.024
0.055
0.095
0.158
0.065
0.083
0.072
-0.066
-0.111
-0.2
-0.188
-0.106
-0.256
-0.065
-0.129
-0.15
-0.04
-0.025
0.075
0.301
0.226
0.384
0.233
0.229
0.13
0.245
0.095
0.08
0.111
-0.029
0.074
0.035
0.221
0.161
0.124
0.159
0.156
0.034
0.07
0.152
0.105
0.263
0.12
0.432
0.465
0.532
0.733
0.853
0.775
0.905
1.035
1.012
1.028
0.849
0.785
0.765
0.836
0.779
0.655
0.466
0.57
0.54
0.421
0.573
0.524
0.514
0.16
0.341
0.414
0.306
0.159
0.338
0.177
0.048
-0.103
0.058
-0.025
-0.163
-0.255
-0.259
-0.398
-0.296
-0.249
-0.294
-0.119
-0.288
-0.386
-0.444
-0.386
-0.496
-0.504
-0.315
-0.224
-0.526
-0.4
-0.414
-0.494
-0.579
-0.758
-0.545
-0.372
-0.316
-0.246
-0.122
-0.072
-0.168
-0.22
0.089
-0.016
-0.176
-0.125
-0.196
-0.365
-0.355
-0.386
-0.562
-0.429
-0.461
-0.427
-0.539
-0.434
-0.455
-0.861
-0.841
-0.936
-0.985
-0.914
-0.995
-0.846
-0.719
-0.633
-0.666
-0.583
-0.484
-0.369
-0.244
-0.25
-0.198
-0.258
-0.091
-0.125
-0.031
-0.18
-0.089
-0.152
-0.209
-0.279
-0.266
-0.175
-0.21
-0.124
-0.109
0.105
0.05
-0.014
0.064
-0.165
-0.289
-0.161
-0.14
0.024
0.095
0.021
0.198
0.198
0.246
0.403
0.359
0.478
0.674
0.603
0.796
0.539
0.634
0.604
0.686
0.634
0.443
0.362
0.411
0.351
0.334
0.175
0.226
0.099
0.2
0.019
-0.185
-0.276
-0.106
-0.198
-0.046
0.055
-0.088
-0.285
-0.03
-0.242
-0.228
-0.379
-0.465
-0.495
-0.436
-0.349
-0.209
0.007
0.019
0.051
0.265
0.163
0.144
0.145
0.059
0.07
0.295
0.365
0.372
0.516
0.654
0.807
0.718
0.791
1.006
0.843
0.873
0.799
0.78
0.983
0.979
0.843
0.841
0.763
0.815
0.71
0.719
0.718
0.501
0.535
0.463
0.504
0.485
0.569
0.62
0.716
0.655
0.645
0.726
0.517
0.674
0.76
0.571
0.693
0.706
0.576
0.575
0.756
0.731
0.804
0.499
0.574
0.441
0.311
0.4
0.214
0.034
0.076
0.231
0.098
-0.022
0.05
0.084
-0.122
-0.022
-0.352
-0.394
-0.196
-0.225
-0.409
-0.529
-0.544
-0.584
-0.279
-0.169
-0.115
0.03
-0.177
-0.069
-0.271
-0.376
-0.391
-0.352
-0.431
-0.506
-0.47
-0.556
-0.375
-0.319
-0.414
-0.598
-0.589
-0.514
-0.669
-0.711
-0.73
-0.495
-0.485
-0.436
-0.135
0.122
0.324
0.226
0.352
0.426
0.165
0.175
0.458
0.469
0.375
0.065
0.383
0.336
0.26
0.576
0.445
0.539
0.652
0.505
0.434
0.516
0.519
0.856
0.736
0.693
0.633
0.413
0.144
0.203
0.35
0.231
0.743
0.689
0.645
0.61
0.378
0.334
0.17
0.072
0.029
0.205
0.238
0.099
0.182
0.231
0.404
0.314
0.138
0.355
0.118
0.138
0.094
0.295
0.029
0.109
0.086
-0.09
-0.203
-0.294
-0.517
-0.603
-0.726
-0.652
-0.628
-0.7
-0.806
-0.84
-0.979
-0.946
-0.609
-0.724
-0.623
-0.951
-0.968
-1.048
-1.174
-1.081
-0.991
-0.759
-0.785
-0.564
-0.589
-0.514
-0.578
-0.586
-0.539
-0.578
-0.449
-0.415
-0.419
-0.514
-0.425
-0.174
-0.381
-0.436
-0.425
-0.509
-0.398
-0.514
-0.404
-0.416
-0.484
-0.594
-0.629
-0.662
-0.836
-0.721
-0.703
-0.61
-0.496
-0.435
-0.37
-0.416
-0.609
-0.253
-0.646
-0.606
-0.52
-0.459
-0.38
-0.497
-0.495
-0.468
-0.354
-0.403
-0.427
-0.41
-0.374
-0.284
-0.147
-0.048
-0.185
-0.352
-0.133
-0.088
0.011
0.149
0.121
0.089
0.146
0.286
0.208
0.194
0.311
0.343
0.624
0.815
0.929
0.964
0.863
0.864
0.721
0.562
0.536
0.677
0.766
0.677
0.63
0.508
0.494
0.435
0.449
0.568
0.301
0.291
0.169
0.139
0.236
0.301
0.316
0.275
0.481
0.566
0.422
0.417
0.52
0.537
0.544
0.35
0.339
0.366
0.276
0.378
0.278
0.56
0.88
0.801
0.776
0.885
1.028
0.896
0.922
0.964
0.959
0.907
0.811
0.883
0.759
0.695
0.606
0.771
0.698
0.651
0.456
0.399
0.233
0.18
0.351
0.451
0.501
0.339
0.163
-0.016
-0.133
-0.049
-0.085
-0.026
0.088
0.118
0.273
0.119
0.16
0.191
0.38
0.225
0.348
0.331
0.534
0.588
0.471
0.416
0.534
0.549
0.69
0.666
0.443
0.51
0.521
0.489
0.505
0.4
0.378
0.445
0.554
0.685
0.631
0.626
0.608
0.61
0.642
0.47
0.584
0.698
0.615
0.624
0.614
0.378
0.448
0.193
0.149
-0.028
-0.312
-0.367
-0.47
-0.453
-0.426
-0.68
-0.601
-0.725
-0.766
-0.906
-0.991
-1.076
-1.074
-1.113
-1.396
-1.309
-1.161
-1.255
-1.145
-1.028
-1.074
-0.944
-1.1
-1.169
-1.294
-1.365
-1.406
-1.302
-0.984
-1.068
-0.974
-0.883
-0.922
-1.024
-0.951
-0.763
-0.485
-0.309
-0.04
0.119
0.125
0.144
0.086
0.07
0.054
0.206
0.299
0.335
0.299
0.224
0.333
0.357
0.318
0.611
0.469
0.184
0.245
0.378
0.606
0.726
0.739
0.856
0.814
0.83
0.921
1.034
0.86
0.806
0.736
0.688
0.681
0.736
0.779
0.694
0.694
0.505
0.343
0.331
0.284
0.288
0.173
0.113
-0.052
0.043
-0.335
-0.264
-0.255
-0.394
-0.564
-0.464
-0.5
-0.334
-0.52
-0.61
-0.655
-0.838
-0.699
-0.883
-0.669
-0.529
-0.611
-0.512
-0.623
-0.64
-0.611
-0.588
-0.631
-0.672
-0.503
-0.596
-0.594
-0.499
-0.586
-0.306
-0.306
-0.203
-0.169
-0.024
-0.105
-0.179
-0.228
-0.06
-0.028
-0.003
0.138
0.164
0.249
0.52
0.685
0.714
0.868
0.819
0.718
0.531
0.669
0.703
0.745
0.512
0.734
0.806
0.745
0.745
0.704
0.575
0.75
0.62
0.647
0.395
0.304
0.107
-0.033
0.171
0.261
0.26
0.119
-0.247
-0.226
-0.421
-0.631
-0.485
-0.782
-0.774
-0.57
-0.372
-0.089
0.077
0.013
-0.085
0.009
0.07
-0.191
-0.101
0.105
0.21
0.046
0.136
0.37
0.314
0.225
0.194
0.16
-0.034
0.238
0.133
0.129
0.371
0.214
0.331
0.164
0.005
-0.114
0.05
0.229
0.326
0.234
0.334
0.463
0.356
0.416
0.434
0.01
0.069
-0.096
-0.106
-0.17
-0.226
0.179
0.079
0.219
0.007
-0.179
-0.399
-0.259
-0.357
-0.338
-0.169
0.051
0.049
0.061
0.18
0.315
0.552
0.629
0.974
1.006
0.889
0.724
0.475
0.264
0.215
0.046
0.081
0.214
-0.034
0.103
-0.01
0.145
0.139
-0.126
-0.009
-0.138
-0.314
-0.122
0.054
-0.005
0.024
0.246
0.035
-0.079
-0.028
-0.088
0.0
-0.096
-0.089
-0.147
-0.383
-0.355
-0.43
-0.401
-0.5
-0.307
-0.223
-0.044
-0.109
-0.006
-0.062
-0.055
0.043
0.024
0.086
0.036
-0.085
0.029
-0.021
0.001
-0.105
-0.033
0.022
-0.11
-1.025
0.247
0.269
0.182
0.357
0.425
0.286
0.24
0.136
-0.046
-0.173
-0.29
-0.236
-0.326
-0.341
-0.138
-0.033
-0.028
-0.089
0.006
0.158
0.083
0.061
-0.07
-0.188
-0.028
-0.399
-0.288
-0.238
-0.069
0.138
0.323
0.104
0.12
-0.16
-0.155
-0.122
-0.099
-0.011
-0.037
0.024
0.116
-0.024
0.02
-0.05
-0.14
-0.2
-0.055
0.198
0.409
0.604
0.399
0.406
0.372
0.118
0.323
0.263
0.29
0.29
0.384
0.47
0.389
0.375
0.35
0.029
0.424
0.625
0.666
0.63
0.564
0.76
0.819
0.661
0.506
0.552
0.504
0.362
0.403
0.436
0.573
0.609
0.484
0.292
0.169
-0.08
-0.16
-0.086
0.022
0.064
-0.077
-0.205
0.031
-0.003
0.081
0.179
0.283
0.259
0.098
0.284
0.286
0.26
0.345
0.565
0.645
0.475
0.574
0.504
0.309
0.306
0.297
0.292
0.206
0.205
0.095
-0.062
-0.056
0.01
0.15
0.0
-0.135
-0.098
-0.24
-0.225
-0.362
-0.435
-0.333
-0.46
-0.544
-0.511
-0.393
-0.189
-0.131
-0.151
-0.021
-0.096
-0.045
-0.079
0.09
0.147
0.189
0.295
0.44
0.26
0.056
-0.058
0.099
0.059
0.163
0.056
0.083
0.124
0.086
0.086
0.024
0.028
0.024
-0.1
0.124
0.037
-0.072
0.18
0.259
0.263
0.191
0.16
0.14
-0.061
-0.145
-0.11
-0.367
-0.372
-0.44
-0.517
-0.584
-0.52
-0.496
-0.646
-0.785
-0.739
-0.789
-0.59
-0.62
-0.696
-0.621
-0.549
-0.413
-0.344
-0.21
-0.18
-0.085
0.026
-0.224
-0.356
-0.261
-0.429
-0.517
-0.434
-0.339
-0.171
-0.044
-0.019
-0.249
-0.052
-0.128
-0.15
-0.029
-0.029
-0.122
-0.165
-0.006
0.031
0.147
0.211
0.133
0.011
-0.263
-0.146
-0.124
-0.08
-0.054
-0.28
-0.271
-0.443
-0.585
-0.684
-0.559
-0.61
-0.686
-0.77
-0.694
-0.579
-0.355
-0.199
-0.414
-0.53
-0.645
-0.674
-0.754
-0.765
-0.861
-0.711
-0.59
-0.546
-0.53
-0.57
-0.448
-0.458
-0.335
-0.15
-0.184
-0.206
-0.099
-0.296
0.05
0.409
0.366
0.599
0.67
0.902
0.821
0.96
0.776
0.777
0.839
0.858
0.917
1.004
1.008
1.1
0.88
0.899
0.779
0.849
0.671
0.915
0.99
0.695
0.449
0.405
0.193
0.125
0.075
-0.028
-0.156
0.03
-0.039
-0.176
-0.005
0.009
0.223
0.106
0.305
0.328
0.369
0.136
0.046
0.01
-0.16
-0.01
0.064
-0.014
-0.059
0.118
0.105
0.098
-0.125
-0.304
-0.143
-0.2
-0.361
-0.427
-0.469
-0.318
-0.124
-0.094
0.039
0.0
-0.103
-0.189
-0.076
-0.124
0.046
0.065
-0.086
-0.1
0.104
-0.049
-0.019
0.128
0.05
-0.077
-0.286
-0.23
-0.122
-0.163
-0.19
-0.292
-0.297
-0.335
-0.535
-0.713
-0.585
-0.591
-0.654
-0.325
-0.18
0.154
0.089
0.061
-0.135
-0.238
-0.094
-0.343
-0.001
0.022
0.013
0.186
0.051
0.176
0.058
0.058
-0.104
-0.33
-0.39
-0.214
-0.164
-0.126
-0.144
0.007
-0.126
-0.094
-0.05
-0.062
-0.133
-0.125
-0.186
-0.497
-0.615
-0.441
-0.215
-0.203
0.036
-0.065
0.233
0.286
0.145
0.139
0.083
0.212
0.2
0.475
0.445
0.376
0.372
0.258
0.215
0.125
0.163
0.024
0.209
0.399
0.307
0.511
0.536
0.575
0.445
0.41
0.301
0.292
0.254
0.281
0.573
0.585
0.675
0.709
0.726
0.779
0.691
0.647
0.362
0.271
0.328
0.419
0.297
0.264
0.35
0.133
-0.103
-0.146
-0.325
-0.307
-0.206
-0.043
0.02
0.191
0.12
0.198
0.32
0.216
0.326
0.294
0.21
0.219
-0.024
-0.114
-0.199
-0.33
-0.244
-0.091
0.113
0.2
0.152
-0.144
-0.14
-0.411
-0.316
-0.099
-0.246
-0.229
-0.52
-0.406
-0.288
-0.235
-0.188
-0.03
-0.099
0.037
0.011
-0.13
0.075
0.122
0.16
0.2
-0.048
-0.036
0.328
0.359
0.294
0.517
0.583
0.359
0.503
0.318
0.261
0.233
0.02
0.006
0.134
-0.009
-0.007
-0.075
-0.217
-0.131
-0.264
-0.166
-0.231
0.163
0.044
0.034
-0.024
-0.333
-0.151
-0.253
-0.229
-0.104
-0.161
-0.006
-0.186
0.064
-0.031
0.268
0.325
0.344
0.201
0.31
0.26
0.416
0.403
0.309
0.421
0.62
0.689
0.774
0.719
0.531
0.797
0.657
0.471
0.354
0.354
0.349
0.319
0.508
0.495
0.645
0.47
0.642
0.688
0.501
0.329
0.206
0.339
0.297
0.36
0.451
0.604
0.685
0.682
0.811
0.694
0.601
0.656
0.701
0.719
0.655
0.497
0.478
0.639
0.496
0.406
0.378
0.574
0.386
0.381
0.163
0.193
0.212
0.121
0.083
-0.07
-0.03
-0.145
-0.139
-0.006
-0.179
-0.056
-0.224
-0.21
-0.135
-0.094
-0.039
0.103
0.193
0.309
0.425
0.521
0.343
0.328
0.219
0.205
0.056
-0.044
0.07
0.052
0.191
0.066
-0.007
-0.211
-0.149
-0.033
-0.242
-0.174
-0.399
-0.515
-0.628
-0.754
-0.745
-0.779
-0.623
-0.484
-0.534
-0.501
-0.534
-0.545
-0.439
-0.269
-0.101
-0.193
-0.258
-0.41
-0.229
-0.034
-0.011
0.219
0.166
0.3
0.193
0.16
0.114
0.041
-0.174
-0.266
-0.514
-0.529
-0.531
-0.3
0.007
0.005
-0.065
0.044
0.0
0.115
-0.254
-0.146
-0.348
-0.351
-0.549
-0.343
-0.16
-0.156
0.089
-0.089
0.025
-0.23
-0.054
0.066
0.2
0.44
0.554
0.61
0.378
0.286
-0.085
-0.209
-0.234
0.021
0.356
0.47
0.821
0.81
0.729
0.802
0.819
0.763
0.606
0.891
0.699
0.586
0.529
0.532
0.276
0.362
0.289
0.424
0.679
0.661
0.79
0.764
0.672
0.466
0.235
0.173
0.106
0.03
0.224
0.164
0.007
-0.006
0.156
0.089
0.221
0.37
0.419
0.438
0.253
0.245
0.145
0.104
-0.229
-0.494
-0.659
-0.675
-0.619
-0.635
-0.598
-0.44
-0.391
-0.414
-0.714
-0.87
-0.804
-0.754
-0.833
-0.565
-0.54
-0.544
-0.891
-0.818
-0.909
-0.851
-0.82
-0.738
-0.75
-0.76
-0.806
-0.796
-0.749
-0.749
-0.772
-0.758
-0.73
-0.71
-0.705
-0.634
-0.504
-0.323
-0.134
-0.094
-0.226
-0.128
-0.294
-0.251
-0.18
-0.441
-0.247
-0.18
-0.03
0.026
-0.245
-0.14
-0.059
0.174
0.22
