0.297
0.348
0.399
0.256
0.278
0.194
0.249
0.145
0.182
0.231
0.034
0.065
0.019
0.19
0.004
0.059
0.096
-0.071
-0.176
-0.273
-0.254
-0.283
-0.324
-0.333
-0.394
-0.441
-0.336
-0.355
-0.259
-0.446
-0.336
-0.527
-0.551
-0.559
-0.383
-0.306
-0.195
-0.234
-0.182
-0.302
-0.122
-0.036
0.19
0.429
0.336
0.336
0.357
0.45
0.432
0.454
0.448
0.506
0.669
0.53
0.366
0.35
0.371
0.435
0.39
0.367
0.312
0.23
0.341
0.236
0.217
0.136
0.143
0.079
0.135
0.048
-0.115
-0.106
-0.066
-0.24
-0.048
-0.016
-0.069
-0.083
-0.228
-0.31
-0.02
-0.152
0.04
0.039
0.155
0.349
0.321
0.422
0.531
0.606
0.682
0.901
0.917
0.83
0.932
1.064
0.935
0.893
0.927
0.866
0.856
0.965
1.064
1.157
1.115
1.17
1.201
1.167
1.127
0.999
1.07
0.985
0.838
0.881
0.749
0.758
0.635
0.705
0.561
0.304
0.164
0.098
-0.051
0.151
0.253
0.049
0.014
-0.174
-0.344
-0.424
-0.311
-0.479
-0.545
-0.521
-0.48
-0.555
-0.521
-0.41
-0.236
-0.21
-0.147
-0.147
-0.362
-0.245
-0.235
-0.398
-0.529
-0.497
-0.309
-0.299
-0.349
-0.346
-0.273
-0.226
-0.296
-0.352
-0.4
-0.549
-0.726
-0.56
-0.791
-0.499
-0.495
-0.656
-0.478
-0.535
-0.754
-0.711
-0.615
-0.485
-0.669
-0.576
-0.59
-0.505
-0.441
-0.525
-0.403
-0.389
-0.226
-0.18
-0.151
-0.235
-0.061
-0.076
0.083
0.17
0.269
0.166
0.107
0.195
0.357
0.685
0.787
0.681
0.646
0.519
0.661
0.562
0.621
0.491
0.193
0.57
0.47
0.484
0.326
0.451
0.468
0.39
0.283
0.19
-0.079
0.009
0.029
0.079
0.145
0.211
0.376
0.273
0.095
0.09
-0.105
-0.244
-0.052
0.062
-0.11
0.005
-0.124
-0.211
-0.259
-0.273
0.034
-0.21
-0.201
-0.316
-0.271
-0.134
-0.225
-0.051
-0.255
0.049
-0.095
-0.212
-0.074
-0.156
-0.071
0.034
0.105
0.226
0.185
0.215
0.309
0.425
0.378
0.296
0.379
0.151
0.266
0.302
0.065
0.199
0.064
-0.04
-0.159
-0.296
-0.535
-0.385
-0.426
-0.301
-0.21
-0.174
-0.393
-0.461
-0.339
-0.393
-0.693
-0.81
-0.811
-0.871
-0.936
-0.953
-0.829
-0.965
-0.919
-0.725
-0.694
-0.55
-0.432
-0.438
-0.55
-0.36
-0.369
-0.394
-0.385
-0.403
-0.221
-0.278
-0.247
-0.209
-0.103
-0.114
-0.228
-0.147
-0.046
0.009
-0.04
0.094
0.015
-0.034
-0.019
0.099
0.169
0.096
0.115
0.086
-0.064
-0.1
-0.05
-0.086
-0.018
0.062
0.044
0.25
0.231
0.259
0.244
0.288
0.249
0.275
0.247
0.268
0.381
0.015
0.029
0.13
0.2
0.273
0.445
0.616
0.49
0.782
0.725
0.81
0.833
0.777
0.836
0.792
0.694
0.554
0.429
0.417
0.285
0.307
0.11
0.031
-0.141
-0.244
-0.265
-0.386
-0.474
-0.593
-0.589
-0.371
-0.401
-0.469
-0.43
-0.45
-0.426
-0.4
-0.379
-0.391
-0.403
-0.238
-0.181
-0.171
-0.019
-0.06
0.113
-0.072
-0.091
-0.253
-0.268
-0.386
-0.484
-0.544
-0.494
-0.536
-0.515
-0.465
-0.374
-0.348
-0.552
-0.486
-0.524
-0.504
-0.41
-0.497
-0.444
9.568
-0.206
-0.06
-0.009
-0.098
0.07
0.143
0.22
0.372
0.506
0.511
0.441
0.435
0.307
0.429
0.504
0.504
0.59
0.67
0.659
0.605
0.514
0.506
0.574
0.531
-10.336
0.343
0.39
0.393
0.36
0.324
0.219
0.164
0.215
-0.003
-0.005
-0.062
-0.066
-0.013
-0.049
-0.229
-0.304
-0.329
-0.306
-0.247
-0.223
-0.341
-0.319
-0.405
-0.245
-0.198
-0.18
-0.018
-0.185
-0.176
-0.044
0.089
0.122
0.193
0.396
0.448
0.484
0.448
0.43
0.354
0.305
0.331
0.312
0.325
0.159
0.126
0.06
0.043
0.225
0.236
0.176
0.13
0.253
0.149
0.11
0.145
0.026
0.199
0.152
0.188
0.119
0.37
0.374
0.304
0.276
0.169
0.091
0.119
-0.016
-0.011
0.011
-0.018
0.015
0.051
0.052
0.007
0.045
0.033
0.145
0.076
0.212
0.121
0.08
0.201
0.199
0.361
0.371
0.485
0.398
0.479
10.332
0.454
0.601
0.686
0.585
0.649
0.486
0.434
0.438
0.296
0.245
0.212
-0.009
-0.091
-0.19
-0.141
-0.315
-0.316
-0.266
-0.531
-0.486
-0.459
-0.328
-0.385
-0.37
-0.231
0.03
0.06
0.14
0.206
0.084
-0.026
0.077
0.185
0.231
0.481
0.644
0.751
0.811
0.749
0.896
0.985
0.96
1.084
1.041
0.985
0.874
0.849
0.764
0.75
0.656
0.514
0.51
0.336
0.354
0.369
0.575
0.589
0.505
0.682
0.656
0.647
0.466
0.165
0.052
-0.016
-0.096
-0.36
-0.274
-0.434
-0.463
-0.473
-0.367
-0.429
-0.425
-0.461
-0.459
-0.515
-0.559
-0.5
-0.53
-0.44
-0.55
-0.564
-0.631
-0.505
-0.424
-0.38
-0.259
-0.36
-0.361
-0.233
-0.158
-0.1
-0.2
-0.193
-0.069
-0.081
-0.095
0.088
0.094
0.076
0.152
0.143
0.285
0.296
0.453
0.67
0.584
0.856
0.743
0.609
0.623
0.65
0.561
0.599
0.713
0.784
1.012
0.965
1.035
0.879
0.818
0.864
0.8
0.823
0.774
0.807
0.831
0.876
0.774
0.81
0.595
0.579
0.56
0.511
0.482
0.307
0.338
0.217
0.094
0.065
-0.037
0.152
0.04
0.083
-0.052
-0.041
-0.103
-0.169
-0.086
-0.336
-0.35
-0.473
-0.401
-0.503
-0.684
-0.615
-0.734
-0.843
-0.953
-1.097
-1.019
-1.068
-0.994
-1.031
-1.025
-1.045
-0.93
-1.005
-1.111
-0.97
-1.016
-1.016
-0.969
-0.945
-0.863
-0.78
-0.771
-0.744
-0.525
-0.542
-0.657
-0.6
-0.549
-0.517
-0.561
-0.334
-0.247
-0.173
-0.138
-0.163
-0.062
-0.19
-0.084
-0.05
0.071
0.126
0.23
0.15
0.21
0.364
0.38
0.379
0.384
0.453
0.458
0.421
0.512
0.365
0.338
0.259
0.244
0.349
0.455
0.468
0.36
0.366
0.509
0.48
0.113
0.143
0.145
0.158
0.297
0.379
0.33
0.181
0.323
0.474
0.463
0.459
0.504
0.499
0.585
0.594
0.631
0.635
0.576
0.44
0.32
0.106
0.089
0.088
0.08
0.086
0.052
0.025
0.004
-0.118
-0.143
-0.085
-0.201
-0.261
-0.357
-0.29
-0.195
-0.154
-0.169
-0.121
-0.219
-0.144
-0.28
-0.23
-0.269
-0.253
-0.139
-0.369
-0.253
-0.098
-0.242
-0.345
-0.266
-0.247
-0.385
-0.434
-0.486
-0.47
-0.238
-0.223
-0.212
-0.143
-0.013
0.03
-0.01
0.104
0.034
0.015
0.033
0.136
0.109
0.119
0.107
0.049
0.066
0.098
0.08
0.294
0.355
0.226
0.28
0.214
0.033
0.084
0.06
0.001
-0.166
-0.226
-0.161
-0.155
-0.323
-0.289
-0.367
-0.427
-0.505
-0.58
-0.615
-0.834
-0.69
-0.621
-0.681
-0.868
-0.906
-0.703
-0.669
-0.771
-0.557
-0.396
0.014
0.066
0.196
0.329
0.389
0.591
0.546
0.646
0.77
0.65
0.848
0.897
0.885
0.879
1.0
1.164
0.986
1.078
1.07
1.2
1.351
1.419
1.429
1.338
1.137
1.115
1.014
0.851
0.647
0.585
0.569
0.44
0.425
0.238
0.174
0.045
-0.036
-0.235
-0.247
-0.355
-0.445
-0.338
-0.629
-0.588
-0.684
-0.53
-0.559
-0.394
-0.239
-0.208
-0.185
-0.159
-0.23
-0.329
-0.306
-0.258
-0.119
-0.014
0.005
0.274
0.364
0.552
0.445
0.526
0.465
0.646
0.779
0.881
0.939
0.99
1.146
1.103
0.893
0.959
0.906
1.001
1.009
0.983
1.1
0.99
0.946
0.833
0.834
0.894
0.735
0.771
0.769
0.696
0.831
0.693
0.784
0.679
0.527
0.506
0.305
0.221
0.168
0.101
0.084
-0.036
-0.076
-0.159
-0.296
-0.263
-0.26
-0.195
-0.367
-0.425
-0.45
-0.505
-0.468
-0.383
-0.341
-0.386
-0.16
-0.091
0.014
0.109
0.311
0.391
0.291
0.244
0.312
0.26
0.233
0.41
0.349
0.359
0.359
0.396
0.47
0.448
0.497
0.426
0.415
0.44
0.424
0.589
0.53
0.516
0.68
0.935
0.768
0.787
0.826
0.961
0.991
1.073
1.058
1.001
1.021
1.107
0.956
0.826
0.799
0.75
0.749
0.711
-0.552
0.69
0.542
0.534
0.345
0.234
0.133
0.049
-0.146
-0.254
-0.291
-0.288
-0.338
-0.301
-0.357
-0.21
-0.238
-0.361
-0.259
-0.384
-0.302
-0.297
-0.41
-0.381
-0.646
-0.6
-0.568
-0.766
-0.743
-0.835
-1.036
-1.035
-1.001
-1.091
-1.345
-1.455
-1.521
-1.528
-1.646
-1.735
-1.695
-1.698
-1.65
-1.619
-1.441
-1.424
-1.328
-1.104
-1.115
-0.925
-0.907
-0.765
-0.764
-0.741
-0.649
-0.556
-0.434
-0.354
-0.2
-0.163
-0.071
0.061
0.104
0.235
0.283
0.394
0.471
0.689
0.777
0.76
0.932
0.854
0.792
0.839
0.715
0.751
0.652
0.601
0.557
0.578
0.623
0.568
0.419
0.573
0.28
0.163
0.28
0.375
0.427
0.506
0.621
0.585
0.555
0.626
0.449
0.497
0.385
0.259
0.203
0.041
-0.071
-0.348
-0.306
-0.471
-0.44
-0.426
-0.491
-0.555
-0.652
-0.593
-0.671
-0.6
-0.611
-0.6
-0.67
-0.598
-0.573
-0.551
-0.461
-0.514
-0.496
-0.409
-0.495
-0.482
-0.554
-0.524
-0.595
-0.706
-0.66
-0.659
-0.693
-0.579
-0.656
-0.455
-0.595
-0.698
-0.797
-0.777
-0.799
-0.586
-0.711
-0.595
-0.564
-0.7
-0.754
-0.758
-0.763
-0.754
-0.771
-0.741
-0.599
-0.615
-0.573
-0.557
-0.581
-0.499
-0.515
-0.509
-0.561
-0.499
-0.336
-0.331
-0.265
-0.286
-0.324
-0.343
-0.4
-0.364
-0.466
-0.453
-0.357
-0.238
-0.335
-0.362
-0.401
-0.427
-0.329
-0.406
-0.398
-0.383
-0.28
-0.276
-0.367
-0.244
-0.576
-0.671
-0.611
-0.646
-0.64
-0.661
-0.716
-0.688
-0.49
-0.482
-0.536
-0.43
-0.561
-0.36
-0.385
-0.461
-0.268
-0.348
-0.173
-0.176
-0.118
-0.193
-0.021
0.135
0.098
0.171
0.076
0.224
0.285
0.266
0.233
0.16
0.184
0.193
0.367
0.499
0.579
0.719
0.829
0.716
0.761
0.804
0.96
1.056
1.105
1.061
1.06
1.144
1.083
1.222
0.929
1.005
0.844
0.759
0.615
0.571
0.675
0.704
0.725
0.705
0.76
0.719
0.699
0.777
0.839
0.734
0.785
0.816
0.87
0.715
0.845
0.801
1.051
1.062
1.054
0.914
0.89
0.794
0.821
0.728
0.536
0.626
0.679
0.36
0.369
0.355
0.404
0.266
0.113
0.126
0.105
0.098
0.086
0.026
0.104
-0.061
-0.08
0.006
-0.236
-0.069
-0.215
-0.325
-0.304
-0.427
-0.235
-0.365
-0.105
-0.074
0.069
0.069
0.105
0.309
0.281
0.241
0.219
0.253
0.278
0.405
0.517
0.478
0.51
0.489
0.575
0.564
0.579
0.595
0.526
0.594
0.52
0.534
0.379
0.395
0.33
0.309
0.288
0.195
0.118
0.065
0.086
0.084
0.001
0.026
0.043
0.014
0.036
-0.149
-0.175
-0.158
-0.31
-0.279
-0.491
-0.545
-0.501
-0.309
-0.143
-0.289
-0.191
-0.089
-0.04
0.022
-0.159
-0.221
-0.328
-0.343
-0.509
-0.642
-0.7
-0.779
-0.716
-0.672
-0.638
-0.619
-0.621
-0.526
-0.487
-0.35
-0.374
-0.33
-0.189
-0.049
0.061
0.159
0.169
0.094
0.211
0.351
0.285
0.486
0.378
0.48
0.46
0.42
0.458
0.389
0.458
0.424
0.434
0.206
0.214
0.292
0.135
0.125
0.177
0.08
0.139
0.062
0.039
-0.062
-0.143
-0.219
-0.231
-0.261
-0.08
0.066
0.083
0.315
0.206
0.435
0.475
0.556
0.699
0.628
0.815
0.681
0.764
0.75
0.735
0.858
0.851
0.812
0.681
0.723
0.682
0.6
0.48
0.334
0.258
0.325
0.366
0.289
0.263
0.32
0.432
0.291
0.399
0.409
0.33
0.345
0.274
0.43
0.098
0.013
-0.099
-0.209
-0.17
-0.179
-0.173
-0.169
-0.182
-0.17
-0.154
-0.116
-0.146
0.113
0.052
0.049
0.089
0.155
0.122
0.1
0.198
0.02
0.119
0.061
-0.048
0.0
-0.111
-0.106
-0.138
-0.221
-0.16
-0.141
-0.158
-0.196
-0.149
-0.334
-0.296
-0.241
-0.344
-0.38
-0.519
-0.591
-0.581
-0.544
-0.578
-0.608
-0.529
-0.415
-0.485
-0.416
-0.689
-0.744
-0.666
-0.646
-0.75
-0.725
-0.731
-0.704
-0.604
-0.554
-0.55
-0.565
-0.501
-0.4
-0.338
-0.357
-0.244
-0.045
-0.013
0.074
0.179
0.17
0.251
0.146
0.118
0.161
0.27
0.269
0.205
0.238
0.229
0.174
0.122
-0.103
-0.181
-0.199
-0.089
-0.294
-0.379
-0.284
-0.376
-0.43
-0.414
-0.494
-0.432
-0.695
-0.795
-0.677
-0.738
-0.492
-0.731
-0.795
-0.698
-0.52
-0.636
-0.786
-0.439
-0.708
-0.639
-0.38
-0.328
-0.3
-0.28
-0.186
-0.136
0.091
0.174
0.348
0.349
0.357
0.591
0.435
0.463
0.532
0.616
0.764
0.545
0.677
0.746
0.672
0.519
0.581
0.69
0.555
0.526
0.32
0.53
0.601
0.609
0.776
0.753
0.726
0.919
0.829
0.835
0.814
0.826
0.761
0.693
0.768
0.573
0.713
0.665
0.711
0.598
0.657
0.56
0.574
0.398
0.554
0.63
0.49
0.669
0.485
0.647
0.593
0.598
0.694
0.584
0.606
0.578
0.512
0.489
0.413
0.443
0.246
0.416
0.511
0.579
0.647
0.529
0.624
0.664
0.741
0.82
0.855
0.581
0.843
0.86
0.713
0.763
0.677
0.761
0.881
1.071
1.064
1.089
1.036
0.999
1.305
1.204
1.135
1.24
2.699
0.768
0.796
0.608
0.535
0.41
0.302
0.209
0.179
0.199
-0.028
-0.126
-0.04
0.025
0.143
0.092
0.189
0.096
0.01
-0.141
-0.161
-0.268
-0.338
-0.403
-0.314
-0.319
-0.276
-0.32
-0.389
-0.517
-0.386
-0.573
-0.606
-0.446
-0.489
-0.324
-0.395
-0.482
-0.435
-0.449
-0.566
-0.679
-0.619
-0.661
-0.599
-0.835
-0.647
-0.797
-0.98
-1.001
-0.986
-0.966
-0.929
-1.032
-1.095
-1.151
-1.056
-0.978
-0.969
-0.975
-0.84
-0.451
-0.16
-0.301
-0.319
-0.24
-0.215
-0.08
-0.05
-0.021
0.011
-0.02
0.069
0.006
-0.015
0.224
0.224
0.401
0.401
0.54
0.573
0.657
0.714
0.492
0.581
0.634
0.525
0.623
0.576
0.541
0.527
0.728
0.705
0.716
0.566
0.576
0.621
0.305
0.44
0.384
0.481
0.42
0.381
0.283
0.375
0.278
0.345
0.396
0.216
0.33
0.166
0.03
0.037
0.16
0.049
-0.015
-0.026
-0.055
-0.221
-0.228
-0.46
-0.29
-0.424
-0.547
-0.691
-0.463
-0.356
-0.208
-0.27
-0.201
-0.19
-0.343
-0.159
-0.18
-0.061
-0.096
-0.151
0.025
0.061
0.114
0.13
0.014
-0.069
-0.079
-0.079
-0.165
-0.145
-0.193
-0.22
-0.236
-0.037
-10.336
-0.109
-0.034
-0.06
0.02
0.092
0.058
0.136
0.254
0.169
0.13
0.083
0.114
0.274
0.247
0.175
0.182
0.136
0.145
0.152
0.234
0.244
0.118
0.084
0.06
-0.04
-0.121
-0.256
-0.245
-0.458
-0.473
-0.52
-0.635
-0.436
-0.328
-0.331
-0.251
-0.369
-0.461
-0.693
-0.776
-0.679
-0.689
-0.79
-0.85
-0.763
-0.814
-0.843
-0.771
-0.784
-0.927
-0.756
-0.81
-0.776
-0.851
-0.88
-0.87
-0.895
-0.94
-0.854
-10.336
-0.901
-0.7
-0.555
-0.594
-0.667
-0.644
-0.593
-0.667
-0.547
-0.346
-0.393
-0.376
-0.235
-0.083
-0.061
0.171
0.395
0.391
0.619
0.579
0.659
0.744
0.761
0.894
0.954
1.088
0.929
0.874
0.807
0.71
0.57
0.56
0.435
0.345
0.245
0.284
0.269
0.173
0.174
0.136
0.163
-0.094
-0.164
-0.016
-0.224
-0.343
-0.139
-0.049
-0.045
-0.054
0.026
-0.006
0.024
0.064
0.083
0.051
-0.039
0.065
0.145
0.079
-0.018
-0.051
-0.125
-0.177
-0.177
-0.226
-0.19
-0.147
-0.274
-0.302
-0.381
-0.434
-0.36
-0.36
-0.395
-0.354
-0.334
-0.318
-0.393
-0.35
-0.301
-0.25
-0.268
-0.321
-0.146
-0.297
-0.429
-0.239
-0.22
-0.098
-0.086
0.004
0.103
0.158
0.144
0.238
0.125
0.105
0.096
0.022
0.088
-0.016
-0.05
-0.059
-0.072
-0.06
-0.036
-0.037
0.033
0.08
0.04
0.039
0.039
0.059
-0.1
-0.041
-0.064
-0.058
-0.141
-0.236
-0.21
-0.201
-0.145
-0.03
0.006
0.043
0.035
0.098
-0.009
-0.046
-0.005
0.11
0.156
0.11
0.152
0.247
0.236
0.195
0.259
0.201
0.133
0.129
0.062
0.271
0.118
0.223
0.329
0.233
0.359
0.269
0.375
0.309
0.219
0.32
0.284
0.265
0.312
0.266
0.268
0.24
0.264
0.318
0.15
0.208
0.101
0.113
0.139
0.128
0.175
0.1
0.005
0.003
0.024
0.001
-0.029
-0.066
-0.114
-0.025
0.0
-0.086
-0.075
-0.085
-0.091
-0.126
-0.018
-0.048
-0.233
-0.216
-0.229
-0.191
-0.219
-0.158
-0.128
-0.154
-0.164
-0.184
-0.079
-0.079
-0.022
0.02
-0.018
-0.031
-0.005
0.061
0.076
0.212
0.165
0.209
0.242
0.194
0.149
0.096
0.085
0.046
0.013
0.028
0.054
-0.062
-0.079
-0.056
-0.081
-0.037
0.016
0.07
0.098
0.134
0.121
0.099
0.086
0.025
-0.039
-0.044
-0.115
-0.215
-0.289
-0.149
-0.27
-0.225
-0.159
-0.076
-0.059
0.019
0.015
0.1
0.014
-0.014
0.037
10.332
10.332
0.037
0.006
-0.039
0.029
-0.039
-0.016
-0.025
-0.05
-0.095
-0.084
-0.126
-0.109
-0.077
-0.151
-0.163
-0.233
-0.297
-0.314
-0.264
-0.128
-0.185
-0.184
-0.171
-0.158
-0.105
-0.119
-0.12
-0.126
-0.156
-0.225
-0.26
-0.265
-0.312
-0.314
-0.312
-0.215
-0.176
-0.315
-0.233
-0.286
-0.281
-0.301
-0.241
-0.268
-0.214
-0.235
-0.22
-0.154
-0.186
-0.145
-0.224
-0.177
-0.138
-0.109
-0.039
-0.072
-0.041
0.026
-0.006
-0.011
-0.069
-0.051
-0.062
-0.076
-0.134
-0.168
-0.113
-0.092
-0.062
-0.035
-0.076
-0.059
-0.018
-0.005
-0.046
-0.133
-0.141
-0.136
-0.152
-0.139
-0.18
-0.247
-0.236
-0.245
-0.415
-0.421
-0.329
-0.459
-0.436
-0.425
-0.42
-0.435
-0.445
-0.42
-0.38
-0.411
-0.429
-0.379
-0.315
-0.335
-0.395
-0.475
-0.45
-0.408
-0.409
-0.384
-0.406
-0.398
-0.403
-0.485
-0.534
-0.574
-0.527
-0.511
-0.435
-0.466
-0.417
-0.31
-0.266
-0.229
-0.194
-0.136
-0.069
-0.084
-0.041
-0.011
0.009
0.049
0.086
0.055
0.034
0.037
0.058
0.039
0.084
0.096
0.138
0.095
0.058
0.12
0.17
0.196
0.216
0.221
0.198
0.199
0.254
0.254
0.263
0.318
0.274
0.339
0.321
0.338
0.374
0.334
0.394
0.465
0.331
0.31
0.345
0.273
0.284
0.241
0.177
0.229
0.084
0.122
0.072
0.05
0.015
0.005
0.007
0.025
0.037
0.088
0.025
0.06
0.076
0.086
0.072
0.041
0.059
-0.011
-0.104
-0.085
0.02
-0.095
-0.076
-0.031
0.014
-0.021
0.026
0.095
0.06
0.083
0.02
0.034
0.095
0.049
0.05
-0.018
0.069
0.071
0.075
0.103
0.046
0.095
0.024
0.064
0.052
0.033
0.094
-0.007
0.024
-0.036
-0.07
-0.031
-0.016
-0.054
0.001
0.06
0.028
0.043
0.052
0.121
0.004
-0.071
-0.072
-0.118
-0.176
-0.201
-0.23
-0.22
-0.271
-0.21
-0.256
-0.338
-0.44
-0.404
-0.413
-0.404
-0.374
-0.38
-0.365
-0.326
-0.324
-0.288
-0.28
-0.284
-0.266
-0.266
-0.286
-0.233
-0.265
-0.27
-0.289
-0.231
-0.258
-0.279
-0.233
-0.294
-0.247
-0.221
-0.25
-0.206
-0.265
-0.205
-0.234
-0.188
-0.144
-0.236
-0.189
-0.234
-0.21
-0.245
-0.226
-0.212
-0.176
-0.194
-0.268
-0.304
-0.284
-0.3
-0.395
-0.339
-0.217
-0.311
-0.388
-0.326
-0.311
-0.335
-0.275
-0.288
-0.33
-0.296
-0.383
-0.325
-0.328
-0.334
-0.348
-0.438
-0.383
-0.43
-0.351
-0.352
-0.39
-0.3
-0.224
-0.193
-0.177
-0.121
-0.169
-0.136
-0.086
-0.119
-0.125
-0.21
-0.121
-0.174
-0.161
-0.129
-0.106
-0.116
-0.043
-0.099
-0.152
-0.145
-0.159
-0.146
-0.186
-0.199
-0.165
-0.198
-0.177
-0.13
-0.109
-0.256
-0.284
-0.255
-0.284
-0.312
-0.268
-0.233
-0.301
-0.186
-0.196
-0.199
-0.125
-0.128
-0.115
-0.158
-0.122
-0.049
-0.114
-0.083
-0.135
-0.07
-0.06
-0.055
-0.122
-0.116
-0.025
-0.085
-0.056
-0.111
-0.083
-0.044
-0.05
-0.074
-0.18
-0.224
-0.17
-0.173
-0.166
-0.186
-0.221
-0.206
-0.224
-0.225
-0.242
-0.292
-0.299
-0.325
-0.359
-0.468
-0.316
-0.43
-0.479
-0.492
-0.468
-0.496
-0.463
-0.453
-0.446
-0.401
-0.436
-0.386
-0.375
-0.39
-0.359
-0.389
-0.294
-0.306
