0.171
0.144
0.145
0.199
0.2
0.184
0.216
0.188
0.158
0.155
0.121
0.095
0.088
0.069
0.089
0.101
0.015
0.141
0.02
0.044
0.037
0.049
0.024
0.045
0.075
0.064
0.029
0.062
0.013
0.092
0.076
0.015
0.083
0.037
0.099
0.056
0.036
-0.007
-0.009
0.033
-0.009
0.021
-0.028
0.014
0.1
0.059
0.079
0.03
0.07
0.071
0.076
0.036
-0.001
-0.006
0.048
0.048
0.037
0.006
0.021
0.066
0.064
0.05
0.006
0.001
0.022
0.014
-0.058
0.016
-0.128
-0.1
-0.109
-0.125
-0.115
-0.116
-0.075
-0.122
-0.088
-0.125
-0.081
-0.029
-0.08
-0.01
-0.084
0.011
-0.161
-0.06
-0.021
-0.045
-0.046
-0.045
-0.029
-0.105
-0.081
-0.029
-0.084
-0.031
-0.001
0.072
0.019
0.111
0.084
0.055
0.059
0.114
0.13
0.144
0.129
0.12
0.122
0.092
0.098
0.055
-0.004
-0.025
-0.041
-0.056
-0.126
0.105
-0.107
-0.061
-0.048
-0.085
-0.019
0.004
0.045
0.058
0.09
0.1
0.105
0.152
0.139
0.319
0.229
0.217
0.238
0.119
0.106
0.075
0.05
0.044
-0.01
0.05
0.003
0.1
0.029
-0.005
-0.079
-0.106
-0.07
-0.09
-0.077
-0.088
-0.075
-0.131
-0.098
-0.064
-0.079
-0.084
-0.092
-0.059
-0.1
-0.14
-0.284
-0.244
-0.149
-0.094
-0.054
0.041
-0.181
-0.169
-0.311
-0.306
-0.188
-0.122
-0.074
-0.079
-0.169
-0.246
-0.27
-0.241
-0.205
-0.196
-0.154
-0.1
-0.125
-0.07
-0.177
-0.165
-0.116
-0.119
-0.072
-0.055
0.011
-0.011
0.035
0.055
0.051
0.188
0.185
0.28
0.289
0.216
0.159
0.129
0.165
0.13
0.14
0.046
0.014
-0.018
-0.02
-0.166
-0.176
-0.17
-0.147
-0.139
-0.173
-0.028
-0.239
-0.2
-0.241
-0.211
-0.191
-0.221
-0.161
-0.21
-0.216
-0.139
-0.065
-0.018
-0.036
0.031
0.051
0.103
0.1
0.216
0.256
0.214
0.25
0.35
0.388
0.301
0.324
0.425
0.37
0.43
0.39
0.438
0.426
0.394
0.391
0.324
0.302
0.316
0.255
0.219
0.19
0.165
0.185
0.229
0.253
0.254
0.291
0.362
0.362
0.265
0.154
0.203
0.029
0.036
-0.037
0.005
0.037
0.037
0.079
0.085
0.095
0.103
0.156
0.23
0.245
0.241
0.3
0.26
0.276
0.279
0.19
0.233
0.16
0.15
0.099
0.071
0.115
0.075
0.107
0.101
0.124
0.152
0.126
0.215
0.215
0.224
0.436
0.425
0.519
0.486
0.444
0.45
0.48
0.326
0.229
0.175
0.007
0.188
0.146
0.091
-0.044
0.152
-0.107
0.033
0.001
0.015
0.077
0.037
-0.006
-0.075
0.009
0.03
0.022
0.011
-0.048
-0.122
-0.134
-0.107
-0.151
-0.056
-0.089
0.141
0.04
0.003
0.019
-0.072
-0.022
-0.055
0.039
0.059
-0.04
-0.021
-0.098
0.001
0.041
0.035
0.065
0.036
0.143
0.188
0.094
0.111
0.114
0.23
0.176
0.229
0.18
0.211
0.301
0.276
0.247
0.393
0.299
0.365
0.318
0.357
0.323
0.352
0.405
0.409
0.335
0.357
0.292
0.38
0.367
0.273
0.301
0.195
0.336
0.226
0.254
0.265
0.254
0.247
0.1
0.077
0.13
0.289
0.336
0.341
0.403
0.369
0.326
0.349
0.366
0.305
0.369
0.391
0.509
0.453
0.283
0.362
0.385
0.414
0.431
0.468
0.546
0.655
0.714
0.69
0.589
0.831
0.662
0.723
0.684
0.672
0.676
0.694
0.616
0.532
0.53
0.529
0.568
0.537
0.647
0.581
0.608
0.411
0.535
0.534
0.651
0.71
0.686
0.718
0.608
0.66
0.608
0.47
0.386
0.331
0.288
0.114
0.11
0.049
-0.101
-0.08
0.174
-0.05
-0.048
-0.152
-0.225
-0.21
-0.203
-0.413
-0.539
-0.401
-0.561
-0.67
-0.526
-0.427
-0.38
-0.145
-0.223
-0.122
0.065
0.06
0.124
0.184
0.274
0.249
0.239
0.288
0.24
0.426
0.29
0.296
0.354
0.35
0.561
0.473
0.623
0.578
0.665
0.675
0.579
0.59
0.571
0.559
0.541
0.504
0.49
0.56
0.569
0.508
0.46
0.385
0.4
0.374
0.365
0.209
0.11
0.221
0.355
0.296
0.283
0.214
0.156
0.06
-0.08
-0.238
-0.14
-0.08
-0.24
-0.182
-0.182
-0.091
-0.16
-0.09
-0.041
0.005
0.083
0.04
-0.129
-0.195
-0.352
-0.394
-0.398
-0.383
-0.42
-0.421
-0.519
-0.454
-0.408
-0.307
-0.249
-0.209
-0.086
0.086
0.345
0.359
0.438
0.526
0.512
0.421
0.211
0.188
0.105
0.163
0.206
0.263
0.246
0.234
0.299
0.194
0.16
0.219
0.246
0.208
0.1
-0.003
-0.147
-0.011
-0.184
-0.138
-0.059
-0.077
-0.033
-0.107
-0.03
-0.245
-0.118
-0.149
-0.198
-0.066
-0.201
-0.417
-0.516
-0.516
-0.681
-0.754
-0.701
-0.654
-0.51
-0.601
-0.524
-0.659
-0.695
-0.662
-0.794
-0.775
-0.772
-0.945
-0.919
-1.005
-0.94
-1.018
-0.815
-0.779
-0.679
-0.511
-0.438
-0.325
-0.354
-0.455
-0.256
-0.273
-0.274
-0.133
-0.17
-0.049
0.049
0.263
0.281
0.321
0.341
0.527
0.651
0.662
0.77
0.829
0.889
0.807
0.614
0.501
0.425
0.336
0.371
0.334
0.333
0.299
0.413
0.268
0.275
0.2
0.13
0.155
0.121
0.135
-0.07
-0.022
-0.109
-0.021
-0.01
0.064
0.126
0.05
0.116
0.091
-0.045
0.166
0.084
0.06
0.121
0.066
0.125
0.05
0.026
-0.013
-0.141
-0.285
-0.419
-0.399
-0.348
-0.42
-0.296
-0.23
-0.122
-0.004
0.021
-0.049
0.007
-0.045
0.011
0.135
0.302
0.312
0.278
0.28
0.421
0.456
0.276
0.336
0.393
0.451
0.378
0.238
0.399
0.4
0.355
0.359
0.388
0.438
0.443
0.318
0.271
0.14
0.056
0.133
0.168
0.211
0.193
0.161
0.208
0.118
0.156
0.119
0.08
0.113
0.011
0.044
-0.056
0.075
-0.224
-0.362
-0.429
-0.4
-0.415
-0.281
-0.338
-0.464
-0.391
-0.436
-0.444
-0.59
-0.44
-0.417
-0.486
-0.343
-0.359
-0.323
-0.221
-0.159
-0.074
0.046
0.06
0.07
0.075
0.133
0.124
0.13
0.024
0.051
0.034
-0.076
-0.039
-0.022
0.029
0.118
0.088
0.152
-0.086
-0.033
-0.077
-0.159
-0.15
-0.231
-0.184
-0.029
0.083
0.035
0.066
0.119
0.24
0.111
0.0
0.009
-0.05
-0.005
-0.22
-0.235
-0.335
-0.266
-0.22
-0.016
0.013
-0.003
0.101
0.205
0.291
0.335
0.398
0.449
0.751
0.711
0.677
0.63
0.671
0.634
0.589
0.51
0.581
0.713
0.656
0.634
0.674
0.656
0.654
0.769
0.629
0.625
0.636
0.58
0.677
0.605
0.575
0.646
0.541
0.516
0.455
0.135
-0.014
0.076
-0.035
-0.304
-0.276
-0.231
-0.286
-0.421
-0.547
-0.525
-0.456
-0.478
-0.532
-0.541
-0.601
-0.55
-0.568
-0.426
-0.42
-0.451
-0.326
-0.383
-0.198
-0.231
-0.255
-0.3
-0.145
-0.092
-0.138
-0.152
-0.124
-0.095
-0.116
-0.158
-0.18
-0.391
-0.226
-0.14
-0.147
-0.225
-0.256
-0.335
-0.28
-0.361
-0.309
-0.341
-0.525
-0.479
-0.601
-0.624
-0.735
-0.749
-0.605
-0.774
-0.695
-0.789
-0.831
-0.686
-0.67
-0.721
-0.693
-0.781
-0.739
-0.682
-0.7
-0.677
-0.455
-0.435
-0.364
-0.048
0.1
0.344
0.351
0.47
0.403
0.319
0.379
0.362
0.349
0.245
0.386
0.41
0.383
0.369
0.296
0.288
0.314
0.284
0.394
0.422
0.354
0.351
0.411
0.318
0.251
0.199
0.226
0.348
0.321
0.436
0.393
0.534
0.581
0.57
0.661
0.755
0.594
0.515
0.542
0.361
0.551
0.596
0.665
0.599
0.541
0.532
0.48
0.336
0.088
0.107
0.026
0.005
-0.118
-0.199
-0.124
-0.015
0.055
0.0
0.152
-0.001
-0.15
0.0
-0.059
-0.031
0.11
0.025
-0.03
0.062
-0.029
-0.011
0.026
-0.019
0.21
0.233
0.212
0.334
0.501
0.46
0.473
0.414
0.417
0.481
0.552
0.424
0.524
0.618
0.536
0.473
0.37
0.441
0.527
0.525
0.436
0.301
0.361
0.259
0.206
0.131
0.138
0.061
-0.065
-0.048
-0.122
-0.094
-0.11
-0.135
-0.065
-0.235
-0.291
-0.458
-0.479
-0.644
-0.691
-0.824
-0.763
-0.677
-0.557
-0.541
-0.396
-0.511
-0.547
-0.522
-0.578
-0.571
-0.68
-0.59
-0.624
-0.515
-0.534
-0.611
-0.564
-0.415
-0.304
-0.391
-0.417
-0.344
-0.14
-0.014
0.062
-0.003
0.139
0.365
0.302
0.253
0.411
0.405
0.329
0.551
0.48
0.49
0.435
0.394
0.506
0.647
0.581
0.765
0.8
0.819
0.861
0.893
0.949
0.94
0.844
0.974
0.821
0.879
0.694
0.465
0.504
0.508
0.328
0.221
0.052
-0.037
-0.088
-0.254
-0.439
-0.568
-0.774
-0.636
-0.777
-0.745
-0.487
-0.547
-0.491
-0.444
-0.215
-0.27
-0.15
-0.133
-0.251
-0.391
-0.228
-0.113
-0.016
0.143
0.235
0.37
0.275
0.357
0.395
0.315
0.411
0.371
0.341
0.266
0.305
0.328
0.281
0.191
0.113
0.099
0.09
0.182
0.134
0.29
0.367
0.374
0.634
0.52
0.645
0.594
0.608
0.411
0.297
0.284
0.169
0.261
0.219
0.15
0.168
0.254
0.242
0.149
0.081
0.122
0.266
0.306
0.482
0.451
0.413
0.409
0.414
0.443
0.436
0.411
0.445
0.356
0.245
0.226
0.256
0.193
0.058
0.12
0.001
0.033
-0.115
-0.182
-0.2
-0.388
-0.281
-0.422
-0.499
-0.414
-0.384
-0.316
-0.411
-0.514
-0.568
-0.531
-0.549
-0.652
-0.642
-0.689
-0.661
-0.824
-0.67
-0.78
-0.786
-0.804
-0.885
-0.944
-0.662
-0.733
-0.615
-0.469
-0.294
-0.221
-0.144
0.026
0.229
0.166
0.121
0.374
0.364
0.376
0.324
0.395
0.258
0.208
0.384
0.367
0.33
0.424
0.37
0.38
0.164
0.135
0.145
0.009
-0.061
-0.029
-0.028
-0.12
-0.114
-0.02
-0.099
-0.208
-0.121
-0.106
-0.058
0.011
-0.139
-0.235
-0.025
0.016
0.08
-0.015
0.041
-0.058
0.058
0.229
0.26
0.278
0.161
0.169
0.143
0.152
-0.064
-0.151
-0.08
-0.028
0.004
0.103
0.098
-0.059
-0.122
-0.185
-0.251
-0.263
-0.216
-0.066
-0.254
-0.16
-0.297
-0.449
-0.473
-0.585
-0.372
-0.348
-0.316
-0.135
-0.016
-0.273
-0.215
-0.095
0.116
0.14
0.161
0.165
0.188
0.283
0.22
0.247
0.419
0.556
0.634
0.666
0.551
0.667
0.555
0.522
0.52
0.559
0.595
0.78
0.964
1.015
0.955
0.925
0.784
0.569
0.59
0.716
0.672
0.633
0.449
0.404
0.497
0.42
0.364
0.261
0.315
0.151
0.056
-0.026
-0.037
-0.089
-0.299
-0.234
-0.331
-0.367
-0.283
-0.189
-0.241
-0.11
-0.386
-0.336
-0.389
-0.48
-0.394
-0.414
-0.383
-0.63
-0.588
-0.544
-0.571
-0.551
-0.647
-0.517
-0.408
-0.537
-0.381
-0.552
-0.509
-0.509
-0.619
-0.614
-0.512
-0.583
-0.438
-0.565
-0.706
-0.766
-0.73
-0.461
-0.581
-0.611
-0.641
-0.619
-0.463
-0.422
-0.404
-0.541
-0.539
-0.56
-0.564
-0.388
-0.357
-0.182
-0.13
0.058
0.072
0.09
0.098
0.094
0.198
0.25
0.216
0.258
0.198
0.219
0.239
0.206
0.159
0.217
0.314
0.238
0.191
0.179
0.028
-0.084
0.09
-0.147
-0.02
-0.022
0.061
-0.099
-0.159
-0.281
-0.264
-0.432
-0.404
-0.578
-0.559
-0.575
-0.615
-0.636
-0.479
-0.415
-0.388
-0.199
-0.224
-0.08
-0.107
-0.131
-0.04
-0.226
-0.307
-0.348
-0.144
-0.288
-0.309
-0.196
-0.247
0.088
0.016
0.004
0.024
0.006
-0.005
0.055
-0.039
-0.013
-0.1
-0.11
-0.199
-0.196
-0.143
-0.122
-0.118
-0.156
-0.052
-0.28
-0.274
-0.268
-0.226
-0.26
-0.249
-0.359
-0.404
-0.355
-0.446
-0.255
-0.333
-0.275
0.009
-0.071
-0.106
-0.109
-0.096
-0.07
-0.106
0.049
0.009
0.045
0.171
0.219
0.265
0.285
0.264
0.391
0.275
0.278
0.154
0.147
0.251
0.224
0.31
0.27
0.216
0.089
0.211
0.23
0.119
0.04
-0.089
-0.134
-0.179
-0.219
-0.226
-0.384
-0.111
-0.372
-0.445
-0.409
-0.364
-0.497
-0.346
-0.304
-0.479
-0.244
-0.271
-0.398
-0.28
-0.299
-0.328
-0.436
-0.444
-0.359
-0.371
-0.118
-0.205
-0.119
-0.13
-0.24
-0.14
-0.23
-0.026
-0.2
-0.279
-0.229
-0.075
-0.113
-0.138
0.037
-0.029
0.076
-0.016
0.024
0.25
0.194
0.254
0.208
0.221
0.3
0.281
0.294
0.362
0.339
0.268
0.316
0.446
0.304
0.345
0.372
0.395
0.383
0.564
0.487
0.616
0.593
0.575
0.419
0.328
0.403
0.31
0.336
0.333
0.158
0.18
0.058
-0.224
-0.302
-0.345
-0.311
-0.406
-0.659
-0.585
-0.516
-0.427
-0.351
-0.389
-0.307
-0.292
-0.285
-0.31
-0.284
-0.352
-0.297
-0.09
-0.034
-0.113
-0.147
-0.091
-0.03
-0.036
-0.234
-0.295
-0.271
-0.324
-0.324
-0.244
-0.425
-0.461
-0.497
-0.414
-0.443
-0.206
-0.283
-0.182
-0.138
-0.114
-0.051
0.074
-0.04
0.0
-0.066
0.028
-0.015
0.037
0.015
-0.039
0.07
-0.154
-0.129
-0.085
0.004
0.184
0.304
0.107
0.138
0.23
0.263
0.25
0.258
0.126
0.022
-0.033
-0.149
-0.16
-0.16
-0.143
-0.066
-0.194
-0.211
-0.234
-0.419
-0.375
-0.427
-0.414
-0.364
-0.32
-0.421
-0.435
-0.555
-0.482
-0.54
-0.46
-0.554
-0.398
-0.261
-0.159
-0.175
0.066
0.062
0.083
0.198
0.253
0.415
0.638
0.495
0.471
0.633
0.555
0.794
0.834
0.628
0.781
0.753
0.85
0.806
0.859
0.68
0.64
0.695
0.584
0.546
0.589
0.679
0.775
0.99
1.066
1.15
1.27
1.419
1.4
1.386
1.341
1.236
1.295
1.26
1.351
1.195
1.105
0.943
0.713
0.829
0.839
0.816
0.895
0.746
0.589
0.63
0.486
0.619
0.494
0.403
0.505
0.506
0.478
0.32
0.284
0.261
0.158
0.318
0.175
0.065
-0.005
-0.081
-0.077
-0.161
-0.22
-0.133
-0.168
-0.266
-0.253
-0.283
-0.393
-0.403
-0.526
-0.565
-0.674
-0.636
-0.586
-0.511
-0.59
-0.542
-0.535
-0.526
-0.601
-0.696
-0.378
-0.48
-0.519
-0.42
-0.376
-0.312
-0.241
-0.265
-0.171
0.037
0.092
0.064
0.182
0.116
0.175
0.111
0.096
0.139
0.246
0.2
0.221
0.336
0.381
0.458
0.249
0.226
0.299
0.223
0.403
0.405
0.61
0.565
0.554
0.546
0.509
0.564
0.55
0.63
0.626
0.851
0.711
0.865
0.888
0.924
0.853
0.911
0.873
1.08
0.86
0.935
1.021
0.661
0.63
0.601
0.49
0.621
0.585
0.608
0.619
0.633
0.535
0.599
0.67
0.499
0.542
0.409
0.351
0.46
0.475
0.378
0.494
0.448
0.415
0.245
0.259
0.269
-0.01
0.161
0.111
-0.031
-0.052
0.075
-0.094
-0.013
0.035
-0.129
-0.096
-0.098
-0.154
-0.235
-0.261
-0.299
-0.354
-0.251
-0.286
-0.189
-0.251
-0.188
-0.225
-0.264
-0.03
-0.247
-0.212
-0.088
0.074
0.028
0.091
0.016
-0.009
0.089
0.198
0.226
0.279
0.236
0.439
0.474
0.585
0.652
0.654
0.629
0.343
0.445
0.411
0.415
0.398
0.259
0.301
0.234
0.268
0.072
0.051
0.009
-0.125
-0.036
-0.325
-0.271
-0.316
-0.196
-0.224
-0.168
-0.14
-0.147
-0.046
-0.111
-0.2
-0.163
-0.085
-0.009
0.034
-0.144
0.036
-0.106
-0.136
-0.006
-0.062
0.046
0.168
0.059
0.14
0.195
0.38
0.286
0.455
0.431
0.37
0.312
0.266
0.292
0.458
0.393
0.399
0.206
0.225
0.166
0.177
-0.058
-0.08
-0.152
-0.32
-0.38
-0.37
-0.256
-0.286
-0.194
-0.2
-0.24
-0.136
-0.156
-0.156
-0.005
-0.115
-0.226
-0.323
-0.286
-0.323
-0.295
-0.339
-0.321
-0.341
-0.258
-0.079
-0.079
-0.145
-0.135
-0.246
-0.061
0.014
0.165
0.388
0.349
0.449
0.406
0.278
0.323
0.271
0.385
0.546
0.554
0.688
0.693
0.749
0.652
0.666
0.642
0.589
0.669
0.564
0.466
0.565
0.349
0.297
0.211
0.234
0.341
0.173
0.229
0.241
0.177
0.336
0.345
0.316
0.522
0.497
0.512
0.479
0.318
0.517
0.501
0.445
0.521
0.619
0.383
0.489
0.398
0.173
0.028
-0.228
-0.321
-0.434
-0.619
-0.711
-0.823
-0.67
-0.669
-0.512
-0.595
-0.705
-0.657
-0.638
-0.603
-0.756
-0.821
-0.841
-0.854
-0.786
-0.706
-0.634
-0.703
-0.654
-0.508
-0.586
-0.564
-0.564
-0.645
-0.589
-0.681
-0.699
-0.525
-0.62
-0.51
-0.534
-0.505
-0.624
-0.484
-0.51
-0.58
-0.55
-0.417
-0.394
-0.427
-0.238
-0.244
-0.059
-0.138
0.022
0.051
0.009
-0.133
-0.15
-0.173
-0.291
-0.329
-0.367
-0.28
-0.391
-0.253
-0.016
-0.101
0.156
0.105
0.14
0.168
0.295
0.086
0.186
0.146
0.179
0.329
0.439
0.441
0.181
0.414
0.56
0.511
0.676
0.756
0.879
0.824
0.907
0.98
0.934
0.897
0.806
0.878
0.885
0.781
0.772
0.641
0.701
0.566
0.638
0.334
0.066
0.318
0.328
0.446
0.598
0.536
0.471
0.315
0.163
-0.037
0.043
-0.08
-0.186
-0.224
-0.069
0.092
-0.02
-0.092
-0.242
-0.215
-0.159
-0.111
-0.111
-0.139
-0.12
-0.056
-0.166
-0.161
-0.269
-0.474
-0.623
-0.45
-0.636
-0.659
-0.784
-0.935
-1.036
-1.147
-1.246
-1.459
-1.351
-1.354
-1.344
-1.324
-1.373
-1.49
-1.625
-1.734
-1.45
-1.448
-1.351
-1.034
-1.01
-0.83
-0.791
-0.698
-0.584
-0.331
-0.294
-0.279
-0.263
-0.018
0.065
0.165
0.301
0.357
0.639
0.654
0.723
0.777
0.939
0.883
0.838
0.714
0.706
0.78
0.799
0.929
0.936
1.031
1.038
1.04
1.196
1.131
0.938
0.883
0.794
0.681
0.6
0.362
0.413
0.305
0.254
0.226
0.325
0.316
0.391
0.401
0.244
-0.074
0.007
-0.058
0.059
0.185
0.036
0.013
0.05
0.074
0.146
0.122
0.256
0.354
0.385
0.236
0.338
0.294
0.43
0.546
0.589
0.565
0.396
0.356
0.266
0.253
0.164
0.144
0.19
0.246
0.217
0.1
0.216
0.072
-0.118
-0.036
-0.138
-0.12
-0.241
-0.221
-0.468
-0.468
-0.315
-0.329
-0.225
-0.193
-0.231
-0.154
-0.1
-0.185
-0.034
-0.214
-0.271
-0.146
-0.109
-0.091
0.111
0.069
0.258
0.231
0.37
0.39
0.371
0.391
0.37
0.403
0.249
0.019
0.001
-0.09
-0.209
-0.234
-0.349
-0.386
-0.511
-0.609
-0.609
-0.595
-0.784
-1.001
-1.106
-1.064
-1.141
-1.109
-1.345
-1.431
-1.394
-1.232
-1.383
-1.401
-1.416
-1.366
-1.417
-1.484
-1.535
-1.623
-1.724
-1.657
-1.669
-1.748
-1.811
-1.774
-1.83
-1.916
-1.796
-1.731
-1.716
-1.501
-1.381
-1.355
-1.204
-1.149
-1.065
-0.948
-0.753
-0.705
-0.59
-0.593
-0.366
-0.25
-0.239
-0.284
-0.212
0.196
0.176
0.271
0.415
0.403
0.506
0.524
0.661
0.701
0.805
1.011
0.91
0.858
0.935
1.018
0.99
0.851
0.794
0.725
0.735
0.758
0.62
0.491
0.503
0.46
0.585
0.654
0.875
0.713
0.854
0.969
0.968
0.989
0.896
0.915
0.998
0.989
1.196
1.01
1.078
0.949
0.816
0.603
0.562
0.451
0.297
0.199
0.185
0.039
-0.005
0.09
-0.04
-0.16
-0.198
-0.246
-0.284
-0.206
-0.304
-0.334
-0.471
-0.411
-0.44
-0.383
-0.501
-0.45
-0.427
-0.614
-0.684
-0.634
-0.705
-0.666
-0.768
-0.745
-0.756
-0.761
-0.667
-0.677
-0.628
-0.468
-0.6
-0.552
-0.366
-0.291
-0.421
-0.404
-0.427
-0.355
-0.45
-0.33
-0.147
-0.158
-0.296
-0.268
-0.236
-0.354
-0.284
-0.516
-0.501
-0.578
-0.561
-0.63
-0.556
-0.508
-0.305
-0.118
-0.165
-0.116
-0.066
-0.23
-0.11
-0.212
0.019
0.062
0.133
0.276
0.321
0.346
0.362
0.416
0.492
0.474
0.499
0.451
0.568
0.599
0.571
0.512
0.715
0.719
0.481
0.416
0.454
0.191
0.4
0.495
0.463
0.391
0.421
0.417
0.396
0.323
0.359
0.129
0.231
0.195
0.128
0.194
0.106
0.224
0.109
0.066
0.033
-0.074
-0.066
0.077
0.165
0.171
0.039
-0.06
-0.1
-0.143
-0.19
-0.352
-0.174
-0.295
-0.251
-0.305
-0.283
-0.223
-0.072
-0.136
-0.231
-0.231
-0.309
-0.275
-0.316
-0.41
-0.384
-0.299
-0.154
-0.124
-0.071
0.107
0.154
0.203
0.312
0.316
0.259
0.258
0.302
0.359
0.304
0.295
0.256
0.271
0.24
0.203
0.242
0.119
0.274
0.176
0.27
0.208
0.186
0.311
0.283
0.268
0.189
0.2
