-0.297
-0.307
-0.321
-0.546
-0.386
-0.581
-0.448
-0.398
-0.626
-0.662
-0.579
-0.435
-0.389
-0.341
-0.26
-0.319
-0.27
-0.497
-0.62
-0.794
-0.589
-0.549
-0.63
-0.823
-0.954
-0.932
-1.019
-0.983
-0.995
-0.986
-0.873
-0.761
-0.72
-0.605
-0.499
-0.487
-0.449
-0.348
-0.441
-0.451
-0.344
-0.409
-0.32
-0.031
0.05
0.098
0.128
0.241
0.372
0.372
0.388
0.328
0.302
0.33
0.141
0.115
0.01
0.009
-0.086
-0.156
-0.136
-0.028
-0.111
0.091
0.024
0.088
0.07
0.168
0.323
0.22
0.124
0.414
0.215
0.221
0.404
0.714
0.818
0.711
0.73
0.885
0.599
0.64
0.615
0.659
0.634
0.698
0.7
0.768
0.806
0.796
0.856
0.97
1.008
0.945
0.896
0.901
0.873
0.805
0.749
0.869
0.938
0.876
0.845
0.932
0.958
0.777
0.802
0.789
0.75
0.599
0.73
0.706
0.754
0.721
0.733
0.654
0.82
0.824
0.659
0.87
0.845
0.859
0.824
0.86
0.914
1.039
1.036
0.99
1.022
0.866
1.016
0.998
1.096
1.022
1.066
0.956
0.875
0.667
0.652
0.541
0.51
0.464
0.434
0.468
0.511
0.39
0.356
0.294
0.31
0.365
0.436
0.295
0.264
0.149
0.168
0.046
-0.011
-0.1
-0.448
-0.324
-0.485
-0.426
-0.341
-0.295
-0.15
-0.104
-0.154
-0.037
-0.098
0.015
-0.135
0.071
-0.054
-0.143
-0.046
-0.021
0.186
0.292
0.32
0.116
0.009
0.22
0.128
0.216
0.201
0.394
0.47
0.28
0.247
0.304
0.278
0.191
0.096
-0.014
-0.014
-0.28
-0.399
-0.341
-0.334
-0.233
-0.215
-0.349
-0.159
-0.09
-0.214
-0.06
0.035
-0.255
-0.184
-0.051
0.1
0.092
0.334
0.701
0.824
0.94
0.755
0.785
0.699
0.775
0.844
0.946
0.819
0.863
0.854
0.846
0.718
0.606
0.512
0.664
0.6
0.763
0.724
0.766
0.956
0.719
0.723
0.731
0.593
0.391
0.42
0.55
0.608
0.517
0.475
0.536
0.552
0.667
0.591
0.633
0.823
0.781
0.809
0.608
0.519
0.496
0.532
0.664
0.546
0.503
0.693
0.816
0.875
0.745
0.555
0.487
0.388
0.289
0.244
0.216
0.239
0.166
-0.241
-0.349
-0.24
-0.203
-0.244
-0.124
-0.174
-0.25
-0.279
-0.256
-0.166
-0.122
-0.005
0.092
0.182
0.025
0.107
0.375
0.295
0.22
0.271
0.07
0.024
0.005
0.139
0.083
0.052
0.049
0.006
-0.079
-0.086
-0.316
-0.413
-0.357
-0.453
-0.503
-0.269
-0.165
-0.035
-0.03
0.131
0.056
-0.014
0.035
-0.18
-0.292
-0.315
-0.574
-0.482
-0.723
-0.897
-1.029
-0.856
-0.8
-0.743
-0.71
-0.65
-0.695
-0.726
-0.484
-0.744
-0.44
-0.54
-0.438
-0.666
-0.616
-0.685
-0.665
-0.795
-0.81
-0.497
-0.501
-0.542
-0.422
-0.481
-0.286
-0.336
-0.456
-0.335
-0.316
-0.268
-0.16
-0.221
-0.29
-0.175
-0.238
-0.393
-0.385
-0.384
-0.505
-0.509
-0.499
-0.834
-0.86
-1.015
-1.211
-1.189
-1.425
-1.375
-1.016
-1.101
-1.096
-1.079
-1.126
-1.133
-1.055
-1.189
-1.328
-1.26
-1.282
-1.271
-1.086
-1.029
-1.069
-1.051
-0.984
-0.799
-0.669
-0.698
-0.544
-0.381
-0.254
-0.143
-0.255
-0.083
-0.231
-0.265
-0.24
-0.335
-0.432
-0.289
-0.295
-0.225
-0.119
-0.066
0.003
0.086
-0.026
-0.103
-0.016
-0.071
0.039
-0.134
-0.024
0.214
0.129
0.241
0.357
0.36
0.539
0.505
0.542
0.699
0.772
0.685
0.721
0.784
0.765
0.828
0.758
0.657
0.623
0.56
0.661
0.5
0.56
0.403
0.419
0.495
0.5
0.419
0.443
0.429
0.393
0.432
0.375
0.395
0.444
0.288
0.174
0.077
-0.076
-0.122
-0.191
-0.294
-0.316
-0.245
-0.231
-0.201
-0.101
-0.138
-0.106
-0.091
-0.129
-0.128
-0.155
-0.041
-0.275
-0.125
-0.091
-0.185
-0.468
-0.475
-0.547
-0.766
-0.667
-0.621
-0.583
-0.461
-0.39
-0.375
-0.286
-0.264
-0.146
-0.055
-0.239
-0.181
-0.138
0.034
0.074
0.055
0.096
0.024
0.185
0.02
0.051
0.052
-0.245
-0.315
-0.328
-0.638
-0.413
-0.403
-0.386
-0.133
-0.198
-0.211
-0.365
-0.463
-0.393
-0.512
-0.425
-0.24
-0.217
-0.026
-0.101
-0.041
-0.076
-0.085
0.061
-0.223
-0.224
-0.177
-0.136
-0.016
0.091
0.281
0.296
0.399
0.214
0.006
0.089
0.164
0.206
0.269
0.35
0.359
0.28
0.182
0.2
0.136
0.039
-0.138
-0.088
-0.247
-0.381
-0.489
-0.39
-0.624
-0.716
-0.636
-0.623
-0.666
-0.623
-0.66
-0.604
-0.629
-0.623
-0.576
-0.694
-0.82
-0.995
-1.03
-1.119
-0.996
-0.95
-0.738
-0.739
-0.861
-0.529
-0.661
-0.74
-0.691
-0.759
-0.927
-0.981
-0.938
-0.686
-0.76
-0.416
-0.349
-0.251
-0.208
-0.175
-0.14
0.1
0.083
0.246
0.367
0.398
0.345
0.458
0.459
0.645
0.438
0.487
0.53
0.606
0.869
0.836
0.83
0.765
0.782
0.703
0.693
0.733
0.728
0.936
0.986
0.941
0.805
0.833
0.807
0.735
0.64
0.682
0.524
0.408
0.294
0.446
0.319
0.24
0.139
0.251
0.134
-0.126
-0.199
-0.193
-0.115
-0.236
-0.113
-0.411
-0.454
-0.516
-0.438
-0.475
-0.381
-0.335
-0.344
-0.319
-0.485
-0.48
-0.419
-0.389
-0.268
-0.315
-0.321
-0.416
-0.49
-0.583
-0.659
-0.841
-0.843
-0.731
-0.561
-0.414
-0.44
-0.429
-0.425
-0.539
-0.708
-0.709
-0.77
-0.9
-1.04
-1.184
-1.184
-1.149
-1.105
-0.754
-0.971
-0.83
-0.802
-0.724
-0.544
-0.463
-0.242
-0.07
-0.003
0.041
0.118
0.229
0.335
0.286
0.2
0.2
0.281
0.35
0.475
0.299
0.254
0.321
0.15
0.165
0.161
0.164
0.176
0.135
0.049
0.077
-0.171
-0.105
0.014
0.033
0.049
0.054
0.12
0.058
0.23
0.376
0.338
0.3
0.246
0.198
0.119
0.206
0.211
0.216
0.209
0.406
0.198
0.163
0.225
0.241
0.184
0.275
0.26
0.189
0.11
0.039
-0.129
-0.224
-0.247
-0.275
-0.069
-0.085
0.006
0.001
-0.044
0.035
-0.092
-0.08
-0.114
-0.071
0.072
0.064
0.195
0.206
0.064
0.052
0.158
0.156
0.122
0.223
0.214
0.154
-0.004
-0.003
0.072
0.129
0.133
0.159
0.14
0.223
0.181
0.041
0.144
0.095
0.005
0.335
0.265
0.28
0.301
0.426
0.435
0.318
0.37
0.316
0.259
0.098
-0.141
-0.071
-0.276
-0.225
-0.233
-0.205
0.04
0.07
0.177
0.024
0.066
0.086
0.06
0.098
0.098
0.092
-0.013
0.229
0.104
0.072
0.201
0.07
0.233
0.021
0.022
-0.086
-0.209
-0.307
-0.286
-0.35
-0.515
-0.413
-0.541
-0.618
-0.636
-0.787
-0.779
-0.738
-0.845
-0.66
-0.929
-0.851
-0.743
-0.641
-0.521
-0.618
-0.615
-0.741
-0.67
-0.605
-0.393
-0.441
-0.441
-0.383
-0.214
-0.265
-0.043
0.066
-0.141
0.185
0.231
0.335
0.259
0.32
0.439
0.413
0.626
0.529
0.761
0.598
0.516
0.405
0.631
0.379
0.31
0.516
0.395
0.584
0.589
0.629
0.633
0.662
0.768
0.72
0.935
1.028
0.964
1.089
0.95
1.079
0.835
1.055
1.084
1.104
1.141
1.145
1.351
1.31
1.296
1.226
1.179
1.154
0.873
0.754
0.449
0.495
0.398
0.465
0.446
0.47
0.547
0.509
0.568
0.54
0.646
0.879
0.931
0.961
0.794
0.949
0.86
0.966
1.22
1.351
1.269
1.119
1.218
1.117
1.049
1.01
0.816
0.879
0.876
0.719
0.8
0.561
0.35
0.247
0.301
0.575
0.242
0.143
-0.014
0.089
0.07
-0.059
-0.062
0.263
0.389
0.551
0.517
0.519
0.689
0.616
0.674
0.639
0.691
0.562
0.48
0.328
0.182
0.316
0.372
0.526
0.589
0.665
0.61
0.542
0.325
0.216
0.124
0.055
0.044
-0.021
-0.052
-0.118
-0.258
-0.3
-0.334
-0.062
-0.231
-0.297
-0.221
-0.31
-0.219
-0.234
-0.281
-0.348
-0.15
-0.058
0.006
0.062
0.154
0.426
0.44
0.434
0.855
0.595
0.693
0.667
0.681
0.761
0.706
0.861
0.745
0.631
0.608
0.725
0.709
0.646
0.539
0.55
0.576
0.509
0.604
0.366
0.389
0.422
0.304
0.371
-0.051
0.007
0.092
0.228
0.306
0.212
0.156
0.118
0.224
0.215
0.149
0.151
0.069
0.116
0.145
0.251
0.055
0.126
0.122
0.344
0.173
0.348
0.375
0.485
0.454
0.638
0.541
0.421
0.446
0.605
0.537
0.739
0.571
0.568
0.525
0.481
0.461
0.354
0.409
0.15
0.143
0.024
0.115
0.094
0.188
0.163
0.13
-0.015
-0.203
-0.455
-0.681
-0.815
-0.894
-0.66
-0.527
-0.484
-0.584
-0.505
-0.46
-0.628
-0.489
-0.44
-0.642
-0.755
-0.781
-0.743
-0.807
-0.826
-0.925
-0.764
-1.206
-0.969
-0.858
-0.6
-0.734
-0.904
-0.791
-0.795
-0.836
-0.999
-0.924
-1.031
-1.032
-1.195
-1.159
-1.246
-1.22
-1.188
-1.359
-1.375
-1.6
-1.626
-1.576
-1.44
-1.228
-1.279
-1.119
-1.048
-1.113
-1.209
-1.086
-0.934
-0.713
-0.7
-0.512
-0.458
-0.561
-0.524
-0.445
-0.45
-0.391
-0.383
-0.105
-0.02
0.179
0.45
0.341
0.406
0.42
0.583
0.33
0.519
0.351
0.521
0.364
0.239
0.408
0.463
0.672
0.599
0.685
0.854
0.797
0.725
0.549
0.525
0.576
0.794
0.835
0.845
1.03
0.929
0.971
1.05
0.993
1.031
1.005
0.95
1.186
0.915
0.861
0.634
0.489
0.388
0.283
0.128
0.106
-0.077
-0.13
-0.323
-0.386
-0.579
-0.646
-0.641
-0.816
-1.015
-1.028
-1.07
-1.26
-1.131
-1.448
-1.298
-1.274
-1.242
-1.325
-1.448
-1.443
-1.525
-1.489
-1.492
-1.494
-1.629
-1.495
-1.558
-1.404
-1.328
-1.221
-0.998
-0.854
-0.89
-0.891
-0.719
-0.674
-0.465
-0.35
-0.206
-0.071
0.013
0.155
0.055
0.166
0.215
0.464
0.429
0.624
0.49
0.645
0.57
0.534
0.42
0.419
0.463
0.479
0.539
0.404
0.459
0.425
0.399
0.233
0.371
0.241
0.251
0.291
0.349
0.349
0.357
0.425
0.519
0.444
0.42
0.636
0.63
0.636
0.838
0.973
1.068
1.143
1.084
1.095
0.99
0.97
0.924
0.836
0.691
0.422
0.378
0.374
0.309
0.136
0.105
0.151
0.035
-0.115
-0.168
-0.398
-0.417
-0.372
-0.29
-0.41
-0.376
-0.436
-0.531
-0.461
-0.416
-0.562
-0.511
-0.578
-0.487
-0.599
-0.591
-0.588
-0.886
-0.839
-0.893
-0.693
-0.684
-0.7
-0.301
-0.356
-0.356
-0.426
-0.224
-0.045
-0.164
-0.147
-0.22
-0.251
-0.259
-0.304
-0.203
-0.255
-0.118
-0.066
-0.025
-0.058
-0.039
-0.007
0.046
-0.15
-0.226
-0.266
-0.459
-0.289
-0.375
-0.366
-0.221
-0.273
-0.208
-0.364
-0.369
-0.264
-0.284
-0.266
-0.343
-0.318
-0.375
-0.56
-0.634
-0.688
-0.61
-0.71
-0.465
-0.26
-0.119
-0.092
-0.048
-0.114
-0.046
0.12
0.062
0.12
-0.072
0.013
-0.022
-0.066
-0.111
-0.185
0.045
-0.054
-0.01
-0.058
0.065
0.24
0.329
0.415
0.451
0.391
0.38
0.2
0.251
0.139
0.223
0.19
0.239
0.236
0.164
0.098
0.028
0.136
0.126
0.092
-0.119
-0.121
-0.18
-0.372
-0.503
-0.641
-0.618
-0.741
-0.816
-0.914
-1.039
-0.905
-0.965
-0.951
-0.95
-0.902
-0.848
-0.88
-0.802
-0.85
-0.774
-0.615
-0.581
-0.444
-0.365
-0.25
-0.182
0.006
0.199
0.31
0.366
0.395
0.566
0.372
0.482
0.405
0.57
0.706
0.593
0.695
0.88
0.988
1.002
0.975
0.973
1.024
1.028
1.232
1.306
1.194
1.141
1.241
1.232
1.174
1.121
1.181
1.276
1.144
1.325
1.126
0.99
0.974
0.979
0.784
0.724
0.586
0.81
0.604
0.527
0.429
0.217
0.131
0.039
-0.085
-0.17
-0.208
-0.278
-0.421
-0.525
-0.664
-0.547
-0.594
-0.695
-0.708
-0.897
-0.943
-1.006
-1.009
-1.005
-1.121
-1.07
-1.213
-1.179
-1.18
-1.239
-1.304
-1.051
-0.912
-0.953
-0.864
-0.823
-0.746
-0.7
-0.797
-0.763
-0.739
-0.64
-0.744
-0.735
-0.796
-0.768
-0.796
-0.666
-0.352
-0.4
-0.247
-0.149
0.03
0.154
0.244
0.266
0.42
0.383
0.324
0.473
0.664
0.705
0.897
0.958
0.994
0.995
0.91
0.738
0.74
0.659
0.672
0.871
0.868
0.921
0.906
1.039
0.97
0.693
0.591
0.664
0.634
0.576
0.601
0.429
0.246
0.275
0.223
0.19
0.25
0.24
0.568
0.633
0.521
0.685
0.522
0.355
0.297
0.118
0.021
0.058
-0.061
-0.291
-0.304
-0.333
-0.214
-0.116
-0.143
-0.236
-0.175
-0.394
-0.424
-0.491
-0.496
-0.49
-0.596
-0.634
-0.69
-0.688
-0.753
-0.775
-0.649
-0.73
-0.82
-0.812
-0.726
-0.823
-1.064
-1.146
-1.226
-1.093
-1.19
-1.239
-1.049
-1.191
-1.09
-0.938
-0.731
-0.721
-0.646
-0.401
-0.279
-0.055
-0.092
-0.036
0.026
0.214
0.184
0.188
0.072
0.056
0.085
0.025
-0.001
-0.001
0.104
0.121
0.214
0.698
0.559
0.876
1.014
1.19
1.265
1.208
0.932
1.015
1.025
1.009
1.155
1.23
1.508
1.607
1.779
1.901
1.911
1.953
2.034
1.884
1.901
2.042
1.931
1.938
1.939
2.154
2.24
2.33
2.404
2.175
2.091
1.934
1.759
1.606
1.433
1.52
1.218
1.068
1.117
1.171
1.163
0.911
1.03
1.002
0.841
0.807
0.853
0.878
0.66
0.517
0.432
0.391
0.525
0.491
0.529
0.295
0.12
0.177
-0.141
-0.045
-0.364
-0.329
-0.456
-0.411
-0.47
-0.524
-0.636
-0.664
-0.81
-0.915
-0.849
-0.701
-0.636
-0.526
-0.471
-0.445
-0.299
-0.386
-0.17
-0.072
-0.134
-0.115
0.242
0.079
-0.129
-0.414
-0.051
-0.139
-0.136
-0.036
-0.089
-0.004
0.094
0.276
0.451
0.288
0.304
0.372
0.426
0.415
0.312
0.345
0.416
0.359
0.271
0.18
0.214
0.38
0.456
0.425
0.334
0.564
0.359
0.35
0.395
0.14
0.004
0.066
0.013
0.045
0.074
0.201
0.31
0.256
0.271
-0.089
-0.013
0.039
0.06
0.168
0.099
0.113
-0.025
0.103
0.0
0.005
-0.081
-0.198
-0.133
-0.261
-0.217
-0.233
-0.323
-0.434
-0.345
-0.378
-0.115
-0.122
-0.323
-0.259
-0.217
-0.151
-0.173
-0.088
-0.105
-0.069
0.159
0.231
0.283
0.456
0.603
0.465
0.555
0.394
0.249
0.254
0.251
0.276
0.18
0.114
0.274
0.275
0.26
0.279
0.393
0.406
0.405
0.312
0.181
-0.024
-0.041
-0.044
0.004
-0.126
-0.271
-0.461
-0.421
-0.455
-0.421
-0.425
-0.675
-0.844
-1.054
-1.021
-0.995
-0.89
-0.84
-0.774
-0.804
-0.912
-1.066
-1.052
-0.907
-0.861
-0.756
-0.652
-0.743
-0.556
-0.5
-0.485
-0.618
-0.56
-0.816
-0.768
-0.755
-0.711
-0.629
-0.623
-0.494
-0.514
-0.555
-0.495
-0.389
-0.171
-0.114
-0.171
-0.13
-0.133
-0.105
-0.009
-0.143
-0.146
0.037
0.092
0.177
0.259
0.366
0.247
0.08
-0.036
-0.105
-0.273
-0.13
0.004
0.013
0.198
0.29
0.411
0.398
0.349
0.281
0.318
0.263
0.352
0.485
0.551
0.749
0.749
0.539
0.569
0.489
0.388
0.42
0.494
0.307
0.323
0.264
0.253
0.269
0.506
0.82
0.81
0.94
0.888
0.854
0.84
0.851
0.89
0.922
0.775
0.879
0.605
0.785
0.814
0.694
0.62
0.578
0.501
0.541
0.552
0.595
0.56
0.489
0.475
0.405
0.235
0.367
0.415
0.527
0.435
0.475
0.184
0.229
0.2
0.084
0.219
0.149
0.081
0.135
0.126
0.234
0.281
0.343
0.333
0.393
0.245
0.182
0.146
-0.033
-0.036
-0.052
0.015
0.01
-0.064
-0.128
-0.345
-0.494
-0.456
-0.633
-0.688
-0.641
-0.85
-0.835
-0.755
-0.878
-0.756
-0.745
-0.891
-0.895
-0.915
-0.998
-0.968
-1.091
-1.236
-1.126
-1.174
-1.101
-1.06
-1.055
-0.886
-0.951
-0.975
-0.812
-0.739
-0.83
-0.795
-0.844
-0.726
-0.652
-0.654
-0.435
-0.383
-0.113
-0.005
0.001
0.03
0.019
-0.107
-0.014
-0.055
-0.114
-0.224
-0.205
-0.18
-0.31
-0.27
-0.434
-0.474
-0.379
-0.544
-0.615
-0.831
-0.688
-0.769
-0.771
-0.699
-0.641
-0.611
-0.664
-0.604
-0.655
-0.609
-0.544
-0.551
-0.551
-0.604
-0.511
-0.411
-0.394
-0.492
-0.391
-0.362
-0.07
-0.099
-0.039
-0.129
-0.122
-0.018
-0.009
-0.103
0.041
0.091
0.113
0.1
0.135
0.089
0.175
0.066
0.289
0.35
0.514
0.535
0.59
0.693
0.594
0.594
0.571
0.576
0.674
0.566
0.534
0.504
0.393
0.633
0.541
0.634
0.49
0.435
0.26
0.279
0.143
0.122
0.21
0.15
0.113
0.049
0.009
0.101
0.036
-0.045
-0.049
-0.11
-0.28
-0.035
-0.06
-0.07
-0.145
0.035
-0.011
0.092
0.138
0.114
-0.126
0.051
0.159
0.09
0.168
-0.009
-0.249
-0.258
-0.326
-0.185
-0.228
-0.234
-0.206
-0.226
-0.27
-0.409
-0.33
-0.405
-0.606
-0.557
-0.638
-0.456
-0.586
-0.685
-0.584
-0.659
-0.609
-0.427
-0.258
-0.016
0.122
0.181
0.323
0.475
0.542
0.72
0.79
1.029
0.724
0.792
0.785
0.753
0.758
0.618
0.718
0.797
0.73
0.744
0.656
0.645
0.578
0.542
0.5
0.501
0.41
0.37
0.386
0.427
0.26
0.446
0.444
0.43
0.346
0.446
0.509
0.499
0.469
0.364
0.4
0.201
0.241
-0.015
-0.151
-0.066
0.061
0.028
-0.21
-0.326
-0.435
-0.393
-0.46
-0.381
-0.365
-0.42
-0.465
-0.463
-0.445
-0.445
-0.589
-0.703
-0.763
-0.936
-0.994
-0.893
-0.985
-0.996
-0.779
-0.545
-0.375
-0.482
-0.396
-0.194
-0.133
-0.198
-0.069
-0.11
-0.062
-0.045
-0.045
0.165
0.324
0.388
0.481
0.366
0.292
0.406
0.441
0.616
0.527
0.435
0.619
0.446
0.29
0.349
0.23
0.092
0.007
-0.14
-0.238
-0.33
-0.461
-0.479
-0.5
-0.61
-0.715
-0.836
-0.714
-0.679
-0.749
-0.703
-0.676
-0.745
-0.621
-0.665
-0.541
-0.561
-0.542
-0.667
-0.576
-0.41
-0.456
-0.381
-0.343
-0.269
-0.51
-0.294
-0.284
-0.374
-0.186
-0.105
-0.044
-0.083
-0.101
-0.083
-0.074
-0.036
-0.138
0.04
0.025
-0.034
0.104
0.276
0.065
-0.125
0.09
-0.031
0.116
0.105
0.109
0.111
0.185
0.23
0.146
0.19
0.095
0.316
0.083
0.091
0.095
0.144
0.286
0.256
0.492
0.484
0.532
0.569
0.671
0.75
0.641
0.682
0.709
0.836
0.799
0.67
0.688
0.746
0.978
0.906
0.95
1.024
0.971
1.004
0.871
0.846
0.787
0.848
0.864
0.695
0.806
0.645
0.534
0.478
0.388
0.284
0.361
0.299
0.239
0.341
0.417
0.344
0.299
0.22
0.158
0.033
-0.08
0.145
0.113
0.1
0.177
0.261
0.22
0.425
0.584
0.71
0.644
0.79
0.809
0.664
0.671
0.655
0.526
0.39
0.275
0.398
0.425
0.299
0.284
0.381
0.481
0.614
0.927
0.647
0.684
0.641
0.509
0.449
0.479
0.459
0.354
0.19
0.229
0.242
0.216
0.188
0.297
0.058
0.041
-0.095
-0.118
-0.158
-0.054
0.094
-0.039
0.003
0.037
0.179
0.147
0.244
0.19
0.372
0.349
0.231
0.198
0.182
0.025
-0.17
-0.17
-0.219
-0.306
-0.311
-0.515
-0.666
-0.699
-0.578
-0.61
-0.455
-0.352
-0.485
-0.585
-0.606
-0.7
-0.65
-0.685
-0.539
-0.448
-0.355
-0.141
0.106
0.206
0.27
0.315
0.092
0.035
-0.02
0.147
0.022
-0.04
0.013
-0.066
-0.182
-0.013
0.161
0.077
0.136
0.273
0.201
0.184
0.099
0.166
0.058
-0.074
-0.046
-0.226
0.085
0.174
0.116
0.254
0.062
0.121
0.152
0.069
0.154
0.085
0.118
0.083
0.049
0.04
0.17
0.109
0.346
0.321
0.385
0.459
0.4
0.405
0.489
0.404
0.315
0.404
0.26
0.254
0.316
0.37
0.324
0.464
0.365
0.223
0.176
0.01
0.188
0.4
0.616
0.55
0.621
0.638
0.489
0.36
0.325
0.294
0.44
0.46
0.603
0.297
0.074
-0.026
-0.228
-0.253
-0.381
-0.334
-0.144
-0.152
-0.13
-0.258
-0.233
-0.281
-0.122
-0.094
-0.212
-0.29
-0.531
-0.372
-0.35
-0.529
-0.41
-0.667
-0.626
-0.58
-0.662
-0.686
-0.62
-0.76
-0.772
-1.051
-1.161
-0.986
-1.084
-1.195
-1.18
-1.151
-0.994
-0.921
-0.753
-0.64
-0.443
-0.289
-0.182
0.054
-0.01
0.154
0.034
0.138
0.212
0.111
0.256
0.238
0.421
0.619
0.608
0.614
0.729
0.969
0.775
