-0.383
-0.415
-0.8
-0.721
-0.819
-1.012
-1.018
-1.155
-1.246
-1.395
-1.381
-1.51
-1.429
-1.496
-1.731
-1.708
-1.8
-1.686
-1.887
-1.894
-1.811
-1.735
-1.525
-1.686
-1.558
-1.42
-1.268
-1.065
-1.073
-0.897
-0.897
-0.795
-0.703
-0.531
-0.453
-0.136
-0.144
-0.138
0.088
0.21
0.165
0.241
0.309
0.356
0.311
0.426
0.435
0.634
0.635
0.574
0.459
0.552
0.364
0.369
0.188
0.245
0.198
0.352
0.214
0.17
0.367
0.404
0.406
0.616
0.586
0.791
0.824
0.659
0.719
0.489
0.48
0.338
0.2
0.224
0.211
0.08
-0.033
0.081
0.056
-0.101
-0.128
-0.111
-0.003
0.084
0.165
0.168
0.059
0.011
0.055
0.064
0.174
0.001
-0.151
-0.18
-0.206
-0.174
-0.319
-0.179
-0.371
-0.398
-0.394
-0.455
-0.657
-0.427
-0.763
-0.829
-0.63
-0.725
-0.575
-0.595
-0.497
-0.655
-0.599
-0.61
-0.72
-0.466
-0.578
-0.693
-0.546
-0.667
-0.779
-0.574
-0.375
-0.198
-0.129
0.021
-0.061
-0.052
-0.004
0.176
0.217
0.416
0.345
0.288
0.375
0.522
0.574
0.72
0.775
0.868
0.879
0.958
1.079
1.188
1.255
1.149
1.23
1.204
1.271
1.056
0.991
1.041
1.006
1.22
1.196
1.333
1.444
1.224
1.091
1.137
1.062
1.064
0.938
1.004
0.853
1.046
1.083
1.094
0.569
1.189
1.234
1.275
1.164
0.971
0.978
0.894
0.939
0.731
0.694
0.59
0.661
0.711
0.599
0.56
0.497
0.46
0.46
0.42
0.336
0.421
0.211
0.173
0.045
0.107
-0.03
0.029
0.099
0.145
-0.085
-0.143
-0.241
-0.304
-0.429
-0.44
-0.443
-0.64
-0.516
-0.584
-0.596
-0.497
-0.335
-0.333
-0.371
-0.211
-0.343
-0.249
-0.32
-0.289
-0.146
-0.046
-0.12
0.064
0.076
0.061
0.089
0.194
0.278
0.253
0.234
0.131
0.149
0.295
0.1
0.099
0.019
0.062
0.028
-0.004
-0.045
-0.106
-0.171
-0.304
-0.283
-0.441
-0.511
-0.521
-0.566
-0.676
-0.604
-0.667
-0.706
-0.618
-0.75
-0.711
-1.093
-1.261
-1.225
-1.346
-1.371
-1.369
-1.219
-1.211
-1.249
-1.061
-0.938
-0.883
-0.772
-0.809
-0.891
-0.859
-0.889
-0.953
-0.912
-0.833
-0.839
-0.634
-0.67
-0.588
-0.489
-0.486
-0.396
-0.356
-0.369
-0.085
0.125
0.266
0.324
0.486
0.527
0.482
0.536
0.95
0.794
0.865
0.785
0.991
0.943
0.906
0.768
0.79
-10.336
0.625
0.328
0.378
0.391
0.205
0.173
-0.109
0.095
0.128
0.089
0.079
0.029
0.226
0.109
0.174
0.177
0.12
-0.16
-0.05
0.006
0.116
0.225
0.374
0.242
0.524
0.561
0.366
0.427
0.459
0.674
0.968
0.873
1.083
1.131
1.186
1.26
1.055
1.088
1.185
1.036
0.93
0.823
0.873
0.625
0.561
0.49
0.233
0.246
-0.003
-0.064
-0.025
-0.069
0.12
-0.156
-0.234
-0.288
-0.394
-0.42
-0.517
-0.605
-0.598
-0.688
-0.541
-0.611
-0.62
-0.522
-0.506
-0.482
-0.517
-0.514
-0.489
-0.345
-0.408
-0.393
-0.365
-0.345
-0.381
-0.201
-0.079
-0.013
0.088
0.028
0.06
0.026
-0.03
-0.031
-0.144
0.072
0.07
0.176
0.233
0.219
-0.011
-0.003
0.033
0.149
0.16
0.077
0.056
-0.019
0.075
-0.043
-0.06
0.069
-0.056
-0.022
0.044
-0.031
-0.11
-0.164
-0.2
-0.284
-0.424
-0.318
-0.348
-0.26
-0.394
-0.311
-0.16
-0.101
0.136
0.028
0.241
0.256
0.241
0.311
0.163
0.283
0.031
0.064
0.06
0.013
0.052
0.125
0.233
0.256
0.31
0.335
0.484
0.594
0.647
0.684
0.695
0.844
0.83
0.876
0.758
0.776
0.787
0.754
0.741
0.585
0.781
0.633
0.604
0.526
0.469
0.521
0.468
0.455
0.414
0.348
0.52
0.468
0.364
0.165
-0.024
-0.193
-0.149
-0.22
-0.054
0.128
-0.033
0.048
0.066
0.119
-0.022
0.098
-0.034
-0.141
-0.096
-0.201
-0.263
-0.291
-0.435
-0.529
-0.614
-0.671
-0.758
-0.701
-0.726
-0.831
-0.907
-0.886
-0.993
-0.944
-0.895
-1.004
-1.001
-1.058
-1.097
-1.113
-1.01
-0.925
-0.984
-1.036
-1.255
-1.366
-1.221
-1.314
-1.173
-1.219
-1.048
-1.03
-0.88
-0.763
-0.75
-0.685
-0.635
-0.453
-0.291
-0.166
0.205
0.344
0.6
0.649
0.938
1.114
1.213
1.351
1.387
1.605
1.526
1.588
1.689
1.761
1.685
1.703
1.719
1.679
1.756
1.549
1.502
1.413
1.346
1.308
1.078
0.906
0.859
0.843
0.815
0.7
0.871
0.825
0.65
0.458
0.421
0.554
0.503
0.357
0.22
0.216
0.119
0.247
0.211
0.228
0.115
0.121
0.115
0.079
0.036
-0.016
-0.06
0.005
-0.018
0.035
0.081
0.161
0.061
-0.054
-0.081
-0.206
-0.247
-0.177
-0.092
-0.193
-0.184
-0.284
-0.359
-0.429
-0.621
-0.815
-0.905
-1.015
-1.021
-1.091
-1.14
-1.339
-1.191
-1.208
-1.239
-1.346
-1.561
-1.391
-1.731
-1.718
-1.795
-1.805
-1.663
-1.634
-1.627
-1.565
-1.509
-1.554
-1.541
-1.203
-1.499
-1.37
-1.496
-1.32
-1.239
-1.171
-1.117
-1.039
-0.969
-0.843
-0.776
-0.575
-0.336
-0.211
-0.121
0.096
0.203
0.301
0.289
0.574
0.448
0.439
0.595
0.54
0.704
0.501
0.589
0.649
0.68
0.781
0.679
0.77
0.775
0.743
0.774
0.961
0.969
0.833
0.669
0.719
0.583
0.486
0.366
0.404
0.246
0.326
0.21
0.352
0.393
0.279
0.29
0.231
0.421
0.454
0.506
0.405
0.427
0.505
0.482
0.589
0.454
0.376
0.349
0.454
0.482
0.399
0.414
0.464
0.444
0.404
0.396
0.268
0.465
0.436
0.289
0.349
0.122
0.199
0.188
0.124
0.095
0.035
-0.05
-0.126
-0.119
-0.273
-0.411
-0.355
-0.614
-0.448
-0.453
-0.393
-0.316
-0.225
-0.052
-0.076
0.037
0.209
0.247
0.351
0.281
0.144
-0.055
0.071
-0.003
0.035
0.19
0.14
0.149
0.13
0.121
0.1
0.025
-0.105
-0.095
0.086
0.029
0.066
0.051
0.18
0.295
0.254
0.378
0.481
0.41
0.516
0.344
0.405
0.372
0.375
0.214
0.099
0.098
0.182
0.044
0.051
0.114
0.176
0.055
-0.005
0.214
0.306
0.279
0.254
0.311
0.318
0.291
0.268
0.181
0.16
0.055
0.181
0.24
0.219
0.122
0.046
0.107
0.074
0.271
0.188
0.224
0.27
0.335
0.215
0.266
0.329
0.235
0.295
0.216
0.211
0.184
0.045
0.077
-0.014
-0.03
-0.034
0.024
0.125
0.098
0.292
0.25
0.228
0.151
0.314
0.318
0.144
0.126
0.471
0.229
0.198
0.072
-0.019
0.048
0.083
0.077
-0.045
-0.114
-0.16
0.069
0.031
0.175
0.17
0.149
0.26
0.216
0.312
0.351
0.525
0.461
0.531
0.404
0.354
0.688
0.689
0.77
0.838
0.782
0.864
0.801
0.828
0.786
0.744
0.754
0.843
0.75
0.733
0.421
0.364
0.206
0.0
0.045
-0.007
-0.109
-0.242
-0.261
-0.375
-0.478
-0.459
-0.624
-0.754
-0.636
-0.858
-0.869
-0.968
-1.076
-1.064
-1.143
-1.035
-1.025
-0.914
-0.824
-0.729
-0.599
-0.589
-0.464
-0.56
-0.435
-0.26
-0.077
0.092
0.098
0.143
0.264
0.356
0.346
0.43
0.235
0.338
0.375
0.296
0.375
0.309
0.286
0.316
0.376
0.37
0.311
0.251
0.223
0.13
0.13
0.121
0.193
0.259
0.244
0.242
0.321
0.603
0.374
0.133
0.16
0.065
-0.033
0.05
-0.076
-0.101
-0.181
-0.323
-0.29
-0.47
-0.589
-0.72
-0.674
-0.713
-0.9
-0.738
-0.963
-0.694
-0.806
-0.685
-0.686
-0.62
-0.391
-0.448
-0.154
-0.357
-0.378
-0.275
-0.163
-0.048
-0.094
-0.041
0.254
0.367
0.524
0.578
0.754
0.787
0.917
1.1
1.054
1.088
1.189
1.103
0.919
0.784
0.72
0.723
10.332
-0.015
0.366
0.314
0.431
0.54
0.615
0.557
0.8
0.814
0.69
0.603
0.445
0.361
0.394
0.346
0.291
0.424
0.328
0.349
0.274
0.164
0.166
0.152
-10.336
0.049
0.06
0.194
0.291
0.364
0.356
0.349
0.307
0.166
0.139
0.072
-0.072
-0.044
-0.354
-0.47
-0.459
-0.61
-0.661
-0.661
-0.694
-0.721
-0.886
-0.87
-1.079
-1.038
-1.186
-1.248
-1.274
-1.312
-1.385
-1.318
-1.254
-1.274
-1.448
-1.308
-1.314
-1.336
-1.299
-1.338
-1.292
-1.275
-1.264
-1.339
-1.301
-1.198
-1.33
-1.099
-1.125
-1.016
-0.975
-0.916
-0.863
-0.846
-0.91
-0.841
-0.731
-0.715
-0.588
-0.459
-0.364
-0.219
-0.4
-0.449
-0.394
-0.468
-0.404
-0.456
-0.239
0.026
0.12
0.129
0.239
0.394
0.23
0.48
0.371
0.404
0.361
0.276
0.305
0.436
0.383
0.459
0.36
0.403
0.471
0.419
0.378
0.566
0.46
0.611
0.631
0.662
0.542
0.515
0.505
0.497
0.416
0.305
0.422
0.189
0.32
0.2
0.11
-0.439
-0.044
-0.024
-0.085
-0.014
-0.096
0.011
-0.046
0.156
0.173
0.098
0.111
0.141
0.03
0.119
0.124
0.36
0.312
0.24
0.206
0.361
0.321
0.365
0.31
0.305
0.189
0.154
0.098
0.128
0.188
0.283
0.285
0.279
0.325
0.359
0.394
0.38
0.302
0.055
-0.103
0.049
0.115
0.155
0.203
0.241
0.081
0.135
0.116
-0.138
-0.013
-0.121
-0.135
-0.164
-0.031
-0.096
-0.003
0.081
0.001
-0.039
-0.074
-0.028
-0.119
-0.193
-0.255
-0.274
-0.24
-0.294
-0.338
-0.281
-0.339
-0.196
-0.41
-0.416
-0.445
-0.399
-0.549
-0.552
-0.511
-0.555
-0.547
-0.426
-0.524
-0.501
-0.398
-0.335
-0.273
-0.219
-0.221
-0.072
0.086
0.104
0.129
0.121
0.246
0.228
0.274
0.319
0.339
0.3
0.352
0.37
0.41
0.479
-10.336
0.495
0.561
0.61
0.555
0.665
0.629
0.718
0.819
0.945
1.054
1.204
1.139
1.316
1.32
1.294
1.199
1.222
0.956
0.85
0.963
0.856
0.859
0.891
0.871
0.781
0.639
0.851
0.764
0.633
0.708
0.661
0.455
0.598
0.492
0.411
0.345
0.394
0.429
0.234
0.24
0.439
0.422
0.655
0.46
0.626
0.492
0.432
0.432
0.386
0.448
0.419
0.484
0.665
0.422
0.485
0.497
0.444
0.431
0.305
0.329
0.234
0.323
0.114
0.119
0.146
0.131
0.101
-0.066
-0.072
-0.095
-0.007
0.033
-0.084
-0.094
-0.03
-0.07
-0.214
-0.141
-0.19
-0.193
-0.09
0.031
0.083
0.085
0.069
0.07
0.026
-0.021
-0.046
-0.124
-10.336
-10.336
-0.158
-0.043
-0.025
-0.006
0.094
0.11
0.133
0.217
0.339
0.269
0.196
0.196
0.176
0.171
0.001
0.054
-0.031
-0.01
-0.226
-0.39
-0.376
-0.551
-0.555
-0.674
-0.525
-0.645
-2.941
-0.811
-0.843
-0.924
-0.786
-0.698
-0.755
-0.735
-0.74
-0.876
-0.691
-0.851
-0.799
-0.791
-0.576
-0.628
-0.451
-0.348
-0.42
-0.369
-0.414
-0.315
-0.203
-0.208
-0.029
-0.02
0.099
0.16
0.156
0.247
0.224
0.231
0.221
0.209
0.228
0.233
0.212
0.318
0.2
0.229
0.195
0.228
0.126
0.165
0.296
0.055
0.049
-0.036
0.086
-0.18
-0.177
-0.249
-0.179
-0.211
-0.136
-0.231
-0.118
-0.1
-0.006
0.011
0.048
0.177
0.305
0.217
0.205
0.247
0.171
0.236
0.275
0.247
0.128
-0.005
0.02
-0.081
-0.007
0.05
-0.016
-0.066
-0.268
-0.335
-0.333
-0.316
-0.091
-0.32
-0.335
-0.375
-0.406
-0.399
-0.278
-0.36
-0.379
-0.263
-0.365
-0.471
-0.445
-0.389
-0.598
-0.541
-0.391
-0.521
-0.398
-0.554
-0.269
-0.295
-0.295
-0.156
-0.065
0.081
0.146
0.161
0.385
0.464
0.464
0.414
0.429
0.439
0.43
0.585
0.503
0.474
0.496
0.596
0.614
0.774
0.843
0.77
0.878
0.776
0.905
0.973
0.999
1.048
1.117
1.179
1.265
1.274
1.231
1.222
1.174
1.155
1.218
1.193
1.123
1.001
0.985
0.959
0.973
0.873
0.945
0.721
0.68
0.545
0.646
0.521
0.306
0.198
0.161
-0.037
-0.094
-0.171
-0.297
-0.389
-0.439
-0.432
-0.554
-0.475
-0.581
-0.511
-0.595
-0.565
-0.62
-0.664
-0.59
-0.636
-0.561
-0.598
-0.608
-0.633
-0.604
-0.662
-0.645
-0.659
-0.557
-0.537
-0.529
-0.505
-0.531
-0.509
-0.449
-0.41
-0.458
-0.436
-0.431
-0.506
-0.536
-0.611
-0.654
-0.718
-0.61
-0.866
-0.839
-0.846
-0.826
-0.794
-0.769
-0.72
-0.756
-0.661
-0.674
-0.642
-0.54
-0.463
-0.349
-0.4
-0.269
-0.329
-0.305
-0.281
-0.28
-0.309
-0.274
-0.264
-0.28
-0.231
-0.299
-0.285
-0.294
-0.253
-0.169
-0.169
-0.048
-0.01
0.001
-0.1
-0.058
-0.131
-0.143
-0.107
-0.164
-0.21
-0.188
-0.214
-0.21
-0.225
-0.212
-0.245
-0.261
-0.314
-0.164
-0.357
-0.307
-0.294
-0.311
-0.364
-0.399
-0.415
-0.451
-0.444
-0.401
-0.491
-0.458
-0.49
-0.389
-0.399
-0.415
-0.394
-0.394
-0.374
-0.329
-0.238
-0.14
-0.15
-0.088
-0.131
-0.084
-0.071
-0.035
-0.01
-0.004
0.001
-0.046
-0.021
-0.09
-0.059
-0.122
-0.174
-0.139
-0.191
-0.264
-0.25
-0.264
-0.206
-0.113
-0.185
-0.118
-0.098
-0.114
-0.161
-0.001
-0.191
-0.083
-0.169
-0.095
-0.119
-0.062
-0.044
-0.04
0.045
0.015
0.074
0.069
0.043
0.094
0.036
0.036
-0.018
0.051
0.076
0.096
0.06
0.062
0.065
0.111
0.201
0.115
0.118
0.054
0.125
0.1
0.025
0.1
0.041
0.045
0.007
0.031
0.043
0.091
0.092
0.119
0.103
0.076
0.005
-0.029
-0.066
-0.182
-0.268
-0.3
-0.385
-0.264
-0.461
-0.464
-0.468
-0.44
-0.413
-0.376
-0.351
-0.405
-0.346
-0.4
-0.43
-0.466
-0.491
-0.456
-0.519
-0.516
-0.5
-0.532
-0.454
-0.465
-0.509
-0.544
-0.574
-0.583
-0.552
-0.57
-0.552
-0.465
-0.471
-0.372
-0.36
-0.314
-0.28
-0.23
-0.234
-0.273
-0.294
-0.296
-0.286
-0.304
-0.319
-0.307
-0.3
-0.271
-0.355
-0.369
-0.366
-0.306
-0.338
-0.286
-0.299
-0.348
-0.239
-0.129
-0.08
0.006
0.086
0.141
0.175
0.251
0.295
0.31
0.4
0.409
0.547
0.527
0.636
0.662
0.685
0.761
0.78
0.797
0.805
0.777
0.863
0.765
0.771
0.695
0.647
0.62
0.536
0.539
0.427
0.409
0.326
0.209
0.194
0.113
0.135
0.043
-0.037
-0.049
-0.071
-0.022
-0.025
-0.109
-0.054
-0.1
-0.152
0.007
-0.166
-0.154
-0.163
-0.105
-0.194
-0.211
-0.164
-0.223
-0.228
-0.234
-0.247
-0.224
-0.242
-0.198
-0.231
-0.254
-0.251
-0.309
-0.29
-0.359
-0.315
-0.344
-0.35
-0.307
-0.273
-0.286
-0.244
-0.225
-0.233
-0.141
-0.161
-0.064
-0.081
-0.054
0.011
-0.025
0.024
0.054
0.098
0.119
0.065
0.104
0.119
0.143
0.149
0.171
0.176
0.199
0.077
0.085
0.086
0.034
0.076
0.022
0.003
-0.086
-0.056
-0.143
-0.193
-0.175
-0.275
-0.229
-0.206
-0.251
-0.234
-0.316
-0.289
-0.314
-0.281
-0.24
-0.301
-0.246
-0.285
-0.246
-0.211
-0.244
-0.196
-0.242
-0.165
-0.195
-0.155
-0.146
-0.019
-0.091
-0.052
-0.084
-0.039
-0.011
0.104
0.08
0.052
0.062
0.065
0.044
0.096
0.041
0.103
0.145
0.066
0.231
0.07
0.095
0.076
0.075
0.086
0.083
0.104
0.158
0.174
0.13
0.126
0.086
0.173
0.158
0.166
0.186
0.196
0.269
0.186
0.233
0.145
0.217
0.164
0.124
0.122
0.039
0.116
0.098
0.086
0.113
0.037
0.072
0.062
0.065
0.086
-0.041
0.0
0.01
-0.037
-0.075
-0.122
-0.122
-0.14
-0.125
-0.111
-0.152
-0.193
-0.17
-0.324
-0.314
-0.329
-0.45
-0.355
-0.365
-0.331
-0.388
-0.381
-0.422
-0.411
-0.376
-0.435
-0.315
-0.3
-0.3
-0.254
-0.338
-0.256
-0.296
-0.271
-0.235
-0.3
-0.285
-0.316
-0.316
-0.351
-0.354
-0.331
-0.28
-0.281
-0.247
-0.244
-0.203
-0.094
-0.143
-0.095
-0.103
-0.041
-0.066
-0.106
-0.096
-0.119
-0.121
-0.074
-0.081
-0.065
-0.07
-0.048
-0.026
-0.077
0.086
-0.02
-0.107
-0.118
-0.125
-0.155
-0.125
-0.164
-0.079
-0.092
-0.06
-0.007
-0.085
-0.043
-0.07
-0.035
-0.026
-0.1
-0.014
-0.096
-0.009
-0.096
-0.076
-0.062
-0.037
-0.054
-0.072
-0.009
-0.035
-0.036
-0.04
-0.01
-0.039
-0.076
-0.014
-0.043
-0.095
-0.105
-0.058
-0.05
-0.014
-0.029
0.005
0.021
0.036
0.022
0.044
0.065
0.14
0.101
0.143
0.23
0.081
0.181
0.168
0.215
0.161
0.215
0.205
0.189
0.177
0.056
0.185
0.171
0.199
0.146
0.126
0.209
0.17
0.22
0.152
0.193
0.186
0.198
0.233
0.258
0.281
0.23
0.296
0.284
0.306
0.288
0.297
0.346
0.341
0.411
0.394
0.384
0.393
0.375
0.375
0.338
0.31
0.318
0.261
0.236
0.21
0.203
0.212
0.154
0.286
0.179
0.07
0.099
0.09
0.098
0.08
0.059
0.04
0.033
0.079
0.025
-0.039
-0.018
-0.05
-0.009
-0.064
-0.1
-0.051
-0.061
-0.055
-0.086
-0.085
-0.11
-0.144
-0.158
-0.23
-0.245
-0.296
-0.274
-0.325
-0.319
-0.338
-0.338
-0.334
-0.336
-0.344
-0.365
-0.344
-0.343
-0.376
-0.403
-0.383
-0.36
-0.394
-0.391
-0.478
-0.474
-0.464
-0.578
-0.609
-0.485
-0.669
-0.625
-0.67
-0.611
-0.655
-0.62
-0.64
-0.638
-0.573
-0.662
-0.585
-0.552
-0.551
-0.608
-0.628
-0.628
-0.578
-0.555
-0.594
-0.545
-0.55
-0.487
-0.491
-0.45
-0.389
-0.391
-0.312
-0.294
-0.285
-0.29
-0.264
-0.165
-0.21
-0.136
-0.177
-0.201
-0.188
-0.186
-0.179
-0.184
-0.176
-0.158
-0.174
-0.169
-0.209
-0.234
-0.238
-0.234
-0.103
-0.079
-0.201
-0.144
-0.107
-0.103
-0.077
-0.103
-0.021
-0.01
0.033
0.033
0.025
0.052
0.039
0.054
0.007
0.065
0.07
0.081
0.118
0.098
0.094
0.106
0.124
0.113
0.115
0.139
0.143
0.143
0.131
0.15
0.143
0.182
0.109
0.169
0.105
0.086
0.086
0.055
0.048
0.028
-0.044
-0.033
-0.054
-0.114
-0.166
-0.168
-0.145
-0.28
-0.255
-0.129
-0.288
-0.251
-0.242
-0.239
-0.256
-0.235
-0.269
-0.231
-0.26
-0.265
-0.239
-0.198
-0.17
-0.226
-0.2
-0.233
-0.149
-0.145
-0.17
-0.156
-0.177
-0.175
-0.199
-0.158
-0.181
-0.175
-0.109
-0.131
-0.115
-0.131
-0.105
-0.036
0.037
0.055
0.054
0.064
0.104
0.126
0.086
0.09
0.051
0.118
0.08
0.074
0.069
0.037
0.052
0.061
0.125
0.099
-0.016
-0.016
-0.03
0.011
-0.049
-0.02
-0.007
-0.035
-0.004
-0.004
-0.001
0.01
0.009
0.015
0.019
0.028
0.007
0.06
0.003
0.019
-0.019
0.01
-0.005
-0.036
0.033
-0.019
0.01
-10.336
-10.336
-0.076
-0.11
-0.019
-0.077
-0.051
-0.076
-0.064
-0.785
-0.071
-0.026
-0.043
-0.052
-0.031
0.021
-0.07
-0.09
-0.095
-0.088
-0.23
-0.234
-0.126
-0.26
-0.301
-0.241
-0.194
-0.195
-0.206
-0.185
-0.168
-0.189
-0.156
-0.146
-0.084
-0.05
-0.095
-0.062
-0.098
0.02
0.003
0.025
0.04
0.043
0.129
0.139
0.17
0.116
0.145
0.152
0.113
0.09
0.079
0.131
0.164
0.163
0.147
0.144
0.151
0.133
0.136
0.128
0.114
0.092
0.096
0.05
0.001
0.005
-0.069
-0.052
-0.098
-0.031
-0.033
-0.219
-0.07
-0.077
-0.084
-0.125
-0.091
-0.091
-0.113
-0.119
-0.125
-0.125
-0.135
-0.11
-0.116
-0.096
-0.1
-0.099
-0.064
-0.105
-0.054
-0.1
-0.051
-0.061
-0.091
-0.052
-0.116
-0.059
-0.104
-0.094
-0.114
-0.118
-0.103
-0.09
-0.109
-0.155
-0.194
-0.155
-0.169
-0.175
-0.185
-0.214
-0.205
-0.199
-0.263
-0.297
-0.326
-0.285
-0.336
-0.385
-0.234
-0.406
-0.406
-0.359
-0.381
-0.309
-0.352
-0.289
-0.266
-0.278
-0.238
-0.323
-0.138
-0.209
-0.205
-0.216
-0.239
-0.152
-0.169
-0.126
-0.152
-0.125
-0.118
-0.124
-0.095
-0.146
-0.08
-0.049
-0.037
-0.07
-0.034
-0.025
-0.006
0.098
-0.003
0.099
0.075
0.099
0.077
0.086
0.051
0.05
0.055
0.043
0.001
-0.009
-0.046
-0.043
-0.018
-0.054
0.115
-0.048
-0.04
-0.007
-0.044
-0.039
-0.019
0.005
-0.001
0.026
0.03
0.015
0.031
0.05
0.013
0.076
0.014
0.019
0.091
0.034
0.077
0.07
0.091
0.09
0.092
0.144
0.094
0.139
0.103
0.116
0.069
0.066
0.074
0.037
0.031
-0.02
-0.028
-0.039
-0.015
-0.043
-0.018
-0.005
-0.035
0.039
0.013
