-0.566
-0.63
-0.755
-0.779
-0.789
-0.682
-0.68
-0.925
-0.758
-0.897
-0.814
-0.723
-0.744
-0.586
-0.614
-0.564
-0.584
-0.614
-0.601
-0.584
-0.596
-0.468
-0.414
-0.517
-0.609
-0.413
-0.411
-0.435
-0.375
-0.385
-0.371
-0.427
-0.364
-0.311
-0.27
-0.225
-0.151
-0.149
-0.301
-0.251
-0.516
-0.589
-0.731
-0.535
-0.339
-0.276
-0.238
-0.107
-0.216
-0.181
-0.04
-0.156
-0.219
-0.188
-0.364
-0.334
-0.375
-0.628
-0.53
-0.606
-0.448
-0.482
-0.304
-0.421
-0.263
-0.296
-0.247
-0.28
-0.051
-0.367
-0.591
-0.816
-0.733
-1.028
-0.735
-0.739
-0.443
-0.375
-0.351
-0.249
-0.231
-0.074
-0.066
0.171
0.289
0.334
0.33
0.331
0.703
0.709
0.734
0.694
0.667
0.78
0.81
0.865
1.276
1.171
1.271
1.339
1.416
1.169
1.353
1.45
1.598
1.65
1.755
1.245
1.165
1.046
1.11
1.039
1.026
1.113
0.995
0.636
0.8
0.295
0.2
0.107
0.182
0.106
0.121
0.055
-0.071
0.058
0.055
0.355
0.24
0.269
0.242
0.007
0.274
0.191
0.1
0.144
0.211
0.088
0.119
0.289
0.241
0.354
0.21
0.231
0.281
0.104
0.096
0.109
0.341
0.189
-0.03
0.176
0.024
0.033
0.072
-0.005
0.154
-0.188
-0.365
-0.393
-0.479
-0.511
-0.584
-0.568
-0.689
-0.805
-0.674
-0.829
-0.949
-0.588
-0.44
-0.47
-0.529
-0.212
-0.081
-0.209
-0.226
-0.421
-0.244
-0.246
-0.36
-0.321
-0.279
-0.006
-0.14
-0.055
0.292
0.621
0.7
0.754
0.685
0.744
0.734
0.615
0.795
0.965
0.828
0.851
0.645
0.603
0.42
0.698
0.61
0.691
0.57
0.521
0.378
0.18
0.209
0.228
0.125
0.07
-0.045
-0.119
-0.116
0.105
0.062
0.3
0.122
0.159
0.151
0.11
-0.041
-0.081
-0.233
-0.205
0.089
0.019
0.13
0.147
0.014
0.194
0.326
0.38
0.372
0.324
0.527
0.316
0.259
0.438
0.383
0.275
0.367
0.554
0.484
0.584
0.499
0.598
0.718
0.751
0.811
1.058
1.163
1.321
1.23
1.312
1.251
1.09
0.801
0.854
0.98
0.915
0.998
0.914
0.828
0.888
0.609
0.485
0.394
0.235
0.135
0.044
-0.17
-0.125
-0.134
-0.349
-0.481
-0.64
-0.645
-0.744
-0.616
-0.485
-0.547
-10.336
-0.474
-0.242
-0.176
-0.191
-0.071
-0.15
-0.158
0.041
-0.007
-0.004
0.048
0.179
0.145
0.175
0.107
0.294
0.393
0.443
0.348
0.609
0.801
0.971
0.921
0.691
0.728
0.815
0.821
0.893
0.766
0.776
0.56
0.647
0.754
0.725
0.7
0.641
0.424
0.261
0.314
0.251
0.25
0.236
0.215
0.349
0.288
0.489
0.64
0.854
0.503
0.591
0.53
0.296
0.276
0.451
0.595
0.76
0.841
0.635
0.357
0.176
0.247
0.427
0.333
0.333
0.144
0.024
-0.301
-0.205
-0.095
-0.045
-0.119
-0.107
0.011
-0.045
0.085
0.075
0.12
0.075
-0.085
-0.219
-0.271
-0.494
-0.336
-0.425
-0.514
-0.5
-0.595
-0.371
-0.309
-0.089
0.05
-0.052
-0.035
0.119
-0.079
0.022
0.122
0.223
0.036
0.288
0.26
0.49
0.444
0.415
0.555
0.585
0.494
0.481
0.384
0.188
0.19
0.133
0.154
0.134
0.146
0.164
-0.033
0.034
0.271
0.181
0.357
0.223
0.376
0.348
0.439
0.63
0.95
0.838
0.726
0.733
0.626
0.516
0.575
0.628
0.609
0.633
0.606
0.474
0.275
0.08
0.242
0.168
0.29
0.16
-0.007
0.009
-0.216
-0.305
-0.534
-0.376
-0.411
-0.443
-0.401
-0.578
-0.425
-0.44
-0.62
-0.781
-0.691
-0.836
-1.144
-1.271
-1.206
-1.167
-0.83
-0.774
-0.864
-0.806
-0.787
-0.738
-0.684
-0.601
-0.264
-0.242
-0.141
-0.036
-0.049
0.054
0.083
0.056
0.147
0.285
0.229
0.355
0.378
0.499
0.499
0.535
0.525
0.381
0.629
0.785
0.861
0.855
0.756
0.569
0.471
0.855
0.841
0.929
1.01
0.938
0.828
0.527
0.615
0.573
0.384
0.336
0.379
0.381
0.362
0.244
-0.09
-0.119
-0.263
-0.312
-0.305
-0.578
-0.619
-0.723
-0.594
-0.531
-0.276
-0.307
-0.195
-0.299
-0.288
-0.323
-0.374
-0.241
-0.369
-0.527
-0.514
-0.522
-0.436
-0.464
-0.586
-0.594
-0.515
-0.671
-0.58
-0.611
-0.711
-0.8
-1.022
-10.336
-1.024
-0.866
-1.011
-0.902
-1.17
-0.95
-1.002
-0.772
-0.934
-0.906
-1.213
-1.198
-0.901
-0.78
-0.49
-0.378
-0.341
-0.405
-0.44
-0.383
-0.292
0.15
0.037
0.08
0.084
0.086
0.326
0.374
0.503
0.873
0.986
1.183
1.236
1.285
1.137
1.399
1.365
1.417
1.659
1.849
1.677
1.456
1.401
1.377
1.49
1.389
1.261
1.153
0.7
0.728
0.665
0.591
0.601
0.809
0.45
0.615
0.506
0.356
0.259
0.355
0.138
0.217
0.034
0.03
0.3
0.391
0.386
0.408
0.25
0.217
0.214
0.085
0.099
-0.006
-0.086
-0.14
0.015
-0.069
-0.122
-0.171
-0.219
-0.41
-0.525
-0.675
-0.636
-0.728
-0.579
-0.739
-1.01
-1.106
-1.305
-1.369
-1.01
-1.01
-0.897
-0.968
-0.963
-1.219
-1.143
-1.105
-1.171
-0.988
-0.934
-0.964
-0.836
-0.728
-0.638
-0.505
-0.445
-0.532
-0.571
-0.596
-0.589
-0.491
-0.339
-0.033
-0.171
-0.236
-0.126
0.081
0.156
0.193
0.275
0.188
0.105
0.18
0.449
0.435
0.394
0.665
0.61
0.647
0.479
0.485
0.547
0.52
0.481
0.791
0.87
1.181
1.201
0.756
0.733
0.688
0.667
0.904
0.927
0.826
0.951
0.809
0.834
0.924
0.815
0.76
0.869
0.719
0.834
0.848
0.868
0.986
1.129
0.97
1.034
1.09
1.133
1.109
1.036
0.965
0.815
0.734
0.68
0.677
0.571
0.554
0.529
0.547
0.54
0.445
0.13
0.062
0.041
-0.101
-0.037
-0.029
-0.12
-0.233
-0.22
-0.443
-0.547
-0.446
-0.226
-0.175
-0.29
-0.186
-0.152
-0.168
0.05
0.014
0.11
0.191
0.259
-0.006
0.18
0.39
0.585
0.44
0.36
0.432
0.181
0.174
0.149
0.186
0.258
0.29
0.206
0.051
-0.115
-0.139
-0.17
0.036
0.111
0.07
-0.122
-0.141
-0.346
-0.326
-0.265
-0.152
-0.106
0.041
-0.159
-0.551
-0.667
-0.785
-0.624
-0.486
-0.372
-0.228
-0.015
-0.043
0.064
-0.296
-0.134
-0.013
-0.114
0.084
0.081
-0.035
-0.022
0.031
-0.149
0.033
0.176
0.079
0.177
0.334
0.364
0.385
0.444
0.406
0.378
0.295
0.265
0.113
0.084
0.079
-0.105
-0.316
-0.393
-0.595
-0.756
-0.905
-0.891
-0.939
-0.834
-0.878
-0.693
-0.557
-0.671
-0.49
-0.448
-0.361
-0.366
-0.058
0.199
0.144
0.076
0.039
-0.022
0.01
0.125
0.141
0.205
0.385
0.43
0.724
0.719
0.66
0.536
0.521
0.861
0.57
0.49
0.656
0.464
0.581
0.58
0.64
0.861
0.929
0.909
0.784
0.652
0.526
0.431
0.419
0.261
0.22
0.244
0.066
0.323
0.11
-0.001
-0.074
0.151
0.241
0.49
0.276
0.389
0.231
0.158
0.161
0.335
0.435
0.64
0.593
0.355
0.404
0.194
0.024
0.143
-0.018
0.031
0.191
0.233
0.147
-0.091
-0.19
-0.035
0.076
-0.026
-0.09
-0.191
-0.285
-0.331
-0.479
-0.686
-0.536
-0.289
-0.234
-0.325
-0.273
-0.364
-0.469
-0.444
-0.413
-0.48
-0.529
-0.357
-0.235
-0.211
-0.159
-0.145
-0.076
-0.125
-0.029
0.165
-0.124
-0.043
0.01
-0.185
-0.36
-0.482
-0.603
-0.694
-0.62
-0.638
-0.522
-0.81
-0.902
-0.634
-0.77
-0.828
-0.708
-0.609
-0.638
-0.729
-0.589
-0.529
-0.568
-0.27
-0.512
-0.475
-0.615
-0.694
-0.772
-0.801
-0.609
-0.62
-0.807
-0.448
-0.61
-0.766
-0.711
-0.391
-0.441
-0.484
-0.378
-0.55
-0.749
-0.681
-0.746
-0.598
-0.604
-0.729
-0.471
-0.394
-0.521
-0.265
-0.039
-0.05
-0.259
-0.194
-0.284
-0.3
-0.299
-0.381
-0.251
-0.522
-0.516
-0.365
-0.271
0.084
0.099
0.121
-0.014
-0.006
0.119
0.264
0.42
0.485
0.681
0.755
0.907
0.79
0.729
0.906
0.915
0.968
0.779
0.834
0.706
0.89
0.966
0.959
1.078
1.106
0.956
1.188
1.116
1.169
1.078
1.048
1.209
1.209
1.296
1.315
0.995
1.099
1.252
1.271
1.139
1.222
1.03
1.062
0.994
0.745
0.626
0.454
0.283
0.275
0.104
0.206
0.205
0.033
-0.174
-0.304
-0.201
-0.037
-0.058
-0.031
-0.189
-0.154
-0.216
-0.247
-0.44
-0.638
-0.925
-0.917
-0.945
-0.71
-0.902
-0.614
-0.529
-0.348
-0.544
-0.586
-0.598
-0.651
-0.674
-0.866
-0.718
-0.84
-0.724
-0.888
-0.782
-0.409
-0.486
-0.049
0.199
0.408
0.459
0.624
0.708
0.626
0.555
0.501
0.471
0.459
0.256
-0.086
-0.184
-0.146
-0.116
0.182
0.2
0.326
0.364
0.688
0.639
0.367
0.226
0.236
-0.015
-0.001
0.098
0.104
-0.077
-0.046
-0.096
-0.033
0.092
0.129
0.215
0.066
0.216
0.41
0.396
0.211
0.121
-0.135
-0.24
-0.376
-0.079
-0.21
-0.101
-0.201
-0.499
-0.431
-0.401
-0.18
-0.031
0.061
0.149
0.143
0.264
0.206
0.249
0.312
0.279
0.191
0.08
0.089
0.085
0.245
0.288
0.18
0.246
0.479
0.575
0.393
0.425
0.348
0.381
0.345
0.348
0.291
0.212
0.475
0.554
0.6
0.574
0.675
0.624
0.685
0.672
0.672
0.743
0.586
0.67
0.521
0.654
0.453
0.357
0.297
0.164
0.311
0.062
0.301
0.376
0.245
0.156
0.122
0.296
0.386
0.564
0.37
0.649
0.595
0.754
0.506
0.319
0.305
0.37
0.362
0.381
0.258
0.179
0.29
0.345
0.31
0.314
0.367
0.415
0.562
0.458
0.341
0.155
0.066
0.069
-0.147
-0.06
-0.104
-0.091
-0.074
0.029
0.066
-0.194
-0.205
-0.246
-0.14
-0.01
0.034
0.089
0.18
-0.029
-0.346
-0.149
-0.177
-0.283
-0.2
-0.251
-0.245
-0.316
-0.242
-0.274
-0.419
-0.291
-0.221
-0.168
-0.186
-0.061
-0.074
-0.26
-0.173
-0.37
-0.01
0.193
0.244
0.326
0.181
0.19
0.133
0.249
0.408
0.432
0.348
0.271
0.196
-0.143
-0.389
-0.091
-0.115
-0.274
-0.058
0.064
0.062
0.195
0.17
0.348
0.099
0.028
0.245
0.406
0.32
0.424
0.666
0.306
0.24
0.07
0.134
0.261
0.23
0.356
0.441
0.296
0.064
-0.118
0.214
0.16
-0.031
-0.055
-0.19
-0.44
-0.56
-0.485
-0.398
-0.268
-0.21
-0.08
-0.259
-0.234
-0.184
-0.139
-0.109
-0.186
-0.265
-0.329
-0.043
0.077
-0.141
-0.235
-0.233
-0.236
-0.181
0.155
0.06
0.209
0.318
0.448
0.61
0.506
0.36
0.431
0.411
0.323
0.404
0.066
0.1
-0.158
-0.231
-0.33
-0.52
-0.482
-0.525
-0.635
-0.684
-0.806
-0.88
-0.699
-0.861
-0.84
-0.909
-0.662
-0.669
-0.864
-0.875
-0.841
-0.853
-0.768
-0.806
-0.769
-0.766
-0.515
-0.61
-0.355
-0.411
-0.316
-0.334
-0.422
-0.254
-0.219
-0.29
-0.124
-0.367
-0.259
-0.011
0.171
0.246
0.225
0.076
0.245
0.228
0.174
0.12
-0.105
0.052
-0.155
0.019
0.191
-0.039
-0.045
-0.134
-0.081
-0.098
-0.185
0.004
0.019
0.114
0.061
-0.033
-0.134
0.062
0.085
0.215
0.109
0.064
0.144
0.014
-0.281
0.092
0.001
0.099
0.124
0.288
0.135
0.171
0.095
0.211
0.334
0.289
0.356
0.365
0.378
0.503
0.489
0.449
0.259
0.545
0.672
0.69
0.82
0.953
1.299
1.314
1.127
1.302
1.115
1.096
1.086
0.819
0.731
0.836
0.691
0.753
0.644
0.435
0.344
0.182
0.242
0.228
0.099
0.04
0.044
0.02
0.015
0.184
0.11
0.11
0.184
0.362
0.352
0.355
0.386
0.256
0.283
0.23
0.27
0.379
0.29
0.234
0.096
0.121
0.044
0.015
0.144
-0.004
-0.111
0.065
0.03
-0.369
-0.079
-0.098
-0.052
-0.214
-0.299
-0.129
-0.256
-0.208
0.062
-0.001
0.022
0.021
0.072
0.169
0.122
-0.158
-0.201
-0.001
-0.02
-0.011
-0.074
-0.36
-0.319
-0.274
-0.251
-0.435
-0.559
-0.564
-0.711
-0.943
-1.123
-1.035
-0.893
-0.73
-0.682
-0.618
-0.521
-0.6
-0.372
-0.427
-0.269
-0.188
-0.052
-0.19
-0.184
-0.238
-0.025
-0.17
-0.115
-0.024
0.294
0.325
0.383
0.362
0.421
0.574
0.33
0.431
0.636
0.672
0.775
0.993
0.828
0.995
1.127
1.093
1.012
0.829
0.682
0.6
0.554
0.499
0.284
0.355
0.219
0.011
0.011
-0.129
-0.116
-0.069
0.185
0.035
0.051
0.133
0.055
-0.161
0.024
0.004
-0.014
-0.205
0.004
0.024
0.044
0.233
0.179
0.228
-0.105
0.034
-0.06
-0.045
-0.021
-0.174
-0.212
-0.297
-0.379
-0.264
-0.333
-0.171
0.005
0.056
0.271
0.25
0.421
0.289
0.41
0.263
0.297
0.606
0.579
0.715
0.621
0.639
0.501
0.398
0.328
0.326
0.465
0.45
0.388
0.279
0.263
0.314
0.254
0.394
0.435
0.532
0.544
0.466
0.321
0.036
0.031
0.19
0.206
0.02
-0.185
-0.179
-0.154
-0.179
-0.259
-0.512
-0.432
-0.326
-0.475
-0.743
-0.686
-0.759
-1.046
-0.984
-0.734
-0.76
-0.713
-0.844
-0.81
-0.561
-0.704
-0.551
-0.556
-0.746
-0.825
-0.723
-0.753
-0.724
-0.782
-0.739
-0.639
-0.807
-0.566
-0.39
-0.52
-0.708
-1.045
-0.76
-0.941
-0.679
-0.749
-0.858
-0.599
-0.614
-0.685
-0.849
-0.621
-0.701
-0.383
-0.276
-0.084
-0.21
-0.184
-0.118
-0.031
0.071
0.194
0.295
0.133
0.216
-0.065
0.356
0.211
0.319
0.383
0.372
0.564
0.356
0.526
0.59
0.479
0.278
0.285
0.492
0.482
0.455
0.47
0.535
0.531
0.544
0.478
0.569
0.503
0.57
0.777
0.56
0.818
0.864
0.849
1.177
1.093
1.096
1.241
1.289
1.151
1.246
1.091
1.16
0.99
1.019
0.931
0.848
0.984
1.061
1.014
0.871
1.035
1.01
0.959
0.995
0.895
0.973
0.682
0.596
0.623
0.534
0.484
0.469
0.54
0.596
0.619
0.618
0.554
0.749
0.771
0.802
1.075
1.129
1.096
1.188
1.196
1.144
1.335
1.279
1.145
0.935
0.888
0.87
0.731
0.776
0.601
0.584
0.556
0.489
0.501
0.435
0.356
0.099
-0.079
-0.069
-0.143
-0.13
-0.09
-0.294
-0.421
-0.499
-0.581
-0.674
-0.655
-0.746
-0.76
-0.618
-0.733
-0.79
-0.839
-0.995
-1.145
-1.058
-0.936
-0.9
-0.949
-0.956
-0.749
-0.695
-0.647
-0.645
-0.864
-0.651
-0.641
-0.489
-0.435
-0.514
-0.526
-0.561
-0.559
-0.769
-0.7
-0.547
-0.599
-0.485
-0.552
-0.378
-0.383
-0.048
-0.049
-0.351
-0.302
-0.174
-0.194
-0.315
-0.19
-0.154
-0.289
-0.414
-0.562
-0.482
-0.644
-0.365
-0.276
-0.406
-0.361
-0.367
-0.151
-0.189
-0.125
-0.04
0.074
0.165
0.182
0.139
0.236
0.292
0.164
0.329
0.361
0.355
0.219
0.344
0.281
0.211
0.121
0.179
0.389
0.511
0.393
0.238
0.223
0.285
0.27
0.292
0.229
0.049
0.15
0.13
-0.013
-0.05
-0.129
-0.059
-0.006
0.06
-0.016
0.185
0.212
0.271
0.109
-0.15
-0.124
0.0
-0.005
0.02
-0.09
0.128
-0.236
-0.122
0.081
0.037
-0.056
-0.051
-0.12
-0.229
-0.427
-0.238
-0.209
-0.305
-0.19
-0.429
-0.667
-0.681
-0.679
-0.504
-0.469
-0.315
-0.13
0.044
0.034
-0.051
-0.019
-0.052
-0.022
-0.128
-0.168
-0.034
0.069
0.119
0.136
0.193
0.226
0.265
0.37
0.352
0.288
0.349
0.288
0.143
0.302
0.422
0.404
0.367
0.438
0.301
0.241
0.411
0.154
0.121
0.266
0.245
0.18
0.362
0.416
0.295
0.405
0.23
0.296
0.511
0.529
0.641
0.891
1.046
1.198
1.301
1.43
1.309
1.504
1.299
1.343
1.391
1.095
1.222
0.963
1.085
1.021
0.805
0.674
0.378
0.288
-0.007
-0.096
-0.019
0.022
0.0
-0.086
-0.134
0.077
0.081
-0.258
-0.062
-0.103
-0.058
0.03
-0.024
0.046
0.096
0.048
-0.046
0.029
0.081
0.139
0.021
0.069
0.024
0.069
0.139
0.306
0.348
0.253
0.179
-0.011
0.216
0.198
0.163
-0.011
-0.149
-0.156
-0.009
0.056
0.094
0.346
0.177
0.258
0.141
0.321
0.085
0.161
0.21
0.166
0.177
-5.891
0.114
0.223
0.603
0.555
0.797
0.772
0.766
0.709
0.61
0.492
0.557
0.65
0.785
0.789
0.814
0.703
0.674
0.486
0.576
0.547
0.669
0.595
0.408
0.35
0.109
-0.105
-0.381
-0.497
-0.524
-0.609
-0.535
-0.535
-0.635
-0.75
-0.754
-0.544
-0.579
-0.591
-0.664
-0.589
-0.516
-0.675
-0.833
-1.055
-0.943
-0.902
-0.98
-1.009
-0.938
-0.969
-0.831
-0.804
-0.934
-0.806
-0.5
-0.501
-0.671
-0.589
-0.679
-0.623
-0.556
-0.656
-0.729
-0.633
-0.421
-0.512
-0.666
-0.741
-0.876
-0.819
-0.774
-0.855
-0.848
-1.024
-1.052
-1.292
-1.205
-0.963
-0.88
-0.731
-0.756
-0.611
-0.685
-0.699
-0.675
-0.566
-0.404
-0.405
-0.306
-0.266
-0.006
-0.036
0.059
0.115
0.229
0.326
0.537
0.816
0.731
0.726
0.964
1.025
1.155
1.281
1.301
1.315
1.161
1.198
1.136
1.157
1.278
1.314
1.251
1.137
1.022
0.889
0.932
0.865
0.864
0.85
0.896
0.851
0.839
0.959
0.797
0.879
0.719
0.761
0.876
0.629
0.448
0.333
0.223
-0.011
0.081
0.015
-0.001
-0.019
-0.203
-0.059
-0.022
-0.048
0.005
0.049
0.08
0.054
0.098
0.022
0.186
0.066
0.151
0.062
0.0
-0.096
0.077
0.147
0.203
0.259
0.395
0.532
0.438
0.388
0.199
0.141
0.182
0.02
0.125
0.205
0.199
0.11
-0.004
0.121
-0.024
-0.279
-0.228
-0.416
-0.229
-0.292
-0.329
-0.641
-0.76
-0.954
-0.856
-1.018
-1.137
-1.124
-1.184
-1.106
-1.08
-1.08
-1.051
-1.173
-1.204
-1.224
-1.754
-1.449
-1.261
-1.145
-1.0
-0.932
-0.863
-0.79
-0.907
-0.86
-0.726
-0.724
-0.586
-0.719
-0.713
-0.777
-0.741
-0.534
-0.576
-0.604
-0.675
-0.893
-0.744
-0.709
-0.604
-0.454
-0.405
-0.258
-0.077
0.325
0.469
0.463
0.562
0.546
0.453
0.451
0.281
0.421
0.624
0.547
0.603
0.638
0.496
0.545
0.626
0.574
0.615
0.666
0.647
0.546
0.557
0.537
0.546
0.319
0.456
0.514
0.545
0.642
0.56
0.54
0.589
0.551
0.74
0.621
0.75
0.449
0.365
0.398
0.292
0.228
0.352
0.188
0.239
0.264
0.125
0.32
0.348
0.469
0.56
0.57
0.694
1.028
1.131
1.171
1.205
1.211
1.353
1.385
1.405
1.568
1.361
1.38
1.379
1.314
1.461
1.205
1.453
1.379
1.194
1.295
1.195
1.126
0.838
0.924
0.729
0.739
0.784
0.912
0.769
0.73
0.698
0.893
0.682
0.826
0.925
0.893
0.871
0.833
0.83
0.625
0.781
0.484
0.601
0.568
0.527
0.458
0.723
0.599
0.705
0.718
0.801
0.688
0.635
0.651
0.78
0.733
0.599
0.578
0.384
0.546
0.517
0.694
0.786
0.772
0.672
0.695
0.588
0.432
0.357
0.438
0.408
0.406
0.344
0.224
0.185
0.283
0.214
0.399
0.302
0.214
0.217
0.173
-0.035
-0.189
-0.185
-0.174
-0.286
-0.393
-0.385
-0.555
-0.569
-0.883
-1.049
-1.193
-1.235
-1.325
-1.509
-1.333
-1.271
-1.166
-1.086
-0.973
-0.759
-0.876
-0.554
-0.516
-0.512
-0.385
-0.221
10.332
10.332
10.332
0.25
0.427
0.435
0.431
0.176
0.226
0.256
0.372
0.385
0.203
0.156
0.106
0.256
0.312
0.189
0.228
0.296
0.163
0.186
0.115
-0.016
0.114
0.024
-0.054
0.094
0.141
0.149
0.138
0.223
-0.077
-0.048
-0.092
0.0
-0.003
0.122
0.155
10.332
-0.01
-0.028
0.006
0.255
0.324
0.239
0.45
0.478
0.629
0.674
0.641
0.588
0.693
0.665
0.738
0.671
0.698
0.768
0.94
0.94
0.844
0.729
0.652
0.562
0.478
0.312
0.169
0.144
0.074
-0.029
-0.13
-0.323
-0.413
-0.429
-0.568
-0.517
-0.754
-0.879
-0.835
-0.924
-1.188
-1.009
-1.31
-1.244
-1.181
-1.078
-1.044
-1.076
-0.948
-0.91
-0.896
-0.84
-0.771
-0.629
-0.66
-0.63
-0.645
-0.279
-0.546
-0.443
-0.375
-0.487
-0.352
-0.201
-0.312
-0.383
-0.343
-0.474
-0.329
-0.371
-0.31
-0.114
-0.214
-0.263
-0.091
-0.304
-0.42
-0.259
-0.159
-0.208
-0.138
-0.016
0.025
0.0
-0.193
