0.275
0.45
0.29
0.356
0.421
0.406
0.769
0.706
0.634
0.573
0.494
0.628
0.305
0.302
0.365
0.28
0.441
0.184
0.046
-0.163
-0.265
-0.258
-0.5
-0.44
-0.396
-0.306
-0.427
-0.362
-0.408
-0.104
-0.263
-0.145
-0.156
-0.138
-0.119
-0.238
-0.179
-0.335
-0.527
-0.628
-0.77
-0.833
-0.749
-0.84
-0.598
-0.53
-0.555
-0.509
-0.421
-0.301
-0.312
-0.147
-0.318
-0.271
-0.134
-0.175
-0.33
-0.463
-0.441
-0.338
-0.383
-0.344
-0.122
-0.046
0.007
-0.135
-0.199
-0.071
-0.128
-0.212
-0.366
-0.43
-0.591
-0.818
-1.038
-1.183
-1.083
-1.076
-0.97
-0.926
-0.828
-0.805
-0.782
-0.766
-0.818
-0.953
-0.735
-0.508
-0.291
-0.224
-0.306
-0.23
-0.022
-0.136
0.055
-0.028
0.026
-0.205
-0.385
-0.459
-0.586
-0.482
-0.782
-0.634
-0.674
-0.654
-0.537
-0.296
0.005
0.193
0.432
0.474
0.635
0.475
0.646
0.708
0.956
0.915
0.659
0.385
0.654
0.656
0.565
0.525
0.823
0.633
0.595
0.785
0.516
0.573
0.635
0.594
0.456
0.069
0.241
0.151
0.144
0.171
0.046
0.415
0.479
0.719
0.621
0.345
0.07
-0.096
-0.344
-0.072
-0.158
-0.404
-0.444
-0.258
-0.37
-0.619
-0.549
-0.501
-0.644
-0.411
-0.251
-0.155
-0.115
-0.393
-0.211
-0.223
-0.274
-0.456
-0.461
-0.444
-0.381
-0.074
0.029
0.18
0.341
0.366
0.305
0.419
0.385
0.396
0.206
0.28
0.251
0.136
0.173
0.195
0.175
0.084
0.119
0.035
-0.211
-0.371
-0.554
-0.578
-0.503
-0.434
-0.379
-0.581
-0.352
-0.416
-0.521
-0.496
-0.212
-0.17
-0.258
-0.311
-0.013
-0.14
-0.159
-0.27
-0.348
-0.263
-0.091
-0.144
0.011
-0.131
0.035
0.092
0.321
0.29
0.623
0.7
0.283
0.194
-0.005
0.181
0.016
0.188
0.126
-0.159
-0.196
-0.06
-0.219
-0.119
-0.134
0.026
0.244
0.35
0.314
0.191
0.19
0.031
-0.083
-0.253
-0.016
0.05
-0.086
0.075
0.315
0.496
0.579
0.605
0.578
0.625
0.302
0.098
0.058
0.085
0.151
0.12
-0.028
-0.081
-0.324
-0.536
-0.326
-0.297
-0.238
-0.26
-0.286
-0.306
-0.329
-0.427
-0.307
-0.154
-0.247
-0.33
-0.247
-0.184
-0.096
-0.041
-0.01
0.171
0.356
0.105
0.261
-0.02
0.216
0.154
0.441
0.496
0.635
0.686
0.621
0.662
0.725
0.595
0.772
0.804
0.844
0.945
0.944
1.035
0.796
1.095
0.879
0.851
0.801
0.671
0.48
0.479
0.38
0.441
0.471
0.595
0.709
0.758
0.759
0.919
0.649
0.623
0.36
0.264
0.171
0.2
0.28
0.066
0.15
0.109
0.083
0.089
-0.05
-0.336
-0.39
-0.628
-0.735
-0.677
-0.636
-0.71
-0.642
-0.611
-0.583
-0.703
-0.789
-0.841
-0.791
-0.694
-0.705
-0.595
-0.696
-0.529
-0.372
-0.415
-0.331
-0.139
-0.343
-0.333
-0.304
-0.193
-0.273
-0.196
-0.12
-0.04
-0.088
0.159
0.238
0.235
0.23
0.259
0.256
0.206
0.128
0.045
-0.013
-0.077
-0.144
-0.028
-0.001
0.25
0.339
0.509
0.532
0.723
0.909
0.825
0.731
0.456
0.463
0.42
0.465
0.511
0.503
0.41
0.263
0.152
0.344
0.601
0.491
0.67
0.564
0.525
0.28
0.273
0.296
0.539
0.636
0.454
0.403
0.255
0.163
0.049
-0.066
-0.177
-0.245
-0.253
-0.273
-0.29
-0.256
-0.241
-0.205
-0.231
-0.28
-0.28
-0.37
-0.482
-0.547
-0.51
-0.525
-0.677
-0.657
-0.564
-0.503
-0.486
-0.535
-0.604
-0.42
-0.256
-0.234
-0.155
-0.2
-0.075
-0.124
-0.065
-0.07
0.061
0.077
0.084
0.026
-0.071
-0.223
-0.239
-0.429
-0.484
-0.49
-0.286
-0.439
-0.421
-0.383
-0.355
-0.344
-0.369
-0.164
-0.302
-0.314
-0.186
-0.034
0.215
0.265
0.306
0.405
0.311
0.386
0.336
0.624
0.456
0.634
0.527
0.461
0.642
0.456
0.614
0.729
0.69
0.579
0.536
0.657
0.694
0.664
0.674
0.56
0.486
0.405
0.371
0.37
0.449
0.425
0.456
0.376
0.261
0.125
-0.019
0.06
0.185
0.216
0.052
-0.129
-0.296
-0.334
-0.281
-0.316
-0.259
-0.385
-0.354
-0.508
-0.409
-0.39
-0.427
-0.335
-0.329
-0.345
-0.369
-0.318
-0.336
-0.439
-0.487
-0.245
-0.21
-0.064
0.062
0.091
0.163
0.214
0.109
0.235
0.215
0.171
0.184
0.429
0.571
0.53
0.588
0.464
0.634
0.645
0.552
0.885
0.8
0.929
0.899
0.978
0.968
0.82
0.639
0.574
0.494
0.164
0.021
-0.028
0.09
-0.046
0.286
0.034
-0.176
-0.247
-0.401
-0.411
-0.386
-0.356
-0.384
-0.455
-0.45
-0.641
-0.579
-0.52
-0.62
-0.758
-0.694
-0.735
-0.859
-0.981
-0.849
-0.725
-0.745
-0.694
-0.549
-0.367
-0.405
-0.454
-0.371
-0.133
-0.009
-0.231
-0.111
0.024
-0.025
-0.113
-0.195
-0.074
-0.059
0.031
0.107
0.247
0.133
0.159
0.066
-0.086
-0.364
-0.173
-0.22
-0.205
-0.13
-0.136
-0.043
-0.041
-0.02
0.098
0.131
0.035
0.036
-0.13
-0.461
-0.411
-0.746
-0.593
-0.763
-0.691
-0.68
-0.61
-0.704
-0.929
-1.041
-0.905
-0.879
-0.814
-0.729
-0.554
-0.624
-0.756
-0.821
-0.906
-1.008
-0.634
-0.375
-0.171
0.083
0.113
0.159
0.046
-0.011
-0.026
0.16
0.114
-0.182
-0.181
-0.081
-0.481
-0.48
-0.383
-0.286
-0.026
-0.116
-0.191
-0.069
0.254
0.138
0.301
0.391
0.438
0.559
0.586
0.823
0.636
0.679
0.616
0.665
0.629
0.75
0.623
0.775
0.931
0.949
0.873
0.998
1.105
0.963
0.979
1.095
1.09
1.25
1.251
1.228
1.346
1.386
1.201
1.136
1.071
0.868
0.823
0.777
0.481
0.606
0.698
0.54
0.588
0.314
0.039
-0.12
-0.19
-0.181
-0.266
-0.509
-0.51
-0.731
-0.776
-0.774
-0.781
-0.647
-0.624
-0.526
-0.326
0.021
-0.13
-0.206
-0.206
-0.482
-0.512
-0.584
-0.436
-0.656
-0.676
-0.63
-0.744
-0.791
-0.779
-0.9
-0.97
-0.85
-0.969
-1.14
-1.316
-1.479
-1.189
-1.329
-1.364
-1.164
-1.23
-1.173
-1.155
-0.98
-0.849
-0.782
-0.718
-0.746
-0.461
0.055
-0.077
-0.021
0.11
0.339
0.575
0.774
0.855
0.823
0.906
0.875
1.11
1.478
1.506
1.792
1.724
1.696
1.415
1.404
1.196
1.339
1.19
1.238
1.383
1.374
1.485
1.415
1.641
1.688
1.561
1.531
1.465
1.42
1.445
1.69
1.476
1.593
1.759
1.512
1.314
1.33
1.238
1.145
1.117
1.175
1.136
0.826
0.466
0.302
0.21
-0.029
-0.039
0.046
-0.003
0.149
-0.107
-0.301
-0.338
-0.344
-0.16
-0.076
-0.224
-0.055
-0.426
-0.44
-0.454
-0.451
-0.352
-0.242
-0.143
-0.076
-0.051
0.11
0.211
0.049
0.116
0.176
0.163
0.135
-0.062
0.035
-0.076
-0.165
-0.072
-0.006
-0.08
0.075
-0.004
-0.242
-0.229
-0.266
-0.411
-0.471
-0.479
-0.495
-0.585
-0.505
-0.395
-0.574
-0.56
-0.441
-0.59
-0.629
-0.468
-0.411
-0.356
-0.193
-0.107
-0.17
-0.159
-0.138
-0.196
0.003
0.141
0.101
0.121
0.179
0.022
-0.095
-0.212
-0.171
-0.288
-0.173
-0.209
-0.194
-0.166
-0.17
-0.151
-0.251
-0.058
-0.046
0.059
0.113
0.061
-0.114
-0.233
-0.156
-0.265
-0.261
-0.319
-0.286
-0.196
-0.295
-0.226
-0.177
-0.319
-0.328
-0.328
-0.512
-0.631
-0.806
-0.865
-0.439
-0.484
-0.372
-0.281
-0.27
-0.114
-0.264
-0.152
-0.104
-0.312
-0.426
-0.451
-0.16
0.019
0.011
0.041
0.135
0.116
-0.004
-0.119
-0.245
-0.12
0.131
0.205
0.165
0.076
-0.041
-0.253
-0.351
-0.451
-0.296
-0.234
-0.38
-0.367
-0.59
-0.588
-0.625
-0.555
-0.405
-0.473
-0.341
-0.506
-0.675
-0.758
-0.601
-0.807
-0.833
-0.95
-0.646
-0.661
-0.695
-0.53
-0.501
-0.725
-0.716
-0.679
-0.672
-0.775
-0.675
-0.855
-0.785
-0.754
-0.471
-0.354
-0.074
-0.049
0.163
0.426
0.235
0.366
0.56
0.426
0.642
0.463
0.508
0.416
0.275
0.286
0.339
0.388
0.565
0.603
0.453
0.576
0.551
0.429
0.441
0.38
0.492
0.367
0.566
0.286
0.231
0.1
0.086
0.111
0.26
0.341
0.46
0.25
0.098
0.176
0.179
0.051
0.184
0.306
0.155
0.231
0.228
0.376
0.253
0.264
0.27
0.644
0.603
0.703
0.695
0.635
0.684
0.724
0.555
0.589
0.468
0.345
0.362
0.471
0.615
0.39
0.465
0.354
0.311
0.214
0.013
0.094
0.095
0.245
-0.128
-0.107
-0.215
-0.296
-0.349
-0.302
-0.46
-0.691
-0.761
-0.64
-0.764
-0.731
-0.492
-0.846
-1.159
-1.241
-1.262
-1.466
-1.536
-1.443
-1.35
-1.06
-0.818
-0.79
-0.698
-0.749
-0.562
-0.417
-0.471
-0.275
-0.054
-0.104
-0.111
-0.143
-0.026
0.263
0.216
0.35
0.294
0.225
0.223
0.154
0.133
0.184
0.001
0.098
0.336
0.324
0.369
0.145
0.376
0.461
0.749
0.929
0.998
0.988
0.886
0.831
0.706
0.573
0.753
0.797
1.004
0.843
0.99
1.248
1.054
1.265
1.33
1.323
1.296
1.346
1.396
1.387
1.351
1.042
0.85
1.032
0.849
1.039
0.9
1.086
1.211
1.061
1.155
1.149
1.246
1.117
0.954
0.831
0.86
0.69
0.388
0.092
0.206
0.211
0.103
0.02
0.05
0.064
0.211
0.417
0.453
0.475
0.341
0.461
0.189
-0.2
0.107
0.022
0.071
0.0
0.3
0.175
-0.011
0.066
-0.101
-0.048
-0.24
-0.14
-0.059
-0.164
-0.367
-0.52
-0.519
-0.625
-0.309
-0.325
-0.461
-0.419
-0.189
0.039
-0.034
-0.113
-0.225
-0.2
-0.316
-0.161
-0.166
-0.319
-0.393
-0.238
-0.211
-0.181
-0.409
-0.124
-0.259
-0.1
-0.12
0.062
0.062
-0.113
-0.129
0.069
0.241
0.294
0.346
0.297
0.494
0.439
0.473
0.422
0.63
0.461
0.647
0.479
0.405
0.111
-0.045
-0.028
0.201
0.249
0.394
0.268
0.194
0.072
-0.114
-0.181
-0.391
-0.196
-0.239
0.026
-0.229
-0.494
-0.618
-0.685
-0.409
-0.225
-0.146
-0.031
0.171
0.064
-0.07
-0.211
-0.512
-0.547
-0.419
-0.245
-0.156
0.106
0.072
-0.031
0.116
0.165
0.049
0.098
0.006
-0.113
-0.326
-0.5
-0.705
-0.744
-0.424
-0.641
-0.446
-0.376
-0.401
-0.285
-0.275
-0.165
-0.111
-0.364
-0.399
-0.271
-0.335
-0.328
-0.269
-0.077
-0.128
-0.176
-0.135
0.022
0.124
0.482
0.645
0.534
0.506
0.379
0.128
-0.17
-0.265
-0.333
-0.185
-0.208
-0.077
-0.088
-0.18
0.099
-0.029
-0.054
-0.134
-0.188
-0.371
-0.505
-0.573
-0.482
-0.374
-0.4
-0.547
-0.299
-0.383
-0.404
-0.221
-0.365
-0.264
-0.355
-0.294
-0.28
-0.23
-0.071
-0.113
-0.065
-0.084
0.12
0.014
0.001
-0.074
-0.081
-0.276
-0.278
-0.223
-0.362
-0.346
-0.281
-0.47
-0.28
-0.095
-0.379
-0.319
-0.36
-0.432
-0.429
-0.346
-0.448
-0.503
-0.385
-0.297
-0.144
-0.374
-0.211
-0.188
-0.158
-0.158
0.129
0.194
0.242
0.191
0.344
0.074
0.198
0.261
0.217
0.469
0.141
-0.107
-0.052
-0.152
-0.069
-0.113
-0.147
-0.124
0.081
-0.107
0.096
0.044
0.088
-0.058
-0.054
0.216
-0.011
0.354
0.539
0.356
0.276
0.247
0.164
-0.138
-0.253
-0.48
-0.229
-0.091
-0.374
-0.015
-0.046
0.031
0.295
0.11
-0.01
-0.043
-0.16
-0.101
0.007
0.004
0.09
-0.06
-0.221
-0.369
-0.224
-0.319
-0.4
-0.499
-0.686
-0.63
-0.833
-0.733
-0.506
-0.355
-0.365
-0.42
-0.651
-0.461
-0.515
-0.371
-0.526
-0.405
-0.139
0.08
0.004
0.149
0.571
0.426
0.4
0.4
0.431
0.52
0.701
0.758
0.854
0.833
0.859
1.081
1.018
0.978
1.014
1.009
0.959
0.71
0.704
0.608
0.411
0.244
0.255
0.356
0.541
0.465
0.415
0.136
0.338
0.316
0.336
0.366
0.205
0.15
-0.106
-0.089
0.043
0.191
0.283
0.39
0.354
0.245
0.126
-0.06
-0.124
-0.04
0.025
0.031
-0.019
-0.147
-0.324
-0.36
-0.492
-0.701
-0.794
-0.786
-0.689
-0.711
-0.524
-0.524
-0.324
-0.411
-0.46
-0.61
-0.823
-0.679
-0.527
-0.512
-0.51
-0.2
-0.196
0.074
0.021
-0.071
0.043
0.325
0.233
0.195
0.163
0.324
0.324
0.394
0.539
0.836
0.562
0.799
0.939
0.85
0.789
0.846
0.714
0.539
0.466
0.223
0.0
-0.36
-0.091
-0.146
-0.089
0.245
0.245
0.326
0.414
0.699
0.511
0.356
0.329
-0.041
-0.289
-0.453
-0.299
-0.283
-0.095
0.101
0.339
0.54
0.515
0.395
0.163
0.181
0.086
-0.084
-0.299
-0.578
-0.69
-0.763
-0.688
-0.525
-0.443
-0.376
-0.228
-0.283
-0.115
-0.03
-0.159
-0.12
-0.004
-0.11
0.099
0.098
-0.046
-0.01
0.036
0.193
0.314
0.471
0.672
0.725
0.739
0.749
0.909
1.145
1.136
1.136
1.097
1.019
1.129
1.018
0.936
0.885
0.839
0.961
1.009
1.089
0.932
0.927
0.819
0.818
0.719
0.429
0.448
0.623
0.501
0.652
0.591
0.595
0.601
0.593
0.49
0.531
0.417
0.335
0.151
0.245
0.223
0.083
0.076
-0.179
-0.324
-0.096
0.062
0.115
-0.004
-0.147
-0.154
0.011
0.13
0.064
-0.199
-0.312
-0.42
-0.271
-0.259
-0.286
-0.463
-0.426
-0.294
-0.297
-0.307
-0.524
-0.733
-0.689
-0.699
-0.815
-0.806
-0.73
-0.765
-0.859
-1.046
-1.03
-0.988
-1.054
-2.192
-1.186
-0.951
-1.051
-0.966
-1.031
-1.161
-1.107
-0.804
-0.667
-0.669
-0.357
-0.448
-0.354
-0.425
-0.455
-0.177
-0.034
-0.088
-0.02
0.072
0.031
0.113
-0.089
0.06
0.121
0.231
0.338
0.503
0.521
0.55
0.634
0.524
0.464
0.348
0.268
0.224
0.333
0.415
0.434
0.464
0.421
0.634
0.802
0.863
0.796
0.754
0.71
0.766
0.858
0.86
0.7
0.821
1.038
0.985
0.963
0.749
0.71
0.676
0.535
0.545
0.642
0.715
0.74
0.506
0.797
0.524
0.522
0.421
0.385
0.571
0.492
0.489
0.393
0.479
0.475
0.196
0.268
-0.135
-0.079
-0.098
-0.379
-0.404
-0.606
-0.557
-0.546
-0.566
-0.809
-0.865
-0.956
-1.081
-1.245
-1.509
-1.39
-1.381
-1.421
-1.562
-1.501
-1.419
-1.318
-1.325
-1.328
-1.269
-1.275
-1.161
-1.175
-1.12
-1.016
-0.91
-0.984
-1.002
-0.873
-0.921
-0.792
-0.879
-0.841
-0.784
-0.741
-0.596
-0.539
-0.552
-0.591
-0.738
-0.689
-0.633
-0.343
-0.343
-0.41
-0.284
-0.214
-0.086
-0.015
0.065
0.037
-0.019
-0.051
-0.164
0.055
0.096
0.134
0.225
0.061
0.15
0.284
0.274
0.155
-0.003
-0.163
-0.121
-0.17
0.006
0.051
0.161
-0.01
0.086
-0.085
-0.18
-0.283
-0.2
-0.352
-0.42
-0.056
-0.371
-0.446
-0.427
-0.393
-0.278
-0.345
-0.14
0.152
0.339
0.281
0.329
0.271
0.341
0.583
0.772
0.671
0.689
0.497
0.666
0.609
0.733
0.944
0.968
1.051
1.025
0.991
0.87
0.929
0.87
0.961
0.953
0.978
0.709
0.864
0.772
0.557
0.465
0.389
0.169
0.259
0.294
0.265
0.263
-0.029
-0.208
-0.231
-0.295
-0.371
-0.331
-0.23
-0.479
-0.399
-0.526
-0.657
-0.733
-0.638
-0.708
-0.435
-0.385
-0.417
-0.474
-0.169
-0.236
-0.091
-0.096
-0.028
0.115
-0.124
-0.006
-0.026
-0.179
-0.025
0.091
0.278
0.208
0.482
0.532
0.504
0.271
0.14
0.149
0.024
0.134
0.169
-0.182
-0.343
-0.409
-0.306
-0.234
-0.193
-0.193
-0.295
-0.461
-0.295
-0.399
-0.605
-0.464
-0.675
-0.699
-0.636
-1.015
-0.986
-0.965
-0.724
-0.751
-0.599
-0.362
-0.088
-0.072
-0.024
0.075
0.094
0.221
0.403
0.756
0.67
0.579
0.55
0.574
0.763
0.609
0.9
0.824
0.693
0.667
0.672
0.61
0.566
0.816
0.655
0.84
0.981
0.925
0.926
0.73
0.703
0.551
0.475
0.214
0.052
0.144
0.085
0.208
0.247
0.064
0.031
-0.144
-0.141
-0.28
-0.249
-0.584
-0.686
-0.7
-0.851
-0.725
-0.688
-0.725
-0.53
-0.672
-0.66
-0.638
-0.571
-0.739
-0.805
-0.939
-0.661
-0.809
-0.741
-0.534
-0.679
-0.374
-0.35
-0.398
-0.372
-0.46
-0.184
-0.414
-0.362
-0.48
-0.411
-0.601
-0.508
-0.448
-0.547
-0.27
-0.575
-0.424
-0.594
-0.372
-0.125
-0.039
-0.072
-0.13
-0.103
-0.194
-0.21
0.077
0.04
-0.126
0.045
-0.359
-0.159
-0.041
0.254
0.336
0.408
0.666
0.907
1.034
0.865
1.009
0.974
0.9
1.058
1.33
1.29
1.28
1.206
1.065
0.93
0.89
0.818
0.81
0.868
0.768
0.729
0.455
0.431
0.336
0.329
0.432
0.52
0.495
0.536
0.439
0.242
0.146
0.235
0.133
0.161
0.175
0.095
-0.115
-0.139
-0.037
-0.004
0.113
0.152
-0.054
0.154
0.182
0.021
0.161
0.179
0.163
0.109
0.258
0.104
0.147
0.107
0.026
0.159
0.05
0.01
-0.083
-0.305
-0.506
-0.505
-0.406
-0.115
-0.064
0.092
0.175
0.221
0.239
0.286
0.24
0.394
0.359
0.36
0.284
0.356
0.586
0.82
1.186
1.279
1.279
1.114
0.848
1.05
0.955
1.0
1.232
1.194
1.244
1.272
1.351
1.325
1.125
1.143
0.88
0.973
1.07
0.851
1.025
0.838
0.79
0.675
0.436
0.346
0.361
0.709
0.454
0.409
0.404
0.524
0.902
1.116
1.001
1.126
0.978
0.958
0.873
1.039
0.969
0.896
0.849
0.98
0.981
1.091
1.201
1.23
1.275
1.071
1.024
0.883
0.723
0.614
0.566
0.517
0.429
0.66
0.42
0.331
0.266
0.16
0.18
0.291
0.061
0.106
-0.121
-0.149
-0.154
-0.179
-0.214
-0.209
-0.345
-0.445
-0.583
-0.785
-0.996
-0.879
-0.922
-1.015
-1.271
-1.189
-1.409
-1.252
-1.238
-1.251
-1.124
-1.0
-1.011
-1.276
-1.278
-1.453
-1.331
-1.391
-1.268
-1.068
-0.8
-0.616
-0.733
-0.7
-0.529
-0.43
-0.492
-0.525
-0.589
-0.705
-0.714
-0.665
-0.631
-0.539
-0.573
-0.541
-0.386
-0.479
-0.701
-0.328
-0.662
-0.595
-0.492
-0.677
-0.55
-0.435
-0.55
-0.601
-0.581
-0.645
-0.734
-0.524
-0.581
-0.656
-0.529
-0.708
-0.546
-0.565
-0.56
-0.726
-0.588
-0.674
-0.777
-0.746
-0.684
-0.689
-0.75
-0.546
-0.559
-0.616
-0.67
-0.569
-0.359
-0.519
-0.25
-0.314
-0.361
-0.375
-0.414
-0.441
-0.4
-0.385
-0.234
-0.007
0.221
-0.114
-0.005
-0.21
-0.249
0.056
-0.324
-0.299
-0.411
-0.334
-0.33
0.011
0.2
0.058
-0.076
0.051
-0.054
-0.09
-0.115
-0.052
-0.139
0.011
-0.283
-0.283
-0.364
-0.307
-0.426
-0.629
-0.53
-0.573
-0.43
-0.43
-0.251
-0.121
-0.139
-0.015
-0.094
0.125
0.103
-0.007
0.034
-0.006
-0.079
0.031
0.191
0.22
0.391
0.512
0.629
0.669
0.554
0.641
0.521
0.492
0.439
0.714
0.389
0.525
0.352
0.35
0.346
0.471
0.421
0.254
0.441
0.45
0.288
0.421
0.229
0.154
0.33
0.301
0.33
0.381
0.381
0.226
0.405
0.015
0.156
0.054
0.05
0.031
-0.01
-0.007
-0.075
-0.12
-0.244
-0.234
-0.203
0.069
0.024
0.241
0.196
0.159
0.336
0.415
0.398
0.578
0.346
0.503
0.356
0.499
0.474
0.381
0.35
0.532
0.239
0.348
0.385
0.409
0.396
0.405
0.3
0.301
0.251
0.408
0.43
0.331
0.444
0.105
0.302
0.2
-0.055
0.09
-0.001
-0.043
-0.095
-0.055
-0.051
-0.26
-0.32
-0.619
-0.5
-0.4
-0.494
-0.508
-0.526
-0.391
-0.598
-0.907
-0.833
-0.671
-0.379
-0.2
-0.354
-0.395
-0.324
-0.251
-0.216
-0.161
-0.061
0.033
0.264
0.555
0.361
0.735
0.468
0.62
0.766
0.537
0.376
0.329
0.328
0.27
0.345
0.367
0.422
0.475
0.728
0.786
0.869
0.825
0.532
0.495
0.249
0.17
0.349
0.531
0.346
0.296
0.203
0.144
0.055
0.125
0.118
0.138
0.185
0.291
0.263
0.155
0.177
0.064
0.055
0.043
-0.212
-0.129
-0.393
-0.344
-0.527
-0.583
-0.689
-0.718
-0.87
-0.802
-0.971
-0.811
-0.911
-0.985
-0.968
-0.916
-0.831
-0.724
-0.584
-0.48
-0.559
-0.361
-0.443
-0.085
-0.072
-0.239
-0.261
-0.141
0.086
0.105
0.075
0.251
0.109
0.084
0.194
0.249
0.344
0.278
0.388
0.486
0.524
0.508
0.679
0.782
1.093
0.998
1.199
1.38
1.338
1.167
1.167
1.18
1.22
1.201
1.181
1.188
1.333
1.364
1.275
1.071
