0.07
0.23
0.296
0.305
0.359
0.404
0.375
0.396
0.319
0.094
0.189
0.249
0.195
0.325
0.356
0.275
0.194
0.173
0.151
0.201
0.061
0.098
0.129
0.031
0.028
-0.021
0.106
-0.131
-0.119
-0.021
-0.135
-0.044
0.114
0.295
0.099
0.136
0.083
-0.022
0.0
0.044
-0.014
0.143
0.174
0.035
0.015
-0.013
0.208
0.124
0.375
0.291
0.344
0.355
0.475
0.351
0.294
0.164
0.151
0.009
-0.074
-0.203
-0.206
-0.046
-0.175
-0.096
-0.26
-0.244
-0.214
-0.312
-0.356
-0.378
-0.426
-0.537
-0.469
-0.465
-0.52
-0.606
-0.485
-0.338
-0.242
-0.2
-0.372
-0.381
-0.309
-0.22
-0.173
-0.18
-0.168
-0.195
-0.259
-0.119
-0.188
-0.214
-0.164
-0.094
-0.196
-0.118
-0.05
-0.001
0.246
0.103
-0.01
-0.044
0.081
0.236
0.244
0.325
0.13
0.039
0.158
-0.007
-0.056
0.046
0.166
0.164
0.339
0.403
0.295
0.424
0.508
0.559
0.357
0.366
0.105
0.294
0.161
0.058
0.1
0.113
0.234
0.251
0.164
0.144
0.144
0.219
-0.039
-0.065
-0.177
-0.186
-0.233
-0.261
-0.305
-0.239
-0.329
-0.323
-0.5
-0.405
-0.391
-0.43
-0.176
-0.276
-0.295
-0.453
-0.343
-0.235
-0.238
-0.269
-0.214
-0.28
-0.301
-0.379
-0.265
-0.264
-0.339
-0.411
-0.366
-0.406
-0.381
-0.371
-0.256
-0.009
-0.035
-0.064
0.111
0.021
0.09
0.026
-0.1
-0.151
-0.206
-0.089
-0.021
0.136
0.357
0.386
0.288
0.273
0.236
0.235
0.26
0.341
0.335
0.3
0.408
0.424
0.479
0.378
0.499
0.525
0.598
0.453
0.565
0.49
0.401
0.223
0.275
0.14
0.2
0.118
0.105
0.04
-0.085
-0.113
-0.09
-0.109
-0.116
-0.136
-0.181
-0.316
-0.413
-0.482
-0.352
-0.398
-0.367
-0.292
-0.274
-0.359
-0.318
-0.305
-0.144
-0.261
-0.371
-0.403
-0.43
-0.566
-0.704
-0.536
-0.574
-0.591
-0.578
-0.453
-0.468
-0.515
-0.406
-0.474
-0.398
-0.381
-0.324
-0.281
-0.028
-0.081
-0.077
-0.024
0.144
0.139
0.096
-0.014
-0.035
-0.033
-0.116
-0.194
-0.088
-0.015
-0.049
0.04
-0.105
-0.17
-0.265
-0.296
-0.509
-0.46
-0.544
-0.584
-0.591
-0.647
-0.614
-0.751
-0.66
-0.619
-0.69
-0.685
-0.65
-0.584
-0.616
-0.73
-0.726
-0.77
-0.819
-0.75
-0.86
-0.816
-0.672
-0.751
-0.871
-0.781
-0.849
-0.777
-0.73
-0.679
-0.388
-0.529
-0.468
-0.25
-0.177
-0.062
0.076
0.095
0.278
0.41
0.647
0.8
0.739
0.869
0.869
0.869
0.92
0.917
1.016
1.078
1.103
1.215
1.151
1.181
1.083
1.106
0.927
0.864
0.89
0.815
0.796
0.713
0.74
0.527
0.614
0.473
0.4
0.406
0.339
0.369
0.275
0.201
0.235
0.184
0.019
0.015
-0.144
-0.14
-0.191
-0.151
-0.124
-0.255
-0.352
-0.273
-0.345
-0.336
-0.379
-0.522
-0.583
-0.516
-0.511
-0.642
-0.357
-0.514
-0.549
-0.565
-0.508
-0.53
-0.391
-0.403
-0.201
-0.105
-0.096
0.015
0.021
-0.028
0.086
0.039
0.209
0.239
0.198
0.256
0.366
0.444
0.107
0.177
0.191
0.089
0.081
0.136
-0.018
0.013
0.003
0.114
0.149
0.159
0.131
0.25
0.281
0.261
0.349
0.163
0.205
0.096
0.094
0.198
0.061
-0.001
0.052
-0.003
0.072
0.058
0.066
0.165
0.266
0.339
0.331
0.354
0.421
0.321
0.325
0.258
0.2
0.085
0.122
0.07
0.18
0.163
-0.092
0.024
-0.001
-0.1
-0.191
-0.025
0.091
0.14
0.109
0.05
0.121
0.096
0.101
0.003
-0.054
-0.094
-0.326
-0.261
-0.166
-0.147
-0.175
-0.245
-0.193
-0.471
-0.478
-0.351
-0.374
-0.459
-0.367
-0.417
-0.41
-0.395
-0.465
-0.43
-0.487
-0.621
-0.511
-0.594
-0.652
-0.56
-0.623
-0.789
-1.024
-1.11
-0.964
-0.878
-1.021
-0.984
-0.844
-0.959
-0.931
-1.04
-0.924
-0.815
-0.807
-0.784
-0.547
-0.611
-0.546
-0.439
-0.305
-0.311
-0.26
-0.415
-0.273
-0.276
-0.065
-0.024
-0.059
0.049
0.081
0.126
0.336
0.219
0.29
0.532
0.586
0.569
0.57
0.709
0.756
0.694
0.555
0.49
0.451
0.36
0.331
0.292
0.084
0.06
0.176
0.225
0.155
0.071
-0.011
0.037
0.171
-0.06
-0.164
-0.211
-0.185
-0.234
-0.205
-0.302
-0.343
-0.273
-0.379
-0.381
-0.414
-0.341
-0.315
-0.152
-0.052
-0.198
-0.24
-0.352
-0.319
-0.354
-0.362
-0.318
-0.288
-0.325
-0.071
-0.371
-0.166
-0.013
-0.044
0.046
-0.003
0.105
-0.126
-0.136
-0.011
-0.11
0.065
-0.014
-0.06
-0.214
-0.171
-0.294
-0.044
-0.129
-0.021
-0.004
0.069
0.044
0.081
0.235
0.26
0.421
0.269
0.256
0.122
-0.088
-0.098
-0.134
-0.059
-0.018
-0.024
0.066
0.043
0.14
0.164
0.109
0.259
0.259
0.181
0.116
0.101
0.126
0.118
0.01
0.061
-0.154
-0.184
-0.083
-0.074
-0.07
-0.055
-0.01
0.043
0.07
0.164
0.052
0.015
-0.022
0.14
0.066
-0.024
-0.021
-0.061
0.034
-0.08
-0.139
-0.076
-0.085
-0.136
-0.128
-0.037
-0.154
-0.083
-0.049
0.0
-0.143
-0.173
-0.171
-0.11
-0.12
-0.212
-0.208
-0.161
-0.263
-0.19
-0.188
-0.104
-0.119
0.055
0.072
0.039
0.118
0.149
-0.013
0.059
0.049
0.039
0.033
0.16
0.015
0.026
0.158
0.079
0.186
0.111
0.214
0.182
0.113
0.037
0.089
0.066
-0.143
0.035
0.168
0.076
0.08
-0.058
0.035
-0.074
0.048
-0.044
-0.103
-0.163
-0.133
-0.05
-0.064
-0.12
-0.144
-0.154
-0.191
-0.191
-0.276
-0.01
0.028
0.15
0.217
0.146
0.141
0.06
0.109
0.094
-0.041
0.241
0.189
0.369
0.334
0.508
0.599
0.588
0.676
0.713
0.739
0.715
0.776
0.581
0.647
0.408
0.456
0.436
0.4
0.432
0.369
0.285
0.241
-0.026
-0.018
0.154
0.154
0.22
0.209
0.034
-0.095
0.089
0.098
-0.064
-0.189
-0.21
-0.04
-0.035
-0.258
-0.221
-0.235
-0.095
-0.235
-0.229
-0.307
-0.326
-0.217
-0.175
-0.105
-0.258
-0.484
-0.35
-0.381
-0.081
-0.005
-0.099
-0.006
0.109
0.131
0.228
0.284
0.251
0.366
0.143
0.235
0.103
0.092
0.006
0.037
0.128
0.004
0.129
0.051
-0.076
0.059
0.006
0.037
0.139
0.09
0.144
0.385
0.296
0.319
0.256
0.182
0.028
0.133
0.168
0.25
0.346
0.434
0.536
0.557
0.635
0.604
0.642
0.754
0.775
0.818
0.787
0.811
0.82
0.701
0.765
0.566
0.625
0.546
0.69
0.511
0.46
0.409
0.376
0.501
0.249
0.365
0.352
0.464
0.599
0.603
0.583
0.586
0.684
0.414
0.469
0.385
0.275
-0.006
-0.133
-0.274
-0.286
-0.273
-0.273
-0.319
-0.384
-0.49
-0.408
-0.405
-0.539
-0.561
-0.51
-0.42
-0.334
-0.315
-0.383
-0.32
-0.198
-0.28
0.037
-0.049
-0.096
0.044
0.062
-0.107
-0.034
-0.185
-0.209
-0.1
-0.214
-0.139
0.08
0.238
0.384
0.4
0.42
0.372
0.484
0.657
0.515
0.522
0.41
0.326
0.251
0.201
0.344
0.354
0.299
0.324
0.307
0.362
0.375
0.406
0.479
0.536
0.479
0.526
0.556
0.621
0.609
0.586
0.719
0.721
0.744
0.802
0.76
0.816
0.874
0.96
0.81
0.948
0.811
0.83
0.799
0.92
1.095
1.055
0.966
1.056
1.174
1.099
1.146
1.175
1.234
1.246
1.081
0.984
0.968
1.032
0.974
0.931
0.946
0.775
0.775
0.634
0.591
0.545
0.411
0.463
0.329
0.26
0.133
0.182
0.205
0.244
0.365
0.562
0.285
0.376
0.325
0.281
0.271
0.372
0.371
0.383
0.404
0.258
0.165
0.096
-0.052
-0.026
-0.274
-0.315
-0.193
-0.15
-0.013
-0.094
-0.189
-0.199
-0.221
-0.345
-0.436
-0.399
-0.286
-0.25
-0.296
-0.356
-0.109
0.09
0.014
-0.005
0.092
0.181
0.203
0.539
0.534
0.701
0.741
0.645
0.574
0.584
0.536
0.439
0.445
0.532
0.354
0.388
0.455
0.32
0.156
0.1
-0.059
-0.08
-0.083
-0.176
-0.356
-0.013
0.141
0.271
0.263
0.324
0.321
0.376
0.434
0.53
0.73
0.471
0.456
0.549
0.554
0.641
0.729
0.699
0.875
0.958
0.95
0.883
0.818
1.008
0.797
0.81
0.674
0.51
0.436
0.156
0.2
0.011
0.122
0.022
-0.006
0.119
-0.033
-0.048
0.085
0.022
-0.086
-0.168
-0.25
-0.261
-0.43
-0.559
-0.772
-0.888
-0.866
-0.701
-0.512
-0.669
-0.755
-0.854
-0.758
-1.012
-1.094
-1.169
-1.321
-1.176
-1.084
-1.066
-1.105
-0.95
-0.921
-0.695
-0.833
-0.79
-0.756
-0.698
-0.718
-0.644
-0.499
-0.376
-0.285
-0.309
-0.247
-0.169
-0.11
-0.055
-0.18
-0.195
-0.152
0.05
0.021
-0.106
-0.145
-0.189
-0.128
-0.372
-0.242
-0.26
-0.463
-0.471
-0.482
-0.357
-0.378
-0.319
-0.378
-0.364
-0.209
-0.173
-0.274
-0.223
-0.286
-0.43
-0.45
-0.429
-0.568
-0.766
-0.55
-0.775
-0.738
-0.907
-0.835
-0.951
-0.826
-0.907
-0.624
-0.481
-0.408
-0.329
-0.23
-0.179
-0.024
-0.1
-0.089
0.022
-0.005
0.006
0.226
0.245
0.152
0.05
0.24
0.416
0.302
0.408
0.35
0.371
0.421
0.421
0.501
0.181
0.389
0.45
0.352
0.449
0.515
0.403
0.487
0.375
0.219
0.28
0.184
-0.046
-0.092
-0.009
-0.113
-0.417
-0.404
-0.429
-0.681
-0.443
-0.554
-0.229
-0.139
0.021
-0.052
-0.025
-0.163
0.001
0.11
-0.031
0.007
-0.174
-0.031
-0.24
-0.249
-0.233
-0.445
-0.096
0.084
0.199
0.058
0.223
0.083
0.003
0.19
-0.034
-0.135
-0.16
-0.199
-0.185
-0.013
-0.004
0.09
0.044
-0.18
-0.181
-0.124
0.02
-0.076
0.02
0.09
0.099
-0.043
0.011
0.129
0.044
0.061
-0.052
-0.144
-0.11
-0.264
-0.278
-0.445
-0.269
-0.206
-0.274
-0.348
-0.406
-0.435
-0.446
-0.561
-0.586
-0.703
-0.694
-0.779
-0.719
-0.789
-0.59
-0.451
-0.416
-0.285
-0.339
-0.233
-0.21
-0.188
0.016
0.059
0.074
0.046
0.096
-0.104
-0.208
-0.205
-0.095
0.006
0.139
0.061
0.007
0.206
0.193
0.231
0.04
0.11
0.122
0.164
0.02
-0.018
-0.009
-0.056
-0.075
-0.106
-0.006
-0.062
-0.048
-0.071
-0.056
-0.034
-0.029
-0.086
-0.08
-0.138
-0.361
-0.46
-0.505
-0.405
-0.309
-0.292
-0.201
-0.131
-0.141
-0.151
-0.169
-0.288
-0.295
-0.269
-0.349
-0.438
-0.565
-0.703
-0.714
-0.899
-0.934
-1.001
-0.919
-0.986
-1.213
-1.389
-1.44
-1.49
-1.546
-1.58
-1.576
-1.607
-1.575
-1.34
-1.476
-1.298
-1.415
-1.343
-1.194
-1.179
-1.181
-0.633
-0.782
-0.574
-0.545
-0.51
-0.195
-0.064
-0.022
-0.079
-0.054
-0.173
-0.138
-0.051
0.056
0.089
0.275
0.195
0.38
0.496
0.676
0.823
0.657
0.949
0.735
0.749
0.861
0.83
1.028
0.979
0.984
0.934
0.844
1.049
1.021
1.011
0.93
0.846
0.979
0.973
0.995
0.989
1.015
1.026
0.871
0.899
0.894
0.855
1.052
0.981
0.901
0.875
0.89
0.791
0.741
0.595
0.451
0.409
0.344
0.349
0.211
0.115
0.072
0.02
-0.054
0.01
-0.075
-0.14
-0.275
-0.344
-0.264
-0.409
-0.366
-0.356
-0.479
-0.56
-0.451
-0.37
-0.292
-0.265
-0.336
-0.39
-0.159
-0.022
-0.055
-0.003
-0.203
-0.2
-0.253
-0.371
-0.258
-0.626
-0.365
-0.416
-0.669
-0.441
-0.532
-0.296
-0.454
-0.542
-0.469
-0.526
-0.768
-0.593
-0.445
-0.348
-0.381
-0.479
-0.374
-0.281
-0.449
-0.279
-0.239
-0.381
-0.29
-0.301
-0.323
-0.233
-0.244
-0.198
-0.196
-0.292
-0.305
-0.284
-0.375
-0.374
-0.208
-0.216
-0.07
-0.119
-0.08
-0.11
-0.103
-0.135
-0.13
-0.275
-0.168
-0.139
-0.208
-0.124
-0.16
-0.115
-0.128
-0.061
-0.184
0.083
0.052
-0.209
-0.16
-0.254
-0.305
-0.191
-0.211
-0.273
-0.316
-0.389
-0.512
-0.413
-0.28
-0.321
-0.21
-0.186
-0.109
-0.133
-0.242
-0.135
-0.181
-0.072
0.058
0.026
0.128
0.106
0.221
0.028
0.154
0.205
0.359
0.485
0.595
0.695
0.57
0.509
0.659
0.619
0.651
0.659
0.676
0.631
0.591
0.458
0.41
0.381
0.534
0.47
0.338
0.568
0.289
0.105
0.535
0.458
0.531
0.461
0.562
0.464
0.583
0.506
0.494
0.439
0.369
0.409
0.245
0.186
0.316
0.304
0.436
0.265
0.214
0.199
0.238
0.075
-0.065
-0.249
-0.229
-0.13
-0.193
0.01
-0.15
-0.058
-0.099
0.083
0.015
-0.099
-0.079
-0.1
0.091
0.1
0.158
0.174
0.171
0.152
0.135
0.096
0.155
0.236
0.18
0.138
0.275
0.046
0.135
0.201
0.245
0.103
0.22
0.294
0.371
0.064
0.228
0.296
0.199
0.242
0.014
-0.064
-0.106
-0.152
0.119
0.056
0.247
0.115
0.193
0.211
0.046
0.096
-0.049
-0.014
-0.035
-0.007
0.131
0.186
0.268
0.247
0.225
0.217
0.249
0.468
0.413
0.343
0.297
0.325
0.26
0.21
0.275
0.186
0.301
0.19
0.163
0.208
0.188
0.134
0.1
0.045
0.071
0.044
-0.364
-0.176
-0.225
-0.217
-0.24
-0.426
-0.473
-0.703
-0.838
-0.546
-0.574
-0.54
-0.745
-0.591
-0.509
-0.527
-0.63
-0.728
-0.75
-0.662
-0.763
-0.603
-0.504
-0.544
-0.5
-0.5
-0.573
-0.667
-0.704
-0.72
-0.484
-0.495
-0.695
-0.411
-0.509
-0.565
-0.511
-0.515
-0.616
-0.633
-0.409
-0.366
-0.482
-0.451
-0.31
-0.551
-0.524
-0.634
-0.65
-0.699
-0.82
-0.839
-0.905
-0.856
-0.989
-0.802
-0.78
-0.699
-0.682
-0.674
-0.72
-0.772
-0.95
-0.866
-0.738
-0.765
-0.58
-0.343
-0.122
0.086
0.174
0.346
0.466
0.496
0.586
0.611
0.804
0.768
0.829
0.755
0.772
0.861
0.816
0.667
0.649
0.6
0.686
0.624
0.571
0.505
0.35
0.158
-0.085
0.109
0.166
-0.013
-0.014
0.101
0.109
0.106
0.016
0.009
-0.001
0.113
0.319
0.329
0.479
0.474
0.299
0.261
0.396
0.406
0.215
0.249
0.144
-0.083
0.098
0.014
-0.092
0.003
0.104
0.118
0.198
0.265
0.147
0.169
0.126
0.165
-0.04
-0.076
-0.185
-0.333
-0.394
-0.352
-0.278
-0.24
-0.316
-0.25
-0.146
-0.163
-0.236
-0.113
-0.255
-0.365
-0.086
-0.225
-0.206
-0.273
-0.035
-0.118
0.146
0.224
0.275
0.394
0.25
0.312
0.389
0.294
0.149
-0.075
0.056
-0.046
-0.016
0.0
-0.069
-0.022
-0.154
-0.223
-0.242
-0.296
-0.504
-0.478
-0.417
-0.41
-0.478
-0.463
-0.386
-0.409
-0.429
-0.31
-0.361
-0.333
-0.278
-0.324
-0.164
-0.164
-0.315
-0.341
-0.372
-0.389
-0.404
-0.571
-0.585
-0.435
-0.349
-0.631
-0.301
-0.365
-0.273
-0.223
-0.201
-0.043
0.022
0.079
0.049
0.035
0.215
0.304
0.4
0.429
0.45
0.478
0.385
0.19
0.375
0.47
0.474
0.469
0.352
0.616
0.654
0.478
0.486
0.432
0.608
0.546
0.522
0.466
0.374
0.384
0.453
0.45
0.367
0.229
0.212
0.194
0.114
0.165
0.041
0.003
-0.014
-0.001
-0.072
0.041
0.295
0.18
0.3
0.177
0.125
0.2
0.247
0.295
0.478
0.526
0.589
0.43
0.479
0.394
0.306
0.356
0.275
0.175
0.155
0.268
0.128
0.152
0.033
-0.043
0.092
0.256
0.088
0.241
0.113
0.07
0.118
0.039
0.209
0.215
0.233
0.301
0.3
0.32
0.214
0.099
0.333
0.504
0.542
0.461
0.482
0.51
0.547
0.708
0.562
0.876
1.005
0.809
1.004
0.951
1.002
0.985
0.979
1.01
0.981
0.99
1.014
1.025
1.116
0.735
0.811
0.771
0.776
0.689
0.749
0.88
0.986
0.861
1.008
1.022
0.948
0.954
0.993
0.79
0.875
0.769
0.869
0.779
0.581
0.429
0.291
0.361
0.309
0.364
0.568
0.75
0.849
0.911
1.026
0.896
0.949
0.965
0.974
0.95
0.859
0.953
0.828
0.777
0.809
0.89
0.902
0.92
0.948
0.736
0.79
0.725
0.495
0.54
0.49
0.514
0.465
0.525
0.346
0.325
0.191
0.114
0.155
-0.001
-0.18
-0.273
-0.421
-0.51
-0.715
-0.675
-0.733
-0.871
-0.909
-0.878
-1.09
-1.089
-1.201
-1.254
-1.105
-1.184
-1.064
-0.969
-1.046
-1.019
-0.929
-0.885
-0.961
-1.006
-0.948
-0.831
-0.775
-0.568
-0.492
-0.664
-0.421
-0.416
-0.168
-0.009
-0.176
0.194
0.419
0.378
0.52
0.481
0.503
0.58
0.623
0.465
0.584
0.556
0.46
0.478
0.454
0.719
0.741
0.665
0.787
1.012
1.039
1.222
1.373
1.472
1.423
1.13
1.295
1.24
1.19
1.231
1.079
1.127
0.807
0.754
0.721
0.751
0.718
0.374
0.195
-0.037
-0.333
-0.312
-0.425
-0.616
-0.631
-0.759
-0.82
-0.826
-0.774
-0.853
-0.954
-1.012
-1.089
-1.324
-1.525
-1.319
-1.145
-1.136
-1.214
-1.091
-0.894
-0.807
-0.81
-0.67
-0.52
-0.361
-0.131
-0.171
-0.075
-0.06
0.158
0.081
0.348
0.314
0.306
0.581
0.64
0.777
0.654
0.485
0.606
0.559
0.699
0.631
0.682
0.726
0.715
0.614
0.606
0.721
0.83
0.829
0.961
0.88
0.869
0.606
0.417
0.679
0.642
0.713
0.734
0.652
0.579
0.728
0.635
0.634
0.65
0.624
0.724
0.65
0.68
0.636
0.684
0.75
0.781
0.912
0.749
0.723
0.721
0.771
0.657
0.771
0.671
0.583
0.829
0.77
0.411
0.413
0.333
0.352
0.395
0.292
0.335
0.198
0.223
0.216
0.229
-0.013
-0.131
-0.324
-0.299
-0.256
-0.464
-0.599
-0.417
-0.705
-0.703
-0.621
-0.734
-0.686
-0.801
-0.781
-1.011
-0.751
-0.723
-0.738
-0.676
-0.958
-0.875
-1.021
-0.993
-0.925
-0.999
-1.018
-0.666
-0.873
-0.811
-0.703
-0.718
-0.777
-0.616
-0.557
-0.685
-0.665
-0.763
-0.912
-1.191
-1.045
-1.193
-1.225
-1.236
-1.406
-1.4
-1.459
-1.338
-1.281
-1.532
-1.453
-1.341
-1.312
-1.328
-1.269
-1.323
-1.213
-0.944
-0.929
-0.94
-0.951
-1.114
-1.236
-1.179
-1.219
-1.1
-1.044
-1.07
-0.831
-0.906
-0.92
-0.868
-0.922
-0.893
-0.944
-1.009
-1.19
-1.097
-0.96
-0.953
-0.888
-0.805
-0.786
-0.841
-0.703
-0.81
-0.93
-0.715
-0.485
-0.42
-0.15
0.05
0.069
0.036
0.152
0.061
0.21
0.335
0.408
0.713
0.746
0.642
0.865
0.93
0.726
0.62
0.624
0.604
0.285
0.376
0.235
0.295
0.281
0.225
0.288
0.253
0.274
0.359
0.285
0.205
0.094
0.081
0.081
0.06
0.084
-0.104
0.136
0.195
0.138
0.173
0.186
0.045
-0.045
0.098
0.01
0.001
0.044
0.23
0.134
0.033
0.174
0.058
0.106
0.084
0.039
-0.099
-0.09
-0.128
-0.31
-0.364
-0.359
-0.512
-0.385
-0.245
-0.292
-0.354
-0.375
-0.314
-0.451
-0.473
-0.604
-0.31
-0.39
-0.439
-0.424
-0.253
-0.199
-0.119
-0.155
-0.109
-0.011
0.007
0.071
0.216
0.338
0.09
0.372
0.399
0.496
0.487
0.51
0.55
0.571
0.411
0.325
0.478
0.4
0.381
0.346
0.171
0.21
0.291
0.443
0.224
0.049
-0.061
-0.111
-0.161
-0.179
-0.261
-0.349
-0.264
-0.333
-0.334
-0.345
-0.585
-0.509
-0.304
-0.47
-0.455
-0.33
-0.304
-0.225
-0.324
-0.491
-0.541
-0.478
-0.566
-0.354
-0.335
-0.161
-0.134
-0.135
0.004
-0.003
0.062
-0.022
0.106
0.006
0.114
0.182
0.15
0.319
0.444
0.336
0.46
0.403
0.471
0.454
0.385
0.284
0.431
0.682
0.792
0.662
0.608
0.75
0.621
0.3
0.328
0.186
0.338
0.449
0.444
0.464
0.585
0.621
0.364
0.203
0.163
-0.022
-0.083
-0.171
-0.2
-0.099
-0.028
0.075
0.251
0.263
0.355
0.512
0.501
0.479
0.302
0.173
0.236
0.239
0.185
0.263
0.406
0.216
0.14
0.135
0.211
0.124
0.161
0.128
0.251
0.285
0.275
0.297
0.23
0.131
0.244
0.254
0.234
0.372
0.414
0.501
0.54
0.586
0.556
0.63
0.301
0.399
0.138
0.128
0.381
0.255
-0.095
-0.119
-0.028
-0.054
0.058
0.035
0.083
0.163
0.08
0.115
0.29
0.487
0.426
0.372
0.348
0.294
0.364
0.221
0.118
0.1
0.006
0.169
0.154
0.195
0.062
-0.064
-0.104
-0.045
-0.12
-0.151
-0.225
-0.168
-0.125
-0.052
-0.074
-0.201
-0.039
0.05
-0.074
-0.121
-0.176
-0.143
0.055
0.022
-0.048
-0.04
-0.119
-0.125
-0.029
