-0.31
-0.276
-0.249
-0.175
-0.191
0.072
0.32
0.41
0.556
0.497
0.519
0.484
0.544
0.359
0.335
0.246
0.434
0.497
0.26
0.231
0.136
-0.034
-0.152
-0.236
-0.47
-0.526
-0.463
-0.527
-0.403
-0.575
-0.491
-0.646
-0.542
-0.532
-0.473
-0.536
-0.715
-0.835
-0.79
-0.87
-0.851
-0.787
-0.993
-0.758
-0.796
-0.815
-0.787
-0.963
-1.073
-0.988
-1.039
-1.039
-0.881
-0.68
-0.59
-0.66
-0.704
-0.772
-0.685
-0.863
-0.739
-0.568
-0.364
-0.212
-0.131
-0.345
-0.212
-0.29
-0.348
-0.499
-0.466
-0.255
-0.139
0.014
0.08
-0.225
0.294
0.144
0.076
0.111
0.034
0.17
0.443
0.526
0.594
0.559
0.69
0.491
0.669
0.629
0.714
0.774
0.812
0.889
0.711
0.659
0.515
0.631
0.595
0.704
0.522
0.319
0.158
0.199
0.416
0.333
0.38
0.306
0.3
0.121
-0.049
-0.071
-0.116
-0.02
-0.151
-0.297
-0.349
-0.491
-0.438
-0.426
-0.448
-0.521
-0.681
-0.769
-0.593
-0.606
-0.806
-0.669
-0.733
-0.667
-0.792
-0.776
-0.936
-0.954
-1.109
-1.206
-1.157
-1.139
-1.255
-1.326
-1.21
-1.149
-1.147
-1.028
-1.009
-1.039
-1.095
-1.046
-1.225
-1.109
-1.115
-1.236
-1.224
-1.296
-1.032
-0.781
-0.659
-0.562
-0.55
-0.415
-0.371
-0.475
-0.354
-0.357
-0.268
-0.24
-0.19
-0.161
-0.179
-0.203
-0.169
-0.189
-0.399
-0.4
-0.321
-0.29
-0.193
-0.114
-0.096
-0.191
-0.17
0.146
-0.193
-0.17
0.168
0.199
0.225
0.154
-0.013
-0.182
-0.431
-0.176
-0.045
-0.08
-0.009
0.161
0.037
0.015
-0.013
0.289
0.085
0.244
0.177
0.13
0.136
0.106
-0.013
-0.208
-0.236
-0.253
-0.246
-0.203
-0.238
-0.255
-0.21
-0.186
-0.081
-0.32
-0.214
-0.21
-0.246
-0.354
-0.265
-0.573
-0.436
-0.443
-0.288
-0.378
-0.398
-0.372
-0.231
-0.229
-0.196
-0.074
0.1
0.052
0.189
0.186
0.244
0.17
0.244
0.217
0.136
0.079
-0.056
0.179
0.253
0.312
0.356
0.631
0.562
0.481
0.305
0.319
0.424
0.269
0.341
0.635
0.31
0.39
0.307
0.235
0.221
0.329
0.276
0.208
0.171
0.179
0.109
-0.031
0.028
0.094
-0.163
-0.189
-0.122
-0.14
-0.265
-0.286
-0.199
-0.152
-0.122
0.034
0.245
0.403
0.468
0.261
0.315
0.186
0.343
0.531
0.489
0.647
0.5
0.525
0.163
0.062
0.079
0.056
-0.121
0.043
-0.077
-0.069
-0.025
-0.099
-0.166
-0.145
-0.161
-0.13
-0.045
-0.018
-0.113
-0.163
-0.266
-0.324
-0.156
-0.009
-0.06
-0.036
0.0
-0.122
-0.071
-0.263
-0.075
0.179
0.45
0.427
0.395
0.364
0.238
0.346
0.375
0.25
0.24
0.406
0.46
0.495
0.586
0.473
0.511
0.46
0.576
0.568
0.43
0.41
0.247
0.159
0.186
0.076
0.089
0.028
-0.016
-0.138
-0.181
-0.314
-0.426
-0.495
-0.189
-0.285
-0.52
-0.522
-0.805
-0.787
-0.866
-1.012
-0.994
-0.922
-0.73
-0.68
-0.578
-0.638
-0.561
-0.64
-0.695
-0.785
-0.781
-0.705
-0.573
-0.465
-0.324
-0.263
-0.179
-0.381
-0.201
-0.174
-0.119
-0.034
0.066
0.103
0.166
0.205
0.212
0.24
0.24
0.305
0.275
0.379
0.339
0.383
0.276
0.511
0.458
0.37
0.401
0.409
0.451
0.64
0.708
0.704
0.584
0.715
0.754
0.606
0.75
0.591
0.669
0.644
0.581
0.596
0.515
0.57
0.474
0.416
0.385
0.435
0.53
0.463
0.459
0.491
0.396
0.289
0.33
0.225
0.081
-0.018
-0.105
-0.249
-0.361
-0.406
-0.626
-0.669
-0.72
-0.916
-0.81
-0.618
-0.601
-0.424
-0.371
-0.235
-0.334
-0.295
-0.004
0.013
-0.02
-0.058
0.239
0.08
0.17
-0.028
-0.101
-0.258
-0.404
-0.195
-0.361
-0.159
-0.351
-0.429
-0.634
-0.515
-0.656
-0.708
-0.579
-0.511
-0.333
-0.362
-0.171
0.029
-0.076
0.021
0.001
0.209
0.058
0.1
0.199
0.233
0.351
0.434
0.661
0.66
0.676
0.652
0.681
0.438
0.436
0.459
0.46
0.333
0.096
0.214
0.28
0.319
0.268
0.1
0.279
0.486
0.527
0.562
0.508
0.464
0.455
0.551
0.375
0.365
0.445
0.386
0.54
0.564
0.59
0.68
0.624
0.774
0.736
0.792
0.604
0.688
0.644
0.706
0.682
0.611
0.705
0.881
0.719
0.753
0.791
0.694
1.026
1.065
1.088
0.667
0.829
0.891
0.73
0.689
0.525
0.51
0.63
0.466
0.315
0.249
0.046
-0.168
-0.312
-0.525
-0.52
-0.657
-0.724
-0.849
-0.851
-0.875
-0.91
-0.954
-0.654
-0.709
-0.551
-0.325
-0.38
-0.196
-0.223
-0.265
-0.311
-0.316
-0.41
-0.311
-0.09
0.011
0.328
0.147
0.214
0.159
0.122
0.351
0.372
0.555
0.596
0.56
0.388
0.486
0.598
0.689
0.744
0.802
0.841
0.564
0.785
0.792
0.666
0.797
0.787
0.647
0.667
0.978
0.667
0.623
0.625
0.517
0.481
0.416
0.39
0.464
0.636
0.792
0.578
0.633
0.541
0.542
0.336
0.44
0.398
0.482
0.283
0.273
0.343
0.408
0.32
0.229
0.06
0.066
-0.062
-0.062
-0.071
-0.266
-0.268
-0.335
-0.145
-0.221
-0.174
-0.33
-0.6
-0.55
-0.409
-0.394
-0.511
-0.738
-0.676
-0.729
-0.858
-0.916
-0.83
-0.698
-0.574
-0.475
-0.284
-0.431
-0.534
-0.672
-0.695
-0.52
-0.422
-0.099
0.065
0.071
0.186
0.122
0.059
0.105
-0.024
-0.266
-0.669
-0.677
-0.735
-0.545
-0.451
-0.4
-0.54
-0.706
-0.566
-0.636
-0.398
-0.459
-0.429
-0.421
-0.505
-0.434
-0.352
-0.109
-0.099
-0.166
-0.216
-0.096
0.089
0.098
-0.043
-0.163
-0.249
-0.312
-0.22
0.01
0.088
0.179
-0.02
0.384
0.135
0.226
0.398
0.453
0.414
0.378
0.422
0.379
0.448
0.475
0.605
0.404
0.439
0.485
0.396
0.333
0.033
0.035
0.043
0.139
0.155
0.223
0.376
0.244
0.24
0.348
0.346
0.199
0.519
0.436
0.486
0.404
0.343
0.253
0.216
0.09
0.224
0.302
0.3
0.271
0.185
-0.051
-0.228
-0.176
-0.244
-0.261
-0.23
-0.094
-0.275
-0.223
-0.221
-0.47
-0.469
-0.408
-0.311
-0.357
-0.278
-0.21
-0.031
-0.036
0.031
0.1
0.335
0.495
0.511
0.769
0.63
0.753
0.79
0.988
0.999
1.133
1.147
1.016
1.052
0.881
1.058
1.111
0.988
0.87
0.703
0.609
0.514
0.443
0.274
0.274
0.23
0.26
0.365
0.297
0.296
0.23
-0.013
0.014
-0.049
0.048
-0.12
-0.118
-0.36
-0.36
-0.484
-0.624
-0.715
-0.694
-0.624
-0.623
-0.531
-0.642
-0.414
-0.425
-0.487
-0.589
-0.766
-0.48
-0.703
-0.618
-0.564
-0.486
-0.471
-0.53
-0.427
-0.509
-0.378
-0.223
-0.4
-0.403
-0.547
-0.389
-0.23
-0.274
-0.143
-0.256
-0.161
-0.092
-0.125
-0.149
-0.224
0.006
0.014
-0.029
0.03
0.058
0.052
-0.028
-0.037
-0.116
0.009
0.08
0.212
0.109
0.198
-0.028
-0.045
-0.029
0.083
0.022
0.129
0.141
-0.011
0.037
0.156
0.216
0.386
0.255
0.228
0.139
0.159
0.101
0.13
0.064
0.174
0.36
0.26
0.268
0.241
0.138
0.217
-0.019
0.079
-0.013
0.036
-0.18
-0.208
-0.107
0.029
0.136
-0.018
-0.111
-0.107
-0.22
-0.319
-0.466
-0.536
-0.224
-0.201
-0.334
-0.32
-0.321
-0.286
-0.15
-0.255
-0.395
-0.378
-0.28
-0.231
-0.269
-0.135
-0.039
0.143
0.05
0.211
0.076
0.269
0.304
0.325
0.296
0.19
0.326
0.426
0.331
0.479
0.5
0.479
0.542
0.364
0.27
0.114
0.021
-0.131
-0.08
-0.062
-0.341
-0.405
-0.47
-0.441
-0.389
-0.743
-0.733
-0.907
-0.959
-0.939
-1.03
-0.944
-1.104
-1.1
-1.105
-0.976
-1.17
-1.209
-1.062
-0.909
-1.025
-1.193
-1.185
-1.093
-1.034
-0.998
-0.89
-0.98
-0.87
-0.91
-0.896
-0.62
-0.659
-0.628
-0.764
-0.669
-0.331
-0.28
-0.025
0.013
-0.274
-0.149
-0.118
-0.131
-0.151
-0.234
-0.13
0.155
0.223
0.39
0.364
0.434
0.481
0.31
0.489
0.693
0.649
0.603
0.693
0.709
0.635
0.691
0.517
0.521
0.466
0.378
0.427
0.359
0.466
0.393
0.101
0.224
-10.336
0.289
0.299
0.295
0.205
0.225
0.12
0.088
-0.095
0.084
0.264
0.361
0.459
0.601
0.829
0.74
0.815
0.741
0.785
0.849
0.791
0.66
0.375
0.297
0.128
-0.061
0.114
-0.229
-0.307
-0.297
-0.339
-0.269
-0.309
-0.331
-0.179
-0.259
-0.181
-0.212
-0.291
-0.401
-0.431
-0.573
-0.618
-0.729
-0.601
-0.81
-0.98
-1.001
-1.159
-0.858
-0.8
-0.776
-0.776
-0.675
-0.703
-0.492
-0.525
-0.574
-0.63
-0.512
-0.479
-0.285
-0.052
-0.048
-0.062
-0.18
-0.292
-0.351
-0.309
-0.42
-0.68
-0.718
-0.623
-0.591
-0.504
-0.401
-0.595
-0.217
-0.215
-0.191
-0.231
-0.17
0.004
0.25
0.455
0.466
0.173
-0.003
-0.081
-0.043
-0.083
0.145
0.266
0.255
0.229
0.254
0.354
0.188
-0.125
0.04
0.297
0.28
0.29
0.224
0.043
0.055
-0.003
0.004
0.13
0.311
0.324
0.361
0.449
0.411
0.515
0.556
0.624
0.595
0.647
0.706
0.775
0.792
0.595
0.51
0.478
0.706
0.84
0.527
0.529
0.306
0.334
0.429
0.435
0.508
0.659
0.575
0.655
0.571
0.276
0.105
0.044
0.019
0.051
0.029
-0.026
-0.124
0.048
0.145
-0.141
-0.211
-0.244
-0.351
-0.42
-0.225
-0.408
-0.367
-0.208
-0.199
-0.14
-0.33
-0.199
-0.386
-0.198
-0.15
-0.311
-0.203
-0.2
-0.152
-0.27
-0.215
-0.128
0.022
0.092
0.169
0.199
0.306
0.346
0.524
0.489
0.696
0.975
0.979
1.012
0.873
0.823
0.764
0.725
0.709
0.64
0.618
0.494
0.369
0.3
0.114
0.182
0.107
0.362
0.249
0.094
0.006
-0.004
-0.089
-0.045
0.052
0.066
0.245
0.216
0.217
0.23
0.297
0.256
0.263
0.224
0.224
0.13
0.271
0.175
0.331
0.233
0.103
0.3
0.256
0.421
0.608
0.565
0.804
0.769
0.718
0.581
0.744
0.639
0.606
0.775
0.679
0.599
0.482
0.459
0.367
0.231
0.309
0.522
0.559
0.43
0.398
0.292
0.261
-0.035
0.319
0.184
0.126
0.05
-0.024
-0.186
-0.339
-0.312
-0.171
-0.01
-0.09
-0.036
-0.105
0.195
0.048
0.103
0.045
0.016
0.226
0.175
0.295
0.331
0.37
0.341
0.413
0.481
0.573
0.771
0.79
0.899
0.731
0.8
0.83
1.05
0.936
1.01
1.176
1.264
1.031
1.03
1.106
0.986
0.885
0.859
0.794
0.708
0.611
0.381
0.461
0.374
0.357
0.056
-0.236
-0.276
-0.315
-0.489
-0.546
-0.625
-0.761
-0.731
-0.759
-0.765
-0.781
-0.807
-0.784
-0.72
-0.525
-0.475
-0.239
-0.129
-0.216
-0.138
-0.164
-0.206
-0.258
-0.024
-0.001
-0.092
-0.024
-0.04
0.134
-0.028
0.173
0.24
0.283
0.118
-0.177
-0.141
-0.143
-0.278
-0.2
-0.138
-0.169
-0.224
-0.29
-0.099
-0.08
-0.245
-0.346
-0.542
-0.464
-0.705
-0.906
-0.863
-0.76
-0.909
-0.885
-0.969
-0.984
-1.068
-1.009
-0.95
-0.818
-0.713
-0.529
-0.456
-0.496
-0.446
-0.362
-0.261
-0.35
-0.304
-0.422
-0.425
-0.194
-0.149
-0.141
-0.034
-0.066
-0.089
0.069
0.251
0.323
0.32
0.166
0.23
0.011
0.176
0.285
0.391
0.324
0.256
0.18
0.196
0.25
0.185
0.276
0.292
0.154
0.17
0.191
0.092
0.074
0.275
0.254
0.25
0.245
0.188
0.235
0.184
-0.035
0.122
-0.107
-0.049
-0.029
-0.171
0.044
-0.045
-0.139
-0.394
-0.376
-0.455
-0.419
-0.453
-0.501
-0.5
-0.534
-0.403
-0.286
-0.406
-0.271
-0.149
0.001
-0.149
-0.254
-0.381
-0.479
-0.416
-0.302
-0.118
-0.021
-0.088
0.126
-0.029
0.009
-0.029
0.076
0.094
-0.141
-0.2
-0.285
-0.456
-0.484
-0.306
-0.144
-0.092
0.126
0.217
0.203
0.223
0.355
0.226
0.484
0.25
0.135
-0.051
-0.161
-0.253
-0.231
-0.115
-0.077
-0.084
-0.049
-0.247
-0.294
-0.352
-0.238
-0.265
-0.193
-0.055
-0.318
-0.048
-0.18
-0.144
-0.271
-0.14
-0.12
-0.199
-0.203
-0.386
-0.42
-0.346
-0.352
-0.388
-0.124
-0.371
-0.281
-0.401
-0.365
-0.194
-0.417
-0.473
-0.608
-0.68
-0.759
-0.96
-0.905
-0.974
-0.921
-0.922
-1.039
-1.184
-1.106
-1.059
-1.012
-0.988
-1.049
-0.84
-0.861
-0.931
-0.89
-0.675
-0.633
-0.542
-0.671
-0.685
-0.731
-0.609
-0.68
-0.733
-0.696
-0.444
-0.268
-0.044
0.031
0.088
-0.115
-0.051
-0.239
-0.39
-0.4
-0.406
-0.31
-0.389
-0.601
-0.44
-0.561
-0.438
-0.535
-0.5
-0.25
-0.32
-0.334
-0.448
-0.344
-0.231
-0.206
-0.324
-0.357
-0.544
-0.413
-0.455
-0.254
-0.445
-0.381
-0.414
-0.383
-0.42
-0.399
-0.388
-0.273
-0.26
-0.235
-0.076
-0.034
0.007
0.146
0.141
0.226
0.083
-0.062
-0.089
-0.159
-0.034
-0.156
-0.121
-0.086
-0.036
0.046
-0.033
0.168
0.118
0.111
0.055
0.054
-0.001
-0.022
-0.054
-0.113
-0.11
-0.19
-0.224
-0.271
-0.215
-0.328
-0.231
-0.181
-0.196
-0.196
-0.253
-0.374
-0.376
-0.38
-0.463
-0.406
-0.226
-0.133
0.039
0.221
0.284
0.2
0.391
0.469
0.685
0.993
1.029
0.956
0.94
0.965
1.079
1.036
1.231
1.284
1.492
1.509
1.216
1.104
1.039
1.206
1.325
1.31
1.397
1.334
1.141
1.181
1.117
1.383
1.725
1.532
1.561
1.535
1.252
1.241
1.083
0.99
0.91
0.946
0.835
0.829
0.696
0.432
0.31
0.286
0.321
0.374
0.058
0.152
-0.051
-0.016
-0.481
-0.529
-0.68
-0.703
-0.564
-0.503
-0.494
-0.47
-0.496
-0.334
-0.311
-0.251
-0.251
-0.234
-0.154
0.1
0.12
0.1
0.081
0.081
0.076
-0.143
-0.191
-0.211
-0.28
-0.52
-0.599
-0.63
-0.72
-0.756
-0.781
-0.836
-0.886
-0.835
-0.797
-0.82
-0.746
-0.674
-0.514
-0.401
-0.239
-0.066
0.005
0.124
0.056
0.101
0.179
0.182
0.2
0.25
0.251
0.234
0.065
0.045
0.074
0.011
-0.014
0.185
0.359
0.422
0.434
0.539
0.561
0.579
0.554
0.499
0.562
0.659
0.661
0.588
0.58
0.434
0.319
0.47
0.511
0.41
0.306
0.302
0.26
0.099
0.154
0.074
-0.198
-0.144
-0.171
-0.015
-0.065
-0.247
-0.35
-0.381
-0.391
-0.345
-0.21
-0.069
0.006
0.146
0.119
0.138
0.226
0.346
0.458
0.492
0.376
0.343
0.348
0.315
0.352
0.269
0.588
0.6
0.526
0.618
0.547
0.634
0.606
0.505
0.324
0.092
0.246
0.37
0.331
0.27
0.276
0.3
0.324
0.125
0.083
0.101
-0.096
-0.094
-0.046
-0.104
-0.296
-0.263
-0.219
-0.228
-0.361
-0.391
-0.236
-0.048
0.145
0.074
0.147
0.039
-0.05
-0.186
-0.242
-0.268
-0.03
-0.104
0.026
0.181
0.161
0.14
0.091
-0.031
-0.156
-0.158
-0.136
-0.033
-0.11
-0.13
-0.208
-0.206
-0.098
0.025
-0.166
-0.062
0.045
0.281
0.414
0.359
0.296
0.333
0.421
0.329
0.3
0.424
0.424
0.279
0.422
0.624
0.556
0.497
0.459
0.515
0.403
0.427
0.265
0.168
0.109
-0.007
0.372
0.209
0.38
0.305
0.101
0.083
-0.094
-0.136
-0.134
-0.059
0.106
0.288
0.28
0.161
0.341
0.234
0.253
0.163
0.288
0.319
0.226
0.414
0.42
0.521
0.517
0.458
0.364
0.245
0.125
-0.106
-0.28
-0.271
-0.471
-0.669
-0.936
-0.802
-0.641
-0.496
0.003
-0.062
-0.143
-0.269
-0.339
-0.349
-0.378
-0.139
-0.011
0.006
0.034
0.105
0.131
0.119
0.215
0.291
0.131
-0.022
-0.12
-0.165
-0.037
-0.286
-0.279
-0.306
-0.409
-0.434
-0.455
-0.471
-0.351
-0.286
-0.395
-0.233
-0.141
-0.163
-0.188
-0.15
-0.052
0.055
-0.109
-0.174
-0.256
-0.206
-0.029
-0.015
0.02
-0.098
0.044
-0.145
-0.12
-0.066
0.184
0.323
0.17
0.118
0.205
0.364
0.359
0.4
0.51
0.629
0.765
0.825
0.733
0.72
0.519
0.449
0.203
0.329
0.542
0.514
0.381
0.241
-0.029
0.15
0.039
-0.072
-0.066
-0.18
-0.144
-0.371
-0.454
-0.422
-0.631
-0.685
-0.527
-0.588
-0.556
-0.51
-0.212
0.043
0.265
0.295
0.398
0.263
0.264
0.174
0.2
0.16
0.165
0.134
-0.007
0.165
-0.1
0.028
0.174
0.205
0.283
0.194
0.269
0.271
0.089
0.086
0.191
0.171
0.304
0.228
0.095
0.224
0.199
0.236
0.133
0.014
-0.099
-0.212
-0.185
-0.336
-0.325
-0.497
-0.526
-0.67
-0.615
-0.501
-0.714
-0.6
-0.616
-0.54
-0.635
-0.784
-0.816
-0.791
-0.851
-1.096
-1.228
-1.274
-1.306
-1.351
-1.306
-1.198
-1.059
-1.006
-0.72
-0.616
-0.628
-0.4
-0.121
-0.086
-0.033
-0.106
0.092
0.099
0.085
0.128
0.164
0.369
0.479
0.491
0.661
0.838
1.038
0.979
0.965
0.915
0.831
0.81
0.739
0.618
0.708
0.709
0.616
0.545
0.401
0.026
-0.189
-0.359
-0.295
-0.323
-0.389
-0.525
-0.694
-0.826
-1.035
-1.093
-1.153
-1.334
-1.255
-1.18
-1.061
-1.11
-0.95
-0.905
-0.922
-0.689
-0.81
-0.635
-0.649
-0.771
-0.92
-1.114
-1.058
-0.824
-0.85
-0.885
-0.72
-0.84
-0.812
-0.768
-0.749
-0.573
-0.656
-0.441
-0.496
-0.6
-0.785
-0.806
-0.953
-1.184
-1.052
-1.073
-0.851
-0.688
-0.559
-0.482
-0.374
-0.08
-0.122
-0.089
0.029
-0.048
0.119
0.05
-0.022
0.046
-0.007
0.199
0.27
0.179
0.104
0.184
-0.022
-0.091
-0.105
0.074
0.004
-0.06
0.182
0.039
0.203
0.111
0.328
0.188
0.159
0.31
0.323
0.299
0.48
0.474
0.555
0.556
0.665
0.71
0.806
0.895
0.841
0.731
0.736
0.824
0.938
1.194
1.136
1.312
1.179
1.12
1.22
1.196
1.045
0.896
0.506
0.4
0.324
0.088
0.019
-0.184
-0.254
-0.38
-0.36
-0.569
-0.724
-0.941
-0.89
-0.66
-0.804
-0.611
-0.647
-0.665
-0.573
-0.583
-0.565
-0.314
-0.046
-0.124
-0.111
0.051
-0.009
0.071
0.285
0.273
0.408
0.441
0.253
0.506
0.271
0.245
0.302
0.278
0.199
0.109
0.105
-0.026
0.043
0.028
0.028
0.028
0.029
-0.104
-0.072
-0.18
-0.283
-0.279
-0.354
-0.351
-0.357
-0.416
-0.311
-0.484
-0.456
-0.638
-0.494
-0.479
-0.681
-0.701
-0.644
-0.48
-0.725
-0.78
-0.82
-0.885
-0.759
-0.848
-0.826
-0.961
-1.106
-1.084
-1.048
-0.744
-0.669
-0.537
-0.58
-0.571
-0.497
-0.432
-0.408
-0.275
-0.195
-0.061
-0.106
-0.019
-0.014
0.12
0.245
0.328
0.424
0.583
0.846
0.861
0.916
0.863
0.961
0.897
1.061
1.084
0.954
1.116
1.146
1.024
0.995
0.619
0.708
0.865
0.901
0.894
0.734
0.741
0.306
0.19
0.194
-0.015
-0.051
-0.12
-0.165
-0.144
-0.208
-0.259
-0.11
-0.058
-0.071
-0.311
-0.351
-0.422
-0.527
-0.367
-0.253
-0.124
-0.221
0.01
0.071
0.146
0.161
0.056
-0.085
-0.164
-0.45
-0.503
-0.492
-0.438
-0.3
-0.31
-0.388
-0.474
-0.598
-0.574
-0.458
-0.448
-0.491
-0.431
-0.328
-0.512
-0.453
-0.489
-0.427
-0.451
-0.393
-0.146
-0.4
-0.388
-0.459
-0.404
-0.349
-0.273
-0.095
-0.161
-0.265
0.024
0.191
0.54
0.744
0.774
0.79
0.993
0.821
0.86
0.85
0.61
0.688
0.851
0.914
0.758
0.682
0.499
0.431
0.5
0.366
0.581
0.517
0.478
0.352
0.26
0.395
0.331
0.247
0.376
0.339
0.359
0.275
0.198
0.158
0.096
-0.107
-0.089
-0.031
-0.072
0.094
0.196
0.279
0.261
0.251
0.302
0.374
0.435
0.525
0.63
0.606
0.789
0.799
1.055
1.101
1.12
1.324
1.276
1.366
1.59
1.684
1.596
1.624
1.478
1.33
1.249
1.232
1.074
0.96
1.085
0.746
0.715
0.656
0.522
0.439
0.268
0.279
0.32
0.208
0.05
-0.16
-0.292
-0.149
-0.131
0.059
-0.069
-0.133
-0.181
-0.249
-0.396
-0.449
-0.304
-0.46
-0.388
-0.362
-0.198
-0.297
0.099
-0.189
0.15
0.092
0.105
0.113
-0.122
-0.279
-0.265
-0.588
-0.506
-0.578
-0.628
-0.606
-0.695
-0.756
-0.508
-0.672
-0.646
-0.386
-0.489
-0.434
-0.443
-0.489
-0.495
-0.451
-0.154
-0.075
0.152
0.223
0.231
0.149
0.024
0.256
0.45
0.419
0.598
0.68
0.677
0.749
1.039
1.018
1.104
1.093
