0.328
0.343
0.399
0.371
0.39
0.367
0.336
0.315
0.27
0.245
0.251
0.184
0.28
0.014
0.041
0.034
0.0
-0.046
0.03
0.045
-0.13
-0.064
-0.04
-0.101
-0.146
-0.165
-0.203
-0.066
-0.22
-0.186
-0.198
-0.14
-0.04
-0.043
-0.181
-0.048
-0.16
-0.077
-0.109
-0.106
-0.005
-0.024
-0.039
0.114
0.056
-0.018
0.0
0.066
0.161
0.095
0.105
0.173
0.203
0.251
0.314
0.302
0.241
0.235
0.31
0.348
0.361
0.276
0.278
0.361
0.269
0.369
0.365
0.443
0.451
0.473
0.635
0.584
0.621
0.554
0.514
0.69
0.689
0.729
0.666
0.753
0.72
0.725
0.824
0.777
0.715
0.667
0.555
0.606
0.594
0.595
0.606
0.642
0.527
0.547
0.535
0.445
0.375
0.31
0.445
0.453
0.409
0.395
0.372
0.374
0.35
0.307
-0.019
-0.04
-0.028
0.024
-0.006
-0.118
0.07
-0.107
-0.039
0.05
0.039
0.083
0.134
0.092
0.191
0.236
0.288
0.384
0.46
0.53
0.511
0.541
0.556
0.586
0.65
0.714
0.703
0.703
0.705
0.714
0.652
0.636
0.705
0.733
0.774
0.79
0.735
0.659
0.616
0.527
0.542
0.469
0.324
0.296
0.25
0.133
0.239
0.254
0.224
0.229
0.128
0.005
0.005
-0.163
-0.171
-0.336
-0.24
-0.143
-0.289
-0.301
-0.574
-0.438
-0.487
-0.401
-0.46
-0.509
-0.486
-0.534
-0.508
-0.451
-0.441
-0.491
-0.557
-0.417
-0.439
-0.348
-0.238
-0.179
-0.125
-0.185
-0.228
-0.081
-0.06
-0.088
-0.21
-0.069
-0.212
-0.301
-0.299
-0.24
-0.292
-0.173
-0.106
-0.111
-0.168
-0.054
-0.118
-0.084
-0.051
0.069
0.069
0.059
0.115
0.154
0.159
0.174
0.266
0.235
0.114
0.198
0.225
0.212
0.246
0.2
0.285
0.286
0.32
0.339
0.274
0.345
0.261
0.42
0.633
0.562
0.551
0.448
0.532
0.512
0.665
0.514
0.524
0.496
0.443
0.463
0.42
0.4
0.47
0.455
0.372
0.281
0.278
0.226
0.15
0.061
0.072
0.04
0.004
-0.019
-0.072
0.033
0.028
-0.075
-0.107
-0.261
-0.268
-0.314
-0.454
-0.245
-0.25
-0.109
-0.121
0.092
0.111
0.28
0.335
0.351
0.404
0.364
0.443
0.451
0.425
0.279
0.28
0.149
0.37
0.514
0.487
0.65
0.581
0.496
0.432
0.372
0.355
0.297
0.193
0.062
0.028
0.028
-0.244
-0.294
-0.345
-0.18
-0.268
-0.211
-0.311
-0.441
-0.532
-0.525
-0.51
-0.517
-0.586
-0.642
-0.552
-0.575
-0.634
-0.769
-0.621
-0.729
-0.738
-0.77
-0.82
-0.725
-0.9
-0.925
-0.98
-0.936
-0.96
-1.019
-0.969
-0.785
-0.675
-0.525
-0.58
-0.604
-0.503
-0.659
-0.43
-0.279
-0.107
-0.052
0.046
0.259
0.335
0.449
0.465
0.561
0.599
0.761
0.665
0.733
0.728
0.682
0.914
0.789
0.756
0.769
0.739
0.863
0.764
0.672
0.666
0.591
0.546
0.504
0.434
0.325
0.208
0.32
0.065
0.001
0.045
-0.011
0.007
-0.103
-0.312
-0.424
-0.444
-0.401
-0.35
-0.349
-0.408
-0.468
-0.47
-0.31
-0.166
0.011
0.062
0.09
0.03
0.138
0.096
0.159
0.206
0.136
0.025
-0.034
0.006
-0.025
-0.03
0.051
0.11
0.226
0.119
0.094
0.114
0.071
0.095
0.101
-0.013
-0.011
0.031
0.176
0.288
0.273
0.264
0.151
0.33
0.348
0.171
0.238
0.106
0.131
0.145
0.147
0.235
0.291
0.421
0.42
0.469
0.352
0.349
0.251
0.105
0.035
-0.209
-0.475
-0.539
-0.311
-0.3
-0.299
-0.39
-0.471
-0.531
-0.544
-0.623
-0.764
-0.79
-0.766
-0.907
-0.965
-1.071
-1.163
-1.139
-1.058
-1.074
-1.069
-1.005
-0.954
-1.004
-1.049
-1.153
-1.04
-1.143
-1.31
-1.444
-1.445
-1.38
-1.07
-1.052
-1.006
-1.078
-1.097
-0.897
-0.699
-0.769
-0.604
-0.576
-0.492
-0.464
-0.43
-0.223
-0.129
0.075
0.147
0.069
0.065
0.318
0.299
0.161
0.276
0.158
0.161
0.233
-0.004
-0.021
0.043
0.119
0.225
0.389
0.348
0.441
0.44
0.425
0.369
0.174
0.291
0.339
0.383
0.365
0.449
0.393
0.537
0.586
0.487
0.338
0.419
0.541
0.461
0.391
0.376
0.318
0.274
0.198
0.338
0.555
0.465
0.55
0.719
0.751
0.792
0.809
0.907
0.949
0.807
0.845
0.83
0.91
0.941
0.968
0.73
0.9
0.811
0.85
0.89
0.797
0.688
0.626
0.566
0.526
0.292
0.071
-0.182
-0.417
-0.667
-0.598
-0.725
-0.838
-0.759
-0.709
-0.851
-0.839
-1.039
-0.975
-0.934
-1.129
-1.106
-1.166
-0.988
-1.054
-1.029
-1.014
-0.883
-0.981
-0.894
-0.779
-0.759
-0.677
-0.659
-0.463
-0.415
-0.421
-0.214
-0.258
-0.233
-0.199
-0.199
-0.135
-0.131
-0.133
-0.111
-0.17
0.065
-0.103
0.026
-0.034
-0.076
-0.253
-0.135
-0.081
-0.075
-0.165
-0.043
0.007
-0.176
-0.161
-0.092
-0.062
-0.015
-0.065
-0.05
-0.045
0.069
0.145
0.139
0.279
0.074
0.147
0.005
-0.306
-0.263
-0.214
-0.383
-0.258
-0.214
-0.165
-0.166
-0.101
0.058
-0.094
-0.007
0.024
0.111
0.109
0.041
-0.015
-0.001
-0.158
-0.196
-0.171
-0.143
-0.052
0.089
0.174
0.115
0.125
-0.006
-0.054
0.033
-0.065
-0.092
0.048
0.013
0.059
0.086
-0.03
-0.056
-0.158
-0.08
-0.037
-0.089
0.019
-0.173
-0.359
-0.32
-0.356
-0.458
-0.494
-0.217
-0.519
-0.514
-0.427
-0.539
-0.531
-0.55
-0.527
-0.552
-0.449
-0.411
-0.356
-0.253
-0.362
-0.301
-0.209
-0.05
-0.014
0.043
0.223
0.041
0.089
0.066
0.121
0.14
0.191
0.145
0.006
0.151
0.143
-0.013
0.07
-0.01
0.131
0.151
0.343
0.396
0.316
0.456
0.426
0.546
0.677
0.521
0.628
0.573
0.5
0.432
0.434
0.405
0.58
0.63
0.508
0.474
0.401
0.429
0.325
0.2
0.07
0.074
-0.079
0.028
0.084
0.092
0.09
0.074
0.163
0.03
0.278
0.265
0.261
0.474
0.386
0.409
0.333
0.366
0.211
0.247
0.021
0.061
-0.014
-0.122
-0.205
-0.297
-0.364
-0.422
-0.46
-0.486
-0.675
-0.519
-0.556
-0.531
-0.348
-0.273
-0.125
-0.051
-0.075
-0.072
-0.25
-0.346
-0.258
-0.086
-0.354
-0.352
-0.294
-0.305
-0.28
-0.415
-0.256
-0.201
-0.18
-0.184
-0.32
-0.485
-0.635
-0.505
-0.601
-0.484
-0.594
-0.6
-0.573
-0.596
-0.57
-0.735
-0.725
-0.656
-0.508
-0.432
-0.425
-0.341
-0.256
-0.292
-0.283
-0.247
-0.21
-0.115
-0.134
-0.331
-0.459
-0.537
-0.614
-0.739
-0.746
-0.672
-0.774
-0.779
-0.831
-0.851
-0.881
-0.723
-0.489
-0.42
-0.524
-0.5
-0.33
-0.36
-0.283
-0.151
-0.185
-0.174
-0.156
-0.106
-0.119
-0.139
0.085
0.118
0.125
0.013
0.155
0.072
0.209
0.146
0.049
0.06
0.043
0.011
0.056
-0.028
-0.14
-0.193
-0.216
-0.156
-0.07
-0.075
-0.081
-0.069
-0.139
-0.075
-0.06
-0.121
-0.265
-0.336
-0.245
-0.291
-0.256
-0.321
-0.385
-0.425
-0.349
-0.2
-0.259
-0.111
-0.168
-0.236
-0.122
0.046
0.171
0.294
0.383
0.444
0.495
0.54
0.489
0.746
0.708
0.669
0.716
0.73
0.586
0.688
0.695
0.763
0.744
0.691
0.614
0.65
0.659
0.415
0.591
0.568
0.4
0.292
0.196
0.246
0.131
0.03
-0.013
0.015
-0.051
0.185
0.12
0.186
0.225
0.219
0.195
0.367
0.444
0.509
0.512
0.591
0.566
0.759
0.485
0.511
0.579
0.526
0.557
0.505
0.425
0.344
0.355
0.279
0.14
0.161
0.081
0.056
0.086
0.121
0.062
-0.099
-0.088
-0.143
0.021
0.029
0.006
0.043
-0.059
-0.022
-0.12
0.077
0.013
0.08
0.198
0.156
0.061
0.016
-0.083
-0.118
-0.209
-0.009
0.1
0.215
0.215
0.061
0.05
0.085
0.111
0.219
0.236
0.071
0.133
0.208
0.106
0.016
0.061
-0.072
-0.249
-0.28
-0.329
-0.445
-0.362
-0.439
-0.393
-0.24
-0.168
-0.152
-0.043
-0.139
-0.144
-0.085
-0.111
-0.138
-0.171
-0.114
-0.163
-0.265
-0.306
-0.391
-0.371
-0.389
-0.427
-0.307
-0.369
-0.226
-0.14
-0.013
0.003
0.113
0.104
0.141
0.119
0.1
-0.084
-0.203
-0.404
-0.398
-0.46
-0.45
-0.376
-0.391
-0.254
-0.059
-0.241
-0.219
-0.176
-0.128
-0.076
-0.115
-0.044
-0.062
0.049
-0.069
-0.109
-0.056
0.061
0.095
0.111
0.22
0.166
0.076
0.27
0.224
0.201
-0.022
-0.091
-0.006
-0.052
-0.168
-0.383
-0.131
-0.215
-0.336
-0.496
-0.544
-0.614
-0.72
-0.604
-0.63
-0.667
-0.501
-0.525
-0.475
-0.547
-0.562
-0.489
-0.64
-0.714
-0.826
-0.86
-1.002
-0.946
-0.919
-0.993
-1.029
-0.994
-0.769
-0.899
-0.74
-0.701
-0.58
-0.464
-0.365
-0.135
-0.168
0.105
0.062
0.199
0.263
0.367
0.393
0.554
0.504
0.384
0.404
0.35
0.449
0.485
0.385
0.383
0.391
0.36
0.509
0.501
0.482
0.583
0.531
0.409
0.304
0.361
0.328
0.251
0.296
0.165
0.225
0.188
0.101
0.139
0.181
0.186
0.024
0.13
0.177
-0.064
0.014
-0.151
-0.092
-0.116
-0.018
-0.048
-0.149
-0.101
-0.034
-0.007
0.13
0.224
0.346
0.276
0.169
0.071
-0.035
0.019
0.069
0.049
-0.025
0.051
0.129
0.179
0.139
0.14
0.128
0.083
0.146
0.021
0.181
0.054
-0.092
-0.152
-0.219
-0.314
-0.173
-0.19
-0.238
-0.305
-0.431
-0.349
-0.44
-0.566
-0.552
-0.674
-0.695
-0.69
-0.479
-0.566
-0.561
-0.48
-0.301
-0.384
-0.2
-0.114
-0.182
-0.083
-0.066
0.09
0.136
0.168
0.269
0.216
0.246
0.367
0.211
0.195
0.263
0.263
0.268
0.288
0.289
0.307
0.399
0.279
0.275
0.315
0.319
0.301
0.244
0.439
0.417
0.48
0.396
0.384
0.333
0.435
0.329
0.324
0.351
0.406
0.301
0.331
0.278
0.216
0.146
0.13
0.136
-0.088
-0.122
-0.064
0.098
0.119
0.035
0.209
0.289
0.258
0.092
0.33
0.088
0.151
0.185
0.07
0.039
0.019
0.01
0.001
-0.006
-0.099
-0.151
-0.056
-0.065
-0.004
-0.21
0.004
-0.1
0.059
0.016
-0.026
0.403
0.461
0.46
0.356
0.501
0.561
0.736
0.848
0.771
0.782
0.826
0.939
1.055
0.983
0.776
0.805
0.552
0.496
0.478
0.159
0.005
-0.005
-0.062
-0.046
-0.312
-0.355
-0.229
-0.199
-0.325
-0.283
-0.089
-0.141
-0.111
-0.059
-0.111
0.055
-0.115
0.041
0.113
0.079
-0.044
0.09
0.011
0.06
0.019
-0.077
-0.041
-0.034
-0.103
-0.164
-0.075
0.128
0.041
0.026
0.124
0.113
0.228
0.367
0.114
0.119
0.113
-0.013
0.075
0.07
0.109
0.174
0.319
0.444
0.409
0.445
0.46
0.546
0.54
0.629
0.589
0.531
0.595
0.657
0.659
0.669
0.859
0.874
0.932
1.039
1.076
0.93
0.835
0.902
0.763
0.896
0.889
0.746
0.785
0.67
0.557
0.667
0.584
0.596
0.568
0.551
0.656
0.657
0.669
0.675
0.706
0.805
0.671
0.61
0.388
0.375
0.292
0.253
0.196
0.194
0.044
0.064
-0.018
0.092
0.302
0.154
0.119
0.179
0.12
0.066
0.164
0.176
0.126
0.098
0.17
0.022
0.291
0.22
0.371
0.208
0.091
0.176
0.014
0.04
0.083
0.003
-0.114
0.03
0.159
0.114
0.159
0.268
0.263
0.235
0.114
0.103
0.049
0.062
0.041
0.128
0.242
0.16
0.246
0.233
0.022
0.231
0.156
0.291
0.146
0.163
-0.018
-0.029
0.035
-0.175
-0.323
-0.315
-0.355
-0.328
-0.304
-0.309
-0.354
-0.46
-0.525
-0.634
-0.486
-0.445
-0.429
-0.2
-0.284
-0.144
-0.01
-0.024
-0.13
-0.13
-0.134
-0.216
-0.116
-0.025
-0.04
-0.08
0.041
0.044
0.024
0.091
0.001
-0.052
0.011
0.085
0.179
0.226
0.263
0.385
0.292
0.341
0.184
0.105
0.321
0.307
0.201
0.15
0.033
-0.07
-0.107
-0.135
0.046
-0.165
-0.251
-0.231
-0.01
-0.163
-0.245
-0.246
-0.228
-0.278
-0.328
-0.291
-0.331
-0.458
-0.539
-0.605
-0.47
-0.443
-0.491
-0.309
-0.26
-0.143
-0.071
0.061
-0.03
0.06
0.045
0.139
0.481
0.616
0.569
0.565
0.73
0.868
0.797
0.776
0.864
0.922
0.93
0.865
0.829
0.988
0.96
1.014
0.929
0.84
1.01
1.052
1.113
1.113
1.231
1.022
1.133
1.104
1.146
1.094
1.17
0.974
1.13
0.911
0.964
0.93
0.848
0.789
0.741
0.721
0.638
0.8
0.841
0.906
0.713
0.695
0.754
0.695
0.735
0.704
0.787
0.818
0.811
0.866
0.9
0.775
0.713
0.711
0.795
0.714
0.711
0.804
0.833
0.792
0.736
0.422
0.449
0.491
0.265
0.344
0.203
0.271
0.228
0.146
0.384
0.246
0.089
-0.045
0.026
-0.294
-0.401
-0.384
-0.365
-0.417
-0.443
-0.439
-0.52
-0.509
-0.666
-0.949
-0.821
-0.986
-1.03
-1.268
-1.244
-1.311
-1.391
-1.232
-1.196
-0.978
-0.943
-0.824
-0.853
-0.873
-0.775
-0.848
-0.705
-0.794
-0.828
-0.805
-0.753
-0.623
-0.698
-0.791
-0.831
-0.776
-0.754
-0.8
-0.665
-0.684
-0.566
-0.53
-0.491
-0.465
-0.269
-0.319
-0.255
-0.031
0.144
0.115
0.1
-0.028
-0.026
0.031
0.08
-0.036
0.096
0.19
0.159
0.049
0.163
0.305
0.361
0.449
0.276
0.07
0.036
0.014
-0.051
-0.024
0.265
0.256
0.403
0.391
0.357
0.443
0.388
0.593
0.544
0.496
0.406
0.276
0.356
0.31
0.212
0.05
0.198
0.216
0.19
0.189
0.1
0.015
-0.021
-0.12
-0.124
-0.236
-0.417
-0.586
-0.393
-0.503
-0.47
-0.482
-0.249
-0.367
-0.501
-0.671
-0.666
-0.679
-0.82
-0.769
-0.575
-0.512
-0.304
-0.206
-0.13
-0.122
-0.155
-0.173
-0.328
-0.176
-0.21
-0.279
-0.306
-0.306
-0.171
-0.136
-0.011
0.251
0.55
0.505
0.628
0.453
0.388
0.487
0.393
0.41
0.489
0.431
0.459
0.279
0.174
0.005
-0.048
0.166
0.131
-0.115
-0.161
-0.238
-0.389
-0.269
-0.555
-0.465
-0.635
-0.661
-0.724
-0.7
-0.714
-0.625
-0.636
-0.621
-0.706
-0.625
-0.6
-0.654
-0.704
-0.659
-0.744
-0.698
-0.858
-0.642
-0.496
-0.454
-0.354
-0.426
-0.307
-0.345
-0.144
-0.04
0.06
0.099
0.116
0.103
0.169
0.2
0.036
0.065
0.126
0.274
0.268
0.374
0.351
0.598
0.672
0.546
0.775
0.443
0.378
0.318
0.404
0.346
0.504
0.367
0.376
0.242
0.255
0.08
0.276
0.334
0.246
0.276
0.259
0.175
0.05
-0.106
-0.091
-0.171
-0.191
-0.27
-0.335
-0.466
-0.623
-0.664
-0.789
-0.844
-0.784
-0.782
-0.682
-0.508
-0.557
-0.524
-0.609
-0.8
-0.841
-0.932
-0.996
-1.002
-1.209
-1.261
-1.46
-1.349
-1.289
-1.272
-1.123
-1.035
-0.655
-0.761
-0.478
-0.521
-0.356
-0.456
-0.348
-0.17
-0.11
-0.054
-0.166
0.064
0.175
0.231
0.273
0.198
0.401
0.351
0.569
0.593
0.526
0.561
0.475
0.531
0.549
0.504
0.52
0.454
0.343
0.334
0.29
0.324
0.333
0.336
0.406
0.491
0.465
0.514
0.448
0.383
0.24
0.145
0.154
0.02
0.026
-0.164
-0.2
-0.302
-0.429
-0.514
-0.356
-0.422
-0.544
-0.443
-0.383
-0.288
-0.176
-0.209
-0.096
-0.083
-0.125
-0.015
-0.018
-0.091
-0.28
-0.41
-0.571
-0.511
-0.524
-0.624
-0.666
-0.73
-0.764
-0.782
-0.698
-0.578
-0.541
-0.542
-0.356
-0.398
-0.41
-0.46
-0.42
-0.346
-0.396
-0.324
-0.253
-0.177
-0.316
-0.305
-0.312
-0.217
-0.107
-0.186
-0.275
-0.295
-0.616
-0.672
-0.746
-0.902
-0.78
-0.955
-0.945
-0.829
-0.86
-0.88
-0.695
-0.705
-0.626
-0.59
-0.465
-0.366
-0.22
-0.054
-0.1
-0.069
-0.122
-0.116
-0.059
-0.241
-0.325
-0.339
-0.329
-0.118
-0.343
-0.035
0.052
0.029
-0.059
0.11
-0.054
0.074
0.268
0.371
0.264
0.231
0.245
0.381
0.451
0.217
0.263
0.156
0.268
0.176
0.091
0.27
0.25
0.268
0.343
0.155
0.279
0.052
0.0
0.044
0.155
0.161
0.072
0.113
0.028
-0.136
-0.005
-0.01
0.12
-0.165
-0.016
-0.058
-0.051
-0.03
0.116
-0.031
-0.181
-0.07
-0.37
-0.456
-0.508
-0.466
-0.47
-0.511
-0.435
-0.571
-0.529
-0.431
-0.404
-0.354
-0.256
-0.146
0.035
0.136
0.311
0.334
0.134
0.302
0.264
0.209
0.255
0.131
0.045
0.149
0.306
0.424
0.756
0.619
0.656
0.633
0.745
0.677
0.804
0.714
0.756
0.787
0.86
0.848
0.893
0.968
0.92
1.076
1.055
1.271
1.355
1.351
1.404
1.24
1.014
0.904
0.728
0.64
0.444
0.37
0.208
0.203
0.018
-0.016
-0.05
-0.046
-0.122
-0.216
-0.215
-0.186
-0.161
-0.231
-0.384
-0.396
-0.414
-0.47
-0.464
-0.561
-0.661
-0.704
-0.713
-0.756
-0.733
-0.831
-0.794
-0.751
-0.7
-0.606
-0.57
-0.362
-0.344
-0.214
-0.276
-0.188
-0.084
0.02
0.121
0.242
0.435
0.579
0.72
0.88
0.826
0.703
0.593
0.534
0.446
0.349
0.531
0.496
0.485
0.487
0.261
0.357
0.151
0.104
-0.024
-0.115
-0.244
-0.318
-0.269
-0.43
-0.515
-0.546
-0.395
-0.399
-0.39
-0.43
-0.348
-0.359
-0.421
-0.445
-0.261
-0.388
-0.268
-0.334
-0.185
-0.211
-0.116
-0.13
-0.107
0.001
0.216
0.329
0.44
0.449
0.417
0.426
0.446
0.521
0.521
0.366
0.29
0.28
0.23
0.131
0.059
0.114
0.152
0.04
0.014
0.084
0.04
0.007
0.01
0.066
-0.022
-0.182
-0.124
-0.158
-0.256
-0.289
-0.38
-0.239
-0.233
-0.263
-0.5
-0.636
-0.7
-0.671
-0.85
-1.034
-0.989
-1.121
-1.101
-1.012
-0.853
-0.906
-0.796
-0.825
-0.789
-0.581
-0.619
-0.542
-0.522
-0.415
-0.45
-0.388
-0.312
-0.223
-0.009
0.01
-0.005
-0.003
0.319
0.378
0.549
0.464
0.319
0.299
0.401
0.38
0.422
0.259
0.199
0.151
0.015
-0.03
-0.083
0.006
-0.065
-0.133
-0.186
-0.323
-0.315
-0.438
-0.714
-0.647
-0.761
-0.654
-0.609
-0.728
-0.776
-0.899
-0.899
-1.107
-1.074
-0.86
-0.905
-0.81
-0.807
-0.772
-0.726
-0.704
-0.711
-0.598
-0.465
-0.288
-0.158
0.06
0.034
0.21
0.238
0.406
0.416
0.388
0.394
0.439
0.411
0.328
0.379
0.468
0.487
0.354
0.411
0.319
0.1
-0.044
-0.107
-0.118
-0.143
-0.209
-0.246
-0.335
-0.224
-0.285
-0.508
-0.546
-0.65
-0.72
-0.598
-0.726
-0.681
-0.951
-1.001
-0.99
-0.97
-0.864
-0.719
-0.604
-0.419
-0.386
-0.408
-0.341
-0.177
-0.131
-0.18
-0.306
-0.2
-0.168
-0.136
-0.045
-0.1
-0.089
0.014
0.079
0.077
0.136
0.124
0.253
0.289
0.2
0.319
0.284
0.292
0.269
0.466
0.619
0.838
1.081
1.074
1.121
1.163
1.191
1.088
0.871
0.501
0.693
0.594
0.559
0.335
0.417
0.51
0.2
0.367
0.366
0.297
0.281
0.265
0.214
0.235
0.195
0.234
0.046
0.241
0.064
-0.025
0.029
-0.021
0.029
-0.018
-0.007
0.09
0.109
0.121
0.086
0.101
0.107
0.211
0.14
0.338
0.26
0.228
-1.268
0.283
0.265
0.306
0.176
0.134
0.25
0.045
0.203
0.221
0.146
0.2
0.271
0.126
0.104
0.007
-0.12
-0.113
-0.211
0.03
-0.094
-0.054
-0.055
0.136
0.136
0.16
0.19
0.164
0.101
0.145
0.26
0.304
0.444
0.238
0.184
0.194
0.13
0.004
-0.131
-0.229
-0.454
-0.374
-0.311
-0.344
-0.366
-0.343
-0.421
-0.474
-0.315
-0.328
-0.352
-0.086
0.072
-0.049
-0.028
0.106
0.049
0.046
0.099
0.101
0.069
-0.018
-0.071
-0.271
-0.138
-0.196
-0.079
-0.145
-0.321
0.004
-0.238
-0.233
-0.225
-0.104
-0.104
0.211
0.092
0.025
0.019
0.044
0.086
0.361
0.42
0.453
0.511
0.534
0.539
0.346
0.286
0.413
0.499
0.348
0.424
0.598
0.598
0.629
0.869
0.824
1.109
1.059
1.136
1.066
1.056
0.776
0.616
0.568
0.581
0.621
0.611
0.616
0.699
0.51
0.421
0.367
0.3
0.324
0.249
0.251
0.065
0.156
-0.065
-0.106
-0.2
-0.198
-0.216
-0.206
-0.174
-0.098
-0.185
-0.026
-0.019
0.041
0.107
-0.045
0.114
0.135
-0.007
0.045
0.034
-0.004
-0.031
-0.1
-0.036
0.072
0.007
0.106
0.175
0.292
0.378
0.37
0.163
0.165
0.158
0.02
0.188
0.2
0.234
0.105
0.054
0.121
0.074
0.271
0.249
0.335
0.195
0.29
0.311
0.284
0.26
0.39
0.188
0.152
0.221
0.124
0.12
0.098
0.099
0.13
0.205
0.104
0.181
0.225
0.104
0.198
0.28
0.344
0.333
0.259
0.188
0.165
0.367
0.32
0.339
0.39
0.421
0.432
0.413
0.431
0.417
0.19
0.391
0.366
0.381
0.38
0.441
0.621
0.751
0.858
0.784
0.79
0.844
0.9
0.906
0.939
0.929
0.799
0.686
0.743
0.564
0.656
0.385
0.504
0.591
0.581
0.64
0.695
0.506
0.224
0.326
0.393
0.349
0.525
0.504
0.501
0.501
0.511
0.593
0.372
0.135
0.001
0.0
0.01
-0.236
-0.249
-0.217
-0.223
-0.146
-0.236
-0.039
-0.18
0.028
0.294
0.299
0.388
0.63
0.509
0.521
0.258
0.27
0.122
0.159
0.263
0.261
0.268
0.152
0.188
0.311
0.245
0.286
0.41
0.224
0.106
0.043
0.02
-0.044
-0.208
-0.341
-0.45
-0.554
-0.527
-0.471
-0.718
-0.734
-0.696
-0.571
-0.478
-0.489
-0.352
-0.292
-0.161
-0.164
-0.189
-0.233
-0.316
-0.203
-0.242
-0.225
-0.276
-0.384
-0.343
-0.349
-0.376
-0.304
-0.335
-0.491
-0.453
-0.614
-0.64
-0.626
-0.645
-0.464
-0.416
-0.47
-0.43
-0.348
-0.486
-0.225
-0.194
-0.501
-0.426
-0.779
-0.655
-0.615
-0.534
-0.484
-0.468
-0.33
-0.188
-0.115
-0.089
-0.169
-0.136
-0.195
-0.064
-0.19
-0.095
-0.179
-0.265
-0.171
-0.173
-0.019
0.14
-0.121
-0.051
-0.064
0.115
0.318
0.271
0.196
0.221
0.369
0.49
0.696
0.87
1.218
1.292
1.565
1.603
1.665
1.683
2.018
2.147
2.172
2.006
1.796
1.641
1.319
1.154
0.984
1.154
0.91
0.886
0.874
1.04
1.076
1.135
1.096
1.265
1.145
1.191
1.159
1.219
1.034
0.848
0.745
0.62
0.615
0.552
0.261
0.041
-0.039
-0.216
-0.311
-0.48
-0.492
-0.539
-0.529
-0.517
-0.61
-0.878
-0.774
-0.791
-1.049
-1.136
-1.285
-1.216
-1.315
-1.431
-1.624
-1.752
-1.764
-1.719
-1.749
-1.811
-1.746
-1.704
-1.736
-1.446
-1.396
-1.23
-1.308
-0.835
-0.907
-0.85
-0.705
-0.795
-0.535
-0.426
-0.386
-0.405
-0.446
-0.283
-0.432
-0.323
-0.235
0.004
0.152
0.22
0.261
0.044
0.166
0.179
-0.005
-0.048
-0.058
0.088
-0.04
0.059
0.011
0.146
0.04
0.221
0.224
0.054
-0.15
-0.05
0.001
-0.071
-0.06
-0.039
-0.16
-0.125
0.083
-0.094
-0.007
0.052
0.036
0.01
-0.072
0.156
0.081
-0.11
0.011
0.1
0.069
0.216
0.154
0.188
0.099
0.036
0.14
0.13
0.046
-0.107
-0.239
-0.23
-0.189
-0.193
-0.152
0.031
-0.026
-0.107
-0.194
0.003
0.1
0.096
0.098
0.061
0.061
0.005
-0.259
-0.321
-0.336
-0.305
-0.185
-0.25
-0.304
-0.316
-0.326
-0.221
-0.215
-0.209
-0.489
-0.489
-0.568
-0.499
-0.551
-0.604
-0.818
-0.75
-0.912
-0.721
-0.698
-0.559
-0.516
-0.415
-0.311
-0.42
-0.25
-0.217
-0.081
-0.014
0.019
0.116
0.054
-0.096
0.01
0.171
0.473
0.505
0.671
0.633
0.743
0.771
0.759
0.639
0.583
0.485
0.31
0.296
0.436
0.356
0.226
0.344
0.41
0.271
0.072
0.021
0.079
-0.1
-0.131
-0.125
-0.225
-0.041
-0.069
-0.043
-0.143
-0.279
-0.383
-0.24
-0.39
-0.527
-0.432
-0.551
-0.682
-0.631
-0.736
-0.776
-0.695
-0.684
-0.633
-0.744
-0.532
-0.695
-0.705
-0.922
-0.8
-0.904
-0.929
-0.728
-0.754
-0.664
-0.688
-0.541
-0.421
-0.328
-0.295
-0.245
-0.196
-0.284
-0.164
-0.205
-0.314
-0.221
-0.11
0.161
0.066
0.128
0.302
0.124
0.24
0.258
0.266
0.184
0.128
0.13
0.145
0.255
0.161
0.285
0.144
0.289
0.36
0.289
0.211
0.217
0.357
0.509
0.517
0.606
0.694
0.743
0.677
0.733
0.721
0.774
0.753
0.954
0.871
0.634
0.56
0.655
0.634
0.485
0.44
0.369
0.321
0.28
0.254
0.331
0.226
0.401
0.263
0.365
0.201
0.196
0.184
0.193
0.11
0.037
-0.004
-0.103
-0.098
-0.274
-0.164
-0.316
-0.466
-0.586
-0.829
-0.691
-0.88
-0.749
-0.665
-0.801
-0.75
-0.819
-0.869
-0.996
-1.149
-1.188
-1.068
-1.05
-1.19
-1.041
-1.09
-0.851
-0.556
-0.389
-0.394
-0.381
-0.309
-0.356
-0.139
-0.106
-0.168
-0.235
-0.259
-0.259
-0.195
-0.18
-0.146
-0.005
-0.103
-0.169
-0.094
-0.249
-0.33
-0.329
-0.551
-0.589
-0.56
-0.478
-0.703
-0.542
-0.409
-0.486
-0.595
-0.555
-0.739
-0.746
-0.894
-0.825
-0.819
-0.849
-0.789
-0.724
-0.654
-0.699
-0.561
-0.495
-0.375
-0.295
-0.226
-0.114
-0.212
-0.121
-0.209
-0.168
-0.28
-0.3
-0.121
-0.031
0.08
0.051
0.251
0.251
0.581
0.62
0.56
0.578
0.688
0.698
0.608
0.512
0.524
0.546
0.66
0.486
0.485
0.495
0.454
0.343
0.273
0.436
0.431
0.379
0.438
0.199
-0.052
0.268
-0.099
-0.046
-0.089
-0.096
-0.055
0.051
0.009
-0.152
-0.177
-0.194
-0.284
-0.3
-0.384
-0.422
-0.618
-0.445
-0.57
-0.499
-0.487
-0.411
-0.286
-0.255
-0.334
-0.176
-0.189
-0.165
-0.185
-0.198
-0.12
0.114
0.034
0.135
0.066
-0.011
-0.104
-0.121
-0.09
-0.098
-0.11
-0.189
-0.217
-0.344
-0.11
-0.176
-0.28
-0.275
-0.242
-0.074
-0.217
0.004
-0.28
-0.35
-0.329
-0.409
-0.584
-0.631
-0.781
-0.859
-0.691
-0.753
-0.733
-0.71
-0.628
-0.758
-0.814
-0.728
-0.633
-0.704
-0.772
-0.751
-0.812
-0.519
-0.616
-0.604
-0.573
-0.458
-0.376
-0.28
-0.39
-0.284
-0.229
-0.169
-0.121
-0.003
-0.081
0.115
0.335
0.14
0.301
0.229
0.422
0.506
0.501
0.601
0.614
0.688
0.671
0.623
0.611
0.768
0.619
0.769
0.848
0.838
1.093
0.986
0.769
0.901
0.797
0.72
0.474
0.504
0.294
0.101
0.035
-0.04
0.079
-0.048
-0.182
-0.062
-0.04
-0.064
0.01
0.026
0.124
0.071
-0.037
0.077
-0.088
-0.007
-0.18
-0.011
0.186
0.145
0.241
0.223
0.26
0.469
0.554
0.562
0.389
0.37
0.453
0.494
0.386
0.261
0.301
0.152
-0.254
-0.225
-0.375
-0.391
-0.107
-0.158
-0.089
-0.11
-0.131
-0.297
-0.424
-0.305
-0.479
-0.151
-0.228
-0.209
-0.221
-0.422
-0.301
-0.343
-0.113
0.076
0.116
0.269
0.307
0.364
0.221
0.448
0.435
0.32
0.361
0.408
0.362
0.214
0.297
0.164
0.357
0.385
0.314
0.367
0.286
0.17
0.217
0.034
0.085
0.22
0.241
0.22
0.181
0.2
-0.107
0.174
0.058
0.088
-0.014
0.155
0.173
0.146
0.092
0.028
-0.041
-0.145
-0.186
-0.307
-0.182
-0.174
-0.151
-0.035
0.035
0.015
0.034
0.176
0.003
-0.049
0.059
-0.106
-0.189
-0.269
-0.128
-0.041
-0.113
-0.06
0.064
0.048
-0.081
-0.025
-0.06
-0.085
0.004
-0.155
-0.205
-0.107
0.045
0.06
-0.075
-0.092
-0.08
0.139
0.05
0.004
-0.08
-0.046
-0.211
-0.233
-0.216
-0.144
0.04
0.198
-0.219
-0.186
-0.139
0.064
-0.088
0.124
0.033
0.041
0.229
0.11
0.101
0.036
0.088
0.25
0.343
0.372
0.37
0.405
0.351
0.461
0.489
0.598
0.604
0.556
0.345
0.307
0.459
0.338
0.292
0.314
0.13
-0.055
-0.024
0.088
0.0
0.076
0.072
0.194
0.163
0.18
-0.048
-0.129
-0.014
0.151
0.049
-0.084
-0.211
-0.28
-0.371
-0.424
-0.24
-0.242
-0.17
-0.071
0.1
0.196
0.279
0.161
0.225
0.159
0.163
0.206
0.165
0.14
0.23
0.221
0.326
0.475
0.521
0.542
0.579
0.574
0.735
0.938
0.932
0.993
1.005
0.968
1.12
0.941
1.135
0.954
0.938
1.173
1.062
1.109
1.107
1.195
1.203
1.016
0.855
0.791
0.66
0.631
0.532
0.338
0.33
0.195
0.206
0.29
0.246
0.043
0.12
0.238
0.214
0.179
-0.004
0.136
0.155
0.129
-0.069
0.05
0.379
0.315
0.271
0.314
0.249
0.321
0.33
0.566
0.434
0.531
0.44
0.556
0.516
0.426
0.466
0.681
0.879
0.879
0.988
1.127
1.318
1.304
1.373
1.38
1.373
1.304
1.269
1.166
1.321
1.345
1.377
1.843
1.534
1.772
1.88
1.651
1.476
1.346
1.404
1.421
1.369
1.485
1.5
1.413
1.532
1.3
1.323
1.15
1.165
1.185
0.949
0.858
0.721
0.721
0.598
0.456
0.261
0.146
-0.079
0.083
-0.081
-0.075
0.02
-0.224
-0.107
-0.145
-0.249
-0.226
-0.38
-0.576
-0.537
-0.606
-0.573
-0.636
-0.66
-0.758
-0.876
-1.136
-1.475
-1.532
-1.769
-1.596
-1.413
-1.446
-1.347
-1.331
-1.276
-1.22
-1.221
-1.25
-0.975
-1.052
-1.01
-0.965
-0.973
-0.944
-1.07
-1.083
-1.048
-0.953
-0.624
-0.365
-0.299
-0.085
0.175
0.224
0.231
0.268
0.36
0.378
0.454
0.561
0.652
0.561
0.639
0.715
0.865
1.001
0.971
0.991
1.166
0.934
0.978
1.151
1.186
1.302
1.248
1.301
1.37
1.13
0.973
1.029
0.888
0.588
0.459
0.321
0.334
0.24
0.229
0.223
0.264
0.441
0.415
0.515
0.421
0.366
0.12
-0.045
-0.035
-0.044
-0.147
-0.062
-0.024
0.065
0.109
0.058
-0.013
0.096
0.126
0.033
0.066
0.109
0.081
0.015
-0.048
0.105
0.054
-0.04
-0.03
-0.138
-0.155
-0.007
-0.083
-0.176
-0.028
0.088
-0.104
-0.191
-0.314
-0.575
-0.686
-0.609
-0.825
-0.834
-0.965
-0.936
-0.858
-0.901
-0.917
-0.87
-0.839
-0.684
-0.55
-0.361
-0.254
-0.11
-0.119
0.01
0.045
0.119
-0.037
0.009
-0.083
-0.033
0.126
0.071
0.171
0.019
0.171
0.154
0.194
0.2
-0.02
-0.064
-0.096
-0.177
-0.484
-0.62
-0.784
-1.0
-1.0
-0.925
-1.036
-1.05
-1.146
-1.174
-1.244
-1.18
-1.34
-1.203
-1.19
-0.926
-1.056
-0.96
-0.68
-0.682
-0.547
-0.413
-0.186
-0.199
-0.116
-0.144
-0.135
-0.128
-0.113
0.029
0.415
0.49
0.55
0.691
0.736
0.659
0.484
0.529
0.559
0.735
0.779
0.875
0.764
0.932
0.979
0.983
0.966
0.784
0.853
0.814
0.75
0.864
0.835
0.86
0.909
0.974
0.789
0.868
1.117
1.135
1.058
0.825
0.744
0.714
0.481
0.405
0.15
0.126
0.085
0.046
-0.122
-0.149
-0.169
-0.226
-0.29
-0.434
-0.39
-0.464
-0.445
-0.229
-0.22
-0.393
-0.431
-0.429
-0.639
-0.642
-0.866
-1.041
-1.21
-1.278
-1.205
-1.083
-0.948
-1.008
-0.841
-0.823
-0.839
-0.912
-0.763
-0.604
-0.569
-0.6
-0.505
-0.46
-0.38
-0.426
-0.378
-0.531
-0.534
-0.503
-0.496
-0.474
-0.537
-0.501
-0.695
-0.471
-0.611
-0.624
-0.7
-0.616
-0.6
-0.661
-0.468
-0.546
-0.594
-0.766
-0.646
-0.839
-0.883
-0.915
-1.107
-1.062
-1.121
-1.059
-0.959
-0.812
-0.7
-0.662
-0.515
-0.575
-0.569
-0.571
-0.509
-0.542
-0.594
-0.611
-0.485
-0.574
-0.439
-0.346
-0.253
-0.233
-0.288
-0.244
-0.165
-0.129
-0.015
0.05
0.135
0.133
0.15
0.085
0.113
0.026
-0.049
0.151
0.066
-0.071
-0.04
-0.077
-0.061
-0.043
-0.11
0.071
-0.105
-0.129
-0.129
-0.146
-0.04
-0.2
-0.086
-0.179
-0.056
-0.193
-0.077
-0.031
0.109
0.234
0.39
0.41
0.546
0.725
0.688
0.741
0.799
0.739
0.789
0.774
0.844
0.989
1.071
1.079
1.222
1.139
1.262
1.29
1.019
0.875
0.897
0.824
0.777
0.728
0.616
0.674
0.481
0.581
0.345
0.266
0.28
0.011
-0.26
-0.11
-0.429
-0.491
-0.415
-0.478
-0.686
-0.718
-0.69
-0.616
-0.74
-0.698
-0.611
-0.675
-0.749
-0.8
-0.639
-0.691
-0.486
-0.478
-0.253
-0.231
-0.171
-0.306
-0.119
-0.077
0.215
0.336
0.497
0.56
0.53
0.413
0.425
0.339
0.366
0.606
0.843
0.881
0.758
0.621
0.359
0.451
0.359
0.401
0.323
0.49
0.522
0.469
0.63
0.43
0.441
0.411
0.16
0.051
-0.046
-0.018
-0.154
-0.107
-0.111
-0.052
-0.188
-0.059
-0.139
-0.203
-0.284
-0.305
-0.366
-0.279
-0.236
-0.095
0.004
0.166
-0.074
-0.141
-0.03
-0.116
-0.193
-0.133
-0.049
-0.079
-0.004
0.09
0.036
0.115
0.242
0.309
0.411
0.508
0.62
0.571
0.682
0.623
0.646
0.625
0.554
0.517
0.315
0.206
0.033
-0.098
0.01
-0.1
-0.219
-0.095
-0.134
0.034
0.107
0.249
0.116
-0.007
0.156
0.168
0.171
0.144
0.058
0.092
0.043
-0.064
0.013
0.061
0.136
0.079
0.037
0.092
0.147
0.118
0.088
-0.181
-0.25
-0.359
-0.264
-0.234
-0.173
-0.094
-0.007
0.114
0.285
0.356
0.289
0.147
0.198
0.154
0.261
0.45
0.364
0.371
0.556
0.241
0.219
0.085
0.263
-0.009
-0.029
-0.217
-0.296
-0.439
-0.57
-0.417
-0.62
-0.642
-0.809
-0.921
-0.941
-0.906
-0.922
-1.044
-0.83
-0.795
-0.66
-0.645
-0.764
-0.719
-0.849
-0.789
-0.579
-0.405
-0.527
-0.465
-0.279
-0.499
-0.524
-0.391
-0.323
-0.19
-0.114
-0.076
0.009
0.115
0.046
-0.041
-0.121
-0.349
-0.449
-0.133
-0.217
-0.064
-0.011
-0.176
-0.119
-0.043
-0.118
-0.146
-0.051
-0.1
-0.079
-0.056
-0.08
-0.083
-0.04
-0.029
0.084
-0.069
-0.173
-0.03
-0.051
-0.062
-0.022
-0.071
-0.134
0.041
0.122
0.324
0.33
0.311
0.431
0.422
0.14
-0.065
0.086
0.09
0.109
0.226
0.235
0.194
0.266
0.256
0.251
0.114
0.131
0.151
0.14
0.15
0.036
-0.001
-0.091
-0.146
-0.029
-0.255
-0.31
-0.205
0.065
0.009
0.03
-0.045
0.055
-0.039
-0.251
-0.14
-0.152
-0.161
-0.152
-0.346
-0.396
-0.544
-0.599
-0.672
-0.362
-0.519
-0.481
-0.527
-0.466
-0.495
-0.419
-0.189
-0.145
0.001
0.03
0.285
0.521
0.429
0.438
0.588
0.409
0.365
0.487
0.491
0.795
0.646
0.634
0.409
0.432
0.314
0.443
0.346
0.219
0.289
0.416
0.208
0.35
0.391
0.37
0.468
0.343
0.431
0.421
0.284
0.135
0.169
0.08
0.116
0.029
-0.02
0.033
-0.1
-0.049
-0.143
-0.125
-0.08
-0.025
-0.071
-0.216
-0.177
-0.165
-0.174
-0.185
-0.214
-0.2
-0.247
-0.03
-0.18
-0.124
-0.249
-0.176
-0.251
-0.226
-0.296
-0.315
-0.444
-0.371
-0.346
-0.379
-0.319
-0.374
-0.306
-0.352
-0.299
-0.321
-0.361
-0.388
-0.348
-0.361
-0.328
-0.42
-0.478
-0.424
-0.459
-0.307
-0.163
-0.194
-0.072
-0.304
-0.224
-0.281
-0.058
0.029
-0.041
-0.059
-0.028
-0.004
0.046
-0.031
-0.005
0.08
0.28
0.281
0.525
0.482
0.644
0.677
0.718
0.782
0.907
1.129
1.288
1.406
1.374
1.39
1.331
1.37
1.29
1.393
1.099
0.976
0.94
0.797
0.946
0.828
0.699
0.544
0.591
0.571
0.514
0.372
0.375
0.395
0.451
0.395
0.409
0.404
0.264
0.297
0.274
0.403
0.292
0.35
0.258
0.364
0.11
0.348
0.32
0.319
0.616
0.649
0.878
0.828
0.921
0.815
0.985
1.022
0.995
1.103
1.032
1.089
1.008
0.974
0.904
0.853
0.811
0.794
0.586
0.466
0.334
0.04
-0.011
-0.026
-0.286
-0.164
-0.175
-0.203
0.04
0.088
0.321
0.398
0.336
0.479
0.135
0.176
0.168
0.306
0.532
0.35
0.01
0.21
0.11
-0.086
-0.036
0.081
0.22
0.174
-0.111
-0.15
-0.194
-0.3
-0.171
-0.225
-0.151
-0.311
-0.531
-0.529
-0.534
-0.629
-0.606
-0.571
-0.408
-0.494
-0.605
-0.598
-0.724
-0.624
-0.703
-0.925
-0.959
-1.136
-1.101
-0.881
-0.812
-0.907
-1.052
-1.119
-0.981
-0.811
-0.901
-0.756
-0.84
-0.575
-0.506
-0.751
-0.625
-0.456
-0.269
-0.359
-0.551
-0.485
-0.451
-0.304
-0.133
-0.124
-0.311
-0.036
0.071
0.125
0.069
0.1
0.101
-0.036
-0.095
-0.134
0.009
0.14
0.288
0.532
0.529
0.675
0.62
0.684
0.675
0.58
0.6
0.403
0.545
0.461
0.034
0.149
0.037
0.115
0.058
0.225
0.122
0.098
0.105
0.059
0.144
-0.061
0.325
0.306
0.311
0.426
0.431
0.703
0.634
0.743
0.526
0.552
0.41
0.236
0.352
0.208
-0.05
-0.088
0.199
0.109
0.25
0.251
0.366
0.311
0.294
0.486
0.564
0.654
0.741
0.749
0.799
0.874
0.828
0.75
0.703
0.681
0.647
0.781
0.686
0.726
0.756
0.574
0.568
0.552
0.69
0.814
0.591
0.774
0.71
0.639
0.509
0.479
0.456
0.581
0.531
0.66
0.371
0.556
0.315
0.396
0.133
0.083
0.118
0.156
0.085
0.015
0.079
0.143
0.12
0.219
-0.119
-0.122
-0.427
-0.429
-0.644
-0.833
-0.802
-0.966
-1.009
-1.088
-0.839
-0.695
-0.609
-0.568
-0.355
-0.466
-0.4
-0.585
-0.686
-0.638
-0.763
-1.004
-0.881
-0.894
-0.799
-0.881
-1.002
-1.19
-1.176
-0.943
-0.899
-0.865
-0.856
-0.754
-0.769
-0.895
-0.721
-0.46
-0.649
-0.776
-0.839
-0.71
-0.83
-0.598
-0.401
-0.134
0.022
0.294
0.357
0.474
0.497
0.422
0.5
0.581
0.61
0.99
0.951
1.115
1.219
1.249
1.177
1.0
0.969
0.948
1.11
0.807
0.766
0.736
0.7
0.511
0.487
0.509
0.406
0.427
0.556
0.557
0.521
0.338
0.245
0.11
0.052
0.074
0.122
0.156
0.006
-0.119
-0.211
-0.241
-0.512
-0.665
-0.68
-0.841
-0.861
-1.025
-1.065
-1.285
-1.356
-1.351
-1.521
-1.588
-1.241
-1.262
-1.06
-1.036
-0.771
-0.841
-0.759
-0.549
-0.463
-0.469
-0.446
-0.484
-0.44
-0.306
-0.149
-0.264
-0.152
-0.133
-0.295
-0.249
-0.405
-0.235
-0.124
-0.146
-0.019
0.249
0.291
0.003
0.028
0.019
-0.046
0.15
0.059
0.01
0.251
0.116
0.128
-0.116
-0.066
-0.26
-0.236
-0.393
-0.333
-0.512
-0.444
-0.746
-0.818
-0.605
-0.675
-0.781
-0.76
-0.784
-0.646
-0.584
-0.539
-0.601
-0.31
-0.018
0.173
0.276
0.405
0.334
0.455
0.435
0.464
0.608
0.604
0.504
0.53
0.478
0.474
0.614
0.568
0.546
0.736
0.708
0.4
0.444
0.559
0.225
0.254
0.12
0.037
-0.001
0.146
0.103
0.136
0.061
0.026
0.001
0.104
0.098
0.025
-0.003
-0.028
-0.175
-0.249
-0.341
-0.552
-0.42
-0.456
-0.579
-0.629
-0.508
-0.525
-0.501
-0.411
-0.273
-0.253
-0.135
-0.028
-0.046
-0.065
-0.029
0.116
0.043
0.083
0.025
0.07
0.055
-0.046
-0.099
-0.168
-0.2
-0.319
-0.23
-0.301
-0.474
-0.388
-0.399
-0.506
-0.336
-0.346
-0.214
-0.191
-0.224
0.056
0.026
0.029
0.066
0.095
0.14
-0.126
0.283
0.224
0.292
0.301
0.33
0.383
0.334
0.294
0.321
0.469
0.281
0.35
0.276
0.35
0.444
0.574
0.593
0.584
0.689
0.802
0.777
0.881
0.634
0.497
0.529
0.489
0.449
0.66
0.713
0.682
0.645
0.721
0.655
0.495
0.574
0.541
0.611
0.522
0.665
0.565
0.6
0.516
0.509
0.649
0.725
0.61
0.503
0.559
0.514
0.66
0.706
0.685
0.734
0.38
0.251
0.144
0.071
-0.105
-0.019
0.165
0.155
0.003
-0.065
-0.169
-0.163
-0.075
-0.094
-0.146
-0.2
-0.326
-0.56
-0.615
-0.774
-0.698
-0.6
-0.68
-0.816
-0.959
-0.951
-0.935
-0.886
-0.836
-0.895
-0.885
-0.958
-0.907
-0.816
-0.934
-0.825
-0.824
-0.743
-0.761
-0.922
-0.876
-0.807
-0.745
-0.819
-0.828
-0.759
-0.635
-0.555
-0.638
-0.586
-0.527
-0.547
-0.517
-0.366
-0.499
-0.384
-0.468
-0.43
-0.256
-0.421
-0.289
-0.268
-0.122
-0.235
-0.007
0.099
0.083
-0.188
-0.171
-0.296
-0.51
-0.478
-0.417
-0.639
-0.564
-0.591
-0.515
-0.676
-0.758
-0.812
-0.911
-0.794
-0.76
-0.765
-0.856
-0.938
-0.806
-0.878
-0.804
-0.708
-0.514
-0.459
-0.328
-0.47
-0.354
-0.421
-0.378
-0.2
-0.256
-0.228
-0.246
-0.201
-0.025
0.029
0.096
0.24
0.291
0.29
0.4
0.409
0.492
0.549
0.556
0.53
0.688
0.606
0.854
0.781
0.915
0.843
0.931
0.953
1.089
0.856
0.785
0.693
0.818
0.726
0.784
0.889
0.654
0.545
0.667
0.583
0.441
0.39
0.403
0.296
0.185
0.1
-0.022
0.163
0.054
0.074
-0.118
-0.224
-0.235
-0.32
-0.432
-0.526
-0.492
-0.537
-0.628
-0.478
-0.478
-0.38
-0.544
-0.404
-0.47
-0.341
-0.304
-0.27
-0.064
-0.085
-0.076
