0.203
0.547
0.427
0.367
0.545
0.542
0.564
0.656
0.635
0.775
0.636
0.372
0.311
0.191
0.379
0.444
0.537
0.588
0.559
0.37
0.316
0.217
0.211
0.229
0.004
-0.165
0.084
-0.062
-0.116
-0.077
0.014
-0.27
-0.341
-0.551
-0.583
-0.57
-0.596
-0.516
-0.527
-0.586
-0.657
-0.78
-0.603
-0.889
-0.985
-1.039
-0.874
-0.809
-0.652
-0.662
-0.728
-0.345
-0.471
-0.568
-0.801
-0.569
-0.426
-0.32
-0.276
-0.291
-0.38
-0.27
-0.133
-0.251
-0.072
0.072
0.193
0.253
0.39
0.531
0.489
0.512
0.485
0.263
0.512
0.46
0.943
0.527
0.424
0.278
0.013
-0.064
-0.149
0.015
0.125
-0.16
0.098
-0.226
0.254
0.316
0.152
-0.044
0.06
-0.046
0.284
0.284
0.249
0.075
0.129
0.15
0.265
0.414
0.599
0.689
0.661
0.649
0.561
0.39
0.259
-0.024
0.306
0.165
0.09
0.084
-0.072
-0.094
-0.061
-0.339
-0.458
-0.334
-0.291
-0.419
-0.39
-0.6
-0.665
-0.47
-0.22
-0.292
-0.246
-0.309
-0.292
-0.376
-0.486
-0.481
-0.324
-0.329
-0.443
-0.43
-0.375
-0.474
-0.595
-0.463
-0.706
-0.367
-0.326
-0.194
-0.103
-0.23
-0.473
-0.504
-0.348
-0.352
-0.054
-0.049
-0.116
0.081
-0.022
0.009
0.048
0.095
0.07
0.11
0.059
-0.081
-0.144
-0.051
-0.061
-0.239
-0.396
-0.439
-0.383
-0.406
-0.446
-0.413
-0.301
-0.159
0.212
0.182
0.354
0.484
0.285
0.188
-0.079
-0.022
0.173
0.306
0.315
0.471
0.536
0.416
0.203
0.114
0.04
-0.037
0.247
0.49
0.394
0.573
0.686
0.633
0.699
0.706
0.657
0.623
0.58
0.485
0.361
0.469
0.589
0.496
0.404
0.307
0.124
0.26
0.09
0.113
0.134
0.307
0.074
-0.249
-0.255
-0.198
-0.416
-0.59
-0.659
-0.736
-0.311
-0.603
-0.812
-0.955
-1.005
-1.062
-1.005
-0.98
-0.824
-0.919
-0.851
-1.075
-1.029
-1.021
-0.968
-0.86
-0.999
-1.083
-1.089
-1.038
-0.799
-0.781
-0.584
-0.554
-0.413
-0.33
-0.343
-0.495
-0.229
0.06
-0.013
0.297
0.128
0.065
0.145
0.124
0.101
0.03
-0.131
-0.163
-0.291
-0.325
-0.329
-0.364
-0.242
-0.209
-0.125
-0.236
-0.415
-0.288
-0.228
-0.386
-0.496
-0.54
-0.354
-0.249
-0.16
-0.203
-0.049
-0.006
-0.085
-0.03
-0.115
-0.113
-0.189
-0.06
0.013
-0.268
-0.119
-0.325
-0.055
0.203
0.072
0.111
0.151
0.361
0.297
0.396
0.309
0.455
0.473
0.718
0.811
0.75
0.781
0.664
0.766
0.959
0.864
0.829
0.746
0.864
0.789
1.032
0.893
0.688
0.638
0.699
0.807
0.843
0.841
0.775
0.885
0.965
0.875
0.765
0.68
0.443
0.191
0.19
0.203
0.065
0.144
0.056
0.285
-0.118
-0.076
-0.055
-0.188
-0.125
-0.253
-0.276
-0.386
-0.339
-0.562
-0.754
-0.57
-0.681
-0.672
-0.58
-0.932
-0.848
-0.959
-1.081
-0.869
-0.585
-0.679
-0.515
-0.329
-0.143
-0.092
-0.419
-0.278
-0.329
-0.356
-0.261
-0.295
0.034
0.013
-0.176
0.131
-0.079
0.061
0.066
0.215
0.17
0.226
0.244
0.242
0.245
0.38
0.585
0.716
0.833
0.891
0.953
1.073
1.179
1.216
1.222
1.203
1.285
1.066
1.089
1.204
1.377
1.209
1.214
1.198
1.222
1.166
1.059
1.078
0.985
1.022
1.025
0.876
1.069
1.03
0.864
0.693
0.899
0.708
0.821
0.763
0.839
0.714
0.631
0.43
0.346
0.379
-0.005
0.125
0.013
0.226
0.179
-0.147
0.015
-0.146
-0.138
-0.297
-0.406
-0.189
-0.324
-0.369
-0.591
-0.645
-0.694
-0.744
-0.706
-0.806
-0.784
-0.647
-0.73
-0.691
-0.557
-0.458
-0.568
-0.301
-0.33
-0.273
-0.367
-0.436
-0.297
-0.406
-0.242
-0.013
-0.018
0.086
0.165
0.034
0.035
-0.015
-0.066
-0.199
-0.169
-0.292
-0.255
-0.133
-0.191
0.07
0.022
0.056
0.1
0.245
0.19
0.147
0.039
0.039
0.0
0.045
-0.161
-0.263
-0.466
-0.59
-0.608
-0.823
-0.753
-0.811
-0.79
-0.666
-0.661
-0.417
-0.273
-0.251
-0.346
-0.509
-0.497
-0.598
-0.741
-0.621
-0.615
-0.535
-0.545
-0.454
-0.446
-0.411
-0.443
-0.484
-0.269
-0.24
-0.449
-0.542
-0.703
-0.705
-0.77
-0.556
-0.615
-0.497
-0.551
-0.195
-0.359
-0.011
-0.035
0.174
0.193
0.141
0.075
0.151
0.239
0.011
-0.205
-0.076
-0.165
-0.099
-0.015
-0.003
-0.014
-0.189
-0.348
-0.519
-0.576
-0.749
-0.62
-0.7
-0.596
-0.494
-0.314
-0.225
-0.209
-0.131
-0.182
-0.077
-0.024
-0.14
-0.16
0.029
0.09
0.054
0.221
0.371
0.504
0.628
0.621
0.73
0.774
0.69
0.704
0.859
0.728
0.858
0.596
0.941
0.949
0.955
0.838
0.835
0.863
0.802
0.874
0.812
0.782
0.864
0.68
0.698
0.589
0.569
0.527
0.415
0.458
0.406
0.297
0.261
0.251
0.441
0.393
0.155
0.24
0.141
0.216
0.379
0.319
0.319
0.166
0.189
0.11
0.176
0.304
0.411
0.463
0.584
0.57
0.486
0.294
0.198
0.171
0.221
0.22
0.28
0.371
0.265
-0.05
-0.066
-0.134
-0.015
-0.004
0.048
0.225
0.422
0.384
0.41
0.473
0.419
0.531
0.654
0.654
0.863
0.704
0.764
0.695
0.619
0.514
0.525
0.584
0.598
0.474
0.454
0.634
0.589
0.731
0.669
0.435
0.547
0.453
0.463
0.503
0.599
0.634
0.343
0.268
-0.129
-0.306
-0.331
-0.296
-0.37
-0.39
-0.573
-0.614
-0.524
-0.535
-0.285
-0.526
-0.54
-0.478
-0.531
-0.63
-0.726
-0.578
-0.703
-0.828
-0.481
-0.56
-0.315
-0.201
-0.186
0.046
0.021
0.06
0.22
0.379
0.265
0.152
0.214
0.25
0.159
0.084
0.16
0.21
0.32
0.381
0.344
0.235
-0.003
-0.14
-0.195
-0.275
-0.479
-0.451
-0.427
-0.36
-0.57
-0.344
-0.482
-0.474
-0.348
-0.449
-0.431
-0.37
-0.465
-0.576
-0.357
-0.61
-0.625
-0.641
-0.589
-0.314
-0.236
-0.201
-0.181
-0.052
-0.016
-0.015
0.065
0.333
0.341
0.446
0.728
0.504
0.475
0.425
0.758
0.835
0.701
0.667
0.777
0.845
0.777
0.761
0.686
0.591
0.677
0.512
0.601
0.624
0.388
0.326
0.304
-0.001
-0.216
-0.156
-0.055
-0.263
-0.083
0.069
0.379
0.26
-0.013
-0.31
-0.461
-0.574
-0.454
-0.894
-0.921
-0.874
-0.628
-0.552
-0.463
-0.415
-0.438
-0.471
-0.625
-0.554
-0.6
-0.481
-0.29
-0.201
-0.14
-0.107
-0.236
-0.381
-0.645
-0.685
-0.579
-0.691
-0.69
-0.565
-0.297
-0.479
-0.696
-0.57
-0.388
-0.421
-0.085
-0.18
-0.043
0.133
0.25
0.168
0.26
0.321
0.312
0.341
0.552
0.444
0.24
-0.094
-0.201
-0.139
-0.005
0.074
0.154
-0.224
-0.239
-0.351
-0.365
-0.475
-0.443
-0.441
-0.185
-0.247
-0.163
-0.367
-0.559
-0.398
-0.289
-0.221
-0.55
-0.255
-0.083
-0.124
-0.11
-0.348
-0.43
-0.306
-0.1
0.165
0.396
0.656
0.589
0.691
0.931
1.093
1.084
1.393
1.534
1.617
1.744
1.853
1.93
1.915
1.825
1.851
1.725
1.709
1.654
1.698
1.734
1.571
1.589
1.41
1.603
1.208
1.336
1.208
1.127
0.971
0.897
0.904
0.787
0.684
0.77
0.383
0.234
0.314
0.085
0.03
-0.089
-0.096
-0.011
-0.206
-0.212
-0.294
-0.504
-0.517
-0.599
-0.681
-0.657
-0.52
-0.482
-0.57
-0.446
-0.512
-0.388
-0.552
-0.471
-0.384
-0.335
-0.165
-0.216
-0.297
-0.364
-0.512
-0.525
-0.62
-0.574
-0.672
-0.755
-0.765
-0.819
-1.055
-0.731
-0.915
-0.851
-0.698
-0.875
-0.73
-0.771
-1.024
-1.231
-1.315
-1.2
-1.151
-1.155
-1.121
-1.075
-0.815
-0.79
-0.875
-0.856
-0.66
-0.463
-0.331
-0.24
-0.065
-0.013
0.116
0.256
0.556
0.724
0.791
0.774
0.489
0.129
0.505
0.292
0.647
0.593
0.525
0.338
0.451
0.714
0.763
0.825
1.008
1.05
1.019
1.09
1.014
0.921
0.989
1.161
1.169
1.245
1.373
1.45
1.444
1.524
1.54
1.522
1.579
1.48
1.416
1.415
1.356
1.166
1.059
1.006
0.909
0.969
0.886
0.906
0.866
0.795
0.794
0.529
0.374
0.054
-0.205
-0.271
-0.29
-0.391
-0.374
-0.454
-0.554
-0.495
-0.669
-0.729
-0.636
-0.599
-0.833
-0.829
-1.06
-0.94
-0.916
-1.03
-1.059
-0.943
-0.856
-0.75
-0.861
-0.642
-0.671
-0.78
-0.555
-0.52
-0.398
-0.422
-0.38
-0.319
-0.367
-0.391
-0.532
-0.549
-0.461
-0.269
-0.14
-0.131
0.037
0.02
0.179
0.064
0.021
-0.138
-0.022
-0.125
-0.255
-0.384
-0.46
-0.168
-0.236
-0.211
-0.155
-0.018
0.181
-0.111
-0.094
-0.103
-0.226
-0.016
-0.116
-0.177
-0.081
0.026
-0.05
-0.113
-0.23
-0.268
-0.291
-0.345
-0.194
0.031
-0.111
-0.266
-0.09
-0.165
-0.283
-0.226
-0.241
-0.151
-0.077
-0.06
0.069
-0.064
0.169
0.022
-0.129
-0.122
-0.411
-0.334
-0.258
-0.52
-0.487
-0.311
-0.206
-0.101
-0.119
-0.208
-0.184
-0.177
-0.052
-0.253
-0.214
-0.062
0.036
-0.049
-0.026
-0.135
-0.236
-0.343
-0.251
-0.247
-0.246
-0.396
-0.206
-0.226
-0.129
-0.161
-0.071
-0.089
-0.235
0.06
-0.278
-0.574
-0.583
-0.631
-0.593
-0.453
-0.441
-0.211
-0.158
-0.156
-0.205
-0.143
-0.056
0.044
0.133
0.386
0.256
0.444
0.416
0.323
0.23
0.145
0.324
0.186
0.32
0.335
0.269
0.107
0.071
-0.001
0.131
0.141
0.544
0.223
0.185
0.265
0.33
0.331
0.344
0.345
0.33
0.374
0.225
0.216
0.098
0.101
-0.077
-0.151
-0.079
0.066
-0.166
-0.175
-0.297
-0.453
-0.571
-0.38
-0.473
-0.48
-0.389
-0.39
-0.503
-0.52
-0.445
-0.404
-0.169
-0.316
-0.463
-0.438
-0.374
-0.414
-0.27
-0.271
-0.226
-0.111
-0.062
-0.045
0.001
-0.06
-0.039
0.085
0.198
0.315
0.315
0.524
0.324
0.165
0.034
-0.061
0.006
0.125
0.289
0.258
0.186
0.273
0.04
0.21
0.096
0.059
-0.025
0.066
-0.23
-0.356
-0.151
-0.043
0.019
0.091
0.1
0.179
0.291
0.229
0.215
0.194
0.173
0.295
0.083
0.022
-0.069
0.004
0.238
0.163
0.064
-0.059
0.186
0.365
0.254
0.205
-0.015
0.104
-0.059
-0.247
-0.045
-0.146
-0.215
0.17
0.366
0.37
0.46
0.581
0.823
1.071
1.151
1.084
0.874
0.828
0.728
0.644
0.458
0.344
0.177
0.311
0.12
-0.041
-0.177
-0.199
-0.276
-0.487
-0.554
-0.393
-0.369
-0.599
-0.413
-0.279
-0.24
-0.3
-0.451
-0.307
-0.297
-0.32
-0.143
-0.074
-0.223
-0.103
-0.219
-0.03
-0.146
-0.046
-0.119
-0.083
-0.196
-0.24
-0.217
-0.464
-0.328
-0.144
-0.025
-0.133
0.021
-0.016
0.104
0.129
0.059
0.026
-0.104
-0.125
-0.07
-0.256
-0.251
-0.326
-0.615
-0.295
-0.446
-0.273
-0.565
-0.526
-0.695
-0.68
-0.708
-0.833
-0.639
-0.839
-0.9
-0.74
-0.529
-0.514
-0.481
-0.265
-0.435
-0.398
-0.491
-0.585
-0.405
-0.141
-0.084
0.233
0.399
0.576
0.64
0.859
0.859
0.96
0.769
0.81
0.855
1.099
1.169
1.321
1.271
1.076
1.015
0.93
1.029
1.038
1.256
1.3
1.164
1.059
1.009
0.951
0.772
0.845
0.525
0.129
0.177
0.292
0.126
0.138
0.145
0.184
0.289
0.271
0.426
0.45
0.506
0.129
0.145
-0.18
0.049
0.116
0.273
0.051
0.331
0.546
0.675
0.766
0.751
0.777
0.642
0.854
0.667
0.591
0.421
0.083
0.026
-0.036
0.206
-0.04
0.037
-0.034
0.118
0.114
0.056
0.031
-0.101
-0.209
-0.135
-0.396
-0.598
-0.522
-0.656
-0.408
-0.486
-0.453
-0.249
-0.295
-0.341
-0.479
-0.65
-0.944
-1.155
-1.306
-1.472
-1.377
-1.495
-1.299
-1.48
-1.343
-1.282
-1.19
-1.099
-1.153
-1.19
-1.058
-0.917
-0.889
-0.796
-0.855
-0.753
-0.641
-0.578
-0.497
-0.646
-0.599
-0.43
-0.541
-0.616
-0.37
-0.403
-0.046
0.124
0.156
0.289
0.146
0.12
-0.03
-0.133
-0.054
0.065
0.33
0.141
0.09
0.124
0.151
0.329
0.656
0.766
0.772
0.956
0.863
0.912
0.85
0.844
0.695
0.69
0.701
0.566
0.334
0.487
0.415
0.404
0.394
0.367
0.22
0.338
0.156
0.11
0.441
0.482
0.261
0.271
0.351
0.429
0.464
0.497
0.479
0.236
0.186
0.209
0.054
0.052
0.046
-0.244
-0.376
-0.417
-0.49
-0.524
-0.371
-0.468
-0.406
-0.656
-0.797
-0.835
-0.735
-0.684
-0.595
-0.62
-0.642
-0.608
-0.381
-0.253
0.021
0.101
0.185
0.091
0.061
0.021
-0.018
-0.124
0.065
0.2
0.22
0.16
0.19
0.346
0.359
0.434
0.292
0.209
0.508
0.642
0.316
0.289
0.215
0.24
0.426
0.288
0.056
-0.055
-0.069
0.01
-0.009
-0.031
0.034
0.088
0.151
0.198
0.076
0.164
0.173
0.013
0.019
-0.081
0.08
0.233
0.241
-0.037
-0.116
-0.05
-0.1
-0.199
-0.046
-0.171
0.176
0.188
0.099
-0.026
-0.049
-0.04
-0.118
-0.294
-0.165
-0.037
-0.019
-0.212
-0.111
-0.223
-0.119
0.037
-0.037
-0.086
-0.001
-0.056
-0.107
-0.261
-0.176
-0.295
-0.5
-0.536
-0.703
-1.019
-1.143
-0.945
-0.941
-0.902
-0.677
-0.792
-0.828
-0.636
-0.716
-0.704
-0.635
-0.657
-0.935
-0.777
-0.775
-0.624
-0.799
-0.738
-0.985
-0.886
-0.885
-0.975
-0.768
-0.503
-0.45
-0.364
-0.384
-0.341
-0.422
-0.429
-0.389
-0.35
-0.271
-0.339
-0.159
-0.095
0.173
0.269
0.294
0.294
0.171
0.346
0.593
0.881
1.036
1.125
1.384
1.451
1.54
1.879
2.026
1.935
1.901
1.689
1.796
1.72
1.715
1.576
1.606
1.746
2.084
1.805
1.808
1.706
1.496
1.364
1.203
1.24
1.163
1.04
0.833
0.699
1.008
1.078
0.934
0.646
0.583
0.578
0.491
0.341
0.307
0.176
0.17
0.246
0.166
0.323
0.109
0.144
0.08
0.034
0.051
-0.404
-0.226
-0.445
-0.208
-0.019
0.028
0.09
0.0
-0.114
-0.312
-0.349
-0.29
-0.254
-0.211
-0.306
-0.214
-0.255
-0.173
-0.516
-0.491
-0.596
-0.682
-0.618
-0.623
-0.595
-0.63
-0.251
-0.366
-0.247
-0.099
-0.188
-0.171
-0.168
-0.275
0.104
0.164
0.226
0.154
0.152
0.071
0.004
-0.119
-0.126
-0.086
0.106
0.1
0.054
0.1
0.264
0.359
0.357
0.52
0.628
0.505
0.794
0.718
0.674
0.51
0.557
0.565
0.314
0.164
-0.14
-0.138
-0.03
0.175
0.35
0.113
0.31
0.109
0.062
0.02
-0.013
-0.209
0.044
-0.182
-0.344
-0.968
-0.499
-0.394
-0.516
-0.395
-0.305
-0.431
-0.575
-0.669
-0.718
-0.795
-0.77
-1.195
-0.975
-0.911
-0.886
-1.147
-0.873
-0.85
-0.907
-0.651
-0.56
-0.604
-0.489
-0.258
-0.297
-0.11
-0.061
-0.004
0.105
0.177
0.385
0.445
0.601
0.791
0.789
0.914
0.92
0.826
1.026
0.929
0.943
1.021
0.899
0.89
0.922
0.786
0.67
0.451
0.323
0.175
0.326
0.506
0.562
0.763
0.682
0.634
0.755
0.614
0.524
0.516
0.422
0.184
0.203
0.034
-0.16
-0.062
-0.07
-0.024
-0.035
0.052
0.048
0.23
0.064
0.114
0.054
-0.024
-0.021
-0.059
-0.228
-0.479
-0.606
-0.366
-0.665
-0.578
-0.642
-0.504
-0.413
-0.616
-0.451
-0.264
-0.665
-0.403
-0.393
-0.461
-0.315
-0.386
-0.346
-0.424
-0.268
-0.121
-0.051
0.174
0.146
0.225
0.128
-0.096
-0.177
-0.066
-0.029
-0.14
-0.184
-0.101
-0.228
-0.095
-0.043
0.104
0.259
0.41
0.584
0.626
0.328
0.17
0.021
-0.184
-0.356
-0.294
-0.193
-0.31
-0.219
-0.312
-0.216
-0.25
-0.247
-0.399
-0.362
-0.056
-0.291
-0.388
-0.328
-0.271
-0.449
-0.427
-0.494
-0.761
-0.871
-0.963
-1.031
-1.167
-0.927
-0.973
-0.907
-0.811
-0.779
-0.484
-0.404
-0.299
-0.386
-0.45
-0.497
-0.479
-0.512
-0.594
-0.564
-0.603
-0.568
-0.557
-0.579
-0.624
-0.68
-0.519
-0.395
-0.15
-0.165
-0.101
-0.035
0.114
0.236
0.329
0.211
0.334
0.329
0.359
0.461
0.279
0.474
0.276
0.215
-0.037
-0.253
-0.229
-0.278
0.029
-0.062
0.058
0.125
0.095
0.239
0.111
-0.274
-0.136
-0.211
-0.058
0.159
0.06
-0.026
-0.128
-0.145
-0.201
0.072
-0.109
-0.314
-0.259
-0.155
-0.249
-0.164
-0.114
-0.329
-0.228
-0.486
-0.506
-0.753
-0.774
-0.926
-0.824
-0.811
-0.731
-0.534
-0.41
-0.445
-0.514
-0.651
-0.654
-0.676
-0.491
-0.247
-0.302
-0.071
-0.035
0.17
0.136
0.121
0.446
0.274
0.149
0.443
0.608
0.686
0.686
0.906
0.824
1.115
0.919
1.107
1.176
1.23
1.15
1.06
1.137
1.114
1.166
1.081
1.025
0.976
0.69
0.801
0.799
0.941
0.815
0.995
0.968
0.73
0.445
0.417
0.579
0.662
0.698
0.725
0.503
0.429
0.269
0.556
0.696
0.544
0.312
0.273
0.245
0.398
0.194
0.212
0.181
-0.307
-0.019
-0.299
-0.443
-0.281
-0.173
0.035
-0.122
0.24
0.217
0.413
0.427
0.238
0.438
0.128
-0.066
-0.019
0.059
0.049
0.246
0.478
0.527
0.306
0.229
0.181
-0.175
-0.299
-0.206
-0.182
-0.04
0.015
0.214
0.0
-0.186
0.02
-0.035
-0.165
-0.059
-0.11
-0.198
-0.168
-0.186
-0.084
-0.028
0.154
0.233
0.156
0.212
0.143
0.128
0.098
0.239
0.107
-0.021
-0.173
-0.062
0.058
-0.01
0.005
-0.203
-0.304
-0.394
-0.341
-0.309
-0.039
-0.131
-0.08
0.029
0.138
0.231
0.249
0.299
0.29
0.291
0.17
0.265
0.299
0.398
0.559
0.521
0.59
0.654
0.594
0.836
0.769
0.914
0.931
0.961
0.885
0.983
0.865
0.695
0.646
0.573
0.386
0.235
0.169
0.08
-0.007
0.091
0.016
0.155
-0.04
-0.105
-0.189
-0.099
-0.2
0.015
-0.077
-0.25
-0.16
-0.01
0.069
0.048
0.147
0.12
0.371
0.463
0.482
0.604
0.786
0.86
0.99
0.989
0.965
0.978
1.04
0.91
0.812
0.949
0.749
0.644
0.494
0.329
0.169
0.07
-0.043
-0.139
-0.072
0.001
-0.004
-0.015
0.233
0.29
0.385
0.343
0.328
0.263
0.037
0.026
-0.164
-0.203
-0.169
-0.169
-0.2
-0.24
-0.156
-0.156
-0.091
-0.31
-0.355
-0.315
-0.278
-0.286
-0.283
-0.11
0.07
0.028
-0.024
-0.029
-0.114
-0.02
-0.105
-0.046
0.098
0.17
0.354
0.406
0.226
0.263
0.234
0.15
0.203
0.51
0.657
0.516
0.389
0.394
0.484
0.441
0.26
0.031
0.006
0.009
0.205
0.154
0.3
0.278
0.291
0.235
-0.016
0.083
0.188
0.147
-0.041
-0.098
-0.411
-0.394
-0.417
-0.542
-0.684
-0.65
-0.546
-0.661
-0.471
-0.276
-0.571
-0.537
-0.644
-0.665
-0.68
-0.698
-0.645
-0.759
-0.726
-1.055
-1.085
-1.074
-1.119
-1.086
-1.199
-0.96
-0.876
-0.89
-0.774
-0.791
-0.68
-0.657
-0.424
-0.664
-0.594
-0.53
-0.386
-0.469
-0.208
-0.094
-0.144
-0.206
-0.113
-0.09
-0.126
0.184
0.415
0.429
0.206
0.371
0.206
0.043
0.052
0.211
0.416
0.383
0.149
0.111
0.037
-0.265
-0.175
-0.174
0.014
-0.011
-0.086
0.08
0.359
0.384
0.58
0.686
0.571
0.53
0.66
0.856
0.936
0.715
0.645
0.606
0.564
0.608
0.698
0.875
0.858
0.755
0.728
0.703
0.772
0.453
0.444
0.193
-0.055
0.035
-0.081
-0.176
-0.15
0.006
0.134
-0.098
-0.061
-0.052
-0.095
-0.081
0.02
-0.044
-0.235
-0.461
-0.608
-0.818
-0.871
-1.021
-0.94
-0.878
-1.137
-0.895
-1.271
-1.347
-1.489
-1.653
-1.502
-1.44
-1.53
-1.46
-1.489
-1.601
-1.363
-1.216
-1.024
-1.029
-0.996
-0.976
-0.916
-1.001
-0.994
-0.878
-0.542
-0.386
-0.309
-0.184
0.074
0.135
0.296
0.314
0.32
0.321
0.203
0.134
0.174
-0.125
-0.089
-0.144
0.026
0.113
0.219
0.219
0.205
-0.17
-0.355
-0.217
-0.179
-0.089
-0.054
0.111
0.084
-0.022
0.138
0.398
0.718
0.859
0.812
0.781
0.562
0.605
0.503
0.734
0.929
1.06
1.074
1.137
0.939
0.675
0.601
0.48
0.458
0.537
0.641
0.526
0.364
0.471
0.461
0.443
0.391
0.542
0.473
0.361
0.066
0.185
0.026
0.061
0.037
-0.004
0.061
0.111
-0.046
-0.201
-0.245
-0.383
-0.215
-0.184
-0.195
-0.165
0.011
-0.145
-0.276
-0.152
-0.092
-0.139
0.048
0.125
0.302
