0.691
0.733
0.475
0.57
0.436
0.321
0.42
0.078
0.242
0.249
0.237
-0.048
-0.164
-0.51
-0.593
-0.685
-0.784
-0.788
-0.732
-0.748
-0.936
-0.801
-0.82
-0.882
-0.885
-0.76
-0.552
-0.713
-0.706
-0.486
-0.429
-0.237
-0.083
0.085
-0.02
-0.114
0.138
0.279
0.199
0.307
0.592
0.765
0.529
0.697
0.301
0.268
0.501
0.423
0.432
0.539
0.234
0.415
0.357
0.394
0.606
0.475
0.537
0.911
0.493
0.371
0.138
-0.131
-0.252
-0.338
-0.278
-0.192
0.029
-0.099
-0.077
-0.013
0.124
-0.147
-0.198
0.539
0.563
0.591
0.743
0.704
0.554
0.776
0.922
0.859
1.267
0.968
1.262
1.09
0.902
0.869
0.93
0.801
0.592
0.607
0.249
0.194
0.427
0.227
0.202
0.424
0.23
0.602
-0.094
0.175
0.05
0.489
0.17
0.58
0.581
0.528
0.017
0.117
0.9
0.273
0.033
-0.241
-0.045
-0.602
-0.449
-0.418
-0.545
-0.287
-0.475
-0.648
-0.473
-0.608
-0.416
-0.213
-0.476
-0.575
-0.027
-0.732
-0.664
-0.866
-0.668
-0.347
-0.351
0.229
0.121
0.401
0.32
-0.322
0.1
-0.199
-0.633
-0.881
0.172
-0.357
-0.339
0.184
-0.154
-0.253
-0.256
-0.328
-0.147
0.12
-0.022
0.072
0.054
0.023
0.039
-0.162
-0.551
-0.16
0.112
0.263
0.374
0.116
-0.101
0.0
-0.021
-0.213
0.124
-0.296
-0.088
-0.13
0.044
0.092
0.009
0.049
-0.077
-0.121
-0.17
0.14
0.169
-0.089
0.05
0.185
0.103
0.254
0.671
1.311
0.712
1.087
1.118
1.063
0.779
1.077
1.136
1.068
1.099
1.388
0.883
0.955
1.022
1.304
1.115
1.161
1.427
1.427
1.186
1.443
1.639
1.156
1.394
1.165
1.405
1.398
1.273
1.012
1.318
0.818
0.899
0.934
0.83
1.052
1.445
1.25
1.322
1.085
1.101
1.302
1.378
1.395
1.268
1.075
1.439
1.752
1.436
1.213
1.572
1.422
1.409
1.918
1.594
1.043
1.192
1.012
0.668
0.703
0.751
1.133
1.049
0.823
0.841
0.318
0.574
0.518
0.432
0.427
0.694
0.694
1.1
0.661
0.672
0.803
0.83
0.946
0.992
1.092
1.294
1.089
1.192
1.035
1.015
1.024
1.07
1.099
0.805
0.752
0.837
0.976
0.93
1.441
1.011
0.938
0.922
1.022
0.756
0.633
0.635
0.427
0.858
0.884
1.297
1.017
0.868
0.694
0.317
0.466
0.062
0.066
0.027
-0.128
-0.459
-0.558
-0.382
-1.187
-1.015
-0.762
-1.004
-0.523
-0.556
-0.623
-0.66
-1.019
-0.939
-0.851
-0.783
-0.123
-0.367
-0.614
-0.153
-0.383
-0.499
-0.726
-0.688
-0.695
-0.191
-0.316
-0.072
0.161
-0.263
-0.29
-0.602
-0.621
-1.118
-0.948
-0.517
-0.35
-0.722
-0.617
-0.756
-0.569
-0.197
0.426
0.601
0.48
0.901
-0.035
-0.07
-0.305
-0.623
-0.776
-0.003
0.532
0.542
-0.065
0.114
-0.034
-0.288
0.043
-0.043
-0.02
0.15
-0.348
-0.312
-0.332
-0.352
-0.739
-0.622
-0.268
-0.57
-0.091
0.181
-0.048
0.101
-0.432
-0.383
-0.468
-0.338
-0.445
-0.5
-0.409
-0.748
-0.534
-0.75
-0.746
-0.553
-0.526
-0.318
-0.197
0.01
0.279
0.376
0.609
0.446
0.404
0.496
0.441
0.193
0.22
-0.0
0.015
0.083
0.378
-0.233
-0.079
-0.631
-0.721
-0.907
-0.741
-1.354
-1.151
-0.543
-0.931
-0.813
-1.306
-1.052
-1.409
-1.576
-1.66
-1.633
-1.618
-1.647
-1.713
-1.807
-2.001
-1.79
-1.41
-1.246
-1.319
-1.14
-1.038
-0.49
-0.645
-0.928
-0.982
-0.676
-0.878
-0.657
-0.385
-0.681
-0.363
-0.531
-0.352
-0.373
0.246
-0.247
-0.221
-0.183
-0.367
-0.265
-0.194
-0.292
-0.309
-0.408
-0.972
-0.532
-0.48
-0.391
0.459
-0.182
-0.422
-0.062
-0.381
-0.384
-0.16
-0.037
-0.176
-0.326
-0.412
-0.228
-0.276
-0.282
-0.438
-0.495
-0.601
-0.312
-0.645
-0.762
-0.218
-0.778
-0.777
-0.621
-0.574
-0.501
-0.993
-0.687
-0.485
-0.579
-0.213
0.257
0.379
0.17
0.032
0.272
0.21
0.394
0.244
0.169
0.316
-0.447
-0.374
-0.537
-0.317
-0.081
-0.449
-0.661
-0.182
-0.701
-0.304
-0.127
-0.047
0.122
0.654
0.432
0.074
0.045
-0.428
-0.683
-0.777
-0.991
-0.837
-1.006
-1.254
-1.122
-1.468
-1.169
-0.937
-1.112
-0.762
-0.904
-0.817
-0.541
-0.604
-0.241
-0.368
-0.082
-0.153
0.012
-0.09
0.221
0.396
0.144
-0.172
-0.215
-0.879
-0.763
-0.611
-0.119
-0.093
-0.013
-0.332
-0.549
-0.312
-0.513
-0.456
-0.307
-0.334
-2.567
0.254
0.038
0.521
0.515
0.124
-0.067
0.019
0.143
0.493
0.726
1.007
1.084
0.896
0.961
0.539
0.886
1.111
1.214
1.309
1.813
1.496
0.932
0.718
0.453
0.177
0.028
-0.058
0.128
-0.107
0.131
-0.181
-0.091
-0.169
-0.22
-0.443
-0.512
-0.227
-0.065
-0.112
0.209
-0.252
-0.06
-0.393
-0.248
-0.321
0.207
-0.211
0.167
0.422
0.454
0.434
0.786
0.417
0.576
0.62
0.75
0.41
0.817
0.55
0.605
0.44
0.524
0.232
0.297
0.001
0.166
0.095
0.076
0.092
0.122
0.114
0.246
0.294
0.256
0.23
0.168
-0.52
-0.137
0.092
-0.513
-0.307
-0.299
-0.525
-0.752
-0.534
-0.917
-0.408
-0.598
-0.413
-0.141
-0.234
-0.027
-0.108
0.191
-0.08
-0.115
-0.086
-0.357
-0.157
0.215
0.181
0.201
0.192
-0.123
0.294
0.02
0.321
0.152
-0.047
-0.06
-0.062
-0.048
0.002
0.248
0.492
0.585
0.683
0.608
0.627
0.482
0.6
0.486
0.766
0.47
0.563
0.634
0.383
0.34
0.357
0.311
0.152
0.562
0.356
0.44
0.246
0.17
-0.215
-0.18
-0.147
-0.583
-0.195
-0.19
-0.187
-0.171
-0.128
-0.16
0.317
0.275
0.32
0.592
0.266
0.625
0.513
0.511
0.767
0.724
0.752
0.211
0.307
0.217
0.153
0.314
0.208
0.213
0.113
-0.007
0.11
-0.2
0.04
0.27
0.506
0.544
0.439
0.357
0.242
-0.186
-0.443
-0.704
-0.771
-1.343
-0.916
-1.218
-1.169
-1.523
-1.314
-1.079
-0.373
-0.353
0.106
0.442
0.325
0.013
-0.304
-0.236
-0.481
-0.413
0.149
0.562
0.848
1.353
1.144
0.687
0.583
0.61
0.356
0.599
1.18
1.311
1.436
1.075
0.927
0.915
0.74
0.439
0.68
0.933
0.594
0.52
0.62
0.674
0.517
0.492
0.418
0.547
0.459
0.439
0.738
0.306
0.278
0.317
-0.054
-0.13
-0.092
-0.2
-0.358
-0.212
-0.306
-0.299
-0.316
-0.88
-1.308
-1.326
-1.283
-1.211
-1.061
-0.731
-0.792
-0.735
-1.018
-0.79
-0.77
-0.504
-0.456
-0.669
-0.693
-0.574
-0.753
-0.483
-0.564
-0.128
-0.176
-0.168
-0.129
-0.047
-0.103
0.086
-0.384
-0.215
-0.017
-0.283
0.037
0.127
-0.111
0.486
-0.138
0.144
0.594
0.105
0.097
0.698
0.103
0.218
0.489
0.709
0.511
0.509
0.705
0.475
0.28
0.125
0.003
0.136
-0.139
0.006
0.015
0.169
0.152
0.291
0.459
0.367
0.64
0.488
0.767
0.574
0.467
0.447
0.508
0.301
0.478
0.324
0.421
0.667
0.473
0.345
0.166
0.609
0.482
0.325
0.596
0.434
0.372
0.471
0.334
0.558
0.593
0.772
0.892
0.957
1.198
0.823
0.867
0.907
0.89
1.028
0.605
0.576
0.427
0.49
0.616
0.85
0.76
0.817
0.807
0.908
0.876
1.338
1.421
1.236
1.758
1.504
1.496
1.473
1.212
1.473
1.687
2.048
1.601
1.738
1.591
1.629
1.485
1.395
1.019
0.934
0.393
0.473
0.892
0.621
0.376
0.626
0.662
0.213
0.011
0.243
0.366
0.126
0.422
0.275
0.142
0.478
0.517
0.173
0.573
1.137
1.55
1.267
1.639
1.805
0.789
1.255
1.646
1.498
1.988
2.113
1.924
1.875
2.198
1.564
1.912
2.002
1.917
1.881
1.853
1.633
1.615
1.777
1.272
1.164
1.274
0.981
1.581
1.41
1.664
1.485
1.451
1.297
1.089
1.136
1.127
0.764
0.729
0.99
1.056
0.766
0.893
0.962
0.558
0.328
0.39
0.666
0.423
0.531
0.778
0.611
1.061
0.89
0.351
0.727
0.393
0.348
0.203
-0.095
-0.151
-0.048
0.015
0.069
0.02
0.384
0.191
0.428
0.188
-0.005
-0.409
-0.263
-0.694
-0.514
-0.547
-0.325
-0.273
-0.357
-0.182
0.179
-0.014
0.086
-0.209
0.077
0.083
-0.052
-0.171
-0.312
0.253
0.122
0.387
0.649
0.572
0.671
0.921
0.981
0.815
0.563
0.687
0.516
0.3
0.193
0.127
0.132
0.165
0.127
0.113
-0.035
0.133
-0.008
-0.177
0.167
-0.346
-0.22
-0.52
-0.357
-0.242
-0.345
-0.555
-0.207
-0.231
-0.241
-0.279
-0.51
-0.009
0.017
-0.033
0.333
0.345
-0.18
-0.063
-0.138
0.06
0.047
-0.278
-0.438
-0.509
-0.834
-0.458
-0.362
-0.31
0.038
-0.517
-0.463
-0.216
-0.657
-0.339
-0.267
-0.393
-0.271
-0.906
-1.36
-1.109
-0.993
-1.231
-0.671
-0.817
-1.061
-1.211
-1.001
-1.131
-1.003
-1.388
-1.028
-1.336
-1.398
-1.28
-1.278
-1.468
-1.027
-0.656
-1.121
-1.162
-1.644
-1.278
-1.653
-1.115
-0.841
-0.967
-1.069
-1.289
-1.056
-0.637
-0.373
-0.046
-0.233
-0.78
-0.638
-0.486
-0.245
-0.142
0.493
0.121
0.133
0.136
-0.182
0.026
-0.04
-0.104
0.115
-0.361
-0.48
-0.79
-0.706
-0.623
-0.888
-0.796
-0.959
-1.144
-1.393
-0.996
-1.192
-1.288
-1.612
-1.323
-0.913
-0.724
-1.17
-0.853
-1.103
-1.48
-1.466
-1.394
-1.027
-0.963
-1.205
-0.895
-1.058
-1.1
-0.667
-0.71
-0.573
-0.718
-0.612
-0.677
-0.693
-0.348
-0.335
-0.184
-0.655
-0.27
-0.585
-0.486
-0.043
-0.127
-0.217
-0.087
-0.183
-0.02
-0.109
0.346
0.423
0.098
0.264
0.285
-0.034
0.327
0.161
0.16
0.097
0.18
0.169
0.208
-0.323
-0.145
-0.543
-0.368
-0.39
-0.296
-0.223
-0.163
-0.422
0.203
0.095
-0.154
0.507
-0.045
0.116
-0.122
-0.401
-0.526
-0.359
-0.474
-0.655
-0.383
-0.331
-0.16
-0.085
-0.21
-0.029
-0.52
-0.215
-0.258
0.01
-0.213
-0.21
0.185
0.243
0.292
0.343
0.454
0.7
0.583
0.444
0.491
0.465
0.409
0.328
0.51
0.552
0.425
0.511
0.461
0.38
0.465
0.698
0.383
0.855
0.727
0.551
0.49
0.282
0.275
0.406
0.319
0.305
0.488
0.748
0.806
0.816
0.888
0.872
1.137
1.22
1.197
1.199
0.947
0.882
1.014
1.112
0.958
0.903
0.815
0.583
0.841
0.621
0.602
0.488
0.292
-0.251
-1.098
-0.999
-1.084
-1.0
-1.123
-1.062
-0.984
-1.072
-0.841
-1.047
-0.906
-0.708
-1.187
-1.675
-1.217
-1.101
-1.007
-1.107
-0.964
-1.094
-1.038
-0.864
-0.646
-0.476
-0.348
-0.597
-0.678
-0.477
-0.397
-0.421
-0.167
0.256
-0.195
-0.069
0.075
-0.231
-0.241
-0.191
-0.059
-0.129
0.214
0.068
0.545
-0.009
0.458
0.736
0.978
0.801
0.948
0.633
0.561
0.013
0.106
-0.112
-0.212
0.307
0.151
0.495
0.571
0.268
0.184
0.418
0.373
0.42
0.684
0.652
0.476
0.694
0.877
0.412
0.309
0.82
0.699
0.578
0.949
0.477
0.203
0.218
0.068
0.006
0.128
0.308
-0.033
0.45
0.35
0.214
-0.188
0.357
0.0
0.039
0.187
0.53
0.361
0.297
0.463
0.503
-0.022
-0.159
-0.516
-0.399
-0.681
-0.542
-0.565
-0.538
-0.227
-0.396
-0.289
-0.161
-0.198
-0.163
-0.009
0.214
0.228
0.223
0.462
0.414
0.544
0.884
0.672
0.54
0.677
0.529
0.066
0.178
0.063
0.071
-0.012
0.19
0.165
-0.204
-0.331
-0.374
-0.576
-0.602
-0.584
-0.497
-0.393
-0.255
-0.38
-0.344
-0.451
-0.325
-0.473
-0.21
-0.126
-0.022
-0.554
-0.226
-0.238
-0.361
-0.269
-0.403
0.19
-0.186
-0.169
0.027
-0.138
0.024
0.519
0.285
0.259
0.259
0.234
-0.172
0.112
-0.143
-0.199
-0.065
-0.422
-0.112
-0.228
-0.626
-0.616
-0.602
-0.808
-0.625
-0.695
-0.444
-0.642
-0.664
-0.867
-0.81
-0.848
-0.839
-0.595
-0.469
-0.055
0.092
-0.125
-0.14
-0.164
0.21
0.032
0.038
0.034
0.318
0.037
0.473
0.794
0.701
0.531
0.532
0.178
0.178
0.043
0.498
0.15
0.107
0.25
-0.026
0.206
0.323
0.436
0.548
0.397
0.497
0.304
1.021
0.809
0.561
0.313
0.372
-0.087
-0.013
0.031
0.454
0.485
0.583
0.526
0.385
0.086
-0.1
-0.079
0.288
0.325
0.442
0.459
0.569
0.675
0.458
0.507
0.424
0.149
0.403
0.186
-0.038
0.35
0.258
0.103
0.187
0.12
0.182
0.64
0.777
0.843
0.841
0.857
1.049
0.9
1.072
1.097
0.977
1.287
1.474
1.085
1.128
1.331
1.299
1.491
1.721
1.78
1.592
1.78
1.67
1.564
1.414
1.186
1.623
1.22
1.637
1.539
1.758
1.616
1.445
1.277
1.514
1.518
1.721
1.873
1.893
1.97
1.669
1.64
1.159
1.206
1.022
0.737
0.566
0.934
0.799
0.715
1.01
0.583
0.394
0.429
1.001
0.372
0.491
0.586
0.343
0.331
0.377
0.348
0.347
1.261
0.681
0.782
1.192
1.027
0.901
1.47
1.567
1.615
1.446
1.562
1.562
1.252
1.84
1.484
1.4
1.785
1.585
1.331
1.263
1.376
1.319
1.225
1.855
1.403
1.149
1.422
1.038
0.99
0.813
0.952
0.455
0.572
0.73
0.381
0.592
1.204
1.033
0.64
0.883
1.018
0.827
0.996
1.092
1.424
1.295
1.149
1.229
1.369
1.326
1.466
1.403
1.575
1.367
1.052
1.361
0.892
0.889
0.738
0.874
0.9
0.946
0.799
0.979
0.302
0.456
0.322
0.103
0.315
0.47
0.278
-0.013
-0.082
-0.45
-0.457
-0.182
-0.522
-0.34
-0.702
-0.855
-0.878
-0.61
-0.323
-0.513
-0.237
-0.338
-0.809
-2.567
-0.968
-0.665
-0.539
-0.427
-0.126
-0.619
-0.815
-1.062
-0.604
-0.773
-0.768
-0.68
-0.814
-1.014
-0.826
-1.2
-1.017
-0.549
-0.555
-0.505
-0.442
-0.285
-0.367
-0.393
-0.258
-0.5
-0.111
0.044
-0.371
-0.462
-0.217
-0.936
-0.714
-0.681
-1.008
-0.44
-0.599
-0.907
-0.81
-0.715
-0.573
-0.665
-0.704
-0.823
-1.097
-0.997
-0.574
-1.03
-1.3
-0.949
-1.352
-1.177
-1.042
-0.759
-0.587
-1.048
-0.571
-0.807
-0.461
-0.657
-0.701
-0.39
-0.426
-0.467
-0.645
-0.784
-0.64
-0.649
-0.882
-0.74
-0.463
-0.113
-0.081
-0.076
0.243
-0.168
0.105
-0.164
-0.051
-0.42
0.048
0.081
-0.322
-0.357
0.256
0.379
0.784
0.673
0.427
0.932
1.044
0.635
0.202
0.291
0.308
-0.077
0.322
0.033
-0.095
0.026
-0.402
-0.489
-0.822
-0.901
-0.015
-0.346
-0.575
-0.594
-0.689
-0.649
-0.663
-0.596
-0.459
-0.445
-0.329
-0.644
-0.485
-0.565
-0.872
-0.71
-1.174
-1.335
-1.307
-1.825
-1.502
-1.365
-1.567
-1.508
-1.82
-1.788
-1.56
-1.609
-1.572
-1.074
-1.384
2.565
-1.648
-0.743
-0.839
-0.886
-0.69
-0.805
-0.56
-0.44
-0.342
-0.617
-0.353
-0.35
-0.384
-0.593
-0.411
-0.258
-0.331
-0.205
-0.249
-0.291
-0.169
-0.506
-0.568
-0.372
-0.47
-0.388
-0.849
-0.718
-0.642
-0.157
0.212
-0.099
0.036
-0.242
-0.277
0.022
-0.136
0.015
0.169
-0.3
-0.184
-0.297
-0.046
-0.195
0.422
0.583
0.511
0.582
0.456
0.228
0.42
0.446
0.673
0.239
0.614
0.059
0.241
0.68
0.268
0.493
0.521
0.281
0.433
0.65
0.336
0.368
0.437
-0.047
-0.108
-0.02
-0.358
-0.224
-0.261
0.088
-0.306
-0.421
-0.123
0.18
0.083
-0.079
0.3
-0.224
-0.479
-0.368
-0.432
-0.358
-0.228
-0.131
-0.182
-0.021
-0.19
-0.727
-0.209
-0.124
-0.33
-0.175
-0.028
-0.342
-0.455
-0.085
-0.319
-0.122
-0.023
0.282
-0.036
-0.072
0.03
-0.16
0.186
0.575
0.412
0.325
0.171
0.279
0.756
-0.003
0.048
0.094
-0.099
0.078
-0.076
-0.006
-0.152
-0.033
-0.093
-0.311
0.037
0.081
0.172
-0.152
0.072
-0.144
-0.012
-0.175
0.141
-0.101
-0.03
-0.029
0.195
-0.036
0.255
0.04
0.223
0.219
0.059
-0.44
-0.207
-0.566
-0.43
-0.483
-0.146
-0.447
-0.632
-0.107
0.043
0.23
0.405
0.455
0.135
0.131
-0.242
0.266
-0.344
-0.102
0.009
-0.096
0.334
-0.056
-0.323
0.023
-0.134
0.062
-0.101
-0.041
-0.129
-0.523
-0.651
-0.43
-0.105
-0.189
0.234
-0.269
0.267
0.062
-0.059
-0.129
-0.475
0.214
0.199
0.511
0.679
0.81
0.528
0.634
0.384
0.053
-0.445
-0.034
0.116
0.245
0.086
0.323
0.36
0.755
0.648
0.447
0.421
0.338
0.028
-0.265
0.024
-0.202
0.144
0.354
0.18
0.177
-0.165
-0.186
0.198
0.307
0.457
0.565
0.837
0.358
0.133
0.048
-0.02
0.199
0.358
0.268
0.748
0.243
-0.022
0.182
0.808
0.279
0.013
-0.107
-0.344
-0.384
-0.665
-0.158
-0.492
-0.561
-0.707
-0.711
-0.792
-0.51
-0.649
-0.662
-0.732
-0.736
-0.513
-0.47
0.077
-0.089
-0.097
0.023
-0.208
-0.135
-0.058
0.309
0.312
0.507
0.57
1.072
0.866
1.114
1.593
1.378
0.894
0.971
1.002
0.479
0.637
0.622
1.164
1.038
0.749
0.373
0.431
0.707
0.43
0.404
0.423
0.29
0.171
0.645
0.223
0.752
0.968
1.249
1.14
1.105
0.872
0.757
0.883
0.683
0.765
0.878
1.058
0.727
0.615
0.792
0.437
0.406
0.003
0.05
-0.049
0.294
0.341
0.115
0.523
0.375
0.328
0.577
0.4
0.705
0.654
0.516
0.365
-0.058
-0.288
-0.231
-0.582
-0.49
-0.393
-0.487
-0.194
-0.181
-0.102
-0.228
-0.156
-0.084
-0.269
0.069
0.139
0.365
0.029
-0.304
-0.302
-0.414
-0.339
-0.139
0.284
0.373
1.115
1.004
1.298
0.519
0.521
0.95
0.676
0.897
1.431
1.496
0.956
1.012
0.888
0.616
0.847
0.981
0.978
1.136
0.882
0.942
1.302
0.904
0.862
0.925
1.222
1.16
1.118
1.153
1.175
0.956
0.825
0.75
0.536
0.419
0.45
0.01
0.251
-0.111
-0.139
-0.076
-0.148
0.039
-0.188
0.481
0.753
0.799
0.57
0.873
1.079
1.232
1.18
1.215
1.418
1.2
0.538
0.601
1.05
1.103
1.186
1.213
1.06
1.057
1.245
1.153
1.036
1.139
1.467
1.204
1.098
0.775
1.263
0.6
0.261
0.809
0.768
0.705
0.547
1.103
0.64
0.381
0.9
1.195
1.658
1.541
1.434
1.504
1.527
1.844
1.663
1.993
1.81
2.077
1.966
1.947
1.874
1.617
1.225
1.538
1.426
1.493
1.525
1.031
0.894
1.043
0.2
0.241
0.623
0.641
0.93
0.896
0.299
-0.329
0.218
0.26
0.597
0.761
0.651
0.453
0.654
0.458
0.281
0.188
0.306
0.298
0.395
0.25
0.418
0.855
0.858
0.627
1.152
0.701
2.565
0.795
0.862
0.519
1.125
0.75
0.389
0.05
0.522
0.317
0.281
0.133
0.374
0.163
-0.653
-0.378
-0.67
-0.898
-0.793
-0.84
-0.592
-0.757
-0.339
-0.211
0.026
0.319
0.17
0.163
0.097
0.025
-0.173
0.554
0.615
0.129
0.123
-0.366
-0.574
-0.343
-0.301
-0.129
0.097
0.252
-0.07
-0.084
0.244
-0.11
-0.367
-0.084
-0.318
-0.385
-0.263
-0.612
-0.566
-0.319
-0.82
-0.544
-0.578
-0.703
-0.694
-1.069
-0.652
-0.73
-1.035
-1.046
-0.891
-0.965
-0.842
-0.427
-0.898
-0.457
-0.327
-0.118
-0.394
0.278
0.243
0.206
-0.018
-0.127
-0.403
-0.586
-0.461
-0.173
-0.039
0.415
0.313
0.318
0.282
-0.098
-0.175
0.034
0.093
0.051
-0.14
-0.27
-0.51
-0.376
-0.459
-0.379
-0.329
-0.306
-0.593
-0.59
-0.55
-0.993
-1.178
-0.884
-0.697
-0.993
-0.828
-0.803
-0.615
-0.569
-0.899
-0.65
-0.664
-0.887
-0.797
-0.506
-0.869
-0.97
-0.671
-0.579
-0.81
-0.5
-0.735
-1.043
-0.895
-0.684
-0.614
-0.699
-0.682
-0.741
-0.695
-0.516
-0.701
-0.577
-0.696
-0.692
-0.557
-0.657
-0.433
-0.406
-0.289
-0.359
-0.272
-0.164
-0.031
-0.336
-0.505
-0.275
0.048
-0.364
0.195
0.344
-0.038
0.174
-0.088
-0.221
-0.15
0.263
0.274
0.126
0.377
0.311
0.498
0.296
-0.056
0.041
-0.345
0.081
0.098
-0.209
-0.02
0.046
-0.666
-0.535
-0.639
-0.593
-0.092
-0.113
-0.215
-0.495
-0.142
-0.311
-0.052
0.317
-0.345
-0.072
-0.283
-0.568
-0.297
-0.399
-0.13
-0.475
-0.249
-0.175
0.044
0.191
0.106
0.432
0.346
0.718
0.539
0.64
0.378
0.384
-0.067
0.419
-0.125
0.059
0.423
0.197
0.083
0.154
0.013
-0.113
-0.14
-0.037
-0.483
0.143
-0.159
-0.452
-0.248
-0.319
-0.233
-0.327
0.138
-0.108
-0.216
-0.258
-0.338
-0.855
-0.148
-0.629
-0.596
-0.676
-0.715
-0.853
-0.957
-0.835
-1.103
-0.412
-0.383
-0.335
-0.243
-0.356
-0.282
-0.622
-0.569
-0.532
-0.552
-0.527
-0.623
-0.947
-0.848
-1.155
-1.033
-0.921
-0.104
-0.016
0.041
0.109
-0.083
-0.515
-0.983
-1.141
-1.137
-1.418
-0.898
-0.994
-1.378
-1.405
-1.201
-0.295
0.218
0.666
0.688
0.431
0.269
0.341
0.02
0.054
-0.016
0.078
-0.158
0.115
-0.25
0.325
0.565
0.847
0.951
0.766
0.593
0.675
0.728
0.605
0.18
0.064
0.164
-0.332
-0.319
-0.351
-0.18
-0.107
-0.143
0.22
-0.408
-0.317
0.032
-0.089
-0.351
0.156
0.01
-0.131
-0.003
0.101
-0.004
-0.056
-0.218
0.104
0.243
0.57
0.567
0.876
0.815
0.42
0.092
0.092
-0.17
-0.21
0.001
0.028
-0.02
-0.08
-0.066
0.032
0.253
0.175
0.446
0.054
0.213
0.196
0.151
0.097
0.176
-0.089
0.09
-0.13
-0.045
-0.16
-0.073
-0.1
-0.181
-0.367
-0.415
-0.445
-0.151
-0.079
-0.089
0.036
-0.107
0.047
0.017
0.054
-0.072
0.194
0.054
-0.119
-0.275
-0.043
-0.367
-0.16
-0.075
0.095
0.36
0.848
0.972
0.541
0.71
0.659
0.576
0.629
1.045
1.171
1.048
0.636
0.575
0.632
0.511
0.519
0.688
1.004
0.937
0.577
0.688
0.58
0.113
0.181
0.153
-0.259
-0.523
-0.844
-0.152
-0.129
-0.242
-0.525
-0.772
-0.783
-0.98
-1.09
-0.548
-0.735
-0.878
-1.155
-1.146
-1.393
-0.773
-0.903
-0.905
-0.503
-0.083
0.406
0.368
0.335
0.364
0.052
-0.181
-0.416
-0.395
-0.454
-0.072
-0.252
-0.171
-0.009
0.024
0.018
0.518
0.126
0.783
1.193
0.888
0.836
0.556
0.565
0.724
0.875
1.275
1.187
1.295
1.34
1.048
1.561
1.437
1.298
1.158
1.133
1.042
0.701
0.517
0.875
0.507
0.193
0.103
0.479
0.327
0.177
0.274
-0.064
-0.211
0.087
0.055
0.303
0.412
0.796
1.167
0.695
0.631
0.727
0.355
0.581
0.648
0.848
0.386
0.858
0.83
1.137
1.045
0.623
0.803
0.508
0.695
0.586
0.805
0.732
0.685
0.345
0.494
0.546
0.458
0.532
-0.043
0.361
0.099
0.0
0.145
0.163
0.271
0.527
0.339
0.687
1.058
0.375
0.885
0.895
0.739
0.689
0.472
0.543
0.755
0.675
0.996
0.541
0.704
1.076
1.476
2.004
2.236
2.037
1.836
1.982
2.528
2.506
2.565
2.565
2.565
2.565
2.565
2.565
2.439
2.337
2.339
1.841
1.976
1.255
1.605
1.117
1.052
1.123
0.824
0.501
0.374
0.006
0.611
0.687
0.424
0.555
0.178
0.425
0.571
0.32
0.127
-0.009
0.472
0.835
0.628
1.042
1.498
1.61
1.295
1.607
2.243
2.555
2.565
2.348
2.2
2.046
1.978
1.302
1.427
1.842
1.868
1.983
2.239
1.448
1.607
1.613
1.409
1.198
1.812
1.165
0.939
1.594
1.011
1.346
1.421
1.639
1.378
1.049
0.979
0.488
0.694
0.977
0.739
0.968
0.811
0.681
0.631
0.514
0.508
1.159
0.321
0.959
0.915
0.792
0.473
0.646
0.348
0.391
-0.208
-0.465
-0.413
-0.484
-0.6
-0.431
-0.118
-0.309
-0.23
-0.777
-0.458
-0.817
-0.616
-0.456
-0.512
-0.841
-0.342
-0.823
-0.852
-0.491
0.029
0.195
0.309
0.083
-0.64
-0.735
-0.92
-1.411
-1.042
-0.895
-1.121
-1.184
-1.475
-1.782
-0.947
-0.941
-1.067
-0.608
-0.488
-0.755
-0.5
-0.988
-0.845
-0.904
-1.18
-1.227
-1.017
-1.36
-0.991
-0.946
-0.893
-1.085
-0.43
-1.073
-1.091
-0.528
-0.37
-0.487
-0.161
-0.19
-0.245
-0.327
-0.576
-0.404
-0.622
-0.618
-0.256
-0.227
0.225
0.101
0.256
0.659
0.177
0.031
-0.12
-0.117
0.456
0.264
0.048
0.421
0.0
0.121
0.351
-0.14
-0.158
-0.141
-0.244
-0.298
-0.201
-0.509
-0.546
-0.453
-0.48
-0.555
-0.624
-0.854
-1.129
-1.551
-1.389
-1.828
-1.942
-2.113
-2.298
-2.181
-2.069
-2.457
-2.111
-1.683
-1.443
-1.412
-1.284
-1.528
-1.321
-1.384
-0.725
-1.062
-0.211
-0.296
-0.278
-0.588
-0.534
-0.429
-0.067
0.391
0.137
0.16
-0.063
-0.377
-0.207
-0.601
-0.912
-0.665
-0.536
-0.01
-0.52
-0.613
-0.727
-0.573
-0.6
-0.492
-0.469
-0.702
-0.586
-0.758
-1.037
-1.093
-0.343
-0.265
0.268
0.337
0.481
0.332
-0.122
-0.6
-0.535
-0.379
-0.774
-0.554
-0.089
-0.237
0.194
-0.043
0.763
0.45
0.585
0.559
0.395
-0.179
-0.194
-0.115
-0.365
-0.721
-0.92
-0.987
-0.839
-0.901
-0.296
0.289
0.059
0.453
0.546
-0.086
-0.017
-0.111
-0.62
-0.782
-0.633
-0.668
-0.918
-0.628
-0.665
-0.728
-0.666
-1.027
-0.501
-0.683
-0.339
-0.16
-0.468
-0.467
-0.743
-1.22
-1.433
-0.996
-0.885
-0.345
-0.42
-0.453
-0.014
0.388
-0.226
0.147
-0.093
-0.149
-0.156
-0.288
-0.386
-0.47
0.009
-0.292
-0.379
-0.05
0.026
-0.241
0.346
0.547
0.427
0.355
0.378
0.377
0.047
-0.138
0.077
-0.009
0.398
0.368
0.63
0.872
0.976
1.023
1.211
1.029
0.956
0.659
0.548
0.403
0.435
0.663
0.364
0.617
0.573
0.284
0.167
0.03
0.128
-0.309
-0.058
-0.051
-0.24
0.178
-0.171
-0.137
-0.172
-0.389
0.062
-0.362
-0.545
-0.403
-0.52
-0.822
-0.877
-1.462
-1.207
-1.512
-1.379
-1.27
-1.228
-1.511
-1.089
-1.55
-1.347
-1.414
-1.135
-1.612
-1.506
-1.512
-1.071
-1.351
-0.819
-0.503
-0.54
-0.865
-0.207
-0.317
-0.181
-0.04
0.016
-0.328
-0.04
-0.351
-0.05
0.21
0.349
0.189
0.345
0.606
0.252
0.529
1.026
0.834
1.482
1.348
1.361
1.237
1.16
0.829
0.42
0.204
0.23
0.231
0.13
-0.095
0.121
-0.133
0.106
-0.052
0.156
-0.349
-0.071
-0.252
-0.672
-0.869
-0.626
-0.917
-0.377
-0.334
-0.802
-0.643
-0.326
-0.401
-0.466
-0.284
-0.054
0.012
-0.605
-0.439
-0.422
-0.335
0.168
0.419
0.095
-0.069
-0.133
-0.477
-0.166
0.208
0.432
0.3
0.71
0.283
0.384
0.367
0.232
0.308
0.738
0.619
0.69
0.967
0.738
0.903
0.912
1.062
0.43
0.759
0.661
0.572
0.833
0.505
0.115
0.288
-0.033
-0.087
0.204
-0.167
-0.145
-0.221
0.226
0.058
-0.169
-0.076
-0.116
0.155
0.17
0.511
0.943
0.573
0.631
1.137
0.553
0.723
0.804
0.448
0.39
0.23
0.182
0.209
0.217
0.105
-0.315
-0.084
-0.123
-0.029
-0.191
0.055
-0.138
0.211
0.226
-0.064
0.145
-0.078
-0.006
0.254
0.159
0.124
0.218
0.175
0.051
0.319
-0.056
-0.244
0.018
-0.122
-0.374
-0.296
-0.192
0.04
0.497
0.401
0.563
1.217
1.521
1.26
1.456
1.376
1.452
1.393
1.491
1.61
1.357
1.54
1.594
1.826
1.961
1.886
1.552
1.559
1.658
1.429
1.089
1.224
0.977
0.802
0.736
0.765
0.837
0.964
0.932
0.774
0.956
0.816
0.584
0.893
1.06
1.137
1.314
1.234
1.356
0.889
0.735
0.478
0.865
0.897
0.508
1.509
1.324
1.05
0.706
1.132
0.95
1.352
1.121
1.037
1.509
1.364
1.244
1.654
1.895
1.997
1.943
2.021
2.047
1.872
2.311
2.053
2.194
2.313
1.845
2.332
2.149
2.244
2.565
2.255
2.42
2.221
1.997
1.973
1.723
1.793
2.114
2.282
2.555
2.37
2.27
2.194
2.091
2.337
2.238
2.246
2.073
1.154
1.4
1.245
1.179
0.828
1.808
1.598
1.562
1.084
1.631
1.183
1.455
1.363
1.282
1.293
1.222
1.348
0.644
0.844
0.393
0.212
0.034
0.02
0.239
0.324
0.393
0.729
0.386
0.133
-0.175
-0.087
-0.356
0.063
2.565
2.565
2.565
-0.671
-0.393
-0.681
-0.8
-0.534
-0.647
-0.995
-1.146
-0.842
-0.84
-0.752
-0.505
-0.95
-0.601
-0.314
-0.439
-0.315
-0.406
-0.225
-0.807
-1.048
-0.444
-0.757
-0.418
-0.197
0.07
-0.203
-0.317
-0.211
0.214
0.462
0.41
-0.085
-0.354
-0.236
-0.112
-0.129
0.252
0.569
1.075
0.988
1.011
0.863
0.801
0.565
0.751
0.47
0.591
0.469
0.47
0.538
-0.681
-0.839
-0.977
-1.333
-0.987
-0.947
-0.826
-1.038
-0.915
-0.743
-1.123
-1.605
-1.454
-1.237
2.565
-0.399
0.071
-0.345
-0.466
-0.529
-0.413
-0.505
-0.37
-0.171
-0.394
-0.803
-0.742
-1.236
-0.628
-0.824
-0.842
-0.583
-0.741
-0.834
-0.602
-0.932
-0.588
-0.256
-0.162
-0.045
-0.007
0.214
-0.169
-0.182
-0.165
-0.673
0.112
0.338
0.275
0.026
-0.103
-0.614
-0.788
-0.942
-0.547
-0.506
-0.148
-0.65
-1.038
-0.879
-1.394
-1.527
-1.665
-1.368
-1.043
-0.838
-0.833
-0.52
-0.312
-0.212
-0.334
-0.092
0.052
0.309
0.461
0.732
0.887
0.482
0.628
0.385
0.473
0.532
0.678
0.311
-0.186
-0.303
-0.571
-0.695
-0.495
-0.284
-0.331
-0.558
-0.469
-0.596
2.565
-0.949
-0.79
-1.131
-1.455
-1.534
2.565
-1.116
-0.696
-0.655
-0.425
-1.156
-0.93
-0.869
-1.115
-0.74
-0.887
-0.836
-0.756
-0.468
-0.708
-1.554
-0.596
-0.522
-0.411
-0.299
-0.152
-0.269
-0.106
-0.533
-0.773
-0.666
-0.414
0.134
0.371
0.338
-0.122
0.399
-0.165
0.074
-0.097
-0.283
-0.563
-0.594
-1.184
-1.157
-1.498
-1.372
-1.336
-1.41
-1.38
-1.724
-1.5
-1.487
-1.483
-1.393
-1.593
-1.339
-1.287
-1.158
-1.411
-1.403
-0.978
-0.861
-0.563
-0.351
-0.055
-0.335
0.013
-0.061
0.037
0.083
-0.423
-0.761
-0.721
-0.964
-0.768
-0.684
-0.819
-0.482
-0.864
-0.377
-0.374
-0.599
-0.818
-0.426
-0.162
-0.127
-0.009
-0.306
-0.207
-0.262
0.142
-0.208
-0.196
0.523
0.648
0.858
0.942
0.675
0.446
0.308
0.9
0.983
0.969
0.499
0.743
0.032
0.12
0.107
-0.108
0.157
0.046
0.181
0.305
0.336
0.305
0.314
-0.111
-0.333
-0.188
-0.47
-0.242
0.021
0.157
0.09
0.088
0.041
0.219
-0.355
-0.393
-0.583
-0.642
-0.646
-0.398
-0.701
-0.9
-0.975
-0.846
-0.951
-0.785
-0.538
-0.93
-0.746
-0.74
-0.632
-0.231
-0.412
0.08
0.587
0.641
0.824
0.688
1.135
0.381
0.138
-0.026
0.163
-0.314
-0.137
0.189
0.32
0.303
0.383
0.258
0.32
0.198
0.164
0.251
0.152
-0.111
-0.197
-0.465
-0.82
-0.93
-1.202
-1.138
-0.803
-0.607
-0.619
-0.841
-0.748
-0.958
-0.976
-0.849
-0.56
0.031
-0.272
-0.26
-0.161
-0.042
-0.122
0.038
0.261
0.303
0.539
0.566
0.207
0.076
-0.176
-0.414
-0.343
-0.159
0.195
0.028
0.372
0.219
0.027
-0.16
0.138
-0.013
-0.092
0.172
0.09
0.132
0.485
0.548
0.437
0.177
0.505
0.173
0.434
0.17
-0.057
-0.03
-0.143
-0.177
0.091
0.052
0.164
0.022
0.203
0.22
0.311
0.191
0.273
0.297
-0.212
0.448
0.285
0.266
0.612
0.804
0.853
1.085
1.211
1.08
1.231
1.178
1.301
1.097
1.331
1.142
1.091
0.958
0.648
0.967
1.193
0.839
1.018
0.617
0.123
-0.081
0.652
0.19
0.122
0.316
0.44
0.272
0.301
0.494
0.791
0.689
0.639
0.636
0.256
0.306
0.49
0.199
-0.299
0.003
0.485
0.094
0.063
0.399
1.252
0.767
0.769
1.379
1.429
1.012
0.591
0.502
0.765
0.49
0.373
0.703
0.336
0.01
0.04
0.104
0.447
1.053
1.264
1.355
0.866
0.71
0.693
0.671
0.799
0.706
0.886
1.102
0.827
1.068
0.788
0.642
0.839
0.775
1.197
1.492
1.296
1.516
1.154
1.111
1.222
0.893
0.768
0.842
0.848
0.607
0.981
1.167
0.977
1.344
1.363
1.669
1.431
1.325
1.128
1.294
1.079
0.77
0.305
0.382
0.565
0.131
0.665
0.436
0.161
0.043
0.205
-0.229
0.127
0.14
-0.04
-0.014
0.267
0.462
0.11
0.278
0.308
0.149
0.626
1.152
1.069
1.306
1.351
1.013
1.259
1.136
1.413
1.508
1.332
1.367
1.583
1.192
0.987
1.285
1.153
1.157
1.123
0.955
0.681
0.657
0.468
0.98
0.818
0.718
1.045
1.047
0.899
1.17
0.75
0.581
0.571
0.692
0.359
0.628
0.819
1.002
0.847
1.006
1.048
0.708
1.032
1.022
0.705
0.83
0.906
1.009
0.726
0.754
1.175
1.241
1.205
1.536
1.203
0.696
0.318
0.224
-0.028
-0.025
-0.11
-0.037
-0.42
-0.803
-1.055
-1.241
-1.124
-0.376
0.007
0.213
0.235
0.098
-0.201
0.479
-0.034
0.121
-0.014
0.033
-0.119
0.138
0.392
0.015
0.289
0.336
0.092
-0.12
0.151
0.482
1.329
1.24
1.22
1.032
0.315
0.647
1.068
1.347
-2.567
0.258
0.373
0.323
0.384
-0.048
0.064
-0.058
-0.447
2.565
-0.216
-0.388
-0.595
-0.769
-0.71
-1.003
-0.715
-0.586
-0.886
-0.857
-0.582
-0.515
-0.193
-0.127
-0.352
0.015
-0.095
-0.196
-0.396
-0.834
-0.931
-1.029
-0.787
-0.736
-0.725
-0.113
-0.868
-0.9
-0.383
-0.867
-0.74
-0.638
-0.66
-0.416
0.112
0.15
-0.369
0.037
0.189
-0.407
-0.284
-0.57
-0.85
-0.975
-0.372
-0.324
0.22
0.193
0.035
0.1
-0.071
0.209
0.264
0.393
0.325
0.243
0.087
-0.025
-0.044
-0.263
-0.262
-0.793
-0.768
-0.8
-1.214
-0.872
-1.104
-0.858
-0.758
-1.004
-0.859
-0.939
-0.834
-0.927
-0.634
-0.768
-0.843
-0.693
-0.499
-0.66
-0.64
-0.057
-0.197
-0.46
-0.453
-0.666
-0.404
-0.665
-0.615
-0.604
-0.796
-0.731
-0.715
-0.082
-0.068
0.239
0.425
0.365
0.017
0.198
-0.005
-0.062
-0.332
-0.438
-0.889
-0.854
-1.068
-0.878
-0.568
-0.275
-0.082
0.16
0.42
0.735
0.152
0.153
0.131
0.211
0.301
0.362
0.482
0.433
0.283
0.246
0.191
0.111
0.253
0.287
-0.023
0.304
-0.424
-0.387
-0.7
-0.525
-0.753
-0.733
-1.022
-0.738
-0.846
-0.562
-0.409
-0.216
-0.282
-0.284
0.4
0.177
-0.266
-0.25
-0.624
-0.341
-0.169
-0.315
-0.218
-0.195
-0.296
-0.089
0.247
0.056
0.001
-0.063
-0.516
-0.733
-0.623
-0.31
-0.466
-0.438
-0.359
-0.308
-0.094
-0.093
-0.141
-0.345
-1.352
-0.957
-0.385
-0.721
-1.091
-0.822
-0.62
-0.551
-0.508
-0.684
-0.427
-0.667
-0.662
-0.259
-0.163
-0.284
-0.017
-0.428
-0.103
-0.393
-0.699
0.007
-0.645
-0.195
0.177
-0.181
0.333
0.146
0.366
0.329
0.182
0.285
0.037
0.544
0.244
-0.024
0.028
-0.075
-0.168
-0.066
-0.203
-0.124
-0.29
0.042
-0.029
0.072
-0.315
0.298
0.347
-0.078
-0.328
-0.377
-0.049
-0.291
0.094
0.043
0.322
0.559
0.63
0.403
0.311
0.537
0.429
0.274
0.103
-0.333
-0.209
-0.869
-0.868
-0.713
-0.322
-0.181
0.247
0.32
-0.14
-0.297
-0.325
-0.567
-0.568
-0.171
-0.354
-0.307
0.085
-0.232
-0.033
-0.068
0.045
-0.52
-0.699
-0.596
-1.025
-0.697
-0.889
-0.662
-0.684
-0.415
-0.536
-0.539
-0.037
-0.283
0.054
-0.115
-0.394
-0.519
-0.112
0.016
0.383
-0.132
-0.041
-0.293
-0.467
-0.285
-0.364
0.039
-0.031
0.026
0.173
-1.671
-0.051
0.273
-0.068
0.023
0.018
-0.123
-0.39
-0.755
-0.853
-0.615
-0.965
-0.677
-0.742
-0.607
-0.896
-0.693
-0.819
-1.096
-1.74
-1.488
-1.343
-0.697
-0.163
0.021
0.147
0.008
-0.116
-0.143
0.062
0.31
0.669
1.242
0.679
0.797
1.578
1.422
1.511
1.717
1.652
1.669
1.54
1.704
1.634
1.405
1.359
1.477
1.104
0.767
0.788
0.759
0.784
0.976
0.929
0.838
1.095
1.044
0.802
0.668
0.324
0.355
0.514
0.435
0.558
0.521
0.528
0.653
0.816
0.417
0.564
0.505
0.359
0.488
0.724
0.422
0.634
0.832
0.594
0.604
0.949
0.91
0.828
0.996
1.274
1.323
1.093
0.983
1.056
0.814
0.92
0.623
1.025
0.891
0.982
0.596
0.997
1.059
0.924
0.797
0.577
0.553
1.164
0.716
1.141
0.873
0.339
0.212
0.382
0.324
0.279
0.802
0.609
0.523
0.416
0.545
0.133
0.329
0.423
0.716
0.818
0.731
0.349
0.435
0.593
0.416
0.802
0.81
1.096
0.964
0.871
0.9
1.257
1.455
1.543
1.885
1.863
2.112
2.304
2.219
2.053
1.909
1.84
2.565
2.221
1.842
1.897
2.015
2.212
2.347
2.423
2.093
2.376
1.703
1.666
1.409
1.001
0.741
0.896
0.903
0.895
1.333
1.38
1.383
1.182
1.123
0.879
1.382
1.55
1.671
1.436
1.599
1.548
1.1
1.078
0.906
0.39
0.987
1.065
1.532
1.213
1.289
1.331
1.052
0.914
1.016
1.175
0.361
0.519
0.341
0.145
0.273
0.446
-0.122
0.127
-0.115
-0.228
-0.412
-0.407
-0.33
0.058
-0.057
0.065
-0.204
-0.107
-0.403
-0.067
-0.349
-0.654
-0.712
-0.816
-0.376
0.166
0.294
0.884
0.329
0.075
0.101
0.159
-0.194
-0.466
-0.032
0.15
-0.423
0.228
0.094
-0.052
-0.012
-0.57
-0.836
-0.82
-1.186
-0.362
-0.61
-0.663
-1.131
-1.178
-1.563
-0.915
-0.865
-0.998
-1.18
-0.345
-0.754
-0.792
-1.025
-0.639
-0.433
-0.156
-0.487
-0.247
-0.424
-0.68
-1.119
-0.826
-0.598
-0.416
-0.253
-0.364
-0.438
-0.873
-0.811
-0.702
0.062
-0.482
-0.144
0.098
0.05
-0.188
-0.253
0.471
0.247
0.349
0.418
0.209
0.04
0.048
-0.068
0.001
-0.072
-0.327
-0.041
-0.097
0.301
0.127
0.559
0.432
0.331
-0.048
-0.519
-0.314
-0.551
-0.032
0.302
1.293
0.437
0.532
-0.049
-0.138
0.047
0.216
0.101
0.481
0.252
0.225
0.181
0.167
0.028
0.065
-0.156
-0.301
-0.562
-0.643
-0.904
-0.592
-0.312
-0.206
-0.677
-0.783
-0.922
-0.923
-1.357
-0.708
-0.664
-0.736
-0.59
-0.824
-0.814
-0.806
-0.708
-0.274
-0.646
-0.788
-0.717
-0.693
-0.342
-0.483
-0.622
-0.401
-0.452
-0.638
-0.317
-0.329
-0.576
-0.839
-0.602
-1.05
-0.91
-0.769
-0.294
0.238
-0.088
-0.405
-0.418
-0.732
-0.784
-0.681
-0.705
-1.049
-0.753
-0.793
-0.772
-0.953
-0.798
-1.458
-1.593
-1.919
-2.001
-2.11
-1.773
-1.929
-1.65
-1.627
-2.49
-1.025
-1.156
-1.097
-0.707
-0.819
-0.557
-0.681
-0.587
-0.319
-0.285
-0.431
-0.336
-0.293
-0.254
-0.28
-0.057
0.354
0.155
0.38
-0.138
-0.214
-0.038
-0.115
-0.404
-0.51
-0.629
-0.415
-0.372
-0.585
-0.466
-0.156
0.147
0.147
0.082
0.319
0.146
0.47
0.533
0.751
0.559
0.323
0.174
-0.024
0.06
-0.048
0.197
0.343
0.155
-0.013
-0.315
-0.097
-0.226
0.139
0.159
-0.08
-0.076
0.102
-0.116
-0.219
-0.155
-0.704
-0.865
-0.955
-0.818
-0.668
-0.648
-1.053
-1.113
-0.921
-0.846
-0.962
-0.673
-0.692
-0.808
-0.776
-0.867
-0.951
-0.263
-0.317
0.525
0.607
0.457
0.026
0.07
0.06
0.184
0.386
1.24
0.985
0.831
0.553
0.331
0.828
0.523
1.691
1.249
1.052
0.596
0.427
-0.005
0.272
0.076
0.116
0.645
0.283
0.249
-0.006
-0.12
-0.283
-0.043
0.51
0.684
0.264
-0.009
-0.436
-1.14
-1.152
-0.834
-0.511
-0.181
-0.294
-0.467
-0.084
0.343
1.009
0.863
0.803
0.569
0.536
0.481
0.418
0.425
0.718
0.634
0.599
0.423
0.755
0.902
0.675
0.485
0.767
0.767
1.113
0.719
0.967
0.99
1.06
0.803
0.901
0.798
0.621
0.541
0.364
0.478
0.606
0.679
0.904
1.362
1.028
0.764
0.671
0.578
0.329
0.242
0.102
0.028
0.166
0.463
0.123
0.063
0.007
0.062
0.21
-0.054
0.028
-0.257
-0.081
-0.707
-0.748
-0.468
-0.265
0.052
0.201
0.121
0.278
0.008
-0.05
0.067
0.11
0.517
0.622
0.363
0.136
0.313
0.11
0.066
0.564
0.395
0.294
0.278
-0.256
-0.358
-0.193
-0.263
-0.236
-0.01
0.069
0.157
0.291
0.753
0.613
0.753
0.714
0.702
0.78
0.921
0.593
0.795
0.516
0.684
0.462
0.647
1.01
0.258
0.932
0.826
0.744
0.794
0.748
0.619
0.832
0.948
0.851
0.831
