-0.347
-0.441
-0.253
-0.052
0.242
0.382
0.627
0.701
0.714
0.703
0.643
0.894
0.993
0.845
0.77
0.848
0.886
0.936
0.669
0.895
0.362
0.398
0.073
0.075
0.007
-0.059
0.051
0.085
-0.14
-0.253
-0.396
-0.515
-0.716
-0.635
-0.231
-0.178
-0.052
-0.158
-0.328
-0.25
-0.417
-0.405
-0.532
-0.358
-0.52
-0.275
-0.347
0.022
-0.188
-0.292
-0.112
-0.193
0.022
0.047
0.027
0.206
0.104
0.188
0.273
-0.006
0.173
0.219
0.136
0.16
0.163
0.046
-0.069
0.009
-0.075
-0.14
-0.046
-0.147
-0.202
-0.312
-0.348
-0.339
-0.273
-0.041
-0.043
-0.022
-0.041
-0.066
-0.109
0.038
-0.181
-0.152
-0.051
-0.078
-0.044
0.115
0.057
-0.137
0.188
0.055
0.046
-0.114
0.065
-0.186
-0.062
-0.223
-0.082
-0.204
0.009
0.053
0.052
-0.056
-0.086
-0.092
0.096
0.215
0.316
-0.05
0.065
0.397
-0.032
0.105
-0.327
-0.216
-0.237
-0.287
-0.12
-0.442
0.037
-0.118
0.239
-0.059
-0.149
-0.454
-0.374
-0.294
-0.617
-0.486
-0.315
-0.417
-0.456
-0.472
-0.357
-0.146
-0.014
-0.015
0.01
0.174
0.275
0.079
0.367
0.084
0.048
0.011
-0.02
-0.269
-0.076
0.208
0.156
-0.151
0.01
-0.126
-0.233
-0.342
-0.298
-0.169
-0.156
0.03
0.167
0.333
0.368
0.208
0.18
0.402
0.019
-0.012
-0.17
-0.06
-0.165
-0.16
0.123
0.508
0.104
-0.08
-0.105
-0.003
-0.303
-0.537
-0.377
-0.296
-0.538
-0.458
-0.546
-0.342
-0.291
-0.588
-0.346
-0.366
-0.318
-0.487
-0.388
-0.288
-0.246
-0.023
0.149
0.169
0.108
0.037
0.177
0.312
0.099
-0.053
0.289
0.151
0.04
0.004
-0.114
-0.103
-0.111
-0.288
-0.368
-0.309
-0.34
-0.621
-0.461
-0.332
-0.012
0.024
0.46
0.548
0.704
0.768
0.709
0.812
1.098
0.935
0.925
1.048
0.704
0.717
0.656
0.524
0.527
0.837
0.771
0.957
1.211
1.364
1.309
1.168
1.395
1.267
1.312
0.987
1.225
0.951
0.984
0.922
0.771
0.86
0.65
0.686
1.175
1.207
0.984
1.433
1.285
1.028
1.215
1.579
1.607
1.605
1.631
1.845
1.831
1.876
1.696
1.71
1.747
2.053
1.87
1.814
2.205
2.072
1.979
1.912
1.778
1.589
1.528
1.435
1.417
1.391
1.223
1.496
1.368
1.402
1.367
1.404
1.479
1.358
1.143
0.907
1.183
1.024
0.917
1.282
1.406
1.637
1.729
1.926
1.667
1.724
1.772
1.838
1.904
1.753
2.04
1.748
1.471
1.459
1.219
1.295
1.482
1.657
1.853
1.87
1.879
2.133
2.316
2.299
2.103
2.166
2.07
1.993
1.959
2.1
2.051
1.716
1.555
1.68
1.52
1.829
1.787
1.668
1.98
1.678
1.46
1.064
1.102
0.835
1.023
0.767
0.911
1.054
0.927
0.868
0.855
0.669
0.998
0.904
0.59
0.228
0.037
-0.003
-0.045
0.032
0.371
0.63
0.432
0.597
0.523
0.317
-0.121
-0.16
-0.19
-0.172
-0.092
-0.346
-0.268
-0.379
-0.531
-0.19
-0.299
-0.453
-0.502
-0.73
-0.831
-1.176
-1.254
-1.009
-1.257
-0.95
-1.05
-1.014
-0.666
-0.34
-0.862
-0.71
-0.735
-1.242
-1.449
-1.417
-1.139
-0.779
-0.332
-0.374
-0.517
-0.634
-0.527
-0.605
-0.638
-0.535
-0.543
-0.307
-0.533
-0.579
-0.78
-0.971
-1.042
-1.311
-1.429
-1.244
-1.359
-1.002
-1.462
-1.593
-1.576
-1.728
-1.489
-1.533
-1.521
-1.319
-1.604
-1.724
-1.548
-1.506
-1.614
-1.255
-1.691
-1.783
-1.875
-1.766
-1.749
-1.879
-1.624
-1.866
-1.769
-1.899
-1.715
-1.744
-1.792
-1.953
-1.921
-1.863
-1.548
-1.803
-1.775
-1.78
-1.699
-1.842
-1.613
-1.506
-1.399
-1.204
-1.147
-0.957
-0.833
-0.714
-0.511
-0.143
-0.033
-0.048
0.107
-0.024
0.148
-0.188
-0.197
0.0
-0.232
-0.073
-0.109
-0.281
-0.058
-0.121
0.031
0.165
0.266
0.076
0.131
0.305
0.44
0.206
0.229
0.143
0.196
0.107
-0.067
-0.112
0.175
-0.21
-0.195
-0.212
-0.301
-0.498
-0.516
-0.636
-0.614
-0.807
-0.69
-0.941
-0.886
-0.974
-0.817
-0.822
-0.743
-0.282
-0.161
-0.044
0.218
0.249
0.268
-0.14
-0.007
-0.13
-0.004
-0.297
-0.174
-0.402
-0.191
-0.267
-0.123
0.11
0.233
0.547
0.581
0.681
0.807
0.743
0.943
0.851
0.514
0.599
0.546
0.518
0.226
0.287
0.226
0.082
0.313
0.214
0.279
0.219
0.279
0.427
0.442
0.089
0.267
-0.001
-0.246
-0.256
-0.477
-0.445
-0.469
-0.44
-0.07
-0.112
0.077
0.366
0.367
0.297
0.199
0.525
0.169
-0.182
0.546
0.287
0.583
0.572
0.253
0.373
0.068
-0.266
-0.018
0.076
0.209
0.38
0.32
0.146
0.323
0.489
0.832
0.502
0.952
1.105
1.303
1.217
1.203
1.25
1.158
0.899
1.032
0.99
0.886
0.781
0.737
0.428
0.357
0.19
0.057
0.028
0.031
0.024
0.099
0.104
0.003
-0.007
-0.099
-0.218
-0.48
-0.608
-0.651
-0.686
-0.82
-1.001
-0.956
-1.148
-0.848
-1.0
-0.789
-0.734
-0.692
-0.432
-0.254
-0.15
-0.212
-0.144
-0.401
-0.262
-0.534
-0.189
-0.559
-0.335
-0.442
-0.308
-0.613
-0.293
-0.302
-0.17
-0.03
0.016
-0.004
-0.19
-0.383
-0.152
-0.019
-0.107
0.059
0.09
-0.194
-0.03
-0.312
-0.303
0.076
-0.273
-0.154
-0.385
-0.196
-0.134
-0.177
-0.289
-0.196
-0.063
0.064
0.089
0.446
0.81
0.66
0.737
1.012
0.931
0.425
0.561
0.445
-0.08
-0.24
-0.068
-0.285
-0.295
0.035
-0.197
-0.188
-0.038
0.169
0.226
0.512
0.495
0.485
0.513
0.554
0.654
0.588
0.618
0.81
0.827
0.602
0.446
0.53
0.161
0.432
0.313
0.001
-0.006
0.025
-0.22
0.041
0.078
0.098
0.137
0.205
0.24
0.036
0.151
0.149
-0.174
-0.15
-0.393
-0.523
-0.462
-0.422
-0.531
-0.431
-0.213
-0.224
-0.229
-0.398
-0.405
-0.415
-0.096
-0.192
-0.182
0.034
0.212
0.062
0.055
0.093
0.108
0.052
0.196
0.471
0.358
0.201
-0.043
-0.302
-0.359
-0.267
-0.269
-0.571
-0.387
-0.295
-0.153
-0.06
0.23
0.467
0.423
0.52
0.61
0.168
0.45
0.412
0.271
0.308
0.429
0.609
0.728
0.744
0.78
0.855
0.933
0.693
0.981
0.758
0.642
0.562
0.75
0.787
0.567
0.716
0.699
0.666
0.638
0.572
0.543
0.333
0.303
-0.065
-0.15
0.12
0.134
0.327
0.314
0.168
0.203
0.003
0.115
0.029
0.14
-0.55
0.02
0.246
-0.284
-0.255
-0.041
-0.134
0.272
0.137
0.005
-0.289
0.37
0.291
0.221
-0.019
0.003
0.156
-0.147
-0.237
-0.262
-0.291
-0.504
-0.657
-0.423
-0.621
-0.515
-0.222
-0.043
-0.057
0.026
-0.203
0.094
-0.078
-0.183
-0.058
-0.203
-0.303
-0.107
0.013
-0.013
0.049
0.016
0.006
-0.275
0.257
0.103
0.243
0.455
0.248
0.246
0.182
0.405
0.017
0.212
-0.027
0.057
-0.072
-0.017
0.132
-0.138
-0.508
-0.46
-0.561
-0.806
-0.44
-0.36
-0.577
-0.613
-0.235
-0.43
-0.435
-0.384
-0.154
-0.313
-0.366
-0.466
-0.306
-0.406
-0.474
-0.367
-0.326
-0.331
-0.256
-0.46
-0.154
-0.328
-0.251
-0.198
-0.304
-0.159
-0.075
-0.131
-0.17
0.071
-0.142
-0.23
0.067
0.136
0.178
0.007
0.083
0.256
0.497
0.621
0.802
1.133
1.107
1.212
1.39
1.497
1.386
1.487
1.316
1.344
1.407
1.273
1.183
0.925
0.827
0.509
0.537
0.555
0.529
0.221
0.303
0.442
0.209
0.387
0.405
0.345
0.339
0.424
0.305
0.658
0.359
0.213
0.257
0.048
0.265
0.034
-0.089
0.171
0.339
-0.034
-0.246
0.144
-0.037
0.103
0.486
1.08
0.85
0.584
0.813
0.468
0.504
0.581
1.09
1.2
1.396
1.407
1.449
1.555
1.609
1.8
2.082
2.078
2.249
2.408
2.565
2.418
2.138
2.084
1.955
1.599
1.815
1.849
2.232
2.173
1.84
1.866
2.186
2.083
1.907
2.167
1.856
1.738
2.166
1.409
1.695
1.958
2.092
1.7
1.686
1.402
1.453
1.26
1.227
1.28
0.842
1.286
1.571
1.667
1.765
1.566
1.279
1.445
1.253
0.903
0.808
1.089
1.274
1.513
1.472
1.339
0.956
0.923
1.325
1.057
1.325
1.285
1.101
1.089
0.962
0.623
0.911
1.019
0.935
1.062
1.591
1.304
1.67
1.658
1.807
1.709
2.078
1.673
1.55
1.443
1.809
1.606
1.86
1.818
1.763
1.458
1.505
2.022
1.558
1.524
1.19
1.142
0.944
0.85
0.873
1.228
0.949
0.662
0.197
0.12
0.005
-0.564
-0.581
-0.629
-0.848
-0.917
-0.816
-1.072
-1.108
-1.042
-0.704
-0.682
-0.738
-0.636
-0.634
-0.815
-0.61
-0.623
-0.366
-0.524
-0.323
-0.508
-0.613
-0.731
-0.609
-0.665
-0.796
-0.986
-1.173
-1.537
-1.693
-1.686
-1.78
-1.561
-1.308
-1.431
-1.509
-1.221
-1.051
-0.739
-0.608
-0.761
-0.78
-1.049
-0.968
-1.096
-1.13
-1.093
-0.991
-1.198
-1.164
-1.219
-1.257
-1.453
-1.434
-1.598
-1.624
-1.617
-1.576
-1.548
-1.363
-1.486
-0.904
-1.044
-0.526
-0.214
-0.137
-0.131
0.11
0.197
-0.031
-0.027
-0.2
-0.377
-0.531
-0.444
-0.509
-1.033
-0.819
-1.2
-1.355
-1.674
-1.336
-1.496
-1.557
-1.26
-1.214
-1.377
-1.137
-1.379
-1.229
-1.338
-1.093
-1.17
-1.006
-1.099
-1.078
-0.965
-0.509
-0.547
-0.8
-0.749
-0.517
-0.954
-0.729
-0.732
-0.317
-0.43
-0.397
-0.229
-0.516
-0.51
-0.593
-0.61
-0.664
-0.282
-0.217
-0.427
-0.043
-0.196
-0.388
-0.248
-0.415
-0.187
-0.041
0.116
0.075
-0.322
-0.583
-0.68
-0.703
-0.834
-0.466
-0.09
0.238
0.094
-0.002
-0.272
-0.141
-0.281
-0.35
-0.553
-0.482
-0.459
-0.389
-0.151
-0.378
-0.281
-0.442
-0.284
-0.268
-0.427
-0.148
-0.233
-0.221
-0.316
-0.697
-0.661
-0.72
-0.677
-0.338
0.253
0.144
0.17
-0.011
-0.261
-0.297
-0.168
0.0
0.195
0.276
0.517
0.354
-0.084
0.231
-0.12
0.041
-0.294
0.238
0.372
0.659
0.431
0.494
0.391
0.334
0.147
0.055
0.243
-0.049
-0.272
-0.206
-0.071
-0.358
-0.319
-0.429
-0.652
-0.818
-0.668
-0.876
-0.799
-1.016
-1.175
-0.985
-1.125
-0.913
-1.157
-1.053
-1.356
-1.498
-1.452
-1.679
-1.661
-1.729
-1.453
-1.145
-1.16
-0.896
-0.594
-0.627
-0.433
-0.173
-0.095
-0.115
0.423
0.487
0.534
0.46
0.482
0.309
0.397
0.374
0.468
0.862
1.086
1.181
1.046
0.921
0.64
0.499
0.639
0.667
0.551
0.799
0.327
0.147
0.078
0.107
0.378
0.083
0.57
0.138
-0.005
-0.078
-0.185
-0.45
-0.128
0.133
0.358
0.367
0.484
0.392
0.528
0.219
0.252
0.5
0.425
0.184
0.228
0.342
0.274
-0.031
0.097
0.024
-0.185
-0.313
-0.395
0.041
0.284
0.46
0.406
0.135
0.022
-0.069
-0.301
-0.292
-0.091
-0.231
-0.348
-0.359
-0.383
-0.332
-0.208
-0.169
-0.036
-0.184
-0.132
-0.203
-0.35
-0.367
-0.661
-0.657
-0.467
-0.398
-0.266
-0.32
0.033
0.158
0.289
0.485
0.748
0.468
1.027
1.032
0.908
0.988
1.051
0.936
0.715
0.568
0.117
0.03
-0.201
-0.469
-0.442
-0.487
-0.358
-0.478
-0.295
-0.139
-0.185
-0.263
-0.159
-0.291
-0.138
-0.372
-0.51
-0.535
-0.329
-0.258
-0.413
-0.126
-0.048
-0.109
-0.001
-0.159
-0.163
-0.469
-0.11
-0.385
-0.463
-0.451
-0.274
-0.25
-0.301
-0.3
-0.176
-0.249
-0.398
-0.426
-0.297
-0.015
-0.218
-0.256
-0.186
-0.28
-0.226
-0.195
0.201
0.222
0.266
0.39
0.255
0.5
0.174
0.332
0.334
0.269
0.323
0.454
0.295
0.115
0.221
-0.154
-0.145
-0.221
-0.289
-0.098
0.056
0.123
0.172
0.289
0.318
0.352
0.455
0.591
0.7
1.03
1.188
1.169
1.205
1.565
1.396
1.747
1.495
1.447
1.084
1.078
1.022
0.993
0.857
0.991
0.799
0.907
0.727
0.807
0.688
0.592
0.58
0.576
0.337
0.297
0.214
0.197
-0.201
-0.233
-0.242
-0.359
-0.448
-0.292
-0.332
-0.238
-0.382
-0.313
-0.676
-0.567
-0.729
-0.264
-0.473
-0.222
0.339
0.115
-0.013
0.015
-0.017
-0.546
-0.203
-0.396
-0.526
-0.611
-0.402
-0.656
-0.428
-0.114
-0.128
-0.042
0.059
0.481
0.685
0.984
1.458
1.355
1.372
1.494
1.229
1.492
1.173
1.415
1.413
1.63
1.334
1.452
0.962
0.855
0.678
0.678
0.871
0.234
0.095
0.046
-0.21
-0.398
-0.082
-0.0
-0.237
-0.094
0.496
0.304
0.506
0.59
0.585
0.64
0.478
0.478
0.694
1.19
0.826
0.603
0.481
0.385
0.42
0.248
0.13
0.127
0.197
0.274
0.228
0.513
0.668
0.68
0.332
0.194
0.238
0.301
0.247
0.627
0.255
-0.156
-0.353
-0.511
-0.419
-0.405
-0.048
0.355
0.588
0.648
0.414
0.866
1.136
1.345
1.191
1.155
1.041
1.007
0.649
0.82
0.647
0.953
0.968
0.552
0.637
0.825
0.795
0.635
0.695
0.311
0.06
0.049
0.268
0.22
0.565
0.854
1.017
0.669
0.557
0.193
0.307
0.218
0.32
0.655
0.589
0.453
0.468
0.263
0.309
0.549
0.446
0.712
0.678
0.51
0.639
0.153
-0.023
0.057
0.002
-0.015
-0.163
0.088
0.259
0.301
0.316
0.517
0.64
0.597
1.096
1.266
1.567
1.792
1.805
1.781
1.837
1.573
1.689
1.586
1.5
1.37
1.196
1.069
1.056
1.033
0.73
1.12
1.072
1.346
1.558
1.767
1.799
1.957
1.583
1.408
0.97
0.62
0.499
0.606
0.643
0.536
0.263
0.496
0.363
0.281
0.456
0.039
0.145
0.403
-0.043
0.113
0.095
0.207
0.378
0.112
-0.053
0.034
0.173
0.335
1.037
0.927
1.327
1.63
1.956
1.967
2.141
2.068
1.703
1.671
1.637
1.704
1.711
1.897
2.004
2.011
2.188
1.783
2.044
1.943
2.215
2.053
2.541
2.178
2.153
2.025
2.266
2.118
2.281
2.202
1.758
1.799
1.562
1.798
1.755
1.684
1.286
1.165
1.036
1.108
1.058
0.919
0.705
0.315
0.507
0.451
0.2
0.437
0.571
0.673
-0.039
0.194
-0.049
0.163
0.054
-0.268
-0.767
-0.715
-0.883
-0.608
-0.393
-0.262
0.591
0.343
0.095
0.185
0.019
-0.118
-0.078
-0.214
-0.307
-0.284
-0.457
-0.547
-0.427
-0.308
-0.92
-0.665
-1.194
-1.094
-1.583
-1.722
-1.564
-2.158
-2.173
-1.572
-1.474
-1.321
-1.23
-1.107
-1.167
-1.484
-1.599
-1.468
-1.423
-1.603
-1.369
-1.206
-1.517
-1.783
-1.913
-1.844
-2.153
-1.952
-1.906
-1.768
-1.865
-1.434
-1.375
-1.417
-1.347
-1.355
-1.644
-1.505
-1.693
-1.477
-1.667
-1.567
-1.245
-1.03
-1.206
-0.829
-1.124
-1.022
-1.33
-1.203
-1.481
-1.402
-1.428
-1.054
-1.107
-1.09
-1.306
-1.287
-1.298
-0.747
-1.004
-0.98
-0.985
-0.989
-1.129
-1.11
-0.902
-1.076
-1.114
-1.027
-1.153
-1.066
-1.148
-0.779
-0.754
-0.675
-0.454
-0.223
-0.203
-0.107
-0.018
-0.006
0.096
-0.029
0.092
-0.258
-0.301
-0.156
-0.565
-0.664
-0.529
-0.56
-0.513
-0.484
-0.528
-0.484
-0.292
-0.489
-0.3
-0.468
0.184
-0.05
0.282
0.3
0.456
0.715
0.606
0.665
0.516
0.674
0.46
0.26
0.253
0.254
0.072
-0.197
-0.134
-0.287
-0.504
-0.403
-0.549
-0.642
-0.883
-0.73
-0.802
-1.022
-0.667
-0.637
-0.752
-0.482
-0.386
-0.318
-0.322
-0.205
-0.208
-0.466
-0.649
-0.52
-0.592
-0.456
-0.574
-0.704
-0.615
-1.006
-1.117
-0.799
-0.585
-0.302
-0.67
-0.495
-0.28
-0.453
-0.499
-0.574
-0.347
-0.453
-0.489
-0.334
-0.165
0.151
0.056
0.251
0.16
0.403
0.607
0.667
0.547
0.654
0.741
0.694
0.467
0.381
0.459
0.355
0.222
0.068
0.103
0.023
-0.023
-0.196
-0.235
-0.405
-0.643
-0.793
-1.041
-0.909
-0.771
-0.687
-0.363
-0.028
0.088
0.091
0.398
0.136
0.146
0.224
0.252
0.453
0.351
0.645
0.492
0.359
0.113
0.096
-0.14
-0.335
-0.471
-0.448
-0.508
-0.338
-0.546
-0.099
-0.313
-0.106
-0.094
-0.162
0.124
0.001
0.145
0.015
0.227
0.03
0.25
0.088
-0.023
-0.004
0.102
-0.166
-0.129
-0.258
-0.629
-0.662
-0.868
-1.052
-0.857
-0.943
-0.908
-0.673
-0.521
-0.417
-0.333
-0.244
0.027
0.132
0.544
0.273
0.395
0.225
0.522
0.325
0.174
0.294
0.557
0.46
0.475
0.427
0.278
0.376
0.545
0.232
0.305
0.159
-0.012
0.018
-0.28
-0.324
-0.381
0.02
-0.315
-0.058
-0.178
0.021
-0.126
-0.319
-0.178
-0.078
-0.288
-0.319
0.002
-0.018
0.158
0.22
0.412
0.563
0.547
0.197
0.657
0.573
0.273
0.373
0.581
0.578
0.641
0.727
0.66
0.575
0.967
0.722
0.507
0.864
0.768
0.805
0.678
0.666
0.97
1.14
1.059
1.407
1.333
1.548
1.416
1.378
1.422
0.785
0.346
0.671
0.398
0.427
0.767
0.154
0.068
0.051
0.099
0.075
0.204
0.293
0.029
-0.074
-0.175
-0.243
-0.11
0.368
0.413
0.142
0.099
-0.214
-0.169
-0.367
-0.429
-0.58
-0.609
-0.756
-0.608
-0.054
0.071
0.539
0.684
0.634
0.216
0.116
0.235
0.266
0.756
0.635
0.703
0.319
0.081
-0.008
0.262
-0.186
-0.029
-0.096
-0.15
-0.108
0.057
-0.264
-0.046
-0.271
-0.273
-0.392
-0.286
-0.371
-0.293
-0.336
-0.472
-0.512
-0.452
-0.177
-0.181
0.007
-0.111
-0.468
-0.381
-0.575
-0.599
-0.748
-0.456
-0.397
-0.201
-0.166
-0.25
-0.605
-0.458
-0.429
-0.603
-0.503
-0.513
-0.181
-0.174
-0.075
-0.047
0.068
-0.14
-0.041
0.101
0.221
0.548
1.028
1.083
1.236
0.884
0.685
0.61
0.3
0.213
0.488
0.354
0.368
0.356
0.358
0.487
0.579
0.441
0.782
0.703
0.463
0.518
0.71
0.328
0.787
0.789
0.936
0.729
0.807
0.583
0.478
0.549
0.39
0.478
0.338
0.376
0.232
0.37
0.057
0.028
0.12
-0.064
0.083
0.121
0.249
0.463
0.412
0.3
0.444
0.409
0.463
0.862
0.903
0.853
0.853
0.749
0.646
0.473
0.915
1.108
0.891
0.773
0.975
0.508
0.524
0.538
0.504
0.252
0.307
0.483
0.474
0.664
0.653
0.739
0.837
0.361
0.495
0.251
0.289
0.067
0.178
0.355
0.409
0.425
0.304
0.159
0.442
0.166
0.176
0.662
0.722
0.756
0.654
0.858
0.565
0.93
1.028
0.931
1.452
1.17
1.554
1.677
1.721
1.605
1.316
1.109
1.259
1.055
1.217
1.258
1.494
1.309
1.298
1.236
1.153
0.943
1.042
1.21
1.267
1.069
1.059
1.305
1.106
1.112
1.073
0.913
1.147
0.987
1.173
1.056
1.21
1.362
1.504
1.328
1.271
1.546
1.191
1.195
1.371
0.904
1.144
0.825
0.817
0.64
0.665
0.83
1.069
1.307
1.372
1.338
1.495
1.481
1.385
1.265
1.245
1.398
1.498
1.286
1.432
2.043
2.142
2.022
2.03
2.073
2.173
1.978
1.912
1.607
1.603
1.106
0.653
0.556
0.532
0.633
0.611
0.585
0.723
1.111
0.799
0.86
1.118
0.615
0.742
1.135
1.202
1.366
1.411
1.208
1.034
0.739
0.654
0.52
0.55
0.365
0.164
-0.162
-0.144
-0.472
-0.426
-0.512
-0.474
-0.352
-0.378
-0.119
-0.083
-0.031
-0.173
-0.039
0.003
-0.215
-0.129
0.069
-0.119
-0.149
-0.48
-0.331
-0.484
-0.561
-0.653
-0.501
-0.636
-0.618
-0.478
-0.228
-0.189
-0.396
-0.38
-0.066
-0.115
-0.342
-0.005
-0.258
0.242
0.352
0.31
0.603
0.378
0.256
0.257
0.117
0.109
-0.028
0.433
0.12
-0.072
0.021
0.012
-0.249
-0.038
-0.081
-0.077
-0.117
-0.038
-0.614
-0.596
-0.708
-0.804
-0.606
-0.454
-0.336
-0.3
-0.036
0.129
0.276
0.418
0.405
0.294
-0.106
-0.123
-0.358
-0.527
-0.389
-0.585
-0.676
-1.02
-1.217
-1.289
-1.442
-1.429
-1.351
-1.109
-1.171
-0.945
-0.764
-0.633
-0.625
-0.122
-0.304
-0.382
-0.747
-0.574
-1.164
-1.205
-1.075
-1.199
-1.313
-1.342
-1.228
-1.625
-1.816
-1.711
-1.703
-1.557
-1.887
-1.584
-1.008
-1.034
-1.077
-1.066
-0.974
-1.476
-1.598
-1.657
-1.272
-1.649
-1.457
-1.156
-1.167
-1.003
-0.982
-0.845
-0.894
-1.129
-0.848
-1.052
-1.068
-1.148
-0.95
-0.732
-1.093
-0.628
-0.695
-0.532
-0.937
-0.721
-0.882
-0.854
-0.7
-0.398
-0.726
-0.421
-0.301
-0.055
-0.162
-0.346
-0.262
-0.235
-0.515
-0.539
-0.555
-0.621
-0.782
-0.347
-0.714
-1.205
-0.747
-1.285
-1.457
-1.244
-1.07
-0.97
-0.852
-0.555
-0.524
-0.469
-0.511
-0.487
-0.421
-0.784
-0.805
-0.512
-0.655
-0.473
-0.583
-0.613
-1.012
-0.815
-1.066
-0.927
-0.983
-0.59
-0.871
-0.667
-0.315
0.002
0.037
0.369
0.534
0.561
0.248
0.113
0.352
0.401
0.51
0.749
0.534
0.692
0.628
0.663
0.794
0.648
0.311
0.074
-0.1
-0.308
-0.581
-0.36
-0.03
-0.099
0.256
0.06
0.207
0.235
0.419
0.274
0.48
0.833
0.689
0.983
0.395
0.613
0.375
0.343
-2.567
0.227
0.388
0.249
0.322
0.318
0.157
0.308
0.221
0.34
0.437
0.639
0.973
0.918
1.177
0.689
0.929
0.604
0.442
0.302
0.248
0.111
0.017
0.179
-0.116
-0.014
-0.264
-0.32
-0.344
-0.273
-0.283
-0.255
-0.425
-0.264
-0.391
-0.596
-0.51
-0.273
-0.205
-0.032
-0.333
-0.462
-0.555
-0.463
-0.707
-0.776
-0.671
-0.32
-0.358
0.088
-0.006
-0.007
-0.094
0.24
0.165
0.447
0.202
0.503
0.438
0.658
0.46
0.496
0.327
0.178
-0.141
-0.389
-0.16
-0.271
0.018
0.078
0.285
0.429
0.271
0.247
0.191
0.135
-0.266
-0.202
-0.342
-0.283
-0.362
-0.478
-0.517
-0.328
-0.008
-0.069
0.107
0.072
0.108
0.116
0.28
0.148
0.251
0.411
0.456
0.164
0.238
0.158
-0.051
0.238
0.282
0.125
0.438
0.347
0.525
0.581
0.639
0.619
0.729
0.62
0.562
0.388
0.221
0.274
0.095
-0.116
0.096
-0.045
0.002
-0.156
-0.21
-0.161
-0.137
-0.014
0.113
0.346
-0.007
0.01
-0.155
-0.098
-0.053
-0.107
-0.098
-0.265
-0.322
-0.567
-0.48
-0.466
-0.425
-0.004
0.102
0.046
0.186
0.16
0.099
-1.013
0.313
0.33
0.208
0.137
0.271
0.18
0.562
0.464
0.353
0.542
0.796
0.573
0.607
0.753
0.549
0.483
0.637
0.399
0.342
0.429
0.387
0.319
0.438
0.367
0.288
0.06
-0.083
0.275
0.094
-0.084
0.296
0.263
0.802
0.376
0.774
1.004
0.81
0.91
1.09
1.144
0.796
0.889
1.129
1.059
1.031
0.786
0.954
0.851
1.072
0.983
0.746
0.775
0.68
0.526
0.503
0.539
0.326
0.28
0.35
0.228
0.119
0.401
0.436
0.407
0.386
0.179
-0.001
-0.184
-0.19
-0.508
-0.435
-0.348
-0.181
0.007
0.083
0.175
-0.133
-0.063
-0.218
-0.202
-0.387
-0.569
-0.405
-0.621
-0.488
-0.443
-0.255
-0.138
-0.136
-0.1
-0.351
0.027
-0.033
-0.137
-0.174
-0.147
-0.042
0.097
0.043
0.227
0.116
-0.114
-0.155
-0.045
0.022
0.138
0.149
-0.111
0.006
-0.197
-0.327
-0.295
-0.051
-0.028
0.026
-0.068
0.247
0.242
0.305
0.381
0.353
0.006
0.28
0.043
0.143
0.177
0.352
0.515
0.813
0.615
0.634
0.59
0.544
0.356
0.334
0.196
0.359
0.603
0.594
0.333
0.466
0.498
0.645
0.666
0.777
1.025
0.753
1.083
0.892
0.797
1.191
1.331
1.335
1.46
1.771
1.748
2.076
1.957
1.579
1.944
2.176
1.883
2.064
2.274
1.952
1.849
1.888
1.391
1.157
1.119
1.225
1.14
1.265
1.487
1.526
1.342
1.279
1.454
1.715
1.895
2.038
1.91
2.343
2.565
2.353
2.565
2.462
2.445
2.241
2.332
2.418
2.357
2.436
2.565
2.207
2.098
1.82
1.381
1.474
1.369
1.123
0.935
1.119
1.43
1.383
1.542
1.899
2.119
1.726
1.675
1.271
1.476
1.364
0.796
0.692
0.475
0.333
0.139
0.006
0.211
-0.018
0.103
-0.274
0.199
0.236
0.233
0.361
1.071
1.101
1.316
1.484
1.275
1.405
1.07
0.656
0.242
0.603
0.179
-0.225
0.032
0.0
0.21
0.22
0.471
0.438
0.223
0.163
0.05
-0.188
-0.11
-0.363
-0.289
-0.531
-0.767
-1.03
-1.15
-1.013
-0.978
-1.005
-1.135
-1.13
-1.161
-1.456
-1.021
-0.989
-0.826
-0.531
-0.795
-0.763
-0.955
-0.738
-0.848
-0.559
-0.186
-0.123
-0.038
-0.226
-0.667
-0.737
-0.815
-0.87
-0.537
-0.413
-0.251
-0.703
-0.79
-1.231
-0.987
-1.3
-1.306
-1.089
-1.152
-1.101
-1.096
-0.991
-0.696
-0.844
-0.758
-0.839
-0.682
-1.244
-1.105
-1.198
-1.515
-1.794
-1.79
-1.697
-1.505
-1.145
-1.254
-0.887
-0.652
-0.445
-0.525
-0.556
-0.447
-0.321
-0.083
-0.612
-0.531
-0.312
-0.55
-0.684
-0.565
-0.57
-0.783
-0.775
-0.757
-0.801
-1.146
-1.07
-1.136
-1.207
-1.195
-0.895
-0.761
-0.733
-0.331
-0.708
-0.651
-0.956
-1.161
-1.11
-1.147
-0.789
-0.895
-0.687
-0.503
-0.526
-0.309
0.028
-0.197
0.095
-0.344
-0.398
-0.698
-0.714
-0.887
-0.857
-0.354
-0.705
-0.4
-0.071
-0.115
-0.112
-0.061
-0.206
0.042
-0.262
-0.468
0.068
-0.265
-0.184
-0.207
-0.507
-0.38
-0.337
-0.242
-0.187
-0.072
0.037
-0.112
-0.183
0.05
0.253
0.034
0.05
0.124
0.16
0.169
0.064
-0.01
-0.094
0.04
0.121
0.108
0.238
0.213
0.394
0.249
0.428
0.302
0.321
0.2
0.095
-0.179
0.03
-0.598
-0.444
-0.062
-0.509
0.026
-0.169
-0.124
-0.259
0.001
0.218
0.019
0.612
0.609
0.59
0.233
0.488
0.516
0.574
0.649
0.691
0.844
0.958
0.877
1.022
0.9
1.241
0.87
1.029
0.907
0.966
1.004
1.096
0.654
0.926
0.947
0.875
0.941
0.542
0.373
0.281
0.254
0.415
0.503
0.221
0.016
0.022
-0.042
-0.579
-1.079
-1.242
-1.494
-1.424
-1.626
-0.944
-0.833
-0.539
-0.357
-0.433
-0.517
-0.567
-0.687
-0.458
-0.784
-0.555
-0.436
-0.244
-0.272
0.031
0.159
-0.088
0.172
-0.072
0.001
0.0
-0.096
-0.016
-0.137
-0.371
-0.26
-0.348
-0.21
-0.344
-0.638
-0.676
-0.844
-0.943
-0.735
-0.7
-0.405
-0.337
-0.148
-0.103
-0.271
-0.248
-0.473
-0.565
-0.681
-0.783
-0.746
-0.53
-0.756
-0.403
-0.556
-0.718
-0.568
-0.74
-0.838
-0.665
-0.788
-0.906
-0.597
-0.587
-0.5
-0.294
-0.368
-0.267
-0.222
-0.257
-0.275
-0.033
-0.144
-0.2
-0.097
-0.101
0.089
0.003
0.614
0.489
0.302
0.302
0.048
-0.037
-0.015
0.137
-0.08
-0.164
-0.294
-0.166
-0.052
-0.103
0.28
0.216
0.306
0.133
0.423
0.487
0.229
0.014
-0.432
-0.451
-2.567
-0.203
-0.268
-0.091
0.195
0.233
0.336
0.292
0.264
0.278
0.522
1.058
0.991
0.873
1.057
1.168
1.11
1.142
1.337
1.503
1.377
1.59
1.413
1.071
0.99
0.892
0.752
0.695
0.696
0.724
0.936
1.199
1.391
1.34
0.996
1.128
1.048
-2.567
0.775
0.811
0.619
0.847
0.502
0.258
0.387
0.717
0.529
0.538
0.617
0.608
0.653
0.59
0.724
0.335
0.214
0.231
0.091
0.016
-0.112
-0.117
-0.225
-0.409
-0.618
-0.652
-0.582
-0.533
-0.22
-0.372
-0.454
-0.393
-0.14
-0.432
-0.323
0.053
0.108
0.193
-0.128
-0.105
0.009
0.124
-0.111
-0.136
0.006
-0.161
0.103
-0.069
-0.079
0.374
0.381
0.203
0.07
0.271
0.47
0.339
0.443
0.467
0.511
0.422
0.536
0.013
0.144
0.111
0.012
0.092
0.09
0.066
0.167
0.362
0.515
0.435
0.361
0.546
0.596
0.426
0.555
0.487
0.374
0.272
0.335
0.168
0.578
0.442
0.058
0.121
0.057
0.13
0.343
0.137
0.329
0.645
0.55
0.984
0.871
0.991
1.185
0.985
1.518
1.111
1.079
1.336
1.414
1.06
0.8
0.904
1.058
0.929
1.122
1.196
1.466
1.328
1.296
1.383
1.082
1.196
1.282
1.323
0.911
0.767
0.347
0.413
0.052
-0.189
0.134
0.377
0.251
0.827
0.716
1.029
0.808
0.733
0.845
0.908
0.787
0.543
0.378
0.476
0.42
0.347
0.829
1.049
1.47
1.395
1.729
1.885
1.573
1.802
1.933
1.936
2.004
1.784
1.667
1.736
2.103
1.581
1.798
2.094
1.654
1.999
2.157
2.066
1.755
1.925
1.92
1.959
2.325
2.006
2.292
2.327
2.132
1.804
1.292
1.081
0.574
0.524
0.163
-0.339
-0.212
0.178
0.483
0.321
0.503
0.541
0.288
0.517
0.494
0.194
0.436
0.335
0.689
0.736
0.908
1.019
1.051
0.92
0.829
0.871
0.644
0.652
0.384
0.448
0.269
0.078
-0.145
-0.051
-0.028
-0.362
-0.068
0.09
-0.351
-0.015
-0.155
0.055
-0.117
-0.305
-0.411
-0.737
-0.51
-0.283
-0.255
-0.002
-0.128
-0.317
-0.441
-0.521
-0.517
-1.107
-0.837
-1.153
-1.257
-0.761
-0.908
-0.784
-0.93
-0.376
-0.458
-0.473
-0.424
-0.394
-0.049
0.114
-0.176
-0.171
0.108
0.2
0.328
0.003
0.43
0.159
-0.233
-0.259
-0.446
-0.462
-0.906
-0.954
-0.763
-0.764
-0.49
-0.167
-0.234
0.083
0.067
0.015
0.097
0.006
-0.593
-0.461
-0.24
-0.056
0.133
0.2
0.123
0.07
-0.191
0.12
-0.137
-0.223
-0.5
-0.738
-0.616
-0.46
-0.212
0.095
-0.158
-0.621
-0.407
-0.259
-0.027
-0.129
0.044
-0.003
-0.068
-0.397
-0.218
0.18
0.33
0.512
0.649
0.882
0.288
0.123
-0.145
-0.219
-0.458
-0.209
-0.579
-0.254
-0.753
-1.026
-1.172
-1.167
-1.506
-1.188
-1.169
-0.586
-0.587
-0.595
-0.612
-0.337
-0.763
-1.071
-0.73
-0.76
-0.783
-0.512
-0.837
-1.107
-0.986
-1.083
-1.14
-0.875
-0.581
-0.326
-0.541
-0.086
-0.152
-0.17
-0.46
-0.279
-0.24
-0.114
-0.251
-0.304
-0.421
-0.624
-0.477
-0.448
-0.679
-0.615
-0.458
-0.482
-0.604
-0.769
-1.078
-1.164
-1.096
-1.308
-0.74
-0.539
-0.665
-0.546
-0.638
-0.558
-0.72
-0.762
-0.464
-0.517
-0.586
-0.344
-0.339
-0.068
-0.143
-0.238
-0.094
-0.217
-0.655
-0.144
-0.09
-0.058
-0.274
0.102
0.033
0.078
-0.021
-0.224
-0.002
-0.21
-0.193
-0.314
-0.527
-0.53
-0.788
-0.639
-0.846
-0.561
-0.635
-0.719
-0.577
-0.497
-0.684
-0.529
-0.524
-0.641
-0.291
-0.292
-0.362
-0.628
-0.758
-1.073
-0.943
-0.592
-0.252
-0.184
0.091
0.171
0.609
0.439
0.851
0.831
0.735
0.939
0.739
0.948
0.905
0.727
0.569
0.63
0.549
0.396
0.405
0.414
0.164
0.066
-0.293
-0.036
0.02
-0.234
-0.344
-0.305
-0.27
-0.475
-0.514
-0.506
-0.756
-0.315
-0.296
-0.203
-0.054
-0.201
-0.368
-0.782
-1.09
-1.042
-0.943
-0.826
-0.585
-0.249
-0.072
0.214
0.248
0.012
-0.076
-0.191
-0.117
-0.133
-0.104
-0.077
0.081
-0.12
-0.116
0.233
0.382
0.169
0.765
0.676
0.817
0.476
0.508
0.432
0.296
0.262
0.617
0.713
0.46
0.591
0.278
0.11
-0.211
-0.509
-0.591
-0.676
-0.828
-0.706
-0.593
-0.746
-0.604
-0.163
-0.317
-0.107
-0.069
-0.005
-0.198
-0.323
-0.003
-0.653
-0.567
-0.492
-0.615
-1.111
-0.971
-0.96
-1.04
-1.012
-0.981
-1.065
-0.967
-0.916
-0.972
-0.761
-0.649
-0.825
-0.768
-0.612
-0.707
-0.693
-0.433
-0.094
0.04
0.667
0.678
1.13
0.888
0.712
0.825
0.908
0.809
0.823
0.533
0.463
0.379
0.383
0.154
-0.026
-0.355
-0.491
-0.909
-0.906
-0.844
-0.598
-0.791
-0.564
-0.087
-0.198
-0.208
-0.205
0.083
-0.084
-0.057
-0.07
-0.107
-0.16
-0.046
0.176
0.317
0.274
0.325
0.361
0.385
0.577
0.556
0.533
0.552
0.574
0.366
0.41
0.476
0.524
0.494
0.556
0.29
0.463
0.501
0.291
0.669
0.613
0.83
0.973
0.761
0.99
0.876
0.839
0.58
0.342
0.517
0.318
0.557
0.743
0.657
0.658
0.468
0.604
0.453
0.257
0.182
0.249
0.118
-0.132
-0.184
0.265
0.086
0.059
-0.247
-0.006
0.233
0.088
0.399
0.675
0.271
0.458
0.182
0.32
0.378
0.458
0.634
0.856
0.768
0.973
1.213
1.03
1.206
1.06
1.077
0.91
0.701
0.743
0.609
0.921
1.375
1.389
1.373
1.535
1.63
1.312
1.252
1.158
1.203
0.915
0.911
0.499
0.814
0.694
0.693
0.909
0.592
0.674
0.463
0.371
0.599
-0.074
-0.194
-0.058
0.073
-0.026
0.019
0.033
0.263
0.377
0.233
0.158
0.323
0.615
0.674
0.612
0.719
0.624
0.736
0.84
1.1
1.262
1.102
1.497
2.101
2.181
2.06
2.528
2.255
2.179
2.148
2.016
1.576
1.423
1.483
1.573
1.594
1.566
1.542
1.693
1.835
1.873
1.794
1.887
2.256
2.058
2.403
2.15
2.045
1.731
1.94
2.261
1.896
2.022
2.057
1.574
1.341
1.697
2.018
2.067
1.94
2.011
1.953
1.684
1.77
1.623
1.45
1.2
0.823
0.434
-0.026
-0.401
-0.277
-0.461
-0.557
-0.774
-0.764
-0.553
-0.79
-0.384
-0.156
0.083
0.314
0.199
0.266
0.184
0.394
0.456
0.619
0.79
0.886
0.541
0.566
0.813
0.778
0.859
1.099
1.185
0.996
1.124
1.309
1.621
1.701
1.83
1.464
1.833
1.86
1.846
2.298
2.068
2.316
1.842
1.665
1.642
1.318
1.563
1.561
1.433
1.331
1.361
1.038
0.791
0.552
0.381
0.251
-0.458
-0.403
-0.513
-0.104
-0.554
-0.603
-0.654
-0.664
-0.22
-0.474
-0.005
0.39
0.482
0.077
-0.445
-0.404
-0.567
-0.014
-0.075
0.473
0.978
1.113
1.038
1.537
1.043
1.251
0.95
0.403
0.085
-0.17
-0.582
-0.942
-0.697
-0.953
-0.713
-0.609
-0.796
-0.669
-0.912
-0.267
-0.403
-0.69
-0.437
-0.694
-0.556
-0.633
-0.372
-0.439
-0.628
-0.622
-0.496
-0.608
-0.596
-0.419
-0.599
-0.362
-0.597
-1.03
-0.665
-0.597
-0.574
-0.741
-0.335
-0.416
0.031
-0.184
-0.202
-0.116
-0.344
-0.355
-0.448
-0.262
-0.685
-0.743
-0.593
-0.669
-0.53
-0.922
-0.711
-0.639
-1.006
-1.255
-1.345
-1.492
-1.656
-1.493
-1.617
-1.598
-1.977
-1.673
-1.981
-2.033
-1.979
-1.862
-1.808
-1.612
-1.543
-1.629
-1.531
-1.454
-1.322
-1.328
-1.207
-1.587
-1.344
-1.389
-1.16
-1.412
-1.16
-1.203
-1.124
-1.389
-1.433
-1.346
-1.47
-1.455
-1.289
-1.189
-1.084
-0.874
-0.704
-0.28
-0.432
-0.475
-0.533
-0.858
-1.271
-0.962
-1.002
-0.758
-0.9
-0.527
-0.665
-0.399
-0.409
-0.106
-0.248
-0.516
-0.309
-0.616
-0.712
-0.884
-0.592
-0.288
-0.303
-0.439
-0.34
-0.17
-0.703
-0.728
-0.729
-0.818
-0.802
-0.916
-0.919
-1.373
-1.328
-1.678
-1.414
-1.076
-1.373
-1.006
-1.108
-0.911
-0.445
-0.227
-0.169
-0.129
0.144
-0.159
0.051
0.215
0.13
0.349
0.113
0.049
-0.27
-0.204
0.093
0.279
0.715
1.203
1.022
1.356
0.975
1.082
0.446
0.2
0.474
0.589
0.628
0.937
0.966
0.826
0.795
0.837
0.998
1.031
0.947
1.132
1.044
0.791
1.049
0.737
0.327
0.565
0.512
0.468
0.337
-0.015
-0.335
-0.097
-0.1
-0.015
-0.027
0.163
-0.008
0.397
0.49
0.439
0.594
0.57
0.457
0.318
0.445
0.045
0.036
0.564
0.494
0.578
0.557
0.463
-0.015
-0.192
0.162
0.17
-0.044
-0.21
-0.053
-0.135
-0.211
0.009
0.051
0.246
0.341
0.21
0.197
0.363
0.26
-0.059
0.233
-0.148
-0.052
-0.19
-0.372
-0.251
-0.031
-0.27
-0.362
-0.507
-0.327
-0.553
-0.636
-0.594
-0.67
-0.617
-0.992
-0.848
-1.061
-1.036
-0.745
-0.838
-0.496
-0.472
-0.392
-0.448
-0.58
-0.384
-0.391
-0.415
-0.547
-0.538
-0.467
-0.368
-0.463
-0.436
-0.295
-0.516
-0.773
-0.781
-0.523
-0.683
-0.354
-0.456
-0.369
-0.24
-0.212
-0.244
-0.274
0.002
0.042
0.141
0.384
0.392
0.493
0.341
0.394
0.257
-0.189
-0.062
-0.01
0.02
-0.076
-0.219
-0.372
-0.398
-0.488
-0.606
-0.381
-0.27
-0.45
-0.211
-0.188
-0.123
-0.317
-0.454
-0.516
-0.45
-0.378
-0.271
-0.3
-0.393
-0.658
-0.716
-0.431
-0.138
0.303
0.456
0.59
0.528
0.397
0.523
0.662
0.429
0.337
0.258
0.35
0.44
0.269
0.441
0.576
0.515
0.346
0.516
0.37
0.713
0.465
0.378
0.38
0.301
0.32
0.141
-0.007
-0.003
-0.009
0.26
0.078
-0.167
0.032
0.392
0.526
0.468
0.355
0.408
0.403
0.564
0.513
0.645
0.448
0.895
0.78
0.624
0.948
0.718
0.653
0.755
0.559
0.962
1.203
1.217
1.318
1.254
1.371
1.526
1.276
1.654
1.523
1.552
1.227
1.032
0.931
0.929
1.128
1.369
1.285
1.504
1.155
1.239
1.002
0.86
1.302
0.971
0.975
1.205
1.137
1.382
1.284
1.097
1.07
0.86
0.871
0.344
0.444
0.503
0.366
0.763
0.638
1.013
0.918
0.848
0.905
0.979
0.93
0.762
0.709
0.539
0.217
0.102
-0.044
0.326
0.42
0.305
0.316
0.186
0.684
0.664
0.368
0.785
0.579
0.437
0.498
0.46
0.387
0.253
0.344
0.351
0.361
0.066
0.251
0.223
0.433
0.294
0.343
0.409
0.369
0.506
0.633
0.612
0.397
0.419
0.188
0.272
0.441
0.741
0.916
1.008
1.297
1.318
1.445
1.815
1.833
1.759
2.004
2.565
2.565
2.236
2.308
1.991
1.633
1.018
1.166
1.312
1.769
1.864
1.99
1.911
1.931
1.552
1.491
1.327
1.704
1.179
1.386
1.365
1.456
1.422
1.214
1.504
1.846
1.342
1.421
0.924
0.777
0.993
1.035
1.271
1.375
1.595
1.51
1.587
1.288
0.844
0.847
1.047
1.098
1.001
1.316
1.334
0.653
0.715
0.378
0.194
0.543
0.341
0.301
0.476
0.486
-0.263
-0.488
-0.666
-0.931
-1.106
-1.132
-0.814
-0.908
-0.547
-0.774
-1.148
-1.149
-1.397
-1.581
-1.977
-1.812
-1.883
-1.748
-1.64
-1.309
-1.491
-1.456
-1.187
-1.313
-0.999
-1.287
-1.071
-1.097
-1.201
-0.74
-0.303
-0.943
-0.636
-0.808
-0.381
-0.231
-0.445
-0.509
-0.504
-0.636
-0.633
-0.671
-0.556
-0.429
-0.378
-0.662
-0.601
-0.415
-0.53
-0.721
-0.741
-0.725
-0.749
-0.752
-0.367
0.109
-0.056
0.163
-0.36
-0.319
-0.481
-0.724
-0.903
-0.538
-0.528
-0.826
-0.745
-0.953
-1.159
-0.815
-1.058
-1.357
-0.674
-1.005
-0.861
-0.728
-0.349
-0.203
-0.195
-0.306
-0.374
-0.359
-0.005
-0.081
-0.1
-0.025
-0.136
-0.663
-0.996
-0.763
-0.494
-0.556
-0.256
-0.072
-0.034
-0.13
0.003
0.043
0.013
0.204
0.442
1.152
0.467
0.633
0.378
0.664
0.759
1.076
0.59
0.695
0.252
0.176
-0.389
-0.597
-0.453
-0.763
-0.34
-0.287
0.33
0.58
1.042
0.635
0.204
0.123
-0.122
0.151
-0.242
-0.022
-0.144
-0.211
0.028
-0.214
-0.083
-0.283
0.062
-0.161
-0.008
0.07
0.187
0.167
0.113
0.212
-0.075
0.104
0.19
-0.356
-0.312
-0.161
-0.257
-0.151
0.307
0.165
0.249
-0.036
-0.271
0.168
0.179
-0.059
0.183
0.133
0.067
-0.235
-0.396
-0.114
-0.096
-0.099
0.397
0.005
0.091
0.141
0.329
0.312
0.404
0.445
0.407
-0.039
-0.197
-0.566
-0.593
-0.842
-1.124
-1.137
-1.121
-1.059
-0.668
-0.717
-0.768
-1.047
-1.07
-1.274
-1.193
-1.173
-1.067
-1.102
-1.035
-1.141
-1.176
-0.985
-0.686
-0.624
-0.66
-0.406
-0.601
-0.611
-0.173
-0.326
-0.451
-0.205
-0.239
-0.41
-0.382
-0.307
-0.443
-0.316
-0.237
-0.209
0.083
0.21
0.473
0.552
0.667
0.365
0.29
0.221
0.067
-0.024
0.165
0.066
0.127
0.091
-0.043
-0.007
-0.078
-0.071
-0.209
-0.177
0.155
0.03
-0.043
0.196
0.179
0.158
0.14
0.08
0.074
0.085
-0.176
-0.355
-0.548
-0.801
-1.023
-1.023
-1.11
-1.04
-0.941
-1.347
-1.117
-0.898
-0.809
-0.638
-0.282
-0.475
-0.459
-0.346
-0.538
-0.906
-0.656
-0.788
-0.753
-0.577
-0.224
0.117
0.177
0.764
0.848
0.93
1.139
1.006
0.929
1.265
1.665
1.263
1.302
1.291
1.042
1.098
0.682
0.611
-0.018
0.183
0.033
0.217
0.421
0.325
0.172
0.247
-0.006
-0.094
-0.103
0.151
0.124
0.203
0.361
0.23
0.187
0.403
0.543
0.519
0.152
0.314
0.443
0.441
0.386
0.635
0.307
-0.088
-0.321
-0.633
-0.794
-0.663
-0.422
-0.305
0.013
0.42
0.492
0.828
0.807
0.863
0.514
0.584
0.278
0.657
0.313
0.357
0.607
0.4
0.597
0.807
0.643
0.587
0.483
0.412
0.302
0.38
