-0.413
-0.439
-0.627
-0.165
0.286
0.664
0.314
0.434
0.301
0.764
0.603
1.031
1.178
1.131
0.938
0.583
0.487
0.288
0.156
0.304
0.572
0.395
0.805
0.307
0.482
0.348
0.406
0.109
0.126
0.138
0.356
-0.094
-0.196
0.015
-0.12
-0.197
-0.164
-0.102
-0.139
-0.105
-0.525
-0.633
-0.85
-0.736
-0.75
-0.872
-0.32
-0.685
-0.818
-0.627
-0.159
-0.303
-0.033
-0.089
-0.054
0.037
-0.157
-0.052
-0.299
0.14
-0.291
-0.416
-0.423
-0.549
-0.054
0.195
0.548
0.207
0.442
0.264
0.105
0.088
0.663
0.594
0.649
0.784
0.92
0.653
0.694
0.822
1.031
1.168
0.993
0.798
1.064
0.966
1.322
0.676
1.066
1.22
1.06
0.855
1.144
1.092
0.804
0.296
0.516
0.323
0.248
0.58
0.509
0.004
-0.109
-0.135
-0.442
-0.203
0.243
0.837
1.473
1.38
0.937
0.814
0.528
0.402
0.76
1.57
1.433
0.88
0.833
0.824
0.647
0.98
1.012
0.778
1.067
1.122
0.781
1.263
1.314
1.43
0.979
0.818
0.923
1.062
1.269
0.592
0.568
0.16
-0.196
-0.137
-0.14
-0.347
-0.027
-0.269
-0.105
-0.465
-0.69
-1.064
-1.015
-1.016
-1.433
-1.047
-0.398
-0.633
-0.401
-0.863
-0.839
-0.648
-0.182
-0.05
-0.42
-0.105
-0.46
-0.426
-0.173
-0.446
-0.318
-0.217
-0.292
-0.525
-0.648
-0.752
-0.699
1.477
-0.741
-1.051
-0.793
-0.614
-0.656
-0.957
-1.075
-0.824
-0.437
-0.268
-0.145
-0.071
-0.51
-0.731
-0.987
-0.67
-0.862
-0.198
-0.061
0.001
-0.723
-0.478
-0.673
-0.585
-0.511
-0.096
-0.201
-0.286
-0.412
-0.217
-0.189
-0.137
-0.175
-0.226
0.358
0.088
-0.209
0.217
0.607
0.299
0.408
0.296
0.46
0.454
0.502
0.11
0.195
0.053
0.666
0.621
0.562
0.414
0.236
0.356
0.497
0.298
0.699
0.525
0.394
0.531
0.374
0.37
0.18
0.328
0.46
0.48
0.376
0.106
0.012
0.039
-0.276
-0.077
-0.188
-0.005
0.599
0.427
0.459
0.163
-0.304
-0.111
-0.528
-0.609
-0.758
-0.956
-1.124
-1.22
-1.156
-1.253
-1.363
-1.242
-1.244
-1.44
-1.198
-0.393
-0.232
-0.812
-1.222
-1.197
-1.613
-1.973
-1.505
-0.907
-0.322
-0.112
-0.34
-0.274
-0.61
-0.631
-0.544
-0.506
-0.571
-0.285
-0.692
-0.293
-0.453
-0.271
-0.268
-0.495
-0.478
-0.714
-0.498
-0.176
0.062
-0.216
0.468
0.258
-0.247
0.452
0.387
0.33
0.637
0.345
0.642
0.792
0.604
0.361
0.252
0.376
-0.297
-0.404
-0.383
-0.633
-0.618
-0.68
-1.009
-1.009
-1.047
-1.131
-0.908
-0.471
-0.419
-0.498
-0.074
-0.086
0.144
0.058
0.51
0.237
-0.139
-0.333
0.15
-0.073
-0.098
0.042
-0.092
0.026
-0.099
-0.451
-0.63
-0.228
-0.091
-0.64
-0.635
-0.772
-0.721
-0.698
-0.778
-0.665
-0.54
-0.891
-0.598
-0.38
-0.378
-0.517
0.254
0.339
0.129
-0.208
0.482
0.983
0.383
0.544
1.004
0.618
0.607
0.626
0.482
0.199
0.188
0.017
0.025
0.237
-0.018
0.003
0.139
0.083
-0.114
-0.195
-0.376
-0.297
-0.022
0.224
0.536
1.311
1.348
0.777
0.784
0.832
1.292
1.301
0.792
0.741
0.195
-0.005
-0.378
-0.41
0.087
0.675
0.907
1.142
0.842
0.464
-0.025
0.351
0.576
0.625
1.186
0.827
0.556
0.499
0.549
0.304
0.14
0.144
0.557
0.602
1.046
1.693
1.471
1.22
1.034
0.584
0.167
-0.131
-0.517
0.122
0.279
0.797
0.793
0.298
0.12
-0.043
0.084
0.438
0.634
0.447
0.081
-0.114
-0.033
-0.503
-0.378
-0.57
-0.456
-0.495
-0.482
-0.173
0.431
0.441
0.267
0.89
0.601
0.564
0.56
1.183
1.119
1.234
1.287
1.216
1.122
1.043
1.363
1.078
0.92
0.934
1.074
0.936
0.985
0.858
0.678
0.672
0.664
0.578
0.152
0.287
0.346
0.24
0.339
0.583
0.854
0.575
0.479
0.141
-0.453
-0.3
-0.336
-0.442
-0.092
-0.272
-0.196
-0.22
-0.288
-0.038
0.409
0.427
0.558
0.761
1.094
0.837
1.145
1.001
0.882
0.871
0.961
1.409
1.269
1.2
1.398
1.166
0.958
1.102
1.529
1.424
1.773
2.174
2.028
1.889
1.827
1.489
1.377
1.206
1.087
0.982
0.918
1.139
0.547
0.638
-0.108
-0.555
-0.127
0.012
0.277
0.256
0.283
-0.199
-0.807
-0.995
-0.733
0.178
0.548
1.118
1.209
0.299
0.409
0.569
0.52
0.496
0.651
0.372
0.128
0.267
0.074
0.779
0.292
0.121
0.441
0.131
0.258
0.499
1.078
2.049
1.723
1.769
1.256
1.309
1.122
0.81
0.591
0.451
0.114
0.074
-0.265
-0.527
-0.47
-0.642
-0.445
-0.709
-0.593
-0.412
-0.229
-0.208
-0.21
0.287
0.616
1.204
1.053
0.697
0.817
0.995
0.684
0.888
0.774
0.632
0.886
0.569
-0.033
-0.165
0.127
-0.004
-0.276
-0.109
-0.38
-0.418
-0.127
0.236
0.432
0.783
1.085
0.676
0.417
0.2
0.202
-0.085
0.082
0.762
0.448
0.755
0.839
0.814
0.411
0.593
0.415
0.288
-0.339
-0.225
-0.415
-0.499
-0.611
-0.811
-0.527
-0.858
-0.434
-0.573
-0.522
-0.646
-0.515
-0.672
-0.464
-0.691
-0.268
0.082
0.23
0.45
0.516
0.629
0.925
0.808
0.864
1.533
1.189
0.814
0.776
0.226
-0.232
-0.338
-2.567
0.053
-0.1
-0.443
-0.475
-0.886
-1.151
-0.934
-0.705
0.075
0.656
0.614
0.511
0.294
-0.127
0.019
-0.239
-0.12
-0.218
-0.884
-0.405
-0.757
-0.299
-0.463
-0.407
-0.82
-0.936
-0.982
-1.048
-0.712
-0.612
-0.467
-0.76
-0.557
-1.257
-1.252
-1.132
-0.868
-0.613
-0.166
0.224
-0.224
-0.767
-0.867
-0.541
-0.99
0.313
0.807
1.948
2.166
1.275
0.879
0.45
0.518
1.031
1.12
0.8
0.422
0.531
-0.484
-0.692
-0.863
-0.914
-1.107
-1.215
-1.052
-0.894
-0.583
-0.882
-0.843
-0.645
-1.247
-1.08
-1.12
-1.073
-0.925
-1.265
-0.907
-0.9
-1.128
-0.688
-1.229
-0.975
-1.773
-1.495
-1.741
-1.594
-1.495
-1.297
-1.085
-0.789
-2.567
-0.847
-0.98
-1.014
-1.052
-0.96
-1.627
-1.512
-1.249
-1.202
-1.346
-1.19
-1.343
-1.269
-1.251
-1.081
-0.921
-0.825
-0.895
-1.123
-1.276
-1.371
-1.076
-0.9
-0.962
-1.014
-0.706
-0.688
-0.723
-0.782
-1.011
-0.836
-0.504
-0.704
-0.552
-0.336
-0.418
-0.434
-0.445
-0.539
-0.508
-0.744
-0.634
-0.763
-0.825
-0.756
-0.803
-0.677
-0.481
-0.358
-0.427
-0.477
-0.724
-0.858
-1.002
-1.002
-0.577
-0.66
-0.268
-0.082
0.005
0.302
0.559
1.071
1.279
1.408
1.046
0.743
0.725
0.187
0.191
0.116
0.367
0.209
0.145
-0.329
0.305
0.456
0.475
0.693
1.167
1.05
1.475
1.098
1.356
0.623
0.4
0.182
0.738
0.556
0.926
1.068
0.433
-0.062
-0.083
-0.49
-0.837
-1.021
-0.99
-0.891
-0.88
-0.652
-0.654
-0.896
-0.465
-0.358
-0.13
-0.058
0.159
1.016
1.212
1.067
1.121
1.028
1.128
1.1
1.275
1.29
1.494
1.08
1.103
0.914
0.783
0.486
0.186
0.036
-0.041
0.035
0.948
1.758
1.468
1.163
0.856
0.851
0.412
0.659
0.671
0.703
0.768
0.791
0.61
0.789
0.446
0.506
0.28
-0.015
-0.509
-0.46
-0.506
-0.604
-0.741
-0.729
-0.545
-0.367
-0.301
-0.114
0.111
0.042
0.563
0.26
0.526
0.286
0.189
0.305
0.438
0.858
0.761
1.115
0.592
0.618
0.635
0.665
0.972
1.18
1.274
1.381
1.318
1.452
1.201
1.17
1.193
0.9
0.867
0.315
0.671
0.596
0.804
0.704
1.271
0.831
0.696
0.492
0.678
0.833
-0.228
1.379
1.238
0.032
1.278
1.069
1.168
1.445
2.126
2.208
1.9
1.438
1.392
0.932
0.815
0.601
0.49
0.448
0.789
0.656
0.946
1.02
1.068
0.647
0.145
0.714
0.584
1.328
1.579
1.484
0.777
0.6
0.158
0.352
0.07
0.512
0.597
-0.139
-0.105
-0.21
0.273
0.026
0.137
-0.044
0.02
0.129
0.51
0.324
0.407
-0.051
-0.336
-0.391
-0.535
-0.305
-0.029
0.422
0.505
0.635
0.497
0.967
0.44
0.21
0.075
-0.147
-0.247
0.249
0.257
0.025
-0.104
0.616
0.966
1.188
1.808
1.223
1.208
0.995
0.934
0.982
1.006
1.015
1.736
1.095
1.153
1.031
1.265
0.835
0.799
0.787
1.491
1.576
2.314
2.191
1.473
1.363
1.621
1.479
1.713
1.52
0.927
1.028
1.1
0.793
0.653
1.565
1.234
0.823
0.733
0.228
0.431
-0.263
-0.048
-0.003
0.208
0.558
0.537
0.637
0.484
0.252
-0.445
0.09
0.41
0.26
0.526
0.658
0.393
0.3
-0.13
-0.339
-0.644
-0.195
-0.364
-0.278
-0.203
0.13
-0.373
-0.656
-0.441
-0.39
-0.474
-0.264
-0.32
-0.807
-1.291
-1.666
-1.784
-1.22
-1.582
-0.771
-0.608
-0.072
0.268
-0.061
-0.208
-0.314
-0.582
-0.847
-0.909
-1.108
-1.032
-0.776
-1.225
-1.522
-1.366
-1.678
-2.119
-1.762
-1.032
-0.492
0.056
-0.222
-0.997
-1.567
-1.598
-1.398
-1.724
-0.796
-0.688
-0.514
0.2
-0.666
-0.231
0.704
0.839
1.337
0.471
0.693
0.698
0.609
0.162
-0.034
0.064
-0.022
-0.129
0.402
0.389
1.002
0.767
1.261
0.785
0.936
1.055
1.379
1.105
0.696
0.647
0.181
0.381
0.289
0.083
0.356
0.357
-0.008
0.83
1.356
1.202
1.129
0.94
0.416
0.453
0.618
0.299
0.317
0.055
-0.453
-0.291
0.131
0.469
0.3
0.333
0.186
-0.379
-0.152
-0.305
-0.32
-0.524
-0.152
-0.45
-0.154
-0.1
-0.018
0.196
0.092
-0.045
-0.562
-0.327
-0.663
-0.403
-0.518
-0.644
-0.824
-0.865
-0.815
-1.324
-1.323
-1.472
-1.443
-1.366
-1.438
-1.391
-1.322
-1.164
-1.647
-1.367
-1.346
-1.328
-1.718
-1.703
-1.972
-1.758
-1.386
-0.952
-0.69
-0.802
-0.408
-0.568
-0.562
-0.581
0.053
0.064
0.192
0.221
-0.434
-0.449
-0.612
-0.57
-0.318
-0.693
-0.648
-0.347
-0.611
-0.724
-0.732
-0.509
-0.63
-0.919
-0.922
-1.465
-1.617
-1.961
-1.718
-1.812
-1.602
-1.517
-1.243
-1.22
-0.958
-1.058
-1.075
-0.797
-0.626
-0.789
-0.787
-1.173
-1.083
-0.964
-1.262
-1.061
-1.369
-1.174
-1.067
-1.427
-0.588
0.052
0.474
0.337
-0.138
-0.035
-0.266
-0.158
0.198
0.097
-0.019
-0.145
0.205
0.233
0.069
0.467
0.406
0.209
0.398
0.671
0.483
0.822
0.557
0.701
0.466
0.566
0.469
0.363
0.272
0.38
0.292
0.276
0.212
0.577
0.448
0.211
0.729
0.918
0.809
0.557
0.568
0.596
0.534
0.169
0.399
0.65
0.802
0.273
0.682
0.878
0.257
0.652
0.586
0.451
0.334
0.495
0.321
0.198
0.196
0.302
0.302
0.409
-0.011
0.269
0.364
-0.011
0.579
0.448
0.766
0.763
0.867
0.818
0.565
0.416
0.246
0.052
0.309
0.09
0.19
0.53
0.54
0.512
0.981
0.58
0.51
0.695
0.329
0.414
0.221
0.42
0.813
0.658
0.946
1.269
1.386
1.433
1.034
0.872
1.094
0.666
0.942
0.834
0.972
0.66
0.748
0.666
0.34
0.473
0.511
0.304
0.274
0.196
0.868
0.927
0.478
0.402
0.574
0.628
0.081
-0.061
-0.264
0.094
-0.301
0.033
0.246
0.813
0.818
0.724
0.458
0.422
0.124
-0.288
-0.187
0.056
0.101
0.251
0.399
0.321
0.677
0.561
0.465
0.264
-0.268
0.326
-0.112
0.374
0.3
0.868
0.541
0.208
-0.038
-0.087
0.017
-0.266
0.077
-0.025
0.279
0.215
0.138
0.368
-0.061
-0.212
-0.131
0.265
-0.007
-0.115
-0.133
-0.275
-0.408
-0.432
0.141
0.123
0.003
0.449
0.375
0.659
0.549
0.686
0.504
0.377
0.14
0.437
0.398
0.246
0.065
0.326
0.27
-0.108
-0.105
0.198
0.184
0.317
0.505
0.399
0.127
0.043
0.164
-0.14
-0.36
0.278
0.675
0.674
0.898
1.185
0.881
0.511
0.675
0.885
0.972
0.609
1.086
0.966
1.007
1.118
1.335
1.429
1.174
1.097
1.238
1.148
1.134
1.416
1.348
1.497
1.138
1.39
1.603
1.503
1.346
1.152
1.257
1.079
1.129
1.489
1.031
0.767
1.149
0.722
0.279
0.596
0.198
0.489
0.618
0.487
0.211
0.544
0.42
0.484
0.843
0.115
0.496
0.676
0.491
0.444
0.511
0.886
0.306
0.437
0.459
0.329
0.18
0.353
-0.046
-0.08
0.395
0.132
0.168
0.372
0.346
0.166
0.155
0.042
0.009
0.222
-0.247
-0.428
0.471
0.071
0.368
0.305
0.297
0.267
0.322
0.398
-0.008
0.32
0.367
0.148
0.32
0.337
0.594
-0.063
0.013
-0.137
-0.506
-0.496
-0.532
-0.586
-0.412
-0.486
-0.487
-0.431
-0.524
-0.559
-0.696
-0.784
-0.234
-0.78
-0.445
-0.379
-0.692
-0.391
-0.535
-0.634
-0.682
-0.848
-0.546
-0.675
-1.092
-1.233
-0.832
-1.232
-1.313
-1.603
-1.654
-1.43
-1.098
-1.066
-0.523
-0.556
-0.149
-0.423
-0.165
-0.603
-0.162
-0.721
-0.318
-0.191
-0.77
-0.714
-0.533
-0.687
-0.393
-0.43
-0.275
-0.191
-0.26
-0.567
-0.39
-0.455
-0.079
0.347
0.376
0.086
0.399
0.52
-0.015
0.273
0.252
0.544
0.242
0.283
0.42
0.293
0.095
0.144
-0.486
-0.357
-0.463
-0.324
-0.498
-0.467
-0.507
-0.188
-0.21
0.417
0.379
0.438
0.465
0.329
0.054
-0.154
-0.109
-0.232
-0.104
-2.567
-0.163
0.371
0.408
0.417
0.414
0.572
0.941
0.579
0.878
1.158
0.64
0.633
1.272
0.925
0.298
0.863
0.384
0.351
0.249
0.34
0.345
0.121
0.319
-0.165
-0.023
0.183
-0.033
0.042
-0.337
-0.516
-0.149
-0.052
0.023
-0.106
-0.044
0.088
0.132
0.28
0.49
-0.238
-0.175
-0.665
-0.683
-0.66
-0.76
-0.716
-0.34
-0.592
-0.639
-0.628
-0.551
-0.362
-0.035
-0.313
-0.315
-0.355
-0.492
-0.36
-0.442
-0.636
-0.522
-0.599
-0.489
-0.653
-0.532
0.092
0.049
0.18
0.346
0.054
0.039
-0.046
-0.185
-0.025
0.082
0.04
0.036
0.136
-0.023
0.014
0.291
0.166
0.295
0.351
0.316
0.291
0.292
0.178
-0.298
-0.365
-0.784
-0.618
-0.97
-0.311
-0.98
-0.832
-0.636
-0.613
-0.682
-0.768
-0.561
-1.111
-1.255
-1.395
-1.308
-1.595
-1.352
-1.117
-0.873
-1.121
-0.668
-0.394
-0.211
-0.024
0.256
0.135
0.982
1.08
0.523
0.792
0.8
0.433
0.35
0.38
0.284
0.342
0.011
0.06
0.168
0.131
0.221
0.516
0.514
0.504
0.072
0.103
0.155
-0.138
-0.104
0.122
-0.055
0.042
0.169
-0.037
0.34
0.413
0.678
0.579
0.355
0.376
0.176
0.035
-0.107
-0.031
-0.193
0.113
0.465
0.734
0.995
0.874
1.001
0.857
1.131
0.585
0.253
0.61
0.109
0.014
0.013
-0.219
0.208
-0.024
-0.394
-0.563
-0.655
-0.482
-0.833
-0.165
-0.467
-0.266
-0.095
0.011
0.01
-0.325
0.111
0.283
0.569
0.03
0.44
0.006
0.026
0.359
0.273
0.272
0.24
0.457
0.349
0.758
0.526
0.63
0.328
0.314
0.686
0.603
0.574
0.775
0.719
0.268
0.228
0.348
0.308
0.491
0.418
0.34
0.094
-0.058
-0.15
0.13
-0.041
0.26
0.458
0.452
0.562
0.391
0.525
0.408
0.275
0.387
0.005
0.366
0.208
0.185
0.162
-0.349
-0.336
-0.161
-0.447
0.112
0.34
0.372
0.619
0.376
-0.07
0.46
0.346
-0.033
0.649
0.377
0.301
0.463
0.289
0.525
0.312
0.56
0.645
0.604
0.625
0.594
0.351
0.203
0.638
0.42
0.225
0.139
0.198
0.192
0.14
0.215
0.545
0.096
0.141
0.703
0.505
0.298
0.728
0.723
0.748
0.728
0.694
0.929
0.742
0.642
0.847
0.968
0.566
0.96
1.147
0.815
0.924
0.63
0.863
0.318
0.3
0.563
0.429
0.667
0.602
0.632
0.421
0.387
0.554
0.701
0.818
1.184
0.994
1.126
1.275
0.88
1.289
0.77
1.037
0.995
0.827
0.583
0.379
0.495
0.932
0.555
0.759
0.789
0.583
0.461
0.56
0.531
0.659
0.507
-2.567
0.476
0.581
0.765
1.389
0.817
0.887
1.137
0.943
2.565
0.923
1.203
1.251
1.681
1.643
1.626
1.237
1.312
1.146
1.017
0.881
0.579
0.265
-0.204
-0.209
0.186
-0.15
-0.05
-0.393
-0.44
-0.077
-0.49
-0.318
-0.318
-0.604
-0.6
-0.569
-0.354
-0.26
-0.154
-0.427
-0.243
-0.204
0.108
-0.465
-0.389
-0.383
-0.525
-0.68
-0.464
-0.174
-0.8
-1.016
-1.449
-1.31
-1.611
-1.82
-1.656
-1.451
-1.771
-1.377
-1.203
-1.002
-0.774
-0.401
-0.548
-0.345
-0.373
-0.415
-0.35
-0.27
-0.29
-0.621
-0.543
-0.504
-0.527
-0.626
-0.445
-0.732
-0.974
-1.027
-1.04
-0.725
-0.846
-0.4
-0.654
-0.463
-0.096
0.064
-0.34
0.42
0.024
0.064
-0.037
0.115
0.044
0.316
-0.202
-0.369
-0.424
-0.442
-0.264
-0.522
-0.563
-0.625
-0.355
-0.539
-0.535
-0.651
-0.901
-0.749
-1.262
-0.846
-0.804
-0.815
-0.857
-0.875
-0.64
-0.677
-0.95
-0.42
-0.472
-0.076
-0.795
-0.472
-0.465
-0.586
-0.792
-0.825
-0.689
-0.596
-0.992
-0.945
-0.934
-1.048
-1.358
-1.275
-1.024
-1.103
-1.379
-0.301
0.318
0.483
0.441
-0.033
-0.196
-0.247
-0.424
0.329
0.377
0.464
0.504
0.537
0.192
0.384
0.574
0.411
0.453
0.293
0.665
-0.136
-0.083
-0.118
-0.563
-0.664
-0.198
-0.14
0.193
0.524
-0.062
0.271
0.068
0.471
0.271
0.421
0.433
0.636
0.333
0.297
0.123
0.099
0.039
-0.403
-0.234
-0.592
-0.589
-0.55
-0.708
-0.638
-0.381
-0.085
0.098
-0.127
0.031
-0.162
-0.123
-0.199
-0.736
-0.558
-0.658
-0.441
-0.33
-0.235
-0.094
-0.635
-0.463
-0.491
-0.247
0.109
0.272
0.281
-0.014
-0.054
-0.142
-0.077
-0.037
-0.185
0.056
0.418
0.454
0.567
0.651
0.171
-0.055
0.175
0.151
0.43
0.708
0.905
0.871
0.518
0.442
-0.015
0.352
0.158
0.059
-0.149
-0.03
0.063
-0.5
-0.326
-0.642
-0.504
-0.553
-0.379
-0.453
-0.464
-0.686
-0.473
-0.683
-0.435
-0.381
-0.4
-0.424
-0.407
-0.253
-0.489
-0.593
-0.348
-0.297
-0.083
0.113
-0.227
0.392
0.281
0.171
0.399
0.42
0.554
0.761
0.907
1.249
1.189
1.323
1.286
1.177
1.345
1.049
1.375
1.453
1.397
1.431
1.323
1.683
1.293
1.082
1.127
1.111
1.035
0.495
0.795
0.526
0.549
0.492
0.626
0.648
0.393
0.607
0.53
0.425
0.484
0.236
0.893
0.365
0.845
0.459
0.439
0.521
0.455
0.113
0.223
0.337
0.299
0.816
0.774
0.75
0.598
0.278
0.535
0.455
0.65
0.637
0.525
0.676
0.894
0.602
0.196
0.744
0.247
-0.323
0.081
-0.654
-0.264
-0.027
0.035
0.053
0.128
0.678
0.354
0.284
0.28
-0.398
-0.439
-0.093
-0.25
0.058
0.144
0.308
0.438
0.977
0.819
1.205
1.406
1.407
1.291
1.13
1.578
1.374
0.937
1.368
1.309
1.653
1.626
1.848
1.699
1.453
1.507
1.425
1.374
1.211
1.328
0.923
0.96
0.964
1.096
0.827
0.925
1.05
1.22
0.74
0.691
0.858
0.644
0.963
0.284
0.264
0.135
0.03
0.491
-0.193
0.019
0.223
-0.105
0.046
0.369
0.736
0.597
0.911
1.156
1.047
0.959
1.242
1.098
0.985
0.964
0.783
0.883
0.87
0.696
-1.308
0.405
0.178
0.474
0.495
0.764
0.704
0.74
0.235
0.268
-0.191
-0.205
-0.347
-0.423
-0.255
-0.402
-0.381
-0.294
-0.801
-0.442
-0.42
-0.629
-0.707
-0.865
-0.824
-0.615
-0.536
-0.642
0.081
-0.06
-0.276
-0.021
-0.341
-0.307
-0.073
0.341
0.037
0.019
0.224
0.201
0.169
-0.103
-0.122
0.395
0.084
0.098
-0.365
0.265
-0.26
-0.275
-0.185
-0.34
-0.583
-0.225
-0.367
-0.356
-0.544
-0.765
-1.072
-0.626
-1.131
-0.788
-0.68
-0.743
-0.828
-0.504
-0.687
-0.942
-0.927
-0.681
-0.739
-0.402
0.088
0.301
0.065
-0.089
0.039
0.089
0.062
-0.055
-0.104
-0.31
0.171
-0.029
0.36
0.329
-0.08
0.393
0.146
-0.278
0.264
0.528
0.027
-0.158
0.065
-0.512
-0.547
-0.64
-0.499
-0.323
-0.065
-0.04
-0.381
-0.2
-0.394
-0.099
-0.039
0.223
-0.327
0.388
-0.386
-2.567
-0.509
-0.787
-0.713
-0.569
-0.728
-1.182
-1.187
-0.916
-1.273
-1.481
-1.433
-1.179
-1.319
-1.637
-2.567
-1.197
-1.385
-1.453
-1.346
-0.983
-0.959
-0.742
-1.032
-0.782
-1.003
-0.97
-0.449
-0.46
-0.308
-0.36
0.093
0.181
0.485
0.428
0.255
-0.011
0.21
0.086
0.359
0.03
0.218
0.241
0.082
-0.151
-0.211
0.04
-0.023
-0.215
-0.272
-0.17
-0.302
-0.504
-0.974
-0.843
-0.743
-0.678
-1.05
-0.997
-0.76
-0.905
-0.811
-0.346
-0.199
-0.098
-0.15
-0.149
-0.29
-0.419
-0.127
-0.436
-0.115
0.18
-0.222
-0.106
-0.085
-0.228
-0.198
-0.233
-0.297
-0.494
-0.459
-0.427
-0.564
-0.584
-0.808
-0.209
-0.678
-0.28
-0.569
-0.295
-0.267
-0.342
-0.234
-0.214
-0.324
-0.03
-0.028
0.082
-0.008
0.11
0.135
0.166
0.634
0.099
0.013
-0.129
-0.042
-0.082
-0.437
-0.318
-0.123
-0.401
-0.582
-0.154
-0.177
-0.181
0.455
-0.158
-0.107
-0.024
-0.191
-0.046
-0.303
-0.77
-0.584
-0.602
-0.389
-0.396
-0.298
-0.248
-0.036
-0.262
-0.23
-0.387
-0.28
-0.496
-0.476
-0.293
-0.405
-0.175
0.225
0.235
0.042
-0.234
-0.016
0.046
0.186
0.127
0.583
0.044
0.167
0.15
0.763
0.818
1.048
1.451
1.032
1.129
1.352
1.096
1.024
0.963
1.081
0.95
1.309
1.325
1.33
1.263
1.242
0.887
1.073
0.696
1.001
0.895
1.012
0.756
0.654
0.665
0.633
0.729
0.604
0.569
0.174
0.247
0.321
0.313
0.166
0.093
-0.085
-0.33
-0.305
0.142
0.02
-0.067
0.056
0.284
0.405
0.294
0.528
0.157
0.399
0.619
0.383
0.523
0.652
0.906
0.943
0.868
0.816
1.167
0.657
0.679
0.545
0.732
0.337
0.382
0.36
0.563
0.47
-2.567
0.346
0.614
0.309
0.663
0.235
0.466
0.518
0.745
0.784
0.636
0.866
0.746
0.827
0.618
0.355
0.457
0.789
0.87
0.831
0.98
1.018
1.215
1.24
1.042
1.074
1.063
0.966
1.512
2.046
1.141
-1.174
1.281
0.925
0.596
0.486
0.799
0.783
0.647
0.233
0.603
0.225
0.385
0.749
0.516
0.697
0.522
0.737
0.906
0.491
0.453
0.378
0.603
0.568
0.708
0.821
1.12
0.774
0.702
1.091
1.252
1.637
1.15
1.437
1.239
1.321
0.815
0.86
0.989
1.004
0.572
0.8
0.865
0.582
0.591
0.427
0.529
0.788
0.715
0.527
0.306
0.33
0.187
-0.062
0.377
-0.103
-0.134
-0.209
-0.119
-0.086
-0.187
0.049
-0.066
-0.103
-0.17
-0.27
-0.326
-0.114
-0.124
-0.429
-0.014
0.155
0.879
0.888
0.667
0.708
0.79
0.598
0.447
0.539
0.886
0.778
1.202
0.594
0.593
0.379
0.307
0.105
0.319
0.472
0.669
0.646
0.625
0.156
0.333
0.244
0.024
-0.125
0.474
-0.377
0.134
-0.168
-0.375
-0.317
-0.137
-0.387
-0.669
-0.76
-0.448
-1.126
-0.66
-0.512
-0.741
-0.688
-0.791
-0.138
-0.554
-0.323
-0.416
-0.165
-0.605
-0.169
-0.041
-0.041
-0.182
-0.37
0.005
-0.113
-0.315
-0.71
-0.499
-0.624
-0.638
-0.508
-0.683
-0.698
-0.525
-0.589
-0.487
-0.258
-0.317
-0.334
-0.16
-0.405
-0.26
-0.133
-0.253
0.313
-0.008
-0.011
-0.107
0.134
0.053
-0.354
-0.217
-0.202
-0.23
-0.179
0.201
0.294
0.353
0.104
0.507
0.247
0.008
0.042
-0.034
-0.121
-0.201
-0.082
0.136
-0.256
-0.174
-0.344
-0.001
-0.114
-0.293
-0.397
-0.423
-0.597
-0.354
-0.514
-0.316
-0.071
-0.233
-0.537
-0.046
-0.359
-0.486
-0.087
-0.466
-0.721
-0.852
-0.692
-0.972
-0.866
-1.317
-1.616
-1.516
-1.095
-1.444
-1.502
-1.357
-1.092
-1.057
-1.022
-0.401
-0.354
-0.139
-0.127
-0.147
0.027
-0.229
-0.146
-0.064
0.183
0.29
0.56
0.825
0.716
0.308
0.569
0.316
0.478
0.769
0.291
0.623
0.512
0.177
0.347
0.125
0.198
0.062
-0.111
-0.498
-0.016
-0.339
-0.466
-0.185
-0.291
-0.546
-0.136
-0.081
-0.302
-0.25
-0.433
-0.61
-0.407
-0.718
-0.661
-0.619
-0.885
-0.57
-0.286
-0.384
-0.147
-0.255
-0.401
-0.223
-0.127
-0.259
-0.5
-0.167
0.07
-0.078
0.102
0.095
0.275
0.243
0.209
-0.031
-0.089
-0.335
-0.423
-0.683
-0.47
-0.745
-0.418
-0.569
-0.426
-0.292
0.212
0.276
0.427
0.154
0.384
0.11
0.436
0.45
0.16
0.475
-0.01
0.261
0.136
-0.247
-0.329
-0.199
-0.127
0.117
0.329
0.496
0.566
0.511
0.711
0.622
0.408
0.158
0.443
0.22
0.456
0.456
0.669
-0.038
0.3
0.395
0.476
0.053
0.119
-0.001
0.379
-0.001
0.706
0.8
0.175
0.668
0.599
0.833
0.165
0.157
0.46
0.378
0.207
0.515
0.873
0.386
0.325
0.242
0.327
-0.073
0.06
0.042
0.381
0.159
-0.187
-0.031
-0.1
-0.111
-0.03
-0.025
-0.023
0.065
0.284
0.045
0.146
-0.006
0.041
0.134
0.267
-0.152
-0.139
0.003
-0.024
0.094
0.095
-0.033
-0.291
0.236
-0.237
0.153
0.647
0.488
0.379
0.502
0.605
0.352
0.673
0.83
0.383
0.752
0.82
0.686
0.798
1.015
0.599
1.14
0.751
0.58
0.637
0.595
0.581
-0.01
0.036
-0.033
-0.1
0.209
-0.108
0.05
-0.024
-0.062
-0.029
-0.119
-0.431
-0.379
-0.515
-0.825
-0.531
0.064
-0.315
0.147
0.66
0.095
0.321
0.427
0.419
0.337
0.504
0.547
0.557
0.848
1.203
0.885
0.921
1.223
1.459
1.259
1.166
-1.153
0.971
0.953
0.658
0.352
0.636
0.314
0.315
0.493
0.015
-0.343
-0.15
-0.413
-0.218
-0.45
-0.617
-0.857
-0.732
-1.291
-1.304
-1.272
-0.987
-1.13
-0.479
-0.007
-0.46
-0.202
0.009
-0.013
0.185
0.275
0.308
0.15
0.037
0.435
0.038
-0.059
0.248
0.335
-0.309
0.258
0.069
0.642
0.37
0.666
0.703
0.962
1.391
1.25
1.194
1.192
1.179
1.094
1.403
0.697
1.113
0.909
1.104
0.652
0.581
0.318
0.427
0.153
-0.05
-0.265
-0.294
-0.408
-0.093
-0.465
-0.418
-0.405
-0.182
-0.479
0.137
-0.022
0.128
0.152
-0.113
-0.16
0.03
-0.182
0.2
0.112
0.008
0.047
0.416
0.411
0.547
0.825
0.415
0.946
0.979
1.174
0.9
0.92
0.26
0.546
0.465
0.999
0.633
0.607
0.912
0.71
0.654
0.318
0.093
0.128
-0.4
-0.059
-0.099
-0.247
0.222
0.181
0.236
0.157
0.088
0.127
-0.126
0.096
-0.077
-0.179
0.137
0.21
0.026
0.495
0.582
0.367
0.522
0.447
0.046
-0.394
-0.606
-0.588
-0.875
-0.513
-0.649
-0.892
-0.515
-0.565
-1.324
-0.969
-0.862
-0.984
-0.824
-0.707
-1.23
-1.09
-0.96
-1.003
-1.408
-1.641
-1.231
-1.073
-1.032
-0.596
-0.758
-0.584
-0.871
-0.732
-0.351
-0.488
-0.75
-0.539
-0.955
-0.888
-0.591
-0.636
-1.024
-0.782
-0.786
-1.124
-1.045
-0.947
-0.42
-0.593
-0.362
-0.261
-0.25
-0.149
-0.143
0.254
-0.146
-0.035
0.02
0.025
0.012
0.232
0.313
0.436
0.344
0.247
0.378
0.59
0.892
0.574
0.681
0.786
0.467
0.447
0.467
0.412
0.647
0.52
0.152
0.012
0.159
0.331
0.53
0.768
0.421
0.888
0.652
0.956
0.321
0.263
0.143
-0.063
-0.222
-0.312
-0.622
-0.719
-0.577
-0.283
-0.11
-0.53
-0.548
-0.269
-0.017
0.053
0.013
0.308
0.033
0.348
-0.18
-0.076
-0.282
-0.13
-0.514
-0.299
-0.54
-0.109
-0.461
0.004
-0.362
-0.34
-0.199
0.064
-0.229
0.037
0.042
-0.015
0.245
0.607
0.99
1.137
0.684
1.357
0.804
0.996
0.852
1.048
1.064
1.204
1.029
0.735
0.634
0.274
0.364
0.157
0.28
0.523
0.493
0.28
0.418
0.04
0.245
-0.139
-0.152
-0.337
-0.373
-0.492
-0.339
-0.366
-0.763
-0.906
-0.679
-0.695
-0.926
-0.929
-0.874
-0.586
-0.927
-0.786
-0.551
-0.751
-0.564
-0.737
-0.382
-0.358
-0.762
-0.592
-0.236
-0.76
-0.753
-0.382
-0.652
-0.545
-0.273
0.051
0.114
0.097
0.176
0.127
0.301
0.084
-0.069
0.276
-0.199
0.18
-0.041
0.189
0.422
0.479
0.677
0.71
0.448
0.948
0.889
0.881
0.971
0.732
0.749
0.738
0.548
0.488
0.775
0.659
0.618
1.34
0.893
0.733
0.81
0.703
0.736
0.254
0.795
0.819
0.671
0.108
0.195
0.039
0.078
-0.075
-0.138
-0.118
-0.517
-0.51
-0.09
-0.376
-0.141
-0.399
-0.148
-0.437
-0.649
-0.717
-0.693
-0.514
-0.67
-0.318
-0.141
-0.111
-0.159
-0.2
0.057
-0.238
-0.231
-0.02
-0.123
-0.394
-0.323
-0.153
-0.361
-0.273
0.128
-0.418
-0.113
-0.329
-0.472
-0.567
-0.513
-0.386
-0.213
-0.386
-0.292
-0.274
-0.436
-0.532
-0.234
-0.53
-0.596
-0.399
-0.163
-0.148
-0.145
0.105
-0.04
-0.02
0.071
0.02
2.565
2.565
-0.274
-0.263
-0.052
-0.081
0.406
0.462
0.737
-0.049
0.156
0.316
0.149
0.233
0.396
0.116
0.405
0.588
0.418
0.608
0.984
0.721
0.995
1.012
0.937
1.129
0.995
1.202
1.142
0.82
1.037
0.946
0.95
1.001
0.815
0.854
0.4
0.291
0.281
0.028
0.197
0.008
-0.212
-0.292
0.005
0.153
0.038
-0.229
-0.272
-0.201
-0.025
-0.512
-0.376
-0.365
-0.109
-0.489
-0.332
-0.521
-0.241
-0.774
-0.707
-0.652
-0.657
-0.741
-0.866
-0.622
-0.935
-0.934
-0.436
-0.797
-0.798
-0.781
-0.619
-0.604
-0.723
-0.503
-0.707
-1.075
-0.345
-0.342
-0.414
-0.364
-0.186
-0.079
0.335
0.581
0.443
0.623
0.696
0.591
0.645
0.708
0.404
0.846
0.778
0.539
0.843
0.627
0.551
0.41
0.428
0.387
0.278
0.39
0.02
-0.052
0.355
0.228
0.285
0.241
0.436
0.231
-0.114
-0.11
-0.234
-0.079
-0.395
-0.54
-0.586
-0.435
-0.494
-0.169
-0.578
-0.629
0.073
-0.052
-0.179
0.35
0.125
0.036
0.239
0.012
-0.03
0.03
0.243
0.08
-0.251
-0.192
-0.269
-0.387
-0.151
-0.34
-0.432
-0.271
-0.404
-0.419
-0.402
-0.755
-0.509
-0.657
-0.542
-0.912
-0.548
-0.509
-0.398
-0.402
-0.241
-0.217
-0.228
-0.083
-0.297
-0.16
-0.191
-0.36
-0.217
-0.572
-0.389
-0.569
-0.446
-0.544
-0.745
-0.623
-0.567
-0.898
-0.756
-0.784
-1.033
-1.181
-0.915
-1.051
-1.181
-0.745
-0.685
-0.448
-0.433
-0.583
-0.517
-0.39
-0.952
-0.561
-0.657
-0.696
-0.623
0.112
0.192
0.128
0.279
0.694
0.422
0.498
0.393
0.534
0.583
0.275
0.263
0.179
0.34
0.054
0.292
0.377
0.234
-0.015
0.306
0.146
0.357
0.385
0.34
0.357
0.268
0.501
0.144
0.512
-2.113
0.549
0.282
0.515
0.53
0.338
0.489
0.38
0.315
0.426
0.564
0.855
1.059
0.912
0.623
0.745
0.674
0.304
0.702
0.857
0.528
0.556
0.36
0.372
0.44
0.102
0.103
-0.404
-0.069
0.01
-0.066
0.178
0.148
0.21
-0.037
0.093
0.274
0.265
0.034
0.296
0.041
0.103
0.109
0.018
0.074
0.028
0.243
0.395
0.291
0.244
0.518
0.659
0.575
0.476
0.538
0.411
0.866
0.76
0.494
0.577
0.53
0.459
0.615
0.435
0.638
0.51
0.615
0.809
0.752
0.569
0.475
0.532
0.432
-0.186
0.271
0.1
0.171
0.197
0.26
0.312
-0.098
-0.189
0.113
-0.277
-0.332
0.185
-0.244
-0.388
-0.419
-0.182
-0.192
-0.298
-0.393
-0.176
-0.294
-0.097
-0.173
0.208
0.571
0.571
0.461
0.458
0.593
0.323
0.295
0.44
-0.015
0.074
-0.065
-0.195
-0.338
-0.228
-0.161
0.036
0.059
-0.12
0.032
-2.567
-0.089
-0.078
-0.108
-0.22
0.113
-0.2
-0.266
-0.188
0.047
-0.367
0.156
0.154
-0.081
-0.003
-0.222
0.035
-0.194
-0.057
0.133
0.117
0.482
0.283
0.594
0.203
0.519
0.642
0.789
0.313
0.277
0.119
0.339
0.254
0.26
0.342
0.253
0.503
0.684
0.504
0.793
0.336
0.588
0.485
0.277
0.184
0.374
0.057
0.016
-0.04
0.056
-0.126
-0.082
-0.115
-0.183
-0.138
-0.17
-0.271
-0.244
-0.215
-0.439
-0.383
-0.361
-0.408
-0.297
-0.539
-0.234
-0.458
-0.473
-0.011
-0.382
0.142
0.418
0.319
0.14
0.407
0.392
0.364
0.585
0.738
0.411
0.504
0.721
0.076
0.248
0.399
0.263
0.129
-0.071
0.073
0.168
0.121
0.408
0.033
0.108
0.594
-0.077
-0.063
0.308
-2.567
0.122
0.46
0.115
0.293
0.149
-0.046
0.013
0.037
-0.086
-0.334
-0.439
-0.65
-0.172
-0.936
-0.853
-0.913
-0.646
-0.873
-0.763
-0.279
-0.646
-0.528
-0.487
-0.511
-0.642
-0.585
-0.09
-0.338
-0.185
-0.291
-0.139
0.177
-0.182
0.041
0.266
0.4
0.369
0.49
0.395
0.73
0.337
0.55
0.333
0.416
0.379
0.45
0.164
0.157
0.318
-0.059
-0.071
0.111
-0.071
-0.627
-0.124
0.021
-0.04
-0.258
-0.243
-0.256
-0.361
-0.072
-0.353
-0.092
-0.238
-0.024
-0.085
0.102
0.079
0.083
-0.027
0.398
0.178
0.277
0.513
0.594
-0.085
-0.142
0.165
0.017
2.565
2.565
0.116
0.243
-0.124
-0.057
0.02
0.249
0.09
0.276
0.243
0.031
0.463
0.288
0.37
0.783
0.48
0.397
0.402
0.42
0.466
0.291
0.27
0.06
0.623
0.176
0.307
0.097
0.338
-0.046
-0.462
-0.114
-0.46
-0.495
-0.503
-0.661
-0.703
-0.56
-0.707
-0.895
-0.583
-0.534
-0.326
-0.201
-0.328
-0.39
0.17
-0.045
-0.032
-0.237
-0.179
-0.121
-0.263
-0.352
-0.181
-0.179
-0.339
-0.116
-0.042
-0.355
-0.107
0.042
-0.322
-0.512
-0.224
-0.211
-0.23
-0.381
-0.051
-0.382
-0.296
-0.24
-0.224
0.045
0.482
0.319
0.01
0.547
0.134
0.216
0.05
-0.037
-0.277
0.025
-0.103
-0.136
-0.111
-0.084
0.128
0.368
0.019
0.417
-0.107
0.279
0.052
0.03
0.003
-0.212
-0.263
-0.377
-0.618
-0.242
-0.497
-0.568
-0.475
-0.732
-0.279
-0.426
-0.975
-0.708
-0.537
-0.985
-1.058
-0.638
-0.838
-0.808
-0.868
-0.527
-0.697
-0.29
-0.537
-0.781
-0.484
-0.321
-0.448
-0.032
-0.063
-0.212
-0.487
-0.054
-0.083
-0.042
-0.159
-0.124
-0.165
-0.058
-0.17
-0.427
-0.218
-0.209
-0.378
-0.449
-0.184
-0.568
-0.415
-0.014
-0.41
-0.548
-0.078
-0.29
-0.534
0.042
0.055
-0.091
0.044
0.187
0.273
-0.162
0.012
0.251
0.27
0.127
0.188
0.577
0.244
0.39
0.141
0.314
0.127
-0.077
0.394
0.11
0.162
0.419
0.002
-0.018
0.035
-0.225
-0.169
-0.076
-0.017
0.13
0.358
0.203
0.386
0.262
0.476
0.461
0.427
0.195
0.178
0.58
0.357
-0.074
0.454
0.46
0.264
0.277
0.442
0.212
0.38
0.066
0.293
0.073
-0.022
0.032
-0.03
-0.074
-0.076
-0.232
-0.291
-0.237
-0.463
0.022
0.027
-0.203
-0.073
-0.219
-0.003
-0.102
-0.094
0.005
0.145
0.038
0.036
0.039
-0.105
-0.039
-0.34
0.077
0.075
-0.25
-0.057
-0.001
0.035
-0.267
-0.148
0.078
-0.115
-0.059
-0.143
-0.062
-0.2
-0.378
-0.294
-0.169
-0.358
-0.364
-0.427
-0.282
-0.455
-0.373
-0.317
-0.545
-0.448
-0.721
-0.541
-0.482
-0.365
-0.461
-0.554
-0.408
-0.508
-0.399
-0.129
-0.214
-0.268
-0.253
-0.092
-0.085
0.023
-0.099
0.017
-0.059
0.061
-0.12
0.127
0.143
-0.028
-0.029
0.1
0.009
-0.078
-0.156
-0.135
-0.151
-0.017
0.013
0.052
0.15
0.101
0.137
0.153
0.315
0.11
-0.005
0.307
-0.043
0.202
-0.028
0.247
0.174
-0.04
0.036
0.362
0.258
0.24
0.421
0.239
0.245
0.284
0.033
0.324
0.068
0.395
0.042
0.318
0.043
0.133
-0.123
-0.261
-0.032
-0.126
-0.075
-0.037
-0.088
-0.327
-0.138
-0.089
-0.195
-0.017
-0.174
-0.088
-0.12
-0.17
-0.308
-0.042
-0.163
-0.259
-0.318
-0.086
-0.247
-0.104
-0.217
-0.231
-0.241
-0.233
-0.058
-0.158
-0.21
0.003
-0.001
-0.111
0.125
0.09
0.174
0.25
0.503
0.433
0.367
0.24
0.239
0.282
0.398
0.146
0.18
0.24
0.48
0.085
0.321
0.308
0.182
0.084
-0.002
0.227
0.185
0.216
0.303
0.17
0.206
0.141
0.318
0.224
0.391
0.506
0.339
0.427
0.32
0.251
0.252
0.27
0.169
0.278
0.083
0.248
0.415
0.227
0.435
0.377
0.071
0.303
0.145
0.372
0.223
0.225
0.243
0.171
0.125
-0.014
0.168
0.046
0.128
-0.018
-0.001
-0.189
2.565
-0.178
-0.156
0.188
-0.032
0.055
0.098
0.016
-0.113
-0.234
-0.098
-0.288
-0.387
-0.217
-0.208
-0.456
-0.457
-0.183
-0.299
-0.355
-0.358
-0.237
-0.249
-0.329
-0.079
-0.298
-0.337
-0.389
-0.583
-0.476
-0.562
-0.456
-0.533
-2.567
-0.311
-0.435
-0.435
-0.258
-0.436
-0.426
-0.268
-0.493
-0.494
-0.462
-0.324
-0.367
-0.458
-0.142
-0.188
-0.304
-0.082
-0.066
-0.155
-0.22
0.031
0.054
-0.025
0.143
0.03
0.297
0.093
0.188
0.216
0.422
0.282
0.396
0.482
0.198
0.446
0.352
0.365
0.458
0.464
0.422
0.399
0.388
0.358
0.297
0.432
0.328
0.307
0.303
0.268
0.149
0.109
0.232
0.198
0.167
0.321
0.439
0.272
0.278
0.101
0.186
0.272
0.314
0.241
0.111
0.303
0.309
0.186
0.039
0.18
0.108
-0.108
0.131
0.042
-0.04
0.029
-0.09
-0.013
-0.048
-0.174
-0.146
0.005
-0.071
-0.108
-0.23
-0.393
-0.187
-0.21
-0.295
-0.245
-0.277
-0.129
-0.135
-0.099
-0.177
-0.161
-0.132
-0.049
-0.073
-0.136
-0.098
-0.037
-0.239
-0.08
0.007
-0.153
0.014
-0.052
0.084
-0.028
0.079
0.072
0.013
0.02
0.134
0.104
-0.061
-0.052
-0.134
-0.178
0.016
0.174
0.068
0.157
0.109
0.062
0.1
0.118
-0.002
0.244
0.198
0.163
0.127
0.31
0.214
0.171
0.371
0.361
0.325
0.517
0.503
0.32
0.244
0.225
0.303
0.205
0.066
0.131
0.105
0.114
0.076
2.565
2.565
2.565
-0.766
0.03
0.057
0.006
-0.039
0.061
0.061
-0.147
-0.018
-0.221
0.005
0.127
-0.138
0.022
0.029
-0.237
-0.023
-0.106
-0.123
-0.204
-0.188
-0.103
-0.318
-0.223
-0.043
-0.244
-0.281
-0.274
-0.061
-0.281
-0.086
-0.169
-0.161
-0.328
-0.143
-0.298
-0.311
-0.133
-0.196
-0.309
-0.298
-0.193
-0.272
-0.505
-0.268
-0.414
-0.371
-0.453
-0.291
-0.508
-0.312
-0.246
-0.257
-0.274
-0.058
-0.152
-0.022
-0.034
-0.07
-0.051
0.11
0.133
0.093
0.172
0.175
0.173
0.028
0.076
0.049
0.168
0.195
0.182
0.141
0.104
0.144
0.218
0.097
0.267
0.124
0.268
0.186
0.233
0.122
0.14
0.185
0.131
0.111
0.188
0.158
0.132
0.205
0.335
0.169
0.299
0.221
0.211
0.103
0.298
0.228
0.268
0.178
0.278
0.215
0.258
0.283
0.264
0.29
0.22
0.246
0.212
0.308
0.182
0.167
0.242
0.058
0.098
0.152
-0.042
-0.063
-0.062
-0.071
-0.052
-0.018
-0.072
-0.092
-0.206
-0.187
-0.07
-0.264
-0.197
-0.097
-0.169
-0.422
-0.173
-0.249
-0.303
-0.365
-0.197
-0.365
-0.192
-0.197
-0.303
-0.254
-0.304
-0.147
-0.369
-0.229
-0.258
-0.278
-0.281
-0.237
-0.254
-0.214
-0.154
-0.157
-0.184
0.008
-0.285
-0.013
-0.129
0.023
0.166
-0.004
-0.005
0.013
0.075
0.155
0.197
0.284
0.107
0.217
0.176
0.141
0.187
0.164
0.078
-1.378
-0.003
-0.082
0.092
-0.049
-0.104
0.038
-0.209
-0.028
-0.036
-0.003
-0.229
0.041
-0.046
-0.13
-0.135
-0.096
-0.07
-0.12
-0.083
-0.097
-0.133
-0.058
-0.113
0.037
-0.051
-0.024
-0.037
-0.001
-0.078
0.054
-0.186
-0.003
-0.062
-0.085
-0.086
-0.187
-0.152
-0.212
-0.17
-0.195
-0.182
-0.323
-0.118
-0.221
-0.189
-0.188
-0.327
-0.245
-0.278
-0.165
-0.258
-0.121
-0.121
-0.133
-0.063
-0.016
0.062
0.008
0.08
0.098
0.052
0.175
0.155
-0.038
0.198
0.128
0.082
0.15
0.037
0.113
0.074
0.051
0.093
0.068
-0.009
0.037
0.014
-0.06
-0.004
-0.008
0.003
-0.053
-0.099
-0.033
-0.057
-0.191
-0.224
-0.085
-0.137
-0.088
-0.16
-0.076
-0.262
-0.064
-0.074
-0.132
-0.132
-0.212
-0.062
-0.089
-0.198
0.065
-0.145
-0.106
-0.114
-0.103
-0.137
-0.164
-0.037
-0.246
-0.157
-0.147
-0.155
-0.136
-0.087
-0.134
-0.125
0.004
0.041
-0.033
0.007
-0.068
