-0.173
0.011
0.188
-0.193
-0.175
0.085
-0.005
-0.06
0.21
-0.072
-0.207
-0.163
-0.362
-0.31
-0.169
-0.245
-0.32
-0.3
-0.197
-0.361
-0.278
-0.321
-0.077
-0.115
0.048
-0.332
0.248
0.494
0.49
0.173
0.128
-0.083
-0.078
-0.054
0.062
0.012
0.149
0.287
-0.108
-0.259
-0.028
-0.371
-0.069
0.105
0.017
0.057
0.454
0.295
0.286
0.281
-0.008
0.264
0.074
-0.088
-0.158
0.06
0.288
0.238
0.09
0.493
0.106
0.11
0.17
-0.14
-0.221
-0.257
-0.367
-0.537
-0.382
-0.063
-0.249
-0.058
-0.248
-0.199
0.026
-0.001
0.1
0.169
0.023
0.037
-0.121
0.024
0.01
-0.31
-0.052
-0.155
-0.151
-0.272
-0.356
-0.137
-0.181
-0.237
-0.329
-0.074
-0.013
-0.479
-0.339
-0.565
-0.73
-0.595
-0.764
-0.522
-0.435
-0.185
-0.275
-0.395
0.216
-0.017
0.027
-0.04
-0.083
-0.194
-0.098
-0.046
-0.11
-0.032
-0.103
-0.066
-0.118
-0.263
-0.147
-0.012
0.053
-0.02
-0.023
-0.036
-0.181
-0.138
-0.277
-0.268
-0.353
-0.122
-0.12
0.032
0.281
0.168
-0.184
-0.128
0.145
0.166
0.142
0.113
0.04
0.093
0.031
-0.203
-0.082
0.051
-0.226
0.17
-0.136
-0.347
0.027
0.181
0.178
0.044
0.081
0.052
-0.047
-0.336
0.016
-0.005
-0.046
-0.31
-0.006
-0.186
0.103
-0.133
-0.162
0.09
-0.171
-0.213
-0.056
-0.201
-0.492
-0.276
-0.218
-0.431
-0.242
-0.471
-0.283
-0.324
-0.027
-0.616
0.37
-0.006
-0.129
-0.037
-0.233
-0.371
0.006
-0.328
-0.374
-0.301
0.262
-0.136
-0.015
0.164
0.359
0.218
0.413
0.349
0.461
0.445
0.288
0.484
0.378
0.332
0.046
-0.064
0.308
0.135
0.05
0.157
0.214
0.097
0.187
0.28
0.388
0.106
0.094
0.249
0.141
0.152
0.273
0.208
0.011
-0.067
0.219
0.107
0.464
0.173
0.116
0.438
0.193
0.188
0.013
0.04
-0.172
-0.329
-0.231
-0.734
-0.467
-0.21
-0.244
-0.237
-0.462
-0.431
-0.324
-0.328
-0.079
-0.136
-0.079
-0.178
-0.291
-0.31
-0.129
-0.259
-0.088
0.012
0.015
0.012
0.037
-0.09
-0.175
0.186
-0.007
-0.021
-0.005
0.094
-0.169
-0.068
-0.04
-0.071
-0.187
-0.178
-0.159
-0.043
-0.06
-0.098
-0.049
-0.148
-0.023
0.017
0.208
0.12
0.15
0.074
-0.083
0.091
-0.127
0.005
-0.114
0.083
-0.008
-0.004
-0.193
0.054
-0.158
-0.085
-0.067
-0.01
-0.148
-0.163
-0.232
-0.17
-0.168
-0.217
-0.283
-0.023
0.107
0.082
0.186
0.069
0.0
-0.079
-0.078
-0.183
0.049
0.029
-0.059
0.036
-0.062
-0.015
-0.142
-0.112
-0.051
-0.057
0.171
0.037
0.273
0.133
0.027
0.153
0.199
-0.109
-0.034
0.499
-0.047
-0.009
0.351
0.372
0.245
0.391
0.158
0.258
0.322
0.354
0.19
0.298
-0.06
0.132
-0.14
0.221
0.063
-0.018
0.172
0.15
-0.004
0.028
0.095
-0.078
0.203
0.158
0.026
-0.054
0.021
0.133
0.098
-0.022
-0.077
0.019
-0.077
-0.061
-0.047
-0.499
-0.104
-0.342
0.233
-0.194
-0.089
0.066
0.061
-0.079
-0.007
-0.098
0.09
-0.101
0.002
0.008
-0.128
-0.003
-0.093
-0.005
-0.084
-0.137
0.299
0.377
0.322
0.588
0.579
0.436
0.6
0.547
0.678
0.753
0.762
0.887
0.947
0.587
0.772
0.544
0.658
0.371
0.667
0.745
0.616
0.707
0.763
0.552
0.84
0.779
0.773
0.735
0.713
0.524
0.358
0.124
0.573
0.293
0.336
0.208
0.164
0.102
0.022
-0.099
-0.112
-0.037
-0.131
-0.246
-0.338
-0.129
-0.328
-0.347
0.006
0.153
-0.13
-0.116
0.033
-0.036
-0.104
-0.232
-0.124
-0.012
-0.043
-0.122
0.232
0.184
-0.091
-0.086
-0.193
-0.102
-0.413
-0.408
-0.182
-0.296
0.019
-0.124
-0.052
0.068
0.07
0.107
0.04
0.039
0.174
0.145
0.042
-0.024
-0.043
-0.088
-0.307
-0.357
0.065
-0.069
0.083
0.004
-0.003
-0.007
-0.197
-0.095
-0.151
-0.238
0.085
0.007
-0.042
-0.27
-0.071
-0.393
-0.179
-0.136
-0.102
-0.292
-0.011
-0.176
-0.328
0.017
-0.195
-0.106
0.295
0.261
0.321
0.534
0.43
0.462
0.569
0.256
0.478
0.452
0.58
0.399
0.455
0.543
0.431
0.372
0.516
0.76
0.693
0.465
0.965
0.378
0.456
0.893
0.503
0.575
0.891
0.694
0.868
0.696
0.816
0.658
0.597
0.427
0.228
0.189
0.24
0.038
0.22
0.567
0.263
0.162
0.523
0.109
0.333
0.414
0.238
0.339
0.322
0.269
-0.025
0.007
0.147
-0.005
0.15
0.103
0.001
-0.111
-0.054
-0.254
-0.233
-0.26
-0.107
-0.139
-0.023
-0.142
-0.232
-0.013
-0.062
-0.075
0.384
-0.11
0.013
-0.29
-0.312
-0.329
-0.303
-0.255
-0.387
-0.368
-0.598
-0.414
-0.208
-0.225
-0.161
0.029
-0.046
-0.148
0.211
0.037
0.184
0.103
0.048
0.405
0.227
0.226
0.085
0.41
0.275
0.343
0.605
0.375
0.495
0.568
0.485
0.289
0.17
0.214
0.247
0.19
0.381
0.364
0.327
0.495
0.531
0.324
0.792
0.783
0.606
0.968
0.946
0.785
1.037
1.068
1.068
0.661
0.578
0.698
0.901
0.098
0.47
0.383
0.205
0.463
0.503
0.474
0.434
0.066
-0.133
0.208
-0.146
0.036
-0.165
0.013
-0.088
-0.111
0.122
0.266
0.101
0.42
0.875
0.149
0.325
0.024
0.37
0.146
-0.32
-0.133
-0.129
-0.45
-0.252
-0.412
-0.216
-0.269
-0.279
-0.098
-0.346
-0.516
-0.486
-0.806
-0.802
-0.922
-0.799
-0.644
-0.539
-0.472
-0.493
-0.282
-0.273
-0.182
-0.158
-0.449
-0.306
-0.261
-0.374
-0.558
-0.348
-0.478
-0.321
-0.159
-0.348
-0.139
-0.18
-0.494
0.161
0.01
-0.03
0.244
-0.052
-0.005
0.029
0.301
-0.103
0.0
0.173
-0.012
0.294
0.223
0.182
-0.258
-0.139
-0.096
0.002
-0.118
-0.013
-0.021
0.178
-0.013
0.333
0.025
0.29
0.251
0.32
0.42
0.482
0.324
0.139
0.236
0.308
0.395
0.482
0.619
0.554
0.04
0.245
-0.066
0.066
-0.153
-0.161
0.032
-0.121
-0.133
0.093
0.085
0.066
0.399
0.419
0.514
0.278
0.332
0.223
0.026
-0.008
-0.022
-0.222
-0.067
-0.223
-0.322
-0.334
-0.431
-0.648
-0.539
-0.646
-0.695
-0.674
-0.893
-1.044
-0.774
-0.553
-0.613
-0.282
-0.139
-0.086
0.225
0.179
0.208
-0.037
0.001
0.029
-0.073
0.033
-0.154
0.221
-0.105
-0.074
-0.071
-0.23
-0.297
-0.241
-0.223
-0.173
-0.211
-0.149
-0.148
-0.051
-0.161
-0.014
-0.055
-0.058
-0.029
0.156
0.07
0.04
0.058
0.107
-0.06
0.247
0.004
0.078
-0.029
-0.146
-0.128
-0.078
-0.267
-0.197
-0.206
0.283
-0.113
0.1
0.313
-0.276
0.109
0.273
0.216
0.352
0.369
0.334
0.371
0.623
0.505
0.754
0.755
0.909
0.861
0.958
1.281
1.23
1.096
1.009
1.074
0.907
0.919
1.177
1.297
1.011
0.922
0.966
1.076
0.975
0.904
0.841
0.802
0.633
0.334
0.656
0.861
0.547
0.521
0.766
0.44
0.397
0.352
0.557
0.069
0.201
0.508
-0.032
0.137
0.344
0.177
0.107
0.022
0.176
-0.09
0.24
0.103
-0.055
-0.023
0.175
-0.078
0.102
0.415
0.075
0.112
0.006
-0.106
-0.202
0.034
0.089
0.196
0.326
0.534
0.562
0.263
0.347
0.526
0.678
0.236
0.376
0.709
-0.006
0.107
0.13
0.157
-0.102
-0.099
-0.007
-0.045
-0.481
0.13
-0.142
-0.032
-0.147
0.338
0.298
0.269
0.12
0.398
-0.07
0.121
0.032
0.125
-0.018
-0.216
-0.262
-0.128
-0.345
0.036
-0.153
0.105
-0.12
-0.263
-0.16
-0.304
-0.354
-0.288
-0.235
-0.073
-0.189
0.076
0.198
0.04
0.507
0.623
0.258
0.094
0.572
0.22
0.007
0.198
-0.263
-0.138
-0.114
0.1
0.096
-0.017
0.138
-0.001
0.052
0.165
-0.057
-0.488
-0.194
-0.122
-0.37
-0.131
0.083
0.077
0.168
0.363
0.277
0.274
0.161
0.204
0.428
-0.027
-0.01
-0.205
-0.05
-0.499
-0.623
-0.311
-0.254
-0.39
-0.023
-0.161
-0.121
-0.173
0.043
-0.188
0.065
-0.258
-0.012
-0.156
-0.259
-0.02
-0.074
0.31
0.373
0.406
0.471
-0.081
0.087
0.011
-0.113
-0.194
0.086
0.045
0.133
0.153
0.049
0.022
0.126
0.266
0.247
0.432
0.403
0.351
0.323
0.208
-0.002
-0.19
0.159
-0.101
0.034
-0.191
-0.184
-0.058
-0.221
-0.184
0.128
-0.147
-0.163
0.033
0.099
0.163
0.205
0.197
0.274
0.77
0.391
0.529
0.539
0.343
0.211
0.326
0.252
0.239
0.19
0.142
0.223
0.127
0.227
0.215
0.223
0.268
0.092
0.134
0.053
0.446
0.273
0.573
0.329
0.262
0.525
0.158
0.196
0.18
0.262
-0.074
0.12
0.208
0.343
0.329
0.391
0.699
0.198
0.28
0.275
0.215
0.503
0.562
0.365
0.327
-0.017
0.113
0.081
0.19
0.232
0.348
0.388
0.257
0.286
0.059
0.209
-0.166
-0.253
-0.212
-0.384
-0.399
-0.474
-0.278
-0.595
-0.669
-0.667
-0.899
-0.522
-0.706
-0.689
-0.432
-0.728
-0.769
-0.428
-0.164
-0.648
-0.511
-0.263
-0.344
-0.412
-0.09
-0.364
-0.288
-0.218
-0.091
-0.14
-0.163
-0.002
0.28
-0.263
-0.026
-0.298
-0.258
-0.639
-0.685
-0.339
-0.271
-0.593
-0.522
-0.27
-0.44
-0.5
-0.456
-0.398
-0.464
-0.32
-0.205
-0.046
-0.231
-0.321
-0.157
-0.394
-0.552
-0.377
-0.443
-0.438
-0.45
-0.496
-0.664
-0.55
-0.467
-0.386
-0.223
-0.255
-0.287
-0.109
-0.146
-0.318
0.002
-0.003
-0.237
0.004
-0.132
-0.257
-0.266
0.082
-0.21
0.104
0.001
-0.016
-0.032
-0.194
-0.278
-0.331
-0.274
-0.407
-0.288
-0.191
-0.373
-0.212
-0.178
-0.273
-0.422
-0.184
0.096
-0.153
-0.095
-0.022
-0.214
-0.286
-0.242
-0.177
-0.11
-0.284
-0.391
0.057
-0.161
0.066
-0.026
-0.023
-0.08
0.043
-0.347
-0.367
-0.314
-0.301
-0.268
-0.21
-0.171
-0.058
-0.297
-0.269
-0.188
-0.417
-0.292
-0.292
-0.462
-0.325
-0.696
-0.613
-0.26
-0.61
-0.39
-0.487
-0.323
-0.377
-0.206
-0.03
-0.095
0.211
0.027
-0.017
0.161
0.156
0.236
-0.007
0.178
0.044
0.343
0.245
0.557
0.022
0.092
0.222
0.184
-0.046
-0.005
-0.117
-0.145
0.026
0.0
0.152
-0.002
0.213
0.453
0.546
-0.094
-0.034
-0.165
-0.263
-0.24
-0.072
-0.048
-0.177
-0.302
-0.129
-0.207
0.019
0.034
0.282
-0.239
0.346
0.236
0.257
0.336
0.181
0.006
0.044
0.133
-0.017
0.017
0.092
0.142
-0.042
0.116
0.262
0.396
0.088
0.167
-0.094
0.006
0.106
-0.25
0.001
-0.161
-0.1
0.082
0.296
0.199
0.47
0.238
0.176
0.354
-0.213
0.257
0.329
0.287
0.262
0.22
0.156
0.05
0.254
-0.008
0.215
0.192
0.259
0.348
0.536
0.461
0.431
0.653
0.335
0.497
0.615
0.269
0.158
0.159
0.534
0.084
0.425
0.233
0.375
0.427
0.381
0.138
0.217
0.442
-0.193
0.317
0.197
0.256
0.227
0.32
0.068
0.243
0.038
0.065
0.453
0.148
0.144
0.091
0.307
0.132
-0.062
0.095
0.055
0.038
-0.012
-0.064
0.01
-0.115
-0.147
0.068
0.135
0.228
0.682
0.721
0.319
0.473
0.46
0.594
0.541
0.842
0.622
0.547
0.622
0.152
0.586
0.459
0.553
0.288
0.479
0.309
0.19
0.201
0.292
-0.018
-0.16
0.005
-0.247
-0.438
0.365
0.052
0.226
0.424
0.086
0.175
-0.116
0.05
0.288
0.117
0.089
-0.359
-0.297
-0.581
-0.423
-0.89
-0.33
-0.654
-0.77
-0.518
-0.522
-0.641
-0.221
-0.02
-0.124
0.124
0.002
0.277
0.216
0.706
0.722
0.797
0.758
0.907
0.58
0.547
0.554
0.257
0.746
0.551
0.602
0.48
0.647
0.648
0.382
0.309
0.035
0.058
0.087
0.287
0.244
0.317
0.323
0.422
0.164
0.247
0.264
0.57
0.324
0.248
0.115
0.103
0.003
0.137
0.293
-0.012
-0.043
-0.233
-0.015
0.071
0.015
0.313
0.271
0.107
0.112
-0.165
0.077
0.272
0.068
0.207
-0.084
-0.112
-0.174
-0.163
0.0
-0.066
-0.034
0.138
-0.148
-0.252
-0.108
-0.005
-0.087
-0.079
-0.094
-0.174
-0.236
-0.166
-0.208
-0.444
-0.354
-0.489
-0.532
-0.143
-0.307
-0.427
0.387
-0.083
-0.167
-0.192
-0.258
-0.361
-0.254
0.055
-0.246
-0.091
-0.262
-0.075
0.152
-0.212
0.206
0.133
-0.123
0.142
-0.114
-0.177
-0.553
-0.493
-0.43
-0.209
-0.663
-0.37
-0.312
-0.611
-0.499
-0.042
-0.406
-0.295
-0.318
0.223
-0.151
-0.106
-0.348
-0.218
-0.561
-0.367
-0.089
-0.212
-0.212
-0.133
-0.408
-0.742
-0.198
-0.406
-0.099
-0.22
0.146
-0.001
-0.2
-0.177
0.027
0.005
-0.008
0.154
0.347
-0.161
-0.135
0.085
0.056
-0.009
0.334
0.342
0.662
0.482
0.384
0.458
0.467
0.493
0.386
0.412
0.723
0.22
0.5
0.161
0.278
0.038
-0.049
-0.165
-0.228
0.141
-0.194
0.177
-0.017
0.302
0.099
0.109
0.152
-0.168
0.037
0.574
-0.02
0.148
0.026
-0.107
0.092
-0.12
0.135
-0.016
-0.039
-0.103
-0.073
-0.582
0.038
-0.192
-0.374
-0.083
-0.199
0.023
0.273
0.053
0.139
0.418
0.349
0.008
0.296
0.635
0.666
0.682
0.488
0.432
0.262
0.19
-0.014
0.159
-0.166
0.293
0.0
0.003
0.103
0.112
-0.466
-0.257
-0.586
-0.532
-0.569
-0.311
-0.383
-0.341
-0.113
-0.106
-0.352
-0.133
0.083
-0.131
0.019
-0.075
-0.208
-0.142
-0.128
-0.151
-0.142
0.066
-0.5
-0.347
-0.152
-0.011
0.013
0.365
0.252
0.116
0.1
0.037
0.334
0.215
0.153
0.171
0.061
-0.052
-0.027
0.011
0.151
0.42
0.164
0.359
0.278
0.033
0.077
0.067
0.31
0.121
0.07
0.266
0.146
0.368
0.355
0.327
0.122
0.348
0.343
0.058
0.12
-0.125
0.005
-0.199
-0.197
0.018
0.046
-0.014
-0.207
0.225
0.027
0.456
0.323
0.346
0.479
0.222
0.327
0.763
0.704
0.569
0.352
0.504
0.443
0.601
0.952
1.034
0.97
1.113
0.781
0.817
1.108
1.117
0.996
0.924
0.593
0.641
0.502
0.662
0.666
0.293
0.529
0.006
0.229
0.735
0.417
0.977
0.771
0.661
0.489
0.953
0.573
0.501
0.893
0.77
0.365
1.048
1.374
1.162
0.906
0.896
0.35
0.297
0.393
0.253
0.449
0.458
0.005
-0.077
0.226
0.292
-0.033
0.35
0.556
0.549
0.647
0.597
0.645
0.768
0.511
0.528
0.555
0.689
0.619
0.602
0.368
0.762
0.623
0.701
0.778
0.552
0.517
0.658
0.393
0.062
0.471
0.368
0.235
-0.036
0.403
0.296
0.058
0.088
0.13
0.006
0.085
0.002
0.097
-0.094
-0.334
-0.331
-0.55
-0.572
-0.685
-0.233
-0.174
-0.039
-0.359
0.189
0.32
-0.009
0.221
0.451
0.534
0.484
0.524
0.601
0.697
0.647
0.437
0.355
0.399
0.62
0.463
0.65
0.963
0.662
0.751
0.821
0.939
1.047
1.064
1.336
1.298
1.195
1.463
1.298
1.263
1.132
1.18
1.047
1.356
1.113
1.45
1.233
1.087
1.19
1.011
0.945
0.944
0.869
0.745
0.5
0.455
0.138
-0.05
0.105
0.076
0.132
0.284
-0.031
0.01
0.442
0.722
0.698
1.122
1.028
0.979
0.579
0.96
0.772
0.596
0.683
0.932
1.105
0.075
0.552
0.6
0.708
-0.083
0.12
0.074
0.15
-0.474
-0.181
0.351
-0.001
0.274
0.396
0.348
0.561
0.772
0.617
0.773
0.678
0.132
0.603
0.406
0.421
0.34
0.392
0.278
0.36
-0.025
-0.008
0.09
-0.012
0.366
0.266
0.18
-0.047
-0.054
0.269
-0.039
0.195
0.267
0.058
-0.127
0.11
-0.302
-0.191
-0.196
-0.485
-0.489
-0.397
-0.852
-0.858
-0.978
-0.836
-0.763
-0.852
-0.599
-0.716
2.565
-1.165
-0.655
-0.594
-0.828
-0.348
-0.54
-0.773
-0.514
-0.721
-0.485
-0.502
-0.339
-0.163
-0.375
-0.383
-0.35
-0.332
-0.356
-0.37
-0.412
-0.38
-0.49
-0.507
-0.324
-0.618
-0.384
-0.274
0.134
0.12
0.33
0.659
0.49
0.62
0.736
0.502
0.453
0.372
0.025
0.566
0.421
0.43
0.451
0.619
0.547
0.394
0.192
0.938
0.349
0.62
0.784
0.527
0.237
0.308
-0.123
-0.474
-0.583
-0.532
-0.535
-0.206
0.036
-0.153
-0.301
-0.011
0.302
-0.078
0.433
0.436
0.018
-0.073
-0.487
-0.057
0.162
-0.263
0.152
0.034
0.15
0.196
0.111
-0.074
0.314
0.533
-0.085
0.068
-0.092
-0.357
-0.238
0.155
0.203
0.529
0.532
0.442
0.438
0.358
0.56
0.788
0.494
0.623
0.548
0.506
0.225
0.354
0.368
0.133
0.218
0.622
0.499
0.393
0.462
-0.018
-0.049
-0.433
-0.388
0.179
-0.383
-0.47
0.063
-0.368
-0.634
0.088
-0.151
-0.223
-0.182
0.011
-0.411
-0.158
-0.09
-0.263
-0.248
0.242
0.021
0.309
0.502
0.304
0.512
0.186
0.265
-0.231
0.062
-0.243
-0.022
-0.003
-0.273
-0.173
-0.101
-0.376
-0.395
-0.337
-0.64
-0.662
-0.568
-0.901
-0.749
-0.811
-0.607
-0.827
-0.639
-0.767
-0.731
-0.325
-0.482
-0.239
-0.417
-0.453
-0.33
-0.478
-0.399
-0.232
-0.067
-0.173
-0.019
-0.035
0.033
0.058
-0.08
-0.209
0.074
-0.242
0.107
0.106
-0.097
-0.119
0.329
0.155
0.08
0.239
0.374
0.128
0.448
0.352
0.114
0.216
0.251
-0.052
0.185
-0.215
-0.207
-0.631
-0.728
-0.763
-0.729
-0.844
-0.189
-0.318
-0.095
-0.461
-0.605
-0.281
-0.268
-0.36
-0.072
-0.352
-0.507
-0.676
-0.343
-0.011
-0.144
0.054
-0.274
-0.275
-0.22
0.053
-0.213
-0.179
-0.227
-0.223
-0.215
-0.171
-0.156
0.316
-0.265
-0.001
-0.15
-0.101
-0.321
-0.172
-0.008
-0.423
-0.001
-0.462
-0.089
-0.238
-0.357
-0.32
-0.432
-0.117
-0.476
-0.358
-0.363
0.021
-0.02
-0.11
0.294
0.365
0.359
0.537
0.239
0.312
0.133
-0.083
0.036
0.072
0.162
0.291
0.161
0.438
0.428
0.326
0.069
0.17
-0.219
-0.087
0.042
-0.079
0.055
0.193
-0.084
-0.124
-0.1
-0.307
0.066
-0.012
-0.17
-0.4
-0.29
-0.774
-0.509
-0.79
-0.605
-0.33
-0.444
-0.665
-0.362
-0.277
-0.647
-0.161
-0.372
-0.185
-0.345
-0.308
-0.501
-0.296
-0.16
-0.218
-0.268
-0.192
-0.179
-0.363
-0.388
-0.321
-0.264
-0.353
-0.533
-0.516
-0.378
-0.462
-0.377
-0.57
-0.418
-0.535
-0.714
-0.332
-0.329
-0.389
-0.235
-0.451
-0.177
-0.567
-0.389
-0.158
-0.102
-0.14
-0.103
-0.273
-0.358
-0.214
-0.307
-0.242
-0.405
-0.265
-0.38
-0.461
-0.473
-0.027
-0.177
-0.293
-0.278
-0.364
-0.04
-0.179
0.075
0.245
0.438
0.058
0.25
0.553
0.22
0.481
0.401
0.663
0.32
0.409
0.527
0.413
0.553
0.734
0.557
0.882
0.705
0.798
0.813
0.645
0.585
0.396
0.382
0.458
0.593
0.593
0.717
0.645
0.315
0.424
0.186
0.345
0.338
0.208
0.097
-0.064
-0.236
-0.267
-0.297
-0.098
-0.115
0.086
-0.145
-0.198
-0.334
-0.306
-0.386
0.087
0.485
0.431
-0.041
0.241
0.056
0.011
-0.149
0.037
-0.314
-0.366
-0.539
-0.43
-0.332
-0.417
-0.376
-0.329
-0.45
-0.279
-0.459
-0.257
-0.169
-0.109
-0.302
-0.319
-0.418
-0.48
-0.656
-0.681
-0.307
-0.829
-0.468
-0.538
-0.473
-0.621
-0.347
-0.615
-0.472
-0.237
-0.226
-0.007
-0.355
-0.344
-0.365
-0.312
-0.133
0.032
0.331
0.126
0.21
0.073
0.152
0.005
-0.011
0.181
-0.101
-0.022
0.144
-0.083
-0.063
-0.028
0.422
0.221
0.561
0.185
0.181
0.116
0.062
0.039
0.144
0.46
0.219
0.102
-0.116
0.09
-0.283
-0.101
-0.1
0.278
0.16
0.335
0.24
0.188
0.292
0.242
0.097
0.003
-0.253
-0.037
-0.16
-0.07
-0.083
0.03
0.064
0.478
0.227
0.303
0.358
0.483
0.264
0.213
0.158
0.083
-0.323
-0.012
0.045
-0.239
-0.27
-0.079
0.126
-0.017
-0.145
-0.248
-0.321
-0.305
-0.337
-0.181
-0.147
-0.431
-0.291
-0.291
-0.525
-0.185
-0.058
0.044
-0.022
0.225
0.213
0.01
0.056
0.044
0.27
0.137
0.272
-0.008
0.168
0.112
0.068
-0.163
0.186
0.452
0.224
0.692
0.515
0.247
0.197
0.311
0.697
0.707
0.709
0.479
0.325
0.284
-0.127
0.027
0.072
0.16
-0.027
0.099
-0.214
-0.003
-0.35
-0.146
0.114
0.178
0.187
0.353
-0.008
0.279
-0.023
0.22
0.427
0.138
-0.192
0.097
0.102
-0.149
0.168
-0.054
-0.3
0.547
-0.158
0.249
0.273
0.211
0.278
0.476
0.455
0.573
0.561
0.404
0.701
0.485
0.436
0.468
0.247
-0.014
-0.103
-0.062
-0.261
-0.064
-0.346
-0.195
-0.199
-0.528
-0.098
-0.384
-0.162
-0.363
-0.226
-0.626
-0.735
-0.727
-0.831
-0.757
-0.677
-0.521
-0.478
-0.648
-0.713
-1.076
-0.562
-0.682
-0.813
-0.783
-0.255
-0.705
-0.999
-0.793
-0.735
-0.582
-0.708
-0.618
-0.398
-0.45
-0.474
-0.572
-0.455
-0.187
0.046
0.024
-0.073
0.258
0.343
0.604
0.481
0.657
0.709
0.364
0.484
0.553
0.618
0.648
0.827
0.846
0.688
0.8
0.924
0.695
1.1
1.092
1.185
1.161
1.065
0.684
0.828
0.39
0.588
0.387
0.299
0.486
0.554
0.415
0.202
-0.012
0.049
0.15
-0.525
-0.217
-0.059
-0.087
-0.302
0.161
0.203
-0.176
0.279
-0.253
-0.133
0.206
-0.105
0.147
0.253
0.392
0.284
0.568
0.396
0.373
-0.029
0.046
-0.147
0.124
-0.245
0.02
0.111
0.098
-0.116
-0.08
0.131
0.013
-0.147
0.158
0.328
0.068
-0.151
0.396
-0.198
0.047
0.476
0.708
0.238
0.417
0.427
0.356
-0.179
-0.254
-0.142
-0.05
-0.206
-0.026
0.021
0.093
-0.034
-0.112
0.083
-0.211
-0.288
-0.069
-0.364
-0.191
-0.268
0.134
0.142
-0.057
-0.082
0.18
0.167
0.195
-0.033
-0.158
-0.341
-0.128
0.17
0.03
-0.1
0.002
-0.316
-0.288
0.205
-0.124
-0.07
0.145
-0.11
-0.086
0.124
0.112
0.27
0.246
0.169
0.469
0.264
0.164
-0.018
0.212
0.009
0.181
0.163
0.203
0.294
0.251
0.092
-0.079
-0.186
-0.11
-0.348
-0.249
-0.479
0.015
0.01
-0.276
0.146
-0.062
0.112
0.064
0.271
0.188
0.062
0.231
-0.246
0.19
-0.04
0.049
-0.175
0.121
0.173
0.156
0.352
0.33
0.436
0.449
0.45
0.646
0.735
0.586
0.878
0.798
0.853
0.667
0.526
0.517
0.516
0.19
0.52
0.13
0.033
0.317
0.185
0.344
0.078
0.121
0.142
0.291
0.316
0.036
0.215
0.127
0.006
0.108
-0.088
0.038
-0.092
-0.21
-0.25
-0.221
-0.106
-0.181
-0.129
-0.115
-0.293
0.084
0.076
0.359
0.291
0.789
0.543
0.557
0.754
0.171
0.386
0.175
0.311
0.2
0.293
-0.225
-0.091
-0.315
-0.472
-0.44
-0.281
-0.438
-0.326
-0.634
-0.478
-0.828
-0.444
-0.007
-0.215
0.042
-0.065
0.088
-0.079
-0.217
-0.111
-0.033
-0.128
-0.137
0.044
-0.167
0.117
0.207
0.332
-0.011
0.343
0.087
-0.062
0.074
0.097
0.226
0.325
0.334
0.335
0.187
0.196
-0.311
0.372
0.341
0.311
0.219
0.168
0.034
-0.165
-0.32
-0.147
-0.798
-0.223
-0.282
-0.003
0.045
0.402
0.233
0.057
-2.567
0.192
0.162
0.481
0.516
0.662
0.173
0.485
0.42
0.46
0.589
0.145
0.258
0.44
0.125
0.834
0.472
0.923
0.896
0.892
0.809
1.122
1.107
1.344
1.408
1.089
0.856
1.019
0.9
1.667
1.513
1.346
1.396
1.062
1.258
1.268
1.369
1.355
1.255
1.427
1.598
1.703
1.776
1.66
1.858
1.76
1.8
1.689
1.443
1.558
1.886
1.693
1.32
1.542
1.516
1.311
1.289
1.627
1.424
0.892
1.163
1.002
1.158
1.242
1.465
1.424
1.322
0.884
0.792
0.542
0.642
0.795
0.62
0.651
0.586
0.543
0.376
0.552
0.81
0.673
0.743
0.806
0.941
1.289
1.256
1.721
1.843
1.834
1.898
1.804
1.444
1.429
1.382
1.541
1.787
1.691
1.698
1.781
1.423
1.376
1.547
1.149
0.811
1.056
0.557
1.005
0.653
0.771
0.709
0.556
0.632
0.815
0.54
0.546
0.503
0.154
0.495
0.3
0.348
0.502
0.559
0.537
0.225
0.372
0.339
0.293
0.07
0.616
0.091
0.184
-0.039
-0.542
-0.356
-0.397
-0.485
-0.225
-0.287
-0.249
-0.738
-0.301
-0.217
-0.27
0.019
-0.193
-0.021
-0.217
-0.035
-0.315
-0.461
-0.466
-0.415
-0.528
-0.783
-0.667
-0.375
-0.354
-0.302
-0.146
-0.018
-0.713
-0.497
-0.575
-0.84
-0.57
-0.378
-0.044
-0.199
0.047
-0.008
-0.107
0.203
0.031
0.219
0.321
0.132
0.246
-0.003
0.007
-0.628
-0.554
-0.208
-0.487
-0.423
0.108
0.522
0.878
0.28
0.414
0.393
0.121
-0.011
0.015
0.301
0.579
0.197
-0.076
-0.002
0.283
0.224
0.355
0.467
0.36
0.319
-0.149
0.217
0.104
-0.08
-0.298
-0.435
-0.741
-0.536
-0.588
-0.393
-0.443
-0.644
0.327
-0.157
0.119
0.124
-0.219
-0.433
-0.814
-0.613
-0.993
-0.836
-0.757
-0.519
-0.741
-0.833
-0.727
-1.265
-1.585
-0.943
-0.941
-0.638
-0.213
-0.354
-0.821
-1.008
-1.001
-0.746
-0.613
-0.551
-0.057
-0.143
-0.129
-0.031
-0.202
-0.092
-0.173
-0.118
-0.474
-0.773
-0.722
-0.331
-0.422
-0.699
-0.762
-0.921
-1.052
-1.388
-0.948
-0.301
-0.424
-0.9
-1.098
-0.884
-1.588
-1.689
-1.312
-0.703
-0.871
-0.728
-0.976
-0.896
-0.95
-1.42
-0.968
-0.614
-0.957
-0.649
-0.574
-0.758
-0.631
-0.719
-0.552
-0.403
-0.398
-0.48
-0.519
-0.806
-0.572
-0.772
-0.891
-1.044
-0.736
-0.713
-0.931
-0.664
-1.016
-0.89
-0.48
-0.753
-0.734
-0.962
-0.877
-0.997
-0.938
-0.75
-0.533
-0.619
-0.335
-0.877
-0.91
-0.907
-0.407
-0.48
-0.528
-0.509
-0.242
0.023
-0.183
0.171
0.23
0.754
0.319
0.598
0.761
0.505
0.554
0.448
0.334
0.099
0.12
0.303
0.01
-0.014
0.18
-0.229
0.254
0.535
0.239
0.5
0.151
0.207
-0.335
0.19
0.06
-0.052
0.397
0.295
0.133
0.148
0.237
0.044
0.096
0.143
0.031
0.153
0.162
0.083
-0.154
0.077
-0.043
0.14
0.269
0.004
-0.058
-0.113
0.044
0.207
-0.155
0.357
0.115
0.277
-0.047
0.549
0.138
0.075
0.286
0.478
0.348
0.663
0.711
0.789
0.568
0.589
0.556
0.462
0.287
0.217
-0.233
0.018
-0.301
-0.426
-0.264
-0.524
-0.69
-0.692
-0.947
-0.76
-0.587
-0.72
-0.383
-0.346
-0.033
0.09
-0.003
0.008
0.099
-0.179
0.039
-0.379
-0.337
-0.269
-0.342
-0.494
-0.292
-0.533
-0.403
-0.458
-0.715
-0.52
-0.347
-0.22
-0.247
-0.072
-0.023
0.288
0.118
0.1
0.112
0.027
0.154
0.152
0.137
-0.052
-0.056
-0.12
-0.003
-0.114
0.022
-0.119
-0.021
0.119
0.03
0.096
-0.09
0.099
-0.135
-0.172
-0.267
-0.064
0.17
0.145
0.228
0.111
-0.099
0.364
-0.078
0.142
0.175
0.452
0.108
0.249
0.028
-0.256
0.301
0.179
0.349
0.097
0.383
0.261
0.069
0.123
0.014
-0.388
-0.363
-0.213
-0.038
-0.047
0.114
0.326
0.598
0.744
0.721
0.821
0.792
0.931
0.575
0.524
0.342
-0.028
0.286
0.399
0.04
-0.188
0.252
-0.016
0.065
-0.106
-0.411
-0.6
-0.394
0.051
-0.082
0.329
0.351
0.482
0.664
0.623
0.97
1.024
1.031
1.03
1.21
0.861
1.069
0.868
0.55
0.642
0.748
0.652
0.26
0.226
0.092
0.108
-0.172
-0.118
-0.195
-0.27
0.01
-0.31
-0.196
-0.496
-0.283
-0.462
-0.411
-0.318
-0.213
-0.189
-0.148
-0.237
-0.397
-0.092
-0.424
-0.33
-0.079
-0.022
0.004
-0.066
0.025
-0.155
-0.218
-0.289
-0.146
-0.037
-0.223
-0.027
-0.143
-0.085
-0.173
-0.283
0.055
0.276
-0.142
-0.267
-0.238
-0.54
-0.808
-0.413
-0.457
-0.48
-0.564
-0.394
-0.553
-0.642
-0.694
-0.628
-0.74
-0.478
-0.593
-0.497
-0.297
-0.038
-0.352
-0.219
-0.077
-0.184
-0.032
0.341
0.155
0.285
0.305
0.373
0.16
-0.166
0.021
0.219
0.148
0.048
-0.133
-0.123
-0.254
-0.113
-0.336
-0.376
-0.531
-0.219
-0.578
-0.542
-0.645
-0.88
-0.885
-0.911
-0.548
-0.63
-0.538
-0.233
-0.494
-0.56
-0.67
-0.649
-0.56
-0.266
-0.546
-0.471
-0.385
-0.786
-0.803
-0.746
-0.367
-0.678
-0.697
-0.587
-0.405
-0.241
-0.409
-0.403
-0.271
-0.221
-0.036
-0.096
0.333
0.261
0.105
-0.117
-0.142
-0.197
-0.049
-0.338
-0.039
0.042
0.073
0.399
0.164
0.366
0.71
0.449
0.558
0.702
0.739
0.706
0.722
0.582
0.636
0.685
0.579
0.471
0.408
0.245
0.221
0.154
0.255
-0.125
0.254
0.044
0.344
0.032
0.407
-0.23
-0.269
-0.204
-0.051
-0.006
-0.027
-0.071
-0.39
-0.228
-0.353
-0.25
-0.197
-0.042
-0.288
-0.2
-0.283
-0.266
-0.367
-0.537
-0.642
-0.547
-0.28
-0.34
-0.436
-0.125
0.022
-0.241
-0.225
0.042
-0.015
-0.043
-0.047
-0.221
-0.422
-0.57
-0.602
-0.647
-0.663
-0.609
-0.703
-0.578
-0.522
-0.297
-0.376
-0.395
-0.418
-0.089
-0.327
-0.202
-0.236
-0.291
-0.031
-0.098
-0.018
-0.26
-0.048
-0.233
-0.039
-0.041
-0.063
-0.214
-0.097
0.178
-0.143
0.098
0.043
-0.024
0.022
0.146
0.152
0.126
0.026
0.157
0.036
-0.068
0.609
1.167
1.249
0.987
1.016
0.601
0.661
0.273
0.558
0.451
0.387
0.649
0.259
0.282
0.498
0.275
0.424
0.201
0.447
0.032
0.362
0.047
-0.074
0.038
-0.334
-0.213
-0.36
-0.026
0.034
-0.201
-0.015
-0.023
0.252
0.65
0.357
0.684
0.244
0.262
0.276
0.216
0.267
0.238
0.304
0.204
0.331
0.152
0.153
0.27
-0.01
0.069
0.028
-0.107
-0.069
0.113
-0.153
-0.278
-0.288
-0.476
-0.438
0.161
-0.51
-0.246
0.334
0.006
-0.005
0.029
-0.24
-0.148
-0.22
-0.124
0.206
0.28
0.074
0.026
0.192
0.283
0.109
0.209
0.123
-0.006
0.018
0.19
-0.052
0.74
0.587
0.109
-0.115
0.349
-0.101
0.057
0.341
0.109
0.168
0.006
-0.052
-0.045
0.045
-0.021
-0.014
-0.37
-0.126
0.045
-0.152
-0.454
-0.15
0.216
0.216
0.153
0.476
0.219
0.286
0.085
0.048
0.207
0.478
0.129
-0.068
-0.322
-0.458
-0.205
-0.837
-0.047
-1.022
-0.591
-0.223
-0.392
-0.272
-0.26
0.134
-0.209
0.129
0.003
-0.343
-0.225
0.045
0.088
-0.13
0.043
0.298
-0.068
0.307
0.065
0.323
0.123
0.646
0.546
0.162
0.325
0.131
0.254
0.156
0.173
0.146
0.211
0.25
0.343
0.304
0.24
0.361
0.214
0.15
0.388
0.103
0.227
0.242
-0.263
-0.234
-0.018
-0.271
-0.158
-0.026
0.332
-0.044
0.299
0.38
0.338
0.452
0.552
0.583
0.664
0.635
0.848
0.617
0.727
0.468
0.945
0.876
0.952
0.816
1.302
0.949
1.164
1.024
0.919
0.87
0.576
0.599
0.577
0.953
0.725
0.714
1.04
1.165
0.968
0.725
1.345
0.923
1.016
1.345
0.86
1.042
1.136
0.704
0.972
1.107
0.895
0.946
1.291
0.696
0.79
0.904
0.794
0.796
0.775
0.708
0.792
0.857
0.667
0.589
0.447
0.832
0.47
1.119
0.887
1.063
1.061
1.153
1.082
1.487
1.371
1.557
1.493
1.683
1.687
1.619
1.693
1.422
1.444
1.696
1.522
1.531
1.596
1.387
1.356
1.193
0.812
0.937
0.545
0.621
0.544
0.89
0.812
0.524
0.691
0.378
0.614
0.911
1.003
1.225
0.547
0.583
0.538
0.635
0.568
0.642
0.829
0.736
0.687
0.719
1.161
1.703
1.622
1.366
1.457
1.499
1.371
1.597
1.342
1.195
1.15
1.126
0.869
1.06
0.905
1.037
0.836
1.071
1.006
0.91
1.116
0.77
0.858
0.907
1.051
1.377
0.73
1.291
1.416
1.342
1.254
1.157
1.2
1.396
1.108
1.353
1.495
1.639
1.78
1.84
1.608
1.774
1.549
1.872
1.001
1.988
1.403
1.183
1.276
1.656
1.567
1.413
1.955
1.172
0.868
1.249
-0.001
0.405
0.337
0.283
0.003
0.432
0.323
0.416
0.25
0.043
-0.098
-0.372
-0.048
-0.756
-0.757
-0.879
-0.611
-0.727
-1.071
-1.002
-0.872
-0.659
-0.245
0.15
0.049
-0.235
-0.531
0.333
0.419
0.258
-0.056
-0.43
-0.133
-0.08
-0.169
-0.077
-0.092
-0.492
-0.063
-0.621
-0.142
-0.005
-0.088
0.226
0.267
0.704
0.508
0.147
0.465
0.302
0.765
0.424
0.903
0.882
1.305
0.302
0.703
0.235
0.273
-0.064
-0.109
-0.563
-0.411
-0.764
-0.799
-0.873
-0.915
-1.33
-1.321
-1.38
-1.558
-1.717
-1.407
-1.339
-1.0
-0.725
-0.978
-1.15
-0.848
-1.042
-1.095
-0.741
-0.525
-0.838
-0.661
-0.818
-0.858
-0.522
-0.403
-0.435
-0.343
-0.248
-0.837
-0.324
-0.527
-0.446
-0.44
-0.198
-0.427
-0.171
-0.147
-0.359
-0.248
-0.151
-0.552
-0.465
-0.607
-0.586
-0.256
-0.306
-0.267
-0.723
-0.608
-0.674
-1.245
-1.208
-0.844
-1.187
-1.217
-0.673
-1.337
-1.522
-1.091
-0.88
-1.347
-1.343
-1.429
-1.007
-1.078
-0.958
-1.134
-0.451
-0.925
-0.558
-0.709
-0.354
-0.504
-0.227
-0.007
-0.164
0.191
-0.104
-0.462
-0.12
-0.109
-0.219
-0.459
-0.466
-0.507
-0.957
-0.945
-0.928
-0.378
-0.32
-0.465
-0.344
-0.277
-0.267
-0.856
-0.29
-0.435
-0.566
-0.628
-0.801
-0.361
-0.677
-0.656
-0.461
-0.364
-0.628
-0.656
-0.212
0.208
0.464
0.276
0.365
0.258
0.099
0.394
0.003
-0.21
-0.149
0.059
-0.301
-0.177
-0.044
-0.172
0.206
-0.123
-0.237
-0.235
-0.077
-0.247
-0.26
-0.429
-0.394
-0.455
-0.348
-0.002
-0.112
-0.118
-0.326
-0.374
-0.223
-0.199
-0.067
-0.408
-0.358
-0.361
-0.624
-0.569
-0.501
-0.449
-0.508
-0.341
-0.393
-0.503
-0.628
-0.22
-0.665
-0.693
-0.293
-0.527
-0.772
-0.373
-0.707
-0.614
-0.363
-0.489
-0.395
-0.356
-0.587
-0.768
-0.697
-0.494
-0.308
-0.405
-0.348
-0.346
-0.236
-0.059
0.175
0.141
-0.16
0.11
0.049
-0.284
-0.279
-0.338
-0.461
-0.284
-0.486
-0.301
-0.282
-0.416
-0.567
-0.294
-0.156
-0.054
-0.132
-0.152
-0.123
-0.139
0.046
0.297
0.356
-0.209
0.194
0.091
-0.05
0.432
0.452
0.218
0.185
0.023
-0.038
0.124
0.194
0.418
0.23
0.309
0.198
0.062
-0.188
0.117
0.103
-0.015
-0.181
-0.743
-0.326
-0.337
-0.301
-0.113
-0.071
-0.283
-0.369
-0.437
-0.638
-0.297
-0.182
-0.28
-0.042
-0.01
-0.04
0.049
0.122
-0.049
0.014
0.22
0.023
-0.031
-0.491
-0.019
0.098
-0.288
0.181
-0.004
0.316
-0.032
0.042
-0.094
-0.241
-0.206
-0.233
-0.124
-0.051
-0.146
0.025
0.253
0.357
0.375
0.642
0.47
0.421
0.464
0.434
0.213
0.296
0.186
0.043
-0.048
0.251
-0.092
0.292
0.297
0.073
0.21
0.395
0.254
0.458
0.483
0.42
0.508
0.49
0.536
0.553
0.53
0.644
0.479
0.651
0.531
0.336
0.445
0.462
0.479
0.459
0.196
0.66
0.517
0.573
0.794
0.578
0.745
0.57
0.613
0.377
0.358
0.238
0.189
0.031
-0.109
-0.274
-0.453
-0.375
-0.34
-0.478
-0.355
-0.566
-0.497
-0.124
-0.156
-0.017
-0.268
-0.128
-0.266
-0.295
-0.308
-0.32
-0.516
-0.622
-0.32
-0.523
-0.088
0.091
-0.307
-0.066
-0.174
-0.183
0.035
0.169
0.017
0.253
0.309
-0.097
-0.119
-0.032
-0.021
-0.215
0.058
0.09
0.235
0.245
-0.003
0.145
-0.373
-0.267
-0.086
-0.071
-0.158
-0.15
-0.326
-0.098
-0.276
0.11
0.67
0.413
0.391
0.163
0.029
-0.127
-0.375
-0.252
-0.1
-0.099
-0.275
-0.131
-0.213
-0.086
-0.05
-0.032
0.199
0.284
0.286
0.037
0.39
-0.063
-0.096
-0.162
-0.172
-0.56
-0.176
-0.334
-0.396
-0.186
-0.527
-0.232
-0.866
-0.364
-0.387
-0.498
-0.481
-0.505
-0.482
-0.641
-0.612
-0.482
-0.545
-0.376
-0.169
0.05
-0.22
0.182
0.199
0.128
0.136
0.049
0.002
0.124
0.075
0.172
0.302
0.297
0.162
0.51
0.393
0.283
0.267
0.408
0.0
-0.096
-0.138
-0.285
-0.237
-0.253
-0.523
-0.299
-0.456
-0.616
-0.666
-0.521
-0.977
-0.796
-0.823
-0.793
-1.123
-0.988
-1.033
-0.973
-0.793
-0.63
-0.613
-0.823
-0.77
-0.603
-0.749
-1.185
-1.111
-1.051
-0.838
-0.962
-0.754
-0.506
-0.247
-0.526
-0.491
-0.27
-0.088
-0.197
0.074
0.255
0.005
-0.167
-0.121
-0.066
-0.032
0.008
0.199
0.29
0.191
0.154
0.219
0.118
0.587
0.209
0.515
0.556
0.076
0.217
0.272
0.31
0.613
0.628
0.651
0.369
0.5
0.554
0.606
0.899
0.908
0.513
0.753
0.635
0.688
0.512
0.752
0.503
0.507
0.367
0.251
0.121
0.074
0.035
-0.18
-0.343
-0.398
-0.116
-0.021
-0.81
-0.358
-0.168
-0.597
-0.609
-0.411
-0.233
-0.59
-0.461
-0.381
-0.084
-0.227
-0.212
-0.372
-0.368
-0.517
-0.579
-0.618
-0.52
-0.482
-0.355
-0.186
-0.629
-0.638
-0.535
-0.391
-0.407
-0.427
0.046
-0.312
0.139
-0.131
-0.147
0.062
-0.109
0.128
0.061
0.304
0.738
0.414
0.48
0.34
0.626
0.35
0.365
0.302
0.835
0.394
0.722
0.909
0.771
0.813
0.636
0.562
0.562
0.443
0.678
0.396
0.316
0.237
0.255
0.09
0.472
0.386
0.527
0.878
0.641
0.857
0.98
0.892
1.127
1.098
1.111
1.06
1.318
1.22
1.131
1.175
1.057
0.556
0.827
0.737
0.238
0.83
0.324
0.114
0.233
0.243
0.247
0.204
0.532
0.314
0.215
0.288
0.169
0.286
0.035
-0.004
0.1
0.053
-0.294
-0.274
-0.328
-0.216
-0.454
-0.204
-0.066
-0.158
-0.137
0.426
0.403
0.588
0.701
0.792
0.731
0.447
0.58
1.153
0.657
1.13
0.884
0.68
0.977
1.003
0.379
1.009
1.553
1.022
1.277
1.649
1.582
1.398
1.512
1.388
1.107
1.533
1.403
1.29
1.378
1.452
0.951
1.293
1.366
1.362
1.005
0.944
1.072
0.583
0.649
0.881
0.741
0.861
1.298
0.503
1.291
1.077
1.22
1.059
0.961
0.55
0.682
0.447
0.425
0.692
0.155
0.581
0.529
0.614
1.131
0.362
0.753
0.905
0.967
0.839
0.986
1.46
1.169
1.913
1.679
2.01
1.991
1.684
1.513
1.368
1.508
1.62
1.709
1.551
1.552
1.174
1.566
1.516
1.175
1.441
1.407
1.659
1.643
1.62
1.554
1.551
1.262
1.279
0.96
1.002
1.359
1.306
1.166
1.338
0.977
1.172
1.036
0.747
1.533
1.117
1.168
0.469
1.036
0.873
1.041
0.96
1.088
1.314
1.199
1.1
1.134
1.372
1.202
1.01
1.883
2.143
1.466
0.757
1.071
0.977
0.486
0.951
1.052
1.235
1.035
1.117
0.571
0.599
0.551
0.479
0.293
0.272
-0.084
-0.143
0.099
-0.132
-0.882
-0.656
-0.873
-1.367
-1.182
-1.496
-1.318
-1.293
-1.405
-1.338
-1.135
-1.221
-0.903
-1.536
-1.327
-1.101
-0.964
-0.531
-0.442
-0.456
-0.367
-0.17
-0.275
-0.018
-0.118
0.205
0.434
0.655
0.516
0.127
0.245
-0.086
0.321
0.026
0.1
-0.075
0.239
0.381
0.535
0.345
0.559
0.647
0.333
-0.007
0.102
-0.279
-0.113
-0.44
-0.49
-0.447
-0.594
-0.708
-0.804
-0.651
-0.423
-0.418
-0.478
-0.392
-0.649
-0.445
-0.474
-0.703
-1.14
-1.003
-1.159
-0.987
-1.071
-1.001
-0.866
-0.823
-1.012
-1.054
-0.916
-0.62
-0.952
-0.652
-0.616
-0.742
-0.758
-0.732
-0.561
-0.682
-0.996
-1.228
-1.444
-1.434
-1.8
-1.604
-1.985
-1.334
-1.743
-1.105
-0.837
-0.643
-0.903
-0.632
-0.41
-0.405
-0.792
-0.253
-0.501
-0.341
-0.7
-0.336
-0.6
-0.39
-0.269
-0.058
0.393
0.129
-0.289
0.372
-0.354
-0.177
0.235
-0.092
-0.123
-0.026
-0.307
-0.312
-0.743
-0.651
-0.664
-0.106
-0.37
-0.596
-0.53
-0.809
-0.934
-1.221
-0.608
-0.884
-0.762
-0.624
-1.127
-1.099
-0.775
-0.921
-1.012
-0.882
-0.763
-0.644
-0.809
-0.957
-0.924
-1.113
-1.002
-0.878
-0.52
-0.825
-0.777
-0.949
-0.708
-1.018
-0.468
-0.302
-0.122
-0.278
-0.188
-0.024
-0.19
-0.35
-0.245
-0.397
-0.491
-0.385
-0.578
-0.568
-0.285
-0.354
-0.097
-0.343
-0.394
-0.169
-0.351
0.116
0.189
0.53
0.625
0.194
0.558
-0.184
0.5
0.945
1.289
0.568
0.707
0.725
0.31
0.352
0.608
0.765
0.47
0.639
0.443
0.325
0.091
0.198
-0.079
-0.288
-0.224
-0.316
-0.263
-0.691
