0.711
0.744
0.701
0.603
0.78
0.677
0.719
0.647
0.568
0.458
0.11
0.194
-0.104
-0.065
-0.16
-0.174
-0.3
-0.326
-0.234
-0.08
0.085
0.211
0.44
0.438
0.455
0.714
0.688
0.67
0.691
0.657
0.731
0.638
0.381
0.456
0.395
0.156
0.209
-0.001
-0.253
-0.489
-0.714
-0.848
-0.677
-0.759
-1.055
-1.248
-1.14
-1.365
-1.246
-1.449
-1.345
-1.381
-1.403
-1.319
-1.241
-1.015
-1.115
-1.123
-0.921
-0.833
-0.786
-0.686
-0.713
-0.608
-0.776
-0.797
-0.714
-0.581
-0.684
-0.375
-0.469
-0.212
-0.079
0.062
-0.09
-0.14
-0.129
0.083
-0.052
-0.076
-0.069
0.006
0.378
0.205
0.209
0.231
0.291
0.2
0.283
0.129
0.129
0.228
0.159
0.203
0.268
0.35
0.486
0.53
0.497
0.631
0.694
0.809
0.647
0.791
0.969
0.841
1.106
1.222
1.186
1.24
1.244
1.093
1.095
1.065
1.107
1.157
1.205
1.262
1.31
1.333
10.332
10.332
1.576
1.708
1.522
1.385
1.65
1.478
1.506
1.216
0.938
0.744
0.448
0.171
-0.088
-0.384
-0.453
-0.365
-0.562
-0.464
-0.391
-0.586
-0.466
-0.67
-0.858
-0.85
-1.031
-1.059
-0.914
-0.836
-0.863
-0.754
-0.733
-0.659
-0.662
-0.508
-0.385
-0.48
-0.701
-0.669
-0.665
-0.6
-0.475
-0.405
-0.329
-0.265
-0.23
-0.276
-0.145
-0.156
-0.161
-0.217
-0.27
0.01
-0.205
-0.253
-0.061
0.077
0.16
0.24
0.426
0.473
0.53
0.42
0.255
0.18
0.596
0.651
0.547
0.751
0.604
0.549
0.576
0.443
0.624
0.77
0.926
1.159
1.284
1.339
1.409
1.482
1.351
1.259
1.318
1.167
1.15
1.009
0.983
1.075
1.13
1.065
1.321
1.221
1.195
1.235
0.875
0.843
0.674
0.531
0.654
0.59
0.255
0.124
-0.022
0.006
-0.033
-0.007
-0.022
0.104
0.051
0.062
-0.029
-0.04
-0.019
0.031
0.054
0.193
0.022
0.018
0.138
0.059
0.101
0.194
0.288
0.316
0.45
0.448
0.195
0.107
0.03
-0.18
-0.254
-0.381
-0.083
-0.186
-0.058
-0.13
-0.489
-0.542
-0.611
-0.576
-0.492
-0.371
-0.283
-0.446
-0.302
-0.259
-0.234
-0.158
-0.129
-0.224
-0.051
0.16
0.269
0.405
0.521
0.621
0.497
0.731
0.578
0.647
0.645
0.581
0.608
0.445
0.804
0.459
0.386
0.422
0.302
0.255
0.314
0.095
0.138
0.16
0.155
0.143
0.075
-0.083
0.058
-0.121
-0.071
-0.159
0.043
0.056
-0.113
-0.118
-0.043
-0.096
0.081
0.08
0.12
0.169
0.163
0.066
0.14
0.135
0.007
-0.13
0.074
-0.216
-0.426
-0.395
-0.475
-0.427
-0.681
-0.386
-0.443
-0.244
-0.367
-0.531
-0.631
-0.897
-0.899
-1.004
-0.775
-0.969
-1.022
-1.049
-0.999
-1.024
-0.807
-0.74
-0.578
-0.5
-0.478
-0.349
-0.522
-0.465
-0.184
-0.076
0.186
-0.02
0.27
0.193
0.041
-0.019
-0.014
0.126
0.253
0.253
0.454
0.426
0.374
0.251
0.118
0.12
0.092
0.171
0.315
0.409
0.574
0.642
0.615
0.69
0.823
0.719
0.396
0.381
0.469
0.175
0.184
-0.02
-0.046
0.107
0.405
0.164
0.028
0.08
0.166
0.191
0.225
0.104
0.283
0.16
0.111
0.176
0.14
-0.044
-0.199
-0.205
-0.318
-0.394
-0.334
-0.289
-0.238
-0.35
-0.501
-0.399
-0.515
-0.7
-0.568
-0.6
-0.505
-0.359
-0.372
-0.319
-0.333
-0.43
-0.386
-0.185
-0.009
-0.133
-0.478
-0.391
-0.294
-0.2
-0.022
-0.021
-0.014
0.125
-0.041
-0.155
-0.211
-0.27
-0.324
-0.111
-0.399
-0.315
-0.331
-0.144
0.055
0.03
0.291
0.284
0.301
0.33
0.319
0.394
0.22
0.075
0.062
-0.03
0.186
0.149
0.242
0.314
0.244
0.081
0.194
0.144
0.19
0.088
0.129
0.285
0.11
0.199
0.144
-0.044
0.159
-0.119
0.004
0.004
-0.045
-0.199
-0.12
-0.271
-0.359
-0.14
-0.104
0.022
0.18
0.181
0.115
0.065
0.268
0.09
-0.22
-0.199
-0.081
-0.065
-0.128
-0.115
-0.039
0.295
0.456
0.589
0.664
0.616
0.7
0.696
0.758
0.69
0.746
0.456
0.314
0.283
0.314
0.231
0.438
0.542
0.431
0.516
0.33
0.459
0.403
0.408
0.492
0.492
0.473
0.383
0.297
0.101
-0.081
-0.031
-0.079
-0.125
-0.234
-0.205
-0.122
-0.146
-0.035
-0.059
0.244
0.163
0.166
0.134
0.009
-0.056
-0.256
-0.091
-0.114
0.019
0.103
0.01
0.304
0.265
0.121
0.058
0.076
0.064
0.04
-0.007
-0.049
-0.091
0.081
0.037
0.101
0.315
0.364
0.271
0.258
0.179
0.284
0.371
0.444
0.568
0.772
0.556
0.413
0.574
0.674
0.534
0.557
0.556
0.531
0.408
0.338
0.28
0.189
-0.003
0.11
0.084
-0.034
0.239
0.482
0.429
0.517
0.425
0.438
0.429
0.394
0.268
0.147
0.138
0.196
0.109
-0.092
-0.379
-0.591
-0.875
-0.787
-0.863
-0.64
-0.581
-0.564
-0.446
-0.491
-0.679
-0.541
-0.534
-0.64
-0.666
-0.647
-0.469
-0.57
-0.566
-0.593
-0.56
-0.583
-0.895
-0.77
-0.826
-0.902
-0.815
-0.745
-0.729
-0.781
-0.835
-0.843
-0.764
-0.698
-0.906
-0.801
-0.975
-0.961
-0.775
-1.061
-0.891
-0.735
-0.688
-0.657
-0.461
-0.365
-0.255
-0.064
0.033
0.21
0.155
0.125
0.221
0.155
0.484
0.654
0.711
0.92
1.019
0.934
0.94
1.169
1.284
1.294
1.163
1.17
1.068
0.946
0.873
0.774
0.869
0.789
0.786
0.761
0.766
0.688
0.651
0.479
0.419
0.346
0.376
0.233
0.059
0.019
-0.095
-0.184
-0.081
-0.037
0.037
-0.11
-0.143
-0.186
-0.107
0.0
-0.209
-0.186
-0.14
-0.109
-0.095
-0.136
-0.044
0.028
0.044
0.037
0.081
0.076
0.054
-0.091
-0.031
-0.104
-0.121
0.181
0.141
0.194
0.083
0.089
0.056
0.118
0.239
0.231
0.07
-0.091
-0.103
-0.12
-0.143
-0.01
0.045
0.169
0.2
0.294
0.281
0.278
0.223
0.095
0.225
0.133
0.04
-0.111
0.235
0.041
0.003
0.077
0.029
-0.009
0.025
-0.216
-0.106
0.029
0.182
0.344
0.391
0.636
0.489
0.434
0.38
0.274
0.205
0.22
0.193
0.026
-0.029
-0.035
-0.234
-0.388
-0.239
-0.219
-0.302
-0.279
-0.31
-0.43
-0.419
-0.454
-0.756
-0.739
-0.674
-0.64
-0.455
-0.4
-0.32
-0.116
0.081
0.065
0.165
-0.014
-0.06
0.009
0.1
0.273
0.405
0.113
0.007
-0.069
-0.072
0.061
0.037
-0.11
-0.217
-0.251
-0.23
-0.184
-0.417
-0.43
-0.4
-0.378
-0.385
-0.559
-0.339
-0.448
-0.421
-0.233
-0.052
-0.152
-0.174
-0.149
-0.17
-0.182
-0.116
-0.164
-0.156
-0.016
-0.034
-0.043
0.034
-0.072
-0.104
-0.229
-0.039
-0.004
-0.062
-0.079
-0.074
0.118
-0.046
0.015
-0.062
-0.092
-0.088
0.019
0.115
0.091
-0.014
0.215
0.182
0.125
0.104
0.096
0.158
0.146
0.233
0.111
0.436
0.365
0.396
0.419
0.439
0.501
0.529
0.482
0.57
0.718
0.791
0.769
0.932
0.801
1.059
1.157
1.226
1.229
1.093
1.114
1.215
1.286
1.25
1.294
1.424
1.394
1.305
1.144
1.032
1.076
0.869
0.87
0.91
0.823
0.688
0.561
0.517
0.511
0.38
0.366
0.147
0.182
0.052
-0.028
-0.136
-0.286
-0.386
-0.444
-0.633
-0.608
-0.61
-0.575
-0.639
-0.598
-0.598
-0.649
-0.631
-0.698
-0.801
-0.818
-0.845
-1.074
-1.071
-0.901
-1.074
-0.888
-1.08
-1.081
-1.105
-1.039
-1.084
-1.075
-1.11
-0.956
-0.85
-0.994
-0.939
-0.96
-0.906
-0.8
-0.754
-0.801
-0.655
-0.395
-0.56
-0.424
-0.45
-0.4
-0.263
-0.758
-0.091
0.066
0.045
0.025
0.036
0.124
0.155
0.259
0.29
0.361
0.427
0.475
0.624
0.601
1.224
0.925
0.89
0.961
1.0
1.021
0.833
0.78
0.751
0.611
0.718
0.451
0.61
0.49
0.526
0.584
0.482
0.449
0.292
0.417
0.242
0.258
0.334
0.474
0.456
0.408
0.509
0.527
0.551
0.406
0.443
0.497
0.419
0.605
0.351
0.325
0.281
0.365
0.173
0.084
0.061
0.029
0.03
-0.028
-0.219
-0.254
-0.203
-0.26
-0.159
-0.098
-0.028
0.064
0.104
0.022
0.003
0.055
0.069
0.062
0.111
0.021
-0.016
-0.015
0.033
0.066
0.163
0.096
0.019
0.007
0.159
0.059
0.062
-0.003
0.055
-0.048
-0.058
-0.055
-0.039
-0.138
-0.111
-0.331
-0.345
-0.354
-0.541
-0.672
-0.46
-0.575
-0.541
-0.425
-0.301
-0.39
-0.251
-0.083
-0.188
-0.27
-0.292
-0.224
-0.295
-0.223
-0.013
-0.071
0.059
-0.051
-0.085
0.034
0.009
0.069
-0.029
-0.029
0.015
0.114
0.062
-0.01
0.11
0.075
-0.026
-0.147
-0.091
-0.249
-0.266
-0.374
-0.408
-0.446
-0.539
-0.568
-0.599
-0.556
-0.527
-0.583
-0.724
-0.698
-0.626
-0.647
-0.709
-0.672
-0.506
-0.547
-0.571
-0.73
-0.603
-0.481
-0.446
-0.463
-0.512
-0.52
-0.461
-0.369
-0.494
-0.446
-0.302
-0.283
-0.295
-0.186
-0.271
-0.211
-0.206
-0.254
-0.155
-0.105
-0.145
-0.258
-0.171
-0.195
-0.052
-0.069
0.095
0.181
0.311
0.448
0.367
0.425
0.32
0.299
0.435
0.578
0.354
0.48
0.439
0.557
0.469
0.349
0.395
0.339
0.043
0.065
0.163
-0.04
-0.329
-0.421
-0.338
-0.512
-0.372
-0.367
-0.346
-0.367
-0.593
-0.608
-0.554
-0.509
-0.436
-0.405
-0.195
-0.18
-0.169
-0.21
-0.08
-0.105
0.084
0.18
0.48
0.494
0.66
1.061
1.114
1.163
1.246
1.355
1.436
1.528
1.601
1.383
1.349
1.373
1.234
1.234
0.973
0.824
0.873
0.714
0.536
0.429
0.236
0.333
0.338
0.38
0.39
0.062
0.138
0.039
0.058
0.037
-0.126
-0.265
-0.234
-0.174
-0.253
-0.414
-0.375
-0.451
-0.421
-0.539
-0.52
-0.388
-0.389
-0.076
-0.13
-0.149
0.003
0.253
0.235
0.1
0.185
0.011
-0.052
-0.176
0.07
0.064
0.086
0.069
0.086
-0.116
-0.354
-0.356
-0.385
-0.155
-0.215
-0.17
-0.05
-0.081
-0.05
-0.044
0.005
0.149
0.013
0.16
0.199
0.133
-0.006
-0.019
-0.006
0.111
0.161
0.233
0.364
0.456
0.544
0.517
0.588
0.671
0.59
0.609
0.619
0.534
0.435
0.414
0.417
0.391
0.297
0.03
-0.08
-0.182
-0.18
-0.228
-0.326
-0.228
-0.295
-0.185
-0.103
-0.159
-0.185
-0.275
-0.119
-0.125
-0.085
-0.071
-0.096
0.106
0.035
0.045
-0.061
-0.051
-0.129
-0.101
-0.02
-0.08
0.09
-0.144
0.033
-0.061
-0.11
-0.233
-0.239
-0.274
-0.328
-0.274
-0.27
-0.24
-0.275
-0.163
0.044
0.025
-0.05
-0.021
-0.026
-0.072
-0.133
-0.291
-0.278
-0.238
-0.279
-0.278
-0.144
-0.194
-0.196
-0.158
-0.118
-0.015
-0.136
-0.229
-0.226
-0.286
-0.219
-0.229
-0.234
-0.301
-0.249
-0.251
-0.29
-0.299
-0.24
-0.242
-0.242
-0.304
-0.37
-0.542
-0.546
-0.724
-0.906
-0.785
-0.583
-0.6
-0.611
-0.586
-0.516
-0.644
-0.644
-0.74
-0.665
-0.585
-0.624
-0.419
-0.517
-0.338
-0.312
0.02
-0.037
0.096
0.141
0.048
0.355
0.338
0.4
0.388
0.431
0.511
0.441
0.586
0.568
0.536
0.679
0.626
0.562
0.427
0.35
0.208
0.101
0.035
0.022
0.539
0.077
0.19
0.124
0.184
0.066
0.081
0.077
-0.029
0.069
0.146
0.217
0.077
0.221
0.212
0.109
0.091
0.071
0.095
0.177
0.189
0.21
0.21
0.316
0.432
0.379
0.279
0.147
0.05
0.06
-0.045
0.055
0.1
0.033
-0.03
-0.013
0.037
0.214
0.06
-0.07
-0.026
-0.174
-0.106
-0.214
-0.092
-0.109
-0.074
0.086
0.215
0.26
0.208
0.104
-0.007
-0.143
-0.199
-0.166
-0.236
-0.043
-0.242
-0.1
-0.168
-0.163
-0.029
0.051
0.27
0.074
0.086
0.2
0.091
0.29
0.281
0.275
0.17
0.099
0.283
0.268
0.21
0.08
0.092
-0.009
-0.069
0.004
-0.058
-0.065
-0.079
-0.031
-0.084
-0.19
-0.212
0.022
-0.091
-0.071
0.004
-0.051
-0.075
-0.156
-0.212
-0.145
-0.198
-0.378
-0.176
-0.259
-0.21
-0.154
-0.164
-0.1
-0.199
-0.25
-0.343
-0.288
-0.283
-0.14
-0.11
-0.039
-0.033
-0.006
-0.084
-0.135
-0.175
-0.094
-0.01
0.129
0.088
0.022
-0.006
-0.072
-0.075
0.013
-0.092
-0.094
-0.13
-0.145
-0.306
-0.333
-0.265
-0.359
-0.384
-0.438
-0.539
-0.656
-0.608
-0.551
-0.569
-0.547
-0.681
-0.693
10.332
10.332
-1.096
-1.355
-1.309
-1.295
-1.221
-1.146
-1.06
-1.103
-1.051
-0.812
-0.968
-0.706
-0.674
-0.478
-0.406
-0.38
-0.468
-0.631
-0.661
-0.479
-0.571
-0.181
-0.206
-0.169
-0.088
0.015
-0.12
0.007
-0.016
0.343
0.253
0.325
0.486
0.453
0.396
0.48
0.372
0.364
0.389
0.254
0.312
0.335
0.434
0.328
0.36
0.522
0.517
0.482
0.366
0.364
0.349
0.403
0.341
0.035
0.208
0.136
0.05
0.015
-0.184
-0.095
-0.426
-0.296
-0.233
-0.189
-0.039
-0.164
-0.119
-0.049
-0.133
-0.133
-0.263
-0.146
-0.158
-0.171
-0.048
-0.168
-0.203
-0.33
0.009
-0.08
-0.072
0.041
0.124
0.139
0.114
0.215
0.131
0.18
0.122
0.158
0.214
0.086
0.158
0.189
0.205
0.077
0.122
0.209
0.126
0.156
0.101
0.11
-0.048
-0.185
-0.158
-0.28
-0.331
-0.251
-0.413
-0.261
-0.307
-0.451
-0.283
-0.19
-0.188
-0.101
-0.04
-0.003
-0.048
0.084
0.07
0.189
0.15
0.007
-10.336
0.29
0.263
0.49
0.474
0.705
0.551
0.614
0.689
0.562
0.566
0.753
0.769
0.797
0.703
0.676
0.265
0.45
0.48
0.549
0.41
0.481
0.459
0.44
0.318
0.378
0.126
0.217
0.251
0.13
0.136
0.146
0.149
0.151
0.138
0.191
0.071
0.048
0.129
-0.009
0.113
-0.166
-0.265
-0.246
-0.323
-0.31
-0.27
-0.338
-0.37
-0.339
-0.359
-0.24
-0.191
-0.206
-0.176
-0.203
0.094
0.214
0.233
0.307
0.383
0.404
0.42
0.434
0.361
0.421
0.318
0.145
0.091
0.037
0.138
0.334
0.35
0.283
0.361
0.338
0.463
0.362
0.299
0.268
0.225
0.21
0.209
0.309
0.118
0.265
0.182
0.269
0.333
0.286
0.395
0.309
0.366
0.235
0.236
0.198
0.3
-0.319
0.319
0.283
0.305
0.333
0.164
0.386
0.385
0.375
0.362
0.35
0.28
0.247
0.386
0.479
0.725
0.705
0.718
0.768
0.667
0.694
0.667
0.52
0.514
0.699
0.74
0.625
0.557
0.53
0.561
0.517
0.679
0.609
0.598
0.54
0.422
0.506
0.453
0.6
0.228
0.265
0.22
0.169
0.247
0.223
0.265
0.312
0.413
0.356
0.385
0.251
0.275
0.253
0.147
0.179
0.161
0.084
0.151
0.18
0.054
0.005
0.048
-0.079
-0.022
-0.025
-0.007
-0.02
-0.111
-0.031
-0.131
-0.059
-0.06
-0.149
-0.12
-0.05
-0.009
0.02
0.03
-0.034
-0.188
-0.231
-0.12
-0.221
-0.274
-0.306
-0.268
-0.379
-0.598
-0.482
-0.633
-0.601
-0.65
-0.755
-0.815
-0.825
-0.885
-0.825
-1.058
-0.955
-1.136
-1.011
-0.96
-0.999
-0.93
-0.911
-0.959
-0.865
-0.935
-0.966
-0.921
-0.796
-0.764
-0.703
-0.735
-0.75
-0.731
-0.656
-0.634
-0.576
-0.468
-0.469
-0.386
-0.333
-0.323
-0.321
-0.269
-0.242
-0.241
-0.13
0.034
0.001
-0.03
-0.033
0.016
0.124
0.085
0.246
0.147
0.352
0.201
0.212
0.081
0.155
0.182
0.236
0.235
0.136
0.171
0.121
0.279
0.223
0.212
0.214
0.249
0.269
0.278
0.268
0.189
0.281
0.249
0.264
0.163
0.121
0.154
0.075
0.033
-0.05
-0.188
-0.136
-0.249
-10.336
-0.346
-0.219
-0.245
-0.16
-0.09
-0.013
0.037
0.062
0.134
0.133
0.258
0.136
-0.069
0.145
0.175
0.098
0.106
0.238
0.165
0.099
0.165
0.171
0.384
0.429
0.41
0.555
0.391
0.441
0.463
0.376
0.35
0.311
0.196
0.22
0.198
0.092
0.045
0.016
-0.019
-0.144
-0.118
-0.164
-0.215
-0.11
-0.223
-0.179
-0.134
-0.212
-0.201
-0.211
-0.05
0.034
-0.045
0.066
0.141
0.026
0.069
-0.011
0.015
-0.043
0.001
-0.07
-0.196
-0.259
-0.231
-0.189
-0.334
-0.049
-0.233
-0.419
-0.316
-0.456
-0.438
-0.318
-0.409
-0.372
-0.424
-0.404
-0.394
-0.46
-0.511
-0.556
-0.505
-0.556
-0.482
-0.497
-0.426
-0.535
-0.5
-0.57
-0.534
-0.511
-0.555
-0.566
-0.624
-0.656
-0.672
-0.671
-0.541
-0.482
-0.415
-0.411
-0.453
-0.547
-0.466
-0.379
-0.302
-0.233
-0.194
-0.122
-0.113
-0.071
-0.147
-0.074
-0.065
-0.122
-0.135
0.037
-0.21
-0.217
-0.25
-0.072
-0.269
-0.231
-0.184
-0.13
-0.143
-0.284
-0.305
-0.343
-0.349
-0.283
-0.435
-0.378
-0.396
-0.415
-0.36
-0.371
-0.375
-0.431
-0.408
-0.394
-0.432
-0.338
-0.417
-0.325
-0.395
-0.31
-0.3
-0.256
-0.161
-0.245
-0.193
-0.188
-0.29
-0.273
-0.249
-0.229
-0.254
-0.18
-0.146
-0.181
-0.152
-0.116
-0.176
-0.125
-0.215
-0.055
-0.168
-0.098
-0.074
-0.055
-0.119
-0.044
0.009
0.114
0.125
0.209
0.216
0.355
0.396
0.38
0.42
0.41
0.5
0.451
0.456
0.469
0.495
0.54
0.544
0.688
0.636
0.704
-3.183
0.844
0.904
0.829
0.925
0.889
0.834
0.801
0.796
0.764
0.711
0.66
0.713
0.642
0.669
0.638
0.59
0.539
0.515
0.486
0.497
0.417
0.24
0.35
0.16
0.216
0.069
0.118
0.059
0.015
0.064
0.02
-0.033
-0.066
-0.033
-0.031
-0.048
-0.065
-0.159
-0.138
-0.201
-0.171
-0.181
-0.215
-0.236
-0.278
-0.254
-0.339
-0.339
-0.309
-0.355
-0.344
-0.427
-0.429
-0.416
-0.351
-0.38
-0.389
-0.48
-0.434
-0.478
-0.519
-0.511
-0.559
-0.527
-0.603
-0.593
-0.595
-0.583
-0.611
-0.601
-0.521
-0.593
-0.405
-0.58
-0.545
-0.534
-0.526
-0.436
-0.408
-0.388
-0.343
-0.318
-0.288
-0.256
-0.196
-0.223
-0.143
-0.099
-0.02
0.071
0.026
0.035
0.006
0.066
0.05
0.099
0.114
-0.054
0.0
-0.049
-0.064
-0.037
-0.094
-0.029
-0.074
-0.052
-0.028
-0.019
-0.043
-0.059
-0.056
-0.091
-0.083
-0.062
-0.085
-0.081
-0.106
-0.15
-0.164
-0.173
-0.184
-0.292
-0.209
-0.369
-0.369
-0.432
-0.384
-0.424
-0.454
-0.494
-0.539
-0.516
-0.585
-0.531
-0.526
-0.515
-0.517
-0.545
-0.534
-0.569
-0.478
-0.549
-0.561
-0.494
-0.552
-0.57
-0.591
-0.5
-0.449
-0.415
-0.374
-0.309
-0.315
-0.335
-0.219
-0.234
-0.193
-0.174
-0.109
-0.103
-0.089
0.026
0.007
-0.028
-0.043
-0.05
-0.077
-0.105
-0.086
-0.105
-0.158
-0.242
-0.105
-0.261
-0.173
-0.19
-0.139
-0.12
-0.055
-0.026
0.039
0.075
0.051
0.201
0.269
0.285
0.294
-10.336
0.291
0.223
0.236
0.259
0.195
0.259
0.23
0.271
0.241
0.241
0.28
0.283
0.276
0.269
0.283
0.259
0.286
0.247
0.258
0.292
0.284
0.314
0.311
0.302
0.315
0.324
0.328
0.284
0.249
0.216
0.185
0.23
0.223
0.109
0.171
0.022
0.05
-0.025
-0.013
-0.044
-0.034
-0.064
-0.094
-0.176
-0.201
-0.256
-0.263
-0.259
-0.314
-0.286
-0.3
-0.235
-0.215
-0.208
-0.251
-0.265
-0.273
-0.294
-0.198
-0.161
-0.125
-0.044
-0.085
-0.001
-0.004
0.007
0.043
0.088
0.099
0.062
0.106
0.113
0.061
0.121
0.104
0.195
0.159
0.136
0.113
0.088
0.128
0.146
0.163
0.096
0.206
0.04
0.121
0.086
0.163
0.174
0.199
0.201
0.194
0.253
0.228
0.309
0.3
0.304
0.341
0.307
0.312
0.256
0.325
0.249
0.245
0.23
0.323
0.21
0.16
0.14
0.146
0.15
0.085
-0.024
-0.048
-0.077
-0.091
-0.173
-0.177
-0.249
-0.268
-0.311
-0.333
-0.326
-0.376
-0.404
-0.429
-0.466
-0.453
-0.48
-0.583
-0.536
-0.586
-0.66
-0.525
-0.725
-0.634
-0.69
-0.64
-0.586
-0.555
-0.534
-0.499
-0.48
-0.376
-0.419
-0.305
-0.28
-0.245
-0.219
-0.189
-0.168
-0.191
-0.101
-0.091
-0.048
0.005
-0.049
0.021
-0.004
0.05
0.043
0.004
0.051
-0.03
0.036
0.044
0.114
0.159
0.159
0.236
0.258
0.212
0.245
0.26
0.295
0.28
0.25
0.233
0.203
0.177
0.094
0.07
0.011
0.141
0.06
0.075
-0.006
0.055
0.036
0.075
0.001
-0.003
-0.015
-0.033
-0.029
-0.085
