0.281
0.319
0.361
0.259
0.273
0.228
0.221
0.17
0.174
-0.011
-0.061
-0.238
-0.372
-0.247
-0.249
-0.239
-0.269
-0.291
-0.455
-0.586
-0.691
-0.876
-1.044
-1.099
-1.11
-1.145
-1.104
-1.164
-1.166
-1.24
-1.048
-1.165
-1.211
-1.153
-1.157
-1.06
-0.995
-0.772
-0.835
-0.807
-0.838
-0.77
-0.701
-0.726
-0.682
-0.698
-0.671
-0.638
-0.51
-0.443
-0.487
-0.436
-0.135
-0.028
0.046
0.004
0.092
0.007
0.25
0.134
0.395
0.491
0.674
0.496
0.659
0.753
0.787
0.698
0.608
0.593
0.554
0.537
0.565
0.431
0.404
0.414
0.329
0.344
0.175
0.253
0.105
-0.076
-0.169
-0.189
-0.275
-0.29
-0.323
-0.364
-0.398
-0.615
-0.444
-0.408
-0.408
-0.294
-0.333
-0.208
-0.086
0.154
0.186
0.0
0.217
0.409
0.466
0.639
0.383
0.4
0.508
0.409
0.385
0.44
0.281
0.344
0.436
0.491
0.474
0.615
0.605
0.759
0.77
0.929
0.956
0.907
0.951
0.875
0.736
0.672
0.295
0.432
0.122
0.141
0.045
-0.184
-0.335
-0.255
-0.24
-0.166
-0.076
-0.119
0.014
0.109
0.095
-0.019
0.0
0.044
0.039
-0.049
0.043
-0.024
0.059
0.129
0.134
0.143
0.19
0.315
0.134
0.206
0.269
0.188
0.131
-0.109
0.0
-0.092
0.113
0.074
0.115
0.085
0.098
0.07
-0.16
-0.215
-0.198
-0.116
-0.171
-0.229
-0.35
-0.307
-0.251
-0.174
-0.169
0.011
-0.006
-0.159
-0.098
-0.066
-0.17
-0.099
-0.033
-0.028
0.098
0.026
0.039
0.114
-0.04
-0.115
-0.08
-0.158
-0.379
-0.385
-0.557
-0.487
-0.466
-0.394
-0.469
-0.459
-0.6
-0.616
-0.71
-0.875
-0.919
-0.971
-0.961
-1.056
-1.008
-1.051
-1.061
-1.0
-1.064
-1.015
-0.749
-0.754
-0.7
-0.568
-0.552
-0.453
-0.515
-0.151
-0.24
-0.306
-0.309
-0.306
-0.266
-0.292
-0.344
-0.389
-0.221
-0.224
-0.092
-0.084
-0.141
-0.295
-0.362
-0.193
-0.075
-0.15
-0.166
-0.081
-0.043
-0.072
0.08
0.006
-0.105
-0.034
0.05
0.054
0.062
0.141
0.12
0.254
0.184
0.388
0.429
0.505
0.44
0.374
0.302
0.424
0.459
0.45
0.318
0.251
0.285
0.434
0.319
0.394
0.14
0.324
0.263
0.461
0.394
0.413
0.325
0.131
0.083
0.182
0.241
0.269
0.304
0.239
0.253
0.15
0.034
0.115
-0.088
0.021
-0.045
-0.033
-0.106
-0.08
0.014
0.014
0.224
0.309
0.422
0.41
0.349
0.417
0.417
0.443
0.509
0.549
0.501
0.422
0.286
0.301
0.406
0.234
0.294
0.072
0.281
0.21
0.154
0.259
0.439
0.579
0.583
0.562
0.654
0.601
0.355
0.305
0.391
0.294
0.173
0.133
0.001
0.013
0.005
0.08
-0.019
-0.07
0.039
0.021
0.07
-0.091
-0.169
-0.326
-0.414
-0.375
-0.479
-0.351
-0.31
-0.181
-0.249
-0.421
-0.434
-0.453
-0.265
-0.338
-0.414
-0.249
-0.385
-0.419
-0.349
-0.22
-0.323
-0.321
-0.386
-0.435
-0.519
-0.633
-0.704
-0.53
-0.43
-0.376
-0.341
-0.422
-0.244
-0.205
-0.198
-0.134
-0.091
-0.195
-0.27
-0.19
-0.171
-0.174
-0.058
-0.059
0.055
0.193
0.238
0.413
0.208
0.136
0.285
0.314
0.335
0.443
0.568
0.501
0.521
0.461
0.576
0.335
0.338
0.459
0.546
0.578
0.525
0.466
0.514
0.579
0.468
0.434
0.345
0.309
0.344
0.23
0.285
0.292
0.295
0.339
0.329
0.259
0.128
-0.029
-0.191
-0.296
-0.424
-0.59
-0.386
-0.372
-0.355
-0.439
-0.383
-0.285
-0.366
-0.381
-0.242
-0.154
-0.126
-0.021
0.131
0.022
0.09
0.206
0.255
0.224
0.29
0.413
0.396
0.299
0.14
0.185
0.335
0.297
0.329
0.224
0.161
0.23
0.278
0.274
0.366
0.529
0.536
0.623
0.647
0.619
0.601
0.532
0.259
0.228
0.011
0.072
-0.055
0.039
-0.005
-0.116
-0.23
-0.37
-0.182
-0.482
-0.432
-0.446
-0.565
-0.44
-0.289
-0.316
-0.279
-0.441
-0.331
-0.362
-0.386
-0.429
-0.573
-0.357
-0.505
-0.564
-0.45
-0.473
-0.393
-0.352
-0.45
-0.512
-0.534
-0.581
-0.713
-0.694
-0.791
-0.684
-0.744
-0.636
-0.61
-0.521
-0.626
-0.659
-0.753
-0.833
-0.745
-0.745
-0.475
-0.385
-0.37
-0.364
-0.43
-0.631
-0.603
-0.71
-0.537
-0.561
-0.54
-0.635
-0.677
-0.584
-0.62
-0.551
-0.575
-0.487
-0.527
-0.44
-0.384
-0.099
0.205
0.24
0.448
0.44
0.605
0.624
0.525
0.537
0.497
0.681
0.583
0.68
0.647
0.845
0.714
0.66
0.59
0.63
0.445
0.354
0.254
0.203
0.15
0.048
0.019
-0.12
-0.152
-0.219
-0.096
-0.181
-0.268
-0.499
-0.463
-0.459
-0.608
-0.456
-0.455
-0.425
-0.336
-0.404
-0.427
-0.235
-0.074
-0.019
-0.091
-0.028
0.107
0.17
0.22
0.331
0.354
0.381
0.338
0.244
0.256
0.062
-0.104
-0.066
-0.08
0.039
-0.13
-0.121
-0.212
-0.289
-0.292
-0.348
-0.217
-0.318
-0.389
-0.41
-0.465
-0.738
-0.588
-0.579
-0.694
-0.485
-0.568
-0.422
-0.408
-0.311
-0.295
-0.289
-0.292
-0.369
-0.51
-0.569
-0.703
-0.858
-0.713
-0.9
-0.996
-0.983
-1.006
-1.059
-1.181
-1.139
-1.228
-1.265
-1.111
-0.963
-0.745
-0.608
-0.594
-0.458
-0.366
-0.403
-0.35
-0.299
-0.125
-0.12
-0.115
-0.151
-0.251
-0.151
-0.225
0.01
-0.105
-0.099
0.146
0.111
0.253
0.348
0.234
0.22
0.381
0.371
0.446
0.545
0.594
0.584
0.616
0.695
0.438
0.515
0.676
0.48
0.511
0.445
0.616
0.344
0.316
0.269
0.465
0.349
0.391
0.456
0.557
0.583
0.749
0.835
0.861
0.841
0.824
0.845
0.853
0.976
0.921
1.1
1.029
0.919
0.841
0.679
0.589
0.606
0.441
0.297
0.312
0.152
0.206
0.136
0.21
0.265
0.312
0.381
0.38
0.405
0.458
0.411
0.367
0.265
0.324
0.208
0.033
-0.029
-0.05
-0.143
-0.289
-0.491
-0.374
-0.547
-0.583
-0.776
-0.681
-0.676
-0.571
-0.569
-0.547
-0.738
-0.694
-0.682
-0.542
-0.55
-0.766
-0.698
-0.869
-0.755
-0.734
-0.564
-0.413
-0.422
-0.346
-0.27
-0.163
-0.109
-0.135
-0.17
-0.16
-0.174
-0.101
-0.045
-0.139
0.01
0.046
0.096
0.113
0.174
0.061
0.185
0.2
0.378
0.374
0.451
0.458
0.258
0.221
0.219
0.185
0.17
0.396
-0.021
0.007
-0.01
0.006
-0.026
-0.143
-0.159
-0.339
-0.403
-0.369
-0.362
-0.223
-0.23
-0.16
-0.25
-0.278
-0.321
-0.324
-0.33
-0.275
-0.365
-0.356
-0.321
-0.413
-0.209
-0.424
-0.455
-0.644
-0.62
-0.522
-0.56
-0.486
-0.546
-0.448
-0.446
-0.52
-0.351
-0.324
-0.15
-0.152
-0.214
-0.124
-0.111
-0.07
-0.072
-0.21
-0.165
-0.066
-0.169
0.074
-0.174
-0.198
-0.194
-0.186
-0.159
-0.186
-0.211
-0.177
-0.152
-0.389
-0.149
-0.201
-0.253
-0.176
-0.27
-0.189
-0.3
-0.38
-0.26
-0.231
-0.321
-0.438
-0.329
-0.417
-0.449
-0.405
-0.504
-0.335
-0.288
-0.247
-0.001
0.004
0.286
0.16
0.149
0.283
0.357
0.352
0.487
0.569
0.468
0.396
0.408
0.325
0.366
0.448
0.32
0.333
0.445
0.51
0.355
0.261
0.251
0.138
-0.001
-0.247
-0.173
-0.085
-0.258
-0.171
-0.114
-0.174
-0.19
-0.235
-0.271
-0.152
-0.246
-0.168
-0.295
-0.266
-0.249
-0.188
-0.427
-0.181
-0.01
-0.135
-0.058
-0.145
-0.059
-0.101
-0.092
-0.116
-0.225
-0.146
-0.209
-0.168
-0.436
-0.199
-0.154
-0.028
-0.085
-0.155
-0.014
-0.092
-0.004
-0.094
0.075
0.006
-0.021
0.109
0.021
0.009
-0.238
-0.215
-0.115
-0.253
-0.231
-0.226
-0.242
-0.191
-0.283
-0.193
-0.245
-0.264
-0.356
-0.285
-0.09
-0.116
-0.026
-0.139
-0.05
-0.054
-0.048
-0.039
-0.054
-0.094
-0.08
-0.17
-0.278
-0.278
-0.168
-0.045
0.062
0.133
0.06
0.169
0.256
0.411
0.391
0.374
0.391
0.314
0.356
0.388
0.426
0.278
0.371
0.366
0.211
0.495
0.251
0.231
0.138
0.091
0.266
0.128
0.065
0.006
-0.096
-0.155
-0.199
-0.091
-0.094
-0.151
-0.191
-0.299
-0.351
-0.315
-0.36
-0.419
-0.486
-0.583
-0.586
-0.638
-0.751
-0.696
-0.879
-0.796
-0.981
-0.975
-0.858
-0.86
-0.681
-0.709
-0.807
-0.791
-0.718
-0.63
-0.649
-0.554
-0.429
-0.479
-0.361
-0.319
-0.253
-0.349
-0.176
-0.131
-0.3
0.072
-0.116
-0.048
-0.009
0.013
0.128
0.014
0.107
0.284
0.51
0.471
0.425
0.566
0.805
0.935
0.879
0.912
0.912
0.927
1.119
1.161
1.078
0.993
0.939
0.912
0.909
0.931
0.879
0.81
0.894
0.656
0.5
0.608
0.782
0.821
1.081
1.001
1.111
1.104
1.062
1.25
1.125
0.971
0.751
0.765
0.633
0.611
0.579
0.454
0.349
0.62
0.44
0.443
0.458
0.662
0.666
0.677
0.557
0.624
0.539
0.724
0.724
0.652
0.812
0.66
0.75
0.573
0.551
0.414
0.436
0.302
0.276
0.269
0.221
0.235
0.211
0.11
0.116
0.182
0.241
0.395
0.325
0.305
0.199
0.156
0.285
0.186
0.046
0.069
0.1
0.051
0.139
0.174
0.421
0.143
0.376
0.334
0.444
0.389
0.435
0.424
0.319
0.364
0.463
0.458
0.618
0.417
0.425
0.436
0.591
0.605
0.619
0.594
0.621
0.55
0.593
0.576
0.581
0.726
0.689
0.836
0.914
0.715
0.709
0.78
0.8
0.874
0.943
1.019
0.991
1.068
0.914
0.875
0.838
0.795
0.787
0.853
0.969
0.85
0.811
0.902
0.999
0.914
0.905
0.85
0.939
0.699
0.703
0.891
0.679
0.826
0.629
0.608
0.775
0.554
0.777
0.334
0.274
0.228
0.175
0.265
0.175
0.23
0.203
0.225
0.04
0.264
0.231
0.241
0.319
0.299
0.388
0.586
0.621
0.581
0.626
0.616
0.561
0.684
0.444
0.495
0.405
0.413
0.36
0.501
0.489
0.516
0.403
0.245
0.372
0.451
0.51
0.369
0.356
0.362
0.26
0.258
0.219
0.301
0.335
0.639
0.38
0.501
0.294
0.266
0.139
-0.058
-0.168
-0.045
-0.062
-0.064
-0.349
-0.242
-0.177
-0.352
-0.151
-0.121
-0.044
0.075
0.121
0.179
0.122
0.29
0.256
0.312
0.328
0.239
0.259
0.166
0.113
-0.005
0.035
0.062
-0.041
-0.086
-0.096
-0.133
-0.136
-0.031
0.176
0.19
0.289
0.255
0.26
0.182
0.086
0.23
0.3
0.338
0.381
0.598
0.334
0.228
0.24
0.276
0.294
0.356
0.53
0.546
0.566
0.755
0.766
0.619
0.53
0.517
0.522
0.608
0.324
0.24
0.404
0.346
0.52
0.549
0.66
0.439
0.376
0.26
0.203
0.315
0.268
0.485
0.465
0.691
0.729
0.784
0.835
0.858
0.777
0.68
0.642
0.639
0.685
0.661
0.735
0.671
0.644
0.546
0.661
0.581
0.484
0.73
0.417
0.461
0.547
0.51
0.561
0.508
0.425
0.376
0.331
0.173
0.03
0.056
-0.022
-0.024
-0.161
-0.08
0.131
0.16
0.295
0.128
0.072
0.041
-0.029
-0.083
0.018
0.014
-0.065
-0.129
-0.005
-0.156
-0.129
-0.212
-0.071
-0.065
-0.021
0.011
-0.043
-0.216
-0.312
-0.454
-0.534
-0.634
-0.497
-0.565
-0.355
-0.446
-0.581
-0.596
-0.723
-0.436
-0.6
-0.665
-0.758
-0.579
-0.657
-0.444
-0.383
-0.236
-0.144
-0.224
-0.344
-0.445
-0.417
-0.443
-0.699
-0.676
-0.735
-0.68
-0.745
-0.705
-0.575
-0.565
-0.544
-0.459
-0.599
-0.549
-0.45
-0.394
-0.17
0.099
0.052
0.251
0.249
0.223
0.122
0.147
0.155
0.115
0.028
-0.186
-0.255
-0.268
-0.336
-0.398
-0.42
-0.44
-0.449
-0.3
-0.302
-0.155
-0.484
-0.468
-0.461
-0.542
-0.501
-0.547
-0.422
-0.49
-0.32
-0.254
-0.3
-0.224
-0.409
-0.221
-0.186
-0.416
-0.478
-0.274
-0.357
-0.321
-0.164
-0.254
-0.171
-0.155
-0.234
-0.155
-0.168
-0.163
-0.139
-0.18
-0.372
-0.38
-0.378
-0.415
-0.305
-0.233
-0.201
-0.344
-0.241
-0.451
-0.395
-0.463
-0.453
-0.686
-0.69
-0.738
-0.824
-0.92
-1.126
-0.922
-0.931
-0.876
-0.81
-0.876
-0.951
-0.755
-0.86
-0.96
-0.948
-1.029
-0.949
-1.042
-1.121
-1.133
-1.229
-1.246
-1.193
-1.176
-0.951
-0.911
-0.911
-0.874
-0.756
-0.746
-0.816
-0.636
-0.55
-0.54
-0.39
-0.453
-0.341
-0.339
-0.118
-0.071
0.03
0.058
0.245
0.438
0.509
0.595
0.689
0.759
0.664
0.696
0.749
0.696
0.639
0.585
0.325
0.403
0.425
0.403
0.451
0.669
0.669
0.626
0.761
0.84
0.875
0.812
0.723
0.674
0.631
0.631
0.542
0.406
0.376
0.19
0.268
0.356
0.354
0.375
0.048
0.025
0.144
-0.018
-0.056
-0.219
-0.118
-0.173
-0.244
-0.229
-0.193
0.113
0.156
0.23
0.292
0.352
0.53
0.441
0.425
0.406
0.336
0.28
0.079
0.02
-0.176
-0.129
-0.049
-0.062
-0.18
-0.286
-0.256
-0.051
-0.256
-0.281
-0.449
-0.475
-0.306
-0.321
-0.427
-0.328
-0.374
-0.304
-0.362
-0.492
-0.461
-0.378
-0.208
-0.22
-0.283
-0.28
-0.22
-0.365
-0.512
-0.455
-0.411
-0.394
-0.47
-0.485
-0.576
-0.562
-0.468
-0.661
-0.601
-0.715
-0.57
-0.761
-0.728
-0.881
-0.89
-0.816
-0.792
-0.845
-0.856
-0.979
-0.968
-0.888
-1.039
-1.11
-1.044
-1.12
-1.076
-1.191
-1.18
-1.055
-0.95
-0.909
-0.968
-0.948
-0.863
-0.979
-0.917
-0.888
-0.856
-0.839
-0.897
-0.686
-0.537
-0.42
-0.375
-0.331
-0.241
-0.081
0.088
-0.009
0.169
0.139
0.291
0.211
0.182
0.312
0.394
0.521
0.473
0.36
0.404
0.3
0.336
0.449
0.338
0.255
0.471
0.411
0.421
0.264
0.092
-0.016
-0.271
-0.147
-0.333
-0.443
-0.519
-0.468
-0.535
-0.522
-0.642
-0.689
-0.585
-0.542
-0.693
-0.59
-0.496
-0.294
-0.31
-0.283
-0.33
-0.44
-0.568
-0.655
-0.675
-0.635
-0.62
-0.718
-0.784
-0.986
-0.969
-0.826
-0.921
-0.876
-0.983
-0.921
-0.949
-0.971
-0.828
-0.799
-0.672
-0.526
-0.547
-0.537
-0.571
-0.542
-0.49
-0.306
-0.221
-0.136
0.005
-0.033
-0.092
-0.076
-0.152
-0.163
-0.11
0.004
0.116
0.168
0.176
0.193
0.223
0.244
0.279
0.352
0.365
0.357
0.456
0.504
0.671
0.763
0.739
0.599
0.478
0.344
0.394
0.549
0.385
0.459
0.416
0.212
0.258
0.004
-0.129
-0.158
-0.199
-0.212
-0.315
-0.302
-0.141
-0.007
0.109
0.116
0.195
0.302
0.253
0.253
0.056
-0.094
-0.333
-0.291
-0.286
0.096
0.06
-0.166
-0.066
-0.19
-0.146
-0.048
0.066
0.122
0.029
0.081
-0.147
-0.224
-0.124
-0.129
0.003
0.124
0.131
0.025
0.198
0.02
0.019
0.055
0.072
0.169
0.226
0.168
0.299
0.326
0.374
0.422
0.286
0.461
0.346
0.215
0.138
-0.026
-0.118
-0.215
-0.427
-0.364
-0.399
-0.461
-0.496
-0.598
-0.501
-0.394
-0.331
-0.255
-0.182
-0.168
-0.304
-0.299
-0.118
-0.135
-0.064
-0.058
-0.064
0.059
0.131
0.075
-0.119
-0.141
0.02
-0.099
0.056
0.239
0.376
0.378
0.469
0.434
0.388
0.306
0.285
0.25
0.181
0.234
0.302
0.339
0.35
0.46
0.481
0.535
0.435
0.389
0.454
0.306
0.265
0.1
0.216
0.125
0.105
0.136
0.165
0.161
0.169
0.11
0.129
0.02
0.006
0.116
0.12
0.064
0.07
0.095
0.084
-0.061
-0.062
-0.152
-0.181
-0.225
-0.281
-0.278
-0.25
-0.219
-0.189
-0.19
-0.189
-0.221
-0.389
-0.42
-0.55
-0.531
-0.54
-0.52
-0.541
-0.458
-0.413
-0.381
-0.46
-0.536
-0.537
-0.503
-0.578
-0.51
-0.449
-0.516
-0.504
-0.427
-0.116
-0.051
0.013
0.104
0.144
0.177
0.238
0.186
0.206
0.208
0.021
0.22
0.134
0.092
0.135
0.244
0.341
0.348
0.379
0.375
0.339
0.333
0.239
0.275
0.25
0.448
0.328
0.274
0.21
0.156
0.315
0.215
0.226
0.296
0.321
0.113
0.041
-0.011
-0.075
0.02
-0.266
-0.348
-0.37
-0.395
-0.32
-0.294
-0.411
-0.521
-0.486
-0.469
-0.455
-0.512
-0.48
-0.357
-0.555
-0.541
-0.629
-0.639
-0.425
-0.718
-0.705
-0.562
-0.799
-0.843
-0.946
-0.919
-1.084
-1.252
-1.147
-1.248
-1.306
-1.22
-1.269
-1.272
-1.155
-1.203
-1.071
-1.149
-1.083
-1.065
-1.048
-0.896
-0.654
-0.654
-0.785
-0.681
-0.618
-0.549
-0.495
-0.404
-0.266
-0.233
-0.126
-0.015
0.23
0.235
0.152
0.181
0.103
0.11
0.22
0.055
-0.079
-0.058
-0.013
0.285
0.115
0.06
0.177
0.174
0.081
0.126
0.314
0.176
0.278
0.228
0.344
0.417
0.532
0.698
0.723
0.55
0.475
0.536
0.739
0.76
0.848
1.021
1.106
1.185
1.103
1.221
1.221
1.213
1.288
1.254
1.405
1.499
1.328
1.268
1.111
1.157
1.05
1.046
0.889
1.029
0.82
0.835
0.849
0.743
0.713
0.755
0.689
0.721
0.662
0.626
0.469
0.42
0.391
0.445
0.471
0.459
0.221
0.075
-0.015
-0.098
-0.115
-0.107
-0.084
-0.199
-0.166
-0.291
-0.25
-0.256
-0.339
-0.292
-0.349
-0.184
-0.11
0.024
-0.045
-0.086
-0.005
0.035
0.09
0.251
0.121
0.048
0.205
0.189
0.164
0.009
-0.08
0.081
0.09
-0.013
-0.12
-0.088
0.043
0.02
-0.083
0.022
-0.043
-0.022
0.149
0.105
0.129
-0.025
-0.246
-0.235
-0.201
-0.329
-0.266
-0.415
-0.294
-0.375
-0.323
-0.225
-0.333
-0.261
-0.143
-0.185
-0.125
-0.126
-0.071
-0.149
-0.089
0.115
0.28
0.383
0.381
0.506
0.557
0.68
0.646
0.866
0.919
0.83
0.873
0.82
0.784
0.677
0.569
0.635
0.628
0.724
0.734
0.71
0.75
0.679
0.681
0.451
0.405
0.333
0.136
0.111
-0.099
-0.341
-0.361
-0.505
-0.633
-0.579
-0.695
-1.018
-0.815
-0.846
-0.911
-0.907
-0.828
-0.792
-0.741
-0.751
-0.569
-0.497
-0.427
-0.367
-0.52
-0.261
-0.341
-0.258
-0.228
-0.198
-0.054
-0.016
0.133
0.264
0.25
0.318
0.4
0.453
0.481
0.557
0.536
0.395
0.445
0.366
0.514
0.324
0.532
0.506
0.47
0.233
0.348
0.304
0.17
0.118
0.309
0.266
0.133
0.177
0.125
0.13
0.348
0.228
0.124
0.169
0.145
0.03
0.026
-0.024
-0.186
-0.13
-0.25
-0.114
-0.034
-0.105
-0.084
-0.1
-0.065
0.076
0.115
0.125
0.311
0.246
0.495
0.645
0.593
0.768
0.724
0.768
0.885
0.85
0.834
0.718
0.82
0.955
0.944
0.851
0.866
0.771
0.771
0.626
0.65
0.792
0.639
0.509
0.415
0.155
0.228
0.155
0.149
0.245
0.195
-0.022
-0.016
0.071
0.059
0.126
0.225
0.329
0.355
0.432
0.305
0.535
0.5
0.621
0.58
0.894
0.965
1.062
0.9
0.981
1.193
1.176
1.213
1.374
1.407
1.434
1.746
1.823
1.802
1.6
1.49
1.529
1.453
1.552
1.43
1.385
1.196
1.219
1.32
1.33
1.494
1.464
1.499
1.366
1.441
1.403
1.231
1.365
1.269
1.252
1.339
1.264
1.325
1.259
1.314
1.093
0.99
0.704
0.834
1.091
0.999
1.165
0.896
0.741
0.869
0.726
0.709
0.656
0.542
0.451
0.355
0.344
0.158
0.04
-0.033
0.054
-0.104
0.039
0.061
0.015
-0.001
-0.052
0.118
0.221
0.096
0.058
-0.081
-0.23
-0.205
-0.149
-0.098
0.014
0.165
0.229
0.271
0.333
0.583
0.646
0.944
1.159
1.145
1.058
1.155
1.145
1.006
1.264
1.459
1.482
1.343
1.435
1.32
1.186
1.157
1.096
1.097
0.993
0.799
0.562
0.574
0.521
0.589
0.485
0.431
0.37
0.105
-0.075
-0.249
-0.389
-0.682
-0.595
-0.509
-0.426
-0.49
-0.746
-1.11
-1.166
-1.104
-1.083
-1.024
-1.078
-1.078
-1.014
-1.21
-1.208
-1.274
-1.241
-1.12
-0.99
-1.159
-1.228
-1.143
-1.23
-1.195
-1.258
-1.256
-1.338
-1.155
-1.266
-1.28
-1.443
-1.316
-1.238
-1.231
-1.135
-1.279
-1.018
-1.14
-1.0
-0.614
-0.552
-0.43
-0.459
-0.326
-0.481
-0.375
-0.424
-0.386
-0.149
-0.076
-0.182
-0.225
-0.163
-0.362
-0.133
-0.249
0.051
0.229
0.2
0.36
0.47
0.593
0.484
0.534
0.574
0.473
0.429
0.359
0.344
0.336
0.541
0.505
0.343
0.475
0.547
0.593
0.616
0.571
0.519
0.709
0.492
0.486
0.555
0.541
0.736
0.805
0.865
0.855
0.87
1.001
