0.299
0.388
0.586
0.621
0.581
0.626
0.616
0.561
0.684
0.444
0.495
0.405
0.413
0.36
0.501
0.489
0.516
0.403
0.245
0.372
0.451
0.51
0.369
0.356
0.362
0.26
0.258
0.219
0.301
0.335
0.639
0.38
0.501
0.294
0.266
0.139
-0.058
-0.168
-0.045
-0.062
-0.064
-0.349
-0.242
-0.177
-0.352
-0.151
-0.121
-0.044
0.075
0.121
0.179
0.122
0.29
0.256
0.312
0.328
0.239
0.259
0.166
0.113
-0.005
0.035
0.062
-0.041
-0.086
-0.096
-0.133
-0.136
-0.031
0.176
0.19
0.289
0.255
0.26
0.182
0.086
0.23
0.3
0.338
0.381
0.598
0.334
0.228
0.24
0.276
0.294
0.356
0.53
0.546
0.566
0.755
0.766
0.619
0.53
0.517
0.522
0.608
0.324
0.24
0.404
0.346
0.52
0.549
0.66
0.439
0.376
0.26
0.203
0.315
0.268
0.485
0.465
0.691
0.729
0.784
0.835
0.858
0.777
0.68
0.642
0.639
0.685
0.661
0.735
0.671
0.644
0.546
0.661
0.581
0.484
0.73
0.417
0.461
0.547
0.51
0.561
0.508
0.425
0.376
0.331
0.173
0.03
0.056
-0.022
-0.024
-0.161
-0.08
0.131
0.16
0.295
0.128
0.072
0.041
-0.029
-0.083
0.018
0.014
-0.065
-0.129
-0.005
-0.156
-0.129
-0.212
-0.071
-0.065
-0.021
0.011
-0.043
-0.216
-0.312
-0.454
-0.534
-0.634
-0.497
-0.565
-0.355
-0.446
-0.581
-0.596
-0.723
-0.436
-0.6
-0.665
-0.758
-0.579
-0.657
-0.444
-0.383
-0.236
-0.144
-0.224
-0.344
-0.445
-0.417
-0.443
-0.699
-0.676
-0.735
-0.68
-0.745
-0.705
-0.575
-0.565
-0.544
-0.459
-0.599
-0.549
-0.45
-0.394
-0.17
0.099
0.052
0.251
0.249
0.223
0.122
0.147
0.155
0.115
0.028
-0.186
-0.255
-0.268
-0.336
-0.398
-0.42
-0.44
-0.449
-0.3
-0.302
-0.155
-0.484
-0.468
-0.461
-0.542
-0.501
-0.547
-0.422
-0.49
-0.32
-0.254
-0.3
-0.224
-0.409
-0.221
-0.186
-0.416
-0.478
-0.274
-0.357
-0.321
-0.164
-0.254
-0.171
-0.155
-0.234
-0.155
-0.168
-0.163
-0.139
-0.18
-0.372
-0.38
-0.378
-0.415
-0.305
-0.233
-0.201
-0.344
-0.241
-0.451
-0.395
-0.463
-0.453
-0.686
-0.69
-0.738
-0.824
-0.92
-1.126
-0.922
-0.931
-0.876
-0.81
-0.876
-0.951
-0.755
-0.86
-0.96
-0.948
-1.029
-0.949
-1.042
-1.121
-1.133
-1.229
-1.246
-1.193
-1.176
-0.951
-0.911
-0.911
-0.874
-0.756
-0.746
-0.816
-0.636
-0.55
-0.54
-0.39
-0.453
-0.341
-0.339
-0.118
-0.071
0.03
0.058
0.245
0.438
0.509
0.595
0.689
0.759
0.664
0.696
0.749
0.696
0.639
0.585
0.325
0.403
0.425
0.403
0.451
0.669
0.669
0.626
0.761
0.84
0.875
0.812
0.723
0.674
0.631
0.631
0.542
0.406
0.376
0.19
0.268
0.356
0.354
0.375
0.048
0.025
0.144
-0.018
-0.056
-0.219
-0.118
-0.173
-0.244
-0.229
-0.193
0.113
0.156
0.23
0.292
0.352
0.53
0.441
0.425
0.406
0.336
0.28
0.079
0.02
-0.176
-0.129
-0.049
-0.062
-0.18
-0.286
-0.256
-0.051
-0.256
-0.281
-0.449
-0.475
-0.306
-0.321
-0.427
-0.328
-0.374
-0.304
-0.362
-0.492
-0.461
-0.378
-0.208
-0.22
-0.283
-0.28
-0.22
-0.365
-0.512
-0.455
-0.411
-0.394
-0.47
-0.485
-0.576
-0.562
-0.468
-0.661
-0.601
-0.715
-0.57
-0.761
-0.728
-0.881
-0.89
-0.816
-0.792
-0.845
-0.856
-0.979
-0.968
-0.888
-1.039
-1.11
-1.044
-1.12
-1.076
-1.191
-1.18
-1.055
-0.95
-0.909
-0.968
-0.948
-0.863
-0.979
-0.917
-0.888
-0.856
-0.839
-0.897
-0.686
-0.537
-0.42
-0.375
-0.331
-0.241
-0.081
0.088
-0.009
0.169
0.139
0.291
0.211
0.182
0.312
0.394
0.521
0.473
0.36
0.404
0.3
0.336
0.449
0.338
0.255
0.471
0.411
0.421
0.264
0.092
-0.016
-0.271
-0.147
-0.333
-0.443
-0.519
-0.468
-0.535
-0.522
-0.642
-0.689
-0.585
-0.542
-0.693
-0.59
-0.496
-0.294
-0.31
-0.283
-0.33
-0.44
-0.568
-0.655
-0.675
-0.635
-0.62
-0.718
-0.784
-0.986
-0.969
-0.826
-0.921
-0.876
-0.983
-0.921
-0.949
-0.971
-0.828
-0.799
-0.672
-0.526
-0.547
-0.537
-0.571
-0.542
-0.49
-0.306
-0.221
-0.136
0.005
-0.033
-0.092
-0.076
-0.152
-0.163
-0.11
0.004
0.116
0.168
0.176
0.193
0.223
0.244
0.279
0.352
0.365
0.357
0.456
0.504
0.671
0.763
0.739
0.599
0.478
0.344
0.394
0.549
0.385
0.459
0.416
0.212
0.258
0.004
-0.129
-0.158
-0.199
-0.212
-0.315
-0.302
-0.141
-0.007
0.109
0.116
0.195
0.302
0.253
0.253
0.056
-0.094
-0.333
-0.291
-0.286
0.096
0.06
-0.166
-0.066
-0.19
-0.146
-0.048
0.066
0.122
0.029
0.081
-0.147
-0.224
-0.124
-0.129
0.003
0.124
0.131
0.025
0.198
0.02
0.019
0.055
0.072
0.169
0.226
0.168
0.299
0.326
0.374
0.422
0.286
0.461
0.346
0.215
0.138
-0.026
-0.118
-0.215
-0.427
-0.364
-0.399
-0.461
-0.496
-0.598
-0.501
-0.394
-0.331
-0.255
-0.182
-0.168
-0.304
-0.299
-0.118
-0.135
-0.064
-0.058
-0.064
0.059
0.131
0.075
-0.119
-0.141
0.02
-0.099
0.056
0.239
0.376
0.378
0.469
0.434
0.388
0.306
0.285
0.25
0.181
0.234
0.302
0.339
0.35
0.46
0.481
0.535
0.435
0.389
0.454
0.306
0.265
0.1
0.216
0.125
0.105
0.136
0.165
0.161
0.169
0.11
0.129
0.02
0.006
0.116
0.12
0.064
0.07
0.095
0.084
-0.061
-0.062
-0.152
-0.181
-0.225
-0.281
-0.278
-0.25
-0.219
-0.189
-0.19
-0.189
-0.221
-0.389
-0.42
-0.55
-0.531
-0.54
-0.52
-0.541
-0.458
-0.413
-0.381
-0.46
-0.536
-0.537
-0.503
-0.578
-0.51
-0.449
-0.516
-0.504
-0.427
-0.116
-0.051
0.013
0.104
0.144
0.177
0.238
0.186
0.206
0.208
0.021
0.22
0.134
0.092
0.135
0.244
0.341
0.348
0.379
0.375
0.339
0.333
0.239
0.275
0.25
0.448
0.328
0.274
0.21
0.156
0.315
0.215
0.226
0.296
0.321
0.113
0.041
-0.011
-0.075
0.02
-0.266
-0.348
-0.37
-0.395
-0.32
-0.294
-0.411
-0.521
-0.486
-0.469
-0.455
-0.512
-0.48
-0.357
-0.555
-0.541
-0.629
-0.639
-0.425
-0.718
-0.705
-0.562
-0.799
-0.843
-0.946
-0.919
-1.084
-1.252
-1.147
-1.248
-1.306
-1.22
-1.269
-1.272
-1.155
-1.203
-1.071
-1.149
-1.083
-1.065
-1.048
-0.896
-0.654
-0.654
-0.785
-0.681
-0.618
-0.549
-0.495
-0.404
-0.266
-0.233
-0.126
-0.015
0.23
0.235
0.152
0.181
0.103
0.11
0.22
0.055
-0.079
-0.058
-0.013
0.285
0.115
0.06
0.177
0.174
0.081
0.126
0.314
0.176
0.278
0.228
0.344
0.417
0.532
0.698
0.723
0.55
0.475
0.536
0.739
0.76
0.848
1.021
1.106
1.185
1.103
1.221
1.221
1.213
1.288
1.254
1.405
1.499
1.328
1.268
1.111
1.157
1.05
1.046
0.889
1.029
0.82
0.835
0.849
0.743
0.713
0.755
0.689
0.721
0.662
0.626
0.469
0.42
0.391
0.445
0.471
0.459
0.221
0.075
-0.015
-0.098
-0.115
-0.107
-0.084
-0.199
-0.166
-0.291
-0.25
-0.256
-0.339
-0.292
-0.349
-0.184
-0.11
0.024
-0.045
-0.086
-0.005
0.035
0.09
0.251
0.121
0.048
0.205
0.189
0.164
0.009
-0.08
0.081
0.09
-0.013
-0.12
-0.088
0.043
0.02
-0.083
0.022
-0.043
-0.022
0.149
0.105
0.129
-0.025
-0.246
-0.235
-0.201
-0.329
-0.266
-0.415
-0.294
-0.375
-0.323
-0.225
-0.333
-0.261
-0.143
-0.185
-0.125
-0.126
-0.071
-0.149
-0.089
0.115
0.28
0.383
0.381
0.506
0.557
0.68
0.646
0.866
0.919
0.83
0.873
0.82
0.784
0.677
0.569
0.635
0.628
0.724
0.734
0.71
0.75
0.679
0.681
0.451
0.405
0.333
0.136
0.111
-0.099
-0.341
-0.361
-0.505
-0.633
-0.579
-0.695
-1.018
-0.815
-0.846
-0.911
-0.907
-0.828
-0.792
-0.741
-0.751
-0.569
-0.497
-0.427
-0.367
-0.52
-0.261
-0.341
-0.258
-0.228
-0.198
-0.054
-0.016
0.133
0.264
0.25
0.318
0.4
0.453
0.481
0.557
0.536
0.395
0.445
0.366
0.514
0.324
0.532
0.506
0.47
0.233
0.348
0.304
0.17
0.118
0.309
0.266
0.133
0.177
0.125
0.13
0.348
0.228
0.124
0.169
0.145
0.03
0.026
-0.024
-0.186
-0.13
-0.25
-0.114
-0.034
-0.105
-0.084
-0.1
-0.065
0.076
0.115
0.125
0.311
0.246
0.495
0.645
0.593
0.768
0.724
0.768
0.885
0.85
0.834
0.718
0.82
0.955
0.944
0.851
0.866
0.771
0.771
0.626
0.65
0.792
0.639
0.509
0.415
0.155
0.228
0.155
0.149
0.245
0.195
-0.022
-0.016
0.071
0.059
0.126
0.225
0.329
0.355
0.432
0.305
0.535
0.5
0.621
0.58
0.894
0.965
1.062
0.9
0.981
1.193
1.176
1.213
1.374
1.407
1.434
1.746
1.823
1.802
1.6
1.49
1.529
1.453
1.552
1.43
1.385
1.196
1.219
1.32
1.33
1.494
1.464
1.499
1.366
1.441
1.403
1.231
1.365
1.269
1.252
1.339
1.264
1.325
1.259
1.314
1.093
0.99
0.704
0.834
1.091
0.999
1.165
0.896
0.741
0.869
0.726
0.709
0.656
0.542
0.451
0.355
0.344
0.158
0.04
-0.033
0.054
-0.104
0.039
0.061
0.015
-0.001
-0.052
0.118
0.221
0.096
0.058
-0.081
-0.23
-0.205
-0.149
-0.098
0.014
0.165
0.229
0.271
0.333
0.583
0.646
0.944
1.159
1.145
1.058
1.155
1.145
1.006
1.264
1.459
1.482
1.343
1.435
1.32
1.186
1.157
1.096
1.097
0.993
0.799
0.562
0.574
0.521
0.589
0.485
0.431
0.37
0.105
-0.075
-0.249
-0.389
-0.682
-0.595
-0.509
-0.426
-0.49
-0.746
-1.11
-1.166
-1.104
-1.083
-1.024
-1.078
-1.078
-1.014
-1.21
-1.208
-1.274
-1.241
-1.12
-0.99
-1.159
-1.228
-1.143
-1.23
-1.195
-1.258
-1.256
-1.338
-1.155
-1.266
-1.28
-1.443
-1.316
-1.238
-1.231
-1.135
-1.279
-1.018
-1.14
-1.0
-0.614
-0.552
-0.43
-0.459
-0.326
-0.481
-0.375
-0.424
-0.386
-0.149
-0.076
-0.182
-0.225
-0.163
-0.362
-0.133
-0.249
0.051
0.229
0.2
0.36
0.47
0.593
0.484
0.534
0.574
0.473
0.429
0.359
0.344
0.336
0.541
0.505
0.343
0.475
0.547
0.593
0.616
0.571
0.519
0.709
0.492
0.486
0.555
0.541
0.736
0.805
0.865
0.855
0.87
1.001
0.981
1.068
0.941
0.934
0.938
0.815
0.853
0.73
0.51
0.443
0.13
-0.02
-0.085
-0.125
-0.151
-0.214
-0.236
-0.565
-0.559
-0.666
-0.761
-0.849
-0.866
-1.001
-1.014
-0.991
-1.056
-1.048
-1.019
-1.096
-0.954
-0.552
-0.733
-0.794
-0.811
-1.025
-1.066
-1.184
-0.955
-1.014
-1.119
-1.054
-0.976
-0.766
-0.571
-0.7
-0.576
-0.379
-0.143
-0.35
-0.304
-0.27
-0.323
-0.314
-0.051
-0.006
0.028
0.045
0.088
0.058
-0.024
-0.186
-0.106
-0.309
-0.275
-0.504
-0.453
-0.335
-0.448
-0.522
-0.522
-0.554
-0.505
-0.621
-0.54
-0.604
-0.549
-0.576
-0.537
-0.596
-0.595
-0.706
-0.751
-0.814
-0.883
-0.787
-0.775
-0.831
-0.994
-1.041
-0.968
-1.038
-0.902
-0.769
-0.561
-0.511
-0.362
-0.22
-0.25
-0.119
-0.086
0.021
0.195
0.383
0.568
0.664
0.751
0.652
0.666
0.654
0.525
0.583
0.703
0.709
0.809
0.589
0.431
0.268
0.219
0.161
0.04
0.24
0.099
0.159
0.19
0.188
0.158
0.128
0.103
0.271
0.13
0.155
0.043
-0.12
-0.004
-0.14
-0.24
-0.372
-0.341
-0.399
-0.355
-0.432
-0.453
-0.453
-0.529
-0.529
-0.774
-0.497
-0.578
-0.539
-0.367
-0.256
-0.206
-0.291
-0.274
-0.435
-0.45
-0.458
-0.6
-0.388
-0.279
-0.231
-0.179
-0.283
-0.176
-0.186
-0.118
-0.125
-0.18
-0.229
-0.284
-0.381
-0.576
-0.366
-0.394
-0.307
-0.274
-0.283
-0.166
-0.133
-0.133
-0.084
-0.051
0.014
0.045
0.161
0.084
0.274
0.242
0.316
0.414
0.496
0.438
0.5
0.545
0.46
0.537
0.464
0.391
0.376
0.29
0.449
0.449
0.341
0.24
0.359
0.359
0.338
0.58
0.459
0.811
0.823
0.894
0.72
0.501
0.43
0.591
0.725
0.799
0.777
0.934
0.816
0.708
0.684
0.591
0.499
0.49
0.659
0.674
0.579
0.438
0.573
0.478
0.396
0.4
0.306
0.114
-0.138
-0.195
-0.545
-0.649
-0.966
-1.105
-0.963
-1.109
-0.985
-1.311
-1.171
-1.211
-1.248
-1.288
-1.371
-1.318
-1.345
-1.541
-1.664
-1.354
-1.425
-1.302
-1.25
-1.329
-1.229
-1.214
-1.13
-1.145
-0.868
-0.814
-0.56
-0.38
-0.318
-0.302
-0.399
-0.333
-0.182
-0.077
0.016
0.15
0.15
-0.016
0.015
-0.028
0.154
0.129
0.159
0.236
0.275
0.225
0.12
0.025
0.031
0.168
0.043
0.121
0.196
0.27
0.198
0.319
0.369
0.309
0.228
0.228
-0.006
-0.161
-0.419
-0.415
-0.422
-0.59
-0.38
-0.482
-0.57
-0.664
-0.588
-0.578
-0.634
-0.581
-0.478
-0.426
-0.341
-0.159
-0.253
-0.191
-0.194
-0.119
0.045
0.275
0.261
0.13
0.156
0.275
0.307
0.371
0.512
0.501
0.624
0.593
0.689
0.744
0.902
1.0
0.945
1.05
0.986
1.006
0.735
0.559
0.396
0.224
0.355
0.296
0.209
0.411
0.491
0.362
0.217
-0.106
-0.288
-0.281
-0.341
-0.409
-0.463
-0.595
-0.684
-0.672
-0.714
-0.734
-0.777
-0.66
-0.594
-0.571
-0.576
-0.459
-0.541
-0.679
-0.631
-0.576
-0.515
-0.566
-0.357
-0.33
-0.438
-0.469
-0.22
-0.329
-0.348
-0.309
-0.338
-0.305
-0.305
-0.385
-0.345
-0.275
-0.131
-0.316
-0.151
-0.099
-0.011
0.072
-0.036
0.003
-0.021
-0.006
0.071
0.228
0.22
0.196
0.173
0.121
0.25
0.198
0.23
0.326
0.403
0.444
0.413
0.525
0.625
0.631
0.435
0.539
0.446
0.391
0.484
0.651
0.535
0.584
0.439
0.487
0.429
0.665
0.624
0.372
0.384
0.163
0.061
-0.101
-0.251
-0.489
-0.499
-0.76
-0.792
-0.782
-0.831
-0.889
-0.79
-0.716
-0.963
-1.031
-0.943
-0.865
-0.662
-0.743
-0.736
-0.654
-0.657
-0.704
-0.552
-0.446
-0.249
-0.19
-0.253
-0.431
-0.525
-0.52
-0.469
-0.399
-0.449
-0.552
-0.554
-0.468
-0.362
-0.38
-0.238
-0.195
-0.145
-0.105
-0.056
-0.083
-0.111
-0.208
-0.26
-0.15
0.062
-0.111
0.041
0.12
0.122
0.152
0.131
0.079
0.091
-0.084
-0.019
0.09
-0.018
-0.072
0.08
0.018
0.095
0.143
0.242
0.193
0.352
0.557
0.554
0.651
0.681
0.859
0.953
1.123
1.121
0.944
0.829
0.573
0.76
0.76
0.679
0.657
0.574
0.594
0.706
0.644
0.638
0.545
0.43
0.328
0.236
0.291
0.328
0.333
0.283
0.18
0.331
0.02
0.111
0.036
-0.113
-0.239
-0.419
-0.596
-0.55
-0.545
-0.56
-0.711
-0.594
-0.593
-0.541
-0.394
-0.414
-0.325
-0.365
-0.335
-0.312
-0.111
0.165
0.19
0.07
0.144
0.056
-0.04
-0.136
-0.199
-0.255
-0.095
-0.069
-0.022
0.037
0.175
0.186
0.06
0.059
-0.014
-0.018
-0.015
0.003
-0.048
0.116
0.022
0.176
-0.001
-0.007
-0.14
-0.015
-0.149
-0.107
-0.149
-0.034
0.044
-0.015
-0.133
-0.28
-0.273
-0.37
-0.339
-0.565
-0.662
-0.694
-0.631
-0.623
-0.547
-0.494
-0.615
-0.471
-0.659
-0.775
-0.734
-0.608
-0.615
-0.625
-0.5
-0.54
-0.479
-0.367
-0.238
-0.242
-0.221
-0.077
-0.214
-0.247
-0.226
-0.234
-0.136
-0.138
-0.105
-0.064
-0.18
-0.129
-0.186
-0.217
-0.212
-0.301
-0.233
-0.076
-0.239
-0.194
-0.228
-0.13
-0.075
-0.074
0.094
0.138
-0.066
-0.024
0.066
0.244
0.2
0.27
0.195
0.101
0.3
0.344
0.383
0.268
0.201
0.225
0.224
0.069
0.072
0.319
0.214
0.41
0.394
0.359
0.453
0.503
0.651
0.604
0.75
0.656
0.719
0.471
0.552
0.435
0.388
0.374
0.388
0.309
0.486
0.496
0.52
0.57
0.494
0.536
0.361
0.386
0.319
0.235
0.188
0.141
0.1
0.075
0.084
0.115
0.015
0.014
0.019
-0.009
0.034
0.101
0.173
0.16
0.284
0.364
0.448
0.504
0.547
0.828
0.797
0.966
0.975
0.886
1.044
0.886
0.85
0.759
0.802
0.686
0.623
0.6
0.486
0.391
0.426
0.431
0.435
0.509
0.628
0.535
0.603
0.845
0.924
0.666
0.796
0.91
0.647
0.636
0.611
0.589
0.669
0.836
0.969
1.059
1.115
1.315
1.405
1.532
1.594
1.725
1.761
1.946
1.867
2.009
2.026
2.024
2.069
2.089
2.106
1.883
2.134
2.114
2.026
1.901
1.831
1.883
1.859
1.684
1.74
1.604
1.383
1.336
1.403
1.482
1.324
1.19
1.144
0.951
0.593
0.471
0.302
0.145
0.104
0.151
0.319
0.469
0.302
0.264
0.19
0.3
0.355
0.427
0.556
0.369
0.465
0.541
0.461
0.549
0.745
1.004
1.041
1.279
1.114
1.133
1.231
1.314
1.26
1.279
1.314
1.144
1.124
0.988
0.766
0.578
0.69
0.741
0.688
0.546
0.704
0.411
0.455
0.274
0.174
0.175
0.294
0.206
0.088
-0.105
0.03
-0.081
-0.292
-0.318
-0.561
-0.676
-0.726
-0.675
-0.876
-0.755
-0.603
-0.716
-0.777
-0.639
-0.907
-0.955
-0.974
-0.907
-0.787
-0.589
-0.436
-0.11
-0.107
-0.276
-0.279
-0.216
-0.497
0.025
0.039
-0.2
-0.181
-0.021
0.138
0.014
0.089
0.189
0.165
0.212
0.109
0.427
0.65
0.807
0.443
0.614
0.689
0.408
0.429
0.566
0.525
0.458
0.585
0.57
0.579
0.681
0.508
0.435
0.228
0.43
0.046
-0.065
-0.228
-0.253
-0.249
-0.43
-0.526
-0.44
-0.649
-0.689
-0.682
-0.583
-0.489
-0.275
-0.21
-0.19
-0.145
-0.403
-0.323
-0.58
-0.355
-0.25
0.043
0.091
-0.128
-0.031
0.03
0.266
0.378
0.536
0.456
0.119
0.35
0.338
0.364
0.365
0.258
0.125
0.004
0.011
-0.064
-0.065
-0.009
-0.2
-0.154
-0.309
0.061
0.263
0.279
0.306
-0.036
0.016
0.051
0.02
-0.031
-0.176
0.001
-0.106
-0.111
-0.235
-0.328
-0.411
-0.333
-0.323
-0.335
-0.263
-0.375
-0.176
0.007
0.079
0.062
0.077
0.031
-0.055
-0.052
0.169
-0.076
-0.219
-0.389
-0.625
-0.601
-0.659
-0.628
-0.578
-0.417
-0.36
-0.465
-0.609
-0.771
-0.821
-1.068
-1.055
-1.076
-1.328
-1.488
-1.758
-1.684
-1.5
-1.488
-1.271
-1.446
-1.498
-1.576
-1.548
-1.397
-1.318
-1.219
-1.17
-1.065
-0.868
-0.998
-0.905
-0.995
-0.953
-0.984
-0.901
-0.912
-0.84
-0.861
-0.981
-0.909
-0.949
-0.816
-0.711
-0.393
-0.352
-0.445
-0.385
-0.506
-0.315
-0.351
-0.399
-0.291
-0.211
-0.205
-0.261
-0.208
-0.147
-0.19
-0.175
-0.135
-0.19
-0.026
-0.139
0.077
0.158
0.118
0.085
-0.085
0.288
0.02
0.004
0.136
0.208
0.448
0.344
0.214
0.104
0.131
0.135
0.011
0.021
-0.034
-0.171
-0.283
-0.297
-0.295
-0.341
-0.446
-0.444
-0.511
-0.594
-0.604
-0.527
-0.494
-0.413
-0.496
-0.667
-0.594
-0.638
-0.761
-0.873
-0.953
-0.909
-0.8
-0.708
-0.703
-0.535
-0.473
-0.394
-0.294
-0.41
-0.531
-0.704
-0.65
-0.539
-0.459
-0.465
-0.434
-0.016
-0.149
-0.171
-0.307
-0.211
-0.173
-0.329
-0.409
-0.376
-0.319
-0.126
-0.025
-0.065
0.045
0.124
0.134
0.085
-0.062
0.045
0.095
0.191
0.212
0.121
0.143
0.159
0.084
0.001
-0.081
-0.08
-0.149
-0.09
-0.128
-0.005
-0.064
-0.074
-0.044
-0.005
-0.118
-0.201
-0.206
-0.089
-0.076
-0.165
0.159
-0.05
-0.04
-0.131
-0.056
0.152
0.086
0.305
0.145
0.156
0.06
0.236
0.318
0.334
0.354
0.253
0.235
0.242
0.189
0.296
0.194
0.19
0.141
0.144
0.105
0.035
0.094
-0.052
0.069
-0.033
-0.03
-0.147
0.024
0.116
0.163
0.408
0.501
0.525
0.638
0.769
0.8
0.88
0.876
0.991
0.955
1.038
1.1
1.059
1.062
0.746
0.72
0.81
0.674
0.723
0.605
0.544
0.486
0.638
0.449
0.314
0.329
0.409
0.471
0.526
0.276
0.226
0.04
-0.139
-0.307
-0.357
-0.393
-0.315
-0.408
-0.489
-0.5
-0.766
