-0.41
-0.456
-0.354
-0.258
-0.226
-0.194
-0.136
-0.154
0.071
0.004
0.071
0.034
0.055
0.175
0.275
0.346
0.43
0.724
0.966
0.956
0.917
0.902
1.049
0.94
0.911
0.93
0.791
0.724
0.555
0.566
0.316
0.31
0.281
0.51
0.47
0.359
0.115
-0.07
-0.205
-0.14
-0.114
-0.054
-0.001
0.193
0.02
0.046
0.076
0.02
0.095
-0.009
-0.059
-0.028
-0.024
-0.079
-0.071
-0.075
-0.249
-0.212
-0.284
-0.359
-0.534
-0.509
-0.365
-0.301
-0.049
-0.035
0.114
0.288
0.444
0.551
0.586
0.489
0.408
0.389
0.335
0.253
0.074
-0.018
-0.165
0.02
-0.215
-0.139
-0.022
0.08
0.284
0.356
0.47
0.566
0.655
0.849
0.781
0.845
0.965
0.724
0.65
0.589
0.605
0.578
0.546
0.542
0.568
0.49
0.451
0.398
0.263
0.249
0.144
0.233
0.205
0.383
0.391
0.441
0.504
0.394
0.491
0.386
0.39
0.408
0.374
0.253
0.214
0.266
0.296
0.346
0.299
0.116
0.177
0.168
0.049
0.206
0.041
0.055
0.041
0.121
-0.09
-0.094
-0.196
-0.249
-0.24
-0.35
-0.469
-0.454
-0.537
-0.375
-0.532
-0.438
-0.348
-0.228
-0.226
-0.385
-0.416
-0.449
-0.291
-0.21
0.019
0.016
-0.083
-0.122
-0.065
-0.129
-0.219
-0.144
-0.195
-0.319
-0.426
-0.338
-0.283
-0.259
-0.216
-0.188
-0.1
-0.1
-0.025
0.075
0.072
0.013
0.174
0.245
0.2
0.141
0.009
0.039
0.12
0.364
0.471
0.68
0.833
0.639
0.62
0.64
0.744
0.866
0.775
0.929
0.865
0.935
0.897
0.764
0.755
0.934
0.902
0.845
1.009
0.96
0.925
0.868
0.731
0.672
0.561
0.568
0.497
0.41
0.47
0.212
0.228
0.154
-0.076
0.024
-0.095
-0.021
-0.01
-0.005
0.007
-0.116
-0.165
-0.429
-0.604
-0.679
-0.907
-0.593
-0.771
-0.733
-0.64
-0.492
-0.372
-0.419
-0.536
-0.688
-0.609
-0.694
-0.755
-0.891
-0.874
-0.889
-0.92
-0.811
-0.876
-0.785
-0.738
-0.634
-0.801
-0.691
-0.65
-0.647
-0.534
-0.511
-0.505
-0.586
-0.63
-0.719
-0.711
-0.665
-0.576
-0.593
-0.725
-0.586
-0.451
-0.568
-0.583
-0.515
-0.495
-0.619
-0.534
-0.682
-0.751
-0.733
-0.7
-0.772
-0.59
-0.455
-0.595
-0.5
-0.459
-0.471
-0.471
-0.586
-0.585
-0.49
-0.296
-0.37
-0.361
-0.236
-0.074
0.15
0.33
0.226
0.128
0.18
0.219
0.2
0.231
0.114
0.164
0.118
0.158
0.196
0.31
0.372
0.496
0.731
0.765
0.728
0.9
1.019
1.125
1.155
1.16
1.205
1.366
1.306
1.306
1.214
1.338
1.482
1.381
1.224
1.121
1.002
0.917
1.041
0.82
0.836
0.679
0.693
0.779
0.81
0.681
0.754
0.639
0.784
0.704
0.831
0.914
0.825
0.794
0.772
0.65
0.725
0.504
0.478
0.175
0.046
-0.022
-0.173
-0.266
-0.336
-0.398
-0.534
-0.443
-0.73
-0.743
-0.719
-0.728
-1.025
-1.106
-1.049
-1.069
-1.093
-1.154
-1.25
-1.06
-1.23
-1.21
-1.123
-0.922
-0.753
-0.681
-0.432
-0.453
-0.28
-0.366
-0.205
-0.144
-0.001
-0.058
0.116
0.191
0.247
0.3
0.359
0.378
0.284
0.439
0.508
0.675
0.764
0.661
0.534
0.405
0.269
0.211
0.21
0.264
0.443
0.486
0.356
0.304
0.372
0.415
0.355
0.38
0.335
0.285
0.364
0.36
0.058
0.28
0.258
0.182
0.482
0.521
0.519
0.489
0.552
0.625
0.86
0.739
0.616
0.621
0.781
0.405
0.664
0.512
0.639
0.649
0.606
0.65
0.756
0.83
0.703
0.685
0.72
0.786
0.746
0.7
0.756
0.786
0.689
0.816
0.6
0.628
0.556
0.633
0.69
0.738
0.946
0.909
0.853
0.69
0.566
0.611
0.441
0.405
0.291
0.209
0.166
-0.049
-0.205
-0.432
-0.504
-0.64
-0.726
-0.693
-0.743
-0.87
-0.976
-0.934
-0.811
-0.816
-0.46
-0.646
-0.466
-0.415
-0.263
-0.203
-0.091
0.009
0.163
0.223
0.28
0.314
0.297
0.456
0.542
0.691
0.701
0.715
0.823
0.734
0.679
0.614
0.641
0.736
0.82
0.726
0.51
0.489
0.375
0.371
0.265
0.212
0.1
0.16
0.198
0.109
0.076
0.109
0.295
0.364
0.409
0.339
0.335
0.29
0.478
0.414
0.396
0.385
0.413
0.312
0.554
0.44
0.422
0.292
0.383
0.3
0.414
0.429
0.48
0.492
0.393
0.278
0.318
0.159
0.168
0.083
0.241
0.176
0.094
0.166
0.149
0.079
0.094
0.055
-0.177
-0.365
-0.325
-0.235
-0.256
-0.229
-0.193
-0.139
-0.103
-0.05
-0.018
-0.115
-0.203
-0.32
-0.333
-0.35
-0.501
-0.574
-0.71
-0.647
-0.584
-0.656
-0.503
-0.611
-0.564
-0.659
-0.583
-0.724
-0.657
-0.743
-0.695
-0.647
-0.531
-0.264
-0.196
0.05
0.21
0.26
0.341
0.367
0.314
0.355
0.255
0.181
0.118
0.035
-0.01
0.033
0.069
0.196
0.348
0.284
0.366
0.348
0.427
0.42
0.369
0.28
0.121
0.173
0.19
0.033
0.025
-0.084
0.021
-0.006
0.081
0.019
-0.179
-0.189
-0.193
-0.336
-0.381
-0.365
-0.316
-0.411
-0.288
-0.491
-0.601
-0.578
-0.486
-0.46
-0.421
-0.269
-0.346
-0.234
-0.302
-0.37
-0.417
-0.52
-0.532
-0.5
-0.401
-0.177
-0.156
-0.217
0.13
-0.036
-0.081
0.003
-0.32
-0.263
-0.092
-0.24
-0.203
-0.235
-0.305
-0.24
-0.431
-0.504
-0.551
-0.711
-0.768
-0.904
-0.815
-0.925
-1.026
-1.048
-1.208
-1.06
-1.046
-0.956
-1.012
-1.051
-1.045
-1.211
-1.051
-1.235
-1.062
-0.792
-0.753
-0.713
-0.699
-0.573
-0.57
-0.659
-0.634
-0.562
-0.596
-0.479
-0.458
-0.474
-0.525
-0.386
-0.191
-0.189
-0.239
-0.205
-0.249
-0.171
-0.203
-0.092
-0.071
0.128
0.119
0.129
0.26
0.381
0.346
0.319
0.247
0.143
0.131
0.129
0.131
0.203
0.235
0.256
0.355
0.55
0.536
0.574
0.485
0.509
0.541
0.449
0.557
0.422
0.286
0.276
0.321
0.158
0.288
0.375
0.295
0.094
-0.019
-0.175
-0.16
-0.121
-0.147
-0.249
-0.434
-0.404
-0.208
-0.138
-0.043
-0.182
0.122
-0.09
0.124
0.324
0.273
0.47
0.46
0.481
0.348
0.234
0.394
0.526
0.443
0.249
0.211
0.304
0.434
0.596
0.495
0.439
0.508
0.669
0.68
0.809
0.87
0.902
0.88
0.809
0.845
0.726
0.708
0.573
0.537
0.517
0.388
0.285
0.198
0.296
0.194
0.141
0.065
0.041
-0.124
-0.203
-0.343
-0.318
-0.434
-0.546
-0.591
-0.619
-0.672
-0.715
-0.734
-0.735
-0.629
-0.636
-0.691
-0.566
-0.657
-0.532
-0.494
-0.376
-0.154
-0.201
-0.124
0.191
0.401
0.422
0.304
0.193
0.316
0.333
0.19
0.118
-0.018
-0.048
-0.182
-0.311
-0.372
-0.405
-0.473
-0.351
-0.309
-0.348
-0.381
-0.328
-0.348
-0.352
-0.311
-0.307
-0.271
-0.103
-0.171
-0.306
-0.425
-0.434
-0.23
-0.113
-0.191
-0.085
-0.138
-0.422
-0.395
-0.485
-0.405
-0.211
-0.212
-0.138
-0.312
-0.247
-0.198
-0.091
0.143
0.175
0.239
0.39
0.417
0.547
0.438
0.517
0.545
0.56
0.48
0.45
0.245
0.125
0.134
0.201
0.331
-0.08
-0.071
-0.134
-0.136
-0.229
-0.217
-0.246
-0.114
-0.037
-0.135
-0.144
0.019
-0.069
0.114
0.058
-0.019
0.119
0.071
-0.004
-0.113
-0.11
-0.181
-0.244
-0.016
0.118
0.071
0.161
0.114
0.273
0.24
0.245
0.23
0.333
0.233
0.163
0.226
0.113
0.096
0.096
0.083
0.139
0.105
0.071
0.099
-0.014
-0.164
-0.125
-0.106
-0.235
-0.146
-0.122
-0.014
0.05
-0.022
0.155
0.08
0.0
0.163
0.166
0.083
0.003
0.104
0.26
0.323
0.255
0.288
0.459
0.333
0.42
0.465
0.324
0.376
0.302
0.319
0.199
0.346
0.219
0.231
0.3
0.205
0.141
0.092
0.115
0.168
0.186
0.129
0.244
0.249
0.276
0.179
0.256
0.203
0.115
0.393
0.19
0.12
0.217
0.062
0.139
0.269
0.164
0.263
0.22
0.315
0.312
0.079
0.011
0.083
0.136
0.071
-0.007
0.045
0.085
0.089
0.171
0.226
0.169
0.217
0.231
0.341
0.394
0.435
0.411
0.32
0.396
0.465
0.371
0.286
0.188
0.143
0.031
-0.1
-0.044
-0.049
-0.165
-0.305
-0.085
-0.118
-0.241
-0.321
-0.383
-0.283
-0.247
-0.352
-0.335
-0.395
-0.405
-0.265
-0.441
-0.537
-0.44
-0.325
-0.419
-0.501
-0.539
-0.689
-0.719
-0.816
-0.8
-0.81
-0.691
-0.579
-0.591
-0.549
-0.634
-0.52
-0.223
-0.096
0.006
-0.111
-0.072
-0.105
-0.069
-0.135
-0.085
-0.115
-0.065
0.044
0.022
0.18
0.173
0.335
0.431
0.386
0.432
0.501
0.575
0.408
0.318
0.266
0.154
0.182
0.156
0.11
0.069
0.037
0.134
0.1
-0.133
-0.034
0.059
0.028
-0.131
-0.143
-0.086
-0.206
-0.211
-0.251
-0.254
-0.253
-0.356
-0.434
-0.448
-0.364
-0.458
-0.398
-0.338
-0.459
-0.417
-0.566
-0.646
-0.701
-0.611
-0.48
-0.385
-0.425
-0.436
-0.271
-0.166
-0.154
-0.221
-0.134
-0.072
-0.176
-0.113
-0.152
-0.147
-0.114
-0.15
-0.056
-0.146
-0.091
-0.054
0.049
0.103
0.007
0.009
-0.007
-0.234
-0.238
-0.146
-0.333
-0.419
-0.372
-0.445
-0.458
-0.47
-0.421
-0.484
-0.515
-0.569
-0.63
-0.625
-0.471
-0.688
-0.52
-0.566
-0.588
-0.552
-0.384
-0.43
-0.484
-0.29
-0.414
-0.311
-0.326
-0.246
-0.189
-0.13
-0.085
-0.071
0.1
0.175
0.249
0.096
0.098
0.052
0.095
0.116
0.211
0.228
0.15
0.221
0.194
0.184
0.173
0.228
0.223
0.184
0.394
0.379
0.215
0.28
0.174
0.168
0.166
0.17
0.086
0.143
0.196
-0.037
0.065
0.037
-0.02
-0.085
-0.054
-0.139
-0.182
-0.138
-0.26
-0.24
-0.254
-0.145
-0.133
-0.089
-0.221
-0.191
-0.174
-0.195
-0.124
-0.034
0.094
0.14
0.215
0.169
0.125
0.159
0.203
0.107
0.061
-0.011
0.031
-0.051
-0.17
-0.109
0.09
0.081
0.101
-0.026
-0.086
-0.005
-0.11
-0.16
-0.305
-0.328
-0.292
-0.386
-0.515
-0.641
-0.585
-0.541
-0.409
-0.367
-0.426
-0.302
-0.429
-0.35
-0.259
-0.365
-0.306
-0.43
-0.458
-0.532
-0.431
-0.315
-0.372
-0.343
-0.199
-0.103
-0.114
-0.119
-0.009
0.066
0.01
-0.113
-0.044
-0.05
0.006
-0.134
-0.209
-0.105
-0.283
-0.193
-0.119
-0.198
-0.216
-0.279
-0.755
-0.212
-0.058
-0.195
-0.215
-0.315
-0.11
-0.028
-0.069
0.015
0.05
0.034
0.07
0.043
0.061
0.06
0.094
-0.014
0.106
0.07
0.007
-0.064
-0.095
0.03
0.124
0.165
0.061
0.194
0.136
0.179
0.185
-0.007
0.101
-0.018
-0.099
-0.159
-0.122
-0.355
-0.324
-0.517
-0.372
-0.465
-0.486
-0.432
-0.362
-0.486
-0.479
-0.521
-0.557
-0.59
-0.505
-0.56
-0.57
-0.495
-0.495
-0.404
-0.424
-0.415
-0.351
-0.365
-0.388
-0.391
-0.305
-0.294
-0.233
-0.161
-0.223
-0.185
-0.179
-0.259
-0.193
-0.246
-0.095
-0.136
-0.088
-0.014
0.022
-0.011
0.074
0.115
0.034
0.022
0.175
0.174
0.346
0.326
0.25
0.069
0.163
0.233
0.231
0.323
0.33
0.314
0.284
0.255
0.141
0.028
0.033
-0.005
0.173
0.048
0.084
0.092
-0.12
-0.058
-0.164
-0.266
-0.268
-0.254
-0.225
-0.357
-0.391
-0.246
-0.249
0.015
-0.072
0.05
0.01
-0.031
0.028
0.084
0.154
0.081
0.251
0.366
0.352
0.39
0.383
0.508
0.448
0.393
0.501
0.562
0.585
0.555
0.478
0.299
0.263
0.443
0.32
0.325
0.374
0.361
0.362
0.216
0.128
0.226
0.091
0.13
0.14
0.099
0.059
0.265
0.126
0.17
0.035
0.107
0.088
0.122
0.116
0.135
0.09
-0.085
0.015
0.095
-0.022
-0.01
-0.013
0.004
-0.058
-0.045
-0.058
-0.061
-0.077
-0.11
-0.13
-0.205
-0.143
-0.096
-0.036
-0.214
-0.25
-0.254
-0.362
-0.291
-0.325
-0.338
-0.228
-0.212
-0.139
-0.225
-0.212
-0.24
-0.086
-0.05
-0.081
-0.16
-0.009
-0.074
-0.113
-0.024
0.181
0.247
0.085
0.09
0.107
0.151
0.128
0.163
0.254
0.236
0.216
0.323
0.304
0.357
0.305
0.299
0.268
0.289
0.339
0.276
0.231
0.242
0.246
0.233
0.247
0.17
0.124
0.034
-0.004
0.001
-0.099
-0.028
0.001
0.007
-0.121
-0.1
-0.113
-0.116
-0.159
-0.092
-0.079
0.01
-0.004
-0.054
-0.076
-0.135
-0.165
-0.221
-0.14
-0.325
-0.335
-0.17
-0.359
-0.491
-0.482
-0.515
-0.461
-0.409
-0.386
-0.371
-0.427
-0.36
-0.258
-0.284
-0.203
-0.159
-0.06
-0.092
-0.081
-0.076
-0.115
-0.024
-0.079
-0.059
0.096
0.034
0.084
0.143
0.219
0.184
0.234
0.221
0.333
0.359
0.333
0.288
0.362
0.348
0.436
0.491
0.375
0.336
0.398
0.409
0.458
0.434
0.398
0.465
0.431
0.388
0.395
0.435
0.341
0.434
0.31
0.408
0.409
0.349
0.359
0.299
0.299
0.246
0.311
0.302
0.159
0.182
0.092
0.133
0.016
-0.062
-0.007
-0.043
-0.069
-0.028
-0.003
-0.026
0.013
0.088
-0.004
-0.046
-0.096
0.022
0.059
0.062
0.003
0.083
0.006
0.043
0.1
0.203
0.122
0.168
0.254
0.238
0.274
0.235
0.297
0.389
0.371
0.29
0.177
0.278
0.095
0.101
0.194
0.18
0.209
0.289
0.199
0.156
0.07
0.033
0.015
0.13
0.072
0.061
0.116
0.081
0.254
0.208
0.31
0.259
0.355
0.384
0.394
0.463
0.514
0.599
0.595
0.547
0.601
0.63
0.76
0.733
0.789
0.718
0.777
0.866
0.88
0.818
0.834
0.766
0.781
0.761
0.669
0.575
0.551
0.585
0.503
0.415
0.51
0.486
0.291
0.23
0.144
0.076
0.08
0.06
0.04
-0.019
-0.076
-0.249
-0.129
-0.111
-0.101
-0.048
0.043
0.069
0.033
-0.01
-0.004
0.113
-0.045
-0.013
-0.024
-0.086
-0.15
-0.234
-0.244
-0.214
-0.05
-0.075
-0.166
-0.111
-0.111
-0.076
-0.033
-0.041
-0.09
-0.05
-0.058
-0.055
0.014
0.051
0.08
0.062
0.106
0.131
0.196
0.05
0.028
0.274
0.242
0.297
0.431
0.496
0.512
0.504
0.677
0.624
0.721
0.776
0.734
0.677
0.521
0.479
0.414
0.505
0.535
0.411
0.414
0.403
0.374
0.405
0.441
0.394
0.408
0.5
0.514
0.63
0.638
0.694
0.795
0.899
0.806
0.716
0.886
0.902
0.834
0.818
0.694
0.685
0.647
0.78
0.73
0.68
0.574
0.492
0.631
0.583
0.708
0.606
0.564
0.463
0.494
0.356
0.361
0.297
0.238
0.223
0.161
0.179
0.194
0.094
0.033
-0.052
-0.036
0.031
0.174
0.19
0.188
0.281
0.319
0.361
0.259
0.273
0.228
0.221
0.17
0.174
-0.011
-0.061
-0.238
-0.372
-0.247
-0.249
-0.239
-0.269
-0.291
-0.455
-0.586
-0.691
-0.876
-1.044
-1.099
-1.11
-1.145
-1.104
-1.164
-1.166
-1.24
-1.048
-1.165
-1.211
-1.153
-1.157
-1.06
-0.995
-0.772
-0.835
-0.807
-0.838
-0.77
-0.701
-0.726
-0.682
-0.698
-0.671
-0.638
-0.51
-0.443
-0.487
-0.436
-0.135
-0.028
0.046
0.004
0.092
0.007
0.25
0.134
0.395
0.491
0.674
0.496
0.659
0.753
0.787
0.698
0.608
0.593
0.554
0.537
0.565
0.431
0.404
0.414
0.329
0.344
0.175
0.253
0.105
-0.076
-0.169
-0.189
-0.275
-0.29
-0.323
-0.364
-0.398
-0.615
-0.444
-0.408
-0.408
-0.294
-0.333
-0.208
-0.086
0.154
0.186
0.0
0.217
0.409
0.466
0.639
0.383
0.4
0.508
0.409
0.385
0.44
0.281
0.344
0.436
0.491
0.474
0.615
0.605
0.759
0.77
0.929
0.956
0.907
0.951
0.875
0.736
0.672
0.295
0.432
0.122
0.141
0.045
-0.184
-0.335
-0.255
-0.24
-0.166
-0.076
-0.119
0.014
0.109
0.095
-0.019
0.0
0.044
0.039
-0.049
0.043
-0.024
0.059
0.129
0.134
0.143
0.19
0.315
0.134
0.206
0.269
0.188
0.131
-0.109
0.0
-0.092
0.113
0.074
0.115
0.085
0.098
0.07
-0.16
-0.215
-0.198
-0.116
-0.171
-0.229
-0.35
-0.307
-0.251
-0.174
-0.169
0.011
-0.006
-0.159
-0.098
-0.066
-0.17
-0.099
-0.033
-0.028
0.098
0.026
0.039
0.114
-0.04
-0.115
-0.08
-0.158
-0.379
-0.385
-0.557
-0.487
-0.466
-0.394
-0.469
-0.459
-0.6
-0.616
-0.71
-0.875
-0.919
-0.971
-0.961
-1.056
-1.008
-1.051
-1.061
-1.0
-1.064
-1.015
-0.749
-0.754
-0.7
-0.568
-0.552
-0.453
-0.515
-0.151
-0.24
-0.306
-0.309
-0.306
-0.266
-0.292
-0.344
-0.389
-0.221
-0.224
-0.092
-0.084
-0.141
-0.295
-0.362
-0.193
-0.075
-0.15
-0.166
-0.081
-0.043
-0.072
0.08
0.006
-0.105
-0.034
0.05
0.054
0.062
0.141
0.12
0.254
0.184
0.388
0.429
0.505
0.44
0.374
0.302
0.424
0.459
0.45
0.318
0.251
0.285
0.434
0.319
0.394
0.14
0.324
0.263
0.461
0.394
0.413
0.325
0.131
0.083
0.182
0.241
0.269
0.304
0.239
0.253
0.15
0.034
0.115
-0.088
0.021
-0.045
-0.033
-0.106
-0.08
0.014
0.014
0.224
0.309
0.422
0.41
0.349
0.417
0.417
0.443
0.509
0.549
0.501
0.422
0.286
0.301
0.406
0.234
0.294
0.072
0.281
0.21
0.154
0.259
0.439
0.579
0.583
0.562
0.654
0.601
0.355
0.305
0.391
0.294
0.173
0.133
0.001
0.013
0.005
0.08
-0.019
-0.07
0.039
0.021
0.07
-0.091
-0.169
-0.326
-0.414
-0.375
-0.479
-0.351
-0.31
-0.181
-0.249
-0.421
-0.434
-0.453
-0.265
-0.338
-0.414
-0.249
-0.385
-0.419
-0.349
-0.22
-0.323
-0.321
-0.386
-0.435
-0.519
-0.633
-0.704
-0.53
-0.43
-0.376
-0.341
-0.422
-0.244
-0.205
-0.198
-0.134
-0.091
-0.195
-0.27
-0.19
-0.171
-0.174
-0.058
-0.059
0.055
0.193
0.238
0.413
0.208
0.136
0.285
0.314
0.335
0.443
0.568
0.501
0.521
0.461
0.576
0.335
0.338
0.459
0.546
0.578
0.525
0.466
0.514
0.579
0.468
0.434
0.345
0.309
0.344
0.23
0.285
0.292
0.295
0.339
0.329
0.259
0.128
-0.029
-0.191
-0.296
-0.424
-0.59
-0.386
-0.372
-0.355
-0.439
-0.383
-0.285
-0.366
-0.381
-0.242
-0.154
-0.126
-0.021
0.131
0.022
0.09
0.206
0.255
0.224
0.29
0.413
0.396
0.299
0.14
0.185
0.335
0.297
0.329
0.224
0.161
0.23
0.278
0.274
0.366
0.529
0.536
0.623
0.647
0.619
0.601
0.532
0.259
0.228
0.011
0.072
-0.055
0.039
-0.005
-0.116
-0.23
-0.37
-0.182
-0.482
-0.432
-0.446
-0.565
-0.44
-0.289
-0.316
-0.279
-0.441
-0.331
-0.362
-0.386
-0.429
-0.573
-0.357
-0.505
-0.564
-0.45
-0.473
-0.393
-0.352
-0.45
-0.512
-0.534
-0.581
-0.713
-0.694
-0.791
-0.684
-0.744
-0.636
-0.61
-0.521
-0.626
-0.659
-0.753
-0.833
-0.745
-0.745
-0.475
-0.385
-0.37
-0.364
-0.43
-0.631
-0.603
-0.71
-0.537
-0.561
-0.54
-0.635
-0.677
-0.584
-0.62
-0.551
-0.575
-0.487
-0.527
-0.44
-0.384
-0.099
0.205
0.24
0.448
0.44
0.605
0.624
0.525
0.537
0.497
0.681
0.583
0.68
0.647
0.845
0.714
0.66
0.59
0.63
0.445
0.354
0.254
0.203
0.15
0.048
0.019
-0.12
-0.152
-0.219
-0.096
-0.181
-0.268
-0.499
-0.463
-0.459
-0.608
-0.456
-0.455
-0.425
-0.336
-0.404
-0.427
-0.235
-0.074
-0.019
-0.091
-0.028
0.107
0.17
0.22
0.331
0.354
0.381
0.338
0.244
0.256
0.062
-0.104
-0.066
-0.08
0.039
-0.13
-0.121
-0.212
-0.289
-0.292
-0.348
-0.217
-0.318
-0.389
-0.41
-0.465
-0.738
-0.588
-0.579
-0.694
-0.485
-0.568
-0.422
-0.408
-0.311
-0.295
-0.289
-0.292
-0.369
-0.51
-0.569
-0.703
-0.858
-0.713
-0.9
-0.996
-0.983
-1.006
-1.059
-1.181
-1.139
-1.228
-1.265
-1.111
-0.963
-0.745
-0.608
-0.594
-0.458
-0.366
-0.403
-0.35
-0.299
-0.125
-0.12
-0.115
-0.151
-0.251
-0.151
-0.225
0.01
-0.105
-0.099
0.146
0.111
0.253
0.348
0.234
0.22
0.381
0.371
0.446
0.545
0.594
0.584
0.616
0.695
0.438
0.515
0.676
0.48
0.511
0.445
0.616
0.344
0.316
0.269
0.465
0.349
0.391
0.456
0.557
0.583
0.749
0.835
0.861
0.841
0.824
0.845
0.853
0.976
0.921
1.1
