-0.372
-0.536
-0.535
-0.616
-0.672
-0.772
-0.886
-0.835
-0.939
-0.973
-1.015
-0.912
-0.985
-0.835
-0.764
-0.77
-0.564
-0.464
-0.492
-0.333
-0.338
-0.238
-0.273
-0.083
-0.074
0.219
0.458
0.475
0.571
0.461
0.705
0.661
0.662
0.768
0.738
0.849
0.843
0.869
0.969
0.99
0.975
1.159
1.189
1.196
1.281
1.124
1.161
1.161
1.032
0.889
0.854
0.598
0.659
0.49
0.404
0.168
-0.165
-0.25
-0.258
-0.379
-0.456
-0.331
-0.235
-0.265
-0.258
-0.296
-0.376
-0.284
-0.274
-0.246
-0.147
0.021
0.052
0.033
0.089
0.126
0.147
0.21
0.255
0.275
0.304
0.41
0.389
0.487
0.406
0.448
0.458
0.436
0.575
0.446
0.55
0.365
0.296
0.323
0.169
0.034
0.058
-0.059
-0.026
-0.098
-0.211
-0.121
-0.335
-0.375
-0.417
-0.098
-0.18
-0.116
-0.251
-0.089
-0.103
-0.11
-0.271
-0.26
-0.265
-0.276
-0.141
-0.152
-0.089
-0.105
-0.134
-0.113
-0.081
0.08
0.194
0.348
0.16
0.185
0.131
-0.069
-0.09
-0.171
-0.022
-0.1
-0.196
-0.223
-0.135
0.036
0.099
0.163
0.281
0.475
0.604
0.685
0.876
0.868
0.844
0.869
0.939
0.889
0.916
0.751
0.68
0.754
0.78
0.685
0.7
0.659
0.516
0.509
0.58
0.531
0.482
0.294
0.184
0.198
0.295
0.285
0.408
0.454
0.305
0.385
0.236
0.266
0.275
0.238
0.147
0.052
0.005
-0.062
-0.064
-0.2
-0.364
-0.305
-0.388
-0.468
-0.526
-0.695
-0.769
-0.86
-1.034
-1.175
-1.175
-1.081
-1.151
-1.209
-1.222
-1.109
-1.17
-1.196
-1.051
-0.911
-0.943
-0.961
-1.042
-0.835
-1.008
-0.961
-0.848
-1.073
-1.075
-1.104
-1.166
-0.993
-0.819
-0.661
-0.443
-0.388
-0.318
-0.301
-0.193
-0.11
-0.179
-0.206
-0.226
-0.228
-0.328
-0.4
-0.549
-0.547
-0.667
-0.706
-0.73
-0.841
-0.787
-0.879
-0.926
-0.88
-0.8
-0.868
-0.984
-1.034
-0.995
-0.849
-0.797
-0.816
-0.657
-0.645
-0.679
-0.714
-0.606
-0.448
-0.38
-0.271
-0.256
-0.133
-0.316
-0.24
-0.235
-0.229
-0.075
-0.056
-0.179
-0.086
-0.171
0.064
0.271
0.304
0.439
0.541
0.744
0.891
0.966
0.899
0.883
1.011
0.86
0.804
0.838
0.821
0.804
0.746
0.726
0.706
0.681
0.654
0.713
0.649
0.517
0.448
0.527
0.517
0.576
0.705
0.44
0.395
0.589
0.568
0.421
0.147
0.101
0.036
0.09
0.035
-0.046
0.141
-0.018
-0.101
0.013
0.05
-0.01
0.015
-0.083
-0.221
-0.427
-0.394
-0.309
-0.376
-0.388
-0.333
-0.545
-0.596
-0.539
-0.508
-0.434
-0.375
-0.216
-0.1
-0.126
-0.04
0.001
0.109
0.055
0.138
-0.059
-0.099
-0.016
0.14
0.27
0.196
0.275
0.334
0.495
0.515
0.425
0.501
0.47
0.547
0.326
0.268
0.24
0.276
0.396
0.406
0.434
0.508
0.351
0.307
0.151
0.114
0.086
0.331
0.491
0.708
0.771
0.875
1.022
0.905
0.914
1.024
1.107
1.298
1.164
1.19
1.224
1.189
1.201
1.095
0.986
0.978
0.919
0.83
0.743
0.738
0.209
0.541
0.551
0.509
0.471
0.486
0.378
0.341
0.258
0.241
0.106
0.091
-0.143
-0.297
-0.289
-0.647
-0.682
-0.785
-0.899
-1.075
-1.141
-0.941
-1.051
-1.21
-1.33
-1.271
-1.141
-1.133
-1.024
-1.211
-1.153
-1.154
-1.031
-0.965
-0.833
-0.853
-0.662
-0.554
-0.48
-0.177
-0.114
-0.052
-0.081
0.052
0.048
0.086
0.233
0.208
0.092
0.152
0.091
0.05
0.131
0.203
0.143
0.106
0.08
0.099
0.039
0.09
0.101
0.081
0.145
0.07
0.022
-0.076
-0.009
0.005
-0.077
-0.121
-0.089
-0.044
-0.119
-0.18
-0.24
-0.336
-0.31
-0.406
-0.29
-0.242
-0.116
-0.181
-0.371
-0.521
-0.551
-0.626
-0.601
-0.522
-0.541
-0.589
-0.348
-0.44
-0.231
-0.1
0.036
0.231
0.174
0.312
0.274
0.205
0.321
0.445
0.413
0.379
0.37
0.359
0.451
0.394
0.302
0.175
0.186
0.13
0.209
0.194
0.161
0.193
0.299
0.302
0.265
0.138
0.161
0.314
0.212
0.041
0.099
0.286
0.286
0.161
0.168
0.092
-0.04
0.044
0.19
0.245
0.288
0.305
0.151
0.219
0.208
0.485
0.375
0.254
0.075
0.001
-0.037
0.23
0.184
0.121
0.109
0.159
-0.021
0.177
0.266
0.294
0.394
0.338
0.231
0.344
0.379
0.321
0.285
0.269
0.366
0.26
0.325
0.386
0.05
-0.004
0.035
0.098
0.309
0.168
0.056
0.181
0.06
-0.039
0.058
0.114
0.085
0.064
0.119
0.065
0.122
0.06
-0.072
-0.033
-0.198
-0.069
-0.208
-0.149
-0.083
0.026
-0.051
-0.065
-0.149
-0.085
-0.198
-0.241
-0.388
-0.631
-0.66
-0.655
-0.578
-0.62
-0.734
-0.654
-0.766
-0.751
-0.626
-0.554
-0.375
-0.401
-0.376
-0.438
-0.319
-0.256
-0.173
-0.151
-0.238
-0.31
-0.432
-0.177
-0.361
-0.443
-0.38
-0.36
-0.299
-0.319
-0.39
-0.369
-0.305
-0.444
-0.482
-0.425
-0.531
-0.562
-0.535
-0.614
-0.504
-0.589
-0.573
-0.623
-0.657
-0.619
-0.574
-0.508
-0.569
-0.473
-0.41
-0.275
-0.17
-0.193
0.004
0.166
0.24
0.205
0.141
0.242
0.295
0.184
0.176
0.258
0.254
0.346
0.311
0.336
0.278
0.205
0.122
0.133
0.109
0.074
-0.055
-0.151
-0.21
-0.228
-0.233
-0.182
-0.16
-0.219
-0.186
-0.35
-0.212
-0.25
-0.206
-0.233
-0.28
-0.158
-0.289
-0.27
-0.311
-0.176
-0.208
-0.393
-0.318
-0.408
-0.294
-0.2
-0.19
-0.1
0.051
0.115
0.086
0.212
0.239
0.309
0.246
0.296
0.289
0.351
0.302
0.351
0.383
0.264
0.253
0.216
0.21
0.159
0.203
0.179
0.147
0.349
0.242
0.168
0.205
0.128
0.12
0.098
-0.089
-0.224
-0.118
-0.174
-0.221
-0.279
-0.351
-0.24
-0.441
-0.378
-0.48
-0.505
-0.52
-0.505
-0.561
-0.593
-0.635
-0.644
-0.566
-0.427
-0.451
-0.46
-0.403
-0.348
-0.288
-0.357
-0.17
-0.378
-0.403
-0.238
-0.261
-0.231
-0.181
-0.106
-0.161
-0.201
-0.103
-0.08
-0.05
0.055
0.072
0.094
0.065
0.234
0.119
0.141
0.2
0.214
0.131
0.234
0.17
0.194
0.16
0.069
0.249
0.258
0.15
0.165
0.163
0.035
0.084
-0.04
-0.066
-0.039
-0.114
-0.055
-0.054
0.005
-0.043
0.044
0.129
0.141
0.126
0.033
0.071
0.124
0.05
0.024
0.134
-0.005
0.126
-0.052
-0.029
-0.029
-0.139
-0.199
-0.209
-0.312
-0.355
-0.372
-0.328
-0.41
-0.586
-0.426
-0.57
-0.564
-0.608
-0.503
-0.408
-0.524
-0.429
-0.464
-0.393
-0.406
-0.341
-0.165
-0.31
-0.152
-0.118
-0.006
-0.015
0.099
0.159
0.27
0.111
0.109
0.124
0.17
0.14
0.188
0.184
0.297
0.283
0.3
0.098
0.1
0.075
-0.01
-0.054
0.065
0.005
0.051
-0.011
0.054
0.105
0.103
-0.003
-0.048
0.054
0.107
0.048
0.199
0.156
0.349
0.105
0.122
0.143
0.163
0.233
0.284
0.149
0.114
0.118
0.329
0.292
0.216
0.215
0.238
0.175
0.208
0.155
0.074
0.164
0.085
0.169
0.103
0.095
0.076
0.074
0.066
0.033
0.134
0.003
0.005
0.005
-0.011
0.021
-0.06
-0.039
-0.099
-0.116
-0.15
-0.069
-0.171
-0.249
-0.181
-0.245
-0.269
-0.205
-0.268
-0.171
-0.244
-0.365
-0.154
-0.246
-0.281
-0.256
-0.17
-0.075
-0.024
-0.088
-0.037
-0.17
-0.018
-0.11
-0.101
-0.077
-0.096
-0.099
-0.089
-0.139
-0.05
0.04
0.124
0.17
0.215
0.225
0.139
0.184
0.107
0.24
0.121
0.103
0.193
0.069
0.164
0.095
0.159
0.201
0.195
0.201
0.201
0.265
0.319
0.334
0.346
0.22
0.201
0.129
0.201
0.144
0.081
0.03
0.206
-0.043
-0.039
-0.114
-0.146
-0.086
-0.219
-0.233
-0.3
-0.31
-0.26
-0.27
-0.325
-0.376
-0.31
-0.291
-0.229
-0.254
-0.26
-0.158
-0.139
-0.121
-0.198
-0.133
-0.139
-0.151
-0.099
-0.095
-0.043
0.037
-0.007
0.034
0.091
0.088
0.164
0.133
0.135
0.175
0.175
0.226
0.124
0.146
0.198
0.203
0.158
0.168
0.15
0.134
0.139
0.061
0.233
0.149
0.076
0.036
0.013
0.003
0.029
-0.043
-0.054
0.033
-0.026
-0.06
-0.049
-0.006
-0.075
-0.091
-0.176
-0.181
-0.147
-0.152
-0.075
-0.034
-0.041
-0.138
-0.016
0.061
0.088
0.131
0.146
0.212
0.171
0.164
0.147
0.198
0.211
0.228
0.225
0.1
0.076
0.159
0.184
0.18
0.098
0.096
0.069
0.005
0.062
-0.021
-0.176
-0.174
-0.065
-0.235
-0.147
-0.129
-0.14
-0.154
-0.125
-0.099
-0.05
0.009
0.107
0.124
0.119
0.096
0.065
0.072
0.098
0.003
-0.009
-0.01
0.059
0.043
0.018
-0.069
-0.109
-0.041
-0.122
-0.128
-0.145
-0.065
-0.059
-0.105
-0.105
-0.181
-0.072
-0.175
-0.147
-0.077
-0.022
-0.014
0.009
0.014
-0.029
-0.034
-0.046
-0.059
-0.041
-0.06
-0.151
-0.1
0.01
-0.15
-0.146
-0.195
-0.17
-0.152
-0.176
-0.163
-0.121
-0.086
-0.022
-0.065
-0.018
0.033
0.069
0.089
0.081
0.14
0.139
0.276
0.171
0.19
0.144
0.129
0.15
0.131
0.208
0.24
0.284
0.245
0.244
0.221
0.166
0.288
0.3
0.312
0.268
0.367
0.349
0.23
0.259
0.249
0.295
0.268
0.242
0.217
0.188
0.212
0.158
0.131
0.296
0.128
0.179
0.182
0.216
0.199
0.138
0.195
0.175
0.164
0.054
0.225
0.004
-0.044
-0.156
-0.136
-0.179
-0.09
-0.045
-0.031
-0.111
-0.13
-0.111
-0.161
-0.121
-0.124
-0.169
-0.23
-0.311
-0.275
-0.302
-0.367
-0.285
-0.336
-0.235
-0.143
-0.135
-0.229
-0.113
-0.062
0.034
0.077
0.025
0.11
0.084
0.146
0.091
0.0
0.083
-0.061
0.092
-0.14
0.011
-0.029
0.076
0.019
-0.055
-0.009
-0.109
-0.052
-0.045
0.028
-0.07
-0.143
-0.092
-0.158
-0.045
0.116
0.205
0.345
0.336
0.436
0.415
0.537
0.557
0.695
0.769
0.888
1.075
1.095
1.153
1.163
1.216
1.312
1.255
1.239
1.175
1.154
1.124
1.1
1.107
1.049
1.028
0.86
0.86
0.899
0.859
0.708
0.751
0.745
0.81
0.508
0.424
0.315
0.265
0.291
0.269
0.154
0.091
0.124
0.141
-0.016
-0.09
-0.091
-0.107
-0.276
-0.307
-0.415
-0.365
-0.275
-0.154
-0.113
-0.119
0.031
0.176
0.253
0.284
0.362
0.302
0.365
0.439
0.369
0.091
0.103
-0.014
-0.04
-0.071
-0.119
-0.049
-0.051
-0.031
-0.101
-0.1
-0.228
-0.5
-0.53
-0.618
-0.646
-0.618
-0.664
-0.546
-0.681
-0.716
-0.698
-0.578
-0.569
-0.598
-0.684
-0.8
-0.59
-0.66
-0.69
-0.542
-0.485
-0.625
-0.709
-0.721
-0.677
-0.716
-0.684
-0.365
-0.376
-0.35
-0.356
-0.329
-0.039
0.155
0.323
0.486
0.569
0.794
0.838
0.991
1.061
1.258
1.486
1.605
1.701
1.634
1.627
1.666
1.636
1.643
1.63
1.591
1.508
1.476
1.417
1.634
1.353
1.616
1.289
1.387
1.461
1.461
1.48
1.512
1.566
1.364
1.282
1.163
1.145
0.996
0.828
0.781
0.594
0.547
0.485
0.466
0.396
0.212
0.071
-0.021
-0.014
-0.266
-0.28
-0.15
-0.238
-0.289
-0.304
-0.345
-0.338
-0.38
-0.479
-0.522
-0.422
-0.649
-0.758
-0.84
-0.955
-0.96
-1.008
-0.989
-0.989
-1.076
-1.129
-1.101
-1.164
-1.069
-1.143
-0.91
-1.038
-0.996
-1.021
-0.971
-0.878
-0.905
-0.932
-0.876
-0.802
-0.801
-0.741
-0.77
-0.624
-0.606
-0.346
-0.299
-0.284
-0.121
0.046
0.154
0.056
-0.006
-0.221
-0.223
-0.2
-0.365
-0.234
-0.339
-0.292
-0.175
-0.158
-0.11
-0.01
0.059
0.37
0.444
0.605
0.688
0.7
0.801
0.89
0.956
0.818
0.655
0.676
0.562
0.525
0.659
0.755
0.939
0.772
0.826
0.875
0.953
1.006
0.86
0.636
0.56
0.625
0.426
0.487
0.386
0.42
0.194
0.044
-0.033
-0.191
-0.176
-0.251
-0.269
-0.394
-0.365
-0.294
-0.349
-0.316
-0.364
-0.376
-0.198
-0.255
-0.194
-0.241
-0.184
-0.2
-0.064
0.13
0.228
0.378
0.323
0.312
0.335
0.224
0.211
0.163
0.209
0.295
0.201
0.158
0.094
0.006
-0.039
-0.118
-0.331
-0.348
-0.416
-0.339
-0.352
-0.199
-0.319
-0.27
-0.229
-0.273
-0.269
-0.343
-0.297
-0.451
-0.736
-0.694
-0.833
-0.766
-0.841
-0.758
-0.894
-0.906
-0.876
-1.11
-0.975
-0.954
-0.9
-0.839
-0.88
-0.939
-0.873
-0.713
-0.591
-0.48
-0.335
-0.239
-0.152
0.092
0.11
0.069
-0.058
-0.151
0.031
-0.009
0.229
0.163
0.225
0.424
0.611
0.487
0.336
0.058
0.177
0.12
0.055
-0.024
-0.028
-0.044
0.024
-0.186
-0.133
-0.034
-0.105
-0.236
-0.194
-0.151
-0.029
0.028
0.069
0.096
-0.052
-0.091
-0.026
-0.04
-0.021
0.259
0.198
0.242
0.125
-0.007
-0.058
-0.085
-0.105
-0.219
-0.173
-0.203
-0.155
-0.151
-0.169
-0.129
-0.128
-0.034
0.144
0.064
0.022
0.052
0.2
0.149
0.05
-0.04
-0.136
-0.171
-0.152
-0.147
-0.103
-0.036
0.058
0.131
0.158
0.174
0.21
0.051
-0.058
-0.124
-0.138
-0.225
-0.288
-0.215
-0.21
-0.115
-0.138
-0.16
-0.226
-0.331
-0.144
-0.234
-0.289
-0.212
-0.186
-0.245
-0.292
-0.111
0.02
-0.1
-0.169
0.139
-0.018
-0.069
-0.062
-0.144
-0.179
-0.212
-0.321
-0.414
-0.211
-0.228
-0.033
0.071
0.086
-0.1
0.04
0.306
0.331
0.416
0.473
0.524
0.64
0.669
0.688
0.606
0.688
0.664
0.755
0.639
0.535
0.314
0.219
0.134
-0.004
-0.069
0.019
-0.122
-0.099
-0.115
-0.107
-0.004
-0.01
-0.041
-0.168
-0.228
-0.294
-0.31
-0.286
-0.276
-0.201
-0.253
-0.325
-0.239
-0.249
-0.185
-0.275
-0.278
-0.399
-0.514
-0.41
-0.283
-0.348
-0.396
-0.451
-0.376
-0.463
-0.256
-0.274
-0.156
-0.219
0.006
-0.094
-0.015
-0.003
-0.126
-0.292
-0.219
-0.279
-0.389
-0.352
-0.374
-0.255
-0.378
-0.532
-0.57
-0.634
-0.791
-0.881
-0.728
-0.721
-0.579
-0.455
-0.419
-0.444
-0.492
-0.421
-0.411
-0.466
-0.33
-0.32
-0.284
-0.066
-0.041
0.019
0.066
0.115
0.338
0.511
0.735
0.8
0.929
0.924
1.014
1.198
1.185
1.214
1.218
1.059
1.103
1.121
1.044
1.029
1.056
1.021
0.941
1.064
0.973
0.936
1.048
0.83
0.814
0.619
0.58
0.724
0.626
0.575
0.515
0.586
0.446
0.294
0.458
0.351
0.338
0.459
0.346
0.26
0.343
0.345
0.361
0.185
0.089
0.149
0.125
0.037
0.001
-0.014
-0.037
-0.036
-0.088
-0.21
-0.268
-0.18
-0.239
-0.307
-0.326
-0.28
-0.3
-0.241
-0.271
-0.405
-0.495
-0.417
-0.499
-0.478
-0.527
-0.33
-0.138
-0.244
-0.326
-0.441
-0.497
-0.386
-0.385
-0.233
-0.422
-0.297
-0.384
-0.547
-0.532
-0.618
-0.438
-0.511
-0.379
-0.253
-0.168
-0.269
-0.216
-0.131
-0.225
-0.096
-0.064
-0.018
-0.004
-0.055
0.041
-0.11
0.004
0.052
-0.021
0.055
0.074
0.019
-0.081
0.171
0.17
0.253
0.311
0.471
0.6
0.495
0.52
0.478
0.49
0.374
0.439
0.38
0.258
0.247
0.275
0.284
0.122
-0.025
0.066
0.144
0.054
0.069
-0.004
-0.005
-0.033
-0.124
-0.284
-0.305
-0.39
-0.366
-0.271
-0.196
-0.01
0.003
0.019
0.17
0.214
0.276
0.208
0.028
0.083
-0.05
0.174
0.051
-0.09
-0.133
-0.256
-0.195
-0.304
-0.258
-0.32
-0.503
-0.536
-0.677
-0.521
-0.598
-0.542
-0.346
-0.495
-0.573
-0.556
-0.675
-0.745
-0.599
-0.68
-0.57
-0.642
-0.58
-0.679
-0.606
-0.621
-0.652
-0.711
-0.621
-0.65
-0.6
-0.499
-0.456
-0.319
-0.32
-0.203
-0.258
-0.154
-0.066
-0.131
0.021
0.003
0.029
0.253
0.196
0.255
0.372
0.376
0.395
0.414
0.634
0.661
0.47
0.371
0.408
0.316
0.128
0.161
0.198
0.035
-0.133
-0.092
-0.111
-0.154
0.129
0.245
0.316
0.339
0.434
0.316
0.28
0.238
0.27
0.18
0.154
0.091
0.069
0.049
-0.025
0.114
0.022
0.16
0.07
0.05
0.074
-0.015
-0.006
-0.055
-0.021
-0.119
-0.115
-0.013
0.03
0.143
0.105
0.08
0.095
0.122
0.0
0.122
0.077
0.052
0.131
-0.103
-0.034
0.16
-0.074
-0.193
-0.149
-0.214
-0.229
-0.169
-0.064
-0.028
-0.079
-0.215
-0.118
-0.062
-0.169
-0.426
-0.456
-0.57
-0.638
-0.583
-0.675
-0.766
-0.761
-0.723
-0.519
-0.628
-0.55
-0.463
-0.468
-0.404
-0.415
-0.296
-0.319
-0.26
0.026
0.041
-0.069
-0.033
0.217
0.28
0.071
0.194
0.152
0.107
-0.059
-0.011
0.065
-0.07
0.092
0.134
0.143
0.215
-0.006
0.055
0.138
0.245
0.376
0.284
0.365
0.386
0.281
0.406
0.514
0.535
0.595
0.659
0.49
0.489
0.46
0.446
0.394
0.354
0.278
0.284
0.35
0.289
0.374
0.386
0.475
0.605
0.657
0.639
0.509
0.458
0.208
0.126
0.21
0.121
0.029
-0.275
-0.453
-0.517
-0.443
-0.723
-0.675
-0.763
-0.784
-0.728
-0.758
-0.894
-0.955
-0.784
-0.999
-0.749
-0.873
-0.83
-0.885
-0.728
-0.659
-0.455
-0.508
-0.603
-0.615
-0.58
-0.394
-0.413
-0.269
-0.242
-0.076
0.025
0.094
0.19
0.288
0.245
0.129
0.146
0.109
0.024
-0.054
-0.115
-0.154
-0.119
-0.184
-0.08
-0.115
0.072
0.152
0.221
0.291
0.364
0.395
0.376
0.36
0.38
0.356
0.532
0.441
0.614
0.58
0.703
0.776
0.901
0.796
0.883
0.775
0.735
0.655
0.649
0.759
0.763
0.786
0.669
0.824
0.583
0.77
0.593
0.66
0.724
0.828
0.917
1.001
0.802
0.804
0.71
0.708
0.466
0.39
0.215
0.264
0.229
0.16
0.225
0.176
0.066
-0.052
0.01
0.091
0.006
-0.113
-0.139
-0.13
-0.302
-0.401
-0.511
-0.634
-0.716
-0.698
-0.77
-0.664
-0.69
-0.656
-0.672
-0.858
-0.909
-0.94
-0.975
-0.878
-0.81
-0.787
-0.7
-0.725
-0.669
-0.631
-0.475
-0.331
-0.478
-0.391
-0.344
-0.27
-0.168
-0.143
-0.09
-0.039
0.089
0.076
0.154
0.231
0.323
0.449
0.44
0.451
0.401
0.37
0.434
0.304
0.044
0.071
0.226
0.228
0.261
0.244
0.25
0.301
0.254
0.165
0.184
0.13
0.12
0.305
0.2
0.344
0.354
0.15
0.099
0.001
-0.105
-0.16
-0.064
-0.09
-0.041
-0.164
-0.118
-0.189
-0.059
0.026
0.088
0.069
-0.146
-0.048
-0.099
-0.177
-0.022
-0.124
-0.081
-0.129
-0.158
-0.083
-0.111
-0.089
-0.025
-0.107
-0.309
-0.344
-0.231
-0.346
-0.334
-0.24
-0.188
-0.234
-0.17
-0.39
-0.431
-0.525
-0.495
-0.55
-0.554
-0.646
-0.596
-0.669
-0.731
-0.639
-0.367
-0.579
-0.733
-0.56
-0.609
-0.495
-0.463
-0.421
-0.549
-0.375
-0.328
-0.374
-0.224
-0.085
0.029
-0.037
-0.029
-0.021
-0.072
-0.037
-0.111
0.045
0.005
-0.001
0.158
-0.048
0.011
0.074
0.24
0.235
0.146
0.177
0.246
0.286
0.229
0.297
0.268
0.291
0.263
0.283
0.214
0.295
0.198
0.208
0.006
-0.165
-0.037
0.064
0.031
0.096
0.121
-0.04
0.001
0.088
0.077
-0.011
0.076
0.095
0.184
0.244
0.279
0.323
0.436
0.393
0.411
0.544
0.705
0.774
0.646
0.544
0.532
0.492
0.441
0.398
0.354
0.31
0.374
0.265
0.223
0.265
0.184
0.365
0.235
0.408
0.474
0.516
0.581
0.593
0.681
0.721
0.776
0.77
0.768
0.896
0.89
0.784
0.924
0.744
0.715
0.62
0.724
0.754
0.772
0.71
0.679
0.522
0.505
0.312
0.088
0.046
-0.113
-0.191
-0.289
-0.426
-0.422
-0.522
-0.55
-0.65
-0.624
-0.679
-0.755
-0.875
-0.849
-0.875
-0.854
-0.815
-0.831
-0.851
-0.744
-0.799
-0.698
-0.735
-0.376
-0.593
-0.654
-0.61
-0.61
-0.443
-0.399
-0.395
-0.359
-0.325
-0.33
-0.36
-0.497
-0.398
-0.39
-0.341
-0.311
-0.06
0.05
-0.304
-0.092
-0.075
-0.104
0.022
0.175
-0.013
-0.231
0.101
0.054
0.055
0.034
0.055
-0.018
0.003
-0.01
0.009
-0.071
-0.133
-0.189
-0.13
-0.072
0.07
0.241
0.054
0.122
0.161
0.188
0.175
0.309
0.323
0.504
0.59
0.481
0.413
0.461
0.525
0.506
0.57
0.6
0.491
0.465
0.386
0.401
0.245
0.195
0.228
0.176
0.094
0.258
0.039
-0.058
-0.058
-0.182
-0.09
-0.118
-0.104
-0.246
-0.235
-0.19
-0.166
-0.095
0.107
0.165
0.182
0.254
0.273
0.474
0.509
0.516
0.414
0.443
0.547
0.557
0.806
0.739
0.741
0.792
0.886
0.819
0.897
1.058
0.99
0.948
0.883
0.941
0.944
0.945
0.811
0.699
0.693
0.866
0.724
0.542
0.52
0.399
0.426
0.609
0.529
0.59
0.532
0.561
0.595
0.693
0.635
0.835
1.012
1.261
1.114
1.064
0.974
0.934
0.864
0.855
0.815
0.895
0.781
0.716
0.715
0.57
0.599
0.531
0.591
0.356
0.554
0.516
0.422
0.629
0.443
0.525
0.454
0.458
0.306
0.28
0.159
0.115
0.041
0.171
0.065
-0.039
0.085
0.04
0.014
-0.033
-0.264
-0.076
0.115
-0.031
0.143
0.28
0.145
0.143
0.039
0.075
0.022
0.006
-0.099
0.03
-0.055
-0.003
-0.049
0.205
0.268
0.309
0.552
0.527
0.537
0.511
0.557
0.736
0.825
0.807
0.834
1.094
1.083
0.945
0.988
0.532
0.314
0.338
0.522
0.65
0.776
0.865
0.807
0.821
0.911
0.97
0.948
1.032
1.16
1.232
1.357
1.19
1.144
1.135
1.196
1.1
0.904
1.068
0.787
0.646
0.478
0.474
0.434
0.38
0.099
0.146
0.007
-0.186
-0.058
-0.029
-0.141
-0.184
-0.275
-0.228
-0.055
-0.124
-0.083
-0.13
-0.219
-0.378
-0.391
-0.251
-0.182
-0.253
-0.135
-0.247
-0.241
-0.139
-0.217
-0.335
-0.288
-0.364
-0.378
-0.324
-0.351
-0.496
-0.398
-0.37
-0.374
-0.29
-0.194
-0.25
-0.193
-0.061
-0.079
-0.088
-0.111
0.119
-0.15
-0.2
-0.175
-0.223
-0.29
-0.182
-0.269
-0.46
-0.561
-0.628
-0.62
-0.381
-0.554
-0.565
-0.557
-0.328
-0.29
-0.319
-0.171
-0.049
-0.015
-0.109
-0.221
-0.054
-0.136
0.098
0.141
0.312
0.333
0.436
0.611
0.709
0.828
0.753
0.807
0.886
0.906
0.917
1.002
1.141
1.04
1.086
1.071
1.032
1.032
0.974
0.993
0.911
0.795
0.805
0.524
0.552
0.394
0.473
0.359
0.499
0.285
0.111
-0.156
-0.309
-0.424
-0.591
-0.564
-0.624
-0.728
-0.861
-0.902
-1.052
-0.919
-0.834
-0.774
-0.871
-1.126
-1.125
-1.081
-1.054
-0.981
-0.897
-0.631
-0.545
-0.611
-0.586
-0.65
-0.7
-0.749
-0.694
-0.66
-0.596
-0.562
-0.562
-0.379
-0.496
-0.499
-0.58
-0.674
-0.818
-0.891
-1.031
-1.135
-1.265
-1.316
-1.24
-1.219
-1.323
-1.215
-1.028
-0.781
-0.859
-0.945
-1.019
-1.246
-1.113
-1.163
-0.871
-0.821
-0.605
-0.54
-0.517
-0.583
-0.573
-0.55
-0.49
-0.408
-0.352
-0.239
-0.029
-0.171
-0.051
-0.105
0.076
0.052
0.236
0.251
0.344
0.212
0.641
0.473
0.352
0.421
0.444
0.259
0.159
0.212
0.318
0.186
0.281
0.378
0.436
0.279
0.304
0.077
0.114
-0.016
0.014
0.058
-0.022
0.076
0.003
-0.021
0.12
0.164
0.19
0.155
0.211
0.109
0.034
0.03
0.086
0.09
0.143
0.182
-0.058
-0.079
-0.23
-0.291
-0.28
-0.409
-0.246
-0.244
-0.151
-0.169
-0.32
-0.271
-0.375
-0.299
-0.265
-0.235
-0.315
-0.229
-0.264
-0.109
-0.085
-0.071
-0.096
-0.191
-0.244
-0.212
-0.343
-0.422
-0.045
-0.336
-0.163
-0.231
-0.31
-0.186
-0.275
-0.104
-0.079
0.145
0.046
0.091
0.083
-0.01
0.133
0.138
0.374
0.434
0.515
0.446
0.487
0.475
0.324
0.285
0.163
0.305
0.371
0.316
0.316
0.312
0.362
0.268
0.168
0.266
0.435
0.605
0.7
0.621
0.53
0.343
0.315
0.249
0.231
0.144
-0.021
-0.081
-0.233
-0.278
-0.299
-0.46
-0.08
-0.175
-0.355
-0.487
-0.565
-0.726
-0.69
-0.738
-0.763
-0.815
-0.746
-0.703
-0.711
-0.739
-0.729
-0.754
-0.869
-0.809
-0.815
-0.474
-0.44
-0.286
-0.211
-0.266
-0.114
-0.04
0.244
0.199
0.309
0.284
0.21
0.364
0.361
0.435
0.311
0.344
0.339
0.234
0.095
0.305
0.349
0.621
0.729
0.761
0.695
0.616
0.376
0.302
0.158
0.033
0.126
-0.055
-0.086
-0.321
-0.231
-0.268
-0.32
-0.259
-0.389
-0.434
-0.414
-0.32
-0.422
-0.336
-0.464
-0.638
-0.645
-0.787
-0.676
-0.685
-0.667
-0.685
-0.573
-0.65
-0.699
-0.682
-0.771
-0.806
-0.9
-0.89
-1.018
-0.938
-0.866
-0.769
-0.706
-0.634
-0.671
-0.626
-0.764
-0.676
-0.785
-0.751
-0.905
-0.869
-0.756
-0.691
-0.527
-0.547
-0.445
-0.395
-0.174
-0.451
-0.182
-0.438
-0.344
-0.269
-0.215
-0.239
-0.206
-0.161
-0.001
0.15
0.179
0.099
0.081
0.028
-0.052
-0.04
0.098
-0.085
-0.041
0.109
0.029
0.185
0.254
0.324
0.3
0.386
0.549
0.565
0.59
0.705
0.807
0.823
0.774
0.751
0.713
0.815
0.989
0.966
0.95
0.934
0.84
0.853
0.891
0.926
0.883
0.828
0.615
0.509
0.815
0.624
0.659
0.735
0.61
0.771
0.799
0.736
0.723
0.573
0.686
0.491
0.503
0.531
0.486
0.427
0.351
0.205
0.1
-0.094
-0.206
-0.38
-0.495
-0.547
-0.557
-0.501
-0.562
-0.574
-0.714
-0.677
-0.706
-0.723
-0.739
-0.455
-0.391
-0.269
-0.161
-0.186
-0.125
-0.046
0.1
0.13
-0.003
-0.128
-0.14
-0.174
-0.212
-0.128
-0.163
-0.205
0.219
0.054
0.085
0.176
0.22
0.11
0.013
-0.003
0.034
0.011
0.019
0.029
-0.016
-0.169
-0.125
-0.328
-0.352
-0.746
-0.696
-0.78
-0.761
-0.78
-0.76
-0.694
-0.65
-0.334
-0.378
-0.335
-0.372
-0.35
-0.283
-0.291
-0.395
-0.461
-0.444
-0.449
-0.408
-0.344
-0.339
-0.209
-0.286
-0.279
-0.273
-0.149
-0.025
-0.018
0.022
-0.144
-0.281
-0.549
-0.517
-0.706
-0.695
-0.77
-0.756
-0.766
-0.714
-0.647
-0.596
-0.544
-0.682
-0.772
-0.631
-0.708
-0.715
-0.709
-0.759
-0.674
-0.598
-0.503
-0.429
-0.343
-0.369
-0.304
-0.324
-0.156
0.076
0.124
0.041
0.165
0.152
0.189
0.133
0.052
-0.052
0.005
0.033
-0.007
-0.014
-0.089
-0.158
-0.17
-0.13
-0.22
-0.304
-0.388
-0.388
-0.379
-0.454
-0.482
-0.266
-0.525
-0.54
-0.58
-0.562
-0.487
-0.247
-0.264
-0.079
-0.131
-0.154
-0.114
-0.125
-0.045
-0.018
0.045
0.152
0.205
0.216
0.139
0.099
0.223
0.155
0.295
0.329
0.475
0.545
0.674
0.782
0.78
0.772
0.866
0.721
0.73
0.438
0.569
0.593
0.53
0.475
0.56
0.314
0.224
0.25
0.278
0.119
0.043
-0.143
-0.28
-0.355
-0.686
-0.531
-0.836
-0.963
-1.101
-1.111
-1.085
-1.235
-1.354
-1.308
-1.149
-1.154
-1.203
-1.1
-1.085
-0.978
-1.042
-0.984
-0.821
-0.866
-0.804
-0.901
-0.897
-0.871
-0.821
-0.854
-0.92
-0.741
-0.711
-0.641
-0.6
-0.711
-0.787
-0.657
-0.806
-0.609
-0.659
-0.775
-0.693
-0.604
-0.458
-0.405
-0.228
-0.121
-0.152
0.015
0.12
0.229
0.23
0.307
0.406
0.769
0.532
0.56
0.615
0.541
0.635
0.556
0.733
0.791
0.869
1.099
1.222
1.43
1.374
1.373
1.468
1.515
1.62
1.449
1.496
1.476
1.409
1.3
1.131
1.175
1.073
0.861
0.603
0.473
0.335
0.288
0.268
0.216
0.107
-0.129
0.025
-0.034
-0.115
-0.072
-0.181
-0.161
-0.176
-0.07
-0.258
-0.22
-0.27
-0.374
-0.574
-0.47
-0.689
-0.618
-0.948
-0.917
-0.787
-0.715
-0.568
-0.417
-0.357
-0.384
-0.478
-0.378
-0.184
-0.155
0.025
0.09
0.116
0.084
0.101
0.081
-0.084
-0.069
-0.024
-0.1
-0.043
-0.14
-0.044
-0.165
-0.111
-0.116
-0.026
-0.111
0.009
-0.039
0.072
0.086
0.266
0.149
0.193
0.139
0.139
0.154
0.296
0.225
0.274
0.219
0.239
0.118
-0.136
0.022
-0.19
0.089
-0.266
-0.054
-0.088
-0.104
-0.152
-0.034
-0.049
-0.049
0.043
-0.041
0.0
-0.094
-0.098
-0.044
-0.226
-0.151
-0.35
-0.379
-0.352
-0.464
-0.42
-0.247
-0.062
-0.369
-0.409
-0.429
-0.454
-0.299
-0.357
-0.376
-0.388
-0.459
-0.414
-0.346
-0.255
-0.301
-0.241
-0.098
0.029
-0.166
-0.208
-0.066
-0.186
-0.306
-0.326
-0.198
-0.176
-0.268
-0.443
-0.386
-0.49
-0.469
-0.496
-0.435
-0.417
-0.48
-0.54
-0.57
-0.699
-0.593
-0.64
-0.623
-0.422
-0.506
-0.444
-0.46
-0.378
-0.334
-0.215
0.098
0.056
0.278
0.208
0.28
0.306
0.318
0.426
0.364
0.31
0.454
0.504
0.49
0.532
0.479
0.549
0.527
0.621
0.529
0.576
0.504
0.481
0.389
0.441
0.249
0.208
0.249
0.193
0.163
0.105
0.176
-0.084
-0.092
-0.212
-0.133
-0.169
-0.186
0.001
0.135
0.181
0.081
0.485
0.48
0.354
0.381
0.495
0.544
0.496
0.611
0.51
0.586
0.542
0.434
0.517
0.545
0.464
0.419
0.393
0.309
0.3
0.294
0.214
0.235
0.209
0.255
0.2
0.235
0.095
0.334
0.219
0.316
0.429
0.375
0.454
0.357
0.506
0.61
0.509
0.529
0.414
0.403
0.583
0.53
0.557
0.292
0.399
0.166
0.233
0.158
0.014
-0.01
-0.115
-0.258
-0.054
-0.024
0.077
0.029
0.208
0.217
0.255
0.372
0.264
0.224
0.321
0.221
0.459
0.446
0.434
0.459
0.495
0.52
0.417
0.349
0.318
0.352
0.335
0.354
0.413
0.484
0.44
0.581
0.569
0.693
0.606
0.349
0.199
0.263
0.186
0.069
-0.098
0.119
0.139
0.077
0.089
0.235
0.129
0.169
0.091
0.13
0.251
0.359
0.413
0.325
0.414
0.325
0.491
0.536
0.455
0.499
0.517
0.425
0.431
0.432
0.524
0.481
0.366
0.432
0.431
0.295
0.271
0.336
0.635
0.359
0.481
0.685
0.566
0.794
0.961
0.866
0.983
1.163
1.199
1.295
1.229
1.166
1.24
1.095
0.905
1.065
0.901
0.794
0.932
0.662
0.471
0.391
0.679
0.927
1.326
1.1
1.169
1.179
1.269
1.386
1.116
1.316
1.125
1.157
1.058
0.946
1.094
1.143
1.05
1.08
0.768
0.819
0.734
0.797
0.811
0.904
0.893
1.17
1.222
1.289
1.371
1.633
1.877
1.864
2.116
1.834
1.846
1.97
1.741
1.688
1.768
1.788
1.764
1.78
1.522
1.387
1.365
1.456
1.472
1.232
1.044
0.833
0.976
0.905
0.694
0.861
0.492
0.365
0.184
0.014
-0.113
-0.149
-0.101
-0.062
-0.114
-0.417
-0.571
-0.574
-0.746
-0.736
-0.876
-0.989
-1.025
-1.18
-1.084
-1.019
-0.912
-1.018
-0.988
-0.961
-0.871
-0.979
-0.681
-0.679
-0.654
-0.545
-0.468
-0.485
-0.656
-0.69
-0.849
-0.768
-0.916
-0.782
-0.904
-1.025
-1.314
-1.441
-1.34
-1.524
-1.639
-1.429
-1.306
-1.416
-1.331
-1.286
-1.147
-0.865
-0.634
-0.443
-0.556
-0.514
-0.6
-0.549
-0.534
-0.305
-0.062
0.129
0.329
0.45
0.686
0.608
0.809
0.934
1.219
1.238
1.164
1.24
1.08
1.421
1.53
1.695
1.551
1.544
1.367
1.32
1.11
1.186
0.92
0.74
0.682
0.606
0.57
0.419
0.339
0.134
0.044
0.118
-0.239
-0.524
-0.374
-0.506
-0.453
-0.25
-0.234
-0.226
-0.463
-0.646
-0.415
-0.46
-0.413
-0.343
-0.41
-0.435
-0.529
-0.3
-0.28
-0.164
-0.03
0.035
0.024
0.09
0.14
0.184
0.101
0.193
0.338
0.278
0.194
0.244
0.427
0.284
0.173
0.089
0.11
0.111
0.059
-0.031
-0.052
-0.091
-0.014
-0.174
-0.247
-0.28
-0.455
-0.654
-0.71
-0.902
-0.621
-0.779
-0.856
-0.991
-1.199
-0.81
-0.807
-0.659
-0.576
-0.529
-0.532
-0.419
-0.426
-0.494
-0.562
-0.534
-0.444
-0.395
-0.51
-0.395
-0.316
-0.381
-0.536
-0.736
-0.527
-0.646
-0.58
-0.625
-0.662
-0.401
-0.504
-0.652
-0.733
-0.635
-0.655
-0.561
-0.349
-0.19
-0.18
-0.173
-0.25
-0.254
-0.029
-0.175
-0.113
-0.158
-0.191
-0.131
-0.235
-0.201
-0.011
-0.217
0.014
0.171
0.133
0.289
0.406
0.383
0.556
0.616
0.73
0.796
0.799
0.851
0.662
0.744
0.67
0.743
0.78
0.758
0.811
0.645
0.48
0.546
0.557
0.436
0.367
0.424
0.31
0.286
0.184
0.299
0.258
0.226
0.246
0.206
0.035
0.026
-0.072
-0.089
-0.155
-0.208
-0.275
-0.22
-0.408
-0.422
-0.388
-0.29
-0.319
-0.2
-0.099
-0.331
-0.362
-0.413
-0.458
-0.511
-0.432
-0.338
-0.381
-0.292
-0.366
-0.408
-0.453
-0.492
-0.288
-0.504
-0.531
-0.699
-0.801
-0.688
-0.774
-0.7
-0.816
-0.775
-0.79
-0.838
-0.853
-0.88
-0.713
-0.823
-0.9
-1.079
-1.026
-1.173
-1.325
-1.393
-1.27
-1.228
-0.899
-0.865
-0.85
-0.674
-0.556
-0.641
-0.521
-0.446
-0.438
-0.561
-0.479
-0.474
-0.474
-0.729
-0.604
-0.532
-0.681
-0.414
-0.371
-0.28
-0.27
-0.171
-0.101
-0.011
0.12
0.219
0.211
0.174
0.208
0.266
0.189
0.429
0.361
0.385
0.357
0.384
0.489
0.273
0.374
0.335
0.324
0.324
0.01
0.124
0.226
0.32
0.246
0.234
0.165
0.071
0.116
-0.133
-0.13
-0.119
-0.186
-0.084
-0.124
-0.241
-0.191
-0.203
-0.326
-0.33
-0.16
-0.383
-0.422
-0.221
-0.156
-0.217
-0.258
-0.25
-0.264
-0.279
-0.19
-0.091
-0.122
-0.025
-0.121
-0.086
-0.14
-0.228
0.013
0.035
0.089
0.048
0.034
0.037
0.007
0.024
-0.034
0.039
0.126
0.099
0.04
0.026
0.133
0.139
0.039
-0.015
0.061
0.046
0.048
0.195
0.144
0.209
0.284
0.25
0.165
0.144
0.241
0.194
0.122
0.186
0.026
-0.184
-0.27
-0.366
-0.443
-0.383
-0.449
-0.471
-0.557
-0.69
-0.79
-0.854
-0.86
-1.05
-1.081
-1.161
-1.204
-1.145
-1.2
-1.056
-1.085
-1.124
-1.083
-0.943
-0.796
-0.621
-0.651
-0.64
-0.591
-0.425
-0.309
-0.348
-0.314
-0.339
-0.362
-0.339
-0.36
-0.312
-0.279
-0.155
-0.256
-0.292
-0.203
-0.159
-0.164
-0.149
-0.31
-0.352
-0.511
-0.546
-0.381
-0.522
-0.633
-0.56
-0.47
-0.596
-0.492
-0.547
-0.542
-0.51
-0.519
-0.436
-0.463
-0.471
-0.578
-0.629
-0.676
-0.75
-0.517
-0.546
-0.388
-0.355
-0.378
-0.393
-0.408
-0.321
-0.214
-0.114
0.07
0.149
0.191
0.205
0.259
0.315
0.421
0.58
0.672
0.726
0.73
0.724
0.695
0.684
0.698
0.782
0.7
0.756
0.725
0.575
0.68
0.655
0.615
0.499
0.496
0.492
0.417
0.31
0.245
0.128
0.169
0.174
0.119
-0.036
-0.025
-0.02
0.092
0.034
-0.033
-0.241
-0.18
-0.273
-0.223
-0.288
-0.299
-0.247
-0.349
-0.233
-0.403
-0.328
-0.375
-0.491
-0.59
-0.61
-0.66
-0.581
-0.738
-0.819
-0.845
-0.76
-0.74
-0.598
-0.535
-0.527
-0.395
-0.246
-0.219
-0.208
-0.186
-0.174
-0.141
-0.306
-0.163
-0.164
-0.432
-0.411
-0.525
-0.521
-0.506
-0.535
-0.522
-0.569
-0.388
-0.436
-0.355
-0.223
-0.314
-0.2
-0.081
-0.069
-0.071
-0.085
-0.094
0.059
0.121
0.122
0.361
0.384
0.399
0.49
0.469
0.595
0.482
0.404
0.389
0.564
0.416
0.371
0.55
0.344
0.279
0.253
0.389
0.254
0.191
-0.02
-0.064
-0.052
-0.03
-0.033
-0.161
-0.354
-0.164
-0.376
-0.451
-0.36
-0.149
-0.221
-0.106
-0.06
-0.037
-0.084
-0.022
-0.316
-0.189
-0.004
-0.02
0.111
0.126
0.221
0.186
0.194
0.463
0.425
0.519
0.399
0.522
0.435
0.223
0.376
0.369
0.4
0.195
0.324
0.389
0.646
0.499
0.501
0.404
0.339
0.491
0.645
0.624
0.552
0.618
0.486
0.445
0.468
0.289
0.345
0.2
0.084
0.138
-0.08
-0.141
-0.205
-0.072
0.071
0.064
0.049
0.339
0.173
0.289
0.289
0.36
0.269
0.385
0.388
0.366
0.331
0.422
0.576
0.54
0.306
0.156
0.216
0.079
0.189
0.325
0.279
0.431
0.408
0.305
0.295
0.414
0.574
0.386
0.31
0.249
0.254
0.135
0.106
0.114
0.085
-0.04
0.046
0.041
-0.036
-0.021
-0.066
-0.006
-0.069
0.118
0.003
0.071
0.259
0.316
0.297
0.278
0.251
0.336
0.079
0.061
-0.035
-0.309
-0.415
-0.429
-0.307
-0.253
-0.286
-0.211
-0.12
-0.119
-0.217
-0.029
-0.135
-0.138
-0.376
-0.242
-0.253
-0.223
-0.219
-0.199
0.065
0.065
0.306
0.52
0.565
0.517
0.5
0.41
0.421
0.361
0.39
0.362
0.229
0.2
0.239
0.264
0.364
0.486
0.391
0.598
0.489
0.325
0.318
0.36
0.289
0.28
0.22
0.177
0.346
0.21
0.205
0.182
0.195
0.166
0.14
0.174
0.061
0.024
0.155
0.181
0.116
0.226
0.294
0.154
0.26
0.17
0.1
0.214
0.09
0.003
-0.08
-0.065
0.034
0.11
0.037
0.006
0.06
-0.007
0.084
0.049
0.11
0.033
0.165
0.15
0.134
0.135
-0.034
-0.029
-0.135
0.051
-0.399
-0.499
-0.512
-0.681
-0.571
-0.551
-0.355
-0.43
-0.333
-0.559
-0.638
-0.667
-0.776
-0.696
-0.735
-0.638
-0.652
-0.657
-0.573
-0.468
-0.296
-0.323
-0.301
-0.279
-0.14
-0.031
-0.066
0.076
0.188
0.174
0.194
0.249
0.259
0.24
0.231
0.016
0.131
0.1
0.085
0.035
0.176
0.198
0.181
0.264
0.269
0.191
0.223
0.223
0.211
0.381
0.331
0.268
0.288
0.289
0.234
0.299
0.268
0.465
0.566
0.52
0.635
0.841
0.938
0.88
1.019
1.065
1.052
1.115
1.198
1.216
-10.336
1.397
1.489
1.439
1.512
1.548
1.681
1.877
1.981
2.054
1.841
2.04
2.124
1.915
2.05
2.218
2.199
2.091
2.106
1.989
1.935
2.055
1.966
1.74
1.825
1.699
1.708
1.61
1.524
1.718
1.426
1.686
1.464
1.4
1.176
1.244
1.186
0.961
0.876
0.657
0.44
0.37
0.573
0.281
0.161
0.3
0.549
0.54
0.537
0.527
0.299
0.278
0.276
0.489
0.584
0.461
0.656
0.786
0.439
0.39
0.398
0.323
0.195
0.109
-0.131
-0.196
-0.156
-0.199
-0.231
-0.249
-0.173
-0.11
-0.155
-0.381
-0.455
-0.626
-0.629
-0.593
-0.556
-0.381
-0.51
-0.603
-0.665
-0.599
-0.217
-0.259
-0.103
-0.14
-0.069
0.0
-0.094
0.168
0.224
0.24
0.143
0.103
0.366
0.559
0.499
0.48
0.435
0.522
0.427
0.46
0.255
0.345
0.354
0.273
0.421
0.405
0.473
0.489
0.508
0.479
0.659
0.371
0.349
0.284
0.006
0.022
-0.126
-0.244
-0.539
-0.468
-0.746
-0.81
-0.771
-0.522
-0.312
-0.133
-0.404
-0.58
-0.453
-0.568
-0.758
-0.595
-0.176
-0.283
-0.135
-0.212
-0.208
-0.169
-0.173
-0.037
-0.095
0.079
0.116
0.115
-0.045
-0.036
0.173
0.166
0.103
0.066
0.104
0.179
0.154
0.156
0.034
0.021
-0.098
0.103
-0.009
0.07
-0.122
-0.009
0.054
-0.031
-0.151
-0.414
-0.391
-0.17
-0.509
-0.439
-0.339
-0.245
-0.215
-0.159
-0.318
-0.405
-0.744
-0.826
-0.89
-0.876
-1.005
-1.078
-1.083
-1.058
-1.129
-1.073
-1.116
-0.921
-0.791
-0.58
-0.609
-0.635
-0.614
-0.672
-0.516
-0.625
-0.67
-0.781
-0.856
-0.749
-0.8
-0.779
-0.71
-0.642
-0.552
-0.576
-0.49
-0.458
-0.339
-0.217
-0.092
-0.06
-0.144
-0.104
-0.09
-0.03
0.026
-0.021
-0.018
-0.092
-0.029
0.039
0.09
-0.031
-0.058
0.106
0.005
0.03
0.186
0.27
0.284
0.294
0.336
0.351
0.247
0.219
0.309
0.297
0.456
0.501
0.583
0.318
0.229
0.301
0.366
0.188
0.139
0.11
-0.146
-0.283
-0.421
-0.589
-0.549
-0.795
-0.569
-0.532
-0.584
-0.555
-0.315
-0.532
-0.593
-0.524
-0.355
-0.352
-0.49
-0.532
-0.619
-0.723
-0.874
-0.769
-0.691
-0.482
-0.318
-0.077
-0.003
0.193
-0.011
0.086
0.001
0.044
-0.007
0.025
0.205
0.091
0.062
-0.083
-0.21
-0.089
-0.131
-0.11
-0.081
-0.128
-0.061
-0.1
0.05
0.022
0.056
0.215
0.268
0.3
0.258
0.217
0.315
0.136
0.007
-0.043
-0.066
0.058
0.12
0.256
0.22
0.2
0.23
-0.049
-0.044
-0.052
-0.166
-0.111
-0.07
-0.091
-0.048
-0.051
-0.03
0.005
-0.396
-0.274
-0.63
-0.578
-0.704
-0.738
-0.743
-0.851
-0.819
-0.919
-1.061
-1.078
-1.093
-1.025
-1.073
-1.11
-0.989
-1.115
-0.848
-0.935
-0.873
-0.89
-0.786
-0.726
-0.551
-0.574
-0.551
-0.31
-0.24
-0.205
-0.066
0.041
0.2
0.249
0.489
0.468
0.436
0.391
0.307
0.351
0.301
0.432
0.43
0.487
