0.154
0.071
0.209
0.161
-0.389
-0.149
-0.364
-0.482
-0.669
-0.866
-0.536
-0.881
-0.681
-0.749
-0.874
-0.729
-1.019
-0.789
-0.638
-0.525
-0.516
-0.326
-0.211
-0.245
-0.458
-0.532
-0.318
-0.43
-0.356
-0.359
-0.338
-0.254
-0.266
-0.186
-0.389
0.049
-0.081
-0.051
-0.009
-0.189
-0.147
-0.21
-0.286
-0.405
-0.116
0.116
0.061
0.4
0.573
0.565
0.506
0.624
0.667
0.763
0.628
0.691
0.729
0.691
0.841
0.77
0.833
0.578
0.729
0.779
0.695
0.685
0.785
0.804
0.781
0.758
0.881
0.849
0.915
0.532
0.695
0.743
0.647
0.725
0.365
0.396
0.302
0.291
0.401
0.245
0.324
0.383
0.549
0.469
0.443
0.217
-0.013
0.03
0.059
0.253
0.351
0.249
0.291
0.105
-0.004
-0.241
-0.062
-0.146
-0.254
-0.196
-0.163
-0.193
-0.46
-0.529
-0.625
-0.708
-0.838
-0.839
-0.948
-1.169
-0.929
-0.964
-1.028
-1.194
-1.106
-1.124
-1.34
-1.456
-1.426
-1.089
-1.005
-0.662
-0.495
-0.569
-0.484
-0.469
-0.271
-0.276
-0.299
-0.226
-0.479
-0.376
-0.29
-0.171
-0.119
0.086
0.445
0.74
0.904
1.147
0.974
0.705
0.664
0.768
0.646
0.554
0.441
0.603
0.606
0.323
0.06
0.364
0.324
0.41
0.792
0.574
0.674
0.138
-0.059
0.06
0.215
0.508
0.624
0.775
0.629
0.603
0.46
0.369
0.365
0.32
0.365
0.258
0.492
0.336
0.039
0.033
-0.215
-0.369
-0.424
-0.487
-0.62
-0.561
-0.598
-0.625
-0.61
-0.344
-0.12
-0.285
-0.174
-0.344
-0.404
-0.426
-0.603
-0.574
-0.504
-0.296
-0.339
-0.436
-0.427
-0.499
-0.667
-0.716
-0.665
-0.785
-0.779
-0.931
-0.819
-1.14
-1.081
-1.12
-1.041
-0.919
-0.758
-0.907
-0.914
-1.081
-1.084
-1.093
-1.008
-0.792
-0.672
-0.598
-0.549
-0.547
-0.295
-0.515
-0.354
-0.255
0.01
0.125
0.035
0.099
0.357
0.485
0.726
1.11
1.005
0.95
0.784
1.045
0.891
1.075
1.429
1.633
1.701
1.64
1.689
1.505
1.506
1.375
1.453
1.605
1.688
1.686
1.49
1.31
1.305
0.88
0.785
0.571
0.768
0.512
0.535
0.354
0.434
0.388
0.409
0.454
0.45
0.482
0.325
-0.004
-0.126
-0.179
-0.168
-0.326
-0.217
-0.383
-0.259
-0.641
-0.845
-0.738
-0.865
-0.868
-0.816
-0.854
-0.926
-1.031
-1.125
-1.336
-1.37
-1.449
-1.278
-1.512
-1.31
-1.245
-1.114
-0.97
-0.739
-0.642
-0.649
-0.838
-0.965
-0.993
-1.103
-1.06
-0.603
-0.819
-0.899
-0.86
-0.869
-0.58
-0.343
-0.301
-0.166
0.058
0.189
0.299
0.446
0.33
0.361
0.386
0.41
0.356
0.205
0.261
0.331
0.109
0.164
0.417
0.565
0.269
0.625
0.48
0.591
0.666
0.699
0.922
0.805
0.864
0.805
0.603
0.415
0.235
0.285
0.355
0.35
0.585
0.571
0.568
0.725
0.639
0.521
0.372
0.208
-0.064
0.151
-0.367
-0.69
-0.647
-0.915
-0.851
-1.01
-0.956
-1.081
-1.169
-0.768
-0.775
-0.774
-0.689
-0.902
-0.608
-0.58
-0.487
-0.545
-0.535
-0.302
-0.1
-0.334
-0.254
-0.355
-0.408
-0.289
-0.049
-0.085
0.092
0.398
0.136
0.064
0.16
-0.033
0.1
0.245
0.514
0.466
0.763
0.989
1.254
1.31
1.295
1.405
1.548
1.79
2.099
2.415
2.169
2.228
2.0
1.97
1.779
1.76
1.843
1.829
1.637
1.494
1.451
1.511
1.529
1.649
1.541
1.361
0.881
0.975
0.682
0.14
-0.064
-0.432
-0.355
-0.473
-0.485
-0.239
-0.431
-0.432
-0.427
-0.541
-0.728
-0.724
-0.659
-0.529
-0.542
-0.482
-0.546
-0.557
-0.419
-0.515
-0.501
-0.473
-0.5
-0.534
-0.652
-0.341
-0.302
-0.354
-0.576
-0.735
-0.703
-0.471
-0.889
-0.971
-0.829
-0.69
-0.854
-0.777
-0.724
-0.804
-0.965
-1.061
-1.193
-1.4
-1.357
-1.29
-1.285
-1.323
-1.069
-1.059
-0.759
-0.721
-0.529
-0.569
-0.623
-0.466
-0.647
-0.541
-0.662
-0.508
-0.429
-0.356
-0.209
-0.265
-0.009
-0.058
-0.048
0.147
0.104
0.076
0.233
0.26
0.098
0.081
0.383
0.575
0.547
0.536
0.545
0.735
0.325
0.186
0.044
-0.072
0.12
-0.104
-0.084
0.103
0.256
0.571
0.576
0.645
0.649
0.645
0.362
0.212
-0.061
0.223
-0.18
-0.274
-0.398
-0.485
-0.659
-0.522
-0.336
-0.383
-0.362
-0.263
-0.271
-0.391
-0.164
-0.22
-0.16
-0.155
-0.043
-0.015
-0.151
-0.044
0.217
0.478
0.659
0.81
0.699
0.735
0.589
0.55
0.526
0.367
0.573
0.684
0.841
1.235
1.08
0.938
1.157
1.109
1.251
1.234
1.238
1.262
1.154
0.894
0.765
0.953
0.604
0.667
0.654
0.64
0.836
0.856
0.839
0.83
0.72
0.393
0.44
0.657
0.495
0.651
0.688
0.574
0.289
0.206
0.103
-0.052
0.065
-0.094
-0.182
-0.362
-0.629
-0.669
-0.736
-0.691
-0.562
-0.494
-0.526
-0.564
-0.665
-0.68
-0.735
-0.659
-0.664
-0.562
-0.489
-0.479
-0.618
-0.545
-0.497
-0.466
-0.409
-0.443
-0.256
-0.253
-0.131
-0.201
-0.037
-0.095
-0.249
-0.205
-0.289
-0.325
-0.384
-0.195
-0.046
-0.056
-0.241
-0.106
-0.099
-0.088
-0.105
-0.081
0.128
0.01
0.211
0.244
0.184
0.349
0.375
0.473
0.57
0.605
0.458
0.395
0.242
0.475
0.361
0.344
0.275
0.274
0.49
0.743
0.556
0.639
0.378
0.147
-0.022
0.054
0.235
0.154
0.098
-0.003
0.005
-0.084
0.103
0.241
0.413
0.652
0.677
0.701
0.566
0.401
0.236
0.302
0.594
0.791
1.005
0.926
0.78
0.609
0.485
0.616
0.593
0.68
0.645
0.698
0.623
0.61
0.672
0.578
0.415
0.321
0.343
0.295
0.292
0.199
0.171
0.06
0.136
-0.018
-0.096
-0.152
-0.14
-0.141
0.088
0.064
0.076
0.014
-0.022
-0.031
-0.208
-0.09
-0.188
-0.173
-0.088
-0.103
-0.046
-0.258
-0.146
-0.263
-0.105
-0.195
-0.249
-0.318
-0.314
-0.395
-0.551
-0.441
-0.541
-0.449
-0.554
-0.72
-0.6
-0.396
-0.515
-0.53
-0.424
-0.474
-0.485
-0.26
-0.198
-0.291
-0.405
-0.465
-0.561
-0.547
-0.623
-0.698
-0.851
-0.716
-0.856
-0.809
-0.9
-0.584
-0.356
-0.408
-0.311
-0.072
-0.165
-0.158
-0.408
-0.371
-0.139
-0.239
-0.405
-0.427
-0.39
-0.316
-0.291
-0.444
-0.209
-0.266
-0.194
-0.147
0.146
0.094
0.286
0.56
0.515
0.578
0.626
0.593
0.741
0.849
1.022
1.008
1.085
1.193
1.095
1.149
1.236
1.224
1.189
1.114
1.048
1.014
0.785
0.427
0.185
0.28
0.349
0.084
-0.163
-0.133
-0.069
0.146
-0.001
-0.04
-0.103
-0.239
-0.241
-0.584
-0.688
-0.649
-0.652
-0.71
-0.886
-0.865
-0.874
-0.951
-0.92
-0.958
-0.893
-0.765
-0.874
-1.035
-1.046
-1.201
-1.144
-1.131
-1.024
-1.133
-0.843
-0.976
-0.965
-0.726
-0.484
-0.349
-0.413
-0.384
-0.603
-0.615
-0.89
-0.926
-0.82
-0.853
-0.81
-0.478
-0.249
0.104
0.314
0.446
0.463
0.843
0.609
0.728
1.115
0.925
0.93
0.746
0.865
0.782
0.814
0.943
1.151
1.117
0.999
0.989
1.06
1.205
1.03
0.853
0.764
0.823
0.598
0.76
0.699
0.651
0.486
0.419
0.156
0.133
0.061
0.265
0.285
0.23
0.212
0.375
0.201
0.015
-0.006
-0.104
-0.006
0.003
0.003
-0.04
-0.125
0.034
-0.061
-0.056
0.043
-0.119
-0.115
-0.199
-0.223
-0.251
-0.111
-0.056
-0.194
-0.182
-0.145
-0.058
0.118
0.128
-0.085
-0.119
-0.258
-0.422
-0.775
-0.657
-0.875
-0.785
-0.829
-0.833
-0.863
-1.061
-1.189
-1.319
-1.254
-1.323
-1.206
-0.996
-1.066
-0.79
-0.929
-0.966
-0.904
-0.664
-0.534
-0.649
-0.419
-0.288
-0.372
-0.208
-0.091
0.119
0.005
0.176
0.345
0.494
0.625
0.718
0.685
1.193
0.932
0.874
1.264
1.379
1.458
1.401
1.515
1.518
1.654
1.954
2.206
2.301
2.234
2.249
1.906
1.585
1.591
1.379
1.203
1.282
1.189
1.416
1.448
1.157
1.121
0.99
0.912
0.804
0.6
0.459
0.381
0.584
0.596
0.478
0.559
0.621
0.65
0.686
0.693
0.485
0.47
0.296
0.145
0.156
-0.009
0.02
0.071
0.062
-0.045
-0.158
-0.14
-0.208
-0.362
-0.475
-0.422
-0.128
-0.014
-0.083
-0.176
-0.081
-0.084
-0.214
-0.065
-0.021
0.004
-0.049
-0.061
-0.045
0.003
0.146
0.231
0.333
0.151
0.071
0.253
0.216
0.399
0.3
0.231
0.259
0.355
0.512
0.541
0.623
0.441
0.432
0.274
0.011
0.033
0.11
0.079
0.037
0.12
-0.06
0.074
-0.03
0.059
0.009
-0.14
-0.13
-0.426
-0.682
-0.72
-0.634
-0.601
-0.818
-0.891
-0.845
-0.812
-0.662
-0.672
-0.554
-0.52
-0.35
-0.475
-0.348
-0.362
-0.374
-0.318
-0.297
-0.384
-0.372
-0.424
-0.628
-0.556
-0.641
-0.615
-0.242
-0.281
-0.226
-0.2
-0.17
-0.158
-0.169
-0.128
-0.024
-0.094
0.058
0.009
-0.236
-0.333
-0.295
-0.02
-0.029
0.111
0.062
0.189
0.007
-0.146
-0.03
0.083
0.129
0.208
0.352
0.666
0.774
0.711
0.614
0.557
0.578
0.422
0.517
0.595
0.545
0.846
0.61
0.621
0.544
0.531
0.751
0.58
0.65
0.546
0.285
0.266
0.261
0.263
0.324
0.463
0.571
0.425
0.375
0.584
0.25
0.389
0.365
0.37
0.443
0.278
0.037
0.081
0.141
0.007
0.234
0.236
0.386
0.285
0.144
0.184
0.205
0.175
0.035
0.001
-0.094
-0.089
-0.059
-0.129
-0.468
-0.411
-0.581
-0.724
-0.823
-0.776
-1.06
-1.062
-1.255
-1.05
-0.834
-0.743
-0.618
-0.804
-1.121
-0.881
-1.014
-1.021
-1.088
-1.045
-1.145
-0.984
-0.782
-0.824
-0.777
-1.041
-0.66
-0.389
-0.534
-0.415
-0.31
-0.245
0.072
0.135
0.22
0.229
0.15
0.139
0.174
0.14
0.188
0.164
0.288
0.552
0.564
0.771
0.506
0.49
0.443
0.384
0.517
0.526
0.5
0.406
0.249
0.256
0.379
0.522
0.534
0.64
0.951
0.935
0.78
0.812
0.542
0.323
0.372
0.406
0.376
0.054
0.005
0.12
0.124
0.133
0.217
0.44
0.331
0.29
0.355
0.398
0.372
0.234
0.356
0.236
0.269
0.405
0.398
0.388
0.471
0.677
0.735
0.791
1.088
0.998
0.615
0.75
0.436
0.469
0.738
0.746
0.744
0.623
0.31
0.173
-0.011
0.193
0.174
-0.085
-0.291
-0.164
-0.274
-0.446
-0.413
-0.444
-0.655
-0.83
-0.809
-0.731
-0.975
-1.039
-1.024
-1.139
-1.01
-0.729
-0.624
-0.475
-0.469
-0.55
-0.675
-0.794
-0.569
-0.556
-0.72
-0.719
-0.64
-1.011
-0.907
-1.032
-0.909
-0.861
-0.777
-1.011
-0.474
-0.135
-0.21
-0.21
-0.454
-0.41
-0.3
-0.284
-0.217
-0.122
-0.094
-0.16
0.021
0.179
0.284
0.136
0.195
0.103
0.174
0.224
0.305
0.511
0.388
0.593
0.471
0.372
0.51
0.253
0.269
0.217
0.291
0.134
0.129
0.205
0.242
0.159
0.318
0.357
0.395
0.581
0.681
0.754
0.835
0.684
0.733
0.583
0.527
0.758
0.812
0.859
1.126
1.248
1.113
1.029
0.983
0.894
0.949
1.1
1.451
1.511
1.792
1.711
1.766
1.539
1.516
1.411
1.215
1.07
0.96
0.789
0.709
0.848
0.919
1.286
1.276
1.089
0.949
0.829
0.766
0.647
0.679
0.547
0.294
0.215
0.275
0.369
0.346
0.168
0.03
-0.294
-0.247
-0.256
-0.234
-0.372
-0.393
-0.27
-0.319
-0.405
-0.546
-0.873
-0.936
-0.853
-1.179
-0.961
-1.002
-0.965
-0.975
-0.909
-1.005
-1.181
-1.438
-1.27
-1.335
-1.188
-1.471
-1.445
-1.548
-1.64
-1.609
-1.614
-1.646
-1.522
-1.74
-1.711
-1.782
-1.85
-1.719
-1.825
-1.484
-1.166
-1.35
-1.264
-1.403
-1.414
-1.5
-1.482
-1.129
-0.901
-0.631
-0.573
-0.379
-0.279
-0.196
-0.194
-0.17
-0.059
-0.048
0.028
0.189
0.427
0.744
1.03
0.953
0.979
1.005
1.249
1.174
1.421
1.461
1.735
1.812
1.744
1.856
1.953
2.004
1.944
1.861
1.624
1.536
1.554
1.409
1.551
1.522
1.541
1.244
0.906
0.969
0.765
0.681
0.396
0.47
0.199
0.036
-0.035
-0.095
-0.263
-0.511
-0.754
-0.881
-0.831
-0.704
-0.776
-0.761
-0.662
-0.522
-0.491
-0.621
-0.826
-0.829
-0.954
-0.994
-1.114
-1.139
-1.241
-1.121
-1.03
-1.081
-1.439
-1.379
-1.544
-1.346
-1.137
-1.15
-1.009
-1.25
-1.301
-1.414
-1.552
-1.343
-1.353
-1.201
-1.271
-1.306
-1.29
-1.171
-0.97
-0.723
-0.71
-0.674
-0.623
-0.713
-0.595
-0.514
-0.63
-0.535
-0.465
-0.306
-0.191
-0.098
-0.048
-0.045
0.182
0.136
0.375
0.413
0.309
0.323
0.393
0.295
0.495
0.547
0.685
0.526
0.605
0.615
0.76
0.64
0.76
0.774
0.625
0.482
0.312
0.099
0.23
0.35
0.485
0.177
0.119
0.092
-0.009
-0.15
-0.129
-0.203
-0.209
-0.224
-0.037
0.171
0.39
0.46
0.638
0.633
0.645
0.792
0.775
0.682
0.593
0.5
0.296
0.268
0.144
0.054
-0.209
-0.333
-0.169
-0.191
-0.509
-0.768
-1.083
-0.996
-1.01
-1.055
-0.831
-0.924
-0.829
-0.834
-0.591
-0.666
-0.552
-0.541
-0.546
-0.49
-0.844
-0.859
-0.89
-0.916
-0.878
-0.75
-0.848
-0.718
-0.331
-0.331
-0.336
-0.404
-0.324
-0.144
0.014
0.315
0.375
0.219
0.274
0.413
0.451
0.552
0.725
0.731
0.865
0.819
0.562
0.674
0.75
0.893
0.936
1.121
1.25
1.344
1.338
1.476
1.605
1.56
1.43
1.589
1.704
1.417
1.649
1.598
1.456
1.489
1.324
1.353
1.276
1.195
1.251
0.818
0.846
0.62
0.646
0.86
0.86
0.894
0.677
0.522
0.35
0.156
0.152
0.103
0.201
-0.043
-0.119
-0.126
0.064
-0.071
-0.124
-0.275
-0.406
-0.206
-0.139
-0.134
-0.302
-0.106
-0.039
-0.066
0.052
0.22
0.086
0.177
0.159
0.329
0.14
0.413
0.205
-0.04
0.071
-0.029
0.026
0.077
0.147
0.21
0.118
0.174
0.285
0.239
0.299
0.401
0.239
0.339
0.18
0.369
0.506
0.451
0.716
0.718
0.666
0.733
0.894
0.941
0.642
0.715
0.384
0.289
0.311
0.36
0.351
0.385
0.578
0.649
0.718
0.769
0.704
-10.336
0.736
0.828
1.086
1.08
1.05
1.205
0.751
0.693
0.701
0.526
0.761
0.876
1.134
0.772
0.711
0.621
0.531
0.641
0.771
0.825
0.809
0.922
0.966
0.689
0.784
0.655
0.659
0.499
0.55
0.276
-0.022
0.124
0.198
0.369
0.275
0.299
0.014
0.106
-0.125
-0.241
-0.439
-0.179
-0.223
-0.458
-0.679
-0.478
-0.46
-0.235
-0.276
-0.105
0.111
0.155
0.113
-0.084
-0.024
-0.092
-0.111
-0.302
-0.346
-0.48
-0.814
-0.949
-0.809
-0.824
-0.825
-0.73
-0.824
-0.968
-0.8
-0.628
-0.481
-0.393
-0.374
-0.529
-0.68
-0.706
-0.854
-0.517
-0.431
-0.231
-0.081
0.091
-0.101
-0.083
-0.083
-0.03
-0.059
-0.122
-0.152
-0.03
-0.045
0.029
0.09
0.095
0.216
0.667
0.647
0.6
0.753
0.809
1.035
0.86
0.641
0.699
0.698
0.775
0.521
0.35
0.255
0.499
0.656
0.725
0.802
0.674
0.565
0.606
0.694
0.466
0.491
0.564
0.911
0.828
0.939
1.081
0.988
0.935
0.735
0.774
0.909
0.834
0.911
0.874
0.584
0.529
0.386
0.406
0.24
0.39
0.375
0.541
0.547
0.593
0.709
0.676
0.434
0.454
0.278
-0.034
-0.41
-0.405
-0.646
-0.784
-0.814
-0.718
-0.846
-0.829
-0.849
-1.045
-1.11
-1.159
-0.994
-1.209
-0.988
-1.24
-1.289
-1.439
-1.435
-1.35
-1.364
-1.199
-0.909
-0.856
-0.807
-0.85
-0.874
-0.825
-0.807
-0.868
-0.82
-0.843
-0.958
-0.938
-0.999
-0.703
-0.406
-0.628
-0.489
-0.268
-0.064
-0.23
0.058
0.052
0.114
0.083
0.034
0.144
0.005
0.105
0.307
0.814
0.938
1.262
1.431
1.34
1.051
1.11
1.07
1.13
1.133
1.193
1.34
1.396
1.272
1.376
1.391
1.601
1.475
1.271
1.209
1.179
1.101
1.161
1.051
1.194
1.334
1.311
1.022
0.893
0.756
0.651
0.703
0.735
0.67
0.647
0.565
0.469
0.297
0.109
0.168
0.074
-0.056
-0.325
-0.415
-0.624
-0.57
-0.661
-0.718
-0.771
-0.816
-1.03
-0.996
-0.927
-1.218
-1.04
-0.926
-0.569
-0.698
-0.714
-0.594
-0.534
-0.585
-0.945
-0.818
-0.805
-1.052
-0.76
-0.625
-0.676
-0.81
-0.735
-0.763
-0.664
-0.771
-0.739
-0.91
-1.039
-0.906
-1.06
-0.978
-0.938
-0.921
-0.943
-0.891
-0.921
-0.839
-0.731
-0.65
-0.805
-0.57
-0.866
-0.73
-0.699
-0.43
-0.497
-0.234
-0.179
-0.17
-0.355
-0.338
-0.526
-0.485
-0.399
-0.371
-0.424
-0.464
-0.419
-0.401
-0.458
-0.357
-0.434
-0.451
-0.463
-0.615
-0.36
-0.263
0.043
-0.029
-0.094
0.14
0.427
0.644
0.547
0.76
0.963
0.75
0.519
0.961
0.931
0.904
1.126
0.974
1.045
0.917
1.169
1.299
1.343
1.329
1.292
1.27
1.016
0.995
0.644
0.505
0.446
0.7
0.864
1.06
1.026
1.259
1.16
0.709
0.188
-0.058
-0.106
0.06
0.156
0.225
-0.244
-0.258
-0.381
-0.671
-0.449
-0.334
-0.583
-1.454
-0.853
-0.693
-0.486
-0.66
-0.708
-0.74
-0.845
-0.676
-0.541
-0.136
0.092
0.522
0.38
0.605
0.443
0.542
0.633
0.699
0.728
0.815
0.796
0.804
1.302
1.309
1.35
1.43
1.236
1.309
1.15
1.224
1.124
0.751
0.255
0.331
0.315
0.481
0.626
0.644
0.666
0.278
0.033
-0.168
-0.294
-0.478
-0.51
-0.556
-0.802
-0.795
-0.958
-1.133
-1.0
-0.899
-0.981
-1.119
-1.258
-1.089
-1.221
-1.127
-1.229
-1.266
-1.365
-1.169
-1.215
-1.318
-1.366
-1.186
-0.978
-0.805
-0.573
-0.434
-0.359
-0.295
-0.376
-10.336
-0.481
-0.583
-0.764
-0.795
-0.74
-1.01
-0.719
-0.615
-0.465
-0.449
-0.163
-0.022
0.126
0.125
0.168
0.247
0.356
0.628
0.655
0.546
0.565
0.455
0.384
0.713
0.211
0.283
0.244
0.251
0.062
-0.205
-0.372
0.044
-0.03
0.049
-0.007
0.135
-0.02
0.036
0.116
0.166
0.026
0.141
0.055
0.199
0.151
0.326
0.28
0.203
0.419
0.264
0.305
0.299
0.336
0.182
0.229
0.484
0.31
0.258
0.179
0.348
0.241
0.253
0.164
0.261
0.246
0.453
0.253
0.217
0.228
0.38
0.376
0.233
0.071
0.235
0.016
-0.1
-0.081
-0.062
-0.124
-0.051
-0.299
-0.113
-0.22
-0.25
-0.15
0.061
0.312
0.119
0.344
0.375
0.285
0.251
0.163
0.113
0.449
0.455
0.503
0.559
0.249
0.334
0.365
0.544
0.496
0.427
0.344
0.38
0.249
0.329
0.189
-0.048
-0.033
0.058
0.115
0.254
0.21
0.098
0.045
-0.043
-0.111
-0.176
-0.352
-0.471
-0.521
-0.45
-0.561
-0.521
-0.716
-0.539
-0.527
-0.371
-0.385
-0.129
-0.022
-0.194
-0.096
0.085
0.27
-0.062
-0.005
-0.043
-0.084
-0.361
-0.411
-0.478
-0.699
-0.75
-1.005
-0.986
-1.193
-1.048
-1.126
-1.093
-0.984
-1.218
-0.859
-0.746
-0.515
-0.348
-0.401
-0.539
-0.551
-0.765
-0.656
-0.711
-0.455
-0.568
-0.319
-0.31
-0.195
-0.103
-0.077
-0.011
0.155
0.384
0.161
0.343
0.369
0.451
0.419
0.684
0.899
0.716
0.728
0.618
0.786
0.554
0.665
0.64
0.561
0.746
0.666
0.642
0.586
0.603
0.709
0.724
0.739
0.527
0.479
0.47
0.446
0.614
0.6
0.515
0.306
0.465
0.417
0.432
0.316
0.529
0.719
0.598
0.583
0.583
0.571
0.65
0.506
0.432
0.244
0.163
0.273
0.146
-0.101
0.114
-0.035
0.043
0.025
0.059
0.065
-0.084
-0.014
0.041
-0.015
0.005
-0.346
-0.196
-0.328
-0.251
-0.432
-0.25
-0.079
-0.263
-0.035
0.066
0.034
-0.048
-0.099
0.07
0.03
0.136
0.092
-0.028
0.081
0.092
0.074
0.11
0.239
0.215
0.314
0.166
0.288
0.21
0.01
0.052
-0.099
0.037
0.036
0.103
-0.059
-0.048
-0.136
-0.255
-0.134
0.122
-0.055
-0.143
-0.286
-0.247
-0.189
-0.049
-0.025
0.025
-0.009
-0.009
-0.307
-0.305
-0.169
-0.214
0.043
0.338
0.481
0.47
0.482
0.177
0.25
0.246
0.307
0.492
0.401
0.255
0.41
0.339
0.228
0.235
-0.07
-0.265
-0.351
-0.391
-0.367
-0.395
-0.146
0.05
