0.198
0.302
0.288
0.356
0.386
0.426
0.441
0.833
0.744
0.823
0.825
0.954
0.886
0.934
0.864
0.936
1.052
0.838
0.953
0.744
0.691
0.573
0.514
0.44
0.312
0.344
0.176
0.081
0.085
0.069
0.0
-0.005
-0.16
-0.15
-0.226
-0.379
-0.223
-0.269
-0.239
-0.283
-0.404
-0.345
-0.333
-0.367
-0.484
-0.449
-0.463
-0.463
-0.478
-0.471
-0.542
-0.555
-0.649
-0.68
-0.619
-0.875
-0.95
-0.841
-0.821
-0.67
-0.645
-0.554
-0.53
-0.521
-0.44
-0.479
-0.4
-0.46
-0.429
-0.425
-0.436
-0.321
-0.365
-0.274
-0.294
-0.044
0.125
0.046
0.07
0.049
0.163
0.235
0.369
0.657
0.838
0.782
0.753
0.68
0.706
0.721
0.729
0.714
0.565
0.551
0.366
0.355
0.294
0.165
0.413
0.208
0.021
0.004
-0.076
-0.059
0.05
0.066
0.128
0.399
0.195
0.116
0.006
-0.118
-0.071
0.046
-0.066
-0.271
-0.17
-0.029
-0.219
-0.367
-0.404
-0.435
-0.446
-0.604
-0.646
-0.713
-0.504
-0.766
-0.807
-1.036
-1.059
-1.012
-1.111
-1.205
-1.184
-1.106
-1.085
-1.141
-0.934
-0.974
-1.021
-1.076
-1.038
-1.019
-1.085
-1.188
-1.073
-0.895
-0.927
-0.978
-0.715
-0.731
-0.713
-0.618
-0.581
-0.444
-0.546
-0.25
-0.37
-0.281
-0.225
-0.079
-0.168
-0.325
-0.338
-0.372
-0.238
-0.23
-0.194
-0.194
-0.115
0.058
0.154
0.065
0.033
0.088
0.315
0.29
0.32
0.119
-0.001
-0.034
-0.024
-0.181
-0.271
-0.163
-0.085
0.029
-0.12
-0.029
-0.19
-0.168
0.035
-0.1
-0.124
-0.083
-0.14
-0.212
-0.242
-0.241
-0.256
-0.212
-0.256
-0.323
-0.219
-0.29
-0.194
-0.191
-0.422
-0.151
-0.274
-0.233
-0.046
-0.105
-0.08
-0.004
-0.12
-0.105
-0.258
-0.154
-0.26
-0.194
-0.339
-0.285
-0.441
-0.47
-0.546
-0.535
-0.43
-0.619
-0.552
-0.504
-0.359
-0.273
-0.258
-0.19
-0.231
-0.11
-0.216
-0.234
-0.273
-0.189
-0.01
-0.159
-0.169
-0.079
-0.11
-0.091
0.091
0.094
0.18
0.256
0.134
0.1
0.111
0.154
0.056
0.079
-0.035
0.026
-0.066
-0.037
0.098
-0.031
0.001
0.122
0.08
0.066
0.04
0.27
0.338
0.356
0.324
0.391
0.336
0.335
0.376
0.416
0.453
0.427
0.413
0.375
0.314
0.281
0.408
0.212
0.245
0.254
0.185
0.288
0.242
0.2
0.279
0.359
0.59
0.599
0.631
0.589
0.495
0.545
0.443
0.526
0.351
0.304
0.144
0.228
0.175
0.32
0.121
0.168
0.072
0.193
0.146
0.231
0.147
0.094
-0.026
-0.12
-0.074
-0.182
-0.14
-0.184
-0.109
-0.052
-0.369
-0.359
-0.372
-0.624
-0.552
-0.605
-0.311
-0.361
-0.326
-0.446
-0.425
-0.475
-0.374
-0.362
-0.445
-0.414
-0.372
-0.415
-0.276
-0.352
-0.225
-0.125
-0.12
-0.028
0.084
0.013
0.014
0.125
0.247
0.278
0.256
0.299
0.069
0.152
0.343
0.345
0.351
0.409
0.604
0.86
0.943
0.925
0.995
1.024
0.99
1.024
1.058
1.042
1.026
1.044
0.98
0.966
0.945
0.859
0.689
0.552
0.264
0.291
0.219
0.255
0.076
0.121
0.133
0.029
0.175
0.051
0.221
0.122
0.281
0.288
0.242
0.179
0.074
0.169
0.05
-0.052
-0.144
-0.219
-0.255
-0.401
-0.225
-0.158
-0.301
-0.095
-0.352
-0.104
-0.105
0.128
0.185
0.163
-0.005
0.039
0.059
0.059
0.024
-0.034
0.128
-0.043
-0.028
0.209
0.324
0.416
0.439
0.527
0.656
0.797
0.921
0.889
0.95
0.88
0.85
0.754
0.72
0.598
0.39
0.28
0.07
0.119
0.011
-0.29
-0.21
-0.296
-0.24
-0.165
-0.245
-0.253
-0.302
-0.398
-0.229
-0.261
-0.429
-0.438
-0.596
-0.469
-0.307
-0.316
-0.246
-0.278
-0.194
-0.226
-0.323
-0.31
-0.326
-0.265
-0.448
-0.348
-0.471
-0.487
-0.5
-0.561
-0.443
-0.438
-0.419
-0.372
-0.242
-0.325
-0.244
-0.195
-0.143
0.17
0.141
0.217
0.071
0.104
0.099
0.098
0.086
0.223
0.131
0.045
0.085
-0.006
0.045
-0.014
-0.076
-0.173
-0.274
-0.22
-0.206
-0.244
-0.224
-0.268
-0.253
-0.15
-0.254
-0.261
-0.269
-0.29
-0.323
-0.302
-0.445
-0.376
-0.292
-0.371
-0.401
-0.338
-0.58
-0.527
-0.585
-0.63
-0.566
-0.506
-0.463
-0.384
-0.508
-0.445
-0.388
-0.305
-0.364
-0.231
-0.275
-0.279
-0.208
-0.321
-0.185
-0.126
-0.022
-0.046
-0.04
0.003
0.051
0.095
0.189
0.225
0.275
0.36
0.291
0.425
0.455
0.496
0.519
0.391
0.288
0.325
0.23
0.214
0.259
0.224
0.236
0.249
0.383
0.236
0.268
0.296
0.307
0.268
0.344
0.367
0.239
0.188
0.165
0.233
0.249
0.275
0.356
0.289
0.306
0.21
0.33
0.376
0.339
0.393
0.38
0.352
0.432
0.436
0.445
0.67
0.524
0.621
0.531
0.469
0.516
0.443
0.386
0.33
0.36
0.216
0.22
0.258
0.17
0.15
0.155
0.465
0.168
0.115
0.186
0.125
0.164
0.034
0.0
0.004
-0.125
0.04
-0.095
-0.056
-0.1
-0.15
-0.159
-0.174
-0.171
-0.211
-0.236
-0.125
-0.051
-0.156
-0.285
-0.301
-0.27
-0.241
-0.334
-0.354
-0.151
-0.152
-0.228
-0.292
-0.291
-0.366
-0.346
-0.269
-0.376
-0.352
-0.458
-0.383
-0.393
-0.529
-0.681
-0.524
-0.48
-0.459
-0.503
-0.583
-0.671
-0.568
-0.631
-0.635
-0.522
-0.421
-0.279
-0.335
-0.371
-0.309
-0.345
-0.33
-0.345
-0.352
-0.255
-0.306
-0.206
-0.182
-0.114
0.044
-0.14
0.019
0.013
-0.003
0.176
0.194
0.189
0.091
0.14
0.212
0.284
0.372
0.393
0.355
0.3
0.307
0.354
0.279
0.285
0.225
0.22
0.195
0.254
0.26
0.158
0.061
-0.08
-0.096
-0.07
-0.096
-0.061
0.138
0.106
0.118
0.251
0.2
0.274
0.16
0.19
0.279
0.245
0.341
0.276
0.14
0.233
0.177
-0.019
0.015
-0.075
-0.129
-0.05
-0.133
-0.1
0.051
-0.14
-0.179
-0.141
-0.107
-0.111
0.004
0.013
0.18
0.129
0.173
0.181
0.094
0.205
0.194
0.051
0.17
0.328
0.285
0.236
0.269
0.343
0.42
0.479
0.489
0.361
0.366
0.324
0.344
0.261
0.155
0.188
0.217
0.28
0.296
0.229
0.325
0.271
0.374
0.286
0.241
0.312
0.247
0.174
0.151
0.23
0.276
0.32
0.417
0.343
0.321
0.269
0.171
0.048
0.074
0.085
0.203
0.241
0.255
0.266
0.259
0.401
0.302
0.314
0.194
0.235
0.338
0.398
0.394
0.233
0.328
0.432
0.454
0.459
0.465
0.466
0.503
0.421
0.755
0.468
0.529
0.516
0.584
0.689
0.71
0.745
0.74
0.749
0.68
0.636
0.628
0.545
0.499
0.443
0.398
0.434
0.489
0.516
0.584
0.494
0.429
0.302
0.301
0.315
0.224
0.217
0.275
0.146
0.208
-0.022
-0.033
-0.28
-0.17
-0.101
-0.079
-0.122
-0.06
-0.069
-0.056
-0.151
-0.189
0.033
0.034
0.024
0.04
0.216
0.15
0.083
0.091
-0.059
-0.024
0.09
-0.065
0.088
-0.081
-0.118
0.024
-0.11
0.122
-0.026
-0.079
-0.136
-0.06
0.004
-0.131
-0.122
-0.169
0.085
0.1
0.095
0.075
0.069
0.083
0.141
0.085
0.059
0.124
0.14
0.164
0.265
0.201
0.286
0.279
0.305
0.278
0.362
0.312
0.359
0.348
0.361
0.264
0.236
0.125
0.191
0.165
0.176
0.182
0.144
0.338
0.02
-0.163
-0.199
-0.319
-0.273
-0.164
-0.209
-0.199
-0.249
-0.094
-0.163
-0.17
-0.26
-0.38
-0.268
-0.309
-0.355
-0.291
-0.236
0.024
0.105
0.193
0.151
0.219
0.188
0.18
0.253
0.225
0.173
0.266
0.21
0.188
0.111
0.104
0.221
0.189
0.228
0.296
0.352
0.395
0.369
0.334
0.328
0.31
0.268
0.173
0.107
0.299
0.26
0.121
0.122
-0.051
-0.231
-0.216
-0.09
-0.155
-0.126
-0.128
-0.089
-0.011
-0.088
-0.005
-0.02
0.052
0.074
0.034
-0.075
0.041
-0.06
-0.141
-0.084
-0.106
-0.159
-0.215
-0.291
-0.316
-0.471
-0.381
-0.367
-0.473
-0.408
-0.435
-0.343
-0.188
-0.045
-0.164
-0.055
0.075
0.23
0.309
0.352
0.474
0.52
0.61
0.485
0.599
0.588
0.619
0.586
0.84
0.599
0.574
0.605
0.645
0.699
0.709
0.754
0.911
0.909
0.963
1.052
1.001
1.024
1.018
0.954
1.01
1.133
0.916
0.846
0.805
0.865
0.812
0.723
0.753
0.775
0.719
0.639
0.606
0.775
0.795
0.755
0.634
0.604
0.534
0.529
0.596
0.588
0.665
0.694
0.588
0.62
0.43
0.509
0.661
0.619
0.564
0.297
0.208
0.114
0.107
0.22
0.209
0.13
0.136
0.099
0.044
0.081
0.106
0.061
-0.061
-0.139
-0.255
-0.35
-0.203
-0.315
-0.357
-0.517
-0.478
-0.496
-0.671
-0.599
-0.758
-0.805
-0.946
-0.906
-0.956
-0.784
-0.628
-0.576
-0.524
-0.485
-0.463
-0.459
-0.451
-0.614
-0.542
-0.436
-0.557
-0.571
-0.473
-0.415
-0.463
-0.48
-0.35
-0.223
0.069
0.14
0.074
0.056
0.3
0.198
0.134
0.055
0.075
0.024
-0.074
-0.052
0.076
0.179
0.174
0.152
0.279
0.255
0.286
0.259
0.133
0.18
0.166
0.348
0.401
0.474
0.524
0.474
0.404
0.333
0.31
0.238
0.141
-0.01
-0.128
-0.288
-0.356
-0.331
-0.364
-0.394
-0.359
-0.444
-0.492
-0.367
-0.546
-0.662
-0.8
-0.836
-0.902
-0.976
-1.08
-0.888
-0.969
-1.068
-0.925
-0.921
-0.949
-0.878
-0.779
-0.664
-0.719
-0.846
-0.777
-0.786
-0.876
-0.863
-0.782
-0.578
-0.537
-0.328
-0.288
-0.216
-0.092
0.035
0.122
0.214
0.225
0.309
0.241
0.352
0.35
0.448
0.524
0.396
0.383
0.275
0.25
0.291
0.273
0.266
0.214
0.134
0.006
-0.134
-0.21
-0.18
-0.231
-0.194
-0.23
-0.13
-0.124
-0.159
-0.114
-0.214
0.035
-0.297
-0.434
-0.482
-0.294
-0.211
-0.145
-0.098
-0.064
-0.118
-0.193
-0.261
-0.45
-0.512
-0.514
-0.62
-0.517
-0.531
-0.636
-0.601
-0.529
-0.62
-0.854
-0.993
-0.833
-0.796
-0.81
-0.744
-0.698
-0.644
-0.474
-0.396
-0.263
-0.121
0.03
0.349
0.494
0.591
0.709
0.69
0.657
0.846
0.941
1.177
1.147
1.159
1.113
1.107
1.051
0.876
0.81
0.824
0.667
0.642
0.537
0.568
0.354
0.14
0.077
-0.12
-0.201
-0.128
-0.07
-0.145
-0.115
-0.235
-0.191
-0.104
-0.094
-0.217
-0.258
-0.333
-0.424
-0.495
-0.458
-0.474
-0.426
-0.399
-0.404
-0.42
-0.708
-0.705
-0.791
-0.743
-0.725
-0.669
-0.609
-0.596
-0.56
-0.49
-0.33
-0.273
-0.302
-0.278
-0.292
-0.311
-0.249
-0.242
-0.179
-0.149
0.158
0.065
0.215
0.122
0.022
0.061
0.107
-0.133
-0.155
-0.133
-0.168
-0.104
-0.206
-0.161
-0.018
-0.094
-0.098
0.054
0.217
0.234
0.362
0.285
0.275
0.263
0.241
0.396
0.33
0.393
0.414
0.409
0.461
0.32
0.33
0.27
0.367
0.305
0.275
0.305
0.295
0.378
0.441
0.469
0.432
0.339
0.254
0.211
0.061
0.025
-0.034
-0.071
-0.11
-0.08
-0.171
-0.136
-0.145
-0.104
-0.311
-0.264
-0.168
0.003
0.045
-0.062
0.011
0.165
0.089
0.034
-0.049
0.024
0.037
0.146
0.131
0.283
0.059
0.05
0.033
0.034
0.226
0.185
0.224
0.399
0.41
0.39
0.304
0.195
-0.029
-0.163
-0.357
-0.344
-0.335
-0.388
-0.28
-0.349
-0.35
-0.224
-0.455
-0.526
-0.544
-0.672
-0.666
-0.64
-0.489
-0.519
-0.46
-0.446
-0.417
-0.349
-0.255
-0.348
-0.211
-0.216
-0.292
-0.28
-0.295
-0.186
-0.219
-0.289
-0.372
-0.362
-0.39
-0.283
-0.274
-0.309
-0.028
-0.005
0.03
0.103
0.062
0.156
-0.092
-0.088
0.106
0.14
0.098
0.0
0.098
0.134
0.134
0.228
0.24
0.355
0.403
0.394
0.326
0.531
0.449
0.38
0.419
0.26
0.04
-0.145
-0.118
-0.098
-0.164
-0.198
-0.255
-0.21
-0.424
-0.321
-0.505
-0.578
-0.761
-0.805
-0.449
-0.46
-0.264
-0.08
0.07
0.077
0.08
0.09
0.098
0.119
0.149
0.177
0.25
0.329
0.345
0.312
0.292
0.323
0.231
0.242
0.315
0.31
0.416
0.314
0.114
0.019
-0.088
-0.295
-0.354
-0.38
-0.489
-0.419
-0.565
-0.647
-0.814
-0.782
-0.716
-0.968
-0.874
-0.821
-0.93
-0.976
-1.016
-1.071
-1.21
-1.15
-1.195
-1.062
-1.021
-0.861
-0.596
-0.503
-0.315
-0.219
-0.107
0.011
0.104
0.295
0.366
0.388
0.264
0.406
0.364
0.394
0.339
0.224
0.215
0.321
0.444
0.399
0.361
0.324
0.323
0.206
0.031
-0.138
-0.096
-0.104
-0.169
-0.221
-0.345
-0.238
-0.264
-0.304
-0.557
-0.579
-0.566
-0.545
-0.708
-0.456
-0.642
-0.695
-0.598
-0.611
-0.599
-0.485
-0.398
-0.251
-0.33
-0.259
-0.288
-0.103
-0.191
-0.32
-0.011
0.121
0.235
0.147
0.182
0.122
0.066
-0.126
-0.221
-0.05
-0.066
0.016
0.001
-0.026
0.034
-0.084
-0.164
-0.118
0.091
-0.046
-0.08
0.024
0.007
-0.059
0.005
0.037
0.03
0.066
0.058
0.189
0.05
0.116
0.28
0.195
0.21
0.064
0.003
-0.079
-0.088
-0.046
-0.155
-0.091
-0.046
0.075
-0.173
-0.445
-0.359
-0.369
-0.405
-0.58
-0.619
-0.594
-0.453
-0.357
-0.314
-0.141
-0.22
-0.083
-0.122
-0.119
-0.386
-0.274
-0.212
-0.494
-0.421
-0.415
-0.201
-0.224
-0.219
-0.056
-0.075
-0.007
0.059
0.019
0.115
0.129
0.095
0.241
0.234
0.145
0.159
0.403
0.4
0.226
0.233
0.273
0.124
0.196
0.111
0.164
0.245
0.159
0.129
0.221
0.234
0.198
0.124
0.294
0.152
0.115
0.11
0.133
0.169
0.196
0.245
0.314
0.261
0.125
-0.014
-0.193
-0.275
-0.51
-0.579
-0.619
-0.725
-0.711
-0.696
-0.583
-0.541
-0.552
-0.432
-0.491
-0.604
-0.619
-0.51
-0.537
-0.491
-0.394
-0.445
-0.445
-0.5
-0.329
-0.17
-0.115
0.091
-0.006
-0.065
-0.13
-0.124
-0.107
-0.131
-0.179
-0.086
0.062
-0.201
-0.195
-0.349
-0.454
-0.562
-0.615
-0.555
-0.595
-0.504
-0.403
-0.508
-0.424
-0.28
-0.241
-0.264
-0.258
-0.314
-0.398
-0.366
-0.463
-0.522
-0.463
-0.201
-0.225
-0.256
-0.328
-0.351
-0.369
-0.3
-0.124
-0.147
-0.045
-0.072
0.164
0.22
0.154
-0.052
-0.028
0.099
0.036
0.031
0.06
-0.061
-0.028
-0.128
-0.235
-0.432
-0.499
-0.473
-0.503
-0.606
-0.713
-0.501
-0.4
-0.372
-0.557
-0.454
-0.189
-0.273
-0.003
0.035
0.126
0.126
0.236
0.206
0.105
0.225
0.278
0.459
0.593
0.623
0.78
0.87
1.025
1.103
1.064
0.948
0.917
0.771
0.726
0.856
0.814
0.934
0.902
0.771
0.68
0.814
0.682
0.652
0.606
0.709
0.604
0.603
0.636
0.57
0.594
0.57
0.649
0.708
0.471
0.431
0.419
0.296
0.385
0.171
0.316
0.144
0.27
0.269
0.228
-0.034
0.004
-0.136
-0.145
-0.146
-0.12
-0.151
-0.186
-0.22
-0.14
-0.193
-0.156
-0.139
0.055
0.051
0.055
-0.011
0.086
0.2
0.059
0.01
-0.018
-0.064
0.001
-0.081
-0.121
-0.2
-0.333
-0.331
-0.526
-0.506
-0.194
-0.328
-0.188
-0.161
-0.1
-0.13
-0.151
-0.054
-0.036
0.069
0.203
0.328
0.341
0.395
0.544
0.665
0.825
0.954
0.836
0.606
0.693
0.667
0.69
0.67
0.726
0.89
0.763
0.809
0.639
0.421
0.323
0.231
0.046
0.041
0.024
-0.105
-0.185
-0.335
-0.466
-0.509
-0.569
-0.492
-0.659
-0.639
-0.569
-0.624
-0.517
-0.521
-0.43
-0.291
-0.239
-0.329
-0.124
-0.084
-0.05
0.025
0.106
0.21
0.147
0.266
0.261
0.269
0.203
0.249
0.383
0.233
0.115
0.119
0.159
0.107
0.134
0.195
0.236
0.18
0.105
0.189
0.152
0.048
0.041
-0.161
-0.064
0.031
0.125
0.254
0.203
0.173
0.179
0.19
0.215
0.113
0.196
0.289
0.304
0.169
0.019
0.056
0.039
-0.007
-0.224
-0.285
-0.094
-0.249
-0.276
-0.459
-0.301
-0.176
-0.198
-0.173
-0.259
-0.208
-0.126
-0.105
-0.056
0.056
0.05
0.124
0.081
0.216
0.129
0.41
0.465
0.318
0.281
0.159
0.06
0.096
0.064
0.07
0.079
0.146
0.062
0.107
0.083
0.275
0.283
0.195
0.376
0.434
0.486
0.458
0.486
0.596
0.541
0.618
0.455
0.325
0.29
0.292
0.325
0.366
0.369
0.238
0.264
0.326
0.32
0.331
0.478
0.338
0.516
0.425
0.195
0.258
0.156
0.088
0.205
0.188
0.25
0.241
0.138
0.09
0.037
0.013
-0.031
-0.133
-0.279
-0.361
-0.33
-0.378
-0.297
-0.549
-0.516
-0.413
-0.376
-0.54
-0.478
-0.694
-0.634
-0.561
-0.444
-0.494
-0.475
-0.416
-0.448
-0.52
-0.461
-0.426
-0.31
-0.229
-0.323
-0.212
-0.052
-0.278
-0.263
-0.074
-0.04
-0.141
-0.13
-0.166
-0.175
-0.18
-0.159
-0.256
-0.326
-0.258
-0.362
-0.436
-0.264
-0.261
-0.369
-0.161
-0.221
-0.198
-0.166
-0.176
-0.11
-0.339
-0.098
-0.103
-0.171
-0.201
-0.244
-0.062
0.045
0.134
0.212
0.23
0.152
0.169
0.159
0.289
0.292
0.323
0.306
0.443
0.383
0.343
0.393
0.266
0.398
0.21
0.255
0.0
0.021
0.029
0.031
0.077
0.066
0.098
0.152
0.02
-0.004
-0.03
-0.089
-0.119
-0.06
-0.115
-0.115
-0.131
-0.228
-0.289
-0.231
-0.219
-0.122
-0.201
-0.398
-0.253
-0.191
-0.014
0.009
-0.036
-0.099
0.208
0.254
0.182
0.255
0.103
-0.033
0.158
0.146
0.186
0.066
0.264
0.348
0.441
0.557
0.522
0.64
0.792
0.89
0.869
1.034
0.766
0.883
0.875
0.874
0.797
0.777
0.765
0.676
0.565
0.532
0.685
0.809
0.789
0.843
0.665
0.815
0.824
1.016
1.07
1.125
1.126
1.051
1.093
0.824
0.844
0.948
0.88
0.851
0.776
0.74
0.716
0.865
0.633
0.506
0.569
0.675
0.719
0.759
0.736
0.713
0.667
0.652
0.599
0.516
0.559
0.679
0.615
0.7
0.806
1.061
0.829
0.789
0.859
0.921
0.99
1.065
1.071
0.907
0.64
0.656
0.741
0.869
0.786
0.876
0.78
0.78
0.743
0.505
0.367
0.271
0.285
0.08
0.077
0.151
0.143
0.352
0.468
0.346
0.444
0.343
0.365
0.334
0.288
0.273
0.331
0.246
0.176
0.223
0.169
-0.006
-0.083
-0.077
-0.04
-0.025
0.074
0.168
0.195
0.219
0.374
0.575
0.228
0.209
-0.055
0.055
0.393
0.344
0.261
0.124
0.106
0.228
0.274
0.165
0.124
0.074
0.186
0.261
0.372
0.378
0.084
0.094
0.01
0.003
0.041
-0.165
0.024
0.16
0.321
0.156
0.055
0.13
0.158
0.509
0.512
0.383
0.188
0.154
0.08
0.028
0.185
0.265
0.271
0.319
0.401
0.25
0.329
0.221
0.15
-0.089
0.141
0.131
-0.089
-0.04
-0.019
-0.16
0.011
0.0
-0.098
-0.12
0.0
-0.076
-0.13
0.077
0.089
0.144
0.036
0.152
0.27
0.3
0.497
0.549
0.537
0.497
0.606
0.359
0.27
0.375
0.116
0.312
0.103
0.231
0.295
0.403
0.569
0.32
0.379
0.434
0.439
0.398
0.319
0.193
0.221
0.144
-0.084
-0.328
-0.546
-0.328
-0.211
-0.318
-0.344
-0.138
-0.318
-0.193
-0.249
-0.176
-0.161
0.064
0.238
0.259
0.212
0.224
0.214
0.234
0.233
0.158
0.291
0.465
0.388
0.473
0.475
0.464
0.326
0.319
0.246
0.185
0.345
0.048
0.251
0.253
0.341
0.415
0.427
0.329
0.105
-0.146
-0.176
-0.239
-0.29
-0.27
-0.39
-0.343
-0.371
-0.494
-0.69
-0.761
-0.943
-0.976
-0.999
-0.984
-0.774
-0.743
-0.961
-1.055
-1.11
-1.194
-1.206
-1.088
-1.12
-1.246
-1.32
-1.278
-1.073
-1.126
-1.089
-0.936
-0.843
-0.695
-0.789
-0.715
-0.636
-0.485
-0.414
-0.505
-0.609
-0.667
-0.449
-0.733
-0.935
-0.858
-0.835
-0.807
-0.891
-0.907
-0.978
-1.002
-1.086
-0.824
-0.975
-0.95
-0.753
-0.718
-0.716
-0.456
-0.508
-0.268
-0.231
-0.27
-0.194
-0.292
-0.31
-0.234
-0.516
-0.525
-0.516
-0.546
-0.463
-0.301
-0.124
-0.085
-0.096
0.17
-0.026
-0.107
-0.052
-0.266
-0.149
-0.23
-0.241
-0.173
-0.354
-0.32
-0.417
-0.431
-0.333
-0.194
-0.058
0.175
0.215
0.274
0.426
0.314
0.238
0.263
0.14
0.049
0.103
0.235
0.24
0.299
0.175
0.141
0.084
