0.369
0.451
0.328
0.21
-0.004
-0.138
-0.239
-0.481
-0.537
-0.78
-0.944
-0.915
-1.021
-1.222
-0.969
-1.209
-1.048
-0.961
-0.856
-0.818
-0.796
-0.869
-1.135
-1.512
-1.516
-1.448
-1.041
-1.042
-0.909
-0.926
-0.922
-1.046
-0.955
-0.893
-1.146
-0.975
-1.079
-1.099
-0.932
-0.82
-0.644
-0.59
-0.401
-0.094
-0.286
-0.158
-0.278
-0.35
-0.223
-0.206
-0.159
0.149
0.006
0.126
-0.168
-0.152
-0.216
-0.134
-0.139
0.026
0.15
0.07
0.013
0.014
0.398
0.256
0.171
0.318
0.371
0.511
0.703
0.595
0.931
1.095
1.119
1.153
1.155
1.127
0.981
0.993
0.935
0.911
0.814
0.735
0.86
0.537
0.89
0.994
0.99
0.996
0.894
0.941
0.89
0.647
0.463
0.374
0.343
0.357
0.331
0.309
0.211
0.039
0.074
-0.105
-0.036
-0.284
-0.253
-0.391
-0.588
-0.73
-0.771
-0.735
-0.736
-0.82
-0.888
-0.946
-0.964
-0.838
-0.805
-0.861
-0.893
-0.823
-0.708
-0.521
-0.503
-0.497
-0.299
-0.485
-0.451
-0.404
-0.549
-0.174
-0.306
-0.226
-0.265
-0.084
-0.135
-0.152
0.005
0.09
0.134
0.07
0.154
0.071
0.041
0.164
0.43
0.372
0.594
0.696
0.855
1.032
1.026
0.921
0.851
0.755
0.593
0.584
0.221
0.088
-0.054
-0.161
0.006
0.076
0.501
0.255
0.238
0.163
-0.12
-0.258
-0.421
-0.236
-0.006
0.006
0.051
0.005
-0.044
0.003
0.113
0.203
0.28
0.48
0.492
0.291
0.029
-0.088
-0.088
-0.198
-0.326
-0.526
-0.79
-0.916
-0.69
-0.618
-0.559
-0.334
-0.281
-0.105
-0.051
-0.16
-0.02
-0.274
-0.236
0.029
0.21
0.211
0.344
0.365
0.375
0.219
0.173
-0.01
0.115
0.001
0.24
-0.07
0.015
0.046
0.209
0.143
0.051
0.061
-0.054
0.18
0.24
-0.024
0.098
0.104
0.041
-0.099
0.069
0.195
0.391
0.15
0.21
0.246
0.139
0.301
0.177
0.328
0.185
0.15
0.121
-0.101
-0.018
-0.059
0.084
0.343
0.479
0.339
0.421
0.291
0.323
0.315
0.466
0.501
0.618
0.704
0.734
0.691
0.85
0.766
0.886
0.944
1.074
0.786
0.623
0.589
0.566
0.555
0.57
0.855
0.88
1.097
1.229
1.052
1.251
1.231
1.199
0.958
0.888
0.795
0.618
0.709
0.759
0.657
0.68
0.484
0.578
0.619
0.43
0.399
0.333
0.233
0.336
0.399
0.456
0.281
0.345
0.139
0.163
0.085
0.025
-0.026
0.17
0.321
0.179
0.11
0.021
-0.281
-0.15
-0.099
-0.144
-0.194
-0.08
-0.323
-0.374
-0.343
-0.486
-0.403
-0.329
-0.354
-0.135
-0.228
-0.049
0.098
0.432
0.168
0.189
-0.056
-0.058
-0.099
-0.021
-0.177
-0.14
-0.115
-0.066
-0.236
-0.331
-0.314
-0.312
-0.394
-0.416
-0.39
-0.431
-0.448
-0.649
-0.743
-0.72
-0.599
-0.495
-0.286
-0.193
-0.018
-0.003
-0.261
-0.226
-0.075
-0.171
-0.495
-0.416
-0.356
-0.205
-0.256
0.011
-0.357
-0.224
-0.3
-0.096
-0.139
-0.17
-0.021
0.041
-0.037
-0.075
-0.12
0.121
0.161
0.299
0.427
0.335
0.16
0.066
0.0
0.062
0.411
0.61
0.713
0.959
1.06
1.083
0.863
0.889
0.725
0.735
0.664
0.782
0.619
0.764
0.646
0.484
0.581
0.696
0.54
0.509
0.481
0.526
0.549
0.473
0.58
0.515
0.509
0.539
0.335
0.481
0.111
0.139
0.144
0.217
0.2
0.055
-0.076
-0.281
-0.482
-0.504
-0.635
-0.777
-0.68
-0.906
-0.738
-0.677
-0.547
-0.795
-0.89
-0.853
-1.05
-1.15
-1.116
-1.039
-0.95
-0.896
-0.875
-0.883
-0.738
-0.619
-0.329
-0.12
0.043
-0.077
-0.35
-0.58
-0.749
-0.651
-0.718
-0.616
-0.5
-0.536
-0.718
-0.819
-0.698
-0.275
-0.735
-0.691
-0.544
-0.315
-0.685
-0.777
-0.782
-0.527
-0.459
-0.378
0.022
0.234
0.131
0.22
0.211
0.367
0.416
0.448
0.33
0.62
0.654
0.699
0.706
0.804
0.801
0.981
1.219
1.143
1.14
1.051
0.812
0.88
0.713
0.633
0.591
0.349
0.242
-0.054
0.11
-0.235
-0.114
-0.114
-0.191
-0.116
-0.19
-0.246
-0.425
-0.559
-0.471
-0.688
-0.676
-0.725
-1.038
-0.95
-1.18
-1.258
-1.069
-1.068
-1.031
-0.904
-1.066
-0.974
-0.876
-0.841
-0.726
-0.696
-0.864
-0.699
-0.404
-0.196
-0.041
-0.045
0.315
0.3
0.365
0.326
0.284
0.328
0.091
0.188
0.199
0.355
0.365
0.359
0.665
0.753
0.936
0.812
0.733
0.851
0.814
0.839
0.878
0.761
0.71
0.644
0.574
0.25
0.198
0.128
0.184
0.24
0.1
0.074
-0.107
-0.264
-0.216
-0.39
-0.47
-0.33
-0.331
-0.231
-0.325
-0.38
-0.119
-0.125
-0.088
0.221
0.403
0.364
0.487
0.802
0.696
0.69
0.636
0.725
0.703
0.695
0.506
0.355
0.564
0.541
0.491
0.537
0.638
0.676
0.578
0.603
0.291
0.219
0.046
-0.231
0.245
0.226
0.236
0.209
0.049
0.065
-0.159
-0.296
-0.325
-0.191
-0.356
-0.085
-0.405
-0.504
-0.422
-0.463
-0.44
-0.468
-0.522
-0.556
-0.743
-0.579
-0.599
-0.596
-0.554
-0.53
-0.581
-0.527
-0.535
-0.42
-0.505
-0.471
-0.403
-0.4
-0.544
-0.616
-0.497
-0.273
-0.42
-0.324
-0.524
-0.556
-0.494
-0.724
-0.46
-0.47
-0.388
-0.263
-0.052
0.004
0.279
0.316
0.369
0.479
0.672
0.512
0.67
0.481
0.734
0.917
1.024
1.228
0.931
0.85
0.946
0.93
0.764
0.799
0.777
0.58
0.432
0.339
0.199
0.08
0.031
0.001
0.122
0.138
0.139
0.039
-0.234
-0.177
-0.25
-0.49
-0.413
-0.299
-0.158
-0.352
-0.242
-0.203
-0.113
-0.143
-0.052
-0.069
-0.045
0.029
0.103
0.0
0.099
-0.198
-0.254
-0.305
-0.259
-0.583
-0.323
-0.4
-0.458
-0.271
-0.28
-0.195
-0.46
-0.228
-0.439
-0.169
0.005
0.136
0.113
-0.049
-0.001
-0.135
-0.037
-0.071
-0.01
0.144
0.323
0.586
0.394
0.52
0.549
0.445
0.339
0.223
0.475
0.361
0.568
0.579
0.695
0.797
0.864
0.956
0.709
0.647
0.505
0.43
0.274
0.323
0.269
0.37
0.374
0.445
0.565
0.511
0.534
0.352
0.456
0.233
0.316
0.425
0.374
0.224
0.141
0.352
0.143
0.341
0.289
0.044
-0.036
-0.065
-0.302
-0.269
-0.294
-0.217
-0.125
-0.011
0.296
0.475
0.335
0.306
0.481
0.611
0.701
0.529
0.453
0.576
0.534
0.415
0.174
0.221
0.28
0.396
0.341
0.341
0.492
0.586
0.753
0.71
0.775
0.83
0.855
1.012
1.036
1.012
1.136
0.929
0.8
0.907
0.81
0.721
0.695
0.529
0.443
0.624
0.251
0.253
0.236
0.211
0.185
0.182
0.154
-0.048
-0.071
-0.14
-0.309
-0.38
-0.299
-0.27
-0.526
-0.626
-0.781
-0.735
-0.948
-0.804
-0.853
-0.87
-1.028
-1.171
-1.085
-0.932
-0.901
-0.824
-0.681
-0.651
-0.396
-0.284
-0.169
-0.25
-0.201
-0.189
-0.356
-0.164
0.09
0.143
-0.086
-0.23
-0.164
-0.146
-0.121
0.005
0.124
0.171
0.06
0.354
-0.101
-0.299
-0.274
-0.261
-0.04
0.092
0.27
0.285
0.32
0.39
0.43
0.432
0.41
0.357
0.458
0.54
0.405
0.362
0.29
0.099
0.562
0.343
0.426
0.645
0.306
0.309
0.385
0.584
0.505
0.279
0.359
0.241
0.294
0.182
0.081
0.128
0.264
0.249
0.106
-0.077
-0.079
-0.02
-0.158
-0.395
-0.734
-0.756
-1.031
-1.25
-1.36
-1.154
-1.385
-1.52
-1.406
-1.338
-1.492
-1.566
-1.604
-1.624
-1.755
-2.015
-1.823
-1.739
-1.83
-1.749
-1.511
-1.436
-1.385
-1.235
-1.26
-1.254
-0.919
-0.699
-0.725
-0.706
-0.601
-0.636
-0.503
-0.398
-0.42
-0.156
-0.125
-0.084
-0.165
0.228
0.355
0.451
0.545
0.686
0.868
0.723
0.651
0.46
0.561
0.406
0.52
0.537
0.506
0.422
0.646
0.809
0.696
0.68
0.729
0.751
0.936
0.991
1.107
1.12
1.251
1.097
1.16
1.091
1.18
1.261
1.198
1.213
1.186
1.214
1.23
1.176
1.091
1.104
1.004
0.998
0.943
0.84
0.896
0.854
0.6
0.544
0.329
0.149
0.122
0.116
-0.101
-0.155
0.091
0.085
0.054
-0.056
0.051
0.081
-0.055
-0.119
-0.223
-0.242
-0.369
-0.432
-0.828
-0.514
-0.696
-0.698
-0.744
-0.826
-0.814
-0.805
-0.789
-0.834
-0.848
-0.986
-1.045
-1.012
-0.87
-0.753
-0.839
-0.907
-0.891
-0.894
-0.856
-0.868
-0.82
-0.893
-1.061
-1.008
-0.791
-0.856
-0.716
-0.624
-0.545
-0.399
-0.296
-0.334
-0.286
-0.199
-0.403
-0.357
-0.448
-0.624
-0.672
-0.731
-0.688
-0.665
-0.601
-0.569
-0.385
-0.36
-0.401
-0.2
-0.026
0.24
-0.139
0.0
-0.007
0.005
0.206
0.238
0.361
0.406
0.615
0.667
0.861
0.929
0.935
0.869
0.876
1.051
0.906
0.961
0.916
0.799
0.76
0.724
0.674
0.897
0.736
0.693
0.661
0.541
0.417
0.495
0.315
0.16
0.048
0.212
0.176
0.199
0.11
-0.022
0.261
0.242
0.19
0.296
0.122
0.209
0.044
0.043
0.011
-0.372
-0.495
-0.662
-1.078
-1.167
-1.458
-1.46
-1.338
-1.133
-1.335
-1.252
-1.338
-1.139
-0.83
-0.912
-0.645
-0.532
-0.465
-0.619
-0.667
-0.705
-0.485
-0.292
-0.289
-0.276
-0.171
0.118
0.18
0.134
-0.125
0.219
0.344
0.121
0.069
0.121
0.216
0.176
0.072
0.21
0.291
0.326
0.621
0.684
0.755
0.966
0.761
0.691
0.459
0.415
0.416
0.344
0.254
0.499
0.424
0.431
0.238
0.09
0.296
0.364
0.205
0.3
0.284
0.163
0.385
0.319
0.364
0.334
0.325
0.37
0.037
-0.019
-0.217
-0.184
-0.357
-0.083
-0.271
-0.356
-0.384
-0.481
-0.231
-0.362
-0.174
-0.135
0.036
-0.06
0.02
0.182
0.044
0.291
0.596
0.699
0.565
0.524
0.649
0.539
0.35
0.158
0.173
0.443
0.378
0.489
0.485
0.731
0.325
0.372
0.453
0.414
0.39
0.386
0.6
0.516
0.541
0.636
0.504
0.514
0.331
0.537
0.605
0.532
0.704
0.758
0.981
1.021
1.056
1.03
0.823
0.713
0.735
0.66
0.583
0.242
0.326
0.231
-0.061
0.075
-0.106
-0.025
0.246
0.33
0.26
0.276
0.208
0.131
0.269
0.154
-0.16
-0.065
-0.139
-0.043
0.009
0.135
0.1
0.49
0.326
0.427
0.357
0.283
0.276
0.444
0.524
0.471
0.499
0.616
0.753
0.781
1.042
0.909
0.906
0.772
0.858
0.97
1.214
1.083
0.993
0.838
0.449
0.247
0.216
0.383
0.657
0.649
0.521
0.432
0.408
0.198
0.113
-0.043
-0.015
0.128
-0.04
-0.325
-0.344
-0.302
-0.366
-0.429
-0.606
-0.465
-0.625
-0.551
-0.708
-0.789
-0.685
-0.525
-0.88
-0.744
-0.927
-0.828
-0.743
-0.991
-0.811
-0.91
-0.814
-0.761
-0.77
-0.633
-0.69
-0.537
-0.524
-0.657
-0.429
-0.531
-0.356
-0.46
-0.473
-0.604
-0.544
-0.346
-0.101
0.064
0.076
-0.034
-0.045
-0.014
0.036
0.175
0.174
0.129
0.114
-0.149
-0.221
-0.2
-0.058
0.158
0.083
0.113
0.16
-1.073
0.024
0.116
0.276
0.236
0.028
0.154
-0.199
-0.046
0.101
0.364
0.506
0.562
0.534
0.425
0.436
0.38
0.154
0.312
0.539
0.508
0.422
0.413
0.338
0.478
0.497
0.383
0.294
0.251
0.233
0.188
0.338
0.441
0.422
0.444
0.336
0.24
0.234
0.294
0.106
0.039
0.115
-0.025
-0.236
-0.208
-0.191
-0.025
0.022
-0.037
-0.169
-0.33
-0.385
-0.601
-0.589
-0.787
-0.835
-0.76
-1.036
-0.875
-0.855
-0.904
-0.875
-0.932
-0.66
-0.623
-0.693
-0.851
-0.47
-0.45
10.332
-0.446
-0.657
-0.63
-0.65
-0.6
-0.573
-0.364
-0.1
-0.064
-0.194
-0.141
-0.04
0.177
0.453
0.4
0.478
0.794
0.564
0.58
0.743
0.904
0.897
0.971
0.953
1.021
1.029
0.984
1.114
0.902
0.541
0.5
0.152
0.189
0.383
0.357
0.212
0.501
0.225
-0.007
-0.129
-0.265
0.048
0.206
0.343
0.221
0.17
-0.001
0.036
-0.214
-0.079
-0.071
-0.141
-0.05
-0.146
-0.306
-0.279
-0.11
-0.12
-0.095
-0.043
0.061
0.154
0.241
0.219
0.417
0.486
0.652
0.677
0.691
0.618
0.475
0.328
0.223
-0.014
0.11
-0.015
0.013
0.029
0.056
0.104
-0.054
0.014
-0.159
-0.113
-0.35
-0.434
-0.31
-0.555
-0.45
-0.383
-0.544
-0.329
-0.274
-0.261
-0.356
-0.263
-0.171
-0.074
0.131
0.193
0.311
0.339
0.413
0.274
0.121
0.205
0.101
0.18
0.154
0.052
0.284
0.495
0.399
0.514
0.495
0.288
0.209
0.105
0.318
0.212
0.077
0.076
0.065
0.126
0.041
0.221
0.284
0.338
0.301
0.345
0.394
0.369
0.512
0.351
0.411
0.444
0.635
0.4
0.486
0.495
0.453
0.425
0.206
0.14
-0.059
-0.143
0.01
-0.129
-0.156
-0.028
-0.14
-0.279
-0.253
-0.386
-0.593
-0.573
-0.451
-0.159
-0.118
0.086
0.254
0.135
-0.22
-0.514
-0.546
-0.698
-0.698
-0.662
-0.554
-0.435
-0.383
-0.19
-0.261
-0.44
-0.357
-0.212
-0.118
-0.107
-0.217
-0.122
-0.125
-0.288
-0.431
-0.578
-0.517
-0.516
-0.31
-0.578
-0.646
-0.355
-0.289
-0.241
-0.25
-0.211
-0.081
0.03
0.275
0.261
0.174
0.413
0.312
0.444
0.323
0.286
0.08
0.044
0.118
0.001
0.416
0.299
0.124
0.338
0.336
0.286
0.201
0.33
0.18
0.5
0.532
0.711
0.657
0.674
0.731
0.958
1.051
0.904
0.991
1.012
1.036
1.054
1.021
1.046
1.046
1.019
0.776
0.764
1.065
0.916
0.953
0.917
0.705
0.516
0.5
0.309
0.275
0.245
0.295
0.401
0.338
0.278
0.468
0.534
0.54
0.51
0.681
0.662
0.713
0.75
0.791
0.647
0.604
0.573
0.496
0.624
0.815
0.754
0.99
1.068
1.066
1.155
1.129
1.151
1.271
0.979
0.821
0.764
0.662
0.319
0.399
0.306
0.205
0.268
0.268
0.036
-0.19
-0.361
-0.281
-0.526
-0.478
-0.056
0.09
0.048
-0.025
-0.098
-0.328
-0.464
-0.328
-0.394
-0.386
-0.318
-0.489
-0.419
-0.344
-0.236
-10.336
-0.015
0.035
0.208
-0.122
-0.046
-0.056
-0.009
-0.121
-0.17
-0.44
-0.484
-0.505
-0.36
-0.427
-0.344
-0.401
-0.231
-0.263
-0.28
-0.314
-0.349
-0.312
-0.356
-0.421
-0.166
-0.086
0.12
0.224
0.212
0.247
0.284
0.45
0.352
0.391
0.519
0.5
0.555
0.531
0.494
0.544
0.366
0.497
0.849
0.968
1.183
1.174
1.058
1.104
0.961
0.931
0.851
0.795
0.825
-10.336
0.844
0.96
1.021
1.096
1.08
1.084
1.19
1.347
1.518
1.073
1.116
0.8
0.703
0.858
0.647
0.623
0.561
0.579
0.365
0.168
-0.111
-0.283
-0.419
-0.522
-0.43
-0.443
-0.482
-0.184
-0.519
-0.689
-0.458
-0.451
-0.672
-0.723
-0.83
-0.92
-1.179
-1.33
-1.544
-1.366
-1.484
-1.624
-1.654
-1.754
-1.583
-1.584
-1.381
-1.376
-1.175
-1.339
-1.094
-1.081
-1.035
-0.85
-0.945
-0.776
-0.769
-0.635
-0.522
-0.559
-0.487
-0.406
-0.103
-0.003
0.231
0.285
0.212
0.171
0.039
-0.066
-0.037
0.08
0.039
0.025
-0.116
-0.028
-0.034
0.099
-0.04
0.025
0.044
-0.066
-0.279
-0.194
-0.259
-0.191
-0.083
-0.103
-0.124
-0.076
0.033
-0.036
0.209
0.231
0.56
0.304
0.219
0.126
0.114
0.284
0.249
0.244
0.188
0.128
0.299
0.109
0.328
0.292
0.26
0.055
-0.165
-0.182
-0.168
-0.329
-0.161
-0.184
-0.189
-0.27
-0.403
-0.497
-0.588
-0.449
-0.625
-0.659
-0.631
-0.677
-0.806
-0.497
-0.833
-0.791
-0.77
-0.819
-0.772
-0.585
-0.496
-0.557
-0.559
-0.489
-0.316
0.04
0.103
0.284
0.31
0.451
0.409
0.341
0.241
0.24
0.283
0.367
0.388
0.329
0.239
0.326
0.39
0.688
0.589
0.634
0.511
0.311
0.35
0.265
0.17
0.1
0.115
0.0
-0.14
-0.289
-0.114
-0.031
-0.212
-0.636
-0.238
-0.235
-0.31
-0.546
-0.581
-0.31
-0.489
-0.545
-0.532
-0.576
-0.448
-0.435
-0.408
-0.198
-0.198
-0.152
-0.103
0.107
0.251
0.414
0.383
0.471
0.619
0.684
0.841
0.709
0.672
0.544
0.596
0.341
0.2
0.219
0.121
0.242
0.165
0.105
0.283
0.275
0.311
0.186
0.138
0.086
0.151
0.241
0.268
0.369
0.435
0.464
0.254
0.319
0.14
0.18
0.339
0.547
0.482
0.655
0.175
0.014
-0.051
0.105
0.19
0.072
0.107
0.128
0.11
-0.095
0.075
0.095
0.405
0.521
0.482
0.721
0.489
0.378
0.177
0.09
0.107
0.131
0.2
0.19
0.306
0.124
0.209
0.065
0.058
-0.024
0.147
0.219
0.176
0.164
0.229
0.269
0.079
-0.135
-0.16
-0.182
-0.247
-0.329
-0.022
-0.052
-0.056
-0.007
-0.061
-0.056
-0.168
0.124
-0.075
-0.077
-0.016
0.088
-0.145
0.103
-0.124
-0.124
-0.224
-0.283
-0.176
-0.261
-0.37
-0.464
-0.438
-0.536
-0.557
-0.729
-0.496
-0.801
-0.729
-0.708
-0.807
-0.91
-1.083
-0.88
-0.979
-0.693
-0.696
-0.63
-0.417
-0.37
-0.379
-0.396
-0.475
-0.526
-0.364
-0.224
-0.129
0.188
0.334
0.486
0.669
0.758
0.85
1.218
1.3
1.448
1.265
1.397
1.105
0.95
1.011
0.836
0.838
1.04
1.089
1.159
1.331
1.203
1.248
1.246
1.39
1.189
0.963
1.036
0.74
0.866
0.604
0.485
0.378
0.409
0.554
0.511
0.557
0.48
0.614
0.583
0.42
0.254
0.095
0.281
0.151
0.099
-0.092
-0.238
-0.345
-0.664
-0.579
-0.535
-0.6
-0.588
-0.419
-0.361
-0.31
-0.374
-0.279
-0.509
-0.761
-0.436
-0.68
-0.694
-0.853
-0.938
-1.199
-1.269
-1.261
-1.105
-0.919
-0.76
-0.465
-0.336
-0.107
-0.084
0.051
0.013
-0.011
0.036
0.115
0.396
0.328
0.371
0.398
0.593
0.552
0.685
0.946
1.042
1.059
1.084
0.921
0.786
0.912
0.672
0.756
0.713
0.181
0.09
0.36
0.229
0.346
0.364
0.261
0.099
0.101
-0.049
0.138
0.27
0.083
-0.092
-0.386
-0.345
-0.5
-0.504
-0.669
-0.506
-0.455
-0.466
-0.374
-0.584
-0.61
-0.289
-0.118
-0.011
-0.173
-0.464
-0.675
-0.456
-0.2
-0.061
0.182
0.343
0.335
0.468
0.549
0.667
0.74
0.619
0.724
0.792
0.863
0.909
0.774
0.794
0.566
0.677
0.81
0.715
0.815
0.745
0.682
0.708
0.796
0.854
0.885
0.916
0.839
0.765
0.751
0.811
0.415
0.375
0.453
0.464
0.326
0.143
-0.101
-0.256
-0.194
-0.315
-0.445
-0.526
-0.616
-0.744
-0.812
-0.83
-0.704
-0.316
-0.188
-0.22
-0.283
-0.492
-0.831
-1.006
-1.106
-1.066
-0.951
-0.888
-0.611
-0.691
-0.541
-0.651
-0.714
-0.453
-0.355
-0.258
-0.242
-0.254
-0.414
-0.336
-0.03
0.134
0.312
0.269
0.034
-0.076
-0.226
-0.258
-0.059
0.166
0.274
0.355
0.092
0.274
0.138
0.217
0.145
0.341
0.4
0.395
0.194
0.138
0.105
0.195
0.182
0.215
0.378
0.378
0.559
0.584
0.659
0.296
0.131
0.328
0.174
0.276
-0.054
0.031
-0.072
0.026
0.134
0.115
0.099
-0.129
-0.071
-0.135
-0.139
-0.311
-0.321
-0.269
-0.12
-0.106
-0.131
-0.075
0.029
-0.005
-0.135
0.019
0.036
0.431
0.271
0.357
0.258
0.048
0.271
0.151
0.066
0.219
0.159
0.122
0.125
0.164
0.064
-0.171
-0.199
-0.487
-0.639
-0.754
-0.634
-0.636
-0.354
-0.431
-0.469
-0.367
-0.53
-0.511
-0.471
-0.623
-0.551
-0.504
-0.496
-0.569
-0.585
-0.516
-0.591
-0.41
-0.344
-0.346
-0.131
-0.247
-0.114
-0.092
0.009
-0.084
-0.348
-0.36
-0.233
-0.208
-0.265
-0.049
-0.297
-0.246
-0.266
-0.481
-0.355
-0.48
-0.343
-0.399
-0.278
-0.174
-0.258
0.177
-0.069
0.033
0.005
-0.069
-0.128
0.014
0.221
0.135
0.064
-0.251
-0.413
-0.503
-0.703
-0.258
-0.043
0.043
0.149
0.06
-0.294
-0.288
-0.028
0.115
0.345
0.559
0.705
0.626
0.675
0.515
0.32
0.466
0.495
0.264
0.151
0.152
0.138
0.06
0.054
0.141
-0.019
-0.101
-0.253
-0.294
-0.36
-0.532
-0.489
-0.386
-0.535
-0.497
-0.723
-0.816
-0.796
-0.734
-0.565
-0.556
-0.474
-0.515
-0.432
-0.584
-0.62
-0.386
-0.403
-0.273
-0.323
-0.46
-0.44
-0.378
-0.294
0.022
0.109
0.211
-0.052
0.149
0.241
