-0.356
-0.589
-0.491
-0.63
-0.738
-0.552
-0.576
-0.615
-0.421
-0.674
-0.574
-0.369
-0.57
-0.38
-0.118
-0.396
-0.53
-0.425
-0.365
-0.198
-0.226
-0.311
-0.138
-0.22
-0.479
-0.479
-0.357
-0.306
-0.077
-0.08
-0.077
-0.034
-0.106
0.026
-0.101
-0.114
-0.06
0.024
-0.061
0.071
0.318
0.041
0.072
0.024
0.125
0.17
0.203
0.261
0.255
0.255
0.314
0.21
0.041
0.015
0.062
-0.129
0.206
0.331
0.291
0.299
0.302
0.11
-0.016
0.052
0.08
-0.18
-0.116
-0.092
-0.019
-0.075
-0.236
-0.314
-0.101
-0.154
-0.165
-0.223
-0.219
-0.081
-0.206
-0.138
-0.219
-0.235
-0.315
-0.113
-0.096
0.007
0.081
0.169
0.189
0.07
0.088
0.039
0.06
0.107
-0.046
0.06
-0.096
-0.217
-0.338
-0.439
-0.385
-0.369
-0.295
-0.247
-0.141
-0.164
-0.145
-0.321
-0.278
-0.386
-0.25
-0.333
-0.29
-0.307
-0.384
-0.661
-0.596
-0.651
-0.676
-0.706
-0.76
-0.698
-0.774
-0.654
-0.641
-0.594
-0.506
-0.635
-0.453
-0.441
-0.33
-0.211
-0.055
-0.024
0.045
0.004
-0.049
-0.036
-0.092
-0.085
-0.29
-0.345
-0.274
-0.245
-0.286
-0.188
-0.118
-0.015
-0.071
0.035
0.15
0.077
0.135
0.144
0.09
-0.1
-0.088
-0.139
-0.264
-0.275
-0.355
-0.425
-0.479
-0.147
-0.146
-0.439
-0.435
-0.469
-0.4
-0.399
-0.307
-0.306
-0.366
-0.279
-0.091
-0.098
0.019
0.049
0.051
0.079
0.03
-0.018
-0.258
-0.099
-0.24
-0.156
-0.066
0.022
0.168
0.144
0.584
0.348
0.399
0.236
0.285
0.434
0.356
0.495
0.6
0.851
0.907
0.927
1.044
1.19
1.256
1.235
1.069
0.897
0.971
0.999
0.71
0.671
0.69
0.631
0.721
0.537
0.573
0.571
0.621
0.676
0.535
0.703
0.84
0.642
0.584
0.623
0.5
0.426
0.512
0.674
0.659
0.682
0.855
0.661
0.647
0.821
0.893
0.904
0.786
0.864
0.897
1.026
1.04
1.203
0.914
1.08
1.01
1.031
0.978
1.044
1.036
1.093
1.101
1.235
1.226
1.094
0.949
0.856
0.916
1.104
1.179
1.188
1.111
1.174
1.218
1.026
0.939
0.845
0.897
0.891
0.755
0.733
0.684
0.772
0.774
0.647
0.657
0.331
0.323
0.253
0.195
0.16
0.281
0.44
0.511
0.455
0.311
0.381
0.469
0.588
0.691
0.616
0.509
0.615
0.35
0.238
0.211
0.254
0.107
0.07
0.124
0.116
-0.071
0.004
-0.02
0.366
0.24
0.279
0.388
0.398
0.281
0.623
0.351
0.456
0.603
0.569
0.441
0.245
0.49
0.481
0.492
0.516
0.475
0.383
0.435
0.311
0.385
0.521
0.623
0.605
0.626
0.504
0.46
0.482
0.443
0.634
0.514
0.445
0.545
0.698
0.714
0.611
0.515
0.765
0.691
0.46
0.494
0.537
0.63
0.435
0.515
0.566
0.541
0.511
0.544
0.461
0.316
0.341
0.306
0.28
0.269
0.136
0.301
0.328
0.41
0.143
-0.055
-0.044
0.271
0.085
0.095
0.075
0.091
-0.15
-0.147
-0.291
-0.391
-0.439
-0.411
-0.628
-0.787
-0.9
-0.618
-0.47
-0.47
-0.426
-0.551
-0.46
-0.494
-0.422
-0.505
-0.487
-0.484
-0.33
-0.201
-0.319
-0.238
-0.503
-0.44
-0.721
-0.745
-0.605
-0.79
-0.963
-1.147
-1.055
-1.206
-1.244
-1.331
-1.433
-1.509
-1.549
-1.594
-1.588
-1.364
-1.588
-1.251
-1.276
-1.089
-1.045
-0.911
-0.991
-0.894
-0.929
-0.521
-0.375
-0.361
-0.13
-0.143
-0.14
-0.01
0.062
-0.029
0.092
0.018
0.048
0.103
-0.014
0.046
0.251
0.181
0.309
0.245
0.255
-0.048
-0.02
-0.131
-0.021
-0.115
-0.114
0.051
0.16
0.094
-0.029
-0.085
-0.206
-0.209
-0.265
-0.385
-0.409
-0.497
-0.529
-0.787
-0.796
-0.834
-1.04
-0.999
-1.305
-1.384
-1.542
-1.571
-1.391
-1.556
-1.405
-1.397
-1.489
-1.475
-1.407
-1.494
-1.409
-1.221
-1.238
-1.234
-1.146
-1.084
-0.988
-1.032
-1.011
-0.895
-0.734
-0.789
-0.859
-0.749
-0.949
-1.029
-1.184
-1.12
-1.135
-0.988
-1.055
-0.831
-0.64
-0.63
-0.441
-0.524
-0.306
-0.263
-0.203
-0.092
-0.07
-0.11
0.16
0.069
0.085
0.247
0.079
0.128
-0.048
0.173
0.105
-0.006
0.121
0.141
0.064
-0.018
-0.088
0.054
-0.119
-0.155
-0.14
-0.19
0.003
-0.26
-0.234
-0.144
-0.195
-0.161
-0.14
-0.129
0.17
0.101
-0.03
0.07
0.177
0.136
0.039
0.0
0.198
0.258
0.329
0.416
0.566
0.675
0.661
0.642
0.642
0.804
0.725
0.82
0.631
0.593
0.642
0.681
0.777
0.763
0.681
0.529
0.396
0.47
0.511
0.288
0.384
0.426
0.273
0.064
0.12
0.011
0.031
-0.04
0.024
0.03
-0.055
-0.085
-0.065
-0.173
-0.104
-0.188
-0.092
-0.088
-0.059
-0.271
-0.217
-0.31
-0.195
-0.271
-0.135
0.175
0.195
0.22
-0.095
-0.026
-0.001
0.076
-0.011
0.075
0.118
0.12
0.155
0.164
-0.006
-0.019
-0.021
-0.169
-0.105
0.034
-0.139
-0.106
0.028
-0.084
0.168
0.026
0.189
0.33
0.361
0.667
0.804
0.786
0.794
0.777
0.641
0.6
0.769
0.714
0.95
0.86
0.784
0.672
0.669
0.505
0.413
0.414
0.181
0.199
-0.054
-0.072
-0.013
0.059
0.004
0.013
-0.125
-0.089
-0.114
-0.209
-0.133
-0.169
-0.021
-0.203
-0.278
-0.159
-0.176
-0.323
-0.31
-0.29
-0.206
-0.105
-0.371
-0.261
-0.221
-0.119
-0.164
-0.06
-0.077
0.006
-0.041
-0.025
-0.029
0.255
0.163
0.139
0.249
0.22
0.516
0.539
0.629
0.699
0.733
0.657
0.7
0.726
1.059
1.011
0.938
0.861
0.976
0.84
0.792
0.77
0.703
0.71
0.629
0.661
0.756
0.671
0.595
0.775
0.422
0.371
0.325
0.3
0.21
0.201
0.104
0.168
0.188
0.249
0.159
0.171
0.115
0.51
0.311
0.194
0.059
-0.188
-0.211
-0.331
-0.468
-0.23
-0.352
-0.328
-0.364
-0.417
-0.411
-0.374
-0.292
-0.343
-0.311
-0.446
-0.399
-0.586
-0.623
-0.775
-0.749
-0.605
-0.685
-0.745
-0.61
-0.61
-0.541
-0.385
-0.396
-0.256
-0.24
-0.223
-0.351
-0.331
-0.283
-0.29
-0.434
-0.649
-0.705
-0.647
-0.759
-0.62
-0.608
-0.56
-0.932
-1.144
-1.176
-0.99
-0.888
-0.784
-0.858
-0.674
-0.64
-0.772
-0.829
-0.856
-0.797
-0.661
-0.709
-0.568
-0.375
-0.415
-0.334
-0.343
-0.238
-0.194
-0.13
-0.236
-0.36
-0.417
-0.386
-0.279
-0.486
-0.61
-0.615
-0.624
-0.479
-0.425
-0.446
-0.515
-0.417
-0.5
-0.421
-0.372
-0.482
-0.463
-0.435
-0.542
-0.426
-0.749
-0.811
-0.739
-0.964
-0.818
-1.113
-1.101
-1.265
-1.189
-1.084
-1.019
-0.941
-0.938
-0.894
-0.828
-0.799
-0.886
-0.656
-0.69
-0.578
-0.374
-0.241
0.04
0.181
0.372
0.535
0.534
0.667
0.675
0.703
0.584
0.556
0.568
0.561
0.799
0.71
0.802
0.699
0.66
0.691
0.708
0.731
0.772
0.625
0.603
0.639
0.656
0.65
0.586
0.664
0.569
0.667
0.671
0.766
0.823
0.634
0.565
0.598
0.594
0.615
0.525
0.562
0.565
0.275
0.366
0.492
0.514
0.376
0.427
0.27
0.571
0.561
0.705
0.76
0.73
0.633
0.786
0.925
0.97
0.895
0.869
0.819
0.754
0.736
0.724
0.557
0.634
0.573
0.626
0.51
0.525
0.535
0.445
0.458
0.564
0.682
0.711
0.69
0.688
0.552
0.475
0.546
0.545
0.394
0.522
0.4
0.375
0.429
0.497
0.484
0.454
0.698
0.625
0.738
0.868
0.954
0.855
0.938
0.792
0.688
0.669
0.639
0.831
0.812
0.912
0.806
0.963
0.995
0.971
0.991
1.009
0.88
0.831
0.818
0.662
0.63
0.655
0.733
0.721
0.689
0.656
0.512
0.429
0.427
0.182
0.025
0.049
0.147
0.011
0.024
0.065
0.209
0.235
0.426
0.57
0.325
0.338
0.139
0.19
-0.005
0.145
0.066
0.11
0.184
0.216
0.134
-0.114
-0.216
-0.168
-0.115
0.019
-0.054
0.105
0.095
0.185
0.024
0.035
-0.149
0.013
0.086
0.205
0.155
0.201
0.061
-0.062
-0.131
-0.046
0.015
0.19
0.003
0.103
0.041
0.056
0.116
0.246
0.256
0.388
0.501
0.403
0.446
0.408
0.549
0.61
0.42
0.606
0.503
0.292
0.302
0.25
0.351
0.276
0.389
0.485
0.454
0.474
0.404
0.573
0.656
0.573
0.438
0.371
0.562
0.383
0.764
0.785
0.989
1.061
0.864
1.05
0.989
0.941
0.679
0.481
0.677
0.593
0.4
0.52
0.676
0.54
0.614
0.662
0.646
0.8
0.927
0.785
0.786
0.636
0.633
0.666
0.641
0.7
0.642
0.662
0.605
0.604
0.425
0.171
0.269
0.165
0.074
0.096
0.088
-0.18
-0.041
-0.329
-0.615
-0.295
-0.256
-0.325
-0.444
-0.403
-0.532
-0.45
-0.453
-0.516
-0.532
-0.512
-0.463
-0.378
-0.506
-0.532
-0.296
-0.076
-0.065
-0.037
0.066
-0.208
-0.101
-0.191
-0.264
-0.316
-0.29
-0.249
-0.405
-0.372
-0.45
-0.681
-0.685
-0.681
-0.6
-0.598
-0.7
-0.82
-0.889
-0.815
-1.002
-1.097
-0.95
-1.11
-1.302
-1.443
-1.695
-1.514
-1.765
-1.624
-1.675
-1.732
-1.566
-1.51
-1.603
-1.681
-1.54
-1.529
-1.363
-1.302
-1.185
-0.901
-0.785
-0.561
-0.446
-0.274
-0.011
0.128
0.164
0.22
0.338
0.291
0.434
0.504
0.554
0.618
0.616
0.836
0.677
0.76
0.761
0.838
0.906
0.689
0.564
0.336
0.199
0.279
0.214
0.15
-0.195
-0.266
-0.369
-0.378
-0.329
-0.393
-0.531
-0.524
-0.695
-0.744
-0.83
-0.965
-0.991
-1.01
-0.873
-0.756
-0.614
-0.497
-0.512
-0.489
-0.589
-0.772
-0.651
-0.77
-0.67
-0.537
-0.521
-0.503
-0.478
-0.509
-0.266
-0.401
-0.306
-0.445
-0.487
-0.427
-0.343
-0.33
-0.191
-0.104
-0.326
-0.292
-0.152
-0.255
-0.14
-0.25
-0.151
-0.307
-0.344
-0.309
-0.634
-0.6
-0.615
-0.549
-0.399
-0.234
-0.115
-0.064
-0.212
0.069
-0.007
0.035
0.164
0.051
0.005
-0.106
-0.176
-0.122
0.092
0.024
-0.058
0.125
0.022
-0.096
-0.212
-0.268
-0.245
0.058
-0.15
-0.231
-0.245
-0.256
-0.208
-0.196
-0.086
-0.141
-0.239
-0.261
-0.253
-0.414
-0.551
-0.415
-0.479
-0.506
-0.698
-0.936
-0.868
-1.002
-1.022
-1.101
-1.295
-1.364
-1.395
-1.404
-1.206
-1.059
-0.931
-0.771
-0.785
-0.765
-0.43
-0.381
-0.163
-0.111
-0.054
-0.103
0.163
0.138
0.394
0.464
0.568
0.713
0.539
0.494
0.264
0.42
0.504
0.522
0.481
0.356
0.154
0.101
0.338
0.494
0.425
0.664
0.825
0.871
0.934
0.772
0.634
0.719
0.656
0.51
0.449
0.3
0.49
0.349
0.224
0.193
-0.126
-0.077
-0.151
-0.261
-0.255
-0.408
-0.312
-0.26
-0.25
-0.289
-0.344
-0.171
0.001
0.085
0.179
0.216
0.144
0.254
0.359
0.356
0.478
0.456
0.669
0.691
0.834
0.792
0.83
0.829
0.763
0.759
0.876
0.924
0.993
0.98
0.92
0.993
1.035
1.014
0.912
0.651
0.708
0.544
0.311
0.302
0.44
0.539
0.583
0.529
0.605
0.522
0.36
0.506
0.404
0.319
0.15
0.138
-0.059
-0.065
-0.174
-0.225
-0.06
-0.033
-0.022
0.18
0.12
0.26
0.372
0.425
0.398
0.139
0.072
0.115
0.071
0.143
-0.007
0.03
-0.046
-0.071
0.164
0.245
0.474
0.226
0.487
0.25
0.03
-0.061
-0.355
-0.48
-0.47
-0.606
-0.861
-0.886
-1.002
-1.205
-1.296
-1.318
-1.309
-1.304
-1.391
-1.346
-1.414
-1.369
-1.357
-1.201
-1.161
-1.105
-1.109
-1.091
-1.086
-1.2
-0.976
-1.131
-1.032
-0.916
-0.871
-0.728
-0.791
-0.694
-0.547
-0.473
-0.247
-0.106
-0.016
-0.076
0.135
-0.135
-0.16
-0.265
-0.168
-0.045
0.051
0.075
0.059
0.133
0.103
0.064
0.296
0.384
0.31
0.439
0.394
0.505
0.443
0.341
0.305
0.194
0.062
-0.016
0.139
0.061
-0.124
-0.203
-0.226
-0.304
-0.147
-0.286
-0.203
-0.114
-0.09
-0.101
-0.076
-0.085
-0.29
-0.2
-0.156
-0.151
-0.018
-0.195
0.089
0.08
0.242
0.228
0.348
0.18
0.3
0.463
0.356
0.344
0.39
0.586
0.546
0.544
0.723
0.719
0.665
0.815
0.989
1.026
0.92
0.799
0.77
0.63
0.512
0.492
0.351
0.096
0.066
-0.098
-0.13
-0.075
-0.304
-0.503
-0.688
-0.584
-0.772
-0.672
-0.655
-0.626
-0.604
-0.73
-0.579
-0.771
-0.686
-1.025
-0.858
-0.74
-0.618
-0.525
-0.51
-0.403
-0.212
-0.114
-0.47
-0.537
-0.417
-0.436
-0.228
-0.366
-0.126
-0.11
-0.174
0.147
0.072
0.08
-0.044
0.028
0.144
0.258
0.323
0.355
0.601
0.724
0.709
0.64
0.675
0.774
0.814
0.634
0.94
0.938
0.836
0.859
1.076
1.032
0.868
0.879
0.9
0.79
0.821
0.891
0.989
0.846
0.996
0.876
0.915
0.926
0.809
0.841
0.764
0.719
0.931
0.939
0.953
1.071
1.117
1.016
0.926
0.907
1.091
1.16
1.114
1.177
1.254
1.326
1.292
1.359
1.294
1.423
1.295
1.177
1.042
1.071
0.945
1.002
0.851
0.619
0.536
0.466
0.456
0.578
0.606
0.604
0.351
0.326
0.35
0.463
0.434
0.415
0.329
0.166
0.124
0.35
0.147
0.019
-0.031
-0.011
-0.061
-0.09
-0.09
-0.161
-0.271
-0.199
-0.144
-0.011
-0.028
-0.13
-0.088
-0.251
-0.311
-0.427
-0.37
-0.242
-0.13
-0.08
-0.109
-0.092
-0.138
-0.085
0.071
-0.059
-0.049
-0.092
-0.242
-0.414
-0.388
-0.458
-0.356
0.049
0.109
0.212
0.048
0.19
0.357
0.214
0.23
0.095
0.099
-0.037
-0.061
-0.212
-0.269
-0.215
-0.184
-0.156
-0.115
-0.07
-0.164
-0.275
-0.177
0.09
0.003
0.284
0.305
0.226
0.221
0.273
0.305
0.2
0.236
0.141
0.182
0.113
0.105
0.126
0.294
0.556
0.682
0.897
0.97
1.034
1.054
1.009
0.925
0.69
0.526
0.517
0.696
0.406
0.511
0.524
0.389
0.236
0.461
0.47
0.265
-10.336
-4.324
0.01
0.084
0.099
-0.083
-0.159
-0.039
-0.297
-0.159
-0.284
-0.143
-0.046
-0.007
-0.111
-0.159
-0.124
-0.383
-0.223
-0.131
-0.173
-0.046
-0.258
-0.329
-0.323
-0.096
-0.147
-0.066
-0.033
-0.144
-0.352
-0.33
-0.68
-0.924
-0.91
-0.815
-0.833
-0.693
-0.736
-0.546
-0.755
-0.84
-0.69
-0.706
-0.671
-0.749
-0.66
-0.51
-0.441
-0.482
-0.375
-0.526
-0.341
-0.221
0.025
0.205
0.431
0.461
0.559
0.638
0.625
0.512
0.432
0.264
0.156
0.314
0.311
0.264
0.191
0.101
0.184
0.125
0.075
0.135
0.21
0.155
0.166
0.103
0.074
0.059
-0.049
-0.019
0.194
0.079
0.131
-0.021
-0.098
-0.247
-0.101
-0.395
-0.527
-0.503
-0.595
-0.487
-0.286
-0.439
-0.396
-0.364
-0.417
-0.526
-0.511
-0.427
-0.554
-0.571
-0.556
-0.453
-0.23
-0.291
-0.084
-0.211
-0.371
-0.209
-0.135
-0.177
-0.208
-0.228
-0.189
-0.139
-0.101
-0.165
-0.095
-0.256
-0.225
-0.453
-0.369
-0.471
-0.362
-0.311
-0.352
-0.285
-0.255
-0.135
-0.14
-0.179
-0.235
-0.24
0.028
0.096
0.074
0.07
-0.001
0.163
0.077
0.071
0.066
-0.296
-0.29
-0.325
-0.275
-0.239
-0.22
-0.249
-0.062
-0.106
-0.271
-0.159
-0.107
-0.05
-0.021
0.084
0.224
0.371
0.27
0.122
-0.05
-0.054
0.045
-0.025
0.045
-0.128
-0.274
-0.235
-0.436
-0.28
-0.289
-0.225
-0.235
-0.415
-0.51
-0.635
-0.634
-0.372
-0.33
-0.065
-0.116
-0.258
-0.208
-0.168
-0.235
-0.195
-0.384
-0.318
-0.441
-0.486
-0.22
-0.376
-0.185
-0.286
-0.13
-0.364
-0.25
-0.343
-0.576
-0.564
-0.646
-0.628
-0.436
-0.427
-0.39
-0.459
-0.289
-0.215
-0.365
-0.361
-0.321
-0.185
-0.024
0.081
-0.04
0.086
0.083
-0.051
0.189
0.149
0.236
0.284
0.487
0.355
0.239
0.101
0.15
0.221
0.331
0.028
0.144
0.266
0.019
-0.136
-0.169
-0.169
-0.106
-0.05
-0.13
-0.136
-0.052
-0.003
-0.104
-0.115
0.043
0.131
-0.083
-0.118
-0.328
-0.165
-0.024
0.1
0.193
0.376
0.374
0.188
0.239
0.161
0.292
0.199
0.216
0.256
0.289
0.258
0.436
0.416
0.616
0.595
0.664
0.554
0.583
0.606
0.357
0.289
0.231
0.246
0.251
0.264
0.355
0.075
0.055
0.009
-0.016
0.051
0.039
0.005
-0.138
-0.21
-0.307
-0.421
-0.26
-0.466
-0.403
-0.43
-0.341
-0.598
-0.512
-0.556
-0.529
-0.399
-0.286
-0.083
0.26
0.323
0.286
0.307
0.517
0.465
0.225
0.301
0.221
0.18
0.224
0.181
0.122
0.296
0.286
0.186
0.169
-0.095
-0.113
-0.033
-0.089
-0.14
-0.235
-0.294
-0.339
-0.188
-0.17
-0.216
-0.212
-0.311
-0.325
-0.4
-0.306
-0.446
-0.375
-0.46
-0.55
-0.545
-0.562
-0.417
-0.453
-0.36
-0.454
-0.574
-0.839
-0.688
-0.85
-0.833
-1.018
-1.038
-1.062
-1.076
-1.062
-0.829
-0.871
-0.93
-0.885
-0.95
-1.014
-0.843
-0.895
-0.739
-0.68
-0.59
-0.484
-0.301
-0.312
-0.361
-0.371
-0.018
0.107
0.26
0.045
0.27
-0.152
-0.212
-0.036
0.074
0.09
0.19
0.284
0.253
0.206
0.33
0.128
0.413
0.422
0.491
0.631
0.196
0.185
0.129
-0.09
-0.177
-0.144
-0.031
0.011
-0.088
-0.278
-0.3
-0.311
-0.357
-0.395
-0.261
-0.081
-0.165
-0.154
-0.106
-0.198
-0.144
0.107
0.297
0.406
0.659
0.724
0.819
0.814
0.674
0.758
0.917
1.006
0.829
0.85
0.89
0.981
0.932
0.944
0.81
0.765
0.721
0.647
0.45
0.231
0.281
0.299
0.379
0.255
0.328
0.284
-0.083
-0.194
-0.189
-0.166
-0.155
-0.051
-0.141
-0.288
-0.265
-0.371
-0.408
-0.32
-0.283
-0.268
-0.352
-0.241
-0.444
-0.419
-0.376
-0.354
-0.244
-0.098
0.08
0.076
0.235
0.352
0.388
0.661
0.475
0.74
0.469
0.503
0.549
0.491
0.656
0.715
0.772
0.87
0.77
0.611
0.49
0.438
0.445
0.446
0.836
0.99
1.046
0.932
0.968
1.109
0.938
0.8
0.557
0.473
0.383
0.453
0.415
0.395
0.249
0.141
0.194
0.077
0.28
0.191
0.484
0.399
0.408
0.479
0.536
0.361
0.3
0.497
0.459
0.431
0.584
0.481
0.497
0.398
0.515
0.631
0.681
0.575
0.521
0.503
0.463
0.652
0.549
0.486
0.461
0.505
0.611
0.562
0.765
0.875
0.932
1.004
0.95
0.975
1.206
1.3
1.144
1.251
1.245
1.183
1.292
1.306
1.373
1.514
1.516
1.37
1.495
1.474
1.306
1.111
1.018
1.188
0.866
0.906
0.949
1.026
1.01
1.022
1.225
1.042
0.998
0.804
0.68
0.646
0.58
0.542
0.551
0.465
0.345
0.054
-0.025
0.105
0.28
0.343
0.284
0.399
0.465
0.398
0.307
0.23
0.18
0.335
0.321
0.31
0.219
0.29
0.266
0.35
0.307
0.351
0.419
0.474
0.51
0.388
0.33
0.516
0.451
0.391
0.556
0.23
0.152
0.099
-0.04
-0.033
-0.048
-0.124
-0.124
-0.194
-0.401
-0.367
-0.489
-0.521
-0.662
-0.82
-0.853
-0.849
-0.647
-0.7
-0.708
-0.839
-0.716
-0.45
-0.47
-0.521
-0.416
-0.516
-0.515
-0.657
-0.404
-0.499
-0.334
-0.396
-0.16
-0.141
0.003
0.371
0.258
0.238
0.004
0.061
0.071
0.434
0.184
0.27
-0.143
0.241
0.268
0.251
0.101
0.217
-0.018
0.084
0.064
0.311
0.689
0.993
0.835
0.772
0.638
0.633
0.359
0.086
-0.046
-0.021
-0.113
-0.096
0.015
-0.171
-0.166
-0.525
-0.492
-0.638
-0.521
-0.743
-0.994
-0.912
-0.988
-1.099
-0.983
-0.975
-1.214
-1.219
-1.147
-1.359
-1.481
-1.603
-1.823
-1.834
-1.821
-1.909
-1.677
-1.615
-1.728
-1.471
-1.413
-1.338
-0.973
-0.878
-0.782
-0.883
-0.912
-0.795
-0.82
-0.829
-0.733
-0.764
-0.614
-0.569
-0.611
-0.369
-0.562
-0.191
0.135
0.179
0.152
0.051
0.196
0.33
0.439
0.196
0.096
0.405
0.441
0.554
0.624
0.588
0.745
0.647
0.677
0.696
0.859
0.95
0.814
0.856
0.873
0.835
0.593
0.557
0.496
0.458
0.42
0.38
0.225
0.458
0.468
0.241
0.359
0.289
0.284
0.19
0.226
0.225
0.165
0.182
0.143
0.115
0.122
0.135
0.056
0.113
-0.014
-0.147
-0.144
-0.3
-0.236
-0.221
-0.052
-0.118
-0.209
-0.349
-0.346
