-0.504
-0.503
-0.384
-0.4
-0.421
-0.55
-0.485
-0.5
-0.515
-0.566
-0.642
-0.675
-0.771
-0.82
-0.86
-0.667
-0.969
-0.935
-0.911
-0.665
-0.814
-0.844
-0.676
-0.864
-0.755
-0.763
-0.619
-0.63
-0.456
-0.379
-0.294
-0.231
-0.254
-0.071
-0.215
-0.101
-0.13
-0.233
-0.26
-0.333
-0.138
-0.245
-0.015
-0.019
0.043
0.205
0.323
0.453
0.416
0.241
0.2
0.163
0.035
-0.02
-0.114
-0.09
-0.07
-0.105
-0.059
-0.279
-0.035
-0.034
0.084
0.256
0.331
0.304
0.398
0.4
0.446
0.644
0.651
0.706
0.779
0.836
0.925
0.989
1.08
1.131
1.153
1.028
1.218
1.262
1.171
1.095
0.883
0.818
0.78
0.766
0.684
0.696
0.475
0.421
0.456
0.3
0.381
0.177
0.208
0.319
0.249
0.229
0.133
0.256
0.315
0.302
0.266
0.276
0.26
0.374
0.229
0.256
0.256
0.41
0.398
0.15
0.249
0.291
0.305
0.22
0.235
0.356
0.18
0.098
0.143
0.182
0.283
0.365
0.292
0.124
0.191
0.083
-0.065
-0.029
-0.056
-0.035
-0.182
-0.139
-0.181
-0.24
-0.12
-0.179
-0.086
-0.064
-0.081
-0.161
-0.338
-0.309
-0.311
-0.264
-0.26
-0.224
-0.145
-0.092
-0.166
-0.164
-0.184
-0.048
0.044
-0.135
-0.185
-0.208
-0.424
-0.43
-0.62
-0.579
-0.631
-0.586
-0.441
-0.657
-0.605
-0.304
-0.408
-0.559
-0.63
-0.379
-0.344
-0.265
-0.3
-0.254
-0.289
-0.191
-0.165
-0.151
0.049
-0.076
-0.075
-0.015
0.081
0.216
0.221
0.281
0.438
0.386
0.269
0.389
0.376
0.185
0.37
0.279
0.28
0.393
0.54
0.662
0.598
0.595
0.626
0.453
0.386
0.238
0.35
0.098
0.095
0.089
0.051
-0.084
-0.139
-0.176
-0.19
-0.159
-0.278
-0.056
-0.344
-0.346
-0.415
-0.38
-0.364
-0.31
-0.335
-0.212
-0.159
-0.141
0.019
-0.279
-0.369
-0.374
-0.413
-0.515
-0.501
-0.359
-0.3
-0.247
-0.219
-0.343
-0.389
-0.531
-0.454
-0.381
-0.344
-0.536
-0.393
-0.266
-0.228
-0.121
-0.105
-0.115
-0.126
-0.164
-0.041
0.043
0.141
0.034
0.21
0.291
0.215
0.261
0.131
0.001
0.124
0.06
0.043
0.281
0.273
0.379
0.306
0.149
0.256
0.058
0.059
0.219
0.138
0.234
0.224
0.356
0.438
0.54
0.594
0.381
0.58
0.598
0.667
0.71
0.461
0.329
0.38
0.4
0.352
0.348
0.294
0.228
0.22
0.179
0.104
0.193
0.09
0.119
0.152
0.156
0.181
0.19
0.146
0.096
0.116
0.104
0.195
0.095
0.037
-0.054
-0.005
-0.04
-0.111
0.04
-0.091
0.062
-0.086
-0.031
0.02
0.16
0.177
0.333
0.348
0.291
0.312
0.147
0.141
0.136
0.199
0.217
0.034
0.098
0.138
-0.013
0.06
0.021
-0.005
0.021
0.179
0.214
0.11
0.302
0.388
0.425
0.504
0.704
0.705
0.886
0.721
0.733
0.745
0.782
0.635
0.565
0.564
0.492
0.419
0.398
0.295
0.409
0.357
0.323
0.264
0.324
0.154
0.131
0.066
0.135
0.143
0.152
0.115
-0.026
0.189
0.274
0.307
0.535
0.676
0.796
0.907
0.896
0.951
0.786
0.868
0.953
0.833
0.755
0.67
0.69
0.601
0.72
0.49
0.41
0.196
0.13
0.186
0.231
0.205
0.179
0.236
0.364
0.466
0.375
0.371
0.28
0.372
0.517
0.329
0.259
0.159
0.105
0.061
0.004
-0.13
0.079
-0.133
-0.088
-0.126
-0.107
-0.208
-0.154
-0.058
-0.065
0.01
0.141
0.217
0.364
0.521
0.63
0.421
0.629
0.811
0.807
1.021
1.021
0.993
1.093
1.1
1.219
1.186
1.254
1.143
1.194
1.186
1.121
1.157
1.025
0.974
0.886
0.738
0.771
0.868
0.846
0.786
0.716
0.758
0.759
0.816
0.624
0.684
0.714
0.664
0.588
0.325
0.271
-0.003
0.029
-0.201
-0.216
-0.138
-0.135
-0.045
-0.143
-0.234
-0.364
-0.181
-0.182
-0.181
-0.138
-0.229
-0.14
-0.32
-0.23
-0.115
-0.191
-0.149
-0.336
-0.3
-0.113
-0.043
0.03
-0.04
0.107
-0.052
-0.015
-0.058
-0.196
-0.061
-0.121
0.014
0.048
0.135
0.176
0.194
0.269
0.191
0.269
0.356
0.158
0.145
0.163
0.113
0.052
-0.174
-0.01
-0.305
-0.366
-0.374
-0.318
-0.354
-0.361
-0.411
-0.296
-0.249
-0.044
0.065
0.221
0.238
0.14
0.265
0.251
0.273
0.259
0.258
0.245
0.284
0.321
0.388
0.219
0.229
0.239
0.111
0.1
0.126
0.079
-0.055
-0.103
-0.154
-0.145
-0.141
-0.208
-0.316
-0.285
-0.464
-0.463
-0.484
-0.326
-0.212
-0.229
-0.208
-0.32
-0.264
-0.394
-0.463
-0.191
-0.341
-0.357
-0.321
-0.319
-0.292
-0.147
-0.211
-0.146
-0.066
0.006
0.046
0.194
0.302
0.188
0.212
0.196
0.071
0.16
-0.111
0.244
0.286
0.258
0.279
0.166
0.364
0.54
0.546
0.53
0.801
0.98
1.012
1.186
1.218
1.221
1.238
1.066
1.137
0.931
0.931
0.939
0.789
0.758
0.763
0.641
0.652
0.47
0.501
0.42
0.051
0.216
-0.236
-0.247
-0.414
-0.61
-0.421
-0.45
-0.345
-0.374
-0.495
-0.522
-0.589
-0.676
-0.879
-0.914
-0.763
-0.749
-0.741
-0.77
-0.521
-0.496
-0.46
-0.35
-0.163
-0.269
-0.414
-0.251
-0.366
-0.439
-0.578
-0.566
-0.595
-0.7
-0.685
-0.686
-0.557
-0.735
-0.718
-0.781
-0.85
-0.651
-0.568
-0.526
-0.426
-0.429
-0.463
-0.408
-0.228
-0.16
-0.174
-0.11
-0.219
-0.229
-0.101
0.056
0.08
0.291
0.379
0.58
0.521
0.57
0.526
0.626
0.759
0.753
0.76
0.672
0.774
0.721
0.656
0.753
0.781
0.922
0.819
0.848
0.795
0.71
0.514
0.489
0.431
0.309
0.296
0.448
0.53
0.417
0.345
0.39
0.47
0.391
0.339
0.566
0.379
0.359
0.31
0.281
0.352
0.284
0.325
0.274
0.189
0.319
0.019
0.107
-0.025
-0.066
-0.034
-0.005
-0.029
-0.411
-0.391
-0.532
-0.545
-0.586
-0.506
-0.642
-0.422
-0.264
-0.386
-0.289
-0.328
-0.254
-0.209
-0.214
-0.24
-0.238
-0.268
-0.288
-0.268
-0.27
-0.266
-0.191
-0.236
-0.223
-0.238
-0.081
-0.041
0.062
0.09
0.025
-0.059
-0.03
-0.06
-0.022
-0.04
-0.055
-0.003
0.005
0.064
-0.02
-0.079
0.111
-0.171
-0.013
-0.099
-0.072
0.021
0.031
-0.024
-0.154
-0.367
-0.346
-0.413
-0.453
-0.439
-0.491
-0.481
-0.546
-0.565
-0.776
-0.83
-0.922
-0.843
-0.775
-0.831
-0.863
-0.836
-0.701
-0.713
-0.551
-0.579
-0.599
-0.5
-0.461
-0.312
-0.421
-0.316
-0.329
-0.226
-0.22
-0.224
-0.268
-0.056
0.007
0.146
0.074
0.259
0.286
0.115
0.125
-0.181
0.149
-0.026
-0.039
0.006
0.065
0.151
0.236
0.451
0.49
0.456
0.291
0.371
0.315
0.295
0.138
0.092
0.149
-0.046
-0.169
-0.381
-0.126
-0.05
-0.203
-0.364
-0.598
-0.591
-0.661
-0.68
-0.936
-0.895
-0.823
-0.98
-1.059
-1.089
-1.198
-0.968
-0.644
-0.585
-0.506
-0.539
-0.417
-0.527
-0.459
-0.547
-0.601
-0.59
-0.354
-0.326
-0.266
-0.304
-0.022
-0.174
-0.171
-0.141
-0.111
-0.079
0.163
0.25
0.25
0.201
0.166
0.11
0.15
0.106
-0.009
-0.088
-0.041
0.091
-0.029
0.075
0.044
0.161
0.079
0.088
0.179
0.171
0.398
0.319
0.214
0.223
0.198
0.292
0.18
0.169
-0.06
0.048
-0.007
-0.1
-0.201
-0.261
-0.33
-0.385
-0.42
-0.575
-0.486
-0.246
-0.155
-0.146
-0.004
-0.039
0.11
-0.08
-0.046
-0.049
0.01
0.193
0.206
0.24
0.305
0.21
0.376
0.453
0.395
0.215
0.2
0.238
0.286
0.238
0.155
0.189
0.173
0.28
0.177
0.338
0.521
0.547
0.578
0.541
0.459
0.393
0.471
0.478
0.439
0.514
0.475
0.625
0.642
0.574
0.594
0.615
0.66
0.53
0.509
0.48
0.331
0.32
0.208
0.051
0.029
-0.139
-0.043
-0.307
-0.43
-0.417
-0.522
-0.509
-0.527
-0.425
-0.395
-0.324
-0.355
-0.223
-0.113
-0.145
-0.103
-0.323
-0.45
-0.583
-0.536
-0.662
-0.766
-0.839
-0.859
-0.71
-0.693
-0.606
-0.571
-0.583
-0.463
-0.461
-0.339
-0.284
-0.196
-0.351
-0.395
-0.245
-0.258
-0.223
-0.299
-0.276
-0.144
-0.113
-0.069
-0.1
-0.099
-0.113
0.048
0.179
0.245
0.091
0.319
0.037
0.1
0.26
0.254
0.4
0.461
0.544
0.522
0.591
0.515
0.391
0.19
0.224
0.247
0.269
0.274
0.479
0.29
0.31
0.211
0.212
0.247
0.238
0.126
0.126
0.069
0.037
-0.116
-0.139
-0.26
-0.251
-0.255
-0.261
-0.306
-0.242
-0.463
-0.311
-0.29
-0.425
-0.426
-0.334
-0.366
-0.529
-0.529
-0.604
-0.557
-0.593
-0.714
-0.907
-0.698
-0.878
-0.804
-0.784
-0.772
-0.743
-0.625
-0.419
-0.574
-0.579
-0.564
-0.525
-0.496
-0.571
-0.583
-0.541
-0.429
-0.512
-0.481
-0.54
-0.557
-0.468
-0.449
-0.491
-0.536
-0.549
-0.583
-0.561
-0.56
-0.424
-0.466
-0.365
-0.278
-0.225
-0.259
-0.409
-0.241
-0.104
-0.054
-0.15
-0.09
-0.043
-0.094
-0.048
-0.013
-0.096
-0.033
-0.015
-0.12
-0.106
0.016
-0.074
0.055
-0.033
-0.019
0.12
0.051
0.088
0.033
0.161
0.231
-0.03
0.156
0.234
0.24
0.3
0.479
0.496
0.459
0.378
0.261
0.052
-0.116
-0.07
0.015
-0.049
0.064
0.085
0.079
0.059
-0.061
-0.05
-0.14
-0.265
-0.229
-0.135
-0.185
-0.321
-0.31
-0.226
-0.299
-0.321
-0.279
-0.328
-0.396
-0.552
-0.599
-0.511
-0.716
-0.896
-0.7
-0.873
-0.869
-0.75
-0.693
-0.741
-0.811
-0.922
-1.06
-1.111
-1.239
-1.203
-1.231
-1.125
-0.912
-0.699
-0.764
-0.782
-0.671
-0.544
-0.449
-0.316
-0.168
-0.12
-0.139
-0.051
0.077
0.159
0.371
0.514
0.469
0.46
0.515
0.652
0.636
0.787
0.917
0.99
0.863
0.94
1.012
1.185
1.209
1.188
1.146
0.863
1.05
0.735
0.621
0.427
0.5
0.164
-0.065
-0.343
-0.24
-0.374
-0.532
-0.495
-0.619
-0.578
-0.629
-0.635
-0.73
-0.68
-0.676
-0.549
-0.316
-0.281
-0.1
0.055
0.144
0.259
0.26
0.288
0.19
0.296
0.499
0.307
0.26
0.384
0.362
0.286
0.47
0.134
0.176
0.158
0.09
0.048
-0.024
-0.033
0.081
0.17
0.122
0.074
0.06
0.116
0.14
0.245
0.403
0.158
0.254
0.3
0.261
0.413
0.335
0.403
0.39
0.456
0.537
0.201
0.091
-0.054
-0.028
0.184
0.019
0.05
-0.015
-0.018
-0.194
-0.251
-0.35
-0.26
-0.48
-0.506
-0.534
-0.517
-0.515
-0.445
-0.44
-0.464
-0.479
-0.391
-0.527
-0.253
-0.205
-0.309
-0.356
-0.27
-0.48
-0.458
-0.182
-0.151
-0.001
0.021
-0.075
-0.062
-0.105
-0.13
-0.185
-0.111
0.036
-0.02
-0.103
-0.052
-0.031
-0.104
-0.044
-0.001
0.09
0.031
0.064
0.149
0.074
0.186
0.261
0.215
0.285
0.279
0.22
0.29
0.24
0.18
0.236
0.163
0.362
0.349
0.314
0.357
0.315
0.361
0.482
0.47
0.478
0.384
0.465
0.478
0.319
0.357
0.375
0.448
0.456
0.421
0.496
0.44
0.426
0.451
0.328
0.396
0.526
0.302
0.318
0.362
0.224
0.31
0.242
0.247
0.228
0.136
0.026
0.236
0.216
0.133
0.164
0.003
0.096
0.096
0.003
0.037
0.265
0.255
0.155
0.236
0.159
0.255
0.221
0.216
0.307
0.214
0.217
0.188
0.164
0.116
0.019
0.066
-0.029
0.07
0.004
-0.046
-0.224
-0.119
-0.152
-0.214
-0.304
-0.47
-0.374
-0.388
-0.173
-0.234
-0.175
-0.195
0.033
-0.062
-0.085
0.105
-0.018
-0.216
-0.02
0.01
0.32
0.326
0.508
0.542
0.644
0.606
0.729
0.724
0.646
0.703
0.698
0.784
0.794
0.861
0.853
0.75
0.754
0.896
0.821
0.92
0.825
0.756
0.751
0.789
0.654
0.465
0.542
0.285
0.238
-0.033
-0.14
-0.208
-0.231
-0.084
-0.333
-0.366
-0.33
-0.362
-0.511
-0.583
-0.42
-0.499
-0.383
-0.344
-0.349
-0.198
-0.07
-0.14
-0.174
-0.166
-0.185
-0.034
0.114
-0.018
-0.143
-0.216
-0.07
-0.155
-0.181
-0.214
-0.291
-0.384
-0.307
-0.212
-0.186
-0.109
-0.169
-0.071
0.031
0.122
-0.048
-0.242
-0.188
-0.361
-0.356
-0.345
-0.435
-0.465
-0.391
-0.446
-0.441
-0.484
-0.554
-0.489
-0.519
-0.274
-0.266
-0.338
-0.596
-0.479
-0.6
-0.731
-0.468
-0.51
-0.566
-0.501
-0.799
-0.443
-0.482
-0.565
-0.372
-0.56
-0.388
-0.21
-0.245
-0.144
0.116
0.074
0.103
0.12
0.145
0.29
0.22
0.205
0.511
0.486
0.542
0.511
0.531
0.439
0.635
0.698
0.69
0.765
0.805
0.78
0.689
0.83
0.765
0.772
0.82
0.863
0.961
1.146
1.105
1.311
1.444
1.458
1.281
1.204
1.385
1.396
1.479
1.953
1.755
1.655
1.494
1.623
1.396
0.985
1.048
1.022
0.936
0.688
0.8
0.711
0.804
0.625
0.601
0.468
0.559
0.557
0.466
0.334
0.464
0.466
0.449
0.562
0.386
0.517
0.469
0.37
0.583
0.478
0.527
0.405
0.536
0.481
0.32
0.362
0.357
0.465
0.36
0.283
0.201
0.104
0.081
0.122
0.071
0.174
0.065
-0.055
0.158
0.001
0.071
-0.044
0.029
-0.018
0.005
0.021
0.092
0.164
0.229
0.294
0.361
0.294
0.487
0.54
0.62
0.661
0.725
0.834
0.907
1.062
0.98
0.909
0.824
0.75
0.724
0.596
0.694
0.662
0.723
0.756
0.69
0.782
0.736
0.777
0.79
0.763
0.5
0.69
0.593
0.71
0.769
0.7
0.621
0.628
0.369
0.134
0.328
0.088
0.085
0.191
0.013
0.051
-0.114
-0.12
-0.101
-0.211
-0.158
-0.09
0.098
0.104
0.083
0.025
-0.115
-0.083
0.124
0.13
0.1
0.26
0.436
0.474
0.657
0.552
0.759
0.897
0.818
1.049
0.981
1.199
1.136
0.93
1.011
1.205
1.295
1.19
1.315
1.294
1.266
1.301
1.284
1.356
1.272
1.2
1.251
1.144
1.115
1.04
0.797
0.696
0.745
0.625
0.424
0.276
0.27
0.083
0.075
-0.069
-0.174
-0.184
-0.169
-0.296
-0.352
-0.3
-0.376
-0.351
-0.444
-0.495
-0.501
-0.505
-0.348
-0.395
-0.004
-0.12
-0.343
-0.245
-0.381
-0.316
-0.381
-0.349
-0.206
-0.156
0.15
0.026
-0.158
-0.131
-0.17
-0.251
-0.201
0.095
0.176
0.214
0.091
-0.007
-0.116
-0.224
-0.403
-0.429
-0.464
-0.516
-0.474
-0.552
-0.6
-0.611
-0.661
-0.651
-0.606
-0.726
-0.601
-0.665
-0.664
-0.7
-0.557
-0.605
-0.688
-0.67
-0.72
-0.745
-0.549
-0.276
-0.004
0.173
0.119
0.095
0.234
0.054
0.159
0.154
0.147
0.174
0.035
-0.133
0.01
-0.043
0.14
0.17
0.265
0.307
0.297
0.426
0.606
0.557
0.698
0.51
0.593
0.466
0.421
0.225
0.154
0.166
0.141
0.245
-0.258
-0.404
-0.375
-0.478
-0.425
-0.52
-0.698
-0.829
-0.83
-0.932
-0.831
-0.645
-0.75
-0.473
-0.388
-0.552
-0.474
-0.48
-0.41
-0.718
-0.768
-0.549
-0.624
-0.7
-0.708
-0.652
-0.417
-0.555
-0.443
-0.537
-0.569
-0.691
-0.682
-0.505
-0.531
-0.765
-0.953
-0.636
-0.636
-0.521
-0.603
-0.445
-0.376
-0.249
-0.341
-0.288
-0.24
-0.241
-0.209
-0.259
-0.436
-0.338
-0.319
-0.086
-0.247
-0.28
-0.203
-0.325
-0.408
-0.461
-0.425
-0.426
-0.399
-0.344
-0.501
-0.608
-0.674
-0.5
-0.584
-0.662
-0.512
-0.255
-0.205
-0.268
-0.362
-0.503
-0.468
-0.501
-0.566
-0.699
-0.753
-0.743
-0.501
-0.459
-0.545
-0.633
-0.681
-0.661
-0.695
-0.765
-0.745
-0.806
-0.774
-0.885
-0.816
-0.675
-0.552
-0.615
-0.526
-0.594
-0.709
-0.616
-0.666
-0.443
-0.76
-0.791
-0.815
-0.816
-0.626
-0.552
-0.791
-0.536
-0.444
-0.376
-0.343
-0.206
-0.03
0.039
0.134
0.238
0.013
0.098
0.066
0.099
0.134
0.121
0.055
0.289
0.489
0.6
0.809
0.787
0.746
0.693
0.699
0.695
0.771
0.826
0.871
0.8
0.665
0.581
0.497
0.536
0.555
0.427
0.43
0.46
0.261
0.46
0.107
0.049
0.334
0.211
0.247
0.165
-0.119
-0.208
-0.376
-0.674
-0.633
-0.714
-0.624
-0.698
-0.743
-0.906
-0.896
-0.851
-0.69
-0.78
-0.924
-0.807
-0.841
-0.598
-0.464
-0.506
-0.348
-0.295
-0.17
-0.058
-0.092
0.185
0.189
0.378
0.284
0.37
0.251
0.13
0.12
0.111
-0.026
-0.151
-0.185
-0.326
-0.247
-0.289
-0.343
-0.349
-0.083
-0.016
-0.228
-0.149
-0.026
0.007
-0.051
-0.143
-0.086
0.077
-0.095
-0.084
-0.146
-0.141
0.049
0.149
0.07
0.07
-0.048
0.103
0.201
0.299
0.274
0.314
0.285
0.253
0.393
0.195
0.211
0.21
0.26
0.314
0.351
0.357
0.184
0.021
-0.07
-0.163
-0.08
-0.04
0.208
0.336
0.146
0.181
0.304
0.247
0.371
0.199
0.177
0.26
0.37
0.51
0.268
0.193
0.22
0.196
0.136
0.233
0.111
0.062
-0.045
-0.15
-0.29
-0.432
-0.411
-0.565
-0.652
-0.794
-0.831
-1.031
-0.964
-0.946
-0.922
-0.955
-0.744
-0.756
-0.791
-0.775
-0.724
-0.535
-0.511
-0.547
-0.446
-0.591
-0.391
-0.288
0.021
0.184
0.367
0.444
0.484
0.366
0.295
0.481
0.375
0.414
0.378
0.276
0.156
-0.001
0.119
0.291
0.42
0.278
0.245
0.107
0.056
-0.171
-0.249
-0.304
-0.422
-0.38
-0.401
-0.285
-0.226
-0.19
-0.055
-0.037
-0.25
-0.364
-0.416
-0.388
-0.588
-0.584
-0.46
-0.554
-0.642
-0.815
-0.799
-0.955
-0.856
-0.907
-1.055
-1.014
-1.032
-1.0
-1.061
-0.819
-0.66
-0.634
-0.62
-0.56
-0.565
-0.484
-0.435
-0.529
-0.55
-0.398
-0.279
-0.236
-0.228
-0.011
-0.144
-0.195
-0.081
0.045
0.094
-0.096
-0.249
-0.309
-0.274
-0.292
-0.254
-0.103
-0.003
0.17
0.231
0.209
0.357
0.564
0.505
0.349
0.616
0.52
0.586
0.621
0.435
0.417
0.588
0.631
0.555
0.606
0.709
0.834
0.828
0.596
0.529
0.569
0.494
0.499
0.436
0.419
0.356
0.26
0.251
-0.009
-0.18
-0.15
-0.211
-0.08
0.016
-0.039
-0.189
-0.211
-0.037
-0.129
-0.297
-0.189
-0.072
0.014
-0.056
-0.048
-0.143
-0.38
-0.186
-0.101
-0.156
-0.201
-0.241
-0.379
-0.391
-0.489
-0.591
-0.677
-0.568
-0.496
-0.525
-0.416
-0.315
-0.421
-0.269
-0.294
-0.47
-0.571
-0.443
-0.391
-0.351
-0.325
-0.379
-0.31
-0.23
-0.165
0.036
-0.111
-0.013
0.084
0.081
0.031
0.133
0.175
0.279
0.328
0.201
0.169
0.264
0.288
0.33
0.271
0.226
0.173
-0.015
-0.099
-0.198
0.007
-0.076
-0.048
-0.115
-0.194
-0.158
-0.14
0.048
-0.106
-0.06
-0.061
0.009
0.037
0.098
0.085
0.177
0.279
0.238
0.292
0.18
0.381
0.273
0.296
0.301
0.346
0.242
0.349
0.359
0.229
0.186
0.003
0.135
0.145
-0.028
0.091
0.075
0.051
0.089
0.024
-0.014
0.046
0.1
0.006
0.273
0.02
0.241
0.136
0.088
-0.03
-0.05
-0.09
-0.024
-0.119
-0.119
-0.206
-0.25
-0.233
-0.165
-0.385
-0.234
-0.256
-0.288
-0.209
-0.179
0.006
-0.059
0.001
0.064
-0.037
-0.05
-0.38
-0.463
-0.474
-0.497
-0.638
-0.512
-0.348
-0.31
-0.135
-0.09
0.039
0.168
0.302
0.319
0.064
0.275
0.186
0.098
0.25
-0.034
0.001
-0.036
-0.062
-0.103
0.022
-0.12
0.01
-0.085
0.205
0.214
0.161
0.173
0.184
0.265
0.389
0.163
0.251
0.415
0.335
0.242
0.151
0.169
0.268
0.357
0.171
-0.065
-0.147
-0.155
-0.29
-0.325
-0.304
-0.191
-0.145
0.02
-0.181
-0.209
-0.344
-0.217
-0.289
-0.37
-0.366
-0.13
-0.149
0.015
-0.019
-0.31
0.046
-0.024
0.196
0.145
0.27
0.273
0.284
0.348
0.33
0.33
0.443
0.703
0.638
0.562
0.845
0.731
0.826
0.71
0.604
0.525
0.48
0.544
0.32
0.494
0.812
0.768
0.816
0.797
0.811
0.725
0.894
0.792
0.73
0.735
0.667
0.534
0.609
0.329
0.348
0.297
0.215
0.177
0.182
-0.005
-0.152
-0.198
-0.249
-0.376
-0.399
-0.359
-0.509
-0.506
-0.326
-0.425
-0.481
-0.448
-0.519
-0.508
-0.417
-0.258
-0.556
-0.527
-0.623
-0.703
-0.628
-0.534
-0.7
-0.569
-0.517
-0.441
-0.451
-0.264
-0.242
-0.235
-0.29
-0.348
-0.175
-0.136
-0.205
-0.186
-0.239
-0.25
