0.194
0.186
0.505
0.259
0.041
-0.03
-0.085
-0.135
0.031
0.193
0.325
0.406
0.551
0.514
0.359
0.405
0.438
0.316
0.42
0.427
0.212
0.274
0.36
0.336
0.484
0.295
0.171
-0.079
-0.18
-0.219
-0.389
-0.504
-0.562
-0.601
-0.596
-0.724
-0.795
-0.922
-1.145
-1.281
-1.284
-1.054
-0.883
-0.931
-0.84
-0.876
-0.89
-0.856
-0.647
-0.374
-0.405
-0.193
-0.168
-0.15
0.001
0.122
0.116
0.131
0.195
0.386
0.022
-0.219
-0.135
-0.075
-0.064
0.156
0.104
0.168
0.125
0.019
0.19
0.302
0.32
0.161
0.22
0.109
-0.249
-0.515
-0.5
-0.393
-0.226
-0.25
-0.438
-0.56
-0.664
-0.598
-0.651
-0.641
-0.76
-0.7
-0.784
-0.932
-1.31
-0.802
-0.562
-0.546
-0.56
-0.468
-0.556
-0.662
-0.45
-0.693
-0.515
-0.2
-0.335
-0.193
-0.084
0.107
0.031
-0.099
-0.149
0.096
0.059
0.046
0.009
0.149
0.211
0.184
0.296
0.416
0.33
0.286
0.388
0.381
0.42
0.72
0.532
0.771
0.645
0.623
0.651
0.688
0.733
0.72
0.826
0.636
0.432
0.319
0.212
0.37
0.203
0.524
0.626
0.556
0.815
0.811
0.883
0.845
0.922
0.994
0.963
0.944
1.083
0.985
0.89
1.055
1.174
1.133
1.093
1.171
1.246
1.075
1.116
1.255
1.36
1.407
1.405
1.384
1.203
0.984
0.79
0.869
0.859
0.601
0.439
0.672
0.336
0.35
0.361
0.258
0.259
0.114
-0.036
-0.344
-0.409
-0.286
-0.225
-0.062
-0.09
-0.259
-0.286
-0.362
-0.134
-0.274
-0.173
-0.269
-0.304
-0.088
-0.249
-0.114
0.021
0.035
-0.229
-0.089
0.1
0.052
-0.055
0.004
0.288
0.355
0.175
0.23
0.485
0.37
0.285
0.23
0.26
0.09
0.005
-0.006
-0.21
-0.297
-0.169
-0.201
-0.424
-0.254
-0.554
-0.36
-0.371
-0.245
-0.12
0.12
0.16
0.24
0.121
-0.003
0.184
0.164
0.195
0.421
0.388
0.043
-0.144
0.024
0.015
0.143
0.154
-0.013
0.021
-0.059
-0.228
-0.348
-0.261
-0.324
-0.299
-0.281
-0.18
-0.122
-0.348
-0.326
-0.463
-0.395
-0.414
-0.401
-0.219
-0.185
-0.229
-0.105
-0.098
-0.403
-0.409
-0.448
-0.226
-0.426
-0.489
-0.316
-0.395
-0.383
-0.354
-0.276
0.051
-0.083
-0.191
-0.113
-0.191
-0.189
-0.141
0.19
0.069
0.295
0.251
0.168
0.416
0.113
0.286
0.121
0.138
0.307
0.448
0.449
0.138
0.092
0.086
0.223
0.339
0.519
0.693
0.579
0.51
0.512
0.772
0.805
0.838
0.785
0.734
0.743
0.734
0.754
0.682
0.667
0.635
0.551
0.495
0.576
0.451
0.531
0.296
0.188
-0.026
-0.233
-0.269
-0.328
-0.408
-0.595
-0.644
-0.709
-0.728
-0.705
-0.869
-0.863
-0.896
-0.93
-0.893
-0.929
-0.986
-0.886
-0.691
-0.52
-0.349
-0.084
0.09
-0.15
-0.011
-0.022
-0.041
0.15
0.134
0.32
0.014
0.234
0.494
0.504
0.524
0.731
0.746
0.893
0.905
0.985
0.811
0.771
0.855
0.745
0.76
0.765
0.557
0.791
0.599
0.527
0.552
0.497
0.212
0.189
0.331
0.174
0.166
-0.054
-0.016
-0.09
-0.154
-0.274
-0.593
-0.596
-0.719
-0.529
-0.302
-0.279
-0.274
-0.208
-0.159
-0.099
-0.051
-0.26
-0.455
-0.38
-0.379
-0.299
-0.039
0.221
0.469
0.258
0.466
0.37
0.331
0.4
0.129
0.145
0.279
0.164
0.055
-0.009
0.06
0.17
0.299
0.48
0.362
0.487
0.375
0.179
0.163
-0.004
-0.22
-0.309
-0.362
-0.17
-0.306
-0.318
-0.432
-0.398
-0.292
-0.509
-0.618
-0.818
-0.69
-0.657
-0.465
-0.384
-0.336
-0.114
-0.139
-0.316
-0.346
-0.405
-0.555
-0.611
-0.514
-0.804
-0.811
-0.69
-0.426
-0.343
-0.306
-0.354
-0.463
-0.275
-0.203
-0.118
-0.105
-0.236
-0.231
-0.5
-0.398
-0.321
-0.14
-0.176
-0.349
-0.181
-0.562
-0.618
-0.566
-0.636
-0.608
-0.603
-0.463
-0.511
-0.271
-0.388
-0.301
-0.16
-0.276
-0.2
-0.281
-0.236
-0.113
0.118
0.044
-0.175
-0.181
-0.034
-0.203
-0.201
-0.174
-0.056
-0.25
-0.233
-0.343
-0.247
-0.13
0.024
0.389
0.399
0.209
0.146
0.128
-0.133
-0.278
-0.219
-0.234
-0.339
-0.422
-0.465
-0.239
-0.33
-0.165
-0.1
-0.343
-0.417
-0.431
-0.177
-0.305
0.024
0.295
0.054
-0.035
-0.021
0.103
0.221
0.23
0.396
0.535
0.494
0.547
0.552
0.436
0.165
0.199
0.383
0.224
0.4
0.285
0.24
0.217
0.201
0.024
0.143
-0.049
-0.168
-0.221
-0.466
-0.3
-0.275
-0.379
-0.329
-0.444
-0.239
-0.259
-0.036
-0.129
-0.205
-0.316
-0.191
-0.181
-0.113
-0.134
-0.01
-0.145
-0.081
-0.47
-0.421
-0.276
0.138
-0.02
0.022
-0.064
-0.224
-0.181
-0.33
-0.214
-0.194
-0.096
-0.224
-0.185
0.165
0.043
0.09
-0.051
0.294
0.288
0.235
0.136
0.206
0.529
0.471
0.755
0.921
0.625
0.544
0.164
0.315
0.329
0.608
1.005
1.173
1.336
1.434
1.586
1.328
1.203
1.124
0.99
0.715
0.743
0.468
0.396
0.264
0.486
0.781
0.684
0.719
0.581
0.48
0.484
0.554
0.594
0.598
0.432
0.394
0.106
0.305
0.288
0.275
-0.029
-0.041
-0.05
-0.515
-0.304
-0.449
-0.716
-0.755
-0.779
-0.787
-0.861
-0.955
-0.938
-0.713
-0.688
-0.345
-0.263
-0.33
-0.246
-0.289
-0.306
-0.296
-0.149
0.188
-0.022
-0.221
-0.45
-0.63
-0.556
-0.649
-0.635
-0.517
-0.665
-0.666
-0.725
-0.67
-0.876
-0.698
-0.367
-0.107
-0.318
-0.542
-0.782
-0.796
-0.955
-0.711
-0.532
-0.144
0.212
0.15
0.274
0.169
-0.036
-0.018
-0.223
-0.158
-0.281
-0.143
-0.104
0.019
0.065
-0.02
0.184
0.369
0.644
0.651
0.819
0.787
0.809
0.785
0.886
0.893
0.811
0.99
0.893
1.073
0.961
1.127
1.121
1.18
0.969
0.834
0.874
1.052
1.137
1.08
0.964
0.786
0.932
0.812
0.854
0.709
0.49
0.506
0.343
0.175
0.176
0.288
0.409
0.292
0.29
0.21
0.181
-0.05
-0.182
-0.299
-0.239
-0.357
-0.236
-0.42
-0.409
-0.261
-0.3
-0.24
-0.155
-0.124
-0.265
-0.149
-0.074
-0.069
-0.056
-0.228
-0.288
-0.391
-0.182
0.048
0.052
0.021
0.066
0.004
0.174
0.155
0.276
0.143
0.046
0.198
0.003
0.151
0.166
0.281
0.374
0.156
0.159
0.119
0.33
0.369
0.48
0.371
0.245
0.283
0.171
0.05
0.116
0.64
0.841
0.833
0.59
0.166
0.06
0.065
0.029
0.26
0.319
0.466
0.371
0.279
0.226
0.241
0.494
0.186
0.128
0.184
0.098
0.072
0.18
0.129
0.205
0.193
0.305
0.205
-0.126
0.124
-0.059
0.043
0.089
0.365
0.31
0.38
0.59
0.672
0.8
0.881
0.886
0.83
0.724
0.674
0.8
0.659
0.659
0.666
0.601
0.346
0.364
0.084
-0.092
-0.329
-0.436
-0.283
-0.24
-0.177
-0.165
-0.482
-0.534
-0.485
-0.471
-0.41
-0.504
-0.546
-0.422
-0.473
-0.554
-0.743
-0.902
-0.82
-0.836
-0.895
-0.792
-0.671
-0.455
-0.56
-0.539
-0.465
-0.381
-0.291
-0.255
-0.037
-0.399
-0.086
-0.291
-0.294
-0.231
-0.18
-0.034
0.133
0.051
-0.085
-0.276
-0.208
-0.381
-0.431
-0.265
-0.054
-0.139
-0.15
-0.345
-0.15
-0.169
-0.258
-0.139
-0.205
-0.253
-0.229
-0.195
-0.233
-0.233
-0.019
-0.129
-0.11
0.084
0.054
0.086
0.216
0.169
0.33
0.174
0.113
0.088
-0.161
-0.129
-0.235
-0.185
-0.031
-0.095
0.04
-0.155
0.12
0.009
0.07
-0.081
0.086
0.04
0.254
0.435
0.381
0.573
0.774
0.797
0.675
0.556
0.468
0.372
0.319
0.244
0.238
0.188
0.105
0.029
-0.064
-0.09
-0.086
-0.184
-0.209
-0.346
-0.114
-0.174
-0.22
-0.145
-0.186
-0.261
-0.521
-0.636
-0.684
-0.656
-0.585
-0.579
-0.74
-0.815
-0.893
-0.922
-0.912
-0.853
-0.897
-0.826
-0.759
-0.766
-0.576
-0.713
-0.77
-0.596
-0.636
-0.723
-0.8
-0.739
-0.759
-0.486
-0.686
-0.443
-0.333
-0.551
-0.475
-0.694
-0.754
-0.749
-0.323
-0.526
-0.181
-0.111
-0.138
0.141
0.019
0.049
0.126
0.079
-0.021
-0.074
0.041
0.024
-0.015
0.054
-0.091
-0.03
0.185
0.329
0.208
0.163
0.236
0.339
0.339
0.453
0.434
0.546
0.733
0.938
1.088
1.038
1.304
0.824
0.879
0.821
0.848
0.689
1.076
1.026
1.203
0.906
1.076
0.909
0.83
0.801
0.932
0.858
0.905
0.876
0.797
1.046
1.195
0.946
0.838
0.938
0.831
0.63
-10.336
0.686
0.794
0.775
0.863
0.699
0.833
0.735
0.574
0.659
0.409
0.512
0.403
0.465
0.441
0.65
0.619
0.367
0.169
0.022
0.077
0.01
0.0
-0.194
-0.043
-0.479
-0.473
-0.575
-0.552
-0.59
-0.421
-0.532
-0.605
-0.797
-1.081
-0.975
-0.897
-0.792
-0.492
-0.516
-0.651
-0.485
-0.497
-0.545
-0.475
-0.615
-0.288
-0.401
-0.471
-0.624
-0.695
-0.544
-0.932
-0.94
-0.919
-0.79
-0.734
-0.745
-0.588
-0.484
-0.376
-0.28
-0.239
-0.095
-0.076
0.134
0.245
0.399
0.685
0.739
0.738
0.911
1.042
1.111
1.276
1.147
1.294
1.008
1.114
1.15
1.221
1.371
1.41
1.385
1.221
1.521
1.481
1.48
1.674
1.818
1.833
1.723
1.636
1.57
1.64
1.498
1.47
1.509
1.478
1.219
1.071
0.851
0.893
0.879
0.924
0.796
0.826
0.54
0.307
0.226
0.13
0.3
0.16
0.196
0.22
0.128
0.021
-0.064
0.066
-0.077
-0.217
-0.36
-0.436
-0.615
-0.509
-0.894
-0.647
-0.596
-0.6
-0.651
-0.524
-0.469
-0.512
-0.549
-0.573
-0.706
-0.625
-0.753
-0.49
-0.515
-0.273
-0.144
-0.175
-0.251
-0.396
-0.49
-0.494
-0.618
-0.536
-0.641
-0.685
-0.647
-0.6
-0.531
-0.451
-0.449
-0.5
-0.468
-0.348
-0.44
-0.239
-0.25
-0.234
0.014
0.011
0.116
0.056
0.049
-0.003
0.02
0.109
0.018
-0.059
-0.094
0.022
-0.312
-0.201
-0.299
-0.271
-0.44
-0.306
-0.141
-0.225
-0.211
-0.208
-0.38
-0.343
-0.27
-0.219
-0.28
-0.26
-0.085
-0.066
0.055
-0.144
-0.054
-0.077
-0.164
-0.297
-0.251
-0.464
-0.372
-0.499
-0.464
-0.311
-0.25
-0.177
0.014
0.12
0.129
0.133
0.031
0.007
0.048
-0.039
-0.064
-0.354
-0.343
-0.312
-0.33
-0.4
-0.16
-0.146
0.055
0.229
0.191
0.246
0.059
0.02
-0.085
-0.039
-0.119
-0.131
-0.036
0.091
0.135
0.233
0.28
0.471
0.659
0.453
0.562
0.443
0.672
0.503
0.618
0.863
1.038
1.163
1.166
1.099
1.16
1.145
1.009
1.126
1.096
1.218
1.328
1.318
1.189
1.169
1.281
1.45
1.37
1.282
1.344
1.114
0.965
0.73
0.39
0.214
0.268
0.104
-0.074
0.016
-0.266
-0.365
-0.389
-0.503
-0.706
-0.579
-0.605
-0.355
-0.31
-0.405
-0.454
-0.492
-0.391
-0.426
-0.318
-0.461
-0.31
-0.294
-0.319
-0.249
-0.19
-0.079
-0.069
0.052
-0.021
0.04
0.226
0.161
0.156
0.141
0.278
0.416
0.54
0.641
0.599
0.669
0.58
0.511
0.38
0.229
0.186
0.041
0.071
-0.095
-0.171
-0.375
-0.463
-0.374
-0.562
-0.564
-0.945
-1.061
-1.298
-1.214
-1.009
-1.012
-0.881
-0.888
-0.946
-1.116
-1.038
-1.114
-0.98
-0.696
-0.725
-0.557
-0.611
-0.541
-0.256
-0.274
-0.085
-0.13
-0.021
0.019
-0.016
0.09
0.372
0.579
0.956
0.834
0.76
0.791
0.843
0.901
0.87
0.652
0.785
0.917
0.994
1.01
0.891
0.839
0.698
0.561
0.552
0.416
0.659
0.718
0.657
0.932
0.899
1.054
0.894
0.931
0.879
0.782
0.688
0.704
0.601
0.415
0.351
0.469
0.369
0.323
0.497
0.38
0.417
0.315
0.145
0.103
0.249
0.486
0.626
0.579
0.525
0.49
0.44
0.17
0.236
0.085
0.075
0.12
0.048
0.223
0.066
-0.092
-0.119
-0.297
-0.29
-0.372
-0.175
-0.32
-0.285
-0.279
-0.33
-0.514
-0.59
-0.427
-0.519
-0.634
-0.84
-0.954
-1.018
-0.896
-0.701
-0.754
-0.651
-0.496
-0.579
-0.401
-0.456
-0.479
-0.625
-0.724
-1.076
-1.115
-0.899
-0.726
-0.784
-0.519
-0.565
-0.362
-0.283
-0.239
-0.216
-0.155
-0.086
-0.268
-0.328
-0.388
-0.53
-0.48
-0.544
-0.273
-0.316
0.088
0.348
0.413
0.284
0.435
0.468
0.578
0.44
0.335
0.295
0.549
0.46
0.443
0.404
0.504
0.301
0.283
0.492
0.259
0.094
0.107
0.041
0.244
0.09
0.081
0.084
0.331
0.224
0.084
-0.154
-0.411
-0.464
-0.384
10.332
-0.414
-0.285
-0.188
-0.321
-0.532
-0.661
-0.71
-0.738
-0.677
-0.605
-0.714
-0.926
-0.925
-0.981
-0.986
-1.008
-1.305
-1.349
-1.141
-1.205
-0.931
-0.714
-0.621
-0.461
-0.435
-0.515
-0.496
-0.66
-0.656
-0.685
-0.534
-0.351
-0.254
-0.215
-0.281
-0.166
-0.3
-0.072
0.037
-0.081
0.004
0.031
0.205
0.256
0.269
0.546
0.655
0.848
1.005
0.966
0.92
0.969
0.828
0.866
0.945
1.194
1.11
1.123
1.169
1.117
0.91
0.869
0.777
0.552
0.284
0.154
-0.014
0.016
-0.025
-0.134
-0.173
-0.312
-0.306
-0.36
-0.193
-0.305
-0.281
-0.255
-0.266
-0.301
-0.005
-0.247
-0.08
-0.352
-0.376
-0.165
-0.273
-0.109
0.062
0.062
0.124
0.14
0.335
0.348
0.295
0.041
0.048
0.003
0.165
0.126
0.165
-0.089
-0.07
-0.043
-0.275
-0.07
-0.241
-0.265
-0.285
-0.299
-0.378
-0.297
-0.009
-0.129
-0.473
-0.393
-0.435
-0.335
-0.224
-0.279
0.122
-0.126
-0.203
-0.015
0.196
0.135
-0.121
-0.072
-0.014
-0.075
-0.301
0.055
0.0
-0.005
0.106
0.221
0.139
0.371
0.338
0.075
0.136
0.113
0.205
0.36
0.212
0.199
0.011
-0.054
-0.08
-0.035
0.08
0.214
0.219
0.328
0.372
0.335
0.27
0.479
0.458
0.49
0.32
0.431
0.536
0.43
0.576
0.448
0.415
0.557
0.424
0.361
0.51
0.616
0.431
0.409
0.366
0.526
0.753
0.802
0.96
0.863
0.935
0.801
0.829
0.71
0.63
0.656
0.413
0.015
0.191
0.164
0.234
0.173
0.25
0.386
0.323
0.223
0.5
0.49
0.473
0.499
0.603
0.4
0.524
0.584
0.519
0.873
0.776
0.938
1.024
1.167
1.041
1.088
0.966
0.998
0.953
1.015
0.993
1.089
1.314
1.113
1.083
0.815
0.766
0.765
0.456
0.546
0.479
0.497
0.479
0.168
0.263
0.21
0.185
0.109
-0.151
-0.11
-0.179
-0.311
-0.289
-0.351
-0.231
-0.439
-0.174
-0.177
-0.17
-0.371
-0.221
-0.256
-0.413
-0.244
-0.461
-0.419
-0.478
-0.625
-0.781
-0.794
-0.64
-0.734
-0.755
-0.74
-0.769
-0.618
-0.674
-0.647
-0.72
-0.758
-0.815
-0.723
-0.695
-0.685
-0.645
-0.63
-0.625
-0.588
-0.527
-0.361
-0.258
-0.301
-0.06
-0.29
0.101
-0.1
-0.27
-0.399
-0.526
-0.55
-0.557
-0.62
-0.537
-0.689
-0.799
-0.675
-0.544
-0.559
-0.571
-0.469
-0.419
-0.36
-0.372
-0.426
-0.269
-0.251
-0.205
-0.301
-0.469
-0.186
-0.088
-0.058
-0.109
-0.07
-0.072
0.076
0.126
0.279
0.366
0.296
0.396
0.234
0.41
0.504
0.63
0.46
0.432
0.478
-0.22
0.416
0.365
0.316
0.228
-0.062
-0.147
0.139
0.096
-0.041
-0.241
-0.229
-0.161
-0.241
-0.194
-0.246
-0.177
-0.201
0.101
0.084
0.045
-0.12
0.019
-0.133
-0.077
0.141
0.059
0.203
0.151
0.284
0.031
0.26
0.506
0.274
0.391
0.329
0.309
0.211
0.309
0.299
0.38
0.309
0.362
-0.026
-0.181
-0.198
-0.381
-0.302
-0.378
-0.27
-0.4
-0.427
-0.534
-0.454
-0.378
-0.325
-0.128
-0.088
-0.135
-0.103
-0.295
-0.049
0.046
0.126
0.136
0.345
0.335
0.274
0.369
0.279
0.279
0.537
0.504
0.46
0.435
0.365
0.389
0.556
0.323
0.367
0.094
0.079
0.216
0.072
0.055
-0.161
-0.049
-0.009
-0.095
-0.181
-0.199
-0.375
-0.414
-0.235
-0.115
-0.045
-0.07
-0.235
-0.291
-0.341
-0.361
-0.417
-0.425
-0.314
-0.193
-0.139
-0.125
0.056
-0.21
-0.105
-0.126
-0.09
-0.256
-0.104
-0.211
-0.351
-0.297
-0.253
-0.359
-0.333
-0.163
-0.233
-0.296
-0.285
-0.075
0.223
0.245
0.356
0.445
0.729
0.694
0.8
0.843
1.115
0.951
0.866
1.061
0.87
0.735
0.896
0.95
0.723
1.114
1.105
0.948
0.868
0.667
0.406
0.283
0.174
-0.083
0.034
-0.07
0.007
-0.092
-0.198
-0.006
-0.386
-0.55
-0.48
-0.889
-0.939
-0.986
-1.216
-1.81
-1.433
-1.647
-1.51
-1.236
-1.314
-1.38
-1.41
-1.421
-1.299
-1.377
-1.289
-1.146
-1.206
-0.888
-0.863
-0.735
-0.454
-0.339
-0.383
-0.16
-0.215
-0.08
-0.095
0.111
0.154
0.2
0.354
0.352
0.351
0.314
0.416
0.338
0.417
0.575
0.674
0.69
0.489
0.586
0.578
0.651
0.623
0.47
0.565
0.417
0.239
0.595
0.464
0.604
0.662
0.774
0.853
0.89
0.953
0.73
0.881
0.66
0.495
0.564
0.691
0.724
0.629
0.435
0.511
0.68
0.655
0.606
0.848
0.961
1.011
1.066
0.9
0.725
0.763
0.855
0.971
0.824
0.659
0.661
0.601
0.527
0.506
0.345
0.309
0.088
0.121
-0.147
-0.109
-0.175
-0.098
0.024
-0.174
-0.101
-0.039
-0.283
-0.509
-0.449
-0.579
-0.71
-0.721
-0.657
-0.743
-0.873
-0.723
-0.724
-0.775
-0.792
-0.819
-0.764
-0.846
-0.914
-0.869
-0.955
-0.83
-0.907
-0.881
-0.96
-1.048
-1.107
-0.963
-0.899
-0.904
-0.706
-0.369
-0.214
-0.214
-0.104
-0.046
-0.025
0.149
0.03
0.18
0.281
0.505
0.634
0.745
0.902
1.005
1.071
0.829
1.28
1.203
1.225
1.373
1.124
1.149
1.43
1.281
1.123
1.254
1.094
1.044
1.005
0.846
0.948
1.14
1.05
1.123
1.024
0.909
0.924
0.825
0.794
0.716
0.64
0.489
0.496
0.189
0.152
0.185
0.195
0.448
0.273
0.339
0.128
0.134
-0.059
-0.231
-0.185
-0.116
-0.125
-0.315
-0.307
-0.31
-0.246
-0.263
-0.121
-0.269
-0.403
-0.302
-0.343
-0.486
-0.292
-0.354
-0.501
-0.588
-0.359
-0.431
-0.288
-0.278
-0.359
-0.389
-0.304
-0.265
-0.161
0.025
-0.034
0.129
0.23
0.168
0.158
0.189
0.131
0.122
0.216
0.244
0.186
0.149
0.13
0.203
0.357
0.408
0.405
0.571
0.564
0.376
0.306
0.315
0.245
0.445
0.359
0.336
0.372
0.333
0.509
0.451
0.329
0.15
0.08
0.113
0.039
-0.084
-0.228
-0.052
-0.236
-0.336
-0.398
-0.233
-0.245
-0.304
-0.56
-0.616
-0.675
-0.684
-0.581
-0.675
-0.486
-0.646
-0.6
-0.708
-0.699
-0.738
-0.804
-0.706
-0.792
-0.584
-0.408
-0.305
0.043
-0.09
0.061
0.144
-0.005
0.092
-0.021
0.134
0.145
0.184
0.29
0.463
0.436
0.596
0.549
0.555
0.495
0.455
0.631
0.679
0.655
0.743
0.53
0.531
0.784
0.925
0.782
0.94
1.059
1.31
1.266
1.258
1.302
1.111
1.08
1.114
1.296
1.37
1.252
1.481
1.72
1.67
1.766
1.764
1.688
1.614
1.549
1.53
1.492
1.555
1.355
1.319
1.242
1.285
1.221
1.175
1.054
1.021
1.07
0.886
0.691
0.812
0.715
0.511
0.411
0.143
0.214
0.139
0.086
0.124
0.12
0.076
0.076
-0.01
-0.254
-0.23
-0.334
-0.336
-0.446
-0.343
-0.356
-0.22
-0.238
-0.052
-0.209
-0.161
-0.171
-0.19
-0.015
-0.179
-0.075
-0.326
-0.375
-0.404
-0.468
-0.319
-0.345
-0.419
-0.5
-0.48
-0.606
-0.594
-0.54
-0.606
-0.674
-0.731
-0.768
-0.795
-0.628
-0.535
-0.593
-0.638
-0.453
-0.458
-0.344
-0.425
-0.366
-0.413
-0.413
-0.471
-0.549
-0.536
-0.453
-0.57
-0.49
-0.302
-0.537
-0.517
-0.65
-0.639
-0.656
-0.574
-0.628
-0.714
-0.921
-1.107
-1.045
-1.116
-1.018
-0.835
-0.568
-0.745
-0.598
-0.791
-0.729
-0.603
-0.681
-0.89
-0.49
-0.67
-0.524
-0.611
-0.464
-0.388
-0.205
-0.096
-0.189
-0.179
-0.274
-0.186
-0.251
-0.085
-0.05
0.028
0.149
0.06
0.028
0.058
0.173
0.234
0.193
0.175
0.099
0.098
0.12
0.09
-0.311
-0.522
-0.524
-0.53
-0.421
-0.369
-0.417
-0.443
-0.566
-0.338
-0.221
-0.106
0.06
0.136
0.022
0.021
-0.089
-0.055
0.125
0.03
0.085
0.116
0.171
