1.004
1.04
0.983
0.99
1.101
1.249
1.254
1.34
1.326
1.411
1.335
1.261
1.064
0.869
0.723
0.642
0.399
0.665
0.509
0.604
0.559
0.635
0.669
0.635
0.341
0.359
0.203
0.321
0.417
0.534
0.561
0.647
0.704
0.736
0.82
0.866
0.84
0.709
0.67
0.782
0.954
1.078
1.085
0.986
0.802
0.912
1.048
1.14
0.944
0.797
0.826
0.823
0.524
0.568
0.451
0.354
0.26
0.451
0.236
-0.009
0.104
0.121
0.147
-0.044
-0.171
-0.273
-0.214
-0.321
-0.288
-0.128
-0.186
-0.249
-0.456
-0.562
-0.535
-0.466
-0.334
-0.504
-0.32
-0.45
-0.487
-0.651
-0.725
-0.525
-0.588
-0.309
-0.223
0.003
0.177
0.09
0.176
0.275
0.374
0.3
0.441
0.469
0.341
0.406
0.45
0.416
0.4
0.515
0.549
0.45
0.482
0.529
0.566
0.608
0.579
0.608
0.626
0.666
0.531
0.615
0.326
0.388
0.416
0.396
0.376
0.444
0.631
0.55
0.443
0.228
0.088
-0.046
-0.14
-0.13
-0.223
-0.301
-0.304
-0.295
-0.436
-0.549
-0.492
-0.63
-0.466
-0.667
-0.52
-0.634
-0.695
-0.505
-0.57
-0.456
-0.559
-0.371
-0.374
-0.191
-0.26
-0.259
-0.054
-0.156
-0.138
-0.043
0.048
-0.036
-0.009
0.16
0.258
0.076
0.054
0.077
-0.015
-0.054
0.021
-0.116
-0.189
-0.39
-0.28
-0.278
-0.212
-0.374
-0.422
-0.496
-0.638
-0.514
-0.575
-0.601
-0.532
-0.649
-0.593
-0.542
-0.401
-0.479
-0.333
-0.208
-0.329
-0.359
-0.466
-0.458
-0.529
-0.497
-0.585
-0.69
-0.738
-0.701
-0.601
-0.571
-0.601
-0.718
-0.497
-0.551
-0.595
-0.581
-0.618
-0.694
-0.515
-0.415
-0.704
-0.621
-0.431
-0.212
-0.15
-0.056
0.024
0.149
0.151
0.241
0.45
0.616
0.886
0.641
0.771
0.765
0.75
0.756
0.621
0.652
0.644
0.698
0.777
0.829
0.751
0.691
0.682
0.814
0.975
1.258
1.376
1.321
1.364
1.211
1.298
1.193
0.944
0.869
0.885
0.936
0.965
0.853
0.904
0.771
0.652
0.559
0.628
0.504
0.561
0.621
0.443
0.171
0.054
0.309
0.403
0.557
0.522
0.565
0.768
0.628
0.536
0.562
0.559
0.532
0.225
0.438
0.421
0.285
0.208
0.349
0.321
0.233
0.306
0.122
0.131
0.019
0.096
0.164
0.191
0.101
-0.186
-0.219
-0.209
-0.28
-0.271
-0.214
-0.247
-0.254
-0.186
-0.086
-0.191
-0.088
-0.005
-0.295
-0.255
-0.036
-0.075
-0.193
-0.037
-0.33
-0.614
-0.566
-0.473
-0.372
-0.69
-0.779
-0.585
-0.565
-0.545
-0.585
-0.348
-0.175
-0.177
-0.284
-0.311
-0.253
-0.279
-0.141
-0.138
-0.116
-0.035
0.058
0.289
0.114
0.245
0.414
0.365
0.449
0.552
0.574
0.682
0.701
0.621
0.618
0.512
0.482
0.42
0.401
0.494
0.446
0.417
0.284
0.086
0.194
-0.016
0.089
-0.028
-0.074
0.034
0.011
-0.28
-0.261
-0.441
-0.285
-0.113
-0.189
-0.147
0.075
0.239
0.141
0.391
0.339
0.554
0.67
0.754
0.777
0.514
0.512
0.275
0.495
0.453
0.489
0.503
0.482
0.443
0.4
0.3
0.321
0.396
0.39
0.593
0.802
0.84
0.759
0.603
0.527
0.546
0.514
0.534
0.51
0.508
0.489
0.629
0.39
0.236
0.086
0.318
0.194
0.169
-0.056
-0.253
-0.375
-0.384
-0.223
-0.258
-0.118
-0.304
-0.249
-0.266
-0.401
-0.405
-0.489
-0.491
-0.448
-0.516
-0.464
-0.605
-0.69
-0.799
-0.916
-0.835
-0.806
-0.595
-0.511
-0.36
-0.171
-0.309
-0.205
-0.306
-0.246
-0.174
0.041
0.024
0.106
0.16
0.265
0.273
0.32
0.454
0.56
0.634
0.743
0.73
0.61
0.425
0.184
0.174
0.037
0.17
0.351
0.28
0.216
0.468
0.406
0.174
0.028
0.043
0.026
-0.104
-0.372
-0.459
-0.446
-0.46
-0.505
-0.635
-0.549
-0.579
-0.517
-0.65
-0.725
-0.964
-0.966
-1.066
-1.109
-1.094
-1.059
-1.123
-1.258
-1.084
-1.15
-1.083
-0.944
-0.806
-0.807
-0.806
-0.645
-0.573
-0.496
-1.431
-0.65
-0.591
-0.441
-0.453
-0.393
-0.174
-0.105
-0.022
0.05
0.104
0.169
-0.118
-0.242
-0.131
-0.21
-0.241
-0.185
-0.255
-0.113
0.044
0.188
0.355
0.403
0.409
0.292
0.255
0.304
0.435
0.446
0.52
0.584
0.559
0.511
0.53
0.642
0.546
0.43
0.51
0.59
0.473
0.546
0.645
0.644
0.624
0.802
0.614
0.606
0.541
0.628
0.63
0.45
0.458
0.372
0.339
0.318
0.189
0.241
0.077
0.079
0.12
0.125
-0.029
-0.136
-0.105
-0.121
0.024
0.096
0.103
0.378
0.301
0.391
0.547
0.744
0.645
0.581
0.534
0.441
0.491
0.288
0.424
0.289
0.268
0.238
0.111
0.191
0.191
0.171
0.128
0.206
0.245
0.236
0.348
0.238
0.365
0.562
0.497
0.514
0.261
0.254
0.338
0.166
0.185
-0.099
-0.17
-0.366
-0.375
-0.455
-0.443
-0.49
-0.391
-0.4
-0.506
-0.424
-0.49
-0.403
-0.53
-0.286
-0.326
-0.314
-0.36
-0.408
-0.312
-0.181
-0.145
-0.175
-0.062
-0.052
-0.1
-0.134
-0.18
-0.128
-0.043
-0.036
0.011
0.007
0.031
0.044
-0.014
-0.081
0.019
0.045
0.055
-0.036
0.029
0.156
0.249
0.288
0.439
0.494
0.641
0.625
0.652
0.677
0.646
0.739
0.585
0.694
0.549
0.496
0.514
0.626
0.7
0.685
0.699
0.551
0.434
0.318
0.383
0.369
0.284
0.18
-10.336
0.221
0.14
0.294
0.151
0.16
0.236
0.254
0.458
0.42
0.417
0.459
0.639
0.733
0.846
0.772
0.649
0.649
0.583
0.667
0.586
0.564
0.58
0.716
0.57
0.669
0.779
0.738
0.76
0.756
0.763
0.829
0.725
0.719
0.594
0.565
0.516
0.557
0.73
0.646
0.429
0.408
0.421
0.301
0.288
0.179
0.147
0.181
0.159
0.062
-0.048
0.07
-0.035
-0.076
0.036
-0.086
0.013
-0.163
-0.273
-0.463
-0.635
-0.628
-0.814
-0.838
-0.835
-0.765
-0.83
-0.959
-0.954
-0.985
-1.09
-1.068
-0.961
-0.86
-0.919
-0.901
-0.879
-0.978
-0.824
-0.756
-0.605
-0.481
-0.578
-0.508
-0.566
-0.35
-0.365
-0.441
-0.341
-0.135
-0.421
-0.325
-0.41
-0.251
-0.217
-0.044
-0.105
-0.035
0.041
-0.026
-0.052
0.071
-0.113
0.077
-0.05
0.059
-0.054
-0.011
-0.018
-0.049
-0.125
-0.24
-0.265
-0.362
-0.376
-0.399
-0.36
-0.158
-0.141
0.039
0.049
0.23
0.21
0.216
0.205
0.22
0.515
0.646
0.664
0.638
0.911
1.019
1.261
1.266
1.261
1.274
1.486
1.405
1.591
1.524
1.377
1.278
1.361
1.282
1.096
1.096
1.1
0.914
0.821
0.578
0.421
0.344
0.219
0.158
0.14
0.091
0.004
-0.036
-0.118
-0.161
-0.18
-0.348
-0.294
-0.254
-0.371
-0.27
-0.235
-0.251
-0.414
-0.155
-0.339
-0.315
-0.305
-0.362
-0.241
-0.16
-0.003
0.006
0.04
-0.028
0.01
0.013
0.166
0.166
0.432
0.366
0.361
0.107
0.331
0.329
0.174
0.083
0.164
0.352
0.374
0.345
0.379
0.42
0.291
0.044
0.062
0.122
0.301
0.549
0.496
0.375
0.367
0.52
0.449
0.344
0.439
0.526
0.516
0.525
0.4
0.326
0.335
0.32
0.281
0.274
0.266
0.431
0.299
0.393
0.421
0.403
0.366
0.335
0.386
0.315
0.309
0.441
0.188
-0.028
-0.07
-0.131
-0.065
0.03
0.08
-0.079
-0.312
-0.206
-0.258
-0.323
-0.352
-0.295
-0.196
-0.38
-0.324
-0.375
-0.492
-0.464
-0.566
-0.451
-0.424
-0.292
-0.366
-0.291
-0.431
-0.487
-0.45
-0.352
-0.379
-0.479
-0.48
-0.512
-0.416
-0.432
-0.571
-0.478
-0.451
-0.569
-0.564
-0.417
-0.395
-0.43
-0.494
-0.682
-0.436
-0.349
-0.2
-0.04
-0.018
0.143
0.274
0.331
0.495
0.206
0.378
0.479
0.451
0.343
0.459
0.468
0.463
0.405
0.359
0.434
0.464
0.593
0.422
0.459
0.435
0.374
0.122
-0.074
0.141
0.107
0.024
0.116
0.14
0.07
-0.089
-0.009
0.061
0.007
0.166
0.265
0.28
0.268
0.291
0.315
0.479
0.46
0.414
0.465
0.448
0.458
0.516
0.635
0.539
0.354
0.469
0.489
0.475
0.335
0.268
0.16
0.18
0.245
0.0
0.059
0.168
0.188
0.166
0.129
0.084
-0.094
-0.154
-0.302
-0.276
-0.242
-0.15
-0.095
-0.01
0.155
0.216
0.26
0.188
0.113
-0.011
-0.018
0.029
-0.14
-0.256
-0.238
-0.41
-0.446
-0.503
-0.434
-0.393
-0.556
-0.7
-0.751
-0.816
-0.816
-1.029
-1.021
-0.99
-1.012
-0.87
-0.849
-0.625
-0.51
-0.638
-0.623
-0.5
-0.515
-0.591
-0.374
-0.5
-0.431
-0.156
-0.141
-0.046
-0.025
-0.088
-0.05
-0.096
-0.163
-0.145
0.001
0.007
-0.03
0.114
0.116
0.079
0.209
0.259
0.22
0.276
0.33
0.44
0.666
0.609
0.62
0.728
0.675
0.785
0.666
0.809
0.899
1.026
0.981
1.106
1.188
1.249
1.103
1.17
0.979
0.866
0.744
0.811
0.838
0.799
0.816
0.796
0.721
0.784
0.706
0.517
0.561
0.481
0.422
0.275
0.396
0.695
0.694
0.534
0.37
0.175
0.171
0.329
0.221
0.134
-0.026
-0.186
-0.29
-0.501
-0.641
-0.802
-0.781
-0.711
-0.786
-0.85
-1.04
-0.894
-0.943
-0.931
-0.775
-0.766
-0.76
-0.743
-0.825
-0.874
-1.002
-0.816
-0.774
-0.744
-0.655
-0.245
-0.356
-0.283
-0.365
-0.482
-0.302
-0.105
-0.107
0.044
0.354
0.212
0.404
0.288
0.278
0.371
0.33
0.501
0.584
0.403
0.356
0.226
0.346
0.149
0.095
0.116
-0.152
-0.077
-0.159
-0.186
-0.275
-0.31
-0.326
-0.362
-0.367
-0.33
-0.385
-0.365
-0.335
-0.436
-0.454
-0.65
-0.514
-0.505
-0.61
-0.735
-0.576
-0.58
-0.583
-0.508
-0.461
-0.491
-0.497
-0.564
-0.466
-0.432
-0.38
-0.489
-0.334
-0.453
-0.147
-0.09
0.006
-0.066
-0.044
0.122
0.088
0.249
0.416
0.385
0.598
0.765
0.809
1.029
0.848
1.026
1.109
1.181
1.373
1.379
1.492
1.448
1.229
1.079
1.081
1.103
0.97
0.94
0.917
0.729
0.666
0.623
0.559
0.417
0.338
0.299
0.086
0.088
-0.084
-0.261
-0.283
-0.372
-0.482
-0.619
-0.756
-0.901
-0.936
-0.92
-1.036
-1.131
-0.939
-1.07
-1.089
-1.048
-1.121
-0.989
-0.868
-0.888
-0.914
-1.026
-0.922
-0.889
-0.833
-0.815
-0.768
-0.7
-0.554
-0.307
-0.188
0.09
0.189
0.19
0.366
0.619
0.764
0.871
0.996
0.998
0.999
0.951
0.981
0.993
0.906
0.791
0.787
0.859
0.949
0.886
0.756
0.704
0.614
0.459
0.378
0.27
0.174
0.263
0.194
0.114
0.325
0.331
0.216
-0.048
-0.164
-0.206
-0.211
-0.195
-0.151
-0.158
-0.231
-0.32
-0.37
-0.438
-0.482
-0.42
-0.576
-0.578
-0.599
-0.703
-0.716
-0.606
-0.576
-0.537
-0.596
-0.564
-0.276
-0.283
-0.018
0.016
0.075
0.054
0.239
0.295
0.273
0.315
0.309
0.251
0.258
0.291
0.366
0.296
0.258
0.099
0.155
0.07
-0.08
-0.168
-0.268
-0.246
-0.323
-0.473
-0.275
-0.459
-0.61
-0.79
-0.65
-0.743
-0.756
-0.883
-0.945
-0.974
-0.87
-0.7
-0.644
-0.503
-0.458
-0.384
-0.224
-0.374
-0.369
-0.225
-0.165
-0.2
-0.18
-0.119
-0.059
0.164
0.217
0.156
0.256
0.064
0.16
0.033
0.104
0.238
0.196
0.285
0.361
0.474
0.478
0.403
0.343
0.328
0.491
0.424
0.4
0.355
0.259
0.356
0.453
0.636
0.669
0.593
0.609
0.636
0.468
0.506
0.616
0.656
0.55
0.464
0.546
0.478
0.434
0.265
0.19
0.134
0.188
0.169
0.176
0.121
0.212
0.001
-0.255
-0.229
-0.341
-0.406
-0.512
-0.569
-0.652
-0.751
-0.674
-0.633
-0.713
-0.629
-0.739
-0.764
-0.844
-0.741
-0.743
-0.718
-0.633
-0.557
-0.576
-0.42
-0.473
-0.431
-0.48
-0.429
-0.586
-0.521
-0.455
-0.404
-0.552
-0.48
-0.424
-0.323
-0.096
-0.216
-0.239
-0.338
-0.473
-0.221
-0.228
-0.141
-0.007
-0.115
0.144
0.058
0.116
0.128
0.225
0.061
0.171
0.211
0.179
0.455
0.341
0.59
0.806
0.703
0.871
0.802
0.67
0.661
0.78
0.929
1.113
1.1
1.199
1.094
0.974
0.865
0.695
0.669
0.485
0.419
0.376
0.307
0.242
0.288
0.325
0.065
-0.061
-0.238
-0.429
-0.626
-0.652
-0.579
-0.649
-0.804
-0.807
-0.901
-0.854
-0.828
-0.93
-1.035
-1.0
-1.086
-1.071
-1.106
-1.094
-1.069
-1.061
-0.83
-0.87
-0.848
-0.83
-0.763
-0.574
-0.458
-0.254
-0.173
-0.03
0.106
0.103
0.091
0.273
0.405
0.291
0.357
0.331
0.359
0.367
0.366
0.385
0.436
0.475
0.688
0.63
0.623
0.802
0.728
0.549
0.641
0.651
0.792
0.799
0.516
0.601
0.448
0.615
0.38
0.506
0.352
0.154
0.121
0.354
0.305
0.408
0.31
0.379
0.351
0.339
0.216
0.034
0.154
-0.026
-0.196
-0.242
-0.128
-0.234
-0.121
0.094
0.111
0.06
0.129
0.051
0.072
-0.018
0.035
0.062
0.333
0.295
0.361
0.492
0.646
0.804
0.815
0.886
0.909
0.878
0.569
0.561
0.593
0.652
0.782
0.661
0.609
0.623
0.59
0.463
0.526
0.694
0.786
0.74
0.529
0.541
0.532
0.454
0.388
0.374
0.271
0.191
0.048
-0.098
0.013
-0.098
-0.283
-0.166
-0.188
-0.264
-0.236
-0.246
-0.307
-0.251
-0.328
-0.365
-0.381
-0.389
-0.253
-0.205
-0.161
-0.135
0.049
0.062
0.026
0.116
0.198
0.072
0.296
0.541
0.473
0.571
0.635
0.795
0.805
0.973
1.139
1.219
1.019
0.984
1.075
1.218
1.076
0.921
0.834
0.72
0.833
0.87
0.797
0.693
0.526
0.459
0.419
0.449
0.292
0.425
0.278
0.226
0.045
-0.043
0.033
0.029
-0.075
-0.168
-0.144
-0.199
-0.291
-0.285
-0.231
-0.23
-0.074
-0.221
-0.355
-0.385
-0.464
-0.264
-0.701
-0.124
0.064
-0.007
0.028
0.02
0.041
0.14
0.125
0.27
0.324
0.323
0.318
0.514
0.694
0.741
0.755
0.636
0.603
0.666
0.716
0.618
0.499
0.334
0.242
0.28
0.156
0.144
0.143
0.049
0.026
-0.081
0.095
0.081
0.13
-0.001
-0.106
0.007
-0.074
-0.03
-0.089
-0.214
-0.409
-0.445
-0.526
-0.559
-0.654
-0.765
-0.812
-0.779
-1.011
-1.181
-1.17
-1.083
-1.147
-1.078
-1.129
-1.052
-0.984
-0.873
-0.681
-0.729
-0.59
-0.635
-0.605
-0.28
-0.386
-0.238
-0.376
-0.254
-0.195
-0.281
-0.273
-0.296
-0.143
-0.147
-0.074
-0.025
0.189
-0.007
0.036
0.2
0.056
-0.124
-0.165
-0.275
0.071
0.048
-0.007
0.221
0.292
0.247
0.268
0.176
0.234
0.163
0.092
0.058
0.02
0.188
0.224
-0.054
0.088
-0.004
-0.04
-0.206
-0.155
0.029
0.146
0.136
0.223
0.239
0.134
0.239
0.255
0.256
0.268
0.164
0.12
0.085
0.205
0.281
0.35
0.328
0.283
0.171
0.119
0.279
0.134
0.166
0.288
0.32
0.335
0.271
0.599
0.62
0.821
0.695
0.656
0.739
0.729
0.736
0.76
0.511
0.875
0.924
0.789
0.698
0.554
0.64
0.586
0.297
0.395
0.561
0.453
0.431
0.356
0.348
0.319
0.094
0.07
0.184
0.161
-0.026
0.284
0.283
0.149
0.286
0.233
0.091
-0.058
-0.006
-0.026
-0.081
-0.058
-0.194
-0.226
-0.314
-0.12
-0.362
-0.325
-0.378
-0.375
-0.459
-0.38
-0.47
-0.389
-0.36
-0.365
-0.305
-0.249
-0.309
-0.18
-0.258
-0.226
-0.138
-0.135
-0.098
-0.159
-0.177
0.146
0.22
0.41
0.539
0.504
0.579
0.53
0.425
0.419
0.484
0.381
0.219
0.48
0.429
0.509
0.527
0.616
0.666
0.819
0.82
0.943
1.005
1.059
1.035
1.024
1.005
1.07
1.157
1.261
1.284
1.181
1.216
1.259
1.228
1.261
1.111
1.012
0.926
0.865
0.716
0.598
0.465
0.505
0.471
0.432
0.42
0.319
0.199
0.118
0.098
0.116
-0.109
-0.115
-0.089
-0.199
-0.424
-0.485
-0.328
-0.395
-0.344
-0.344
-0.534
-0.489
-0.581
-0.48
-0.334
-0.168
-0.104
-0.241
-0.152
-0.181
-0.106
-0.196
-0.325
-0.366
-0.393
-0.486
-0.456
-0.394
-0.496
-0.57
-0.37
-0.376
-0.321
-0.268
-0.264
-0.254
-0.364
-0.32
-0.265
-0.184
-0.273
-0.066
-0.06
0.025
0.025
-0.072
-0.03
-0.066
-0.072
-0.036
-0.014
0.196
0.044
-0.095
-0.1
0.037
0.065
0.138
0.145
0.179
0.136
0.144
0.168
0.089
0.106
-0.04
0.077
0.164
0.116
0.173
0.151
0.184
0.118
0.135
0.115
0.163
0.138
0.049
0.065
0.029
-0.034
0.006
0.11
0.113
0.013
-0.003
0.14
0.186
0.101
0.149
0.088
0.133
0.076
0.181
0.16
0.155
0.055
0.135
0.169
-0.005
-0.152
-0.174
-0.119
-0.321
-0.448
-0.51
-0.623
-0.736
-0.686
-0.761
-0.718
-0.921
-0.973
-0.883
-0.83
-0.886
-0.858
-0.964
-1.022
-0.993
-0.996
-0.897
-0.874
-0.81
-0.733
-0.835
-0.821
-0.761
-0.765
-0.734
-0.772
-0.782
-0.789
-0.774
-0.69
-0.72
-0.661
-0.57
-0.479
-0.446
-0.432
-0.381
-0.22
-0.181
-0.163
-0.168
-0.072
-0.021
0.107
0.14
0.289
0.401
0.487
0.357
0.345
0.393
0.36
0.426
0.464
0.376
0.266
0.334
0.258
0.175
0.181
0.169
0.195
0.182
0.205
0.17
0.139
0.16
0.134
0.194
0.186
0.215
0.201
0.375
0.569
0.515
0.559
0.481
0.621
0.609
0.69
0.693
0.621
0.534
0.47
0.355
0.28
0.236
0.263
0.191
0.171
0.096
0.086
-0.056
-0.069
-0.131
-0.258
-0.242
-0.206
-0.307
-0.416
-0.438
-0.445
-0.381
-0.341
-0.254
-0.25
-0.284
-0.28
-0.28
-0.158
-0.141
-0.098
-0.03
-0.051
0.036
0.021
0.069
0.115
0.101
0.179
0.104
0.06
0.03
0.056
0.168
0.089
0.128
0.089
0.103
0.199
0.244
0.285
0.264
0.302
0.242
0.269
0.278
0.273
0.214
0.188
0.125
0.111
0.126
0.14
0.158
0.133
0.186
0.168
0.094
0.05
0.033
0.051
0.014
-0.014
0.056
0.011
0.021
0.072
0.071
0.08
-0.026
0.004
-0.036
-0.021
-0.055
-0.055
-0.085
-0.075
-0.099
-0.074
-0.136
-0.115
-0.079
-0.12
-0.077
-0.116
-0.115
-0.094
-0.124
-0.177
-0.179
-0.191
-0.182
-0.176
-0.169
-0.196
-0.256
-0.292
-0.33
-0.315
-0.339
-0.339
-0.348
-0.346
-0.359
-0.545
-0.516
-0.366
-0.432
-0.54
-0.425
-0.47
-0.398
-0.386
-0.3
-0.306
-0.365
-0.271
-0.273
-0.184
-0.217
-0.244
-0.175
-0.181
-0.121
-0.177
-0.071
-0.069
-0.025
0.02
-0.059
0.036
0.061
0.129
0.189
0.135
0.176
0.216
0.345
0.393
0.464
0.386
0.471
0.489
0.474
0.424
0.438
0.443
0.394
0.395
0.352
0.376
0.386
0.325
0.334
0.258
0.296
0.285
0.049
-0.028
-0.036
-0.129
-0.11
-0.129
-0.186
-0.226
-0.238
-0.266
-0.235
-0.288
-0.27
-0.28
-0.276
-0.27
-0.33
-0.321
-0.375
-0.32
-0.395
-0.349
-0.38
-0.388
-0.326
-0.381
-0.346
-0.391
-0.384
-0.341
-0.359
-0.41
-0.366
-0.309
-0.27
-0.427
-0.427
-0.389
-0.369
-0.271
-0.291
-0.283
-0.261
-0.285
-0.284
-0.212
-0.233
-0.388
-0.395
-0.224
-0.33
-0.309
-0.292
-0.302
-0.236
-0.269
-0.271
-0.3
-0.251
-0.195
-0.179
-0.065
-0.086
-0.11
-0.094
-0.115
-0.101
-0.101
-0.058
-0.052
0.02
0.02
0.031
0.065
0.076
0.125
0.025
0.098
0.06
0.077
0.079
0.104
0.111
0.069
0.182
0.159
0.179
0.159
0.166
0.311
0.23
0.238
0.23
0.151
0.156
0.151
0.195
0.164
0.281
0.27
0.158
0.09
0.064
0.103
0.064
0.064
0.01
0.022
-0.08
-0.089
-0.136
-0.17
-0.158
-0.165
-0.114
-0.113
-0.146
-0.181
-0.211
-0.205
-0.242
-0.225
-0.212
-0.163
-0.114
-0.119
-0.065
-0.085
-0.105
-0.045
-0.003
-0.046
0.043
0.036
0.043
0.041
0.024
0.037
0.04
0.05
0.03
0.01
-0.011
-0.065
-0.1
-0.154
-0.18
-0.3
-0.378
-0.265
-0.405
-0.497
-0.485
-0.431
-0.425
-0.379
-0.375
-0.398
-0.341
-0.369
-0.35
-0.256
-0.28
-0.195
-0.216
-0.156
-0.236
-0.199
-0.2
-0.141
-0.08
-0.035
0.045
0.052
0.113
0.113
0.08
0.168
0.09
0.104
0.13
0.236
0.285
0.295
0.306
0.364
0.385
0.429
0.408
0.413
0.413
0.399
