-0.938
-0.786
-0.562
-0.155
-0.015
-0.06
0.075
0.219
0.233
0.364
0.341
0.454
0.614
0.67
0.618
0.63
0.5
0.724
0.625
0.566
0.595
0.579
0.506
0.634
0.708
0.74
0.746
0.689
0.776
0.848
0.801
0.726
0.556
0.772
0.721
0.625
0.459
0.445
0.522
0.184
0.163
0.214
0.199
0.25
0.174
0.19
0.166
-0.092
-0.114
-0.085
-0.034
0.014
-0.029
-0.359
-0.484
-0.629
-0.599
-0.636
-0.688
-0.713
-0.679
-0.661
-0.554
-0.44
-0.336
-0.425
-0.336
-0.413
-0.379
-0.666
-0.701
-0.696
-0.511
-0.5
-0.741
-0.57
-0.629
-0.66
-0.463
-0.396
-0.319
-0.366
-0.422
-0.416
-0.315
-0.043
-0.111
0.092
0.236
0.36
0.537
0.527
0.806
0.968
1.074
0.956
1.288
1.54
1.711
1.931
1.904
2.019
2.169
2.071
2.054
2.131
2.045
1.9
1.919
1.614
1.495
1.248
1.213
1.292
1.203
1.282
1.296
1.454
1.363
1.101
0.94
0.682
0.429
0.233
0.217
-0.052
-0.175
-0.398
-0.506
-0.544
-0.753
-0.841
-0.779
-0.589
-0.556
-0.505
-0.305
-0.31
-0.085
-0.212
-0.189
-0.29
-0.125
-0.164
-0.054
0.276
0.404
0.688
0.807
0.851
0.765
0.633
0.549
0.741
0.67
0.497
0.37
0.529
0.517
0.59
0.641
0.415
0.362
0.496
0.212
0.11
-0.036
-0.106
0.051
-0.446
-0.37
-0.181
-0.075
-0.058
-0.283
-0.29
-0.14
-0.17
0.01
0.039
0.02
-0.045
0.01
-0.129
-0.14
-0.009
0.045
0.302
0.41
0.177
0.034
0.268
0.321
0.198
0.328
0.288
0.219
0.12
0.173
0.064
0.163
0.339
0.403
0.497
0.45
0.43
0.546
0.657
0.59
0.445
0.381
0.376
0.336
0.356
0.292
0.344
0.414
0.589
0.616
0.188
0.39
0.53
0.369
0.695
0.681
0.801
0.654
0.506
0.682
0.721
1.004
1.244
1.094
1.036
0.78
0.98
0.736
0.764
0.647
0.944
0.76
0.874
0.825
0.961
0.734
0.684
0.897
0.834
0.5
0.169
0.281
0.147
0.154
0.236
0.138
0.274
0.138
-0.096
-0.286
-0.596
-0.733
-0.754
-0.8
-0.949
-0.864
-0.823
-0.984
-0.843
-0.667
-0.741
-0.779
-0.723
-0.795
-0.868
-0.828
-0.804
-0.812
-0.816
-0.552
-0.581
-0.466
-0.619
-0.763
-0.675
-0.559
-0.549
-0.354
0.216
-0.09
-0.233
-0.482
-0.23
-0.359
-0.224
-0.21
-0.203
0.091
0.16
0.286
0.185
0.473
0.535
0.628
0.549
0.471
0.623
0.529
0.596
0.652
0.73
0.598
0.403
0.497
0.564
0.339
0.326
0.211
0.041
0.505
0.135
0.18
0.105
-0.247
-0.193
-0.281
-0.445
-0.48
-0.359
-0.18
-0.09
-0.236
-0.474
-0.236
-0.135
-0.251
-0.106
-0.143
0.005
-0.052
-0.072
0.135
0.309
0.285
0.151
-0.185
-0.396
-0.562
-0.62
-0.656
-0.365
-0.301
-0.135
-0.58
-0.611
-0.593
-0.633
-0.611
-0.604
-0.583
-0.514
-0.59
-0.521
-0.787
-0.806
-0.926
-0.895
-1.028
-0.945
-0.726
-0.912
-1.03
-1.231
-1.229
-1.249
-0.98
-0.927
-0.769
-0.866
-0.95
-0.965
-0.911
-0.799
-0.86
-0.551
-0.583
-0.601
-0.315
-0.473
-0.583
-0.645
-0.68
-0.571
-0.751
-0.501
-0.536
-0.542
-0.531
-0.408
-0.138
-0.044
0.103
0.135
0.372
0.375
0.54
0.875
0.912
0.893
0.734
0.49
0.226
0.261
0.253
0.325
0.311
0.39
0.274
0.211
0.326
0.128
-0.011
-0.03
-0.225
-0.286
-0.464
-0.328
-0.135
-0.149
-0.221
-0.146
-0.238
-0.479
-0.385
-0.492
-0.458
-0.386
-0.326
-0.19
-0.059
0.128
0.147
0.304
0.22
0.492
0.42
0.46
0.614
0.726
0.864
0.821
0.849
0.79
0.478
0.489
0.461
0.328
0.425
0.22
0.147
-0.074
-0.186
-0.103
-0.091
-0.007
-0.1
-0.141
-0.14
-0.274
-0.006
-0.139
-0.121
0.019
0.056
0.081
0.217
0.205
0.24
0.116
0.035
-0.011
-0.122
-0.184
-0.31
-0.244
-0.281
-0.329
-0.375
-0.338
-0.064
0.096
0.15
0.052
0.367
0.236
0.271
0.211
0.297
0.495
0.44
0.776
0.846
0.825
0.55
0.674
0.689
0.626
0.624
0.512
0.352
0.395
0.495
0.774
0.864
0.985
1.055
0.839
0.851
0.865
0.782
0.53
0.4
0.357
0.177
0.05
-0.107
-0.19
-0.17
-0.341
-0.247
-0.196
-0.113
-0.064
-0.291
-0.214
-0.193
-0.014
0.136
0.226
0.356
0.583
0.396
0.429
0.146
0.244
0.311
0.38
0.064
0.084
0.191
-0.145
-0.253
-0.064
-0.154
-0.186
-0.188
-0.147
-0.186
-0.095
-0.177
-0.144
-0.02
-0.092
0.077
-0.072
-0.124
-0.253
-0.372
-0.334
0.176
0.054
-0.161
0.164
0.052
0.18
0.089
0.189
0.26
0.273
0.453
0.438
0.741
0.851
0.901
0.744
0.541
0.568
0.388
0.401
0.238
0.331
-0.074
-0.275
-0.16
-0.369
-0.151
-0.4
-0.362
-0.416
-0.09
-0.209
-0.326
-0.034
-0.246
-0.2
-0.242
-0.299
-0.338
0.077
-0.03
-0.13
-0.07
-0.13
-0.096
0.028
0.039
-0.022
-0.005
0.051
0.236
-0.009
0.104
-0.021
-0.071
-0.136
-0.013
-0.121
-0.141
0.083
0.15
-0.061
-0.044
0.119
0.194
0.312
0.323
0.225
0.291
0.32
0.366
0.312
0.35
0.448
0.424
0.417
0.441
0.389
0.329
0.374
0.512
0.565
0.519
0.591
0.579
0.499
0.38
0.121
-0.033
0.074
-0.111
-0.019
-0.1
-0.212
-0.319
-0.464
-0.362
-0.374
-0.524
-0.464
-0.345
-0.569
-0.764
-0.625
-0.601
-0.525
-0.367
-0.212
-0.427
-0.309
-0.372
-0.261
-0.211
-0.309
-0.14
-0.185
0.041
0.049
0.276
0.484
0.504
0.559
0.664
0.863
0.76
0.835
0.844
0.866
1.008
0.786
0.677
0.631
0.744
0.66
0.505
0.581
0.403
0.103
-0.065
-0.165
-0.275
-0.343
-0.608
-0.514
-0.647
-0.927
-0.876
-0.924
-1.116
-1.194
-0.998
-1.376
-1.393
-1.546
-1.617
-1.51
-1.44
-1.556
-1.4
-1.484
-1.309
-1.22
-1.218
-1.232
-1.121
-0.925
-0.924
-0.497
-0.517
-0.284
-0.312
-0.154
-0.094
0.263
0.571
0.4
0.253
0.044
-0.059
0.084
0.242
0.359
0.542
0.508
0.357
0.234
0.306
0.46
0.339
0.527
0.409
0.529
0.501
0.684
0.461
0.357
0.121
0.086
-0.006
-0.14
0.158
0.019
-0.05
0.278
0.166
0.031
-0.005
-0.158
-0.249
-0.236
-0.143
-0.001
0.004
0.09
-0.084
-0.165
-0.071
-0.058
0.226
0.396
0.431
0.446
0.426
0.449
0.551
0.709
0.611
0.588
0.573
0.409
0.214
-0.022
0.17
0.065
0.099
0.084
0.134
-0.01
-0.036
0.019
-0.177
-0.013
-0.086
0.113
0.224
0.116
0.188
0.201
0.203
0.146
0.2
-0.035
-0.236
-0.115
-0.037
0.186
0.386
0.574
0.652
0.5
0.458
0.487
0.329
0.369
0.521
0.525
0.746
0.863
0.935
0.993
0.696
0.672
0.453
0.647
0.623
0.466
0.552
0.646
0.677
0.688
0.516
0.403
0.05
-0.022
-0.06
0.006
-0.144
-0.107
-0.226
-0.256
-0.27
-0.431
-0.641
-0.589
-0.769
-0.784
-0.829
-0.734
-0.695
-0.633
-0.517
-0.633
-0.394
-0.573
-0.565
-0.555
-0.565
-0.544
-0.403
-0.385
-0.491
-0.475
-0.284
-0.174
-0.056
0.088
0.039
0.052
0.199
0.371
0.254
0.221
0.369
0.206
0.55
0.555
0.685
0.735
0.764
0.59
0.682
0.714
0.865
0.85
0.874
1.044
1.051
0.836
1.064
0.69
0.779
0.78
0.765
0.635
0.384
0.283
0.258
0.18
0.255
0.184
0.366
0.043
-0.086
-0.436
-0.484
-0.641
-0.704
-0.715
-0.794
-0.782
-0.915
-0.699
-0.794
-0.881
-0.846
-0.775
-0.629
-0.78
-0.593
-0.649
-0.417
-0.409
-0.421
-0.28
-0.435
-0.399
-0.06
0.061
0.208
0.339
0.304
0.206
0.274
0.328
0.585
0.443
0.509
0.541
0.71
0.56
0.454
0.645
0.744
0.736
0.881
0.888
0.811
0.751
0.799
0.481
0.484
0.125
0.051
0.02
0.016
0.116
0.224
0.283
0.324
0.48
0.621
0.746
0.772
0.843
0.755
1.046
0.925
0.836
0.461
0.465
0.522
0.35
0.546
0.647
0.614
0.647
0.826
0.665
0.771
0.765
0.546
0.688
0.619
0.863
0.791
1.042
0.944
0.966
0.904
1.008
0.831
0.7
0.64
0.745
0.529
0.734
0.684
0.662
0.589
0.614
0.915
0.655
0.599
0.454
0.786
0.946
1.084
1.146
1.026
1.107
1.068
1.046
0.844
0.917
1.021
1.149
1.235
1.155
1.199
0.899
0.927
0.81
0.795
0.87
0.951
0.764
0.601
0.64
0.6
0.775
0.591
0.708
0.723
0.639
0.912
0.721
0.309
0.216
0.135
0.315
0.116
0.146
-0.239
-0.285
-0.511
-0.603
-0.647
-0.774
-0.755
-0.954
-0.807
-1.071
-0.821
-0.825
-0.944
-0.92
-1.024
-1.073
-1.025
-1.056
-1.177
-1.343
-1.08
-0.846
-0.821
-0.815
-0.699
-0.796
-0.818
-0.506
-0.739
-0.672
-0.579
-0.376
-0.456
-0.456
-0.459
-0.55
-0.62
-0.628
-0.516
-0.359
-0.475
-0.479
-0.431
-0.321
-0.244
-0.21
-0.101
-0.199
-0.206
-0.138
-0.113
-0.125
-0.045
0.145
0.301
0.535
0.555
0.511
0.835
0.335
0.386
0.4
0.473
0.512
0.405
0.355
0.471
0.261
0.11
-0.168
-0.273
-0.438
-0.268
-0.355
-0.3
-0.276
-0.334
-0.388
-0.378
-0.512
-0.601
-0.751
-0.511
-0.594
-0.49
-0.547
-0.396
-0.309
-0.341
-0.335
-0.294
-0.184
-0.16
-0.268
-0.571
-0.554
-0.408
-0.21
0.041
0.215
0.121
0.022
0.072
-0.138
-0.238
-0.238
-0.305
-0.18
0.116
0.152
0.268
0.149
0.037
-0.122
-0.048
-0.106
-0.009
0.022
0.08
0.072
0.15
0.065
0.203
0.025
-0.085
-0.037
0.0
0.052
0.256
-0.003
-0.02
-0.181
-0.251
-0.294
-0.427
-0.506
-0.736
-0.993
-0.873
-1.025
-1.035
-1.143
-1.036
-1.022
-1.127
-0.905
-0.874
-0.764
-0.845
-0.812
-0.679
-0.598
-0.531
-0.385
-0.406
-0.571
-0.869
-0.8
-0.546
-0.525
-0.419
-0.519
-0.334
-0.302
-0.307
-0.329
-0.335
-0.101
0.022
-0.07
0.049
-0.081
0.033
-0.208
-0.104
-0.129
-0.269
-0.241
-0.395
-0.266
-0.259
-0.33
-0.339
-0.536
-0.31
-0.297
-0.223
-0.215
-0.256
-0.235
-0.175
-0.109
-0.138
-0.058
-0.128
-0.086
-0.13
-0.035
-0.001
-0.004
0.056
0.059
-0.182
-0.253
-0.254
-0.239
-0.198
-0.221
-0.109
-0.32
-0.122
-0.259
-0.086
-0.16
-0.058
0.066
0.036
0.16
0.101
0.144
0.214
0.355
0.2
0.229
0.246
0.25
0.426
0.669
0.733
0.684
0.816
0.833
1.049
1.026
0.891
1.008
0.864
1.028
0.97
0.953
0.784
0.891
0.829
0.858
0.901
0.796
0.656
0.565
0.628
0.524
0.484
0.489
0.12
0.07
0.124
0.095
0.034
0.007
0.151
-0.18
-0.199
-0.37
-0.383
-0.473
-0.36
-0.381
-0.253
-0.25
-0.233
-0.26
-0.367
-0.419
-0.62
-0.609
-0.743
-0.562
-0.578
-0.725
-0.555
-0.557
-0.606
-0.468
-0.652
-0.535
-0.438
-0.514
-0.499
-0.642
-0.67
-0.724
-0.54
-0.769
-0.638
-0.781
-0.894
-0.989
-0.819
-0.645
-0.44
-0.525
-0.448
-0.084
0.25
0.367
0.324
0.578
0.489
0.188
0.348
0.403
0.312
0.362
0.448
0.463
0.685
0.608
0.52
0.479
0.519
0.426
0.479
0.42
0.372
0.455
0.271
0.326
0.369
0.515
0.636
0.57
0.67
0.682
0.681
0.522
0.41
0.526
0.482
0.41
0.594
0.214
0.174
0.345
0.278
0.403
0.32
0.203
0.133
-0.143
-0.036
-0.04
0.015
-0.11
0.305
0.284
0.163
0.208
0.156
-0.11
0.025
-0.101
-0.059
0.02
0.08
0.138
0.175
0.235
0.552
0.772
0.516
0.552
0.603
0.496
0.229
0.181
0.328
0.473
0.371
0.258
0.453
0.294
0.286
0.11
0.173
0.101
-0.081
-0.08
-0.101
-0.143
-0.077
-0.131
0.035
0.024
0.018
-0.065
-0.099
-0.331
-0.306
-0.311
-0.35
-0.42
-0.393
-0.253
-0.043
-0.294
-0.295
-0.206
-0.155
-0.217
-0.006
-0.158
-0.215
-0.124
-0.036
0.12
0.103
0.188
0.044
0.144
0.193
0.224
0.304
0.355
0.341
0.154
0.244
0.242
0.203
0.134
0.206
0.244
0.154
0.126
0.043
0.035
0.056
0.455
0.542
0.5
0.541
0.589
0.341
0.561
0.508
0.546
0.604
0.67
0.591
0.501
0.84
0.745
0.593
0.26
0.015
-0.302
-0.453
-0.338
-0.362
-0.573
-0.406
-0.596
-0.417
-0.28
-0.415
-0.31
-0.415
-0.466
-0.723
-0.776
-0.77
-0.779
-0.714
-0.549
-0.383
-0.453
-0.21
0.058
0.106
0.3
0.275
0.385
0.557
0.58
0.551
0.468
0.431
0.27
0.271
0.396
0.709
0.922
0.804
0.953
0.715
0.642
0.4
0.156
0.104
-0.189
-0.177
-0.069
0.084
0.356
0.175
0.015
-0.11
-0.274
-0.311
-0.501
-0.315
-0.511
-0.361
-0.45
-0.302
-0.328
-0.321
-0.364
-0.311
-0.309
-0.351
-0.165
-0.025
0.049
0.104
0.0
0.219
0.305
0.499
0.259
0.099
0.208
0.334
0.346
0.27
0.441
0.499
0.642
0.816
0.48
0.478
0.236
0.371
0.471
0.659
0.795
0.973
1.081
1.07
1.224
1.186
1.075
1.174
1.025
1.107
1.147
0.914
0.809
0.728
0.429
0.367
0.056
0.125
0.098
-0.134
-0.09
-0.2
-0.194
-0.309
-0.411
-0.429
-0.251
-0.369
-0.527
-0.571
-0.569
-0.524
-0.739
-0.983
-0.993
-1.001
-0.794
-0.749
-0.654
-0.556
-0.503
-0.302
-0.119
-0.035
-0.095
-0.074
-0.055
-0.269
-0.309
-0.366
-0.416
-0.552
-0.479
-0.311
-0.475
-0.484
-0.524
-0.306
-0.11
0.084
0.115
-0.011
0.145
0.253
-0.011
0.085
-0.062
-0.054
0.263
0.42
0.366
0.662
0.78
0.714
0.758
0.844
0.902
1.038
1.159
1.052
0.953
1.061
1.019
1.22
1.416
1.302
1.123
0.941
0.891
0.844
0.695
0.645
0.72
0.688
0.589
0.541
0.487
0.546
0.564
0.552
0.429
0.482
0.636
0.562
0.389
0.294
0.406
0.009
0.176
-0.044
-0.109
-0.056
-0.179
-0.026
-0.146
0.161
-0.194
-0.121
-0.048
-0.235
-0.149
-0.133
-0.144
-0.254
-0.115
-0.195
-0.21
-0.215
-0.38
-0.345
-0.505
-0.379
-0.521
-0.29
-0.092
-0.501
-0.699
-0.744
-0.764
-0.787
-0.661
-0.71
-0.7
-0.579
-0.628
-0.372
-0.361
-0.271
-0.238
-0.469
-0.503
-0.715
-0.769
-0.546
-0.474
-0.244
-0.251
-0.294
-0.388
-0.334
-0.401
-0.531
-0.522
-0.571
-0.729
-0.686
-10.336
-0.693
-0.473
-0.534
-0.209
-0.209
-0.316
-0.297
-0.275
-0.194
-0.188
-0.239
-0.223
-0.333
-0.343
-0.546
-0.484
-0.54
-0.569
-0.659
-0.503
-0.448
-0.636
-0.615
-0.684
-0.662
-0.876
-0.801
-0.875
-0.999
-0.93
-1.18
-1.086
-1.176
-1.14
-1.12
-1.209
-1.24
-1.234
-1.296
-1.184
-1.171
-1.173
-1.123
-1.301
-1.225
-1.236
-1.065
-0.889
-0.529
-0.329
-0.486
-0.35
-0.055
-0.003
0.081
0.169
0.383
0.484
0.591
0.667
0.715
1.0
1.242
1.349
1.363
1.266
1.366
1.489
1.607
1.64
1.571
1.614
1.542
1.482
1.479
1.353
1.376
1.423
1.314
1.141
0.904
0.869
1.044
0.985
1.121
0.921
0.955
0.965
0.938
0.774
0.869
0.999
0.885
0.621
0.306
0.071
0.139
-0.003
0.138
0.21
-0.15
-0.186
-0.239
-0.289
-0.366
-0.438
-0.448
-0.451
-0.596
-0.729
-0.734
-0.639
-0.611
-0.786
-0.835
-0.704
-0.669
-0.506
-0.461
-0.401
-0.603
-0.516
-0.405
-0.359
-0.149
0.014
0.279
0.503
0.464
0.876
0.684
0.765
0.821
0.6
0.721
0.807
0.924
0.911
0.907
0.784
0.866
0.72
0.782
0.766
0.899
0.825
0.881
0.936
1.185
1.245
0.774
0.999
0.988
0.948
0.944
0.915
0.849
0.906
0.774
0.846
0.729
0.743
0.66
0.584
0.916
0.654
0.763
0.619
0.47
0.456
0.405
0.461
0.629
0.468
0.608
0.723
0.465
0.494
0.539
0.652
0.621
0.661
0.519
0.468
0.383
0.279
0.195
0.299
0.245
0.211
0.135
-0.015
-0.049
-0.036
0.011
0.114
0.115
0.089
-0.286
-0.024
-0.484
-0.374
-0.214
-0.235
-0.372
-0.133
-0.072
0.088
-0.003
0.181
0.288
0.26
0.453
0.343
0.485
0.375
0.393
0.432
0.43
0.491
0.361
0.5
0.625
0.888
0.823
0.871
0.911
0.709
0.854
0.652
0.631
0.598
0.593
0.434
0.367
0.281
0.155
-0.085
-0.026
-0.166
-0.242
-0.376
-0.573
-0.755
-0.756
-0.881
-0.97
-1.075
-1.035
-1.045
-1.324
-1.216
-1.371
-1.361
-1.394
-1.495
-1.216
-1.281
-1.262
-1.176
-0.946
-0.831
-0.78
-0.79
-0.777
-0.769
-0.739
-0.662
-0.769
-0.647
-0.708
-0.556
-0.468
-0.497
-0.401
-0.38
-0.531
-0.329
-0.485
-0.414
-0.425
-0.404
-0.512
-0.514
-0.448
-0.514
-0.593
-0.611
-0.366
-0.446
-0.4
-0.431
-0.35
-0.356
-0.529
-0.618
-0.44
-0.58
-0.703
-0.338
-0.672
-0.479
-0.365
-0.384
-0.52
-0.434
-0.625
-0.534
-0.451
-0.441
-0.672
-0.659
-0.723
-0.696
-0.519
-0.641
-0.629
-0.771
-0.802
-0.799
-0.662
-0.431
-0.3
-0.091
-0.022
0.179
0.173
0.139
0.084
-0.005
0.041
0.02
-0.022
-0.2
-0.188
-0.116
0.044
0.084
-0.035
-0.131
-0.058
-0.154
-0.339
-0.361
-0.231
-0.219
-0.179
-0.092
0.064
0.004
-0.185
-0.285
-0.405
-0.37
-0.4
-0.175
-0.118
-0.066
-0.06
-0.045
-0.037
-0.04
0.211
0.253
0.319
0.547
0.566
0.42
0.309
0.372
0.405
0.583
0.713
0.811
1.058
0.95
0.866
0.786
0.883
0.705
0.973
0.939
0.985
0.927
0.999
0.792
0.864
0.932
0.988
1.025
1.074
1.002
0.915
0.794
0.709
0.645
0.574
0.189
0.16
0.169
0.129
0.215
0.233
0.044
0.03
-0.116
-0.28
-0.417
-0.264
-0.311
-0.295
-0.271
-0.461
-0.458
-0.605
-0.699
-0.741
-0.781
-0.625
-0.657
-0.321
-0.348
-0.501
-0.669
-0.763
-0.677
-0.754
-0.77
-0.781
-0.59
-0.494
-0.515
-0.44
-0.644
-0.596
-0.496
-0.537
-0.396
-0.35
-0.226
-0.118
-0.223
-0.159
-0.104
-0.066
-0.056
-0.173
0.136
0.334
0.316
0.179
0.081
0.193
0.25
0.22
0.295
0.291
0.294
0.274
0.195
0.174
0.306
0.251
0.263
0.576
0.432
0.456
0.384
0.138
-0.004
0.151
0.009
-0.039
-0.089
-0.304
-0.173
-0.274
-0.263
-0.143
-0.289
-0.016
0.1
0.134
0.241
0.203
0.18
0.246
0.372
0.333
0.439
0.438
0.384
0.478
0.255
0.362
0.323
0.544
0.371
0.175
0.36
0.155
0.233
0.326
0.492
0.703
0.734
0.738
0.781
0.741
0.786
0.848
0.816
0.865
0.814
0.835
0.859
0.76
0.863
0.829
0.839
0.78
0.833
0.792
0.943
1.038
1.008
0.924
0.931
0.838
0.738
0.636
0.647
0.504
0.526
0.383
0.435
0.234
0.265
0.066
0.105
0.159
0.286
0.375
0.461
0.626
0.657
0.594
0.61
0.596
0.72
0.481
0.532
0.594
0.385
0.242
0.052
0.014
0.001
0.02
-0.005
-0.04
-0.094
-0.03
-0.058
-0.205
-0.159
-0.051
0.007
0.064
-0.149
-0.076
-0.203
-0.305
-0.48
-0.492
-0.635
-0.868
-0.768
-0.897
-0.988
-0.82
-0.802
-0.755
-0.804
-0.824
-0.685
-0.751
-0.772
-0.679
-0.619
-0.451
-0.5
-0.38
-0.399
-0.259
-0.152
-0.04
-0.065
-0.136
-0.016
-0.244
-0.426
-0.539
-0.515
-0.631
-0.525
-0.427
-0.302
-0.281
-0.354
-0.215
-0.111
0.043
-10.336
-0.05
0.015
-0.011
0.159
0.214
0.328
0.345
0.271
0.321
0.352
0.328
0.28
0.291
0.291
0.29
0.135
0.253
0.173
0.325
0.122
0.155
0.216
0.286
0.285
0.326
0.291
0.226
0.039
0.09
0.05
0.037
0.149
0.138
0.15
0.249
0.311
0.175
0.249
0.352
0.325
0.351
0.41
0.23
0.086
0.086
-0.085
-0.092
-0.25
-0.258
-0.211
-0.431
-0.458
-0.576
-0.661
-0.677
-0.713
-0.677
-0.675
-0.708
-0.915
-0.829
-0.76
-0.736
-0.818
-0.874
-0.609
-0.559
-0.537
-0.362
-0.374
-0.372
-0.429
-0.393
-0.333
-0.276
-0.208
-0.16
-0.074
-0.004
-0.016
0.006
-0.066
-0.156
-0.279
-0.251
-0.168
-0.29
-0.42
-0.161
-0.104
-0.144
0.022
0.013
0.004
-0.022
-0.099
-0.121
-0.169
-0.236
-0.179
-10.336
-0.56
-0.469
-0.431
-0.419
-0.456
-0.354
-0.365
-0.254
-0.193
-0.23
-0.021
0.135
0.224
0.314
0.2
