0.911
0.916
0.853
0.905
0.749
0.698
0.708
0.701
1.0
0.785
0.83
0.669
0.771
0.491
0.525
0.408
0.219
-0.009
-0.182
-0.107
-0.161
-0.235
-0.364
-0.241
-0.375
-0.47
-0.403
-0.584
-0.375
-0.344
-0.126
-0.188
-0.121
-0.086
-0.16
-0.182
-0.3
-0.199
-0.106
-0.12
-0.265
-0.19
-0.359
-0.396
-0.487
-0.618
-0.619
-0.603
-0.858
-0.794
-0.764
-0.889
-0.893
-0.879
-1.022
-0.835
-0.906
-0.914
-1.1
-1.039
-1.24
-1.316
-0.964
-1.055
-1.054
-1.209
-1.329
-1.105
-0.949
-0.584
-0.496
-0.254
-0.166
0.029
0.291
0.52
0.953
0.956
1.059
1.312
1.305
1.159
1.363
1.614
1.606
1.546
1.621
1.558
1.715
1.573
1.56
1.627
1.551
1.663
1.425
1.175
1.211
1.114
1.185
1.193
1.144
1.101
1.167
0.911
0.768
0.511
0.524
0.431
0.487
0.416
0.463
0.512
0.416
0.355
0.346
0.471
0.371
0.463
0.369
0.196
0.242
0.219
0.152
0.118
0.156
0.16
0.184
0.143
0.052
-0.081
-0.022
-0.151
-0.111
-0.309
-0.404
-0.519
-0.565
-0.547
-0.654
-0.78
-0.869
-0.843
-0.796
-0.586
-0.589
-0.677
-0.505
-0.496
-0.206
-0.356
-0.417
-0.581
-0.406
-0.424
-0.314
-0.105
-0.394
-0.276
-0.309
-0.404
-0.516
-0.693
-0.725
-0.769
-0.886
-0.888
-1.032
-1.031
-0.859
-0.639
-0.6
-0.574
-0.424
-0.453
-0.372
-0.408
-0.381
-0.561
-0.41
-0.541
-0.461
-0.388
-0.339
-0.352
-0.263
-0.279
-0.284
-0.444
-0.419
-0.714
-0.634
-0.61
-0.641
-0.639
-0.596
-0.463
-0.413
-0.415
-0.109
0.124
0.182
0.408
0.295
0.41
0.371
0.436
0.349
0.424
0.473
0.411
0.464
0.325
0.43
0.309
0.18
0.434
0.6
0.621
0.651
0.733
0.72
0.635
0.574
0.55
0.555
0.55
0.465
0.362
0.245
0.221
0.143
0.174
0.177
0.214
0.15
0.404
0.311
0.334
0.302
0.258
0.138
0.145
0.161
0.292
0.131
0.134
0.086
-0.025
0.128
0.134
0.212
0.126
0.104
0.098
0.059
-0.013
0.034
-0.231
-0.244
-0.443
-0.618
-0.647
-0.425
-0.527
-0.619
-0.699
-0.719
-0.782
-0.759
-0.844
-0.854
-0.772
-0.776
-0.679
-0.665
-0.609
-0.53
-0.63
-0.463
-0.436
-0.345
-0.306
-0.274
-0.16
-0.054
0.056
0.071
0.064
0.09
0.254
0.302
0.215
0.345
0.36
0.36
0.45
0.434
0.484
0.555
0.524
0.443
0.372
0.68
0.806
0.73
0.573
0.473
0.487
0.466
0.432
0.42
0.171
0.143
-0.024
-0.228
-0.145
-0.233
-0.158
-0.028
-0.154
-0.299
-0.24
-0.409
-0.266
-0.169
-0.136
-0.062
-0.062
-0.033
0.155
0.034
0.138
0.083
-0.01
0.181
0.245
0.221
0.021
0.107
0.07
0.084
0.085
-0.13
-0.059
-0.043
0.064
-0.029
-0.151
-0.016
0.07
0.194
0.121
-0.014
-0.051
0.014
-0.201
-0.241
-0.271
-0.166
-0.189
-0.08
-0.109
0.005
-0.064
0.041
0.059
0.312
0.159
0.188
0.145
0.166
0.083
0.09
0.054
0.174
0.166
0.074
0.072
0.28
0.32
0.435
0.475
0.41
0.274
0.333
0.355
0.573
0.61
0.456
0.524
0.705
0.667
0.72
0.71
0.919
0.994
1.014
0.943
1.024
0.954
0.99
1.008
1.008
1.151
1.002
1.071
1.071
0.993
0.988
1.015
1.115
0.993
1.188
0.854
0.915
0.74
0.608
0.589
0.606
0.45
0.414
0.471
0.415
0.595
0.48
0.406
0.591
0.425
0.454
0.519
0.574
0.499
0.63
0.765
0.856
0.787
0.736
0.844
0.768
0.719
0.909
0.912
0.909
0.927
0.8
0.815
0.656
0.704
0.576
0.408
0.421
0.296
0.305
0.375
0.325
0.309
0.175
0.146
-0.045
0.041
-0.061
0.04
0.32
0.048
0.118
0.028
0.481
0.481
0.549
0.7
0.629
0.618
0.676
0.834
1.034
1.089
1.016
0.985
0.911
1.064
1.078
1.091
1.137
1.088
0.991
0.89
0.843
0.751
0.728
0.569
0.527
0.7
0.656
0.834
0.761
0.745
0.754
0.334
0.383
0.516
0.57
0.772
0.574
0.4
0.349
0.305
0.098
0.281
0.131
0.146
-0.085
-0.128
-0.006
-0.211
-0.198
-0.365
-0.233
-0.244
-0.163
-0.136
-0.174
-0.018
0.155
0.02
-0.061
-0.217
-0.289
-0.154
-0.07
-0.114
0.139
0.158
0.324
0.289
0.286
0.195
0.278
0.413
0.241
0.15
0.225
0.193
0.116
-0.04
0.098
-0.024
-0.083
0.064
0.026
-0.031
-0.149
-0.106
-0.101
-0.299
-0.214
-0.281
-0.191
0.0
-0.111
-0.251
-0.345
-0.474
-0.399
-0.571
-0.455
-0.556
-0.57
-0.432
-0.584
-0.461
-0.661
-0.809
-0.749
-0.991
-0.764
-0.776
-0.72
-0.876
-0.728
-0.549
-0.825
-0.936
-0.897
-0.818
-0.701
-0.816
-0.704
-0.655
-0.777
-0.605
-0.326
-0.245
-0.364
-0.235
-0.4
-0.329
-0.208
-0.139
-0.084
-0.101
0.155
0.219
0.071
0.076
0.094
0.011
0.109
-0.075
-0.147
-0.315
-0.292
-0.64
-0.311
-0.69
-0.527
-0.47
-0.391
-0.074
-0.182
-0.376
-0.456
-0.522
-0.571
-0.594
-0.44
-0.611
-0.542
-0.552
-0.68
-0.519
-0.512
-0.704
-0.575
-0.744
-0.708
-0.791
-0.614
-0.699
-0.759
-0.869
-0.993
-0.979
-0.915
-0.899
-0.84
-0.881
-0.573
-0.524
-0.299
-0.185
-0.125
0.074
0.043
0.098
0.041
0.095
0.166
0.144
0.206
0.205
0.276
0.448
0.734
0.395
0.601
0.619
0.471
0.432
0.231
0.31
-0.081
0.028
0.185
0.196
0.25
0.01
0.011
-0.274
-0.323
-0.269
-0.365
-0.307
-0.453
-0.245
-0.19
-0.069
0.139
0.163
0.244
0.09
0.11
-0.014
0.254
0.16
0.265
0.241
0.225
0.234
0.291
0.408
0.106
0.209
0.145
0.274
0.341
0.274
0.173
0.046
-0.024
-0.095
-0.242
-0.445
-0.191
-0.475
-0.522
-0.432
-0.435
-0.291
-0.114
-0.242
-0.336
-0.603
-0.351
-0.411
-0.608
-0.49
-0.55
-0.624
-0.516
-0.492
-0.517
-0.311
-0.352
-0.484
-0.419
-0.355
-0.334
-0.125
0.043
0.254
0.031
0.14
0.061
0.156
0.079
0.151
0.288
0.451
0.415
0.454
0.296
0.404
0.448
0.25
0.361
0.396
0.497
0.599
0.709
0.805
0.89
0.828
0.865
0.505
0.454
0.091
0.074
-0.03
-0.034
-0.194
-0.304
-0.57
-0.831
-0.927
-1.127
-1.198
-1.404
-1.459
-1.391
-1.498
-1.519
-1.456
-1.475
-1.444
-1.304
-1.101
-0.958
-0.838
-0.826
-0.695
-0.708
-0.576
-0.48
-0.328
-0.288
-0.156
-0.177
-0.098
-0.13
0.013
0.096
0.056
0.163
0.256
0.506
0.281
0.45
0.54
0.532
0.509
0.527
0.443
0.64
0.323
0.403
0.346
0.234
0.271
0.194
0.193
0.196
0.149
0.024
-0.06
-0.043
0.024
0.088
0.021
0.131
0.064
-0.039
-0.075
-0.258
-0.374
-0.4
-0.365
-0.238
-0.189
-0.088
-0.18
-0.177
-0.058
0.006
-0.23
-0.144
-0.247
-0.184
-0.191
-0.23
-0.094
-0.174
-0.154
-0.119
-0.115
-0.106
-0.309
-0.314
-0.355
-0.264
-0.314
-0.106
-0.216
-0.024
-0.315
-0.164
-0.221
-0.1
-0.184
-0.362
-0.415
-0.411
-0.375
-0.357
-0.244
-0.239
-0.182
-0.263
-0.168
-0.12
-0.146
-0.081
-0.066
-0.101
-0.175
-0.164
-0.134
-0.135
-0.036
-0.168
-0.088
-0.289
-0.113
-0.134
-0.066
0.177
0.369
0.366
0.427
0.489
0.362
0.371
0.355
0.33
0.268
0.03
0.101
0.066
0.013
0.23
0.311
0.146
0.015
0.085
0.016
-0.01
0.036
0.096
0.122
0.089
0.135
0.149
0.055
0.276
0.25
0.245
0.341
0.281
0.371
0.315
0.531
0.806
0.701
0.741
0.676
0.881
1.0
0.946
1.191
0.939
0.866
0.699
0.426
0.491
0.295
0.396
0.364
0.416
0.361
0.241
0.151
0.025
-0.186
-0.206
-0.253
-0.174
-0.126
-0.186
-0.242
-0.324
-0.51
-0.724
-0.786
-0.674
-0.906
-0.8
-0.781
-0.845
-0.667
-0.615
-0.659
-0.557
-0.505
-0.465
-0.312
-0.393
-0.236
-0.171
-0.351
-0.371
-0.122
-0.173
-0.079
-0.019
-0.084
0.016
-0.055
-0.164
-0.191
-0.234
-0.208
-0.416
-0.318
-0.254
-0.215
-0.247
-0.069
0.036
-0.051
-0.088
-0.022
0.02
-0.028
0.175
0.205
0.284
0.126
0.066
0.091
0.001
-0.109
-0.186
-0.238
0.019
-0.139
-0.044
-0.25
-0.184
-0.164
-0.129
-0.021
-0.139
-0.391
-0.362
-0.479
-0.631
-0.628
-0.715
-0.645
-0.765
-0.843
-0.843
-0.829
-0.814
-0.696
-0.532
-0.436
-0.311
-0.286
-0.427
-0.413
-0.265
-0.242
-0.052
0.109
0.186
0.26
0.141
0.315
0.344
0.345
0.37
0.536
0.535
0.396
0.398
0.564
0.45
0.434
0.411
0.401
0.361
0.209
0.378
0.059
0.1
0.147
0.005
0.255
0.246
0.39
0.314
0.555
0.503
0.698
0.849
0.791
0.74
0.896
1.015
1.126
1.183
1.106
1.096
0.995
1.04
1.083
1.208
1.2
1.107
1.131
0.96
0.97
1.093
1.096
1.064
0.929
0.734
0.802
0.823
0.864
0.881
0.805
0.792
0.749
0.77
0.871
0.855
0.761
0.72
0.568
0.494
0.185
0.398
0.081
0.07
0.088
0.158
0.27
0.258
0.295
0.375
0.265
0.35
0.417
0.398
0.326
0.107
0.034
0.018
0.099
-0.007
0.147
0.45
0.389
0.439
0.13
0.283
0.251
0.331
0.315
0.403
0.546
0.5
0.436
0.291
0.281
0.285
0.356
0.534
0.542
0.594
0.618
0.759
0.521
0.807
0.85
0.955
0.906
0.876
0.715
0.675
0.385
0.311
0.253
0.201
0.276
0.274
0.372
0.206
0.276
0.285
0.375
0.514
0.506
0.599
0.458
0.511
0.254
0.335
0.395
0.448
0.408
0.416
0.458
0.361
0.383
0.343
0.441
0.316
0.381
0.261
-0.074
0.013
0.026
0.049
0.18
0.193
-0.049
0.056
0.036
-0.025
-0.025
-0.021
0.115
-0.081
-0.088
-0.215
-0.147
-0.16
0.05
0.085
0.289
0.431
0.288
0.334
0.499
0.46
0.676
0.542
0.403
0.482
0.68
0.53
0.541
0.405
0.399
0.547
0.569
0.469
0.386
0.329
0.214
-0.07
-0.126
0.034
-0.101
-0.12
0.154
-0.069
-0.203
-0.263
-0.304
-0.365
-0.432
-0.284
-0.133
-0.199
-0.241
0.021
-0.033
0.083
0.149
-0.075
0.083
0.046
0.228
0.01
-0.156
-0.143
-0.226
-0.149
0.009
0.07
0.121
0.021
0.01
0.044
0.071
0.121
0.054
0.166
0.085
0.228
0.066
0.091
0.054
0.125
0.056
0.031
-0.086
-0.096
-0.265
-0.366
-0.396
-0.331
-0.245
-0.395
-0.439
-0.356
-0.461
-0.465
-0.489
-0.466
-0.375
-0.532
-0.482
-0.474
-0.551
-0.431
-0.393
-0.516
-0.4
-0.473
-0.375
-0.271
-0.35
-0.205
-0.2
-0.174
-0.216
-0.343
-0.422
-0.224
-0.479
-0.591
-0.81
-0.753
-0.733
-0.883
-0.789
-0.77
-0.728
-0.87
-0.795
-1.09
-1.211
-1.208
-1.106
-0.968
-0.841
-0.959
-1.181
-1.312
-1.226
-1.285
-1.241
-1.318
-1.275
-1.166
-1.265
-1.107
-1.071
-0.82
-0.635
-0.647
-0.575
-0.338
-0.323
-0.31
-0.215
-0.205
-0.228
-0.291
-0.485
-0.623
-0.669
-0.509
-0.594
-0.677
-0.549
-0.68
-0.664
-0.586
-0.443
-0.432
-0.221
-0.239
-0.196
-0.163
0.041
0.134
0.15
0.251
0.249
0.526
0.521
0.394
0.534
0.771
0.708
0.888
0.955
0.868
0.719
0.815
0.684
0.633
0.646
0.555
0.441
0.404
0.482
0.455
0.604
0.68
0.693
0.651
0.45
0.304
0.273
0.188
0.266
0.111
0.049
0.046
-0.434
-0.174
-0.059
-0.065
-0.194
-0.223
-0.253
-0.107
-0.238
-0.279
-0.096
-0.103
-0.077
-0.059
-0.009
0.061
0.185
0.125
0.176
-0.001
-0.035
-0.065
-0.174
-0.231
-0.216
-0.03
-0.054
-0.066
0.004
-0.233
-0.084
-0.076
0.052
-0.052
-0.37
-0.704
-0.774
-0.761
-0.973
-0.993
-1.058
-1.127
-1.318
-1.451
-1.546
-1.464
-1.349
-1.489
-1.314
-1.3
-1.184
-0.761
-0.76
-0.609
-0.556
-0.413
-0.515
-0.482
-0.338
-0.585
-0.396
-0.321
-0.074
0.052
0.072
0.056
-0.088
-0.026
0.07
0.21
0.114
0.133
0.058
-0.021
0.022
-0.014
0.081
-0.055
-0.176
-0.225
-0.177
-0.334
-0.4
-0.2
-0.281
-0.302
-0.174
-0.009
0.113
0.2
0.395
0.355
0.391
0.579
0.512
0.4
0.42
0.352
0.578
0.367
0.432
0.345
0.124
0.065
-0.176
-0.075
-0.145
-0.158
-0.289
-0.51
-0.379
-0.344
-0.194
-0.242
-0.215
-0.018
0.191
0.144
0.352
0.355
0.475
0.391
0.421
0.48
0.537
0.58
0.6
0.839
1.034
1.201
1.196
1.214
1.167
1.079
1.113
0.876
0.966
0.791
0.791
0.65
0.461
0.371
0.329
0.323
0.228
0.122
0.071
-0.074
-0.253
-0.275
-0.273
-0.261
-0.18
-0.359
-0.565
-0.75
-0.814
-0.865
-0.931
-0.996
-1.046
-1.059
-1.088
-1.231
-1.116
-1.091
-1.103
-1.272
-1.328
-1.076
-1.155
-1.127
-1.123
-1.146
-1.064
-1.04
-0.774
-0.591
-0.526
-0.398
-0.251
-0.179
-0.184
-0.029
0.015
0.268
0.51
0.481
0.47
0.621
0.61
0.681
0.69
0.821
0.818
0.889
0.825
0.854
0.891
0.868
1.009
0.86
0.599
0.69
0.541
0.606
0.693
0.838
0.695
0.595
0.63
0.623
0.471
0.41
0.348
0.349
0.234
0.436
0.359
0.296
0.256
0.354
0.345
0.344
0.367
0.165
0.26
0.284
0.258
0.171
0.109
-0.001
-0.131
-0.056
-0.223
-0.339
-0.186
-0.22
-0.176
-0.221
-0.28
-0.103
-0.04
-0.129
-0.145
-0.064
-0.009
-0.13
-0.088
-0.161
-0.035
-0.039
-0.134
-0.37
-0.521
-0.431
-0.603
-0.7
-0.84
-1.074
-1.134
-1.186
-1.009
-0.859
-0.739
-0.786
-0.787
-0.85
-0.823
-0.873
-0.619
-0.672
-0.633
-0.58
-0.626
-0.706
-0.661
-0.665
-0.796
-0.749
-0.845
-0.828
-0.765
-0.698
-0.453
-0.379
-0.215
-0.338
-0.351
-0.193
-0.215
-0.016
0.096
0.118
0.314
0.379
0.393
0.372
0.564
0.758
0.774
0.714
0.621
0.59
0.661
0.552
0.573
0.669
0.811
0.568
0.802
0.819
0.964
0.855
0.806
0.775
0.975
0.991
0.713
0.73
0.628
0.579
0.661
0.593
0.537
0.641
0.802
0.628
0.541
0.506
0.45
0.445
0.571
0.661
0.552
0.571
0.413
0.473
0.361
0.336
0.301
0.595
0.568
0.376
0.328
0.375
0.35
0.568
0.556
0.484
0.529
0.736
0.726
0.784
0.811
0.851
0.671
0.5
0.633
0.552
0.62
0.508
0.515
0.419
0.205
0.404
0.429
0.555
0.532
0.466
0.522
0.481
0.537
0.484
0.578
0.465
0.434
0.639
0.53
0.79
0.688
0.859
1.002
0.994
1.105
1.357
1.411
1.16
1.146
1.208
1.238
1.414
1.384
1.399
1.573
1.643
1.571
1.559
1.46
1.345
1.149
1.051
1.109
1.059
1.028
0.868
0.931
0.912
0.875
0.685
0.479
0.578
0.469
0.386
0.522
0.411
0.456
0.27
0.261
0.249
0.185
0.311
0.268
0.275
0.244
0.419
0.417
0.562
0.454
0.338
0.333
0.37
0.508
0.405
0.38
0.364
0.465
0.361
0.325
0.521
0.271
0.286
0.246
0.31
0.601
0.595
0.62
0.636
0.703
0.912
0.743
0.76
0.815
0.695
0.713
0.774
0.731
0.801
0.963
0.797
0.835
0.943
0.815
0.581
0.409
0.145
0.106
0.196
0.228
0.159
0.052
0.07
-0.151
-0.391
-0.414
-0.461
-0.461
-0.384
-0.56
-0.956
-1.064
-1.246
-1.285
-1.081
-1.154
-1.15
-1.091
-1.145
-1.21
-1.387
-1.173
-1.218
-1.349
-1.252
-1.286
-1.35
-1.288
-1.169
-1.031
-1.022
-0.85
-0.636
-0.615
-0.465
-0.485
-0.463
-0.414
-0.398
-0.516
-0.699
-0.575
-0.524
-0.385
-0.278
-0.135
-0.03
-0.056
0.035
0.044
0.275
0.58
0.427
0.561
0.409
0.36
0.399
0.343
0.525
0.514
0.623
0.49
0.403
0.429
0.425
0.4
0.329
0.372
0.324
0.419
0.514
0.511
0.515
0.478
0.525
0.641
0.596
0.615
0.443
0.473
0.321
0.107
0.091
0.06
-0.033
-0.064
-0.1
-0.338
-0.565
-0.519
-0.674
-0.741
-0.768
-0.671
-0.726
-0.961
-0.89
-1.032
-1.073
-0.881
-0.825
-1.048
-0.927
-0.835
-0.875
-0.925
-0.984
-0.979
-1.191
-1.323
-1.558
-1.575
-1.446
-1.173
-0.986
-0.901
-0.801
-0.904
-0.768
-0.644
-0.598
-0.547
-0.531
-0.381
-0.369
-0.208
-0.212
-0.08
-0.184
-0.133
-0.134
-0.115
-0.139
-0.049
0.026
0.066
0.186
0.05
-0.044
0.176
0.189
0.129
0.075
-0.069
-0.338
-0.404
-0.309
-0.31
-0.247
-0.25
-0.182
-0.122
-0.003
0.075
0.114
0.152
0.077
-0.11
-0.065
-0.275
-0.274
-0.333
-0.427
-0.38
-0.549
-0.466
-0.343
-0.07
0.074
0.143
0.056
0.05
0.155
0.166
0.007
0.109
0.149
0.168
-0.13
-0.201
-0.23
-0.177
-0.014
0.024
0.094
0.096
0.344
0.116
0.158
0.191
-0.014
-0.2
-0.233
-0.394
-0.348
-0.45
-0.517
-0.625
-0.665
-0.644
-0.755
-0.615
-0.349
-0.715
-0.701
-0.784
-0.856
-0.893
-0.876
-0.672
-0.652
-0.729
-0.677
-0.708
-0.889
-0.74
-0.899
-0.863
-0.883
-1.022
-0.948
-1.052
-0.836
-0.848
-0.743
-0.609
-0.64
-0.677
-0.515
-0.547
-0.5
-0.579
-0.603
-0.569
-0.449
-0.501
-0.334
-0.328
-0.09
0.16
-0.048
0.01
0.045
0.111
0.17
0.245
0.245
0.357
0.214
0.121
0.236
0.283
0.274
0.129
0.119
0.028
0.021
0.064
0.069
-0.189
-0.045
-0.041
0.036
-0.077
-0.171
-0.168
-0.103
0.06
0.075
0.235
0.2
0.362
0.5
0.475
0.606
0.721
0.715
0.672
0.503
0.515
0.429
0.536
0.48
0.19
0.129
-0.152
-0.138
-0.289
-0.772
-0.915
-1.085
-1.194
-1.279
-1.123
-1.236
-1.048
-0.876
-0.921
-0.87
-1.044
-0.983
-0.781
-0.53
-0.501
-0.32
-0.043
0.011
0.136
0.511
0.334
0.611
0.641
0.616
0.705
0.646
0.688
0.569
0.579
0.669
0.694
0.596
0.696
0.676
0.531
0.524
0.506
0.461
0.451
0.404
0.464
0.406
0.44
0.411
0.348
0.2
0.147
0.039
0.099
0.206
0.454
0.349
0.306
0.151
0.07
0.11
0.18
-0.016
0.109
-0.104
-0.029
-0.15
-0.174
-0.295
-0.219
-0.15
0.149
0.025
0.235
0.225
0.3
0.57
0.641
0.836
0.941
0.771
1.002
0.645
0.554
0.623
0.478
0.503
0.3
0.362
0.443
0.23
0.133
0.15
-0.021
0.166
0.075
-0.061
-0.101
-0.074
-0.196
-0.307
-0.441
-0.15
-0.019
0.036
0.334
0.274
0.375
0.286
0.29
0.389
0.35
0.361
0.258
0.147
-0.105
-0.018
-0.08
0.001
0.133
0.239
0.185
0.176
0.171
0.1
0.13
0.128
0.054
0.139
-0.022
-0.061
0.021
-0.189
0.064
-0.059
0.009
-0.019
-0.13
-0.199
-0.274
-0.188
-0.292
-0.261
-0.31
-0.266
-0.265
-0.269
-0.145
-0.015
-0.004
-0.016
0.209
0.276
0.299
0.214
0.432
0.135
0.269
0.16
0.043
-0.029
-0.106
-0.226
-0.185
-0.234
-0.143
-0.09
-0.095
0.051
0.193
0.022
0.046
0.025
-0.096
-0.092
-0.173
-0.189
-0.035
-0.016
-0.168
-0.151
0.131
-0.018
-0.095
-0.186
-0.239
-0.312
-0.194
-0.372
-0.517
-0.514
-0.589
-0.434
-0.101
-0.059
-0.05
-0.084
-0.083
-0.128
0.103
0.129
0.208
0.201
0.186
0.03
0.015
-0.341
-0.326
-0.205
-0.149
-0.316
-0.203
-0.055
-0.173
-0.12
-0.103
-0.064
0.006
0.158
0.161
0.169
0.302
0.297
0.311
0.29
0.307
0.323
0.351
0.365
0.335
0.539
0.527
0.626
0.42
0.536
0.599
0.545
0.603
0.561
0.511
0.366
0.515
0.676
0.651
0.576
0.581
0.729
0.693
0.684
0.608
0.595
0.642
0.789
0.542
0.633
0.59
0.429
0.556
0.66
0.596
0.724
0.731
0.55
0.689
0.728
0.728
0.71
0.774
0.779
0.672
0.745
0.953
1.052
1.21
1.105
0.988
0.974
0.84
1.081
0.9
0.931
0.936
0.81
0.645
0.464
0.651
0.915
0.909
0.725
0.606
0.542
0.356
0.391
0.323
0.338
0.427
0.374
0.475
0.321
0.333
0.212
0.21
0.263
0.345
0.318
0.405
0.165
0.136
0.113
0.291
0.164
0.564
0.73
0.807
0.721
0.787
0.895
0.944
0.836
0.935
0.755
0.465
0.764
0.75
0.682
0.589
0.425
0.4
0.369
0.345
0.265
0.158
0.025
-0.066
-0.024
-0.134
-0.265
-0.315
0.085
0.217
0.238
0.217
