0.416
0.5
0.427
0.473
0.279
0.099
0.109
0.079
-0.136
0.014
-0.13
-0.169
-0.135
-0.295
-0.398
-0.331
-0.265
-0.367
-0.606
-0.601
-0.515
-0.445
-0.265
-0.219
-0.217
-0.131
-0.389
-0.241
-0.526
-0.531
-0.616
-0.701
-0.696
-0.465
-0.603
-0.616
-0.491
-0.426
-0.446
-0.39
-0.229
-0.035
0.12
-0.034
0.005
0.139
0.122
0.263
0.411
0.529
0.445
0.675
0.641
0.738
0.804
0.661
0.531
0.478
0.809
0.705
0.753
0.869
0.682
0.779
0.661
0.739
0.651
0.74
0.585
0.504
0.468
0.551
0.634
0.71
0.63
0.526
0.365
0.375
0.288
0.19
0.049
0.03
0.198
0.226
0.249
0.146
0.191
0.115
0.094
-0.035
0.052
0.007
-0.066
0.024
-0.06
-0.103
-0.092
-0.058
-0.045
0.109
0.231
0.004
-0.02
-0.124
0.007
0.029
0.101
-0.196
-0.249
-0.195
-0.24
-0.304
-0.283
-0.246
-0.28
-0.201
-0.256
-0.166
-0.279
-0.259
-0.309
-0.414
-0.456
-0.573
-0.604
-0.438
-0.408
-0.448
-0.537
-0.604
-0.652
-0.672
-0.614
-0.566
-0.519
-0.542
-0.38
-0.326
-0.326
-0.422
-0.305
-0.318
-0.246
-0.216
-0.145
-0.336
-0.403
-0.348
-0.585
-0.645
-0.709
-0.721
-0.68
-0.81
-0.589
-0.562
-0.539
-0.49
-0.505
-0.532
-0.615
-0.542
-0.481
-0.371
-0.345
-0.217
-0.425
-0.175
-0.124
-0.094
-0.039
-0.21
0.122
0.231
0.19
0.238
0.27
0.534
0.506
0.44
0.501
0.359
0.29
0.41
0.312
0.284
0.335
0.594
0.606
0.357
0.276
0.196
0.181
-0.109
-0.22
-0.152
-0.1
-0.145
-0.241
-0.297
-0.379
-0.544
-0.667
-0.609
-0.839
-0.907
-1.081
-1.334
-1.258
-1.269
-1.12
-0.983
-0.756
-0.448
-0.265
-0.209
0.086
0.201
0.367
0.432
0.599
0.843
0.739
1.105
0.964
1.133
1.14
1.151
1.208
1.315
1.308
1.229
1.031
0.741
0.671
0.714
0.651
0.629
0.809
0.495
0.448
0.454
0.383
0.292
0.283
0.186
0.206
0.0
-0.099
-0.146
-0.405
-0.386
-0.429
-0.295
-0.12
0.007
-0.004
0.026
0.065
-0.32
-0.379
-0.578
-0.566
-0.468
-0.659
-0.525
-0.527
-0.539
-0.651
-0.448
-0.312
-0.405
-0.339
-0.295
-0.166
-0.107
0.131
0.121
0.238
0.254
0.496
0.489
0.398
0.422
0.403
0.32
0.255
0.281
0.468
0.295
0.169
0.138
0.242
-0.018
-0.235
-0.229
-0.095
-0.04
-0.014
-0.06
-0.03
-0.224
0.006
-0.12
-0.107
0.035
0.103
0.096
0.026
0.024
0.055
0.269
0.334
0.454
0.671
0.629
0.394
0.445
0.426
0.429
0.403
0.524
0.449
0.458
0.4
0.665
0.682
0.81
0.897
0.907
0.764
0.741
1.044
1.009
1.255
1.163
1.254
1.224
1.008
1.131
1.24
1.396
1.299
1.47
1.191
1.093
0.969
0.965
0.984
0.906
0.82
0.709
0.631
0.596
0.619
0.546
0.756
0.54
0.768
-3.925
0.338
0.628
0.657
0.638
0.77
0.61
0.728
0.672
0.73
0.55
0.372
0.314
0.155
0.101
-0.02
-0.351
-0.41
-0.339
-0.273
-0.326
-0.198
-0.354
-0.186
-0.041
-0.015
0.138
0.095
0.079
-0.079
-0.061
0.004
0.066
0.284
0.184
0.236
0.181
0.247
0.06
-0.266
-0.236
-0.241
-0.144
-0.25
-0.395
-0.549
-0.57
-0.427
-0.485
-0.364
-0.506
-0.459
-0.343
-0.399
-0.21
-0.205
-0.269
-0.378
-0.46
-0.458
-0.517
-0.526
-0.324
-0.249
-0.352
-0.259
-0.114
-0.028
0.024
0.101
0.173
0.209
0.095
-0.014
-0.24
-0.195
-0.246
-0.249
-0.357
-0.409
-0.39
-0.315
-0.135
-0.085
0.003
0.026
0.001
-0.217
-0.315
-0.256
-0.35
-0.36
-0.339
-0.393
-0.323
-0.24
-0.221
-0.244
-0.193
-0.041
-0.095
-0.096
-0.11
-0.125
-0.17
-0.014
0.056
0.045
0.055
0.141
0.206
0.259
0.295
0.478
0.425
0.324
0.365
0.305
0.309
0.406
0.249
0.182
0.075
-0.17
-0.307
-0.594
-0.357
-0.269
-0.364
-0.51
-0.469
-0.463
-0.485
-0.485
-0.319
-0.351
-0.601
-0.755
-0.63
-0.485
-0.644
-0.505
-0.478
-0.671
-0.69
-0.527
-0.487
-0.321
-0.424
-0.441
-0.526
-0.571
-0.529
-0.302
-0.159
-0.126
0.011
0.091
0.126
0.126
0.131
0.171
0.091
0.328
0.15
0.182
0.036
-0.019
0.125
0.084
0.209
0.186
0.52
0.463
0.689
0.544
0.546
0.74
0.438
0.564
0.645
0.879
1.086
1.045
1.051
1.185
1.241
1.188
1.231
1.37
1.308
1.321
1.351
1.379
1.205
1.179
1.225
1.535
1.548
1.756
1.651
1.742
1.774
1.849
1.779
1.617
1.593
1.47
1.19
1.12
0.936
0.88
0.794
0.893
0.921
0.743
0.691
0.645
0.544
0.355
0.203
0.158
-0.05
-0.101
-0.13
-0.171
-0.175
-0.166
-0.211
-0.203
-0.238
-0.18
-0.345
-0.25
-0.345
-0.256
-0.074
0.103
0.18
0.323
0.253
0.328
0.404
0.304
0.357
0.3
0.323
0.362
0.413
0.219
0.236
0.379
0.375
0.669
0.889
0.92
0.769
0.932
1.024
0.791
0.711
0.704
0.792
0.805
0.74
0.455
0.299
0.299
0.174
0.15
-0.01
-0.125
-0.14
-0.173
-0.022
0.03
-0.103
-0.238
-0.445
-0.542
-0.765
-0.743
-0.744
-0.85
-0.812
-0.901
-0.801
-0.769
-0.751
-0.786
-0.801
-0.706
-0.633
-0.509
-0.544
-0.487
-0.449
-0.286
-0.385
-0.229
-0.492
-0.719
-0.431
-0.463
-0.206
-0.25
-0.2
-0.193
-0.01
0.111
0.206
0.166
0.165
0.155
0.265
0.225
0.271
0.307
0.1
0.114
0.189
0.236
0.295
0.316
0.319
0.375
0.384
0.279
0.216
-0.052
-0.234
-0.344
-0.419
-0.624
-0.672
-0.948
-1.018
-1.086
-1.184
-1.315
-1.015
-0.719
-0.662
-0.542
-0.511
-0.504
-0.393
-0.331
-0.489
-0.614
-0.471
-0.666
-0.501
-0.261
-0.228
-0.061
-0.018
0.075
0.205
0.194
0.236
0.099
0.331
0.244
0.328
0.292
0.174
0.255
0.203
-0.094
-0.151
-0.224
-0.254
-0.212
-0.281
-0.109
-0.075
-0.092
-0.007
0.026
0.024
-0.015
0.01
-0.049
0.04
-0.076
-0.219
-0.266
-0.535
-0.771
-0.894
-1.006
-0.966
-0.799
-0.924
-0.88
-0.771
-0.755
-0.912
-0.838
-1.164
-1.129
-1.159
-1.119
-0.958
-0.863
-0.873
-0.677
-0.611
-0.591
-0.608
-0.479
-0.36
-0.279
-0.256
0.02
0.077
0.323
0.159
0.292
0.434
0.276
0.244
0.234
0.339
0.209
0.091
-0.041
-0.152
-0.128
-0.143
-0.13
-0.101
0.14
0.173
0.211
0.098
0.12
0.022
-0.188
0.021
-0.174
-0.103
0.101
-0.084
-0.139
-0.16
-0.166
-0.459
-0.399
-0.505
-0.564
-0.605
-0.738
-0.72
-0.844
-0.68
-0.562
-0.503
-0.38
-0.294
-0.325
-0.176
-0.247
-0.286
-0.271
-0.247
-0.045
0.118
0.211
0.338
0.479
0.394
0.636
0.728
0.985
1.002
1.018
1.008
0.996
1.191
1.186
1.248
1.361
1.381
1.617
1.514
1.669
1.666
1.776
1.704
1.63
1.566
1.375
1.19
1.001
0.949
0.905
0.709
0.715
0.519
0.399
0.413
0.295
0.256
0.079
-0.046
-0.005
-0.048
-0.251
-0.111
-0.274
-0.244
-0.199
-0.275
-0.035
-0.215
-0.226
-0.255
-0.25
-0.275
-0.36
-0.461
-0.508
-0.565
-0.542
-0.526
-0.532
-0.417
-0.574
-0.578
-0.481
-0.536
-0.639
-0.715
-0.763
-0.775
-0.784
-0.826
-0.801
-1.119
-1.34
-1.176
-1.299
-1.46
-1.439
-1.404
-1.324
-1.51
-1.23
-1.0
-1.123
-0.907
-0.941
-0.82
-0.796
-0.72
-0.6
-0.45
-0.48
-0.57
-0.263
-0.177
-0.164
-0.098
-0.07
0.095
0.28
0.439
0.385
0.494
0.626
0.836
1.073
1.183
1.218
1.264
1.425
1.482
1.46
1.518
1.478
1.751
1.794
1.824
1.728
1.764
1.615
1.79
1.659
1.744
1.641
1.565
1.625
1.387
1.231
1.228
1.089
0.978
1.123
0.916
1.012
0.954
0.958
0.745
0.688
0.529
0.354
0.369
0.233
0.138
-0.14
-0.164
-0.245
-0.421
-0.348
-0.296
-0.221
-0.214
-0.219
-0.266
-0.254
-0.184
-0.164
0.013
-0.016
-0.079
-0.215
-0.061
-0.138
-0.01
-0.065
0.033
0.12
0.12
0.129
0.176
0.383
0.372
0.196
0.039
0.21
0.235
0.107
-0.095
-0.03
-0.013
-0.091
-0.205
-0.195
-0.302
-0.369
-0.421
-0.351
-0.278
-0.171
0.025
-0.029
0.026
-0.076
-0.061
0.099
0.074
0.165
0.075
0.066
0.145
0.234
0.375
0.135
0.125
0.11
-0.071
-0.086
-0.094
-0.125
-0.225
-0.106
0.076
0.104
0.19
0.08
0.089
-0.018
0.044
-0.044
-0.199
-0.279
-0.432
-0.508
-0.47
-0.489
-0.521
-0.61
-0.845
-0.69
-0.875
-0.731
-0.764
-0.716
-0.849
-0.829
-0.756
-0.634
-0.473
-0.395
-0.564
-0.343
-0.405
-0.304
-0.306
-0.292
-0.121
-0.301
-0.2
-0.3
-0.398
-0.43
-0.291
-0.156
0.013
-0.007
-0.021
0.215
0.258
0.399
0.509
0.506
0.439
0.285
0.328
0.208
0.29
0.255
0.345
0.278
0.116
0.054
0.039
-0.085
-0.225
-0.384
-0.561
-0.652
-0.905
-1.143
-1.203
-1.151
-1.234
-1.206
-1.321
-1.396
-1.531
-1.51
-1.468
-1.472
-1.265
-1.238
-1.064
-1.018
-0.804
-0.549
-0.492
-0.371
-0.336
-0.066
-0.091
0.115
0.182
0.115
0.154
0.144
0.354
0.323
0.469
0.489
0.506
0.524
0.495
0.555
0.571
0.664
0.714
0.743
0.425
0.414
0.624
0.682
0.998
0.91
1.035
0.939
0.849
0.826
0.802
0.594
0.516
0.366
0.45
0.48
0.062
-0.163
-0.154
-0.124
-0.205
-0.116
-0.066
0.083
0.175
0.133
0.341
0.275
0.159
0.292
0.545
0.626
0.755
0.675
0.92
0.724
0.812
0.776
0.634
0.714
0.608
0.787
0.694
0.672
0.49
0.455
0.273
0.221
0.212
0.089
-0.022
-0.037
-0.211
-0.241
-0.203
-0.217
-0.154
-0.208
-0.173
-0.051
-0.064
-0.072
-0.211
0.037
-0.151
-0.193
-0.281
-0.3
-0.385
-0.343
-0.211
-0.043
-0.083
-0.289
-0.505
-0.514
-0.542
-0.619
-0.438
-0.325
-0.46
-0.292
-0.276
-0.224
-0.164
-0.194
-0.104
-0.206
-0.182
-0.381
-0.365
-0.524
-0.36
-0.391
-0.228
-0.343
-0.576
-0.713
-0.766
-0.66
-0.729
-0.466
-0.398
-0.393
-0.329
-0.444
-0.186
-0.21
-0.239
-0.129
0.026
-0.034
-0.1
0.122
0.094
0.08
-0.05
-0.007
0.016
0.415
0.425
0.494
0.631
0.58
0.599
0.586
0.735
0.686
0.698
0.846
0.998
1.239
1.314
1.306
1.514
1.375
1.468
1.436
1.397
1.088
1.246
1.189
1.373
1.234
1.16
1.061
0.946
1.016
1.066
1.056
0.893
0.878
0.906
0.897
0.878
0.743
0.674
0.618
0.527
0.503
0.335
0.24
0.219
0.319
0.15
0.171
0.084
-0.158
-0.265
-0.199
-0.37
-0.532
-0.66
-0.621
-0.63
-0.824
-0.84
-0.838
-0.714
-0.792
-0.625
-0.606
-0.469
-0.33
-0.403
-0.431
-0.511
-0.359
-0.52
-0.357
-0.352
-0.2
-0.13
-0.171
0.013
0.072
0.333
0.379
0.549
0.82
0.801
0.883
0.865
0.893
0.864
0.916
0.895
0.888
0.836
0.615
0.458
0.311
0.231
0.149
0.084
0.268
0.033
-0.021
0.081
0.094
0.05
0.043
0.151
0.176
0.244
0.103
0.129
0.364
0.278
0.224
0.028
0.168
0.004
-0.152
-0.088
-0.083
0.041
-0.003
0.118
-0.059
0.079
-0.088
-0.163
-0.194
-0.254
-0.28
-0.365
-0.17
-0.343
-0.307
-0.339
-0.266
-0.3
-0.29
-0.28
-0.215
-0.02
-0.071
-0.08
0.021
-0.088
-0.096
0.136
0.006
-0.154
-0.154
-0.305
-0.155
-0.133
-0.15
-0.208
-0.191
-0.331
-0.211
-0.106
-0.03
-0.022
0.113
0.071
0.064
0.141
0.03
0.27
0.261
0.42
0.226
0.158
0.206
0.136
0.359
0.343
0.398
0.35
0.271
0.306
0.206
0.354
0.41
0.38
0.362
0.436
0.324
0.478
0.345
0.481
0.421
0.469
0.304
0.292
0.274
0.046
-0.046
-0.026
-0.171
-0.341
-0.186
-0.645
-0.624
-0.779
-0.864
-1.042
-1.012
-1.166
-1.314
-1.482
-1.504
-1.435
-1.231
-1.268
-1.166
-1.144
-1.216
-1.135
-1.056
-0.935
-0.764
-0.728
-0.686
-0.714
-0.425
-0.364
-0.318
-0.223
-0.2
-0.133
-0.083
0.061
0.035
0.029
0.233
0.194
0.026
0.168
0.161
0.331
0.261
0.225
0.422
0.56
0.372
0.396
0.319
0.432
0.196
0.04
-0.014
-0.164
-0.043
-0.062
-0.125
-0.095
-0.003
0.099
0.122
0.14
0.171
0.169
0.07
0.125
0.061
-0.001
0.12
0.224
0.441
0.47
0.511
0.642
0.6
0.554
0.383
0.349
0.323
0.379
0.414
0.374
0.301
0.275
0.198
0.061
-0.152
-0.263
-0.365
-0.371
-0.516
-0.564
-0.753
-0.846
-0.664
-0.626
-0.74
-0.795
-0.828
-0.819
-0.662
-0.739
-0.515
-0.763
-0.784
-0.599
-0.631
-0.43
-0.473
-0.306
-0.16
-0.18
0.076
0.138
0.281
0.273
0.271
0.421
0.432
0.729
0.71
0.797
0.971
1.041
0.966
0.911
1.079
1.121
1.069
1.116
1.127
1.181
1.126
1.069
0.939
0.851
0.84
0.782
0.839
0.881
0.775
0.721
0.753
0.946
0.754
0.724
0.676
0.508
0.335
0.184
0.256
0.081
0.24
0.024
-0.109
-0.193
-0.191
-0.182
-0.242
-0.164
-0.139
-0.229
-0.125
-0.062
-0.048
-0.029
-0.133
-0.203
-0.239
-0.338
-0.319
-0.559
-0.508
-0.7
-0.726
-0.8
-0.922
-0.816
-0.715
-0.61
-0.628
-0.802
-0.905
-0.855
-0.9
-0.895
-0.829
-0.753
-0.62
-0.48
-0.321
-0.229
-0.147
-0.189
0.033
0.121
0.234
0.205
0.216
0.156
-0.036
-0.17
0.077
-0.219
-0.146
-0.263
-0.414
-0.304
-0.354
-0.266
-0.297
-0.348
-0.338
-0.278
-0.291
-0.292
-0.251
-0.224
-0.378
-0.302
-0.268
-0.128
-0.115
0.055
-0.005
-0.007
-0.075
-0.015
-0.079
-0.143
-0.173
-0.194
-0.173
-0.076
-0.212
-0.191
-0.419
-0.406
-0.399
-0.409
-0.381
-0.441
-0.415
-0.45
-0.6
-0.608
-0.631
-0.534
-0.61
-0.554
-0.546
-0.508
-0.39
-0.461
-0.309
-0.239
-0.133
0.025
0.083
0.094
0.16
0.054
0.205
0.251
0.229
0.196
0.219
0.124
0.19
0.2
0.305
0.266
0.22
0.161
0.231
0.314
0.159
0.221
0.14
0.185
0.147
0.096
0.126
0.138
0.297
0.23
0.395
0.35
0.369
0.263
0.389
0.492
0.331
0.393
0.224
0.378
0.233
0.176
0.179
0.19
0.15
-0.076
0.089
-0.051
0.051
0.031
-0.114
-0.049
-0.138
-0.128
0.041
-0.066
-0.092
-0.17
-0.129
-0.09
-0.056
-0.12
-0.004
0.095
0.221
0.169
0.098
0.185
0.22
0.088
0.01
0.059
0.098
0.238
0.484
0.271
0.361
0.295
0.39
0.573
0.671
0.569
0.624
0.655
0.584
0.723
0.603
0.404
0.375
0.289
0.195
0.151
-0.011
0.007
0.022
-0.13
-0.13
-0.211
-0.149
-0.046
-0.046
-0.003
-0.246
-0.284
-0.427
-0.501
-0.408
-0.511
-0.471
-0.231
-0.249
-0.085
0.044
0.028
-0.018
0.069
0.122
0.001
0.104
-0.095
-0.139
-0.041
0.014
-0.08
0.009
0.034
0.193
0.245
0.531
0.49
0.484
0.44
0.385
0.323
0.281
0.27
0.328
0.284
0.166
0.234
0.136
0.181
-0.019
-0.074
-0.177
-0.131
-0.079
-0.26
-0.348
-0.398
-0.334
-0.414
-0.254
-0.106
-0.06
0.044
0.15
0.443
0.299
0.496
0.41
0.55
0.596
0.506
0.611
0.701
0.794
0.75
0.834
0.935
0.856
0.915
0.828
0.664
0.774
0.669
0.75
0.733
0.79
0.72
0.652
0.686
0.514
0.541
0.503
0.416
0.323
0.143
0.149
-0.048
-0.062
-0.215
-0.264
-0.388
-0.376
-0.32
-0.147
-0.464
-0.335
-0.3
-0.372
-0.376
-0.339
-0.443
-0.479
-0.426
-0.441
-0.445
-0.364
-0.39
-0.549
-0.536
-0.589
-0.475
-0.405
-0.591
-0.63
-0.628
-0.631
-0.672
-0.618
-0.443
-0.45
-0.451
-0.508
-0.517
-0.492
-0.532
-0.42
-0.379
-0.35
-0.35
-0.304
-0.246
-0.409
-0.453
-0.434
-0.275
-0.174
0.054
0.098
0.16
0.194
0.279
0.211
0.029
0.306
0.276
0.435
0.421
0.53
0.391
0.611
0.604
0.662
0.78
0.789
0.979
0.914
1.048
1.058
1.002
1.073
0.963
0.909
0.807
0.641
0.524
0.689
0.41
0.671
0.688
0.728
0.718
0.802
0.944
0.869
0.861
0.955
1.065
0.998
0.83
0.806
0.802
0.695
0.515
0.662
0.601
0.55
0.594
0.715
0.819
0.755
0.755
0.61
0.435
0.446
0.255
0.292
0.236
-0.077
-0.206
-0.405
-0.679
-0.633
-0.743
-0.8
-0.75
-0.79
-0.824
-1.04
-0.984
-0.964
-0.948
-0.927
-0.98
-0.98
-0.871
-0.846
-0.895
-0.726
-0.598
-0.324
-0.43
-0.551
-0.435
-0.417
-0.419
-0.589
-0.519
-0.674
-0.546
-0.568
-0.586
-0.541
-0.443
-0.278
-0.349
-0.304
-0.41
-0.367
-0.499
-0.49
-0.542
-0.378
-0.225
0.024
-0.1
-0.028
0.098
0.173
0.283
0.497
0.61
0.575
0.608
0.618
0.804
0.759
0.649
0.544
0.569
0.557
0.581
0.565
0.594
0.516
0.405
0.618
0.328
0.201
0.294
0.296
0.335
0.275
0.116
0.054
0.235
-0.02
-0.031
-0.122
-0.13
-0.115
-0.129
-0.12
-0.206
-0.174
-0.195
-0.217
-0.195
-0.196
-0.258
-0.174
-0.259
-0.36
-0.532
-0.291
-0.408
-0.403
-0.403
-0.535
-0.605
-0.666
-0.771
-0.791
-0.701
-0.83
-0.556
-0.508
-0.374
-0.345
-0.309
-0.239
-0.31
-0.333
-0.352
-0.323
-0.311
-0.17
-0.107
-0.071
-0.121
-0.165
-0.13
0.039
0.1
0.128
0.306
0.273
0.307
0.236
0.263
0.386
0.316
0.335
0.145
0.158
0.268
0.186
0.147
-0.072
-0.228
-0.134
-0.856
-0.028
-0.121
-0.029
-0.194
-0.307
-0.258
-0.23
-0.275
0.134
0.051
-0.016
-0.005
0.021
0.056
0.15
0.059
0.152
0.166
0.092
0.173
0.223
0.211
0.158
0.107
0.138
0.096
0.074
-0.074
-0.018
0.03
-0.1
0.036
-0.138
-0.055
-0.163
-0.171
-0.01
-0.03
0.031
0.125
0.182
0.228
0.026
0.039
0.046
-0.025
-0.015
-0.103
-0.12
-0.174
-0.198
-0.209
-0.116
-0.299
-0.268
-0.403
-0.354
-0.235
-0.234
-0.223
-0.133
0.019
0.056
0.24
0.32
0.194
0.19
0.292
0.372
0.58
0.398
0.417
0.362
0.158
0.103
0.159
0.141
0.133
-0.076
0.039
-0.029
0.007
-0.059
-0.147
-0.206
-0.258
-0.155
-0.247
-0.176
-0.121
-0.205
-0.121
-0.14
-0.024
-0.107
0.139
0.028
-0.049
0.259
0.177
0.186
0.035
0.336
0.118
0.301
0.486
0.404
0.64
0.588
0.754
0.611
0.593
0.655
0.6
0.604
0.606
0.759
0.751
0.665
0.72
0.579
0.699
0.676
0.638
0.785
0.869
0.665
0.72
0.758
0.716
0.705
0.705
0.611
0.47
0.512
0.556
0.487
0.396
0.309
0.394
0.238
0.336
0.41
0.321
0.268
0.299
0.193
0.163
0.052
-0.048
-0.064
-0.064
-0.083
-0.221
-0.18
-0.365
-0.304
-0.393
-0.465
-0.404
-0.443
-0.375
-0.461
-0.426
-0.37
-0.522
-0.482
-0.463
-0.444
-0.307
-0.246
-0.355
-0.32
-0.307
-0.449
-0.271
-0.297
-0.254
-0.389
-0.239
-0.283
-0.479
-0.53
-0.432
-0.325
-0.395
-0.367
-0.403
-0.422
-0.281
-0.341
-0.359
-0.391
-0.361
-0.323
-0.461
-0.405
-0.419
-0.505
-0.448
-0.519
-0.56
-0.41
-0.639
-0.608
-0.64
-0.439
-0.32
-0.369
-0.253
-0.361
-0.24
-0.134
-0.188
-0.006
0.003
0.064
0.01
0.147
0.234
0.307
0.399
0.331
0.338
0.29
0.234
0.276
0.193
0.41
0.362
0.422
0.461
0.438
0.455
0.593
0.454
0.484
0.497
0.5
0.438
0.299
0.366
0.474
0.555
0.421
0.391
0.464
0.409
0.514
0.594
0.545
0.443
0.608
0.366
0.319
0.219
0.259
0.18
0.156
0.114
0.143
0.001
-0.025
0.02
-0.058
0.028
-0.009
0.055
0.055
0.058
-0.066
-0.098
-0.103
-0.125
-0.081
-0.198
-0.14
-0.17
-0.205
-0.205
-0.236
-0.118
-0.229
-0.181
-0.1
-0.138
-0.069
-0.024
0.076
0.052
0.106
0.12
0.173
0.217
0.18
0.149
0.19
0.195
0.203
0.233
0.225
0.151
0.366
-0.124
0.292
0.343
0.36
0.451
0.473
0.585
0.605
0.591
0.458
0.496
0.439
0.46
0.445
0.432
0.425
0.354
0.285
0.271
0.184
0.136
0.118
0.015
0.014
0.104
0.026
-0.015
0.085
0.014
0.0
-0.075
0.003
0.001
0.003
0.055
-0.005
0.009
-0.115
0.458
0.021
-0.001
