-0.247
-0.203
-0.22
-0.451
-0.547
-0.274
-0.505
-0.499
-0.819
-0.449
-0.716
-0.639
-0.73
-0.698
-0.575
-0.335
-0.161
-0.111
-0.182
-0.23
-0.285
-0.318
-0.456
-0.581
-0.522
-0.409
-0.239
-0.13
0.175
0.357
0.349
0.49
0.389
0.661
0.603
0.844
0.983
1.164
1.246
1.089
1.184
0.978
0.804
0.609
0.485
0.638
0.69
0.509
0.465
0.408
0.378
0.446
0.24
0.021
-0.101
-0.315
-0.258
-0.256
-0.241
-0.044
-0.336
-0.161
-0.329
-0.454
-0.37
-0.309
-0.279
-0.325
-0.348
-0.486
-0.6
-0.527
-0.505
-0.474
-0.395
-0.266
-0.088
0.13
-0.026
-0.029
0.2
0.065
0.234
0.166
-0.061
0.101
0.039
-0.044
0.221
0.196
0.321
0.335
0.289
0.46
0.484
0.393
0.234
0.357
0.149
0.058
0.106
-0.007
-0.022
0.034
-0.064
-0.092
-0.281
-0.384
-0.484
-0.544
-0.787
-0.823
-1.005
-1.097
-1.173
-1.188
-1.31
-1.466
-1.369
-1.328
-1.175
-1.211
-1.248
-1.145
-1.035
-0.976
-0.787
-0.824
-0.741
-0.728
-0.482
-0.539
-0.465
-0.264
-0.258
-0.018
-0.095
-0.119
-0.22
-0.106
0.037
-0.025
-0.151
-0.09
-0.122
0.085
0.07
0.12
0.121
0.009
-0.024
0.25
0.365
0.391
0.652
0.792
0.768
0.816
0.628
0.75
0.504
0.345
0.355
0.39
0.375
0.723
0.851
1.04
0.916
0.881
1.039
1.061
1.014
1.219
1.299
1.286
1.106
1.096
0.853
0.874
0.925
0.988
1.242
1.541
1.518
1.465
1.502
1.099
0.838
0.549
0.63
0.755
0.936
1.024
0.794
0.39
0.009
-0.21
-0.061
0.003
0.161
0.315
0.109
-0.061
-0.254
-0.286
-0.508
-0.468
-0.396
-0.281
-0.422
-0.409
-0.371
-0.41
-0.625
-0.782
-1.0
-1.121
-0.973
-1.193
-1.33
-1.26
-1.302
-1.404
-1.5
-1.386
-1.42
-1.407
-1.13
-1.093
-1.232
-1.179
-1.106
-0.986
-0.881
-0.745
-0.598
-0.443
-0.52
-0.465
-0.489
-0.411
-0.44
-0.411
-0.249
-0.273
-0.286
-0.255
-0.531
-0.52
-0.537
-0.453
-0.448
-0.307
-0.191
-0.129
-0.191
-0.138
0.029
0.2
0.088
0.051
-0.11
0.045
-0.001
0.107
0.216
-0.009
0.089
0.037
0.014
0.182
0.301
0.441
0.413
0.381
0.399
0.311
0.114
-0.046
0.088
-0.049
-0.14
-0.09
-0.466
-0.516
-0.536
-0.491
-0.445
-0.28
-0.355
-0.492
-0.451
-0.461
-0.512
-0.519
-0.509
-0.366
-0.283
-0.193
-0.128
-0.212
-0.25
-0.129
-0.019
0.229
0.362
0.439
0.468
0.485
0.094
0.186
0.21
0.413
0.495
0.626
1.123
1.085
1.219
0.976
1.049
0.888
0.64
0.688
0.856
0.995
1.143
1.459
1.415
1.225
1.374
1.478
1.508
1.643
2.016
1.996
2.01
2.14
1.775
1.639
1.346
1.379
1.255
1.528
1.51
1.555
1.51
1.441
1.232
1.117
0.943
0.939
0.794
0.75
0.785
0.661
0.495
0.391
0.405
0.514
0.333
0.154
-0.003
-0.069
-0.103
-0.003
-0.003
-0.174
-0.302
-0.509
-0.527
-0.519
-0.557
-0.626
-0.68
-0.921
-0.986
-0.983
-0.925
-0.841
-0.715
-0.573
-0.469
-0.361
-0.241
-0.121
-0.135
-0.149
-0.133
-0.181
-0.121
-0.021
-0.195
-0.285
-0.166
-0.27
-0.056
-0.456
-0.556
-0.551
-0.55
-0.546
-0.67
-0.706
-0.759
-0.709
-0.664
-0.685
-0.846
-0.703
-0.946
-0.915
-0.883
-0.932
-0.895
-0.861
-0.848
-0.888
-0.736
-0.677
-0.583
-0.57
-0.283
-0.336
-0.378
-0.544
-0.92
-0.889
-0.787
-0.719
-0.77
-0.644
-0.725
-0.645
-0.614
-0.897
-0.505
-0.469
-0.27
-0.071
-0.004
0.215
0.055
-0.103
-0.163
-0.181
-0.081
-0.071
0.154
0.203
0.531
0.581
0.46
0.489
0.791
0.863
0.986
0.881
0.925
1.109
1.056
1.194
1.204
1.056
1.044
0.811
0.819
0.728
0.902
0.86
0.9
1.062
1.019
0.975
0.615
0.585
0.588
0.432
0.4
0.425
0.38
0.489
0.529
0.403
0.431
0.357
0.271
0.333
0.235
0.075
0.052
-0.119
-0.096
0.059
0.356
0.503
0.514
0.266
0.264
0.092
-0.186
-0.069
-0.113
-0.119
-0.113
-0.253
-0.12
0.089
0.203
0.376
0.396
0.506
0.291
0.436
0.389
0.265
0.229
0.323
0.182
0.119
-0.019
0.051
0.081
-0.033
-0.024
-0.198
0.083
0.048
0.095
0.215
0.229
0.365
0.091
0.211
0.1
-0.225
-0.236
-0.31
-0.352
-0.481
-0.595
-0.614
-0.57
-0.662
-0.499
-0.593
-0.531
-0.334
-0.486
-0.348
-0.198
-0.255
-0.29
-0.399
-0.351
-0.349
-0.388
-0.635
-0.695
-0.419
-0.566
-0.366
-0.364
-0.449
-0.458
-0.555
-0.496
-0.644
-0.413
-0.176
-0.007
-0.011
0.079
-0.011
-0.037
-0.109
-0.114
-0.095
-0.304
-0.265
-0.128
-0.12
-0.122
-0.141
-0.041
0.009
-0.045
-0.211
-0.209
-0.08
-0.01
0.007
0.051
0.07
0.081
0.029
-0.024
0.224
0.23
0.264
0.265
0.209
0.289
0.251
-0.025
-0.051
-0.334
-0.491
-0.55
-0.453
-0.695
-0.728
-0.682
-0.843
-1.002
-1.099
-0.936
-0.843
-0.954
-0.873
-1.054
-0.917
-0.95
-1.022
-0.969
-0.922
-0.804
-0.761
-0.54
-0.475
-0.391
-0.354
-0.141
-0.131
-0.114
-0.001
-0.103
0.149
0.226
0.121
0.164
0.171
0.029
-0.105
-0.088
0.066
0.134
0.346
0.41
0.534
0.247
0.254
0.118
-0.041
0.104
0.328
0.238
0.359
0.244
0.456
0.378
0.672
0.736
0.566
0.746
0.624
0.675
0.492
0.386
0.549
0.486
0.43
0.505
0.385
0.354
0.356
0.195
-0.013
-0.208
-0.199
-0.191
-0.279
-0.395
-0.386
-0.228
-0.331
-0.259
-0.312
-0.285
-0.256
-0.319
-0.32
-0.266
-0.168
0.076
0.095
0.113
0.229
0.584
0.741
0.853
0.966
0.87
0.81
0.738
0.754
0.75
0.989
0.787
1.155
0.677
0.786
0.67
0.6
0.811
0.823
0.815
0.844
0.828
0.791
0.859
0.975
0.763
0.7
0.63
0.671
0.525
0.273
0.113
0.056
-0.07
-0.16
-0.195
-0.321
-0.154
-0.106
-0.155
0.013
-0.21
-0.185
-0.223
-0.389
-0.274
-0.416
-0.391
-0.324
-0.259
-0.159
-0.246
-0.233
-0.191
-0.323
-0.269
-0.253
-0.064
0.139
0.245
0.302
-0.122
0.014
-0.255
-0.134
-0.3
-0.18
-0.147
-0.13
-0.359
-0.242
-0.669
-0.515
-0.826
-0.839
-0.819
-0.766
-0.519
-0.806
-0.541
-0.768
-0.821
-0.724
-0.62
-0.695
-0.664
-0.664
-0.814
-0.809
-0.771
-0.966
-1.208
-1.149
-1.155
-1.149
-1.144
-1.071
-0.874
-1.035
-0.807
-0.974
-0.846
-0.891
-0.945
-0.78
-0.9
-0.984
-1.059
-0.961
-0.998
-0.855
-0.812
-0.367
-0.41
-0.33
-0.334
-0.177
-0.21
0.005
-0.034
0.049
0.085
0.077
0.101
0.3
0.464
0.669
0.571
0.703
0.625
0.765
0.699
0.966
0.792
0.638
0.41
0.37
0.679
0.611
0.454
0.564
0.422
0.626
0.399
0.475
0.566
0.529
0.756
0.7
0.67
0.381
0.122
0.084
0.046
-0.009
0.037
-0.104
-0.054
0.125
0.13
0.302
0.529
0.829
0.71
0.876
0.858
0.665
0.331
0.268
0.285
0.212
0.133
0.435
0.565
0.378
0.388
0.133
0.152
0.173
0.064
-0.039
-0.238
-0.173
-0.02
-0.018
0.144
0.241
0.264
0.31
0.101
-0.005
-0.166
-0.007
0.086
0.025
0.176
0.186
0.061
-0.054
-0.062
0.03
0.019
0.056
0.234
0.279
0.268
0.259
0.052
-0.107
-0.208
-0.495
-0.749
-0.659
-0.775
-0.713
-0.714
-0.672
-0.46
-0.311
-0.219
-0.143
0.098
0.118
0.02
-0.062
-0.029
-0.188
0.014
0.131
0.438
0.629
0.674
0.779
0.789
1.01
1.005
1.036
1.336
1.295
1.238
1.25
1.029
1.038
0.993
0.818
0.843
0.841
0.881
0.836
0.855
0.848
0.846
0.761
0.724
0.504
0.515
0.31
0.201
0.101
-0.159
-0.094
-0.385
-0.394
-0.652
-0.646
-0.601
-0.568
-0.641
-0.769
-0.7
-0.728
-0.715
-0.749
-0.578
-0.629
-0.679
-0.694
-0.589
-0.39
-0.231
-0.126
0.035
-0.094
-0.026
-0.131
-0.13
0.076
0.18
0.318
0.469
0.589
0.536
0.464
0.438
0.676
0.649
0.731
0.66
0.481
0.23
0.177
0.133
0.331
0.323
0.345
0.161
0.159
0.116
0.285
0.193
0.179
0.439
0.362
0.089
-0.058
-0.149
-0.545
-0.699
-0.738
-0.924
-0.869
-0.756
-0.657
-0.791
-0.759
-0.625
-0.709
-0.677
-0.628
-0.695
-0.791
-0.69
-0.741
-0.896
-0.865
-0.854
-0.895
-0.765
-0.765
-0.514
-0.561
-0.494
-0.603
-0.606
-0.497
-0.395
-0.487
-0.304
-0.321
-0.381
-0.411
-0.395
-0.319
-0.288
-0.255
-0.259
-0.311
-0.18
-0.09
-0.194
-0.114
-0.177
-0.239
-0.309
-0.301
-0.259
-0.346
-0.503
-0.593
-0.77
-0.651
-0.414
-0.515
-0.403
-0.381
-0.291
-0.326
-0.469
-0.281
-0.36
-0.184
-0.351
-0.08
-0.045
-0.128
0.201
0.071
0.165
0.318
0.225
0.242
0.081
0.104
0.203
0.278
0.191
0.258
0.135
0.076
0.163
0.04
0.128
0.161
0.211
0.128
0.182
-0.061
-0.065
0.005
-0.059
-0.208
-0.302
-0.318
-0.6
-0.603
-0.676
-0.746
-0.738
-0.534
-0.463
-0.536
-0.574
-0.482
-0.385
-0.201
-0.217
-0.131
-0.111
0.059
0.173
0.362
0.349
0.17
-0.033
-0.209
-0.198
-0.107
-0.111
-0.054
0.029
0.072
0.059
0.069
0.159
0.066
0.225
0.166
0.289
0.335
0.341
0.48
0.432
0.312
0.211
0.09
0.309
0.333
0.723
0.854
0.956
0.978
0.888
0.807
0.731
0.738
0.672
0.758
0.791
0.927
0.809
0.796
0.8
0.519
0.856
0.881
1.131
1.2
1.239
1.145
0.998
0.897
0.569
0.532
0.453
0.126
0.238
0.146
0.247
0.307
0.066
-0.048
0.091
0.011
-0.028
0.034
0.09
0.083
-0.049
-0.24
-0.482
-0.672
-0.781
-0.72
-0.525
-0.443
-0.569
-0.449
-0.305
-0.208
-0.107
-0.02
0.011
0.228
-0.083
-0.411
-0.744
-0.718
-0.589
-0.503
-0.404
-0.343
-0.398
-0.436
-0.294
-0.109
-0.264
-0.598
-0.591
-0.598
-0.541
-0.505
-0.372
-0.268
-0.151
-0.182
-0.088
-0.094
-0.105
0.121
0.256
0.271
0.224
0.406
0.495
0.37
0.618
0.818
0.84
0.919
0.835
0.789
0.739
0.626
0.362
0.3
0.357
0.234
0.326
0.24
0.249
0.273
0.04
0.2
-0.074
0.095
0.205
0.39
0.468
0.422
0.37
0.221
0.164
0.269
0.188
-0.011
-0.051
-0.077
-0.105
-0.173
-0.427
-0.413
-0.244
-0.059
0.043
0.139
0.241
0.205
0.043
-0.003
-0.217
-0.514
-0.444
-0.657
-0.511
-0.557
-0.306
-0.154
0.064
0.009
0.098
0.158
0.354
0.125
-0.03
-0.062
-0.058
0.096
0.163
0.221
0.251
0.289
0.295
0.459
0.043
0.128
0.438
0.61
0.733
0.731
0.624
0.324
-0.036
-0.395
-0.061
0.13
0.249
0.495
0.588
0.835
0.708
0.642
0.541
0.149
0.188
0.238
0.41
0.435
0.454
0.479
0.256
0.049
-0.022
0.221
0.362
0.338
0.302
0.081
0.096
0.031
-0.113
-0.307
-0.206
-0.177
-0.02
0.006
0.034
0.019
0.135
0.056
0.004
0.113
0.09
0.263
0.076
0.119
0.098
-0.021
-0.026
-0.045
0.031
0.11
0.193
0.131
0.033
-0.249
-0.346
-0.018
-0.03
-0.15
-0.046
-0.174
-0.144
-0.246
-0.229
-0.664
-0.236
-0.23
-0.182
-0.139
-0.088
-0.118
0.035
0.122
0.096
0.163
0.415
0.312
0.601
0.546
0.583
0.491
0.733
0.559
0.561
0.734
0.738
0.656
0.445
0.312
0.163
-0.071
-0.348
-0.019
-0.514
-0.495
-0.664
-0.691
-0.961
-1.258
-1.219
-1.264
-1.135
-1.155
-1.089
-0.998
-1.105
-1.085
-1.028
-0.831
-0.795
-0.821
-0.575
-0.564
-0.681
-0.631
-0.438
-0.366
-0.18
-0.009
0.339
0.458
0.562
0.671
0.524
0.376
0.501
0.471
0.473
0.417
0.651
0.524
0.646
0.738
0.519
0.503
0.46
0.711
0.501
0.74
0.854
0.965
0.885
0.818
0.514
0.354
0.206
0.149
0.031
0.066
0.139
0.118
0.216
0.275
0.444
0.427
0.374
0.541
0.524
0.655
0.78
0.735
0.804
0.836
0.759
0.728
0.89
0.863
0.969
0.897
1.005
1.161
1.241
1.201
1.229
1.034
0.885
1.021
0.805
0.547
0.623
0.615
0.525
0.439
0.17
0.054
-0.161
-0.279
-0.281
-0.223
-0.408
-0.56
-0.608
-0.634
-0.841
-0.895
-0.943
-0.96
-0.974
-1.04
-1.12
-1.188
-1.052
-1.016
-0.868
-0.75
-0.7
-0.517
-0.535
-0.59
-0.585
-0.4
-0.143
0.11
0.125
0.273
0.266
0.269
0.38
0.411
0.444
0.564
0.552
0.576
0.499
0.459
0.264
0.444
0.302
0.28
0.168
0.304
0.238
0.306
0.281
0.306
0.1
0.043
0.074
0.094
0.163
0.065
0.009
0.288
0.037
0.121
0.326
0.516
0.504
0.733
0.731
0.603
0.781
0.777
0.61
0.759
0.685
0.729
0.625
0.657
0.556
0.338
0.295
0.031
-0.039
0.155
-0.011
-0.212
-0.366
-0.657
-0.801
-0.816
-0.807
-0.601
-0.618
-0.635
-0.624
-0.749
-1.105
-1.374
-1.29
-1.198
-1.134
-0.975
-0.826
-0.769
-1.019
-1.236
-1.151
-1.25
-1.012
-1.085
-0.802
-0.421
-0.755
-0.726
-0.659
-0.879
-0.991
-1.141
-1.143
-0.934
-0.981
-0.926
-0.993
-1.121
-1.085
-0.819
-0.893
-0.787
-0.434
-0.486
-0.088
-0.335
-0.445
-0.374
-0.389
-0.173
0.089
0.281
0.241
0.394
0.65
0.856
1.186
1.199
1.46
1.4
1.486
1.65
1.66
1.588
1.779
1.685
1.833
1.77
1.906
1.838
1.859
1.616
1.677
1.456
1.315
1.299
1.052
1.06
0.88
0.796
0.676
0.583
0.62
0.527
0.595
0.509
0.469
0.39
0.084
0.361
0.335
0.23
0.339
0.448
0.208
0.27
0.184
-0.124
-0.076
-0.113
0.065
-0.048
-0.235
-0.32
-0.245
-0.339
-0.166
-0.036
0.139
0.054
-0.092
-0.076
-0.02
0.048
0.186
0.17
0.253
0.113
-0.052
-0.043
-0.334
-0.398
-0.275
-0.42
-0.355
0.029
-0.18
-0.062
0.069
-0.085
-0.3
-0.362
-0.344
-0.408
-0.318
-0.406
-0.438
-0.264
-0.319
-0.33
-0.256
-0.516
-0.238
-0.258
-0.305
-0.278
-0.43
-0.231
-0.369
-0.283
-0.307
-0.208
-0.098
0.001
0.115
0.251
0.309
0.295
0.486
0.361
0.356
0.529
0.55
0.631
0.79
1.054
1.21
1.242
1.224
1.061
0.801
0.713
0.524
0.359
0.306
0.385
0.119
0.23
0.076
-0.16
-0.235
-0.318
-0.552
-0.321
-0.426
-0.279
-0.354
-0.334
-0.216
-0.098
-0.018
-0.056
-0.007
-0.019
0.122
0.268
0.274
0.165
0.109
0.144
0.077
0.084
0.114
0.283
0.239
0.188
0.427
0.495
0.449
0.667
0.604
0.519
0.326
0.326
0.53
0.49
0.438
0.396
0.451
0.556
0.688
0.585
0.485
0.38
0.212
0.404
0.138
0.121
0.077
0.062
0.08
0.046
0.118
-0.113
-0.02
-0.046
-0.235
-0.224
-0.338
-0.434
-0.599
-0.549
-0.626
-0.531
-0.46
-0.279
-0.228
-0.355
-0.251
-0.177
-0.113
0.03
0.003
0.028
-0.071
0.001
0.109
0.025
0.154
0.278
0.45
0.43
0.468
0.372
0.189
0.072
-0.144
-0.195
-0.158
-0.181
-0.315
-0.426
-0.494
-0.448
-0.594
-0.255
-0.416
-0.344
-0.191
-0.268
-0.508
-0.661
-0.741
-0.835
-0.811
-0.873
-1.036
-1.121
-1.048
-0.956
-0.811
-0.88
-0.709
-0.628
-0.654
-0.639
-0.756
-0.535
-0.421
-0.291
-0.11
-0.296
-0.49
-0.348
-0.174
-0.092
0.036
0.096
0.364
0.39
0.628
0.489
0.715
0.708
0.52
0.772
0.82
0.904
1.045
1.083
1.209
1.292
1.22
1.288
1.034
1.328
1.008
0.902
0.829
0.729
0.682
0.487
0.339
0.164
0.035
0.011
0.031
0.174
0.249
0.307
0.181
0.169
-0.245
-0.473
-0.286
-0.323
-0.316
-0.459
-0.395
-0.667
-0.672
-0.834
-0.703
-0.724
-0.703
-0.464
-0.606
-0.484
-0.501
-0.427
-0.599
-0.629
-0.768
-0.344
-0.438
-0.334
-0.245
-0.354
-0.223
-0.096
-0.043
0.098
0.05
-0.03
0.019
0.138
-0.191
-0.454
-0.333
-0.448
-0.378
-0.344
-0.461
-0.367
-0.395
-0.318
-0.417
-0.189
-0.004
0.065
-0.005
-0.026
0.029
-0.071
0.001
-0.015
0.092
0.14
0.254
0.214
0.251
0.35
0.312
0.328
0.419
0.242
0.331
0.443
0.47
0.631
0.706
0.639
0.588
0.657
0.703
0.914
1.05
1.211
1.326
1.42
1.229
1.111
1.022
1.109
0.829
1.036
0.932
0.812
0.75
0.845
0.741
0.609
0.557
0.576
0.544
0.436
0.565
0.544
0.675
0.405
0.181
0.12
0.13
0.459
0.525
0.482
0.238
0.185
0.096
-0.185
-0.176
-0.225
-0.253
-0.435
-0.633
-0.818
-1.204
-1.336
-1.248
-1.205
-1.123
-1.035
-0.921
-0.983
-1.062
-1.188
-1.335
-1.463
-1.741
-1.768
-1.716
-1.834
-1.879
-1.863
-1.826
-1.635
-1.711
-1.534
-1.454
-1.511
-1.39
-1.308
-1.196
-1.088
-1.16
-1.254
-1.407
-1.524
-1.373
-1.041
-0.823
-0.561
-0.411
-0.119
0.111
0.191
0.216
0.247
0.524
0.411
0.63
0.743
0.584
0.791
0.665
0.824
0.802
0.87
1.018
1.036
1.014
0.924
0.823
0.731
0.688
0.72
0.869
0.68
0.745
0.753
0.535
0.64
0.509
0.441
0.276
0.349
0.144
0.176
0.292
0.415
0.325
0.396
0.348
0.323
0.085
0.145
0.155
0.105
0.321
0.238
0.339
0.422
0.35
0.456
0.354
0.434
0.321
0.02
-0.138
-0.217
-0.119
-0.075
-0.004
0.039
0.01
0.09
0.106
0.474
0.588
0.4
0.506
0.559
0.415
0.239
-0.061
-0.301
-0.253
0.121
0.414
0.469
0.741
0.571
0.461
0.42
0.094
0.193
0.141
0.019
-0.03
-0.085
-0.138
0.064
0.154
0.211
0.15
0.07
0.19
0.163
0.584
0.731
0.686
0.796
0.963
1.155
0.976
0.983
0.733
0.728
0.634
0.825
0.916
0.861
1.114
1.136
1.315
1.042
1.024
0.87
0.86
0.77
0.599
0.465
0.405
0.224
0.256
0.155
0.208
0.181
0.177
0.134
0.046
-0.223
-0.124
-0.019
-0.2
-0.055
-0.297
-0.568
-0.715
-0.988
-0.889
-0.885
-0.754
-0.481
-0.469
-0.365
-0.369
-0.242
-0.381
-0.22
-0.484
-0.746
-0.585
-0.451
-0.474
-0.508
-0.284
-0.333
-0.119
0.075
-0.049
0.001
0.06
0.041
-0.094
-0.088
0.011
-0.126
-0.17
-0.28
-0.211
-0.215
-0.294
-0.263
-0.374
-0.406
-0.499
-0.46
-0.323
-0.234
-0.33
-0.118
-0.166
-0.022
-0.351
-0.325
-0.596
-0.56
-0.336
-0.198
-0.174
-0.253
-0.372
-0.492
-0.708
-0.63
-0.628
-0.775
-0.82
-0.948
-1.363
-1.484
-1.636
-1.476
-1.357
-1.315
-1.271
-1.312
-1.111
-1.146
-0.948
-0.858
-0.584
-0.417
-0.361
-0.348
-0.495
-0.821
-0.881
-0.718
-0.71
-0.504
-0.276
-0.04
-0.009
-0.164
-0.111
-0.052
0.196
0.234
0.39
0.569
0.655
0.601
0.828
0.797
0.691
0.751
0.974
1.068
1.244
1.265
1.409
1.309
1.316
1.096
1.153
1.326
1.157
1.157
0.96
0.912
0.835
0.774
0.73
0.755
0.729
0.815
0.74
1.064
1.115
0.995
0.889
0.795
0.68
0.631
0.716
0.945
0.718
0.671
0.672
0.539
0.33
0.314
0.44
0.593
0.685
0.574
0.35
0.393
0.354
0.406
0.393
0.296
0.474
0.468
0.245
0.169
-0.124
-0.321
-0.114
-0.216
-0.249
-0.154
-0.238
-0.264
-0.079
-0.076
0.024
-0.346
-0.091
-0.223
-0.215
-0.134
-0.13
-0.211
-0.04
-0.036
0.046
0.27
0.372
0.216
0.154
0.236
0.334
0.333
0.471
0.439
0.393
0.438
0.419
0.473
0.584
0.525
0.669
0.785
0.769
0.609
0.46
0.311
0.224
0.244
0.159
0.266
0.304
0.588
0.529
0.297
0.448
0.284
0.304
0.16
0.089
0.152
0.179
0.196
0.135
0.12
0.231
0.249
-0.005
0.116
0.13
0.29
0.286
0.23
0.138
0.096
0.119
0.056
0.052
0.121
0.186
0.296
0.356
0.138
0.056
0.022
-0.043
-0.113
-0.02
-0.08
-0.095
-0.105
-0.274
-0.217
-0.391
-0.497
-0.562
-0.674
-0.536
-0.33
-0.276
-0.2
-0.42
-0.372
-0.784
-1.005
-0.856
-0.953
-0.76
-0.703
-0.534
-0.503
-0.56
-0.779
-0.865
-0.934
-0.975
-0.763
-0.84
-0.804
-0.759
-0.72
-0.675
-0.641
-0.744
-0.677
-0.9
-0.845
-0.924
-0.926
-1.089
-0.831
-0.786
-0.776
-0.954
-0.854
-0.784
-0.698
-0.721
-0.491
-0.294
-0.247
-0.08
-0.1
