-0.241
-0.276
-0.118
-0.145
-0.11
-0.054
0.075
-0.05
0.152
0.241
0.456
0.299
0.173
0.031
0.184
0.044
0.249
0.288
0.314
0.456
0.449
0.395
0.43
0.47
0.715
0.499
0.516
0.557
0.514
0.38
0.284
0.53
0.414
0.399
0.36
0.376
0.606
0.426
0.391
0.098
0.261
0.16
0.339
0.48
0.639
0.48
0.326
0.209
0.138
0.113
-0.029
0.103
0.109
0.071
0.115
0.054
0.062
0.134
0.166
-0.003
0.324
0.052
0.039
0.083
-0.139
-0.104
-0.043
0.1
0.263
0.122
-0.006
-0.131
-0.319
-0.517
-0.659
-0.274
-0.09
-0.244
-0.144
-0.151
-0.129
-0.074
-0.159
-0.255
-0.144
-0.266
-0.45
-0.408
-0.309
-0.307
-0.406
-0.435
-0.449
-0.245
-0.413
-0.479
-0.374
-0.344
-0.414
-0.45
-0.554
-0.295
-0.182
-0.196
-0.249
-0.268
-0.205
-0.349
-0.46
-0.623
-0.417
-0.771
-0.73
-0.651
-0.735
-0.626
-0.514
-0.588
-0.501
-0.568
-0.624
-0.486
-0.601
-0.689
-0.655
-0.549
-0.482
-0.432
-0.384
-0.386
-0.188
-0.189
-0.043
-0.201
-0.028
-0.234
-0.077
-0.292
-0.979
-0.03
0.011
0.116
0.021
-0.081
-0.173
-0.331
-0.409
-0.485
-0.301
-0.256
-0.341
-0.259
-0.105
-0.186
-0.143
-0.081
-0.052
-0.052
-0.25
-0.339
-0.371
-0.38
-0.474
-0.031
0.085
0.276
0.311
0.195
0.362
0.171
0.048
0.085
0.15
-0.031
0.386
0.238
0.351
0.174
-0.024
0.163
0.158
0.271
0.166
0.09
0.05
0.066
0.159
0.143
0.371
0.406
0.278
0.245
0.131
0.143
0.141
0.395
0.406
0.333
0.329
0.422
0.583
0.695
0.557
0.544
0.531
0.517
0.506
0.623
0.614
0.633
0.475
0.139
0.128
-0.035
-0.052
0.029
-0.141
-0.203
-0.019
-0.01
-0.181
-0.198
-0.501
-0.491
-0.426
-0.3
-0.265
-0.4
-0.417
-0.575
-0.534
-0.449
-0.456
-0.649
-0.504
-0.754
-0.621
-0.642
-0.459
-0.244
-0.205
0.007
-0.145
0.07
0.01
-0.011
-0.009
-0.021
0.169
0.383
0.106
0.085
0.125
0.295
0.381
0.273
0.225
0.28
0.286
0.275
0.125
-0.33
-0.233
-0.165
-0.083
-0.076
-0.022
0.075
-0.121
-0.285
-0.343
-0.527
-0.234
-0.245
-0.004
-0.133
0.196
0.155
0.136
0.122
-0.115
0.06
0.239
0.29
0.394
0.33
0.425
0.261
0.036
0.141
0.195
0.328
0.444
0.54
0.54
0.74
0.7
0.871
0.929
0.735
0.568
0.634
0.833
0.588
0.605
0.578
0.496
0.221
-0.011
-0.086
0.15
-0.186
-0.14
-0.311
-0.296
-0.164
-0.378
-0.3
-0.379
-0.333
-0.371
-0.401
-0.478
-0.713
-0.56
-0.841
-0.895
-0.84
-0.779
-0.608
-0.781
-0.381
-0.188
-0.125
0.013
-0.031
0.131
0.217
0.245
0.27
0.271
0.069
0.216
0.217
0.219
0.413
0.359
0.595
0.691
0.718
0.764
0.731
0.645
0.519
0.56
0.37
0.362
0.475
0.629
0.463
0.536
0.193
-0.026
-0.005
0.318
0.184
0.258
0.279
0.261
0.079
0.171
-0.069
0.045
-0.193
-0.184
-0.29
-0.271
-0.329
-0.316
-0.425
-0.316
-0.376
-0.304
-0.217
0.124
0.125
0.037
-0.188
-0.046
-0.034
0.145
0.085
0.269
0.312
0.399
0.581
0.746
0.734
0.549
0.508
0.688
0.605
0.532
0.629
0.51
0.015
0.193
0.091
0.161
0.046
0.266
-0.122
-0.256
-0.138
-0.064
-0.188
-0.092
-0.163
-0.144
-0.23
-0.341
-0.54
-0.535
-0.75
-0.609
-0.84
-0.799
-0.907
-0.954
-0.716
-0.88
-0.965
-1.044
-0.902
-0.83
-0.802
-0.685
-0.761
-0.711
-0.665
-0.526
-0.455
-0.318
-0.184
-0.041
0.009
0.096
0.249
0.259
0.196
0.044
0.005
0.268
0.284
0.388
0.411
0.695
0.934
0.94
0.789
0.921
0.833
1.13
1.174
1.111
1.081
1.341
1.21
1.409
1.318
1.415
1.438
1.468
1.474
1.511
1.36
1.213
1.278
1.157
1.064
1.18
1.041
0.943
0.874
0.799
0.7
0.564
0.391
0.405
0.559
0.43
0.193
0.136
0.191
0.374
0.217
0.056
-0.035
-0.115
-0.2
-0.223
-0.405
-0.594
-0.55
-0.61
-0.552
-0.491
-0.448
-0.536
-0.675
-0.344
-0.703
-0.71
-0.836
-0.879
-0.93
-0.897
-0.963
-0.907
-0.806
-0.615
-0.698
-0.539
-0.41
-0.289
-0.11
0.135
0.314
0.284
0.384
0.325
0.217
0.181
0.14
0.316
0.38
0.214
0.004
0.003
-0.18
-0.188
-0.233
0.01
-0.069
0.037
0.07
-0.095
-0.05
-0.19
-0.26
-0.551
-0.636
-0.532
-1.0
-1.069
-1.096
-1.093
-0.885
-0.72
-0.718
-0.588
-0.871
-1.0
-0.969
-0.853
-0.482
-0.326
-0.372
-0.307
-0.393
-0.184
-0.345
-0.144
0.03
0.07
0.126
-0.151
0.166
0.12
0.194
0.307
0.403
0.379
0.394
0.446
0.417
0.432
0.48
0.639
0.795
0.804
0.674
0.585
0.436
0.38
0.451
0.49
0.495
0.445
0.536
0.491
0.381
0.516
0.541
0.436
0.351
0.369
0.326
0.111
0.036
0.416
0.217
0.297
0.164
0.059
-0.121
-0.212
-0.411
-0.352
-0.263
-0.092
-0.126
-0.269
-0.458
-0.631
-0.768
-0.677
-0.634
-0.389
-0.651
-0.897
-1.104
-1.071
-1.164
-1.074
-0.714
-0.713
-0.719
-0.685
-0.819
-0.856
-0.816
-0.674
-0.728
-0.5
-0.603
-0.772
-0.575
-0.545
-0.443
-0.395
-0.095
-0.006
-0.08
-0.056
-0.101
-0.344
-0.417
-0.114
-0.182
-0.124
-0.309
-0.275
-0.255
-0.159
-0.109
-0.048
-0.296
-0.296
-0.35
-0.492
-0.661
-0.675
-0.569
-1.051
-1.044
-1.252
-1.01
-0.988
-0.86
-0.73
-0.656
-0.885
-0.863
-0.84
-0.919
-1.002
-1.03
-0.881
-0.774
-0.614
-0.481
-0.325
-0.103
-0.176
-0.12
-0.146
-0.107
-0.125
-0.079
0.011
-0.122
-0.052
0.14
0.229
0.371
0.537
0.805
0.621
0.49
0.638
0.394
0.434
0.512
0.57
0.552
0.629
0.432
0.186
0.128
0.004
-0.08
-0.278
-0.36
-0.469
-0.44
-0.415
-0.611
-0.501
-0.55
-0.356
-0.394
-0.46
-0.459
-0.275
-0.289
-0.379
-0.133
0.077
0.2
0.209
0.251
0.356
0.169
0.448
0.406
0.599
0.468
0.669
0.638
0.807
1.085
1.095
1.065
0.971
1.149
1.374
1.417
1.613
1.289
1.3
0.955
0.958
0.796
0.652
0.73
0.594
0.676
0.531
0.65
0.594
0.481
0.721
0.603
0.579
0.682
0.629
0.478
0.588
0.6
0.374
0.5
0.575
0.325
0.281
0.188
0.385
0.344
0.234
0.203
0.348
0.391
0.546
0.775
0.841
0.943
1.032
0.95
0.98
0.973
0.95
0.907
0.754
0.532
0.398
0.561
0.596
0.487
0.525
0.32
0.391
-0.015
-0.056
-0.113
-0.294
-0.264
-0.265
-0.236
-0.285
-0.325
-0.18
-0.336
-0.065
-0.17
-0.271
-0.429
-0.329
-0.27
-0.208
-0.06
-0.085
-0.241
-0.17
-0.035
-0.094
-0.133
-0.129
-0.264
-0.386
-0.223
0.025
0.135
0.376
0.54
0.482
0.844
0.735
0.849
0.814
0.75
0.716
0.608
0.71
0.88
1.041
0.856
0.786
0.755
0.65
0.284
0.331
-0.129
-0.099
-0.009
-0.037
-0.065
0.077
-0.006
-0.051
-0.268
-0.461
-0.438
-0.356
-0.362
-0.346
-0.506
-0.131
-0.085
0.056
0.099
0.039
0.076
0.49
0.566
0.559
0.728
0.753
0.434
0.436
0.552
0.366
0.383
0.459
0.706
0.749
0.85
0.79
0.843
0.915
0.88
0.774
0.738
0.66
0.573
0.238
0.092
-0.122
-0.205
-0.365
-0.715
-0.586
-1.012
-0.948
-0.964
-1.123
-0.966
-1.015
-0.809
-0.87
-0.856
-0.771
-0.845
-0.786
-0.815
-0.47
-0.32
-0.438
-0.261
-0.209
-0.133
-0.129
0.129
0.439
0.565
0.506
0.501
0.474
0.474
0.471
0.444
0.449
0.531
0.568
0.41
0.254
0.284
0.179
0.338
0.636
0.671
0.651
0.799
0.805
0.646
0.398
0.486
0.487
0.62
0.616
0.509
0.5
-0.094
-0.225
-0.345
-0.41
-0.383
-0.349
-0.333
-0.104
-0.33
-0.329
-0.486
-0.326
-0.018
-0.074
-0.076
0.231
0.104
0.301
0.19
0.12
-0.092
0.115
0.051
0.028
-0.077
-0.174
-0.14
-0.065
-0.056
-0.23
-0.071
-0.034
-0.041
0.036
0.033
0.14
0.051
0.058
0.074
0.249
0.215
0.09
0.128
0.195
0.146
0.35
0.365
0.465
0.413
0.51
0.288
0.411
0.405
-0.049
0.069
0.125
0.315
0.478
0.17
0.066
-0.079
-0.048
-0.106
0.03
-0.351
-0.608
-0.704
-0.76
-0.807
-0.694
-0.665
-0.841
-0.807
-1.061
-1.209
-1.276
-1.385
-1.401
-1.371
-1.353
-1.324
-1.39
-1.449
-1.375
-1.349
-1.238
-0.975
-0.721
-0.701
-0.769
-0.655
-0.574
-0.439
-0.501
-0.326
-0.359
-0.372
-0.413
-0.44
-0.362
-0.671
-0.478
-0.396
-0.321
-0.527
-0.541
-0.589
-0.522
-0.517
-0.401
-0.594
-0.599
-0.541
-0.64
-0.667
-0.544
-0.312
-0.214
-0.079
-0.065
-0.245
-0.236
-0.221
-0.259
-0.339
0.141
0.177
0.389
0.229
0.091
0.084
0.188
0.445
0.367
0.294
0.318
0.458
0.638
0.789
0.815
1.1
1.164
1.298
1.236
1.004
1.042
0.932
0.814
0.68
0.74
0.16
0.214
0.2
0.158
0.141
0.176
0.165
0.266
0.286
-0.014
-0.066
-0.526
-0.496
-0.459
-0.367
-0.43
-0.35
-0.396
-0.43
-0.413
-0.398
-0.295
-0.131
-0.422
-0.357
-0.45
-0.52
-0.357
-0.249
-0.2
-0.02
-0.182
-0.143
0.124
0.194
0.35
0.448
0.189
0.341
0.254
0.545
0.614
0.677
0.73
0.871
0.932
1.002
1.085
0.772
0.95
0.716
0.986
1.031
0.989
1.026
0.91
0.846
0.59
0.642
0.628
0.615
0.774
0.74
0.594
0.511
0.41
0.346
0.225
0.088
0.15
0.177
0.031
0.021
0.036
-0.318
-0.193
-0.396
-0.362
-0.401
-0.216
-0.163
-0.312
-0.459
-0.355
-0.408
-0.36
-0.312
-0.458
-0.384
-0.404
-0.48
-0.48
-0.166
-0.13
-0.168
-0.14
-0.18
-0.15
-0.26
-0.099
-0.28
-0.177
-0.212
-0.333
-0.281
-0.285
-0.163
-0.085
0.01
-0.121
-0.196
-0.316
-0.443
-0.411
-0.519
-0.372
-0.51
-0.283
-0.546
-0.455
-0.448
-0.388
0.021
0.338
0.406
0.396
0.413
0.453
0.333
0.281
0.159
0.165
0.557
0.824
0.71
0.815
0.634
0.557
0.404
0.665
0.758
0.854
0.839
0.657
0.745
0.693
0.401
0.341
0.206
0.411
0.085
0.141
-0.055
-0.158
-0.279
-0.283
-0.294
-0.251
-0.295
-0.473
-0.529
-0.54
-0.667
-0.741
-0.657
-0.784
-1.03
-0.826
-0.514
-0.685
-0.779
-0.927
-0.891
-0.875
-0.911
-0.771
-0.728
-0.405
-0.307
-0.265
-0.211
-0.296
-0.125
-0.21
-0.061
0.159
0.271
0.266
0.13
0.109
-0.019
0.16
0.311
0.54
0.389
0.492
0.516
0.608
0.456
0.6
0.231
0.271
0.216
0.15
0.231
0.321
0.284
0.11
0.003
0.046
0.036
0.163
0.12
0.14
-0.011
0.184
0.251
0.269
0.329
0.244
0.27
0.163
-0.094
-0.147
-0.284
-0.226
-0.336
-0.253
-0.245
-0.253
-0.356
-0.645
-0.58
-0.62
-0.756
-0.521
-0.312
-0.116
0.049
-0.119
-0.077
-0.133
0.074
0.214
0.284
0.465
0.631
0.524
0.406
0.728
0.633
0.463
0.351
0.573
0.545
0.509
0.54
0.495
0.545
0.544
0.444
0.68
0.593
0.771
0.768
0.751
0.517
0.704
0.519
0.43
0.581
0.478
0.571
0.471
0.45
0.338
0.247
0.201
0.046
0.126
0.211
0.246
0.511
0.611
0.446
0.456
0.44
0.545
0.369
0.312
0.57
0.39
0.289
0.163
0.149
0.03
0.046
-0.025
-0.033
0.254
0.035
0.212
0.176
0.071
0.22
0.184
0.076
0.006
-0.055
0.051
-0.026
0.295
0.191
0.325
0.185
0.055
0.037
-0.086
-0.2
-0.206
-0.134
0.004
-0.104
-0.118
-0.039
0.045
-0.056
-0.126
-0.122
0.088
0.066
0.072
0.215
0.223
0.174
0.244
0.339
0.371
0.391
0.384
0.25
0.306
0.235
0.318
0.115
0.03
-0.169
-0.196
-0.31
-0.231
-0.486
-0.512
-0.357
-0.443
-0.725
-0.355
-0.466
-0.537
-0.536
-0.586
-0.537
-0.665
-0.665
-0.468
-0.568
-0.689
-0.786
-0.605
-0.596
-0.623
-0.738
-0.802
-0.774
-0.799
-0.575
-0.596
-0.64
-0.674
-0.444
-0.27
-0.316
-0.109
0.083
0.083
0.072
0.443
0.78
0.777
0.579
0.819
0.449
0.385
0.468
0.519
0.564
0.551
0.59
0.453
0.384
0.616
0.193
0.19
0.159
0.405
0.495
0.62
0.709
0.744
0.911
1.055
0.863
0.912
0.829
0.71
0.651
0.479
0.4
0.314
0.239
0.055
0.029
-0.02
-0.221
-0.161
-0.092
-0.247
-0.321
-0.458
-0.505
-0.769
-0.695
-0.56
-0.492
-0.495
-0.519
-0.559
-0.535
-0.665
-0.685
-0.557
-0.404
-0.274
-0.32
-0.223
-0.296
-0.364
-0.174
-0.229
-0.169
0.021
-0.175
-0.107
-0.122
-0.077
0.125
0.084
-0.158
-0.024
-0.199
-0.292
-0.435
-0.439
-0.434
-0.151
-0.134
-0.131
-0.095
-0.266
-0.179
-0.361
-0.15
-0.234
-0.415
-0.386
-0.27
-0.381
-0.26
-0.193
-0.115
-0.294
-0.405
-0.264
-0.171
-0.396
-0.364
-0.409
-0.519
-0.415
-0.365
-0.345
-0.245
-0.083
-0.005
-0.006
-0.049
0.17
0.352
0.55
0.68
1.105
0.907
0.975
1.009
1.249
1.225
1.236
1.4
1.269
1.5
1.525
1.435
1.251
1.235
1.351
1.169
1.311
1.325
1.316
1.143
1.07
1.131
1.246
1.126
1.004
1.086
0.906
0.776
0.546
0.46
0.489
0.311
0.326
0.345
0.374
0.417
0.746
0.948
1.121
1.075
0.966
1.039
1.256
1.001
1.062
0.879
0.709
0.95
0.843
0.885
1.218
0.753
0.846
0.891
0.94
1.019
0.916
0.993
0.986
1.05
0.886
0.729
0.564
0.221
-0.037
-0.011
-0.198
-0.18
-0.324
-0.305
-0.25
-0.25
-0.385
-0.356
-0.448
-0.279
-0.301
-0.329
-0.574
-0.494
-0.625
-0.515
-0.326
-0.186
-0.064
0.049
0.133
0.266
0.406
0.27
0.357
0.019
0.048
-0.163
-0.136
-0.075
-0.171
-0.08
-0.107
0.066
0.341
0.045
0.013
-0.024
0.025
-0.105
-0.033
0.25
0.18
0.14
0.101
0.13
0.211
0.065
-0.089
-0.163
0.045
-0.041
-0.022
-0.045
-0.092
-0.072
-0.086
-0.374
-0.47
-0.306
-0.76
-0.484
-0.634
-0.688
-0.672
-0.758
-0.53
-0.682
-0.676
-0.656
-0.66
-0.546
-0.605
-0.508
-0.726
-0.771
-0.521
-0.6
-0.378
-0.266
-0.186
-0.015
-0.083
-0.233
0.046
-0.331
0.013
-0.107
-0.129
-0.156
-0.181
-0.131
-0.15
-0.029
0.211
0.019
0.233
0.295
0.115
0.119
0.091
0.349
0.514
0.578
0.326
0.028
-0.066
0.07
-0.076
-0.141
-0.094
-0.098
-0.034
-0.537
-0.094
-0.004
0.208
0.152
0.12
0.163
0.054
0.151
0.091
0.076
0.094
0.331
0.559
0.425
0.357
0.379
0.403
0.318
0.107
-0.074
-0.009
-0.395
-0.475
-0.36
-0.168
-0.092
-0.004
0.075
0.195
-0.031
-0.161
-0.245
-0.357
-0.39
-0.42
-0.41
-0.441
-0.351
-0.395
-0.36
-0.269
-0.145
-0.152
0.054
0.035
-0.124
0.028
0.045
0.031
0.198
0.105
0.147
0.21
0.159
0.046
0.071
0.007
0.168
-0.052
-0.145
-0.253
-0.251
-0.491
-0.509
-0.629
-0.638
-0.605
-0.691
-0.54
-0.675
-0.508
-0.565
-0.305
-0.018
0.056
0.182
0.144
0.219
0.02
0.022
0.156
0.23
0.316
0.5
0.576
0.504
0.481
0.573
0.628
0.536
0.419
0.366
0.236
0.386
0.239
0.565
0.618
0.716
0.991
0.941
0.901
0.715
0.591
0.401
0.666
0.776
0.868
1.011
0.911
0.902
1.011
0.92
0.858
0.492
0.41
0.114
0.072
-0.062
-0.155
-0.15
0.35
0.163
0.346
0.445
0.297
0.177
0.152
0.076
0.144
0.006
-0.076
-0.17
-0.263
-0.217
-0.436
-0.604
-0.511
-0.315
-0.23
-0.168
-0.161
-0.199
-0.181
-0.225
-0.116
-0.058
-0.058
-0.013
-0.036
-0.155
-0.341
-0.469
-0.49
-0.606
-0.749
-0.854
-0.75
-0.713
-0.825
-0.943
-0.959
-1.024
-0.946
-0.866
-0.765
-0.905
-0.829
-0.848
-0.854
-1.031
-0.764
-0.812
-0.631
-0.576
-0.546
-0.404
-0.485
-0.211
-0.31
-0.158
-0.134
-0.031
-0.006
0.175
0.156
-0.077
0.054
-0.03
0.321
0.326
0.383
0.271
0.258
0.479
0.323
0.499
0.439
0.731
0.806
0.526
0.693
0.693
0.76
0.677
0.681
0.638
0.581
0.689
0.578
0.667
0.575
0.749
0.596
0.551
0.355
0.244
0.265
0.109
0.095
-0.049
0.138
-0.104
0.08
0.001
0.126
0.143
-0.034
0.122
0.212
0.245
0.285
0.326
0.41
0.456
0.375
0.464
0.642
0.771
0.985
0.894
0.819
0.719
0.604
0.849
0.691
0.764
0.939
0.787
0.93
0.708
0.639
0.519
0.618
0.541
0.378
0.374
0.542
0.539
0.393
0.14
0.071
0.128
-0.163
-0.163
-0.419
-0.542
-0.765
-0.59
-0.588
-0.669
-0.485
-0.874
-0.994
-0.975
-1.022
-1.016
-1.005
-0.88
-0.645
-0.529
-0.338
-0.119
-0.019
0.122
-0.083
-0.077
-0.143
-0.238
-0.278
-0.546
-0.584
-0.676
-0.694
-0.749
-0.64
-0.226
-0.024
0.015
0.144
0.312
0.305
0.404
0.369
0.524
0.355
0.389
0.589
0.556
0.557
0.669
0.589
0.665
0.593
0.578
0.47
0.421
0.292
0.214
0.096
-0.054
0.06
-0.096
0.12
0.003
-0.121
-0.045
-0.011
0.196
0.17
0.048
0.229
0.236
0.177
-0.009
-0.05
0.115
0.077
0.048
0.085
-0.031
-0.026
0.044
0.03
0.031
-0.046
0.03
0.09
-0.111
-0.126
-0.244
0.075
0.051
-0.052
0.107
0.195
0.37
0.422
0.5
0.503
0.544
0.49
0.606
0.425
0.542
0.731
0.695
0.881
0.671
0.84
0.667
0.743
0.425
0.39
0.235
0.105
0.326
0.253
0.486
0.489
0.388
0.208
0.028
-0.048
-0.231
-0.48
-0.505
-0.625
-0.596
-0.87
-0.686
-0.56
-0.409
-0.481
-0.573
-0.626
-0.665
-0.694
-0.649
-0.68
-0.517
-0.586
-0.386
-0.331
-0.255
-0.191
-0.09
-0.009
0.103
0.268
0.193
0.206
0.015
0.133
-0.014
-0.163
-0.004
0.124
0.116
0.203
0.391
0.448
0.367
0.319
0.205
0.16
0.304
0.487
0.618
0.726
0.936
1.069
1.089
1.018
1.014
1.014
1.215
1.194
1.221
1.211
0.979
0.85
1.014
1.031
0.95
0.871
0.868
0.634
0.598
0.539
0.338
0.403
0.263
0.011
-0.171
-0.195
-0.315
-0.395
-0.478
-0.565
-0.41
-0.49
-0.461
-0.371
-0.506
-0.76
-0.821
-0.885
-1.124
-1.219
-1.33
-1.349
-1.669
-1.309
-1.189
-1.113
-0.689
-0.814
-0.69
-0.671
-0.812
-0.669
-0.601
-0.394
-0.55
-0.415
-0.545
-0.359
-0.045
-0.083
-0.111
0.024
-0.092
0.105
0.375
0.28
0.451
0.797
0.776
0.983
0.954
1.062
1.01
1.034
1.07
1.012
1.071
0.956
0.77
0.626
0.495
0.506
0.495
0.554
0.549
0.44
0.409
0.338
0.484
0.27
0.026
0.176
-0.077
-0.263
-0.21
-0.306
-0.536
-0.589
-0.743
-0.698
-0.685
-0.738
-0.671
-0.6
-0.468
-0.343
-0.233
-0.054
-0.04
0.076
0.133
0.121
-0.011
-0.074
-0.121
-0.065
0.014
0.036
0.034
0.115
0.333
0.38
0.429
0.42
0.641
0.506
0.422
0.36
0.08
0.061
-0.118
-0.245
-0.195
-0.236
-0.126
-0.203
-0.323
-0.453
-0.285
-0.449
-0.761
-0.691
-0.811
-0.879
-0.866
-0.758
-0.74
-0.797
-0.76
-0.734
-0.863
-1.076
-1.084
-1.022
-0.964
-0.896
-0.945
-0.919
-0.94
-0.904
-0.642
-0.512
-0.417
-0.06
0.176
0.198
0.355
0.28
0.2
0.296
0.31
0.296
0.191
0.168
0.152
0.27
0.1
0.066
0.105
0.283
0.335
0.206
0.264
0.316
0.289
0.259
0.268
0.411
0.379
0.336
0.095
0.224
-0.089
-0.292
-0.17
-0.274
-0.328
-0.136
-0.052
-0.177
-0.096
-0.055
-0.107
-0.024
-0.074
0.054
0.004
-0.005
-0.07
-0.116
-0.091
-0.015
0.054
0.12
-0.013
0.18
0.121
0.143
0.007
0.288
-0.143
0.036
0.09
0.02
0.041
-0.098
0.041
-0.403
-0.064
0.003
0.16
0.075
-0.02
-0.005
0.125
0.122
-0.086
0.099
-0.154
0.013
-0.101
0.059
-0.103
-0.021
0.26
0.046
-9.979
-0.138
-0.12
-0.098
-0.226
-0.264
-0.014
-0.134
-0.17
-0.12
-0.021
0.246
0.25
0.356
0.475
0.676
0.705
0.609
0.537
0.57
0.524
0.671
0.693
0.746
0.83
1.069
1.194
1.188
1.117
1.079
0.953
1.068
0.925
0.891
0.739
0.738
0.907
0.836
0.9
1.044
1.012
0.734
0.733
0.703
0.478
0.695
0.414
0.309
0.244
-0.015
-0.075
-0.019
0.06
0.077
0.214
0.307
0.371
0.588
0.54
0.516
0.249
0.55
0.652
0.604
0.67
0.506
0.468
0.596
0.463
0.427
0.344
0.324
0.242
0.335
0.155
0.071
0.136
0.191
0.006
-0.103
-0.095
-0.056
0.08
0.044
-0.069
0.107
-0.155
-0.18
-0.224
-0.315
-0.534
-0.384
-0.369
-0.312
-0.398
-0.432
-0.459
-0.319
-0.225
-0.15
-0.054
-0.033
0.029
0.085
0.161
0.169
-0.035
-0.147
0.107
0.321
0.492
0.626
0.614
0.671
0.61
0.713
0.881
0.931
0.825
0.896
0.782
0.74
0.859
0.804
1.016
0.95
0.993
1.07
1.125
0.938
0.725
0.831
0.726
0.685
0.651
0.57
0.393
0.231
0.031
-0.07
-0.23
-0.288
-0.438
-0.649
-0.758
-0.492
-0.49
-0.556
-0.64
-0.704
-1.015
-0.973
-1.105
-1.15
-0.975
-0.881
-0.812
-0.796
-0.959
-0.689
-0.626
-0.58
-0.545
-0.48
-0.524
-0.459
-0.269
-0.56
-0.539
-0.561
-0.57
-0.609
-0.729
-0.958
-0.839
-0.93
-1.011
-0.841
-0.9
-0.856
-0.749
-0.812
-0.924
-0.971
-1.079
-1.029
-0.953
-1.123
-0.932
-1.018
-1.106
-1.312
-1.288
-1.216
-1.371
-1.562
-1.309
-1.258
-1.472
-1.439
-1.346
-1.292
-1.248
-1.181
-1.351
-0.936
-1.232
-0.863
-0.979
-0.993
-0.764
-0.5
-0.362
-0.545
-0.623
-0.641
-0.614
-0.578
-0.458
-0.203
-0.26
-0.099
-0.048
0.099
0.314
0.314
0.656
0.495
0.69
0.398
0.546
0.445
0.556
0.62
0.486
0.624
0.754
0.709
0.72
0.953
0.886
1.038
0.753
0.509
0.399
0.594
0.339
0.409
0.374
0.25
0.29
0.465
0.41
0.359
0.315
0.173
0.179
0.124
0.166
0.352
0.299
0.191
0.411
0.491
0.534
0.552
0.56
0.532
0.711
0.514
0.535
0.554
0.469
0.471
0.349
0.395
0.795
0.916
1.089
1.115
1.19
1.241
1.331
1.331
1.292
1.311
1.261
1.149
1.244
1.114
1.104
0.978
0.839
0.785
0.474
0.283
0.165
0.066
-0.061
-0.163
-0.184
-0.19
-0.081
-0.061
0.147
-0.001
-0.01
0.336
0.367
0.355
0.415
0.383
0.326
0.478
0.568
0.505
0.764
0.685
0.716
0.608
0.579
0.719
0.652
0.693
0.665
0.61
0.408
0.427
0.544
0.545
0.561
0.431
0.461
0.234
0.28
0.041
0.103
0.109
0.094
0.188
0.103
0.147
0.066
0.043
-0.118
0.111
-0.177
-0.152
-0.018
0.06
0.122
0.135
0.12
0.024
-0.059
-0.206
-0.25
-0.385
-0.37
-0.468
-0.336
-0.143
-0.098
-0.133
-0.062
-0.149
-0.171
-0.464
-0.621
-0.634
-0.836
-0.961
-1.088
-1.039
-1.244
-1.211
-1.11
-1.319
-1.401
-1.353
-1.411
-1.5
-1.536
-1.636
-1.584
-1.464
-1.456
-1.393
-1.305
-1.15
-1.111
-1.084
-1.165
-1.301
-1.266
-1.261
-1.081
-1.115
-1.059
-0.999
-0.894
-0.701
-0.593
-0.656
-0.57
-0.566
-0.44
-0.256
-0.314
-0.201
-0.351
-0.356
-0.329
-0.357
-0.285
-0.246
-0.311
-0.2
-0.124
-0.185
-0.024
-0.145
-0.286
-0.175
-0.268
-0.2
-8.794
-0.193
-0.168
-0.081
-0.004
-0.075
-0.12
-0.19
-0.199
-0.185
-0.134
-0.105
-0.224
-0.21
-0.091
-0.089
-0.106
-0.161
-0.166
0.045
-0.249
-0.19
-0.208
-0.316
-0.229
-0.328
-0.209
-0.225
-0.166
0.035
0.258
0.46
0.326
0.404
0.434
0.431
0.506
0.508
0.64
0.54
0.499
0.461
0.3
0.276
0.181
-0.028
-0.126
-0.177
-0.242
-0.301
-0.286
-0.405
-0.425
-0.481
-0.424
-0.55
-0.551
-0.618
-0.59
-0.51
-0.537
-0.475
-0.505
-0.659
-0.555
-0.578
-0.519
-0.655
-0.925
-0.779
-0.794
-0.87
-0.64
-0.596
-0.495
-0.475
-0.69
-0.68
-0.743
-0.951
-0.916
-0.836
-0.746
-0.662
-0.482
-0.573
-0.581
-0.349
-0.273
-0.323
-0.28
-0.194
0.044
0.214
0.321
0.266
0.449
0.484
0.586
0.69
0.566
0.699
0.614
0.721
0.721
0.759
0.81
0.836
0.901
0.854
0.836
0.74
0.657
0.511
0.345
0.378
0.331
0.03
-0.239
0.173
-0.221
-0.261
-0.186
-0.129
0.083
0.051
0.036
0.212
0.321
0.413
0.316
0.306
0.25
0.134
0.145
0.246
0.283
0.249
0.318
0.246
0.388
0.541
0.591
0.724
0.57
0.672
0.611
0.721
0.711
0.8
0.708
0.844
0.674
0.581
0.552
0.593
0.568
0.642
0.506
0.395
0.333
0.21
0.009
-0.071
-0.081
-0.131
0.043
0.029
-0.166
-0.205
-0.079
-0.156
-0.134
-0.116
-0.255
-0.143
-0.371
-0.424
-0.526
-0.422
-0.456
-0.427
-0.352
-0.415
-0.354
-0.215
-0.249
-0.221
-0.103
0.003
0.013
0.039
0.024
0.2
0.344
0.383
0.495
0.54
0.718
0.54
0.461
0.367
0.435
0.514
0.522
0.698
0.761
0.736
0.593
0.625
0.704
0.681
0.705
0.695
0.72
0.624
0.521
0.464
0.295
0.359
0.259
0.281
0.315
0.37
0.411
0.348
0.395
0.356
0.19
0.035
0.004
-0.033
-0.06
0.198
0.046
-0.039
-0.231
-0.271
-0.374
-0.468
-0.624
-0.858
-0.799
-0.904
-0.969
-1.039
-0.986
-1.012
-1.11
-1.188
-1.294
-1.436
-1.404
-1.328
-1.123
-1.036
-0.891
-0.662
-0.644
-0.479
-0.482
-0.419
-0.217
-0.249
-0.144
-0.151
-0.133
-0.004
-0.013
-0.001
0.195
-0.066
0.235
0.484
0.811
0.926
1.054
1.13
1.136
1.114
1.129
1.084
1.015
0.969
1.054
0.983
0.904
0.777
0.75
0.84
0.703
0.801
0.821
0.704
0.836
1.073
1.075
0.964
0.953
0.909
0.801
0.735
0.825
0.874
0.86
0.848
0.875
0.826
1.041
0.95
0.938
0.93
0.907
0.948
0.831
0.759
0.671
0.489
0.446
0.486
0.33
0.149
0.079
-0.036
-0.145
-0.275
-0.35
-0.448
-0.36
-0.357
-0.469
-0.4
-0.556
-0.634
-0.422
-0.401
-0.403
-0.191
-0.312
-0.27
-0.194
-0.274
-0.141
0.0
0.028
0.091
0.266
0.114
0.29
0.355
0.302
0.315
0.228
0.221
0.321
0.245
0.312
0.461
0.62
0.649
0.733
0.816
0.83
0.971
1.011
1.073
1.119
1.064
0.929
0.909
0.904
0.889
0.946
0.888
1.035
0.954
1.068
0.921
0.743
0.669
0.506
0.638
0.618
0.487
0.531
0.473
0.359
0.305
0.286
0.305
0.211
0.048
-0.007
0.185
0.084
0.031
0.007
-0.17
-0.043
-0.086
-0.149
-0.242
-0.13
-0.234
-0.324
-0.348
-0.421
-0.626
-0.789
-0.851
-0.838
-0.62
-0.524
-0.512
-0.374
-0.405
-0.16
-0.15
-0.266
0.034
-0.136
-0.155
-0.058
-0.084
0.024
-0.099
-0.174
-0.129
-0.098
0.228
0.199
0.223
0.018
-0.028
-0.031
-0.246
-0.061
-0.15
-0.247
-0.189
-0.274
-0.438
-0.365
-0.283
-0.283
-0.36
-0.17
-0.279
-0.254
-0.098
0.019
0.039
0.009
0.116
0.349
0.289
0.376
0.37
0.37
0.46
0.421
0.463
0.581
0.706
0.6
0.417
0.169
0.136
-0.066
-0.098
-0.215
-0.415
-0.463
-0.233
-0.196
-0.16
-0.052
0.043
0.062
0.19
0.066
0.033
0.099
0.118
0.165
0.335
0.206
0.454
0.455
0.475
0.53
0.524
0.659
0.618
0.85
0.871
0.885
1.015
0.831
0.945
0.926
1.036
1.105
1.164
1.14
0.869
0.764
0.733
0.807
0.812
0.825
0.836
0.926
0.833
0.811
0.879
0.936
0.954
0.886
1.046
0.914
0.662
0.615
0.585
0.625
0.686
0.686
0.726
0.71
10.332
10.332
10.332
0.948
0.989
0.978
0.826
0.633
0.574
0.408
0.316
0.388
0.348
0.304
0.203
0.01
0.005
-0.113
-0.14
-0.225
-0.3
-0.163
-0.203
-0.336
-0.406
-0.56
-0.864
-0.985
-0.906
-0.849
-0.865
-0.905
-1.014
-0.978
-1.045
-1.103
-1.015
-1.069
-0.938
-0.988
-0.995
-0.961
-1.146
-1.238
-1.159
-1.079
-1.049
-0.984
-0.87
-0.684
-0.629
-0.672
-0.768
-0.826
-0.859
-0.936
-1.008
-1.042
-0.851
-0.917
-0.774
-0.801
-0.716
-0.728
-0.801
-0.656
-0.631
-0.51
-0.305
-0.158
0.03
0.181
0.338
0.339
0.304
0.242
0.225
0.121
0.158
0.12
0.229
0.206
0.328
0.379
0.326
0.385
0.419
0.378
0.394
0.328
0.593
0.486
0.341
0.426
0.419
0.42
0.468
0.508
0.536
0.534
0.44
0.542
0.512
0.424
0.455
0.42
0.325
0.152
0.285
0.366
0.201
0.059
0.021
-0.061
-0.006
-0.21
-0.106
-0.239
-0.161
-0.149
-0.261
-0.24
-0.324
-0.019
-0.062
-0.18
-0.173
-0.051
-0.168
-0.089
-0.076
-0.077
-0.21
-0.103
-0.015
-0.083
-0.074
-0.139
-0.124
-0.21
-0.1
0.105
0.024
0.164
0.274
0.236
0.245
0.115
0.066
0.234
0.318
0.266
0.205
0.386
0.379
0.469
0.458
0.376
0.383
0.212
0.226
0.173
-0.048
0.085
-0.011
-0.166
-0.152
-0.135
-0.281
-0.331
-0.514
-0.573
-0.49
-0.471
-0.376
-0.383
-0.348
-0.383
-0.319
-0.242
-0.249
-0.216
-0.256
-0.312
-0.478
-0.426
-0.269
-0.378
-0.389
-0.349
-0.214
-0.177
-0.324
-0.155
-0.154
-0.164
-0.045
-0.099
0.051
0.196
0.149
0.246
0.107
0.286
0.381
0.383
0.547
0.42
0.396
0.436
0.689
0.721
0.804
0.766
0.871
0.856
0.791
0.786
0.873
0.709
0.846
0.834
0.73
0.741
0.691
0.534
0.536
0.429
0.331
0.283
0.4
0.38
0.238
0.098
0.251
0.171
-0.072
-0.228
-0.152
-0.39
-0.514
-0.583
-0.878
-0.899
-0.936
-0.954
-0.79
-0.966
-1.031
-1.038
-0.801
-0.741
-0.71
-0.647
-0.534
-0.49
-0.446
-0.484
-0.616
-0.556
-0.471
-0.44
-0.279
-0.346
-0.39
-0.453
-0.24
-0.131
-0.133
0.048
-0.096
0.059
0.05
0.113
0.274
0.075
0.0
0.145
0.161
0.323
0.266
0.165
0.283
0.295
0.253
0.209
0.231
0.08
0.122
0.094
0.099
0.11
-0.268
-0.208
-0.265
-0.184
-0.154
-0.403
-0.316
-0.301
-0.333
-0.089
-0.158
-0.199
-2.625
-0.351
-0.279
-0.384
-0.31
-0.422
-0.286
-0.273
-0.415
-0.309
-0.21
0.029
0.024
0.141
0.111
0.195
0.094
0.275
0.235
0.36
0.443
0.482
0.579
0.318
0.015
0.013
-0.044
0.043
0.029
0.156
0.299
0.19
0.049
0.161
0.158
0.134
0.005
0.098
0.079
0.086
0.171
0.22
0.121
0.264
0.212
0.281
0.175
0.256
0.25
0.096
0.196
-0.035
-0.107
-0.21
-0.36
-0.333
-0.328
-0.399
-0.461
-0.411
-0.463
-0.509
-0.497
-0.705
-0.591
-0.46
-0.456
-0.698
-0.484
-0.401
-0.276
-0.126
-0.164
-0.051
0.083
0.145
0.289
0.349
0.38
0.275
0.479
0.421
0.465
0.473
0.379
0.461
0.372
0.4
0.463
0.634
0.609
0.763
0.921
1.069
1.16
1.219
1.143
1.136
1.284
1.256
1.184
1.181
1.213
1.356
1.309
1.43
1.488
1.326
1.173
1.012
0.953
0.876
0.806
0.729
0.571
0.311
0.695
0.659
0.555
0.503
0.395
0.12
0.181
0.055
-0.055
-0.086
-0.203
-0.316
-0.294
-0.366
-0.426
-0.56
-0.652
-0.609
-0.57
-0.83
-0.63
-0.893
-0.878
-0.854
-0.889
-0.672
-0.625
-0.429
-0.436
-0.749
-0.348
-0.359
-0.405
-0.42
-0.52
-0.703
-0.584
-0.723
-0.693
-0.696
-0.699
-0.6
-0.537
-0.43
-0.385
-0.253
-0.286
-0.176
-0.105
-0.07
-0.018
0.066
0.006
-0.075
0.029
-0.036
0.003
0.065
0.077
0.08
0.046
-0.019
-0.139
-0.179
-0.22
-0.326
-0.453
-0.424
-0.458
-0.278
-0.15
-0.173
-0.147
-0.201
-0.004
-0.189
-0.256
-0.208
-0.306
-0.312
-0.239
-0.283
-0.291
-0.45
-0.375
-0.436
-0.443
-0.351
-0.334
-0.171
-0.163
0.084
0.121
0.128
0.211
0.195
0.146
0.094
0.046
-0.003
0.121
0.075
0.136
0.231
0.151
0.025
-0.224
-0.371
-0.417
-0.36
-0.419
-0.372
-0.374
-0.5
-0.519
-0.485
-0.621
-0.576
-0.62
-0.586
-0.599
-0.636
-0.899
-0.885
-0.905
-0.75
-0.754
-0.751
-0.696
-0.6
-0.515
-0.517
-0.52
-0.284
-0.406
-0.205
-0.225
-0.263
-0.283
-0.249
-0.175
-0.309
-0.191
-0.521
-0.517
-0.516
-0.564
-0.555
-0.449
-0.393
-0.354
-0.27
-0.103
-0.24
-0.069
-0.147
-0.061
-0.119
-0.223
-0.045
-0.055
-0.124
-0.19
-0.115
0.021
-0.109
-0.034
0.111
0.022
-0.051
0.045
-0.061
-0.321
-0.31
-0.239
-0.165
-0.085
-0.152
-0.134
-0.189
-0.226
-0.233
-0.128
-0.101
0.048
-0.041
-0.05
-0.175
0.009
0.099
0.022
-0.018
-0.024
0.161
0.046
0.088
0.08
0.177
0.224
0.279
0.398
0.369
0.404
0.44
0.305
0.389
0.251
0.297
0.367
0.486
0.549
0.618
0.625
0.506
0.414
0.399
0.403
0.297
0.374
0.285
0.26
0.362
0.206
0.344
0.352
0.39
0.244
0.19
0.203
0.034
0.19
0.072
0.14
0.085
0.024
0.072
-0.18
-0.08
-0.113
-0.12
-0.028
0.055
0.052
0.014
0.065
0.113
0.052
0.158
0.128
0.256
0.211
0.144
0.234
0.201
0.261
0.404
0.455
0.519
0.396
0.348
0.251
0.163
0.099
0.064
0.009
0.045
0.034
-0.018
-0.02
0.013
0.143
0.081
-0.014
-0.041
-0.159
-0.161
-0.268
-0.285
-0.271
-0.261
-0.295
-0.324
-0.338
-0.39
-0.494
-0.573
-0.581
-0.642
-0.7
-0.812
-0.819
-0.874
-0.751
-0.711
-0.743
-0.685
-0.735
-0.545
-0.556
-0.511
-0.448
-0.351
-0.196
-0.27
-0.196
-0.121
-0.177
-0.103
0.001
0.0
0.036
0.029
0.036
0.077
0.106
0.02
0.04
0.025
0.006
0.043
10.332
0.159
0.062
0.043
-0.036
0.0
-0.113
-0.141
-0.115
-0.179
-0.203
-0.306
-0.21
-0.147
-0.161
-0.155
-0.16
-0.19
-0.212
-0.128
-0.152
-10.336
0.205
-0.266
-0.241
-0.179
-0.072
-0.131
-0.099
-0.08
-0.138
-0.152
-0.18
0.015
0.052
0.054
0.024
0.098
0.155
0.206
0.274
0.291
0.294
0.297
0.245
0.168
0.174
0.241
0.169
0.194
0.217
0.165
0.022
-0.035
-0.049
-0.052
-0.06
-0.113
-0.114
-0.064
-0.131
-0.189
-0.171
-0.147
-0.151
-0.09
-0.059
-0.058
-0.011
0.015
0.083
0.035
0.089
0.0
-0.029
-0.111
-0.196
-0.185
-0.274
-0.296
-0.319
-0.33
-0.393
-0.357
-0.41
-0.436
-0.501
-0.485
-0.494
-0.438
-0.44
-0.466
-0.468
-0.49
-0.47
-0.504
-0.478
-0.453
-0.364
-0.425
-0.369
-0.268
-0.47
-0.365
-0.336
-0.294
-0.393
-0.296
-0.294
-0.198
-0.131
-0.111
0.028
0.077
0.171
0.19
0.205
0.246
0.225
0.409
0.408
0.471
0.435
0.482
0.45
0.451
0.539
0.584
0.646
0.62
0.646
0.55
0.628
0.69
0.641
0.659
0.651
0.652
0.628
0.603
0.588
0.557
0.605
0.669
0.67
0.657
0.585
0.544
0.519
0.504
0.594
0.478
0.166
0.064
-0.098
-0.166
-0.247
-0.304
-0.315
-0.328
-0.375
-0.399
-0.453
-0.456
-0.527
-0.485
-0.584
-0.517
-0.575
-0.6
-0.608
-0.65
-0.492
-0.424
-0.335
-0.328
-0.333
-0.295
-0.304
-0.266
-0.291
-0.266
-0.314
-0.286
-0.168
-0.203
-0.152
-0.156
-0.118
-0.05
-0.005
0.029
0.041
0.085
0.041
-0.003
-0.019
-0.141
-0.161
-0.241
-0.25
-0.171
-0.21
-0.333
-0.171
-0.049
-0.076
0.048
0.036
0.054
-0.021
-0.049
0.081
0.071
0.05
0.131
0.146
0.058
0.109
0.152
0.18
0.278
0.214
0.261
0.216
0.299
0.292
0.274
0.372
0.345
0.408
0.325
0.334
0.454
0.497
0.425
0.485
0.527
0.615
0.659
0.664
0.631
0.623
0.633
0.584
0.535
0.465
0.473
0.5
0.446
0.564
0.552
0.315
0.33
0.25
0.224
0.138
0.095
0.079
0.025
0.024
-0.019
0.011
0.07
0.029
0.049
0.004
-0.007
-0.069
-0.08
-0.122
-0.161
-0.256
-0.26
-0.328
-0.364
-0.315
-0.352
-0.29
-0.299
-0.233
-0.226
-0.211
-0.171
-0.146
-0.085
-0.109
-0.139
-0.126
-0.147
-0.122
-0.113
-0.15
-0.081
-0.111
-0.116
-0.133
-0.194
-0.149
-0.264
-0.193
-0.152
-0.225
-0.201
-0.114
-0.043
-0.055
-0.031
0.0
0.06
0.021
0.022
-0.031
0.084
0.099
0.065
0.09
0.039
0.13
0.103
0.114
0.084
0.111
0.149
0.113
0.174
0.11
0.151
0.126
0.041
0.059
0.035
0.064
0.044
0.026
-0.028
-0.079
-0.12
-0.111
-0.154
-0.163
-0.223
-0.291
-0.286
-0.264
-0.295
-0.291
-0.276
-0.26
-0.305
-0.296
-0.309
-0.449
-0.45
-0.454
-0.446
-0.454
-0.446
-0.425
-0.414
-0.411
-0.426
-0.43
-0.364
-0.361
-0.318
-0.245
-0.17
-0.145
-0.124
-0.107
-0.021
0.022
0.069
0.092
0.099
0.15
0.149
0.235
0.173
0.255
0.276
0.283
0.319
0.264
0.279
0.224
0.185
0.186
0.214
0.168
0.215
0.14
0.139
0.088
0.045
0.014
-0.003
0.085
-0.046
0.006
0.136
-0.026
-0.011
-0.064
-0.098
-0.065
-0.134
-0.096
-0.144
-0.165
-0.53
-0.274
-0.154
-0.231
-0.245
-0.289
-0.335
-0.306
-0.385
-0.372
-0.464
-0.475
-0.453
-0.459
-0.413
-0.356
-0.315
-0.334
-0.268
-0.331
-0.346
-0.346
-0.328
-0.253
-0.318
-0.291
-0.284
-0.27
-0.331
-0.256
-0.226
-0.271
-0.234
-0.247
-0.251
-0.263
-0.242
-0.175
-0.154
-0.048
-0.07
-0.177
-0.22
-0.184
-0.214
-0.205
-0.184
-0.171
-0.177
-0.228
-0.151
-0.193
-0.106
-0.096
-0.092
-0.105
-0.164
-0.081
-0.14
-0.099
-0.086
-0.026
0.034
0.02
0.061
0.065
0.118
0.201
0.184
0.217
0.189
0.176
0.134
0.151
0.128
0.048
0.071
0.081
0.066
0.015
0.0
-0.014
0.006
0.005
-0.028
-0.028
-0.085
-0.056
-0.191
-0.156
-0.05
-0.171
-0.176
-0.18
-0.115
-0.109
-0.175
-0.163
-0.2
-0.133
-0.263
-0.289
-0.182
-0.279
-0.22
-0.217
-0.16
-0.154
-0.079
-0.018
-0.011
-0.048
-0.025
0.036
0.003
0.005
0.05
0.08
0.077
-0.022
0.034
-0.001
0.095
0.089
0.09
0.11
0.155
0.199
0.209
0.249
0.273
0.211
0.242
0.27
0.224
0.255
0.239
0.284
0.286
0.346
0.351
0.144
0.128
0.229
0.12
0.09
0.052
0.065
0.075
0.065
0.086
0.013
0.074
0.018
0.011
0.029
-0.041
0.031
-0.043
-0.014
-0.039
-0.019
-0.031
-0.04
-10.336
-0.1
-0.12
-0.107
-0.106
-0.128
-0.129
-0.085
-0.095
-0.039
-0.064
0.004
-0.014
-0.01
0.014
-0.01
0.028
0.041
0.099
0.114
0.065
0.066
0.029
0.044
-0.024
-0.028
0.081
-0.049
-0.091
-0.105
-0.055
-0.071
-0.099
-0.044
-0.043
-0.083
-0.081
-0.088
-0.036
-0.019
-0.079
-0.035
-0.029
-0.015
0.03
-0.061
-0.035
-0.076
-0.003
-0.015
-0.083
0.003
-0.033
0.006
0.026
-0.005
0.035
0.02
0.071
0.146
0.177
0.156
0.179
0.247
0.206
0.245
0.246
0.234
0.231
0.254
0.21
0.22
0.176
0.18
0.125
0.11
0.165
-0.045
-0.059
-0.056
-0.129
-0.118
-0.165
-0.159
-0.231
-0.285
-0.312
-0.372
-0.328
-0.417
-0.441
-0.48
-0.525
-0.536
-0.537
-0.529
-0.524
-0.54
-0.506
-0.468
-0.495
-0.464
-0.441
-0.491
-0.411
-0.438
-0.421
-0.443
-0.419
-0.411
-0.417
-0.38
-0.422
-0.396
-0.405
-0.448
-0.426
-0.441
-0.441
-0.415
-0.478
-0.486
-0.531
-0.506
-0.576
-0.644
-0.492
-0.606
-0.66
-0.614
-0.609
-0.589
-0.541
-0.531
-0.46
-0.474
-0.413
-0.372
-0.305
-0.221
-0.306
-0.256
-0.198
-0.184
-0.05
-0.069
-0.037
-0.076
0.004
-0.013
0.001
0.077
0.058
0.146
0.118
0.107
0.109
0.146
0.209
0.296
0.256
0.301
0.379
0.398
0.425
0.45
0.484
0.5
0.516
0.522
0.5
0.501
0.5
0.574
0.589
0.61
0.743
0.61
0.614
0.604
0.576
0.529
0.539
0.551
0.506
0.497
0.43
0.406
0.351
0.32
0.241
0.179
0.155
0.101
0.126
0.075
0.072
0.034
0.064
0.015
-0.026
0.036
-0.048
-0.016
0.007
-0.062
-0.037
-0.061
-0.064
-0.07
-0.1
-0.134
-0.121
-0.128
-0.114
-0.151
-0.135
-0.163
-0.182
-0.215
-0.31
-0.328
-0.366
-0.341
-0.408
-0.486
-0.307
-0.394
-0.479
-0.44
-0.43
-0.403
-0.394
-0.367
-0.362
-0.383
-0.349
-0.344
-0.269
-0.228
-0.291
-0.249
-0.285
-0.246
-0.21
-0.195
-0.135
-0.155
-0.088
-0.089
-0.043
-0.048
0.015
0.035
0.026
0.034
0.035
0.07
0.009
0.149
0.041
0.103
0.114
0.109
0.105
