0.081
-0.163
-0.035
-0.085
-0.173
-0.158
-0.198
-0.414
-0.551
-0.569
-0.879
-0.843
-1.028
-1.062
-0.904
-1.005
-1.181
-1.131
-1.151
-1.186
-1.271
-1.266
-1.308
-1.2
-1.181
-1.194
-1.07
-1.075
-1.046
-0.876
-0.964
-0.85
-0.986
-0.826
-0.695
-0.608
-0.485
-0.525
-0.372
-0.211
-0.168
-0.083
-0.029
0.004
-0.086
0.07
0.059
0.149
0.122
0.214
0.209
0.279
0.099
0.233
0.351
0.435
0.568
0.532
0.487
0.664
0.511
0.608
0.419
0.667
0.552
0.524
0.603
0.52
0.456
0.42
0.42
0.435
0.41
0.329
0.189
0.175
0.27
0.349
0.354
0.415
0.451
0.19
0.32
0.206
0.195
0.255
0.24
0.085
0.12
0.24
0.288
0.259
0.15
0.274
0.253
0.138
0.166
0.074
-0.022
-0.103
-0.21
-0.165
-0.064
-0.084
-0.139
-0.203
-0.234
-0.223
-0.249
-0.338
-0.361
-0.175
-0.2
-0.247
-0.145
-0.36
-0.215
-0.217
-0.165
-0.163
-0.069
-0.059
-0.06
0.01
0.203
0.381
0.49
0.529
0.529
0.499
0.539
0.464
0.492
0.608
0.522
0.715
0.536
0.47
0.524
0.512
0.616
0.651
0.665
0.395
0.391
0.396
0.326
0.311
0.23
0.254
0.289
0.346
0.159
0.212
0.025
-0.065
0.044
0.005
-0.107
-0.164
-0.04
-0.169
-0.209
-0.02
-0.179
-0.274
-0.33
-0.333
-0.393
-0.249
-0.119
0.004
0.011
-0.079
-0.106
-0.045
-0.177
-0.158
-0.131
-0.075
-0.228
-0.109
-0.195
-0.11
0.024
0.092
0.226
0.343
0.371
0.119
0.103
0.088
-0.039
-0.054
-0.11
-0.039
-0.009
0.013
0.091
0.021
0.069
0.054
0.224
0.325
0.259
0.129
-0.026
-0.13
-0.344
-0.31
-0.263
-0.449
-0.461
-0.404
-0.31
-0.367
-0.279
-0.236
-0.445
-0.593
-0.682
-0.634
-0.792
-0.865
-0.904
-1.066
-0.829
-0.799
-0.864
-0.9
-1.012
-1.018
-0.936
-0.787
-0.941
-0.885
-0.958
-0.816
-0.811
-0.858
-0.68
-0.556
-0.398
-0.307
-0.411
-0.388
-0.341
-0.379
-0.473
-0.263
-0.315
-0.076
-0.138
-0.143
-0.247
-0.369
-0.005
-0.006
0.005
0.026
0.121
0.215
0.19
0.526
0.403
0.581
0.64
0.61
0.719
0.809
0.893
0.77
0.919
0.896
1.141
1.214
1.407
1.496
1.405
1.699
1.601
1.671
1.578
1.639
1.292
1.44
1.43
1.407
1.459
1.443
1.49
1.514
1.583
1.576
1.501
1.496
1.386
1.325
1.261
1.099
1.126
1.049
0.965
0.844
0.726
0.584
0.657
0.395
0.292
0.301
0.145
0.171
-0.085
-0.323
-0.225
-0.335
-0.126
-0.079
-0.044
-0.036
-0.045
0.022
0.098
0.033
0.333
0.517
0.674
0.776
0.845
0.931
1.004
0.938
1.123
1.019
1.176
1.059
1.052
0.974
1.078
1.165
1.105
1.079
0.855
0.895
1.134
0.941
0.966
0.906
0.939
0.897
0.988
0.96
0.96
0.878
0.854
0.753
0.724
0.517
0.496
0.325
0.345
0.24
0.02
0.159
0.314
0.121
-0.091
-0.064
-0.361
-0.22
-0.269
-0.269
-0.27
-0.339
-0.214
-0.401
-0.465
-0.529
-0.782
-0.585
-0.686
-0.676
-0.526
-0.426
-0.44
-0.416
-0.445
-0.4
-0.249
-0.432
-0.38
-0.596
-0.537
-0.441
-0.562
-0.526
-0.629
-0.49
-0.381
-0.28
-0.295
-0.208
-0.145
-0.203
-0.055
-0.044
0.024
0.079
0.095
0.025
-0.064
0.0
-0.051
-0.081
0.106
0.092
-0.129
-0.046
0.114
0.06
-0.041
0.046
0.166
0.069
0.104
0.174
0.054
0.086
0.195
0.081
0.182
0.176
0.126
0.025
0.171
0.088
-0.034
-0.034
-0.037
-0.006
0.036
0.086
-0.15
-0.214
-0.233
-0.314
-0.103
-0.034
0.065
0.109
0.266
0.288
0.266
0.238
0.225
0.12
0.14
0.059
0.088
-0.166
-0.263
-0.324
-0.401
-0.288
-0.201
-0.539
-0.56
-0.675
-0.409
-0.236
-0.341
-0.401
-0.426
-0.279
-0.151
-0.155
-0.269
-0.357
-0.394
-0.471
-0.35
-0.381
-0.416
-0.32
-0.266
-0.211
-0.328
-0.386
-0.23
-0.39
-0.203
-0.149
-0.129
-0.169
-0.075
-0.334
-0.37
-0.318
-0.154
-0.061
-0.194
-0.413
-0.244
-0.094
-0.163
-0.273
-0.084
-0.143
-0.242
-0.51
-0.588
-0.655
-0.606
-0.932
-0.675
-0.939
-1.014
-0.907
-0.886
-0.853
-0.685
-0.791
-0.777
-0.695
-0.655
-0.559
-0.475
-0.512
-0.642
-0.508
-0.657
-0.586
-0.198
-0.344
-0.295
-0.3
-0.266
-0.121
-0.094
-0.059
-0.129
-0.165
-0.241
-0.169
-0.109
-0.07
-0.02
-0.141
-0.198
-0.179
0.0
-0.058
-0.152
-0.171
-0.226
-0.199
-0.134
0.196
0.254
0.314
0.409
0.43
0.3
0.339
0.474
0.389
0.394
0.338
0.249
0.35
0.015
0.398
0.426
0.5
0.542
0.331
0.152
-0.041
-0.171
-0.275
-0.304
-0.413
-0.42
-0.535
-0.586
-0.84
-0.889
-0.984
-1.051
-1.104
-1.129
-0.931
-0.684
-0.491
-0.479
-0.631
-0.564
-0.804
-0.943
-0.95
-1.306
-1.16
-1.049
-0.966
-0.863
-0.941
-0.845
-0.914
-0.993
-0.799
-0.619
-0.649
-0.82
-0.856
-0.39
-0.699
-0.514
-0.361
-0.354
-0.19
-0.004
0.006
0.071
0.144
0.193
0.177
0.212
0.105
0.026
0.099
0.284
0.47
0.614
0.58
0.669
1.026
1.354
1.581
1.466
1.39
1.423
1.244
1.126
1.088
1.001
1.084
0.896
0.868
0.691
0.703
0.756
0.662
0.61
0.682
0.593
0.48
0.479
0.226
0.189
0.398
0.085
0.106
-0.181
0.105
-0.094
-0.419
-0.326
-0.31
-0.175
-0.217
-0.239
-0.246
-0.194
-0.195
-0.141
-0.297
-0.394
-0.335
-0.206
-0.163
-0.239
-0.196
-0.091
0.106
0.189
0.065
0.107
0.217
0.129
0.031
0.046
0.164
0.122
0.058
0.029
0.075
-0.036
-0.061
-0.244
-0.445
-0.516
-0.801
-0.824
-0.646
-0.65
-0.571
-0.578
-0.57
-0.634
-0.589
-0.618
-0.671
-0.835
-0.98
-0.659
-0.814
-0.92
-0.948
-0.851
-0.846
-0.948
-0.85
-0.869
-0.905
-0.814
-0.859
-0.723
-0.5
-0.422
-0.256
-0.284
-0.146
-0.036
0.131
0.255
0.349
0.443
0.478
0.936
1.009
0.894
0.796
0.776
0.566
0.616
0.557
0.549
0.486
0.362
0.383
0.455
0.408
0.205
0.505
0.618
0.795
0.698
0.728
0.562
0.424
0.328
0.388
0.28
0.453
0.413
0.263
0.235
0.366
0.415
0.448
0.619
0.494
0.496
0.304
0.431
0.566
0.499
0.574
0.539
0.565
0.614
0.588
0.688
0.532
0.549
0.289
0.238
0.035
-0.049
0.044
-0.009
-0.041
-0.11
0.013
0.035
0.099
0.124
0.005
0.265
-0.079
-0.356
-0.589
-0.491
-0.63
-0.738
-0.552
-0.576
-0.615
-0.421
-0.674
-0.574
-0.369
-0.57
-0.38
-0.118
-0.396
-0.53
-0.425
-0.365
-0.198
-0.226
-0.311
-0.138
-0.22
-0.479
-0.479
-0.357
-0.306
-0.077
-0.08
-0.077
-0.034
-0.106
0.026
-0.101
-0.114
-0.06
0.024
-0.061
0.071
0.318
0.041
0.072
0.024
0.125
0.17
0.203
0.261
0.255
0.255
0.314
0.21
0.041
0.015
0.062
-0.129
0.206
0.331
0.291
0.299
0.302
0.11
-0.016
0.052
0.08
-0.18
-0.116
-0.092
-0.019
-0.075
-0.236
-0.314
-0.101
-0.154
-0.165
-0.223
-0.219
-0.081
-0.206
-0.138
-0.219
-0.235
-0.315
-0.113
-0.096
0.007
0.081
0.169
0.189
0.07
0.088
0.039
0.06
0.107
-0.046
0.06
-0.096
-0.217
-0.338
-0.439
-0.385
-0.369
-0.295
-0.247
-0.141
-0.164
-0.145
-0.321
-0.278
-0.386
-0.25
-0.333
-0.29
-0.307
-0.384
-0.661
-0.596
-0.651
-0.676
-0.706
-0.76
-0.698
-0.774
-0.654
-0.641
-0.594
-0.506
-0.635
-0.453
-0.441
-0.33
-0.211
-0.055
-0.024
0.045
0.004
-0.049
-0.036
-0.092
-0.085
-0.29
-0.345
-0.274
-0.245
-0.286
-0.188
-0.118
-0.015
-0.071
0.035
0.15
0.077
0.135
0.144
0.09
-0.1
-0.088
-0.139
-0.264
-0.275
-0.355
-0.425
-0.479
-0.147
-0.146
-0.439
-0.435
-0.469
-0.4
-0.399
-0.307
-0.306
-0.366
-0.279
-0.091
-0.098
0.019
0.049
0.051
0.079
0.03
-0.018
-0.258
-0.099
-0.24
-0.156
-0.066
0.022
0.168
0.144
0.584
0.348
0.399
0.236
0.285
0.434
0.356
0.495
0.6
0.851
0.907
0.927
1.044
1.19
1.256
1.235
1.069
0.897
0.971
0.999
0.71
0.671
0.69
0.631
0.721
0.537
0.573
0.571
0.621
0.676
0.535
0.703
0.84
0.642
0.584
0.623
0.5
0.426
0.512
0.674
0.659
0.682
0.855
0.661
0.647
0.821
0.893
0.904
0.786
0.864
0.897
1.026
1.04
1.203
0.914
1.08
1.01
1.031
0.978
1.044
1.036
1.093
1.101
1.235
1.226
1.094
0.949
0.856
0.916
1.104
1.179
1.188
1.111
1.174
1.218
1.026
0.939
0.845
0.897
0.891
0.755
0.733
0.684
0.772
0.774
0.647
0.657
0.331
0.323
0.253
0.195
0.16
0.281
0.44
0.511
0.455
0.311
0.381
0.469
0.588
0.691
0.616
0.509
0.615
0.35
0.238
0.211
0.254
0.107
0.07
0.124
0.116
-0.071
0.004
-0.02
0.366
0.24
0.279
0.388
0.398
0.281
0.623
0.351
0.456
0.603
0.569
0.441
0.245
0.49
0.481
0.492
0.516
0.475
0.383
0.435
0.311
0.385
0.521
0.623
0.605
0.626
0.504
0.46
0.482
0.443
0.634
0.514
0.445
0.545
0.698
0.714
0.611
0.515
0.765
0.691
0.46
0.494
0.537
0.63
0.435
0.515
0.566
0.541
0.511
0.544
0.461
0.316
0.341
0.306
0.28
0.269
0.136
0.301
0.328
0.41
0.143
-0.055
-0.044
0.271
0.085
0.095
0.075
0.091
-0.15
-0.147
-0.291
-0.391
-0.439
-0.411
-0.628
-0.787
-0.9
-0.618
-0.47
-0.47
-0.426
-0.551
-0.46
-0.494
-0.422
-0.505
-0.487
-0.484
-0.33
-0.201
-0.319
-0.238
-0.503
-0.44
-0.721
-0.745
-0.605
-0.79
-0.963
-1.147
-1.055
-1.206
-1.244
-1.331
-1.433
-1.509
-1.549
-1.594
-1.588
-1.364
-1.588
-1.251
-1.276
-1.089
-1.045
-0.911
-0.991
-0.894
-0.929
-0.521
-0.375
-0.361
-0.13
-0.143
-0.14
-0.01
0.062
-0.029
0.092
0.018
0.048
0.103
-0.014
0.046
0.251
0.181
0.309
0.245
0.255
-0.048
-0.02
-0.131
-0.021
-0.115
-0.114
0.051
0.16
0.094
-0.029
-0.085
-0.206
-0.209
-0.265
-0.385
-0.409
-0.497
-0.529
-0.787
-0.796
-0.834
-1.04
-0.999
-1.305
-1.384
-1.542
-1.571
-1.391
-1.556
-1.405
-1.397
-1.489
-1.475
-1.407
-1.494
-1.409
-1.221
-1.238
-1.234
-1.146
-1.084
-0.988
-1.032
-1.011
-0.895
-0.734
-0.789
-0.859
-0.749
-0.949
-1.029
-1.184
-1.12
-1.135
-0.988
-1.055
-0.831
-0.64
-0.63
-0.441
-0.524
-0.306
-0.263
-0.203
-0.092
-0.07
-0.11
0.16
0.069
0.085
0.247
0.079
0.128
-0.048
0.173
0.105
-0.006
0.121
0.141
0.064
-0.018
-0.088
0.054
-0.119
-0.155
-0.14
-0.19
0.003
-0.26
-0.234
-0.144
-0.195
-0.161
-0.14
-0.129
0.17
0.101
-0.03
0.07
0.177
0.136
0.039
0.0
0.198
0.258
0.329
0.416
0.566
0.675
0.661
0.642
0.642
0.804
0.725
0.82
0.631
0.593
0.642
0.681
0.777
0.763
0.681
0.529
0.396
0.47
0.511
0.288
0.384
0.426
0.273
0.064
0.12
0.011
0.031
-0.04
0.024
0.03
-0.055
-0.085
-0.065
-0.173
-0.104
-0.188
-0.092
-0.088
-0.059
-0.271
-0.217
-0.31
-0.195
-0.271
-0.135
0.175
0.195
0.22
-0.095
-0.026
-0.001
0.076
-0.011
0.075
0.118
0.12
0.155
0.164
-0.006
-0.019
-0.021
-0.169
-0.105
0.034
-0.139
-0.106
0.028
-0.084
0.168
0.026
0.189
0.33
0.361
0.667
0.804
0.786
0.794
0.777
0.641
0.6
0.769
0.714
0.95
0.86
0.784
0.672
0.669
0.505
0.413
0.414
0.181
0.199
-0.054
-0.072
-0.013
0.059
0.004
0.013
-0.125
-0.089
-0.114
-0.209
-0.133
-0.169
-0.021
-0.203
-0.278
-0.159
-0.176
-0.323
-0.31
-0.29
-0.206
-0.105
-0.371
-0.261
-0.221
-0.119
-0.164
-0.06
-0.077
0.006
-0.041
-0.025
-0.029
0.255
0.163
0.139
0.249
0.22
0.516
0.539
0.629
0.699
0.733
0.657
0.7
0.726
1.059
1.011
0.938
0.861
0.976
0.84
0.792
0.77
0.703
0.71
0.629
0.661
0.756
0.671
0.595
0.775
0.422
0.371
0.325
0.3
0.21
0.201
0.104
0.168
0.188
0.249
0.159
0.171
0.115
0.51
0.311
0.194
0.059
-0.188
-0.211
-0.331
-0.468
-0.23
-0.352
-0.328
-0.364
-0.417
-0.411
-0.374
-0.292
-0.343
-0.311
-0.446
-0.399
-0.586
-0.623
-0.775
-0.749
-0.605
-0.685
-0.745
-0.61
-0.61
-0.541
-0.385
-0.396
-0.256
-0.24
-0.223
-0.351
-0.331
-0.283
-0.29
-0.434
-0.649
-0.705
-0.647
-0.759
-0.62
-0.608
-0.56
-0.932
-1.144
-1.176
-0.99
-0.888
-0.784
-0.858
-0.674
-0.64
-0.772
-0.829
-0.856
-0.797
-0.661
-0.709
-0.568
-0.375
-0.415
-0.334
-0.343
-0.238
-0.194
-0.13
-0.236
-0.36
-0.417
-0.386
-0.279
-0.486
-0.61
-0.615
-0.624
-0.479
-0.425
-0.446
-0.515
-0.417
-0.5
-0.421
-0.372
-0.482
-0.463
-0.435
-0.542
-0.426
-0.749
-0.811
-0.739
-0.964
-0.818
-1.113
-1.101
-1.265
-1.189
-1.084
-1.019
-0.941
-0.938
-0.894
-0.828
-0.799
-0.886
-0.656
-0.69
-0.578
-0.374
-0.241
0.04
0.181
0.372
0.535
0.534
0.667
0.675
0.703
0.584
0.556
0.568
0.561
0.799
0.71
0.802
0.699
0.66
0.691
0.708
0.731
0.772
0.625
0.603
0.639
0.656
0.65
0.586
0.664
0.569
0.667
0.671
0.766
0.823
0.634
0.565
0.598
0.594
0.615
0.525
0.562
0.565
0.275
0.366
0.492
0.514
0.376
0.427
0.27
0.571
0.561
0.705
0.76
0.73
0.633
0.786
0.925
0.97
0.895
0.869
0.819
0.754
0.736
0.724
0.557
0.634
0.573
0.626
0.51
0.525
0.535
0.445
0.458
0.564
0.682
0.711
0.69
0.688
0.552
0.475
0.546
0.545
0.394
0.522
0.4
0.375
0.429
0.497
0.484
0.454
0.698
0.625
0.738
0.868
0.954
0.855
0.938
0.792
0.688
0.669
0.639
0.831
0.812
0.912
0.806
0.963
0.995
0.971
0.991
1.009
0.88
0.831
0.818
0.662
0.63
0.655
0.733
0.721
0.689
0.656
0.512
0.429
0.427
0.182
0.025
0.049
0.147
0.011
0.024
0.065
0.209
0.235
0.426
0.57
0.325
0.338
0.139
0.19
-0.005
0.145
0.066
0.11
0.184
0.216
0.134
-0.114
-0.216
-0.168
-0.115
0.019
-0.054
0.105
0.095
0.185
0.024
0.035
-0.149
0.013
0.086
0.205
0.155
0.201
0.061
-0.062
-0.131
-0.046
0.015
0.19
0.003
0.103
0.041
0.056
0.116
0.246
0.256
0.388
0.501
0.403
0.446
0.408
0.549
0.61
0.42
0.606
0.503
0.292
0.302
0.25
0.351
0.276
0.389
0.485
0.454
0.474
0.404
0.573
0.656
0.573
0.438
0.371
0.562
0.383
0.764
0.785
0.989
1.061
0.864
1.05
0.989
0.941
0.679
0.481
0.677
0.593
0.4
0.52
0.676
0.54
0.614
0.662
0.646
0.8
0.927
0.785
0.786
0.636
0.633
0.666
0.641
0.7
0.642
0.662
0.605
0.604
0.425
0.171
0.269
0.165
0.074
0.096
0.088
-0.18
-0.041
-0.329
-0.615
-0.295
-0.256
-0.325
-0.444
-0.403
-0.532
-0.45
-0.453
-0.516
-0.532
-0.512
-0.463
-0.378
-0.506
-0.532
-0.296
-0.076
-0.065
-0.037
0.066
-0.208
-0.101
-0.191
-0.264
-0.316
-0.29
-0.249
-0.405
-0.372
-0.45
-0.681
-0.685
-0.681
-0.6
-0.598
-0.7
-0.82
-0.889
-0.815
-1.002
-1.097
-0.95
-1.11
-1.302
-1.443
-1.695
-1.514
-1.765
-1.624
-1.675
-1.732
-1.566
-1.51
-1.603
-1.681
-1.54
-1.529
-1.363
-1.302
-1.185
-0.901
-0.785
-0.561
-0.446
-0.274
-0.011
0.128
0.164
0.22
0.338
0.291
0.434
0.504
0.554
0.618
0.616
0.836
0.677
0.76
0.761
0.838
0.906
0.689
0.564
0.336
0.199
0.279
0.214
0.15
-0.195
-0.266
-0.369
-0.378
-0.329
-0.393
-0.531
-0.524
-0.695
-0.744
-0.83
-0.965
-0.991
-1.01
-0.873
-0.756
-0.614
-0.497
-0.512
-0.489
-0.589
-0.772
-0.651
-0.77
-0.67
-0.537
-0.521
-0.503
-0.478
-0.509
-0.266
-0.401
-0.306
-0.445
-0.487
-0.427
-0.343
-0.33
-0.191
-0.104
-0.326
-0.292
-0.152
-0.255
-0.14
-0.25
-0.151
-0.307
-0.344
-0.309
-0.634
-0.6
-0.615
-0.549
-0.399
-0.234
-0.115
-0.064
-0.212
0.069
-0.007
0.035
0.164
0.051
0.005
-0.106
-0.176
-0.122
0.092
0.024
-0.058
0.125
0.022
-0.096
-0.212
-0.268
-0.245
0.058
-0.15
-0.231
-0.245
-0.256
-0.208
-0.196
-0.086
-0.141
-0.239
-0.261
-0.253
-0.414
-0.551
-0.415
-0.479
-0.506
-0.698
-0.936
-0.868
-1.002
-1.022
-1.101
-1.295
-1.364
-1.395
-1.404
-1.206
-1.059
-0.931
-0.771
-0.785
-0.765
-0.43
-0.381
-0.163
-0.111
-0.054
-0.103
0.163
0.138
0.394
0.464
0.568
0.713
0.539
0.494
0.264
0.42
0.504
0.522
0.481
0.356
0.154
0.101
0.338
0.494
0.425
0.664
0.825
0.871
0.934
0.772
0.634
0.719
0.656
0.51
0.449
0.3
0.49
0.349
0.224
0.193
-0.126
-0.077
-0.151
-0.261
-0.255
-0.408
-0.312
-0.26
-0.25
-0.289
-0.344
-0.171
0.001
0.085
0.179
0.216
0.144
0.254
0.359
0.356
0.478
0.456
0.669
0.691
0.834
0.792
0.83
0.829
0.763
0.759
0.876
0.924
0.993
0.98
0.92
0.993
1.035
1.014
0.912
0.651
0.708
0.544
0.311
0.302
0.44
0.539
0.583
0.529
0.605
0.522
0.36
0.506
0.404
0.319
0.15
0.138
-0.059
-0.065
-0.174
-0.225
-0.06
-0.033
-0.022
0.18
0.12
0.26
0.372
0.425
0.398
0.139
0.072
0.115
0.071
0.143
-0.007
0.03
-0.046
-0.071
0.164
0.245
0.474
0.226
0.487
0.25
0.03
-0.061
-0.355
-0.48
-0.47
-0.606
-0.861
-0.886
-1.002
-1.205
-1.296
-1.318
-1.309
-1.304
-1.391
-1.346
-1.414
-1.369
-1.357
-1.201
-1.161
-1.105
-1.109
-1.091
-1.086
-1.2
-0.976
-1.131
-1.032
-0.916
-0.871
-0.728
-0.791
-0.694
-0.547
-0.473
-0.247
-0.106
-0.016
-0.076
0.135
-0.135
-0.16
-0.265
-0.168
-0.045
0.051
0.075
0.059
0.133
0.103
0.064
0.296
0.384
0.31
0.439
0.394
0.505
0.443
0.341
0.305
0.194
0.062
-0.016
0.139
0.061
-0.124
-0.203
-0.226
-0.304
-0.147
-0.286
-0.203
-0.114
-0.09
-0.101
-0.076
-0.085
-0.29
-0.2
-0.156
-0.151
-0.018
-0.195
0.089
0.08
0.242
0.228
0.348
0.18
0.3
0.463
0.356
0.344
0.39
0.586
0.546
0.544
0.723
0.719
0.665
0.815
0.989
1.026
0.92
0.799
0.77
0.63
0.512
0.492
0.351
0.096
0.066
-0.098
-0.13
-0.075
-0.304
-0.503
-0.688
-0.584
-0.772
-0.672
-0.655
-0.626
-0.604
-0.73
-0.579
-0.771
-0.686
-1.025
-0.858
-0.74
-0.618
-0.525
-0.51
-0.403
-0.212
-0.114
-0.47
-0.537
-0.417
-0.436
-0.228
-0.366
-0.126
-0.11
-0.174
0.147
0.072
0.08
-0.044
0.028
0.144
0.258
0.323
0.355
0.601
0.724
0.709
0.64
0.675
0.774
0.814
0.634
0.94
0.938
0.836
0.859
1.076
1.032
0.868
0.879
0.9
0.79
0.821
0.891
0.989
0.846
0.996
0.876
0.915
0.926
0.809
0.841
0.764
0.719
0.931
0.939
0.953
1.071
1.117
1.016
0.926
0.907
1.091
1.16
1.114
1.177
1.254
1.326
1.292
1.359
1.294
1.423
1.295
1.177
1.042
1.071
0.945
1.002
0.851
0.619
0.536
0.466
0.456
0.578
0.606
0.604
0.351
0.326
0.35
0.463
0.434
0.415
0.329
0.166
0.124
0.35
0.147
0.019
-0.031
-0.011
-0.061
-0.09
-0.09
-0.161
-0.271
-0.199
-0.144
-0.011
-0.028
-0.13
-0.088
-0.251
-0.311
-0.427
-0.37
-0.242
-0.13
-0.08
-0.109
-0.092
-0.138
-0.085
0.071
-0.059
-0.049
-0.092
-0.242
-0.414
-0.388
-0.458
-0.356
0.049
0.109
0.212
0.048
0.19
0.357
0.214
0.23
0.095
0.099
-0.037
-0.061
-0.212
-0.269
-0.215
-0.184
-0.156
-0.115
-0.07
-0.164
-0.275
-0.177
0.09
0.003
0.284
0.305
0.226
0.221
0.273
0.305
0.2
0.236
0.141
0.182
0.113
0.105
0.126
0.294
0.556
0.682
0.897
0.97
1.034
1.054
1.009
0.925
0.69
0.526
0.517
0.696
0.406
0.511
0.524
0.389
0.236
0.461
0.47
0.265
-10.336
-4.324
0.01
0.084
0.099
-0.083
-0.159
-0.039
-0.297
-0.159
-0.284
-0.143
-0.046
-0.007
-0.111
-0.159
-0.124
-0.383
-0.223
-0.131
-0.173
-0.046
-0.258
-0.329
-0.323
-0.096
-0.147
-0.066
-0.033
-0.144
-0.352
-0.33
-0.68
-0.924
-0.91
-0.815
-0.833
-0.693
-0.736
-0.546
-0.755
-0.84
-0.69
-0.706
-0.671
-0.749
-0.66
-0.51
-0.441
-0.482
-0.375
-0.526
-0.341
-0.221
0.025
0.205
0.431
0.461
0.559
0.638
0.625
0.512
0.432
0.264
0.156
0.314
0.311
0.264
0.191
0.101
0.184
0.125
0.075
0.135
0.21
0.155
0.166
0.103
0.074
0.059
-0.049
-0.019
0.194
0.079
0.131
-0.021
-0.098
-0.247
-0.101
-0.395
-0.527
-0.503
-0.595
-0.487
-0.286
-0.439
-0.396
-0.364
-0.417
-0.526
-0.511
-0.427
-0.554
-0.571
-0.556
-0.453
-0.23
-0.291
-0.084
-0.211
-0.371
-0.209
-0.135
-0.177
-0.208
-0.228
-0.189
-0.139
-0.101
-0.165
-0.095
-0.256
-0.225
-0.453
-0.369
-0.471
-0.362
-0.311
-0.352
-0.285
-0.255
-0.135
-0.14
-0.179
-0.235
-0.24
0.028
0.096
0.074
0.07
-0.001
0.163
0.077
0.071
0.066
-0.296
-0.29
-0.325
-0.275
-0.239
-0.22
-0.249
-0.062
-0.106
-0.271
-0.159
-0.107
-0.05
-0.021
0.084
0.224
0.371
0.27
0.122
-0.05
-0.054
0.045
-0.025
0.045
-0.128
-0.274
-0.235
-0.436
-0.28
-0.289
-0.225
-0.235
-0.415
-0.51
-0.635
-0.634
-0.372
-0.33
-0.065
-0.116
-0.258
-0.208
-0.168
-0.235
-0.195
-0.384
-0.318
-0.441
-0.486
-0.22
-0.376
-0.185
-0.286
-0.13
-0.364
-0.25
-0.343
-0.576
-0.564
-0.646
-0.628
-0.436
-0.427
-0.39
-0.459
-0.289
-0.215
-0.365
-0.361
-0.321
-0.185
-0.024
0.081
-0.04
0.086
0.083
-0.051
0.189
0.149
0.236
0.284
0.487
0.355
0.239
0.101
0.15
0.221
0.331
0.028
0.144
0.266
0.019
-0.136
-0.169
-0.169
-0.106
-0.05
-0.13
-0.136
-0.052
-0.003
-0.104
-0.115
0.043
0.131
-0.083
-0.118
-0.328
-0.165
-0.024
0.1
0.193
0.376
0.374
0.188
0.239
0.161
0.292
0.199
0.216
0.256
0.289
0.258
0.436
0.416
0.616
0.595
0.664
0.554
0.583
0.606
0.357
0.289
0.231
0.246
0.251
0.264
0.355
0.075
0.055
0.009
-0.016
0.051
0.039
0.005
-0.138
-0.21
-0.307
-0.421
-0.26
-0.466
-0.403
-0.43
-0.341
-0.598
-0.512
-0.556
-0.529
-0.399
-0.286
-0.083
0.26
0.323
0.286
0.307
0.517
0.465
0.225
0.301
0.221
0.18
0.224
0.181
0.122
0.296
0.286
0.186
0.169
-0.095
-0.113
-0.033
-0.089
-0.14
-0.235
-0.294
-0.339
-0.188
-0.17
-0.216
-0.212
-0.311
-0.325
-0.4
-0.306
-0.446
-0.375
-0.46
-0.55
-0.545
-0.562
-0.417
-0.453
-0.36
-0.454
-0.574
-0.839
-0.688
-0.85
-0.833
-1.018
-1.038
-1.062
-1.076
-1.062
-0.829
-0.871
-0.93
-0.885
-0.95
-1.014
-0.843
-0.895
-0.739
-0.68
-0.59
-0.484
-0.301
-0.312
-0.361
-0.371
-0.018
0.107
0.26
0.045
0.27
-0.152
-0.212
-0.036
0.074
0.09
0.19
0.284
0.253
0.206
0.33
0.128
0.413
0.422
0.491
0.631
0.196
0.185
0.129
-0.09
-0.177
-0.144
-0.031
0.011
-0.088
-0.278
-0.3
-0.311
-0.357
-0.395
-0.261
-0.081
-0.165
-0.154
-0.106
-0.198
-0.144
0.107
0.297
0.406
0.659
0.724
0.819
0.814
0.674
0.758
0.917
1.006
0.829
0.85
0.89
0.981
0.932
0.944
0.81
0.765
0.721
0.647
0.45
0.231
0.281
0.299
0.379
0.255
0.328
0.284
-0.083
-0.194
-0.189
-0.166
-0.155
-0.051
-0.141
-0.288
-0.265
-0.371
-0.408
-0.32
-0.283
-0.268
-0.352
-0.241
-0.444
-0.419
-0.376
-0.354
-0.244
-0.098
0.08
0.076
0.235
0.352
0.388
0.661
0.475
0.74
0.469
0.503
0.549
0.491
0.656
0.715
0.772
0.87
0.77
0.611
0.49
0.438
0.445
0.446
0.836
0.99
1.046
0.932
0.968
1.109
0.938
0.8
0.557
0.473
0.383
0.453
0.415
0.395
0.249
0.141
0.194
0.077
0.28
0.191
0.484
0.399
0.408
0.479
0.536
0.361
0.3
0.497
0.459
0.431
0.584
0.481
0.497
0.398
0.515
0.631
0.681
0.575
0.521
0.503
0.463
0.652
0.549
0.486
0.461
0.505
0.611
0.562
0.765
0.875
0.932
1.004
0.95
0.975
1.206
1.3
1.144
1.251
1.245
1.183
1.292
1.306
1.373
1.514
1.516
1.37
1.495
1.474
1.306
1.111
1.018
1.188
0.866
0.906
0.949
1.026
1.01
1.022
1.225
1.042
0.998
0.804
0.68
0.646
0.58
0.542
0.551
0.465
0.345
0.054
-0.025
0.105
0.28
0.343
0.284
0.399
0.465
0.398
0.307
0.23
0.18
0.335
0.321
0.31
0.219
0.29
0.266
0.35
0.307
0.351
0.419
0.474
0.51
0.388
0.33
0.516
0.451
0.391
0.556
0.23
0.152
0.099
-0.04
-0.033
-0.048
-0.124
-0.124
-0.194
-0.401
-0.367
-0.489
-0.521
-0.662
-0.82
-0.853
-0.849
-0.647
-0.7
-0.708
-0.839
-0.716
-0.45
-0.47
-0.521
-0.416
-0.516
-0.515
-0.657
-0.404
-0.499
-0.334
-0.396
-0.16
-0.141
0.003
0.371
0.258
0.238
0.004
0.061
0.071
0.434
0.184
0.27
-0.143
0.241
0.268
0.251
0.101
0.217
-0.018
0.084
0.064
0.311
0.689
0.993
0.835
0.772
0.638
0.633
0.359
0.086
-0.046
-0.021
-0.113
-0.096
0.015
-0.171
-0.166
-0.525
-0.492
-0.638
-0.521
-0.743
-0.994
-0.912
-0.988
-1.099
-0.983
-0.975
-1.214
-1.219
-1.147
-1.359
-1.481
-1.603
-1.823
-1.834
-1.821
-1.909
-1.677
-1.615
-1.728
-1.471
-1.413
-1.338
-0.973
-0.878
-0.782
-0.883
-0.912
-0.795
-0.82
-0.829
-0.733
-0.764
-0.614
-0.569
-0.611
-0.369
-0.562
-0.191
0.135
0.179
0.152
0.051
0.196
0.33
0.439
0.196
0.096
0.405
0.441
0.554
0.624
0.588
0.745
0.647
0.677
0.696
0.859
0.95
0.814
0.856
0.873
0.835
0.593
0.557
0.496
0.458
0.42
0.38
0.225
0.458
0.468
0.241
0.359
0.289
0.284
0.19
0.226
0.225
0.165
0.182
0.143
0.115
0.122
0.135
0.056
0.113
-0.014
-0.147
-0.144
-0.3
-0.236
-0.221
-0.052
-0.118
-0.209
-0.349
-0.346
-0.216
-0.276
-0.309
-0.365
-0.384
-0.503
-0.495
-0.529
-0.623
-0.655
-0.729
-0.835
-1.097
-1.085
-1.029
-1.041
-1.137
-1.219
-1.029
-0.979
-0.72
-0.581
-0.393
-0.519
-0.585
-0.696
-0.603
-0.331
-0.403
-0.651
-0.417
-0.487
-0.545
-0.434
-0.405
-0.534
-0.554
-0.55
-0.421
-0.3
-0.091
0.015
0.084
-0.007
0.107
0.071
0.395
0.659
0.76
0.831
1.242
1.269
1.288
1.278
1.289
1.349
1.228
1.231
1.12
0.985
0.765
0.69
0.596
0.355
0.601
0.559
0.429
0.236
0.156
0.198
0.449
0.561
0.573
0.424
0.251
0.279
0.375
0.291
0.341
0.335
0.2
0.284
0.034
-0.273
-0.321
-0.376
-0.566
-0.594
-0.51
-0.519
-0.671
-0.58
-0.591
-0.72
-0.786
-0.738
-0.973
-1.074
-1.15
-1.371
-1.44
-1.268
-1.103
-1.116
-1.249
-1.23
-1.218
-1.321
-1.329
-1.12
-1.012
-1.002
-1.117
-1.131
-1.034
-1.181
-1.351
-1.23
-1.229
-0.959
-0.894
-0.945
-0.938
-0.974
-0.981
-0.802
-0.72
-0.549
-0.606
-0.435
-0.256
-0.268
-0.209
-0.292
-0.206
-0.139
-0.159
-0.144
-0.199
-0.335
-0.297
-0.295
-0.147
-0.081
-0.045
0.01
-0.028
-0.096
-0.113
-0.254
-0.208
-0.31
-0.394
-0.281
-0.086
-0.161
-0.214
-0.122
-0.226
-0.138
-0.26
-0.362
-0.323
-0.339
-0.251
-0.305
-0.394
-0.326
-0.36
-0.255
-0.217
-0.175
-0.141
-0.107
-0.018
0.021
0.016
0.014
0.288
0.253
0.345
0.288
0.263
0.246
0.125
0.422
0.378
0.23
0.22
0.024
0.13
-0.095
-0.079
-0.181
-0.355
-0.64
-0.596
-0.565
-0.431
-0.32
-0.18
-0.115
-0.14
-0.209
-0.24
-0.129
-0.186
-0.214
-0.141
-0.141
-0.314
-0.033
0.043
0.17
0.333
0.314
0.355
0.38
0.333
0.229
0.426
0.482
0.231
0.677
0.735
0.718
0.556
0.646
0.466
0.266
0.268
0.151
0.065
0.069
0.306
0.427
0.455
0.391
0.487
0.72
0.894
0.94
0.914
0.935
0.779
0.635
0.859
1.051
0.834
1.019
0.976
0.9
0.784
0.739
0.659
0.596
0.454
0.541
0.46
0.306
0.28
0.458
0.44
0.329
0.321
0.05
-0.004
-0.054
-0.231
-0.028
-0.034
0.04
0.161
0.239
0.295
0.54
0.299
0.221
0.143
-0.216
-0.158
-0.286
-0.478
-0.408
-0.279
-0.22
-0.071
0.076
0.264
0.38
0.482
0.465
0.451
0.527
0.624
0.66
0.749
0.569
0.41
0.206
0.085
0.06
0.209
0.346
0.512
0.652
0.644
0.809
0.799
0.792
0.825
0.682
0.52
0.186
0.206
0.241
0.31
0.348
0.421
0.405
0.756
0.77
0.809
0.669
0.466
0.444
0.245
0.072
0.12
0.041
-0.163
-0.182
-0.171
-0.075
0.077
0.126
0.125
-0.136
-0.016
-0.11
-0.134
-0.099
-0.251
-0.372
-0.436
-0.427
-0.367
-0.314
-0.225
-0.175
-0.244
-0.07
-0.124
-0.105
0.007
-0.009
0.009
-0.182
-0.201
-0.239
-0.166
-0.22
-0.049
-0.003
0.135
0.184
0.147
0.335
0.354
0.351
0.301
0.24
0.122
0.124
0.244
0.325
0.323
0.365
0.406
0.554
0.797
0.768
0.833
0.776
0.954
0.934
1.051
1.045
1.015
0.779
0.645
0.739
0.766
0.685
0.776
0.565
0.666
0.444
0.623
0.555
0.391
0.128
0.101
0.096
0.245
0.138
0.081
0.135
-0.043
0.031
0.205
0.09
-0.12
0.106
0.16
0.333
0.159
0.044
-0.071
0.031
0.066
0.076
0.059
-0.124
0.039
-0.115
0.024
0.169
0.161
0.417
0.351
0.37
0.314
0.449
0.514
0.566
0.688
0.571
0.769
0.726
0.66
0.568
0.642
0.961
0.916
1.019
0.961
0.994
0.846
0.922
0.761
0.845
0.71
0.624
0.405
0.315
0.415
0.514
0.158
0.334
0.206
0.286
0.199
0.201
0.309
0.085
0.098
0.092
0.231
0.414
0.438
0.461
0.254
-0.143
-0.638
-0.598
-0.772
-0.46
-0.274
-0.278
-0.045
0.098
0.043
0.066
-0.01
-0.251
-0.189
-0.448
-0.405
-0.552
-0.825
-1.076
-1.294
-1.06
-1.088
-1.018
-0.843
-0.966
-0.889
-1.095
-1.119
-0.895
-0.825
-0.665
-0.907
-1.125
-1.0
-0.999
-1.035
-0.846
-0.924
-0.631
-0.581
-0.46
-0.33
-0.456
-0.639
-0.434
-0.454
-0.256
-0.13
-0.019
-0.136
0.156
0.089
0.095
0.362
0.405
0.36
0.369
0.177
0.182
0.051
0.06
0.071
0.007
0.146
0.072
0.261
0.299
0.409
0.371
0.414
0.245
0.159
0.16
0.11
0.066
-0.17
-0.217
-0.209
0.092
0.079
0.258
0.216
-0.016
0.046
-0.029
-0.013
0.083
0.107
0.181
0.141
0.17
0.499
0.199
0.195
0.139
-0.048
0.061
0.256
0.268
0.334
0.271
0.453
0.351
0.234
0.315
0.182
0.246
-0.005
0.005
-0.025
-0.161
-0.185
-0.203
-0.271
-0.285
-0.152
-0.149
-0.284
-0.244
-0.269
-0.25
-0.361
-0.328
-0.55
-0.569
-0.684
-0.839
-0.806
-0.839
-0.738
-0.619
-0.424
-0.371
-0.405
-0.168
-0.003
-0.03
-0.043
0.085
0.145
0.1
0.239
0.098
0.033
0.206
-0.007
0.176
0.299
0.383
0.479
0.325
0.357
0.288
0.136
0.13
0.185
0.048
0.045
-0.103
-0.081
-0.122
-0.195
-0.328
-0.338
-0.459
-0.741
-0.665
-0.603
-0.646
-0.731
-0.666
-0.349
-0.326
-0.421
-0.334
-0.636
-0.841
-0.72
-0.595
-0.552
-0.414
-0.36
-0.193
-0.11
-0.058
-0.169
-0.114
0.074
0.028
0.081
0.206
0.343
0.226
0.426
0.495
0.49
0.608
0.679
0.766
0.931
0.819
0.724
0.608
0.458
0.284
0.316
0.198
-0.05
-0.23
-0.326
-0.264
-0.379
-0.4
-0.413
-0.318
-0.086
-0.02
0.367
0.305
0.325
0.354
0.244
0.077
0.031
-0.033
-0.022
-0.106
0.029
0.076
0.0
0.037
0.169
0.471
0.058
-0.071
-0.166
-0.072
-0.198
-0.369
-0.56
-0.83
-0.564
-0.777
-0.835
-0.666
-0.655
-0.512
-0.522
-0.614
-0.551
-0.486
-0.619
-0.226
-0.133
-0.05
-0.072
0.118
0.301
0.254
0.329
0.465
0.74
0.871
0.956
0.893
0.839
1.155
0.976
1.006
1.025
1.0
0.965
0.814
0.584
0.536
0.336
0.299
0.185
0.07
0.009
-0.007
-0.085
-0.315
-0.39
-0.633
-0.624
-0.896
-1.008
-1.135
-1.205
-1.316
-1.324
-1.659
-1.62
-1.645
-1.604
-1.512
-1.424
-1.333
-1.264
-1.188
-1.25
-1.324
-1.157
-1.179
-1.349
-1.117
-1.032
-0.721
-0.515
-0.411
-0.205
-0.109
-0.1
-0.244
-0.075
0.054
0.035
0.321
0.134
0.254
0.419
0.334
0.31
0.279
0.334
0.473
0.39
0.546
0.5
0.569
0.763
0.65
0.568
0.489
0.451
0.505
0.535
0.486
0.515
0.453
0.569
0.438
0.354
0.636
0.619
0.516
0.351
0.239
0.125
0.086
0.209
0.314
0.367
0.188
0.033
0.035
-0.043
0.029
0.061
-0.12
0.021
0.003
-0.176
-0.158
-0.106
0.151
0.346
0.305
0.422
0.405
0.371
0.391
0.559
0.345
0.394
0.419
0.474
0.63
0.575
0.564
0.721
0.614
0.63
0.79
0.595
0.725
0.519
0.408
0.321
0.113
0.29
-0.034
0.081
0.07
-0.022
0.039
-0.091
-0.115
-0.015
-0.044
-0.179
-0.273
-0.171
-0.094
-0.155
-0.195
-0.164
-0.114
-0.092
-0.125
-0.015
-0.006
0.096
0.056
0.03
0.104
0.066
0.04
0.013
-0.088
-0.006
0.099
0.181
0.376
0.383
0.359
0.405
0.323
0.461
0.367
0.46
0.514
0.47
0.441
0.355
0.47
0.541
0.557
0.398
0.606
0.764
0.58
0.536
0.594
0.489
0.409
0.371
0.52
0.557
0.598
0.256
0.169
0.16
0.146
-0.072
0.021
0.061
0.189
0.174
0.264
0.295
0.508
0.509
0.562
0.81
0.785
0.679
0.656
0.529
0.497
0.524
0.436
0.378
0.5
0.251
0.328
0.328
0.417
0.516
0.709
0.851
0.866
0.735
0.614
0.352
0.09
0.254
0.251
0.417
0.329
0.497
0.326
0.286
0.295
0.22
0.175
0.04
0.128
0.21
0.256
0.261
0.568
0.725
1.04
1.061
1.225
1.386
1.136
1.08
1.01
0.936
1.015
0.925
0.765
0.564
0.406
0.268
0.311
0.105
-0.029
-0.04
-0.079
-0.146
-0.519
-0.598
-0.754
-0.71
-0.974
-1.019
-1.189
-1.3
-1.305
-1.47
-1.071
-1.021
-0.759
-0.83
-0.934
-0.911
-1.07
-0.669
-0.54
-0.701
-0.541
-0.456
-0.501
-0.639
-0.531
-0.564
-0.414
-0.398
-0.417
-0.429
-0.421
-0.335
-0.556
-0.314
-0.554
-0.527
-0.294
-0.469
-0.49
-0.725
-0.641
-0.42
-0.344
-0.24
-0.468
-0.38
-0.26
-0.39
-0.259
-0.315
-0.201
-0.143
-0.014
0.031
0.031
-0.194
-0.04
0.055
0.086
0.18
0.299
0.515
0.734
0.824
0.614
0.777
0.807
0.932
0.694
0.69
0.723
0.604
0.66
0.829
0.836
1.054
1.025
1.139
0.976
0.776
0.801
0.599
0.463
0.352
0.152
0.021
-0.049
0.124
0.051
0.107
-0.106
-0.066
-0.113
-0.291
-0.334
-0.436
-0.356
-0.188
-0.069
-0.001
-0.076
-0.074
0.106
0.051
0.076
-0.08
-0.041
0.077
0.025
-0.039
-0.095
-0.338
-0.398
-0.55
-0.514
-0.684
-0.915
-0.772
-0.993
-1.13
-1.061
-0.981
-1.129
-1.282
-1.406
-1.252
-1.299
-1.279
-1.174
-0.825
-0.736
-0.636
-0.623
-0.641
-0.515
-0.094
0.074
0.266
0.503
0.393
0.242
0.07
0.209
0.333
0.4
0.411
0.345
0.371
0.285
0.547
0.654
0.68
0.601
0.473
0.371
0.264
0.3
0.346
0.297
0.085
0.138
-0.025
0.111
-0.044
-0.215
-0.143
-0.166
-0.036
-0.136
-0.318
-0.305
-0.291
-0.427
-0.544
-0.494
-0.463
-0.598
-0.444
-0.706
-0.864
-0.975
-1.029
-0.833
-0.927
-0.833
-1.052
-1.153
-1.205
-1.37
-1.506
-1.184
-1.117
-0.961
-0.806
-0.84
-0.807
-0.654
-0.598
-0.529
-0.512
-0.318
-0.239
-0.3
-0.296
-0.253
-0.221
-0.249
-0.24
-0.028
-0.216
-0.242
-0.138
-0.231
-0.17
-0.109
-0.314
-0.323
-0.315
-0.264
-0.46
-0.759
-0.624
-0.719
-0.621
-0.677
-0.667
-0.799
-0.965
-1.0
-0.786
-0.679
-0.579
-0.739
-0.61
-0.705
-0.559
-0.346
-0.334
-0.305
-0.188
-0.031
0.154
0.24
0.179
0.266
0.356
0.309
0.527
0.453
0.307
0.365
0.155
0.27
0.369
0.372
0.557
0.6
0.661
0.729
0.631
0.586
0.41
0.302
0.362
0.179
0.175
0.2
0.354
0.079
0.028
-0.018
0.005
-0.19
-0.335
-0.275
-0.574
-0.455
-0.424
-0.378
-0.354
-0.269
-0.151
-0.075
0.015
0.036
-0.019
-0.101
-0.139
0.113
0.049
-0.15
-0.224
-0.26
-0.27
-0.431
-0.603
-0.599
-0.355
-0.176
-0.05
-0.014
-0.059
-0.075
-0.156
-0.315
-0.52
-0.341
-0.126
-0.26
-0.201
-0.136
-0.224
-0.344
-0.226
-0.348
-0.115
-0.219
0.104
-0.131
-0.024
0.22
0.249
0.564
0.508
0.486
0.403
0.4
0.359
0.664
0.897
0.927
0.845
0.698
0.776
0.655
0.484
0.473
0.425
0.352
0.675
0.807
0.87
0.991
0.907
0.874
0.774
0.608
0.466
0.369
0.253
0.309
0.176
0.107
0.174
0.336
0.374
0.492
0.562
0.562
0.576
0.675
0.768
0.585
0.495
0.405
0.279
0.26
0.546
0.211
0.306
0.415
0.405
0.544
0.871
0.936
1.146
1.164
1.246
1.232
1.315
1.204
1.066
1.038
1.073
1.018
0.936
1.039
0.995
0.988
0.943
0.889
0.724
0.792
0.922
0.843
0.984
1.091
1.026
0.738
0.865
0.699
0.669
0.566
0.427
0.369
0.125
0.13
0.005
-0.081
-0.2
-0.193
-0.328
-0.414
-0.701
-0.588
-0.86
-0.971
-0.919
-1.061
-1.074
-1.215
-1.36
-1.37
-1.231
-0.939
-0.84
-0.589
-0.469
-0.338
-0.401
-0.339
-0.403
-0.288
-0.24
-0.179
-0.12
-0.234
-0.182
-0.239
-0.285
-0.32
-0.259
-0.203
-0.301
-0.289
-0.278
-0.136
-0.02
0.088
0.216
0.333
0.304
0.401
0.468
0.416
0.374
0.458
0.484
0.394
0.48
0.32
0.393
0.596
0.634
0.638
0.64
0.529
0.579
0.147
0.359
0.404
0.623
0.676
0.828
0.938
0.91
1.065
0.936
0.833
0.939
1.051
1.161
1.196
1.265
0.955
1.163
1.166
1.044
1.149
1.046
0.89
0.794
0.786
0.812
0.601
0.801
0.78
0.566
0.557
0.381
0.134
0.417
0.601
0.504
0.485
0.42
0.539
0.525
0.514
0.425
0.484
0.554
0.424
0.279
0.546
0.514
0.593
0.922
0.764
0.819
0.9
1.153
1.208
1.339
1.258
1.19
0.946
0.895
0.902
0.834
0.868
0.86
0.932
0.633
0.691
0.459
0.301
0.124
-0.121
-0.331
-0.49
-0.333
-0.564
-0.59
-0.836
-0.809
-0.999
-1.051
-1.15
-1.042
-0.904
-1.173
-1.261
-1.31
-1.309
-1.266
-1.228
-0.965
-1.194
-1.258
-1.465
-1.469
-1.374
-1.371
-1.375
-1.367
-1.224
-0.855
-1.078
-1.264
-1.079
-1.183
-0.956
-0.781
-0.566
-0.75
-0.654
-0.965
-1.012
-1.011
-0.787
-0.557
-0.443
-0.419
-0.362
-0.152
0.003
0.176
0.184
0.32
0.288
0.234
0.334
0.026
0.144
-0.13
-0.009
0.121
0.307
0.434
0.323
0.168
0.205
0.393
0.475
0.601
0.279
-0.005
-0.118
-0.417
-0.501
-0.448
-0.541
-0.464
-0.484
-0.603
-0.65
-0.485
-0.819
-0.804
-0.579
-0.739
-0.575
-0.283
-0.306
-0.51
-0.394
-0.414
-0.31
-0.045
0.007
0.388
0.411
0.51
0.374
0.305
0.434
0.481
0.496
0.726
0.738
0.771
0.715
0.672
0.435
0.448
0.463
0.525
0.496
0.403
0.31
0.307
0.395
0.478
0.444
0.374
0.242
0.09
0.18
0.279
0.429
0.36
0.55
0.4
0.366
0.527
0.434
0.719
0.271
0.198
0.239
0.288
0.417
0.446
0.463
0.456
0.334
0.324
0.39
0.55
0.605
0.664
0.741
0.588
0.57
0.583
0.561
0.444
0.179
0.155
0.104
0.16
0.158
0.263
0.396
0.168
0.059
0.001
-0.09
-0.18
-0.265
-0.306
-0.321
