0.054
-0.079
-0.15
-0.041
-0.05
-0.2
-0.242
-0.42
-0.371
-0.361
-0.343
-0.405
-0.225
-0.292
-0.238
-0.329
-0.136
-0.312
-0.294
-0.143
0.175
0.221
0.221
0.323
0.42
0.409
0.43
0.469
0.355
0.408
0.439
0.396
0.461
0.389
0.356
0.26
0.144
-0.109
-0.069
-0.116
-0.301
-0.164
-0.316
-0.374
-0.374
-0.296
-0.235
-0.18
0.014
0.022
-0.101
-0.089
0.02
-0.092
-0.203
-0.333
-0.194
0.052
-0.092
-0.009
0.116
0.199
0.225
0.025
-0.069
-0.107
-0.006
-0.161
-0.188
-0.221
-0.406
-0.31
-0.416
-0.455
-0.496
-0.552
-0.531
-0.655
-0.628
-0.777
-0.769
-0.838
-0.77
-0.751
-0.802
-0.79
-0.825
-0.758
-0.953
-0.807
-0.838
-0.855
-0.921
-0.951
-0.897
-1.018
-0.954
-0.925
-0.901
-0.818
-0.886
-0.917
-0.894
-0.836
-0.924
-0.795
-0.68
-0.562
-0.529
-0.505
-0.521
-0.446
-0.286
-0.136
0.011
0.246
0.364
0.355
0.307
0.367
0.432
0.376
0.324
0.216
0.139
-0.105
-0.126
-0.236
-0.271
-0.186
-0.145
0.013
0.139
0.034
0.081
-0.09
-0.028
-0.174
-0.152
-0.139
-0.291
-0.247
-0.496
-0.333
-0.311
-0.357
-0.357
-0.318
-0.294
-0.283
-0.268
-0.242
-0.26
-0.194
-0.1
-0.076
-0.13
-0.311
-0.357
-0.385
-0.341
-0.14
-0.276
-0.116
-0.279
-0.301
-0.185
-0.08
0.065
0.026
-0.086
0.051
0.166
0.074
0.128
0.37
0.214
0.288
0.305
0.131
0.224
0.305
0.338
0.281
0.304
0.201
0.126
0.104
-0.09
-0.174
-0.184
-0.203
-0.116
-0.255
-0.24
-0.214
-0.086
-0.11
-0.201
-0.051
0.0
-0.018
-0.211
-0.103
-0.08
-0.061
-0.168
-0.065
-0.18
-0.107
-0.14
-0.191
-0.025
-0.386
-0.265
-0.421
-0.58
-0.656
-0.763
-0.863
-0.944
-0.954
-0.912
-0.912
-0.746
-0.675
-0.66
-0.69
-0.676
-0.751
-0.672
-0.619
-0.671
-0.371
-0.19
-0.092
0.052
0.035
0.24
0.23
0.338
0.271
0.319
0.439
0.561
0.709
0.674
0.815
0.954
1.06
1.213
1.324
1.349
1.234
1.391
1.331
1.508
1.41
1.415
1.298
1.276
1.123
1.21
1.035
1.004
1.012
1.135
1.109
0.916
0.915
0.88
0.888
0.885
0.846
0.652
0.682
0.579
0.684
0.517
0.41
0.14
0.035
-0.145
-0.278
-0.209
-0.125
-0.04
-0.06
-0.348
-0.35
-0.395
-0.389
-0.552
-0.625
-0.534
-0.4
-0.552
-0.494
-0.529
-0.652
-0.375
-0.435
-0.275
-0.275
-0.299
-0.209
-0.346
-0.221
-0.169
-0.121
-0.239
-0.254
-0.145
-0.13
-0.151
-0.155
0.05
0.135
0.156
0.343
0.256
0.364
0.344
0.306
0.44
0.501
0.413
0.49
0.618
0.664
0.85
0.955
1.035
1.084
1.167
1.143
1.109
1.215
1.434
1.416
1.584
1.696
1.683
1.736
1.864
1.815
1.798
1.874
1.92
1.811
1.784
1.865
1.78
1.601
1.625
1.566
1.541
1.675
1.637
1.573
1.541
1.516
1.466
1.211
1.029
0.998
1.056
0.891
0.938
0.766
0.883
0.938
0.734
0.833
0.646
0.453
0.367
0.348
0.217
0.482
0.469
0.45
0.328
0.325
0.194
0.033
0.054
-0.048
0.182
0.083
0.11
0.011
-0.037
-0.104
-0.406
-0.254
-0.236
-0.181
-0.114
-0.064
0.143
0.249
0.325
0.326
0.509
0.56
0.686
0.664
0.743
0.725
0.478
0.647
1.0
0.823
0.861
0.911
1.041
1.169
1.282
0.945
0.784
0.674
0.71
0.469
0.409
0.494
0.32
0.019
0.026
-0.08
0.155
0.171
0.314
0.23
0.176
0.268
0.199
0.149
0.03
0.121
0.084
-0.095
-0.058
-0.062
-0.109
-0.109
-0.15
0.098
0.286
0.379
0.328
0.468
0.408
0.292
0.371
0.312
0.094
0.173
0.231
0.253
0.338
0.417
0.77
0.569
0.432
0.463
0.215
-0.105
-0.019
0.031
-0.058
-0.011
0.011
-0.064
-0.066
-0.005
0.189
-0.06
-0.076
-0.064
-0.051
-0.129
-0.2
-0.076
-0.208
-0.234
-0.214
-0.265
-0.375
-0.28
-0.122
-0.208
-0.31
-0.319
-0.268
-0.242
-0.444
-0.677
-0.741
-0.596
-0.794
-0.916
-1.024
-0.893
-0.805
-0.781
-0.772
-0.849
-0.754
-0.886
-0.901
-0.72
-0.589
-0.551
-0.636
-0.314
-0.152
-0.271
-0.38
-0.191
-0.159
-0.161
0.0
-0.158
0.062
0.004
-0.095
-0.028
-0.198
-0.211
-0.007
-0.128
-0.104
-0.021
-0.103
-0.059
0.072
0.173
0.283
-10.336
0.416
0.473
0.497
0.609
0.48
0.636
0.693
0.514
0.561
0.503
0.465
0.55
0.586
0.831
0.89
0.759
0.609
0.575
0.42
0.364
0.41
0.283
0.223
0.133
0.211
0.321
0.432
0.438
0.511
0.461
0.576
0.534
0.362
0.37
0.31
0.175
0.154
0.088
-0.084
-0.21
-0.223
-0.555
-0.479
-0.616
-0.606
-0.57
-0.775
-0.646
-0.677
-0.6
-0.356
-0.535
-0.499
-0.427
-0.309
-0.013
0.113
0.046
0.054
0.092
0.111
-0.072
-0.028
0.114
0.044
0.08
0.054
-0.022
-0.061
-0.238
-0.338
-0.406
-0.325
-0.432
-0.562
-0.564
-0.384
-0.291
-0.367
-0.349
-0.354
-0.388
-0.372
-0.463
-0.275
-0.285
-0.408
-0.386
-0.261
-0.062
0.424
0.657
0.87
0.885
1.206
1.286
1.071
1.071
1.109
1.124
0.8
0.932
0.734
0.708
0.59
0.576
0.439
0.486
0.424
0.297
0.259
-0.03
-0.149
-0.29
-0.346
-0.115
0.077
-0.311
-0.319
-0.247
-0.386
-0.531
-0.425
-0.662
-0.844
-1.121
-1.05
-1.058
-0.954
-1.055
-0.951
-0.888
-0.888
-0.635
-0.644
-0.696
-0.729
-0.448
-0.505
-0.378
-0.306
-0.389
-0.421
-0.36
-0.606
-0.693
-0.709
-0.865
-0.979
-1.052
-1.061
-0.943
-0.899
-0.843
-0.629
-0.525
-0.429
-0.542
-0.527
-0.557
-0.226
-0.074
0.084
0.041
0.154
0.133
-0.019
-0.15
-0.236
-0.198
-0.346
-0.458
-0.578
-0.854
-0.912
-0.804
-0.715
-0.639
-0.56
-0.608
-0.729
-0.835
-0.993
-1.028
-0.846
-0.902
-0.971
-1.024
-1.114
-0.874
-1.015
-0.746
-0.66
-0.664
-0.654
-0.601
-0.516
-0.459
-0.35
-0.249
-0.125
-0.086
-0.141
-0.035
-0.048
-0.003
0.028
0.006
0.058
0.099
0.254
0.241
0.228
0.141
0.18
0.289
0.201
0.258
0.309
0.354
0.429
0.451
0.71
0.578
0.56
0.647
0.609
0.421
0.53
0.575
0.517
0.48
0.5
0.369
0.619
0.536
0.511
0.486
0.364
0.29
0.256
0.288
0.24
0.171
0.133
0.029
0.066
-0.045
-0.104
0.014
0.089
0.217
0.246
0.226
0.169
0.036
0.096
0.077
0.144
0.031
0.058
-0.035
-0.043
-0.051
-0.026
-0.149
-0.206
-0.285
-0.345
-0.247
-0.349
-0.473
-0.391
-0.348
-0.296
-0.199
-0.152
0.03
-0.091
-0.074
-0.134
-0.177
-0.323
-0.42
-0.29
-0.33
-0.301
-0.333
-0.253
-0.256
-0.107
0.147
0.18
0.323
0.314
0.509
0.501
0.475
0.464
0.309
0.241
0.136
0.054
0.105
0.118
0.206
0.119
0.161
0.013
0.055
-0.055
-0.06
-0.018
-0.05
-0.122
-0.022
0.034
0.013
-0.045
-0.046
-0.06
-0.076
0.022
-0.071
0.005
-0.107
-0.062
-0.315
-0.316
-0.349
-0.469
-0.487
-0.379
-0.224
-0.258
-0.415
-0.359
-0.521
-0.654
-0.536
-0.693
-0.355
-0.448
-0.4
-0.56
-0.53
-0.636
-0.86
-0.685
-0.802
-0.866
-0.821
-0.981
-0.809
-0.738
-0.546
-0.547
-0.44
-0.354
-0.129
-0.111
-0.115
0.028
-0.186
-0.088
0.019
0.062
0.21
0.266
0.404
0.537
0.59
0.487
0.325
0.23
0.179
0.019
-0.045
-0.08
-0.06
-0.135
-0.06
-0.169
-0.079
-0.049
-0.095
0.058
0.055
0.105
0.118
0.155
0.049
0.088
-0.005
0.191
0.194
0.199
0.319
0.479
0.677
0.711
0.446
0.399
0.361
0.265
0.328
0.491
0.575
0.792
0.802
0.821
0.932
0.811
0.713
0.834
0.573
0.708
0.547
0.64
0.568
0.633
0.672
1.143
1.008
1.005
1.094
1.061
0.953
0.99
1.008
0.985
0.935
0.873
0.909
0.866
0.958
1.1
1.014
0.938
0.846
0.676
0.781
0.569
0.49
0.465
0.413
0.469
0.4
0.521
0.278
0.354
0.279
0.344
0.211
0.271
0.099
-0.07
-0.159
-0.297
-0.206
-0.255
-0.324
-0.26
-0.23
-0.19
-0.266
-0.376
-0.383
-0.44
-0.405
-0.49
-0.674
-0.526
-0.899
-0.691
-0.77
-0.806
-0.964
-1.09
-1.169
-1.244
-1.084
-1.251
-1.054
-1.032
-1.038
-1.124
-1.119
-1.071
-1.198
-1.105
-0.946
-0.809
-0.879
-0.845
-0.78
-0.608
-0.561
-0.339
-0.29
-0.236
-0.144
-0.168
-0.058
0.247
0.422
0.413
0.432
0.631
0.685
0.669
0.599
0.568
0.711
0.481
0.51
0.461
0.456
0.316
0.246
0.194
-0.03
0.206
-0.069
0.007
-0.125
-0.166
-0.359
-0.219
-0.354
-0.44
-0.24
-0.334
-0.366
-0.196
-0.29
-0.229
-0.365
-0.314
-0.386
-0.159
-0.019
-0.098
-0.225
-0.131
-0.338
-0.471
-0.469
-0.598
-0.69
-0.642
-0.869
-0.927
-1.1
-0.978
-0.95
-1.058
-0.959
-0.772
-0.618
-0.656
-0.542
-0.44
-0.151
-0.086
0.024
0.094
0.064
0.239
0.246
0.381
0.338
0.406
0.189
0.381
0.482
0.461
0.595
0.675
0.638
0.686
0.667
0.814
0.69
0.858
0.849
0.846
0.95
0.995
0.984
1.074
0.859
0.779
0.736
0.591
0.388
0.624
0.424
0.427
0.468
0.291
0.208
0.198
0.203
0.049
0.075
0.194
0.181
0.343
0.422
0.43
0.536
0.676
0.66
0.606
0.551
0.526
0.665
0.603
0.508
0.438
0.357
0.48
0.471
0.54
0.482
0.546
0.529
0.651
0.603
0.789
0.963
0.932
0.871
0.738
0.743
0.834
0.611
0.686
0.589
0.854
0.713
0.615
0.589
0.681
0.78
0.759
0.81
1.08
0.973
0.988
0.897
0.696
0.819
0.871
0.709
0.716
0.9
0.959
1.024
1.035
0.8
0.843
0.694
0.865
0.814
0.929
1.136
0.907
0.797
0.96
0.704
0.863
0.804
0.812
1.061
1.03
1.01
0.963
0.956
0.667
0.489
0.48
0.151
0.273
0.31
0.484
0.44
0.284
0.37
0.469
0.566
0.481
0.361
0.306
0.203
0.058
0.079
0.233
0.247
0.176
0.101
-0.18
-0.141
-0.209
-0.088
-0.025
0.461
0.359
0.338
0.176
-0.058
-0.07
-0.094
-0.039
-0.013
-0.107
-0.217
-0.077
-0.07
0.005
-0.001
0.1
-0.001
0.045
0.349
0.369
0.338
0.288
0.224
0.307
0.28
0.206
0.126
0.028
-0.189
-0.043
0.129
0.015
0.089
0.095
0.094
0.04
-0.113
-0.235
-0.411
-0.464
-0.454
-0.575
-0.534
-0.456
-0.471
-0.746
-0.532
-0.542
-0.464
-0.584
-0.677
-0.636
-0.499
-0.506
-0.55
-0.485
-0.444
-0.446
-0.573
-0.623
-0.6
-0.522
-0.586
-0.71
-0.71
-0.413
-0.36
-0.346
-0.3
-0.445
-0.312
-0.305
-0.074
-0.278
-0.354
-0.386
-0.284
-0.224
-0.266
-0.266
-0.305
-0.299
-0.249
-0.021
-0.289
-0.596
-0.609
-0.619
-0.585
-0.691
-0.656
-0.674
-0.865
-1.008
-1.073
-1.04
-0.954
-0.682
-0.723
-0.595
-0.473
-0.307
-0.105
0.044
0.182
0.199
0.246
0.124
0.098
-0.064
-0.235
-0.26
-0.154
-0.156
-0.045
0.044
-0.398
-0.3
-0.408
-0.35
-0.284
-0.306
-0.092
-0.09
-0.086
-0.015
-0.152
-0.25
-0.253
-0.414
-0.41
-0.453
-0.59
-0.578
-0.459
-0.573
-0.438
-0.291
-0.391
-0.321
-0.375
-0.223
-0.193
-0.343
-0.236
0.013
0.024
0.16
0.129
-0.075
-0.033
0.009
0.041
0.075
0.077
0.003
0.081
-0.145
-0.086
-0.056
-0.189
-0.058
0.031
-0.133
-0.241
-0.233
-0.629
-0.649
-0.425
-0.296
-0.44
-0.346
-0.334
-0.36
-0.014
-0.449
-0.49
-0.51
-0.5
-0.463
-0.482
-0.471
-0.545
-0.557
-0.425
-0.578
-0.473
-0.499
-0.431
-0.388
-0.289
-0.131
-0.151
0.004
0.091
0.14
0.025
0.226
0.198
0.191
0.225
0.375
0.504
0.346
0.28
0.12
0.058
0.062
0.039
-0.107
-0.051
-0.036
0.048
-0.077
-0.135
0.283
0.201
0.155
0.176
0.177
0.226
0.253
0.02
0.144
0.106
0.105
-0.046
0.071
0.056
0.195
0.062
-0.048
-0.083
-0.151
-0.403
-0.443
-0.345
-0.266
-0.266
-0.404
-0.549
-0.471
-0.555
-0.449
-0.565
-0.546
-0.519
-0.713
-0.645
-0.552
-0.651
-0.685
-0.711
-0.596
-0.67
-0.568
-0.585
-0.552
-0.345
-0.297
-0.376
-0.189
-0.174
-0.119
-0.215
-0.015
-0.24
-0.311
-0.315
-0.283
-0.058
0.059
-0.06
0.065
0.083
-0.045
-0.03
-0.151
0.08
-0.077
-0.043
0.077
0.052
0.121
0.074
0.352
0.415
0.43
0.35
0.419
0.478
0.51
0.615
0.484
0.456
0.448
0.311
0.203
0.071
-0.006
0.054
0.155
0.07
0.076
0.141
-0.052
-0.306
-0.453
-0.431
-0.566
-0.541
-0.495
-0.466
-0.465
-0.54
-0.33
-0.351
-0.393
-0.444
-0.445
-0.181
-0.235
-0.02
-0.016
0.217
0.29
0.203
0.111
0.27
0.47
0.682
0.824
0.681
0.807
0.719
0.749
0.714
0.463
0.479
0.486
0.534
0.481
0.485
0.549
0.481
0.47
0.449
0.431
0.309
0.367
0.33
0.406
0.522
0.537
0.512
0.389
0.388
0.595
0.628
0.517
0.386
0.367
0.288
0.209
-0.048
0.066
-0.129
-0.158
-0.274
-0.335
-0.371
-0.323
-0.414
-0.388
-0.468
-0.468
-0.312
-0.366
-0.529
-0.599
-0.869
-0.794
-0.78
-0.83
-0.56
-0.547
-0.58
-0.8
-0.694
-0.576
-0.58
-0.516
-0.486
-0.532
-0.404
-0.549
-0.449
-0.519
-0.319
-0.27
-0.351
-0.365
-0.306
-0.217
-0.156
-0.125
-0.01
-0.113
-0.026
-0.092
-0.054
0.141
0.173
0.146
0.01
0.09
-0.043
-0.001
-0.045
-0.039
0.049
0.055
-0.022
-0.026
-0.049
-0.036
0.096
0.171
0.199
0.295
0.463
0.579
0.645
0.751
0.619
0.524
0.555
0.619
0.475
0.247
0.357
0.255
0.166
-0.055
-0.318
-0.244
-0.306
-0.161
-0.219
-0.325
-0.294
-0.239
-0.384
-0.403
-0.471
-0.618
-0.706
-0.645
-0.725
-0.676
-0.751
-0.562
-0.495
-0.63
-0.57
-0.55
-0.58
-0.51
-0.624
-0.866
-0.791
-0.776
-0.834
-0.744
-0.733
-0.71
-0.845
-0.599
-0.601
-0.534
-0.611
-0.598
-0.588
-0.679
-0.532
-0.409
-0.404
-0.527
-0.285
-0.159
-0.215
-0.158
-0.14
0.035
0.24
0.194
0.242
0.333
0.454
0.48
0.635
0.674
0.656
0.728
0.519
0.621
0.521
0.329
0.289
0.196
0.101
0.01
-0.084
-0.154
-0.092
0.028
-0.154
-0.124
-0.179
-0.011
-0.219
-0.164
-0.32
-0.349
-0.399
-0.231
-0.164
-0.18
0.025
-0.105
-0.185
-0.25
-0.339
-0.246
-0.283
-0.284
-0.2
-0.135
-0.151
-0.011
0.033
-0.019
-0.109
-0.283
-0.253
-0.291
-0.238
-0.29
-0.383
-0.517
-0.466
-0.391
-0.379
-0.339
-0.39
-0.242
-0.261
-0.28
-0.176
-0.139
-0.321
-0.199
-0.341
-0.503
-0.473
-0.417
-0.479
-0.579
-0.536
-0.388
-0.38
-0.411
-0.421
-0.51
-0.549
-0.503
-0.491
-0.485
-0.496
-0.569
-0.625
-0.441
-0.464
-0.465
-0.356
-0.448
-0.403
-0.384
-0.535
-0.318
-0.35
-0.31
-0.288
-0.025
-0.094
0.064
0.126
0.245
0.297
0.166
0.079
0.184
0.007
-0.018
0.279
0.18
0.375
0.346
0.349
0.546
0.4
0.508
0.408
0.405
0.328
0.6
0.419
0.275
0.214
0.062
0.02
0.089
0.077
0.06
0.154
0.231
0.221
0.185
0.291
0.374
0.294
0.209
0.14
0.113
0.045
0.024
0.214
0.23
0.166
0.506
0.39
0.409
0.357
0.383
0.46
0.486
0.514
0.574
0.679
0.59
0.766
0.547
0.608
0.694
0.833
0.575
0.993
1.137
1.21
1.181
1.073
1.228
1.396
1.436
1.39
1.249
1.34
1.381
1.51
1.453
1.18
1.179
1.209
1.076
1.205
1.14
1.22
1.213
1.025
0.964
0.968
0.889
0.631
0.794
0.85
0.814
0.833
0.851
0.932
0.723
0.984
1.061
0.797
0.664
0.66
0.595
0.603
0.734
0.591
0.676
0.61
0.508
0.59
0.426
0.196
0.285
0.491
0.45
0.431
0.469
0.497
0.225
0.438
0.496
0.388
0.691
0.682
0.916
0.9
0.758
0.714
0.807
0.776
0.454
0.366
0.494
0.545
0.551
0.509
0.481
0.45
0.291
0.095
0.135
-0.044
-0.19
-0.004
-0.041
-0.18
-0.269
-0.352
-0.242
-0.482
-0.335
-0.585
-0.534
-0.695
-0.655
-0.698
-0.861
-0.664
-0.579
-0.729
-0.556
-0.52
-0.524
-0.296
-0.161
0.004
0.2
0.185
0.391
0.451
0.464
0.5
0.499
0.446
0.409
0.609
0.614
0.599
0.672
0.716
0.714
0.624
0.419
0.552
0.631
0.866
0.68
0.48
0.579
0.624
0.675
0.614
0.43
0.321
0.459
0.509
0.289
0.571
0.512
0.598
0.65
0.515
0.359
0.47
0.133
0.079
0.116
0.174
0.198
0.125
-0.058
0.043
0.084
0.126
0.076
0.05
-0.13
-0.2
-0.37
-0.364
-0.464
-0.491
-0.156
-0.4
-0.133
-0.161
-0.011
-0.253
-0.229
-0.301
-0.486
-0.649
-0.743
-0.535
-0.603
-0.49
-0.549
-0.5
-0.463
-0.591
-0.589
-0.45
-0.438
-0.479
-0.439
-0.413
-0.384
-0.522
-0.557
-0.346
-0.302
-0.335
-0.349
-0.415
-0.208
-0.209
-0.284
-0.193
-0.106
-0.022
0.099
-0.089
0.085
0.018
0.098
0.236
0.314
0.265
0.104
0.052
0.046
-0.105
-0.212
-0.095
-0.279
-0.28
-0.279
-0.341
-0.22
-0.406
-0.51
-0.414
-0.321
-0.539
-0.497
-0.409
-0.416
-0.444
-0.623
-0.733
-0.521
-0.569
-0.575
-0.657
-0.614
-0.603
-0.62
-0.629
-0.719
-0.526
-0.633
-0.421
-0.556
-0.601
-0.499
-0.446
-0.354
-0.391
-0.286
-0.206
-0.323
-0.365
-0.625
-0.574
-0.68
-0.666
-0.42
-0.422
-0.393
-0.242
-0.231
-0.195
-0.103
-0.241
-0.217
-0.1
-0.149
-0.215
-0.278
-0.288
-0.318
-0.242
-0.256
-0.336
-0.318
-0.286
-0.101
-0.122
-0.2
-0.208
-0.246
-0.417
-0.429
-0.475
-0.316
-0.405
-0.5
-0.535
-0.504
-0.448
-0.671
-0.64
-0.625
-0.705
-0.655
-0.746
-0.581
-0.571
-0.505
-0.46
-0.381
-0.352
-0.3
-0.26
-0.201
-0.25
-0.434
-0.638
-0.89
-1.016
-0.868
-1.009
-1.111
-1.204
-1.42
-1.384
-1.339
-1.262
-1.193
-1.011
-0.961
-0.853
-0.843
-0.998
-0.759
-0.755
-0.754
-0.9
-0.856
-0.647
-0.706
-0.519
-0.706
-0.546
-0.349
-0.286
-0.284
-0.201
-0.039
-0.036
-0.021
-0.014
-0.014
0.024
0.263
0.372
0.47
0.545
0.614
0.69
0.777
0.764
0.731
0.914
0.966
1.002
0.953
0.885
0.805
0.819
0.811
0.775
0.896
0.814
0.682
0.568
0.628
0.532
0.45
0.525
0.519
0.535
0.168
-0.033
0.043
0.131
0.044
0.135
0.034
-0.181
-0.103
-0.226
-0.266
-0.374
-0.459
-0.469
-0.536
-0.609
-0.719
-0.665
-0.73
-0.478
-0.619
-0.496
-0.521
-0.481
-0.39
-0.309
-0.184
-0.113
-0.006
-0.031
0.08
0.079
0.065
0.147
0.265
0.336
0.378
0.244
0.095
-0.039
0.088
-0.06
0.034
0.133
0.092
0.026
-0.15
-0.245
-0.219
-0.022
-0.041
-0.125
0.043
0.013
0.116
0.103
0.169
0.135
-0.011
0.045
0.119
0.275
0.279
0.27
0.256
0.22
0.314
0.42
0.299
0.297
0.234
0.274
0.445
0.395
0.415
0.3
0.338
0.286
0.329
0.168
-0.006
-0.122
-0.22
-0.321
-0.23
-0.229
-0.21
-0.199
-0.341
-0.366
-0.329
-0.296
-0.355
-0.415
-0.458
-0.295
-0.245
-0.201
-0.072
0.174
0.211
0.152
0.224
0.255
0.19
0.299
0.479
0.506
0.57
0.624
0.654
0.588
0.497
0.48
0.424
0.378
0.251
0.249
0.208
0.234
0.154
0.19
0.109
-0.041
-0.092
-0.046
-0.081
-0.092
-0.17
-0.396
-0.415
-0.362
-0.479
-0.431
-0.33
-0.216
-0.199
-0.217
-0.331
-0.429
-0.375
-0.258
-0.258
-0.379
-0.16
-0.095
-0.136
-0.105
0.031
0.03
0.223
0.246
0.288
0.265
0.326
0.417
0.595
0.575
0.419
0.274
0.295
0.426
0.491
0.395
0.319
0.491
0.464
0.459
0.309
0.186
0.296
0.2
0.292
0.271
0.279
0.003
-0.054
-0.147
-0.04
0.025
-0.022
-0.043
-0.179
-0.283
-0.236
-0.279
-0.199
-0.16
-0.19
-0.25
0.049
0.116
-0.026
0.011
-0.085
-0.136
-0.193
-0.369
-0.314
-0.356
-0.399
-0.335
-0.292
-0.349
-0.441
-0.485
-0.531
-0.711
-0.945
-0.824
-0.841
-0.873
-0.799
-0.754
-0.954
-0.985
-0.879
-0.824
-0.775
-0.746
-0.686
-0.51
-0.487
-0.506
-0.792
-0.695
-0.971
-0.815
-0.659
-0.531
-0.341
-0.238
-0.185
-0.171
-0.163
-0.285
-0.269
-0.383
-0.284
-0.439
-0.305
-0.141
-0.264
-0.18
-0.091
0.064
0.146
0.025
0.048
-0.119
-0.019
-0.06
-0.089
0.009
-0.054
-0.072
-0.02
0.088
0.16
0.15
0.211
0.15
0.194
0.194
0.11
0.152
0.173
0.334
0.376
0.482
0.396
0.372
0.334
0.393
0.431
0.276
0.41
0.336
0.264
0.309
0.29
0.458
0.314
0.334
0.366
0.22
-0.037
0.099
0.051
0.029
0.254
0.294
0.105
0.085
0.198
0.184
0.186
0.215
0.161
0.184
0.254
0.124
0.049
-0.048
-0.094
-0.037
-0.005
0.186
0.361
0.383
0.424
0.436
0.388
0.438
0.62
0.694
0.758
0.605
0.573
0.504
0.441
0.389
0.426
0.359
0.307
0.41
0.326
0.191
0.084
0.116
0.365
0.246
0.312
0.396
0.279
0.36
0.408
0.519
0.424
0.307
0.576
0.746
0.72
0.562
0.364
0.405
0.3
0.33
0.121
0.043
0.12
0.128
-0.096
0.136
0.007
0.265
0.348
0.323
0.244
0.124
0.266
0.48
0.514
0.404
0.318
0.233
0.408
0.31
0.372
0.406
0.228
0.216
0.292
0.256
0.199
0.215
0.229
0.285
0.091
0.05
0.219
0.328
0.346
0.484
0.469
0.329
0.182
-0.095
-0.104
-0.041
0.076
0.095
-0.143
-0.156
-0.245
-0.179
-0.134
0.116
0.271
0.366
0.487
0.396
0.233
0.182
0.05
0.154
0.235
0.238
0.359
0.509
0.681
0.779
0.515
0.517
0.519
0.475
0.531
0.345
0.388
0.492
0.522
0.615
0.574
0.604
0.453
0.7
0.651
0.67
0.691
0.593
0.68
0.499
0.391
0.381
0.191
0.193
0.003
-0.147
-0.26
-0.406
-0.389
-0.35
-0.417
-0.456
-0.441
-0.133
-0.417
-0.31
-0.299
-0.182
-0.044
-0.206
-0.21
0.138
0.18
0.231
0.44
0.541
0.463
0.486
0.501
0.599
0.75
0.855
0.931
0.754
0.9
0.791
0.881
0.897
0.721
0.92
0.855
0.998
0.739
0.546
0.694
0.576
0.525
0.331
0.372
0.29
0.147
0.031
0.056
-0.171
-0.274
-0.586
-0.671
-0.705
-0.575
-0.706
-0.809
-0.759
-0.936
-1.008
-1.097
-0.969
-0.853
-0.796
-0.698
-0.856
-0.835
-0.449
-0.417
-0.401
-0.372
-0.336
-0.255
-0.455
-0.431
-0.604
-0.464
-0.42
-0.23
-0.138
0.147
0.189
0.245
0.26
0.158
0.263
0.025
0.199
0.339
0.121
0.247
0.096
0.174
-0.118
-0.279
-0.339
-0.25
-0.126
-0.23
-0.116
-0.019
-0.206
-0.104
-0.206
-0.301
-0.081
-0.247
-0.07
-0.152
-0.215
-0.355
-0.265
-0.509
-0.499
-0.419
-0.465
-0.482
-0.49
-0.32
-0.359
-0.503
-0.475
-0.651
-0.436
-0.657
-0.609
-0.568
-0.631
-0.54
-0.519
-0.316
-0.398
-0.319
-0.036
0.092
0.19
0.141
0.138
0.288
0.239
0.174
0.448
0.521
0.517
0.6
0.696
0.689
0.709
0.701
0.69
0.848
0.624
0.85
0.863
0.84
0.785
0.584
0.566
0.557
0.579
0.573
0.319
0.193
0.301
0.306
0.254
0.23
-0.058
-0.059
-0.043
-0.259
-0.526
-0.55
-0.473
-0.551
-0.735
-0.527
-0.809
-0.749
-0.781
-0.709
-0.848
-1.149
-1.234
-1.357
-1.345
-1.44
-1.335
-1.145
-1.08
-1.134
-1.094
-0.969
-0.921
-0.886
-0.6
-0.624
-0.763
-0.605
-0.61
-0.619
-0.623
-0.605
-0.61
-0.615
-0.646
-0.739
-0.823
-0.764
-0.726
-0.631
-0.657
-0.575
-0.61
-0.489
-0.573
-0.484
-0.182
-0.182
-0.394
-0.035
0.069
0.169
0.294
0.318
0.306
0.101
0.141
0.104
0.233
0.279
0.135
0.225
0.186
0.217
0.223
0.128
0.194
0.389
0.37
0.536
0.57
0.508
0.682
0.815
0.89
0.934
0.931
0.949
0.726
0.544
0.41
0.328
0.496
0.516
0.641
0.26
0.254
0.046
-0.155
-0.118
-0.145
-0.133
-0.175
-0.169
-0.265
-0.247
-0.271
-0.3
-0.215
-0.184
-0.305
-0.295
-0.284
-0.361
-0.155
-0.198
-0.052
-0.037
-0.048
0.043
-0.135
-0.133
-0.196
-0.278
-0.304
-0.461
-0.588
-0.618
-0.759
-0.706
-0.858
-0.845
-0.851
-0.731
-0.669
-0.492
-0.184
-0.175
-0.072
0.135
0.116
0.021
-0.09
-0.201
-0.103
-0.255
-0.221
-0.239
-0.212
-0.181
-0.29
-0.348
-0.194
-0.096
-0.092
-0.006
0.154
0.03
0.056
0.004
-0.206
-0.024
0.003
0.05
-0.228
-0.265
-0.291
-0.294
-0.141
-0.265
-0.182
-0.234
0.049
0.146
0.054
0.071
0.025
0.185
0.28
0.393
0.619
0.557
0.64
0.792
0.734
0.618
0.584
0.463
0.52
0.468
0.586
0.654
0.779
0.8
0.941
0.616
0.575
0.635
0.74
0.667
0.511
0.456
0.519
0.43
0.395
0.169
0.033
-0.126
-0.338
-0.393
-0.515
-0.489
-0.446
-0.547
-0.576
-0.706
-0.909
-0.82
-0.744
-0.568
-0.425
-0.485
-0.331
-0.384
-0.444
-0.506
-0.581
-0.671
-0.55
-0.399
-0.494
-0.385
-0.357
-0.335
-0.398
-0.554
-0.413
-0.256
-0.355
-0.62
-0.681
-0.506
-0.524
-0.522
-0.381
-0.416
-0.484
-0.226
-0.061
-0.14
-0.151
-0.208
-0.147
-0.209
-0.152
-0.098
0.051
-0.056
0.077
-0.116
-0.056
0.139
0.266
0.184
0.253
0.221
0.151
0.199
0.118
0.016
0.011
-0.051
0.175
0.174
0.205
0.25
0.312
0.351
0.289
0.304
0.316
0.059
0.146
0.084
0.028
-0.083
-0.094
-0.135
-0.056
-0.037
-0.263
-0.38
-0.271
-0.106
-0.085
-0.286
-0.479
-0.537
-0.459
-0.376
-0.351
-0.249
-0.307
-0.369
-0.259
-0.246
-0.103
-0.029
-0.009
0.037
-0.052
-0.037
0.098
0.049
0.021
0.131
0.191
0.266
0.364
0.429
0.525
0.669
0.766
0.656
0.529
0.647
0.743
0.641
0.669
0.454
0.66
0.51
0.474
0.565
0.623
0.666
0.67
0.549
0.421
0.379
0.216
0.059
0.209
0.15
0.405
0.12
-0.08
0.086
0.138
0.226
0.174
0.165
0.062
0.021
-0.022
0.055
-0.122
-0.296
-0.25
-0.261
-0.099
-0.216
-0.043
0.041
0.055
0.028
0.036
0.182
0.216
0.441
0.356
0.389
0.349
0.131
0.365
0.281
0.367
0.535
0.61
0.5
0.659
0.6
0.482
0.591
0.696
0.728
0.554
0.63
0.721
0.64
0.606
0.497
0.676
0.521
0.795
0.609
0.542
0.52
0.369
0.357
0.355
0.356
0.324
0.297
0.376
0.304
0.515
0.49
0.48
0.526
0.496
0.47
0.383
0.463
0.414
0.416
0.439
0.555
0.521
0.309
0.311
0.155
0.284
0.311
0.295
0.47
0.444
0.432
0.31
0.531
0.396
0.482
0.37
0.391
0.422
0.413
0.556
0.736
0.584
0.531
0.709
0.618
0.451
0.305
0.389
0.215
0.246
0.405
0.628
0.704
0.833
0.804
0.696
0.731
0.662
0.745
0.764
0.915
0.864
0.976
1.073
0.96
1.084
0.895
0.802
0.708
0.794
0.759
0.831
0.755
0.61
0.84
0.615
0.701
0.67
0.691
0.725
0.746
0.701
0.541
0.57
0.414
0.203
0.061
-0.141
-0.242
-0.301
-0.099
-0.33
-0.26
-0.38
-0.163
-0.175
-0.265
-0.09
-0.445
-0.554
-0.55
-0.72
-0.897
-1.002
-1.153
-1.069
-1.026
-1.146
-0.935
-0.961
-0.831
-0.818
-0.794
-0.621
-0.641
-0.417
-0.43
-0.339
-0.618
-0.556
-0.461
-0.536
-0.522
-0.536
-0.75
-0.74
-0.763
-0.785
-0.551
-0.536
-0.465
-0.253
-0.356
-0.18
-0.191
-0.15
-0.176
-0.051
-0.072
-0.039
0.163
0.195
0.08
0.294
0.103
-0.021
-0.116
0.024
-0.074
-0.077
-0.013
-0.024
-0.036
0.04
0.135
0.189
-0.01
-0.054
-0.239
-0.224
-0.165
-0.094
-0.152
-0.039
-0.165
-0.138
0.209
0.128
0.141
0.209
0.208
0.228
0.435
0.413
0.588
0.68
0.594
0.541
0.659
0.508
0.703
0.735
0.575
0.508
0.451
0.443
0.51
0.383
0.431
0.584
0.551
0.45
0.346
0.535
0.486
0.404
0.475
0.575
0.38
0.504
0.561
0.699
0.763
0.688
0.401
0.49
0.448
0.401
0.698
0.734
0.735
0.774
0.787
0.725
0.693
0.652
0.79
0.959
0.853
0.636
0.546
0.43
0.274
0.238
0.275
0.203
0.144
0.114
0.158
0.101
0.0
0.146
0.301
0.386
0.47
0.579
0.728
0.665
0.675
0.586
0.552
0.486
0.261
0.239
0.146
-0.062
-0.071
-0.014
-0.487
-0.348
-0.399
-0.47
-0.485
-0.628
-0.656
-0.726
-0.789
-0.886
-1.204
-1.075
-1.015
-1.073
-1.153
-0.963
-0.792
-0.67
-0.517
-0.555
-0.323
-0.13
-0.018
0.026
0.028
0.175
0.095
0.079
-0.111
-0.266
-0.3
-0.335
-0.095
-0.045
0.083
0.144
0.02
-0.044
-0.104
-0.226
-0.247
-0.338
-0.268
-0.182
-0.163
-0.149
-0.225
-0.386
-0.532
-0.249
-0.714
-0.75
-0.871
-0.896
-0.934
-0.734
-0.811
-0.856
-0.562
-0.401
-0.39
-0.545
-0.623
-0.45
-0.395
-0.314
-0.316
0.019
0.094
0.254
0.367
0.414
0.56
0.904
1.002
1.048
0.986
1.066
1.134
1.012
0.916
0.831
0.68
0.463
0.255
0.346
0.394
0.294
0.318
0.259
0.259
0.12
0.003
0.1
-0.241
-0.081
-0.054
-0.085
-0.131
-0.13
-0.349
-0.311
-0.224
-0.141
-0.185
-0.301
-0.374
-0.393
-0.509
-0.37
-0.542
-0.66
-0.914
-1.194
-1.438
-1.066
-1.206
-0.98
-0.92
-0.97
-0.95
-0.911
-0.681
-0.619
-0.706
-0.494
-0.574
-0.535
-0.588
-0.376
-0.268
-0.195
-0.062
0.092
0.054
-0.003
0.21
0.359
0.595
0.649
0.508
0.541
0.539
0.395
0.225
0.316
0.233
0.312
0.185
0.284
-0.02
-0.092
-0.01
-0.415
-0.551
-0.435
-0.54
-0.676
-0.795
-0.976
-0.797
-0.772
-0.71
-0.824
-0.854
-0.704
-0.69
-0.624
-0.7
-0.466
-0.165
-0.052
-0.011
0.129
0.081
-0.001
0.122
0.173
0.164
0.247
0.39
0.403
0.422
0.454
0.395
0.113
0.096
0.336
0.448
0.225
0.324
0.194
0.154
-0.072
-0.03
-0.217
-0.266
-0.231
-0.451
-0.319
-0.777
-0.751
-0.701
-0.698
-0.821
-0.681
-0.6
-0.512
-0.46
-0.557
-0.718
-0.473
-0.23
-0.092
0.045
-0.13
-0.135
-0.056
-0.11
-0.299
-0.251
-0.478
-0.531
-0.695
-0.684
-0.575
-0.459
-0.309
-0.171
-0.04
0.048
-0.083
-0.163
0.04
0.052
0.165
0.209
0.258
0.029
-0.076
-0.086
-0.05
0.064
0.17
-0.099
-0.165
-0.129
-0.177
-0.191
-0.321
-0.499
-0.379
-0.62
-0.576
-0.695
-0.775
-0.662
-0.677
-0.626
-0.864
-0.868
-0.756
-0.63
-0.534
-0.465
-0.584
-0.435
-0.547
-0.524
-0.49
-0.274
-0.288
-0.128
0.206
0.268
0.451
0.555
0.645
0.664
0.586
0.542
0.756
0.596
0.404
0.516
0.659
0.769
0.724
0.789
0.559
0.481
0.383
0.376
0.386
0.334
0.394
0.344
0.234
0.247
0.21
-0.066
0.118
0.174
0.23
0.113
0.328
0.219
0.211
0.14
-0.066
-0.249
-0.143
-0.228
-0.647
-0.525
-0.501
-0.465
-0.289
-0.343
-0.414
-0.461
-0.341
-0.229
-0.268
0.045
0.084
0.118
0.079
-0.091
-0.18
-0.077
-0.028
0.031
0.285
0.329
0.372
0.335
0.352
0.376
0.497
0.595
0.561
0.664
0.588
0.411
0.49
0.647
0.735
0.664
0.743
0.398
0.378
0.389
0.44
0.43
0.429
0.73
0.736
0.864
0.828
0.919
0.97
0.79
0.838
0.685
0.735
0.669
0.662
0.555
0.405
0.404
0.441
0.26
0.245
0.145
0.016
0.026
-0.074
-0.31
-0.233
-0.359
-0.146
-0.219
-0.109
-0.084
-0.055
0.011
-0.139
-0.111
-0.028
0.154
0.065
0.139
0.107
-0.016
-0.141
-0.189
-0.064
-0.175
0.168
-0.014
0.08
0.03
0.104
0.357
0.343
0.468
0.464
0.478
0.441
0.585
0.65
0.549
0.429
0.375
0.281
0.511
0.616
0.61
0.559
0.593
0.709
0.81
0.88
1.006
0.774
0.96
1.032
1.25
1.245
1.14
1.325
1.39
1.423
1.629
1.415
1.554
1.701
1.713
1.729
1.634
1.719
1.661
1.521
1.443
1.435
1.318
1.058
0.818
0.895
0.557
0.728
0.851
0.973
1.049
0.753
0.652
0.599
0.569
0.323
0.314
0.185
0.371
0.25
0.079
0.12
-0.084
0.175
-0.005
-0.019
-0.188
-0.193
-0.503
-0.682
-0.562
-0.641
-0.271
-0.508
-0.345
-0.434
-0.554
-0.339
-0.383
-0.306
-0.339
-0.458
-0.239
-0.386
-0.345
-0.288
-0.321
-0.284
-0.381
-0.504
-0.411
-0.31
-0.035
0.024
-0.25
-0.016
-0.21
-0.13
-0.195
-0.163
-0.249
-0.256
-0.179
0.103
0.131
0.03
-0.018
-0.026
-0.083
-0.083
0.033
0.179
0.438
0.505
0.268
0.111
0.278
0.217
0.264
0.404
0.2
0.256
0.331
0.281
0.588
0.66
0.693
0.544
0.749
0.671
0.534
0.66
0.618
0.751
0.7
0.708
0.879
0.844
0.759
0.849
0.609
0.713
0.551
0.404
0.484
0.54
0.355
0.511
0.456
0.335
0.215
-10.336
-0.034
-0.04
0.19
0.161
0.212
0.076
0.09
-0.134
-0.26
-0.505
-0.684
-0.82
-0.743
-0.879
-1.029
-0.958
-0.932
-1.01
-1.1
-1.323
-1.274
-1.524
-1.606
-1.603
-1.434
-1.526
-1.341
-1.403
-1.499
-1.454
-1.331
-1.176
-1.088
-0.805
-0.75
-0.961
-0.849
-0.94
-0.776
-0.646
-0.67
-0.838
-0.695
-0.605
-0.901
-0.826
-0.926
-0.676
-0.656
-0.701
-0.576
-0.71
-0.809
-0.784
-0.858
-0.926
-0.861
-0.902
-0.834
-0.917
-0.934
-0.885
-0.768
-0.844
-0.745
-0.784
-0.818
-0.797
-0.861
-0.739
-0.561
-0.547
-0.581
-0.211
-0.254
-0.089
-0.064
0.089
0.144
0.302
0.359
0.331
0.427
0.56
0.487
0.823
0.738
0.688
0.667
0.463
0.508
0.605
0.709
1.06
0.994
1.213
1.349
1.286
1.413
1.23
1.085
0.939
1.147
1.011
0.911
0.777
0.91
0.868
0.578
0.356
0.52
0.299
0.256
0.134
0.036
-0.035
-0.269
-0.378
-0.501
-0.655
-0.608
-0.706
-0.755
-0.893
-1.111
-1.13
-1.219
-1.083
-0.812
-0.797
-0.78
-0.775
-0.799
-0.796
-0.703
-0.458
-0.435
-0.415
-0.249
-0.13
-0.233
-0.256
-0.578
-0.536
-0.52
-0.454
-0.361
-0.264
-0.116
-0.05
0.005
-0.033
-0.158
-0.264
-0.419
-0.325
-0.438
-0.448
-0.482
-0.258
-0.471
-0.119
-0.092
-0.193
-0.176
-0.28
-0.228
-0.23
-0.309
-0.233
-0.069
-0.13
-0.168
-0.158
-0.182
-0.064
0.125
0.009
0.0
0.145
0.269
0.26
0.241
-0.036
-0.024
0.085
0.134
0.104
0.048
0.052
0.03
0.077
-0.154
-0.037
-0.175
-0.069
-0.051
-0.119
-0.061
-0.083
-0.296
-0.379
-0.316
-0.301
-0.3
-0.529
-0.42
-0.182
-0.17
-0.105
-0.131
-0.249
-0.176
-0.003
0.23
0.241
0.208
0.271
0.279
0.278
0.434
0.48
0.421
0.446
0.473
0.329
0.496
0.239
0.341
0.251
0.28
0.174
0.22
0.244
0.226
0.092
0.024
0.054
0.013
0.022
-0.05
-0.143
-0.35
-0.271
-0.306
-0.292
-0.258
-0.239
-0.22
-0.081
-0.31
-0.264
-0.295
-0.165
-0.125
-0.253
-0.174
-0.359
-0.3
-0.242
-0.206
-0.085
-0.129
-0.106
-0.133
-0.259
-0.285
-0.399
-0.266
-0.398
-0.211
-0.163
-0.455
-0.357
-0.325
-0.144
0.025
0.236
0.297
0.325
0.44
0.527
0.588
0.733
0.555
0.679
0.562
0.56
0.469
0.694
0.743
0.631
0.478
0.801
0.515
0.438
0.41
0.316
0.103
0.14
0.168
0.044
0.028
-0.124
-0.174
-0.259
-0.11
-0.165
-0.203
-0.114
-0.033
-0.022
-0.103
-0.031
0.077
-0.025
0.07
0.075
-0.004
0.077
0.029
0.05
0.08
-0.029
-0.092
-0.16
-0.11
-0.255
-0.311
-0.489
-0.473
-0.405
-0.398
-0.366
-0.264
-0.116
-0.149
-0.059
-0.122
-0.109
0.007
-0.081
-0.2
-0.139
0.035
0.103
0.279
0.405
0.569
0.754
0.714
0.958
0.651
0.625
0.526
0.469
0.584
0.5
0.503
0.524
0.714
0.506
0.435
0.419
0.189
0.247
0.214
-0.04
-0.17
-0.083
-0.003
-0.215
-0.045
-0.564
-0.539
-0.684
-0.633
-0.686
-0.68
-0.557
-0.366
-0.406
-0.324
-0.266
-0.375
-0.461
-0.391
-0.205
-0.212
-0.046
0.099
0.292
0.134
0.224
0.134
0.079
0.188
-0.041
-0.019
0.025
0.015
0.066
0.129
0.181
0.394
0.512
0.676
0.691
0.63
0.833
0.985
1.006
0.951
0.907
0.946
0.695
0.753
0.909
1.169
1.284
1.43
1.435
1.444
1.413
1.316
1.275
1.294
1.335
1.238
1.281
1.302
1.282
1.139
1.149
1.166
1.107
0.921
0.706
0.542
0.278
0.306
0.33
0.083
0.043
-0.071
-0.314
-0.115
-0.346
-0.431
-0.422
-0.426
-0.484
-0.755
-0.631
-0.76
-0.797
-0.641
-0.689
-0.46
-0.409
-0.414
-0.244
-0.221
-0.196
0.024
-0.07
0.026
-0.071
-0.152
0.171
0.115
0.02
0.126
-0.035
0.126
0.269
0.542
0.499
0.57
0.785
0.964
0.883
0.919
0.973
0.941
0.851
0.656
0.723
0.834
0.77
0.763
0.792
0.603
0.623
0.529
0.443
0.37
0.44
0.44
0.372
0.497
0.361
0.235
0.031
0.061
-0.001
0.171
0.011
0.074
-0.028
-0.316
-0.395
-0.511
-0.685
-0.596
-0.646
-0.671
-0.515
-0.568
-0.443
-0.294
-0.335
-0.214
-0.124
0.061
-0.139
-0.037
0.07
0.055
0.185
0.119
0.264
0.17
0.288
0.352
0.344
0.446
0.427
0.336
0.386
0.47
0.48
0.177
0.052
0.146
-0.081
0.177
0.229
0.32
0.316
0.336
0.182
0.304
0.611
0.589
0.764
0.765
0.695
0.584
0.72
0.686
0.69
0.654
0.623
0.66
0.425
0.279
0.031
-0.164
0.103
0.096
0.069
0.168
0.1
0.271
0.254
0.349
0.367
0.364
0.339
0.344
0.163
0.173
0.154
0.209
0.254
0.255
0.362
0.286
0.211
0.281
0.242
0.189
0.241
-0.081
-0.285
-0.338
-0.406
-0.545
-0.49
-0.471
-0.235
-0.274
-0.242
-0.398
-0.554
-0.519
-0.797
-0.843
-1.048
-1.021
-1.28
-1.298
-1.357
-1.439
-1.481
-1.525
-1.47
-1.397
-1.206
-1.085
-1.04
-0.883
-0.948
-0.795
-0.995
-0.874
-0.8
-0.661
-0.575
-0.473
-0.31
-0.3
-0.176
-0.175
-0.095
-0.075
-0.014
-0.147
-0.279
-0.422
-0.414
-0.51
-0.527
-0.384
-0.525
-0.524
-0.495
-0.56
-0.436
-0.461
-0.526
-0.181
-0.121
-0.091
-0.051
-0.164
-0.091
-0.314
-0.198
-0.273
-0.554
-0.388
-0.531
-0.221
-0.311
-0.389
-0.299
-0.362
-0.263
-0.356
-0.346
-0.504
-0.593
-0.565
-0.403
-0.371
-0.225
-0.081
0.115
0.491
0.391
0.36
0.391
0.425
0.385
0.395
0.27
0.228
0.201
0.253
0.244
0.216
0.325
0.226
0.086
0.215
0.301
0.395
0.604
0.761
0.694
0.78
0.891
0.775
0.705
0.601
0.52
0.532
0.378
0.37
0.355
0.522
0.186
0.453
0.388
0.486
0.501
0.336
0.459
0.416
0.304
0.346
0.326
0.494
0.314
0.675
0.774
0.768
0.715
0.505
0.489
0.491
0.268
0.141
0.033
0.084
0.04
-0.233
-0.441
-0.716
-0.955
-1.071
-1.336
-1.377
-1.568
-1.684
-1.613
-1.744
-1.764
-1.667
-1.913
-1.853
-1.959
-1.895
-1.835
-1.623
-1.605
-1.436
-1.285
-1.35
-1.221
-1.319
-1.183
-1.256
-1.311
-1.308
-1.377
-1.238
-1.141
-1.034
-0.96
-0.634
-0.44
-0.292
-0.35
-0.247
-0.179
-0.385
-0.352
-0.494
-0.126
-0.021
0.107
0.275
0.314
0.41
0.465
0.36
0.265
0.395
0.301
0.331
0.583
0.453
0.236
0.435
0.549
0.506
0.463
0.605
0.76
0.682
0.619
0.719
0.562
0.698
0.765
0.667
0.883
0.956
0.883
0.87
0.779
0.713
0.561
0.666
0.562
0.675
0.728
0.759
0.961
0.86
0.782
0.726
0.469
0.509
0.359
0.16
-0.021
-0.054
0.194
0.041
-0.001
-0.121
-0.084
-0.051
-0.259
-0.31
-0.352
-0.275
-0.296
-0.524
-0.58
-0.348
-0.634
-0.771
-0.83
-0.875
-0.738
-0.864
-0.916
-1.01
-0.682
-0.552
-0.283
-0.263
-0.371
-0.291
-0.26
-0.15
-0.179
-0.254
-0.273
-0.226
-0.014
-0.214
-0.273
-0.16
-0.263
-0.216
-0.344
-0.283
-0.456
-0.408
-0.352
-0.231
-0.27
0.028
0.212
0.279
0.393
0.715
0.681
0.75
0.79
0.751
0.594
0.745
0.482
0.698
0.644
0.48
0.464
0.491
0.311
0.364
0.609
0.739
0.94
1.022
0.922
0.969
0.801
0.772
0.642
0.66
0.733
0.66
0.784
0.844
0.74
0.718
0.691
0.539
0.417
0.275
0.158
0.305
0.003
0.048
-0.079
-0.133
-0.201
-0.26
-0.144
-0.276
-0.268
-0.104
-0.014
