-0.774
-0.67
-0.618
-0.475
-0.459
-0.551
-0.599
-0.641
-0.685
-0.67
-0.588
-0.729
-0.505
-0.517
-0.429
-0.116
-0.06
0.354
0.328
0.38
0.357
0.51
0.485
0.76
0.758
0.768
0.73
0.724
0.499
0.189
0.396
0.436
0.415
0.211
0.376
0.352
0.393
0.122
0.226
0.264
0.273
0.288
0.346
0.039
-0.035
-0.036
-0.011
-0.065
0.03
0.11
0.077
-0.09
-0.198
-0.229
-0.417
-0.069
-0.037
-0.08
-0.003
0.091
0.296
0.23
0.235
0.037
0.052
-0.018
0.059
0.045
0.371
0.376
0.426
0.556
0.549
0.594
0.503
0.599
0.406
0.401
0.138
-0.113
0.006
0.092
0.02
-0.08
-0.028
-0.026
0.033
0.07
-0.019
0.163
0.136
0.095
0.269
0.128
-0.111
0.119
0.079
-0.041
0.177
0.254
0.259
0.323
0.473
0.471
0.301
0.344
0.279
0.223
0.435
0.29
0.399
0.219
0.323
0.161
-0.014
0.101
-0.115
0.214
0.118
0.434
0.595
0.486
0.628
0.485
0.395
0.289
0.326
0.454
0.386
0.14
-0.004
0.17
0.044
-0.056
-0.247
-0.289
-0.311
-0.306
-0.324
-0.247
-0.281
-0.273
-0.383
-0.394
-0.375
-0.504
-0.574
-0.417
-0.621
-0.659
-0.578
-0.537
-0.461
-0.554
-0.576
-0.316
-0.529
-0.386
-0.214
-0.185
-0.249
-0.4
-0.244
-0.251
-0.268
-0.225
-0.195
-0.288
-0.275
-0.364
-0.401
-0.571
-0.766
-0.744
-0.869
-0.682
-0.756
-0.605
-0.564
-0.609
-0.35
-0.386
-0.496
-0.486
-0.537
-0.405
-0.376
-0.191
-0.206
-0.188
-0.2
-0.268
-0.238
-0.331
-0.41
-0.487
-0.545
-0.349
-0.086
-0.18
0.03
0.171
0.116
0.113
0.076
0.251
0.284
0.278
0.201
0.21
0.211
0.109
0.151
0.066
0.305
0.235
0.177
0.173
0.273
0.376
0.33
0.376
0.4
0.401
0.474
0.438
0.224
0.309
0.41
0.478
0.651
0.664
0.474
0.494
0.531
0.568
0.245
0.133
0.344
0.755
0.846
0.881
0.854
0.784
0.65
0.718
0.921
1.229
1.225
1.23
1.306
1.131
0.968
0.87
0.588
0.902
0.634
0.415
0.573
0.465
0.285
0.16
-0.046
-0.034
-0.044
0.028
-0.239
-0.432
-0.59
-0.771
-0.941
-1.258
-1.166
-1.195
-1.177
-1.136
-1.155
-1.231
-1.274
-1.275
-1.333
-1.404
-1.476
-1.328
-1.441
-1.548
-1.417
-1.681
-1.488
-1.474
-1.565
-1.221
-1.054
-0.883
-0.973
-1.123
-1.074
-0.86
-1.001
-1.008
-1.105
-1.205
-1.064
-0.974
-1.351
-1.226
-0.888
-0.912
-0.753
-0.638
-0.443
-0.356
-0.215
-0.281
-0.208
0.059
0.133
0.176
0.348
0.357
0.16
0.565
0.451
0.66
0.684
0.775
0.883
1.086
1.015
1.091
1.269
1.031
1.109
1.06
0.818
0.761
0.647
0.698
0.82
0.971
0.971
0.88
0.888
0.851
0.996
0.968
1.004
1.028
0.904
0.835
0.76
0.854
0.921
0.864
0.785
0.973
0.906
0.759
0.62
0.738
0.686
0.72
0.699
0.749
0.789
0.755
0.753
0.791
0.841
0.759
0.89
1.01
1.079
1.114
1.137
0.951
0.759
0.841
0.696
0.735
0.486
0.699
0.448
0.571
0.549
0.698
0.638
0.728
0.596
0.521
0.698
0.71
0.625
0.662
0.487
0.333
0.274
0.201
-1.052
0.116
-0.069
0.116
0.104
0.133
-0.003
-0.111
0.21
0.077
0.07
-0.11
-0.009
-0.096
-0.15
-0.035
0.156
0.1
0.188
0.288
0.328
0.265
0.233
0.119
0.165
0.278
0.186
0.32
0.32
0.1
0.005
0.013
-0.004
0.074
0.141
0.131
0.085
0.03
-0.021
0.01
-0.019
0.209
0.11
0.121
0.188
-0.021
-0.125
-0.305
-0.461
-0.329
-0.561
-0.414
-0.23
-0.181
-0.136
0.0
-0.075
0.216
0.16
0.066
0.011
0.071
0.27
0.221
0.274
0.271
0.499
0.508
0.475
0.324
0.173
0.16
0.335
0.284
0.299
0.306
0.245
0.278
0.095
0.039
-0.263
-0.249
-0.136
-0.2
-0.179
-0.271
-0.301
-0.406
-0.465
-0.393
-0.639
-0.741
-0.861
-0.75
-0.772
-0.715
-0.708
-0.693
-0.689
-0.635
-0.615
-0.744
-0.758
-0.805
-1.032
-1.079
-1.157
-1.29
-0.851
-1.078
-0.964
-0.948
-0.84
-0.861
-0.88
-0.891
-0.858
-0.625
-0.743
-0.826
-0.724
-0.796
-0.861
-0.883
-0.615
-0.675
-0.532
-0.594
-0.524
-0.473
-0.41
-0.361
-0.259
-0.139
-0.22
-0.109
-0.166
-0.064
-0.001
-0.098
-0.034
-0.195
-0.255
-0.366
-0.372
-0.468
-0.371
-0.361
-0.328
-0.314
-0.422
-0.389
-0.176
-0.163
-0.251
-0.186
-0.331
-0.216
0.025
-0.19
-0.085
-0.184
-0.033
-0.024
0.04
0.055
0.141
0.336
0.321
0.194
0.17
0.334
0.236
0.241
0.328
0.527
0.489
0.649
0.704
0.586
0.646
0.566
0.535
0.391
0.416
0.26
0.3
0.168
0.312
0.15
0.253
0.354
0.122
0.297
0.044
0.166
0.265
0.335
0.401
0.241
0.25
0.311
0.2
0.184
-0.026
-0.054
-0.229
-0.242
0.171
0.003
-0.026
-0.182
-0.191
-0.129
-0.124
-0.188
-0.054
-0.033
0.181
0.245
0.305
0.225
0.216
0.249
0.378
0.345
0.458
0.551
0.693
0.555
0.77
0.698
0.565
0.501
0.419
0.5
0.398
0.546
0.503
0.471
0.781
0.777
0.736
0.662
0.734
0.844
0.82
0.853
0.74
0.46
0.606
0.491
0.409
0.307
0.251
0.158
0.147
0.152
0.166
0.069
0.114
0.005
-0.189
0.096
0.088
-0.11
-0.225
-0.069
-0.041
-0.263
-0.323
-0.344
-0.446
-0.398
-0.53
-0.541
-0.659
-0.486
-0.618
-0.564
-0.555
-0.356
-0.426
-0.389
-0.491
-0.534
-0.21
-0.247
-0.064
-0.325
-0.464
-0.401
-0.486
-0.106
-0.256
-0.045
0.075
-0.028
-0.14
-0.62
-0.55
-0.292
-0.163
-0.077
-0.041
-0.055
0.015
-0.028
-0.095
-0.36
-0.537
-0.393
-0.27
-0.504
-0.539
-0.765
-0.715
-0.855
-1.188
-1.048
-1.018
-0.948
-0.94
-0.991
-1.262
-1.126
-0.97
-0.841
-0.796
-0.853
-0.509
-0.514
-0.647
-0.388
-0.109
0.147
0.217
0.386
0.519
0.561
0.73
0.844
0.904
1.079
1.025
0.983
1.03
1.123
1.025
1.076
0.899
0.754
0.704
0.551
0.726
0.621
0.794
0.739
0.896
0.734
0.756
0.751
0.708
0.557
0.449
0.4
0.55
0.32
0.367
0.445
0.345
0.365
0.182
0.006
-0.072
-0.116
0.061
-0.035
-0.14
-0.391
-0.292
-0.146
-0.149
-0.115
-0.283
-0.175
-0.028
-0.129
-0.154
-0.01
-0.086
-0.223
-0.374
-0.242
-0.334
-0.247
-0.331
-0.301
-0.164
0.003
-0.011
0.043
0.024
-0.184
-0.165
-0.388
-0.349
-0.325
-0.091
-0.26
-0.2
-0.103
-0.111
0.052
-0.077
-0.109
0.007
-0.116
0.001
-0.177
-0.176
-0.283
-0.408
-0.431
-0.291
-0.221
-0.058
-0.224
-0.441
-0.359
-0.362
-0.403
-0.497
-0.585
-0.805
-0.826
-0.657
-0.79
-0.753
-0.728
-0.694
-0.626
-0.665
-0.505
-0.571
-0.698
-0.503
-0.326
-0.144
-0.04
0.076
-0.04
0.003
0.088
0.158
0.209
0.064
0.092
0.449
0.194
0.396
0.536
0.569
0.469
0.431
0.451
0.689
0.73
0.789
0.679
0.71
0.897
0.73
0.649
0.753
0.77
0.806
0.911
0.876
0.65
0.59
0.596
0.578
0.619
0.681
0.62
0.406
0.174
0.263
0.19
-0.081
-0.046
-0.024
0.025
-0.136
-0.024
0.126
0.03
0.022
-0.06
-0.294
-0.226
-0.304
-0.22
-0.244
-0.23
0.037
-0.114
-0.131
-0.305
-0.118
-0.116
0.206
0.208
0.335
0.421
0.444
10.332
10.332
0.028
0.753
0.781
0.73
0.576
0.517
0.623
0.804
0.763
0.401
0.583
0.594
0.596
0.698
0.812
0.941
0.866
1.018
1.052
1.105
0.938
0.797
0.807
0.865
0.834
0.919
0.79
0.881
0.768
0.771
0.834
0.768
0.744
0.536
0.544
0.703
0.574
0.605
0.501
0.71
0.399
0.229
0.18
-0.001
0.034
-0.039
-0.159
-0.22
-0.388
-0.499
-0.557
-0.349
-0.307
-0.355
-0.425
-0.366
-0.351
-0.345
-0.33
-0.266
-0.118
-0.066
-0.052
0.15
0.33
0.389
0.319
0.545
0.825
0.838
0.93
0.799
0.946
0.885
1.026
0.914
0.955
1.031
1.061
0.902
0.749
0.899
0.719
0.566
0.506
0.374
0.223
0.29
-0.033
-0.045
-0.244
-0.124
-0.098
0.015
0.09
0.14
0.101
0.12
0.354
0.38
0.331
0.264
0.28
0.199
0.294
0.236
0.265
0.606
0.59
0.708
0.649
0.7
0.699
0.474
0.491
0.574
0.647
0.797
0.682
0.779
0.79
0.711
0.603
0.589
0.631
0.777
0.93
0.814
0.642
0.616
0.489
0.65
0.685
0.489
0.37
0.652
0.362
0.659
0.451
0.458
0.352
0.364
0.201
0.261
0.236
0.076
0.016
0.083
-0.155
-0.4
-0.31
-0.404
-0.421
-0.522
-0.728
-0.797
-0.981
-0.848
-0.911
-1.016
-0.958
-1.039
-0.88
-0.866
-0.943
-0.854
-0.926
-0.978
-0.825
-1.024
-0.986
-0.883
-0.814
-0.769
-0.753
-0.761
-0.501
-0.401
-0.396
-0.302
-0.236
-0.209
-0.058
-0.099
-0.062
0.021
-0.198
-0.205
-0.304
-0.258
-0.57
-0.555
-0.432
-0.31
-0.066
0.114
0.01
0.124
-0.164
-0.021
0.101
-0.028
0.007
0.004
0.175
0.269
0.134
0.364
0.367
0.375
0.574
0.453
0.484
0.47
0.286
0.228
0.269
0.294
0.136
0.048
-0.059
-0.076
0.174
0.113
-0.019
0.076
0.147
-0.086
0.024
-0.094
-0.266
-0.224
-0.478
-0.551
-0.55
-0.831
-0.749
-0.676
-0.537
-0.369
-0.645
-0.804
-0.869
-0.988
-0.761
-0.654
-0.411
-0.429
-0.249
-0.217
-0.311
-0.143
-0.03
0.091
0.098
0.211
0.116
0.33
0.436
0.593
0.604
0.633
0.703
0.693
0.811
0.839
0.833
0.723
0.67
0.729
0.912
0.876
0.815
0.786
0.724
0.705
0.583
0.583
0.491
0.378
0.415
-0.076
-0.099
-0.107
-0.159
-0.286
-0.225
-0.239
-0.263
-0.022
0.086
0.024
0.072
-0.05
0.043
-0.21
-0.205
-0.173
-0.198
-0.135
-0.049
0.124
0.251
0.196
-0.046
-0.12
-0.09
-0.059
0.255
0.25
0.249
0.269
0.234
0.352
0.279
0.36
0.478
0.394
0.297
0.161
0.463
0.408
0.45
0.326
0.247
0.138
0.049
0.045
0.341
0.356
0.26
0.301
0.176
0.259
0.105
-0.041
-0.016
-0.258
-0.409
-0.28
-0.619
-0.568
-0.505
-0.314
0.022
0.013
0.045
-0.055
-0.064
-0.177
-0.225
-0.191
-0.366
-0.311
-0.393
-0.565
-0.542
-0.444
-0.359
-0.359
-0.229
-0.217
-0.09
-0.022
-0.079
-0.003
-0.244
-0.351
-0.245
-0.19
-0.292
-0.37
-0.302
0.036
0.061
0.134
0.074
-0.083
-0.1
-0.269
-0.367
-0.164
-0.138
-0.289
-0.419
-0.399
-0.366
-0.283
-0.36
-0.5
-0.677
-0.614
-0.589
-0.675
-0.824
-0.964
-0.828
-0.9
-1.09
-1.16
-1.096
-1.183
-1.16
-0.912
-0.902
-0.7
-0.626
-0.486
-0.356
-0.177
-0.116
-0.255
-0.211
-0.219
-0.074
-0.058
-0.241
-0.103
-0.171
-0.146
-0.223
-0.208
-0.044
0.14
0.383
0.484
0.58
0.676
0.621
0.674
0.75
0.657
0.605
0.731
0.855
0.879
0.816
0.751
0.814
0.912
0.66
0.481
0.355
0.429
0.291
0.312
0.37
0.487
0.414
0.201
0.379
0.404
0.338
0.46
0.388
0.446
0.203
0.236
0.285
0.056
0.275
0.201
0.211
0.278
0.268
0.57
0.674
0.66
0.705
0.531
0.63
0.667
0.535
0.646
0.709
0.656
0.639
0.655
0.706
0.786
0.756
0.738
0.655
0.54
0.48
0.349
0.344
0.239
0.115
-0.037
-0.119
-0.369
-0.501
-0.425
-0.446
-0.307
-0.378
-0.624
-0.763
-0.874
-0.724
-0.549
-0.656
-0.739
-0.756
-0.848
-1.06
-0.878
-0.733
-0.659
-0.624
-0.526
-0.503
-0.379
-0.482
-0.604
-0.465
-0.621
-0.58
-0.58
-0.583
-0.374
-0.23
-0.16
-0.295
-0.212
-0.114
-0.205
-0.344
-0.408
-0.301
-0.344
-0.384
-0.408
-0.529
-0.606
-0.589
-0.671
-0.698
-0.664
-0.922
-0.844
-0.896
-0.996
-1.097
-1.193
-1.022
-0.991
-0.812
-0.497
-0.421
-0.417
-0.475
-0.53
-0.688
-0.65
-0.564
-0.595
-0.623
-0.631
-0.652
-0.564
-0.438
-0.206
-0.352
-0.432
-0.203
-0.08
-0.011
-0.003
0.041
0.14
0.235
0.122
0.17
0.071
0.122
0.149
0.344
0.429
0.581
0.68
0.75
0.735
0.621
0.651
0.628
0.726
0.606
0.479
0.583
0.463
0.426
0.438
0.438
0.364
0.425
0.461
0.566
0.516
0.601
0.626
0.818
0.671
0.795
0.616
0.724
0.631
0.531
0.524
0.22
0.274
0.291
0.307
0.236
0.184
0.254
0.106
0.367
0.128
0.276
0.271
0.217
0.468
0.414
0.499
0.662
0.416
0.571
0.497
0.741
0.7
0.804
0.646
0.638
0.581
0.675
0.561
0.324
0.384
0.211
0.165
0.114
0.169
0.163
0.103
0.26
0.355
0.253
0.221
0.339
0.365
0.484
0.346
0.131
-0.066
-0.133
-0.035
-0.048
-0.139
-0.092
-0.159
-0.151
-0.077
-0.003
0.091
0.007
-0.195
-0.263
-0.171
-0.3
-0.24
-0.2
-0.175
-0.174
-0.156
-0.124
-0.131
-0.146
-0.259
-0.221
-0.164
0.09
0.468
0.482
0.349
0.535
0.704
0.703
0.521
0.311
0.381
0.36
0.374
0.335
0.497
0.39
0.253
0.338
0.504
0.51
0.41
0.645
0.669
0.661
0.515
0.633
0.421
0.436
0.425
0.478
0.43
0.208
0.089
0.164
0.215
0.236
0.268
0.297
0.365
0.492
0.501
0.659
0.459
0.517
0.596
0.596
0.595
0.512
0.575
0.479
0.335
0.217
0.321
0.274
0.355
0.32
0.348
0.455
0.515
0.389
0.459
0.565
0.58
0.578
0.486
0.485
0.449
0.366
0.388
0.326
0.166
0.194
0.144
0.163
0.381
0.155
0.07
-0.044
-0.12
-0.234
-0.223
-0.429
-0.429
-0.463
-0.593
-0.398
-0.621
-0.645
-0.655
-0.58
-0.642
-0.534
-0.67
-0.759
-0.836
-0.996
-1.055
-0.879
-0.92
-1.015
-0.981
-1.004
-1.015
-1.094
-1.312
-1.22
-1.066
-1.014
-0.87
-0.718
-0.731
-0.594
-0.589
-0.621
-0.461
-0.359
-0.281
-0.255
-0.191
-0.344
-0.209
-0.224
0.088
0.17
0.006
0.155
0.339
0.372
0.284
0.307
0.27
0.427
0.492
0.463
0.679
0.575
0.586
0.484
0.531
0.489
0.37
0.517
0.534
0.542
0.409
0.4
0.345
0.324
0.326
0.244
0.286
0.121
0.077
-0.003
-0.021
0.022
-0.089
-0.343
-0.286
-0.37
-0.51
-0.481
-0.438
-0.32
-0.165
-0.212
-0.188
-0.072
-0.17
-0.305
-0.366
-0.45
-0.578
-0.552
-0.535
-0.445
-0.557
-0.675
-0.756
-0.774
-0.611
-0.555
-0.311
-0.364
-0.306
-0.235
-0.241
-0.14
-0.224
-0.316
-0.179
-0.229
-0.217
-0.26
-0.206
-0.048
-0.033
0.104
0.236
0.43
0.52
0.529
0.557
0.537
0.501
0.432
0.534
0.42
0.458
0.618
0.511
0.448
0.404
0.388
0.409
0.441
0.504
0.487
0.474
0.646
0.718
0.915
1.048
1.147
1.1
1.022
0.936
1.005
0.915
0.909
0.766
0.675
0.451
0.463
0.357
0.355
0.444
0.211
0.401
0.209
0.411
0.156
0.249
0.144
-0.071
-0.02
-0.2
-0.034
-0.077
-0.173
-0.052
-0.165
-0.051
-0.133
-0.184
-0.051
-0.169
-0.326
-0.134
-0.05
-0.325
-2.425
-0.299
-0.446
-0.416
-0.478
-0.37
-0.29
-0.362
-0.54
-0.59
-0.579
-0.456
-0.453
-0.376
-0.208
-0.161
-0.231
-0.312
-0.291
-0.281
-0.175
-0.069
-0.161
-0.037
-0.13
0.113
-0.075
-0.14
-0.095
-0.052
0.152
0.169
0.223
0.318
0.379
0.296
0.372
0.432
0.463
0.449
0.487
0.052
0.163
-0.021
-0.09
-0.105
-0.095
0.029
0.194
0.146
0.233
0.281
0.355
0.435
0.366
0.456
0.384
0.333
0.299
0.223
0.399
0.239
0.199
0.076
0.043
0.168
0.251
0.374
0.301
0.25
0.147
0.011
-0.113
-0.356
-0.329
-0.446
-0.481
-0.369
-0.43
-0.134
-0.124
-0.037
-0.013
-0.026
0.025
0.12
0.161
0.193
0.003
0.029
0.103
-0.018
0.07
0.226
0.212
0.193
0.319
0.588
0.633
0.458
0.556
0.674
0.686
0.536
0.616
0.585
0.659
0.729
0.756
0.828
0.61
0.51
0.37
0.3
0.319
0.375
0.497
0.557
0.417
0.725
0.669
0.638
0.649
0.573
0.565
0.547
0.61
0.57
0.449
0.436
0.335
0.432
0.596
0.431
0.434
0.343
0.379
0.336
0.27
0.464
0.413
0.259
0.205
0.088
-0.095
-0.125
-0.378
-0.465
-0.441
-0.774
-1.024
-1.174
-1.272
-1.299
-1.492
-1.38
-1.515
-1.399
-1.466
-1.433
-1.347
-1.415
-1.193
-1.271
-1.055
-1.183
-1.099
-1.151
-1.073
-1.029
-1.164
-1.271
-1.169
-1.054
-0.904
-0.812
-0.74
-0.691
-0.536
-0.552
-0.43
-0.265
-0.386
-0.395
-0.4
-0.349
-0.534
-0.469
-0.456
-0.482
-0.539
-0.664
-0.715
-0.659
-0.65
-0.693
-0.56
-0.535
-0.552
-0.539
-0.624
-0.672
-0.537
-0.595
-0.776
-0.761
-0.769
-0.661
-0.598
-0.542
-0.56
-0.449
-0.446
-0.481
-0.307
-0.124
-0.16
-0.128
-0.109
-0.069
-0.075
0.052
0.48
0.608
0.73
0.869
0.883
1.085
1.211
1.347
1.111
1.031
0.693
0.859
0.986
0.99
0.939
0.917
0.925
0.979
1.068
0.853
0.769
0.681
0.506
0.608
0.4
0.49
0.527
0.226
0.098
0.029
-0.072
-0.04
-0.095
-0.125
-0.055
-0.18
-0.395
-0.394
-0.356
-0.473
-0.455
-0.666
-0.536
-0.524
-0.529
-0.552
-0.559
-0.47
-0.374
-0.485
-0.465
-0.505
-0.529
-0.619
-0.625
-0.659
-0.814
-0.838
-0.801
-0.735
-0.845
-0.71
-0.726
-0.595
-0.561
-0.511
-0.416
-0.509
-0.414
-0.372
-0.346
-0.3
-0.274
-0.104
-0.113
-0.051
0.092
-0.071
-0.029
-0.041
0.134
0.096
0.045
0.105
-0.033
-0.058
-0.124
-0.266
-0.331
-0.33
-0.422
-0.651
-0.63
-0.716
-0.719
-0.65
-0.74
-0.785
-0.834
-0.891
-0.824
-0.611
-0.674
-0.576
-0.608
-0.45
-0.396
-0.292
-0.314
-0.196
-0.35
-0.264
-0.247
-0.216
-0.36
-0.411
-0.325
-0.465
-0.241
-0.341
-0.246
-0.261
-0.419
-0.318
-0.279
-0.253
-0.05
0.062
0.045
-0.133
-0.152
0.069
0.05
0.133
0.195
0.249
0.165
0.109
-0.013
0.049
-0.144
-0.196
-0.19
-0.356
-0.376
-0.217
-0.031
-0.26
-0.088
-0.036
0.116
0.089
0.26
0.04
0.088
0.152
0.319
0.451
0.631
0.848
0.815
0.965
0.818
0.805
0.823
0.79
0.786
0.677
0.733
0.802
0.63
0.595
0.568
0.686
0.605
0.515
0.675
0.404
0.324
0.399
0.326
0.449
0.324
0.335
0.104
0.179
0.186
-0.021
0.039
-0.188
-0.101
-0.231
-0.05
-0.138
-0.209
-0.393
-0.234
-0.325
-0.268
-0.426
-0.474
-0.224
-0.375
-0.547
-0.438
-0.586
-0.351
-0.415
-0.264
-0.36
-0.415
-0.325
-0.471
-0.51
-0.619
-0.426
-0.381
-0.443
-0.422
-0.58
-0.719
-0.856
-0.625
-0.635
-0.657
-0.64
-0.552
-0.651
-0.72
-0.768
-0.829
-0.845
-0.9
-0.917
-0.84
-1.09
-0.948
-0.853
-0.768
-0.816
-0.809
-0.662
-0.655
-0.588
-0.746
-0.676
-0.721
-0.729
-0.514
-0.511
-0.503
-0.413
-0.056
-0.154
-0.196
-0.104
0.026
0.048
0.088
0.164
-0.039
0.15
0.021
0.076
0.0
0.051
-0.025
-0.025
0.026
0.005
0.188
0.184
0.198
0.296
0.079
-0.006
0.307
0.165
0.276
0.216
0.04
0.209
0.42
0.431
0.594
0.541
0.475
0.531
0.565
0.694
0.552
0.73
0.705
0.529
0.361
0.198
0.168
0.193
0.114
-0.011
-0.144
-0.05
-0.031
-0.049
-0.04
-0.212
-0.182
-0.212
-0.058
-0.168
-0.125
-0.179
-0.236
-0.044
0.098
0.033
0.041
0.035
0.111
0.186
0.124
-0.018
-0.115
-0.1
-0.065
-0.295
-0.175
-0.145
-0.23
-0.228
-0.344
-0.336
-0.306
-0.288
-0.281
-0.185
-0.152
-0.166
-0.166
-0.214
-0.133
-0.258
-0.22
0.037
0.036
0.03
-0.059
-0.034
0.086
0.215
0.122
0.005
0.126
0.065
0.12
0.215
0.224
0.414
0.256
0.357
0.459
0.495
0.561
0.561
0.67
0.684
0.768
0.792
0.781
0.9
0.739
0.764
0.851
0.656
0.725
0.561
0.634
0.461
0.535
0.458
0.376
0.352
0.295
0.238
0.201
0.029
0.05
-0.051
-0.138
-0.195
-0.276
-0.294
-0.314
-0.292
-0.263
-0.449
-0.421
-0.415
-0.366
-0.398
-0.27
-0.193
-0.22
-0.11
-0.215
-0.235
-0.169
-0.17
-0.244
-0.062
0.052
0.07
0.049
0.031
-0.01
0.215
0.031
-0.059
0.043
