-0.3
-0.406
-0.361
-0.425
-0.359
-0.439
-0.511
-0.331
-0.334
-0.239
-0.22
-0.164
-0.281
-0.151
-0.181
-0.159
-0.061
-0.264
-0.27
-0.234
-0.259
-0.364
-0.312
-0.409
-0.445
-0.434
-0.475
-0.344
-0.27
-0.266
-0.289
-0.29
-0.081
0.104
0.241
0.296
0.386
0.246
0.256
0.208
0.263
0.205
0.516
0.482
0.394
0.43
0.249
0.296
0.181
0.205
0.264
0.258
0.26
0.253
0.281
0.289
0.261
0.271
0.32
0.338
0.236
0.255
0.2
0.352
0.274
0.13
0.203
0.126
0.338
0.375
0.415
0.451
0.465
0.6
0.448
0.409
0.384
0.364
0.409
0.3
0.154
0.034
-0.013
-0.075
0.177
0.156
0.147
0.292
0.351
0.374
0.334
0.385
0.312
0.226
0.201
0.245
-0.101
-0.046
-0.309
-0.4
-0.335
-0.268
-0.247
-0.179
-0.143
-0.253
-0.359
-0.369
-0.275
-0.399
-0.307
-0.389
-0.44
-0.38
-0.454
-0.301
-0.33
-0.309
-0.261
-0.214
-0.3
-0.385
-0.346
-0.448
-0.432
-0.471
-0.466
-0.403
-0.47
-0.456
-0.419
-0.386
-0.246
-0.264
-0.231
-0.336
-0.463
-0.283
-0.316
-0.255
-0.14
-0.134
-0.289
-0.376
-0.359
-0.369
-0.491
-0.753
-0.609
-0.646
-0.667
-0.786
-0.777
-0.84
-0.781
-0.905
-0.875
-0.971
-0.927
-0.755
-0.8
-0.603
-0.681
-0.517
-0.434
-0.385
-0.386
-0.496
-0.271
-0.195
-0.106
-0.015
0.147
0.299
0.361
0.515
0.59
0.764
0.945
1.126
1.109
1.093
0.941
1.184
1.034
1.097
1.055
1.198
1.143
1.025
1.062
1.018
0.953
0.835
0.893
0.991
0.95
0.866
0.681
0.738
0.655
0.576
0.525
0.446
0.258
0.25
0.103
-0.015
-0.05
-0.115
-0.244
-0.242
-0.274
-0.255
-0.226
-0.297
-0.229
-0.273
-0.242
-0.205
-0.088
-0.17
-0.037
0.055
0.233
0.201
0.221
0.333
0.355
0.52
0.501
0.43
0.356
0.47
0.468
0.438
0.341
0.333
0.344
0.309
0.295
0.292
0.206
0.253
0.126
0.221
0.129
0.026
0.035
-0.051
-0.14
-0.134
-0.195
-0.315
-0.398
-0.534
-0.549
-0.579
-0.504
-0.578
-0.544
-0.504
-0.479
-0.398
-0.496
-0.399
-0.468
-0.379
-0.221
-0.294
-0.406
-0.201
-0.196
-0.109
0.061
0.15
0.092
0.156
0.186
0.164
0.255
0.225
0.283
0.316
0.185
0.211
0.381
0.588
0.588
0.534
0.584
0.541
0.579
0.55
0.449
0.704
0.497
0.357
0.265
0.31
0.406
0.38
0.399
0.251
0.301
0.128
0.091
0.196
0.18
0.061
-0.001
0.26
0.331
0.352
0.369
0.316
0.176
0.062
0.066
-0.021
-0.049
0.165
0.278
0.573
0.283
0.431
0.616
0.721
0.828
0.854
0.806
1.145
1.25
1.369
1.34
1.248
1.133
1.198
1.141
1.05
1.144
1.188
1.103
1.01
1.08
1.165
0.979
0.904
0.885
0.739
0.743
0.751
0.841
0.781
0.741
0.85
0.891
0.914
0.865
0.86
0.791
0.66
0.568
0.645
0.679
0.629
0.89
0.758
0.601
0.585
0.432
0.594
0.482
0.512
0.492
0.379
0.415
0.375
0.416
0.45
0.521
0.695
0.764
0.82
0.881
0.886
0.859
0.925
1.046
0.927
0.79
0.974
0.811
0.805
0.636
0.782
0.74
0.685
0.711
0.873
0.652
0.677
0.679
0.595
0.575
0.606
0.801
0.905
1.01
0.993
0.855
0.794
0.615
0.45
0.351
0.311
0.126
0.076
0.015
-0.19
-0.168
-0.264
-0.058
-0.051
-0.004
0.062
-0.08
0.0
0.013
-0.083
-0.223
-0.144
-0.249
-0.381
-0.323
-0.302
-0.301
-0.211
-0.144
-0.119
-0.129
-0.074
-0.084
-0.125
-0.323
-0.177
-0.394
-0.511
-0.325
-0.225
-0.241
-0.28
0.016
0.224
0.315
0.335
0.325
0.424
0.516
0.47
0.399
0.406
0.275
0.316
0.246
-0.029
0.104
0.12
0.189
0.135
0.271
0.265
0.265
-0.021
-0.205
-0.32
-0.266
-0.122
0.141
0.15
0.061
0.037
-0.028
0.177
0.198
0.146
0.141
-0.041
-0.314
-0.438
-0.35
-0.339
-0.329
-0.378
-0.499
-0.404
-0.634
-0.593
-0.569
-0.484
-0.422
-0.351
-0.261
-0.242
-0.219
-0.062
-0.029
0.109
0.219
0.216
0.01
0.193
0.152
0.139
0.101
0.229
0.295
0.395
0.487
0.512
0.491
0.542
0.564
0.61
0.573
0.517
0.499
0.516
0.665
0.718
0.628
0.772
0.746
0.814
0.751
0.731
0.645
0.671
0.566
0.404
0.221
0.274
-0.114
0.041
0.072
0.215
0.005
-0.016
0.043
-0.094
-0.122
-0.136
-0.271
-0.343
-0.422
-0.443
-0.554
-0.624
-0.495
-0.421
-0.319
-0.33
-0.427
-0.334
-0.366
-0.304
-0.406
-0.285
-0.193
-0.376
-0.343
-0.469
-0.44
-0.31
-0.334
-0.454
-0.459
-0.626
-0.708
-0.758
-0.881
-0.902
-0.85
-0.859
-0.964
-1.135
-1.104
-1.066
-1.012
-0.901
-0.91
-0.834
-0.651
-0.659
-0.552
-0.566
-0.741
-0.511
-0.273
-0.169
-0.269
-0.14
-0.247
-0.126
-0.269
-0.116
-0.07
0.069
0.166
0.246
0.28
0.285
0.372
0.194
0.059
-0.156
-0.35
-0.4
-0.534
-0.415
-0.495
-0.391
-0.539
-0.486
-0.419
-0.399
-0.41
-0.443
-0.242
-0.3
-0.139
-0.13
-0.312
-0.28
-0.349
-0.388
-0.441
-0.379
-0.316
-0.311
-0.333
-0.32
-0.401
-0.616
-0.646
-0.47
-0.679
-0.526
-0.5
-0.328
-0.516
-0.416
-0.365
-0.491
-0.671
-0.772
-0.82
-0.885
-0.662
-0.629
-0.441
-0.422
-0.408
-0.19
-0.095
0.072
-0.006
0.062
0.215
0.286
0.349
0.269
0.186
0.174
0.081
0.061
0.304
0.294
0.393
0.352
0.356
0.362
0.4
0.429
0.389
0.411
0.184
0.118
0.022
-0.161
-0.07
-0.191
-0.129
-0.099
-0.301
-0.11
-0.388
-0.388
-0.344
-0.388
-0.492
-0.745
-0.598
-0.64
-0.579
-0.51
-0.388
-0.273
-0.214
-0.294
-0.375
-0.399
-0.427
-0.359
-0.265
-0.205
-0.1
-0.06
0.062
0.037
0.059
0.1
0.219
0.366
0.371
0.391
0.325
0.25
0.223
0.163
0.185
0.092
0.101
-0.065
-0.115
0.011
0.031
0.013
-0.055
-0.081
-0.098
-0.156
-0.071
0.066
0.07
0.189
-0.146
-0.146
-0.198
-0.235
-0.31
-0.381
-0.435
-0.381
-0.551
-0.52
-0.615
-0.649
-0.787
-0.626
-0.491
-0.343
-0.129
-0.258
-0.198
-0.235
-0.163
-0.126
-0.164
-0.126
-0.049
0.119
0.188
0.169
-0.055
-0.253
-0.3
-0.478
-0.355
-0.497
-0.405
-0.354
-0.28
-0.161
-0.195
-0.147
-0.152
-0.305
-0.349
-0.519
-0.659
-0.745
-0.836
-0.851
-0.9
-0.714
-0.871
-0.782
-0.828
-0.864
-0.718
-0.776
-0.927
-0.775
-0.75
-0.647
-0.738
-0.574
-0.445
-0.362
-0.304
-0.28
-0.161
-0.076
-0.071
-0.083
-0.058
0.059
0.341
0.296
0.585
0.393
0.417
0.561
0.481
0.386
0.31
0.421
0.403
0.441
0.459
0.448
0.559
0.42
0.506
0.58
0.754
0.514
0.601
0.565
0.604
0.623
0.603
0.661
0.581
0.706
0.578
0.638
0.509
0.473
0.375
0.263
0.361
0.196
0.244
0.211
0.208
0.278
0.321
0.405
0.372
0.27
0.326
0.331
0.295
0.304
0.289
0.261
0.259
0.333
0.191
0.176
0.039
-0.134
-0.211
-0.25
-0.339
-0.355
-0.445
-0.51
-0.516
-0.431
-0.453
-0.78
-0.768
-0.801
-0.823
-0.753
-0.858
-0.874
-0.789
-0.819
-0.989
-1.065
-1.054
-0.849
-0.968
-0.915
-0.97
-0.676
-0.61
-0.618
-0.503
-0.42
-0.304
-0.324
-0.201
-0.092
-0.006
-0.016
0.089
0.08
0.234
0.255
0.239
0.18
0.077
0.154
0.182
0.241
0.364
0.331
0.274
0.446
0.242
0.231
0.198
0.292
0.064
0.058
-0.111
-0.173
-0.083
-0.065
0.098
0.098
0.165
0.19
0.21
0.19
0.124
0.19
0.111
0.185
0.079
0.173
-0.006
0.096
0.058
-0.005
0.061
0.281
0.279
0.331
0.296
0.236
0.219
0.301
0.432
0.364
0.458
0.484
0.56
0.453
0.381
0.33
0.316
0.226
0.289
0.118
0.007
0.091
-0.01
-0.018
-0.009
0.033
0.096
0.251
0.226
0.349
0.396
0.525
0.422
0.316
0.291
0.109
-0.052
-0.054
-0.086
-0.182
-0.149
-0.092
-0.096
-0.076
-0.118
-0.096
-0.128
-0.03
-0.1
-0.083
-0.151
-0.083
-0.001
0.069
-0.024
-0.09
-0.051
0.085
0.165
0.135
0.205
0.224
0.316
0.381
0.411
0.614
0.629
0.575
0.475
0.638
0.359
0.316
0.3
0.27
0.321
0.299
0.144
0.046
0.013
0.188
0.06
-0.09
-0.124
-0.21
-0.292
-0.344
-0.461
-0.545
-0.583
-0.654
-0.779
-0.765
-0.836
-0.929
-0.879
-0.875
-0.963
-1.091
-1.038
-1.155
-0.965
-0.844
-0.736
-0.706
-0.709
-0.639
-0.545
-0.536
-0.438
-0.375
-0.29
-0.191
-0.259
-0.268
-0.343
-0.247
-0.264
-0.231
-0.224
-0.263
-0.146
-0.088
-0.021
0.024
0.14
0.199
0.205
0.343
0.295
0.26
0.138
-0.077
-0.225
-0.333
-0.406
-0.522
-0.301
-0.25
-0.216
-0.076
-0.06
-0.146
-0.09
-0.041
-0.245
-0.22
-0.086
-0.161
-0.188
-0.23
-0.399
-0.23
-0.426
-0.494
-0.286
-0.357
-0.269
-0.335
-0.414
-0.411
-0.406
-0.429
-0.526
-0.688
-0.588
-0.662
-0.64
-0.69
-0.681
-0.481
-0.463
-0.453
-0.486
-0.51
-0.603
-0.532
-0.547
-0.583
-0.446
-0.35
-0.236
-0.281
-0.328
-0.24
-0.294
-0.268
-0.185
-0.024
0.049
0.014
0.059
0.331
0.432
0.339
0.31
0.469
0.256
0.263
0.383
0.318
0.374
0.339
0.398
0.41
0.434
0.425
0.405
0.578
0.57
0.325
0.496
0.46
0.336
0.125
0.325
0.236
0.251
0.175
0.058
0.139
0.081
0.021
0.039
-0.138
-0.269
-0.242
-0.29
-0.306
-0.296
-0.399
-0.527
-0.465
-0.381
-0.42
-0.328
-0.261
-0.24
-0.16
-0.217
-0.25
-0.294
-0.326
-0.223
-0.198
-0.27
-0.294
-0.335
-0.221
0.003
-0.065
0.29
0.278
0.295
0.413
0.404
0.357
0.516
0.51
0.324
0.374
0.289
0.635
0.421
0.409
0.279
0.244
0.441
0.231
0.221
0.285
0.441
0.565
0.536
0.56
0.508
0.55
0.388
0.421
0.413
0.474
0.421
0.703
0.609
0.763
0.624
0.67
0.715
0.69
0.635
0.424
0.324
0.335
0.23
0.198
0.083
0.229
0.156
0.229
0.049
-0.119
0.107
0.156
-0.098
0.037
0.069
0.136
0.185
0.109
-0.028
-0.129
-0.06
0.056
0.001
0.079
0.126
0.021
0.217
0.258
-0.133
0.203
0.146
0.041
-0.005
0.136
0.109
0.107
0.084
0.11
-0.158
-0.045
0.076
0.045
0.125
-0.055
-0.08
-0.13
-0.246
0.064
-0.094
-0.145
-0.152
-0.07
-0.136
-0.151
-0.177
-0.31
-0.104
-0.378
-0.249
-0.174
-0.129
-0.169
-0.231
-0.211
-0.14
-0.199
-0.144
-0.009
0.205
0.077
-0.015
-0.106
0.054
0.231
0.048
0.025
-0.069
0.009
-0.105
-0.113
-0.052
-0.111
-0.059
-0.062
-0.193
-0.015
0.05
0.145
0.131
0.242
0.345
0.443
0.285
0.079
0.059
0.089
0.051
0.193
0.06
0.152
0.356
0.519
0.59
0.559
0.464
0.601
0.759
0.646
0.685
0.675
0.701
0.446
0.526
0.609
0.497
0.682
0.624
0.606
0.73
0.728
0.669
0.564
0.491
0.424
0.529
0.439
0.284
0.195
0.099
0.025
-0.025
0.129
0.151
0.147
0.036
0.054
0.091
-0.024
0.044
-0.028
0.001
0.101
-0.025
-0.037
-0.007
0.136
0.19
0.134
0.224
0.266
0.185
0.238
0.325
0.299
0.219
0.155
0.304
0.236
0.305
0.446
0.688
0.965
1.042
1.096
0.975
1.039
0.944
0.981
1.131
1.249
1.548
1.244
1.061
1.071
0.82
0.959
0.935
0.948
1.001
1.006
1.062
1.095
1.271
1.069
1.066
1.009
1.038
1.101
1.052
1.085
0.897
0.963
0.919
1.041
1.093
1.198
1.23
1.339
1.105
1.021
0.97
0.905
0.88
0.807
0.652
0.688
0.718
0.547
0.43
0.54
0.654
0.76
0.615
0.508
0.414
0.432
0.463
0.381
0.432
0.273
0.221
0.383
0.419
0.466
0.552
0.714
0.736
0.726
0.787
0.546
0.356
0.385
0.422
0.211
0.365
0.305
0.365
0.231
0.254
0.301
0.209
0.339
0.138
0.233
0.376
0.189
0.193
0.557
0.449
0.485
0.216
0.283
0.205
0.253
0.147
0.058
0.3
0.242
0.114
0.136
0.3
0.231
0.335
0.403
0.474
0.537
0.586
0.629
0.621
0.623
0.458
0.46
0.508
0.446
0.41
0.264
0.346
0.385
0.336
0.226
0.21
0.217
0.32
0.305
0.092
0.007
0.118
0.186
0.305
0.326
0.424
0.466
0.469
0.258
0.114
0.103
-0.085
-0.3
-0.291
-0.205
-0.106
-0.076
-0.098
-0.181
-0.22
0.003
0.065
-0.411
-0.371
-0.641
-0.666
-0.794
-0.825
-0.726
-0.859
-0.731
-0.556
-0.461
-0.554
-0.693
-0.964
-0.734
-0.776
-0.795
-0.716
-0.789
-0.693
-0.645
-0.531
-0.32
-0.315
-0.235
-0.291
-0.4
-0.334
-0.58
-0.667
-0.789
-0.825
-0.829
-0.809
-0.609
-0.495
-0.662
-0.379
-0.385
-0.49
-0.415
-0.503
-0.539
-0.517
-0.53
-0.399
-0.33
-0.429
-0.251
-0.115
-0.274
-0.225
-0.305
-0.139
-0.26
-0.22
-0.176
-0.354
-0.522
-0.57
-0.638
-0.685
-0.74
-0.65
-0.508
-0.621
-0.49
-0.569
-0.644
-0.49
-0.46
-0.357
-0.29
-0.24
-0.031
-0.034
0.084
0.058
0.029
-0.041
0.045
0.034
0.196
0.176
0.203
0.233
0.203
0.3
0.302
0.166
0.166
0.198
0.1
0.11
0.079
0.005
-0.077
-0.288
-0.165
-0.106
-0.45
-0.53
-0.588
-0.693
-0.626
-0.672
-0.823
-0.792
-0.761
-0.792
-0.82
-0.74
-0.703
-0.71
-0.823
-0.856
-0.715
-0.814
-0.868
-0.62
-0.601
-0.656
-0.578
-0.431
-0.208
-0.096
-0.061
-0.16
-0.065
0.249
0.054
0.169
0.105
0.196
0.208
0.122
0.101
0.022
0.006
0.086
0.011
0.013
0.116
0.15
0.195
0.09
0.034
-0.059
-0.121
-0.039
-0.188
-0.306
-0.314
-0.354
-0.375
-0.431
-0.46
-0.574
-0.434
-0.475
-0.574
-0.534
-0.573
-0.508
-0.564
-0.743
-0.674
-0.734
-0.605
-0.575
-0.468
-0.422
-0.466
-0.302
-0.344
-0.314
-0.335
-0.266
-0.15
-0.031
0.166
0.177
0.23
0.249
0.42
0.431
0.559
0.734
0.902
0.733
0.899
0.859
0.86
0.784
0.705
0.646
0.56
0.381
0.389
0.37
0.024
-0.174
-0.21
-0.23
-0.214
-0.21
-0.413
-0.374
-0.21
-0.19
-0.185
-0.279
-0.274
-0.28
-0.188
-0.018
0.091
0.0
0.146
0.092
0.08
0.143
0.295
0.362
0.258
0.244
0.285
0.273
0.379
0.205
0.307
0.06
0.011
-0.106
-0.191
-0.239
-0.239
-0.23
-0.116
0.01
0.058
0.049
-0.11
-0.191
-0.221
-0.348
-0.338
-0.432
-0.458
-0.326
-0.453
-0.526
-0.453
-0.325
-0.378
-0.406
-0.44
-0.439
-0.511
-0.47
-0.473
-0.501
-0.531
-0.451
-0.615
-0.565
-0.62
-0.753
-0.688
-0.606
-0.409
-0.321
-0.346
-0.426
-0.355
-0.258
-0.288
-0.241
-0.301
-0.416
-0.42
-0.356
-0.302
-0.355
-0.302
-0.274
-0.177
-0.025
0.155
0.196
0.185
0.101
-0.051
-0.077
-0.003
-0.169
-0.126
-0.186
-0.325
-0.121
-0.273
-0.283
-0.18
-0.296
-0.215
-0.234
-0.269
-0.206
-0.154
-0.04
0.074
0.014
-0.071
-0.158
-0.146
-0.125
-0.07
-0.177
-0.003
-0.128
-0.169
-0.261
-0.181
-0.171
-0.233
-0.307
-0.22
-0.158
-0.058
0.024
0.12
0.075
0.109
-0.005
0.025
-0.101
-0.171
-0.174
-0.256
-0.089
-0.013
-0.054
0.01
-0.109
-0.155
-0.266
-0.266
-0.206
-0.27
-0.088
-0.176
-0.266
-0.334
-0.228
-0.185
-0.151
0.0
-0.051
-0.291
-0.029
-0.12
-0.151
-0.22
-0.219
-0.421
-0.329
-0.401
-0.216
-0.185
-0.276
-0.335
-0.295
-0.18
-0.256
-0.154
-0.275
-0.211
-0.199
-0.169
-0.302
-0.321
-0.323
-0.356
-0.4
-0.641
-0.703
-0.675
-0.596
-0.536
-0.561
-0.426
-0.574
-0.516
-0.605
-0.585
-0.559
-0.68
-0.448
-0.478
-0.299
-0.366
-0.31
-0.376
-0.323
-0.253
-0.408
-0.3
-0.357
-0.356
-0.323
-0.221
-0.29
-0.419
-0.388
-0.414
-0.446
-0.299
-0.173
-0.171
-0.16
-0.225
-0.17
-0.155
-0.145
-0.234
-0.251
-0.278
-0.301
-0.366
-0.28
-0.32
-0.309
-0.391
-0.354
-0.4
-0.491
-0.421
-0.314
-0.291
-0.23
-0.259
-0.278
-0.453
-0.386
-0.534
-0.389
-0.345
-0.318
-0.29
-0.088
-0.283
-0.288
-0.302
-0.16
-0.149
-0.025
-0.071
0.075
0.185
0.208
0.255
0.191
0.279
0.319
0.149
0.096
0.058
0.014
0.175
0.185
0.103
0.185
0.066
0.094
0.21
0.214
0.305
0.391
0.494
0.47
0.508
0.539
0.744
0.703
0.764
0.935
0.806
0.796
0.829
0.743
0.652
0.478
0.383
0.335
0.35
0.28
0.359
0.341
0.152
0.245
0.089
0.154
0.026
0.049
0.096
-0.083
-0.169
-0.321
-0.184
-0.177
-0.258
-0.258
-0.234
-0.305
-0.24
-0.198
-0.206
-0.1
-0.013
0.07
-0.049
-0.034
-0.188
-0.036
0.18
0.217
0.32
0.362
0.454
0.479
0.466
0.376
0.371
0.334
0.371
0.329
0.465
0.311
0.31
0.384
0.3
0.37
0.341
0.434
0.439
0.519
0.639
0.679
0.644
0.848
0.671
0.608
0.78
0.726
0.729
0.603
0.431
0.378
0.24
0.199
-0.018
0.107
-0.014
-0.005
0.058
0.17
0.177
0.119
0.136
0.115
0.043
-0.049
-0.018
-0.005
0.044
0.081
0.119
0.256
0.245
0.217
0.095
0.147
0.379
0.239
0.473
0.473
0.501
0.473
0.499
0.48
0.367
0.431
0.385
0.343
0.306
0.264
0.208
0.091
-0.109
-0.03
-0.357
-0.291
-0.36
-0.396
-0.365
-0.275
-0.195
0.0
-0.048
0.0
-0.141
-0.273
-0.226
-0.214
-0.077
-0.239
-0.211
-0.156
-0.367
-0.391
-0.352
-0.463
-0.531
-0.497
-0.539
-0.789
-0.802
-0.87
-0.794
-0.646
-0.504
-0.38
-0.245
-0.307
-0.306
-0.276
-0.348
-0.331
-0.184
-0.25
-0.283
0.118
0.145
0.247
0.32
0.439
0.599
0.71
0.688
0.834
0.54
0.53
0.509
0.32
0.211
0.103
0.029
0.069
0.104
0.085
-0.059
-0.159
-0.281
-0.274
-0.366
-0.284
-0.352
-0.101
-0.189
-0.31
-0.399
-0.299
-0.289
-0.374
-0.411
-0.29
-0.371
-0.393
-0.527
-0.638
-0.583
-0.549
-0.374
-0.349
-0.216
-0.28
-0.371
-0.266
-0.181
-0.191
-0.219
-0.315
-0.217
-0.242
-0.109
-0.14
-0.196
-0.193
-0.271
-0.158
-0.525
-0.59
-0.427
-0.321
-0.319
-0.292
-0.411
-0.205
-0.079
-0.079
-0.236
-0.177
-0.199
-0.215
-0.141
-0.195
-0.233
-0.189
-0.016
-0.105
-0.01
-0.064
0.051
-0.095
-0.072
-0.01
-0.188
-0.169
-0.064
-0.033
0.088
0.111
0.186
0.091
0.074
0.07
0.212
0.238
0.343
0.214
0.114
0.09
0.083
0.006
0.018
-0.115
-0.039
-0.011
-0.149
-0.011
-0.161
-0.13
-0.02
0.129
0.1
0.121
0.144
0.107
0.175
0.176
0.114
0.215
0.349
0.255
0.417
0.631
0.443
0.662
0.66
0.681
0.609
0.471
0.487
0.422
0.384
0.551
0.56
0.506
0.578
0.619
0.719
0.664
0.666
0.719
0.604
0.56
0.66
0.625
0.675
0.616
0.611
0.662
0.66
0.598
0.544
0.574
0.512
0.603
0.546
0.564
0.379
0.383
0.33
0.338
0.265
0.196
0.432
0.473
0.444
0.484
0.635
0.743
0.902
0.981
1.11
1.08
0.888
0.766
0.743
0.714
0.718
0.811
0.907
0.993
1.089
1.14
1.096
1.196
1.12
1.062
1.155
1.061
1.09
1.134
1.163
1.186
1.096
1.018
1.056
1.046
1.025
1.015
1.079
1.049
1.193
1.31
1.443
1.481
1.357
1.22
0.886
0.848
0.751
0.86
1.038
0.973
0.969
0.976
0.784
0.561
0.401
0.46
0.431
0.474
0.486
0.556
0.581
0.549
0.341
0.231
0.316
0.306
0.168
0.394
0.245
0.179
0.212
0.166
-0.025
-0.056
-0.22
-0.195
-0.394
-0.408
-0.682
-0.389
-0.364
-0.195
-0.011
-0.159
-0.146
-0.233
-0.07
-0.013
-0.253
-0.509
-0.42
-0.367
-0.464
-0.288
-0.474
-0.242
-0.225
-0.247
-0.116
-0.195
-0.266
-0.345
-0.215
-0.247
0.125
0.16
-0.014
0.076
0.089
-0.041
0.176
0.37
0.568
0.609
0.621
0.571
0.671
0.56
0.679
0.716
0.92
0.864
1.059
1.069
1.071
0.996
0.881
0.864
1.056
1.05
1.088
1.045
0.866
0.956
0.633
0.574
0.703
0.578
0.639
0.549
0.677
0.611
0.568
0.599
0.497
0.415
0.27
