0.143
0.159
0.152
0.116
-0.116
-0.299
-0.398
-0.193
-0.568
-0.5
-0.336
-0.343
-0.455
-0.334
-0.357
-0.307
-0.235
-0.253
-0.194
-0.134
-0.239
-0.268
-0.408
-0.261
-0.083
0.195
0.215
0.309
0.184
0.105
0.133
0.126
0.244
0.296
0.388
0.37
0.429
0.273
0.318
0.302
0.325
0.501
0.508
0.435
0.364
0.355
0.35
0.485
0.406
0.259
0.379
0.212
0.06
0.089
-0.052
0.009
-0.061
0.011
-0.281
-0.242
-0.139
-0.331
-0.375
-0.366
-0.217
-0.083
-0.242
-0.291
-0.537
-0.36
-0.338
-0.339
-0.296
-0.226
-0.285
-0.089
0.045
-0.07
0.0
0.003
0.079
0.024
-0.174
-0.159
-0.055
0.101
0.072
0.186
0.043
0.161
0.339
0.075
0.147
0.086
0.199
0.281
0.279
0.094
0.022
-0.09
-0.265
-0.367
-0.482
-0.666
-0.704
-0.569
-0.841
-0.647
-0.861
-0.542
-0.554
-0.599
-0.547
-0.438
-0.376
-0.478
-0.591
-0.641
-0.463
-0.274
-0.043
0.284
0.448
0.662
0.659
0.755
0.8
1.0
0.96
0.91
0.686
0.939
0.843
0.876
1.256
0.906
1.071
1.206
1.411
1.48
1.363
1.305
1.301
1.078
1.01
0.858
0.889
0.652
0.468
0.458
0.426
0.39
0.143
0.194
0.075
-0.062
-0.263
-0.009
-0.351
-0.609
-0.779
-0.753
-0.807
-0.739
-0.864
-0.958
-1.124
-1.143
-1.163
-0.927
-0.864
-0.814
-0.894
-0.885
-0.8
-0.79
-0.511
-0.631
-0.271
-0.169
-0.131
-0.203
-0.131
0.301
0.013
-0.115
0.004
-0.079
0.061
-0.066
0.029
0.077
0.156
0.154
0.128
-0.051
0.065
0.193
0.297
0.234
0.215
0.292
0.239
0.315
0.249
0.069
0.006
0.101
-0.189
-0.225
-0.152
-0.071
-0.037
0.324
0.378
0.501
0.611
0.666
0.676
0.819
0.781
0.84
1.009
1.014
1.016
1.074
1.175
1.05
1.113
1.141
1.116
1.149
0.99
0.886
1.01
0.946
0.958
0.83
0.932
1.088
0.963
1.085
0.814
0.825
0.615
0.593
0.509
0.438
0.355
0.389
0.145
0.174
-0.022
-0.15
-0.28
-0.21
-0.268
-0.214
-0.654
-0.446
-0.532
-0.716
-0.7
-0.885
-0.784
-0.805
-0.664
-0.7
-0.823
-0.809
-0.838
-0.694
-0.738
-0.784
-0.759
-0.945
-0.818
-0.878
-0.889
-0.886
-0.78
-0.688
-0.652
-0.588
-0.578
-0.449
-0.302
-0.335
-0.285
-0.195
-0.166
0.083
0.095
0.029
0.139
0.182
0.43
0.497
0.75
0.74
0.796
0.753
0.526
0.557
0.664
0.875
0.945
0.94
0.946
1.083
1.035
1.24
1.285
1.416
1.458
1.226
1.035
0.814
0.688
0.503
0.346
0.299
0.221
-0.07
-0.443
-0.605
-0.649
-0.792
-0.836
-0.667
-0.765
-0.726
-0.608
-0.588
-0.564
-0.359
-0.241
-0.33
-0.285
-0.199
-0.23
-0.116
0.101
0.13
0.384
0.47
0.501
0.529
0.521
0.51
0.344
0.409
0.425
0.356
0.161
0.415
0.338
0.399
0.338
0.331
0.41
0.338
0.503
0.505
0.532
0.596
0.745
0.539
0.52
0.546
0.416
0.413
0.04
0.265
0.16
0.171
0.291
0.2
0.091
-0.09
-0.251
-0.539
-0.497
-0.514
-0.644
-0.579
-0.526
-0.537
-0.704
-0.531
-0.575
-0.451
-0.594
-0.611
-0.444
-0.458
-0.362
-0.366
-0.434
-0.464
-0.455
-0.546
-0.639
-0.63
-0.494
-0.251
-0.295
-0.295
-0.443
-0.331
-0.41
-0.67
-0.68
-0.71
-0.501
-0.425
-0.453
-0.539
-0.699
-0.471
-0.591
-0.425
-0.561
-0.414
-0.417
-0.42
-0.631
-0.599
-0.761
-0.701
-0.698
-0.43
-0.239
-0.265
-0.168
-0.092
-0.099
-0.059
-0.115
0.013
-0.018
-0.245
-0.536
-0.586
-0.57
-0.584
-0.212
-0.099
0.054
0.13
0.289
0.254
0.171
0.143
0.15
0.184
0.151
0.216
-0.075
-0.031
-0.075
0.096
0.147
0.103
0.223
0.146
0.209
0.217
0.301
0.415
0.448
0.362
0.286
0.261
0.345
0.66
0.677
0.83
0.723
0.576
0.318
0.374
0.562
0.362
0.409
0.634
0.46
0.203
0.324
0.285
0.306
0.352
0.203
0.302
0.37
0.269
0.306
0.346
0.333
0.089
-0.04
0.085
0.104
-0.003
0.09
-0.12
-0.309
-0.233
-0.562
-0.545
-0.479
-0.299
-0.345
-0.326
-0.195
-0.098
-0.149
-0.345
-0.422
-0.346
-0.46
-0.324
-0.334
-0.383
-0.251
-0.229
-0.094
-0.044
-0.039
0.081
0.191
0.361
0.439
0.404
0.466
0.633
0.63
0.684
0.777
0.89
0.863
0.826
0.644
0.426
0.417
0.591
0.684
0.615
0.578
0.644
0.52
0.343
0.198
0.151
0.054
0.111
0.076
0.219
-0.076
0.17
0.075
0.195
0.111
0.04
-0.048
-0.151
-0.341
-0.36
-0.225
-0.029
-0.018
0.01
0.052
-0.106
-0.275
-0.32
-0.449
-0.495
-0.699
-0.772
-0.782
-0.823
-0.775
-0.642
-0.451
-0.573
-0.519
-0.479
-0.416
-0.343
-0.46
-0.49
-0.398
-0.261
-0.188
-0.155
-0.182
-0.302
-0.415
-0.475
-0.449
-0.427
-0.338
-0.312
-0.143
-0.247
-0.505
-0.131
-0.569
-0.445
-0.355
-0.42
-0.32
-0.209
-0.101
-0.051
0.165
0.321
0.478
0.608
0.771
0.83
0.841
0.954
0.906
0.993
0.978
1.126
1.123
1.061
1.062
1.032
1.069
0.936
0.95
1.005
1.159
0.978
0.924
0.961
0.998
1.046
0.76
0.728
0.666
0.864
0.836
0.749
0.74
0.779
0.805
0.739
0.552
0.556
0.53
0.291
0.217
0.209
-0.166
-0.124
-0.039
-0.115
-0.256
-0.33
-0.395
-0.465
-0.574
-0.631
-0.629
-0.598
-0.378
-0.383
-0.32
-0.324
-0.305
-0.23
0.041
0.094
0.15
0.486
0.4
0.464
0.351
0.459
0.559
0.557
0.616
0.649
0.593
0.685
0.659
0.511
0.644
0.69
0.706
0.75
0.677
0.641
0.588
0.546
0.586
0.504
0.449
0.311
0.054
0.014
-0.021
0.212
0.075
0.138
0.417
0.286
0.126
-0.045
-0.059
-0.1
-0.084
0.014
0.09
0.166
0.255
0.219
0.165
-0.035
-0.268
-0.454
-0.516
-0.677
-0.828
-0.705
-0.714
-0.777
-0.736
-0.785
-0.481
-0.321
-0.064
-0.034
0.094
0.156
0.211
0.035
0.0
-0.144
0.109
0.307
0.404
0.395
0.323
0.199
0.278
0.254
0.398
0.5
0.434
0.426
0.315
0.284
0.168
0.159
0.081
-0.079
-0.106
-0.244
-0.119
-0.035
-0.22
-0.24
-0.485
-0.35
-0.405
-0.44
-0.603
-0.682
-0.628
-0.408
-0.138
-0.253
-0.2
-0.138
0.08
-0.021
0.036
0.114
0.146
0.258
0.184
0.182
0.326
0.221
0.474
0.44
0.535
0.551
0.723
0.62
0.675
0.545
0.522
0.375
0.19
0.156
0.147
0.203
0.19
0.04
-0.221
-0.086
-0.28
-0.31
-0.208
-0.283
-0.515
-0.546
-0.696
-0.72
-0.858
-0.824
-0.753
-0.833
-0.741
-0.914
-0.907
-0.874
-0.682
-0.635
-0.705
-0.691
-0.871
-0.946
-0.931
-1.009
-1.029
-0.761
-0.517
-0.489
-0.396
-0.398
-0.406
-0.244
-0.23
0.025
0.134
0.095
-0.072
-0.309
-0.334
-0.329
-0.265
0.071
0.15
0.158
0.3
0.128
0.126
0.06
-0.052
0.196
0.025
0.241
0.52
0.422
0.485
0.425
0.231
0.346
0.432
0.59
0.759
0.841
0.919
0.635
0.458
0.289
0.258
0.208
0.111
-0.061
-0.101
-0.136
-0.361
-0.1
0.025
0.191
0.198
0.296
0.201
0.056
0.06
0.225
0.299
0.283
0.35
0.448
0.571
0.676
0.62
0.516
0.492
0.399
0.356
0.284
0.209
0.141
0.1
0.175
-0.005
0.17
0.039
0.312
0.473
0.569
0.641
0.63
0.65
0.763
0.649
0.776
0.755
0.797
0.698
0.525
0.705
0.606
0.611
0.44
0.399
0.165
0.088
-0.206
-0.394
-0.424
-0.471
-0.339
-0.497
-0.314
-0.116
-0.25
-0.177
-0.129
-0.07
-0.003
0.077
0.007
0.159
0.221
0.111
-0.086
-0.168
-0.241
-0.24
-0.247
-0.299
-0.419
-0.669
-0.514
-0.638
-0.495
-0.69
-0.672
-0.667
-0.81
-0.905
-0.858
-0.848
-0.839
-0.874
-0.751
-0.834
-0.669
-0.571
-0.441
-0.656
-0.451
-0.726
-0.601
-0.614
-0.728
-0.68
-0.616
-0.449
-0.529
-0.44
-0.534
-0.482
-0.333
-0.444
-0.316
-0.141
-0.149
-0.125
-0.18
-0.135
-0.016
-0.041
-0.151
-0.364
-0.245
-0.176
-0.28
-0.215
-0.239
-0.118
-0.166
0.043
0.194
0.17
0.325
-0.072
0.025
-0.074
-0.079
0.08
-0.096
0.009
0.18
0.133
0.233
0.338
0.455
0.439
0.318
0.209
0.241
0.31
0.486
0.292
0.169
0.209
0.352
0.512
0.361
0.352
0.325
0.316
0.281
0.034
0.12
0.072
0.041
0.105
0.021
0.177
0.105
0.214
0.239
0.186
0.24
0.203
0.024
0.116
-0.02
-0.08
-0.081
-0.203
-0.134
-0.236
-0.02
-0.265
-0.323
-0.374
-0.398
-0.494
-0.575
-0.695
-0.679
-0.771
-0.859
-0.765
-0.57
-0.376
-0.266
-0.125
-0.026
0.046
0.06
-0.273
-0.049
0.081
0.1
0.294
0.289
0.165
0.18
0.158
0.239
0.066
-0.005
-0.09
-0.085
-0.028
-0.034
0.086
0.003
0.186
0.1
0.098
-0.122
-0.064
-0.231
-0.275
-0.264
-0.214
-0.074
-0.095
0.058
0.138
0.184
-0.092
-0.173
-0.13
-0.129
0.054
0.086
0.001
-0.138
-0.175
-0.356
-0.302
-0.03
0.091
0.049
0.06
0.299
0.341
0.136
0.007
0.009
0.118
0.242
0.181
0.019
0.022
0.116
0.138
0.158
0.05
0.268
0.352
0.326
0.63
0.906
1.036
1.012
1.081
1.234
1.363
1.248
1.215
1.1
0.879
1.048
1.06
1.272
1.329
1.262
1.163
1.232
1.214
0.979
1.196
1.183
1.199
1.45
1.305
1.224
1.229
1.08
1.186
1.157
1.238
1.125
1.173
1.242
1.274
1.268
1.143
1.061
1.091
0.922
0.86
0.688
0.551
0.246
0.305
0.104
0.096
0.085
0.231
0.258
0.376
0.18
-0.044
-0.205
-0.246
-0.101
0.104
0.247
0.136
-0.075
-0.145
-0.329
-0.236
-0.273
-0.398
-0.231
-0.434
-0.388
-0.766
-0.821
-0.797
-0.922
-0.786
-0.661
-0.736
-0.619
-0.515
-0.435
-0.228
-0.253
-0.182
-0.279
-0.114
-0.138
-0.168
0.01
0.216
0.159
0.217
0.124
0.071
-0.028
0.05
0.152
0.278
0.552
0.509
0.57
0.575
0.645
0.455
0.37
0.28
0.383
0.295
0.135
0.0
-0.091
-0.241
-0.345
-0.473
-0.527
-0.454
-0.516
-0.416
-0.473
-0.547
-0.591
-0.688
-0.699
-0.8
-0.82
-0.68
-0.672
-0.534
-0.47
-0.426
-0.516
-0.384
-0.355
-0.559
-0.425
-0.41
-0.49
-0.294
-0.38
-0.177
-0.096
-0.107
-0.175
-0.253
-0.253
-0.49
-0.601
-0.536
-0.296
-0.291
-0.371
-0.339
-0.233
-0.126
-0.088
-0.044
-0.09
-0.037
0.064
-0.046
-0.03
0.198
0.301
0.454
0.439
0.249
0.145
0.031
0.115
0.118
0.326
0.234
0.245
0.119
0.246
0.054
0.274
0.338
0.177
0.294
0.109
0.114
0.066
0.194
0.334
0.515
0.37
0.315
0.206
-0.056
-0.315
-0.351
-0.25
-0.152
-0.203
-0.338
-0.345
-0.438
-0.463
-0.511
-0.595
-0.559
-0.58
-0.645
-0.682
-0.728
-0.79
-0.831
-0.743
-0.746
-0.635
-0.395
-0.541
-0.593
-0.595
-0.708
-0.516
-0.478
-0.489
-0.568
-0.255
-0.453
-0.505
-0.614
-0.746
-0.819
-0.85
-0.88
-0.995
-0.916
-0.88
-0.826
-0.614
-0.561
-0.608
-0.393
-0.45
-0.273
-0.193
0.059
0.013
0.056
0.149
0.155
-0.113
-0.193
0.23
0.221
0.149
0.014
0.096
0.288
0.588
0.899
0.989
1.045
1.147
0.856
0.859
0.996
1.044
1.264
1.286
1.295
1.249
0.999
0.83
0.864
0.944
0.851
1.184
0.963
1.021
0.949
0.929
0.875
0.774
0.709
0.672
0.424
0.35
0.38
0.254
0.263
0.092
0.154
0.152
0.208
0.268
0.401
0.251
0.124
0.022
-0.15
-0.146
-0.266
-0.247
-0.333
-0.486
-0.289
-0.08
-0.029
-0.041
0.036
0.149
0.307
0.275
0.367
0.341
0.083
0.006
0.089
0.071
0.021
0.031
-0.186
0.051
0.062
0.14
-0.306
-0.4
-0.606
-0.494
-0.666
-0.69
-0.708
-0.781
-0.806
-0.983
-0.949
-0.797
-0.674
-0.6
-0.686
-0.624
-0.603
-0.515
-0.294
-0.084
0.089
0.24
0.29
0.24
0.374
0.374
0.381
0.465
0.489
0.55
0.465
0.512
0.331
0.618
0.63
0.591
0.63
0.482
0.585
0.425
0.405
0.361
0.28
0.306
0.265
0.111
0.004
-0.026
-0.199
-0.211
-0.416
-0.144
-0.309
-0.217
-0.286
-0.203
-0.274
-0.126
-0.144
-0.214
-0.088
-0.028
0.103
0.244
0.281
0.426
0.394
0.23
0.196
0.06
0.235
0.439
0.534
0.348
0.001
0.175
-0.146
-0.098
0.055
0.096
0.239
0.193
0.052
0.094
-0.011
0.113
-0.081
-0.225
-0.146
-0.279
-0.214
-0.333
-0.384
-0.269
-0.138
-0.055
-0.092
-0.169
-0.234
-0.263
-0.255
0.118
0.055
-0.014
0.033
-0.24
-0.302
-0.329
-0.288
-0.339
-0.009
-0.129
0.217
0.505
0.432
0.556
0.774
0.811
0.763
0.586
0.655
0.733
0.714
0.855
0.784
0.89
0.974
1.117
1.292
1.169
0.993
0.994
0.761
0.594
0.44
0.454
0.41
0.372
0.381
0.534
0.445
0.21
0.24
0.059
0.049
0.056
0.215
-0.076
-0.245
-0.338
-0.474
-0.326
-0.519
-0.427
-0.424
-0.494
-0.301
-0.333
-0.333
-0.595
-0.501
-0.432
-0.453
-0.245
-0.335
-0.246
-0.054
-0.048
-0.009
-0.104
-0.196
-0.286
-0.19
-0.289
-0.236
-0.115
-0.203
-0.064
0.113
0.263
0.255
0.434
0.292
0.059
-0.104
-0.286
-0.273
-0.16
-0.011
0.069
0.04
0.165
0.077
0.147
0.1
0.091
0.235
0.198
-0.024
-0.185
-0.062
0.071
-0.17
-0.205
-0.365
-0.398
-0.512
-0.489
-0.242
-0.234
-0.147
-0.413
-0.484
-0.51
-0.481
-0.555
-0.459
-0.32
-0.309
-0.384
-0.521
-0.836
-0.981
-0.701
-0.515
-0.519
-0.154
0.145
0.441
0.265
0.448
0.516
0.635
0.509
0.81
0.805
0.62
0.588
0.171
0.216
0.276
0.24
0.422
0.511
0.48
0.466
0.443
0.231
0.344
-0.02
-0.151
-0.007
-0.18
-0.239
-0.469
-0.42
-0.435
-0.456
-0.35
-0.461
-0.286
-0.466
-0.449
-0.506
-0.497
-0.371
-0.246
-0.212
-0.366
-0.221
-0.107
-0.07
0.033
-0.115
-0.076
-0.092
0.124
0.164
0.21
0.346
0.264
0.54
0.545
0.422
0.376
0.466
0.465
0.398
0.484
0.393
0.43
0.549
0.605
0.679
0.666
0.614
0.449
0.36
0.539
0.559
0.473
0.611
0.375
0.234
0.26
0.071
0.129
-0.015
-0.208
-0.301
-0.247
-0.289
-0.289
-0.113
-0.126
-0.212
-0.247
-0.391
-0.361
-0.331
-0.29
-0.253
-0.246
-0.209
-0.253
-0.1
-0.28
-0.316
-0.291
-0.381
-0.296
-0.35
-0.511
-0.292
-0.188
-0.27
-0.329
-0.301
-0.156
-0.345
-0.241
-0.424
-0.421
-0.18
-0.121
-0.175
-0.115
-0.11
-0.131
-0.08
-0.049
0.001
-0.176
-0.228
-0.265
-0.292
-0.285
-0.238
-0.12
-0.212
-0.256
-0.136
-0.276
-0.27
-0.165
-0.253
-0.27
-0.371
-0.606
-0.578
-0.666
-0.579
-0.494
-0.44
-0.345
-0.456
-0.355
-0.512
-0.496
-0.755
-0.679
-0.704
-0.474
-0.209
-0.515
-0.511
-0.511
-0.38
-0.144
-0.128
-0.101
-0.13
-0.089
-0.096
0.111
0.035
-0.02
0.331
0.009
-0.088
-0.274
-0.438
-0.434
-0.464
-0.323
-0.394
-0.203
-0.325
-0.07
-0.154
0.064
0.098
0.091
0.182
0.111
0.059
0.143
-0.092
0.062
0.077
0.143
0.349
0.181
0.199
0.25
0.133
0.114
0.166
0.154
0.037
0.15
-0.085
-0.043
-0.14
-0.125
-0.274
-0.39
-0.256
-0.315
-0.306
-0.072
0.044
0.151
0.279
0.174
0.1
-0.033
-0.058
-0.239
-0.4
-0.234
-0.223
-0.305
-0.19
0.039
0.143
0.14
0.24
0.343
0.454
0.344
0.386
0.306
0.37
0.629
0.736
0.769
0.755
0.69
0.953
0.919
1.214
1.05
0.836
1.015
0.998
0.978
0.823
0.973
0.99
1.065
1.064
0.953
0.638
0.555
0.411
0.376
0.231
0.307
0.268
0.109
0.264
0.367
0.331
0.08
0.208
0.07
-0.035
-0.072
0.055
-0.231
-0.011
-0.414
-0.399
-0.564
-0.525
-0.56
-0.53
-0.406
-0.753
-0.901
-0.85
-0.845
-0.621
-0.734
-0.878
-1.001
-1.056
-1.126
-1.272
-1.281
-1.206
-1.004
-1.038
-1.103
-1.141
-1.163
-1.05
-0.995
-0.831
-0.959
-1.064
-1.126
-0.836
-0.485
-0.39
-0.209
0.16
0.294
0.22
0.145
0.32
0.764
0.838
1.119
1.209
1.423
1.32
1.312
1.385
1.446
1.848
2.046
1.978
2.005
1.92
1.904
1.844
1.601
1.614
1.675
1.736
1.775
1.396
1.289
1.048
1.25
1.022
1.123
1.23
1.246
1.049
1.012
0.845
0.899
0.893
0.879
0.814
0.527
0.307
0.225
0.301
0.301
0.362
0.463
0.511
0.6
0.571
0.499
0.19
0.04
-0.005
-0.109
-0.177
-0.249
-0.349
-0.393
-0.569
-0.367
-0.334
-0.362
-0.029
-0.427
-0.386
-0.255
-0.135
-0.14
-0.131
-0.155
-0.182
-0.128
-0.129
-0.028
-0.084
-0.101
0.007
0.031
-0.022
-0.119
0.005
-0.08
0.315
0.35
0.435
0.38
0.229
0.061
-0.034
-0.246
-0.246
-0.113
0.084
0.166
0.256
0.271
0.408
0.299
0.41
0.43
0.42
0.38
0.398
0.426
0.492
0.413
0.3
0.45
0.432
0.291
0.329
0.341
0.379
0.212
0.251
0.42
0.221
0.427
0.484
0.417
0.171
0.045
-0.098
0.074
-0.007
-0.029
0.005
-0.189
-0.324
-0.242
-0.166
0.09
0.25
0.555
0.626
0.708
0.64
0.631
0.686
0.733
0.706
0.54
0.482
0.429
0.376
0.485
0.238
0.223
0.146
0.254
0.307
0.304
0.419
0.405
0.241
0.136
0.001
0.033
0.129
0.388
0.464
0.479
0.724
0.463
0.294
0.114
-0.029
-0.158
-0.075
-0.28
-0.295
-0.239
-0.316
-0.188
-0.343
-0.037
-0.231
-0.231
-0.195
-0.562
-0.649
-0.662
-0.508
-0.51
-0.486
-0.478
-0.546
-0.361
-0.266
-0.326
-0.241
-0.426
-0.254
-0.11
-0.028
0.113
0.028
0.092
0.158
0.196
0.184
0.274
0.261
0.17
0.114
0.055
0.005
0.13
0.02
0.059
0.199
0.217
0.139
0.006
0.011
0.013
-0.019
-0.015
0.004
0.149
0.048
0.083
0.094
-0.004
-0.024
0.055
0.143
-0.065
-0.06
-0.233
-0.198
-0.193
-0.33
-0.396
-0.475
-0.441
-0.413
-0.409
-0.519
-0.574
-0.609
-0.675
-0.644
-0.765
-0.768
-0.744
-0.81
-0.695
-0.72
-0.686
-0.515
-0.57
-0.38
-0.529
-0.549
-0.378
-0.345
-0.652
-0.826
-0.835
-0.809
-0.782
-0.522
-0.595
-0.664
-0.532
-0.454
-0.374
-0.43
-0.17
-0.092
-0.236
-0.11
0.02
-0.089
-0.009
-0.209
-0.114
0.152
0.154
0.366
0.188
0.146
-0.1
-0.176
-0.547
-0.744
-0.754
-0.81
-0.906
-0.695
-0.624
-0.604
-0.57
-0.704
-0.525
-0.475
-0.603
-0.427
-0.325
-0.623
-0.574
-0.676
-0.43
-0.268
-0.46
-0.355
-0.306
-0.348
-0.416
-0.378
-0.378
0.056
-0.121
0.08
0.283
0.415
0.448
0.383
0.285
0.394
0.395
0.598
0.97
0.89
0.81
0.922
0.873
0.824
0.586
0.718
0.815
0.733
0.604
0.378
0.398
0.495
0.448
0.585
0.379
0.512
0.296
0.339
0.126
-0.081
-0.264
-0.106
-0.107
-0.081
0.076
0.354
0.501
0.422
0.584
0.724
0.68
0.709
0.926
0.831
1.078
1.215
1.336
1.431
0.941
0.89
0.807
0.779
0.785
0.838
0.659
0.86
0.876
0.888
0.939
0.714
0.494
0.335
0.253
0.116
-0.039
-0.055
0.041
-0.166
-0.244
-0.334
-0.316
-0.435
-0.435
-0.571
-0.691
-0.647
-0.719
-0.503
-0.336
-0.341
-0.177
-0.427
-0.326
-0.47
-0.445
-0.376
-0.247
-0.32
-0.201
-0.361
-0.323
-0.043
0.094
0.114
0.019
0.044
-0.1
-0.101
-0.309
-0.103
-0.025
0.228
0.211
0.083
0.034
0.049
0.02
-0.235
0.095
-0.083
-0.144
-0.299
-0.339
-0.453
-0.494
-0.355
-0.361
-0.179
-0.085
-0.071
0.044
0.077
-0.037
-0.258
-0.26
-0.311
-0.285
-0.371
-0.497
-0.536
-0.821
-0.506
-0.406
-0.194
-0.072
-0.079
-0.014
-0.049
-0.1
-0.171
0.001
-0.259
-0.235
-0.319
-0.388
-0.364
-0.242
-0.085
-0.278
-0.354
-0.141
0.013
0.188
0.302
0.449
0.492
0.484
0.906
0.874
0.876
0.858
0.825
0.843
0.796
1.014
1.115
1.188
1.058
1.032
0.976
1.153
1.258
1.206
1.282
1.179
1.124
0.959
0.938
0.728
0.751
0.848
0.868
1.062
1.081
0.915
0.83
0.781
0.738
0.626
0.56
0.631
0.595
0.559
0.424
0.288
0.177
0.314
0.416
0.319
0.315
0.484
0.515
0.596
0.62
0.564
0.606
0.71
0.763
0.845
0.583
0.645
0.549
0.841
0.925
0.849
0.835
0.84
0.79
0.656
0.56
0.405
0.568
0.557
0.649
0.556
0.427
0.2
0.23
0.259
0.141
0.062
0.331
0.175
0.101
0.025
0.131
0.26
0.389
0.311
0.421
0.331
0.285
0.468
0.403
0.283
-0.091
0.034
0.13
-0.084
-0.245
-0.421
-0.67
-0.769
-0.724
-0.434
-0.229
0.066
0.136
0.095
0.144
-0.05
-0.145
0.11
0.22
0.043
-0.003
0.081
-0.076
-0.141
-0.034
0.043
0.154
0.147
0.374
0.16
0.256
0.07
0.126
0.146
0.095
0.12
-0.064
-0.092
-0.14
-0.044
0.022
0.194
0.444
0.625
0.744
0.646
0.719
0.753
0.661
0.573
0.719
0.448
0.344
0.16
-0.091
-0.151
-0.265
-0.169
-0.225
-0.15
-0.253
-0.161
-0.055
0.079
0.055
-0.1
0.161
0.3
0.283
0.269
0.374
0.299
0.318
0.334
0.174
0.14
0.271
0.343
0.473
0.384
0.43
0.438
0.463
0.469
0.389
0.251
0.28
0.343
0.076
-0.024
-0.323
-0.268
-0.448
-0.464
-0.441
-0.636
-0.581
-0.714
-0.715
-0.78
-0.912
-1.073
-1.009
-1.47
-1.58
-1.399
-1.186
-1.14
-1.045
-1.011
-0.83
-0.745
-0.688
-0.415
-0.381
-0.385
-0.156
-0.209
-0.089
-0.296
-0.135
0.086
-0.019
-0.046
0.116
0.228
0.124
0.088
-0.109
-0.034
0.039
0.265
0.532
0.639
0.634
0.6
0.542
0.439
0.496
0.537
0.596
0.744
0.809
0.883
0.718
0.68
0.459
0.4
0.335
0.188
0.427
0.367
0.578
0.266
0.007
-0.106
-0.274
-0.331
-0.478
-0.719
-0.589
-0.647
-0.755
-0.995
-1.171
-1.239
-1.241
-1.245
-1.286
-1.414
-1.46
-1.39
-1.552
-1.752
-1.669
-1.562
-1.355
-1.468
-1.318
-1.125
-0.975
-0.876
-0.718
-0.792
-1.009
-0.843
-0.838
-0.91
-0.949
-1.015
-1.056
-0.956
-0.964
-0.655
-0.709
-0.65
-0.541
-0.427
-0.559
-0.294
-0.446
-0.514
-0.606
-0.611
-0.621
-0.384
-0.08
-0.004
0.134
0.191
0.239
0.484
0.571
0.759
0.816
0.688
0.739
0.816
0.805
0.715
0.996
0.897
1.238
1.25
1.279
1.28
1.189
1.161
1.041
0.946
0.84
0.797
0.966
1.029
1.099
1.222
1.311
1.353
1.164
1.115
0.968
1.211
1.164
1.251
1.141
1.166
0.945
0.769
0.618
0.525
0.325
0.375
0.552
0.226
0.161
0.151
0.075
-0.021
0.13
-0.033
-0.223
-0.151
-0.036
-0.13
-0.02
0.075
0.025
-0.005
-0.136
-0.077
0.151
0.324
0.143
0.158
0.099
-0.365
-0.631
-0.681
-0.733
-0.688
-0.698
-0.655
-0.606
-0.814
-0.876
-0.91
-0.93
-0.905
-0.81
-0.672
-0.706
-0.542
-0.451
-0.521
-0.455
-0.415
-0.195
-0.005
-0.182
-0.041
-0.545
-0.338
0.0
-0.175
0.009
0.125
0.098
0.085
0.033
0.036
0.134
0.268
0.453
0.508
0.556
0.504
0.11
-0.072
-0.508
-0.565
-0.263
-0.121
0.111
0.312
0.404
0.517
0.562
0.621
0.596
0.685
0.559
0.654
0.408
0.206
0.131
0.14
0.1
0.09
0.105
0.17
0.062
0.138
0.111
-0.043
0.109
0.14
0.107
0.199
0.17
0.098
0.114
-0.146
-0.001
-0.379
-0.258
-0.286
-0.147
-0.118
-0.194
0.081
-0.061
0.049
-0.131
-0.141
-0.173
-0.328
-0.146
-0.107
-0.056
0.029
0.075
0.085
0.181
0.324
0.405
0.512
0.544
0.552
0.569
0.591
0.516
0.619
0.621
0.634
0.79
0.675
0.715
0.694
0.566
0.432
0.531
0.534
0.571
0.584
0.446
0.393
0.361
0.289
0.233
-0.077
-0.21
-0.352
-0.23
-0.641
-0.414
-0.537
-0.434
-0.389
-0.436
-0.318
-0.601
-0.557
-0.633
-0.846
-0.909
-0.93
-0.953
-1.029
-0.98
-0.91
-0.625
-0.614
-0.501
-0.61
-0.685
-0.564
-0.367
-0.376
-0.425
-0.413
-0.441
-0.396
-0.39
-0.3
-0.086
-0.084
0.054
0.004
0.136
0.24
0.064
0.302
0.33
0.473
0.677
0.6
0.471
0.554
0.321
0.279
0.315
0.436
0.489
0.432
0.356
0.344
0.339
0.119
0.022
-0.106
0.03
0.18
0.25
0.2
0.278
0.28
0.062
0.025
-0.128
-0.206
-0.138
-0.159
-0.106
-0.019
0.269
0.124
0.115
0.165
0.005
0.03
-0.037
-0.099
-0.066
-0.228
-0.126
-0.161
-0.141
-0.098
0.058
0.135
0.181
0.185
0.001
0.099
0.103
0.245
0.196
0.335
0.499
0.565
0.424
0.395
0.596
0.425
0.479
0.364
0.372
0.434
0.583
0.651
0.656
0.662
0.571
0.352
0.307
0.17
0.23
0.417
0.284
0.261
0.221
0.334
0.375
0.249
0.233
0.201
0.125
0.035
0.036
-0.074
0.054
-0.052
0.022
0.028
0.196
0.275
0.229
0.201
0.199
0.27
0.216
0.448
0.408
0.3
0.175
0.013
-0.211
-0.255
-0.376
-0.251
-0.301
-0.212
-0.103
-0.221
-0.242
-0.36
-0.411
-0.511
-0.508
-0.616
-0.451
-0.454
-0.454
-0.446
-0.343
-0.151
-0.154
-0.05
-0.129
0.003
0.259
0.07
0.075
-0.055
-0.013
-0.03
-0.314
-0.28
-0.306
-0.561
-0.42
-0.429
-0.274
-0.081
0.104
0.11
0.251
-0.016
0.037
0.231
0.171
0.269
0.235
0.256
0.334
0.191
0.254
0.354
0.182
0.228
0.26
0.059
0.114
-0.161
-0.247
-0.396
-0.601
-0.566
-0.708
-0.571
-0.644
-0.618
-0.76
-0.809
-0.838
-0.932
-0.868
-1.006
-1.011
-0.949
-0.836
-0.864
-0.821
-0.704
-0.831
-0.591
-0.539
-0.506
-0.223
-0.359
-0.279
-0.484
-0.29
-0.103
-0.18
0.094
-0.037
0.011
0.025
0.125
-0.02
-0.126
0.013
-0.031
-0.006
0.15
0.403
0.494
0.427
0.52
0.527
0.59
0.765
0.733
0.909
0.983
1.1
0.951
1.012
0.944
0.826
0.849
0.811
0.525
0.482
0.475
0.66
0.714
0.636
0.706
0.509
0.615
0.46
0.466
0.33
0.179
0.314
0.198
0.304
0.411
0.58
0.508
0.403
0.396
0.426
0.315
0.361
0.501
0.609
0.671
0.555
0.531
0.619
0.758
0.635
0.529
0.478
0.212
0.134
0.119
0.194
-0.16
0.114
-0.022
0.251
0.271
0.189
0.221
0.216
0.0
-0.161
-0.058
-0.134
-0.115
-0.147
-0.009
-0.166
-0.451
-0.436
-0.44
-0.405
-0.364
-0.497
-0.405
-0.436
-0.149
-0.196
-0.228
-0.514
-0.443
-0.372
-0.271
-0.427
-0.425
-0.473
-0.432
-0.4
-0.344
-0.198
-0.083
-0.228
-0.312
-0.3
-0.2
-0.269
-0.471
-0.422
-0.321
-0.306
-0.209
-0.058
0.119
0.1
0.011
0.028
0.043
-0.131
-0.016
0.086
0.072
0.219
0.174
0.388
0.631
0.574
0.456
0.585
0.761
0.76
0.713
0.801
0.844
0.935
0.636
0.774
0.686
0.876
0.874
0.969
1.074
1.133
1.183
1.318
1.22
1.181
1.216
1.369
1.251
1.085
0.934
0.758
0.763
0.799
0.774
0.486
0.408
0.288
-0.03
-0.003
0.036
0.031
-0.005
0.149
0.046
-0.145
-0.139
-0.072
-0.21
-0.124
-0.048
0.076
0.085
0.18
0.139
0.171
0.122
-0.08
-0.03
-0.158
-0.009
0.186
0.25
0.33
0.195
0.077
0.035
0.041
0.022
-0.249
-0.104
0.02
0.154
0.311
0.421
0.581
0.695
0.54
0.521
0.736
0.521
0.532
0.432
0.275
0.219
0.096
0.033
0.052
0.146
0.14
0.08
-0.094
-0.076
-0.013
-0.278
-0.194
-0.079
-0.147
-0.307
-0.341
-0.556
-0.716
-0.541
-0.355
-0.048
-0.043
-0.113
-0.224
-0.386
-0.247
-0.413
-0.234
-0.211
-0.119
-0.147
-0.22
-0.195
-0.374
-0.251
-0.099
-0.037
0.079
0.035
0.058
-0.09
-0.019
0.006
0.085
0.182
0.205
0.219
0.168
0.147
0.04
0.116
0.059
0.089
0.034
-0.064
-0.205
-0.058
-0.116
-0.315
-0.005
-0.201
-0.362
-0.446
-0.39
-0.58
-0.471
-0.374
-0.275
-0.219
-0.386
-0.283
-0.352
-0.147
-0.35
-0.146
-0.139
-0.107
-0.128
-0.217
-0.146
0.0
0.003
0.171
0.156
0.044
-0.061
-0.014
-0.045
-0.026
0.028
0.084
0.121
0.284
0.395
0.366
0.288
0.376
0.417
0.649
0.696
0.72
0.63
0.708
0.546
0.499
0.499
0.383
0.422
0.274
0.36
0.139
0.037
-0.07
-0.129
-0.072
-0.306
-0.444
-0.652
-0.603
-0.8
-0.676
-0.745
-0.714
-0.779
-0.954
-1.113
-1.296
-1.314
-1.198
-1.191
-0.985
-1.133
-1.083
-1.081
-1.107
-1.238
-1.189
-1.038
-1.075
-0.839
-1.039
-1.078
-1.073
-0.959
-1.147
-0.871
-0.806
-0.876
-0.89
-0.963
-0.785
-0.768
-0.64
-0.638
-0.59
-0.521
-0.497
-0.561
-0.614
-0.345
-0.468
-0.367
-0.263
-0.326
-0.359
-0.19
-0.159
-0.08
-0.253
-0.128
-0.236
-0.234
0.005
0.09
0.37
0.591
0.686
0.79
0.954
0.866
0.929
0.916
1.03
0.883
0.89
0.858
0.79
0.768
0.863
0.984
0.945
1.051
1.115
1.044
1.022
0.995
1.185
1.193
1.208
1.371
1.269
1.505
1.701
1.649
1.554
1.64
1.569
1.696
1.834
1.94
1.802
2.034
1.938
1.845
1.754
1.623
1.399
1.595
1.536
1.379
1.401
1.189
0.991
0.795
0.713
0.646
0.448
0.275
0.294
0.151
0.104
0.212
0.143
0.184
0.113
0.062
0.133
-0.088
-0.111
-0.446
-0.495
-0.545
-0.583
-0.73
-1.055
-0.811
-0.755
-0.848
-0.651
-0.671
-0.451
-0.482
-0.39
-0.562
-0.66
-0.823
-0.878
-0.853
-0.925
-0.735
-0.984
-1.115
-0.969
-0.983
-0.81
-0.863
-0.806
-0.812
-1.107
-0.901
-0.774
-0.654
-0.651
-0.636
-0.571
-0.596
-0.468
-0.556
-0.295
-0.411
-0.316
-0.419
-0.268
0.029
0.164
0.121
0.173
0.203
0.111
0.344
0.338
0.603
0.61
0.386
0.343
0.535
0.616
0.806
0.739
0.596
0.249
-0.019
0.081
0.076
-0.072
0.128
0.247
0.37
0.279
0.296
0.266
0.326
0.37
0.348
0.369
0.515
0.473
0.266
0.122
0.299
0.203
0.274
0.225
0.255
0.312
0.335
0.482
0.372
0.427
0.461
0.44
0.351
0.334
0.495
0.504
0.491
0.594
0.645
0.891
0.901
1.021
1.034
0.864
0.853
0.82
0.64
0.626
0.458
0.585
0.58
0.522
0.524
0.297
0.19
-0.006
0.066
-0.024
-0.139
-0.334
-0.046
0.062
-0.033
-0.004
0.062
-0.071
-0.092
-0.035
0.016
0.056
0.134
0.294
0.415
0.512
0.63
0.359
0.399
0.443
0.63
0.705
0.775
0.795
0.797
0.94
0.861
0.796
0.911
0.836
0.919
0.979
0.754
0.604
0.593
0.526
0.264
-0.06
-0.177
-0.231
-0.226
-0.208
-0.24
-0.261
-0.309
-0.135
-0.241
-0.276
-0.246
-0.163
-0.121
-0.223
-0.234
-0.495
-0.589
-0.814
-0.816
-0.948
-0.689
-0.606
-0.517
-0.585
-0.701
-0.551
-0.526
-0.497
-0.474
-0.333
-0.339
-0.364
-0.495
-0.5
-0.709
-0.63
-0.506
-0.517
-0.544
-0.789
-0.695
-0.654
-0.694
-0.492
-0.57
-0.46
-0.411
-0.521
-0.53
-0.354
-0.292
-0.296
-0.18
-0.139
-0.18
-0.395
-0.25
-0.266
-0.268
-0.215
-0.269
-0.176
-0.26
-0.366
-0.304
-0.492
-0.389
-0.304
-0.135
0.022
-0.098
0.041
0.043
-0.006
-0.159
-0.065
0.107
0.164
0.329
0.378
0.633
0.792
0.802
0.861
0.922
0.718
1.001
0.859
0.677
0.856
0.891
0.953
0.825
0.666
0.691
0.746
0.886
0.943
1.105
0.92
0.781
0.573
0.478
0.365
0.4
0.289
0.344
0.37
0.281
0.104
-0.116
-0.301
-0.391
-0.311
-0.279
-0.516
-0.496
-0.459
-0.388
-0.566
-0.604
-0.542
-0.439
-0.251
-0.235
-0.161
-0.138
-0.15
-0.089
-0.159
-0.47
-0.517
-0.669
-0.546
-0.6
-0.598
-0.534
-0.45
-0.454
-0.605
-0.487
-0.549
-0.556
-0.584
-0.618
-0.511
-0.67
-0.646
-0.458
-0.271
-0.289
-0.166
-0.249
0.005
0.064
0.195
0.231
0.315
0.259
0.139
0.325
0.205
-0.109
-0.228
-0.23
-0.537
-0.76
-0.656
-0.419
-0.305
-0.285
-0.223
-0.265
-0.448
-0.39
-0.3
-0.378
-0.417
-0.545
-0.445
-0.708
-0.661
-0.549
-0.389
-0.325
-0.182
0.01
0.003
0.125
0.081
-0.166
-0.29
-0.444
-0.284
-0.194
-0.229
-0.247
-0.181
-0.043
0.145
0.295
0.541
0.552
0.733
0.769
0.873
1.075
1.181
1.491
1.482
1.391
1.336
1.13
1.084
1.189
0.774
0.728
0.821
0.708
0.789
0.603
0.549
0.35
0.099
0.034
-0.036
-0.125
-0.283
-0.109
-0.163
-0.026
0.04
0.139
0.203
0.158
-0.116
-0.195
-0.141
-0.279
-0.329
-0.289
-0.466
-0.381
-0.469
-0.556
-0.734
-0.586
-0.672
-0.5
-0.49
-0.482
-0.464
-0.497
-0.646
-0.927
-0.863
-0.776
-0.758
-0.506
-0.48
-0.503
-0.492
-0.585
-0.501
-0.427
-0.581
-0.689
-0.689
-0.545
-0.445
-0.39
-0.173
-0.244
-0.114
-0.001
0.217
0.276
0.514
0.526
0.705
0.706
0.83
0.524
0.28
0.215
0.249
0.284
0.388
0.241
0.171
0.01
0.094
-0.036
0.145
0.105
0.12
0.17
0.316
0.056
0.263
0.241
0.357
0.365
0.271
0.413
0.361
0.344
-0.055
-0.086
-0.209
-0.357
-0.443
-0.31
-0.283
-0.357
-0.416
-0.361
-0.559
-0.551
-0.604
-0.529
-0.416
-0.431
-0.271
-0.14
0.121
0.405
0.621
0.456
0.509
0.595
0.645
0.6
0.721
0.94
0.966
0.935
0.815
0.689
0.69
0.626
0.591
0.479
0.422
0.254
-0.01
-0.116
-0.156
-0.072
-0.16
-0.318
-0.242
-0.258
-0.2
-0.109
-0.116
-0.12
-0.191
0.031
-0.109
-0.406
-0.276
-0.393
-0.496
-0.173
-0.316
-0.357
-0.32
-0.453
-0.541
-0.448
-0.311
-0.343
-0.184
-0.165
-0.219
-0.062
-0.018
-0.056
-0.201
-0.196
0.006
0.199
0.246
0.217
0.275
0.359
0.354
0.544
0.708
0.63
0.555
0.644
0.769
0.799
0.486
0.42
0.413
0.391
0.384
0.242
0.156
0.316
0.344
0.2
0.214
0.193
0.265
0.344
0.302
0.131
0.025
0.11
0.214
0.414
0.12
0.089
0.105
-0.441
-0.681
-0.641
-0.379
-0.018
0.065
-0.046
-0.118
-0.072
0.034
0.081
0.416
0.537
0.589
0.454
0.151
0.37
-0.033
-0.029
0.025
0.119
0.203
0.158
0.414
0.336
0.323
0.198
0.184
0.096
0.32
0.271
0.3
0.214
0.195
0.035
-0.05
-0.111
-0.02
0.175
0.295
0.17
0.129
0.105
-0.016
-0.054
0.118
0.08
-0.056
0.015
0.088
0.076
0.191
0.184
0.1
-0.135
-0.306
-0.164
-0.124
0.283
0.489
0.595
0.438
0.424
0.545
0.478
0.586
0.629
0.571
0.371
0.214
-0.152
-0.234
-0.301
-0.263
-0.24
-0.456
-0.529
-0.515
-0.438
-0.566
-0.662
-0.554
-0.48
-0.547
-0.552
-0.647
-0.893
-0.996
-0.9
-0.792
-0.865
-0.814
-0.811
-1.022
-0.907
-0.861
-0.874
-1.139
-1.177
-1.183
-1.153
-1.104
-1.028
-0.861
-0.833
-0.765
-0.694
-0.691
-0.501
-0.427
-0.361
-0.2
-0.186
0.084
0.151
0.299
0.497
0.536
0.774
0.976
1.075
1.125
1.246
1.509
1.431
1.404
1.33
1.421
1.509
1.525
1.489
1.377
1.321
1.365
1.389
1.274
1.079
0.984
1.115
1.021
0.981
0.78
0.85
1.052
0.851
0.791
0.901
0.631
0.638
0.468
0.448
0.427
0.235
0.203
0.024
0.0
-0.056
-0.092
0.171
0.043
-0.065
-0.136
-0.258
-0.199
-0.275
-0.364
-0.436
-0.619
-0.564
-0.336
-0.302
-0.149
-0.211
-0.12
-0.104
-0.175
-0.161
-0.28
0.062
0.02
-0.069
-0.268
-0.366
-0.388
-0.494
-0.573
-0.583
-0.608
-0.67
-0.74
-0.654
-0.63
-0.595
-0.584
-0.379
-0.263
-0.301
-0.367
-0.26
-0.158
-0.338
-0.38
-0.37
-0.384
-0.39
-0.351
-0.214
-0.209
-0.103
-0.239
-0.06
0.022
-0.149
-0.158
0.028
0.189
0.106
0.188
0.205
0.278
0.445
0.555
0.768
0.901
1.059
1.024
0.895
0.878
0.623
0.66
0.561
0.551
0.499
0.5
0.693
0.75
0.965
0.956
0.824
0.851
0.753
0.527
0.405
0.504
0.271
0.065
0.216
0.009
-0.149
-0.014
-0.134
-0.256
-0.018
-0.125
-0.22
-0.219
-0.315
-0.435
-0.512
-0.573
-0.381
-0.606
-0.394
-0.505
-0.32
-0.415
-0.296
-0.03
0.079
0.18
0.125
-0.029
-0.035
-0.001
-0.054
0.11
0.147
0.088
0.166
0.291
0.394
0.375
0.511
0.639
0.672
0.481
0.465
0.491
0.365
0.215
-0.021
-0.211
-0.408
-0.361
-0.26
-0.181
-0.193
-0.344
-0.461
-0.606
-0.644
-0.593
-0.609
-0.43
-0.569
-0.569
-0.777
-0.845
-0.754
-0.745
-0.685
-0.649
-0.406
-0.21
-0.296
-0.088
-0.106
0.013
0.114
0.19
0.346
0.464
0.479
0.389
0.581
0.482
0.696
0.729
0.812
0.889
0.874
0.893
0.925
1.095
1.245
1.286
1.411
1.311
1.209
1.042
0.86
0.651
0.75
0.768
0.889
1.078
1.419
1.117
1.285
1.214
1.185
0.968
0.99
0.946
0.843
0.694
0.894
0.868
0.615
0.521
0.506
0.504
0.239
0.239
0.268
0.181
-0.036
-0.111
-0.101
-0.18
-0.295
-0.315
-0.63
-0.77
-0.69
-0.744
-0.61
-0.584
-0.664
-0.555
-0.782
-0.764
-0.759
-0.684
-0.545
-0.58
-0.52
-0.514
-0.362
-0.364
-0.352
-0.219
-0.083
-0.049
-0.066
-0.056
-0.139
-0.021
-0.121
-0.195
-0.168
-0.211
0.083
0.096
0.14
0.315
0.509
0.615
0.361
0.378
0.324
0.504
0.365
0.254
0.284
0.037
-0.003
-0.279
-0.15
0.021
0.058
0.314
0.188
0.092
0.031
0.055
0.024
-0.018
-2.489
0.365
0.578
0.682
0.741
0.986
0.845
0.961
0.965
0.883
0.801
0.885
0.821
0.576
0.623
0.57
0.395
0.331
0.372
0.165
0.224
0.304
0.129
0.208
0.274
0.205
0.155
-0.022
-0.163
-0.214
-0.336
-0.266
-0.469
-0.54
-0.5
-0.396
-0.494
-0.371
-0.534
-0.386
-0.453
-0.365
-0.22
-0.033
0.216
-0.062
-0.301
-0.292
-0.445
-0.506
-0.641
-0.376
-0.422
-0.547
-0.339
-0.561
-0.718
-0.729
-0.775
-0.684
-0.787
-0.864
-0.838
-0.951
-0.77
-0.804
-0.672
-0.542
-0.391
-0.355
-0.47
-0.409
-0.455
-0.41
-0.453
-0.525
-0.446
-0.341
-0.311
-0.36
-0.343
-0.344
-0.512
-0.367
-0.316
-0.359
-0.312
-0.072
0.194
0.276
0.103
-0.12
-0.028
0.125
0.356
0.268
0.305
0.411
0.508
0.677
0.776
0.974
1.133
1.079
1.334
1.37
1.383
1.298
1.306
1.221
1.206
1.147
0.895
0.894
0.895
0.89
0.716
0.633
0.794
0.62
0.555
0.741
0.69
0.736
0.48
0.434
0.278
0.256
0.223
0.299
0.384
0.362
0.48
0.37
0.503
0.468
0.343
0.261
0.23
0.348
0.348
0.302
0.374
0.021
-0.019
-0.046
0.09
0.13
-0.026
0.071
0.019
0.141
0.029
-0.121
-0.201
-0.273
-0.372
-0.469
-0.46
-0.39
-0.288
-0.215
-0.324
-0.32
-0.346
-0.366
-0.328
-0.186
-0.164
-0.31
-0.557
-0.485
-0.43
-0.638
-0.716
-0.616
-0.554
-0.629
-0.662
-0.608
-0.531
-0.621
-0.569
-0.469
-0.393
-0.114
-0.091
-0.105
-0.13
-0.216
-0.19
-0.158
-0.194
-0.077
-0.135
-0.17
-0.223
-0.2
-0.146
0.1
0.247
0.403
0.44
0.304
0.208
0.268
0.203
0.297
0.188
0.056
0.228
0.19
-0.069
-0.18
-0.2
-0.258
-0.344
-0.635
-0.424
-0.631
-0.561
-0.432
-0.411
-0.568
-0.626
-0.682
-0.671
-0.486
-0.591
-0.557
-0.522
-0.645
-0.522
-0.557
-0.374
-0.299
-0.285
-0.241
-0.169
0.071
0.095
0.198
0.42
0.486
0.634
0.589
0.645
0.735
0.848
0.871
0.964
0.936
0.71
0.549
0.638
0.699
0.55
0.456
0.413
0.512
0.309
0.214
0.101
0.133
0.179
0.205
0.235
0.379
0.37
-0.051
-0.019
-0.056
-0.075
0.056
-0.131
-0.118
-0.318
-0.083
-0.215
-0.13
-0.072
-0.031
0.033
-0.034
-0.056
-0.058
-0.034
0.115
-0.069
-0.21
-0.254
-0.3
-0.309
-0.326
-0.015
0.144
0.124
0.259
0.215
0.601
0.475
0.461
0.225
0.265
0.331
0.366
0.454
0.527
0.509
0.38
0.275
0.235
-0.004
-0.062
0.125
0.044
-0.278
-0.352
-0.116
-0.211
-0.199
-0.145
-0.219
-0.344
-0.438
-0.4
-0.491
-0.789
-0.876
-0.626
-0.652
-0.499
-0.341
-0.481
-0.589
-0.529
-0.281
-0.26
-0.056
-0.15
-0.331
-0.372
-0.199
0.059
0.436
0.885
0.955
1.088
1.068
0.986
1.121
1.045
1.144
1.211
1.078
1.177
0.999
0.994
1.038
0.969
1.224
