-0.014
0.074
0.245
0.133
0.135
0.01
0.096
0.422
0.114
0.184
0.11
0.346
0.22
0.084
-0.103
-0.045
-0.092
0.043
0.064
-0.045
-0.147
-0.195
-0.228
-0.114
0.114
-0.033
0.055
0.22
0.283
0.219
0.305
0.188
0.281
0.305
0.151
0.253
0.25
0.143
0.115
-0.034
-0.091
-0.14
0.019
-0.154
-0.175
0.05
0.103
0.08
0.046
0.092
0.193
0.289
0.468
0.369
0.33
0.158
0.119
0.241
0.128
0.134
0.185
0.499
0.694
0.721
0.67
0.792
0.829
0.728
0.907
0.755
0.859
0.815
0.73
0.84
0.547
0.542
0.645
0.626
0.515
0.431
0.593
0.5
0.581
0.795
0.895
0.869
0.891
0.7
0.554
0.576
0.47
0.516
0.785
0.885
0.657
0.554
0.611
0.64
0.603
0.589
0.777
0.645
0.676
0.626
0.519
0.708
0.667
0.75
0.58
0.846
0.651
0.661
0.147
0.385
0.409
0.19
0.321
0.129
0.341
0.196
0.076
0.214
0.166
0.184
-0.028
0.086
0.177
0.168
0.041
-0.12
-0.16
0.029
0.101
-0.034
0.035
-0.011
0.113
0.124
0.191
0.141
0.098
0.193
0.139
0.159
0.199
0.203
0.348
0.215
0.266
0.079
-0.046
-0.235
-0.326
-0.5
-0.506
-0.168
-0.188
0.15
-0.006
-0.171
-0.092
-0.324
-0.258
-0.014
-0.029
0.095
-0.075
-0.251
-0.408
-0.259
-0.103
-0.109
-0.066
-0.164
-0.015
-0.062
-0.005
-0.133
-0.113
-0.144
0.041
0.2
0.058
-0.01
0.116
0.244
0.37
0.228
0.25
0.32
0.641
0.63
0.787
0.761
0.685
0.679
0.814
0.921
1.03
1.032
1.049
0.728
0.521
0.55
0.5
0.531
0.43
0.561
0.456
0.314
0.385
0.378
0.304
0.378
0.129
-0.135
-0.291
-0.521
-0.603
-0.854
-1.021
-0.974
-0.975
-0.836
-0.825
-0.734
-0.621
-0.605
-0.7
-0.72
-0.848
-0.861
-0.623
-0.434
-0.385
-0.325
-0.163
-0.04
-0.021
0.01
0.094
0.154
0.598
0.679
0.787
0.97
1.004
1.136
1.149
1.235
1.238
1.174
1.117
1.23
1.19
1.215
1.029
0.843
0.47
0.5
0.481
0.444
0.295
0.28
0.085
0.107
-0.014
-0.254
-0.4
-0.37
-0.416
-0.497
-0.676
-0.677
-0.733
-0.644
-0.709
-0.89
-1.015
-1.061
-0.871
-0.902
-0.775
-0.62
-0.554
-0.389
-0.434
-0.51
-0.36
-0.365
-0.199
-0.318
-0.458
-0.364
-0.372
-0.294
-0.196
-0.134
-0.367
-0.439
-0.581
-0.552
-0.593
-0.441
-0.391
-0.333
-0.105
0.059
-0.312
-0.253
-0.278
-0.306
-0.23
-0.21
-0.28
-0.354
-0.36
-0.341
-0.52
-0.618
-0.429
-0.532
-0.497
-0.575
-0.554
-0.454
-0.264
-0.274
-0.098
0.171
0.121
0.15
0.069
0.051
0.234
0.11
0.019
0.145
0.19
0.228
0.234
0.16
-0.001
-0.111
-0.062
-0.026
0.021
0.01
0.188
0.193
0.08
0.168
0.09
-0.041
-0.01
-0.065
0.007
0.304
-0.113
0.061
0.079
0.179
0.106
0.072
0.072
0.099
0.196
0.124
-0.013
0.036
-0.019
-0.113
-0.169
-0.048
-0.274
-0.233
-0.05
-0.245
-0.271
-0.273
-0.133
-0.199
-0.292
-0.281
-0.244
-0.121
-0.133
-0.061
-0.231
-0.135
-0.228
-0.289
-0.014
-0.048
0.031
-0.013
-0.069
-0.176
-0.372
-0.422
-0.394
-0.469
-0.446
-0.487
-0.575
-0.616
-0.682
-0.485
-0.671
-0.468
-0.417
-0.439
-0.417
-0.482
-0.468
-0.455
-0.323
-0.401
-0.43
-0.311
-0.296
-0.258
-0.185
-0.059
-0.152
-0.279
-0.238
-0.114
0.029
0.04
-0.114
-0.006
-0.17
-0.246
-0.328
-0.39
-0.343
-0.228
-0.136
0.028
-0.011
-0.079
-0.275
-0.194
-0.021
0.122
0.254
0.41
0.432
0.32
0.161
0.228
0.36
0.3
0.427
0.419
0.238
0.37
-0.015
0.034
0.135
0.115
0.129
0.215
0.255
0.199
0.221
0.151
0.156
0.245
0.224
0.224
0.126
0.129
0.039
0.061
0.031
0.075
-0.036
0.111
-0.09
-0.171
-0.261
-0.325
-0.378
-0.657
-0.616
-0.63
-0.751
-0.77
-0.785
-0.664
-0.714
-0.67
-0.784
-0.815
-0.9
-0.704
-0.789
-0.876
-0.699
-0.681
-0.521
-0.435
-0.265
-0.144
-0.244
0.175
0.072
0.106
0.135
0.164
0.306
0.225
0.494
0.561
0.485
0.706
0.875
1.056
1.194
1.339
1.323
1.394
1.299
1.241
1.429
1.278
1.278
1.335
1.426
1.478
1.403
1.381
1.261
1.312
1.155
1.176
1.144
1.1
0.968
0.894
0.756
0.554
0.544
0.3
-0.463
-0.055
0.083
0.171
0.177
0.152
0.104
0.179
0.23
0.25
0.464
0.684
0.314
0.57
0.606
0.834
0.891
0.989
0.954
1.088
1.076
1.088
0.907
0.705
0.787
0.666
0.349
0.241
0.224
0.181
0.061
0.011
0.001
0.004
-0.005
0.04
0.058
-0.261
-0.393
-0.374
-0.356
-0.318
-0.12
-0.169
-0.188
-0.103
0.009
0.051
0.066
-0.101
-0.077
-0.086
-0.109
-0.113
-0.034
0.065
0.029
0.145
0.069
0.015
-0.016
0.236
0.1
0.304
0.409
0.465
0.469
0.511
0.389
0.438
0.539
0.459
0.57
0.552
0.644
0.71
0.728
0.769
0.48
0.549
0.568
0.516
0.46
0.276
0.251
0.176
0.177
0.16
0.28
0.33
0.173
0.161
0.058
0.064
-0.074
-0.158
-0.318
-0.409
-0.552
-0.675
-0.973
-0.974
-0.975
-1.19
-1.058
-1.224
-1.309
-1.586
-1.481
-1.611
-1.676
-1.354
-1.625
-1.415
-1.456
-1.421
-1.329
-1.381
-1.27
-1.417
-1.32
-0.865
-1.091
-0.981
-0.926
-1.035
-0.904
-0.958
-0.851
-0.664
-0.41
-0.416
-0.425
-0.143
-0.211
0.084
0.111
0.12
0.307
-10.336
0.777
0.855
0.983
1.049
0.922
0.7
0.76
0.955
0.812
0.916
0.969
0.973
1.048
1.235
1.144
0.966
0.89
0.916
0.843
0.733
0.731
1.074
0.58
0.573
0.283
0.242
0.233
0.321
0.393
0.403
0.394
0.432
0.383
0.479
0.405
0.479
0.323
0.241
0.255
0.265
0.369
0.352
0.145
-0.096
-0.2
-0.231
-0.19
-0.234
-0.144
-0.203
-0.146
-0.372
-0.65
-0.818
-0.885
-0.7
-0.455
-0.49
-0.486
-0.333
-0.113
-0.226
-0.106
0.1
0.124
-0.02
0.107
0.024
0.118
0.225
0.11
0.12
0.003
-0.06
-0.15
-0.009
-0.128
-0.188
-0.034
-0.163
-0.185
-0.224
-0.246
0.056
0.046
-0.004
-0.191
-0.229
-0.379
-0.389
-0.242
-0.2
-0.134
-0.351
-0.403
-0.76
-0.71
-0.749
-0.756
-0.799
-0.749
-0.79
-0.698
-0.715
-0.62
-0.758
-0.729
-0.711
-0.461
-0.406
-0.509
-0.576
-0.56
-0.465
-0.361
-0.244
-0.021
0.124
0.189
0.201
0.104
0.451
0.306
0.453
0.664
0.631
0.469
0.454
0.465
0.4
0.266
0.186
0.147
-0.064
-0.189
-0.2
-0.09
-0.083
-0.116
-0.138
-0.269
-0.445
-0.53
-0.591
-0.78
-0.714
-0.8
-0.965
-1.015
-1.174
-1.201
-1.044
-0.943
-0.566
-0.562
-0.54
-0.408
-0.599
-0.725
-0.744
-0.839
-0.756
-0.603
-0.525
-0.469
-0.429
-0.116
-0.062
0.114
0.182
0.361
0.537
0.191
0.336
0.173
0.116
0.177
0.092
0.021
-0.109
-0.104
-0.044
-0.061
-0.013
0.05
-0.071
0.055
0.039
0.037
0.283
0.256
0.211
0.191
0.171
0.294
0.244
0.264
0.378
0.206
0.336
0.431
0.301
0.259
0.301
0.288
0.305
0.326
0.475
0.547
0.733
0.704
0.656
0.479
0.395
0.514
0.64
0.481
0.66
0.74
0.665
0.532
0.776
0.331
0.367
0.279
0.225
0.21
0.299
0.177
0.155
0.32
0.354
0.394
0.425
0.551
0.584
0.537
0.449
0.485
0.621
0.606
0.65
0.606
0.549
0.657
0.672
0.554
0.419
0.42
0.346
0.241
0.128
0.231
0.23
0.188
0.152
0.195
0.147
0.288
0.15
0.225
0.274
0.253
0.198
0.13
0.109
0.019
-0.152
-0.391
-0.504
-0.715
-0.578
-0.769
-0.626
-0.65
-0.761
-0.859
-0.825
-0.73
-0.709
-0.753
-0.829
-0.839
-0.859
-0.686
-0.509
-0.501
-0.417
-0.625
-0.542
-0.684
-0.688
-0.81
-1.002
-0.917
-0.874
-0.657
-0.695
-0.662
-0.573
-0.679
-0.695
-0.815
-0.799
-0.599
-0.721
-0.471
-0.422
-0.234
-0.286
-0.335
-0.228
-0.18
-0.143
0.0
-0.193
-0.419
-0.169
-0.119
0.044
0.077
0.335
0.346
0.453
0.672
0.456
0.698
0.619
0.611
0.794
0.945
1.018
1.012
1.042
1.126
1.215
1.203
0.932
0.899
0.986
1.199
1.001
1.177
1.238
1.124
1.195
0.986
1.129
1.058
1.175
0.932
0.926
0.873
0.708
0.584
0.529
0.494
0.386
0.224
0.331
0.297
0.231
0.284
0.329
0.385
0.473
0.416
0.43
0.42
0.424
0.305
0.443
0.531
0.311
0.642
0.576
0.691
0.536
0.5
0.385
0.199
0.206
0.15
0.15
0.203
-0.01
-0.061
-0.033
-0.095
0.19
0.043
0.16
0.173
0.06
-0.04
-0.144
-0.066
0.051
0.139
0.193
0.182
0.011
-0.048
-0.189
-0.231
-0.189
-0.211
-0.21
0.122
0.07
0.12
0.161
0.307
0.17
0.094
-0.007
-0.251
-0.414
-0.326
-0.147
-0.14
0.173
0.156
0.089
-0.049
-0.15
-0.21
-0.376
-0.152
0.109
0.269
0.4
0.42
0.445
0.55
0.458
0.489
0.608
0.445
0.618
0.503
0.635
0.542
0.439
0.633
0.57
0.42
0.284
0.323
0.618
0.736
0.87
0.772
0.718
0.763
0.667
0.541
0.484
0.549
0.55
0.709
0.784
0.686
0.619
0.723
0.688
0.729
0.84
0.879
0.969
0.824
0.606
0.44
0.216
0.044
-0.104
0.022
-0.022
-0.056
-0.14
-0.166
-0.206
-0.46
-0.584
-0.542
-0.584
-0.575
-0.599
-0.666
-0.743
-0.858
-0.996
-1.084
-1.005
-0.881
-0.802
-0.619
-0.691
-0.874
-0.726
-0.454
-0.501
-0.399
-0.247
-0.233
-0.107
-0.09
-0.256
-0.245
-0.475
-0.455
-0.309
-0.269
-0.103
-0.146
-0.171
-0.455
-0.68
-0.487
-0.44
-0.557
-0.269
-0.343
-0.345
-0.131
-0.14
-0.258
0.121
0.014
0.105
0.01
-0.076
-0.014
-0.16
0.048
-0.034
-0.245
-0.106
-0.376
-0.31
-0.421
-0.286
-0.249
-0.208
-0.209
-0.36
-0.018
0.029
0.12
0.122
0.179
0.154
0.064
0.12
0.283
0.338
0.3
0.214
0.434
0.46
0.64
0.598
0.319
0.216
0.3
0.141
0.24
0.259
0.281
0.07
0.043
0.236
0.05
0.1
0.169
0.11
0.088
-0.037
-0.091
-0.244
-0.326
-0.352
-0.729
-0.526
-0.54
-0.176
-0.125
-0.193
-0.341
-0.41
-0.395
-0.64
-0.47
-0.591
-0.789
-0.929
-1.14
-0.985
-1.18
-1.134
-0.794
-0.641
-0.443
-0.151
-0.061
-0.016
-0.02
0.037
0.136
0.009
0.258
0.251
0.352
0.419
0.391
0.537
0.495
0.427
0.429
0.435
0.181
0.171
-0.159
-0.074
0.026
-0.025
-0.081
-0.224
-0.101
-0.129
-0.174
-0.19
-0.138
-0.134
-0.186
0.044
0.028
-0.081
0.051
-0.079
-0.09
-0.036
0.028
-0.096
-0.144
0.001
0.171
0.155
0.081
0.055
0.066
0.16
0.099
0.1
0.013
0.077
0.034
0.151
0.015
0.049
0.233
0.09
0.209
0.214
0.081
-0.018
-0.006
-0.139
-0.125
-0.189
-0.198
-0.176
-0.245
-0.184
-0.141
-0.361
-0.215
-0.15
-0.037
-0.024
0.064
0.217
0.209
0.201
0.03
0.1
-0.12
-0.037
-0.128
-0.041
0.031
0.121
0.216
0.261
0.482
0.334
0.219
0.266
0.205
0.116
0.062
-0.007
-0.014
0.076
0.046
0.155
-0.165
-0.124
-0.309
-0.351
-0.362
-0.403
-0.32
-0.158
-0.165
-0.081
-0.329
-0.147
-0.245
-0.122
0.069
0.238
0.259
-0.055
-0.135
-0.061
-0.061
0.022
0.238
0.176
0.299
0.276
0.416
0.581
0.579
0.716
0.786
0.801
1.117
1.23
1.429
1.374
1.429
1.433
1.436
1.381
1.463
1.5
1.484
1.315
1.339
1.061
0.805
0.739
0.681
0.485
0.348
0.145
-0.054
-0.105
-0.062
-0.009
0.071
0.113
0.144
-0.014
-0.084
-0.02
-0.177
-0.171
-0.261
-0.389
-0.114
-0.17
-0.226
-0.2
-0.208
-0.249
-0.288
-0.264
-0.315
-0.29
-0.103
-0.323
-0.319
-0.364
-0.586
-0.594
-0.564
-0.479
-0.306
-0.189
-0.215
-0.026
-0.244
-0.32
-0.275
-0.17
-0.247
-0.201
-0.133
-0.044
0.077
0.195
-0.058
0.02
0.009
0.029
0.043
-0.036
0.122
0.019
-0.115
-0.031
-0.29
0.009
-0.06
0.124
0.219
0.274
0.208
0.379
0.443
0.258
0.395
0.454
0.473
0.583
0.645
0.789
0.711
0.759
0.897
0.769
0.606
0.624
0.62
0.599
0.848
0.949
1.155
1.189
1.431
1.46
1.295
1.012
0.851
0.792
0.796
0.706
0.894
0.991
0.79
0.878
1.079
1.113
1.004
1.01
0.958
0.855
1.018
1.215
1.147
1.204
1.026
1.062
0.915
0.756
0.638
0.733
0.499
0.318
0.364
0.294
0.336
0.168
-0.022
-0.209
-0.404
-0.446
-0.725
-0.646
-0.534
-0.576
-0.568
-0.536
-0.503
-0.654
-0.646
-0.665
-0.689
-0.696
-0.746
-0.777
-0.623
-0.479
-0.593
-0.654
-0.564
-0.443
-0.451
-0.453
-0.28
-0.076
0.113
0.43
0.469
0.364
0.221
0.235
0.283
0.261
0.506
0.786
0.782
0.704
0.441
0.529
0.609
0.619
0.474
0.545
0.599
0.615
0.516
0.403
0.39
0.345
0.445
0.451
0.532
0.492
0.651
0.708
0.682
0.854
0.87
0.809
0.936
0.988
0.902
0.642
0.46
0.329
0.284
0.189
0.331
0.145
0.208
0.234
0.033
-0.149
-0.194
0.052
-0.058
-0.141
-0.086
-0.299
-0.236
-0.356
-0.49
-0.491
-0.681
-0.638
-0.461
-0.419
-0.481
-0.505
-0.584
-0.41
-0.594
-0.411
-0.261
-0.323
-0.234
-0.319
-0.341
-0.361
-0.258
-0.43
-0.253
-0.335
-0.349
-0.304
-0.279
-0.343
-0.335
-0.41
-0.405
-0.434
-0.52
-0.618
-0.64
-0.807
-0.782
-0.691
-0.599
-0.556
-0.596
-0.62
-0.499
-0.557
-0.586
-0.438
-0.755
-0.689
-0.633
-0.671
-0.465
-0.408
-0.41
-0.413
-0.475
-0.379
-0.301
-0.173
-0.2
-0.292
-0.352
-0.579
-0.69
-0.675
-0.631
-0.973
-1.044
-1.101
-1.076
-1.153
-1.288
-1.289
-1.195
-1.055
-0.932
-1.052
-0.87
-0.917
-0.974
-1.121
-1.133
-1.029
-0.856
-0.891
-0.816
-0.596
-0.62
-0.509
-0.593
-0.537
-0.631
-0.369
-0.086
-0.134
0.056
0.206
0.386
0.614
0.608
0.754
0.844
0.676
0.779
0.874
0.818
0.79
0.716
0.76
0.675
0.766
0.864
0.886
0.662
0.615
0.616
0.649
0.57
0.32
0.44
0.471
0.499
0.497
0.546
0.609
0.468
0.628
0.67
0.738
0.745
0.638
0.766
0.685
0.728
0.679
0.634
0.635
0.646
0.511
0.559
0.544
0.517
0.426
0.46
0.564
0.63
0.628
0.675
0.521
0.374
0.351
0.288
0.31
0.408
0.326
0.115
0.02
-0.026
-0.039
-0.254
-0.212
-0.134
-0.071
-0.194
-0.195
-0.344
-0.506
-0.62
-0.7
-0.787
-0.925
-1.008
-1.139
-1.204
-1.231
-1.09
-1.058
-1.064
-1.046
-0.756
-0.625
-0.455
-0.281
-0.231
-0.128
-0.084
-0.033
-0.14
-0.18
-0.27
-0.143
0.024
-0.055
-0.004
-0.212
-0.286
-0.264
-0.496
-0.497
-0.359
-0.376
-0.436
-0.526
-0.685
-0.639
-0.59
-0.251
-0.226
-0.413
-0.534
-0.688
-0.701
-0.736
-0.85
-0.818
-0.746
-0.688
-0.609
-0.439
-0.547
-0.466
-0.618
-0.55
-0.806
-0.665
-0.92
-0.704
-0.527
-0.301
-0.455
-0.398
-0.323
-0.064
-0.104
-0.039
-0.02
0.101
0.372
0.339
0.141
0.304
0.184
0.173
0.173
0.434
0.399
0.65
0.811
0.56
0.426
0.383
0.318
0.446
0.351
0.395
0.499
0.393
0.311
0.384
0.388
0.256
0.393
0.379
0.39
0.302
0.352
0.182
0.323
0.221
0.401
0.517
0.328
0.425
0.357
0.32
0.338
0.254
0.206
0.159
0.235
0.338
0.485
0.609
0.618
0.565
0.562
0.509
0.446
0.279
0.345
0.446
0.526
0.579
0.77
0.696
0.645
0.671
0.709
0.598
0.619
0.786
0.849
0.973
1.002
1.014
1.08
0.993
1.089
1.104
1.056
0.874
0.912
0.836
0.647
0.754
0.968
0.686
0.509
0.315
0.174
0.085
0.035
-0.036
0.158
0.205
0.12
0.158
-0.079
-0.145
-0.35
-0.348
-0.305
-0.388
-0.446
-0.532
-0.43
-0.559
-0.625
-0.686
-0.489
-0.372
-0.346
-0.297
-0.492
-0.417
-0.334
-0.096
0.171
0.311
0.238
0.286
0.379
0.45
0.479
0.638
0.734
0.861
0.834
0.691
0.583
0.585
0.674
0.656
0.869
0.679
0.858
0.644
0.545
0.603
0.761
0.662
0.71
0.746
0.448
0.255
0.485
0.466
0.672
0.704
0.605
0.261
0.261
0.171
0.425
0.41
0.413
0.302
0.164
-0.058
-0.201
0.015
-0.081
0.009
-0.034
-0.13
-0.247
-0.275
-0.156
-0.39
-0.019
0.166
0.138
0.229
0.085
0.14
0.036
-0.083
-0.066
-0.07
0.121
0.103
0.035
0.107
-0.061
-0.019
-0.113
-0.118
-0.385
-0.349
-0.315
-0.339
-0.475
-0.482
-0.601
-0.449
-0.4
-0.331
-0.228
-0.395
-0.478
-0.195
-0.212
-0.124
-0.046
0.09
-0.114
-0.362
-0.547
-0.514
-0.443
-0.372
-0.371
-0.508
-0.453
-0.478
-0.52
-0.354
-0.484
-0.281
-0.336
-0.019
0.0
0.113
-0.091
0.156
0.165
0.234
0.246
0.238
0.174
-0.11
-0.125
-0.23
-0.329
-0.134
0.072
-0.039
-0.039
-0.013
-0.081
0.089
0.15
0.208
0.421
0.568
0.634
0.641
0.417
0.478
0.775
0.667
0.753
0.914
1.136
0.981
1.096
1.058
0.943
0.672
0.633
0.667
0.671
0.449
-0.043
0.049
-0.092
-0.461
-0.522
-0.766
-0.716
-0.795
-0.92
-1.088
-1.271
-1.31
-1.32
-1.436
-1.696
-1.778
-1.744
-1.953
-2.061
-2.328
-2.549
-2.504
-2.285
-2.066
-2.01
-2.015
-1.887
-1.857
-1.988
-2.006
-1.82
-1.625
-1.46
-1.325
-1.159
-1.032
-1.026
-0.984
-0.815
-0.619
-0.638
-0.716
-0.606
-0.379
-0.229
-0.049
0.161
0.211
0.569
0.715
0.804
0.576
0.573
0.593
0.659
0.754
0.845
0.804
0.878
0.89
1.06
1.264
1.085
1.058
1.076
1.076
1.076
0.911
0.777
0.734
0.895
0.943
1.328
1.189
1.114
0.948
0.821
0.828
0.845
1.114
1.268
1.238
1.279
1.413
1.296
1.271
1.206
1.231
1.035
1.18
1.262
1.133
1.266
1.17
1.236
1.361
1.24
1.173
1.198
1.12
1.248
1.236
1.12
0.969
0.95
0.955
0.983
0.932
0.843
0.754
0.685
0.61
0.583
0.406
0.255
0.22
0.09
0.191
0.004
0.107
0.05
-0.209
-0.086
-0.194
-0.099
0.011
-0.196
-0.367
-0.562
-0.639
-0.74
-0.571
-0.704
-0.713
-0.57
-0.801
-0.96
-0.911
-0.624
-0.594
-0.659
-0.57
-0.655
-0.721
-0.885
-0.92
-0.873
-0.868
-0.825
-0.688
-0.843
-0.64
-0.549
-0.618
-0.453
-0.62
-0.66
-0.61
-0.516
-0.511
-0.63
-0.694
-0.561
-0.414
-0.491
-0.379
-0.3
-0.236
-0.103
0.06
0.046
0.135
0.343
0.099
0.058
-0.074
-0.096
-0.022
-0.092
-0.039
-0.06
-0.095
-0.189
-0.28
-0.246
-0.348
-0.245
-0.301
-0.388
-0.289
-0.414
-0.42
-0.427
-0.324
-0.279
-0.31
-0.323
-0.295
-0.214
-0.114
-0.064
0.138
0.23
0.351
0.401
0.174
0.359
0.489
0.529
0.59
0.57
0.782
0.839
0.774
0.74
0.733
0.561
0.679
0.623
0.704
0.522
0.532
0.829
0.565
0.521
0.52
0.734
0.861
0.996
1.006
0.754
0.858
0.912
1.01
1.149
1.183
1.099
0.961
1.05
0.916
0.781
0.733
0.667
0.609
0.409
0.497
0.201
0.381
0.096
0.08
-0.076
-0.021
0.12
-0.101
-0.216
-0.441
-0.54
-0.791
-0.669
-0.509
-0.505
-0.608
-0.584
-0.634
-0.805
-0.84
-0.743
-0.628
-0.62
-0.576
-0.416
-0.606
-0.32
-0.557
-0.318
-0.436
-0.47
-0.083
-0.209
-0.081
-0.144
-0.054
-0.084
-0.046
0.179
0.254
0.198
0.189
0.226
0.255
0.209
0.224
0.224
0.27
0.393
0.465
0.36
0.305
0.461
0.408
0.285
0.302
0.241
0.279
0.233
0.043
0.126
0.221
0.261
-0.013
0.107
-0.146
-0.159
-0.151
-0.03
-0.02
0.118
0.253
0.025
-0.135
-0.271
-0.36
-0.28
-0.638
-0.26
-0.21
0.118
0.12
0.209
0.239
-0.009
-0.011
-0.193
-0.104
-0.075
-0.247
-0.5
-0.299
-0.344
-0.405
-0.458
-0.469
-0.341
-0.6
-0.552
-0.816
-0.834
-0.961
-1.164
-1.159
-1.058
-1.0
-0.907
-0.749
-0.677
-0.812
-1.005
-0.869
-0.569
-0.503
-0.33
-0.474
-0.359
-0.405
