0.049
-0.354
-0.37
-0.489
-0.228
-0.403
-0.156
-0.129
0.031
0.092
0.043
-0.045
-0.003
-0.135
-0.086
-0.08
-0.114
-0.095
-0.152
-0.312
-0.206
-0.314
-0.21
0.004
-0.043
-0.076
-0.189
-0.155
-0.196
-0.051
0.096
0.121
0.176
0.133
0.0
-0.13
-0.129
-0.085
-0.143
0.072
0.037
0.015
0.071
0.052
-0.105
-0.349
-0.718
-0.956
-1.121
-1.066
-1.066
-1.141
-1.091
-0.994
-1.025
-1.059
-1.3
-0.784
-0.729
-0.777
-0.679
-0.662
-0.396
-0.177
-0.104
-0.069
-0.035
0.083
0.128
0.36
0.475
0.638
0.519
0.646
0.484
0.614
0.535
0.719
0.828
0.734
0.739
0.782
0.651
0.709
0.503
0.58
0.438
0.499
0.463
0.471
0.589
0.534
0.519
0.554
0.623
0.55
0.576
0.605
0.505
0.448
0.67
0.73
0.595
0.685
0.886
0.585
0.576
0.352
0.229
0.166
0.345
0.325
0.271
0.27
0.199
0.311
0.475
0.357
0.515
0.682
0.601
0.301
0.52
0.289
0.312
0.434
0.128
0.135
0.021
-0.109
-0.193
-0.13
-0.27
-0.225
-0.239
-0.226
-0.074
-0.119
-0.345
-0.335
-0.352
-0.469
-0.711
-0.779
-0.657
-0.696
-0.801
-0.823
-0.824
-0.956
-0.945
-0.958
-1.194
-1.23
-1.24
-1.345
-1.445
-1.278
-1.394
-1.166
-1.238
-1.345
-1.399
-1.34
-0.994
-0.973
-0.753
-0.769
-0.675
-0.65
-0.573
-0.564
-0.497
-0.33
-0.521
-0.576
-0.495
-0.389
-0.168
-0.081
0.12
0.255
0.26
0.357
0.537
0.689
0.751
0.69
0.509
0.291
0.318
0.459
0.649
0.639
0.774
0.8
0.68
0.454
0.33
0.351
0.527
0.38
0.445
0.551
0.589
0.081
-0.173
-0.136
-0.074
-0.199
-0.099
-0.034
0.031
-0.07
-0.086
-0.062
-0.066
0.046
-0.037
0.094
-0.046
-0.077
-0.11
-0.079
-0.075
0.03
0.021
-0.014
-0.099
-0.114
0.064
0.261
0.385
0.391
0.175
0.09
-0.011
-0.105
-0.184
-0.212
-0.324
-0.256
-0.297
-0.21
-0.146
0.07
0.055
0.294
0.555
0.517
0.609
0.448
0.338
0.284
0.361
0.046
0.164
0.26
0.268
0.231
0.241
0.234
0.19
0.25
0.165
0.009
-0.039
-0.066
-0.062
-0.239
-0.168
-0.246
-0.105
-0.03
-0.098
-0.224
-0.361
-0.465
-0.5
-0.463
-0.386
-0.348
-0.311
-0.384
-0.441
-0.225
-0.064
-0.143
-0.284
-0.333
-0.219
-0.21
-0.198
-0.103
-0.074
-0.163
-0.193
-0.221
-0.431
-0.419
-0.51
-0.49
-0.458
-0.525
-0.39
-0.499
-0.405
-0.194
-0.515
-0.411
-0.435
-0.554
-0.419
-0.36
-0.296
-0.369
-0.295
-0.32
-0.259
-0.246
-0.255
-0.24
-0.126
0.083
0.039
-0.094
0.06
-0.08
0.036
-0.088
0.084
0.113
0.045
0.134
0.156
0.394
0.516
0.44
0.448
0.496
0.489
0.491
0.619
0.701
0.873
0.806
0.825
0.698
0.515
0.372
0.211
0.41
0.378
0.426
0.454
0.365
0.369
0.228
0.333
0.106
0.224
0.228
0.126
0.031
0.119
0.139
0.194
0.131
-0.08
-0.235
-0.173
-0.39
-0.324
-0.454
-0.3
-0.339
-0.25
-0.346
-0.39
-0.315
-0.29
-0.297
-0.323
-0.199
-0.316
-0.296
-0.4
-0.485
-0.486
-0.458
-0.265
-0.586
-0.542
-0.566
-0.599
-0.451
-0.419
-0.506
-0.535
-0.532
-0.411
-0.486
-0.369
-0.555
-0.311
-0.42
-0.234
0.011
0.154
0.013
0.236
0.384
0.375
0.396
0.464
0.426
0.546
0.394
0.394
0.276
0.205
0.211
-0.049
0.028
0.095
0.07
-0.072
-0.098
-0.319
-0.331
-0.441
-0.482
-0.59
-0.626
-0.421
-0.601
-0.584
-0.516
-0.526
-0.646
-0.629
-0.72
-0.75
-0.716
-0.574
-0.5
-0.651
-0.661
-0.855
-0.945
-0.966
-0.929
-0.777
-0.726
-0.41
-0.494
-0.14
-0.129
-0.081
-0.071
0.051
0.107
0.126
0.19
0.095
0.194
0.311
0.321
0.379
0.253
0.146
0.417
0.391
0.351
0.491
0.481
0.579
0.478
0.514
0.522
0.374
0.479
0.527
0.642
0.596
0.761
0.759
0.547
0.31
0.348
0.471
0.593
0.63
0.646
0.516
0.458
0.531
0.247
0.028
0.004
0.04
0.154
0.174
0.201
0.335
0.151
0.091
0.033
0.016
0.092
0.099
0.071
-0.129
-0.065
-0.089
0.016
-0.026
-0.089
-0.193
-0.215
-0.215
-0.536
-0.625
-0.814
-0.766
-0.491
-0.401
-0.301
-0.258
-0.025
-0.124
-0.131
-0.203
-0.124
-0.186
-0.195
-0.274
-0.383
-0.316
-0.144
-0.151
-0.22
-0.105
-0.143
-0.064
-0.041
0.02
-0.1
0.048
-0.025
-0.028
0.138
0.209
0.294
0.244
0.033
-0.021
0.062
-0.136
-0.103
0.152
0.152
0.196
0.422
0.149
0.089
0.19
0.076
0.054
-0.054
-0.076
-0.03
-0.059
-0.066
-0.013
0.062
-0.039
0.034
0.221
0.184
0.246
0.319
0.269
0.393
0.485
0.542
0.541
0.47
0.562
0.779
0.768
0.835
0.738
0.876
0.774
0.724
0.816
0.806
0.835
0.91
1.044
1.024
1.089
1.021
1.093
0.838
0.965
0.911
0.684
0.58
0.526
0.401
0.409
0.492
0.53
0.466
0.406
0.425
0.256
0.18
0.105
0.304
0.375
0.383
0.531
0.669
0.726
0.799
0.721
0.815
0.624
0.932
0.86
0.86
0.766
0.781
0.831
0.756
0.894
0.885
0.927
0.924
0.864
1.018
0.932
1.076
1.054
0.991
0.873
0.708
0.599
0.596
0.139
0.266
0.328
-0.037
0.092
-0.066
-0.299
-0.029
-0.089
0.022
-0.077
0.141
-0.026
-0.145
-0.037
-0.092
-0.133
-0.234
-0.125
-0.118
-0.09
-0.094
-0.189
-0.069
-0.135
-0.122
-0.085
-0.058
0.033
0.134
0.401
0.425
0.455
0.499
0.49
0.551
0.585
0.7
0.608
0.557
0.621
0.205
0.072
0.138
0.25
0.165
0.233
0.147
0.12
-0.094
-0.046
0.145
0.242
0.044
-0.072
-0.05
-0.034
0.072
0.106
0.269
0.366
0.374
0.494
0.481
0.601
0.689
0.733
0.833
1.025
1.096
1.062
0.985
1.049
0.912
0.902
0.82
0.812
0.7
0.759
0.83
0.809
0.912
0.674
0.517
0.424
0.266
0.079
-0.006
-0.052
-0.034
-0.034
-0.08
-0.11
0.04
-0.111
-0.051
-0.096
-0.081
-0.129
0.02
-0.088
-0.378
-0.21
-0.512
-0.255
-0.556
-0.289
-0.389
-0.386
-0.443
-0.489
-0.276
-0.411
-0.439
-0.362
-0.334
-0.38
-0.394
-0.274
-0.416
-0.468
-0.471
-0.419
-0.459
-0.329
-0.23
-0.238
-0.086
-0.269
-0.374
-0.33
-0.545
-0.366
-0.42
-0.331
-0.505
-0.403
-0.375
-0.265
-0.169
-0.333
-0.547
-0.495
-0.44
-0.214
-0.099
-0.255
-0.311
-0.36
-0.263
-0.38
-0.344
-0.292
-0.531
-0.616
-0.644
-0.611
-0.586
-0.708
-0.723
-0.703
-0.525
-0.26
-0.344
-0.432
-0.481
-0.152
-0.077
-0.03
0.134
-0.043
-0.1
-0.271
-0.211
-0.133
-0.09
-0.062
-0.022
0.045
0.056
0.194
0.25
0.38
0.455
0.585
0.759
0.92
0.893
1.039
0.864
0.853
0.955
1.028
0.91
0.989
0.824
0.785
0.573
0.235
0.146
0.029
-0.14
-0.131
-0.263
-0.168
-0.086
0.007
-0.105
0.021
-0.056
-0.174
-0.17
0.146
0.249
0.177
0.39
0.364
0.229
-0.092
-0.22
-0.074
0.015
0.015
-0.052
-0.046
-0.04
-0.159
-0.052
-0.26
-0.136
-0.244
-0.425
-0.436
-0.689
-0.605
-0.63
-0.357
-0.731
-0.598
-0.33
-0.82
-0.67
-0.735
-0.739
-0.809
-0.71
-0.779
-0.66
-0.775
-0.771
-0.721
-0.805
-0.529
-0.896
-0.865
-0.924
-0.95
-0.812
-0.675
-0.453
-0.451
-0.381
-0.266
-0.234
-0.124
-0.182
-0.115
-0.158
-0.35
-0.456
-0.581
-0.395
-0.398
-0.084
0.129
0.229
0.305
0.285
0.415
0.286
0.305
0.333
0.375
0.283
0.23
0.163
-0.054
-0.052
-0.074
-0.121
0.077
0.168
0.203
0.034
-0.096
-0.201
0.004
0.184
0.164
0.08
-0.04
-0.211
-0.121
-0.357
-0.394
-0.504
-0.489
-0.569
-0.465
-0.585
-0.584
-0.647
-0.532
-0.619
-0.905
-0.779
-0.856
-0.854
-0.811
-0.743
-0.618
-0.549
-0.621
-0.438
-0.405
-0.551
-0.434
-0.514
-0.68
-0.535
-0.62
-0.511
-0.403
-0.388
-0.286
-0.121
-0.018
0.18
0.275
0.328
0.339
0.266
0.333
0.425
0.706
0.665
0.636
0.539
0.565
0.599
0.631
0.509
0.825
0.661
0.624
0.532
0.516
0.503
0.556
0.497
0.509
0.59
0.545
0.595
0.655
0.684
0.7
0.784
0.894
0.829
0.875
0.642
0.549
0.36
0.514
0.41
0.276
0.319
0.052
-0.077
0.048
-0.048
-0.119
-0.104
-0.151
-0.105
-0.021
0.052
0.055
0.186
0.151
0.198
-0.074
-0.212
-0.301
-0.318
-0.37
-0.209
-0.122
-0.05
-0.046
-0.151
-0.239
-0.288
-0.291
-0.487
-0.374
-0.335
-0.325
-0.38
-0.295
-0.216
0.024
0.114
0.184
0.196
0.226
0.214
0.419
0.431
0.414
0.341
0.576
0.652
0.511
0.564
0.546
0.546
0.677
0.478
0.329
0.31
0.296
0.251
0.175
0.166
0.072
-0.05
-0.115
-0.223
-0.171
-0.159
-0.294
-0.521
-0.489
-0.415
-0.48
-0.611
-0.685
-0.681
-0.774
-0.911
-0.705
-0.703
-0.645
-0.667
-0.649
-0.336
-0.224
-0.299
-0.28
-0.146
-0.247
-0.083
-0.154
0.003
-0.077
-0.051
-0.188
-0.203
-0.254
-0.08
-0.095
-0.177
-0.451
-0.432
-0.536
-0.527
-0.425
-0.441
-0.434
-0.421
-0.416
-0.316
-0.239
-0.234
-0.179
-0.049
0.054
0.036
0.269
0.333
0.448
0.359
0.319
0.576
0.573
0.534
0.497
0.645
0.473
0.344
0.323
0.238
0.216
0.29
0.233
0.286
0.279
0.103
0.058
-0.109
-0.18
-0.352
-0.367
-0.24
-0.422
-0.425
-0.471
-0.32
-0.367
-0.315
-0.241
-0.026
0.069
0.186
0.169
0.161
0.226
0.191
0.156
0.158
0.18
0.19
0.089
0.092
0.25
0.145
0.055
-0.024
-0.003
0.122
0.037
-0.126
-0.301
-0.565
-0.728
-0.667
-0.61
-0.753
-0.799
-0.921
-0.644
-0.72
-0.845
-0.839
-0.805
-0.662
-0.66
-0.649
-0.444
-0.55
-0.551
-0.535
-0.365
-0.264
-0.268
-0.251
-0.18
-0.075
0.035
0.109
0.249
0.321
0.109
-0.052
-0.241
-0.38
-0.231
-0.174
-0.104
0.001
0.044
-0.06
-0.096
-0.29
-0.541
-0.458
-0.532
-0.624
-0.618
-0.642
-0.715
-0.797
-0.912
-1.009
-0.739
-0.888
-0.809
-0.709
-0.75
-0.841
-0.758
-0.859
-0.821
-0.904
-0.86
-0.685
-0.619
-0.641
-0.537
-0.492
-0.496
-0.516
-0.596
-0.378
-0.164
-0.044
0.088
0.081
0.104
0.158
0.198
0.138
0.059
0.16
0.109
0.12
-0.01
-0.106
0.114
0.234
0.38
0.309
0.45
0.616
0.569
0.682
0.662
0.754
0.679
0.536
0.491
0.506
0.469
0.531
0.541
0.497
0.631
0.606
0.593
0.529
0.7
0.575
0.489
0.611
0.651
0.575
0.662
0.695
0.69
0.78
0.726
0.881
0.89
0.859
0.951
1.064
1.046
1.195
1.055
1.008
1.096
1.208
1.099
1.08
0.993
0.879
0.885
0.744
0.705
0.916
0.93
0.893
0.9
0.87
0.963
1.002
0.834
0.664
0.79
0.691
0.744
0.816
0.853
0.889
0.74
0.583
0.694
0.628
0.628
0.473
0.639
0.869
0.705
0.756
0.715
0.73
0.704
0.439
0.319
0.329
0.274
0.302
0.25
0.256
0.341
0.215
0.552
0.389
0.59
0.5
0.438
0.505
0.2
0.171
0.028
0.18
0.037
-0.064
-0.11
-0.174
-0.194
-0.269
-0.263
-0.001
0.003
-0.031
-0.035
-0.056
0.125
0.128
0.165
0.159
0.09
0.1
0.163
0.08
0.056
0.11
0.177
0.029
0.362
0.18
0.186
-0.058
-0.17
0.056
0.079
-0.186
-0.069
-0.08
-0.125
-0.041
0.088
0.043
0.198
0.274
0.278
0.305
0.324
0.461
0.473
0.605
0.504
0.552
0.759
0.685
0.874
0.635
0.705
0.545
0.905
0.989
0.79
0.77
0.701
0.661
0.415
0.491
0.321
0.468
0.531
0.552
0.58
0.432
0.413
0.247
0.357
0.501
0.432
0.36
0.181
0.458
0.026
0.193
0.266
0.439
0.609
0.565
0.645
0.611
0.529
0.766
0.77
0.754
0.787
0.79
0.775
0.624
0.598
0.46
0.269
0.109
0.125
-0.145
-0.211
-0.039
0.077
0.083
0.021
0.129
0.24
0.163
0.033
0.119
-0.07
-0.021
-0.286
-0.35
-0.48
-0.444
-0.555
-0.506
-0.652
-0.688
-0.765
-0.968
-1.141
-1.145
-1.177
-1.246
-1.154
-1.136
-1.205
-1.093
-1.016
-0.999
-0.878
-0.676
-0.905
-0.8
-1.094
-0.971
-0.858
-0.819
-0.705
-0.487
-0.514
-0.49
-0.404
-0.36
-0.319
-0.246
-0.131
0.007
0.133
0.161
0.266
0.261
0.443
0.569
0.63
0.547
0.67
0.698
0.575
0.565
0.471
0.492
0.273
0.372
0.189
-0.11
-0.054
-0.125
-0.203
-0.376
-0.44
-0.57
-0.789
-0.854
-0.981
-1.018
-1.333
-1.44
-1.47
-1.498
-1.601
-1.595
-1.491
-1.515
-1.526
-1.472
-1.314
-1.201
-1.224
-0.995
-0.846
-0.834
-0.8
-0.594
-0.522
-0.509
-0.446
-0.44
-0.221
-0.259
-0.2
-0.028
0.039
0.203
0.23
0.296
0.321
0.401
0.544
0.398
0.431
0.534
0.566
0.611
0.581
0.645
0.601
0.634
0.435
0.385
0.364
0.021
-0.159
-0.269
-0.341
-0.398
-0.603
-0.586
-0.624
-0.586
-0.619
-0.645
-0.751
-0.807
-0.828
-0.804
-0.855
-0.84
-0.845
-0.891
-0.876
-0.922
-0.769
-0.695
-0.646
-0.927
-0.73
-0.799
-0.759
-0.715
-0.554
-0.356
-0.359
-0.281
-0.099
-0.136
-0.104
-0.119
0.026
0.048
0.121
0.077
0.309
0.436
0.574
0.426
0.246
0.209
0.238
0.166
0.013
0.149
0.144
0.133
0.075
0.2
-0.08
-0.163
-0.163
-0.211
-0.085
-0.126
-0.176
-0.242
-0.179
-0.299
-0.314
-0.341
-0.234
-0.11
-0.101
-0.036
-0.234
-0.179
-0.22
-0.149
-0.113
0.098
0.181
0.198
0.096
-0.019
0.05
0.138
0.07
0.129
-0.007
0.114
0.11
0.174
0.43
0.495
0.309
0.26
0.291
0.266
0.164
0.164
0.136
0.219
0.246
0.396
0.491
0.656
0.768
0.634
0.546
0.644
0.601
0.635
0.797
0.881
0.782
0.885
0.865
0.84
0.641
0.771
0.65
0.745
0.969
0.944
0.75
0.731
0.939
0.765
0.751
0.682
0.634
0.521
0.505
0.628
0.53
0.759
0.67
0.816
0.746
0.501
0.536
0.638
0.59
0.274
0.269
0.215
0.165
0.071
-0.049
-0.079
-0.092
-0.199
-0.266
-0.349
-0.31
-0.406
-0.466
-0.318
-0.539
-0.565
-0.715
-0.65
-0.614
-0.539
-0.709
-0.718
-0.606
-0.726
-0.573
-0.645
-0.926
-0.936
-0.995
-0.931
-0.954
-0.843
-1.061
-1.088
-1.119
-0.875
-0.82
-0.781
-0.561
-0.52
-0.429
-0.28
-0.295
-0.106
0.134
0.205
0.345
0.417
0.474
0.675
0.514
0.761
0.894
0.917
0.853
0.841
0.909
1.059
0.914
0.858
0.97
1.075
1.177
1.066
0.769
0.68
0.716
0.549
0.564
0.466
0.47
0.432
0.471
0.504
0.516
0.449
0.469
0.299
0.12
0.149
-0.014
0.056
-0.12
-0.17
-0.223
-0.4
-0.43
-0.596
-0.775
-0.816
-0.85
-0.919
-0.87
-0.906
-0.939
-0.841
-0.966
-1.011
-0.975
-1.153
-1.035
-1.054
-0.875
-0.759
-0.802
-0.603
-0.596
-0.65
-0.474
-0.448
-0.309
-0.264
-0.169
0.043
-0.189
-0.274
-0.15
-0.077
-0.096
-0.089
-0.058
-0.05
-0.08
0.007
-0.099
-0.006
0.126
0.054
-0.041
-0.065
-0.101
-0.043
-0.079
-0.122
-0.233
-0.171
-0.251
-0.13
-0.146
-0.081
-0.024
-0.15
-0.031
-0.179
-0.18
-0.151
-0.206
-0.188
-0.16
-0.113
-0.17
-0.105
-0.146
-0.151
-0.145
-0.143
-0.244
-0.139
-0.114
0.086
0.125
0.143
0.269
0.295
0.211
0.316
0.388
0.445
0.41
0.396
0.425
0.311
0.3
0.349
0.439
0.426
0.603
0.638
0.573
0.82
0.823
0.851
0.751
0.751
0.626
0.53
0.438
0.455
0.356
0.244
0.281
0.374
0.206
-0.026
-0.189
-0.396
-0.296
-0.264
-0.29
-0.369
-0.579
-0.479
-0.43
-0.554
-0.65
-0.455
-0.375
-0.588
-0.765
-0.603
-0.579
-0.7
-0.741
-0.338
-0.362
-0.516
-0.48
-0.511
-0.375
-0.304
-0.089
-0.107
-0.016
-0.1
-0.058
0.118
0.113
0.12
0.059
0.151
0.304
0.395
0.578
0.671
0.64
0.729
0.654
0.807
0.574
0.512
0.492
0.583
0.638
0.626
0.709
0.655
0.731
0.596
0.635
0.484
0.6
0.709
0.665
0.699
0.618
0.593
0.27
0.335
0.165
0.099
0.155
0.307
0.471
0.482
0.446
0.429
0.566
0.576
0.561
0.74
0.6
0.664
0.61
0.695
0.948
0.943
0.981
0.841
0.816
0.976
1.031
1.099
1.049
1.039
0.941
0.919
0.576
0.593
0.62
0.404
0.435
0.455
0.48
0.581
0.614
0.623
0.544
0.481
0.532
0.481
0.486
0.541
0.631
0.517
0.492
0.684
0.734
0.801
0.731
0.654
0.875
0.792
0.894
0.973
0.756
0.84
0.763
0.621
0.586
0.496
0.566
0.499
0.372
0.155
0.115
0.099
0.056
-0.026
0.013
-0.085
-0.188
-0.245
-0.352
-0.489
-0.672
-0.85
-0.881
-0.811
-0.675
-0.586
-0.544
-0.33
-0.21
-0.259
-0.152
-0.145
0.035
0.083
0.048
0.052
0.025
-0.125
-0.03
-0.069
-0.024
-0.034
-0.01
-0.035
-0.323
-0.231
-0.072
-0.056
-0.05
-0.018
-0.209
-0.305
-0.355
-0.219
-0.111
-0.089
-0.003
0.099
0.316
0.414
0.482
0.564
0.589
0.693
0.619
0.696
0.743
0.541
0.682
0.581
0.81
0.878
0.806
0.657
0.275
0.324
0.02
0.074
0.105
-0.104
-0.071
-0.066
-0.206
-0.212
-0.124
-0.131
0.03
0.133
0.209
0.281
0.261
0.026
0.19
0.122
0.0
0.156
0.145
-0.02
-0.099
-0.013
-0.116
-0.176
-0.14
-0.226
-0.203
-0.359
-0.143
-0.238
-0.072
-0.12
-0.051
-0.145
-0.2
0.035
-0.216
0.055
-0.01
-0.004
-0.018
-0.044
0.009
0.004
-0.104
-0.16
-0.219
-0.165
-0.044
0.18
0.234
0.223
0.071
0.158
0.27
0.292
0.349
0.395
0.609
0.659
0.733
0.864
0.81
0.776
0.719
0.642
0.647
0.566
0.438
0.404
0.096
-0.085
-0.246
-0.126
-0.088
0.147
0.24
0.235
0.159
0.198
0.198
0.02
-0.07
-0.029
-0.242
-0.2
-0.348
-0.372
-0.31
-0.152
-0.081
-0.255
-0.13
-0.13
-0.11
-0.076
-0.147
-0.116
-0.085
-0.056
0.013
0.041
0.058
-0.054
-0.004
-0.169
-0.249
-0.361
-0.299
-0.17
-0.335
-0.484
-0.629
-0.835
-1.01
-1.12
-1.075
-1.177
-1.186
-1.236
-1.406
-1.251
-1.395
-1.336
-1.413
-1.456
-1.616
-1.691
-1.8
-1.746
-1.609
-1.581
-1.302
-1.248
-0.965
-0.861
-0.883
-0.672
-0.69
-0.559
-0.765
-0.609
-0.621
-0.723
-0.554
-0.478
-0.51
-0.522
-0.511
-0.341
-0.168
-0.045
0.125
0.301
0.399
0.366
0.338
0.49
0.512
0.77
0.569
0.422
0.44
0.432
0.63
0.605
0.395
0.28
0.39
0.234
0.165
0.138
-0.094
-0.13
-0.13
-0.12
-0.264
-0.364
-0.485
-0.41
-0.545
-0.606
-0.511
-0.499
-0.623
-0.479
-0.501
-0.46
-0.499
-0.4
-0.435
-0.435
-0.555
-0.514
-0.509
-0.46
-0.369
-0.24
-0.205
-0.217
-0.1
0.06
0.099
0.085
0.244
0.309
0.198
0.241
0.421
0.425
0.681
0.705
0.682
0.733
0.378
0.326
0.464
0.449
0.496
0.453
0.399
0.474
0.311
0.435
0.365
0.361
0.28
0.268
0.212
-0.069
-0.331
-0.384
-0.306
-0.054
-0.176
-0.206
-0.145
-0.354
-0.314
-0.325
-0.435
-0.541
-0.473
-0.489
-0.479
-0.275
-0.362
-0.201
-0.3
-0.6
-0.545
-0.623
-0.621
-0.501
-0.395
-0.579
-0.361
-0.307
-0.223
-0.016
-0.075
-0.146
-0.184
-0.225
-0.372
-0.357
-0.479
-0.46
-0.35
-0.253
-0.295
0.266
0.107
0.335
0.398
0.334
0.379
0.154
0.149
0.147
0.182
0.13
0.335
0.114
-0.056
-0.121
-0.181
-0.09
0.024
-0.021
0.019
0.029
0.06
0.09
-0.069
-0.114
0.084
0.135
0.244
0.505
0.334
0.238
0.239
0.195
0.318
0.224
0.198
0.177
0.135
-0.004
0.01
-0.014
-0.028
-0.056
0.007
-0.255
-0.323
-0.364
-0.26
-0.416
-0.537
-0.566
-1.004
-1.055
-1.13
-0.98
-0.728
-0.634
-0.51
-0.364
-0.215
-0.09
-0.125
0.134
0.154
0.118
0.182
0.088
0.335
0.231
0.419
0.37
0.58
0.621
0.636
0.544
0.536
0.566
0.593
0.766
0.646
0.573
0.66
0.575
0.633
0.636
0.601
0.623
0.586
0.564
0.628
0.465
0.4
0.355
0.285
0.226
