0.022
-0.015
-0.079
-0.199
-0.334
-0.461
-0.509
-0.383
-0.388
-0.425
-0.468
-0.361
-0.4
-0.451
-0.228
-0.263
-0.434
-0.329
-0.316
-0.301
-0.115
-0.046
-0.099
-0.044
-0.139
-0.33
-0.335
-0.378
-0.494
-0.209
-0.122
-0.096
-0.019
-0.071
0.077
-0.072
-0.113
-0.292
-0.281
-0.226
-0.229
-0.259
-0.124
-0.104
-0.302
-0.417
-0.432
-0.458
-0.475
-0.35
-0.427
-0.539
-0.473
-0.486
-0.22
-0.217
-0.194
-0.193
-0.361
-0.369
-0.288
-0.236
-0.14
-0.275
-0.284
-0.121
-0.173
-0.208
-0.128
0.066
0.095
0.143
0.169
-0.054
0.001
-0.099
-0.138
0.003
-0.195
-0.201
-0.256
-0.048
-0.011
0.152
0.048
0.16
0.174
0.052
0.302
0.32
0.346
0.43
0.4
0.451
0.506
0.503
0.479
0.519
0.454
0.406
0.281
0.455
0.357
0.443
0.3
0.169
0.064
0.101
-0.034
-0.228
-0.156
-0.365
-0.184
-0.225
0.046
0.013
-0.291
-0.311
-0.329
-0.261
-0.285
-0.253
-0.296
-0.338
-0.343
-0.601
-0.633
-0.527
-0.566
-0.367
-0.35
-0.406
-0.285
-0.455
-0.319
-0.314
-0.359
-0.216
-0.051
-0.149
-0.086
0.024
0.113
0.241
0.404
0.38
0.4
0.45
0.44
0.479
0.557
0.471
0.375
0.245
0.212
0.118
0.098
0.085
0.085
0.168
0.085
0.013
-0.052
-0.215
-0.352
-0.311
-0.403
-0.59
-0.812
-0.764
-0.844
-0.725
-0.873
-1.061
-1.044
-1.041
-0.99
-0.916
-0.953
-0.768
-0.649
-0.481
-0.399
-0.31
-0.356
-0.413
-0.339
-0.241
-0.084
0.051
0.295
0.266
0.432
0.415
0.8
0.916
1.214
1.438
1.401
1.425
1.419
1.312
1.244
1.196
1.271
1.326
1.154
1.093
0.981
1.016
0.839
0.834
0.667
0.623
0.655
0.551
0.273
0.07
0.037
0.006
0.009
-0.084
-0.131
-0.119
-0.014
-0.06
-0.179
-0.2
-0.474
-0.417
-0.656
-0.633
-0.564
-0.527
-0.416
-0.54
-0.51
-0.549
-0.511
-0.479
-0.395
-0.111
-0.118
-0.113
-0.1
-0.104
-0.212
-0.361
-0.426
-0.454
-0.404
-0.385
-0.486
-0.47
-0.458
-0.216
-0.163
-0.22
-0.195
-0.185
-0.173
-0.271
-0.288
-0.38
-0.372
-0.297
-0.432
-0.378
-0.372
-0.259
-0.13
-0.105
-0.105
-0.022
-0.064
-0.021
-0.022
0.122
0.135
0.037
0.215
0.154
0.128
0.114
0.126
0.107
0.015
-0.079
-0.039
-0.069
-0.101
-0.175
-0.174
0.07
0.107
0.346
0.514
0.501
0.591
0.651
0.775
0.795
0.821
0.686
0.756
0.69
0.534
0.383
0.32
0.301
0.184
0.091
-0.029
-0.129
-0.039
0.06
-0.058
-0.043
-0.025
0.062
0.115
0.054
-0.092
-0.156
-0.193
-0.417
-0.448
-0.419
-0.275
-0.219
-0.341
-0.299
-0.51
-0.578
-0.573
-0.575
-0.52
-0.547
-0.527
-0.425
-0.398
-0.556
-0.56
-0.616
-0.614
-0.566
-0.596
-0.59
-0.731
-0.738
-0.799
-0.782
-0.723
-0.624
-0.53
-0.364
-0.224
-0.138
-0.085
-0.025
-0.091
-0.02
0.081
0.062
0.203
0.333
0.126
-0.044
-0.179
-0.177
-0.035
-0.147
-0.22
-0.125
0.054
0.17
0.141
0.439
0.503
0.503
0.491
0.221
0.209
0.113
0.12
0.004
0.106
0.224
0.219
0.125
0.124
0.269
0.149
0.141
0.296
0.326
0.315
0.473
0.569
0.537
0.555
0.496
0.44
0.285
0.269
0.254
0.15
0.143
-0.08
-0.092
-0.26
-0.321
-0.329
-0.311
-0.168
-0.174
-0.289
-0.276
-0.143
-0.114
-0.231
-0.074
-0.03
-0.011
-0.05
-0.107
-0.048
-0.028
0.025
0.104
0.13
0.084
0.208
0.235
0.211
0.198
0.177
0.216
0.135
0.163
0.116
0.113
0.154
0.115
0.071
0.258
0.284
0.235
0.321
0.316
0.304
0.323
0.333
0.217
0.048
0.001
-0.051
-0.056
-0.098
-0.086
-0.147
-0.13
-0.122
-0.23
-0.081
0.045
-0.086
-0.131
0.009
0.056
0.17
0.156
0.154
0.19
0.289
0.335
0.253
0.357
0.151
0.208
-0.028
-0.048
-0.092
-0.205
-0.134
-0.155
-0.186
-0.32
-0.268
-0.43
-0.443
-0.388
-0.46
-0.386
-0.605
-0.64
-0.669
-0.514
-0.618
-0.383
-0.35
-0.316
-0.239
-0.131
-0.077
-0.139
-0.001
-0.13
-0.066
-0.136
-0.039
-0.076
-0.043
0.04
-0.028
0.051
-0.059
-0.009
0.095
0.077
0.13
0.095
0.181
0.129
0.25
0.385
0.36
0.394
0.325
0.416
0.588
0.487
0.294
0.318
0.403
0.292
0.495
0.359
0.406
0.324
0.44
0.415
0.381
0.48
0.497
0.463
0.56
0.296
0.393
0.366
0.4
0.319
0.228
0.436
0.551
0.52
0.625
0.455
0.429
0.29
0.23
-0.04
-0.07
-0.17
-0.36
-0.266
-0.354
-0.318
-0.258
-0.104
-0.125
-0.139
0.056
0.013
0.079
0.084
0.264
0.445
0.432
0.376
0.4
0.416
0.312
0.451
0.441
0.517
0.386
0.366
0.417
0.333
0.52
0.465
0.541
0.436
0.345
0.295
0.394
0.551
0.367
0.449
0.394
0.59
0.496
0.53
0.605
0.62
0.646
0.517
0.561
0.595
0.594
0.539
0.608
0.716
0.578
0.71
0.273
0.169
0.364
0.151
0.296
0.234
0.175
0.138
0.058
-0.04
-0.09
-0.09
-0.214
-0.209
-0.369
-0.403
-0.378
-0.35
-0.406
-0.36
-0.274
-0.375
-0.381
-0.44
-0.539
-0.53
-0.589
-0.649
-0.656
-0.709
-0.55
-0.657
-0.537
-0.427
-0.403
-0.269
-0.326
-0.346
-0.221
-0.179
-0.161
0.033
0.045
0.115
0.084
-0.005
0.168
0.131
0.122
0.289
0.206
0.235
0.149
0.169
0.328
0.236
0.149
0.241
0.3
0.268
0.289
0.071
0.221
0.321
0.217
0.048
0.015
0.026
0.121
0.179
0.194
0.164
0.234
0.228
0.113
0.066
-0.044
-0.034
-0.12
-0.151
-0.205
-0.216
-0.174
-0.081
-0.18
-0.169
-0.006
0.019
0.052
0.037
0.076
-0.006
0.021
0.085
0.171
0.201
0.141
0.107
0.106
0.305
0.085
0.136
0.177
0.138
0.055
0.046
-0.029
-0.033
-0.125
-0.006
0.005
0.126
0.239
0.279
0.266
0.369
0.395
0.642
0.69
0.729
0.873
0.834
0.85
0.945
1.076
1.091
1.008
1.149
1.115
1.188
1.139
1.2
1.056
1.062
1.052
1.038
1.091
0.97
0.669
0.557
0.512
0.63
0.537
0.547
0.391
0.316
0.205
0.203
-0.104
0.074
-0.09
-0.14
-0.126
-0.037
-0.076
-0.069
-0.048
0.049
-0.058
-0.111
-0.064
0.028
0.025
0.021
0.075
-0.001
-0.074
-0.115
0.131
0.146
0.154
0.101
0.037
0.144
-0.091
-0.146
-0.211
-0.188
-0.058
-0.306
-0.38
-0.401
-0.111
-0.146
-0.114
-0.12
-0.11
-0.104
-0.246
-0.216
-0.193
-0.126
-0.273
-0.297
-0.168
-0.314
-0.297
-0.193
-0.297
-0.056
-0.074
0.095
-0.305
-0.256
-0.146
-0.149
-0.254
-0.201
-0.072
-0.116
-0.096
0.113
0.169
0.286
0.445
0.549
0.547
0.595
0.83
0.764
0.728
0.631
0.664
0.728
0.853
0.845
0.936
0.855
1.061
1.028
1.042
1.105
1.065
1.05
1.083
1.01
1.036
0.976
1.01
0.858
0.755
0.591
0.527
0.381
0.329
0.276
0.201
0.258
0.154
0.113
-0.018
0.092
0.126
0.201
0.241
0.077
-0.028
0.113
0.205
0.134
0.124
0.1
0.134
0.21
0.105
0.069
0.109
0.198
0.393
0.375
0.501
0.348
0.311
0.384
0.473
0.67
0.657
0.94
1.135
1.21
1.27
1.296
1.471
1.305
1.363
1.37
1.24
1.045
1.081
1.014
0.839
0.676
0.631
0.55
0.453
0.201
0.228
0.122
0.009
-0.028
-0.328
-0.374
-0.318
-0.185
-0.291
-0.509
-0.463
-0.394
-0.251
-0.113
-0.13
-0.083
-0.233
-0.18
-0.255
-0.321
-0.304
-0.31
-0.182
-0.22
-0.122
-0.037
-0.098
-0.039
0.006
-0.135
0.141
0.198
0.464
0.206
0.031
-0.111
-0.189
-0.281
-0.25
-0.259
-0.163
-0.22
-0.188
-0.083
-0.034
0.058
0.38
0.56
0.6
0.599
0.53
0.481
0.443
0.549
0.545
0.37
0.346
0.394
0.367
0.217
0.235
0.191
0.182
0.128
0.109
-0.003
-0.191
-0.301
-0.425
-0.48
-0.655
-0.59
-0.649
-0.703
-0.69
-0.738
-0.638
-0.625
-0.657
-0.579
-0.636
-0.674
-0.527
-0.691
-0.435
-0.3
-0.205
-0.18
-0.214
-0.161
-0.264
-0.338
-0.415
-0.481
-0.398
-0.301
-0.439
-0.604
-0.628
-0.609
-0.624
-0.516
-0.508
-0.289
-0.372
-0.445
-0.424
-0.198
-0.249
-0.344
-0.05
-0.114
-0.105
0.151
0.141
0.333
0.32
0.323
0.344
0.312
0.424
0.37
0.247
0.085
0.215
0.007
-0.009
-0.107
-0.164
-0.175
-0.138
-0.114
-0.268
-0.281
-0.403
-0.311
-0.175
-0.086
-0.022
-0.039
0.003
0.189
0.28
0.288
0.149
0.092
0.098
0.134
0.156
0.044
-0.007
-0.071
-0.158
-0.174
-0.208
-0.255
-0.249
-0.27
-0.396
-0.495
-0.422
-0.499
-0.525
-0.624
-0.738
-0.624
-0.491
-0.319
-0.383
-0.446
-0.524
-0.589
-0.583
-0.492
-0.406
-0.409
-0.264
-0.211
-0.037
-0.163
-0.088
-0.216
-0.131
-0.163
-0.226
-0.2
-0.084
0.028
-0.029
-0.151
-0.101
-0.011
0.014
0.056
0.11
-0.071
-0.189
-0.23
-0.288
-0.209
-0.113
0.05
0.135
0.351
0.365
0.478
0.619
0.669
0.645
0.55
0.443
0.324
0.166
0.118
0.0
0.007
0.101
0.211
0.215
0.438
0.479
0.438
0.532
0.568
0.562
0.411
0.345
0.318
0.261
0.39
0.284
0.271
0.336
0.266
0.193
0.111
0.0
-0.064
-0.174
-0.29
-0.334
-0.279
-0.254
-0.294
-0.328
-0.419
-0.465
-0.391
-0.305
-0.211
-0.092
-0.064
-0.07
0.128
0.321
0.209
0.118
0.074
-0.052
-0.105
-0.189
-0.129
-0.274
-0.302
-0.431
-0.424
-0.466
-0.416
-0.415
-0.361
-0.359
-0.504
-0.522
-0.312
-0.341
-0.264
-0.351
-0.348
-0.474
-0.584
-0.621
-0.68
-0.589
-0.616
-0.628
-0.479
-0.193
-0.169
-0.08
-0.066
0.126
0.446
0.534
0.665
0.598
0.785
0.833
0.601
0.545
0.417
0.618
0.61
0.54
0.596
0.636
0.355
0.343
0.436
0.311
0.118
0.107
0.06
0.103
0.173
0.185
0.084
0.074
0.111
0.066
-0.059
0.065
0.061
0.006
-0.018
-0.028
-0.069
-0.133
-0.18
-0.072
-0.111
-0.065
-0.052
-0.159
-0.235
-0.274
-0.281
-0.226
-0.054
0.035
-0.114
-0.22
-0.193
-0.159
-0.046
0.028
0.033
0.309
0.214
0.256
0.149
0.199
0.064
-0.081
-0.188
-0.145
-0.384
-0.461
-0.491
-0.394
-0.463
-0.511
-0.568
-0.608
-0.605
-0.662
-0.583
-0.584
-0.585
-0.471
-0.559
-0.524
-0.725
-0.759
-0.848
-0.964
-0.955
-0.943
-0.77
-0.659
-0.519
-0.615
-0.682
-0.604
-0.672
-0.593
-0.634
-0.515
-0.552
-0.48
-0.63
-0.505
-0.384
-0.28
-0.229
-0.163
-0.135
-0.045
0.03
0.009
0.128
0.185
0.307
0.253
0.055
-0.09
-0.305
-0.334
-0.354
-0.219
-0.371
-0.429
-0.182
-0.122
-0.184
-0.021
0.033
-0.094
-0.276
-0.455
-0.411
-0.525
-0.479
-0.647
-0.725
-0.795
-0.766
-0.971
-0.794
-0.763
-0.701
-0.394
-0.324
-0.24
-0.271
-0.254
-0.146
-0.1
0.028
0.155
0.179
0.312
0.62
0.719
0.699
0.688
0.899
1.015
0.965
0.986
0.978
0.973
0.927
0.834
0.792
1.114
0.938
0.986
0.975
1.101
1.019
0.956
0.743
0.74
0.645
0.473
0.549
0.389
0.351
0.279
0.326
0.264
0.271
0.12
-0.071
-0.246
-0.451
-0.482
-0.343
-0.54
-0.782
-0.979
-1.09
-1.175
-1.115
-1.124
-1.088
-1.107
-1.15
-1.238
-1.239
-1.357
-1.539
-1.607
-1.561
-1.674
-1.709
-1.512
-1.536
-1.444
-1.414
-1.36
-1.32
-1.246
-1.121
-1.032
-1.131
-0.916
-0.797
-0.672
-0.406
-0.33
0.0
0.095
0.238
0.234
0.404
0.539
0.605
0.701
0.645
0.92
0.836
0.858
0.79
0.756
0.835
0.893
0.811
0.786
0.765
0.667
0.514
0.334
0.176
0.196
-0.044
-0.158
-0.145
-0.124
-0.039
0.001
-0.076
-0.173
-0.115
-0.001
0.072
0.152
0.156
0.18
0.149
0.181
0.149
0.122
0.199
0.261
0.335
0.239
0.251
0.375
0.131
0.07
0.043
0.001
-0.028
-0.164
-0.083
-0.079
0.071
0.159
0.037
-0.113
-0.072
-0.043
-0.004
0.083
0.074
-0.176
-0.135
-0.146
-0.163
-0.105
0.179
0.041
-0.029
-0.044
-0.107
0.138
0.107
-0.03
0.019
0.216
0.09
0.101
0.011
0.125
0.06
0.04
0.048
-0.146
-0.284
-0.208
-0.125
-0.099
-0.113
-0.085
-0.19
-0.194
-0.314
-0.424
-0.408
-0.36
-0.276
-0.249
-0.224
-0.211
-0.164
-0.164
-0.107
-0.04
-0.175
-0.244
-0.306
-0.071
-0.039
0.12
0.143
0.174
0.156
0.128
-0.003
0.174
0.164
0.138
0.048
-0.089
0.05
0.191
0.249
0.259
0.055
0.028
-0.044
-0.129
-0.182
-0.171
-0.158
-0.079
-0.094
-0.128
-0.219
-0.223
-0.165
-0.217
-0.441
-0.216
-0.289
-0.346
-0.186
-0.158
-0.244
-0.357
-0.3
-0.306
-0.455
-0.333
-0.451
-0.35
-0.386
-0.268
-0.189
-0.403
-0.345
-0.177
0.069
-0.043
-0.059
-0.045
0.039
-0.033
-0.152
-0.074
-0.179
-0.364
-0.126
-0.253
-0.144
-0.168
-0.214
-0.061
-0.022
0.114
0.254
0.31
0.376
0.479
0.59
0.372
0.51
0.4
0.429
0.512
0.486
0.345
0.408
0.695
0.595
0.677
0.565
0.345
0.355
0.497
0.422
0.446
0.346
0.398
0.44
0.307
0.341
0.35
0.413
0.339
0.131
0.046
0.034
0.105
0.152
0.198
0.231
0.193
0.013
-0.01
0.022
-0.085
-0.226
-0.203
-0.208
-0.251
-0.245
-0.18
-0.185
-0.288
-0.203
-0.284
-0.247
-0.15
-0.129
-0.109
0.185
0.268
0.175
0.211
0.168
0.072
0.085
0.176
0.12
0.181
0.158
0.105
0.033
-0.033
-0.048
-0.089
-0.084
-0.104
-0.03
0.015
-0.14
-0.147
-0.314
-0.242
-0.185
-0.371
-0.346
-0.36
-0.266
-0.088
0.031
0.085
0.14
0.285
0.141
0.096
-0.009
-0.104
-0.044
0.152
0.338
0.249
0.445
0.448
0.511
0.557
0.547
0.532
0.576
0.657
0.723
0.646
0.565
0.574
0.439
0.378
0.406
0.542
0.344
0.367
0.354
0.233
0.226
0.241
0.116
-0.075
-0.235
-0.251
-0.381
-0.357
-0.422
-0.469
-0.361
-0.244
-0.04
-0.141
-0.186
-0.219
-0.515
-0.634
-0.367
-0.621
-0.598
-0.681
-0.621
-0.67
-0.453
-0.568
-0.241
-0.251
-0.206
-0.077
-0.128
-0.131
0.129
-0.044
-0.07
-0.069
-0.092
-0.044
-0.217
-0.326
-0.284
-0.263
-0.199
-0.239
-0.21
0.114
-0.301
-0.119
-0.134
-0.043
-0.129
-0.021
0.14
-0.06
-0.055
0.04
0.041
0.091
0.196
0.217
0.22
0.449
0.389
0.559
0.492
0.289
0.341
0.299
0.235
0.24
0.099
0.086
0.109
0.003
0.01
0.109
-0.135
0.035
-0.075
-0.049
-0.133
-0.334
-0.349
-0.557
-0.441
-0.445
-0.481
-0.608
-0.675
-0.537
-0.666
-0.713
-0.497
-0.38
-0.489
-0.09
-0.386
-0.242
-0.307
-0.276
-0.289
-0.329
-0.471
-0.485
-0.295
-0.492
-0.431
-0.345
-0.292
-0.378
-0.151
-0.45
-0.512
-0.449
-0.479
-0.51
-0.419
-0.43
-0.361
-0.618
-0.535
-0.469
-0.47
-0.432
-0.43
-0.364
-0.164
-0.171
-0.184
-0.138
-0.177
-0.103
-0.152
-0.02
-0.273
-0.164
0.091
-0.098
-0.061
-0.101
-0.022
-0.072
-0.184
-0.071
-0.185
-0.125
-0.335
-0.288
-0.22
-0.31
-0.211
-0.18
-0.196
-0.228
-0.113
-0.081
0.016
-0.001
-0.12
-0.25
-0.094
-0.114
-0.079
-0.016
-0.079
0.007
-0.059
-0.103
-0.043
-0.056
-0.059
0.064
-0.02
0.126
0.158
0.124
0.036
0.205
0.144
0.18
0.145
0.23
0.122
0.152
0.249
0.089
0.214
0.409
0.266
0.105
0.111
0.176
0.165
0.289
0.186
0.54
0.263
0.389
0.304
0.134
0.236
0.124
0.11
0.221
0.129
0.188
0.331
0.24
0.165
0.346
0.084
0.276
0.113
-0.179
-0.259
-0.138
-0.205
-0.156
-0.151
-0.169
-0.189
-0.193
-0.225
-0.166
-0.215
-0.238
-0.228
-0.223
-0.326
-0.141
0.089
0.089
0.155
0.2
0.301
0.311
0.339
0.4
0.463
0.473
0.48
0.404
0.398
0.372
0.185
0.285
-0.035
-0.019
-0.052
-0.151
-0.033
0.064
0.04
0.031
0.011
0.072
0.146
0.171
0.271
0.129
0.18
0.276
0.305
0.302
0.196
0.268
0.264
0.29
0.241
0.449
0.474
0.556
0.541
0.545
0.458
0.421
0.616
0.494
0.618
0.484
0.475
0.559
0.465
0.571
0.555
0.55
0.711
0.527
0.435
0.265
0.188
0.299
0.269
0.2
0.189
0.38
0.163
0.357
0.239
0.225
0.371
0.326
0.436
0.38
0.562
0.726
0.562
0.699
0.69
0.975
0.894
0.969
0.951
0.97
1.009
1.05
1.115
1.193
1.448
1.403
1.384
1.335
1.446
1.403
1.268
1.292
1.305
1.329
1.228
1.107
1.089
0.959
0.825
0.824
0.753
0.639
0.599
0.611
0.598
0.594
0.508
0.581
0.573
0.71
0.575
0.734
0.554
0.566
0.475
0.367
0.344
0.239
0.27
0.436
0.495
0.619
0.47
0.4
0.361
0.223
0.325
0.295
0.359
0.276
0.341
0.421
0.568
0.35
0.325
0.276
0.335
0.459
0.535
0.615
0.547
0.574
0.777
0.804
0.938
0.904
0.823
0.761
0.881
0.814
0.858
0.774
0.758
0.699
0.781
0.723
0.787
0.815
0.818
0.704
0.84
1.114
0.91
0.893
0.905
0.826
0.744
0.486
0.453
0.379
0.216
0.228
0.276
0.19
0.231
0.188
0.265
0.256
0.404
0.514
0.614
0.5
0.484
0.424
0.259
0.115
0.08
0.1
0.09
0.135
-0.016
-0.05
0.105
0.212
0.181
0.161
0.169
0.179
0.106
0.099
0.195
0.188
0.173
0.226
0.104
0.0
-0.061
-0.16
-0.014
-0.003
-0.103
0.077
-0.121
-0.274
-0.215
-0.403
-0.361
-0.511
-0.355
-0.335
-0.184
-0.124
-0.188
-0.321
-0.217
-0.259
-0.259
-0.145
-0.309
-0.124
0.035
-0.007
0.3
0.431
0.547
0.517
0.529
0.769
0.688
0.761
0.851
0.935
1.054
0.988
1.096
0.81
0.796
0.515
0.506
0.393
0.325
0.283
0.135
0.184
-0.045
-0.005
-0.271
-0.32
-0.346
-0.263
-0.126
-0.135
-0.249
-0.185
-0.174
-0.14
-0.278
-0.181
-0.35
-0.45
-0.526
-0.463
-0.122
-0.015
-0.044
0.129
0.113
0.199
0.158
0.168
0.16
0.079
0.106
0.107
0.115
-0.045
-0.189
-0.305
-0.331
-0.371
-0.297
-0.011
-0.086
-0.289
-0.443
-0.521
-0.547
-0.525
-0.415
-0.585
-0.494
-0.544
-0.63
-0.595
-0.565
-0.408
-0.163
-0.051
0.171
0.166
0.001
-0.17
-0.024
-0.163
-0.247
-0.045
0.128
-0.004
-0.03
-0.159
-0.114
-0.244
-0.265
-0.007
-0.059
-0.005
-0.09
0.022
-0.121
0.092
0.058
0.089
0.171
0.15
0.122
0.013
-0.041
0.059
0.199
-0.006
0.01
0.015
-0.033
0.019
-0.069
0.075
-0.034
0.084
-0.074
-0.143
-0.315
-0.494
-0.497
-0.458
-0.676
-0.671
-0.761
-0.711
-0.726
-0.858
-1.006
-0.792
-0.879
-1.134
-1.113
-1.262
-1.316
-1.21
-1.264
-1.149
-1.117
-1.04
-1.09
-1.249
-1.365
-1.416
-1.505
-1.559
-1.36
-1.275
-1.261
-1.314
-1.147
-1.157
-1.153
-1.085
-1.051
-0.949
-0.905
-0.809
-0.932
-0.878
-0.916
-0.936
-0.812
-0.72
-0.68
-0.595
-0.422
-0.444
-0.519
-0.471
-0.478
-0.259
-0.085
0.091
0.195
0.238
0.251
0.226
0.27
0.212
0.414
0.323
0.408
0.403
0.326
0.17
0.228
0.199
0.205
0.388
0.445
0.263
0.169
0.049
0.115
0.003
-0.149
0.007
-0.146
-0.066
-0.189
-0.105
0.006
-0.099
-0.184
-0.098
-0.069
-0.122
-0.036
-0.014
-0.004
0.062
0.1
0.165
0.206
0.273
0.318
0.391
0.291
0.444
0.263
0.39
0.27
0.231
0.208
0.193
0.22
0.034
-0.205
-0.15
-0.182
-0.321
-0.295
-0.295
-0.224
-0.189
-0.212
-0.22
-0.159
-0.103
-0.12
0.0
-0.088
-0.125
-0.194
-0.069
-0.12
-0.035
-0.035
0.101
0.251
0.216
0.215
0.085
0.239
0.239
0.284
0.296
0.214
0.215
0.32
0.351
0.279
0.302
0.283
0.294
0.3
0.344
0.521
0.445
0.435
0.386
0.422
0.355
0.393
0.406
0.469
0.268
0.145
0.141
0.295
0.116
0.103
0.06
0.039
0.175
-0.013
-0.17
-0.343
-0.378
-0.456
-0.675
-0.608
-0.705
-0.814
-0.824
-0.934
-0.805
-0.895
-0.88
-0.787
-0.893
-1.014
-0.93
-0.87
-0.917
-0.802
-0.786
-0.671
-0.809
-0.893
-0.886
-0.774
