0.154
0.304
0.395
0.619
0.389
0.184
0.231
0.234
0.147
0.335
0.487
0.429
0.36
0.274
0.276
0.307
0.239
0.209
0.1
-0.058
0.128
0.155
0.115
0.092
0.02
0.041
0.069
0.166
-0.096
-0.166
-0.09
-0.17
-0.26
-0.304
-0.261
-0.166
-0.164
-0.18
-0.27
-0.343
-0.383
-0.564
-0.6
-0.596
-0.431
-0.355
-0.427
-0.586
-0.601
-0.489
-0.361
-0.409
-0.43
-0.176
-0.166
-0.043
0.052
0.245
0.261
0.335
0.475
0.195
0.306
0.294
0.27
0.359
0.426
0.601
0.239
0.133
0.173
0.177
0.356
0.292
0.52
0.616
0.611
0.414
0.348
0.209
0.273
0.349
0.32
0.417
0.273
0.292
0.292
0.21
0.08
0.037
0.036
-0.101
0.077
0.111
0.003
0.156
0.086
-0.215
-0.385
-0.362
-0.166
-0.128
-0.265
0.0
-0.264
-0.346
-0.304
-0.419
-0.354
-0.292
0.231
0.235
0.279
0.064
-0.136
-0.1
-0.118
-0.025
0.17
-0.01
0.0
-0.054
0.054
0.395
0.234
0.195
-0.028
-0.199
-0.405
-0.47
-0.657
-0.609
-0.594
-0.54
-0.444
-0.357
-0.163
-0.209
-0.182
-0.124
-0.074
-0.177
-0.118
-0.044
0.056
0.279
0.238
0.208
0.311
0.361
0.48
0.461
0.173
0.283
0.188
0.278
0.475
0.579
0.449
0.603
0.701
0.774
0.739
0.751
0.669
0.69
0.499
0.64
0.6
0.589
0.503
0.508
0.316
0.469
0.469
0.541
0.745
0.696
0.804
0.891
0.761
0.568
0.49
0.461
0.304
0.264
0.254
0.171
0.069
0.119
0.128
0.191
0.138
0.041
-0.069
-0.216
-0.225
-0.25
-0.383
-0.569
-0.52
-0.486
-0.51
-0.314
-0.532
-0.682
-0.704
-0.8
-0.69
-0.661
-0.336
-0.331
-0.145
-0.005
-0.149
-0.018
-0.29
-0.23
-0.098
-0.105
-0.194
-0.231
-0.376
-0.517
-0.39
-0.425
-0.304
-0.255
-0.077
-0.086
-0.084
-0.329
-0.454
-0.085
-0.066
0.274
0.149
0.124
-0.037
-0.276
-0.225
-0.2
-0.055
-0.083
0.026
-0.119
0.03
0.378
0.399
0.41
0.677
0.751
0.494
0.479
0.261
-0.095
-0.359
-0.113
-0.064
0.31
0.39
0.362
0.281
0.285
0.12
0.046
-0.011
0.077
0.33
0.348
0.324
0.266
0.182
0.361
0.399
0.694
0.667
0.596
0.584
0.365
0.356
0.482
0.48
0.503
0.314
0.309
0.405
0.419
0.305
0.555
0.779
0.677
0.708
0.938
0.907
0.829
0.72
0.705
0.427
0.367
0.141
0.077
0.044
0.351
0.145
0.161
-0.018
0.107
0.158
0.048
-0.121
-0.059
0.14
-0.024
0.058
0.105
0.079
0.134
0.045
0.168
0.075
0.29
0.35
0.751
0.511
0.43
0.333
0.221
0.205
-0.021
-0.034
0.041
0.138
0.099
0.107
0.495
0.406
0.449
0.451
0.225
0.315
0.201
0.131
0.109
0.195
0.285
0.515
0.564
0.367
0.389
0.284
0.323
0.206
0.386
0.413
0.57
0.391
0.199
0.212
-0.003
-0.517
-0.723
-1.177
-1.04
-0.995
-0.614
-0.333
-0.324
-0.511
-0.989
-1.035
-1.048
-1.018
-0.911
-0.713
-0.68
-0.568
-0.689
-0.888
-0.966
-0.98
-0.927
-0.915
-0.561
-0.325
-0.367
-0.159
-0.351
-0.575
-0.633
-0.789
-0.794
-0.812
-0.601
-0.614
-0.645
-0.505
-0.365
-0.253
-0.47
-0.306
-0.254
-0.429
-0.224
-0.261
-0.274
-0.278
-0.253
-0.271
-0.289
-0.361
-0.458
-0.416
-0.464
-0.633
-0.594
-0.496
-0.753
-0.753
-0.931
-0.973
-0.751
-0.771
-0.726
-0.601
-0.386
-0.221
-0.173
0.031
0.189
0.188
0.088
-0.006
0.134
-0.083
0.105
0.221
0.429
0.393
0.509
0.454
0.649
0.672
0.665
0.566
0.465
0.38
0.279
0.144
0.297
0.309
0.141
0.186
0.569
0.473
0.336
0.109
0.018
0.03
-0.103
-0.07
0.107
0.054
-0.175
-0.396
-0.196
-0.134
-0.083
-0.17
-0.071
0.103
0.029
-0.011
-0.065
-0.036
-0.179
-0.062
-0.146
-0.131
-0.217
-0.077
-0.14
-0.41
-0.485
-0.464
-0.646
-0.173
0.081
0.085
-0.193
-0.091
-0.092
-0.089
-0.052
0.061
-0.061
-0.106
-0.025
-0.149
-0.021
-0.043
0.242
0.185
0.487
0.24
0.562
0.454
0.388
0.432
0.203
0.319
0.269
0.284
0.455
0.506
0.555
0.672
0.669
0.841
0.824
0.728
0.848
0.739
0.714
0.631
0.575
0.479
0.556
0.69
0.468
0.672
0.698
0.619
0.695
0.868
0.9
0.711
0.5
0.451
0.41
0.359
0.383
0.341
0.206
0.255
-0.019
0.235
0.092
0.015
-0.028
-0.159
-0.182
-0.288
-0.19
-0.571
-0.781
-1.034
-1.17
-1.001
-1.052
-0.976
-0.964
-1.101
-1.221
-1.262
-1.36
-1.173
-1.045
-1.204
-0.945
-0.869
-0.715
-0.677
-0.652
-0.669
-0.649
-0.354
-0.242
-0.075
0.249
0.503
0.519
0.351
0.438
0.438
0.542
0.603
0.561
0.54
0.634
0.465
0.422
0.454
0.343
0.292
0.38
0.409
0.504
0.629
0.677
0.6
0.541
0.57
0.621
0.509
0.615
0.929
0.919
1.16
1.229
1.443
1.666
1.536
1.397
1.174
0.888
0.735
0.901
0.654
0.866
0.986
0.916
1.125
1.066
1.085
0.901
0.634
0.605
0.422
0.551
0.63
0.864
0.744
0.871
0.99
1.05
1.183
1.245
1.458
1.43
1.551
1.646
1.58
1.657
1.545
1.37
1.221
0.941
0.771
0.571
0.501
0.33
0.095
0.188
0.191
0.231
0.348
0.329
0.253
0.217
-0.016
-0.081
-0.435
-0.524
-0.739
-0.479
-0.492
-0.516
-0.731
-0.605
-0.541
-0.555
-0.669
-0.47
-0.53
-0.409
-0.345
-0.611
-0.598
-0.522
-0.574
-0.531
-0.545
-0.672
-0.454
-0.438
-0.244
-0.444
-0.39
-0.336
-0.283
-0.094
-0.039
0.081
0.072
0.16
0.131
0.064
0.106
0.176
0.015
-0.109
0.006
0.121
-0.071
-0.175
-0.229
-0.509
-0.741
-0.907
-0.996
-0.998
-0.828
-0.79
-0.636
-0.531
-0.371
-0.149
-0.056
0.103
0.216
0.152
-0.052
0.058
-0.004
0.075
0.124
-0.061
-0.062
-0.044
0.103
0.324
0.44
0.482
0.4
0.439
0.151
-0.136
-0.198
-0.154
-0.076
-0.013
-0.075
-0.134
-0.044
-0.079
-0.147
-0.191
-0.177
-0.111
-0.193
-0.335
-0.6
-0.7
-0.566
-0.598
-0.487
-0.429
-0.361
-0.395
-0.338
-0.061
-0.056
-0.036
-0.043
0.034
0.05
-0.058
-0.031
-0.152
-0.166
-0.131
-0.121
-0.163
-0.129
-0.17
-0.189
-0.305
-0.286
-0.404
-0.36
-0.24
-0.305
-0.375
-0.238
-0.036
-0.08
0.189
0.146
0.191
0.21
0.247
0.256
0.36
0.36
0.371
0.497
0.571
0.519
0.573
0.566
0.633
0.212
0.223
0.096
-0.015
-0.061
-0.091
-0.25
-0.314
-0.529
-0.578
-0.916
-0.955
-0.775
-0.674
-0.469
-0.656
-0.419
-0.532
-0.681
-0.557
-0.408
-0.557
-0.388
-0.254
-0.389
-0.374
-0.45
-0.495
-0.35
-0.278
-0.321
-0.361
-0.191
0.077
0.071
0.311
0.208
0.463
0.574
0.855
0.949
1.091
1.21
1.167
1.107
0.971
0.811
0.9
0.641
0.777
0.826
0.733
0.9
0.495
0.539
0.255
0.169
0.244
0.143
0.146
0.076
0.16
0.083
0.066
0.0
-0.135
-0.024
-0.212
-0.143
-0.284
-0.354
-0.274
-0.323
-0.408
-0.312
-0.39
-0.5
-0.415
-0.369
-0.296
-0.291
-0.254
-0.329
-0.39
-0.367
-0.325
-0.352
-0.271
-0.291
-0.23
-0.144
-0.075
-0.018
-0.099
-0.149
-0.176
-0.15
-0.115
-0.176
-0.22
-0.371
-0.325
-0.271
-0.325
-0.294
-0.389
-0.497
-0.451
-0.557
-0.351
-0.405
-0.29
-0.216
-0.171
-0.158
-0.32
-0.279
-0.203
-0.221
0.119
0.143
0.164
0.269
0.245
0.529
0.51
0.68
0.888
0.965
0.615
0.531
-0.509
0.404
0.444
0.754
0.934
0.814
0.953
0.909
0.843
0.809
1.211
1.344
1.429
1.116
1.061
0.974
1.203
1.204
1.18
1.034
1.157
1.083
0.641
0.556
0.31
0.09
0.025
-0.025
-0.098
-0.354
-0.395
-0.451
-0.324
-0.107
-0.081
-0.352
-0.371
-0.517
-0.474
-0.487
-0.681
-0.723
-0.763
-0.873
-0.92
-1.125
-0.941
-0.988
-0.812
-0.684
-0.55
-0.511
-0.425
-0.319
-0.343
-0.366
-0.441
-0.526
-0.638
-0.591
-0.591
-0.734
-0.642
-0.537
-0.494
-0.724
-0.728
-0.662
-0.546
-0.689
-0.473
-0.266
-0.229
-0.236
-0.144
-0.149
-0.035
-0.005
0.079
0.136
0.311
0.38
0.479
0.501
0.541
0.357
0.311
0.47
0.463
0.395
0.389
0.431
0.41
0.362
0.432
0.357
0.451
0.451
0.263
0.229
0.306
0.279
0.378
0.378
0.181
0.43
0.473
0.497
0.604
0.51
0.583
0.784
0.562
0.65
0.541
0.324
0.265
0.193
0.224
0.182
0.169
0.286
0.064
0.144
0.066
0.033
0.119
0.044
0.055
0.02
0.009
-0.052
-0.034
-0.04
0.051
-0.049
-0.006
-0.174
-0.055
-0.095
-0.135
0.196
0.319
0.304
0.455
0.589
0.72
0.63
0.51
0.449
0.583
0.421
0.251
0.169
0.598
0.652
0.791
0.853
0.759
0.775
0.434
0.199
0.324
0.521
0.725
0.644
0.62
0.698
0.568
0.366
0.253
0.175
0.155
0.021
-0.037
-0.043
0.083
0.03
-0.201
-0.113
-0.349
-0.491
-0.64
-0.657
-0.779
-0.971
-0.774
-0.906
-0.855
-0.739
-0.766
-0.656
-0.54
-0.515
-0.62
-0.64
-0.163
-0.349
-0.165
-0.276
-0.083
-0.004
-0.23
-0.29
-0.466
-0.598
-0.686
-0.92
-0.899
-0.589
-0.49
-0.568
-0.278
-0.408
-0.554
-0.417
-0.444
-0.26
-0.124
-0.291
-0.291
-0.005
-0.109
-0.215
-0.021
0.033
-0.024
-0.124
-0.221
-0.324
-0.196
-0.25
0.013
0.212
0.355
0.151
0.125
0.06
-0.036
-0.226
-0.116
-0.216
-0.253
-0.143
-0.024
-0.034
-0.11
-0.208
-0.118
0.066
-0.105
0.01
-0.014
-0.086
-0.149
-0.099
-0.214
-0.25
-0.33
-0.158
-0.036
-0.05
-0.01
-0.09
-0.039
0.034
0.013
-0.103
-0.285
-0.251
-0.234
-0.225
-0.451
-0.555
-0.51
-0.535
-0.385
-0.39
-0.195
-0.111
-0.263
-0.226
-0.194
-0.242
-0.059
0.22
0.445
0.301
0.291
0.206
0.092
0.046
0.196
0.064
0.18
0.285
0.568
0.7
0.681
0.576
0.761
0.693
0.863
1.061
1.174
1.199
1.261
1.319
1.255
1.188
1.134
1.256
1.136
0.981
0.86
0.789
0.693
0.621
0.495
0.445
0.55
0.868
0.625
0.306
0.445
0.512
0.565
0.454
0.421
0.608
0.49
0.131
-0.009
0.07
0.015
-0.1
-0.492
-0.305
-0.539
-0.301
-0.348
-0.438
-0.302
-0.253
-0.366
-0.323
-0.254
-0.12
-0.01
0.086
0.196
0.389
0.331
0.49
0.4
0.326
0.16
0.147
0.135
0.238
0.261
0.125
0.045
-0.145
-0.33
-0.429
-0.509
-0.391
-0.269
-0.311
-0.266
-0.018
-0.245
-0.18
-0.15
-0.297
-0.143
-0.055
-0.085
0.106
0.239
0.126
-0.074
-0.224
-0.158
-0.07
-0.164
0.004
-0.111
-0.152
-0.072
-0.03
0.029
0.164
0.25
0.233
0.224
0.49
0.54
0.619
0.624
0.621
0.532
0.41
0.475
0.545
0.642
0.499
0.35
0.158
0.07
-0.055
-0.326
-0.311
-0.247
-0.307
-0.309
-0.245
-0.258
-0.26
-0.005
0.265
0.182
-0.011
0.179
0.198
0.121
-10.336
0.189
0.105
0.095
0.075
0.036
-0.1
-0.089
-0.128
-0.118
-0.205
-0.104
0.055
0.072
0.152
0.084
0.289
0.294
0.241
0.413
0.355
0.398
0.29
0.384
0.316
0.193
0.339
0.176
0.156
0.049
0.096
0.297
0.302
0.291
0.268
0.367
0.156
0.021
-0.235
-0.417
-0.388
-0.345
-0.291
-0.325
0.146
0.147
0.15
-0.051
-0.203
-0.331
-0.121
-0.088
-0.165
-0.179
-0.323
-0.338
-0.351
-0.203
-0.143
-0.055
0.128
0.14
0.171
0.214
0.209
0.446
0.494
0.829
0.571
0.496
0.361
0.345
0.214
0.2
0.288
0.09
0.106
0.071
0.168
0.159
0.124
0.274
0.321
0.328
0.411
0.325
0.235
0.236
0.104
0.024
-0.024
-0.314
-0.354
-0.522
-0.404
-0.724
-0.76
-0.535
-0.647
-0.698
-0.6
-0.681
-0.534
-0.221
-0.193
-0.331
-0.016
0.079
-0.152
-0.201
-0.321
-0.394
-0.485
-0.247
-0.279
-0.034
-0.28
-0.265
-0.114
-0.085
0.035
-0.288
-0.158
0.126
-0.077
0.133
0.126
0.415
0.656
0.963
1.076
1.016
0.879
0.86
0.896
0.7
0.594
0.585
0.69
0.512
0.18
0.031
0.185
0.095
0.5
0.114
-0.06
-0.205
-0.256
-0.247
-0.296
-0.336
-0.304
-0.445
-0.409
-0.512
-0.565
-0.436
-0.532
-0.621
-0.508
-0.571
-0.316
-0.361
-0.205
-0.31
-0.367
-0.376
-0.161
-0.195
-0.244
-0.221
-0.14
-0.121
-0.181
-0.305
-0.351
-0.723
-0.796
-0.633
-0.474
-0.451
-0.346
-0.109
-0.088
-0.009
-0.18
-0.136
-0.062
0.143
0.122
0.403
0.654
0.367
0.505
0.271
0.035
-0.105
-0.121
-0.165
-0.116
-0.114
0.013
0.109
0.269
0.231
0.226
0.11
0.224
0.099
0.151
0.018
0.151
0.215
0.088
0.219
0.275
0.33
0.599
0.365
0.515
0.379
0.376
0.425
0.336
0.379
0.445
0.623
0.754
0.48
0.524
0.5
0.395
0.432
0.409
0.466
0.173
0.291
0.415
0.509
0.552
0.555
0.743
0.604
0.784
0.559
0.615
0.45
0.554
0.721
0.711
0.578
0.795
0.79
0.686
0.735
0.844
1.019
0.69
0.65
0.302
0.301
0.206
0.312
0.228
0.215
0.12
-0.13
-0.009
0.044
-0.052
0.12
0.025
0.09
-0.014
0.011
-0.185
-0.076
-0.164
-0.158
-0.233
-0.2
-0.296
-0.261
-0.11
-0.059
0.066
0.105
-0.151
-0.307
-0.312
-0.343
-0.221
-0.194
0.11
-0.146
-0.271
-0.415
-0.217
-0.133
-0.259
-0.05
-0.143
-0.14
-0.174
-0.054
0.106
-0.231
0.006
-0.304
-0.289
-0.458
-0.487
-0.455
-0.5
-0.556
-0.436
-0.239
-0.215
-0.201
-0.39
-0.536
-0.604
-0.52
-0.536
-0.621
-0.559
-0.539
-0.514
-0.642
-0.705
-0.849
-0.88
-0.966
-1.101
-1.234
-1.329
-1.529
-1.285
-1.191
-1.146
-0.955
-0.756
-0.835
-0.573
-0.966
-0.917
-1.029
-0.812
-0.785
-0.744
-0.859
-0.644
-0.701
-0.7
-0.619
-0.456
-0.305
-0.2
-0.261
-0.366
-0.226
-0.254
0.1
0.125
0.062
0.18
0.1
0.09
0.061
0.304
0.256
0.235
0.364
0.249
0.091
0.266
0.195
0.341
0.451
0.541
0.656
0.776
0.624
0.685
0.968
0.936
0.841
0.86
0.893
0.781
0.554
0.65
0.422
0.536
0.239
0.343
0.383
0.7
0.68
0.539
0.509
0.144
0.209
0.116
-0.019
-0.06
-0.14
-0.24
-0.136
-0.22
-0.275
-0.233
-0.1
0.113
0.105
0.161
0.054
0.547
0.413
0.416
0.573
0.693
0.914
0.899
1.01
1.309
1.275
1.229
1.116
1.193
1.208
1.3
1.406
1.46
1.302
1.281
1.264
0.95
0.834
0.869
0.721
0.555
0.295
0.284
-0.143
-0.118
-0.122
-0.011
-0.01
-0.092
-0.031
-0.251
-0.444
-0.506
-0.45
-0.515
-0.588
-0.705
-0.799
-0.841
-0.785
-0.662
-0.395
-0.399
-0.301
-0.331
-0.351
-0.263
-0.158
-0.125
-0.07
0.014
0.304
0.344
0.188
0.36
0.469
0.695
0.647
0.666
0.763
0.701
0.66
0.466
0.161
0.151
0.16
0.171
0.149
-0.113
-0.17
-0.288
-0.385
0.007
-0.356
-0.158
-0.155
-0.019
-0.06
-0.116
-0.118
0.003
-0.05
-0.149
-0.069
0.04
-0.014
0.111
0.051
10.332
10.332
0.375
0.331
0.367
0.357
0.512
0.323
0.173
0.255
0.321
0.406
0.421
0.589
0.515
0.605
0.545
0.606
0.266
0.176
0.059
0.147
0.22
0.54
0.552
0.524
0.75
0.765
0.76
0.609
0.58
0.39
0.199
-0.386
-0.451
-0.715
-0.635
-0.609
-0.519
-0.654
-0.55
-0.536
-0.649
-0.554
-0.496
-0.5
-0.611
-0.516
-0.71
-0.809
-0.938
-1.009
-0.846
-0.739
-0.324
-0.355
-0.206
-0.054
-0.134
-0.036
0.046
0.174
0.154
0.258
0.501
0.559
0.631
0.92
1.0
1.008
0.891
1.07
0.889
0.529
0.031
-0.065
-0.338
0.273
0.448
0.355
0.466
0.485
0.319
0.058
0.503
0.45
0.709
0.685
0.893
0.925
0.398
-0.116
-0.429
-0.416
-0.175
0.179
0.316
0.443
0.22
0.06
-0.254
-0.254
-0.386
-0.362
-0.743
-0.77
-0.755
-0.895
-0.96
-1.035
-0.948
-0.973
-0.815
-0.769
-0.83
-0.774
-0.765
-0.719
-0.74
-0.526
-0.434
-0.381
-0.38
-0.522
-0.456
-0.609
-0.556
-0.539
-0.769
-0.516
-0.58
-0.42
-0.429
-0.635
-0.309
-0.634
-0.545
-0.526
-0.591
-0.599
-0.785
-0.716
-0.73
-0.486
-0.517
-0.375
-0.417
-0.311
-0.351
-0.225
-0.04
-0.075
-0.065
0.039
0.388
0.482
0.581
0.649
0.549
0.642
0.601
0.571
0.487
0.72
0.635
0.594
0.359
0.35
0.486
0.398
0.38
0.279
0.024
-0.11
0.092
0.242
0.375
0.646
0.67
0.388
0.26
0.216
0.273
0.367
0.501
0.512
0.214
0.143
0.208
0.319
0.165
0.195
0.331
0.466
0.527
0.301
0.333
0.258
0.214
0.244
0.212
0.325
0.443
0.647
0.618
0.578
0.3
0.134
-0.092
-0.12
0.049
0.242
0.422
0.446
0.546
0.67
0.569
0.65
0.848
1.069
1.286
1.276
0.893
0.841
0.729
0.591
0.849
0.853
0.561
0.625
0.776
0.894
0.88
0.576
0.646
0.396
0.512
0.258
0.325
0.371
0.138
-0.021
0.003
-0.263
-0.356
-0.364
-0.209
-0.233
-0.366
-0.409
-0.494
-0.753
-0.86
-0.816
-0.566
-0.625
-0.524
-0.506
-0.374
-0.357
-0.219
-0.081
-0.025
-0.084
0.03
0.039
-0.034
0.024
-0.14
-0.006
-0.289
-0.301
-0.265
-0.286
-0.4
-0.451
-0.208
-0.185
-0.154
-0.059
-0.284
-0.381
-0.555
-0.674
-0.578
-0.661
-0.807
-0.749
-0.876
-0.966
-1.206
-1.226
-1.179
-1.09
-0.902
-0.87
-0.888
-0.917
-1.255
-1.405
-1.159
-1.23
-1.232
-1.364
-1.48
-1.296
-1.261
-1.093
-1.085
-0.799
-0.869
10.332
-0.948
-0.374
-0.161
-0.092
-0.004
0.174
0.549
0.844
0.795
1.034
0.959
0.93
0.838
0.719
0.87
0.988
0.94
0.936
0.889
1.034
0.971
0.618
0.871
0.681
0.58
0.634
0.588
0.7
0.554
0.504
0.464
0.566
0.51
0.596
0.691
0.694
0.879
0.906
0.81
0.836
0.686
0.642
0.575
0.723
0.701
0.676
0.619
0.641
0.641
0.45
0.425
0.251
0.372
0.051
0.118
0.136
-0.288
-0.029
0.011
-0.075
-0.079
-0.13
-0.357
-0.545
-0.535
-0.521
-0.479
-0.764
-0.948
-1.189
-1.129
-1.188
-1.295
-0.979
-0.991
-0.914
-0.978
-0.984
-0.981
-0.993
-1.044
-0.875
-0.95
-1.009
-1.167
-0.983
-0.986
-0.779
-0.743
-0.537
-0.326
-0.411
-0.357
-0.139
0.174
0.261
0.429
0.659
0.781
0.909
1.044
1.363
1.495
1.306
1.311
1.245
1.443
1.299
1.376
1.255
1.238
1.262
1.339
1.107
1.049
0.83
0.642
0.758
0.633
0.755
0.633
0.37
0.465
0.241
-0.155
-0.146
-0.189
-0.111
-0.058
-0.369
-0.339
-0.141
-0.278
-0.139
-0.024
0.118
0.236
0.225
0.36
0.527
0.83
0.93
1.07
1.252
1.203
1.195
1.336
1.413
1.454
1.389
1.491
1.394
1.25
1.395
1.38
1.466
1.416
1.465
1.394
1.49
1.616
1.575
1.404
1.304
1.184
1.356
1.465
1.367
1.14
1.176
0.844
0.631
0.521
0.506
0.449
0.285
0.311
0.249
0.171
0.013
0.084
-0.024
-0.14
-0.064
-0.058
0.04
-0.121
-0.056
-0.193
-0.056
-0.072
0.13
-0.086
-0.221
-0.309
-0.181
-0.525
-0.369
-0.309
-0.301
-0.231
-0.264
-0.285
-0.022
-0.168
0.104
0.266
0.294
0.411
0.302
0.275
0.369
0.517
0.672
0.807
0.774
0.745
0.766
0.669
0.888
0.772
0.811
1.036
1.009
0.84
0.672
10.332
10.332
0.316
0.312
0.139
0.099
-0.007
0.154
-0.031
0.029
-0.046
-0.225
-0.184
-0.206
-0.284
-0.228
-0.145
-0.169
-0.103
-0.025
-0.288
-0.35
-0.312
-0.155
-0.168
-0.362
-0.459
-0.497
-0.609
-0.537
-0.561
-0.497
-0.541
-0.657
-0.623
-0.436
-0.424
-0.39
-0.501
-0.574
-0.619
-0.343
-0.395
-0.333
-0.24
-0.279
-0.258
-0.122
-0.406
-0.249
-0.129
-0.14
-0.196
-0.351
-0.345
-0.263
-0.09
-0.036
0.079
0.105
-0.075
0.212
0.147
0.198
-0.003
0.06
-0.024
0.128
0.231
0.336
0.122
0.198
0.331
0.229
0.284
0.689
0.196
0.286
0.091
0.269
0.294
0.39
0.444
0.469
0.463
0.393
0.458
0.654
0.619
0.59
0.526
0.508
