-0.145
-0.059
-0.046
-0.051
0.0
0.086
0.045
0.306
0.326
0.426
0.579
0.795
0.915
0.794
0.8
0.574
0.454
0.324
0.265
0.291
0.069
-0.041
-0.072
-0.049
-0.165
-0.156
-0.341
-0.38
-0.585
-0.367
-0.305
-0.164
-0.383
-0.321
-0.115
-0.19
-0.129
-0.133
-0.029
-0.043
-0.09
-0.015
-0.019
-0.274
-0.131
-0.028
0.099
0.158
-0.021
0.043
-0.122
-0.076
0.003
0.001
0.074
0.105
0.134
0.096
0.191
0.374
0.35
0.223
0.289
0.3
0.126
0.16
-0.141
0.033
-0.1
-0.02
0.064
0.055
0.185
0.176
0.209
0.396
0.351
0.461
0.249
0.176
0.294
0.6
0.651
0.302
0.356
0.009
0.025
0.054
-0.091
-0.434
-0.556
-0.609
-0.685
-0.672
-0.469
-0.514
-0.585
-0.438
-0.41
-0.345
-0.422
-0.352
-0.432
-0.71
-0.552
-0.661
-0.474
-0.486
-0.522
-0.456
-0.388
-0.302
-0.371
-0.225
-0.343
-0.088
-0.31
-0.32
-0.367
-0.454
-0.497
-0.492
-0.552
-0.539
-0.656
-0.55
-0.48
-0.608
-0.805
-0.684
-0.703
-0.761
-0.758
-1.024
-0.858
-1.272
-1.155
-1.221
-1.304
-1.18
-1.17
-0.965
-0.907
-0.743
-0.719
-0.753
-0.781
-0.844
-0.995
-0.782
-0.65
-0.56
-0.378
-0.247
-0.099
-0.059
0.024
0.176
0.094
0.041
0.233
0.103
0.3
0.193
0.06
0.306
0.29
0.419
0.54
0.41
0.526
0.555
0.526
0.628
0.568
0.544
0.531
0.481
0.459
0.453
0.512
0.426
0.468
0.315
0.63
0.299
0.269
0.199
0.199
0.286
0.365
0.276
0.519
0.406
0.48
0.521
0.415
0.546
0.489
0.723
0.608
0.701
0.86
0.869
0.905
1.052
1.04
0.811
0.893
0.99
1.026
1.075
0.859
0.901
0.849
0.82
0.939
1.002
0.951
0.943
1.065
0.905
0.796
0.589
0.606
0.62
0.466
0.336
0.334
0.158
0.184
0.074
0.11
0.056
0.3
0.044
0.214
0.231
0.158
0.2
0.133
0.261
0.301
0.64
0.499
0.642
0.651
0.599
0.688
0.571
0.474
0.375
0.341
0.256
0.215
0.076
-0.169
-0.104
-0.194
-0.324
-0.258
-0.415
-0.465
-0.604
-0.45
-0.217
-0.186
-0.118
-0.177
-0.045
0.0
0.036
-0.05
-0.242
-0.376
-0.321
-0.336
-0.357
-0.408
-0.521
-0.36
-0.304
-0.196
-0.346
-0.116
-0.351
-0.266
-0.38
-0.393
-0.297
-0.241
-0.196
-0.265
-0.231
-0.33
-0.393
-0.249
-0.279
-0.508
-0.458
-0.22
-0.043
-0.217
-0.196
-0.14
-0.005
0.118
0.165
0.301
0.208
0.334
0.409
0.53
0.427
0.365
0.608
0.579
0.672
0.844
0.895
1.019
1.061
1.103
1.136
0.986
0.875
0.856
0.936
0.873
0.846
0.745
0.674
0.904
0.7
0.81
0.589
0.729
0.616
0.615
0.435
0.449
0.341
0.107
0.019
-0.021
0.104
0.147
0.019
0.005
-0.144
-0.206
-0.304
-0.414
-0.561
-0.621
-0.578
-0.594
-0.401
-0.386
-0.346
-0.128
-0.12
-0.083
-0.245
-0.276
-0.359
-0.411
-0.432
-0.629
-0.723
-0.549
-0.529
-0.315
-0.299
-0.367
-0.349
-0.436
-0.31
-0.348
-0.339
-0.311
-0.25
-0.113
-0.089
0.17
-0.276
-0.168
-0.281
-0.302
-0.158
-0.182
-0.226
-0.374
-0.365
-0.051
-0.005
0.27
0.375
0.526
0.681
1.028
1.088
1.238
1.425
1.347
1.45
1.331
1.29
1.353
1.294
1.569
1.782
1.841
1.736
1.756
1.74
1.603
1.484
1.383
1.356
1.309
1.183
1.016
1.025
0.329
0.836
0.688
0.599
0.517
0.626
0.714
0.564
0.439
0.146
0.546
0.216
0.241
0.131
0.07
-0.025
-0.216
-0.334
-0.468
-0.336
-0.481
-0.478
-0.381
-0.348
-0.4
-0.38
-0.562
-0.499
-0.599
-0.517
-0.591
-0.547
-0.625
-0.677
-0.693
-0.676
-0.709
-0.662
-0.669
-0.667
-0.816
-0.67
-0.639
-0.651
-0.609
-0.741
-0.927
-0.93
-0.846
-0.785
-0.82
-0.799
-0.853
-0.874
-0.93
-1.031
-1.005
-0.963
-0.775
-0.719
-0.431
-0.521
-0.438
-0.393
-0.439
-0.461
-0.524
-0.291
-0.309
-0.115
-0.052
0.025
0.165
0.171
0.226
0.128
0.233
0.043
0.089
-0.028
0.065
0.08
0.103
0.133
-0.036
-0.139
-0.2
-0.45
-0.458
-0.6
-0.61
-0.614
-0.508
-0.509
-0.429
-0.33
-0.344
-0.532
-0.43
-0.41
-0.527
-0.529
-0.47
-0.512
-0.5
-0.546
-0.43
-0.246
-0.294
-0.312
0.036
-0.104
0.014
-0.12
0.005
0.029
0.226
0.216
0.271
0.47
0.677
0.812
0.725
0.765
0.738
0.796
0.801
0.821
0.896
0.926
0.94
0.98
0.991
0.945
0.909
0.797
0.868
0.77
0.652
0.579
0.139
0.104
-0.166
-0.268
-0.47
-0.608
-0.63
-0.69
-0.671
-0.735
-0.787
-0.81
-0.828
-0.784
-0.821
-0.929
-0.86
-0.916
-0.861
-0.991
-0.709
-0.81
-0.799
-0.901
-0.699
-0.608
-0.45
-0.374
-0.427
-0.439
-0.58
-0.436
-0.229
-0.099
-0.022
0.133
0.413
0.244
0.175
0.263
0.398
0.289
0.393
0.381
0.448
0.618
0.608
0.571
0.576
0.655
0.786
0.691
0.569
0.463
0.546
0.726
0.799
0.781
0.879
0.897
1.005
0.993
0.883
0.965
1.005
0.958
0.753
0.654
0.564
0.455
0.52
0.254
0.388
0.23
0.234
0.193
0.129
0.101
0.026
-0.031
0.174
0.186
0.362
0.31
0.314
0.345
0.15
0.174
0.001
0.155
0.169
0.036
-0.181
-0.333
-0.42
-0.596
-0.479
-0.52
-0.62
-0.591
-0.716
-0.646
-0.666
-0.544
-0.44
-0.362
-0.522
-0.651
-0.775
-0.841
-0.82
-0.818
-0.824
-0.855
-0.814
-0.804
-0.854
-0.83
-0.786
-0.766
-0.552
-0.652
-0.706
-0.714
-0.755
-0.796
-0.784
-0.706
-0.804
-0.705
-0.654
-0.571
-0.474
-0.401
-0.314
-0.239
-0.236
-0.064
-0.099
-0.029
0.161
0.128
0.326
0.465
0.4
0.343
0.294
0.484
0.416
0.388
0.506
0.372
0.425
0.425
0.381
0.422
0.283
0.274
0.348
0.458
0.539
0.505
0.555
0.556
0.51
0.554
0.375
0.362
0.375
0.31
0.568
0.334
0.307
0.24
0.176
0.415
0.201
0.256
-0.019
0.131
-0.028
-0.212
-0.318
-0.279
-0.18
-0.309
-0.316
-0.32
-0.15
-0.166
-0.228
-0.238
-0.173
-0.208
-0.139
-0.179
-0.14
-0.096
-0.024
-0.145
-0.275
-0.091
0.056
0.191
0.286
0.288
0.265
0.306
0.468
0.589
0.496
0.599
0.56
0.565
0.454
0.41
0.285
0.339
0.307
0.371
0.48
0.111
0.1
0.001
0.055
0.036
-0.176
-0.145
-0.235
-0.301
-0.122
-0.155
-0.134
-0.155
0.041
-0.021
-0.145
0.085
0.18
0.219
-0.01
0.069
0.029
0.015
0.014
0.101
0.273
0.242
0.381
0.4
0.426
0.529
0.422
0.274
0.12
0.184
0.052
0.07
-0.058
0.046
0.001
-0.115
-0.129
-0.055
-0.133
-0.177
-0.314
-0.403
-0.386
-0.509
-0.574
-0.616
-0.82
-0.596
-0.504
-0.446
-0.484
-0.542
-0.756
-0.701
-0.801
-0.699
-0.626
-0.591
-0.705
-0.594
-0.411
-0.484
-0.484
-0.478
-0.495
-0.616
-0.562
-0.45
-0.521
-0.503
-0.645
-0.545
-0.524
-0.492
-0.357
-0.413
-0.217
-0.115
0.066
0.161
0.231
0.383
0.301
0.398
0.573
0.601
0.652
0.583
0.695
0.689
0.856
1.068
1.244
1.17
1.373
1.143
1.161
1.165
1.073
1.171
1.137
1.09
1.123
1.126
1.075
1.075
1.014
0.866
0.769
0.735
0.775
0.786
0.688
0.639
0.481
0.47
0.3
0.049
-0.014
-0.217
-0.196
-0.304
-0.474
-0.454
-0.326
-0.364
-0.286
-0.366
-0.301
-0.399
-0.354
-0.362
-0.589
-0.662
-0.78
-0.863
-0.809
-0.916
-0.97
-0.97
-1.064
-1.088
-1.13
-1.302
-1.153
-1.066
-1.081
-0.927
-0.828
-0.799
-0.682
-0.599
-0.636
-0.5
-0.37
-0.13
0.054
0.14
0.176
0.361
0.352
0.343
0.551
0.609
0.662
0.713
0.682
0.586
0.574
0.588
0.496
0.615
0.524
0.52
0.611
0.521
0.378
0.289
0.302
0.026
0.154
0.075
0.107
0.151
0.095
0.095
0.122
0.208
0.175
0.196
-0.024
-0.06
-0.135
-0.276
-0.253
-0.516
-0.508
-0.481
-0.454
-0.515
-0.439
-0.42
-0.448
-0.398
-0.554
-0.584
-0.65
-0.745
-0.665
-0.689
-0.649
-0.755
-0.581
-0.667
-0.584
-0.634
-0.625
-0.564
-0.614
-0.614
-0.688
-0.647
-0.746
-0.744
-0.659
-0.64
-0.666
-0.723
-0.635
-0.573
-0.547
-0.361
-0.411
-0.345
-0.16
-0.141
-0.095
-0.083
-0.076
0.01
-0.15
-10.336
-0.304
-0.492
-0.233
-0.176
-0.114
0.124
0.051
0.191
0.22
0.372
0.355
0.357
0.39
0.173
-0.173
-0.294
-0.444
-0.335
-0.485
-0.496
-0.51
-0.718
-0.8
-0.866
-0.775
-0.934
-0.849
-0.861
-0.849
-1.068
-1.238
-1.173
-1.222
-1.143
-1.038
-0.974
-0.828
-0.816
-0.614
-0.525
-0.478
-0.414
-0.319
-0.335
-0.44
-0.454
-0.389
-0.316
-0.081
0.011
0.152
0.145
0.395
0.32
0.266
0.325
0.126
0.174
0.139
0.177
0.085
-0.001
0.145
0.206
0.114
0.035
-0.049
0.024
-0.034
-0.36
-0.095
-0.225
-0.045
0.092
-0.004
0.004
-0.199
-0.179
-0.316
-0.3
-0.481
-0.473
-0.364
-0.31
-0.254
-0.046
0.026
0.134
0.131
0.16
0.438
0.375
0.519
0.394
0.417
0.501
0.333
0.236
0.169
0.238
0.182
-0.12
-0.147
-0.138
-0.241
-0.301
-0.408
-0.43
-0.413
-0.344
-0.354
-0.408
-0.336
-0.386
-0.27
-0.194
-0.144
-0.083
-0.039
0.0
0.124
0.182
0.279
0.26
0.163
0.461
0.427
0.406
0.455
0.393
0.364
0.311
0.316
0.381
0.35
0.6
0.463
0.478
0.455
0.555
0.569
0.573
0.67
0.509
0.367
0.246
0.12
0.264
0.212
0.315
0.284
0.29
0.522
0.436
0.234
0.08
0.089
0.092
0.263
0.096
0.238
0.295
0.249
0.27
-10.336
0.133
0.164
0.258
0.201
-0.003
0.069
-0.114
-0.145
-0.125
-0.271
-0.056
-0.009
-0.085
-0.014
0.091
0.072
0.014
0.007
-0.08
-0.054
-0.004
-0.046
0.124
0.055
-0.03
-0.09
-0.109
-0.007
0.036
0.271
0.175
0.075
0.107
0.006
-0.019
-0.025
0.011
0.095
0.21
0.071
0.036
-0.039
0.051
0.026
0.319
0.156
0.015
0.021
0.021
-0.08
-0.169
-0.12
-0.468
-0.458
-0.537
-0.704
-0.664
-0.708
-0.735
-0.753
-0.812
-0.875
-0.786
-0.606
-0.79
-0.733
-0.84
-0.629
-0.728
-0.621
-0.474
-0.375
-0.401
-0.33
-0.275
-0.238
-0.547
-0.265
-0.482
-0.374
-0.409
-0.441
-0.396
-0.31
-0.195
-0.031
0.103
0.219
0.275
0.058
0.11
0.084
0.268
0.38
0.273
0.296
0.544
0.589
0.801
0.922
1.078
1.164
1.347
1.328
1.453
1.272
1.146
1.109
1.099
1.011
0.95
0.969
0.883
0.876
0.916
0.843
0.906
1.011
0.904
0.844
0.951
0.983
1.06
1.06
0.963
0.907
0.836
0.841
1.051
0.823
0.736
0.72
0.566
0.588
0.625
0.593
0.514
0.482
0.379
0.12
-0.015
0.281
0.274
0.146
0.149
0.217
0.195
0.174
0.139
0.168
0.279
0.203
0.062
-0.001
-0.034
-0.014
-0.043
-0.083
-0.022
0.039
0.054
0.049
-0.072
-0.2
-0.23
-0.4
-0.256
-0.221
-0.159
-0.106
-0.203
-0.135
-0.184
-0.261
-0.348
-0.366
-0.289
-0.182
-0.214
-0.217
-0.318
-0.269
-0.285
-0.297
-0.386
-0.415
-0.603
-0.505
-0.542
-0.772
-0.772
-0.703
-0.729
-0.677
-0.58
-0.759
-0.735
-0.649
-0.552
-0.473
-0.419
-0.286
-0.316
-0.244
-0.18
-0.085
-0.062
-0.214
0.04
0.113
0.246
0.133
-0.037
0.103
-0.035
-0.035
-0.115
-0.014
-0.133
-0.296
-0.24
-0.092
-0.152
-0.2
-0.171
-0.089
-0.109
-0.011
0.143
0.144
0.321
0.338
0.219
0.265
0.199
0.214
0.072
0.11
0.269
0.013
0.031
-0.034
-0.046
0.116
-0.016
-0.111
-0.21
-0.154
-0.105
-0.233
-0.135
-0.191
-0.175
-0.085
-0.092
0.104
0.134
0.247
0.044
0.245
-0.049
-0.054
0.191
0.27
0.149
0.125
0.105
0.138
0.103
-0.079
0.0
0.005
0.054
-0.036
0.081
0.085
-0.094
-0.061
-0.085
-0.05
-0.088
0.083
-0.088
0.025
0.022
0.145
0.061
0.291
0.155
-0.044
0.126
0.086
0.115
0.236
0.251
0.239
0.144
0.31
0.404
0.333
0.351
0.466
0.425
0.562
0.511
0.557
0.677
0.521
0.566
0.263
0.295
0.284
0.406
0.383
0.285
0.413
0.424
0.596
0.571
0.541
0.268
0.302
0.18
0.083
0.01
0.125
0.06
0.055
0.29
0.31
0.2
0.279
0.215
0.224
0.288
0.335
0.297
0.2
0.296
0.084
0.029
0.044
0.056
0.194
0.176
0.076
-0.103
-0.136
-0.02
0.043
0.269
-0.04
-0.088
-0.103
-0.144
-0.228
-0.286
-0.263
-0.274
-0.274
-0.32
-0.259
-0.316
-0.269
-0.198
-0.291
-0.186
-0.225
-0.134
-10.336
-10.336
-10.336
-0.422
-0.38
-0.212
-0.223
-0.244
-0.104
-0.242
-0.114
-0.104
-0.219
-0.249
-0.195
-0.23
-0.374
-0.454
-0.37
-0.235
-0.466
-0.461
-0.354
-0.376
-0.253
-0.375
-0.236
-0.092
-0.074
0.118
-0.024
0.004
-0.066
-0.098
0.071
0.041
0.146
0.138
0.125
0.098
0.159
0.158
0.223
0.275
0.256
0.376
0.306
0.325
0.385
0.367
0.393
0.366
0.432
0.458
0.434
0.376
0.311
0.37
0.388
0.325
0.344
0.315
0.292
0.203
0.054
-0.015
-0.055
-0.125
-0.203
-0.2
-0.471
-0.414
-0.41
-0.57
-0.479
-0.356
-0.369
-0.356
-0.426
-0.554
-0.506
-0.625
-0.455
-0.547
-0.469
-0.441
-0.51
-0.537
-0.628
-0.556
-0.571
-0.573
-0.556
-0.588
-0.581
-0.659
-0.72
-0.789
-0.88
-0.885
-0.926
-0.846
-0.925
-0.814
-0.964
-0.94
-0.98
-0.93
-0.948
-0.83
-0.826
-0.814
-0.699
-0.733
-0.667
-0.57
-0.481
-0.324
-0.415
-0.27
-0.514
-0.432
-0.4
-0.269
-0.255
-0.285
-0.212
-0.125
-0.15
-0.146
-0.049
0.051
-0.001
0.025
0.154
0.185
0.215
0.203
0.191
0.081
0.071
0.16
0.208
0.203
0.3
0.364
0.348
0.464
0.385
0.455
0.455
-1.637
0.49
0.446
0.463
0.556
0.559
0.519
0.466
0.495
0.404
0.417
0.506
0.413
0.359
0.295
0.261
0.253
0.239
0.4
0.206
0.176
0.242
0.333
0.326
0.348
0.389
0.425
0.482
0.468
0.438
0.431
0.404
0.364
0.366
0.349
0.281
0.305
0.234
0.179
0.113
0.126
0.075
0.045
0.02
0.031
-0.05
-0.055
-0.111
-0.212
-0.217
-0.256
-0.333
-0.422
-0.386
-0.39
-0.435
-0.422
-0.454
-0.49
-0.53
-0.48
-0.468
-0.509
-0.501
-0.495
-0.463
-0.496
-0.419
-0.329
-0.501
-0.537
-0.491
-0.455
-0.451
-0.31
-0.276
-0.226
-0.19
-0.206
-0.185
-0.209
-0.168
-0.171
-0.249
-0.193
-0.304
-0.212
-0.221
-0.143
-0.13
-0.131
-0.12
-0.103
-0.072
-0.166
-0.155
-0.122
-0.149
-0.186
-0.268
-0.274
-0.29
-0.304
-0.39
-0.411
-0.404
-0.321
-0.331
-0.314
-0.27
-0.304
-0.2
-0.209
-0.186
-0.181
-0.163
-0.249
-0.297
-0.122
-0.193
-0.253
-0.226
-0.226
-0.198
-0.201
-0.228
-0.21
-0.247
-0.184
-0.225
-0.154
-0.125
-0.181
-0.12
-0.099
-0.041
0.033
0.071
0.116
0.139
0.195
0.223
0.281
0.274
0.307
0.284
0.28
0.348
0.305
0.32
0.314
0.381
0.284
0.271
0.231
0.185
0.124
0.074
-0.004
-0.074
-0.125
-0.085
-0.144
-0.166
-0.189
-0.265
-0.246
-0.143
-0.161
-0.264
-0.312
-0.193
-0.155
-0.188
-0.173
-0.231
-0.107
-0.159
-0.216
-0.21
-0.268
-0.22
-0.195
-0.179
-0.203
-0.228
-0.161
-0.23
-0.174
-0.139
-0.113
-0.04
0.005
0.039
-0.011
0.026
0.031
0.004
-0.024
0.005
0.04
0.045
0.05
0.051
0.051
0.104
0.065
0.089
0.021
0.064
0.02
0.084
0.039
0.022
0.007
0.01
-0.04
-0.099
0.054
-0.096
-0.159
-0.074
-0.072
-0.031
-0.025
0.044
0.196
0.128
0.141
0.133
0.245
0.198
0.226
0.246
0.323
0.268
0.268
0.349
0.311
0.27
0.235
0.242
0.354
0.274
0.307
0.269
0.345
0.208
0.166
0.23
0.217
0.266
0.166
0.215
0.206
0.171
0.244
0.177
0.145
0.141
0.092
0.129
0.092
0.113
0.103
0.109
0.154
0.168
0.149
0.039
-0.044
0.001
0.004
-0.033
-0.034
-0.169
-0.138
-0.189
-0.244
-0.247
-0.356
-0.329
-0.396
-0.375
-0.436
-0.424
-0.449
-0.54
-0.469
-0.456
-0.435
-0.468
-0.403
-0.399
-0.362
-0.325
-0.297
-0.266
-0.295
-0.214
-0.295
-0.295
-0.28
-0.325
-0.331
-0.294
-0.254
-0.253
-0.276
-0.269
-0.29
-0.283
-0.247
-0.357
-0.35
-0.341
-0.424
-0.451
-0.296
-0.411
-0.506
-0.411
-0.366
-0.362
-0.379
-0.359
-0.4
-0.329
-0.364
-0.3
-0.246
-0.23
-0.133
-0.212
-0.114
-0.171
-0.12
-0.056
-0.115
-0.018
-0.016
0.022
-0.071
-0.043
-0.051
-0.059
0.021
0.019
0.028
0.048
0.043
0.103
0.075
0.106
0.152
0.139
0.151
0.155
0.095
0.129
0.106
0.161
0.119
0.055
0.074
0.092
0.015
0.058
0.035
-0.098
-0.18
-0.134
-0.159
-0.16
-0.152
-0.111
-0.084
-0.114
-0.077
-0.092
-0.054
-0.09
-0.075
-0.092
-0.106
-0.064
-0.086
-0.044
-0.098
-0.056
-0.021
0.024
0.085
0.061
0.135
0.141
0.171
0.161
0.145
0.196
0.18
0.208
0.205
0.158
0.139
0.113
0.095
0.09
0.054
0.069
0.092
0.077
0.024
-0.019
-0.026
-0.019
-0.058
-0.116
-0.024
-0.185
-0.205
-0.154
-0.128
-0.229
-0.141
-0.11
-0.133
-0.095
-0.116
-0.075
-0.04
0.001
0.041
-0.014
0.09
0.059
0.135
0.061
0.064
0.04
0.14
0.16
0.146
0.143
0.089
0.128
0.122
0.174
0.208
0.228
0.286
0.266
0.245
0.199
0.163
0.158
0.054
0.13
0.05
0.061
0.056
-0.025
-0.101
-0.165
-0.22
-0.18
-0.191
-0.071
-0.25
-0.314
-0.291
-0.305
-0.275
-0.26
-0.304
-0.247
-0.302
-0.261
-0.291
-0.258
-0.23
-0.241
-0.12
-0.223
-0.189
-0.184
-0.196
-0.166
-0.147
-0.1
-0.07
-0.004
-0.07
-0.052
-0.059
-0.043
0.021
-0.026
0.048
0.022
0.034
0.051
0.056
0.022
0.04
0.043
0.039
0.054
-0.03
0.014
0.03
0.043
-0.018
0.022
0.013
0.036
0.003
-0.104
-0.175
-0.253
-0.263
-0.286
-0.256
-0.276
-0.236
-0.324
-0.339
-0.396
-0.438
-0.4
-0.339
-0.349
-0.364
-0.326
-0.432
-0.346
-0.294
-0.299
-0.306
-0.391
-0.331
-0.357
-0.323
-0.36
-0.299
-0.186
-0.186
-0.134
-0.152
-0.069
-0.01
0.011
0.02
0.079
0.101
0.083
0.059
0.035
0.001
0.046
0.056
0.07
0.065
0.051
0.045
0.083
0.066
0.194
0.113
-0.051
-0.054
-0.066
-0.034
-0.072
-0.058
-0.021
-0.003
0.037
0.01
0.05
0.031
0.039
0.051
0.006
-0.034
-0.079
-0.106
-0.163
-0.234
-0.185
-0.235
-0.292
-0.316
-0.22
-0.351
-0.269
-0.25
-0.235
-0.319
-0.331
-0.334
-0.405
-0.383
-0.443
-0.478
-0.435
-0.404
-0.326
-0.381
-0.359
-0.351
-0.354
-0.366
-0.413
-0.419
-0.393
-0.41
-0.494
-0.391
-0.546
-0.545
-0.49
-0.458
-0.399
-0.416
-0.357
-0.356
-0.321
-0.324
-0.325
-0.166
-0.212
-0.145
-0.16
-0.2
-0.058
-0.09
0.033
0.059
0.143
0.143
0.19
0.278
0.24
0.33
0.306
0.359
0.398
0.312
0.319
0.334
0.427
0.425
0.448
0.427
0.503
0.5
0.494
0.453
0.448
0.432
0.426
0.361
0.323
0.274
0.274
0.251
0.175
0.264
0.081
0.107
0.103
0.061
0.028
-0.04
-0.024
-0.005
-0.031
-0.034
-0.09
-0.077
-0.098
-0.139
-0.154
-0.216
-0.168
-0.177
-0.239
-0.261
-0.266
-0.24
-0.314
-0.294
-0.306
-0.307
-0.26
-0.29
-0.236
-0.283
-0.258
-0.209
-0.221
-0.177
-0.216
-0.229
-0.21
-0.228
-0.271
-0.228
-0.284
-0.271
-0.302
-0.344
-0.362
-0.417
-0.375
-0.37
-0.438
-0.263
-0.481
-0.386
-0.395
-0.357
-0.338
-0.338
-0.258
-0.314
-0.26
-0.246
-0.226
-0.11
-0.174
-0.064
-0.249
-0.193
-0.135
-0.103
-0.059
-0.139
-0.065
-0.054
-0.013
0.006
-0.007
0.098
0.119
0.151
0.088
0.128
0.085
0.163
0.198
0.189
0.225
0.224
0.291
0.209
0.266
0.191
0.191
0.194
0.16
0.18
0.15
0.138
0.164
0.156
0.081
0.191
0.028
0.059
0.056
0.033
0.036
0.015
0.03
0.037
0.013
-0.166
-0.016
0.026
0.007
0.01
