-0.033
-0.134
-0.024
-0.099
0.241
0.324
0.265
0.259
0.361
0.386
0.217
0.179
0.029
0.021
0.099
0.043
0.122
0.329
0.349
0.29
0.203
0.263
0.131
-0.003
-0.143
-0.443
-0.341
-0.386
-0.291
-0.205
-0.451
-0.652
-0.851
-1.061
-1.147
-1.131
-1.137
-1.196
-1.306
-1.145
-1.241
-1.195
-1.214
-1.093
-1.07
-1.196
-1.13
-1.028
-1.016
-1.056
-0.894
-0.81
-0.841
-0.964
-1.039
-1.001
-0.988
-0.897
-0.753
-0.751
-0.599
-0.655
-0.504
-0.486
-0.608
-0.733
-0.588
-0.386
-0.335
-0.261
-0.147
-0.161
-0.251
-0.388
-0.588
-0.591
-0.638
-0.318
-0.324
-0.155
-0.458
-0.519
-0.314
-0.22
-0.396
-0.22
-0.274
-0.058
-0.118
-0.004
0.116
0.039
0.249
0.085
0.24
0.357
0.41
0.4
0.444
0.585
0.509
0.408
0.5
0.52
0.579
0.864
0.532
0.517
0.544
0.531
0.469
0.578
0.445
0.39
0.367
0.247
0.114
0.007
-0.189
-0.234
-0.198
-0.046
-0.427
-0.515
-0.662
-0.766
-0.855
-0.858
-0.976
-0.931
-1.116
-1.401
-1.201
-1.208
-1.186
-1.048
-0.926
-1.055
-0.856
-0.91
-0.897
-0.749
-0.759
-0.838
-0.829
-0.677
-0.662
-0.36
-0.107
-0.136
0.024
-0.146
-0.144
-0.265
-0.146
-0.019
-0.036
0.147
0.046
0.163
0.198
0.263
0.365
0.302
0.265
0.316
0.449
0.53
0.398
0.285
-0.164
0.101
0.083
0.116
-0.034
-0.233
-0.044
-0.175
-0.234
-0.036
-0.215
-0.081
-0.022
0.02
0.076
0.069
-0.143
-0.1
-0.143
-0.15
-0.072
-0.065
0.013
0.064
0.094
0.126
-0.077
-0.166
-0.28
-0.453
-0.614
-0.629
-0.657
-0.611
-0.58
-0.517
-0.449
-0.503
-0.463
-0.606
-0.424
-0.355
-0.182
-0.175
-0.239
-0.249
-0.273
-0.085
-0.292
-0.203
0.006
0.118
0.409
0.395
0.527
0.471
0.555
0.759
0.549
0.505
0.645
0.546
0.576
0.581
0.656
0.47
0.508
0.508
0.441
0.551
0.578
0.576
0.432
0.461
0.352
0.372
0.291
0.401
0.4
0.316
0.17
0.098
0.281
0.118
0.209
0.215
0.238
0.416
0.556
0.559
0.338
0.223
0.28
0.396
0.408
0.335
0.261
0.32
0.305
0.321
0.463
0.435
0.449
0.431
0.393
0.478
0.406
0.334
0.185
0.514
0.16
0.291
0.421
0.19
0.168
0.269
0.156
0.11
0.07
0.106
0.094
0.076
0.06
0.166
-0.029
-0.049
-0.035
-0.116
0.061
0.193
0.233
0.25
0.465
0.468
0.568
0.655
0.709
0.743
0.672
0.724
0.506
0.432
0.644
0.574
0.628
0.46
0.509
0.474
0.42
0.309
0.324
0.315
0.134
0.13
0.08
-0.02
0.045
0.114
0.021
0.044
0.041
-0.003
-0.118
-0.158
-0.198
-0.163
-0.181
-0.133
-0.055
0.069
-0.077
-0.138
0.052
-0.166
-0.25
-0.247
-0.131
-0.046
0.074
0.19
-0.055
0.122
0.179
0.065
0.321
0.261
0.413
0.176
0.375
0.419
0.496
0.566
0.43
0.404
0.311
0.198
0.283
0.348
0.354
0.375
0.376
0.434
0.519
0.576
0.516
0.35
0.311
0.326
0.139
0.225
-0.152
0.133
-0.005
0.229
0.231
0.19
0.085
0.021
0.1
0.055
0.069
-0.092
0.259
0.41
0.44
0.44
0.389
0.611
0.515
0.448
0.362
0.217
0.079
0.208
0.318
0.506
0.62
0.774
0.823
0.628
0.676
0.787
0.725
0.645
0.496
0.595
0.664
0.631
0.552
0.51
0.564
0.595
0.565
0.519
0.629
0.684
0.568
0.631
0.443
0.231
0.351
0.231
0.059
0.084
-0.072
0.005
0.106
0.196
0.355
0.356
0.403
0.096
0.296
0.372
0.534
0.686
0.741
0.766
0.821
0.834
0.738
0.706
0.795
0.777
0.724
0.654
0.776
0.631
0.823
0.907
0.932
0.801
0.765
0.84
0.949
1.015
1.167
1.201
0.981
0.92
0.9
0.873
0.753
0.544
0.302
0.334
0.247
0.231
0.107
0.338
0.214
0.064
-0.194
-0.139
-0.294
-0.271
-0.09
-0.238
-0.219
0.004
0.275
0.334
0.475
0.393
0.401
0.649
0.657
0.853
0.958
0.652
0.68
0.824
0.791
0.753
1.015
1.054
1.21
1.13
1.155
1.008
0.865
0.906
0.691
0.695
0.49
0.596
0.339
0.163
0.059
-0.075
-0.104
-0.221
-0.527
-0.806
-0.795
-0.779
-0.72
-0.657
-0.829
-0.93
-0.879
-1.2
-1.05
-1.117
-1.144
-1.231
-1.041
-1.0
-0.812
-0.575
-0.546
-0.46
-0.066
0.02
0.085
-0.134
0.014
-0.185
0.124
0.088
0.14
0.231
0.328
0.334
0.451
0.459
0.375
0.566
0.667
0.415
0.345
0.177
0.22
0.234
0.352
0.527
0.426
0.217
0.193
0.131
0.122
0.036
0.007
-0.088
-0.1
-0.149
0.052
0.143
-0.015
-0.049
-0.071
-0.111
-0.174
-0.09
-0.156
-0.05
0.228
0.288
0.535
0.67
0.846
0.75
0.729
0.55
0.605
0.494
0.526
0.651
0.686
0.554
0.438
0.435
0.326
0.416
0.422
0.555
0.516
0.463
0.335
0.149
0.091
0.155
0.072
-0.084
-0.186
-0.338
-0.292
-0.234
-0.175
-0.378
-0.245
-0.138
-0.223
-0.499
-0.524
-0.708
-0.777
-0.784
-0.83
-0.906
-0.654
-0.774
-0.856
-0.929
-1.028
-1.044
-0.978
-0.866
-0.82
-0.941
-1.006
-0.988
-1.029
-0.971
-1.134
-1.228
-1.423
-1.415
-1.558
-1.498
-1.598
-1.704
-1.56
-1.701
-1.67
-1.728
-1.576
-1.611
-1.616
-1.574
-1.629
-1.509
-1.478
-1.369
-1.361
-1.396
-1.238
-1.285
-1.214
-1.104
-0.905
-0.994
-0.716
-0.596
-0.559
-0.525
-0.384
-0.249
-0.19
0.061
0.118
0.065
0.103
0.059
0.035
0.203
0.259
0.389
0.537
0.545
0.439
0.31
0.344
0.469
0.536
0.458
0.497
0.599
0.54
0.501
0.524
0.405
0.459
0.438
0.292
0.26
0.214
0.274
0.26
0.399
0.27
0.286
0.064
-0.169
-0.212
-0.393
-0.376
-0.389
-0.512
-0.549
-0.542
-0.588
-0.585
-0.718
-0.792
-1.055
-1.129
-1.058
-1.136
-1.221
-0.988
-1.084
-1.14
-0.922
-0.899
-0.915
-0.886
-0.826
-0.779
-0.644
-0.552
-0.489
-0.333
-0.22
-0.231
-0.12
-0.173
0.163
0.119
-0.111
-0.136
-0.084
-0.111
-0.18
-0.179
-0.316
0.074
-0.007
-0.122
-0.193
-0.364
-0.103
0.083
0.138
0.182
0.168
0.208
0.079
0.179
0.281
0.336
0.478
0.465
0.474
0.514
0.48
0.436
0.514
0.521
0.718
0.741
0.464
0.278
0.334
0.089
0.16
0.039
-0.085
0.021
0.083
-0.056
-0.025
-0.19
-0.158
-0.23
-0.224
-0.206
-0.196
-0.194
-0.247
-0.145
0.015
0.116
0.09
0.029
-0.021
0.113
0.054
0.009
0.058
-0.045
-0.072
-0.096
-0.259
-0.14
-0.266
-0.139
-0.083
0.113
0.055
0.077
0.079
0.009
0.095
0.18
0.184
0.292
0.37
0.221
0.231
0.478
0.266
0.173
-0.136
0.001
0.176
0.289
0.198
0.334
0.23
0.259
0.468
0.626
0.45
0.334
0.141
-0.096
0.001
-0.143
-0.006
0.01
0.114
0.336
0.424
0.594
0.367
0.489
0.495
0.374
0.316
0.338
0.485
0.411
0.23
0.158
0.195
0.265
0.096
0.16
0.195
0.128
0.115
0.18
0.138
0.075
0.13
0.224
-0.009
0.01
0.021
0.026
-0.091
-0.195
-0.152
-0.179
-0.03
0.03
-0.111
-0.121
-0.179
-0.223
-0.119
-0.244
-0.445
-0.253
-0.223
-0.249
-0.32
-0.203
-0.031
-0.104
-0.229
-0.265
-0.333
-0.253
-0.307
-0.189
-0.196
-0.284
-0.259
-0.264
-0.119
-0.239
-0.105
-0.026
-0.02
0.06
-0.036
-0.035
0.116
0.055
0.161
0.173
0.356
0.269
0.239
0.216
0.241
0.089
-0.058
0.08
-0.239
-0.182
-0.095
0.021
0.092
0.026
0.022
-0.166
-0.141
-0.242
-0.158
-0.126
-0.114
-0.071
0.033
0.046
0.159
0.32
0.253
0.061
0.235
0.077
0.03
-0.052
0.163
0.229
0.118
0.266
0.424
0.136
0.336
0.154
0.118
0.025
0.115
0.383
0.331
0.354
0.266
0.258
0.339
0.32
0.484
0.499
0.275
0.239
0.459
0.338
0.51
0.49
0.291
0.481
0.278
0.158
0.453
0.471
0.436
0.499
0.551
0.593
0.461
0.385
0.324
0.198
0.115
0.206
0.066
-0.185
-0.158
-0.5
-0.482
-0.48
-0.448
-0.661
-0.695
-0.677
-0.765
-0.818
-0.746
-0.801
-0.586
-0.609
-0.66
-0.268
-0.076
-0.08
-0.055
-0.031
-0.037
-0.043
0.147
0.196
0.274
0.166
0.106
-0.056
-0.059
-0.18
-0.09
0.201
0.138
0.003
0.176
0.408
0.495
0.657
0.746
0.826
0.96
0.89
0.893
0.791
0.866
0.963
0.85
1.069
1.065
0.936
0.896
0.934
0.869
0.774
0.994
0.894
0.902
1.051
1.104
0.99
0.925
1.143
1.069
1.224
1.2
1.308
1.134
1.188
1.157
1.16
1.088
1.235
1.086
1.084
0.91
0.907
0.826
0.897
0.819
0.807
0.794
0.82
0.922
0.744
0.728
0.621
0.494
0.5
0.63
0.593
0.625
0.559
0.422
0.631
0.583
0.539
0.635
0.611
0.794
0.766
0.86
0.838
0.966
1.103
1.134
0.984
0.902
0.902
0.564
0.589
0.436
0.325
0.259
0.231
0.18
0.045
-0.061
-0.147
0.019
-0.315
-0.051
-0.098
-0.186
-0.254
-0.465
-0.455
-0.69
-0.571
-0.318
-0.249
-0.139
-0.124
-0.436
-0.667
-0.708
-0.466
-0.474
-0.352
-0.501
-0.574
-0.765
-0.665
-0.74
-0.626
-0.536
-0.352
-0.209
-0.386
-0.105
-0.034
-0.11
-0.045
-0.181
0.052
-0.264
-0.352
-0.684
-0.465
-0.41
-0.264
-0.066
0.133
0.147
0.203
-0.029
0.003
0.14
0.224
0.371
0.219
0.145
0.241
0.18
0.165
0.228
0.158
0.193
0.09
0.021
-0.129
-1.078
0.051
-0.04
0.048
0.044
-0.305
-0.422
-0.539
-0.491
-0.41
-0.336
-0.196
-0.15
-0.08
-0.104
-0.018
-0.074
0.048
0.115
0.0
-0.131
-0.105
0.059
0.226
0.198
0.265
0.374
0.324
0.191
0.066
0.034
0.071
-0.15
-0.177
-0.349
-0.226
-0.269
-0.37
-0.416
-0.372
-0.4
-0.404
-0.455
-0.566
-0.561
-0.534
-0.772
-0.696
-0.503
-0.754
-0.662
-0.562
-0.724
-0.698
-0.589
-0.422
-0.118
-0.109
-0.083
-0.181
-0.134
-0.306
-0.328
-0.249
-0.459
-0.411
-0.374
-0.335
-0.072
-0.029
0.107
0.211
0.288
0.181
0.113
0.138
0.201
0.292
0.255
0.338
0.413
0.599
0.963
0.932
0.998
0.75
0.588
0.57
0.435
0.268
0.385
0.275
0.33
0.206
0.191
-0.035
0.044
-0.016
-0.076
-0.33
-0.474
-0.453
-0.606
-0.719
-0.781
-0.76
-0.735
-0.69
-0.642
-0.628
-0.792
-0.701
-0.691
-0.723
-0.7
-0.7
-0.86
-0.723
-0.784
-0.555
-0.351
-0.126
0.022
-0.009
-0.1
-0.109
-0.04
-0.05
-0.044
-0.075
0.191
0.13
0.143
0.27
0.193
0.125
0.066
-0.006
-0.1
-0.041
-0.005
0.122
0.249
0.341
0.211
0.247
0.17
0.234
0.294
0.193
0.061
0.165
-0.155
-0.276
-0.416
-0.454
-0.484
-0.415
-0.329
-0.413
-0.403
-0.464
-0.568
-0.59
-0.826
-0.755
-0.863
-0.935
-1.026
-1.039
-1.061
-1.238
-1.338
-1.196
-1.349
-1.109
-1.259
-1.13
-1.035
-1.136
-1.049
-1.136
-1.058
-1.051
-1.184
-1.265
-1.19
-1.221
-1.028
-1.008
-0.878
-0.917
-0.689
-0.753
-0.85
-0.815
-0.78
-0.796
-0.72
-0.804
-0.73
-0.579
-0.468
-0.379
-0.386
-0.344
-0.064
0.083
0.185
0.229
-0.065
0.297
0.194
0.348
0.406
0.551
0.799
0.883
0.912
0.815
0.694
0.854
0.79
0.82
0.845
0.851
0.978
1.064
1.01
0.998
0.978
0.807
0.816
0.777
0.938
0.693
0.609
0.628
0.566
0.522
0.307
0.333
0.324
0.271
0.335
0.294
0.334
0.242
0.058
0.356
0.339
0.573
0.398
0.194
0.111
0.088
0.301
0.461
0.44
0.415
0.5
0.647
0.693
0.71
0.438
0.381
0.286
0.36
0.336
0.133
-0.144
-0.116
-0.084
-0.292
-0.427
-0.535
-0.566
-0.591
-0.703
-0.569
-0.573
-0.405
-0.294
-0.199
-0.324
-0.408
-0.588
-0.559
-0.619
-0.574
-0.489
-0.411
-0.301
-0.413
-0.573
-0.679
-0.806
-0.826
-0.629
-0.638
-0.664
-0.609
-0.799
-0.787
-0.776
-0.685
-0.614
-0.564
-0.494
-0.321
-0.163
-0.125
-0.022
0.074
-0.028
0.096
0.306
0.473
0.549
0.588
0.794
1.051
1.119
1.136
1.177
1.249
1.271
1.183
1.284
1.381
1.131
1.078
0.878
0.915
0.815
0.649
0.631
0.465
0.339
0.21
0.279
0.371
0.427
0.385
0.234
0.29
0.323
0.026
-0.094
-0.251
-0.625
-0.515
-0.849
-0.917
-1.055
-0.938
-1.153
-1.167
-1.285
-1.173
-1.109
-1.06
-1.071
-1.029
-0.786
-0.905
-0.916
-0.856
-0.875
-0.899
-0.874
-0.671
-0.651
-0.61
-0.438
-0.446
-0.276
-0.198
-0.19
-0.221
-0.089
-0.049
-0.036
0.066
0.198
0.036
0.022
0.134
0.013
-0.001
0.033
-0.079
-0.125
-0.149
-0.158
-0.018
0.004
-0.052
-0.133
-0.226
-0.446
-0.405
-0.666
-0.6
-0.381
-0.352
-0.343
-0.295
-0.254
-0.182
-0.269
-0.065
-0.083
-0.043
0.051
-0.029
0.006
-0.029
-0.059
0.131
0.04
-0.005
0.094
-0.033
0.011
0.026
0.052
-0.103
0.026
0.021
0.141
0.168
0.329
0.316
0.414
0.623
0.871
0.843
0.733
0.479
0.478
0.556
0.77
0.728
0.781
0.789
0.861
0.883
0.776
0.77
0.605
0.769
0.581
0.581
0.651
0.656
0.674
0.795
0.8
0.675
0.635
0.828
0.646
0.739
0.724
0.69
0.694
0.685
0.781
0.734
0.795
0.789
0.594
0.416
0.321
0.549
0.51
0.718
0.723
0.821
0.68
0.491
0.661
0.541
0.716
0.652
0.71
0.792
0.698
0.598
0.566
0.709
0.676
0.552
0.679
0.432
0.484
0.41
0.318
0.304
0.141
0.263
-0.075
0.076
0.094
0.086
0.194
0.048
0.101
0.28
0.453
0.503
0.552
0.427
0.605
0.669
0.868
0.938
0.825
0.964
0.914
1.045
0.951
0.661
0.682
0.696
0.844
0.824
0.944
1.011
0.988
0.986
0.785
0.866
0.711
0.609
0.642
0.545
0.438
0.355
0.389
0.41
0.508
0.505
0.432
0.57
0.56
0.294
0.32
0.155
-0.301
-0.168
-0.688
-0.559
-0.517
-0.744
-0.853
-0.831
-1.1
-0.973
-0.993
-0.765
-0.883
-0.807
-0.68
-0.711
-0.796
-0.69
-0.764
-0.763
-0.63
-0.545
-0.581
-0.459
-0.21
-0.075
0.071
0.28
0.299
0.393
0.429
0.415
0.279
0.061
0.085
-0.176
-0.328
-0.164
-0.369
-0.264
-0.415
-0.191
-0.279
-0.318
-0.326
-0.393
-0.312
-0.315
-0.541
-0.657
-0.682
-0.526
-0.728
-0.662
-0.586
-0.695
-0.593
-0.427
-0.295
-0.12
-0.314
0.046
0.055
-0.007
0.099
-0.024
0.25
0.41
0.491
0.542
0.644
0.638
0.802
0.797
0.9
0.667
0.771
0.761
1.111
1.16
1.26
1.266
0.941
0.974
0.955
0.906
0.876
0.776
0.519
0.455
0.438
0.274
0.429
0.479
0.316
0.039
-0.019
-0.139
-0.169
-0.414
-0.531
-0.396
-0.519
-0.635
-0.595
-0.676
-0.635
-0.573
-0.701
-0.644
-0.3
-0.351
-0.156
-0.146
-0.2
-0.296
-0.468
-0.436
-0.485
-0.54
-0.384
-0.253
-0.195
-0.215
-0.334
-0.537
-0.37
-0.46
-0.544
-0.331
-0.324
-0.281
-0.439
-0.422
-0.381
-0.557
-0.516
-0.359
-0.29
-0.274
-0.085
0.191
0.39
0.214
0.221
-0.003
-0.131
0.06
0.0
0.208
0.355
0.606
0.39
0.406
0.474
0.534
0.279
0.36
0.31
0.231
-0.006
0.144
-0.061
0.105
0.217
0.13
0.238
0.06
0.246
0.145
0.173
0.191
0.124
0.124
0.259
0.302
0.03
0.133
0.056
0.14
0.113
-0.106
-0.071
-0.291
-0.351
-0.352
-0.279
-0.16
-0.175
-0.253
-0.07
-0.381
-0.676
-0.821
-0.944
-1.09
-1.173
-1.181
-1.231
-1.201
-1.29
-1.311
-1.525
-1.529
-1.496
-1.331
-1.01
-0.725
-0.596
-0.52
-0.492
-0.427
-0.276
-0.209
0.165
0.223
0.152
0.221
-0.081
0.174
0.121
0.144
0.163
0.052
0.14
0.198
0.124
0.026
-0.011
0.026
0.276
0.2
0.517
0.41
0.345
0.514
0.606
0.844
0.771
0.871
0.955
1.06
0.996
0.844
0.932
0.899
0.799
0.629
0.725
0.868
0.763
1.086
0.708
0.598
0.485
0.556
0.557
0.586
0.314
0.141
-0.03
-0.056
-0.022
0.052
-0.18
-0.099
-0.294
-0.403
-0.405
-0.233
-0.346
-0.274
-0.38
-0.166
-0.08
-0.029
-0.14
-0.21
-0.43
-0.415
-0.583
-0.524
-0.497
-0.611
-0.662
-0.664
-0.544
-0.463
-0.556
-0.539
-0.55
-0.609
-0.701
-0.87
-0.883
-0.691
-0.758
-0.677
-0.532
-0.671
-0.557
-0.339
-0.5
-0.314
-0.36
-0.107
-0.285
-0.27
-0.269
-0.362
-0.445
-0.541
-0.55
-0.527
-0.526
-0.568
-0.625
-0.441
-0.431
-0.244
-0.074
-0.107
-0.058
-0.071
-0.052
-0.026
0.001
0.011
0.259
0.356
0.39
0.326
0.45
0.435
0.481
0.818
0.874
0.985
0.93
0.976
0.929
0.77
0.703
0.492
0.525
0.211
0.421
0.357
0.441
0.315
0.154
0.2
-0.256
-0.264
-0.333
-0.321
-0.534
-0.3
-0.258
-0.296
-0.276
-0.228
-0.209
-0.128
-0.031
0.165
0.18
0.383
0.35
0.395
0.47
0.672
0.708
0.664
0.588
0.713
0.743
0.55
0.426
0.164
0.136
0.154
0.064
-0.149
-0.206
-0.219
-0.189
-0.238
-0.184
-0.208
-0.211
-0.249
-0.171
-0.294
-0.203
-0.086
-0.3
-0.191
-0.235
-0.12
-0.17
-0.149
-0.334
-0.229
-0.292
-0.239
-0.18
-0.296
-0.286
-0.315
-0.552
-0.355
-0.46
-0.177
-0.3
-0.249
-0.331
-0.348
-0.677
-0.84
-0.67
-0.46
-0.47
-0.544
-0.438
-0.254
-0.338
-0.289
-0.659
-0.82
-0.709
-0.684
-0.69
-0.749
-0.499
-0.391
-0.426
-0.401
-0.255
-0.244
-0.122
0.061
-0.004
0.177
0.409
0.325
0.532
0.388
0.44
0.484
0.323
0.584
0.501
0.734
0.841
1.032
1.111
1.123
1.055
1.18
1.245
1.204
1.164
1.123
1.204
1.292
1.279
1.129
1.099
1.125
1.159
1.088
1.116
1.274
1.308
1.244
1.25
1.062
1.083
0.955
0.775
0.541
0.417
0.27
-0.056
0.007
-0.03
-0.115
0.064
0.052
0.084
0.128
0.166
0.43
0.364
0.138
0.133
0.081
0.025
0.062
0.015
0.239
0.103
0.145
0.125
0.015
-0.007
-0.025
-0.004
-0.122
0.061
0.011
-0.051
-0.051
-0.081
0.044
0.065
0.219
0.043
0.284
0.396
0.228
0.398
0.365
0.511
0.639
0.644
0.873
0.838
0.894
0.974
1.129
1.173
1.284
1.292
1.321
1.299
1.266
1.275
1.195
1.35
1.093
0.975
1.069
0.871
0.961
0.858
0.985
0.866
0.906
0.738
0.802
0.561
0.64
0.753
0.744
0.755
0.674
0.583
0.621
0.512
0.512
0.438
0.312
0.36
0.247
0.145
0.154
0.17
0.256
0.194
0.245
0.077
0.043
0.01
0.215
0.083
-0.021
-0.094
-0.088
-0.175
-0.163
-0.212
-0.274
-0.503
-0.546
-0.522
-0.599
-0.638
-0.661
-0.511
-0.591
-0.545
-0.536
-0.376
-0.326
-0.438
-0.497
-0.573
-0.695
-0.551
-0.369
-0.664
-0.681
-0.711
-0.45
-0.231
-0.14
-0.049
-0.186
-0.291
-0.271
-0.449
-0.259
-0.503
-0.53
-0.642
-0.505
-0.545
-0.249
-0.173
-0.236
-0.478
-0.388
-0.458
-0.288
-0.338
-0.414
-0.551
-0.466
-0.535
-0.52
-0.576
-0.427
-0.333
-0.367
-0.609
-0.541
-0.514
-0.545
-0.486
-0.706
-0.573
-0.529
-0.59
-0.411
-0.391
-0.5
-0.487
-0.69
-0.62
-0.299
-0.552
-0.288
-0.246
-0.13
0.03
-0.003
-0.006
0.035
0.06
0.131
0.216
0.385
0.336
0.624
0.517
0.566
0.713
0.73
0.78
0.656
0.463
0.351
0.312
0.31
0.356
0.269
0.176
0.033
0.036
0.094
0.03
-0.034
0.094
0.131
-0.009
-0.055
-0.049
-0.27
-0.254
-0.331
-0.279
-0.247
-0.209
-0.113
-0.05
0.08
0.049
-0.133
-0.309
-0.404
-0.63
-0.646
-0.699
-0.546
-0.404
-0.369
-0.194
-0.105
-0.08
-0.245
-0.33
-0.364
-0.164
-0.039
-0.236
-0.13
-0.341
-0.378
-0.504
-0.624
-0.448
-0.589
-0.24
0.022
0.161
0.125
0.542
0.429
0.474
0.64
0.529
0.688
0.556
0.529
0.454
0.271
0.372
0.55
0.69
0.532
0.434
0.448
0.417
0.331
0.426
0.435
0.241
0.306
0.163
0.465
0.001
-0.018
-0.091
-0.029
-0.09
-0.208
-0.118
-0.209
-0.216
-0.175
-0.247
-0.334
-0.149
-0.233
-0.291
-0.403
-0.36
-0.359
-0.271
