0.615
0.666
0.652
0.409
0.285
0.475
0.415
0.464
0.492
0.458
0.551
0.624
0.487
0.584
0.676
0.594
0.68
0.784
0.841
0.816
0.693
0.606
0.575
0.43
0.445
0.275
0.338
0.152
0.041
0.128
0.216
0.19
-0.065
-0.074
-0.085
-0.074
-0.049
0.03
0.024
-0.043
0.081
0.131
0.062
-0.155
-0.019
-0.134
-0.114
-0.199
-0.318
-0.365
-0.256
-0.305
-0.339
-0.446
-0.431
-0.43
-0.284
-0.033
0.094
-0.016
0.118
0.149
0.369
0.299
0.429
0.525
0.56
0.671
0.603
0.691
0.688
0.809
0.764
0.724
0.526
0.415
0.376
0.431
0.212
0.169
0.239
0.193
0.383
0.286
0.37
0.398
0.512
0.647
0.534
0.367
0.688
0.631
0.689
0.795
0.927
0.829
0.818
0.713
0.8
0.973
0.873
0.776
0.62
0.414
0.139
0.286
0.367
0.385
0.258
0.129
0.138
0.1
0.069
-0.091
-0.22
-0.446
-0.44
-0.527
-0.671
-0.65
-0.421
-0.645
-0.634
-0.364
-0.54
-0.565
-0.221
-0.305
-0.414
-0.475
-0.425
-0.651
-0.522
-0.445
-0.598
-0.674
-0.67
-0.699
-0.45
-0.54
-0.539
-0.409
-0.425
-0.459
-0.339
-0.69
-0.589
-0.639
-0.7
-0.571
-0.46
-0.276
-0.214
-0.095
0.02
-0.109
0.055
0.009
0.203
0.185
0.035
0.05
0.066
0.184
0.064
0.029
0.334
0.352
0.44
0.427
0.603
0.576
0.536
0.474
0.398
0.315
0.217
0.158
0.255
0.294
0.251
0.26
0.134
0.143
0.121
-0.147
-0.124
-0.113
-0.273
-0.247
-0.296
-0.414
-0.645
-0.691
-0.565
-0.768
-0.656
-0.665
-0.754
-0.843
-1.065
-1.005
-0.836
-1.039
-0.934
-0.859
-0.812
-0.935
-1.185
-1.069
-1.097
-1.009
-0.853
-1.056
-1.002
-1.056
-1.061
-1.044
-0.802
-0.716
-0.708
-0.559
-0.736
-0.8
-0.815
-0.575
-0.14
-0.118
-0.125
0.0
-0.289
-0.041
0.021
0.013
0.199
0.236
0.295
0.562
0.666
0.675
0.58
0.652
0.536
0.446
0.468
0.212
0.255
0.152
0.193
0.11
-0.018
-0.052
-0.487
-0.56
-0.628
-0.765
-0.642
-0.557
-0.401
-0.286
-0.312
-0.253
-0.171
0.13
0.166
0.299
0.221
0.432
0.522
0.595
0.709
0.536
0.585
0.647
0.781
0.865
0.866
0.667
0.44
0.388
0.344
0.468
0.693
0.708
0.72
0.811
0.71
0.49
0.516
0.485
0.311
0.324
0.036
0.043
0.146
-0.302
-0.184
-0.144
-0.215
-0.224
-0.38
-0.471
-0.614
-0.679
-0.786
-0.878
-0.769
-0.906
-0.934
-1.169
-1.298
-1.219
-1.371
-0.991
-0.833
-0.696
-0.681
-0.76
-0.792
-0.883
-0.705
-0.649
-0.486
-0.321
-0.484
-0.559
-0.491
-0.45
-0.259
-0.054
-0.058
0.034
0.015
-0.044
-0.085
-0.096
-0.196
-0.16
-0.08
-0.163
-0.029
0.139
0.199
0.101
0.159
-0.051
-0.149
-0.166
-0.302
-0.265
-0.23
-0.025
-0.04
-0.083
-0.169
-0.08
-0.129
-0.161
-0.189
-0.151
-0.095
-0.006
-0.025
-0.061
-0.091
-0.06
-0.026
0.029
-0.211
-0.104
-0.182
-0.126
-0.195
-0.196
-0.091
-0.131
0.089
0.029
0.239
0.259
0.288
0.291
0.046
0.021
0.061
0.114
0.156
0.086
-0.037
-0.195
-0.461
-0.448
-0.544
-0.625
-0.501
-0.369
-0.348
-0.499
-0.454
-0.341
-0.305
-0.309
-0.241
-0.208
-0.31
-0.22
-0.158
-0.14
-0.04
0.015
0.0
-0.111
-0.24
-0.205
-0.314
-0.32
-0.134
-0.066
-0.007
0.096
0.175
0.296
0.352
0.269
0.42
0.444
0.578
0.48
0.651
0.568
0.647
0.557
0.372
0.416
0.301
0.211
0.264
0.331
0.297
0.156
0.133
0.004
-0.037
-0.208
-0.411
-0.344
-0.383
-0.341
-0.403
-0.372
-0.446
-0.554
-0.367
-0.374
-0.47
-0.434
-0.39
-0.394
-0.435
-0.221
-0.141
-0.166
-0.018
-0.076
-0.045
-0.046
0.214
0.211
0.177
0.239
0.216
0.312
0.26
0.223
0.246
0.288
0.32
0.335
0.463
0.609
0.557
0.424
0.384
0.581
0.616
0.609
0.614
0.475
0.341
0.365
0.219
0.091
0.193
0.126
0.351
0.36
0.355
0.517
0.474
0.325
0.396
0.307
0.159
0.212
0.194
0.325
0.191
0.177
0.106
0.05
-0.039
-0.115
-0.03
-0.128
-0.122
-0.195
-0.098
0.083
0.161
0.235
0.256
0.41
0.405
0.288
0.13
0.103
0.219
0.214
-0.005
0.179
0.144
0.234
0.352
0.501
0.427
0.576
0.551
0.536
0.484
0.48
0.511
0.629
0.551
0.394
0.305
0.326
0.083
-0.07
-0.096
-0.059
-0.05
-0.145
-0.271
-0.461
-0.527
-0.641
-0.573
-0.625
-0.568
-0.551
-0.74
-0.541
-0.711
-0.659
-0.578
-0.542
-0.531
-0.468
-0.304
-0.224
-0.025
0.033
-0.037
0.054
0.23
0.286
0.33
0.409
0.239
0.245
0.356
0.486
0.666
0.644
0.677
0.68
0.562
0.542
0.366
0.388
0.403
0.264
0.259
0.114
0.223
0.092
-0.184
-0.205
-0.307
-0.302
-0.286
-0.261
-0.378
-0.512
-0.321
-0.339
-0.501
-0.561
-0.574
-0.47
-0.733
-0.775
-0.774
-0.856
-0.796
-0.96
-0.895
-0.907
-1.089
-1.031
-1.008
-0.845
-0.814
-0.694
-0.774
-0.644
-0.654
-0.681
-0.464
-0.301
-0.247
-0.258
-0.141
-0.19
-0.28
-0.166
-0.059
-0.028
-0.048
0.029
-0.021
0.03
-0.033
-0.111
-0.314
-0.166
-0.359
-0.33
-0.419
-0.361
-0.417
-0.376
-0.536
-0.464
-0.14
-0.144
-0.039
0.007
-0.104
-0.149
-0.003
0.071
-0.013
0.049
0.028
0.125
-0.062
0.049
-0.035
0.039
0.013
0.144
0.235
0.381
0.426
0.446
0.356
0.431
0.487
0.409
0.419
0.265
0.365
0.431
0.421
0.352
0.28
0.129
0.176
0.098
0.104
0.031
0.041
-0.029
0.156
0.24
0.174
0.306
0.247
0.209
0.194
0.05
0.066
0.1
0.209
0.318
0.388
0.25
0.215
0.361
0.173
0.181
0.021
0.011
-0.136
-0.184
-0.143
-0.104
0.051
-0.145
-0.035
-0.072
-0.135
-0.129
-0.283
-0.386
-0.501
-0.531
-0.758
-0.779
-0.861
-0.75
-0.74
-0.758
-0.686
-0.688
-0.606
-0.535
-0.492
-0.365
-0.366
-0.378
-0.271
-0.568
-0.434
-0.329
-0.526
-0.333
-0.395
-0.532
-0.554
-0.443
-0.578
-0.403
-0.468
-0.455
-0.575
-0.417
-0.474
-0.51
-0.28
-0.251
-0.304
-0.096
-0.124
-0.168
-0.169
-0.217
-0.235
-0.07
-0.261
-0.109
-0.174
-0.224
-0.376
-0.31
-0.348
-0.393
-0.235
-0.247
0.094
0.24
0.348
0.492
0.522
0.561
0.539
0.561
0.475
0.333
0.42
0.359
0.111
0.203
0.255
0.487
0.234
0.2
0.181
0.181
0.147
-0.043
-0.058
-0.115
-0.14
-0.046
0.131
0.266
0.5
0.804
0.912
0.944
0.838
0.811
0.765
0.911
0.824
0.917
0.922
0.973
1.085
1.078
1.14
0.84
0.804
0.759
0.89
1.134
1.065
1.147
1.018
0.91
0.963
1.039
1.024
0.976
0.883
0.638
0.759
0.508
0.564
0.624
0.623
0.585
0.695
0.843
0.802
0.514
0.487
0.594
0.698
0.669
0.685
0.771
0.841
0.876
0.98
0.814
0.744
0.805
0.599
0.626
0.741
0.578
0.704
0.652
0.811
0.768
0.848
1.045
1.056
1.238
1.125
1.424
1.366
1.149
1.101
0.744
0.706
0.684
0.69
0.733
0.571
0.566
0.424
0.522
0.554
0.701
0.624
0.691
0.631
0.559
0.599
0.664
0.713
0.54
0.307
0.195
0.03
-0.191
-0.084
-0.11
-0.119
-0.14
-0.115
0.152
0.006
-0.138
-0.352
-0.343
-0.276
-0.38
-0.333
-0.27
-0.299
-0.176
-0.168
-0.214
-0.079
0.119
0.179
0.219
0.273
0.378
0.539
0.565
0.763
0.704
0.638
0.733
0.806
0.581
0.36
0.238
0.189
0.343
0.386
0.147
0.126
-0.025
-0.033
-0.076
-0.224
-0.339
-0.228
0.077
0.035
0.171
0.221
0.007
0.105
0.135
-0.146
-0.297
-0.241
-0.271
-0.205
0.076
-0.226
-0.302
-0.274
-0.101
-0.174
-0.056
0.058
0.161
0.254
0.044
-0.041
-0.085
-0.11
0.061
-0.05
-0.031
-0.198
-0.041
-0.225
-0.201
-0.062
-0.065
-0.036
-0.035
-0.055
-0.184
0.026
-0.013
0.242
0.296
0.154
0.065
0.096
0.074
0.346
0.258
0.307
0.254
0.115
0.062
-0.066
-0.19
-0.099
-0.141
-0.015
0.026
-0.128
-0.005
-0.145
-0.069
-0.343
-0.071
-0.037
-0.154
0.015
-0.17
-0.348
-0.478
-0.413
-0.58
-0.495
-0.519
-0.515
-0.515
-0.807
-0.64
-0.897
-0.76
-0.701
-0.849
-0.756
-0.814
-0.641
-0.812
-0.706
-0.739
-0.547
-0.391
-0.449
-0.531
-0.454
-0.449
-0.664
-0.7
-0.902
-0.855
-0.789
-0.633
-0.453
-0.614
-0.64
-0.599
-0.628
-0.556
-0.655
-0.466
-0.404
-0.406
-0.261
-0.38
-0.463
-0.549
-0.601
-0.519
-0.439
-0.44
-0.583
-0.45
-0.611
-0.526
-0.652
-0.381
-0.379
-0.375
-0.504
-0.365
-0.266
-0.081
-0.173
-0.041
-0.069
-0.111
0.021
0.216
0.318
0.427
0.524
0.422
0.584
0.661
0.664
0.766
0.865
0.734
0.779
0.775
0.769
1.14
1.034
0.91
0.907
0.879
0.786
0.69
0.541
0.43
0.469
0.39
0.294
0.092
0.041
0.004
-0.095
-0.075
-0.247
-0.177
-0.345
-0.48
-0.427
-0.463
-0.432
-0.389
-0.41
-0.478
-0.375
-0.396
-0.492
-0.459
-0.646
-0.701
-0.858
-0.758
-0.734
-0.745
-0.86
-0.823
-0.645
-0.695
-0.603
-0.594
-0.716
-0.546
-0.504
-0.478
-0.494
-0.565
-0.674
-0.576
-0.755
-0.805
-0.79
-0.65
-0.512
-0.473
-0.434
-0.36
-0.366
-0.216
-0.13
-0.043
0.026
0.096
0.147
0.022
-0.034
0.007
0.055
-0.001
0.061
0.029
0.08
0.11
0.058
0.171
0.184
0.105
0.088
0.056
0.13
0.14
0.203
0.228
0.136
0.045
-0.016
-0.072
-0.024
0.118
0.122
0.182
0.171
0.08
0.059
0.141
0.184
0.231
0.228
0.223
0.001
-0.04
-0.043
-0.163
-0.16
-0.249
-0.18
-0.092
0.034
0.139
0.24
0.196
0.349
0.401
0.564
0.565
0.386
0.299
0.191
0.318
0.23
0.247
0.139
0.265
0.181
-0.019
0.056
-0.079
0.079
0.196
0.071
0.129
0.171
0.254
0.28
0.338
0.25
0.216
0.306
0.198
0.184
0.0
-0.028
-0.001
0.004
-0.13
-0.205
-0.366
-0.399
-0.225
-0.39
-0.424
-0.388
-0.369
-0.391
-0.251
-0.198
-0.122
-0.173
-0.138
-0.23
-0.33
-0.333
-0.29
-0.45
-0.497
-0.48
-0.585
-0.532
-0.42
-0.289
-0.17
-0.181
0.05
0.051
0.174
-0.004
-0.055
-0.072
-0.001
0.186
0.231
0.294
0.411
0.474
0.574
0.718
0.54
0.645
0.766
0.629
0.629
0.733
0.76
0.667
0.724
0.696
0.655
0.554
0.839
0.576
0.618
0.71
0.715
0.801
0.736
0.496
0.519
0.495
0.258
0.325
0.103
0.253
0.139
0.085
-0.065
-0.077
-0.189
-0.09
-0.2
-0.105
-0.256
-0.306
-0.344
-0.341
-0.348
-0.345
-0.296
-0.284
-0.251
-0.268
-0.404
-0.405
-0.48
-0.569
-0.65
-0.581
-0.639
-0.52
-0.463
-0.463
-0.55
-0.361
-0.45
-0.321
-0.301
-0.289
-0.341
-0.46
-0.288
-0.619
-0.401
-0.594
-0.593
-0.585
-0.764
-0.784
-0.849
-0.889
-0.939
-0.865
-0.744
-0.698
-0.475
-0.552
-0.463
-0.554
-0.312
-0.194
-0.217
-0.13
-0.19
-0.06
-0.158
-0.089
-0.015
0.07
0.2
0.299
0.431
0.547
0.665
0.649
0.605
0.525
0.432
0.422
0.487
0.588
0.545
0.551
0.411
0.468
0.52
0.456
0.432
0.364
0.319
0.206
0.468
0.264
0.339
0.251
0.336
0.341
0.238
0.352
0.376
0.398
0.311
0.333
0.284
0.226
0.173
0.147
0.026
0.069
0.13
0.193
0.271
0.261
0.32
0.236
0.338
0.291
0.238
0.141
-0.006
-0.143
-0.23
-0.355
-0.389
-0.521
-0.578
-0.352
-0.321
-0.295
-0.381
-0.296
-0.181
-0.259
-0.331
-0.305
-0.336
-0.386
-0.458
-0.545
-0.604
-0.608
-0.482
-0.724
-0.755
-0.886
-0.774
-0.671
-0.833
-0.642
-0.531
-0.182
-0.088
-0.092
-0.163
-0.276
-0.279
-0.348
-0.015
-0.035
0.04
0.048
0.081
-0.026
0.022
-0.045
-0.094
-0.019
0.037
0.044
0.024
0.144
0.145
0.066
0.177
0.105
0.062
0.015
0.052
0.025
0.099
0.285
0.35
0.29
0.339
0.348
0.391
0.41
0.393
0.359
0.381
0.28
0.261
0.045
0.051
-0.051
-0.189
-0.143
-0.116
-0.355
-0.224
-0.35
-0.406
-0.429
-0.63
-0.708
-0.69
-0.759
-0.698
-0.623
-0.531
-0.349
-0.346
-0.328
-0.517
-0.367
-0.352
-0.125
-0.094
-0.175
-0.168
-0.238
-0.161
-0.224
-0.384
-0.316
-0.369
-0.3
-0.17
-0.149
-0.171
-0.104
-0.184
-0.015
-0.041
-0.096
-0.121
-0.15
-0.209
-0.15
-0.015
-0.029
0.128
-0.12
-0.046
-0.126
-0.009
0.031
0.022
-0.098
-0.161
-0.126
-0.15
-0.181
0.052
0.06
0.014
-0.022
-0.239
-0.166
-0.036
0.055
0.089
0.104
0.058
0.085
0.165
0.194
0.288
0.234
0.164
0.448
0.396
0.451
0.554
0.631
0.664
0.61
0.821
0.83
0.927
0.919
0.893
0.963
0.988
0.994
1.008
0.95
1.035
1.141
1.229
1.186
1.393
1.22
1.262
1.105
1.125
1.09
1.105
1.161
1.139
1.331
1.45
1.524
1.395
1.356
1.339
1.22
1.294
1.28
1.413
1.333
1.433
1.331
1.201
1.035
0.99
0.93
0.849
0.789
0.633
0.522
0.551
0.529
0.527
0.371
0.492
0.527
0.638
0.489
0.421
0.328
0.386
0.469
0.642
0.564
0.443
0.474
0.459
0.422
0.391
0.356
0.389
0.048
0.134
0.096
0.139
0.346
0.278
0.305
0.367
0.206
0.292
0.299
0.52
0.416
0.416
0.436
0.496
0.465
0.473
0.734
0.562
0.81
0.804
0.726
1.068
1.03
0.863
0.611
0.608
0.815
0.589
0.659
0.576
0.565
0.644
0.52
0.503
0.306
0.198
0.269
0.019
-0.071
-0.138
-0.152
-0.212
-0.481
-0.404
-0.385
-0.393
-0.401
-0.154
-0.335
-0.466
-0.665
-0.591
-0.61
-0.482
-0.479
-0.356
-0.334
-0.535
-0.46
-0.756
-0.945
-1.058
-0.91
-0.953
-0.922
-0.963
-1.167
-1.199
-1.124
-1.284
-1.155
-0.956
-0.755
-0.889
-0.875
-0.873
-0.552
-0.463
-0.478
-0.399
-0.408
-0.046
-0.098
0.026
0.028
0.233
0.356
0.212
0.139
0.121
0.182
-0.005
-0.052
-0.238
-0.223
-0.251
-0.391
-0.085
0.005
-0.364
-0.015
-0.095
-0.12
-0.029
-0.159
-0.261
-0.381
-0.306
-0.516
-0.206
-0.195
-0.35
-0.324
-0.074
0.084
0.121
0.357
0.185
0.465
0.198
0.266
0.536
0.525
0.624
0.69
0.844
0.69
0.814
0.938
1.015
1.079
0.925
0.966
0.993
1.298
1.264
1.093
1.116
1.167
1.07
1.17
1.035
0.922
0.988
0.895
0.604
0.435
0.549
0.16
0.156
0.226
0.37
0.242
0.239
0.044
0.0
0.036
0.16
0.141
0.343
0.279
-0.011
-0.234
-0.378
-0.331
-0.356
-0.306
-0.133
-0.105
0.071
0.0
0.056
-0.046
-0.058
0.084
-0.085
0.304
0.341
0.352
0.206
0.206
0.113
-0.094
0.035
0.131
0.128
0.069
-0.139
-0.354
-0.24
-0.344
-0.325
-0.261
-0.274
-0.345
-0.316
-0.41
-0.624
-0.766
-0.934
-0.916
-0.935
-0.938
-0.871
-0.84
-0.976
-1.036
-1.101
-0.97
-0.861
-0.789
-0.725
-0.709
-0.634
-0.6
-0.616
-0.644
-0.841
-0.915
-1.186
-0.831
-0.833
-0.672
-0.443
-0.552
-0.463
-0.372
-0.09
0.011
0.228
0.231
0.45
0.196
0.111
0.084
-0.084
0.033
-0.145
-0.128
0.004
-0.044
-0.066
-0.18
-0.422
-0.578
-0.501
-0.664
-0.376
-0.524
-0.574
-0.562
-0.584
-0.515
-0.608
-0.535
-0.497
-0.421
-0.321
-0.536
-0.386
-0.39
-0.341
-0.174
-0.02
-0.088
-0.304
-0.264
-0.18
-0.285
-0.247
-0.048
-0.018
-0.026
0.168
0.098
0.173
0.069
0.039
-0.016
-0.083
-0.085
-0.124
-0.113
-0.144
-0.084
-0.059
0.048
0.198
0.231
0.251
0.22
-0.054
0.007
0.005
-0.022
-0.221
-0.416
-0.306
-0.166
-0.239
-0.08
-0.159
-0.01
0.036
-0.241
-0.103
0.074
0.149
0.211
0.259
0.4
0.251
0.311
0.294
0.19
0.503
0.656
0.935
0.828
0.829
0.754
0.664
0.579
0.374
0.333
0.301
0.329
0.45
0.425
0.519
0.318
0.268
0.289
0.278
0.295
0.247
0.191
0.165
-0.052
-0.044
0.03
-0.099
-0.17
-0.383
-0.451
-0.361
-0.465
-0.343
-0.48
-0.75
-0.646
-0.505
-0.348
-0.193
-0.147
-0.075
-0.086
-0.13
-0.186
0.007
0.08
0.343
0.115
0.254
0.176
0.24
0.371
0.464
0.684
0.649
0.688
0.564
0.565
0.446
0.454
0.527
0.532
0.7
0.704
0.695
0.527
0.319
0.208
0.043
0.109
0.335
0.394
0.297
0.149
0.16
0.149
0.28
0.238
0.26
0.026
0.11
-0.014
-0.004
-0.021
-0.15
-0.134
-0.209
-0.194
-0.217
-0.253
-0.096
-0.163
-0.022
-0.126
-0.025
-0.03
-0.165
-0.072
-0.083
-0.055
-0.25
-0.352
-0.361
-0.588
-0.561
-0.634
-0.706
-0.682
-0.79
-0.831
-0.844
-0.784
-0.854
-0.874
-0.945
-0.946
-0.858
-0.895
-0.986
-0.711
-0.522
-0.474
-0.366
-0.291
-0.176
-0.166
-0.273
-0.189
-0.348
-0.328
-0.29
-0.233
-0.015
-0.064
-0.318
-0.445
-0.517
-0.522
-0.55
-0.475
-0.465
-0.463
-0.496
-0.525
-0.499
-0.386
-0.4
-0.465
-0.535
-0.566
-0.496
-0.484
-0.391
-0.359
-0.469
-0.586
-0.647
-0.815
-0.895
-0.72
-0.819
-0.654
-0.529
-0.456
-0.125
-0.079
0.044
0.28
0.479
0.492
0.645
0.552
0.561
0.378
0.239
0.63
0.536
0.499
0.555
0.431
0.434
0.296
0.381
0.519
0.304
0.336
0.279
0.307
0.393
0.329
0.247
0.154
0.279
0.147
0.131
0.258
0.163
0.14
-0.06
-0.039
-0.245
-0.249
-0.228
-0.233
-0.238
-0.105
-0.203
-0.304
-0.318
-0.338
-0.365
-0.338
-0.371
-0.364
-0.415
-0.435
-0.302
-0.229
-0.338
-0.256
-0.352
-0.285
-0.334
-0.333
-0.444
-0.549
-0.545
-0.672
-0.686
-0.883
-0.976
-0.934
-0.907
-0.802
-0.853
-0.855
-0.795
-0.753
-0.691
-0.638
-0.777
-0.646
-0.591
-0.634
-0.603
-0.439
-0.465
-0.411
-0.529
-0.511
-0.399
-0.324
-0.098
-0.037
-0.022
-0.061
0.001
0.04
0.024
0.094
0.284
0.487
0.484
0.554
0.555
0.408
0.468
0.335
0.41
0.422
0.413
0.541
0.629
0.693
0.685
0.716
0.743
0.693
0.49
0.367
0.458
0.176
0.323
0.371
0.193
0.146
0.259
0.247
0.307
0.225
0.147
0.11
0.007
-0.158
-0.046
-0.258
-0.223
-0.334
-0.463
-0.508
-0.593
-0.621
-0.743
-0.693
-0.699
-0.721
-0.723
-0.781
-0.861
-0.682
-0.471
-0.395
-0.241
-0.408
-0.505
-0.281
-0.464
-0.436
-0.326
-0.343
-0.27
-0.281
-0.279
-0.289
-0.238
-0.206
-0.211
-0.156
-0.182
-0.109
-0.06
-0.125
-0.129
-0.191
-0.361
-0.288
-0.366
-0.291
-0.122
-0.022
0.128
0.126
0.391
0.26
0.343
0.241
0.116
0.339
0.403
0.492
0.544
0.561
0.475
0.484
0.304
0.487
0.641
0.556
0.679
0.474
0.278
0.324
0.212
0.221
-0.001
0.261
0.261
0.458
0.489
0.586
0.718
0.756
0.838
0.859
0.785
0.745
0.715
0.718
0.479
0.463
0.522
0.542
0.886
1.045
0.835
0.609
0.605
0.512
0.551
0.614
0.651
0.542
0.406
0.56
0.441
0.758
0.719
0.786
0.864
0.646
0.657
0.481
0.703
0.594
0.601
0.834
0.655
0.825
0.946
0.731
0.96
1.086
0.994
0.896
1.126
1.155
1.431
1.468
1.566
1.585
1.874
1.795
1.825
1.782
1.655
1.55
1.681
1.504
1.27
1.17
0.889
0.953
0.894
0.792
0.473
0.3
0.1
0.125
0.077
0.07
0.171
0.059
0.018
0.05
-0.13
0.007
0.049
0.064
0.006
0.024
0.141
-0.095
-0.028
-0.105
0.161
0.174
0.083
0.124
0.318
0.121
0.089
0.079
-0.03
-0.191
-0.446
-0.362
-0.474
-0.509
-0.642
-0.301
-0.46
-0.367
-0.14
-0.283
-0.235
-0.23
-0.174
-0.062
0.13
0.291
0.399
0.062
-0.029
0.004
0.094
0.22
0.239
0.235
0.326
0.292
0.304
0.086
0.163
0.086
0.065
0.328
0.124
0.146
0.286
0.22
0.496
0.505
0.634
0.656
0.644
0.532
0.593
0.679
0.561
0.56
0.391
0.263
0.466
0.576
0.652
0.874
1.05
1.004
1.131
1.059
0.92
0.839
0.664
0.662
0.724
0.446
0.619
0.508
0.372
0.438
0.458
0.295
0.041
0.019
-0.376
-0.41
-0.408
-0.413
-0.499
-0.809
-0.89
-0.926
-1.058
-0.85
-1.068
-1.034
-1.078
-1.36
-1.242
-1.032
-1.173
-1.096
-1.24
-1.137
-1.015
-0.846
-0.912
-0.734
-0.53
-0.31
-0.271
-0.236
-0.22
-0.346
-0.13
-0.171
0.011
0.064
0.188
0.208
0.045
-0.005
0.12
0.0
0.01
0.026
-0.054
-0.113
-0.173
-0.138
-0.134
0.013
-0.214
-0.079
-0.315
-0.253
-0.201
-0.199
-0.145
-0.101
-0.045
-0.095
0.058
-0.054
0.209
0.161
0.0
0.101
0.113
0.289
0.314
0.35
0.384
0.63
0.535
0.565
0.618
0.695
0.759
0.625
0.681
0.685
0.66
0.802
0.766
0.696
0.682
0.766
0.76
0.784
0.598
0.486
0.241
0.229
0.22
0.11
-0.031
-0.249
-0.399
-0.438
-0.594
-0.705
-0.782
-0.465
-0.693
-0.664
-0.71
-0.777
-0.777
-0.888
-0.92
-1.069
-1.036
-0.983
-0.905
-0.853
-0.843
-0.726
-0.62
-0.599
-0.456
-0.619
-0.566
-0.562
-0.564
-0.608
-0.565
-0.466
-0.424
-0.393
-0.355
-0.25
-0.43
-0.344
-0.378
-0.475
-0.509
-0.638
-0.495
-0.647
-0.524
-0.601
-0.709
-0.486
-0.421
-0.103
-0.175
-0.084
0.105
-0.071
-0.081
-0.188
-0.261
-0.107
-0.305
-0.181
-0.143
-0.122
-0.198
-0.12
-0.045
-0.041
-0.065
-0.072
-0.122
-0.156
-0.034
-0.003
0.033
0.367
0.398
0.453
0.445
0.421
0.459
0.274
0.302
0.304
0.279
0.185
0.13
0.099
0.005
0.066
0.125
0.193
0.346
0.295
0.41
0.389
0.512
0.591
0.357
0.321
0.045
-0.194
-0.29
-0.315
-0.296
-0.263
-0.211
-0.107
-0.113
0.215
0.138
0.276
0.135
0.165
-0.009
-0.216
-0.133
-0.166
-0.4
-0.426
-0.391
-0.497
-0.391
-0.446
-0.61
-0.374
-0.465
-0.537
-0.674
-0.809
-0.698
-0.698
-0.776
-0.782
-0.67
-0.565
-0.586
-0.215
-0.304
-0.168
0.062
0.084
0.049
0.168
0.135
-0.011
0.146
0.302
0.246
0.42
0.311
0.212
0.156
0.071
-0.045
-0.115
-0.061
0.05
-0.174
-0.151
-0.41
-0.453
-0.375
-0.448
-0.436
-0.163
-0.074
-0.092
0.037
0.079
0.103
0.069
0.026
0.135
0.173
0.169
0.115
0.199
0.08
0.06
0.024
-0.054
-0.145
-0.055
0.245
0.3
0.464
0.386
0.375
0.107
0.221
0.338
0.339
0.456
0.569
0.623
0.536
0.396
0.3
0.29
0.25
-0.03
-0.09
-0.139
-0.136
-0.075
-0.221
-0.107
-0.16
-0.028
-0.147
-0.229
-0.331
-0.509
-0.338
-0.536
-0.634
-0.654
-0.686
-0.669
-0.65
-0.532
-0.584
-0.67
-0.26
-0.056
-0.111
0.208
0.111
0.025
0.147
0.019
0.096
0.129
0.028
0.026
-0.066
-0.182
-0.306
-0.194
-0.289
-0.065
-0.107
-0.147
-0.168
-0.305
-0.438
-0.39
-0.449
-0.416
-0.427
-0.376
-0.304
-0.219
-0.151
-0.35
-0.485
-0.561
-0.836
-0.59
-0.781
-0.912
-0.959
-0.932
-1.01
-1.068
-0.905
-0.811
-0.766
-0.713
-0.787
-0.661
-0.635
-0.811
-0.662
-0.691
-0.484
-0.749
-0.681
-0.645
-0.652
-0.429
-0.375
-0.216
-0.341
-0.256
-0.268
-0.231
-0.107
-0.198
-0.186
-0.296
-0.128
-0.135
-0.115
-0.191
-0.064
-0.062
-0.138
-0.211
-0.121
-0.081
-0.009
-0.029
-0.006
0.131
0.072
0.083
-0.071
0.151
-0.08
-0.061
0.154
0.236
0.432
0.492
0.449
0.565
0.557
0.494
0.531
0.559
0.652
0.71
0.776
0.634
0.675
0.609
0.496
0.455
0.516
0.604
0.647
0.375
0.406
0.405
0.48
0.454
0.726
0.828
0.77
0.776
0.816
0.846
0.666
0.728
0.581
0.491
0.444
0.398
0.44
0.399
0.23
0.193
0.145
-0.039
-0.321
-0.356
-0.512
-0.383
-0.527
-0.527
-0.667
-0.516
-0.586
-0.606
-0.562
-0.645
-0.473
-0.37
-0.302
-0.268
-0.164
-0.158
-0.154
-0.211
0.056
-0.158
-0.109
-0.001
0.014
-0.089
-0.07
-0.191
0.14
0.324
0.316
0.339
0.364
0.529
0.448
0.621
0.569
0.59
0.605
0.694
0.685
0.745
0.843
0.835
0.764
0.866
0.745
0.916
0.642
0.581
0.554
0.531
0.131
0.2
0.27
0.256
0.41
0.4
0.534
0.669
0.56
0.521
0.44
0.574
0.64
0.421
0.531
0.53
0.54
0.495
0.539
0.49
0.454
0.388
0.36
0.416
0.583
0.652
0.595
0.856
0.945
0.889
0.866
0.94
1.08
1.004
0.925
0.829
0.853
0.699
0.532
0.466
0.5
0.479
0.545
0.661
0.756
0.824
0.797
0.941
1.109
1.103
0.911
0.925
0.905
0.878
0.946
1.146
0.782
0.846
0.886
0.781
0.7
0.52
0.436
0.271
0.246
0.199
-0.028
0.09
-0.1
0.022
-0.156
-0.31
-0.212
-0.206
0.098
0.098
0.182
0.188
0.434
0.345
0.559
0.729
0.896
0.843
0.905
0.776
0.775
0.714
1.099
1.121
1.188
1.093
1.046
1.0
1.091
0.932
0.87
1.014
1.056
1.076
0.811
0.859
0.591
0.546
0.733
0.819
0.661
0.501
0.69
0.726
0.69
0.784
0.705
0.828
0.866
0.934
0.875
0.789
0.978
1.029
1.114
1.008
1.008
0.924
0.661
0.41
0.084
0.109
0.013
0.019
-0.055
-0.176
-0.02
-0.122
-0.276
-0.301
-0.38
-0.427
-0.624
-0.601
-0.667
-0.769
-0.912
-1.001
-0.899
-0.753
-1.008
-0.875
-0.895
-0.781
-0.936
-0.916
-0.751
-0.836
-0.77
-0.768
-0.789
-0.676
-0.629
-0.733
-0.599
-0.521
-0.253
-0.269
-0.169
-0.129
-0.03
0.085
0.268
0.233
0.171
0.185
0.254
0.454
0.566
0.54
0.547
0.364
0.41
0.245
0.052
-0.071
-0.064
0.039
0.095
0.254
0.24
0.133
0.181
0.161
0.169
0.085
0.163
0.125
0.061
0.169
0.17
0.124
0.165
0.001
-0.118
0.026
-0.055
-0.037
-0.141
-0.254
-0.256
-0.249
-0.104
-0.122
-0.175
-0.231
-0.098
-0.11
-0.049
-0.035
0.064
0.345
0.159
0.164
-0.044
0.054
-0.085
-0.122
-0.217
-0.181
-0.074
0.039
-0.051
0.219
0.101
0.274
0.426
0.511
0.5
0.419
0.398
0.369
0.357
0.224
0.297
0.189
0.104
0.02
-0.128
-0.212
-0.331
-0.344
-0.509
-0.696
-0.749
-0.696
-0.647
-0.871
-0.927
-1.011
-1.034
-1.0
-1.106
-1.074
-1.143
-1.229
-1.276
-1.228
-1.276
-1.292
-1.416
-1.37
-1.324
-1.18
-1.01
-0.995
-0.628
-0.772
-0.985
-0.836
-0.885
-0.738
-0.848
-0.89
-0.856
-0.969
-0.828
-0.797
-0.786
-0.819
-0.718
-0.586
-0.406
-0.427
-0.468
-0.409
-0.247
-0.179
-0.316
-0.19
-0.166
-0.203
-0.069
-0.05
-0.2
-0.2
-0.191
-0.349
-0.359
-0.459
-0.362
-0.335
-0.343
-0.242
-0.014
-0.085
0.217
0.205
0.169
0.511
0.238
0.443
0.391
0.406
0.3
0.312
0.341
0.449
0.443
0.49
0.445
0.362
0.369
0.247
0.2
0.331
0.03
0.147
0.21
0.32
0.318
0.24
0.226
0.279
0.381
0.292
0.284
0.226
0.155
0.138
0.058
0.046
0.119
-0.125
-0.214
-0.246
-0.294
-0.367
-0.364
-0.25
-0.233
-0.284
-0.241
-0.311
-0.035
0.106
0.104
0.224
0.19
0.12
0.04
0.014
0.081
-0.226
-0.3
-0.369
-0.233
-0.151
-0.305
-0.098
-0.064
-0.006
-0.039
-0.25
-0.174
-0.316
-0.29
-0.341
-0.379
-0.453
-0.399
-0.415
-0.181
-0.266
-0.049
-0.005
0.147
0.13
0.005
-0.034
-0.046
-0.058
-0.006
-0.037
0.107
0.182
0.263
0.048
0.009
0.07
-0.003
-0.015
-0.041
-0.278
-0.173
-0.149
-0.364
-0.219
-0.348
-0.52
-0.413
-0.576
-0.672
-0.789
-0.789
-0.695
-0.868
-0.819
-1.064
-0.874
-0.917
-0.736
-0.666
-0.601
-0.505
-0.6
-0.36
-0.386
-0.56
-0.566
-0.45
-0.579
-0.634
-0.431
-0.376
-0.278
-0.095
0.065
0.185
0.122
-0.03
0.031
0.028
-0.046
-0.238
-0.134
-0.09
-0.245
-0.189
-0.091
-0.025
-0.106
-0.036
-0.058
0.119
-0.006
0.101
0.334
0.175
0.323
0.106
0.001
0.175
0.088
0.156
0.189
-0.048
-0.026
0.061
0.103
0.179
0.301
0.251
0.334
0.273
0.616
0.659
0.638
0.5
0.487
0.48
0.517
0.449
0.484
0.546
0.666
0.43
0.348
0.321
0.357
0.345
0.338
0.294
0.244
0.086
0.219
0.234
0.007
-0.045
-0.126
-0.115
0.064
0.253
0.096
0.095
-0.015
0.075
0.12
0.085
0.124
0.221
0.141
0.037
-0.16
-0.103
-0.179
-0.194
-0.24
-0.466
-0.492
-0.362
-0.147
-0.088
0.044
0.234
0.274
0.242
0.19
0.274
0.304
0.439
0.464
0.57
0.544
0.386
0.448
0.446
0.478
0.549
0.52
0.41
0.315
0.2
0.16
-0.115
-0.135
0.182
0.036
0.094
0.21
0.147
-0.029
-0.1
-0.083
-0.041
-0.158
-0.228
-0.274
-0.144
0.076
0.015
-0.08
0.039
0.028
0.07
0.003
0.007
0.003
-0.041
-0.154
-0.217
-0.17
-0.062
-0.016
-0.155
-0.1
-0.191
-0.071
0.085
0.13
0.195
0.375
0.315
0.241
0.131
0.191
0.134
0.145
0.084
0.071
0.145
0.13
0.166
0.175
0.034
0.058
0.028
0.029
0.114
0.247
0.339
0.229
0.206
0.179
0.171
0.201
0.168
0.113
0.121
0.295
0.208
0.044
0.051
0.0
0.006
-0.048
-0.035
-0.247
-0.365
-0.516
-0.475
-0.588
-0.609
-0.669
-0.785
-0.743
-0.693
-0.611
-0.576
-0.454
-0.381
-0.469
-0.328
-0.36
-0.414
-0.362
-0.441
-0.383
-0.311
-0.376
-0.485
-0.46
-0.471
-0.45
-0.539
-0.325
-0.04
-0.209
-0.225
-0.209
0.018
0.141
0.129
0.188
0.171
-0.064
-0.152
-0.161
-0.116
-0.107
-0.037
-0.122
-0.118
0.048
-0.186
-0.176
-0.11
-0.118
-0.129
0.07
0.329
0.367
0.556
0.634
0.504
0.674
0.578
1.0
0.922
1.139
1.167
1.195
1.133
1.136
1.163
1.288
1.153
1.04
1.035
0.99
0.894
1.123
1.339
1.343
1.374
1.646
1.502
1.399
1.177
0.986
0.907
0.776
0.705
0.599
0.497
0.395
0.344
0.271
0.021
-0.128
-0.064
0.014
-0.301
-0.312
-0.341
-0.339
-0.295
-0.304
-0.354
-0.29
-0.125
-0.231
-0.391
-0.49
-0.514
-0.432
-0.284
-0.05
0.154
0.241
0.165
0.304
0.349
0.336
0.46
0.708
0.716
0.753
1.006
0.909
0.906
0.888
0.734
0.66
0.676
0.466
0.672
0.694
0.796
0.823
0.775
0.797
0.569
0.571
0.56
0.546
0.499
0.521
0.693
0.71
0.731
0.703
0.83
0.9
1.105
1.204
1.071
0.984
0.902
0.996
0.905
1.073
1.281
1.252
1.294
1.295
1.306
1.076
1.183
1.222
1.23
1.157
1.036
1.026
0.97
1.044
0.859
0.844
0.88
0.854
0.766
0.603
0.448
0.48
0.355
0.288
0.395
0.046
0.075
-0.064
0.064
-0.062
-0.253
-0.295
-0.459
-0.56
-0.606
-0.606
-0.755
-0.833
-0.889
-0.969
-0.914
-0.939
-0.938
-0.829
-0.954
-1.078
-0.963
-0.949
-0.88
-0.95
-0.765
-0.759
-0.555
-0.522
-0.398
-0.269
-0.226
-0.009
0.125
0.198
0.214
0.481
0.356
0.345
0.436
0.425
0.64
0.775
1.022
0.996
0.955
0.595
0.479
0.131
0.411
0.199
0.246
0.155
0.335
0.371
0.491
0.524
0.771
0.864
0.705
0.474
0.47
0.224
0.351
0.352
0.521
0.403
0.537
0.53
0.469
0.415
0.29
0.203
0.235
0.284
0.3
0.26
0.125
0.06
-0.05
-0.196
-0.04
0.019
0.031
0.249
0.217
-0.003
-0.076
-0.283
-0.411
-0.52
-0.781
-0.743
-0.654
-0.693
-0.774
-0.639
-0.564
-0.688
-0.519
-0.638
-0.657
-0.674
-0.71
-0.639
-0.84
-0.787
-0.861
-0.855
-1.103
-1.026
-0.938
-0.82
-0.541
-0.64
-0.651
-0.774
-0.878
-1.095
-1.204
-1.051
-1.075
-1.25
-1.286
-1.103
-1.147
-1.498
-1.54
-1.566
-1.499
-1.471
-1.423
-1.225
-1.07
-1.079
-1.173
-1.216
-1.096
-1.011
-0.9
-0.836
-0.786
-0.728
-0.51
-0.62
-0.805
-0.733
-0.686
-0.688
-0.334
-0.366
-0.238
-0.143
-0.094
0.069
0.107
0.219
0.236
0.338
0.628
0.588
0.723
0.735
0.723
0.758
0.619
0.541
0.585
0.603
0.519
0.49
0.512
0.367
0.516
0.479
0.469
0.621
0.46
0.44
0.441
0.195
0.259
0.19
0.004
-0.051
-0.119
-0.104
-0.126
-0.145
-0.072
-0.079
-0.233
-0.436
-0.508
-0.583
-0.439
-0.334
-0.214
-0.158
0.103
-0.016
0.206
0.301
0.376
0.323
0.463
0.461
0.388
0.468
0.413
0.515
0.521
0.661
0.723
0.551
0.509
0.646
0.642
0.579
0.475
0.375
0.259
0.18
0.048
-0.014
-0.268
-0.429
-0.456
-0.487
-0.504
-0.481
-0.606
-0.791
-0.68
-0.841
-0.945
-0.866
-0.723
-0.792
-0.883
-1.011
-1.024
-0.975
-1.276
-1.32
-1.329
-1.456
-1.155
-1.347
-1.018
-1.188
-1.205
-1.058
-0.981
-0.953
-0.891
-0.756
-0.718
-0.669
-0.72
-0.971
-0.811
-0.922
-0.625
-0.396
-0.212
-0.071
-0.049
-0.009
0.226
0.238
0.434
0.694
0.896
0.9
0.99
0.961
0.902
0.76
0.647
0.674
0.811
0.924
0.881
0.825
0.735
0.719
0.74
0.594
0.618
0.69
0.68
0.714
0.716
0.772
0.41
0.644
0.393
0.266
0.473
0.228
0.076
0.14
0.049
0.104
0.321
0.241
0.312
0.475
0.189
0.241
0.286
0.051
0.076
0.186
0.131
0.081
0.25
0.171
0.356
0.336
0.259
0.273
0.263
0.249
0.522
0.515
0.56
0.473
0.388
0.398
0.367
0.141
-0.08
-0.233
-0.352
-0.29
-0.276
-0.481
-0.429
-0.552
-0.647
-0.481
-0.391
-0.427
-0.325
-0.379
-0.383
-0.5
-0.191
-0.416
-0.355
-0.576
-0.636
-0.496
-0.58
-0.481
-0.739
-0.725
-0.615
-0.756
-0.701
-0.694
-0.52
-0.804
-0.775
-0.763
-0.696
-0.652
-0.511
-0.359
-0.341
-0.344
-0.464
-0.336
-0.242
-0.119
-0.031
-0.101
-0.11
-0.196
-0.254
-0.193
-0.329
-0.389
-0.404
-0.331
-0.28
-0.279
-0.189
-0.316
-0.409
-0.255
-0.154
0.029
0.198
0.253
0.381
0.114
0.198
-0.066
-0.025
0.345
0.482
0.621
0.59
0.699
0.836
0.735
0.649
0.439
0.269
0.165
0.116
0.111
-0.071
-0.241
-0.44
-0.481
-0.556
-0.662
-0.487
-0.419
-0.557
-0.575
-0.585
-0.4
-0.422
-0.473
-0.565
-0.51
-0.564
-0.464
-0.394
-0.445
-0.471
-0.294
-0.158
-0.046
0.176
0.185
0.39
0.444
0.375
0.525
0.436
0.564
0.311
0.076
0.083
-0.003
0.001
-0.159
0.043
-0.141
-0.266
-0.166
-0.11
-0.115
-0.151
-0.133
-0.076
-0.059
0.048
-0.085
-0.021
0.035
0.091
0.116
0.173
-0.056
0.081
0.271
0.348
0.609
0.701
0.575
0.812
0.835
0.871
0.979
1.068
1.059
1.175
1.06
0.946
0.943
0.826
0.824
0.931
0.976
0.886
0.772
0.729
0.78
0.789
0.731
0.844
0.733
1.0
0.667
0.681
0.695
0.556
0.484
0.362
0.346
0.339
0.324
0.234
0.106
0.19
0.196
0.296
0.355
0.399
0.264
0.357
0.383
0.451
0.386
0.466
0.554
0.603
0.499
0.37
0.184
0.295
0.234
0.259
0.281
0.44
0.352
0.295
0.345
0.165
0.12
0.299
0.281
0.216
0.168
0.366
0.365
0.325
0.44
0.29
0.217
0.147
-0.024
0.02
-0.367
-0.504
-0.354
-0.333
-0.138
0.026
-0.066
-0.033
-0.079
-0.018
-0.126
-0.062
0.145
0.085
-0.069
-0.128
-0.25
-0.189
-0.193
-0.13
-0.216
-0.133
-0.091
-0.121
-0.05
-0.166
-0.224
-0.044
-0.089
-0.255
-0.133
-0.268
-0.09
-0.066
0.024
0.163
0.122
0.37
0.598
0.713
0.956
1.015
1.241
1.074
0.899
0.919
0.796
0.938
1.01
1.193
1.159
1.22
1.196
1.18
1.109
1.062
1.107
1.03
1.054
1.012
1.133
1.014
1.065
1.073
0.871
0.758
0.904
0.965
0.856
0.825
1.03
0.781
0.961
0.833
0.811
0.517
0.573
0.703
0.579
0.726
0.744
0.603
0.439
0.356
0.351
0.351
0.185
-0.103
-0.151
-0.29
-0.23
-0.138
0.004
0.049
-0.133
-0.163
-0.234
-0.291
-0.406
-0.38
-0.253
-0.43
-0.542
-0.71
-0.601
-0.638
-0.636
-0.5
-0.434
-0.401
-0.441
-0.404
-0.268
-0.051
0.029
0.156
0.205
0.219
0.16
0.212
0.091
0.101
0.048
-0.259
-0.129
0.045
-0.02
-0.035
-0.11
-0.278
-0.316
-0.343
-0.27
-0.345
-0.305
-0.131
-0.152
-0.189
-0.306
-0.311
-0.474
-0.708
-0.595
-0.427
-0.522
-0.506
-0.454
-0.555
-0.616
-0.432
-0.599
-0.55
-0.455
-0.395
-0.45
-0.537
-0.491
-0.306
-0.384
-0.469
-0.338
-0.174
-0.04
0.024
-0.182
-0.209
-0.086
0.016
-0.061
0.18
0.242
0.319
0.241
0.292
0.323
0.329
0.35
0.169
0.214
0.121
0.241
0.229
0.26
0.176
-0.044
-0.201
-0.258
-0.334
-0.388
-0.484
-0.495
-0.664
-0.66
-0.446
-0.525
-0.409
-0.176
-0.236
-0.37
-0.254
-0.32
-0.626
-0.67
-0.574
-0.445
-0.453
-0.485
-0.475
-0.495
-0.684
-0.519
-0.296
-0.338
-0.158
-0.128
-0.118
-0.146
-0.164
-0.165
-0.27
-0.104
-0.188
0.004
0.16
0.386
0.379
0.356
0.289
0.081
-0.096
-0.163
-0.212
0.045
0.125
0.31
0.509
0.546
0.438
0.211
0.064
-0.024
-0.052
-0.166
-0.029
0.069
0.255
0.146
0.304
0.128
0.208
0.299
0.024
0.055
-0.141
-0.133
-0.326
-0.21
-0.284
-0.211
-0.261
-0.414
-0.509
-0.61
-0.629
-0.647
-0.801
-0.714
-0.503
-0.48
-0.323
-0.362
-0.395
-0.417
-0.479
-0.605
-0.55
-0.589
-0.537
-0.555
-0.469
-0.394
-0.324
-0.229
-0.159
-0.249
-0.367
-0.235
-0.296
-0.283
-0.384
-0.482
-0.39
-0.509
-0.242
-0.367
-0.424
-0.31
-0.385
-0.203
-0.276
-0.177
-0.593
-0.35
-0.383
-0.399
-0.584
-0.596
-0.51
-0.644
-0.557
-0.479
-0.294
-0.221
-0.283
-0.309
-0.359
-0.438
-0.33
-0.152
-0.12
0.061
0.086
0.544
0.316
0.346
0.334
0.246
0.25
0.098
0.05
-0.009
-0.006
0.104
0.16
-0.029
-0.004
0.048
-0.006
-0.029
-0.015
-0.179
-0.165
-0.348
-0.367
-0.417
-0.481
-0.458
-0.593
-0.682
-0.603
-0.469
-0.593
-0.534
-0.432
-0.419
-0.471
-0.419
-0.345
-0.351
-0.271
-0.208
-0.079
-0.121
-0.055
0.101
0.134
0.216
0.12
0.352
0.314
0.417
0.432
0.519
0.365
0.231
0.362
0.299
0.116
0.009
-0.043
0.084
-0.033
-0.155
-0.21
-0.336
-0.398
-0.284
-0.46
-0.501
-0.549
-0.693
-0.79
-0.964
-0.934
-0.902
-0.959
-1.056
-1.046
-1.106
-1.019
-0.791
-0.691
-0.695
-0.623
-0.549
-0.319
-0.32
-0.122
0.072
-0.031
0.013
0.086
0.275
0.299
0.46
0.416
0.357
0.529
0.369
0.547
0.441
0.369
0.599
0.364
0.281
0.217
0.107
0.295
0.229
-0.022
0.133
0.325
0.426
0.522
0.446
0.416
0.355
0.344
0.31
0.482
0.456
0.481
0.341
0.346
0.166
0.106
0.045
0.141
0.126
0.092
-0.004
0.109
-0.074
-0.101
-0.135
-0.275
-0.256
-0.288
-0.339
-0.585
-0.662
-0.741
-0.831
-0.557
-0.619
-0.684
-0.506
-0.378
-0.302
-0.17
-0.361
-0.566
-0.569
-0.642
-0.739
-0.647
-0.704
-0.573
-0.436
-0.352
-0.328
-0.361
-0.255
-0.275
-0.164
-0.113
-0.122
-0.212
-0.24
-0.164
-0.163
0.062
0.18
0.244
0.188
0.217
0.259
0.264
0.138
0.189
-0.014
0.138
0.27
0.315
0.281
0.405
0.28
0.329
0.278
0.468
0.495
0.58
0.695
0.807
0.927
1.004
0.986
0.931
0.644
0.706
0.75
0.809
1.042
1.206
1.16
1.115
1.171
1.149
1.296
1.097
1.276
1.355
1.439
1.619
1.464
1.598
1.541
1.34
1.314
1.244
1.139
1.145
0.959
1.081
1.196
1.206
1.094
1.165
1.074
0.926
0.724
0.531
0.634
0.804
0.855
0.922
0.902
0.888
0.94
0.751
0.681
0.497
0.429
0.193
0.184
0.109
-0.195
-0.341
-0.441
-0.469
-0.545
-0.591
-0.665
-0.675
-0.816
-0.846
-0.536
-0.589
-0.598
-0.634
-0.42
-0.453
-0.311
-0.274
-0.354
-0.349
-0.26
-0.284
-0.186
-0.145
-0.05
0.176
-0.145
0.098
-0.031
0.019
-0.091
0.16
-0.134
-0.044
0.58
0.296
0.46
0.475
0.444
0.393
0.512
0.408
0.364
0.367
0.229
0.273
0.16
0.226
0.221
0.278
0.179
0.359
0.569
0.526
0.6
0.649
0.749
0.652
0.519
0.475
0.425
0.331
0.542
0.6
0.62
0.794
0.956
0.961
1.106
1.155
1.024
1.046
1.11
0.809
1.026
0.907
0.905
0.849
0.67
0.706
0.751
0.468
0.424
0.38
0.511
0.371
