-0.731
-0.789
-0.638
-0.581
-0.646
-0.596
-0.425
-0.557
-0.541
-0.416
-0.721
-0.541
-0.369
-0.479
-0.506
-0.475
-0.562
-0.585
-0.448
-0.654
-0.624
-1.078
-0.71
-0.595
-0.765
-0.706
-0.561
-0.356
-0.211
-0.021
-0.035
0.276
0.385
0.231
0.065
0.077
0.201
0.246
0.547
0.63
0.733
0.657
0.601
0.209
-0.013
-0.411
-0.388
-0.36
-0.284
-0.414
-0.516
-0.583
-0.561
-0.669
-0.629
-0.763
-0.731
-0.723
-0.67
-0.72
-0.5
-0.615
-0.814
-0.991
-0.99
-1.029
-0.82
-0.685
-0.544
-0.635
-0.706
-0.588
-0.411
-0.565
-0.625
-0.76
-0.603
-0.699
-0.818
-0.557
-0.719
-0.541
-0.372
-0.465
-0.173
-0.234
-0.105
0.133
0.244
0.403
0.44
0.408
0.346
0.481
0.315
0.23
0.324
0.334
0.286
0.334
0.409
0.554
0.566
0.565
0.416
0.557
0.552
0.521
0.367
0.345
0.247
0.406
0.356
0.258
0.2
0.201
0.4
0.375
0.494
0.38
0.41
0.446
0.288
0.233
0.168
0.004
-0.001
-0.018
-0.072
0.0
-0.046
-0.01
0.043
0.019
0.056
0.019
-0.011
-0.036
-0.111
-0.119
-0.223
-0.239
-0.029
0.003
0.028
0.169
0.11
0.414
0.456
0.584
0.765
0.38
0.08
-0.062
-0.194
-0.335
-0.394
-0.574
-0.601
-0.54
-0.684
-0.529
-0.661
-1.018
-0.943
-1.01
-0.823
-1.136
-1.115
-1.219
-1.189
-1.256
-0.906
-0.914
-0.664
-0.508
-0.284
-0.315
-0.295
-0.025
0.039
0.013
0.034
0.066
0.186
0.241
0.226
0.344
0.471
0.681
0.897
0.902
0.734
0.634
0.855
0.81
0.826
0.796
0.608
0.561
0.487
0.568
0.804
0.611
0.584
0.686
0.746
0.759
0.819
0.84
0.835
0.843
0.846
0.54
0.238
0.094
0.121
0.223
0.049
0.256
0.261
0.2
0.511
0.665
0.794
0.811
0.751
0.745
0.584
0.537
0.485
0.486
0.399
0.608
0.619
0.786
0.848
0.949
0.856
0.855
0.739
0.696
0.73
0.638
0.566
0.37
0.417
0.417
0.469
0.316
0.299
0.328
0.454
0.385
0.27
0.196
-0.116
-0.035
0.014
-0.109
-0.209
-0.156
-0.274
-0.739
-0.608
-0.745
-0.557
-0.372
-0.417
-0.121
-0.182
0.076
-0.079
0.033
0.182
0.329
0.432
0.29
0.396
0.441
0.485
0.591
0.843
0.696
0.544
0.427
0.421
0.411
0.434
0.494
0.352
0.235
0.179
0.278
0.099
0.231
0.182
0.286
0.424
0.179
-0.011
-0.169
-0.203
-0.147
-0.274
-0.089
-0.21
-0.372
-0.479
-0.579
-0.64
-0.651
-0.506
-0.432
-0.319
0.015
0.12
0.189
0.19
-0.088
-0.107
-0.275
-0.291
-0.389
-0.545
-0.378
-0.41
-0.401
-0.552
-0.471
-0.566
-0.271
-0.479
-0.386
-0.429
-0.621
-0.529
-0.564
-0.61
-0.61
-0.455
-0.491
-0.406
-0.506
-0.401
-0.245
-0.357
-0.116
-0.105
-0.098
-0.111
-0.106
-0.095
-0.264
-0.173
-0.083
-0.228
-0.066
0.024
0.024
0.143
0.297
0.141
-0.028
-0.168
-0.084
0.031
0.242
0.13
0.306
0.389
0.409
0.459
0.465
0.175
0.01
-0.026
0.02
-0.088
0.021
0.289
0.299
0.269
0.216
0.141
0.133
-0.024
0.165
0.169
0.291
0.238
0.479
0.886
0.731
0.806
0.753
0.769
0.626
0.586
0.496
0.524
0.393
0.403
0.217
-0.054
0.224
0.046
-0.026
0.013
-0.044
-0.138
-0.384
-0.321
-0.484
-0.48
-0.487
-0.083
-0.013
-0.15
0.04
0.031
0.033
-0.055
-0.307
-0.275
-0.206
-0.228
-0.147
-0.25
-0.496
-0.758
-0.782
-0.514
-0.521
-0.545
-0.698
-0.759
-0.738
-0.475
-0.309
-0.104
-0.144
-0.14
-0.16
-0.494
-0.244
-0.55
-0.48
-0.351
-0.124
0.191
0.185
0.304
0.36
0.394
0.458
0.195
0.305
0.144
0.21
0.344
0.02
0.251
0.491
0.464
0.481
-1.989
0.194
0.306
0.311
0.43
0.316
0.209
0.376
0.206
0.128
0.219
0.226
0.254
0.425
0.355
0.68
0.888
0.829
0.843
0.85
0.902
0.834
0.871
0.806
1.001
1.035
1.146
0.915
0.809
0.904
1.065
0.874
0.569
0.628
0.516
0.471
0.554
0.631
0.506
0.556
0.489
0.295
0.27
0.225
0.166
-0.114
0.103
-0.077
-0.158
-0.092
-0.179
-0.275
-0.379
-0.624
-0.715
-0.858
-0.912
-1.011
-0.973
-0.8
-0.841
-1.071
-0.932
-0.864
-0.83
-0.79
-0.856
-0.789
-0.78
-0.616
-0.631
-0.362
-0.356
-0.305
-0.16
-0.21
-0.206
-0.331
-0.328
-0.263
-0.105
0.133
0.015
0.051
0.165
0.145
0.268
0.381
0.238
0.356
0.143
0.013
-0.046
0.136
0.163
0.175
0.374
-0.02
-0.081
-0.069
-0.292
-0.519
-0.312
-0.416
-0.333
-0.107
-0.258
-0.221
-0.209
-0.163
-0.329
-0.524
-0.703
-0.919
-0.682
-0.641
-0.718
-0.915
-0.844
-0.679
-0.896
-0.958
-0.705
-0.689
-0.639
-0.814
-0.955
-0.811
-0.846
-0.655
-0.661
-0.647
-0.524
-0.667
-0.69
-0.49
-0.647
-0.453
-0.404
-0.278
-0.199
-0.015
-0.06
-0.088
0.022
-0.04
0.245
0.238
0.378
0.696
0.904
1.059
1.001
1.086
1.111
1.15
1.133
1.225
1.331
1.364
1.406
1.248
1.238
1.114
1.264
1.361
1.214
1.124
1.08
1.071
0.785
0.76
0.546
0.466
0.343
0.208
0.284
0.314
0.454
0.505
0.506
0.547
0.522
0.753
0.814
0.853
0.916
0.791
0.44
0.479
0.199
0.186
0.194
0.299
0.438
0.335
0.244
-0.037
-0.019
-0.122
0.011
0.297
0.092
0.199
-0.135
-0.022
-0.055
-0.059
0.009
-0.066
-0.054
-0.035
-0.018
-0.181
-0.074
0.037
0.198
0.362
0.469
0.46
0.574
0.419
0.55
0.281
0.22
0.005
-0.145
0.021
0.054
0.401
0.356
0.348
0.314
0.365
0.456
0.435
0.289
0.15
0.141
0.128
-0.062
-0.179
-0.06
-0.25
-0.208
-0.31
0.071
0.094
0.239
0.48
0.605
0.546
0.62
0.56
0.494
0.333
0.381
0.65
0.721
0.771
0.372
0.509
0.309
0.17
0.45
0.485
0.346
0.398
0.406
0.336
0.354
0.126
0.0
0.11
0.107
-0.079
-0.151
-0.135
-0.079
-0.138
-0.076
-0.21
-0.214
-0.031
-0.133
-0.018
-0.184
-0.138
-0.249
-0.188
-0.114
-0.279
-0.203
-0.154
-0.316
-0.338
-0.191
-0.584
-0.588
-0.432
-0.329
-0.241
-0.146
-0.109
-0.066
-0.225
-0.289
-0.214
-0.173
-0.198
-0.268
-0.314
-0.288
-0.349
-0.194
-0.448
-0.451
-0.615
-0.58
-0.647
-0.608
-0.37
-0.198
-0.163
-0.21
-0.182
-0.278
-0.26
-0.475
-0.331
-0.316
-0.399
-0.536
-0.619
-0.499
-0.314
-0.416
-0.413
-0.306
-0.356
-0.302
-0.372
-0.362
-0.379
-0.27
-0.343
-0.07
-0.249
-0.268
-0.289
-0.37
-0.359
-0.359
-0.396
-0.458
-0.509
-0.504
-0.641
-0.807
-0.665
-0.525
-0.504
-0.417
-0.141
-0.149
0.024
0.314
0.319
0.492
0.302
0.258
0.147
0.104
0.091
0.289
0.69
0.421
0.53
0.259
0.175
0.188
0.566
0.77
1.075
1.214
0.826
0.73
0.542
0.97
1.186
1.166
1.127
1.041
0.904
0.761
0.641
0.841
0.492
0.46
0.295
0.343
-0.058
0.028
0.029
-0.086
0.075
0.184
0.184
0.323
0.219
0.16
-0.143
-0.309
-0.375
-0.305
-0.361
-0.521
-0.515
-0.464
-0.429
-0.316
-0.163
-0.333
-0.251
-0.333
-0.369
-0.228
-0.343
-0.39
-0.221
-0.17
-0.336
-0.209
-0.501
-0.435
-0.245
-0.396
-0.32
-0.188
-0.242
-0.365
-0.512
-0.459
-0.424
-0.333
-0.155
-0.026
-0.292
-0.223
-0.166
-0.233
-0.22
-0.136
-0.029
-0.061
-0.061
-0.033
-0.025
0.241
-0.004
0.118
-0.039
0.006
-0.055
-0.118
0.184
0.319
0.398
0.381
0.438
0.345
0.292
0.351
0.349
0.424
0.355
0.318
0.435
0.413
0.319
0.561
0.434
0.654
0.799
0.664
0.357
0.435
0.312
0.179
0.254
0.205
-0.036
0.136
0.05
-0.03
-0.059
0.195
0.066
0.054
-0.124
0.07
0.095
0.268
0.168
0.285
0.388
0.409
0.484
0.349
0.031
-0.035
-0.176
-0.154
0.244
0.328
0.465
0.532
0.532
0.736
0.771
0.698
0.57
0.489
0.403
0.305
0.359
0.365
0.259
0.105
-0.013
-0.075
-0.21
-0.238
-0.228
-0.354
-0.3
-0.354
-0.295
-0.255
-0.263
-0.36
-0.315
-0.504
-0.675
-0.844
-0.848
-0.598
-0.366
-0.121
-0.128
-0.076
-0.076
-0.119
-0.168
-0.251
-0.413
-0.286
-0.318
-0.321
-0.292
-0.029
0.01
0.265
0.164
0.244
0.421
0.31
0.17
0.371
0.156
0.168
-0.034
0.194
0.236
0.323
0.339
0.037
-0.161
0.054
-0.014
0.095
0.045
0.096
0.051
-0.001
0.134
0.4
0.384
0.302
0.266
0.351
0.15
0.411
0.258
0.049
0.109
0.503
0.007
0.096
-0.166
-0.552
-0.37
-0.372
-0.217
-0.304
-0.297
-0.333
-0.361
-0.389
-0.551
-0.395
-0.542
-0.61
-0.601
-0.625
-0.688
-0.745
-0.636
-0.645
-0.598
-0.619
-0.524
-0.51
-0.679
-0.768
-0.448
-0.522
-0.524
-0.315
-0.03
0.021
0.021
0.124
0.128
0.318
0.33
0.372
0.45
0.411
0.335
0.246
0.231
0.299
0.275
0.329
0.38
0.568
0.164
0.2
0.084
0.217
0.254
0.372
0.346
0.35
0.271
0.2
0.076
0.085
0.205
0.465
0.339
0.255
0.396
0.451
0.534
0.396
0.469
0.751
0.64
0.557
0.698
0.611
0.5
0.573
0.421
0.263
0.261
0.575
0.309
0.527
0.343
0.461
0.754
0.935
1.016
1.005
0.945
1.096
1.181
1.164
0.95
0.94
0.879
1.09
0.714
0.901
0.438
0.459
0.375
0.318
0.295
0.247
0.434
0.14
0.244
0.273
0.034
0.051
0.324
0.21
0.071
-0.118
0.089
0.133
0.296
0.456
0.539
0.686
0.69
0.564
0.431
0.541
0.366
0.075
0.175
0.499
0.448
0.354
0.261
0.348
0.256
0.05
-0.094
-0.135
-0.194
-0.059
-0.014
0.039
-0.125
-0.3
-0.374
-0.609
-0.444
-0.42
-0.782
-0.564
-1.064
-1.074
-1.405
-1.545
-1.498
-1.654
-1.655
-1.584
-1.745
-1.945
-1.944
-1.829
-1.751
-1.736
-1.726
-1.789
-1.6
-1.6
-1.468
-1.236
-1.285
-0.889
-0.78
-0.623
-0.531
-0.422
-0.095
-0.007
0.104
0.141
0.379
0.408
0.716
1.076
1.154
1.381
1.465
1.404
1.359
1.363
1.464
1.676
1.471
1.472
1.19
1.225
0.936
1.191
0.848
0.774
0.421
0.283
0.5
0.571
0.41
0.416
0.139
0.035
-0.143
-0.492
-0.569
-0.333
-0.269
-0.42
-0.436
-0.468
-0.515
-0.728
-0.846
-0.999
-0.935
-0.889
-0.651
-0.552
-0.431
-0.307
-0.244
-0.311
-0.593
-0.605
-0.656
-0.391
-0.411
-0.154
-0.094
-0.177
-0.121
-0.121
0.071
-0.018
-0.043
-0.029
0.095
0.026
0.151
0.231
0.228
0.25
0.23
0.416
-0.052
0.168
0.326
0.179
0.534
0.5
0.726
0.759
0.489
0.839
0.825
0.936
0.878
0.804
0.959
0.655
0.914
0.77
0.896
1.001
1.0
1.143
0.805
0.895
0.809
0.85
0.735
0.62
0.751
0.486
0.4
0.175
0.285
0.241
0.25
0.329
0.274
0.045
-0.283
-0.189
-0.264
-0.235
-0.25
-0.45
-0.469
-0.575
-0.63
-0.657
-0.605
-0.201
-0.411
-0.271
-0.194
-0.362
-0.28
-0.071
-0.003
0.121
0.299
0.346
0.403
0.39
0.511
0.226
0.495
0.562
0.809
0.568
0.699
0.893
0.771
0.812
0.809
0.521
0.299
0.235
0.292
0.414
0.484
0.55
0.506
0.431
0.39
0.274
0.305
0.403
0.406
0.38
0.624
0.657
0.39
0.389
0.391
0.471
0.662
0.439
0.27
0.165
0.03
0.25
-0.048
-0.014
0.016
-0.107
0.01
0.193
0.05
-0.106
-0.355
-0.396
-0.478
-0.514
-0.609
-0.652
-0.814
-0.829
-0.799
-0.836
-0.841
-0.866
-0.708
-0.427
-0.186
-0.306
-0.139
-0.233
-0.169
-0.17
-0.328
-0.139
-0.001
0.149
0.279
0.22
0.18
0.299
0.542
0.559
0.8
1.095
1.3
1.55
1.715
1.666
1.621
1.641
1.407
1.466
1.271
1.749
1.742
1.741
1.555
1.669
1.705
1.588
1.573
1.494
1.377
1.781
1.424
1.399
1.166
0.845
0.829
0.17
0.188
-0.026
-0.125
-0.054
-0.101
0.006
-0.109
-0.144
-0.271
-0.321
-0.249
-0.404
-0.414
-0.551
-0.542
-0.357
-0.24
-0.061
-0.106
-0.035
-0.228
-0.026
-0.024
-0.035
-0.061
-0.095
-0.305
-0.537
-0.667
-0.938
-0.64
-0.657
-0.829
-0.782
-0.73
-0.795
-0.74
-1.034
-1.28
-1.302
-1.188
-1.066
-0.718
-0.666
-0.708
-0.799
-1.024
-0.983
-1.129
-1.189
-1.056
-1.032
-1.034
-1.074
-0.951
-1.073
-1.296
-1.415
-1.634
-1.426
-1.199
-0.961
-0.904
-0.628
-0.72
-0.769
-0.694
-0.649
-0.36
-0.339
-0.115
-0.233
-0.279
-0.21
-0.149
-0.181
0.055
0.288
0.508
0.599
0.421
0.473
0.501
0.556
0.64
0.805
1.049
1.002
0.911
0.94
1.088
1.106
1.054
1.123
1.154
1.305
1.409
1.171
1.274
1.214
0.929
0.74
0.47
0.191
0.072
-0.152
-0.16
-0.177
0.075
0.32
0.324
0.176
0.129
-0.13
-0.644
-0.514
-0.729
-0.76
-0.865
-0.878
-0.825
-0.551
-0.501
-0.723
-0.546
-0.744
-0.856
-0.785
-0.979
-1.015
-1.058
-1.046
-1.288
-1.01
-0.909
-0.786
-0.761
-0.764
-0.63
-0.542
-0.515
-0.529
-0.468
-0.375
-0.417
-0.354
-0.378
-0.413
-0.578
-0.55
-0.605
-0.186
-0.519
-0.391
-0.393
-0.177
-0.09
-0.099
-0.143
-0.129
0.056
0.054
-0.128
-0.091
-0.062
0.004
-0.074
-0.193
-0.13
-0.074
-0.041
-0.134
-0.21
-0.169
0.021
0.114
0.229
0.214
0.216
0.511
0.667
0.662
0.454
0.536
0.453
0.414
0.338
0.297
0.355
0.491
0.557
0.772
0.785
0.836
0.768
0.78
0.694
0.871
0.883
0.896
0.618
0.555
0.448
0.319
0.219
0.058
0.166
0.295
0.241
0.115
-0.084
-0.014
-0.12
0.01
0.033
0.271
0.349
0.307
0.225
0.118
0.111
0.14
0.079
0.031
0.077
0.037
-0.182
-0.31
-0.07
-0.07
0.195
-0.176
-0.315
-0.279
-0.323
-0.422
-0.378
-0.499
-0.58
-0.633
-0.73
-0.656
-0.459
-0.171
0.033
-0.13
-0.062
-0.234
-0.454
-0.304
-0.215
-0.165
0.07
-0.115
-0.221
-0.193
-0.351
-0.403
-0.534
-0.389
-0.173
-0.033
-0.083
-0.301
-0.487
-0.956
-0.829
-0.764
-0.545
-0.393
-0.396
-0.128
-0.329
-0.336
-0.33
-0.226
-0.031
0.083
0.08
0.09
0.304
0.496
0.451
0.713
0.593
0.794
0.916
0.93
0.811
0.657
0.753
0.787
0.998
0.995
1.173
1.201
1.12
1.085
0.763
0.685
0.689
0.709
0.674
0.765
0.807
0.56
0.429
0.463
0.385
0.388
0.331
0.199
0.094
-0.036
-0.143
-0.129
-0.083
-0.176
-0.245
-0.175
-0.254
-0.189
-0.166
0.05
0.125
0.448
0.475
0.44
0.216
0.154
0.126
0.084
-0.091
-0.344
-0.184
-0.383
-0.326
-0.314
-0.339
-0.482
-0.655
-0.614
-0.781
-0.856
-1.012
-0.974
-0.795
-0.63
-0.581
-0.487
-0.35
-0.446
-0.503
-0.349
-0.221
-0.28
-0.212
-0.238
-0.217
-0.306
-0.376
-0.233
-0.291
-0.48
-0.431
-0.364
-0.098
-0.007
0.143
0.09
0.15
0.066
0.064
-0.005
0.041
-0.035
-0.043
-0.075
-0.091
-0.028
0.019
-0.086
-0.179
-0.041
0.039
-0.185
-0.086
-0.1
-0.022
-0.101
-0.244
-0.144
-0.354
-0.161
-0.14
-0.158
-0.089
-0.095
-0.294
0.091
0.071
0.036
-0.046
0.034
0.111
0.064
0.04
-0.163
-0.145
-10.336
-0.593
-0.307
-0.411
-0.451
-0.496
-0.638
-0.786
-0.792
-0.925
-0.846
-0.836
-0.756
-0.875
-0.971
-0.863
-1.075
-0.965
-1.034
-1.064
-0.662
-0.644
-0.608
-0.696
-0.719
-0.436
-0.585
-0.384
-0.514
-0.314
-0.094
0.105
0.291
0.341
0.374
0.478
0.48
0.605
0.591
0.674
0.621
0.588
0.609
0.657
0.596
0.66
0.669
0.825
0.841
0.976
1.048
0.945
0.986
0.86
0.799
0.854
0.758
0.775
1.078
1.119
1.09
1.041
1.01
1.029
1.079
0.969
1.159
1.31
1.103
1.16
1.271
1.268
1.389
1.562
1.784
1.728
1.654
1.769
1.823
1.79
1.891
1.685
1.541
1.23
1.076
1.133
0.965
0.874
0.866
0.902
0.698
0.907
0.68
0.647
0.291
0.345
0.173
0.022
-0.146
-0.511
-0.514
-0.226
-0.158
-0.155
-0.23
-0.095
-0.103
-0.241
-0.473
-0.492
-0.644
-0.905
-0.961
-1.096
-1.131
-1.096
-0.995
-1.329
-1.345
-1.262
-1.245
-1.256
-1.335
-1.508
-1.666
-1.404
-1.639
-1.471
-1.511
-1.79
-1.516
-1.586
-1.551
-1.399
-1.344
-1.06
-0.768
-0.532
-0.38
-0.356
-0.055
0.013
-0.151
-0.055
-0.125
-0.081
0.168
0.235
0.328
0.292
0.37
0.675
0.715
0.623
0.616
0.833
0.9
0.594
0.609
0.431
0.494
0.286
0.175
-0.037
0.144
0.316
0.815
0.921
1.117
1.137
1.225
1.159
0.96
0.789
1.085
1.256
1.079
0.861
0.682
0.605
0.484
0.269
0.345
0.278
0.261
0.269
0.09
0.177
0.145
0.208
0.159
0.276
0.143
0.061
0.035
0.055
0.209
0.254
0.094
-0.054
0.028
-0.091
0.182
0.1
0.158
-0.051
-0.129
-0.107
-0.164
-0.401
-0.469
-0.479
-0.43
-0.194
0.083
0.219
0.171
0.279
0.208
0.223
0.396
10.332
10.332
0.339
0.149
0.3
-0.001
-0.156
-0.04
-0.003
-0.065
-0.299
0.0
-0.005
0.075
0.169
0.2
0.3
0.126
0.113
0.118
0.171
0.478
0.474
0.651
0.576
0.9
0.785
0.825
0.684
0.766
1.018
0.858
0.953
0.931
0.731
0.894
0.955
0.961
0.829
0.985
0.965
0.979
0.864
0.849
0.876
0.873
0.711
0.709
0.77
0.761
0.709
0.473
0.471
0.497
0.321
-0.051
0.109
0.263
0.38
0.31
-0.003
0.036
0.109
-0.029
-0.205
-0.161
-0.324
-0.529
-0.78
-0.754
-0.758
-0.761
-0.859
-1.095
-0.969
-0.854
-0.802
-0.751
-0.729
-0.635
-0.596
-0.751
-0.494
-0.614
-0.645
-0.516
-0.494
-0.787
-0.81
-0.691
-0.284
-0.288
-0.174
-0.06
-0.006
0.141
0.081
-0.015
-0.062
0.143
0.109
-0.02
0.022
-0.145
0.174
-0.173
-0.11
-0.177
-0.121
-0.064
-0.089
0.007
0.175
0.193
0.42
0.641
0.802
0.893
0.902
1.002
0.968
1.22
1.279
1.241
1.113
1.15
1.115
1.129
1.222
1.17
1.338
1.161
1.097
0.876
0.944
0.873
0.843
0.858
0.724
0.846
0.833
0.871
0.953
1.034
0.844
0.769
0.616
0.725
0.64
0.628
0.604
0.58
0.749
0.545
0.505
0.147
-0.206
-0.011
-0.021
-0.075
-0.098
-0.323
-0.229
-0.239
-0.383
10.332
-0.344
-0.058
-0.168
-0.357
-0.386
-0.419
-0.425
-0.453
-0.314
-0.245
-0.401
-0.361
-0.32
-0.468
-0.411
-0.478
-0.403
-0.549
-0.459
-0.454
-0.503
-0.614
-0.785
-0.864
-0.886
-1.054
-0.871
-0.871
-0.723
-0.904
-0.816
-0.661
-0.674
-0.698
-0.781
-0.986
-1.165
-1.119
-1.031
-0.838
-1.014
-1.228
-1.05
-1.052
-1.12
-0.978
-1.086
-1.25
-1.376
-1.1
-1.117
-0.873
-0.731
-0.888
-0.664
-0.782
-0.68
-0.731
-0.546
-0.448
-0.431
-0.26
-0.245
0.176
0.236
0.129
0.296
0.403
0.566
0.521
0.565
0.639
0.64
0.453
0.555
0.588
0.521
0.604
0.704
0.834
0.709
0.907
0.93
0.985
0.932
0.885
1.161
1.341
1.196
0.55
0.99
0.978
1.2
1.254
1.312
1.34
1.659
1.512
1.73
1.9
1.979
1.659
1.673
1.541
1.384
1.415
1.407
1.396
1.532
1.425
1.302
1.379
1.131
1.078
1.0
0.941
0.715
0.916
0.841
0.566
0.506
0.408
0.182
-0.016
-0.278
-0.409
-0.446
-0.456
-0.285
-0.189
-0.408
-0.52
-0.718
-0.728
-0.68
-0.681
-0.878
-0.709
-0.346
-0.393
-0.63
-0.595
-0.623
-0.604
-0.474
-0.715
-0.776
-0.716
-0.979
-0.676
-0.735
-0.675
-0.435
-0.55
-0.251
-0.453
-0.088
-0.276
-0.251
-0.263
-0.085
-0.014
-0.001
0.206
0.238
0.512
0.618
0.531
0.458
0.43
0.331
-0.02
-0.081
-0.27
-0.325
-0.389
-0.621
-0.734
-0.694
-0.679
-0.786
-0.93
-1.116
-1.235
-1.018
-1.059
-1.135
-0.894
-0.869
-0.68
-0.787
-0.661
-0.655
-0.604
-0.56
-0.284
-0.329
-0.158
-0.15
-0.088
-0.226
-0.316
-0.306
-0.176
-0.175
-0.105
-0.058
-0.025
0.005
0.035
0.154
0.269
0.362
0.32
0.388
0.44
0.384
0.465
0.238
0.128
0.095
0.186
0.39
0.469
0.83
