-0.288
-0.174
-0.06
-0.006
0.141
0.081
-0.015
-0.062
0.143
0.109
-0.02
0.022
-0.145
0.174
-0.173
-0.11
-0.177
-0.121
-0.064
-0.089
0.007
0.175
0.193
0.42
0.641
0.802
0.893
0.902
1.002
0.968
1.22
1.279
1.241
1.113
1.15
1.115
1.129
1.222
1.17
1.338
1.161
1.097
0.876
0.944
0.873
0.843
0.858
0.724
0.846
0.833
0.871
0.953
1.034
0.844
0.769
0.616
0.725
0.64
0.628
0.604
0.58
0.749
0.545
0.505
0.147
-0.206
-0.011
-0.021
-0.075
-0.098
-0.323
-0.229
-0.239
-0.383
10.332
-0.344
-0.058
-0.168
-0.357
-0.386
-0.419
-0.425
-0.453
-0.314
-0.245
-0.401
-0.361
-0.32
-0.468
-0.411
-0.478
-0.403
-0.549
-0.459
-0.454
-0.503
-0.614
-0.785
-0.864
-0.886
-1.054
-0.871
-0.871
-0.723
-0.904
-0.816
-0.661
-0.674
-0.698
-0.781
-0.986
-1.165
-1.119
-1.031
-0.838
-1.014
-1.228
-1.05
-1.052
-1.12
-0.978
-1.086
-1.25
-1.376
-1.1
-1.117
-0.873
-0.731
-0.888
-0.664
-0.782
-0.68
-0.731
-0.546
-0.448
-0.431
-0.26
-0.245
0.176
0.236
0.129
0.296
0.403
0.566
0.521
0.565
0.639
0.64
0.453
0.555
0.588
0.521
0.604
0.704
0.834
0.709
0.907
0.93
0.985
0.932
0.885
1.161
1.341
1.196
0.55
0.99
0.978
1.2
1.254
1.312
1.34
1.659
1.512
1.73
1.9
1.979
1.659
1.673
1.541
1.384
1.415
1.407
1.396
1.532
1.425
1.302
1.379
1.131
1.078
1.0
0.941
0.715
0.916
0.841
0.566
0.506
0.408
0.182
-0.016
-0.278
-0.409
-0.446
-0.456
-0.285
-0.189
-0.408
-0.52
-0.718
-0.728
-0.68
-0.681
-0.878
-0.709
-0.346
-0.393
-0.63
-0.595
-0.623
-0.604
-0.474
-0.715
-0.776
-0.716
-0.979
-0.676
-0.735
-0.675
-0.435
-0.55
-0.251
-0.453
-0.088
-0.276
-0.251
-0.263
-0.085
-0.014
-0.001
0.206
0.238
0.512
0.618
0.531
0.458
0.43
0.331
-0.02
-0.081
-0.27
-0.325
-0.389
-0.621
-0.734
-0.694
-0.679
-0.786
-0.93
-1.116
-1.235
-1.018
-1.059
-1.135
-0.894
-0.869
-0.68
-0.787
-0.661
-0.655
-0.604
-0.56
-0.284
-0.329
-0.158
-0.15
-0.088
-0.226
-0.316
-0.306
-0.176
-0.175
-0.105
-0.058
-0.025
0.005
0.035
0.154
0.269
0.362
0.32
0.388
0.44
0.384
0.465
0.238
0.128
0.095
0.186
0.39
0.469
0.83
0.869
0.873
0.951
0.834
0.911
1.113
1.22
1.153
1.079
1.203
1.189
1.089
1.076
1.401
1.515
1.404
1.371
1.165
1.147
1.134
0.834
0.716
0.754
0.583
0.348
0.225
0.034
-0.043
0.1
-0.071
-0.144
-0.231
-0.069
-0.171
-0.364
-0.389
-0.461
-0.318
-0.598
-0.473
-0.672
-0.611
-0.422
-0.616
-0.376
-0.234
-0.029
-0.242
-0.17
-0.048
0.059
-0.173
-0.035
-0.175
0.026
-0.022
0.141
0.173
0.103
0.01
-0.128
-0.062
-0.036
-0.195
-0.571
-0.626
-0.728
-0.594
-0.521
-0.468
-0.503
-0.647
-0.623
-0.909
-0.86
-1.002
-1.13
-1.044
-0.956
-0.866
-0.834
-0.751
-0.769
-0.758
-0.841
-0.805
-0.729
-0.888
-0.787
-0.698
-0.485
-0.545
-0.361
-0.265
-0.37
-0.12
-0.355
0.0
0.214
0.165
0.28
0.367
0.344
0.228
0.299
0.16
0.103
0.273
0.492
0.66
0.74
0.593
0.595
0.718
0.458
0.532
0.315
0.256
0.128
0.26
0.333
0.231
0.61
0.574
0.6
0.575
0.432
0.37
0.537
0.744
0.789
0.693
0.823
0.936
1.083
0.964
1.106
1.11
1.19
1.208
1.073
1.066
1.097
1.068
1.028
0.85
0.917
0.78
0.754
0.598
0.713
0.631
0.545
0.376
0.075
-0.076
-0.203
-0.054
-0.22
-0.297
-0.453
-0.355
-0.522
-0.432
-0.352
-0.265
-0.168
-0.284
-0.283
-0.485
-0.369
-0.244
-0.367
-0.448
-0.416
-0.385
-0.291
-0.417
-0.321
-0.417
-0.292
-0.17
-0.234
-0.314
-0.122
0.121
-0.065
-0.004
-0.043
-0.061
-0.071
-0.305
-0.138
-0.124
-0.16
-0.2
-0.19
-0.149
-0.235
-0.42
-0.536
-0.451
-0.53
-0.404
-0.345
-0.479
-0.396
-0.441
-0.465
-0.595
-0.665
-0.615
-0.776
-0.588
-0.891
-1.062
-0.78
-0.58
-0.25
-0.155
-0.035
-0.043
-0.18
-0.321
-0.294
-0.113
-0.289
-0.253
-0.441
-0.333
-0.329
-0.411
-0.176
-0.297
-0.276
-0.029
-0.113
-0.077
-0.118
-0.075
-0.109
-0.099
-0.113
0.064
0.051
0.124
0.539
0.527
0.424
0.446
0.494
0.608
0.734
0.863
0.812
1.146
1.079
1.109
1.135
1.065
0.958
0.841
0.624
0.934
0.891
0.879
1.008
0.865
0.895
0.979
0.919
0.995
1.049
1.076
0.843
0.841
0.605
0.685
0.497
0.574
0.546
0.482
0.336
0.216
0.209
0.355
0.25
0.339
0.388
0.445
0.304
0.292
0.384
0.48
0.419
0.326
0.226
0.092
-0.07
-0.196
-0.244
-0.326
-0.268
-0.512
-0.716
-0.874
-1.052
-1.093
-1.094
-1.029
-1.24
-1.338
-1.528
-1.218
-1.351
-1.209
-1.367
-1.23
-1.262
-1.193
-1.266
-1.329
-1.089
-1.179
-1.116
-1.061
-0.979
-0.634
-0.62
-0.451
-0.201
-0.312
-0.431
-0.284
-0.351
-0.17
-0.269
-0.224
-0.011
0.031
0.134
0.083
0.42
0.524
0.723
0.894
0.881
1.12
1.094
1.083
1.011
0.945
1.064
0.785
0.76
0.661
0.514
0.422
0.336
0.47
0.541
0.599
0.616
0.881
0.489
0.331
0.626
0.58
0.562
0.449
0.598
0.554
0.454
0.541
0.594
0.469
0.294
0.436
0.393
-0.03
-0.271
-0.505
-0.49
-0.662
-0.655
-0.618
-0.411
-0.599
-0.618
-0.52
-0.471
-0.238
-0.288
-0.19
-0.13
-0.168
-0.238
-0.276
-0.071
-0.219
-0.211
-0.339
-0.15
-0.239
-0.253
-0.283
-0.446
-0.344
-0.309
-0.221
-0.173
-0.279
-0.458
-0.269
-0.379
-0.474
-0.415
-0.445
-0.285
-0.181
0.055
0.036
0.103
0.376
0.269
0.381
0.714
0.849
0.861
0.945
1.169
1.041
1.048
0.82
0.614
0.481
0.486
0.53
0.454
0.421
0.536
0.435
0.628
0.593
0.595
0.709
0.718
0.825
0.858
0.834
0.704
0.557
0.585
0.578
0.506
0.539
0.73
0.662
0.625
0.65
0.458
0.427
0.143
0.175
-0.145
-0.29
-0.266
-0.319
-0.195
-0.356
-0.336
-0.103
-0.199
-0.236
-0.215
-0.422
-0.482
-0.525
-0.714
-0.855
-0.806
-0.571
-0.335
-0.414
-0.569
-0.665
-0.623
-0.726
-0.685
-0.711
-0.667
-0.686
-0.596
-0.389
-0.229
-0.225
-0.135
0.133
-0.085
-0.08
-0.098
-0.076
-0.084
-0.134
-0.035
0.109
0.4
0.27
0.28
0.234
0.333
0.13
-0.076
0.281
-0.128
0.052
0.195
0.236
0.557
0.654
0.647
0.685
0.681
0.823
0.868
1.129
1.119
1.061
1.161
1.064
0.968
0.667
0.644
0.524
0.578
0.474
0.446
0.639
0.704
0.916
0.829
1.074
1.069
1.041
1.195
1.041
1.097
1.171
0.954
0.858
0.89
0.729
0.541
0.348
0.236
0.239
0.195
0.066
-0.036
0.051
0.056
0.085
-0.09
-0.193
-0.59
-0.734
-0.765
-0.676
-0.853
-0.899
-1.116
-1.193
-1.216
-1.14
-1.124
-1.226
-0.966
-0.876
-0.88
-0.986
-0.989
-0.97
-1.095
-1.153
-1.171
-1.002
-0.797
-0.546
-0.348
-0.338
-0.092
-0.343
-0.211
-0.185
-0.288
-0.155
-0.195
-0.296
-0.133
-0.168
-0.11
-0.034
0.081
0.055
0.146
0.048
-0.022
0.045
-0.072
-0.104
-0.146
-0.196
-0.258
0.044
-0.436
-0.339
-0.473
-0.496
-0.556
-0.731
-0.625
-0.741
-0.725
-0.901
-1.034
-0.994
-0.998
-0.92
-0.954
-0.736
-0.535
-0.571
-0.53
-0.519
-0.506
-0.445
-0.318
-0.235
-0.003
0.369
0.31
0.446
0.49
0.856
1.104
1.055
1.36
1.405
1.377
1.471
1.574
1.549
1.623
1.646
1.659
1.704
1.748
1.441
1.48
1.529
1.508
1.366
1.299
1.706
1.568
1.275
1.222
1.218
1.27
1.315
1.147
1.029
0.909
0.765
0.266
0.39
0.36
0.371
0.217
0.081
0.284
0.225
0.2
0.12
0.122
0.103
-0.145
-0.236
-0.314
-0.061
-0.173
0.072
0.239
0.106
0.02
-0.098
-0.115
-0.166
-0.291
-0.425
-0.424
-0.22
-0.195
-0.035
-0.14
-0.294
-0.449
-0.579
-0.677
-0.766
-0.828
-0.906
-0.914
-0.555
-0.768
-0.556
-0.494
-0.591
-0.455
-0.593
-0.464
-0.65
-0.754
-0.816
-0.823
-0.7
-0.754
-0.791
-0.79
-0.856
-0.985
-0.995
-1.01
-0.916
-0.905
-1.042
-0.809
-0.531
-0.506
-0.438
-0.527
-0.481
-0.503
-0.379
-0.431
-0.281
-0.066
0.206
0.219
0.321
0.5
0.478
0.458
0.677
0.774
0.983
0.9
0.979
0.934
0.838
0.931
1.135
0.95
1.315
1.106
1.165
1.455
1.324
1.464
1.416
1.568
1.679
1.621
1.709
1.829
1.79
1.844
1.625
1.675
1.531
1.539
1.578
1.653
1.755
1.761
1.609
1.458
1.445
1.183
1.046
0.902
0.675
0.726
0.634
0.539
0.32
0.244
0.134
0.033
-0.135
-0.344
-0.305
-0.551
-0.599
-0.718
-0.943
-1.166
-1.276
-1.319
-1.502
-1.502
-1.276
-1.286
-1.034
-1.271
-1.205
-1.209
-1.416
-1.282
-1.21
-1.221
-1.296
-1.088
-1.071
-1.113
-1.19
-1.17
-1.145
-1.193
-0.984
-0.906
-0.646
-0.224
-0.035
-0.256
-0.244
-0.2
-0.189
-0.061
0.031
0.374
0.099
0.279
0.2
0.152
-0.019
-0.016
0.064
0.08
0.325
0.378
0.416
0.62
0.743
0.672
0.894
0.81
0.666
0.81
0.706
0.686
0.676
0.494
0.814
0.561
0.552
0.524
0.568
0.695
0.611
0.754
0.667
0.634
0.595
0.471
0.491
0.389
0.384
0.297
0.344
0.348
0.415
0.374
0.33
0.11
-0.13
-0.194
-0.455
-0.586
-0.615
-0.848
-0.91
-1.0
-1.09
-1.27
-1.123
-0.958
-0.998
-0.959
-0.955
-0.86
-0.954
-0.929
-0.925
-0.99
-1.009
-0.97
-0.859
-0.891
-0.906
-0.949
-0.866
-0.964
-0.662
-0.671
-0.524
-0.561
-0.514
-0.65
-0.739
-0.555
-0.479
-0.749
-0.614
-0.584
-0.67
-0.761
-0.661
-0.672
-0.508
-0.328
0.04
0.022
0.366
0.188
0.165
0.098
0.085
-0.094
0.105
0.11
0.105
0.151
-0.065
-0.005
0.113
0.251
0.22
0.146
0.129
0.209
0.177
-0.041
-0.445
-0.244
-0.431
-0.43
-0.372
-0.158
-0.051
-0.14
-0.011
-0.035
0.156
0.099
0.106
0.043
-0.011
-0.009
0.103
0.054
0.125
0.031
-0.08
-0.074
-0.135
-0.27
-0.439
-0.304
-0.315
-0.205
-0.296
-0.258
-0.241
-0.223
-0.475
-0.339
-0.466
-0.416
-0.319
-0.414
-0.546
-0.595
-0.514
-0.734
-0.724
-0.888
-0.652
-0.74
-0.723
-0.743
-0.485
-0.786
-0.54
-0.414
-0.431
-0.283
-0.255
-0.289
-0.344
-0.395
-0.233
-0.492
-0.361
-0.785
-0.811
-0.758
-0.698
-0.644
-0.461
-0.619
-0.598
-0.55
-0.388
-0.194
-0.231
-0.045
-0.036
-0.098
0.028
0.144
0.374
0.564
0.541
0.725
1.078
1.26
1.174
1.26
1.439
1.491
1.51
1.495
1.482
1.357
1.189
1.23
1.301
1.136
1.201
1.042
1.109
1.075
0.899
0.919
0.889
0.809
0.899
0.854
0.922
0.743
0.71
0.78
0.895
0.856
0.749
0.846
0.657
0.641
0.665
0.515
0.684
0.598
0.645
0.715
0.465
0.554
0.522
0.255
0.249
0.247
0.099
0.025
-0.007
-0.081
-0.072
0.001
0.07
-0.114
-0.135
-0.034
-0.091
-0.049
-0.062
0.05
0.09
0.039
0.077
-0.205
-0.177
-0.264
-0.357
-0.28
-0.431
-0.362
-0.603
-0.685
-0.7
-0.766
-0.89
-0.797
-0.819
-0.775
-0.539
-0.484
-0.446
-0.454
-0.375
-0.348
-0.099
-0.253
-0.184
-0.216
-0.224
-0.3
-0.422
-0.53
-0.46
-0.58
-0.638
-0.686
-0.634
-0.534
-0.599
-0.551
-0.604
-0.492
-0.49
-0.468
-0.259
-0.364
-0.386
-0.281
-0.367
-0.385
-0.415
-0.265
-0.144
-0.061
-0.106
-0.307
-0.136
-0.099
-0.238
-0.106
-0.186
-0.034
-0.085
-0.306
-0.226
-0.388
-0.463
-0.642
-0.484
-0.665
-0.754
-0.564
-0.584
-0.65
-0.61
-0.561
-0.431
-0.448
-0.31
-0.199
-0.065
0.17
0.2
0.176
0.216
0.133
0.115
0.144
0.193
0.198
0.103
0.188
0.13
0.269
0.306
0.169
0.396
0.526
0.4
0.414
0.344
0.311
0.236
0.085
0.039
0.071
0.165
0.215
0.255
0.255
0.17
0.118
0.05
0.026
0.118
0.085
0.089
-0.001
0.103
0.193
0.054
0.177
0.135
0.109
0.103
0.115
0.133
0.562
0.633
0.802
0.801
0.719
0.794
0.65
0.838
0.645
0.497
0.365
0.302
0.391
0.516
0.508
0.414
0.236
0.33
0.286
0.331
0.344
0.369
0.338
0.466
0.398
0.603
0.716
0.85
1.052
1.193
1.194
1.155
1.076
0.904
0.869
0.719
0.566
0.598
0.541
0.601
0.449
0.729
0.579
0.405
0.508
0.698
0.531
0.559
0.704
0.59
0.385
0.388
0.276
0.275
0.136
-0.014
0.06
0.14
0.075
0.095
0.146
0.065
0.38
0.312
0.278
0.361
0.211
0.244
0.278
0.212
0.025
-0.011
-0.105
-0.025
0.089
-0.029
-0.02
-0.261
-0.284
-0.263
-0.116
-0.299
-0.279
-0.367
-0.429
-0.362
-0.628
-0.494
-0.286
-0.255
-0.305
-0.156
-0.134
-0.113
-0.119
-0.241
-0.39
-0.278
-0.254
-0.144
-0.174
-0.324
-0.274
-0.357
-0.389
-0.426
-0.494
-0.406
-0.348
-0.21
0.066
0.1
0.304
0.331
0.238
0.194
0.346
0.235
0.352
0.217
0.414
0.354
0.435
0.451
0.481
0.455
0.258
0.276
0.279
0.226
0.236
0.064
0.028
-0.025
-0.129
-0.037
-0.159
-0.104
-0.189
-0.122
-0.161
-0.143
-0.286
-0.279
-0.244
-0.331
-0.514
-0.503
-0.555
-0.679
-0.709
-0.608
-0.726
-0.566
-0.621
-0.471
-0.396
-0.152
-0.004
0.026
0.171
0.089
0.036
0.096
0.276
0.32
0.278
0.341
0.44
0.475
0.264
0.441
0.411
0.519
0.514
0.71
0.665
0.573
0.579
0.388
0.45
0.441
0.37
0.234
0.055
0.072
-0.119
-0.173
-0.074
-0.001
-0.099
-0.059
-0.173
-0.191
-0.312
-0.285
-0.289
-0.259
-0.211
-0.229
-0.163
-0.168
-0.161
-0.281
-0.273
-0.379
-0.379
-0.341
-0.339
-0.401
-0.458
-0.289
-0.344
-0.31
-0.335
-0.166
-0.054
0.136
0.329
0.2
0.254
0.119
0.007
0.089
0.24
0.362
0.375
0.424
0.604
0.571
0.625
0.698
0.719
0.873
0.996
0.981
0.916
0.926
0.944
0.946
0.755
0.8
0.76
0.81
0.666
0.657
0.59
0.623
0.578
0.531
0.526
0.624
0.511
0.427
0.521
0.478
0.48
0.396
0.169
0.086
0.02
0.033
-0.074
0.049
-0.089
-0.159
-0.296
-0.319
-0.372
-0.343
-0.323
-0.489
-10.336
-0.866
-0.846
-0.735
-1.318
-0.939
-0.964
-0.973
-0.948
-0.934
-0.89
-0.846
-0.768
-0.695
-0.674
-0.815
-0.682
-0.811
-0.839
-0.753
-0.855
-0.725
-0.68
-0.581
-0.517
-0.348
-0.259
-0.143
-0.007
0.134
0.143
0.253
0.352
0.516
0.49
0.469
0.49
0.72
0.825
0.878
1.039
1.129
1.137
1.166
1.124
1.143
1.204
1.311
1.093
0.961
1.071
0.865
0.915
0.771
0.725
0.666
0.883
0.81
0.834
0.766
0.562
0.524
0.534
0.531
0.381
0.236
0.258
0.139
0.051
0.091
0.013
-0.039
0.056
0.176
0.149
0.129
0.029
0.146
0.065
-0.059
-0.085
-0.059
-0.319
-0.341
-0.393
-0.415
-0.475
-0.297
-0.48
-0.454
-0.459
-0.357
-0.266
-0.221
-0.19
0.01
-0.013
-0.041
0.151
0.209
0.29
0.48
0.537
0.486
0.504
0.529
0.473
0.404
0.245
0.399
0.256
0.1
0.125
-0.004
-0.116
-0.021
-0.018
-0.031
-0.144
-0.225
-0.228
-0.378
-0.288
-0.231
-0.173
-0.333
-0.215
-0.15
0.035
-0.121
-0.195
-0.076
-0.062
-0.118
-0.16
-0.13
-0.094
-0.074
-0.212
-0.165
-0.098
-0.258
-0.19
-0.249
-0.044
0.034
0.071
0.177
0.201
0.171
0.276
0.195
0.24
0.166
0.085
-0.085
-0.199
-0.251
-0.219
-0.208
-0.149
0.051
0.075
0.154
0.061
0.028
0.019
-0.198
-0.297
-0.113
-0.365
-0.268
-0.253
-0.279
-0.12
0.058
0.244
0.294
0.325
0.608
0.681
0.713
0.858
0.906
0.8
0.899
0.961
1.012
0.936
0.764
0.936
0.891
0.718
-10.336
0.561
0.559
0.53
0.3
0.226
0.075
0.045
0.052
-0.065
-0.254
-0.217
-0.408
-0.537
-0.661
-0.585
-0.741
-10.336
-1.071
-0.998
-0.988
-1.091
-1.248
-1.325
-1.43
-1.651
-1.785
-1.759
-1.795
-1.774
-1.829
-1.636
-1.585
-1.456
-1.453
-1.232
-1.171
-1.035
-1.014
-0.848
-0.74
-0.886
-0.77
-0.776
-0.649
-0.67
-0.575
-0.57
-0.369
-0.25
-0.131
-0.135
-0.164
-0.07
0.145
0.01
0.135
-0.129
0.215
0.231
0.334
0.278
0.381
0.509
0.474
0.659
0.713
0.819
0.996
1.052
1.194
1.05
1.056
1.012
0.853
0.779
0.846
0.619
0.566
0.565
0.593
0.698
0.6
0.764
0.744
0.713
0.87
0.838
0.973
0.802
0.777
0.685
0.604
0.434
0.369
0.48
0.323
0.304
0.291
0.219
0.086
0.296
0.304
0.276
0.359
0.263
0.349
0.417
0.491
0.551
0.416
0.424
0.3
0.349
0.393
0.209
0.294
0.354
0.409
0.404
0.601
0.555
0.524
0.647
0.811
0.703
0.845
0.65
0.536
0.424
0.274
0.244
0.219
0.095
0.031
-0.09
-0.124
-0.214
-0.166
-0.079
-0.124
-0.125
-0.406
-0.323
-0.403
-0.38
-0.219
-0.247
-0.242
-0.325
-0.411
-0.556
-0.715
-0.59
-0.739
-0.565
-0.515
-0.521
-0.421
-0.391
-0.275
-0.149
-0.094
-0.046
-0.217
-0.191
-0.118
-0.058
-0.066
-0.251
-0.311
-0.334
-0.228
-0.134
-0.158
-0.318
-0.26
-0.491
-0.656
-0.711
-0.774
-0.749
-0.679
-0.77
-0.654
-0.623
-0.645
-0.716
-0.759
-0.744
-0.68
-0.473
-0.559
-0.434
-0.339
-0.269
-0.051
0.025
0.089
0.14
0.069
0.343
0.379
0.362
0.494
0.37
0.438
0.459
0.68
0.654
0.684
0.615
0.566
0.73
0.661
0.425
0.44
0.591
0.48
0.422
0.28
0.314
0.269
0.296
0.231
0.077
-0.06
-0.22
-0.434
-0.566
-0.746
-0.642
-0.604
-0.564
-0.465
-0.584
-0.564
-0.691
-0.578
-0.569
-0.61
-0.565
-0.71
-0.527
-0.698
-0.703
-0.824
-0.688
-0.616
-0.623
-0.55
-0.465
-0.388
-0.45
-0.399
-0.416
-0.254
-0.231
-0.133
-0.156
-0.072
-0.028
0.135
0.135
0.219
0.165
0.156
0.16
0.129
0.174
0.212
0.209
0.114
0.239
0.209
0.199
0.256
0.179
-0.191
-0.084
-0.115
-0.269
-0.245
-0.33
-0.266
-0.399
-0.389
-0.383
-0.503
-0.396
-0.396
-0.37
-0.335
-0.366
-0.247
-0.289
-0.275
-0.231
-0.199
-0.302
-0.456
-0.226
-0.135
0.051
0.041
0.019
0.071
0.118
0.261
0.11
0.344
0.299
0.535
0.455
0.521
0.536
0.56
0.559
0.598
0.508
0.489
0.343
-10.336
0.224
0.305
0.035
0.155
0.125
-0.066
-0.144
-0.245
-0.217
-0.249
-0.352
-0.413
-0.403
-0.448
-0.539
-0.359
-0.365
-0.434
-0.391
-0.471
-0.492
-0.422
-0.411
-0.461
-0.36
-0.319
-0.196
-0.199
-0.111
0.048
0.056
0.035
-0.144
0.003
-0.096
-0.109
0.155
0.144
0.199
0.062
0.15
0.1
0.059
-0.049
-0.074
-0.035
0.049
-0.02
-0.01
0.024
0.077
0.249
0.26
0.479
0.44
0.294
0.254
0.223
0.244
0.003
-0.077
-0.22
-0.284
-0.253
-0.395
-0.434
-0.49
-0.451
-0.343
-0.36
-0.27
-0.286
-0.21
-0.166
-0.088
-0.28
-0.38
-0.381
-0.401
-0.354
-0.324
-0.233
-0.321
-0.249
-0.255
-0.405
-0.236
-0.335
-0.45
-0.503
-0.57
-0.431
-0.698
-0.706
-0.631
-0.515
-0.616
-0.554
-0.55
-0.396
-0.403
-0.315
-0.593
-0.69
-0.557
-0.738
-0.694
-0.555
-0.485
-0.468
-0.309
-0.231
-0.23
-0.208
-0.143
-0.179
-0.84
0.125
0.208
0.271
0.138
0.409
0.414
0.443
0.459
0.575
0.559
0.74
0.881
0.77
0.921
0.769
0.87
0.998
1.278
1.323
1.375
1.346
1.165
1.24
1.111
1.157
1.305
1.044
1.125
1.062
0.922
0.906
0.823
0.873
0.948
0.823
0.865
0.834
0.835
0.465
0.33
0.245
0.171
0.018
0.01
-0.013
-0.094
-0.247
-0.264
-0.522
-0.631
-0.598
-0.794
-0.686
-0.735
-0.895
-0.836
-0.868
-1.094
-1.039
-1.066
-1.123
-1.117
-0.98
10.332
-0.868
-1.196
-1.18
-1.062
-0.991
-0.969
-0.785
-0.738
-0.661
