0.348
0.455
0.557
0.646
0.714
0.656
0.573
0.484
0.6
0.674
0.646
0.775
0.789
0.679
0.633
0.787
0.924
0.84
0.646
0.7
0.708
0.644
0.691
0.691
0.79
0.629
0.729
0.656
0.796
0.975
0.945
0.881
0.922
0.894
0.927
1.125
0.865
0.719
0.569
0.714
0.754
0.649
0.496
0.424
0.589
0.623
0.581
0.526
0.689
0.655
0.549
0.405
0.385
0.362
0.246
0.415
0.486
0.594
0.755
0.704
0.774
0.604
0.521
0.569
0.546
0.625
0.824
0.926
0.86
0.863
1.099
0.963
1.126
1.046
0.946
0.885
0.73
0.883
0.875
1.101
1.234
1.203
1.353
1.376
1.193
0.954
0.805
0.85
0.74
0.706
0.672
0.554
0.486
0.459
0.234
0.08
0.211
0.253
0.258
0.415
0.501
0.735
0.524
0.443
0.247
0.278
0.124
-0.062
-0.084
-0.349
-0.5
-0.534
-0.579
-0.49
-0.4
-0.456
-0.276
-0.482
-0.52
-0.487
-0.378
-0.156
-0.271
-0.316
-0.446
-0.547
-0.521
-0.44
-0.426
-0.601
-0.652
-0.406
-0.254
-0.296
-0.214
-0.074
-0.15
-0.062
-0.036
-0.049
-0.001
0.051
0.074
-0.138
0.158
0.415
0.557
0.709
0.636
0.594
0.5
0.456
0.417
0.505
0.345
0.236
0.261
-0.04
-0.131
-0.22
-0.163
-0.297
-0.32
-0.344
-0.274
-0.491
-0.384
-0.495
-0.208
-0.122
-0.212
-0.19
-0.35
-0.475
-0.028
0.226
0.244
0.289
0.305
0.115
0.025
-0.125
-0.395
-0.448
-0.326
-0.393
-0.542
-0.55
-0.64
-0.664
-0.779
-0.595
-0.635
-0.809
-0.814
-0.786
-0.69
-0.684
-0.654
-0.565
-0.579
-0.646
-0.745
-0.77
-0.792
-0.809
-0.807
-0.578
-0.326
-0.246
-0.165
-0.043
0.219
0.325
0.396
0.441
0.574
0.128
0.294
0.182
0.241
0.341
0.134
-0.016
-0.036
-0.065
-0.103
-0.03
0.101
0.245
0.295
0.37
0.575
0.514
0.696
0.859
0.834
0.661
0.629
0.835
0.897
1.024
0.948
1.022
1.083
0.98
0.978
0.906
0.759
0.811
1.046
1.012
0.97
0.889
0.825
0.794
0.775
0.524
0.53
0.321
0.331
0.375
0.343
0.294
0.212
0.18
0.009
-0.154
-0.27
-0.278
-0.283
-0.111
-0.131
-0.201
-0.143
-0.328
-0.367
-0.39
-0.281
-0.365
-0.552
-0.463
-0.562
-0.535
-0.389
-0.589
-0.649
-0.599
-0.473
-0.228
-0.346
-0.242
-0.492
-0.714
-0.705
-0.677
-0.745
-0.782
-0.883
-0.787
-0.616
-0.623
-0.566
-0.611
-0.835
-0.935
-1.025
-0.825
-0.666
-0.849
-0.71
-0.991
-1.166
-1.238
-1.309
-1.391
-1.38
-1.431
-1.433
-1.417
-1.262
-1.326
-1.289
-1.167
-0.876
-0.834
-0.9
-0.763
-0.978
-0.885
-0.87
-0.708
-0.595
-0.334
-0.214
-0.013
0.177
0.289
0.424
0.367
0.436
0.375
0.339
0.302
0.367
0.278
0.266
0.255
0.199
0.336
0.246
0.409
0.398
0.43
0.389
0.388
0.639
0.55
0.311
0.17
0.408
0.383
0.343
0.307
0.399
0.478
0.359
0.217
0.215
0.103
-0.049
-0.021
-0.015
-0.037
-0.08
-0.134
-0.261
-0.261
-0.177
-0.24
-0.408
-0.547
-0.841
-0.963
-0.953
-0.991
-0.965
-0.815
-0.911
-0.706
-0.856
-0.927
-0.787
-0.729
-0.527
-0.569
-0.644
-0.57
-0.53
-0.422
-0.52
-0.594
-0.656
-0.529
-0.556
-0.443
-0.556
-0.638
-0.456
-0.466
-0.489
-0.651
-0.532
-0.625
-0.78
-0.841
-0.958
-0.871
-0.83
-0.868
-0.883
-0.833
-0.819
-0.789
-0.705
-0.815
-0.784
-0.67
-0.704
-0.706
-0.738
-0.799
-0.789
-0.609
-0.436
-0.414
-0.278
-0.268
-0.247
-0.071
0.061
0.244
0.312
0.379
0.674
0.672
0.791
1.031
1.229
1.492
1.516
1.466
1.508
1.364
1.419
1.23
1.086
1.014
0.953
0.896
0.76
0.633
0.532
0.421
0.55
0.831
0.746
0.85
0.939
0.888
0.886
0.768
0.834
0.561
0.314
0.28
0.176
0.16
0.02
-0.069
-0.03
0.048
0.239
0.245
0.268
0.372
0.364
0.339
0.274
0.357
0.39
0.422
0.289
0.361
0.344
0.446
0.479
0.357
0.26
0.18
0.088
-0.051
-0.11
-0.284
-0.285
-0.09
-0.055
-0.122
-0.021
-0.107
-0.14
-0.225
-0.2
-0.301
-0.394
-0.424
-0.511
-0.61
-0.675
-0.624
-0.701
-0.76
-0.77
-0.738
-0.735
-0.849
-0.616
-0.506
-0.356
-0.374
-0.258
-0.269
-0.369
-0.228
-0.182
-0.005
-0.007
0.075
0.007
-0.049
-0.013
0.16
0.186
0.372
0.319
0.311
0.338
0.456
0.417
0.434
0.55
0.542
0.389
0.264
0.271
0.176
0.096
-0.133
-0.116
-0.465
-0.52
-0.646
-0.792
-0.824
-0.875
-0.853
-1.061
-0.879
-0.953
-0.946
-0.906
-1.05
-1.002
-1.014
-0.86
-0.688
-0.659
-0.561
-0.55
-0.482
-0.491
-0.378
-0.323
-0.365
-0.389
-0.326
-0.43
-0.506
-0.443
-0.335
-0.294
-0.18
-0.307
-0.01
-0.165
-0.098
0.031
-0.091
0.055
0.066
0.138
0.145
0.266
0.289
0.269
0.279
0.16
0.319
0.501
0.314
0.43
0.468
0.328
0.4
0.445
0.396
0.336
0.39
0.475
0.306
0.367
0.226
-0.107
-0.273
-0.491
-0.556
-0.756
-0.682
-0.75
-0.741
-0.826
-0.889
-0.81
-0.823
-0.855
-0.552
-0.68
-0.525
-0.547
-0.496
-0.32
-0.328
-0.376
-0.414
-0.253
-0.221
-0.146
-0.044
-0.208
-0.25
-0.311
-0.315
-0.379
-0.304
-0.109
-0.041
-0.03
0.16
0.295
0.261
0.359
0.318
0.481
0.224
0.276
0.17
0.161
0.205
0.061
-0.003
0.11
0.025
-0.051
0.005
0.08
0.066
0.099
0.139
0.069
0.161
0.086
0.216
0.179
0.281
0.206
0.278
0.269
0.114
-0.045
-0.02
0.114
0.134
0.217
0.168
0.356
0.247
0.266
0.323
0.217
0.11
0.174
0.007
-0.055
-0.006
-0.1
0.07
-0.011
-0.24
-0.089
-0.297
-0.36
-0.474
-0.379
-0.242
-0.158
-0.171
-0.242
-0.231
-0.08
-0.12
-0.031
-0.08
-0.049
0.11
0.083
0.094
0.105
0.25
0.171
0.45
0.422
0.389
0.439
0.508
0.626
0.776
0.851
0.881
1.008
1.312
1.284
1.299
1.518
1.594
1.455
1.559
1.343
1.344
1.389
1.399
1.436
1.469
1.596
1.534
1.531
1.405
1.397
1.304
1.309
1.161
1.106
1.06
0.92
0.941
1.13
0.926
0.88
0.824
0.826
0.871
0.746
0.831
0.787
0.951
0.858
0.765
0.676
0.559
0.478
0.427
0.359
0.244
0.249
0.199
0.026
0.052
-0.11
-0.077
0.076
0.217
0.113
-0.037
-0.003
-0.014
-0.026
0.071
0.015
-0.245
-0.263
-0.361
-0.383
-0.52
-0.496
-0.38
-0.427
-0.225
-0.092
-0.125
0.214
-0.269
-0.034
-0.175
0.059
0.285
0.434
0.766
0.768
0.665
0.828
0.895
1.015
0.971
1.193
1.133
1.186
0.866
0.846
0.902
0.82
0.929
0.851
0.955
0.885
1.146
1.006
1.016
1.165
1.083
1.005
1.038
1.143
1.049
1.166
1.091
1.081
0.978
0.823
0.823
0.756
0.723
0.579
0.296
0.362
0.352
0.383
0.279
0.25
0.263
0.309
0.024
0.08
-0.107
0.011
0.046
-0.052
-0.13
0.04
0.011
0.186
0.258
-0.076
-0.177
-0.049
0.025
-0.072
0.0
-0.088
-0.146
0.081
0.425
0.5
0.723
0.876
0.594
0.675
0.59
0.446
0.361
0.209
0.434
0.497
0.544
0.623
0.794
0.869
0.828
0.96
1.083
1.161
0.958
0.838
0.765
0.853
0.835
0.446
0.245
0.296
0.049
0.184
-0.091
-0.083
-0.236
-0.271
-0.225
0.003
-0.118
-0.098
-0.135
-0.159
-0.321
-0.098
-0.211
-0.2
-0.362
-0.503
-0.614
-0.656
-0.56
-0.45
-0.352
-0.494
-0.532
-0.473
-0.181
-0.109
-0.182
-0.426
-0.61
-0.63
-0.829
-0.73
-0.575
-0.406
-0.24
-0.051
0.022
-0.128
-0.239
-0.158
-0.152
-0.256
0.014
0.054
0.111
0.212
0.182
0.324
0.233
0.434
0.066
0.115
0.231
0.28
0.446
0.37
0.304
0.281
0.034
0.0
-0.004
-0.205
-0.174
-0.159
-0.271
-0.357
-0.445
-0.46
-0.362
-0.32
-0.45
-0.395
-0.448
-0.489
-0.364
-0.306
-0.318
-0.394
-0.436
-0.291
-0.304
-0.374
-0.359
-0.474
-0.578
-0.626
-0.657
-0.804
-0.965
-0.896
-0.94
-1.038
-1.114
-0.979
-0.938
-0.919
-1.095
-1.185
-1.439
-1.252
-1.434
-1.415
-1.545
-1.495
-1.191
-1.235
-1.216
-1.351
-1.459
-1.391
-1.302
-1.265
-1.055
-1.014
-1.05
-1.065
-1.089
-0.905
-0.806
-0.595
-0.593
-0.496
-0.359
-0.233
-0.113
-0.092
-0.099
0.0
0.001
0.156
0.294
0.296
0.395
0.345
0.261
0.138
-0.06
0.006
-0.009
0.103
0.091
0.296
0.25
0.3
0.255
0.101
-0.006
0.061
-0.096
-0.085
-0.334
-0.357
-0.499
-0.391
-0.344
-0.12
0.095
0.238
0.422
0.487
0.554
0.661
0.768
0.92
1.186
1.21
1.15
1.032
0.926
0.945
0.978
0.881
0.986
0.76
0.681
0.535
0.42
0.414
0.307
0.379
0.369
0.251
0.021
-0.039
-0.059
-0.055
-0.074
-0.107
-0.29
-0.263
-0.309
-0.497
-0.349
-0.399
-0.281
-0.18
-0.315
-0.458
-0.372
-0.406
-0.77
-0.771
-0.795
-0.8
-0.641
-0.621
-0.631
-0.545
-0.552
-0.584
-0.453
-0.37
-0.411
-0.484
-0.389
-0.403
-0.226
-0.348
-0.372
-0.258
-0.4
-0.539
-0.656
-0.626
-0.421
-0.331
-0.292
-0.199
-0.201
-0.16
-0.139
-0.058
-0.118
-0.266
-0.156
-0.15
-0.1
-0.133
-0.28
-0.2
-0.094
-0.139
-0.136
-0.05
-0.223
-0.244
-0.201
-0.325
-0.386
-0.329
-0.568
-0.486
-0.516
-0.469
-0.391
-0.206
-0.188
0.036
-0.06
0.09
0.055
-0.074
-0.122
-0.074
-0.191
-0.29
-0.3
-0.278
-0.182
-0.321
-0.288
-0.219
-0.362
-0.35
-0.29
-0.275
0.041
0.11
0.128
0.154
0.211
0.44
0.066
0.251
0.075
-0.014
-0.014
0.024
0.043
0.074
0.024
-0.055
-0.099
-0.174
-0.339
-0.319
-0.186
-0.163
-0.31
0.061
-0.173
-0.325
-0.331
-0.54
-0.578
-0.654
-0.744
-0.749
-0.839
-0.755
-0.688
-0.545
-0.59
-0.688
-0.754
-0.756
-0.79
-0.782
-0.651
-0.71
-0.629
-0.787
-0.751
-0.886
-0.63
-0.733
-0.784
-0.58
-0.53
-0.54
-0.504
-0.652
-0.369
-0.23
-0.185
-0.189
-0.134
-0.015
0.168
0.166
0.238
0.136
0.019
-0.022
-0.009
0.06
0.046
0.236
0.375
0.593
0.398
0.302
0.238
0.404
0.444
0.666
0.542
0.531
0.285
0.302
0.425
0.449
0.525
0.68
0.833
0.775
0.917
0.934
0.807
0.733
0.682
0.635
0.62
0.481
0.527
0.579
0.62
0.745
0.754
0.771
0.705
0.545
0.427
0.469
0.366
0.283
0.299
0.339
0.241
0.24
0.289
0.111
0.173
0.143
0.049
0.109
-0.091
-0.081
-0.206
-0.211
-0.471
-0.608
-0.654
-0.646
-0.512
-0.571
-0.43
-0.55
-0.44
-0.547
-0.404
-0.323
-0.35
-0.251
-0.286
-0.261
-0.436
-0.453
-0.473
-0.532
-0.506
-0.52
-0.475
-0.566
-0.499
-0.459
-0.535
-0.458
-0.422
-0.633
-0.7
-0.69
-0.546
-0.525
-0.361
-0.32
-0.376
-0.266
-0.122
0.066
0.239
0.22
0.409
0.52
0.359
0.425
0.344
0.393
0.288
0.372
0.075
-0.111
-0.147
-0.182
-0.279
-0.238
-0.244
-0.299
-0.231
-0.221
-0.174
-0.285
-0.28
-0.254
-0.115
-0.004
-0.037
0.001
0.033
-0.118
-0.065
-0.106
-0.052
-0.005
0.101
-0.004
0.195
0.17
0.206
0.135
0.318
0.304
0.47
0.44
0.371
0.431
0.366
0.47
0.579
0.744
0.679
0.787
0.661
0.695
0.551
0.642
0.594
0.701
0.534
0.606
0.385
0.439
0.307
0.259
0.246
0.39
0.198
0.077
0.191
0.026
0.154
0.136
0.109
0.004
0.029
-0.128
-0.155
-0.124
-0.118
-0.205
-0.051
-0.007
0.059
0.121
0.151
0.16
0.072
0.247
0.38
0.458
0.413
0.45
0.611
0.746
0.739
0.734
0.9
0.858
0.853
0.856
0.865
0.724
0.579
0.674
0.755
0.503
0.45
0.422
0.286
0.431
0.206
0.193
0.214
0.189
-0.036
0.092
0.209
0.311
0.285
0.201
0.175
0.177
0.064
0.113
0.14
0.19
-0.1
-0.149
-0.21
-0.254
-0.084
0.001
-0.122
-0.026
0.194
-10.336
0.239
0.174
0.329
0.33
0.299
0.49
0.532
0.744
0.785
0.706
0.772
0.958
1.036
1.117
1.194
1.256
1.443
1.57
1.492
1.504
1.429
1.234
1.185
1.183
1.139
1.288
1.279
1.226
1.488
1.341
1.204
1.193
1.292
1.315
1.29
1.151
1.093
1.104
1.159
1.126
0.911
1.035
0.97
0.851
0.764
0.691
0.611
0.616
0.735
0.566
0.519
0.224
0.376
0.409
0.482
0.366
0.484
0.388
0.395
0.199
0.155
0.306
0.474
0.431
0.571
0.478
0.434
0.335
0.329
0.374
0.334
0.441
0.27
0.2
-0.031
-0.217
-0.133
-0.131
-0.081
-0.075
-0.028
-0.07
-0.064
0.052
0.2
0.115
0.115
0.335
0.177
0.19
0.055
-0.109
-0.1
-0.203
-0.254
-0.136
0.113
0.15
0.163
-0.261
-0.07
-0.264
-0.074
-0.006
-0.152
-0.022
0.181
0.315
0.389
0.366
0.333
0.448
0.544
0.593
0.389
0.311
0.323
0.301
0.268
0.182
0.249
0.481
0.309
0.079
-0.147
-0.689
-0.652
-0.644
-0.482
-0.417
-0.361
-0.116
-0.098
-0.007
-0.182
0.089
-0.066
-0.09
-0.014
0.004
0.009
-0.299
-0.09
-0.079
-0.024
0.058
-0.103
0.016
-0.119
-0.052
-0.261
-0.242
-0.152
-0.149
-0.16
-0.203
-0.225
-0.278
-0.359
-0.326
-0.364
-0.41
-0.421
-0.546
-0.485
-0.595
-0.484
-0.446
-0.485
-0.514
-0.52
-0.516
-0.506
-0.273
-0.458
-0.343
-0.406
-0.396
-0.241
-0.048
-0.069
-0.024
0.061
-0.08
-0.036
-0.037
-0.016
-0.077
0.004
-0.044
-0.024
0.037
-0.18
-0.173
-0.38
-0.265
-0.182
0.188
0.445
0.302
0.133
-0.077
-0.07
-0.263
-0.314
-0.351
-0.628
-0.672
-0.758
-0.618
-0.677
-0.679
-0.682
-0.705
-0.49
-0.295
-0.206
-0.221
-0.319
-0.479
-0.7
-0.623
-0.701
-0.65
-0.556
-0.674
-0.756
-0.733
-0.591
-0.688
-0.415
-0.367
-0.319
-0.184
-0.315
0.022
-0.005
0.253
0.211
0.198
0.147
0.122
0.065
0.126
0.198
0.274
0.224
0.269
0.208
0.111
-0.016
0.285
0.362
0.242
0.255
0.242
0.133
0.23
-0.041
-0.029
0.024
0.205
0.129
0.2
0.173
0.194
0.2
0.216
0.049
0.011
-0.168
-0.278
-0.292
-0.217
-0.41
-0.532
-0.455
-0.519
-0.532
-0.619
-0.711
-0.578
-0.432
-0.381
-0.3
-0.39
-0.37
-0.414
-0.367
-0.473
-0.425
-0.247
-0.079
-0.098
-0.239
-0.364
-0.614
-0.693
-0.24
-0.314
-0.261
-0.24
-0.119
-0.122
-0.077
0.06
-0.106
-0.154
-0.309
-0.268
-0.396
-0.557
-0.519
-0.424
-0.135
-0.193
-0.094
-0.08
-0.216
-0.146
-0.174
-0.258
-0.156
-0.311
-0.362
-0.475
-0.589
-0.512
-0.56
-0.644
-0.51
-0.589
-0.448
-0.321
-0.235
-0.098
0.036
0.083
0.12
0.188
0.12
0.088
0.176
0.228
0.129
-0.059
-0.025
-0.03
-0.052
-0.151
-0.189
-0.124
0.058
-0.019
-0.07
0.06
0.109
0.29
0.302
0.328
0.516
0.576
0.524
0.53
0.559
0.359
0.515
0.456
0.352
0.242
0.193
-0.005
-0.393
-0.253
-0.485
-0.438
-0.45
-0.684
-0.636
-0.886
-0.896
-0.953
-0.94
-1.031
-1.045
-1.009
-1.034
-0.902
-0.834
-0.82
-0.616
-0.531
-0.421
-0.453
-0.214
-0.242
-0.316
-0.199
-0.294
-0.209
-0.284
-0.101
-0.034
-0.048
0.105
0.105
0.205
0.133
0.09
0.056
0.011
-0.169
-0.201
-0.27
-0.335
-0.289
-0.355
-0.214
-0.323
-0.324
-0.258
-0.312
-0.295
-0.19
0.074
0.14
0.21
0.231
0.205
0.119
0.077
0.09
0.056
-0.025
-0.018
-0.311
-0.501
-0.67
-0.75
-0.863
-0.958
-1.028
-1.095
-1.078
-1.208
-1.381
-1.489
-1.524
-1.345
-1.106
-1.129
-1.238
-1.189
-0.961
-1.096
-0.911
-0.868
-0.634
-0.626
-0.5
-0.296
-0.168
0.058
0.346
0.47
0.408
0.679
0.635
0.769
0.797
0.919
0.948
1.071
1.124
0.81
0.54
0.42
0.285
0.286
0.497
0.43
0.354
0.41
0.396
0.431
0.539
0.426
0.446
0.372
0.444
0.571
0.596
0.595
0.578
0.396
0.361
0.395
0.375
0.338
0.101
0.091
0.09
0.029
0.095
0.015
0.006
0.077
0.216
0.315
0.36
0.365
0.312
0.421
0.409
0.352
0.268
0.072
0.206
-0.013
-0.169
-0.343
-0.529
-0.695
-0.672
-0.432
-0.461
-0.263
-0.19
-0.189
-0.181
-0.193
-0.16
-0.223
-0.225
-0.135
-0.133
0.241
0.22
0.173
0.131
0.177
0.098
0.049
0.13
-0.091
-0.031
-0.19
0.03
0.113
0.026
0.083
0.14
0.022
0.071
0.145
0.169
0.305
0.299
0.41
0.422
0.403
0.376
0.305
0.449
0.376
0.365
0.561
0.549
0.516
0.489
0.497
0.411
0.354
0.485
0.585
0.281
0.182
0.18
0.009
0.111
0.12
0.14
0.083
0.056
0.031
0.036
0.156
0.307
0.264
0.307
0.189
0.283
0.289
0.456
0.596
0.559
0.503
0.58
0.686
0.56
0.667
0.738
0.891
0.958
0.96
1.095
0.948
0.864
0.974
0.931
0.9
0.91
0.801
0.821
0.828
0.739
0.691
0.775
0.795
0.864
0.789
0.786
0.494
0.551
0.656
0.165
0.215
0.346
0.426
0.273
0.206
-0.055
0.075
0.129
-0.095
-0.107
0.015
-0.006
0.065
-0.225
-0.138
-0.133
-0.088
-0.12
0.01
-0.125
-0.029
0.01
0.111
0.081
0.283
0.233
0.074
0.118
0.1
0.044
-0.025
-0.125
-0.145
-0.33
-0.443
-0.323
-0.393
-0.323
-0.164
-0.163
-0.048
0.051
0.091
-0.077
0.013
-0.075
0.164
0.296
0.291
0.431
0.46
0.546
0.559
0.565
0.511
0.661
0.514
0.72
0.869
0.851
0.869
0.907
1.181
1.179
1.33
1.298
1.154
1.046
0.895
0.917
0.93
0.889
0.95
0.674
0.539
0.651
0.715
0.795
0.731
0.694
0.761
0.66
0.568
0.39
0.422
0.451
0.413
0.501
0.291
0.236
0.122
-0.077
-0.386
-0.517
-0.672
-0.731
-0.879
-0.936
-0.979
-1.214
-1.104
-0.895
-0.749
-0.809
-0.693
-0.659
-0.854
-0.926
-0.97
-0.72
-0.542
-0.487
-0.422
-0.703
-0.67
-0.517
-0.481
-0.463
-0.286
-0.014
0.037
-0.305
-0.292
0.149
0.115
0.209
0.226
0.15
0.151
0.355
0.526
0.385
0.703
0.579
0.649
0.675
0.718
0.89
0.915
1.174
1.109
1.026
0.846
0.728
0.594
0.509
0.481
0.672
0.603
0.514
0.346
0.436
0.473
0.364
0.212
0.408
0.361
0.529
0.463
0.511
0.745
0.651
0.785
0.738
0.825
0.7
0.444
0.443
0.355
0.443
0.583
0.705
0.578
0.598
0.694
0.5
0.36
0.378
0.365
0.345
0.424
0.229
0.122
0.019
-0.046
-0.091
-0.149
-0.024
-0.104
-0.168
-0.2
-0.266
-0.354
-0.32
-0.514
-0.449
-0.552
-0.64
-0.745
-0.799
-0.836
-0.907
-0.879
-0.874
-0.932
-0.856
-0.568
-0.569
-0.59
-0.645
-0.546
-0.61
-0.688
-0.736
-0.779
-0.758
-0.801
-0.723
-0.921
-0.895
-0.815
-0.83
-0.885
-0.838
-0.844
-0.802
-0.763
-0.68
-0.674
-0.615
-0.638
-0.591
-0.71
-0.74
-0.681
-0.609
-0.55
-0.503
-0.504
-0.46
-0.439
-0.682
-0.599
-0.405
-0.478
-0.495
-0.501
-0.501
-0.45
-0.471
-0.388
-0.361
-0.323
-0.426
-0.561
-0.369
-0.415
-0.515
-0.408
-0.494
-0.426
-0.194
-0.221
-0.215
-0.17
-0.214
-0.022
-0.013
0.145
0.139
0.302
0.288
0.265
0.211
0.179
0.479
0.398
0.505
0.436
0.328
0.28
0.0
0.146
0.319
0.233
0.295
0.255
0.26
0.09
0.179
0.169
0.028
-0.046
0.01
-0.034
-0.004
-0.052
-0.034
0.163
-0.034
-0.079
-0.098
-0.118
0.02
-0.128
-0.146
-0.251
-0.249
-0.291
-0.285
-0.083
0.075
0.206
0.091
-0.006
0.062
-0.163
-0.138
-0.184
-0.069
-0.211
-0.324
-0.42
-0.657
-0.511
-0.456
-0.505
-0.482
-0.511
-0.584
-0.645
-0.45
-0.584
-0.526
-0.475
-0.549
-0.682
-0.756
-0.738
-0.796
-0.685
-0.654
-0.557
-0.384
-0.338
-0.316
-0.074
-0.205
-0.205
-0.333
-0.229
-0.136
-0.107
-0.098
-0.074
0.09
0.065
-0.104
-0.114
-0.08
-0.089
-0.092
-0.163
-0.179
-0.31
-0.393
-0.626
-0.566
-0.559
-0.718
-0.701
-0.768
-0.694
-0.552
-0.624
-0.593
-0.63
-0.438
-0.583
-0.508
-0.659
-0.684
-0.67
-0.56
-0.552
-0.67
-0.58
-0.311
-0.27
