-0.229
-0.217
-0.36
-0.307
-0.458
-0.096
-0.253
-0.003
0.13
0.014
-0.015
-0.024
0.186
-0.021
0.013
0.01
0.115
0.263
0.135
0.184
0.195
0.174
0.295
0.522
0.941
1.073
1.144
1.219
1.044
0.841
0.695
0.58
0.618
0.559
0.128
0.12
-0.013
-0.17
-0.074
-0.29
-0.316
-0.274
0.086
0.103
0.139
0.146
0.081
0.124
0.334
0.214
0.33
0.221
0.406
0.085
0.084
0.265
0.292
0.198
0.173
0.145
0.176
0.055
0.118
0.054
-0.171
-0.35
-0.349
-0.263
-0.136
-0.019
0.105
-0.039
0.15
0.19
0.24
0.195
0.11
0.061
0.139
0.336
0.292
0.231
0.07
0.266
0.294
0.346
0.35
0.323
0.359
0.389
0.318
0.376
0.3
0.238
-0.085
-0.171
-0.086
-0.169
-0.365
-0.453
-0.345
-0.381
-0.39
-0.268
-0.365
-0.439
-0.526
-0.564
-0.295
-0.234
-0.371
-0.438
-0.072
-0.151
-0.302
-0.147
-0.106
-0.152
0.007
0.04
0.174
0.417
0.487
0.759
0.761
0.794
0.85
0.629
0.565
0.405
0.393
0.505
0.344
0.336
0.226
0.323
0.312
0.328
0.295
0.341
0.343
0.113
0.217
0.356
0.348
0.446
0.537
0.406
0.219
0.029
0.0
-0.103
-0.039
-0.024
0.021
0.173
0.255
0.221
0.16
-0.041
-0.091
0.062
0.28
0.448
0.42
0.439
0.435
0.499
0.532
0.606
0.8
0.751
0.711
0.566
0.629
0.64
0.341
0.547
0.517
0.395
0.316
0.478
0.14
0.131
0.168
0.19
0.352
0.682
0.75
0.65
0.517
0.698
0.544
0.459
0.329
0.305
0.241
0.273
0.239
0.096
-0.022
-0.235
-0.188
-0.186
-0.224
-0.161
-0.14
-0.376
-0.471
-0.644
-0.795
-0.735
-0.372
-0.688
-0.725
-0.82
-1.062
-1.086
-1.214
-1.387
-1.374
-1.15
-1.236
-1.041
-0.991
-0.914
-0.92
-0.876
-0.983
-0.883
-0.631
-0.641
-0.474
-0.381
-0.219
-0.246
-0.028
0.173
0.473
0.369
0.453
0.413
0.531
0.522
0.615
0.601
1.019
1.109
1.406
1.55
1.775
1.923
2.069
2.399
2.292
2.205
2.161
2.145
2.051
1.915
1.802
1.8
1.949
1.91
1.986
2.172
2.093
2.192
2.37
2.329
2.046
1.919
1.835
1.606
1.463
1.399
1.299
1.304
1.238
1.374
1.314
1.181
0.889
0.633
0.451
0.35
0.061
0.22
0.393
0.314
0.234
0.052
-0.054
-0.168
-0.244
-0.15
-0.145
-0.149
-0.15
-0.253
-0.379
-0.432
-0.465
-0.395
-0.39
-0.291
-0.296
-0.542
-0.672
-0.911
-1.038
-1.019
-0.745
-0.725
-0.682
-0.616
-0.667
-0.769
-0.86
-1.012
-0.919
-1.073
-1.048
-0.724
-0.777
-0.753
-0.635
-0.51
-0.429
-0.484
-0.357
-0.351
-0.32
-0.335
-0.212
-0.336
-0.175
0.006
0.165
0.365
0.216
0.374
0.415
0.531
0.645
0.655
0.561
0.431
0.598
0.625
0.704
0.65
0.9
0.988
1.123
0.921
0.686
0.64
0.545
0.305
0.334
0.611
0.482
0.177
-0.01
-0.134
-0.284
-0.35
-0.395
-0.741
-0.699
-0.72
-0.65
-0.644
-0.734
-0.654
-0.647
-0.699
-0.776
-0.781
-0.912
-1.1
-0.986
-1.104
-1.163
-1.03
-1.133
-1.224
-1.174
-1.05
-1.164
-1.041
-1.002
-0.858
-0.755
-0.655
-0.589
-0.398
-0.286
-0.11
-0.124
-0.09
-0.11
-0.194
-0.08
-0.263
-0.225
-0.29
-0.221
0.076
0.033
-0.115
-0.003
-0.28
-0.464
-0.466
-0.41
-0.33
-0.453
-0.221
-0.091
-0.18
-0.035
-0.011
0.124
0.118
0.193
0.3
0.323
0.435
0.454
0.703
0.746
0.77
0.645
0.606
0.753
0.57
0.527
0.465
0.443
0.719
0.657
0.603
0.38
0.628
0.474
0.42
0.246
0.079
-0.177
-0.374
-0.367
-0.139
-0.154
-0.253
-0.086
-0.179
-0.021
-0.169
-0.15
-0.288
-0.247
-0.289
-0.28
-0.323
-0.18
-0.088
-0.258
-0.361
-0.246
-0.198
-0.043
0.015
0.206
0.283
0.324
-0.034
-0.302
-0.364
-0.354
-0.367
-0.292
-0.275
-0.209
-0.241
-0.084
0.021
-0.061
-0.001
0.043
0.1
0.044
0.168
0.1
0.133
0.398
0.286
0.384
0.584
0.489
0.593
0.729
0.699
0.733
0.812
0.814
0.879
0.821
0.815
0.631
0.599
0.938
0.706
0.557
0.503
0.463
0.634
0.728
0.859
0.789
10.332
7.334
0.688
0.55
0.228
0.236
0.118
0.259
0.426
0.441
0.559
0.584
0.544
0.511
0.708
0.468
0.489
0.461
0.434
0.276
0.244
0.144
0.309
0.501
0.46
0.263
0.09
0.11
-0.049
-0.111
-0.184
-0.265
-0.376
-0.466
-0.634
-0.579
-0.451
-0.125
-0.076
-0.21
-0.22
0.077
-0.024
-0.062
-0.089
0.004
-0.071
-0.144
-0.171
-0.121
-0.374
-0.434
-0.432
-0.38
-0.445
-0.591
-0.432
-0.391
-0.356
-0.626
-0.478
-0.51
-0.374
-0.349
-0.588
-0.36
-0.474
-0.275
-0.1
-0.114
-0.295
-0.109
-0.03
-0.088
-0.217
-0.115
0.06
-0.086
-0.203
-0.228
-0.015
-0.174
-0.26
-0.21
-0.326
-0.571
-0.505
-0.456
-0.568
-0.75
-0.685
-0.276
-0.297
-0.36
-0.349
-0.226
-0.12
-0.177
-0.281
-0.479
-0.113
-0.209
-0.094
-0.176
-0.173
-0.121
-0.129
0.046
-0.045
0.011
0.007
-0.014
-0.159
0.006
0.239
0.33
0.426
0.468
0.532
0.495
0.534
0.74
0.642
0.896
0.759
0.791
0.823
1.111
1.111
0.953
1.199
0.986
0.802
0.611
0.401
0.275
0.318
0.214
0.159
0.299
0.058
0.066
-0.225
-0.234
-0.074
0.046
0.203
0.139
0.176
0.307
0.13
0.143
-0.071
-0.043
-0.33
-0.405
-0.485
-0.74
-0.695
-0.614
-0.725
-0.756
-0.706
-0.811
-0.734
-0.671
-0.709
-0.768
-0.74
-0.815
-0.777
-0.725
-0.994
-0.848
-0.739
-0.559
-0.434
-0.449
-0.345
-0.294
-0.206
-0.131
-0.072
0.11
0.149
-0.013
-0.191
-0.169
-0.084
-0.179
-0.25
-0.196
-0.58
-0.565
-0.585
-0.181
0.039
0.179
0.165
0.284
0.438
0.42
0.345
0.32
0.138
0.164
0.323
0.356
0.326
0.356
0.401
0.67
0.414
0.453
0.295
0.203
0.159
-0.026
0.209
-0.099
-0.184
-0.215
-0.404
-0.341
-0.391
-0.249
-0.241
-0.225
-0.251
-0.291
-0.465
-0.441
-0.508
-0.443
-0.465
-0.525
-0.594
-0.545
-0.614
-0.611
-0.63
-0.495
-0.833
-0.675
-0.755
-0.62
-0.515
-0.421
-0.334
-0.246
-0.036
-0.059
-0.195
-0.092
-0.105
-0.085
0.145
0.275
0.362
0.583
0.324
0.316
0.348
0.188
0.234
0.51
0.492
0.492
0.398
0.475
0.554
0.833
0.775
0.776
0.719
0.864
1.011
0.82
0.839
0.638
0.503
0.529
0.454
0.333
0.145
0.086
0.058
0.061
0.13
-0.147
-0.139
0.021
-0.296
-0.362
-0.365
-0.514
-0.289
-0.641
-0.512
-0.66
-0.771
-0.848
-0.988
-0.787
-0.665
-0.694
-0.725
-0.93
-0.791
-0.649
-0.667
-0.453
-0.54
-0.482
-0.316
-0.297
-0.09
0.077
0.231
0.241
0.459
0.641
0.449
0.348
0.357
0.394
0.568
0.519
0.463
0.385
0.314
0.265
0.135
0.105
0.27
0.304
0.394
0.336
0.364
0.286
0.079
0.289
-0.03
-0.147
-0.095
-0.039
-0.018
-0.305
-0.271
-0.346
-0.246
-0.26
-0.408
-0.345
-0.165
-0.297
0.058
0.11
0.176
0.341
0.482
0.573
0.367
0.312
0.466
0.235
0.289
0.075
0.003
-0.02
0.129
0.233
0.297
0.209
0.324
0.286
0.158
0.005
-0.03
-0.048
0.274
0.05
0.139
0.035
0.009
-0.059
0.081
0.05
0.143
0.229
0.022
0.294
0.06
0.055
0.138
0.128
0.121
-0.02
0.156
0.169
0.168
0.357
0.189
0.409
0.461
0.334
0.292
0.118
0.007
0.065
0.158
0.111
-0.265
-0.107
-0.238
-0.278
-0.344
-0.466
-0.4
-0.374
-0.253
-0.448
-0.42
-0.532
-0.335
-0.265
-0.276
-0.219
-0.201
-0.35
-0.3
-0.312
-0.516
-0.581
-0.557
-0.519
-0.459
-0.454
-0.474
-0.286
-0.159
0.181
0.104
-0.084
0.04
0.051
0.121
0.209
0.349
0.174
0.145
0.616
0.465
0.711
0.929
0.899
0.993
0.855
0.92
0.988
0.911
0.839
0.865
0.599
0.858
0.806
0.848
0.943
0.786
0.806
0.756
0.647
0.512
0.593
0.551
0.234
0.06
0.18
0.022
0.046
0.16
0.189
0.028
-0.092
-0.217
-0.276
-0.239
-0.193
-0.174
-0.221
-0.264
-0.13
-0.542
-0.504
-0.628
-0.62
-0.679
-0.848
-0.831
-0.863
-0.828
-0.766
-0.8
-0.738
-0.888
-0.869
-0.811
-0.905
-0.824
-0.883
-0.84
-0.85
-0.695
-0.69
-0.343
-0.405
-0.19
-0.11
-0.037
0.028
-0.219
-0.239
-0.206
-0.05
0.175
0.288
0.26
0.276
0.003
0.216
0.263
0.291
0.371
0.409
0.383
0.246
0.211
0.109
0.131
0.14
0.111
0.36
0.004
0.005
0.104
0.125
0.071
0.111
0.089
0.244
0.168
0.205
0.005
0.074
0.309
0.114
0.048
0.025
0.004
0.09
-0.034
-0.095
-0.103
-0.164
-0.07
-0.268
-0.281
-0.415
-0.333
-0.309
-0.215
-0.289
-0.436
-0.413
-0.221
-0.386
-0.235
-0.321
-0.099
-0.129
-0.096
0.092
0.381
0.414
0.369
0.367
0.438
0.503
0.496
0.701
0.693
0.925
0.605
0.785
0.879
0.807
0.901
0.804
0.979
1.034
1.151
1.034
1.235
1.463
1.609
1.613
1.405
1.354
1.085
1.443
1.268
1.549
1.455
1.51
1.43
1.255
1.321
1.194
1.126
1.096
1.066
0.891
0.797
0.68
0.711
0.583
0.505
0.503
0.35
0.341
0.25
0.145
-0.111
-0.216
-0.072
-0.01
-0.075
-0.2
-0.354
-0.53
-0.721
-0.672
-0.96
-1.032
-0.995
-0.926
-0.746
-0.8
-0.766
-0.849
-0.978
-1.016
-1.058
-1.137
-1.14
-1.32
-1.365
-1.201
-1.218
-1.186
-1.015
-1.095
-1.054
-1.144
-1.154
-0.973
-1.129
-0.934
-1.051
-0.886
-0.728
-0.355
-0.531
-0.508
-0.618
-0.634
-0.398
-0.611
-0.63
-0.55
-0.596
-0.586
-0.357
-0.374
-0.364
-0.314
-0.31
-0.21
-0.299
-0.264
-0.289
0.061
-0.033
-0.044
0.055
-0.138
-0.026
-0.139
-0.269
-0.007
-0.048
0.03
0.116
-0.026
0.339
0.491
0.625
0.547
0.494
0.441
0.422
0.473
0.473
0.431
0.492
0.578
0.527
0.521
0.679
0.63
0.536
0.544
0.656
0.62
0.866
0.851
0.661
0.768
0.964
0.915
1.036
0.975
0.853
0.63
0.609
0.53
0.469
0.408
0.26
0.182
0.051
0.359
0.181
0.233
0.235
0.408
0.431
0.486
0.686
0.796
0.701
0.674
0.73
0.4
0.33
0.215
-0.001
-0.161
-0.3
-0.154
-0.279
-0.205
-0.341
-0.519
-0.389
-0.474
-0.444
-0.445
-0.443
-0.405
-0.445
-0.59
-0.398
-0.177
-0.235
-0.263
-0.216
-0.269
-0.249
-0.219
-0.292
-0.369
-0.52
-0.542
-0.474
-0.469
-0.508
-0.584
-0.367
0.015
-0.151
-0.281
-0.415
-0.496
-0.265
-0.184
-0.184
-0.124
0.05
-0.064
-0.38
-0.375
-0.344
0.079
0.284
0.471
0.51
0.48
0.466
0.374
0.294
0.247
0.304
0.166
0.065
0.314
0.28
0.23
0.161
0.098
0.191
0.253
0.217
-0.046
-0.019
-0.076
-0.048
0.028
-0.004
0.181
0.223
0.235
0.336
0.314
0.443
0.292
0.314
0.379
0.338
0.474
0.329
0.624
0.253
0.175
0.054
0.019
-0.013
0.191
0.198
0.383
0.526
0.429
0.361
0.305
0.565
0.491
0.346
0.355
0.364
0.21
0.239
0.072
0.022
0.056
-0.033
0.217
0.139
0.099
0.194
0.352
0.201
0.05
0.0
0.06
-0.013
-0.08
-0.501
-0.255
-0.301
-0.341
-0.295
-0.359
-0.325
-0.3
-0.355
-0.334
-0.346
-0.473
-0.448
-0.451
-0.61
-0.614
-0.596
-0.662
-0.761
-0.539
-0.236
-0.311
-0.239
-0.171
-0.29
-0.396
-0.33
-0.185
-0.395
-0.419
-0.384
-0.357
-0.532
-0.2
0.041
0.064
-0.058
-0.225
0.049
0.098
0.06
0.291
0.096
0.219
0.12
0.134
0.424
0.339
0.406
0.449
0.535
0.799
1.048
0.986
1.094
1.299
1.465
1.311
1.339
1.374
1.111
1.095
1.069
1.097
0.756
0.856
0.876
1.147
1.309
1.143
1.231
1.214
1.329
1.64
1.655
1.514
1.426
1.504
1.165
1.164
0.889
0.796
0.598
0.469
0.348
0.147
-0.079
-0.23
-0.346
-0.261
-0.468
-0.556
-0.75
-0.677
-0.599
-0.85
-0.856
-1.089
-1.221
-1.417
-1.321
-1.466
-1.534
-1.426
-1.506
-1.347
-1.522
-1.594
-1.339
-1.191
-0.964
-1.006
-0.889
-0.951
-1.218
-1.075
-0.807
-0.76
-0.675
-0.519
-0.42
-0.47
-0.301
-0.401
-0.344
-0.221
-0.14
-0.193
-0.044
0.235
0.009
0.136
0.177
0.145
0.226
0.406
0.473
0.514
0.639
0.868
0.826
0.938
0.586
0.576
0.75
0.873
0.955
0.926
1.119
1.239
1.006
1.066
1.123
0.906
0.791
0.786
0.698
0.789
0.807
0.951
0.876
0.781
0.725
0.885
0.851
0.994
1.014
0.906
1.073
1.052
1.005
0.935
0.991
0.849
0.951
0.786
0.554
0.608
0.414
0.561
0.268
0.16
0.205
0.174
0.258
0.138
0.198
0.049
-0.119
-0.378
-0.468
-0.403
-0.494
-0.46
-0.432
-0.458
-0.451
-0.375
-0.219
-0.143
-0.265
-0.281
-0.367
-0.499
-0.496
-0.497
-0.351
-0.275
-0.264
-0.299
-0.444
-0.652
-0.579
-0.728
-0.81
-0.991
-1.071
-0.979
-1.09
-0.929
-0.944
-0.75
-0.835
-0.841
-0.689
-0.674
-0.71
-0.557
-0.6
-0.215
-0.234
-0.074
-0.003
0.163
-0.006
0.129
0.062
0.138
0.216
0.365
0.304
0.381
0.385
0.264
0.48
0.615
0.585
0.52
0.645
0.956
0.719
0.69
0.896
0.694
0.69
0.744
0.568
0.724
0.951
0.926
0.931
0.869
0.83
0.708
0.547
0.739
0.417
0.329
0.107
0.009
-0.096
-0.139
-0.106
-0.003
-0.066
-0.106
-0.069
-0.069
0.17
0.314
0.186
0.224
0.234
0.46
0.413
0.359
0.139
0.113
-0.084
-0.16
-0.099
-0.258
-0.13
-0.13
-0.198
-0.194
-0.265
-0.25
-0.444
-0.339
-0.331
-0.419
-0.465
-0.479
-0.389
-0.379
-0.386
-0.545
-0.749
-0.886
-0.986
-1.135
-1.058
-0.936
-1.11
-0.959
-0.81
-0.864
-0.718
-0.729
-0.79
-0.871
-0.675
-0.709
-0.906
-0.879
-0.7
-0.468
-0.619
-0.486
-0.246
-0.159
-0.059
-0.212
-0.304
-0.675
-0.675
-0.638
-0.583
-0.283
-0.201
-0.302
-0.432
-0.374
-0.071
-0.128
-0.022
0.019
0.045
0.224
0.245
0.271
0.288
0.088
0.145
-0.111
0.11
0.191
0.216
0.31
0.201
0.058
-0.013
-0.095
-0.174
0.052
0.165
0.13
0.103
0.164
0.333
0.396
0.468
0.306
0.253
0.095
0.233
0.217
0.09
-0.145
-0.263
-0.319
-0.461
-0.398
-0.223
-0.139
-0.054
-0.149
-0.328
-0.492
-0.58
-0.547
-0.603
-0.784
-0.524
-0.469
-0.255
-0.107
-0.247
-0.173
-0.144
-0.258
-0.233
-0.144
-0.029
0.103
0.056
0.133
-0.099
-0.346
-0.328
-0.464
-0.089
-0.092
0.071
-0.019
0.011
-0.039
-0.168
-0.199
0.09
0.152
0.279
0.36
0.46
0.516
0.334
0.6
0.674
0.758
0.661
0.521
0.655
0.69
0.929
0.701
0.688
0.593
0.631
0.876
0.894
0.863
0.756
0.716
0.873
0.993
1.06
1.245
1.5
1.445
1.356
1.29
1.444
1.385
1.448
1.389
1.308
1.18
0.921
0.87
0.743
0.679
0.815
0.87
0.785
0.596
0.294
-0.039
-0.264
-0.309
-0.331
-0.245
-0.212
-0.184
-0.238
-0.253
-0.263
-0.35
-0.3
-0.149
-0.079
-0.278
-0.343
-0.499
-0.568
-0.57
-0.53
-0.395
-0.188
-0.095
-0.103
0.0
0.242
0.196
0.427
0.278
0.352
0.554
0.414
0.357
0.364
0.409
0.263
0.15
0.156
0.029
0.092
0.028
0.114
-0.03
-0.383
-0.473
-0.508
-0.695
-0.858
-1.079
-0.72
-0.781
-0.701
-0.443
-0.393
-0.49
-0.088
-0.259
-0.372
-0.497
-0.608
-0.226
-0.05
0.116
0.315
0.46
0.375
0.146
0.296
0.209
0.283
0.753
0.761
0.802
0.775
0.824
0.974
0.965
0.856
0.888
0.838
0.909
1.03
1.094
1.059
1.165
1.315
1.185
1.206
1.151
1.038
0.915
0.775
0.835
0.576
0.601
0.495
0.427
0.429
0.426
0.458
0.294
0.269
0.216
0.115
0.268
0.186
0.129
0.295
0.446
0.265
0.512
0.193
0.356
0.224
-0.003
0.14
0.138
0.211
0.12
0.169
0.098
0.001
-0.107
-0.244
-0.302
-0.19
-0.168
-0.321
-0.325
-0.361
-0.434
-0.469
-0.51
-0.57
-0.66
-0.647
-0.656
-0.805
-0.834
-0.863
-0.724
-0.471
-0.403
-0.478
-0.603
-0.49
-0.495
-0.681
-0.621
-0.629
-0.735
-0.931
-0.894
-0.787
-0.861
-0.521
-0.585
-0.166
0.003
-0.181
-0.141
-0.409
-0.75
-0.941
-0.73
-0.521
-0.175
-0.046
-0.186
-0.228
-0.194
-0.316
-0.335
-0.1
0.051
-0.07
-0.013
-0.276
-0.46
-0.458
-0.455
-0.085
0.05
0.071
-0.035
-0.085
-0.143
-0.32
-0.152
-0.037
-0.001
0.052
0.111
0.028
0.04
0.245
0.329
0.289
0.551
0.623
0.639
0.527
0.489
0.496
0.378
0.08
0.224
0.054
0.094
-0.076
0.122
0.169
0.069
-0.054
-0.041
-0.013
-0.18
-0.01
-0.128
-0.21
0.039
0.009
0.009
-0.107
-0.194
-0.208
-0.341
-0.151
-0.169
-0.247
-0.345
-0.265
-0.19
-0.134
-0.33
-0.417
-0.464
-0.336
-0.436
-0.33
0.006
0.071
0.206
0.059
0.133
0.194
-0.028
-0.147
-0.269
-0.06
-0.451
-0.193
0.019
0.039
0.107
0.01
-0.016
-0.086
-0.124
0.224
0.1
0.16
0.021
-0.013
-0.119
-0.234
-0.239
-0.146
-0.165
-0.254
-0.291
-0.268
-0.06
0.01
-0.114
0.101
-0.065
0.283
0.469
0.515
0.522
0.556
0.695
0.484
0.466
0.448
0.399
0.18
0.245
0.264
0.269
0.5
0.435
0.296
0.24
0.229
0.461
0.618
0.714
0.645
0.291
0.288
0.306
0.398
0.36
0.35
0.284
0.463
0.38
0.273
0.203
0.276
0.22
0.076
0.301
-0.034
-0.043
-0.07
-0.146
-0.147
-0.357
-0.455
-0.539
-0.456
-0.47
-0.285
-0.225
-0.521
-0.564
-0.875
-0.97
-0.878
-0.873
-0.716
-0.615
-0.586
-0.556
-0.429
-0.416
-0.281
-0.217
-0.223
0.034
-0.259
-0.229
-0.074
-0.07
-0.2
-0.302
-0.113
-0.304
-0.168
-0.138
-0.143
-0.049
-0.166
-0.176
-0.372
-0.258
-0.244
-0.276
-0.184
-0.333
-0.255
-0.445
0.025
0.166
-0.058
0.044
-0.255
-0.225
-0.249
-0.099
-0.062
0.294
0.233
0.221
0.329
0.32
0.201
0.052
0.041
-0.122
-0.12
-0.105
-0.302
-0.448
-0.51
-0.274
-0.159
-0.161
-0.149
-0.075
-0.125
-0.155
-0.235
-0.427
-0.52
-0.374
-0.414
-0.604
-0.556
-0.719
-0.728
-0.596
-0.54
-0.718
-0.542
-0.409
-0.307
-0.122
-0.109
-0.238
-0.501
-0.214
-0.06
0.124
0.035
0.15
0.058
0.133
-0.028
-0.005
0.006
0.171
0.475
0.39
0.429
0.431
0.527
0.565
0.444
0.6
0.531
0.605
0.92
0.891
0.84
0.883
0.89
1.089
1.05
0.966
0.879
0.736
0.753
0.698
0.86
1.026
1.198
0.996
1.123
0.956
0.883
0.665
0.699
0.703
0.419
0.475
0.611
0.672
0.965
1.049
1.004
1.036
1.206
1.169
1.079
1.299
1.329
1.365
1.2
0.888
0.659
0.448
0.371
0.473
0.426
0.449
0.593
0.496
0.409
0.284
0.326
0.454
0.58
0.78
0.508
0.323
0.219
0.318
0.14
-0.033
0.14
0.086
0.005
-0.22
-0.635
-0.816
-0.729
-1.239
-1.363
-1.296
-1.266
-1.269
-1.316
-1.319
-1.562
-1.58
-1.694
-1.751
-1.508
-1.66
-1.522
-1.479
-1.384
-1.33
-1.14
-1.008
-1.014
-0.979
-0.983
-0.907
-0.797
-0.709
-0.49
-0.361
-0.394
-0.211
-0.195
-0.305
-0.206
-0.049
0.156
0.113
0.098
0.122
0.251
0.345
0.364
0.36
0.354
0.329
0.365
0.526
0.564
0.738
0.429
0.56
0.924
0.651
0.573
0.675
0.671
0.489
0.499
0.56
0.644
0.868
0.779
0.61
0.504
0.456
0.456
0.628
0.517
0.299
0.434
0.512
0.505
0.364
0.396
0.367
0.511
0.624
0.595
0.525
0.357
0.455
0.529
0.449
0.629
1.022
1.0
0.92
0.814
0.611
0.584
0.309
0.465
0.417
0.411
0.365
0.384
0.413
0.299
0.152
0.066
0.045
0.427
0.228
0.325
0.326
0.314
0.349
0.318
0.396
0.361
0.221
0.265
0.14
0.324
0.085
0.195
0.007
-0.099
-0.177
-0.185
-0.17
-0.223
-0.346
-0.176
-0.175
-0.338
-0.206
-0.294
-0.156
-0.156
-0.221
-0.09
-0.185
-0.149
-0.208
-0.039
-0.212
-0.409
