0.094
0.086
0.019
0.118
0.198
0.061
0.146
0.206
-0.001
-0.235
-0.26
-0.246
-0.309
-0.228
-0.225
-0.369
-0.258
-0.416
-0.439
-0.394
-0.266
-0.278
-0.39
-0.42
-0.468
-0.424
-0.478
-0.265
-0.378
-0.259
-0.275
-0.186
-0.186
-0.307
-0.366
-0.288
-0.357
-0.443
-0.486
-0.297
-0.241
-0.235
-0.205
-0.077
-0.234
-0.113
-0.236
-0.215
-0.08
0.051
0.092
0.08
0.138
0.266
0.309
0.398
0.515
0.626
0.536
0.776
0.729
0.684
0.801
0.718
0.825
0.739
0.693
0.654
0.529
0.56
0.599
0.656
0.626
0.411
0.391
0.336
0.372
0.435
0.238
0.145
0.12
-0.021
-0.024
-0.107
-0.085
-0.144
-0.109
-0.194
-0.281
-0.231
-0.365
-0.351
-0.36
-0.335
-0.416
-0.531
-0.357
-0.338
-0.375
-0.481
-0.436
-0.409
-0.455
-0.445
-0.611
-0.525
-0.583
-0.598
-0.682
-0.667
-0.626
-0.566
-0.634
-0.581
-0.581
-0.547
-0.448
-0.405
-0.406
-0.155
-0.259
-0.201
-0.163
-0.113
-0.114
-0.051
-0.076
-0.019
0.152
0.297
0.456
0.662
0.775
0.934
1.029
1.034
0.991
0.881
0.684
0.674
0.661
0.667
0.641
0.618
0.516
0.63
0.693
0.751
0.713
0.677
0.804
0.789
0.818
0.794
0.81
0.943
0.97
0.958
0.922
0.941
0.934
1.074
1.064
0.96
0.973
0.96
0.976
0.889
0.87
0.906
0.764
0.713
0.675
0.734
0.807
0.938
0.731
0.885
0.708
0.764
0.76
0.657
0.695
0.427
0.478
0.409
0.399
0.357
0.275
0.212
0.134
0.131
0.189
0.278
0.091
0.075
0.119
0.106
0.129
0.198
0.141
0.168
0.166
0.165
0.1
0.129
0.105
0.074
0.037
0.003
0.138
0.098
0.261
0.205
0.278
0.269
0.333
0.278
0.158
0.149
0.191
0.25
0.306
0.324
0.256
0.228
0.075
0.14
0.264
0.241
0.249
0.269
0.231
0.259
0.203
0.281
0.174
0.242
0.149
0.022
0.11
0.075
0.225
0.343
0.439
0.436
0.611
0.599
0.495
0.781
0.716
0.821
0.849
0.88
1.104
1.016
1.075
0.993
1.008
0.945
0.938
0.863
0.655
0.693
0.802
0.781
0.955
0.76
0.64
0.593
0.568
0.62
0.41
0.329
0.324
0.371
0.228
0.311
-0.025
-0.088
-0.075
-0.175
-0.301
-0.355
-0.388
-0.562
-0.551
-0.544
-0.534
-0.651
-0.598
-0.698
-0.579
-0.666
-0.706
-0.551
-0.585
-0.638
-0.603
-0.769
-0.804
-0.819
-0.796
-0.79
-0.839
-0.758
-0.812
-0.536
-0.619
-0.649
-0.662
-0.681
-0.593
-0.539
-0.386
-0.403
-0.398
-0.503
-0.609
-0.367
-0.306
-0.23
-0.134
-0.085
-0.09
-0.003
-0.048
-0.106
-0.081
-0.026
0.077
0.004
0.051
-0.039
-0.26
-0.092
-0.129
-0.051
-0.098
0.085
0.049
0.125
0.092
0.181
0.169
0.274
0.505
0.431
0.399
0.43
0.47
0.531
0.569
0.576
0.59
0.638
0.644
0.394
0.453
0.369
0.406
0.385
0.414
0.359
0.352
0.105
0.185
0.217
0.244
0.138
0.039
0.077
0.019
0.08
0.329
0.212
-0.045
0.009
-0.118
-0.189
-0.413
-0.57
-0.771
-0.784
-0.741
-0.764
-0.816
-0.927
-0.976
-0.924
-0.743
-0.858
-0.85
-0.744
-0.696
-0.634
-0.584
-0.594
-0.6
-0.601
-0.696
-0.571
-0.573
-0.396
-0.221
-0.319
-0.258
-0.301
-0.352
-0.395
-0.339
-0.389
-0.496
-0.524
-0.374
-0.333
-0.395
-0.288
-0.158
-0.177
-0.228
-0.512
-0.596
-0.664
-0.838
-0.831
-0.964
-0.919
-0.919
-1.109
-1.188
-1.206
-1.17
-1.272
-1.204
-1.274
-1.242
-1.105
-1.051
-0.917
-0.938
-0.774
-0.924
-0.843
-0.686
-0.596
-0.413
-0.505
-0.321
-0.275
-0.147
-0.041
-0.12
0.071
0.039
0.1
0.09
0.085
0.14
0.23
0.292
0.25
0.315
0.354
0.419
0.44
0.429
0.509
0.469
0.365
0.346
0.426
0.311
0.226
0.261
0.209
0.051
0.094
-0.03
-0.147
-0.074
0.02
0.024
0.052
0.084
0.239
0.045
0.258
0.266
0.331
0.274
0.154
0.158
0.043
0.3
0.285
0.403
0.492
0.438
0.53
0.524
0.589
0.655
0.708
0.766
0.82
0.831
0.718
0.66
0.606
0.606
0.574
0.547
0.406
0.195
0.139
0.075
-0.062
0.003
0.045
0.275
0.266
0.266
0.114
0.014
0.044
-0.169
-0.149
0.07
0.035
0.133
-0.043
-0.052
0.103
0.221
0.174
0.203
0.247
0.219
0.208
0.281
0.194
0.193
0.388
0.489
0.691
0.765
0.651
0.639
0.514
0.499
0.37
0.316
0.189
0.103
0.149
0.059
-0.036
-0.288
-0.253
-0.316
-0.211
-0.051
-0.125
-0.092
-0.111
-0.061
-0.072
-0.018
0.052
0.09
0.096
0.089
0.199
0.305
0.38
0.482
0.551
0.546
0.429
0.615
0.638
0.797
0.604
0.471
0.547
0.496
0.569
0.453
0.485
0.345
0.325
0.37
0.348
0.19
0.076
0.048
-0.059
-0.138
-0.266
-0.275
-0.214
-0.443
-0.461
-0.482
-0.359
-0.311
-0.335
-0.463
-0.378
-0.38
-0.51
-0.508
-0.642
-0.58
-0.689
-0.76
-0.891
-0.939
-0.91
-1.051
-1.019
-1.059
-1.163
-1.146
-1.113
-1.106
-1.17
-0.92
-1.002
-1.07
-1.089
-1.134
-1.159
-1.116
-0.979
-0.924
-0.956
-0.885
-0.897
-0.819
-0.809
-0.787
-0.873
-0.718
-0.723
-0.565
-0.601
-0.59
-0.57
-0.487
-0.571
-0.581
-0.52
-0.475
-0.559
-0.659
-0.667
-0.631
-0.441
-0.269
-0.15
-0.121
-0.175
0.01
0.101
0.168
0.306
0.22
0.411
0.33
0.515
0.586
0.414
0.471
0.586
0.589
0.75
0.689
0.623
0.709
0.652
0.685
0.644
0.623
0.744
0.761
0.731
0.754
0.642
0.552
0.448
0.238
0.125
-0.094
-0.126
-0.081
-0.195
-0.234
-0.36
-0.361
-0.522
-0.524
-0.541
-0.599
-0.515
-0.733
-0.739
-0.938
-0.85
-0.812
-0.856
-0.694
-0.686
-0.674
-0.701
-0.73
-0.781
-0.76
-0.662
-0.438
-0.217
-0.362
-0.389
-0.259
-0.182
-0.169
-0.295
0.092
0.011
0.221
0.14
0.196
0.106
0.143
0.174
0.258
0.203
0.269
0.362
0.484
0.348
0.305
0.138
0.203
0.118
0.07
0.056
-0.058
0.058
0.118
0.176
0.154
0.169
0.074
0.131
0.058
0.011
-0.014
-0.189
-0.161
-0.079
0.044
0.083
0.264
0.269
0.152
0.1
-0.083
-0.091
-0.104
-0.188
-0.134
-0.131
-0.201
-0.131
-0.147
0.014
-0.06
-0.125
-0.138
0.013
0.04
-0.005
-0.059
-0.076
-0.083
-0.074
-0.111
-0.331
-0.254
-0.381
-0.463
-0.42
-0.453
-0.426
-0.516
-0.43
-0.417
-0.415
-0.508
-0.501
-0.514
-0.56
-0.521
-0.573
-0.766
-0.839
-0.985
-0.766
-0.738
-0.709
-0.535
-0.509
-0.464
-0.426
-0.39
-0.349
-0.208
-0.193
-0.198
-0.179
-0.291
-0.314
-0.241
-0.251
-0.365
-0.367
-0.259
-0.355
-0.339
-0.334
-0.329
-0.466
-0.369
-0.265
-0.464
-0.409
-0.424
-0.216
-0.114
-0.217
-0.059
0.034
0.129
0.256
0.417
0.391
0.411
0.539
0.65
0.785
0.688
0.814
0.782
0.79
0.804
0.537
0.665
0.64
0.684
0.749
0.564
0.575
0.677
0.69
0.706
0.642
0.633
0.599
0.639
0.524
0.306
0.215
0.128
0.1
0.056
0.054
-0.004
-0.224
-0.174
-0.319
-0.278
-0.364
-0.312
-0.403
-0.525
-0.585
-0.496
-0.517
-0.61
-0.676
-0.541
-0.46
-0.564
-0.526
-0.599
-0.531
-0.529
-0.568
-0.446
-0.388
-0.233
-0.159
-0.052
0.124
0.209
0.28
0.261
0.147
0.328
0.449
0.318
0.409
0.39
0.487
0.443
0.432
0.367
0.294
0.307
0.35
0.289
0.215
0.074
-0.103
-0.316
-0.57
-0.568
-0.635
-0.75
-0.878
-0.929
-0.878
-0.8
-0.801
-0.739
-0.703
-0.636
-0.389
-0.45
-0.367
-0.374
-0.356
-0.212
-0.098
-0.039
-0.128
-0.25
-0.241
-0.025
-0.098
0.085
0.184
0.1
0.25
0.194
0.193
0.134
0.238
0.181
0.219
0.241
0.32
0.38
0.366
0.238
0.456
0.465
0.524
0.54
0.609
0.411
0.365
0.474
0.53
0.573
0.728
0.615
0.445
0.453
0.386
0.355
0.401
0.424
0.517
0.586
0.544
0.465
0.438
0.35
0.261
0.281
0.307
0.341
0.219
0.236
0.258
0.208
0.266
0.136
0.135
0.026
0.149
0.079
-0.015
-0.011
-0.089
-0.031
-0.124
0.065
-0.043
-0.228
-0.21
-0.189
-0.059
0.065
0.203
0.319
0.36
0.386
0.394
0.388
0.173
0.072
0.072
0.018
0.011
0.109
-0.079
-0.121
-0.014
-0.024
0.119
0.122
0.154
0.33
0.234
0.181
0.318
0.469
0.414
0.352
0.459
0.365
0.405
0.461
0.505
0.529
0.536
0.532
0.435
0.546
0.425
0.432
0.411
0.359
0.185
0.136
0.286
0.339
0.319
0.297
0.366
0.378
0.378
0.406
0.239
0.413
0.211
0.138
0.035
-0.045
-0.077
-0.164
-0.217
-0.479
-0.39
-0.386
-0.625
-0.736
-0.795
-0.749
-0.58
-0.688
-0.641
-0.704
-0.695
-0.745
-0.736
-0.75
-0.65
-0.638
-0.728
-0.58
-0.57
-0.537
-0.393
-0.479
-0.439
-0.599
-0.611
-0.575
-0.619
-0.559
-0.514
-0.552
-0.601
-0.517
-0.439
-0.286
-0.328
-0.292
-0.346
-0.175
-0.258
-0.003
-0.155
-0.13
-0.125
-0.14
-0.147
-0.135
-0.221
-0.128
-0.138
-0.281
-0.254
-0.019
-0.181
-0.15
-0.136
-0.07
0.054
-0.024
-0.055
-0.245
-0.357
-0.263
-0.247
-0.219
-0.103
-0.191
-0.25
-0.212
-0.234
-0.111
0.02
-0.036
0.029
0.169
0.029
0.219
0.147
0.449
0.425
0.529
0.625
0.758
0.771
0.776
0.789
0.751
0.901
0.973
0.876
0.774
0.84
0.781
0.791
0.714
0.651
0.39
0.306
0.309
0.256
0.378
0.333
0.316
0.098
0.166
0.182
0.021
0.044
-0.069
-0.104
-0.217
-0.318
-0.28
-0.27
-0.311
-0.226
-0.225
-0.196
-0.31
-0.274
-0.224
-0.323
-0.206
-0.214
-0.225
-0.415
-0.55
-0.422
-0.294
-0.286
-0.249
-0.019
-0.011
0.031
-0.083
-0.171
-0.151
-0.074
-0.101
-0.064
-0.015
-0.13
-0.131
-0.144
-0.128
-0.077
0.031
-0.065
0.076
0.145
-0.056
-0.19
0.103
0.01
0.016
-0.14
-0.259
-0.242
-0.281
-0.152
-0.12
-0.05
-0.24
-0.215
-0.175
-0.113
-0.105
-0.311
-0.234
-0.201
-0.089
0.076
-0.048
0.037
0.155
0.003
-0.049
0.253
0.28
0.551
0.52
0.655
0.491
0.526
0.628
0.591
0.556
0.664
0.806
0.815
0.831
0.89
0.823
0.79
0.819
0.907
0.953
1.143
1.109
1.193
1.423
1.246
1.34
1.213
1.315
1.346
1.345
1.411
1.476
1.384
1.395
1.193
1.203
1.171
1.104
0.93
0.954
0.749
0.565
0.385
0.4
0.372
0.417
0.425
0.292
0.161
0.194
0.31
0.11
0.269
0.182
0.044
0.171
0.024
-0.02
0.025
0.009
-0.004
-0.031
0.0
-0.281
-0.32
-0.578
-0.544
-0.537
-0.571
-0.574
-0.605
-0.44
-0.562
-0.65
-0.641
-0.416
-0.415
-0.625
-0.546
-0.378
-0.366
-0.14
0.015
0.164
0.198
0.302
0.459
0.424
0.618
0.641
0.591
0.768
0.64
0.909
0.998
1.211
1.018
1.193
1.032
1.073
1.145
1.133
1.101
0.985
1.015
1.17
1.28
1.349
1.18
1.29
1.489
1.472
1.438
1.366
1.339
1.417
1.545
1.324
1.389
1.275
1.268
1.279
1.269
1.206
1.259
1.359
1.086
1.232
1.09
0.866
1.035
1.08
0.995
0.917
0.986
1.086
1.015
0.97
0.969
0.865
0.844
0.811
0.801
0.652
0.677
0.684
0.601
0.573
0.506
0.486
0.703
0.709
0.715
0.718
0.389
0.416
0.263
0.283
0.458
0.321
0.169
0.242
0.198
0.242
0.151
0.096
0.045
0.064
0.225
0.021
0.024
-0.009
-0.106
-0.029
-0.311
0.003
-0.083
-0.25
-0.109
-0.217
-0.065
-0.001
-0.077
0.26
0.244
0.335
0.406
0.555
0.893
0.949
1.105
1.272
1.6
1.54
1.659
1.52
1.5
1.704
1.671
1.605
1.545
1.221
1.149
1.039
1.012
0.976
1.062
0.85
0.651
0.43
0.482
0.546
0.355
0.236
0.326
0.242
0.044
0.113
-0.083
0.16
-0.061
-0.486
-0.629
-0.556
-0.62
-0.628
-0.902
-1.075
-1.065
-1.055
-1.066
-1.014
-0.922
-0.87
-0.859
-0.755
-0.794
-0.866
-0.74
-0.804
-0.856
-0.674
-0.703
-0.618
-0.496
-0.508
-0.385
-0.403
-0.595
-0.815
-0.66
-0.766
-0.535
-0.491
-0.374
-0.385
-0.245
-0.205
-0.146
0.133
0.141
0.166
0.331
0.487
0.441
0.696
0.814
0.718
0.705
0.64
0.682
0.484
0.56
0.383
0.421
0.593
0.264
0.286
0.3
0.324
0.474
0.352
0.343
0.339
0.176
0.223
-0.07
-0.19
-0.037
0.074
-0.039
0.081
-0.036
-0.128
-0.013
-0.129
-0.1
-0.111
-0.14
0.046
-0.165
0.013
-0.085
-0.004
0.134
0.141
0.15
0.12
0.101
-0.022
0.02
0.125
0.2
0.229
0.084
-0.019
-0.12
-0.242
-0.253
-0.284
-0.379
-0.321
-0.48
-0.596
-0.469
-0.456
-0.655
-0.858
-1.012
-0.825
-0.843
-0.939
-1.021
-1.094
-0.984
-1.012
-0.689
-0.66
-0.505
-0.336
-0.19
-0.052
-0.064
-0.048
-0.134
-0.229
-0.239
-0.22
-0.276
-0.301
-0.098
0.007
0.099
-0.02
0.194
0.033
0.084
-0.03
-0.026
0.062
0.09
0.109
0.214
0.08
-0.046
-0.066
-0.019
-0.059
0.085
0.045
-0.14
-0.379
-0.425
-0.679
-0.749
-0.589
-0.93
-0.861
-0.765
-0.63
-0.62
-0.614
-0.517
-0.756
-0.814
-0.87
-0.934
-0.926
-0.924
-0.814
-1.08
-0.85
-0.974
-0.816
-0.764
-0.753
-0.615
-0.517
-0.508
-0.318
-0.131
-0.074
0.052
0.085
-0.058
-0.043
-0.066
-0.143
-0.311
-0.233
-0.23
-0.219
-0.245
-0.357
-0.301
-0.307
-0.329
-0.416
-0.401
-0.59
-0.661
-0.552
-0.526
-0.522
-0.662
-0.432
-0.564
-0.463
-0.484
-0.352
-0.256
-0.208
-0.223
-0.209
-0.235
-0.144
-0.081
-0.122
-0.182
-0.297
-0.174
-0.203
-0.007
-0.088
0.013
0.182
0.247
0.357
0.44
0.631
0.564
0.508
0.459
0.364
0.235
0.185
0.285
0.331
0.351
0.339
0.315
0.344
0.23
0.198
0.065
-0.02
0.155
0.114
0.079
0.039
-0.224
-0.32
-0.396
-0.306
-0.41
-0.348
-0.596
-0.71
-0.777
-0.938
-0.844
-0.763
-0.686
-0.743
-0.745
-0.758
-0.724
-0.589
-0.562
-0.559
-0.6
-0.623
-0.664
-0.566
-0.581
-0.241
-0.226
-0.171
-0.013
0.107
0.259
0.265
0.393
0.511
0.551
0.551
0.468
0.521
0.389
0.403
0.3
0.239
0.145
0.118
0.158
0.199
0.318
0.285
0.374
0.285
0.245
-0.037
-0.1
-0.145
-0.198
0.069
-0.175
-0.062
-0.1
-0.09
-0.129
-0.084
-0.15
-0.121
-0.133
-0.11
-0.124
-0.255
-0.289
-0.23
-0.274
-0.152
-0.25
-0.285
-0.221
-0.304
-0.365
-0.326
-0.362
-0.475
-0.532
-0.564
-0.56
-0.566
-0.605
-0.432
-0.589
-0.536
-0.53
-0.568
-0.503
-0.52
-0.545
-0.718
-0.69
-0.764
-0.629
-0.728
-0.731
-0.916
-1.006
-1.03
-1.061
-1.091
-1.115
-0.835
-1.014
-0.943
-1.131
-0.993
-0.875
-0.78
-0.769
-0.644
-0.589
-0.396
-0.314
-0.229
-0.168
-0.043
0.07
0.031
0.209
0.269
0.496
0.694
0.677
0.723
0.745
0.915
1.17
1.111
1.066
1.004
0.985
0.93
0.83
0.685
0.749
0.584
0.531
0.399
0.154
0.14
0.121
0.095
0.056
-0.069
-0.145
-0.304
-0.334
-0.251
-0.279
-0.366
-0.41
-0.274
-0.559
-0.556
-0.611
-0.62
-0.586
-0.619
-0.633
-0.711
-0.561
-0.544
-0.51
-0.62
-0.605
-0.649
-0.688
-0.517
-0.657
-0.605
-0.588
-0.509
-0.537
-0.578
-0.606
-0.703
-0.719
-0.791
-0.805
-0.665
-0.633
-0.691
-0.609
-0.455
-0.491
-0.245
-0.203
-0.08
0.059
0.186
0.254
0.348
0.394
0.546
0.65
0.608
0.566
0.531
0.396
0.535
0.36
0.52
0.221
0.211
0.33
0.215
0.25
0.231
0.14
0.092
0.048
0.037
-0.088
-0.046
-0.003
0.103
0.147
-0.009
0.007
-0.139
-0.184
-0.247
-0.341
-0.485
-0.494
-0.545
-0.595
-0.448
-0.445
-0.514
-0.404
-0.379
-0.388
-0.421
-0.376
-0.295
-0.216
-0.22
-0.144
-0.155
0.07
-0.005
0.022
0.039
-0.088
-0.011
0.033
0.28
0.238
0.366
0.199
0.366
0.244
0.285
0.021
0.124
0.198
0.328
0.426
0.284
0.29
0.334
0.284
0.168
0.215
0.229
0.212
0.092
0.005
0.028
-0.092
0.064
0.109
0.064
0.034
0.163
0.203
0.061
0.021
0.066
0.003
0.049
-0.04
0.009
-0.171
-0.255
-0.414
-0.359
-0.325
-0.254
-0.341
-0.415
-0.341
-0.352
-0.26
-0.259
-0.372
-0.361
-0.264
-0.273
-0.345
-0.107
-0.388
-0.4
-0.427
-0.455
-0.594
-0.784
-0.812
-0.829
-1.049
-0.902
-0.904
-0.929
-0.924
-0.719
-0.797
-0.907
-0.78
-0.675
-0.604
-0.544
-0.487
-0.371
-0.259
-0.184
-0.236
-0.056
-0.21
-0.118
-0.071
-0.039
0.145
0.122
0.041
0.209
0.321
0.354
0.39
0.312
0.48
0.496
0.574
0.674
0.609
0.574
0.48
0.375
0.504
0.503
0.456
0.61
0.511
0.485
0.556
0.496
0.343
0.225
0.334
0.329
0.328
0.304
0.244
0.118
0.095
0.041
-0.072
-0.219
-0.255
-0.214
-0.208
-0.224
-0.219
-0.006
0.145
0.105
0.113
0.171
0.122
0.007
0.024
-0.074
-0.041
0.007
0.13
0.135
0.051
0.086
0.158
0.235
0.242
0.411
0.364
0.464
0.657
0.751
0.815
0.875
0.696
0.766
0.633
0.693
0.444
0.357
0.456
0.393
0.425
0.344
0.39
0.306
0.338
0.352
0.309
0.284
0.249
0.225
0.036
-0.071
-0.195
-0.055
-0.24
-0.095
-0.33
-0.17
-0.246
-0.31
-0.144
-0.055
-0.176
-0.096
-0.037
0.088
0.124
0.184
0.155
0.224
0.249
0.278
0.299
0.275
0.349
0.236
-0.018
0.058
-0.052
-0.09
-0.18
-0.173
-0.273
-0.35
-0.435
-0.391
-0.576
-0.366
-0.311
-0.268
-0.145
-0.22
-0.324
-0.331
-0.271
-0.131
-0.101
-0.125
-0.143
-0.193
-0.143
-0.276
-0.413
-0.534
-0.549
-0.489
-0.486
-0.49
-0.438
-0.28
-0.372
-0.259
-0.25
-0.304
-0.155
-0.161
-0.228
-0.279
-0.386
-0.356
-0.338
-0.435
-0.525
-0.564
-0.738
-0.661
-0.584
-0.796
-0.699
-0.66
-0.67
-0.642
-0.646
-0.667
-0.636
-0.44
-0.468
-0.57
-0.561
-0.388
-0.449
-0.404
-0.354
-0.371
-0.393
-0.385
-0.338
-0.496
-0.344
-0.238
-0.182
0.051
0.034
0.361
0.374
0.398
0.4
0.478
0.461
0.307
0.594
0.698
0.657
0.525
0.328
0.486
0.576
0.547
0.348
0.37
0.316
0.336
0.448
0.408
0.398
0.47
0.594
0.635
0.417
0.421
0.364
0.28
0.231
0.296
0.18
0.7
0.365
0.281
0.211
0.181
0.135
0.104
0.054
0.105
0.242
0.163
0.181
0.143
0.114
0.273
0.333
0.401
0.608
0.671
0.688
0.503
0.406
0.496
0.45
0.503
0.541
0.59
0.621
0.688
0.66
0.62
0.524
0.384
0.389
0.306
0.28
0.409
0.242
0.25
0.351
0.193
0.185
-0.022
0.021
-0.234
-0.001
-0.188
-0.28
-0.386
-0.343
-0.24
-0.295
-0.371
-0.445
-0.306
-0.378
-0.2
-0.092
0.182
0.163
0.264
0.35
0.48
0.552
0.628
0.794
0.82
0.914
0.856
1.106
1.163
1.14
1.116
1.05
1.044
1.044
1.018
1.105
1.123
1.166
1.068
1.133
1.096
1.312
1.31
1.275
1.259
1.343
1.309
1.411
1.248
1.176
1.135
1.126
1.177
1.094
0.883
0.9
0.845
0.667
0.981
0.804
0.853
0.899
0.87
0.876
0.79
0.652
0.636
0.584
0.556
0.422
0.456
0.424
0.485
0.504
0.436
0.385
0.499
0.417
0.449
0.581
0.604
0.665
0.531
0.644
0.768
0.61
0.652
0.67
0.539
0.826
0.766
0.714
1.035
1.061
1.066
1.114
1.214
1.13
1.355
1.39
1.569
1.542
1.754
1.811
1.661
1.416
1.343
1.35
1.719
1.634
1.588
1.559
1.667
1.581
1.454
1.213
1.036
0.87
0.681
0.478
0.501
0.194
0.324
0.029
-0.077
-0.114
-0.271
-0.14
-0.141
0.035
-0.28
-0.294
-0.215
-0.326
-0.374
-0.355
-0.415
-0.621
-0.608
-0.667
-0.906
-0.728
-0.656
-0.481
-0.349
-0.306
-0.17
-0.181
-0.131
-0.14
-0.311
-0.193
-0.24
-0.561
-0.487
-0.194
-0.331
-0.512
-0.389
-0.674
-0.642
-0.71
-0.71
-0.723
-0.91
-1.085
-0.911
-0.905
-0.789
-0.76
-0.645
-0.725
-0.541
-0.756
-0.875
-0.774
-0.841
-0.738
-0.479
-0.419
-0.352
-0.393
-0.349
-0.27
-0.383
-0.186
-0.404
0.051
-0.021
0.061
0.14
0.21
0.216
0.113
0.065
0.159
0.417
0.378
0.459
0.431
0.583
0.453
0.555
0.386
0.408
0.68
0.797
0.618
1.103
1.014
0.984
1.134
1.119
1.214
1.105
1.159
1.174
1.12
1.091
1.2
1.125
0.82
1.059
0.824
0.804
0.666
0.726
0.781
0.7
0.645
0.138
0.143
-0.15
-0.294
-0.37
-0.479
-0.579
-0.426
-0.499
-0.589
-0.823
-0.569
-0.546
-0.519
-0.601
-0.485
-0.415
-0.415
-0.427
-0.491
-0.408
-0.449
-0.504
-0.451
-0.641
-0.414
-0.463
-0.422
-0.357
-0.474
-0.456
-0.39
-0.424
-0.45
-0.334
-0.279
-0.228
-0.175
-0.141
-0.251
-0.309
-0.372
-0.344
-0.23
-0.37
-0.325
-0.385
-0.325
-0.325
-0.408
-0.203
-0.184
-0.052
-0.221
-0.134
-0.203
-0.344
-0.367
-0.434
-0.413
-0.631
-0.506
-0.525
-0.547
-0.651
-0.611
-0.679
-0.576
-0.601
-0.714
-0.726
-0.682
-0.787
-0.934
-1.022
-1.051
-1.193
-1.288
-0.907
-1.129
-1.093
-1.054
-1.041
-1.032
-1.084
-1.325
-1.389
-1.195
-1.191
-1.006
-0.944
-0.907
-0.724
-0.633
-0.561
-0.599
-0.424
-0.21
-0.211
-0.176
-0.09
0.136
0.135
0.261
0.393
0.495
0.499
0.541
0.485
0.265
0.339
0.415
0.329
0.5
0.473
0.42
0.286
0.231
0.297
0.168
0.066
0.021
-0.118
-0.294
-0.406
-0.365
-0.374
-0.394
-0.247
-0.453
-0.512
-0.424
-0.422
-0.487
-0.57
-0.53
-0.691
-0.699
-0.746
-0.804
-0.782
-0.812
-0.828
-0.823
-0.719
-0.893
-0.874
-0.891
-0.912
-0.874
-0.907
-0.874
-0.786
-0.771
-0.629
-0.544
-0.429
-0.424
-0.427
-0.256
-0.285
-0.198
-0.19
-0.1
-0.009
0.034
0.048
0.38
0.381
0.445
0.547
0.63
0.657
0.559
0.409
0.295
0.195
0.17
0.25
-0.018
-0.055
-0.114
-0.195
-0.236
-0.319
-0.176
-0.173
-0.425
-0.486
-0.474
-0.561
-0.505
-0.535
-0.579
-0.512
-0.465
-0.375
-0.4
-0.319
-0.486
-0.441
-0.575
-0.517
-0.288
-0.39
-0.384
-0.37
-0.15
-0.169
-0.115
0.024
0.05
0.145
-0.041
-0.161
-0.239
-0.116
0.05
0.054
0.134
0.381
0.539
0.57
0.478
0.319
0.426
0.408
0.417
0.555
0.416
0.396
0.471
0.415
0.301
0.251
-0.019
0.089
0.106
0.04
0.144
0.176
0.362
0.33
0.319
0.56
0.427
0.551
0.348
0.396
0.416
0.388
0.421
0.281
0.381
0.29
0.297
0.349
0.345
0.456
0.367
0.302
0.364
0.356
0.449
0.321
0.36
0.302
0.219
0.276
0.135
0.114
0.24
0.182
0.091
0.009
-0.081
-0.174
-0.448
-0.4
-0.621
-0.645
-0.635
-0.524
-0.374
-0.375
-0.335
-0.345
-0.38
-0.367
-0.555
-0.564
-0.46
-0.436
-0.349
-0.381
-0.456
-0.333
-0.256
-0.151
-0.275
-0.175
-0.09
-0.054
0.014
0.126
0.244
0.15
0.169
0.249
0.244
0.175
0.321
0.348
0.419
0.41
0.435
0.536
0.537
0.665
0.56
0.647
0.73
0.618
0.941
0.868
0.859
0.838
0.674
0.86
0.696
0.611
0.404
0.374
0.314
0.399
0.343
0.401
0.186
0.044
0.155
0.05
0.155
0.035
-0.092
-0.175
-0.316
-0.366
-0.524
-0.679
-0.527
-0.604
-0.826
-0.753
-0.836
-0.764
-0.672
-0.746
-0.693
-0.639
-0.623
-0.564
-0.593
-0.506
-0.383
-0.271
-0.254
-0.149
-0.176
-0.052
0.005
-0.009
-0.101
-0.08
-0.09
-0.163
-0.285
-0.271
-0.41
-0.346
-0.536
-0.53
-0.411
-0.378
-0.384
-0.551
-0.604
-0.574
-0.603
-0.64
-0.805
-0.792
-0.812
-0.756
-0.685
-0.723
-0.61
-0.429
-0.46
-0.623
-0.635
-0.409
-0.264
-0.155
-0.171
-0.181
-0.179
0.061
0.214
0.069
0.046
0.177
0.38
0.291
0.319
0.33
0.414
0.451
0.429
0.356
0.208
0.051
-0.062
-0.154
-0.289
0.03
-0.168
-0.122
-0.438
-0.484
-0.746
-0.802
-0.708
-0.728
-0.792
-0.896
-1.052
-1.005
-1.185
-0.91
-1.041
-1.09
-0.999
-0.976
-0.839
-0.786
-0.626
-0.633
-0.645
-0.735
-0.573
-0.586
-0.45
-0.378
-0.378
-0.199
-0.014
0.228
0.336
0.211
0.2
0.174
0.384
0.359
0.168
0.059
0.024
0.079
-0.001
0.238
0.281
0.289
0.333
0.268
0.235
0.11
0.091
0.01
-0.075
-0.328
-0.33
-0.261
-0.194
-0.136
-0.025
0.02
0.098
0.154
0.201
0.261
0.12
0.107
0.219
0.208
0.128
0.233
0.005
-0.079
-0.094
0.203
0.224
0.173
0.147
0.099
0.013
0.101
0.175
0.074
0.035
0.061
0.048
-0.014
-0.05
-0.011
-0.016
-0.039
-0.11
-0.094
-0.076
-0.125
-0.056
-0.224
-0.226
-0.35
-0.45
-0.511
-0.583
-0.657
-0.826
-0.644
-0.883
-0.948
-0.718
-0.861
-0.655
-0.614
-0.527
-0.471
-0.46
-0.306
-0.196
-0.121
-0.033
0.051
0.054
0.001
-0.037
-0.075
-0.007
-0.125
-0.23
-0.228
-0.116
-0.292
-0.344
-0.305
-0.381
-0.417
-0.537
-0.312
-0.285
-0.416
-0.161
-0.169
-0.006
0.014
0.022
-0.022
0.014
-0.135
-0.003
-0.069
-0.004
-0.125
-0.177
-0.286
-0.391
-0.346
-0.517
-0.451
-0.394
-0.571
-0.534
-0.59
-0.729
-0.858
-0.93
-0.875
-0.751
-0.638
-0.463
-0.4
-0.427
-0.504
-0.348
-0.281
-0.188
-0.028
-0.135
-0.166
-0.18
-0.186
-0.184
-0.321
-0.16
-0.256
-0.113
-0.13
-0.059
-0.013
0.043
0.085
0.118
0.229
0.203
0.289
0.321
0.406
0.445
0.473
0.393
0.48
0.45
0.424
0.301
0.409
0.154
0.319
0.203
0.234
0.107
0.245
0.461
0.146
0.43
0.341
0.224
0.295
0.273
0.35
0.469
0.288
0.208
0.254
0.043
0.007
-0.013
0.006
0.085
0.176
0.13
0.223
0.18
0.381
0.269
0.406
0.325
0.372
0.439
0.698
0.72
0.739
0.739
0.695
0.606
0.534
0.568
0.695
0.715
0.647
0.743
0.853
0.849
0.897
1.042
1.036
1.041
0.994
0.959
0.994
1.198
1.016
1.089
1.034
1.1
1.005
1.024
1.123
1.049
0.945
0.869
1.074
1.329
1.259
1.14
1.081
1.104
1.106
1.145
1.225
1.147
0.92
0.971
1.073
0.834
0.917
0.78
0.9
0.966
0.965
1.06
1.185
1.409
1.361
1.27
1.24
1.39
1.374
1.265
1.329
1.559
1.439
1.501
1.436
1.147
1.056
1.123
1.224
0.924
1.175
1.225
0.911
0.868
0.927
0.868
1.026
0.871
1.036
0.958
0.907
0.911
1.0
0.859
0.846
1.225
1.213
1.049
1.208
1.188
1.416
1.201
1.161
0.96
0.905
0.94
0.499
0.448
0.451
0.367
0.361
0.354
0.316
0.39
0.271
-0.113
-0.092
0.021
0.116
-0.021
-0.025
0.161
0.304
0.506
0.333
0.265
0.211
0.357
0.445
0.369
0.196
0.182
-0.076
-0.163
-0.1
0.04
-0.072
-0.141
-0.159
-0.245
-0.469
-0.574
-0.39
-0.268
-0.234
-0.343
-0.436
-0.233
-0.179
-0.056
-0.251
-0.259
-0.261
-0.191
-0.341
-0.299
-0.364
-0.359
-0.506
-0.315
-0.395
-0.478
-0.278
-0.039
0.081
0.1
0.177
0.343
0.351
0.46
0.372
0.534
0.645
0.925
0.853
0.729
0.795
0.856
0.955
0.985
1.058
1.089
1.139
0.879
0.859
0.709
0.811
0.618
0.581
0.497
0.581
0.626
0.766
0.729
0.681
0.624
0.504
0.547
0.52
0.341
0.403
0.241
0.244
0.203
0.16
0.111
-0.1
-0.129
-0.181
0.007
-0.041
0.004
0.061
0.193
0.225
0.26
0.274
0.234
0.075
-0.031
-0.185
-0.179
-0.385
-0.562
-0.649
-0.766
-0.71
-0.686
-0.845
-0.999
-1.114
-1.093
-1.064
-1.099
-0.927
-0.845
-0.869
-0.714
-0.844
-0.719
-0.756
-0.716
-0.596
-0.787
-0.568
-0.665
-0.57
-0.494
-0.22
0.001
0.168
0.441
0.403
0.65
0.816
0.741
0.736
0.593
0.699
0.766
0.826
0.76
0.768
0.633
0.49
0.492
0.321
0.366
0.259
0.174
0.02
-0.091
-0.11
-0.184
-0.325
-0.349
-0.459
-0.525
-0.432
-0.693
-0.699
-0.93
-1.145
-1.029
-1.134
-1.016
-0.994
-0.98
-1.081
-1.232
-1.213
-1.344
-1.167
-1.135
-1.066
-0.835
-0.863
-0.836
-0.889
-0.846
-0.824
-0.763
-0.769
-0.922
-0.92
-0.998
-0.985
-0.98
-0.984
-0.846
-0.927
-1.039
-0.614
-0.482
-0.561
-0.487
-0.535
-0.45
-0.549
-0.521
-0.661
-0.838
-0.891
-0.902
-0.851
-0.807
-0.932
-0.925
-0.818
-0.932
-1.091
-1.13
-1.377
-1.381
-1.494
-1.655
-1.674
-1.623
-1.653
-1.494
-1.556
-1.346
-1.066
-0.9
-0.792
-0.943
-0.919
-0.925
-0.812
-0.672
-0.639
-0.649
-0.652
-0.615
-0.48
-0.468
-0.438
-0.301
-0.22
-0.065
0.022
0.052
0.364
0.319
0.494
0.355
0.542
0.812
0.724
1.117
1.236
1.195
1.196
1.199
1.14
1.052
1.141
1.078
1.103
0.896
1.074
0.951
0.815
0.72
0.468
0.541
0.386
0.524
0.57
0.618
0.646
0.578
0.626
0.63
0.633
0.63
0.58
0.656
0.601
0.491
0.529
0.422
0.395
0.333
0.271
0.226
0.194
0.15
0.122
0.08
0.04
-0.052
-0.099
-0.138
-0.357
-0.351
-0.51
-0.242
-0.281
-0.281
-0.336
-0.283
-0.301
-0.473
-0.549
-0.459
-0.524
-0.531
-0.506
-0.675
-0.751
-0.73
-0.893
-0.894
-0.863
-0.876
-0.85
-0.715
-0.568
-0.349
-0.736
-0.365
-0.641
-0.411
-0.334
-0.381
-0.461
-0.504
-0.315
-0.417
-0.421
-0.352
-0.284
-0.139
0.07
0.039
-0.08
0.085
-0.026
0.086
0.164
0.193
0.244
0.138
0.251
0.083
-0.113
-0.085
0.029
-0.12
-0.169
-0.179
-0.136
-0.226
-0.195
-0.145
-0.271
-0.193
-0.266
-0.258
-0.045
-0.004
-0.236
-0.114
-0.066
0.049
-0.049
-0.065
-0.124
-0.206
-0.14
0.07
0.136
0.177
0.271
0.414
0.485
0.618
0.599
0.5
0.41
0.459
0.589
0.463
0.48
0.468
0.44
0.478
0.49
0.416
0.45
0.264
0.161
0.114
0.105
-0.006
-0.05
-0.048
-0.126
-0.415
-0.534
-0.644
-0.556
-0.639
-0.525
-0.529
-0.594
-0.331
-0.17
-0.29
-0.326
-0.214
-0.371
-0.33
-0.456
-0.273
-0.389
-0.28
-0.166
-0.335
-0.195
-0.331
-0.42
-0.247
-0.246
-0.269
-0.29
-0.244
-0.156
-0.255
-0.266
-0.247
-0.144
-0.315
-0.234
-0.201
-0.089
-0.079
0.131
0.185
0.151
0.136
0.168
0.193
0.216
0.07
0.072
0.264
0.284
0.283
0.244
0.166
0.144
0.077
0.11
0.001
-0.004
0.089
-0.071
-0.212
-0.061
-0.198
-0.449
-0.512
-0.463
-0.415
-0.362
-0.311
-0.201
-0.201
-0.171
-0.199
-0.254
-0.306
-0.255
-0.273
-0.395
-0.489
-0.408
-0.32
-0.35
-0.359
-0.328
-0.409
-0.289
-0.151
0.013
0.003
0.051
0.156
0.158
0.184
0.443
0.545
0.525
0.556
0.434
0.515
0.505
0.56
0.616
0.733
0.864
0.955
0.883
0.774
0.826
0.733
0.674
0.585
0.527
0.586
0.32
0.344
0.294
0.439
0.379
0.325
0.138
0.019
-0.018
-0.076
-0.176
0.01
-0.015
-0.17
-0.23
-0.04
-0.174
-0.066
-0.219
-0.166
-0.094
-0.04
0.035
0.066
0.052
-0.011
0.025
-0.021
-0.145
-0.143
-0.354
-0.17
-0.258
-0.38
-0.345
-0.259
-0.188
-0.158
-0.249
-0.297
-0.436
-0.535
-0.506
-0.815
-0.724
-0.794
-0.93
-0.921
-0.774
-0.835
-1.015
-1.01
-1.167
-0.905
-0.736
-0.689
-0.689
-0.644
-0.644
-0.766
-0.838
-0.797
-0.807
-0.641
-0.665
-0.495
-0.473
-0.296
-0.194
-0.296
-0.245
-0.354
-0.348
-0.18
-0.074
0.15
0.301
0.228
0.348
0.589
0.551
0.574
0.65
0.806
0.873
0.955
1.01
1.153
1.245
1.2
1.236
1.137
1.052
0.976
0.796
0.714
0.547
0.304
0.319
0.45
0.307
0.251
0.269
0.171
-0.133
-0.329
-0.294
-0.449
-0.499
-0.589
-0.63
-0.703
-0.606
-0.565
-0.448
-0.229
-0.191
-0.07
-0.069
0.154
0.294
0.326
0.339
0.682
0.731
0.664
0.825
0.675
0.672
0.787
0.593
0.7
0.521
0.384
0.44
0.573
0.38
0.369
0.419
0.512
0.586
0.559
0.459
0.362
0.473
0.484
0.278
0.091
0.209
0.059
0.0
-0.034
-0.02
0.098
0.054
0.061
0.069
0.084
0.136
0.034
0.058
-0.036
-0.075
-0.195
-0.159
-0.176
-0.106
-0.233
-0.208
-0.184
-0.039
0.005
0.026
0.091
0.235
0.146
0.04
0.024
-0.009
0.125
0.214
0.221
0.188
0.135
0.146
0.122
-0.003
0.006
-0.149
-0.292
-0.288
-0.208
-0.321
-0.149
-0.09
-0.048
-0.163
-0.106
-0.018
0.075
0.061
0.185
0.393
0.549
0.508
0.646
0.5
0.479
0.58
0.459
0.095
0.285
0.175
0.122
0.239
0.107
0.271
0.19
0.269
0.318
0.297
0.398
0.331
0.362
0.171
0.189
0.265
0.286
0.349
0.244
0.35
0.446
0.522
0.449
0.471
0.475
0.451
0.417
0.569
0.62
0.764
0.807
0.721
0.733
0.74
0.664
0.445
0.576
0.656
0.861
0.524
0.386
0.546
0.552
0.544
0.515
0.845
0.771
0.792
0.93
0.801
0.779
0.925
1.026
1.021
1.01
0.944
1.032
0.759
1.065
1.131
1.312
1.261
1.14
1.288
1.335
1.334
1.288
1.294
1.438
1.535
1.416
1.471
1.434
1.312
1.086
1.065
0.86
0.804
0.865
0.841
0.874
0.82
0.705
0.751
0.662
0.395
0.221
0.07
0.074
-0.131
-0.235
-0.343
-0.369
-0.325
-0.281
-0.184
-0.105
-0.146
-0.152
-0.055
0.221
0.19
0.151
0.031
0.16
0.241
0.259
0.527
0.556
0.628
0.682
0.693
0.816
0.782
0.734
0.774
0.78
0.642
0.799
0.821
0.915
0.907
0.769
0.926
0.986
0.956
1.046
1.026
0.96
0.844
0.754
0.499
0.571
0.703
0.709
0.772
0.925
0.97
0.835
0.662
0.775
0.768
0.78
0.765
0.625
0.595
0.499
0.527
0.421
0.343
0.439
0.505
0.399
0.536
0.559
0.596
0.503
0.684
0.495
0.504
0.251
0.131
-0.055
-0.349
-0.294
-0.512
-0.628
-0.623
-0.77
-0.774
-0.682
-0.738
-0.791
-0.841
-0.886
-0.699
-0.824
-0.804
-0.906
-0.909
-0.929
-0.836
-1.121
-1.016
-1.157
-1.211
-1.284
-1.275
-0.936
-0.953
-0.797
-0.635
-0.619
-0.531
-0.57
-0.471
-0.78
-0.633
-0.699
-0.738
-0.529
-0.579
-0.28
-0.316
-0.216
-0.305
-0.37
-0.325
-0.319
-0.318
-0.345
-0.291
-0.365
-0.28
-0.486
-0.414
-0.466
-0.603
-0.46
-0.54
-0.701
-0.723
-0.708
-0.65
-0.37
-0.591
-0.708
-0.383
-0.611
-0.294
-0.359
-0.431
-0.429
-0.274
-0.565
-0.438
-0.338
-0.321
-0.199
-0.542
-0.621
-0.508
-0.604
-0.385
-0.251
0.021
-0.014
-0.092
-0.041
-0.212
-0.186
-0.432
-0.492
-0.445
-0.486
-0.509
-0.568
-0.415
-0.419
-0.239
-0.158
-0.11
-0.061
-0.14
-0.312
-0.36
-0.464
-0.598
-0.469
-0.454
-0.408
-0.405
-0.357
-0.352
-0.408
-0.429
-0.486
-0.568
-0.434
-0.535
-0.486
-0.458
-0.53
-0.534
-0.583
-0.487
-0.714
-0.792
-0.774
-0.989
-0.979
-0.979
-0.994
-1.208
-1.219
-1.296
-1.282
-1.434
-1.194
-0.866
-0.853
-0.805
-0.873
-0.583
-0.574
-0.417
-0.276
-0.03
0.015
-0.005
0.049
-0.041
0.044
0.163
0.369
0.414
0.536
0.494
0.6
0.599
0.67
0.59
0.781
0.715
0.776
0.714
0.628
0.644
0.869
0.868
0.796
0.734
0.745
0.432
0.26
0.001
-0.122
0.066
0.046
-0.198
-0.203
-0.196
-0.249
-0.253
-0.22
-0.244
-0.105
0.151
0.283
0.415
0.369
0.256
0.292
0.234
0.315
0.39
0.55
0.478
0.309
0.435
0.271
0.305
0.133
0.245
0.311
0.44
0.416
0.23
0.234
0.058
-0.069
-0.122
-0.159
-0.1
-0.173
-0.11
-0.119
-0.229
-0.445
-0.75
-0.871
-0.779
-0.751
-0.772
-0.786
-0.635
-0.73
-0.623
-0.415
-0.531
-0.565
-0.438
-0.486
-0.501
-0.391
-0.261
-0.221
-0.225
-0.1
-0.105
-0.175
-0.15
-0.17
-0.049
-0.124
0.031
-0.101
-0.01
0.024
-0.013
0.122
0.163
0.401
0.435
0.443
0.515
0.494
0.41
0.396
0.401
0.354
0.385
0.281
0.389
0.297
0.38
0.295
0.261
0.138
0.146
0.161
0.139
-0.004
0.146
0.141
0.359
0.294
0.432
0.465
0.231
0.128
0.106
0.168
0.217
0.37
0.383
0.369
0.375
0.189
0.003
-0.166
-0.304
-0.422
-0.484
-0.438
-0.517
-0.669
-0.759
-0.806
-0.751
-0.846
-0.973
-0.876
-0.873
-0.869
-0.791
-0.625
-0.537
-0.448
-0.33
-0.234
-0.217
-0.266
-0.259
-0.221
-0.196
-0.016
-0.048
0.143
-0.083
0.022
-0.07
-0.335
-0.044
-0.17
-0.201
-0.249
-0.511
-0.422
-0.669
-0.836
-0.723
-0.769
-0.828
-0.881
-0.769
-0.601
-0.659
-0.515
-0.443
-0.41
-0.359
-0.381
-0.395
-0.374
-0.314
-0.245
-0.061
0.05
0.193
0.251
0.275
0.355
0.485
0.499
0.465
0.395
0.3
0.62
0.549
0.55
0.693
0.621
0.621
0.744
0.461
0.26
0.336
0.216
0.284
0.326
0.245
0.224
0.391
0.494
0.459
0.506
0.352
0.362
-0.044
-0.019
0.024
0.177
0.163
0.1
0.077
0.195
0.155
0.077
0.22
0.176
0.355
0.416
0.514
0.344
0.23
0.394
0.301
0.193
0.04
-0.079
-0.158
0.049
0.343
0.36
0.254
0.309
0.343
0.242
0.238
0.168
0.171
0.051
-0.006
0.029
0.024
0.039
-0.131
-0.035
-0.041
-0.092
-0.118
-0.188
-0.161
-0.107
-0.144
-0.299
-0.466
-0.315
-0.461
-0.646
-0.541
-0.515
-0.354
-0.003
-0.022
-0.144
0.024
0.046
0.066
0.136
0.209
0.239
0.333
0.311
0.091
0.121
0.076
0.094
0.074
0.049
0.198
0.209
0.155
0.146
-0.025
-0.054
-0.051
-0.044
0.009
0.033
0.215
0.124
0.203
0.199
0.323
0.438
0.344
0.406
0.383
0.291
0.156
0.045
-0.036
0.077
0.013
0.064
0.048
0.07
-0.034
-0.186
-0.28
-0.321
-0.41
-0.406
-0.445
-0.435
-0.715
-0.465
-0.569
-0.506
-0.475
-0.388
-0.284
-0.011
-0.061
-0.074
-0.015
0.14
0.176
0.251
0.199
0.305
0.233
0.355
0.309
0.231
0.084
0.169
0.133
-0.058
0.005
0.062
0.065
-0.056
-0.124
-0.244
-0.214
-0.225
-0.166
0.019
0.043
0.072
0.095
-0.035
0.009
0.044
0.013
0.236
-0.026
-0.03
0.007
0.041
0.039
0.033
-0.159
-0.345
-0.51
-0.644
-0.57
-0.662
-0.675
-0.674
-0.676
-0.706
-0.789
-0.589
-0.642
-0.626
-0.448
-0.245
-0.39
-0.244
-0.146
-0.118
0.103
0.11
0.198
0.305
0.419
0.545
0.486
0.662
0.881
0.873
0.906
0.961
0.943
0.921
0.993
1.049
1.101
1.228
1.311
1.135
1.08
0.936
0.924
1.107
0.812
0.926
0.894
0.976
1.078
1.044
1.161
1.174
1.331
1.249
1.052
1.021
0.841
0.879
0.948
0.956
1.048
0.981
1.084
0.789
0.873
0.736
0.932
0.911
0.753
0.775
0.672
0.454
0.52
0.381
0.324
0.221
0.291
0.318
0.103
0.077
-0.094
-0.155
-0.146
0.066
-0.036
-0.029
-0.196
-0.146
-0.231
-0.215
-0.225
-0.165
-0.217
0.114
-0.135
-0.013
-0.114
-0.106
0.111
0.019
-0.12
-0.089
-0.004
0.031
0.234
0.106
0.318
0.454
0.429
0.496
0.609
0.856
1.041
1.377
1.334
1.443
1.229
1.416
1.559
1.709
2.101
2.156
2.329
2.199
2.115
2.235
2.263
2.143
2.356
1.959
1.956
2.04
2.027
2.033
1.964
1.896
1.746
1.596
1.565
1.456
1.329
1.123
0.955
1.254
1.016
1.124
1.015
1.05
0.841
0.725
0.774
0.438
0.124
-0.064
-0.08
-0.256
-0.384
-0.684
-0.672
-0.775
-0.874
-0.828
-0.854
-0.894
-1.155
-1.12
-1.16
-1.114
-1.046
-0.93
-0.889
-0.905
-0.973
-0.848
-0.806
-0.655
-0.631
-0.419
-0.375
-0.445
-0.601
-0.571
-0.713
-0.811
-0.768
-0.795
-0.729
-0.656
-0.561
-0.516
-0.604
-0.509
-0.761
-0.565
-0.48
-0.47
-0.356
-0.166
-0.105
0.022
0.026
-0.136
-0.25
-0.245
-0.375
-0.134
0.01
0.22
0.165
0.422
0.391
0.529
0.67
0.511
0.896
0.921
0.965
0.844
0.785
0.77
0.517
0.686
0.556
0.458
0.514
0.426
0.659
0.403
0.429
0.531
0.331
0.616
0.508
0.487
0.345
0.221
0.16
0.196
0.056
0.129
0.046
0.054
-0.199
-0.228
-0.361
-0.357
-0.625
-0.709
-0.805
-0.704
-0.711
-0.465
-0.521
-0.383
-0.36
-0.408
-0.302
-0.416
-0.138
-0.345
-0.408
-0.409
-0.555
-0.517
