1.522
1.433
1.28
1.068
1.014
0.87
0.841
0.725
0.807
0.791
0.815
0.753
0.516
0.565
0.494
0.59
0.417
0.481
0.554
0.566
0.449
0.302
0.271
0.21
0.03
0.014
-0.345
-0.161
-0.628
-0.782
-0.946
-1.104
-1.343
-1.415
-1.479
-1.396
-1.463
-1.561
-1.496
-1.27
-1.282
-1.387
-1.431
-1.363
-1.68
-1.522
-1.675
-1.57
-1.509
-1.328
-1.133
-1.328
-1.199
-1.149
-0.924
-1.045
-0.966
-0.78
-0.58
-0.631
-0.71
-0.624
-0.78
-0.797
-0.777
-0.466
-0.288
-0.033
0.324
0.439
0.591
0.775
0.693
0.559
0.542
0.473
0.329
0.53
0.374
0.45
0.49
0.38
0.4
0.174
0.289
0.163
0.022
0.022
0.0
0.052
0.158
0.181
0.203
0.115
0.133
0.374
0.315
0.334
0.336
0.478
0.539
0.686
0.571
0.601
0.479
0.542
0.413
0.283
0.19
0.088
0.079
-0.025
-0.265
-0.305
-0.156
-0.163
-0.393
-0.226
-0.139
-0.069
-0.1
-0.24
-0.224
-0.289
-0.271
-0.205
-0.158
-0.004
-0.075
0.193
0.024
-0.056
-0.203
-0.288
-0.312
-0.276
-0.189
-0.169
-0.279
-0.23
-0.199
-0.106
-0.079
0.0
0.074
-0.104
-0.201
-0.343
-0.271
-0.059
-0.03
0.026
-0.043
-0.146
0.089
0.191
0.211
0.253
0.333
0.236
0.13
0.09
-0.025
-0.064
0.105
0.268
0.188
0.107
0.115
0.21
0.4
0.235
0.242
0.374
0.355
0.491
0.295
0.296
0.061
0.286
0.441
0.623
0.556
0.527
0.534
0.365
0.062
-0.263
-0.436
-0.33
-0.43
-0.07
-0.179
-0.21
-0.486
-0.422
-0.417
-0.504
-0.306
-0.291
-0.251
-0.328
-0.198
-0.249
-0.29
-0.13
0.055
0.111
0.184
0.019
0.19
-0.128
-0.414
-0.651
-0.544
-0.562
-0.53
-0.374
-0.356
-0.434
-0.416
-0.424
-0.399
-0.371
-0.25
-0.079
-0.146
-0.121
-0.158
-0.285
-0.152
-0.27
-0.399
-0.39
-0.328
-0.194
-0.033
-0.015
-0.083
-0.013
0.051
0.061
-0.098
-0.453
-0.361
-0.53
-0.429
-0.58
-0.59
-0.414
-0.608
-0.672
-0.75
-0.786
-0.655
-0.485
-0.529
-0.35
-0.371
-0.444
-0.302
-0.456
-0.396
-0.121
-0.037
0.014
0.076
-0.014
0.103
0.134
0.084
0.029
-0.141
0.059
-0.09
0.048
0.021
0.186
-0.198
-0.041
0.037
0.129
0.174
0.312
0.304
0.265
-0.019
-0.17
-0.039
-0.116
-0.228
-0.343
-0.278
-0.314
-0.357
-0.27
-0.445
-0.389
-0.354
-0.189
-0.158
-0.009
-0.089
-0.074
0.084
0.198
0.126
0.126
0.113
0.083
-0.055
0.116
0.064
0.128
0.345
0.511
0.609
0.675
0.708
0.635
0.537
0.484
0.559
0.774
0.809
0.831
0.79
0.916
0.779
0.83
0.839
0.792
0.691
0.682
0.659
0.506
0.486
0.554
0.524
0.628
0.677
0.77
0.542
0.212
0.089
-0.01
0.141
0.04
0.309
0.531
0.489
0.398
0.41
0.436
0.505
0.454
0.468
0.334
0.314
0.364
0.244
0.274
0.259
0.281
0.279
0.258
0.323
0.453
0.59
0.425
0.335
0.404
0.475
0.365
0.374
0.39
0.171
0.089
-0.247
-0.32
-0.362
-0.319
-0.219
-0.198
-0.188
-0.206
-0.255
-0.055
-0.107
0.03
0.146
0.066
-0.064
-0.001
-0.185
-0.107
0.029
0.211
0.191
0.106
0.2
0.335
0.205
0.251
0.391
0.527
0.583
0.503
0.352
0.401
0.346
0.481
0.459
0.584
0.938
0.901
0.874
1.03
0.838
0.829
0.829
0.63
0.83
0.868
0.843
0.647
0.564
0.61
0.578
0.628
0.508
0.615
0.593
0.764
0.441
0.439
0.505
0.776
0.939
0.868
1.149
1.13
1.171
1.012
1.088
1.155
1.201
1.208
1.214
1.261
1.229
1.045
0.989
0.814
0.863
0.902
0.789
0.624
0.652
0.537
0.424
0.516
0.751
0.86
1.111
1.086
0.954
0.983
0.926
0.84
0.78
0.631
0.565
0.385
0.532
0.436
0.27
0.517
0.273
0.099
0.135
0.049
-0.159
-0.066
-0.256
-0.39
-0.565
-0.584
-0.635
-0.489
-0.542
-0.705
-0.896
-0.907
-0.809
-0.775
-0.851
-0.765
-0.76
-0.735
-0.975
-0.871
-0.965
-0.841
-0.878
-0.819
-1.062
-1.074
-0.844
-0.751
-0.809
-0.833
-0.807
-0.766
-0.839
-0.802
-0.785
-0.836
-0.634
-0.605
-0.497
-0.591
-0.535
-0.344
-0.415
-0.475
-0.522
-0.603
-0.734
-0.664
-0.551
-0.46
-0.639
-0.362
-0.417
-0.546
-0.471
-0.415
-0.666
-0.383
-0.276
-0.266
0.022
0.066
0.269
0.302
0.288
0.411
0.464
0.3
0.389
0.203
0.138
0.179
0.189
0.18
0.083
0.089
0.088
0.101
0.264
0.169
0.141
0.084
0.159
-0.009
-0.326
-0.394
-0.296
-0.051
-0.083
0.195
0.088
0.055
0.258
0.18
0.147
0.306
0.29
0.177
0.333
0.241
0.236
0.161
0.211
0.292
0.235
0.193
0.314
0.354
0.565
0.511
0.365
0.46
0.69
0.505
0.482
0.349
0.128
-0.12
-0.229
-0.505
-0.593
-0.69
-0.734
-0.744
-0.695
-0.608
-0.621
-0.675
-0.721
-0.655
-0.631
-0.526
-0.568
-0.52
-0.546
-0.449
-0.531
-0.39
-0.369
-0.46
-0.443
-0.365
-0.312
-0.251
-0.431
-0.245
-0.175
-0.361
-0.357
-0.506
-0.552
-0.629
-0.652
-0.512
-0.63
-0.429
-0.289
-0.265
-0.318
-0.186
-0.168
-0.11
-0.088
-0.101
0.059
0.224
0.325
0.309
0.466
0.591
0.443
0.6
0.449
0.482
0.55
0.411
0.436
0.297
0.191
0.095
0.024
0.13
0.062
0.163
0.164
0.283
0.438
0.603
0.784
0.689
0.419
0.408
0.542
0.434
0.465
0.375
0.318
0.23
0.302
0.195
0.169
0.095
0.036
-0.188
-0.09
-0.305
-0.544
-0.449
-0.333
-0.21
-0.062
-0.051
-0.141
-0.263
-0.109
-0.196
-0.386
-0.434
-0.384
-0.519
-0.38
-0.458
-0.466
-0.579
-0.586
-0.669
-0.759
-0.669
-0.766
-0.671
-0.568
-0.448
-0.459
-0.283
-0.441
-0.329
-0.302
-0.275
0.014
0.362
0.522
0.415
0.229
0.084
0.011
0.152
-0.15
-0.169
-0.32
-0.226
-0.065
-0.051
-0.024
0.114
-0.13
0.1
0.085
-0.104
-0.089
-0.072
-0.116
-10.336
-0.034
0.084
0.088
-0.129
-0.126
-0.195
-0.138
-0.286
-0.255
-0.139
-0.296
-0.381
-0.478
-0.45
-0.541
-0.532
-0.646
-0.439
-0.47
-0.539
-0.559
-0.511
-0.326
-0.424
-0.43
-0.557
-0.595
-0.619
-0.685
-0.633
-0.524
-0.619
-0.775
-0.684
-0.49
-0.703
-0.703
-0.89
-0.873
-0.784
-0.915
-0.873
-0.723
-0.62
-0.698
-0.689
-0.693
-0.669
-0.596
-0.51
-0.38
-0.343
-0.24
-0.105
0.036
0.13
0.086
0.35
0.478
0.709
0.848
0.792
0.846
0.714
0.899
0.96
1.049
0.873
0.879
0.784
0.863
0.806
0.894
0.885
0.6
0.58
0.461
0.429
0.399
0.301
0.268
0.128
0.109
0.32
0.089
-0.029
-0.085
-0.198
-0.359
-0.469
-0.409
-0.544
-0.503
-0.466
-0.362
-0.199
-0.258
-0.072
-0.2
-0.234
-0.16
-0.105
-0.088
0.009
0.155
0.331
0.38
0.384
0.456
0.583
0.321
0.149
0.007
0.074
0.071
0.168
-0.01
-0.054
-0.036
-0.089
-0.084
-0.241
-0.113
-0.064
-0.256
-0.116
-0.33
-0.314
-0.372
-0.583
-0.519
-0.517
-0.749
-0.679
-0.599
-0.7
-0.835
-0.861
-0.768
-0.759
-0.735
-0.54
-0.554
-0.274
-0.145
0.164
0.338
0.463
0.576
0.56
0.8
0.739
0.939
0.816
0.738
0.854
0.901
1.085
0.948
1.01
1.157
1.123
1.254
1.399
1.573
1.606
1.482
1.629
1.653
1.506
1.568
1.482
1.489
1.389
1.288
1.367
1.19
1.079
1.075
0.946
0.756
0.764
0.785
0.896
0.726
0.7
0.633
0.807
0.728
0.826
0.786
0.795
0.546
0.346
0.504
0.461
0.61
0.641
0.71
0.625
0.585
0.63
0.714
0.628
0.695
0.763
0.504
0.647
0.59
0.436
0.497
0.295
0.371
0.194
0.185
0.156
0.035
0.08
-0.058
0.092
0.039
0.055
0.165
0.14
0.316
0.351
0.35
0.506
0.516
0.421
0.461
0.581
0.503
0.618
0.611
0.564
0.579
0.434
0.396
0.463
0.649
0.751
0.955
1.155
0.953
0.941
0.739
0.682
0.576
0.544
0.647
0.644
0.888
0.846
0.765
0.682
0.585
0.618
0.36
0.371
-0.03
-0.08
-0.294
-0.641
-0.996
-1.117
-1.26
-1.299
-1.5
-1.585
-1.356
-1.623
-1.675
-1.686
-1.706
-1.654
-1.377
-1.159
-1.265
-1.254
-1.109
-1.19
-1.068
-0.775
-0.864
-0.794
-0.583
-0.441
-0.325
-0.189
-0.147
-0.23
0.045
0.166
0.264
0.383
0.39
0.595
0.566
0.5
0.578
0.371
0.561
0.988
0.883
1.107
1.117
1.294
1.174
1.249
1.084
1.104
1.301
1.039
1.174
1.1
1.052
1.054
1.116
1.17
0.9
0.994
0.715
0.656
0.772
0.585
0.606
0.471
0.706
0.449
0.275
0.239
0.062
-0.128
-0.354
-0.621
-0.809
-0.831
-0.849
-0.978
-1.194
-1.175
-1.204
-1.114
-1.051
-0.893
-0.755
-0.631
-0.453
-0.426
-0.406
-0.125
0.054
0.247
0.281
0.391
0.179
-0.21
-0.055
-0.039
0.028
0.055
-0.146
-0.041
-0.188
-0.103
-0.065
-0.074
-0.041
-10.336
0.223
0.212
0.18
0.226
0.091
0.149
0.08
-0.031
-0.126
-0.286
-0.128
-0.06
-0.056
0.269
0.125
0.054
0.14
0.089
-0.022
-0.161
-0.072
-0.106
-0.043
-0.092
-0.094
0.228
0.134
-0.171
-0.275
-0.258
-0.29
-0.3
-0.372
-0.325
-0.445
-0.453
-0.461
-0.475
-0.395
-0.236
-0.186
-0.168
-0.103
0.035
-0.274
-0.191
-0.226
-0.216
-0.236
-0.419
-0.657
-0.765
-0.68
-0.405
-0.378
-0.366
-0.21
-0.205
-0.3
-0.44
-0.491
-0.451
-0.531
-0.645
-0.638
-0.626
-0.552
-0.559
-0.326
-0.155
-0.394
-0.336
-0.395
-0.275
-0.224
-0.091
0.312
0.24
0.381
0.331
0.146
0.279
0.125
0.285
0.193
0.306
0.242
0.101
0.261
0.154
0.072
-0.135
-0.161
-0.07
-0.149
-0.171
-0.265
-0.427
-0.419
-0.144
-0.077
-0.05
-0.07
-0.03
-0.089
0.069
0.221
0.135
0.165
0.251
0.083
0.084
-0.056
0.013
0.113
0.398
0.369
0.419
0.517
0.565
0.6
0.531
0.695
0.739
0.549
0.465
0.425
0.224
0.08
-0.018
-0.135
-0.071
-0.144
-0.134
-0.018
-0.071
-0.062
-0.143
0.006
-0.121
-0.056
-0.037
-0.146
-0.009
-0.198
-0.283
-0.448
-0.53
-0.48
-0.651
-0.735
-0.608
-0.638
-0.77
-0.836
-0.885
-0.88
-0.828
-0.848
-0.806
-0.805
-0.636
-0.705
-0.328
-0.398
-0.276
-0.033
-0.036
0.136
0.263
0.386
0.547
0.44
0.566
0.421
0.562
0.62
0.434
0.54
0.294
0.421
0.355
0.385
0.394
0.393
0.254
0.052
0.046
-0.126
-0.092
-0.099
-0.168
-0.18
-0.15
-0.234
-0.289
-0.11
-0.173
-0.235
-0.274
-0.274
-0.226
-0.028
-0.158
-0.145
-0.179
-0.209
-0.328
-0.385
-0.43
-0.424
-0.339
-0.312
-0.225
-0.149
-0.276
-0.079
-0.121
0.026
-0.151
-0.241
-0.251
-0.269
-0.161
-0.199
-0.254
-0.289
-0.425
-0.314
-0.461
-0.515
-0.422
-0.696
-0.64
-0.52
-0.656
-0.463
-0.463
-0.314
-0.395
-0.305
-0.429
-0.186
-0.203
-0.016
0.13
0.166
0.335
0.414
0.453
0.444
0.579
0.501
0.509
0.568
0.641
0.603
0.598
0.549
0.537
0.547
0.626
0.427
0.434
0.519
0.295
0.395
0.205
0.297
0.194
-0.006
-0.031
-0.319
-0.449
-0.595
-0.645
-0.583
-0.603
-0.61
-0.471
-0.376
-0.284
-0.445
-0.376
-0.103
-0.152
-0.234
-0.266
-0.217
-0.124
-0.239
-0.133
-0.021
-0.074
-0.001
-0.004
0.215
0.233
0.27
0.085
-0.049
-0.004
-0.12
-0.143
0.029
-0.16
-0.155
-0.226
-0.198
-0.391
-0.386
-0.161
0.033
0.156
0.22
-0.031
0.064
-0.025
0.066
0.231
0.36
0.361
0.301
0.469
0.367
0.401
0.506
0.644
0.68
0.696
0.589
0.744
0.718
0.675
0.58
0.649
0.711
0.851
0.796
0.863
0.649
0.484
0.681
0.54
0.469
0.399
0.184
0.198
0.315
0.028
0.034
0.058
-0.005
0.111
0.184
0.315
0.345
0.425
0.4
0.53
0.485
0.651
0.57
0.515
0.661
0.372
0.408
0.285
0.366
0.413
0.356
0.176
0.075
0.247
0.109
-0.046
0.196
0.355
0.415
0.531
0.417
0.43
0.485
0.749
0.818
0.828
0.998
0.744
0.726
0.816
0.7
0.763
0.845
0.881
0.719
0.835
0.936
1.115
0.958
0.863
0.87
0.79
0.698
0.905
1.07
1.009
0.799
0.606
0.576
0.601
0.501
0.546
0.497
0.579
0.781
0.645
0.691
0.32
0.367
0.43
0.521
0.564
0.583
0.79
0.723
0.618
0.711
0.546
0.52
0.551
0.701
0.456
0.539
0.497
0.575
0.784
0.797
0.751
0.688
0.56
0.321
0.48
0.341
0.389
0.326
0.268
0.193
0.269
0.398
0.2
-0.121
-0.263
-0.434
-0.445
-0.341
-0.344
-0.229
-0.36
-0.352
-0.273
-0.379
-0.501
-0.524
-0.611
-0.1
-0.278
-0.284
-0.045
0.075
0.307
0.152
0.128
0.13
0.109
0.154
0.299
0.3
0.291
0.145
-0.135
-0.273
-0.396
-0.278
-0.124
-0.228
-0.432
-0.633
-0.733
-0.805
-0.72
-0.474
-0.479
-0.385
-0.278
-0.405
-0.434
-0.656
-0.679
-0.6
-0.306
-0.29
-0.17
-0.043
-0.081
-0.238
-0.188
-0.174
-0.242
-0.058
-0.174
-0.173
-0.165
-0.115
0.089
0.116
-0.12
-0.175
-0.151
-0.182
-0.083
-0.092
-0.126
-0.145
-0.234
-0.383
-0.424
-0.504
-0.435
-0.455
-0.224
0.04
-0.169
0.036
0.026
0.046
0.096
0.144
0.074
-0.009
-0.105
-0.268
-0.133
-0.393
-0.139
-0.194
-0.254
-0.091
-0.195
-0.175
-0.051
-0.214
-0.092
-0.136
-0.5
-0.583
-0.89
-0.939
-0.895
-1.08
-1.123
-1.068
-0.938
-0.971
-0.901
-0.826
-1.04
-1.016
-0.981
-0.92
-0.83
-0.715
-0.662
-0.644
-0.509
-0.246
-0.297
-0.229
-0.095
0.01
-0.072
-0.055
0.006
0.216
0.245
0.166
0.186
-0.044
-0.111
-0.214
-0.226
-0.295
-0.383
-0.246
-0.21
-0.069
-0.134
0.03
0.199
0.226
0.345
0.324
0.288
0.329
0.356
0.356
0.449
0.306
0.294
0.31
0.125
0.18
0.196
0.37
0.346
0.356
0.29
0.372
0.338
0.383
0.6
0.636
0.68
0.723
0.796
0.915
0.746
0.86
0.68
0.361
0.346
0.071
0.189
0.233
0.109
0.166
0.033
-0.018
-0.201
-0.159
-0.091
-0.106
-0.135
-0.315
-0.52
-0.821
-0.914
-1.111
-1.175
-1.292
-1.275
-1.235
-1.155
-1.016
-1.123
-1.104
-1.09
-1.137
-0.988
-0.961
-1.061
-0.794
-0.765
-0.713
-0.98
-0.896
-1.119
-1.155
-1.01
-0.88
-0.805
-0.624
-0.598
-0.511
-0.379
-0.349
-0.194
-0.11
-0.194
-0.305
-0.25
-0.225
-0.168
0.058
-0.118
0.064
0.185
0.0
-0.019
-0.292
-0.13
-0.181
-0.069
0.029
0.13
0.107
0.09
0.061
0.215
0.361
0.279
0.366
0.574
0.285
0.338
0.249
0.306
0.29
0.208
0.134
-0.014
-0.096
-0.101
-0.065
-0.124
0.264
0.226
0.122
0.278
0.281
0.403
0.177
0.244
0.302
0.208
0.181
0.103
-0.035
-0.026
0.015
-0.014
-0.021
0.173
0.116
0.152
0.001
0.135
0.44
0.504
0.616
0.532
0.579
0.495
0.421
0.269
0.401
0.389
0.179
0.346
0.349
0.431
0.393
0.265
0.449
0.398
0.389
0.302
0.092
0.092
0.211
0.075
0.241
0.044
0.133
-0.085
0.136
-0.045
-0.24
-0.164
-0.247
-0.318
-0.186
-0.15
0.125
0.338
0.297
0.385
0.573
0.711
0.583
0.491
0.524
0.512
0.723
0.411
0.15
0.031
-0.11
-0.231
-0.409
-0.588
-0.733
-0.615
-0.674
-0.772
-0.789
-0.787
-1.016
-0.932
-0.645
-0.512
-0.321
-0.194
-0.295
-0.098
-0.238
-0.188
-0.143
-0.033
-0.069
0.043
0.119
0.217
0.274
0.26
0.455
0.378
0.42
0.42
0.405
0.524
0.585
0.651
0.724
0.667
0.638
0.682
0.514
0.633
0.564
0.575
0.623
0.641
0.823
0.796
0.866
0.603
0.508
0.45
0.27
0.341
0.16
0.246
0.223
0.196
0.173
0.169
0.151
0.009
0.166
0.049
-0.015
0.011
0.099
0.129
0.103
0.104
-0.062
-0.072
-0.058
0.094
0.238
0.233
0.07
-0.135
0.147
0.059
-0.066
0.211
0.265
0.537
0.312
0.36
0.427
0.404
0.581
0.605
0.5
0.338
0.221
0.288
0.114
0.133
0.236
0.32
0.28
0.242
0.306
0.448
0.376
0.31
0.231
0.379
0.318
0.415
0.253
0.379
0.544
0.883
0.86
0.881
0.961
1.024
1.044
1.201
1.159
1.034
1.028
0.934
0.741
0.751
0.761
0.409
0.431
-0.037
-0.052
-0.066
-0.378
-0.283
-0.346
-0.473
-0.6
-0.516
-0.499
-0.401
-0.346
-0.354
-0.561
-0.376
-0.395
-0.189
-0.146
-0.3
-0.145
-0.211
-0.174
-0.259
-0.2
-0.165
-0.182
-0.059
-0.055
-0.095
-0.085
-0.022
0.128
0.228
0.044
0.126
0.138
-0.094
-0.329
-0.396
-0.455
-0.414
-0.324
-0.191
0.019
0.17
0.184
-0.031
-0.219
-0.338
-0.022
0.043
0.215
0.092
-0.048
-0.138
-0.219
-0.345
-0.425
-0.355
-0.46
-0.605
-0.825
-0.666
-0.649
-0.763
-0.63
-0.424
-0.381
-0.389
-0.551
-0.579
-0.906
-0.978
-1.193
-1.219
-1.374
-1.367
-1.272
-1.165
-0.761
-0.693
-0.415
-0.185
-0.264
0.083
0.058
0.256
0.38
0.54
0.691
0.719
0.76
0.741
0.907
0.689
0.628
0.675
1.09
1.214
1.405
1.383
1.376
1.144
0.975
0.911
1.026
0.846
0.916
0.873
0.693
0.677
0.561
0.626
0.611
0.579
0.487
0.547
0.603
0.646
0.682
0.593
0.268
0.016
-0.043
-0.206
-0.241
-0.219
-0.224
-0.083
0.111
0.033
-0.086
0.035
-0.106
0.007
0.182
0.186
0.033
0.076
0.081
-0.01
-0.165
-0.245
-0.228
-0.264
-0.27
-0.436
-0.268
-0.173
-0.274
-0.297
-0.11
-0.291
-0.095
-0.04
0.196
0.285
0.133
0.101
0.079
0.015
-0.249
-0.168
-0.179
0.034
0.074
-0.2
-0.487
-0.662
-0.56
-0.555
-0.46
-0.482
-0.455
-0.443
-0.454
-0.52
-0.588
-0.7
-0.571
-0.768
-0.511
-0.56
-0.58
-0.426
-0.53
-0.54
-0.471
-0.445
-0.459
-0.376
-0.331
-0.283
-0.185
-0.196
-0.173
0.007
-0.03
-0.12
0.085
-0.104
-0.069
-0.234
-0.158
-0.188
-0.21
-0.395
0.01
0.049
0.11
0.059
-0.12
-0.147
-0.259
-0.17
-0.195
-0.361
-0.379
-0.6
-0.677
-0.484
-0.576
-0.594
-0.679
-0.599
-0.54
-0.525
-0.439
-0.539
-0.665
-0.911
-1.024
-0.768
-0.865
-0.753
-0.695
-0.503
-0.386
-0.425
-0.375
-0.394
-0.403
-0.215
-0.226
-0.155
0.175
0.175
0.242
0.235
0.271
0.033
0.3
0.077
-0.043
-0.113
-0.161
-0.326
-0.26
-0.35
-0.461
-0.578
-0.774
-0.544
-0.608
-0.527
-0.565
-0.675
-0.715
-0.695
-0.581
-0.594
-0.44
-0.463
-0.259
-0.062
-0.045
0.09
0.107
0.208
0.265
0.255
0.236
0.273
0.271
0.194
0.361
0.305
0.422
0.516
0.471
0.421
0.362
0.56
0.463
0.661
0.676
0.853
0.812
0.741
0.858
1.062
1.133
0.71
0.598
0.446
0.315
0.54
0.686
0.746
0.669
0.644
0.391
0.36
0.233
0.273
0.23
0.294
0.435
0.354
0.381
0.52
0.37
0.662
0.713
0.776
0.944
0.945
0.829
0.75
0.691
0.675
0.56
0.556
0.609
0.647
0.682
0.512
0.164
0.129
0.103
0.139
0.048
0.138
0.003
-0.049
-0.43
-0.588
-0.527
-0.359
-0.185
-0.143
0.138
-0.105
-0.369
-0.439
-0.699
-0.73
-0.509
-0.466
-0.386
-0.471
-0.449
-0.71
-0.589
-0.525
-0.489
-0.359
-0.469
-0.454
-0.603
-0.426
-0.384
-0.28
-0.234
-0.3
-0.361
-0.482
-0.541
-0.365
-0.182
-0.064
0.061
0.288
0.279
0.565
0.691
0.766
0.876
0.844
0.797
0.779
0.736
0.765
0.886
1.032
1.196
1.048
1.058
1.146
1.096
1.065
1.276
1.095
1.042
0.869
0.993
0.864
0.795
0.684
0.659
0.536
0.425
0.546
0.413
0.508
0.324
0.263
0.164
0.052
-0.039
-0.349
-0.174
-0.23
-0.171
-0.249
-0.409
-0.503
-0.554
-0.504
-0.441
-0.716
-0.549
-0.551
-0.445
-0.3
-0.256
-0.175
-0.109
-0.064
0.024
0.076
0.116
0.198
0.405
0.333
0.111
0.131
0.103
0.114
0.058
-0.011
0.091
-0.115
0.085
0.101
0.04
0.274
0.217
0.441
0.225
0.215
0.149
-0.041
0.27
0.121
0.2
0.179
0.0
0.138
0.173
0.261
0.479
0.703
