0.88
0.955
0.955
0.996
1.018
0.671
0.292
0.168
0.285
0.463
0.542
0.461
0.297
0.278
0.62
0.459
0.471
0.305
0.776
0.77
0.479
0.319
0.236
0.143
0.136
0.048
-0.069
-0.211
-0.385
-0.326
-0.508
-0.432
-0.484
-0.586
-0.746
-0.996
-1.032
-1.272
-1.38
-1.276
-1.083
-1.041
-0.941
-1.18
-0.82
-1.085
-0.818
-0.915
-1.135
-1.056
-1.371
-1.4
-1.104
-0.895
-0.93
-0.956
-0.57
-0.419
-0.126
-0.464
-0.356
-0.346
-0.396
-0.388
-0.276
-0.341
-0.3
-0.276
-0.191
-0.484
-0.615
-0.912
-0.883
-1.0
-0.912
-1.011
-0.881
-0.666
-0.635
-0.406
-0.47
-0.416
-0.299
-0.291
-0.25
-0.191
0.036
0.101
0.134
0.37
0.489
0.674
0.881
0.865
1.07
0.662
0.698
0.829
0.925
1.021
1.041
1.079
1.146
1.272
1.28
1.275
1.242
0.979
0.777
0.738
0.68
0.807
0.858
0.816
0.633
0.455
0.321
0.203
0.088
0.116
0.003
-0.177
-0.14
-0.158
-0.164
-0.13
-0.15
-0.018
-0.085
-0.263
-0.634
-0.344
-0.435
-0.574
-0.446
-0.749
-0.574
-0.821
-0.746
-0.838
-0.738
-0.78
-0.44
-0.401
-0.141
-0.492
-0.311
-0.468
-0.416
-0.58
-0.716
-0.671
-0.853
-0.88
-0.924
-0.693
-0.566
-0.539
-0.352
-0.494
-0.551
-0.491
-0.234
-0.31
-0.409
-0.53
-0.48
-0.802
-0.791
-0.641
-0.619
-0.578
-0.482
-0.511
-0.571
-0.704
-0.69
-0.526
-0.562
-0.47
-0.247
-0.268
-0.36
-0.333
-0.241
-0.22
-0.083
0.236
0.255
0.355
0.338
0.189
-0.025
-0.301
-0.2
-0.484
-0.478
-0.36
-0.386
-0.139
-0.174
0.022
-0.096
0.007
-0.005
-0.219
-0.383
-0.393
-0.388
-0.356
-0.384
-0.417
-0.372
-0.424
-0.426
-0.5
-0.446
-0.258
-0.156
-0.085
-0.138
-0.245
0.034
-0.217
0.04
-0.274
-0.173
-0.104
-0.103
0.12
0.284
0.464
0.475
0.606
0.58
0.44
0.329
0.226
0.101
0.27
0.1
0.212
0.296
0.166
0.301
0.451
0.557
0.422
0.564
0.388
0.2
0.034
0.166
0.036
0.059
-0.109
-0.129
0.13
-0.113
-0.189
-0.307
-0.578
-0.364
-0.63
-0.573
-0.512
-0.792
-0.772
-0.708
-0.531
-0.564
-0.733
-0.853
-0.856
-1.038
-1.28
-1.414
-1.347
-1.421
-1.551
-1.376
-1.124
-1.19
-0.988
-0.935
-0.975
-0.907
-0.691
-0.604
-0.532
-0.408
-0.383
-0.329
-0.176
0.164
0.203
0.086
0.19
0.199
0.009
0.004
-0.046
0.076
0.094
0.169
0.198
0.26
0.072
-0.181
-0.394
-0.425
-0.616
-0.41
-0.534
-0.471
-0.594
-0.71
-0.796
-0.71
-0.486
-0.234
-0.177
-0.259
-0.294
-0.385
-0.468
-0.329
-0.263
-0.019
0.19
0.194
0.268
0.25
0.403
0.264
0.145
0.376
0.474
0.405
0.255
0.3
0.357
0.576
0.214
0.307
0.331
0.414
0.691
0.58
0.706
0.495
0.369
0.301
0.231
0.004
-0.145
-0.196
-0.188
-0.025
-0.075
-0.064
-0.036
-0.134
-0.084
-0.244
-0.209
-0.09
-0.103
0.066
-0.151
-0.174
-0.399
-0.254
-0.238
-0.372
-0.276
-0.28
-0.122
-0.261
-0.294
-0.195
-0.154
-0.128
-0.013
-0.019
-0.059
-0.04
0.133
-0.014
-0.024
0.126
0.011
0.238
0.271
0.378
0.169
-0.05
-0.052
-0.126
-0.081
-0.052
-0.119
0.064
-0.069
0.0
-0.135
-0.219
-0.089
-0.041
-0.005
-0.066
-0.037
-0.029
-0.022
-0.062
-0.009
0.022
0.048
0.095
0.003
-0.168
0.059
0.014
0.138
0.077
0.045
0.079
0.076
-0.011
-0.14
-0.081
0.022
0.02
-0.006
0.037
0.074
0.152
0.101
0.037
-0.054
0.072
0.1
0.106
0.041
-0.014
-0.077
-0.179
-0.054
0.081
0.22
0.134
0.221
0.01
0.138
0.019
0.152
0.169
0.228
0.5
0.46
0.383
0.57
0.628
0.76
0.629
0.826
0.615
0.733
0.731
0.8
0.644
0.693
0.713
0.636
0.713
0.618
0.691
0.731
0.821
0.739
0.709
0.681
0.551
0.787
0.96
0.835
0.856
0.849
0.677
0.573
0.52
0.569
0.631
0.459
0.713
0.581
0.46
0.315
0.408
0.583
0.682
1.035
0.885
1.0
0.894
0.806
0.829
1.028
0.834
0.91
0.904
0.869
0.894
0.945
0.909
1.049
1.064
1.12
1.213
1.155
1.079
1.066
1.103
1.079
0.995
1.024
0.891
1.09
0.969
0.843
0.83
0.679
0.715
0.486
0.562
0.584
0.664
0.388
0.361
0.413
10.332
10.332
0.508
0.365
0.362
0.205
-0.115
-0.138
-0.17
-0.085
0.0
0.189
0.28
0.273
0.0
0.051
-0.036
0.177
0.345
0.276
0.482
0.152
0.224
0.129
0.26
0.233
0.464
0.739
0.63
0.585
0.561
0.726
0.624
0.646
0.554
0.456
0.35
0.25
0.046
0.034
0.077
0.245
0.23
-0.037
-0.36
-0.42
-0.484
-0.4
-0.291
-0.191
-0.028
0.146
0.015
-0.031
0.062
-0.246
-0.116
0.009
-10.336
0.036
0.004
0.161
0.188
-10.336
0.228
0.176
-0.026
0.149
0.17
0.115
0.06
0.138
0.299
0.404
0.586
0.59
0.743
0.751
0.682
0.615
0.503
0.568
0.481
0.438
0.343
0.265
0.011
-0.201
-0.345
-0.503
-0.466
-0.555
-0.44
-0.35
-0.372
-0.291
-0.3
-0.212
-0.384
-0.56
-0.667
-0.504
-0.376
-0.547
-0.24
-0.115
-0.309
-0.376
-0.419
-0.364
-0.208
-0.435
-0.291
-0.352
-0.203
-0.189
0.009
0.226
0.206
-0.065
-0.274
-0.258
-0.225
-0.004
0.076
0.249
0.23
0.168
0.212
0.13
0.273
0.335
0.532
0.562
0.505
0.61
0.517
0.598
0.61
0.279
0.177
0.393
0.23
0.219
0.229
0.365
0.393
0.527
0.41
0.551
0.561
0.638
0.66
0.791
1.025
1.002
0.856
0.902
0.802
0.866
0.926
0.991
0.907
0.936
0.695
0.708
0.635
0.699
0.504
0.685
0.504
0.38
0.19
0.056
0.015
0.059
0.088
0.01
-0.085
-0.077
-0.254
-0.403
-0.566
-0.651
-0.753
-0.792
-0.836
-0.93
-0.763
-1.036
-0.975
-0.89
-0.906
-0.818
-0.828
-0.934
-1.175
-0.845
-0.704
-0.7
-0.364
-0.417
-0.609
-0.621
-0.922
-0.917
-1.154
-0.886
-0.723
-0.588
-0.96
-0.774
-0.568
-0.549
-0.754
-0.516
-0.561
-0.576
-0.7
-1.038
-0.901
-0.851
-0.841
-0.649
-0.74
-0.844
-1.165
-0.894
-0.94
-0.749
-0.517
-0.561
-0.58
-0.527
-0.471
-0.487
-0.255
-0.239
-0.283
-0.107
-0.152
-0.238
-0.013
-0.103
0.085
0.269
0.312
0.1
0.208
0.051
0.022
0.056
-0.141
-0.275
0.072
-0.239
-0.357
-0.401
-0.519
-0.606
-0.786
-0.899
-0.998
-1.095
-1.028
-1.034
-1.006
-0.949
-0.976
-0.829
-1.079
-0.976
-0.935
-0.951
-0.93
-0.888
-0.969
-0.911
-0.76
-0.7
-0.665
-0.434
-0.33
-0.196
-0.311
-0.42
-0.314
-0.331
-0.105
-0.294
-0.242
-0.15
-0.089
-0.062
0.006
0.004
-0.044
0.025
0.224
0.075
0.388
0.431
0.461
0.429
0.31
0.446
0.247
0.288
0.318
0.101
0.145
0.24
0.284
0.198
0.07
0.143
0.297
0.5
0.395
0.31
0.115
0.031
-0.016
-0.013
-0.05
-0.235
-0.229
-0.247
-0.288
-0.256
-0.276
-0.35
-0.396
-0.37
-0.403
-0.496
-0.323
-0.26
-0.318
-0.427
-0.359
-0.301
-0.302
-0.266
-0.485
-0.436
-0.644
-0.594
-0.388
-0.245
-0.205
-0.135
0.056
0.076
0.273
0.461
0.259
0.417
0.359
0.396
0.294
0.35
0.164
0.116
0.159
0.292
0.444
0.468
0.451
0.311
0.302
0.103
0.086
0.234
0.319
0.3
0.307
0.279
0.487
0.245
0.482
0.524
0.581
0.68
0.589
0.455
0.401
0.383
0.406
0.381
0.138
-0.096
-0.103
-0.209
-0.28
-0.38
-0.508
-0.468
-0.458
-0.621
-0.62
-0.705
-0.868
-0.956
-0.911
-0.522
-0.571
-0.605
-0.441
-0.671
-0.535
-0.435
-0.239
-0.07
0.098
0.281
0.364
0.36
0.451
0.495
0.583
0.694
0.756
0.818
0.826
0.729
0.838
1.113
1.201
1.271
1.367
1.375
1.275
1.261
1.145
1.184
1.179
1.139
0.983
0.858
0.907
0.78
0.784
0.77
0.704
0.527
0.348
0.333
0.404
0.352
0.38
0.436
0.345
0.431
0.495
0.561
0.649
0.646
0.541
0.444
0.56
0.715
0.514
0.45
0.211
0.035
0.126
0.208
0.021
-0.049
-0.147
-0.118
-0.163
-0.13
-0.121
-0.113
0.056
0.138
0.072
-0.006
-0.069
-0.233
-0.242
-0.446
-0.494
-0.508
-0.159
-0.221
0.125
0.328
0.329
0.351
0.465
0.32
0.471
0.409
0.674
0.711
0.851
0.713
0.61
0.703
0.647
0.654
0.799
1.095
0.956
0.944
0.883
0.984
1.129
0.899
0.924
0.944
1.012
0.873
1.228
1.169
1.344
1.305
1.041
1.048
0.919
0.789
0.611
0.519
0.799
0.646
0.531
0.431
0.464
0.341
0.371
0.23
0.422
0.468
0.591
0.545
0.2
0.399
0.487
0.529
0.557
0.601
0.516
0.434
0.489
0.4
0.152
0.001
-0.043
-0.028
0.114
0.208
0.154
0.184
0.094
0.138
0.323
0.261
0.321
0.199
0.188
0.004
0.035
0.051
0.171
0.234
0.164
0.223
0.003
-0.181
-0.164
-0.109
-0.056
-0.125
-0.166
-0.099
-0.211
-0.095
-0.205
-0.249
-0.236
-0.066
-0.351
-0.037
-0.003
0.062
0.08
0.09
0.122
0.05
0.059
-0.05
-0.071
0.04
-0.113
0.14
0.056
-0.152
-0.152
-0.131
-0.238
-0.33
-0.212
-0.19
-0.542
-0.634
-0.593
-0.708
-0.714
-0.565
-0.589
-0.58
-0.584
-0.69
-0.71
-0.751
-0.797
-0.859
-0.7
-0.715
-0.569
-0.626
-0.66
-0.711
-0.546
-0.335
-0.349
-0.3
-0.271
0.106
-0.049
0.039
0.209
0.217
0.113
0.193
0.584
0.549
0.6
0.546
0.654
0.496
0.275
0.281
0.394
0.233
0.196
0.24
0.154
0.184
-0.03
-0.175
-0.189
-0.343
-0.495
-0.424
-0.492
-0.319
-0.385
-0.456
-0.578
-0.506
-0.463
-0.629
-0.626
-0.679
-0.664
-0.566
-0.525
-0.352
-0.239
-0.36
-0.426
-0.514
-0.619
-0.596
-0.403
-0.415
-0.608
-0.459
-0.384
-0.156
-0.061
-0.028
0.04
-0.128
-0.12
-0.074
-0.12
-0.236
-0.094
-0.271
-0.478
-0.304
-0.261
-0.475
-0.482
-0.561
-0.547
-0.312
-0.151
-0.226
-0.125
0.139
0.151
0.095
-0.064
-0.086
-0.206
-0.085
-0.203
-0.344
-0.239
-0.125
0.003
0.241
0.163
0.107
0.029
-0.114
-0.182
-0.107
0.065
-0.094
-0.235
-0.359
-0.455
-0.743
-0.915
-0.652
-0.611
-0.542
-0.571
-0.654
-0.496
-0.481
-0.414
-0.291
-0.378
-0.301
-0.524
-0.646
-0.666
-0.861
-0.422
-0.57
-0.718
-0.647
-0.744
-0.72
-0.581
-0.43
-0.446
-0.309
-0.193
-0.302
-0.221
-0.305
-0.348
-0.281
-0.113
-0.085
-0.268
-0.251
-0.056
-0.001
0.161
-0.145
-0.314
-0.247
-0.164
0.034
0.074
0.043
0.041
0.15
0.165
0.036
0.065
0.08
0.152
0.03
-0.061
-0.019
0.079
0.092
0.152
0.27
0.372
0.487
0.361
0.575
0.594
0.496
0.536
0.599
0.659
0.746
0.694
0.761
0.633
0.395
0.144
0.156
0.044
-0.06
-0.077
-0.184
-0.335
-0.401
-0.371
-0.359
-0.482
-0.535
-0.519
-0.589
-0.618
-0.695
-0.735
-0.838
-0.988
-0.728
-0.883
-0.971
-0.994
-1.012
-0.879
-1.066
-0.964
-0.944
-0.885
-0.7
-0.541
-0.539
-0.427
-0.264
-0.299
-0.334
-0.43
-0.453
-0.15
-0.115
0.052
0.11
0.31
0.004
-0.052
-0.124
-0.275
-0.179
-0.076
-0.094
-0.045
0.079
-0.247
-0.28
0.03
-0.034
0.035
0.077
0.151
0.035
0.092
0.171
0.055
0.247
0.214
0.367
0.295
0.224
0.242
0.163
0.16
0.074
0.198
0.061
-0.004
-0.007
-0.104
-0.029
0.139
-0.091
-0.188
-0.095
-0.194
-0.343
-0.316
-0.264
-0.126
-0.159
-0.221
-0.133
-0.166
-0.035
-0.211
-0.003
0.014
0.006
0.014
-0.104
0.019
-0.115
-0.115
0.211
0.145
0.279
0.171
0.245
0.234
0.321
0.263
0.242
0.095
0.019
0.135
0.046
0.089
0.194
0.36
0.459
0.58
0.486
0.716
0.915
0.763
0.805
0.768
0.941
0.64
0.525
0.698
0.708
0.828
0.863
0.914
0.821
0.761
0.921
1.01
1.009
1.01
0.916
0.765
0.655
0.598
0.405
0.356
0.25
0.25
0.349
0.329
0.573
0.475
0.62
0.381
0.304
0.362
0.371
0.291
0.14
0.215
0.274
0.209
0.263
0.305
0.205
0.459
0.74
0.503
0.629
0.554
0.642
0.443
0.519
0.14
0.095
-0.135
0.007
0.152
0.239
0.201
0.325
0.297
0.316
0.344
0.3
0.449
0.785
0.74
0.932
1.021
0.598
0.769
0.835
0.911
1.009
1.035
1.034
0.914
0.821
0.889
0.759
0.605
0.89
0.734
0.596
0.579
0.531
0.559
0.49
0.649
0.515
0.557
0.547
0.532
0.746
0.699
0.595
0.517
0.445
0.485
0.46
0.559
0.635
0.777
0.675
0.647
0.76
0.541
0.497
0.398
0.23
0.013
0.0
-0.297
-0.255
-0.379
-0.23
0.029
0.09
0.084
0.286
0.473
0.225
0.326
0.341
0.271
0.335
0.247
0.361
0.586
0.485
0.419
0.419
0.106
0.022
0.135
-0.205
-0.297
-0.325
0.006
0.151
0.182
0.288
0.389
0.201
0.094
0.103
0.033
0.013
0.19
0.195
0.484
0.421
0.329
0.334
0.475
0.616
0.527
0.205
0.346
0.174
0.1
0.134
0.391
0.576
0.329
0.383
0.336
0.216
0.336
0.138
0.065
-0.296
-0.445
-0.532
-0.451
-0.48
-0.565
-0.596
-0.579
-0.713
-0.932
-0.941
-0.971
-0.895
-0.68
-0.804
-0.71
-0.551
-0.688
-0.831
-0.863
-0.866
-0.639
-0.283
-0.24
0.06
0.076
-0.133
-0.191
-0.357
-0.182
-0.124
-0.283
-0.242
-0.01
-0.026
0.022
-0.224
-0.285
-0.279
-0.324
-0.7
-0.741
-0.739
-0.705
-0.809
-1.085
-1.181
-1.21
-1.115
-1.231
-1.078
-1.305
-1.13
-1.089
-1.238
-1.292
-1.305
-1.215
-1.35
-1.5
-1.236
-1.479
-1.242
-0.873
-0.99
-0.905
-0.799
-0.754
-0.781
-0.854
-0.682
-0.634
-0.651
-0.539
-0.395
-0.309
-0.302
-0.266
-0.667
-0.619
-0.578
-0.634
-0.5
-0.608
-0.641
-0.487
-0.369
-0.221
0.128
0.165
0.06
0.177
0.195
0.411
0.126
0.275
0.233
0.434
0.273
0.273
0.375
0.378
0.504
0.544
0.754
0.874
0.784
0.714
0.726
0.525
0.685
0.432
0.489
0.557
0.451
0.341
0.381
0.348
0.339
0.135
0.095
0.147
0.124
0.11
0.019
-0.122
-0.174
-0.399
-0.41
-0.46
-0.37
-0.421
-0.371
-0.662
-0.681
-0.609
-0.955
-0.849
-0.88
-0.883
-0.826
-0.874
-0.821
-0.67
-0.738
-0.445
-0.479
-0.534
-0.665
-0.664
-0.799
-0.927
-0.785
-0.738
-0.682
-0.546
-0.564
-0.541
-0.336
-0.224
0.044
-0.271
-0.427
-0.286
-0.165
-0.13
-0.003
0.096
0.138
0.321
0.295
0.255
0.245
0.176
0.239
0.245
0.357
0.269
0.388
0.393
0.349
0.384
0.54
0.495
0.7
0.929
0.941
0.927
0.806
0.744
0.88
0.645
0.629
0.688
0.638
0.585
0.641
0.649
0.69
0.58
0.487
0.311
0.369
0.147
0.103
0.106
-0.11
-0.146
-0.38
-0.499
-0.5
-1.048
-0.902
-0.921
-1.068
-1.188
-1.11
-1.338
-1.228
-1.541
-1.481
-1.22
-1.183
-1.294
-1.425
-1.186
-1.12
-1.094
-1.131
-0.949
-0.886
-0.811
-0.801
-0.719
-0.642
-0.398
-0.417
-0.481
-0.251
-0.037
0.028
0.122
0.181
0.471
0.388
0.716
0.671
0.799
0.744
0.777
0.769
0.945
0.998
1.083
1.126
1.236
1.147
1.186
1.058
0.789
0.904
0.573
0.336
0.544
0.508
0.594
0.355
0.421
0.333
0.273
0.425
0.422
0.463
0.288
0.253
0.458
0.473
0.516
0.677
0.843
0.804
0.646
0.62
0.606
0.739
0.871
0.807
0.531
0.7
0.41
0.312
0.334
0.3
0.318
0.464
0.367
0.435
0.527
0.534
0.362
0.378
0.304
0.638
0.629
0.5
0.388
0.449
0.235
0.241
0.145
0.595
0.383
0.517
0.551
0.343
0.314
0.43
0.417
0.33
0.184
0.31
0.239
0.058
0.019
0.141
0.098
0.205
0.289
0.274
0.292
0.226
0.14
-0.045
-0.016
-0.035
-0.018
-0.066
-0.036
-0.049
-0.059
-0.066
0.024
0.021
0.173
-0.04
-0.151
-0.039
0.074
0.088
0.212
0.263
0.221
0.121
0.205
0.101
0.131
0.029
-0.056
-0.051
-0.188
-0.136
-0.302
-0.375
-0.366
-0.445
-0.354
-0.241
-0.21
-0.04
0.08
0.321
0.236
0.316
0.235
0.19
0.139
0.274
0.247
0.165
0.156
0.32
0.349
0.071
0.107
0.139
0.051
0.05
0.024
0.376
0.378
0.351
0.573
0.511
0.517
0.541
0.561
0.704
0.508
0.569
0.427
0.504
0.49
0.422
0.6
0.566
0.504
0.652
0.655
0.554
0.146
0.188
-0.185
-0.191
-0.159
-0.164
-0.244
-0.286
-0.33
-0.568
-0.639
-0.738
-0.805
-0.591
-0.421
-0.366
-0.058
0.009
0.176
0.196
0.2
0.436
0.509
0.579
0.585
0.51
0.66
0.361
0.508
0.532
0.526
0.631
0.616
0.761
0.766
0.735
0.605
0.336
0.015
0.211
0.366
0.092
0.2
0.245
0.463
0.22
0.259
0.241
0.18
0.221
0.026
0.129
-0.076
-0.124
-0.306
-0.33
-0.31
-0.281
-0.2
-0.151
-0.159
-0.14
-0.08
0.109
0.239
0.224
0.062
-0.071
-0.189
-0.173
-0.121
-0.095
0.242
0.201
0.109
-0.034
-0.024
0.004
-0.15
-0.083
-0.176
0.146
0.214
0.211
0.195
-0.041
0.049
0.18
0.136
0.186
0.125
0.009
0.103
0.104
0.045
-0.061
-0.131
-0.128
-0.182
-0.088
-0.182
0.043
-0.086
-0.241
-0.393
-0.434
-0.551
-0.844
-0.996
-0.841
-0.753
-0.503
-0.454
-0.405
-0.274
-0.224
-0.145
-0.061
-0.16
-0.203
-0.04
-0.01
0.033
-0.051
-0.071
0.026
-0.043
0.014
-0.15
-0.208
-0.118
-0.194
-0.116
-0.009
0.125
0.228
0.289
0.514
0.609
0.671
0.564
0.578
0.604
0.375
0.359
0.46
0.328
0.427
0.339
0.281
0.601
0.654
0.369
0.52
0.675
0.865
0.98
0.802
0.83
0.811
0.6
0.46
0.161
0.186
0.209
0.043
-0.025
0.216
0.434
0.647
0.503
0.48
0.29
0.049
0.039
0.151
0.079
-0.085
-0.033
-0.095
-0.143
-0.099
-0.026
0.024
-0.09
-0.246
-0.503
-0.491
-0.574
-0.355
-0.29
-0.07
0.114
0.258
0.206
0.25
0.254
0.15
0.064
0.274
0.339
0.537
0.283
0.2
0.035
-0.098
-0.256
-0.25
-0.146
-0.034
-0.071
-0.046
-0.2
-0.258
-0.508
-0.434
-0.504
-0.654
-0.599
-0.693
-0.67
-0.893
-1.051
-1.101
-1.031
-0.781
-0.623
-0.45
-0.604
-0.791
-0.893
-0.91
-0.711
-0.721
-0.484
-0.254
-0.22
-0.283
-0.38
-0.375
-0.384
-0.436
-0.374
-0.381
-0.275
-0.26
0.001
0.07
0.09
0.086
-0.115
0.273
0.121
0.111
0.105
-0.256
-0.304
-0.261
-0.378
-0.357
-0.338
-0.401
-0.309
-0.383
-0.351
-0.371
-0.424
-0.601
-0.638
-0.664
-0.736
-0.63
-0.599
-0.688
-0.444
-0.251
-0.325
-0.071
-0.141
-0.021
0.011
0.055
0.104
-0.143
0.005
-0.145
-0.206
-0.334
-0.357
-0.419
-0.289
-0.394
-0.492
-0.604
-0.57
-0.454
-0.388
-0.669
-0.464
-0.309
-0.427
-0.26
-0.578
-0.657
-0.659
-0.667
-0.694
-0.734
-0.569
-0.551
-0.471
-0.443
-0.321
-0.28
-0.164
-0.126
0.049
0.406
0.391
0.411
0.089
0.171
-0.13
-0.124
-0.059
-0.075
0.03
0.128
0.121
0.231
0.175
0.061
0.143
0.092
0.301
0.372
0.618
0.905
0.91
0.901
0.753
0.655
0.575
0.741
0.77
0.896
0.846
0.925
1.004
0.954
0.826
1.069
0.983
0.993
0.873
0.954
0.791
0.696
0.651
0.609
0.671
0.836
0.883
1.164
1.028
0.889
0.539
0.264
0.315
0.349
0.261
0.369
0.564
0.292
0.413
0.329
0.254
0.25
0.12
0.241
0.171
0.155
0.165
-0.08
-0.037
-0.301
-0.374
-0.441
-0.541
-0.426
-0.399
-0.321
-0.064
-0.111
-0.071
-0.044
-0.016
0.206
0.069
0.105
0.058
0.263
0.401
0.114
-0.096
-0.111
-0.119
0.096
0.041
-0.113
-0.089
0.079
0.146
0.304
0.499
0.624
0.43
0.375
0.182
0.205
0.185
0.269
0.241
0.349
0.149
0.29
0.384
0.489
0.56
0.581
0.789
0.865
0.868
1.021
1.074
1.045
1.173
1.184
1.071
1.103
1.054
0.844
0.876
0.91
0.596
0.32
0.179
-0.106
-0.198
-0.284
-0.555
-0.179
-0.481
-0.537
-0.471
-0.315
