-0.13
-0.125
0.001
-0.151
-0.24
-0.417
-0.291
-0.47
-0.355
-0.076
0.185
0.03
0.085
0.113
-0.011
0.034
-0.049
0.201
0.19
-0.025
-0.136
-0.159
-0.076
-0.275
-0.531
-0.391
-0.149
0.06
0.331
0.21
0.371
0.297
0.408
0.323
0.393
0.45
0.449
0.336
0.375
-0.161
0.191
-0.058
-0.077
-0.175
-0.139
-0.083
-0.065
-0.281
-0.159
-0.125
0.104
0.557
0.514
0.576
0.576
0.554
0.849
1.157
1.19
1.205
1.282
1.336
1.184
1.139
1.083
0.79
0.958
0.729
0.656
0.44
0.304
0.271
0.318
0.281
0.208
0.539
0.505
0.124
0.448
0.461
0.43
0.494
0.158
0.056
0.026
-0.062
0.193
0.284
0.125
0.229
-0.077
0.09
-0.149
-0.177
-0.039
0.106
-0.009
-0.216
-0.242
-0.286
-0.26
-0.515
-0.459
-0.3
-0.275
-0.171
0.079
0.305
0.289
0.268
0.099
-0.009
-0.034
-0.246
-0.229
-0.234
-0.339
-0.401
-0.12
-0.014
-0.185
-0.181
-0.215
-0.3
-0.394
-0.155
0.236
0.131
0.103
0.039
0.362
0.188
0.431
0.444
0.416
0.441
0.357
0.409
0.349
0.646
0.559
0.417
0.541
0.744
0.753
0.6
0.619
0.396
0.386
0.205
0.106
0.416
0.389
0.485
0.606
0.681
0.624
0.506
0.557
0.631
0.649
0.745
0.709
0.871
0.744
0.662
0.636
0.484
0.49
0.439
0.274
0.326
0.379
0.246
-0.099
-0.083
-0.291
-0.352
-0.484
-0.359
-0.688
-0.463
-0.479
-0.343
-0.446
-0.311
-0.556
-0.625
-0.521
-0.509
-0.362
-0.703
-0.795
-0.925
-0.85
-0.584
-0.344
-0.251
-0.217
-0.136
-0.18
-0.17
-0.03
0.195
0.214
0.11
0.145
0.149
0.14
-0.061
-0.22
-0.45
-0.276
-0.114
0.058
0.216
0.366
0.311
0.465
0.49
0.391
0.268
0.08
0.189
0.066
0.02
0.046
-0.284
-0.233
-0.16
-0.052
-0.034
0.015
-0.013
-0.124
-0.169
0.029
-0.081
-0.065
0.198
-0.028
-0.11
-0.244
-0.389
-0.693
-0.554
-0.378
-0.264
-0.315
-0.166
-0.118
0.059
-0.021
-0.091
0.163
0.219
0.174
0.076
-0.126
-0.225
-0.424
-0.22
0.052
0.231
0.171
0.188
0.223
0.219
0.048
-0.033
-0.166
0.121
0.318
0.128
0.016
-0.103
-0.28
-0.765
-0.834
-0.709
-0.48
-0.439
-0.424
-0.219
-0.379
-0.475
-0.372
-0.427
-0.542
-0.698
-0.693
-0.746
-0.65
-0.559
-0.66
-0.698
-0.371
-0.336
-0.461
-0.376
-0.578
-0.611
-0.688
-0.743
-0.599
-0.41
-0.359
-0.043
0.001
-0.034
0.03
0.069
-0.02
-0.122
-0.059
-0.092
0.096
-0.077
0.116
-0.05
-0.029
0.158
0.147
0.064
-0.041
-0.166
0.043
0.106
-0.065
-0.098
-0.114
0.065
0.039
0.151
0.0
-0.065
-0.059
0.034
-0.049
0.001
0.13
0.198
0.088
0.284
0.15
0.244
0.281
0.362
0.246
0.156
0.055
0.378
0.35
0.249
0.206
0.036
0.08
-0.1
-0.198
-0.062
0.062
0.065
0.116
0.268
0.36
0.25
0.338
0.273
0.225
0.283
0.268
0.058
0.201
0.105
0.013
-0.006
-0.089
-0.21
-0.352
-0.286
-0.276
-0.173
-0.149
-0.339
-0.216
-0.152
-0.149
-0.122
-0.139
-0.056
0.089
0.161
-0.011
0.357
0.398
0.529
0.496
0.482
0.626
0.595
0.625
0.745
0.8
0.845
0.92
0.935
0.869
0.8
0.787
0.656
0.515
0.268
0.174
0.205
0.135
0.263
0.365
0.181
0.043
-0.096
-0.171
-0.325
-0.408
-0.394
-0.24
-0.114
0.21
0.037
-0.039
0.081
0.041
-0.051
0.007
0.15
0.115
0.375
0.251
0.199
0.06
-0.055
-0.2
-0.369
-0.121
-0.006
0.19
0.141
0.136
0.052
-0.003
0.174
0.04
0.21
0.161
0.306
0.011
-0.241
-0.071
-0.349
-0.459
-0.48
-0.435
-0.554
-0.491
-0.409
-0.496
-0.464
-0.585
-0.464
-0.495
-0.691
-0.775
-0.624
-0.647
-0.644
-0.506
-0.655
-0.575
-0.869
-0.769
-0.589
-0.545
-0.459
-0.511
-0.415
-0.276
-0.371
-0.208
-0.131
-0.154
0.034
-0.024
0.146
0.297
0.517
0.503
0.684
0.796
0.945
0.978
1.1
1.097
1.14
1.18
1.076
1.062
1.074
1.157
0.975
0.91
0.636
0.731
0.93
0.779
1.106
1.2
1.125
1.048
0.65
0.716
0.753
0.76
-10.336
0.776
0.984
0.789
0.501
0.713
0.419
0.352
0.309
0.343
0.136
0.188
-0.143
0.001
-0.113
-0.049
-0.043
0.134
0.056
-0.095
-0.071
-0.41
-0.284
-0.251
-0.319
-0.288
-0.328
-0.139
-0.168
0.251
0.314
0.331
0.555
0.497
0.159
0.211
0.134
0.118
0.343
0.355
0.561
0.714
0.861
0.993
1.115
1.031
0.879
1.049
1.164
0.963
0.93
1.064
0.975
0.879
0.723
0.9
0.959
1.079
0.994
1.222
1.11
1.153
0.844
1.062
0.899
0.664
0.49
0.208
0.302
0.295
0.056
-0.011
-0.233
-0.039
-0.166
-0.263
-0.323
-0.074
-0.07
-0.333
-0.517
-0.672
-0.61
-0.515
-0.435
-0.605
-0.526
-0.551
-0.445
-0.425
-0.372
-0.41
-0.409
-0.444
-0.44
-0.52
-0.713
-0.647
-0.474
-0.709
-0.554
-0.833
-0.611
-0.62
-0.662
-0.539
-0.935
-0.906
-0.741
-1.236
-1.416
-1.321
-1.381
-1.414
-1.766
-1.611
-1.534
-1.334
-1.299
-1.199
-1.055
-1.075
-0.77
-0.799
-0.731
-0.516
-0.305
-0.247
-0.046
0.037
0.138
0.198
0.23
0.31
0.095
0.255
0.393
0.547
0.829
0.944
1.078
1.302
1.242
0.995
0.851
0.725
0.741
0.66
0.849
0.659
0.489
0.676
0.64
0.516
0.562
0.598
0.109
-0.134
-0.48
-0.497
-0.844
-0.871
-0.825
-0.74
-0.83
-0.886
-0.765
-0.797
-0.794
-0.47
-0.495
-0.324
-0.31
-0.338
-0.188
-0.506
-0.492
-0.426
-0.11
0.024
-0.02
0.141
0.188
0.118
0.17
0.1
0.124
0.151
0.209
0.251
-10.336
0.32
0.456
0.425
0.639
0.524
0.515
0.485
0.512
0.704
0.326
0.608
0.608
0.79
0.802
0.739
0.445
0.279
0.249
0.429
0.503
0.661
0.599
0.499
0.169
0.079
0.085
0.375
0.4
0.334
10.332
-0.101
0.163
0.403
0.219
0.066
-0.231
-0.251
-0.307
-0.288
-0.284
-0.276
-0.381
-0.454
-0.362
-0.37
-0.297
-0.318
-0.544
-0.829
-0.511
-0.772
-0.609
-0.53
-0.575
-0.646
-0.686
-0.686
-0.47
-0.455
-0.446
-0.224
0.149
0.269
0.273
0.404
0.122
0.11
0.146
0.076
0.214
0.138
0.16
0.482
0.415
0.566
0.537
0.539
0.504
0.618
0.438
0.343
0.311
0.166
0.44
0.546
0.776
0.647
0.585
0.465
0.581
0.591
0.411
0.343
0.362
0.391
0.431
0.606
0.578
0.682
0.578
0.319
0.193
0.198
0.14
0.188
0.211
0.194
-0.007
-0.253
-0.325
-0.286
-0.203
-0.319
-0.409
-0.376
-0.706
-0.638
-0.519
-0.508
-0.334
-0.515
-0.53
-0.274
-0.416
-0.425
-0.41
-0.455
-0.249
-0.571
-0.705
-0.906
-0.948
-0.902
-0.87
-0.914
-0.79
-0.565
-0.372
-0.193
-0.238
-0.247
-0.18
-0.384
-0.286
-0.281
-0.046
-0.05
0.21
0.329
0.33
0.45
0.474
0.595
0.503
0.47
0.736
0.664
0.667
0.511
0.5
0.686
0.61
0.696
0.581
0.676
0.39
0.638
0.42
0.335
0.296
0.092
0.071
-0.088
-0.154
-0.26
-0.08
-0.039
0.056
0.164
0.226
0.226
0.296
0.453
0.625
0.65
0.766
0.93
0.883
1.0
0.984
1.146
0.714
0.706
0.581
0.384
0.381
0.075
0.006
-0.036
0.091
0.029
0.195
0.111
-0.039
0.217
0.255
0.143
-0.013
0.031
-0.055
0.0
0.168
-10.336
0.182
0.239
0.1
0.57
0.37
0.529
0.631
0.608
0.63
0.63
0.772
0.666
0.588
0.883
0.807
0.959
0.777
0.616
0.656
0.671
0.836
0.797
0.906
0.966
0.953
1.109
0.94
0.844
0.92
0.829
0.615
0.72
0.635
0.434
0.574
0.554
0.469
0.367
0.19
0.079
-0.151
0.041
-0.003
-0.299
-0.573
-0.446
-0.349
-0.106
-0.265
-0.233
-0.256
-0.149
-0.315
-0.31
-0.182
-0.21
-0.37
-0.239
-0.173
0.083
0.135
0.217
0.034
0.004
-0.315
-0.351
-0.409
-0.199
-0.158
0.059
0.185
0.307
0.259
0.205
0.251
0.212
0.177
0.02
-0.113
0.16
0.122
0.03
0.019
-0.039
-0.161
-0.03
0.166
0.135
0.416
0.517
0.581
0.489
0.244
-0.022
-0.489
-0.706
-0.56
-0.258
-0.136
0.05
0.049
0.095
-0.064
0.044
0.316
0.401
0.371
0.111
0.12
-0.059
-0.325
-0.776
-0.716
-0.474
-0.388
-0.091
-0.103
-0.107
-0.356
-0.496
-0.532
-0.444
-0.231
-0.328
-0.2
-0.431
-0.636
-0.873
-1.226
-1.284
-1.23
-1.256
-1.016
-0.989
-0.93
-1.095
-1.161
-1.157
-1.141
-1.199
-0.594
-0.405
-0.06
0.403
0.496
0.288
0.133
0.155
0.336
0.389
0.366
0.621
0.444
0.575
0.71
0.801
0.716
0.686
0.85
0.855
0.728
0.699
0.804
0.787
0.57
0.38
0.181
0.151
-0.015
-0.18
-0.404
-0.654
-0.735
-0.888
-0.963
-0.75
-0.531
-0.535
-0.319
-0.383
-0.311
-0.36
-0.338
-0.251
0.134
0.307
0.164
0.14
0.236
0.005
-0.015
0.274
0.196
0.299
0.527
0.42
0.557
0.579
0.729
0.531
0.33
0.251
0.18
0.297
0.264
0.12
-0.278
-0.271
-0.526
-0.424
-0.383
-0.537
-0.383
-0.126
-0.115
-0.181
-0.346
-0.544
-0.561
-0.448
-0.336
-0.254
0.019
0.179
0.058
0.069
0.011
-0.14
-0.104
0.23
0.233
0.158
0.066
0.226
0.25
0.174
0.263
0.359
0.495
0.33
0.544
0.5
0.556
0.175
0.074
0.059
0.011
0.276
0.335
0.411
0.435
0.372
0.294
0.45
0.454
0.27
0.169
-0.026
0.034
0.011
0.026
0.004
-0.099
0.046
-0.275
-0.214
-0.371
-0.441
-0.463
-0.52
-0.456
-0.53
-0.436
-0.522
-0.438
-0.45
-0.394
-0.421
-0.284
-0.35
-0.323
-0.036
-0.226
-0.037
-0.07
-0.116
0.025
-0.135
0.086
-0.021
0.133
0.024
-0.013
-0.013
-0.007
-0.26
-0.088
-0.105
-0.03
-0.029
-0.084
-0.334
-0.309
-0.432
-0.479
-0.726
-0.573
-0.769
-0.782
-0.929
-0.864
-0.846
-0.682
-0.614
-0.381
-0.389
-0.238
0.022
0.384
0.399
0.585
0.62
0.54
0.593
0.557
0.46
0.729
0.751
0.571
0.549
0.551
0.527
0.531
0.5
0.746
0.785
0.7
0.671
0.819
0.755
0.79
0.429
0.225
0.191
0.2
0.094
-0.013
-0.035
-0.05
-0.15
-0.21
-0.233
-0.334
-0.47
-0.32
-0.393
-0.362
-0.401
-0.334
-0.259
-0.226
-0.163
-0.175
-0.033
-0.096
0.092
0.124
0.228
0.143
0.403
0.234
0.224
0.128
0.379
0.578
0.709
0.782
0.744
0.768
0.799
0.801
0.843
0.67
0.45
0.328
0.194
0.141
0.244
0.176
0.069
0.045
0.144
0.041
0.129
0.181
0.254
0.179
-0.039
0.268
0.169
0.004
-0.08
-0.045
-0.139
-0.273
-0.351
-0.124
-0.084
-0.046
-0.345
-0.388
-0.36
-0.414
-0.381
-0.591
-0.328
-0.276
-0.105
-0.081
0.015
0.109
0.235
0.348
0.234
0.285
0.401
0.306
0.278
0.048
0.444
0.27
0.216
0.168
0.25
0.188
0.235
0.473
0.571
0.625
0.818
0.756
0.754
0.631
0.865
0.759
0.369
0.352
0.521
0.454
0.425
0.455
0.804
0.74
0.573
0.576
0.31
0.51
0.671
0.62
0.66
0.641
0.789
0.79
0.667
0.724
0.975
0.921
0.435
0.63
0.67
0.484
0.449
0.25
0.084
0.037
0.033
0.03
0.15
0.291
0.231
0.28
0.111
0.235
0.362
0.311
0.309
0.092
0.121
0.359
0.221
0.286
0.41
0.459
0.451
0.511
0.526
0.646
0.799
0.782
0.976
0.955
0.949
1.034
0.831
0.895
0.782
0.849
0.936
1.021
0.885
0.99
0.677
0.759
0.537
0.53
0.309
0.231
0.32
0.325
0.361
0.18
0.049
-0.139
-0.414
-0.628
-0.305
-0.565
-0.579
-0.539
-0.517
-0.619
-0.645
-0.73
-0.429
-0.473
-0.281
-0.469
-0.39
-0.497
-0.411
-0.286
-0.384
-0.494
-0.44
-0.371
-0.139
-0.506
-0.391
-0.352
-0.584
-0.561
-0.331
-0.499
-0.623
-0.362
-0.335
-0.273
-0.333
-0.151
0.059
0.301
0.5
0.56
0.639
0.688
0.524
0.508
0.458
0.364
0.271
0.302
0.196
0.321
0.176
0.019
0.147
0.039
0.003
-0.086
-0.21
-0.432
-0.661
-0.694
-0.671
-0.475
-0.484
-0.475
-0.589
-0.666
-0.638
-0.603
-0.719
-0.864
-0.853
-0.914
-1.015
-1.155
-1.266
-1.312
-1.35
-1.492
-1.486
-1.28
-1.071
-1.099
-1.154
-0.959
-0.929
-0.639
-0.595
-0.725
-0.614
-0.574
-0.445
0.059
-0.113
-0.024
-0.116
0.046
0.374
0.361
0.568
0.724
0.66
0.586
0.362
0.319
0.03
0.12
0.198
0.291
0.177
0.184
0.236
0.299
0.228
0.22
0.401
0.708
0.566
0.345
0.246
0.051
-0.005
0.045
-0.062
-0.15
-0.335
-0.225
-0.306
-0.341
-0.395
-0.263
-0.324
-0.36
-0.441
-0.245
-0.497
-0.305
-0.307
-0.422
-0.491
-0.52
-0.393
-0.445
-0.375
-0.461
-0.439
-0.416
-0.546
-0.645
-0.56
-0.885
-0.886
-1.014
-0.927
-0.759
-0.716
-0.831
-0.771
-0.844
-0.763
-0.639
-0.524
-0.654
-0.614
-0.408
-0.269
-0.216
-0.335
-0.425
-0.284
-0.177
-0.185
-0.238
-0.216
-0.208
-0.22
-0.138
-0.151
-0.15
-0.125
0.001
-0.076
-0.084
-0.031
-0.011
-0.304
-0.179
-0.061
-0.136
-0.028
-0.16
0.029
0.092
0.051
-0.035
-0.27
-0.361
-0.426
-0.291
-0.264
-0.343
-0.338
-0.367
-0.118
0.064
0.173
0.15
0.116
-0.051
-0.208
-0.228
-0.372
-0.345
-0.32
-0.051
-0.321
-0.421
-0.393
-0.583
-0.714
-0.482
-0.473
-0.1
-0.426
-0.372
-0.168
-0.122
-0.109
0.173
0.109
0.307
0.074
0.37
0.297
0.419
0.321
0.36
0.555
0.454
0.594
0.873
1.029
0.938
1.064
1.071
1.075
1.159
1.249
1.532
1.439
1.574
1.598
1.72
1.613
1.522
1.367
1.713
1.823
1.865
1.779
1.539
1.541
1.349
1.083
1.069
1.042
0.874
0.751
0.774
0.601
0.52
0.374
0.274
0.014
-0.151
-0.234
-0.641
-0.506
-1.154
-1.144
-0.914
-0.941
-1.076
-0.989
-0.893
-1.022
-0.912
-0.829
-0.73
-0.714
-0.999
-1.08
-0.781
-0.594
-0.645
-0.424
-0.565
-0.36
-0.051
-0.079
-0.043
-0.147
-0.006
-0.009
0.274
0.263
0.399
0.378
-10.336
0.386
0.348
0.194
0.115
0.159
0.136
0.48
0.355
0.319
0.236
0.169
0.299
0.238
0.389
0.306
0.176
0.343
0.256
0.241
0.165
0.259
0.464
0.274
0.274
0.145
0.374
0.294
0.2
0.393
0.191
0.265
0.295
0.292
0.421
0.278
0.464
0.601
0.454
0.501
0.568
0.57
0.794
0.527
0.474
0.424
0.309
0.448
0.306
0.458
0.401
0.594
0.647
0.511
0.451
0.52
0.5
0.671
0.708
0.6
0.606
0.463
0.47
0.326
0.021
0.11
0.126
-0.024
0.185
0.598
0.231
0.385
0.57
0.186
-0.006
0.09
0.244
0.163
0.26
0.263
0.234
0.339
0.33
-0.019
0.17
0.02
-0.494
-0.58
-0.564
-0.244
-0.393
-0.291
-0.284
-0.247
-0.116
-0.179
0.041
-0.041
0.149
0.125
0.315
0.527
0.639
0.681
0.95
1.139
1.13
1.476
1.62
1.621
1.72
1.796
1.731
1.544
1.596
1.455
1.24
1.295
1.353
1.334
0.956
0.812
0.871
0.652
0.726
0.65
0.743
0.408
0.24
0.147
0.003
-0.181
-0.074
-0.215
-0.333
-0.539
-0.435
-0.316
-0.494
-0.536
-0.565
-0.733
-0.72
-0.559
-0.704
-0.786
-0.616
-0.68
-0.76
-0.706
-0.875
-0.878
-0.861
-0.738
-0.853
-0.917
-0.931
-0.728
-0.801
-0.714
-0.45
-0.481
-0.444
-0.695
-0.756
-0.823
-0.866
-0.715
-0.714
-1.024
-0.988
-1.036
-0.856
-1.143
-1.069
-0.759
-0.609
-0.463
-0.333
-0.133
-0.258
-0.081
-0.121
-0.051
0.208
0.184
0.274
0.4
0.586
0.579
0.504
0.768
0.896
0.946
0.984
1.061
1.206
1.288
1.183
1.379
1.421
1.272
1.2
0.97
1.002
0.774
0.971
0.963
0.993
1.042
0.891
0.759
0.565
0.401
0.621
0.53
0.51
0.338
0.26
0.229
0.169
0.133
0.307
0.045
-0.13
-0.276
-0.066
0.059
0.07
0.225
0.134
0.27
0.422
0.286
0.297
0.125
-0.084
-0.044
-0.235
-0.055
-0.365
-0.234
-0.21
-0.13
-0.289
-0.088
-0.055
-0.194
-0.065
-0.145
-0.226
-0.21
-0.066
-0.268
-0.225
-0.234
-0.219
-0.195
-0.046
0.072
0.229
0.27
0.329
0.355
0.305
0.375
0.098
0.095
-0.109
-0.055
-0.221
-0.299
-0.199
-0.464
-0.44
-0.645
-0.652
-0.751
-0.512
-0.487
-0.424
-0.174
-0.355
-0.319
-0.516
-0.422
-0.43
-0.278
-0.471
-0.479
-0.414
-0.458
-0.408
-0.201
-0.521
-0.369
-0.526
-0.306
-0.394
-0.338
-0.251
-0.223
-0.226
-0.241
-0.143
-0.018
-0.059
0.128
0.203
0.334
0.191
0.175
0.209
0.174
0.228
0.036
-0.116
0.19
0.182
0.307
0.454
0.205
0.386
0.096
-0.006
0.07
0.121
0.422
0.369
0.366
0.301
0.205
0.015
0.103
-0.084
-0.124
-0.125
-0.221
-0.296
-0.335
-0.31
-0.296
-0.329
-0.214
-0.372
-0.471
-0.444
-0.435
-0.107
-0.044
0.085
0.16
0.152
0.223
0.234
0.283
0.33
0.229
0.143
0.169
0.184
0.039
0.292
0.346
0.2
0.302
0.295
0.304
0.203
0.113
0.01
-0.276
-0.12
-0.139
-0.052
-0.15
0.021
0.104
-0.013
0.158
0.13
0.274
0.166
0.096
0.035
0.031
-0.026
0.138
-0.144
-0.062
-0.125
-0.27
-0.427
-0.182
-0.195
-0.478
-0.168
-0.357
-0.04
-0.052
0.046
0.095
0.208
0.075
0.028
0.147
0.02
0.242
-5.355
0.286
0.349
0.215
0.17
0.235
0.352
0.175
0.255
0.25
0.26
0.194
0.175
0.124
0.285
0.445
0.453
0.556
0.398
0.312
0.439
0.341
0.473
0.59
0.907
1.044
0.785
1.086
1.002
0.907
0.869
1.105
1.211
1.249
1.141
1.119
0.99
0.91
0.944
0.956
0.609
0.812
0.689
0.72
0.639
0.529
0.517
0.43
0.113
0.186
0.14
0.105
-0.086
0.025
-0.055
-0.061
-0.09
-0.064
0.045
0.076
0.176
0.281
0.184
0.111
0.23
0.126
-0.215
-0.095
-0.104
0.163
0.193
-0.031
-0.149
0.045
-0.116
-0.043
0.104
-0.16
-0.118
-0.367
-0.32
-0.14
0.001
0.015
0.072
0.223
0.186
0.288
-0.077
-0.149
-0.263
-0.36
-0.355
-0.589
-0.44
-0.409
-0.473
-0.39
-0.408
-0.417
-0.291
-0.214
0.104
-0.006
-0.302
-0.323
-0.185
-0.081
-0.005
-0.116
-0.031
-0.284
-0.375
-0.509
-0.215
-0.482
-0.638
-0.489
-0.604
-0.361
-0.186
-0.221
-0.226
-0.111
-0.019
0.034
0.203
0.173
0.035
0.109
0.16
0.31
0.459
0.546
0.506
0.459
0.261
0.182
0.06
0.066
0.129
0.209
0.145
0.143
-0.01
-0.152
-0.391
-0.371
-0.355
-0.125
-0.03
-0.055
-0.03
-0.028
-0.245
-0.26
-0.231
-0.366
-0.314
-0.463
-0.401
-0.43
-0.5
-0.745
-0.751
-0.85
-0.54
-0.828
-0.85
-0.445
-0.375
-0.229
-0.198
0.011
0.011
-0.069
-0.421
-0.212
-0.321
-0.312
-0.259
-0.356
0.055
0.22
0.497
0.422
0.529
0.482
0.384
0.379
0.217
0.33
0.454
0.496
0.479
0.66
0.709
0.831
0.944
0.831
1.011
0.814
0.746
0.786
0.891
0.734
0.505
0.417
0.478
0.28
0.168
0.217
0.279
0.229
0.268
0.104
0.326
0.249
0.125
0.021
-0.205
-0.141
-0.083
-0.077
0.085
0.066
-0.13
-0.105
-0.3
-0.432
-0.576
-0.604
-0.509
-0.529
-0.768
-0.664
-0.606
-0.565
-0.84
-0.791
-0.838
-0.704
-0.688
-0.634
-0.647
-0.61
-0.626
-0.599
-0.508
-0.71
-0.667
-0.588
-0.216
0.04
0.165
0.2
0.265
0.203
0.333
0.479
0.505
0.394
0.39
0.182
0.21
0.219
0.296
0.215
0.255
0.033
0.091
-0.219
-0.261
-0.585
-0.517
-0.726
-1.015
-1.032
-1.076
-1.054
-0.934
-0.78
-0.569
-0.409
-0.473
-0.473
-0.42
-0.545
-0.328
-0.385
-0.16
-0.103
-0.385
-0.244
-0.175
0.155
0.242
0.415
0.359
0.503
0.696
0.878
0.988
1.139
0.873
0.988
1.005
0.905
1.016
1.076
1.179
1.071
1.035
0.976
0.934
0.819
0.641
0.656
0.859
0.816
0.806
0.911
0.917
0.775
0.554
0.419
0.325
0.264
0.07
-0.062
-0.091
-0.297
-0.231
-0.354
-0.338
-0.256
-0.273
