0.694
0.699
0.746
0.795
0.879
0.866
1.009
0.902
1.081
1.225
1.13
1.06
1.001
0.991
0.77
0.551
0.526
0.667
0.547
0.376
0.294
0.311
0.152
0.191
0.026
0.041
-0.193
-0.118
-0.361
-0.33
-0.175
-0.29
-0.075
0.045
-0.039
-0.134
-0.198
-0.031
-0.131
0.074
0.006
-0.05
0.086
0.031
-0.02
-0.352
-0.122
-0.069
0.091
0.133
0.054
0.556
0.544
0.751
0.848
0.971
1.084
0.935
1.088
0.954
0.785
0.899
0.719
0.8
0.901
1.014
1.206
1.235
1.085
1.026
0.956
1.038
0.647
0.708
0.799
0.881
0.922
0.823
0.599
0.585
0.688
0.63
0.579
0.792
0.771
0.575
0.642
0.58
0.564
0.645
0.58
0.469
0.395
0.47
0.383
0.244
0.375
0.328
0.38
0.474
0.546
0.593
0.259
0.105
0.079
0.055
-0.045
-0.226
-0.176
-0.036
0.079
0.109
0.136
0.281
0.296
0.328
0.217
0.199
0.419
0.096
-0.091
0.01
-0.494
-0.38
-0.268
-0.066
0.019
0.225
0.359
0.31
0.265
0.205
-0.021
0.32
0.141
0.329
0.229
0.036
0.128
0.141
-0.189
-0.291
-0.369
-0.236
-0.199
-0.134
-0.069
-0.02
-0.115
-0.27
-0.409
-0.54
-0.811
-0.701
-1.048
-1.345
-1.343
-1.205
-1.096
-1.216
-1.058
-1.046
-1.088
-1.144
-1.123
-0.921
-0.564
-0.489
-0.409
-0.284
-0.383
-0.039
-0.186
0.034
0.323
0.44
0.542
0.596
0.484
0.379
0.491
0.57
0.66
0.48
0.631
0.147
0.344
0.316
0.345
0.53
0.484
0.536
0.335
0.255
0.041
-0.065
-0.044
0.049
0.134
-0.036
0.077
-0.077
0.083
0.12
0.025
0.119
0.006
-0.158
-0.229
-0.323
-0.461
-0.343
-0.413
-0.379
-0.434
-0.764
-0.603
-0.6
-0.531
-0.416
-0.409
-0.216
-0.384
-0.255
-0.224
0.124
0.188
-0.052
-0.085
-0.201
-0.405
-0.325
-0.522
-0.311
-0.195
-0.03
0.1
0.231
0.385
0.288
0.348
0.075
0.198
0.557
0.406
0.546
0.508
0.42
0.193
0.338
0.254
0.086
0.125
-0.003
-0.054
-0.088
0.103
0.14
0.125
0.06
0.116
-0.076
-0.014
0.221
-0.092
-0.025
-0.109
-0.125
-0.121
-0.02
-0.333
-0.22
-0.315
-0.421
-0.297
-0.406
0.0
0.014
0.203
0.273
0.405
0.289
0.334
0.351
0.269
0.263
0.054
-0.095
-0.034
-0.072
-0.19
-0.169
-0.139
-0.036
-0.107
0.019
0.054
-0.061
-0.27
-0.58
-0.391
-0.469
-0.33
-0.491
-0.666
-1.145
-1.339
-1.369
-1.476
-1.509
-1.492
-1.405
-1.514
-1.464
-1.809
-1.851
-1.917
-2.026
-1.97
-1.843
-1.811
-1.576
-1.78
-1.617
-1.59
-1.508
-1.384
-1.068
-0.766
-0.71
-0.506
-0.521
-0.521
-0.311
-0.163
-0.184
-0.07
0.045
0.215
0.406
0.27
0.319
0.62
0.596
0.329
0.059
-0.048
0.025
0.182
0.335
0.464
0.626
0.719
0.917
1.002
0.988
0.98
0.912
0.876
0.734
0.544
0.45
0.579
0.675
0.646
0.4
0.438
0.501
0.406
0.559
0.509
0.807
0.395
0.286
0.163
-0.15
-0.175
-0.251
-0.205
-0.205
-0.271
-0.47
-0.474
-0.559
-0.574
-0.449
-0.369
-0.318
-0.196
-0.263
-0.305
-0.482
-0.929
-1.16
-1.163
-1.06
-1.095
-0.943
-0.728
-0.504
-0.628
-0.595
-0.485
-0.534
-0.296
-0.141
-0.147
-0.22
-0.084
-0.056
0.06
0.12
0.24
0.334
0.275
0.169
0.115
0.134
0.164
0.134
-0.122
0.138
-0.146
-0.263
-0.514
-0.491
-0.321
-0.171
-0.359
-0.198
-0.46
-0.391
-0.411
-0.495
-0.44
-0.512
-0.325
-0.294
-0.53
-0.351
-0.381
-0.109
-0.191
-0.077
-0.074
-0.181
-0.092
-0.048
0.039
0.076
0.064
0.041
-0.021
-0.198
-0.199
-0.362
-0.541
-0.5
-0.489
-0.461
-0.449
-0.31
-0.27
-0.209
-0.211
-0.441
-0.284
-0.389
-0.201
-0.158
-0.164
-0.165
-0.355
-0.336
-0.379
-0.465
-0.296
-0.47
-0.376
-0.431
-0.426
-0.154
0.228
0.216
0.188
0.321
0.464
0.635
0.564
0.444
0.426
0.562
0.713
0.78
1.028
0.873
0.806
0.724
0.566
0.436
0.443
0.541
0.63
0.524
0.575
0.716
0.535
0.464
0.441
0.414
0.374
0.364
0.554
0.67
0.733
0.723
0.759
0.909
0.704
0.677
0.684
0.802
0.688
0.846
0.899
0.608
0.699
0.809
0.508
0.355
0.171
0.367
0.269
0.413
0.586
0.408
0.639
0.689
0.666
0.44
0.244
-0.061
-0.03
0.185
0.131
0.171
0.175
0.119
0.149
0.307
0.175
0.11
0.251
0.296
0.376
0.42
0.411
0.396
0.253
0.278
0.301
0.439
0.595
0.416
0.581
0.576
0.82
0.953
0.973
1.175
1.019
1.2
1.129
1.065
0.961
0.782
0.579
0.738
0.889
1.179
0.974
1.014
1.232
1.061
0.96
0.964
0.961
1.134
1.031
1.083
1.08
1.015
1.056
1.08
0.859
0.863
0.958
0.89
0.781
0.675
0.647
0.606
0.62
0.625
0.633
0.77
0.522
0.391
0.295
0.426
0.372
0.271
0.585
0.5
0.405
0.179
0.135
0.274
0.161
0.09
-0.022
0.043
-0.11
-0.386
-0.647
-0.746
-0.606
-0.374
-0.458
-0.546
-0.537
-0.557
-0.6
-0.596
-0.708
-0.624
-0.745
-0.454
-0.439
-0.318
-0.219
-0.386
-0.175
-0.305
0.044
0.113
0.084
0.306
0.177
0.261
0.381
0.496
0.546
0.546
0.496
0.53
0.354
0.26
0.2
0.208
0.174
0.369
0.464
0.144
0.33
0.079
-0.005
-0.079
-0.241
-0.255
-0.541
-0.217
-0.449
-0.388
-0.273
-0.357
-0.165
-0.083
0.196
0.426
0.599
0.438
0.376
0.438
0.181
0.033
-0.009
0.033
-0.014
0.072
-0.024
0.011
-0.049
0.049
0.346
0.333
0.321
0.166
-0.161
-0.301
-0.536
-0.781
-0.681
-0.865
-0.91
-0.81
-0.811
-0.789
-0.681
-0.522
-0.665
-0.636
-0.461
-0.503
-0.455
-0.667
-0.94
-1.149
-1.248
-1.404
-1.509
-1.516
-1.434
-1.574
-1.541
-1.486
-1.393
-1.244
-1.058
-0.98
-0.781
-0.701
-0.667
-0.743
-0.646
-0.403
-0.1
0.136
0.182
0.449
0.554
0.743
0.976
1.238
1.316
1.381
1.325
1.414
1.32
1.2
1.261
1.331
1.35
1.403
1.529
1.492
1.411
1.39
1.198
1.096
1.099
1.145
0.932
0.838
0.531
0.238
0.174
0.118
0.065
-0.041
0.009
0.026
-0.044
-0.02
-0.045
0.088
0.144
0.059
0.136
0.036
0.056
-0.26
-0.191
-0.279
-0.497
-0.499
-0.503
-0.425
-0.441
-0.286
-0.198
-0.435
-0.466
-0.58
-0.879
-0.524
-0.224
-0.158
-0.041
0.01
-0.171
-0.478
-0.696
-0.589
-0.585
-0.411
-0.309
-0.221
-0.184
-0.295
-0.425
-0.531
-0.524
-0.451
-0.365
-0.391
-0.321
-0.328
-0.274
-0.247
-0.185
-0.371
-0.249
-0.618
-0.429
-0.53
-0.551
-0.647
-0.629
-0.677
-0.628
-0.421
-0.384
-0.281
-0.2
-0.408
-0.37
-0.448
-0.09
-0.296
-0.131
0.05
0.072
0.144
0.062
0.182
0.225
0.245
0.193
0.269
0.424
0.343
0.465
0.469
0.48
0.435
0.425
0.741
0.611
0.45
0.328
0.245
0.096
-0.074
-0.048
-0.155
-0.225
-0.261
-0.263
-0.356
-0.441
-0.395
-0.279
-0.323
-0.235
-0.274
-0.315
-0.186
-0.297
-0.37
-0.486
-0.466
-0.623
-0.733
-0.6
-0.724
-0.535
-0.541
-0.71
-0.54
-0.416
-0.527
-0.652
-0.38
-0.53
-0.495
-0.276
-0.223
-0.141
0.029
0.144
0.305
0.16
0.138
0.181
0.223
0.077
0.052
0.205
-0.059
0.005
0.133
0.259
0.269
0.129
0.044
-0.049
-0.113
0.033
0.033
-0.026
-0.103
-0.033
-0.146
-0.236
-0.284
-0.341
-0.689
-0.769
-0.874
-0.791
-0.586
-0.719
-0.459
-0.49
-0.458
-0.626
-0.718
-0.871
-0.993
-0.845
-0.945
-0.839
-1.161
-1.127
-1.252
-1.11
-1.061
-0.999
-0.905
-0.896
-0.92
-0.951
-1.0
-0.855
-0.708
-0.601
-0.329
-0.349
-0.3
-0.253
-0.396
-0.159
-0.176
-0.125
0.085
0.245
0.49
0.708
0.735
0.69
0.839
0.848
0.824
0.771
0.501
0.211
0.11
-0.037
0.26
0.258
0.431
0.349
0.264
0.214
0.292
-0.06
0.191
0.199
0.109
0.339
0.289
0.389
0.45
0.372
0.378
0.352
0.557
0.606
0.693
0.839
0.861
0.789
0.688
0.542
0.444
0.461
0.31
0.401
0.329
0.208
0.247
0.394
0.465
0.552
0.614
0.598
0.354
0.453
0.195
0.076
-0.122
0.089
0.004
0.128
-0.026
0.039
-0.275
-0.348
-0.103
-0.223
-0.29
-0.199
-0.15
-0.131
-0.118
-0.254
-0.061
-0.138
-0.106
-0.292
-0.231
-0.326
-0.258
-0.095
-0.066
-0.009
0.054
0.04
-0.176
-0.348
-0.299
-0.325
-0.146
-0.266
-0.005
0.106
0.309
0.343
0.256
0.359
0.251
0.482
0.429
0.401
0.422
0.478
0.471
0.517
0.388
0.485
0.652
0.649
0.629
0.501
0.53
0.503
0.711
0.888
0.93
1.147
1.175
1.319
1.42
1.312
1.403
1.361
1.48
1.397
1.248
1.224
1.115
1.061
0.823
0.751
0.864
0.838
0.825
0.623
0.636
0.503
0.584
0.499
0.525
0.66
0.576
0.718
0.645
0.718
0.527
0.58
0.496
0.621
0.694
0.664
0.891
0.82
0.759
0.36
0.278
0.318
0.509
1.241
1.133
1.125
0.976
0.78
0.471
0.15
0.103
0.118
0.394
0.515
0.515
0.531
0.265
0.198
-0.081
0.275
0.23
0.504
0.578
0.48
0.454
0.605
0.31
0.471
0.468
0.357
0.179
0.279
0.118
0.005
0.098
0.239
0.292
0.246
0.177
0.225
0.07
0.129
-0.109
0.111
0.177
0.226
0.239
0.22
0.469
0.396
0.454
0.609
0.86
0.902
0.616
0.465
0.465
0.441
0.526
0.914
0.625
0.654
0.559
0.517
0.286
0.362
0.193
0.306
0.36
0.143
0.1
-0.146
-0.045
-0.286
-0.285
-0.32
-0.367
-0.384
-0.413
-0.546
-0.647
-0.355
-0.268
-0.254
-0.02
-0.105
-0.181
-0.25
-0.225
-0.265
-0.321
-0.334
-0.19
-0.092
-0.39
-0.401
-0.497
-0.048
-0.121
-0.271
-0.463
-0.491
-0.59
-0.158
-0.109
-0.001
0.026
-0.206
-0.125
-0.107
-0.016
-0.179
-0.22
-0.044
0.001
-0.084
-0.116
-0.135
-0.575
-0.506
-0.833
-0.542
-0.578
-0.635
-0.45
-0.48
-0.371
-0.425
-0.269
-0.175
-0.401
-0.393
-0.264
-0.206
-0.242
-0.138
0.022
-0.206
-0.32
-0.388
-0.276
-0.198
-0.138
-0.164
0.006
-0.169
0.12
0.242
0.455
0.51
0.531
0.715
0.545
0.688
0.57
0.682
0.863
0.801
1.328
1.406
1.393
1.334
1.331
1.573
1.62
1.667
1.845
1.85
1.556
1.501
1.226
1.13
1.026
1.076
1.117
1.081
0.909
0.775
0.508
0.417
0.42
0.193
-0.079
-0.085
-0.21
-0.304
-0.399
-0.545
-0.478
-0.539
-0.634
-0.421
-0.438
-0.307
-0.463
-0.466
-0.55
-0.584
-0.766
-1.081
-1.347
-1.601
-1.579
-1.38
-1.461
-1.61
-1.667
-1.771
-1.923
-1.849
-1.748
-1.589
-1.605
-1.524
-1.391
-1.339
-1.345
-1.411
-1.394
-1.272
-1.256
-1.089
-1.031
-1.251
-1.096
-1.041
-0.938
-0.839
-0.693
-0.576
-0.399
-0.384
-0.374
-0.43
-0.205
-0.226
-0.113
-0.269
-0.152
-0.096
-0.021
-0.143
0.07
-0.029
0.072
-0.191
-0.158
0.085
-0.116
-0.066
0.229
0.319
0.39
0.526
0.266
0.295
0.301
0.198
-0.106
0.119
0.07
-0.011
-0.019
0.101
0.276
0.077
0.011
-0.077
-0.033
-0.138
-0.138
-0.088
-0.154
-0.045
0.168
0.122
-0.059
0.119
-0.083
-0.214
-0.14
-0.316
-0.297
-0.306
-0.203
-0.064
-0.149
-0.191
-0.385
-0.145
-0.385
-0.378
-0.481
-0.351
-0.334
-0.294
-0.385
-0.593
-0.676
-0.691
-0.833
-0.886
-1.002
-0.915
-1.154
-1.021
-1.185
-1.292
-1.526
-1.403
-1.177
-1.203
-1.185
-1.11
-1.025
-0.886
-0.906
-0.781
-0.556
-0.509
-0.42
-0.386
-0.065
-0.164
-0.114
0.07
-0.225
0.079
-0.044
0.12
0.171
0.251
0.215
0.312
0.511
0.644
0.856
0.755
0.718
0.829
0.821
0.75
0.782
0.826
0.695
0.54
0.45
0.333
0.351
0.406
0.384
0.249
0.335
0.384
0.195
0.221
0.385
0.238
0.094
-0.025
-0.256
-0.459
-0.605
-0.765
-0.614
-0.542
-0.254
-0.239
-0.279
-0.292
-0.03
-0.171
-0.054
-0.007
-0.193
-0.245
-0.415
-0.552
-0.49
-0.375
-0.455
-0.596
-0.581
-0.575
-0.371
-0.239
-0.361
-0.259
-0.375
-0.487
-0.406
-0.492
-0.4
-0.463
-0.522
-0.634
-0.681
-0.704
-0.685
-0.656
-0.621
-0.755
-0.71
-0.698
-0.802
-0.685
-0.981
-0.885
-0.714
-0.753
-0.759
-0.682
-0.691
-0.634
-0.59
-0.284
-0.233
0.003
0.043
0.046
-0.048
0.191
0.242
0.323
0.361
0.505
0.551
0.566
0.634
0.694
0.824
0.774
0.725
0.883
0.807
0.94
0.907
0.973
0.974
0.677
0.64
0.649
0.63
0.688
0.745
0.804
0.811
0.705
0.557
0.517
0.569
0.666
0.705
1.061
0.792
0.625
0.41
0.343
0.384
0.419
0.465
0.519
0.419
0.357
0.302
0.376
0.383
0.314
0.265
0.099
0.11
-0.016
-0.094
-0.408
-0.326
-0.266
-0.152
0.12
0.114
0.1
-0.064
0.046
0.348
0.193
0.169
0.173
0.224
0.365
0.396
0.45
0.492
0.501
0.546
0.552
0.645
0.694
0.394
0.316
0.126
0.06
-0.077
-0.01
-0.005
0.077
-0.122
0.006
-0.091
0.052
-0.071
-0.07
0.089
-0.096
-0.139
-0.24
-0.299
-0.266
-0.159
-0.079
0.145
0.19
0.211
0.36
0.575
0.588
0.5
0.675
0.591
0.52
0.434
0.283
0.341
0.35
0.406
0.512
0.731
0.807
0.943
0.975
1.121
1.061
1.061
0.897
0.753
0.756
1.029
1.083
0.854
0.82
0.626
0.741
0.768
0.676
0.618
1.004
0.588
0.875
0.878
0.634
0.686
0.588
0.532
0.741
0.905
0.969
1.094
0.912
1.066
0.964
0.83
0.68
0.679
0.561
0.53
0.586
0.5
0.601
0.396
0.261
0.439
0.379
0.42
0.403
0.574
0.45
0.324
0.188
0.19
0.161
0.154
0.179
0.003
-0.085
0.156
0.152
0.169
0.279
0.427
0.415
0.258
-0.06
-0.328
-0.615
-0.714
-0.515
-0.705
-0.715
-0.779
-0.625
-0.623
-0.734
-0.657
-0.79
-0.91
-0.92
-0.993
-0.688
-0.606
-0.478
-0.511
-0.657
-0.516
-0.431
-0.036
0.151
0.13
0.326
0.314
0.241
0.166
0.161
-0.151
-0.571
-0.416
-0.444
-0.48
-0.305
0.015
0.058
0.151
0.201
0.539
0.37
0.305
0.265
0.328
-0.03
0.119
0.173
0.258
0.039
-0.021
-0.233
-0.193
-0.007
-0.163
-0.06
-0.065
0.006
-0.076
-0.159
-0.113
-0.259
-0.201
-0.45
-0.495
-0.221
-0.422
-0.604
-0.346
-0.273
-0.165
0.083
0.164
0.268
0.239
0.131
0.058
0.128
0.45
0.526
0.676
0.67
0.436
0.201
0.14
0.321
0.26
0.352
0.26
0.021
0.1
0.118
0.214
0.374
0.121
0.171
0.021
0.149
-0.077
-0.16
-0.38
-0.458
-0.681
-0.408
-0.67
-0.45
-0.552
-0.463
-0.429
-0.449
-0.524
-0.636
-0.505
-0.325
-0.27
0.034
-0.005
0.021
-0.09
-0.259
-0.251
-0.468
-0.28
-0.306
-0.378
-0.536
-0.409
-0.341
-0.09
0.203
0.345
0.5
0.552
0.549
0.318
0.125
0.071
0.145
0.095
0.089
0.045
0.175
0.051
0.244
0.292
0.516
0.878
0.915
0.924
0.701
0.604
0.52
0.244
0.448
-0.01
0.036
0.261
0.361
0.256
0.384
0.295
0.386
0.278
0.151
-0.173
-0.361
-0.2
-0.419
-0.31
-0.244
-0.535
-0.516
-0.546
-0.509
-0.682
-0.756
-0.69
-0.738
-0.649
-0.651
-0.781
-0.796
-0.576
-0.726
-0.949
-0.831
-0.796
-0.772
-0.661
-0.657
-0.646
-0.634
-0.672
-0.675
-0.729
-0.78
-0.743
-0.856
-0.845
-0.92
-0.69
-0.408
-0.393
-0.269
-0.234
-0.388
-0.235
-0.143
0.041
0.158
0.134
0.226
0.179
0.168
-0.049
-0.099
-0.104
-0.033
-0.144
0.059
-0.128
0.15
0.186
0.276
0.731
0.269
0.631
0.479
0.802
0.585
0.379
0.225
0.424
0.113
0.033
0.028
-0.182
-0.205
-0.146
-0.356
-0.605
-0.625
-0.71
-0.415
-0.536
-0.811
-0.706
-0.78
-0.723
-0.633
-0.406
-0.372
-0.185
0.138
0.025
-0.286
-0.434
-0.354
-0.33
-0.299
-0.413
-0.487
-0.39
-0.45
-0.45
-0.15
0.051
0.289
0.348
0.276
0.136
0.296
0.236
0.062
-0.233
-0.118
-0.361
-0.494
-0.539
-0.595
-0.725
-0.569
-0.711
-0.693
-0.841
-0.859
-0.674
-0.599
-0.724
-0.509
-0.534
-0.595
-0.584
-0.49
-0.564
-0.374
-0.089
-0.139
-0.009
-0.006
0.024
0.113
-0.049
0.043
0.006
0.14
-0.077
0.198
0.414
0.211
0.36
0.506
-0.154
0.618
0.681
0.716
0.836
0.749
0.484
0.443
0.626
0.621
0.69
0.696
0.946
0.914
1.024
0.889
0.849
0.914
0.94
0.633
0.595
0.49
0.496
0.524
0.534
0.64
0.84
0.578
0.775
0.688
0.421
0.494
0.461
0.489
0.268
0.255
0.211
0.228
0.311
0.163
0.003
0.292
-0.116
-0.241
-0.052
-0.249
-0.199
-0.062
-0.061
-0.048
-0.104
-0.141
-0.133
-0.2
-0.086
0.029
0.031
-0.051
-0.144
-0.168
-0.182
-0.221
-0.079
-0.045
0.007
0.114
0.195
0.278
0.39
0.475
0.389
0.417
0.264
0.333
0.416
0.516
0.661
0.595
0.766
0.794
0.725
0.784
0.664
0.709
0.749
0.868
0.81
0.93
0.839
0.944
0.75
1.042
1.015
1.084
1.171
1.035
1.03
0.85
0.756
0.864
0.921
1.034
0.925
1.345
1.165
0.812
0.723
0.614
0.624
0.4
0.647
0.487
0.458
0.349
0.486
0.175
-0.088
-0.241
-0.504
-0.562
-0.771
-0.794
-0.724
-0.565
-0.371
-0.362
-0.278
0.125
0.031
0.118
0.064
0.329
0.335
0.406
0.586
0.595
0.45
0.37
0.381
0.372
0.253
0.575
0.614
0.471
0.45
0.646
0.93
0.826
0.925
1.001
0.812
0.75
0.499
0.73
0.735
0.511
0.689
0.466
0.623
0.216
0.429
0.31
0.179
0.281
0.269
0.185
0.044
-0.104
-0.076
-0.154
-0.22
0.029
-0.069
-0.1
0.039
0.037
0.07
-0.006
0.19
0.284
0.336
0.268
0.076
-0.101
-0.152
-0.175
-0.242
-0.289
-0.354
-0.438
-0.28
-0.251
-0.077
-0.239
-0.109
-0.081
-0.011
-0.175
-0.177
-0.316
-0.383
-0.294
-0.225
-0.149
-0.143
-0.151
-0.384
-0.346
-0.504
-0.427
-0.424
-0.289
-0.145
-0.351
-0.045
-0.124
-0.311
-0.345
-0.249
-0.199
-0.242
-0.18
-0.181
0.056
0.296
0.432
0.534
0.529
0.631
0.62
0.556
0.422
0.393
0.499
0.573
0.463
0.516
0.283
0.022
-0.124
-0.214
-0.121
0.033
0.03
0.114
-0.044
0.011
0.065
0.111
0.098
0.166
-0.084
0.066
0.193
0.324
0.259
0.333
0.341
0.459
0.281
0.217
0.191
0.163
0.165
0.163
-0.147
-0.47
-0.48
-0.482
-0.261
0.06
0.403
0.664
0.473
0.499
0.411
0.256
0.171
-0.096
-0.124
-0.534
-0.546
-0.555
-0.554
-0.404
-0.417
-0.369
-0.334
-0.359
-0.255
-0.331
-0.421
-0.129
-0.504
-0.482
-0.638
-0.603
-0.819
-0.922
-0.896
-0.854
-1.011
-0.718
-0.754
-0.606
-0.601
-0.591
-0.995
-0.946
-0.907
-0.944
-1.249
-1.203
-1.22
-1.18
-1.171
-1.066
-1.159
-0.858
-0.869
-0.797
-0.975
-0.97
-0.974
-0.846
-1.011
-1.262
-1.44
-1.435
-1.501
-1.113
-1.103
-0.699
-0.583
-0.636
-0.65
-0.525
-0.427
-0.786
-0.634
-0.695
-0.785
-0.674
-0.991
-0.988
-1.281
-1.126
-1.14
-0.953
-0.73
-0.667
-0.415
-0.31
-0.291
0.006
0.02
0.075
0.194
-0.03
0.022
0.043
-0.076
-0.024
0.015
0.138
0.319
0.44
0.583
0.674
0.601
0.713
0.781
0.758
1.016
1.016
0.849
0.728
0.529
0.56
0.38
0.281
0.38
0.501
0.549
0.421
0.716
0.776
0.978
0.854
0.777
0.381
0.286
0.254
0.031
-0.149
-0.274
-0.427
-0.529
-0.733
-0.656
-0.642
-0.348
-0.499
-0.415
-0.735
-0.725
-0.881
-1.318
-1.171
-1.224
-1.216
-1.214
-1.059
-1.137
-0.993
-0.953
-0.84
-0.619
-0.652
0.035
0.27
0.295
0.403
0.189
0.069
-0.001
0.201
0.479
0.406
0.895
0.819
0.786
0.348
0.555
0.603
0.738
0.681
0.766
0.848
0.835
0.958
0.836
0.636
0.596
0.83
1.062
1.0
1.109
1.107
1.262
1.286
1.265
1.373
1.53
1.501
1.103
1.278
1.039
0.853
0.761
0.824
0.936
0.924
0.826
0.885
0.751
0.649
0.369
0.295
