-0.537
-0.473
-0.51
-0.552
-0.338
-0.23
-0.37
-0.15
-0.161
-0.04
0.024
-0.045
-0.064
0.013
0.014
0.12
0.039
0.129
0.16
0.306
0.411
0.575
0.568
0.44
0.425
0.473
0.259
0.385
0.343
0.174
0.221
0.249
0.21
0.255
0.386
0.307
0.461
0.429
0.521
0.511
0.545
0.761
0.547
0.496
0.621
0.527
0.531
0.426
0.579
0.495
0.432
0.449
0.451
0.261
0.26
0.149
0.175
0.061
-0.044
-0.054
-0.083
-0.048
-0.029
0.034
0.077
0.101
-0.215
-0.144
-0.316
-0.228
-0.301
-0.376
-0.471
-0.44
-0.446
-0.393
-0.659
-0.802
-0.815
-0.865
-0.725
-0.745
-0.775
-0.606
-0.535
-0.551
-0.398
-0.344
-0.301
-0.115
-0.168
0.043
0.129
0.163
0.405
0.403
0.398
0.289
0.297
0.226
-0.06
-0.028
-0.149
-0.25
-0.15
-0.331
-0.265
-0.221
-0.241
-0.288
-0.345
-0.446
-0.375
-0.506
-0.62
-0.635
-0.463
-0.639
-0.596
-0.623
-0.61
-0.685
-0.565
-0.623
-0.642
-0.688
-0.554
-0.365
-0.515
-0.537
-0.669
-0.495
-0.453
-0.489
-0.446
-0.453
-0.307
-0.389
-0.361
-0.35
-0.131
-0.115
-0.045
0.06
0.16
0.393
0.249
0.375
0.591
0.659
0.562
0.774
0.706
0.811
0.911
0.804
0.854
0.956
1.002
0.845
0.886
0.985
1.016
1.059
0.988
0.973
0.989
1.27
1.096
1.031
1.046
1.084
1.121
0.876
1.002
0.964
1.091
1.125
1.184
1.345
1.364
1.394
1.524
1.425
1.56
1.433
1.664
1.554
1.723
1.643
1.575
1.45
1.376
1.478
1.421
1.469
1.534
1.566
1.871
1.681
1.53
1.438
1.554
1.383
1.518
1.281
1.176
1.005
0.934
0.866
0.665
0.62
0.51
0.325
0.501
0.7
0.575
0.318
0.343
0.497
0.276
0.39
0.25
0.265
0.309
0.366
0.508
0.579
0.445
0.494
0.432
0.6
0.508
0.589
0.546
0.57
0.772
0.738
0.851
0.759
0.611
0.514
0.744
0.449
0.383
0.209
0.143
0.185
0.156
0.51
0.557
0.456
0.31
0.37
0.26
0.203
0.435
0.679
0.805
0.805
0.988
0.894
0.81
1.019
0.951
0.814
0.825
1.081
1.12
1.153
1.347
1.234
1.093
0.988
0.86
0.703
0.496
0.291
0.206
0.376
0.115
0.203
0.081
0.339
0.487
0.719
0.76
0.871
0.807
0.879
0.753
0.746
0.6
0.489
0.464
0.378
0.071
-0.22
-0.084
-0.089
-0.007
-0.149
-0.181
-0.273
-0.473
-0.521
-0.633
-0.314
-0.424
-0.391
-0.318
-0.463
-0.379
-0.44
-0.348
-0.674
-0.508
-0.555
-0.571
-0.695
-0.531
-0.394
-0.351
-0.095
-0.1
-0.065
-0.114
-0.203
-0.389
-0.349
-0.136
-0.036
0.201
0.221
0.245
0.314
0.158
0.231
0.276
0.292
-0.061
0.003
-0.004
0.136
0.175
-0.029
-0.152
-0.217
0.034
0.022
0.015
0.158
-0.036
-0.045
-0.015
-0.124
-0.161
-0.2
-0.276
-0.203
-0.328
0.004
-0.144
-0.106
-0.14
-0.205
-0.233
0.122
-0.121
-0.083
-0.09
-0.001
-0.28
-0.035
-0.091
-0.085
0.071
0.146
0.105
-0.05
-0.314
-0.408
-0.593
-0.545
-0.487
-0.611
-0.741
-0.848
-0.926
-0.685
-0.848
-0.94
-0.786
-0.965
-0.861
-0.995
-0.958
-1.104
-1.041
-1.074
-1.029
-0.835
-0.839
-0.665
-0.65
-0.829
-0.846
-0.828
-0.91
-0.729
-0.535
-0.365
-0.366
-0.18
-0.219
-0.395
-0.515
-0.625
-0.499
-0.79
-0.729
-0.646
-0.494
-0.586
-0.704
-0.629
-0.89
-0.836
-1.081
-0.924
-0.879
-0.807
-1.255
-1.242
-1.055
-1.04
-0.645
-0.631
-0.481
-0.408
-0.291
-0.15
-0.228
-0.206
-0.217
-0.079
0.116
-0.098
-0.059
-0.206
-0.344
-0.404
-0.396
-0.443
-0.381
-0.292
-0.32
-0.101
-0.23
-0.125
-0.158
0.061
0.278
0.465
0.619
0.574
0.743
0.786
0.491
0.451
0.265
0.168
0.405
0.39
0.335
0.559
0.46
0.404
0.479
0.341
0.506
0.156
0.129
-0.022
-0.05
0.074
-0.07
0.039
-0.205
-0.07
-0.147
-0.326
-0.591
-0.422
-0.594
-0.745
-0.734
-0.745
-0.556
-0.785
-0.805
-0.861
-0.866
-0.901
-0.841
-0.981
-1.144
-1.169
-0.965
-1.203
-1.125
-1.163
-0.902
-0.821
-0.774
-0.75
-0.909
-0.841
-0.861
-1.085
-1.005
-0.784
-0.564
-0.468
-0.59
-0.639
-0.624
-0.535
-0.549
-0.468
-0.479
-0.427
-0.517
-0.341
-0.384
-0.274
-0.356
-0.269
-0.077
-0.001
0.031
0.1
0.351
0.365
0.521
0.454
0.708
0.579
0.417
0.468
0.492
0.489
0.422
0.455
0.336
0.296
0.185
0.109
0.16
0.166
0.255
0.315
0.096
0.013
0.076
-0.077
-0.105
0.216
-0.01
-0.01
0.072
0.141
0.095
0.214
0.365
0.44
0.478
0.645
0.64
0.693
0.532
0.724
0.686
0.79
0.856
0.989
0.764
0.611
0.565
0.32
0.143
0.125
0.15
-0.004
-0.208
-0.206
-0.393
-0.301
-0.258
-0.14
-0.089
-0.08
-0.114
-0.121
-0.015
0.05
0.086
0.116
0.235
0.171
0.288
0.041
0.035
0.109
0.14
0.244
0.122
0.216
0.26
0.233
-0.015
0.058
-0.069
0.036
-0.069
0.06
0.139
0.275
0.189
0.107
0.21
0.058
-0.003
-0.106
-0.01
-0.055
-0.156
-0.056
-0.241
-0.409
-0.516
-0.526
-0.636
-0.625
-0.536
-0.535
-0.451
-0.289
-0.516
-0.438
-0.56
-0.425
-0.492
-0.485
-0.454
-0.439
-0.344
-0.244
-0.085
0.025
0.154
0.179
0.091
0.13
0.224
0.253
0.201
0.205
0.306
0.331
0.289
0.285
-0.001
-0.074
0.08
0.003
-0.103
-0.299
-0.241
-0.449
-0.521
-0.531
-0.485
-0.312
-0.371
-0.659
-0.562
-0.63
-0.575
-0.459
-0.575
-0.432
-0.415
-0.521
-0.357
-0.235
-0.182
-0.156
-0.066
0.062
0.12
0.185
0.283
0.314
0.346
0.241
0.15
0.189
0.069
0.08
0.165
0.114
0.02
-0.003
0.14
0.128
-0.006
0.136
0.194
0.229
0.03
-0.089
-0.278
-0.226
-0.242
-0.109
-0.258
-0.21
-0.291
-0.28
-0.214
-0.28
-0.241
-0.253
0.122
0.085
0.019
0.0
0.004
0.064
0.01
0.216
0.261
0.585
0.62
0.664
0.68
0.939
1.16
1.186
1.209
1.23
1.288
1.311
1.39
1.4
1.395
1.171
0.966
0.945
0.943
0.787
0.675
0.647
0.708
0.561
0.331
0.144
0.263
0.147
0.238
0.171
0.188
0.312
0.356
0.37
0.346
0.226
0.126
0.166
0.32
0.307
0.466
0.295
0.357
0.253
0.14
0.18
0.146
0.104
0.146
0.036
0.124
0.006
0.004
0.061
0.076
0.098
0.215
0.139
0.084
0.159
0.014
-0.024
0.083
-0.104
0.066
-0.018
-0.044
0.022
0.07
-0.029
-0.085
-0.031
-0.177
-0.138
-0.156
-0.113
-0.06
-0.145
-0.168
-0.056
0.036
-0.084
-0.268
-0.234
-0.295
-0.3
-0.238
-0.129
0.0
0.111
0.114
0.125
0.12
0.21
0.288
-0.003
-0.028
-0.266
-0.106
-0.35
-0.396
-0.3
-0.468
-0.409
-0.46
-0.343
-0.1
0.009
0.062
0.065
0.18
0.24
0.258
0.534
0.409
0.466
0.474
0.427
0.631
0.391
0.408
0.3
0.221
0.184
0.074
-0.051
0.034
-0.189
-0.173
-0.268
-0.348
-0.351
-0.281
-0.388
-0.261
-0.411
-0.215
-0.346
-0.375
-0.256
-0.135
-0.156
0.031
0.131
-0.251
-0.103
-0.09
-0.17
-0.116
0.051
0.01
0.214
0.17
0.304
0.45
0.527
0.686
0.672
0.733
0.621
0.516
0.532
0.481
0.53
0.544
0.573
0.601
0.618
0.716
0.645
0.68
0.541
0.646
0.805
0.853
0.893
0.929
0.824
0.688
0.636
0.671
0.764
0.765
0.69
0.54
0.6
0.511
0.381
0.591
0.578
0.409
0.478
0.35
0.625
0.659
0.87
0.792
0.738
0.807
0.769
0.858
0.831
0.985
0.981
1.08
1.06
0.797
0.878
0.88
1.002
1.031
1.188
1.304
1.169
1.2
1.056
0.906
1.123
1.137
0.828
0.96
0.999
0.726
0.67
0.599
0.551
0.818
0.604
0.625
0.699
0.555
0.57
0.329
0.422
0.378
0.384
0.383
0.356
0.388
0.338
0.396
0.509
0.581
0.586
0.565
0.839
0.901
0.965
0.826
0.696
0.455
0.584
0.504
0.445
0.393
0.416
0.48
0.484
0.636
0.454
0.603
0.64
0.876
0.844
0.874
0.775
0.662
0.689
0.445
0.145
0.083
0.098
-0.015
-0.193
-0.07
-0.079
-0.061
-0.226
-0.092
-0.215
-0.107
0.171
-0.041
-0.122
-0.28
-0.383
-0.23
-0.527
-0.331
-0.383
-0.445
-0.634
-0.341
-0.494
-0.276
-0.236
-0.29
-0.095
0.074
0.115
0.179
0.356
0.338
0.398
0.336
0.23
0.219
0.186
0.263
0.416
0.551
0.541
0.408
0.319
0.211
0.096
0.238
0.268
0.296
0.318
0.107
0.088
0.035
0.261
0.24
0.429
0.554
0.698
0.526
0.504
0.364
0.475
0.422
0.552
0.44
0.544
0.593
0.588
0.481
0.409
0.118
0.05
-0.104
-0.033
-0.092
-0.25
-0.321
-0.281
-0.198
-0.049
-0.031
-0.058
-0.152
0.06
0.01
-0.035
-0.05
-0.166
-0.231
-0.271
-0.339
-0.268
-0.357
-0.324
-0.217
-0.309
-0.36
-0.371
-0.23
-0.209
-0.302
-0.286
-0.381
-0.651
-0.89
-1.144
-1.16
-1.512
-1.38
-1.471
-1.296
-1.052
-1.025
-1.019
-1.086
-1.165
-1.236
-1.044
-0.979
-1.079
-0.944
-0.983
-0.909
-0.943
-1.176
-1.085
-1.01
-0.993
-1.084
-1.176
-1.251
-1.176
-1.196
-1.226
-1.186
-1.256
-1.284
-1.357
-1.312
-1.13
-1.014
-0.944
-0.893
-0.891
-0.611
-0.514
-0.425
-0.497
-0.482
-0.569
-0.54
-0.571
-0.645
-0.505
-0.383
-0.468
-0.329
-0.434
-0.324
-0.126
-0.116
-0.205
-0.301
-0.497
-0.745
-0.766
-0.794
-0.599
-0.436
-0.341
-0.416
-0.386
-0.312
-0.304
-0.29
-0.291
-0.297
-0.297
-0.454
-0.356
-0.296
-0.361
-0.245
-0.515
-0.199
-0.234
-0.147
-0.14
-0.168
-0.273
-0.283
-0.366
-0.468
-0.405
-0.465
-0.586
-0.661
-0.619
-0.64
-0.776
-0.694
-0.751
-0.644
-0.534
-0.565
-0.675
-0.464
-0.603
-0.66
-0.492
-0.307
-0.177
-0.031
-0.164
0.096
-0.048
0.23
0.362
0.315
0.578
0.463
0.559
0.365
0.339
0.273
0.246
0.386
0.33
0.284
0.13
0.217
0.2
0.345
0.321
0.294
0.365
0.254
0.171
-0.081
-0.039
0.166
0.231
0.211
0.206
0.101
0.114
0.128
0.212
0.245
0.367
0.149
0.422
0.594
0.738
0.766
0.758
1.005
0.846
0.823
0.814
0.896
0.881
0.743
0.595
0.545
0.516
0.599
0.669
0.725
0.655
0.374
0.356
0.388
0.209
0.381
0.175
0.275
0.066
-0.001
-0.081
-0.105
0.014
-0.069
-0.06
-0.21
-0.394
-0.431
-0.646
-0.714
-0.576
-0.584
-0.671
-0.676
-0.685
-0.723
-0.73
-0.693
-0.84
-0.838
-0.779
-0.677
-0.545
-0.39
-0.383
-0.375
-0.468
-0.486
-0.593
-0.416
-0.265
-0.253
-0.055
-0.247
-0.281
-0.339
-0.478
-0.435
-0.276
-0.109
0.026
0.08
0.209
0.235
0.301
0.413
0.595
0.624
0.626
0.618
0.539
0.647
0.677
0.755
0.995
1.226
1.018
1.046
1.151
1.104
1.154
1.147
1.14
0.993
1.101
0.961
1.216
1.318
1.261
1.1
0.91
0.738
0.734
0.709
0.754
0.669
0.642
0.718
0.679
0.544
0.306
0.305
0.292
0.147
-0.048
-0.152
-0.104
-0.158
-0.266
-0.441
-0.495
-0.509
-0.45
-0.44
-0.599
-0.585
-0.631
-0.583
-0.475
-0.325
-0.395
-0.425
-0.544
-0.515
-0.479
-0.405
-0.388
-0.385
-0.355
-0.681
-0.614
-0.509
-0.639
-0.698
-0.75
-0.688
-0.728
-0.517
-0.449
-0.134
-0.12
-0.241
-0.151
-0.258
-0.364
-0.221
-0.32
-0.249
-0.326
-0.374
-0.411
-0.307
-0.194
-0.161
-0.019
-0.035
-0.084
-0.005
0.239
0.333
0.355
0.422
0.475
0.517
0.375
0.575
0.667
0.76
0.646
0.661
0.586
0.47
0.501
0.441
0.519
0.486
0.395
0.334
0.098
0.041
-0.236
-0.128
-0.18
-0.089
-0.289
-0.22
-0.056
-0.028
0.046
0.1
0.273
0.416
0.453
0.449
0.399
0.429
0.28
0.44
0.336
0.189
0.244
0.235
0.122
0.039
-0.018
-0.088
-0.115
-0.129
-0.18
-0.256
-0.189
-0.259
-0.314
-0.238
-0.146
-0.128
-0.099
-0.199
-0.151
-0.316
-0.35
-0.575
-0.71
-0.667
-0.791
-0.743
-0.73
-0.871
-0.896
-1.145
-1.03
-1.146
-1.056
-1.111
-1.05
-0.851
-0.775
-0.819
-0.958
-1.052
-1.12
-1.133
-0.941
-0.802
-0.829
-0.769
-0.71
-0.784
-0.7
-0.768
-0.711
-0.601
-0.603
-0.537
-0.471
-0.475
-0.453
-0.608
-0.664
-0.741
-0.816
-0.858
-0.715
-0.63
-0.698
-0.52
-0.459
-0.265
-0.379
-0.221
-0.046
0.037
-0.004
0.006
-0.091
-0.045
-0.037
-0.189
-0.145
-0.099
-0.188
-0.29
-0.174
-0.165
-0.219
-0.323
-0.525
-0.424
-0.314
-0.395
-0.361
-0.484
-0.424
-0.284
-0.189
-0.21
-0.246
-0.059
-0.039
-0.144
-0.071
-0.154
0.005
-0.011
-0.025
-0.077
-0.055
-0.118
0.005
-0.126
0.004
0.081
0.105
0.174
0.08
0.171
0.229
0.3
0.325
0.336
0.246
0.365
0.536
0.512
0.588
0.605
0.594
0.55
0.696
0.675
0.781
0.863
1.021
1.012
1.079
1.046
0.881
0.943
0.949
0.905
1.015
1.093
0.985
1.083
1.036
0.932
0.956
0.914
1.068
0.649
0.931
0.82
0.919
0.833
0.779
0.703
0.733
0.776
0.661
0.652
0.744
0.968
0.765
0.759
0.769
0.604
0.751
0.83
0.869
0.755
0.75
0.789
0.63
0.74
0.677
0.929
0.932
1.068
1.374
1.318
1.571
1.755
1.735
1.782
1.82
1.925
2.001
2.099
1.99
2.091
2.114
1.887
1.708
1.521
1.166
1.015
0.785
0.72
0.754
0.531
0.475
0.424
0.249
0.219
-0.051
0.0
0.071
0.215
0.212
0.143
0.045
-0.13
-0.357
-0.246
-0.301
-0.331
-0.26
-0.175
-0.048
0.041
0.115
0.051
0.25
0.255
0.11
-0.025
0.362
0.491
0.921
0.791
0.897
0.641
0.568
0.86
0.806
0.985
1.169
1.3
1.052
0.825
0.811
0.806
0.198
0.94
0.859
0.411
0.367
0.264
0.238
-0.024
-0.096
0.104
0.239
0.088
-0.11
-0.438
-0.516
-0.521
-0.512
-0.345
-0.226
-0.156
-0.024
0.118
-0.049
-0.009
-0.046
-0.039
-0.211
-0.244
-0.305
-0.283
0.016
-0.026
0.069
0.226
0.156
0.295
0.413
0.616
0.651
0.838
0.885
0.726
0.546
0.431
0.319
0.284
0.296
0.288
0.18
0.185
0.069
-0.084
-0.039
0.022
-0.273
-0.141
-0.195
-0.495
-0.458
-0.448
-0.614
-0.458
-0.323
-0.325
-0.369
-0.284
-0.55
-0.705
-1.054
-0.993
-1.074
-1.004
-0.943
-0.859
-0.566
-0.675
-0.719
-0.603
-0.855
-0.922
-0.881
-0.7
-0.554
-0.355
-0.124
-0.133
-0.014
0.007
0.136
0.315
0.256
0.365
0.196
0.309
0.453
0.497
0.499
0.512
0.103
0.134
0.279
0.195
0.223
0.375
0.189
0.198
0.415
0.234
-0.046
-0.152
-0.311
-0.481
-0.623
-0.733
-0.545
-0.71
-0.795
-0.828
-0.724
-0.544
-0.638
-0.843
-0.859
-0.854
-0.866
-0.516
-0.674
-0.645
-0.81
-0.876
-0.781
-0.82
-0.844
-0.878
-0.743
-0.9
-0.749
-0.64
-0.349
-0.357
-0.291
-0.225
-0.091
0.08
0.152
0.182
0.12
0.147
0.086
-0.065
-0.033
-0.034
-0.11
-0.091
-0.094
-0.016
-0.151
-0.17
-0.193
-0.339
-0.568
-0.69
-0.6
-0.983
-0.755
-0.82
-0.699
-0.511
-0.491
-0.484
-0.521
-0.398
-0.44
-0.375
-0.37
-0.601
-0.514
-0.718
-0.691
-0.815
-0.273
-0.156
-0.182
-0.331
-0.424
-0.349
-0.739
-0.559
-0.665
-0.796
-0.824
-0.895
-1.194
-1.29
-1.17
-1.159
-1.255
-1.245
-1.006
-0.944
-0.917
-0.879
-0.979
-0.94
-0.983
-0.978
-0.575
-0.636
-0.591
-0.499
-0.126
-0.214
-0.16
-0.146
-0.214
-0.101
-0.064
0.138
0.367
0.586
0.771
0.728
1.091
1.19
1.588
1.636
1.468
1.319
1.011
0.979
0.932
0.864
0.785
1.002
1.044
1.045
0.96
0.708
0.8
0.619
0.544
0.579
0.468
0.395
0.3
0.315
0.403
0.316
0.266
0.189
0.212
0.163
-0.071
-0.066
0.004
0.091
0.098
-0.138
-0.372
-0.24
-0.469
-0.289
-0.601
-0.796
-0.84
-0.915
-0.964
-0.978
-0.941
-1.004
-0.77
-0.629
-0.509
-0.335
-0.124
0.044
0.011
0.035
0.141
0.161
0.058
-0.015
-0.062
-0.045
0.154
0.14
0.176
0.059
0.331
0.405
0.657
0.73
0.694
0.828
0.749
0.765
0.72
0.765
0.777
0.733
0.569
0.32
0.231
0.193
0.107
-0.004
0.254
-0.052
-0.188
-0.374
-0.463
-0.591
-0.63
-0.621
-0.414
-0.231
-0.144
-0.098
0.014
0.15
0.041
0.336
0.165
0.256
0.388
0.449
0.335
0.19
0.193
0.338
0.357
0.256
0.034
0.089
0.031
-0.03
-0.149
-0.103
-0.103
-0.052
-0.04
-0.003
-0.212
-0.18
-0.037
-0.085
-0.066
0.083
-0.103
-0.205
-0.06
0.254
0.224
0.463
0.623
0.614
0.835
0.509
0.328
0.161
0.208
0.329
0.286
0.302
0.448
0.323
0.279
0.219
0.244
0.475
0.647
0.557
0.642
0.55
0.554
0.199
0.028
0.049
-0.05
0.139
0.072
0.009
-0.034
-0.125
-0.062
0.013
-0.036
-0.151
-0.401
-0.422
-0.645
-0.594
-0.6
-0.562
-0.417
-0.17
-0.21
-0.208
-0.208
-0.296
-0.186
-0.279
-0.196
-0.235
-0.436
-0.588
-0.526
-0.936
-0.831
-0.901
-0.909
-0.734
-0.656
-0.639
-0.541
-0.55
-0.336
-0.463
-0.425
-0.305
-0.265
-0.275
-0.136
-0.181
-0.152
-0.091
-0.124
-0.021
0.07
0.029
0.239
0.147
-0.055
0.124
0.101
0.225
0.081
-0.095
-0.033
0.15
-0.028
-0.061
-0.276
-0.283
-0.228
-0.296
-0.311
-0.246
-0.441
-0.448
-0.55
-0.625
-0.71
-0.698
-0.609
-0.568
-0.479
-0.711
-0.484
-0.494
-0.453
-0.352
-0.216
-0.02
-0.015
-0.22
-0.396
-0.384
-0.394
-0.286
-0.14
-0.076
0.079
0.235
0.331
0.154
0.244
0.276
0.369
0.206
0.145
-0.074
-0.205
-0.131
-0.11
-0.188
-0.351
-0.534
-0.598
-0.569
-0.725
-0.811
-0.996
-0.955
-1.005
-1.036
-0.915
-0.896
-0.909
-0.893
-0.985
-0.916
-0.916
-0.961
-0.907
-1.005
-0.826
-0.88
-0.812
-0.849
-0.789
-0.829
-0.743
-0.679
-0.809
-0.833
-0.8
-0.844
-0.81
-0.958
-0.726
-0.741
-0.644
-0.422
-0.448
-0.289
-0.138
-0.101
-0.261
0.003
-0.015
0.279
0.344
0.726
0.849
0.799
0.865
0.761
0.698
0.78
0.625
0.566
0.514
0.67
0.698
0.736
0.669
0.489
0.359
0.274
0.258
0.241
0.417
0.449
0.351
0.271
0.36
0.217
0.249
0.175
0.256
0.229
0.265
0.386
0.484
0.599
0.81
0.925
0.811
0.634
0.606
0.734
0.854
1.054
0.965
1.034
0.951
0.876
1.203
1.3
1.286
0.936
0.915
0.86
0.97
0.945
0.983
1.114
1.061
1.104
1.089
0.902
0.989
0.899
0.841
0.968
0.77
0.606
0.8
0.844
0.866
0.924
0.864
0.749
0.466
0.29
0.354
0.096
0.496
0.494
0.819
0.529
0.49
0.506
0.486
0.189
0.05
0.191
0.228
0.133
0.161
0.171
-0.07
-0.18
0.004
-0.036
0.039
-0.011
0.088
0.292
0.193
0.372
0.36
0.816
0.899
0.93
0.797
0.768
0.519
0.6
0.598
0.666
0.909
0.986
1.009
0.971
0.812
0.914
0.669
0.429
0.391
0.425
0.536
0.566
0.782
0.814
0.888
0.791
0.5
0.444
0.399
0.306
0.464
0.375
0.284
0.21
0.056
0.152
0.155
0.139
0.155
-0.019
0.013
-0.007
-0.069
0.001
0.185
0.168
0.216
0.229
0.214
0.379
0.203
0.515
0.65
0.659
0.911
0.954
0.979
0.899
1.041
0.91
0.936
1.131
1.028
0.943
0.691
0.473
0.611
0.657
0.585
0.601
0.56
0.314
0.335
0.122
0.089
-0.211
-0.045
-0.295
0.039
0.089
-0.03
0.009
0.026
0.08
-0.072
-0.256
-0.08
-0.006
0.033
-0.11
-0.07
0.044
-0.144
-0.2
-0.177
0.182
0.221
0.247
0.152
0.23
0.444
0.443
0.455
0.649
0.371
0.346
0.566
0.772
0.815
0.795
0.616
0.676
0.681
0.665
0.656
0.657
0.565
0.595
0.519
0.341
0.113
0.241
0.307
-0.091
-0.062
-0.43
-0.555
-0.895
-0.768
-0.671
-0.64
-0.66
-0.789
-0.672
-0.758
-0.869
-0.921
-0.881
-0.888
-0.789
-0.916
-0.802
-0.763
-0.807
-0.764
-0.66
-0.516
-0.302
-0.383
-0.35
-0.497
-0.422
-0.459
-0.466
-0.425
