-0.122
-0.146
0.001
-0.039
-0.025
0.009
0.259
0.086
-0.113
-0.052
-0.242
-0.144
-0.152
0.021
0.005
0.144
0.299
0.414
0.542
0.417
0.46
0.564
0.369
0.275
0.359
0.226
0.26
0.28
0.209
0.176
0.446
0.09
0.088
0.1
0.201
-0.151
-0.013
0.024
0.083
0.116
0.007
0.3
0.076
0.085
-0.031
0.018
-0.044
0.07
0.156
0.19
0.185
0.23
0.198
0.04
0.03
0.059
-0.035
-0.18
-0.13
0.013
-0.083
0.268
0.366
0.249
0.438
0.475
0.432
0.426
0.196
0.176
0.036
0.179
0.088
0.119
0.119
0.15
0.124
0.02
-0.051
-0.175
0.021
-0.194
-0.049
0.096
0.191
0.319
0.088
0.095
-0.085
-0.039
-0.08
-0.336
-0.128
-0.581
-0.52
-0.629
-0.733
-0.859
-0.824
-0.621
-0.545
-0.669
-0.826
-0.991
-1.041
-0.99
-0.988
-0.929
-0.796
-0.723
-0.628
-0.595
-0.736
-0.88
-0.941
-0.893
-1.015
-0.709
-0.864
-0.524
-0.677
-0.514
-0.459
-0.328
-0.374
-0.236
-0.079
0.105
0.076
0.003
0.314
0.249
0.517
0.459
0.497
0.542
0.516
0.614
0.306
0.684
0.851
1.035
1.213
1.203
1.24
1.325
1.179
1.173
0.895
0.899
0.686
1.055
0.926
0.831
0.983
1.039
1.089
1.021
0.905
0.751
0.696
0.319
0.245
0.269
0.105
-0.203
-0.473
-0.611
-0.73
-0.586
-0.47
-0.454
-0.453
-0.599
-0.671
-0.77
-0.834
-1.016
-1.002
-1.167
-1.105
-1.594
-1.062
-1.049
-1.296
-1.249
-1.244
-1.0
-1.0
-0.993
-0.96
-1.025
-0.869
-0.936
-0.921
-0.973
-0.774
-0.835
-0.544
-0.359
-0.425
-0.263
-0.233
-0.29
-0.446
-0.312
-0.352
-0.125
-0.109
-0.018
0.081
0.061
0.274
0.359
0.527
0.68
0.575
0.795
0.955
0.906
1.028
1.048
0.993
0.75
0.682
0.575
0.603
0.809
0.79
0.907
1.184
0.991
0.954
0.69
0.482
0.411
0.198
0.263
0.005
0.039
0.113
-0.069
-0.141
-0.245
-0.554
-0.453
-0.65
-0.703
-0.929
-1.019
-1.264
-1.439
-1.2
-1.41
-1.643
-1.147
-1.16
-1.104
-1.055
-1.075
-0.885
-0.816
-0.901
-0.8
-0.64
-0.879
-0.807
-0.568
-0.48
-0.395
-0.289
-0.077
-0.186
-0.088
-0.185
-0.054
0.092
0.244
0.356
0.605
0.266
0.244
0.006
-0.149
0.037
0.014
0.168
0.175
0.494
0.611
0.829
0.772
0.759
0.89
0.755
0.639
0.514
0.489
0.486
0.163
0.001
-0.121
-0.084
0.036
0.036
0.096
-0.241
-0.199
-0.271
-0.369
-0.425
-0.366
-0.422
-0.459
-0.444
-0.515
-0.6
-0.641
-0.431
-0.501
-0.445
-0.156
-0.163
-0.228
-0.269
-0.445
-0.294
-0.328
-0.359
-0.448
-0.228
-0.19
-0.045
0.107
0.195
0.29
0.27
0.179
0.275
0.482
0.365
0.511
0.356
0.453
0.475
0.604
0.624
0.701
0.656
0.583
0.679
0.491
0.508
0.588
0.649
0.695
0.614
0.699
0.531
0.461
0.49
0.573
0.354
0.181
0.1
-0.261
-0.26
-0.191
-0.051
-0.149
0.01
0.054
0.084
0.033
0.13
0.13
0.309
0.491
0.547
0.458
0.554
0.566
0.531
0.509
0.461
0.562
0.642
0.61
0.711
0.662
0.714
0.546
0.57
0.574
0.601
0.468
0.114
0.029
0.135
-0.014
0.011
0.149
0.046
0.0
-0.133
-0.343
-0.396
-0.544
-0.504
-0.302
0.02
0.101
0.21
0.263
0.182
0.165
0.144
0.052
0.177
0.263
0.291
0.26
0.274
0.276
0.186
0.039
-0.029
0.188
0.316
0.431
0.618
0.765
0.621
0.652
0.674
0.816
1.07
1.008
1.005
1.079
1.165
0.961
1.173
1.185
1.459
1.464
1.439
1.29
1.249
0.854
0.728
0.802
0.715
0.979
0.959
0.774
0.743
0.589
0.604
0.628
0.586
0.6
0.369
0.386
0.304
0.378
0.305
0.196
0.186
0.094
0.03
-0.039
-0.131
-0.024
-0.118
0.03
0.255
0.05
0.206
0.144
0.246
0.415
0.446
0.239
-0.009
-0.105
-0.01
0.118
0.109
0.345
0.491
0.221
0.15
0.149
0.295
0.391
0.415
0.4
0.516
0.615
0.739
0.656
0.614
0.496
0.411
0.372
0.463
0.588
0.854
0.73
0.951
0.685
0.599
0.716
0.777
0.65
0.541
0.785
0.828
0.595
0.723
0.616
0.621
0.473
0.584
0.398
0.536
0.705
0.635
0.531
0.557
0.546
0.35
0.299
0.355
0.18
-0.025
-0.379
-0.531
-0.419
-0.261
-0.081
-0.037
-0.134
0.03
-0.131
-0.491
-0.555
-0.755
-0.616
-0.521
-0.475
-0.708
-1.103
-1.188
-1.265
-1.232
-1.284
-1.141
-1.093
-0.943
-0.806
-0.897
-0.934
-1.141
-0.991
-0.909
-1.008
-1.084
-1.137
-1.145
-1.091
-1.144
-1.046
-1.006
-0.753
-0.631
-0.517
-0.444
-0.388
-0.562
-0.466
-0.503
-0.691
-0.569
-0.517
-0.359
-0.139
0.119
0.223
0.519
0.698
0.569
0.713
0.671
0.724
0.646
0.621
0.565
0.219
0.194
0.086
0.15
0.175
-0.005
0.065
0.14
-0.064
0.149
0.164
0.091
0.022
-0.229
-0.24
-0.018
-0.126
-0.049
0.052
0.17
0.268
0.339
0.44
0.292
0.346
0.3
0.339
0.405
0.299
0.404
0.259
0.066
-0.004
-0.15
-0.147
-0.107
0.095
0.048
0.165
0.173
0.085
0.261
0.171
0.176
0.064
-0.149
-0.395
-0.439
-0.449
-0.569
-0.569
-0.59
-0.468
-0.409
-0.391
-0.396
-0.465
-0.403
-0.307
-0.281
-0.492
-0.484
-0.529
-0.575
-0.684
-0.514
-0.381
-0.509
-0.496
-0.291
-0.139
-0.239
-0.335
-0.367
-0.454
-0.549
-0.578
-0.496
-0.485
-0.381
-0.408
-0.336
-0.279
-0.489
-0.603
-0.529
-0.546
-0.446
-0.506
-0.328
-0.326
-0.144
-0.05
-0.131
-0.039
-0.001
0.098
0.146
0.203
0.233
0.542
0.61
0.723
0.685
0.6
0.549
0.456
0.478
0.554
0.656
0.796
0.797
0.926
0.863
0.801
0.52
0.35
0.29
0.306
0.251
0.15
0.005
-0.022
-0.135
-0.007
-0.138
0.069
-0.06
-0.209
-0.319
-0.459
-0.49
-0.566
-0.686
-0.606
-0.657
-0.559
-0.621
-0.686
-0.666
-0.635
-0.589
-0.403
-0.365
-0.44
-0.514
-0.714
-0.865
-0.996
-0.831
-0.926
-0.729
-0.645
-0.49
-0.534
-0.559
-0.603
-0.501
-0.307
-0.552
-0.579
-0.636
-0.61
-0.61
-0.603
-0.562
-0.775
-0.609
-0.735
-0.526
-0.564
-0.511
-0.53
-0.721
-0.703
-0.536
-0.541
-0.52
-0.536
-0.701
-0.912
-1.051
-0.78
-0.746
-0.728
-0.819
-0.656
-0.735
-0.634
-0.733
-0.549
-0.394
-0.606
-0.555
-0.461
-0.456
-0.596
-0.682
-0.688
-0.66
-0.46
-0.405
-0.345
-0.522
-0.47
-0.505
-0.532
-0.338
-0.344
-0.226
-0.21
-0.065
-0.156
-0.125
0.09
0.255
0.4
0.404
0.396
0.371
0.265
0.385
0.154
0.177
0.211
0.398
0.389
0.175
0.193
0.171
0.107
0.024
0.18
0.022
0.107
0.154
0.151
0.443
0.231
0.131
0.035
-0.049
0.09
0.033
-0.045
-0.028
-0.14
-0.089
-0.196
-0.24
-0.064
-0.146
-0.329
-0.296
-0.22
-0.161
-0.2
-0.033
-0.058
0.094
0.253
0.17
0.304
0.259
0.328
0.531
0.532
0.541
0.456
0.448
0.324
0.334
0.374
0.466
0.541
0.398
0.356
0.458
0.515
0.589
0.657
0.67
0.84
0.588
0.59
0.57
0.8
0.763
0.689
0.609
0.664
0.629
0.772
0.899
0.938
0.968
0.9
0.929
0.799
0.873
1.051
0.946
1.01
0.926
0.91
1.045
1.01
0.924
0.86
0.623
0.939
1.061
1.016
0.966
1.022
0.774
0.655
0.629
0.529
0.406
0.349
0.311
0.36
0.309
-0.024
-0.054
-0.169
-0.113
-0.305
-0.421
-0.413
-0.529
-0.408
-0.514
-0.367
-0.427
-0.56
-0.669
-0.626
-0.598
-0.497
-0.565
-0.651
-0.539
-0.426
-0.307
-0.321
-0.164
-0.058
-0.144
0.006
0.096
0.253
0.352
0.552
0.446
0.561
0.434
0.196
0.41
0.348
0.386
0.625
0.769
0.676
0.708
0.667
0.709
0.725
0.429
0.438
0.401
0.425
0.45
0.535
0.479
0.495
0.361
0.318
0.349
0.398
0.333
0.709
0.369
0.429
0.479
0.605
0.574
0.646
0.874
0.969
1.09
0.978
0.71
0.845
0.843
1.061
1.234
1.039
0.953
0.906
0.816
0.638
0.677
0.53
0.346
0.129
0.0
0.096
0.003
0.163
0.119
0.06
-0.427
-0.391
-0.475
-0.677
-0.536
-0.439
-0.693
-0.44
-0.68
-0.695
-0.825
-0.734
-0.655
-0.691
-0.608
-0.711
-0.669
-0.709
-0.726
-0.487
-0.675
-0.598
-0.435
-0.466
-0.537
-0.61
-0.694
-0.512
-0.532
-0.274
-0.319
-0.42
-0.154
-0.054
0.035
-0.228
-0.186
-0.319
-0.256
-0.155
0.009
0.118
0.039
-0.006
-0.109
-0.136
-0.144
-0.07
-0.036
0.029
0.173
-0.005
-0.052
-0.169
-0.18
0.046
0.089
0.114
0.22
0.134
0.092
0.089
0.188
-0.014
-0.146
-0.309
-0.3
-0.292
-0.517
-0.116
-0.335
-0.371
-0.376
-0.265
-0.052
0.09
-0.065
-0.001
0.046
-0.13
-0.152
-0.066
-0.022
0.165
0.404
0.444
0.419
0.768
0.756
0.806
0.78
0.662
0.705
0.595
0.811
0.639
0.585
0.589
0.383
0.372
0.304
0.466
0.575
0.226
0.035
0.079
0.107
0.19
0.316
0.374
0.159
-0.156
-0.131
0.034
-0.312
-0.307
-0.288
-0.228
-0.335
-0.465
-0.705
-0.7
-0.559
-0.598
-0.584
-0.54
-0.546
-0.484
-0.551
-0.301
-0.118
-0.034
-0.02
-0.056
-0.037
0.114
0.294
0.265
0.17
0.115
0.058
0.149
0.279
0.375
0.091
0.149
-0.089
-0.039
-0.334
-0.714
-0.824
-0.78
-0.545
-0.3
0.089
-0.02
0.124
0.25
0.209
0.175
0.101
-0.006
-0.156
-0.499
-0.796
-0.901
-0.795
-0.657
-0.885
-0.725
-0.76
-0.811
-0.714
-0.768
-0.672
-0.604
-0.812
-0.904
-0.875
-1.015
-0.819
-0.818
-0.891
-1.058
-0.978
-0.909
-0.854
-0.636
-0.772
-0.644
-0.431
-0.367
-0.239
0.029
-0.003
0.184
0.324
0.239
0.193
0.035
0.28
0.276
0.556
0.72
0.929
1.121
1.323
1.326
1.381
1.47
1.255
1.26
1.314
1.343
1.329
1.234
1.165
1.456
1.29
1.296
1.194
1.076
0.792
0.758
0.514
0.475
0.541
0.169
0.12
-0.196
-0.233
-0.185
-0.113
-0.367
-0.316
-0.37
-0.621
-0.551
-0.647
-0.853
-1.094
-1.229
-1.29
-1.759
-1.559
-1.639
-1.46
-1.255
-1.229
-1.329
-1.269
-1.239
-1.289
-1.195
-1.199
-1.248
-1.226
-1.241
-1.115
-1.167
-1.029
-0.916
-0.735
-0.735
-0.656
-0.769
-0.675
-0.554
-0.41
0.006
-0.107
0.224
0.331
0.521
0.45
0.278
0.245
0.44
0.429
0.812
0.963
1.224
1.258
1.201
1.107
0.951
1.029
1.255
1.656
1.758
1.528
1.546
1.379
1.306
1.252
1.262
1.203
1.288
1.386
1.1
1.185
0.94
1.206
1.025
1.018
0.566
0.434
0.321
0.131
0.253
0.378
0.661
0.791
0.87
0.821
0.764
0.855
0.557
0.486
0.695
0.575
0.576
0.614
0.65
0.561
0.669
0.624
0.693
0.495
0.469
0.566
0.474
0.242
0.189
0.191
0.264
0.354
0.164
-0.049
-0.045
0.049
0.12
0.228
0.324
0.211
0.375
0.182
0.28
0.331
0.304
0.203
0.269
0.113
0.208
0.244
0.096
0.356
0.695
0.795
0.539
0.775
0.681
0.759
0.876
0.759
0.695
0.562
0.601
0.453
0.584
0.399
0.235
0.208
0.036
-0.04
-0.301
-0.304
-0.443
-0.478
-0.586
-0.551
-0.688
-0.576
-0.315
-0.616
-0.417
-0.29
-0.125
-0.1
-0.028
-0.088
-0.185
-0.101
-0.155
-0.211
-0.196
0.026
0.152
0.285
0.103
0.062
0.033
-0.136
-0.099
-0.12
0.064
-0.014
0.051
-0.025
-0.111
0.126
-0.182
-0.324
-0.451
-0.559
-0.497
-0.698
-0.698
-0.795
-0.676
-0.916
-1.039
-0.896
-0.786
-0.638
-0.682
-0.628
-0.623
-0.814
-0.915
-0.777
-0.812
-0.63
-0.409
-0.496
-0.769
-0.893
-1.032
-1.097
-1.045
-0.8
-0.657
-0.547
-0.198
-0.138
-0.058
-0.22
0.143
0.511
0.092
0.324
0.32
0.598
0.542
0.628
0.596
0.517
0.609
0.64
0.741
0.664
0.926
0.879
0.824
1.031
1.183
0.925
1.085
0.503
0.524
0.503
0.114
0.265
-0.011
-0.119
-0.331
-0.404
-0.512
-0.681
-0.825
-0.583
-0.636
-0.48
-0.292
-0.359
-0.115
-0.088
-0.083
0.07
0.144
0.02
0.203
0.173
0.24
0.029
0.003
-0.024
-0.275
-0.301
-0.378
-0.296
-0.022
-0.036
0.064
0.066
0.328
0.334
0.215
0.338
0.436
0.445
0.497
0.451
0.497
0.505
0.544
0.55
0.652
0.478
0.628
0.756
0.728
0.863
0.888
0.664
0.78
0.684
0.598
0.941
0.721
0.73
0.604
0.703
0.741
0.797
0.786
0.598
0.677
0.756
0.487
0.821
0.677
0.656
0.569
0.436
0.403
0.334
0.133
0.081
0.134
-0.014
0.098
0.095
0.083
0.096
0.03
0.226
0.179
0.27
0.193
-0.086
0.01
0.075
0.289
0.037
0.028
-0.09
-0.181
-0.27
-0.464
-0.041
-0.014
0.005
-0.116
-0.24
-0.562
-0.738
-0.618
-0.724
-0.571
-0.4
-0.238
-0.052
-0.025
0.104
-0.16
-0.246
-0.345
-0.186
-0.484
-0.463
-0.522
-0.545
-0.381
-0.391
-0.356
-0.4
-0.08
0.048
0.013
0.258
0.381
0.545
0.335
0.215
0.005
-0.219
0.285
0.359
0.241
0.369
0.485
0.414
0.24
0.307
0.228
0.365
0.147
-0.011
0.311
0.076
-0.113
-0.084
-0.105
-0.19
-0.181
-0.06
-0.164
-0.223
-0.354
-0.307
-0.416
-0.383
-0.398
-0.579
-0.429
-0.318
-0.405
-0.559
-0.482
-0.486
-0.557
-0.419
-0.399
-0.29
-0.35
-0.121
-0.198
-0.152
-0.495
-0.471
-0.393
-0.271
-0.331
-0.24
-0.193
-0.251
-0.305
-0.386
-0.297
-0.049
0.028
-0.045
-0.019
-0.079
-0.205
-0.422
-0.35
-0.302
-0.37
-0.169
-0.189
0.115
0.091
0.076
0.136
0.255
0.208
0.349
0.316
0.135
0.205
0.066
-0.107
-0.201
-0.522
-0.704
-0.744
-0.596
-0.504
-0.265
-0.328
-0.451
-0.326
-0.333
-0.465
-0.468
-0.388
-0.5
-0.545
-0.456
-0.326
-0.225
-0.288
-0.103
-0.026
0.007
0.016
0.003
0.163
0.146
0.326
0.338
0.427
0.323
0.279
-0.141
0.105
-0.028
0.076
-0.143
-0.386
-0.315
-0.297
-0.393
-0.14
-0.051
0.161
-0.106
-0.244
-0.25
-0.16
-0.286
-0.156
-0.025
0.007
0.136
0.12
0.2
0.408
0.391
0.532
0.574
0.674
0.579
0.411
0.286
0.071
0.046
-0.13
-0.081
0.041
0.045
-0.022
0.022
-0.118
0.041
-0.045
-0.013
-0.209
-0.122
-0.016
-0.074
0.052
0.056
0.306
0.265
0.468
0.544
0.29
0.517
0.319
0.326
0.058
0.019
0.044
-0.214
-0.316
-0.286
-0.351
-0.395
-0.478
-0.451
-0.41
-0.545
-0.466
-0.521
-0.351
-0.247
-0.154
-0.224
-0.161
-0.292
-0.469
-0.479
-0.745
-0.759
-0.761
-0.764
-0.651
-0.681
-0.406
-0.413
-0.206
-0.022
0.273
0.37
0.519
0.552
0.688
0.63
0.58
0.386
0.405
0.42
0.38
0.454
0.42
0.527
0.764
0.823
0.711
0.912
0.799
0.578
0.458
0.236
0.107
0.14
-0.069
0.05
0.155
0.147
0.263
0.331
0.478
0.259
0.156
0.339
0.436
0.376
0.409
0.537
0.196
0.055
-0.096
-0.395
-0.346
-0.321
-0.283
-0.098
0.17
0.164
0.319
0.239
0.274
0.23
0.247
0.134
0.077
0.133
0.324
0.388
0.339
0.212
0.246
0.346
0.519
0.604
0.83
0.901
0.651
0.639
0.473
0.645
0.749
0.889
0.999
0.953
1.179
0.964
0.968
1.038
0.936
0.836
0.638
0.736
0.669
0.63
0.591
0.539
0.666
0.611
0.505
0.562
0.482
0.344
0.214
0.17
0.085
0.016
0.217
0.37
0.47
0.359
0.231
0.224
0.13
0.35
0.185
0.106
-0.021
-0.124
-0.13
-0.006
-0.3
-0.074
-0.099
-0.136
0.014
-0.217
-0.261
-0.126
0.028
-0.016
0.028
0.092
-0.16
-0.033
-0.029
0.019
0.182
0.14
0.254
0.466
0.398
0.386
0.212
0.161
0.503
0.366
0.388
0.311
0.319
0.195
-0.115
-0.09
-0.305
-0.431
-0.426
-0.372
-0.289
-0.318
-0.391
-0.294
-0.094
-0.305
-0.445
-0.551
-0.56
-0.527
-0.434
-0.541
-0.638
-0.539
-0.569
-0.421
-0.089
-0.341
-0.138
0.159
-0.235
-0.351
-0.384
-0.352
-0.624
-0.591
-0.406
-0.544
-0.5
-0.471
-0.168
-0.186
0.054
0.099
0.033
-0.06
-0.335
-0.122
0.084
0.236
0.422
0.386
0.544
0.336
0.374
0.292
0.33
0.16
-0.037
-0.119
0.014
0.258
0.258
0.359
0.41
0.328
0.319
0.284
0.525
0.375
0.605
0.328
0.254
0.196
0.168
0.121
0.022
0.118
-0.007
0.041
0.359
0.302
0.169
0.254
0.118
0.089
0.0
-0.09
-0.378
-0.53
-0.474
-0.66
-0.726
-0.7
-0.588
-0.551
-0.605
-0.595
-0.716
-0.941
-1.096
-1.282
-1.137
-1.008
-0.953
-0.792
-0.696
-0.761
-0.93
-0.969
-0.758
-0.723
-0.642
-0.48
-0.371
-0.062
-0.058
0.242
0.369
0.444
0.464
0.499
0.209
0.215
0.206
-10.336
0.004
-0.084
-0.184
0.121
0.2
0.128
0.25
0.45
0.395
0.651
0.583
0.296
0.354
0.199
0.209
0.134
0.221
0.122
0.094
0.069
0.055
0.19
0.286
0.359
0.166
-0.028
-0.331
-0.26
-0.265
0.09
0.223
0.045
0.233
0.391
0.393
0.27
0.24
0.055
-0.098
-0.077
0.035
-0.025
-0.007
0.001
0.14
0.163
0.233
0.365
0.408
0.323
0.236
0.414
0.588
0.666
0.463
0.283
0.136
0.075
0.024
-0.031
-0.064
-0.24
-0.311
-0.266
-0.374
-0.414
-0.399
-0.333
-0.394
-0.35
-0.333
-0.393
-0.642
-0.655
-0.619
-0.694
-0.534
-0.367
-0.214
-0.049
-0.114
-0.156
0.005
-0.124
0.165
0.292
0.259
0.307
0.22
0.184
0.312
0.171
-0.076
-0.031
0.072
0.066
-0.015
0.086
0.025
0.041
-0.138
-0.372
-0.352
-0.015
-0.039
-0.211
-0.349
-0.273
-0.36
-0.161
0.055
-0.064
-0.225
-0.294
-0.08
0.2
0.143
0.344
0.375
0.656
0.705
0.844
1.064
1.205
1.328
1.57
1.468
1.679
1.719
1.693
1.484
1.54
1.685
1.643
1.731
1.596
1.603
1.46
1.532
1.539
1.604
1.516
1.551
1.647
1.464
1.375
1.26
0.904
0.749
0.539
0.487
0.388
0.164
0.134
-0.355
-0.438
-0.576
-0.67
-0.512
-0.49
-0.504
-0.688
-0.794
-0.76
-0.754
-0.666
-0.782
-0.765
-0.919
-1.039
-0.919
-0.901
-0.828
-0.779
-0.75
-0.839
-0.948
-0.805
-0.914
-0.78
-0.81
-0.782
-0.787
-0.695
-0.581
-0.715
-0.662
-0.638
-0.835
-0.779
-1.012
-1.079
-1.154
-1.298
-1.109
-1.13
-1.139
-1.145
-1.181
-1.32
-1.37
-1.081
-0.922
-0.84
-0.824
-0.831
-1.103
-1.014
-1.044
-0.854
-0.638
-0.581
-0.443
-0.338
-0.075
0.135
0.051
0.168
0.099
0.179
0.028
0.174
0.239
0.302
0.65
0.599
0.664
0.609
0.736
0.535
0.39
0.4
0.425
0.551
0.629
0.644
0.489
0.691
0.616
0.549
0.425
0.181
0.341
0.133
0.065
-0.039
-0.176
-0.131
-0.139
-0.077
0.028
-0.193
-0.388
-0.275
-0.429
-0.417
-0.217
0.084
-0.019
-0.039
0.312
0.344
0.238
0.338
0.396
0.494
0.536
0.474
0.54
0.614
0.694
0.807
0.973
0.94
0.931
1.014
0.985
1.304
1.335
1.57
1.496
1.645
1.657
1.605
1.548
1.491
1.506
1.488
1.535
1.265
1.294
1.181
1.272
1.224
0.917
0.768
0.74
0.625
1.015
0.482
0.624
0.487
0.328
0.37
0.04
0.007
-0.069
-0.104
-0.169
-0.07
-0.092
0.066
0.186
0.116
0.037
-0.054
-0.114
-0.246
-0.051
-0.101
-0.199
-0.22
-0.209
-0.126
-0.088
-0.1
-0.203
-0.031
0.215
0.379
0.546
0.54
0.574
0.497
0.557
0.815
0.814
0.951
0.797
0.904
0.809
0.829
0.699
0.636
0.579
0.425
0.154
0.431
0.319
0.354
0.511
0.51
0.064
0.104
-0.171
-0.181
-0.1
-0.06
0.031
-0.209
-0.274
-0.24
-0.224
-0.122
-0.139
0.04
0.0
-0.066
-0.018
0.216
-0.004
-0.16
-0.294
-0.155
-0.334
-0.593
-0.496
-0.689
-0.465
-0.615
-0.461
-0.851
-1.036
-1.195
-1.361
-1.329
-0.958
-0.756
-0.439
-0.215
-0.028
0.11
0.239
0.403
0.276
0.156
0.238
0.245
0.253
0.446
0.391
0.095
-0.209
-0.226
-0.461
-0.568
-0.771
-0.606
-0.549
-0.46
-0.47
-0.749
-0.654
-0.534
-0.665
-0.456
-0.624
-0.46
-0.459
-0.562
-0.591
