0.699
0.725
0.535
0.481
0.388
0.278
0.194
0.065
0.146
-0.043
0.028
-0.239
-0.316
-0.1
0.072
0.166
0.156
0.283
0.302
0.07
0.025
0.145
0.269
0.526
0.751
0.794
0.991
0.893
0.931
0.973
1.012
1.078
1.1
1.369
0.819
0.949
0.951
0.893
0.851
0.785
0.849
0.865
0.714
0.799
0.545
0.311
0.239
0.041
-0.049
-0.018
-0.025
-0.281
-0.351
-0.151
-0.529
-0.491
-0.164
-0.101
-0.14
-0.119
-0.29
-0.184
-0.305
-0.099
-0.205
-0.25
-0.256
-0.39
-0.417
-0.598
-0.72
-0.787
-0.67
-0.453
-0.473
-0.52
-0.696
-0.951
-1.186
-1.34
-1.347
-1.298
-1.256
-1.105
-1.029
-1.078
-1.288
-0.934
-0.941
-0.911
-0.934
-0.708
-0.771
-0.596
-0.62
-0.28
-0.149
-0.19
0.006
0.106
0.215
0.052
0.011
0.081
0.02
0.111
0.088
0.001
0.304
0.369
0.486
0.521
0.352
0.181
0.161
0.366
0.425
0.398
0.478
0.644
0.721
0.499
0.73
0.735
0.469
0.583
0.768
0.729
0.843
0.919
0.818
0.618
0.705
0.729
0.356
0.176
0.094
0.168
0.128
0.124
0.333
0.323
0.325
0.259
0.401
0.425
0.362
0.374
0.375
0.44
0.154
0.215
0.029
-0.186
-0.115
-0.188
-0.009
0.111
0.225
0.059
0.088
0.224
0.105
0.103
0.133
0.136
0.048
-0.021
-0.318
-0.238
-0.3
-0.25
-0.007
0.079
-0.08
-0.101
-0.206
-0.271
-0.318
-0.395
-0.231
-0.341
-0.417
-0.355
-0.604
-0.584
-0.505
-0.696
-0.638
-0.791
-0.891
-0.595
-0.646
-0.709
-0.713
-0.709
-0.688
-0.919
-0.895
-0.744
-0.753
-0.496
-0.479
-0.47
-0.56
-0.421
-0.193
0.105
0.131
0.403
0.344
0.103
0.049
-0.289
-0.13
-0.014
-0.045
-0.113
0.005
0.06
0.088
0.02
0.045
0.079
0.146
0.116
-0.099
-0.045
-0.156
-0.27
-0.278
-0.666
-0.479
-0.329
-0.629
-0.604
-0.351
-0.405
-0.344
-0.319
-0.334
-0.304
-0.364
-0.253
-0.39
-0.168
-0.034
-0.052
0.146
-0.158
-0.098
-0.077
0.056
-0.05
-0.056
0.09
0.223
0.31
0.328
0.584
0.451
0.33
0.419
0.49
0.508
0.366
0.385
0.579
0.714
0.856
0.92
0.988
1.049
1.038
1.126
0.896
1.022
1.0
0.915
0.974
0.87
0.874
0.794
0.768
0.623
0.704
0.705
0.546
0.718
0.54
0.62
0.534
0.646
0.401
0.42
0.278
0.269
0.45
0.345
0.399
0.343
0.246
0.389
0.231
0.224
0.055
0.052
-0.066
-0.066
-0.094
-0.42
-0.323
-0.391
-0.522
-0.585
-0.591
-0.41
-0.61
-0.468
-0.35
-0.471
-0.458
-0.295
-0.255
-0.158
-0.37
-0.675
-0.829
-1.109
-1.131
-0.871
-0.526
-0.381
-0.427
-0.6
-0.791
-0.75
-0.796
-0.936
-0.758
-0.799
-0.711
-0.661
-0.65
-0.684
-0.547
-0.506
-0.492
-0.309
-0.283
-0.025
0.2
0.326
0.396
0.623
0.657
0.621
0.874
0.902
0.824
0.833
0.823
0.916
0.802
1.061
1.133
1.316
1.471
1.314
1.266
1.093
1.106
0.995
1.022
0.866
0.953
1.035
0.927
0.88
1.065
0.561
0.604
0.768
0.963
0.826
0.634
0.709
0.799
0.595
0.626
0.535
0.541
0.143
0.154
0.081
0.094
-0.007
-0.041
-0.398
-0.389
-0.315
-0.361
-0.508
-0.564
-0.209
-0.456
-0.145
-0.084
-0.091
-0.135
-0.1
-0.253
-0.29
-0.351
-0.256
-0.236
-0.176
-0.034
-0.09
0.15
0.109
0.273
0.395
0.403
0.451
0.471
0.384
0.305
0.219
0.164
0.013
0.158
0.118
0.343
0.205
0.217
0.399
0.535
0.405
0.494
0.489
0.471
0.679
0.415
0.629
0.59
0.305
0.479
0.54
0.561
0.606
0.517
0.655
0.659
0.516
0.497
0.728
0.545
0.549
0.534
0.289
0.159
-0.036
-0.191
-0.305
-0.152
-0.32
-0.349
-0.411
-0.284
-0.394
-0.233
0.039
0.106
0.129
0.328
0.346
0.375
-0.004
-0.124
-0.095
-0.065
-0.016
0.198
0.019
-0.113
-0.07
-0.136
-0.333
-0.245
-0.413
-0.246
-0.336
-0.42
-0.253
0.077
0.066
0.283
0.417
0.281
0.357
0.339
0.328
0.169
0.106
0.144
0.139
0.039
0.046
0.07
0.131
0.051
0.296
0.17
0.219
0.035
-0.221
-0.38
-0.603
-0.3
-0.409
-0.471
-0.492
-0.695
-0.315
-0.075
-0.074
-0.301
-0.422
-0.13
-0.228
0.114
-0.247
0.184
-0.176
-0.514
-0.735
-0.829
-0.84
-0.966
-0.386
-0.205
-0.022
-0.19
-0.352
-0.414
-0.596
-0.545
-0.662
-0.74
-0.505
-0.371
-0.263
-0.219
-0.263
0.006
0.058
0.051
0.25
0.335
0.659
0.576
0.421
0.107
-0.083
-0.029
-0.2
-0.031
-0.23
-0.296
-0.323
-0.128
-0.23
-0.079
-0.004
-0.129
-0.115
-0.194
-0.319
-0.325
-0.581
-0.519
-0.583
-0.209
-0.239
-0.07
-0.013
-0.085
-0.27
-0.361
-0.219
-0.47
-0.302
-0.203
-0.364
-0.092
0.098
0.324
0.304
0.286
0.406
0.629
0.675
0.758
0.754
0.68
0.652
0.68
0.685
0.706
0.626
0.769
0.75
0.675
0.546
0.517
0.666
0.799
0.814
1.008
0.893
0.864
0.801
0.625
0.557
0.532
0.306
0.445
0.556
0.535
0.626
0.642
0.641
0.995
0.911
1.048
1.169
0.986
0.961
0.823
0.18
-0.043
-0.001
-0.263
-0.144
-0.045
0.039
-0.169
-0.184
-0.451
-0.281
-0.484
-0.299
-0.185
-0.338
-0.355
-0.485
-0.851
-0.743
-0.806
-0.839
-0.94
-0.927
-0.909
-0.759
-0.945
-0.745
-0.701
-0.674
-0.369
-0.426
-0.344
-0.325
-0.238
-0.2
-0.315
-0.596
-0.578
-0.464
-0.338
-0.295
-0.249
-0.349
-0.241
-0.584
-0.618
-0.679
-0.611
-0.636
-0.505
-0.326
-0.04
-0.086
-0.133
-0.432
-0.149
-0.104
0.27
0.391
0.6
0.654
0.68
0.59
0.684
0.782
1.001
1.036
1.1
1.016
0.751
0.843
0.485
0.468
0.481
0.319
0.31
0.365
0.367
0.271
-0.024
-0.036
-0.182
-0.283
-0.479
-0.675
-0.705
-0.789
-0.736
-0.825
-0.562
-0.486
-0.405
-0.455
-0.19
-0.492
-0.19
-0.159
0.055
0.149
0.098
0.181
0.18
0.443
0.47
0.792
0.873
0.946
0.971
1.088
1.078
0.991
0.82
0.961
0.629
0.566
0.486
0.366
0.536
0.514
0.605
0.812
1.001
0.855
0.74
0.94
0.863
1.052
1.114
1.365
1.397
1.35
1.163
1.079
1.031
1.228
1.27
1.25
1.107
0.859
0.571
0.478
0.258
0.088
0.046
-0.219
-0.251
-0.465
-0.484
-0.618
-0.699
-0.897
-0.841
-0.985
-1.066
-0.818
-0.886
-0.878
-0.825
-0.741
-0.964
-1.209
-1.288
-1.213
-0.975
-0.895
-0.873
-1.049
-0.983
-0.953
-1.059
-1.13
-1.06
-0.978
-0.948
-1.015
-0.946
-0.949
-0.883
-0.859
-0.878
-0.724
-0.564
-0.388
-0.071
0.103
0.119
0.355
0.456
0.453
0.389
0.429
0.461
0.526
0.723
0.492
0.56
0.376
0.54
0.593
0.736
0.61
0.756
0.59
0.599
0.819
0.758
1.086
1.181
0.916
1.004
0.753
0.769
0.823
0.724
0.843
0.896
0.693
0.532
0.689
0.642
0.654
0.516
0.274
0.062
0.238
0.122
-0.039
-0.085
-0.049
-0.366
-0.297
-0.284
-0.421
-0.554
-0.33
-0.534
-0.32
-0.221
0.022
0.03
-0.011
0.101
-0.15
-0.01
-0.095
0.168
0.014
-0.037
-0.283
-0.284
-0.274
-0.383
-0.133
-0.043
-0.034
0.203
0.328
0.323
0.295
0.221
0.265
0.281
0.314
0.103
0.036
0.028
-0.22
-0.319
-0.031
0.43
0.46
0.554
0.291
0.41
0.201
0.16
0.424
0.225
0.381
0.334
0.596
0.631
0.564
0.516
0.451
0.43
0.361
0.32
0.364
0.24
0.001
0.069
-0.103
-0.029
0.131
0.138
0.198
0.191
0.145
0.19
0.079
-0.052
0.216
0.338
0.242
0.318
0.383
0.443
0.561
0.71
0.69
0.863
0.549
0.47
0.209
0.448
0.103
0.02
-0.026
0.075
0.163
0.249
0.037
0.319
0.23
0.506
0.694
0.745
0.508
0.519
0.275
0.239
-0.174
-0.051
-0.326
-0.482
-0.449
-0.396
-0.349
-0.529
-0.565
-0.636
-0.814
-0.576
-0.964
-1.014
-1.294
-1.124
-1.239
-1.363
-1.302
-1.367
-1.555
-1.838
-1.899
-1.539
-1.249
-0.869
-0.92
-0.815
-0.996
-1.049
-0.787
-0.809
-0.525
-0.532
-0.534
-0.741
-0.52
-0.465
-0.48
-0.455
-0.454
-0.357
-0.309
-0.046
0.2
0.048
0.155
0.214
0.27
0.229
0.364
0.345
0.429
0.367
0.246
0.156
0.331
0.155
0.439
0.365
0.299
0.484
0.208
0.41
0.479
0.411
0.551
0.758
0.96
0.919
0.88
0.859
0.744
0.824
0.629
0.566
0.611
0.527
0.651
0.621
0.8
0.719
0.54
0.415
0.17
0.475
0.193
0.279
0.181
0.146
0.144
0.079
0.04
-0.043
0.005
-0.177
-0.376
-0.478
-0.638
-0.765
-0.78
-0.818
-0.615
-0.537
-0.335
-0.352
-0.561
-0.614
-0.659
-0.605
-0.571
-0.436
-0.411
-0.605
-0.615
-0.911
-0.755
-0.638
-0.512
-0.534
-0.521
-0.422
-0.73
-0.805
-0.701
-0.686
-0.459
-0.568
-0.647
-0.48
-0.324
-0.601
-0.695
-0.408
-0.258
-0.278
-0.24
-0.292
-0.318
-0.479
-0.774
-0.797
-0.875
-0.666
-0.695
-0.448
-0.739
-0.723
-0.451
-0.198
-0.475
-0.217
-0.219
-0.126
-0.245
-0.41
-0.354
-0.211
-0.191
-0.22
-0.23
0.026
-0.075
-0.075
0.007
0.198
0.114
0.076
-0.114
-0.228
-0.233
-0.254
-0.051
-0.031
-0.074
-0.21
-0.381
-0.244
-0.273
-0.084
-0.143
-0.292
-0.359
-0.469
-0.475
-0.449
-0.16
-0.23
-0.246
-0.124
-0.208
-0.136
-0.113
-0.18
-0.214
-0.388
-0.168
-0.19
-0.274
-0.119
-0.211
-0.486
-0.291
-0.455
-0.486
-0.62
-0.694
-0.624
-0.524
-0.532
-0.625
-0.521
-0.198
-0.24
-0.081
0.036
0.276
0.219
0.001
0.17
-0.205
-0.284
-0.386
-0.321
-0.245
-0.328
-0.077
-0.274
-0.089
-0.092
0.062
0.145
0.321
0.203
0.239
0.168
0.212
0.113
0.33
0.53
0.449
0.25
0.491
0.546
0.604
0.364
0.588
0.621
0.985
0.854
1.008
0.931
0.714
0.777
0.735
0.611
0.441
0.469
0.446
0.591
0.685
0.955
0.605
0.51
0.55
0.234
0.292
0.329
0.55
0.593
0.453
0.362
0.409
0.386
0.486
0.497
0.618
0.824
0.869
1.078
1.042
0.95
0.944
1.089
1.101
0.861
1.038
0.881
0.791
0.709
0.522
0.424
0.489
0.489
0.515
0.626
0.63
0.629
0.635
0.552
0.435
0.261
0.45
0.542
0.71
0.795
0.639
0.362
0.316
0.12
-0.193
-0.126
-0.121
-0.173
-0.256
-0.351
-0.281
-0.316
-0.391
-0.468
-0.36
-0.586
-0.568
-0.226
0.088
0.145
0.215
0.271
0.306
0.309
0.458
0.445
0.512
0.551
0.47
0.504
0.029
0.145
0.116
0.211
0.216
-0.044
-0.007
-0.074
0.163
0.276
0.415
0.675
0.642
0.614
0.509
0.482
0.445
0.64
0.671
0.505
0.359
0.246
0.022
-0.075
-0.185
-0.124
-0.143
-0.594
-0.47
-0.355
-0.302
-0.092
-0.221
-0.114
-0.166
-0.164
-0.059
-0.07
0.152
0.049
-0.02
-0.03
-0.033
-0.104
-0.036
-0.08
-0.049
-0.136
0.107
0.076
0.199
0.276
0.144
-0.026
0.081
0.01
0.14
0.33
0.749
0.79
0.779
0.831
0.659
0.544
0.482
0.41
0.338
0.655
0.545
0.542
0.497
0.294
0.166
0.136
-0.098
0.114
0.185
-0.113
-0.161
-0.19
-0.188
-0.238
-0.354
-0.395
-0.323
-0.236
-0.133
-0.085
-0.076
-0.161
-0.288
-0.228
-0.359
-0.301
-0.611
-0.677
-0.599
-0.676
-0.69
-0.672
-0.36
-0.276
-0.141
-0.212
-0.098
0.145
0.26
0.344
0.435
0.188
0.141
0.354
0.599
0.62
0.667
0.878
0.777
0.688
0.657
0.713
0.61
0.566
0.641
0.743
0.616
0.724
0.625
0.177
0.182
0.196
0.138
0.309
0.138
0.044
0.08
0.125
0.229
0.062
-0.048
-0.28
-0.343
-0.283
-0.365
-0.296
-0.436
-0.15
-0.21
-0.42
-0.306
-0.013
0.133
0.08
-0.076
0.182
0.186
0.352
0.449
0.288
0.31
0.021
0.111
0.094
0.049
0.21
0.24
0.399
0.514
0.598
0.465
0.455
0.294
0.404
0.561
0.522
0.235
0.231
0.149
-0.305
-0.468
-0.539
-0.445
-0.351
-0.276
-0.113
-0.09
0.044
-0.01
-0.238
-0.274
-0.419
-0.586
-0.833
-0.665
-0.588
-0.301
-0.004
0.292
0.129
0.006
-0.075
-0.238
-0.594
-0.35
-0.215
-0.223
-0.164
-0.366
-0.56
-0.768
-0.82
-0.52
-0.339
-0.107
0.055
0.146
-0.234
-0.444
-0.376
-0.333
-0.486
-0.492
-0.578
-0.711
-0.59
-0.661
-0.705
-0.661
-0.853
-0.718
-0.57
-0.685
-0.68
-1.05
-1.311
-1.571
-1.528
-1.409
-1.321
-1.219
-1.054
-1.11
-0.939
-0.666
-0.532
-0.504
-0.228
-0.129
0.07
-0.088
-0.039
-0.141
-0.23
-0.184
-0.188
-0.35
-0.463
-0.226
-0.145
0.035
0.281
0.23
0.2
0.135
-0.04
0.161
0.359
0.424
0.386
0.519
0.724
0.91
1.03
1.095
1.113
0.881
0.861
0.889
0.552
0.573
0.584
0.588
0.473
0.557
0.586
0.526
0.596
0.328
0.37
0.426
0.116
0.133
0.028
-0.026
-0.165
-0.144
-0.223
-0.263
-0.427
-0.511
-0.596
-0.414
-0.274
-0.26
0.031
0.062
0.051
0.16
0.019
0.26
0.333
0.3
0.464
0.504
0.506
0.695
0.63
0.654
0.936
1.085
1.12
1.035
1.054
0.92
0.557
0.526
0.599
0.682
0.505
0.426
0.362
0.401
0.339
0.066
0.001
-0.16
-0.24
-0.376
-0.372
-0.42
-0.486
-0.499
-0.645
-0.463
-0.58
-0.578
-0.366
-0.221
-0.016
-0.158
0.086
0.035
0.134
0.143
-0.06
-0.21
-0.315
-0.131
-0.325
-0.16
0.083
0.236
0.642
0.416
0.526
0.326
0.215
0.318
0.037
-0.046
-0.048
-0.043
-0.208
0.015
-0.154
-0.334
-0.43
-0.095
-0.139
-0.401
-0.036
-0.208
-0.266
0.062
-0.139
-0.27
-0.2
-0.24
-0.168
-0.415
-0.21
-0.263
-0.189
-0.203
-0.007
0.159
0.379
0.636
0.532
0.953
0.902
1.044
1.191
1.078
1.054
1.188
1.364
1.495
1.365
1.359
1.715
1.645
1.711
1.729
1.611
1.494
1.31
1.215
1.175
1.052
0.804
0.739
0.879
0.823
0.684
0.573
0.091
0.334
0.025
-0.12
-0.058
-0.165
0.05
-0.022
-0.128
-0.196
-0.275
-0.278
-0.333
-0.371
-0.226
-0.182
-0.013
0.004
0.094
0.152
0.16
0.283
0.321
0.521
0.736
0.889
0.973
0.843
0.835
0.575
0.751
0.8
0.716
0.749
0.771
0.77
0.446
0.391
0.438
0.583
0.552
0.696
0.465
0.66
0.724
0.858
0.489
0.53
0.473
0.52
0.306
0.56
0.175
0.33
0.203
0.32
0.394
0.546
0.731
0.691
0.593
0.599
0.54
0.419
0.497
0.386
0.379
0.115
0.071
-0.077
-0.239
-0.059
0.044
-0.105
-0.098
-0.064
0.22
0.203
0.084
-0.188
-0.149
-0.386
-0.384
-0.636
-0.664
-0.618
-0.356
-0.65
-0.578
-0.647
-0.78
-0.968
-0.831
-1.01
-0.924
-1.029
-1.071
-1.211
-1.333
-1.133
-1.219
-0.83
-1.056
-1.011
-0.995
-0.909
-0.84
-0.652
-0.97
-0.939
-1.059
-1.011
-0.935
-1.006
-1.051
-1.139
-1.222
-1.005
-1.019
-0.83
-0.907
-1.025
-1.018
-1.235
-1.35
-1.254
-1.176
-1.101
-1.084
-1.275
-1.478
-1.246
-1.246
-1.121
-0.993
-0.749
-0.654
-0.77
-0.804
-0.943
-0.795
-0.775
-0.71
-0.659
-0.378
-0.138
0.009
0.305
0.365
0.511
0.326
0.273
-0.069
-0.165
-0.386
-0.258
-0.149
-0.04
0.21
0.255
0.409
0.269
0.19
0.199
0.302
0.331
0.225
0.491
0.59
0.605
0.761
0.728
0.629
0.618
0.703
0.576
0.584
0.481
0.36
0.453
0.515
0.647
0.662
0.693
0.989
1.095
0.691
0.504
0.249
0.311
0.506
0.434
0.395
0.189
0.126
0.08
0.019
0.335
0.73
0.801
0.685
0.517
-0.165
-0.64
-0.65
-0.651
-0.716
-0.435
-0.47
-0.371
-0.238
-0.35
-0.657
-0.589
-0.432
-0.061
0.019
0.091
0.166
-0.033
-0.161
-0.256
-0.449
-0.505
-0.499
-0.09
0.133
0.384
0.22
0.166
0.158
0.194
0.489
0.799
1.039
1.054
0.938
0.685
0.745
0.642
0.769
0.871
0.97
0.84
0.886
0.535
0.28
0.265
0.209
0.143
-0.03
0.094
0.034
0.03
0.028
-0.115
-0.166
-0.119
-0.139
-0.158
-0.201
-0.261
-0.175
-0.37
-0.214
-0.425
-0.375
-0.411
-0.419
-0.239
-0.077
-0.133
-0.221
-0.14
0.109
-0.011
0.118
0.193
0.021
0.146
-0.031
-0.015
-0.079
0.022
0.193
0.326
0.314
0.482
0.458
0.417
0.341
0.32
0.383
0.522
0.601
0.583
0.647
0.566
0.759
0.7
0.625
0.91
0.43
0.504
0.414
0.46
0.369
0.445
0.399
0.269
0.019
0.088
-0.169
-0.208
-0.155
-0.036
-0.031
0.196
0.114
0.033
-0.051
-0.16
-0.278
-0.41
-0.296
-0.194
-0.086
0.039
0.146
0.134
-0.069
0.05
0.06
0.129
-0.013
0.045
0.19
0.224
0.164
0.006
-0.206
-0.374
-0.366
-0.265
-0.461
-0.406
-0.339
-0.372
-0.532
-0.7
-0.774
-0.713
-0.796
-0.611
-0.559
-0.506
-0.774
-0.811
-1.094
-0.969
-0.799
-0.463
-0.411
-0.229
-0.158
-0.455
-0.386
-0.174
0.191
0.399
0.346
0.307
0.161
0.42
0.059
0.475
0.339
0.443
0.506
0.305
0.41
0.374
0.284
0.443
0.6
0.512
0.584
0.674
0.559
0.391
0.228
0.19
0.18
0.249
0.359
0.562
0.46
0.391
0.223
0.151
0.193
0.302
0.072
0.028
-0.11
0.08
-0.114
0.09
0.096
0.255
0.297
0.116
-0.138
-0.219
-0.3
-0.245
-0.217
-0.166
0.065
0.01
-0.279
-0.244
-0.091
0.105
-0.01
0.241
0.335
0.344
0.269
0.364
0.539
0.666
0.605
0.603
0.686
0.738
0.575
0.647
0.522
0.361
0.356
0.302
0.291
0.381
0.537
0.629
0.645
0.432
0.351
0.499
0.599
0.603
0.378
0.376
0.555
0.659
0.424
0.321
0.324
0.219
0.104
0.176
0.239
0.113
0.01
-0.138
-0.221
-0.138
-0.199
0.022
0.049
-0.245
-0.417
-0.355
-0.316
-0.198
0.016
0.359
0.19
0.23
-0.12
-0.306
-0.374
-0.338
-0.184
-0.186
-0.184
0.055
0.224
0.417
0.378
0.393
0.554
0.635
1.038
0.983
0.659
0.688
0.801
0.706
0.601
0.759
0.786
0.669
0.583
0.2
0.254
0.214
0.135
0.25
0.362
0.416
0.14
0.14
-0.219
-0.335
-0.398
-0.455
-0.391
-0.364
-0.255
-0.193
-0.212
-0.145
0.059
0.04
-0.105
-0.259
-0.36
-0.42
-0.39
-0.276
-0.072
-0.075
0.125
0.079
-0.049
-0.135
-0.15
0.016
0.028
-0.01
0.152
0.105
-0.083
-0.386
-0.65
-0.718
-0.522
-0.312
-0.393
-0.491
-0.615
-0.53
-0.606
-0.799
-0.956
-1.046
-0.941
-0.795
-0.841
-0.917
-0.74
-0.669
-0.63
-0.646
-0.646
-0.421
-0.43
-0.388
-0.215
-0.169
-0.189
-0.099
0.046
-0.022
0.143
0.086
0.244
0.409
0.394
0.306
0.278
0.367
0.359
0.618
0.424
0.541
0.497
0.399
0.225
0.251
0.292
0.297
0.139
0.366
0.411
0.289
0.35
0.333
0.425
0.746
0.603
0.715
0.973
0.861
0.802
0.665
0.5
0.448
0.482
0.505
0.461
0.341
0.43
0.431
0.473
0.417
0.649
0.401
0.345
0.041
-0.14
-0.089
-0.088
-0.165
-0.103
-0.116
-0.184
-0.318
-0.36
-0.42
-0.67
-0.53
-0.838
-0.644
-0.265
-0.435
-0.328
-0.343
-0.215
-0.166
-0.241
-0.352
-0.246
-0.268
-0.396
-0.474
-0.685
-0.562
-0.812
-0.631
-0.826
-0.897
-0.821
-0.802
-0.812
-0.818
-0.456
-0.351
-0.312
-0.509
-0.804
-0.764
-0.596
-0.478
-0.406
-0.55
-0.734
-0.765
-0.76
-0.716
-0.685
-0.865
-0.815
-0.642
-0.569
-0.56
-0.497
-0.424
-0.33
-0.26
-0.23
-0.159
-0.15
0.0
-0.049
-0.211
-0.35
-0.432
-0.296
-0.299
0.035
-0.242
-0.058
-0.306
-0.216
-0.378
-0.417
-0.534
-0.371
-0.095
-0.411
-0.311
-0.238
-0.28
-0.333
-0.399
-0.334
-0.284
-0.374
-0.27
-0.316
-0.291
-0.425
-0.28
-0.115
-0.181
-0.314
-0.189
-0.058
-0.04
-0.118
-0.092
0.198
-0.001
0.233
0.176
0.086
0.091
0.263
0.163
0.06
0.143
-0.052
-0.161
-0.131
-0.09
-0.15
-0.145
-0.125
-0.101
-0.099
-0.072
0.02
0.138
0.131
0.163
0.215
0.239
0.175
0.208
0.394
0.319
0.576
0.814
1.074
1.255
1.377
1.521
1.357
1.299
1.014
1.18
1.139
1.125
1.153
