-0.04
-0.121
-0.009
0.062
0.031
0.037
-0.004
-0.034
-0.159
-0.035
-0.186
0.024
0.092
0.013
0.179
0.214
0.355
0.504
0.562
0.578
0.446
0.331
0.214
0.144
0.062
0.094
0.074
0.055
-0.005
-0.02
-0.177
-0.309
-0.259
-0.296
-0.312
-0.474
-0.475
-0.459
-0.354
-0.13
-0.055
-0.152
-0.254
-0.283
-0.246
-0.217
-0.431
-0.348
-0.445
-0.25
-0.135
-0.198
-0.149
-0.286
-0.274
-0.249
-0.263
-0.259
-0.17
-0.083
0.064
-0.064
-0.054
-0.058
-0.254
-0.133
-0.015
-0.005
-0.01
0.004
-0.126
0.013
-0.037
-0.092
-0.031
-0.071
-0.182
-0.338
-0.241
-0.26
-0.185
-0.152
-0.189
-0.092
-0.135
-0.191
-0.247
-0.336
-0.28
-0.119
0.083
-0.085
-0.196
-0.414
-0.374
-0.294
-0.158
0.21
0.013
0.086
-0.035
0.103
-0.086
0.07
0.211
0.321
0.264
0.376
0.336
0.346
0.238
0.191
0.147
0.264
0.284
0.168
0.022
-0.059
-0.16
-0.25
-0.289
-0.364
-0.386
-0.456
-0.449
-0.381
-0.297
-0.44
-0.417
-0.464
-0.445
-0.517
-0.441
-0.305
-0.338
-0.384
-0.276
-0.394
-0.26
-0.309
-0.318
-0.325
-0.378
-0.378
-0.31
-0.291
-0.393
-0.276
-0.682
-0.244
-0.015
-0.125
-0.024
0.034
0.084
0.146
0.034
0.096
0.278
0.35
0.546
0.417
0.534
0.564
0.591
0.537
0.588
0.701
0.659
0.588
0.656
0.517
0.516
0.534
0.561
0.413
0.249
0.089
-0.062
0.041
-0.06
-0.056
0.062
-0.164
-0.045
-0.14
-0.164
-0.273
-0.254
-0.364
-0.321
-0.329
-0.341
-0.385
-0.46
-0.438
-0.508
-0.454
-0.57
-0.499
-0.514
-0.43
-0.542
-0.511
-0.401
-0.195
-0.216
-0.146
-0.124
-0.018
0.014
-0.125
-0.024
-0.022
-0.169
-0.062
-0.016
0.12
0.065
0.061
0.03
-0.14
-0.274
-0.341
-0.336
-0.393
-0.521
-0.544
-0.454
-0.451
-0.304
-0.254
-0.286
-0.53
-0.598
-0.419
-0.458
-0.314
-0.228
-0.16
-0.109
-0.235
-0.375
-0.311
-0.259
-0.269
-0.156
0.055
-0.054
-0.014
-0.019
0.179
0.241
0.359
0.574
0.556
0.657
0.684
0.772
0.724
0.688
0.672
0.544
0.649
0.591
0.55
0.464
0.584
0.517
0.312
0.147
0.091
0.043
0.054
0.135
0.109
0.025
-0.061
-0.103
-0.031
-0.089
-0.141
-0.044
-0.233
-0.329
-0.194
-0.323
-0.399
-0.366
-0.367
-0.279
-0.292
-0.259
-0.344
-0.256
-0.278
-0.381
-0.055
-0.234
-0.081
0.056
0.092
-0.018
0.013
0.003
0.079
-0.12
-0.026
-0.1
-0.133
0.084
0.13
0.045
0.071
0.133
0.007
0.143
0.064
0.185
0.241
0.256
0.216
0.091
0.065
0.064
-0.011
-0.205
-0.12
-0.173
-0.224
-0.269
-0.135
-0.226
-0.274
-0.084
-0.059
0.055
-0.071
-0.039
0.062
-0.059
-0.147
-0.066
-0.034
-0.1
0.043
-0.066
0.015
-0.141
-0.145
0.03
-0.011
-0.223
-0.201
0.025
0.009
0.191
0.228
0.281
0.101
0.311
0.344
0.08
0.356
0.094
0.076
0.04
0.091
-0.091
-0.1
-0.269
-0.508
-0.307
-0.23
-0.06
-0.071
0.007
-0.036
-0.014
0.061
0.043
0.041
-0.074
0.049
0.19
0.013
0.01
0.088
0.083
0.029
-0.115
-0.129
-0.051
-0.094
-0.051
0.029
-0.059
0.094
-0.031
-0.131
-0.177
-0.225
-0.116
-0.255
0.223
0.071
0.219
0.349
0.453
0.403
0.438
0.319
0.375
0.475
0.426
0.357
0.341
0.378
0.401
0.61
0.608
0.584
0.431
0.372
0.473
0.606
0.666
0.674
0.676
0.711
0.599
0.615
0.606
0.65
0.593
0.585
0.573
0.544
0.534
0.464
0.432
0.264
0.203
0.161
0.28
0.362
0.324
0.329
0.261
0.089
0.006
0.1
-0.051
-0.129
-0.173
-0.403
-0.456
-0.371
-0.279
-0.274
-0.331
-0.45
-0.268
-0.38
-0.225
-0.159
0.049
0.084
-0.022
0.026
0.158
0.094
-0.048
0.052
0.058
0.122
0.143
0.155
0.018
0.111
0.026
-0.079
-0.085
-0.246
-0.256
-0.234
-0.378
-0.44
-0.339
-0.339
-0.333
-0.276
-0.234
-0.389
-0.147
0.039
0.024
0.375
0.278
0.225
0.194
0.085
0.186
0.035
0.258
0.356
0.278
0.32
0.398
0.479
0.465
0.384
0.379
0.32
0.306
0.369
0.43
0.328
0.514
0.343
0.331
0.356
0.375
0.351
0.251
0.449
0.378
0.286
0.074
0.079
0.035
-0.05
0.121
0.171
0.143
0.054
-0.064
-0.064
-0.294
-0.121
0.037
-0.155
-0.164
-0.17
-0.151
-0.079
-0.269
-0.249
-0.171
-0.406
-0.463
-0.42
-0.355
-0.623
-0.396
-0.406
-0.494
-0.431
-0.417
-0.396
-0.471
-0.443
-0.351
-0.238
-0.098
-0.31
-0.15
-0.11
-0.035
-0.054
0.074
-0.151
0.013
0.121
0.151
0.242
0.481
0.631
0.624
0.873
0.961
1.073
1.106
1.137
1.309
1.375
1.562
1.549
1.593
1.604
1.455
1.449
1.584
1.665
1.661
1.346
1.411
1.691
1.749
1.621
1.744
1.809
1.835
1.812
1.771
1.85
1.667
1.765
1.834
1.782
1.756
1.633
1.641
1.649
1.624
1.498
1.151
1.183
0.925
1.115
0.733
0.634
0.718
0.465
0.274
0.133
0.06
0.058
0.121
0.003
-0.007
-0.039
0.024
0.044
0.182
0.146
0.163
0.196
0.186
0.158
0.166
0.23
0.338
0.426
0.344
0.339
0.239
0.181
0.403
-0.033
0.119
0.2
0.251
0.156
0.239
0.3
0.249
0.375
0.459
0.444
0.419
0.505
0.641
0.799
0.671
0.848
0.941
0.917
0.911
0.684
0.651
0.439
0.584
0.52
0.414
0.495
0.318
0.435
0.501
0.359
0.426
0.236
0.133
0.075
0.026
0.219
0.05
0.065
0.176
0.214
0.258
0.071
0.031
-0.064
-0.024
-0.147
-0.331
-0.417
-0.383
-0.512
-0.344
-0.077
0.104
0.104
-0.079
-0.019
-0.069
-0.139
-0.149
-0.019
0.122
0.136
0.098
-0.034
0.116
0.094
-0.03
0.135
0.205
0.095
0.08
-0.043
-0.177
-0.121
-0.312
-0.381
-0.393
-0.351
-0.188
-0.411
-0.608
-0.534
-0.699
-0.641
-0.726
-0.7
-0.691
-0.62
-0.279
-0.09
-0.048
-0.128
-0.375
-0.101
-0.091
-0.031
-0.175
-0.095
0.076
0.2
0.255
0.446
0.532
0.591
0.449
0.491
0.635
0.26
0.366
0.134
0.21
0.062
0.138
0.174
-0.02
-0.04
0.058
-0.06
-0.159
-0.058
-0.126
-0.011
0.141
0.164
0.253
0.001
0.151
0.18
0.242
0.311
0.212
0.366
0.294
0.441
0.5
0.515
0.489
0.391
0.555
0.519
0.41
0.552
0.624
0.532
0.464
0.432
0.378
0.289
0.159
0.011
0.149
0.299
0.417
0.527
0.365
0.305
0.323
0.355
0.506
0.411
0.349
0.594
0.56
0.484
0.667
0.596
0.401
0.61
0.529
0.343
0.269
-0.043
0.007
-0.147
-0.216
-0.309
-0.265
-0.343
-0.321
-0.367
-0.411
-0.579
-0.623
-0.574
-0.491
-0.554
-0.656
-0.699
-0.651
-0.736
-0.68
-0.609
-0.616
-0.64
-0.594
-0.82
-0.984
-0.575
-0.419
-0.519
-0.623
-0.734
-0.618
-0.608
-0.515
-0.503
-0.436
-0.326
-0.295
-0.328
-0.408
-0.454
-0.295
-0.321
-0.404
-0.258
-0.302
-0.168
-0.185
-0.228
-0.189
-0.084
-0.092
-0.034
0.0
-0.212
-0.275
-0.234
-0.217
-0.473
-0.52
-0.417
-0.35
-0.4
-0.354
-0.404
-0.328
-0.264
-0.215
-0.145
-0.224
-0.301
-0.25
-0.369
-0.384
-0.355
-0.223
-0.17
-0.136
-0.336
-0.386
-0.46
-0.471
-0.578
-0.512
-0.494
-0.41
-0.436
-0.319
-0.374
-0.256
-0.367
-0.359
-0.274
-0.391
-0.343
-0.449
-0.278
-0.302
-0.263
-0.205
-0.189
0.045
-0.103
-0.052
0.048
0.219
0.186
0.259
0.281
0.338
0.219
0.357
0.491
0.458
0.408
0.403
0.456
0.205
0.14
0.086
0.076
0.052
-0.133
-0.369
-0.459
-0.606
-0.634
-0.514
-0.724
-0.864
-0.782
-0.856
-1.014
-1.074
-1.097
-1.002
-0.894
-0.963
-0.759
-0.671
-0.769
-0.816
-0.835
-0.791
-0.787
-0.634
-0.711
-0.655
-0.562
-0.555
-0.671
-0.67
-0.531
-0.525
-0.273
-0.239
-0.205
-0.175
-0.089
0.048
0.135
0.164
0.244
0.389
0.253
0.171
0.205
0.221
0.209
0.245
0.245
-0.024
-0.451
-0.395
-0.665
-0.844
-0.921
-0.849
-1.064
-0.95
-1.064
-1.126
-0.823
-0.99
-0.926
-0.897
-0.823
-0.734
-0.708
-0.596
-0.73
-0.755
-0.791
-0.716
-0.615
-0.698
-0.614
-0.524
-0.449
-0.432
-0.42
-0.393
-0.375
-0.441
-0.445
-0.271
-0.302
-0.307
-0.47
-0.391
-0.573
-0.65
-0.733
-0.895
-0.968
-1.011
-0.961
-0.916
-0.889
-0.854
-0.888
-0.906
-0.738
-0.936
-0.917
-1.031
-1.094
-1.008
-1.306
-1.295
-1.222
-1.232
-1.34
-1.338
-1.241
-1.029
-0.998
-0.763
-0.542
-0.555
-0.521
-0.556
-0.338
-0.459
-0.5
-0.479
-0.446
-0.26
-0.249
-0.295
-0.369
-0.18
-0.096
-0.114
-0.037
-0.045
0.059
-0.02
-0.101
0.128
0.154
0.309
0.264
0.273
0.31
0.258
0.399
0.494
0.366
0.386
0.501
0.569
0.581
0.56
0.48
0.439
0.37
0.828
0.701
0.76
0.753
0.609
0.417
0.464
0.445
0.374
0.494
0.469
0.519
0.259
0.211
0.245
0.251
0.268
0.242
0.188
0.201
0.299
0.389
0.38
0.444
0.361
0.416
0.333
0.312
0.422
0.305
0.443
0.349
0.393
0.31
0.235
0.115
-0.126
-0.225
-0.421
-0.41
-0.393
-0.471
-0.378
-0.49
-0.484
-0.359
-0.416
-0.408
-0.469
-0.545
-0.329
-0.511
-0.427
-0.346
-0.326
-0.312
-0.261
-0.15
-0.188
-0.226
-0.126
-0.07
0.069
0.058
0.25
0.156
0.159
0.395
0.5
0.526
0.635
0.646
0.589
0.573
0.615
0.531
0.519
0.719
0.745
0.754
0.723
0.603
0.53
0.695
0.562
0.639
0.6
0.503
0.276
0.22
0.249
0.14
0.081
-0.158
-0.198
-0.188
-0.15
-0.328
-0.328
-0.537
-0.404
-0.62
-0.691
-0.532
-0.601
-0.51
-0.419
-0.375
-0.445
-0.579
-0.465
-0.541
-0.606
-0.406
-0.261
-0.229
-0.38
-0.251
-0.375
-0.309
-0.39
-0.268
-0.228
-0.066
-0.176
-0.101
-0.214
-0.15
-0.253
-0.096
-0.166
-0.177
-0.141
-0.216
-0.258
-0.432
-0.495
-0.52
-0.557
-0.451
-0.455
-0.568
-0.473
-0.562
-0.541
-0.494
-0.527
-0.456
-0.39
-0.4
-0.189
-0.21
-0.152
-0.165
-0.146
-0.041
-0.026
-0.059
-0.086
-0.099
-0.217
-0.22
-0.225
-0.205
-0.158
-0.155
-0.154
-0.281
-0.416
-0.406
-0.432
-0.441
-0.495
-0.453
-0.656
-0.694
-0.741
-0.901
-0.755
-0.685
-0.595
-0.746
-0.566
-0.636
-0.642
-0.656
-0.799
-0.571
-0.633
-0.546
-0.503
-0.396
-0.439
-0.51
-0.479
-0.62
-0.416
-0.434
-0.416
-0.324
-0.039
-0.229
-0.016
0.203
0.22
0.545
0.479
0.591
0.729
0.841
0.958
0.97
0.979
0.889
1.054
0.974
0.9
0.953
0.792
0.851
0.755
0.814
0.724
0.531
0.605
0.481
0.606
0.805
0.925
0.963
0.72
0.682
0.814
0.631
0.625
0.492
0.625
0.551
0.459
0.424
0.431
0.394
0.576
0.779
0.425
0.527
0.436
0.338
0.095
-0.096
0.03
-0.134
0.076
0.214
0.32
0.238
0.434
0.44
0.422
0.335
0.3
0.299
0.164
0.184
0.273
0.069
0.086
-0.052
-0.125
-0.09
-0.25
-0.367
-0.226
-0.261
-0.131
-0.131
-0.118
-0.114
-0.139
-0.212
-0.335
-0.473
-0.509
-0.534
-0.525
-0.487
-0.177
-0.062
-0.168
-0.133
-0.168
-0.139
-0.07
-0.04
0.096
-0.03
0.133
0.136
0.154
0.239
0.578
0.429
0.356
0.471
0.37
0.23
0.299
0.281
0.189
0.289
0.209
0.094
0.134
0.083
0.199
0.154
0.25
0.396
0.621
0.685
0.662
0.631
0.594
0.679
0.505
0.333
0.175
0.111
0.062
0.191
0.092
0.037
0.086
0.154
0.086
0.177
0.086
0.186
0.11
0.219
0.16
0.231
0.336
0.361
0.278
0.316
0.23
0.221
0.199
-0.072
-0.02
-0.247
-0.26
-0.414
-0.345
-0.532
-0.576
-0.605
-0.589
-0.555
-0.478
-0.546
-0.603
-0.605
-0.503
-0.349
-0.26
-0.106
-0.124
-0.118
0.001
0.048
0.055
-0.056
0.103
-0.048
-0.095
-0.096
-0.181
-0.113
-0.19
0.055
0.058
0.075
0.21
0.23
0.331
0.211
0.325
0.469
0.611
0.334
0.394
0.359
0.406
0.288
0.311
0.357
0.403
0.304
0.486
0.265
0.296
0.33
0.255
0.273
0.296
0.345
0.206
0.299
0.013
0.191
0.258
0.217
0.238
0.319
0.268
0.14
0.21
0.145
0.233
0.084
0.024
0.075
0.111
0.15
0.092
0.15
0.156
0.214
0.228
0.251
0.336
0.378
0.487
0.251
0.357
0.475
0.473
0.601
0.65
0.693
0.728
0.821
0.838
0.916
0.932
0.897
1.07
0.919
1.07
0.907
0.797
0.906
0.994
1.009
1.073
1.234
1.121
1.26
1.394
1.316
1.635
1.629
1.699
1.713
1.603
1.586
1.569
1.559
1.475
1.524
1.5
1.566
1.575
1.344
1.361
1.177
1.325
1.349
1.211
1.276
1.231
1.258
1.095
1.055
0.901
0.619
0.642
0.77
0.601
0.517
0.763
0.667
0.61
0.58
0.554
0.494
0.594
0.515
0.786
0.777
0.921
0.88
0.858
0.901
1.08
1.056
0.89
1.039
0.932
0.98
1.06
1.088
1.204
1.323
1.318
1.292
1.387
1.038
0.91
0.864
1.049
0.902
0.745
0.795
0.831
0.963
0.854
0.8
0.91
0.985
0.763
0.785
0.759
0.652
0.564
0.405
0.325
0.62
0.415
0.219
0.263
0.381
0.42
0.311
0.105
-10.336
0.079
-0.189
-0.2
-0.176
-0.253
-0.152
-0.099
0.045
-0.321
-0.18
-0.135
0.24
0.033
0.168
0.085
0.143
0.279
0.184
0.143
0.005
0.079
-0.111
-0.25
-0.24
-0.544
-0.506
-0.679
-0.785
-0.895
-0.894
-0.734
-0.549
-0.51
-0.508
-0.66
-0.555
-0.419
-0.297
-0.25
-0.385
-0.179
-0.37
-0.348
-0.305
-0.155
-0.086
-0.173
0.104
0.244
0.319
0.435
0.475
0.414
0.031
-0.079
-0.191
-0.228
-0.164
-0.261
-0.27
-0.196
-0.39
-0.494
-0.609
-0.451
-0.241
-0.022
0.23
0.072
0.076
-0.154
-0.109
-0.529
-0.552
-0.369
-0.294
-0.199
-0.234
-0.23
-0.355
-0.376
-0.429
-0.394
-0.369
-0.152
-0.018
0.154
0.228
0.118
0.223
0.059
0.036
0.121
0.2
0.203
0.215
0.131
0.289
0.069
0.238
0.292
0.194
0.372
0.052
-0.065
-0.02
0.095
0.219
0.253
0.135
0.274
0.349
0.216
0.289
0.133
0.21
-0.069
-0.173
-0.23
-0.449
-0.372
-0.286
-0.215
-0.323
-0.406
-0.609
-0.829
-0.768
-0.853
-0.855
-0.853
-0.821
-0.929
-0.896
-1.034
-1.044
-1.048
-0.871
-0.875
-0.723
-0.675
-0.667
-0.438
-0.247
-0.295
-0.263
-0.176
-0.249
-0.184
-0.211
-0.116
-0.159
0.028
-0.145
-0.231
-0.214
-0.095
-0.126
-0.198
-0.291
-0.376
-0.396
-0.564
-0.573
-0.578
-0.671
-0.63
-0.859
-0.753
-0.854
-0.821
-0.894
-0.839
-0.671
-0.628
-0.609
-0.54
-0.487
-0.466
-0.468
-0.369
-0.239
-0.08
-0.284
-0.278
-0.206
-0.331
-0.271
-0.348
-0.307
-0.19
-0.094
-0.149
-0.283
-0.281
-0.258
-0.184
-0.134
-0.048
0.094
0.25
0.383
0.449
0.647
0.47
0.568
0.686
0.656
0.688
0.694
0.703
0.754
0.711
0.635
0.636
0.667
0.68
0.545
0.505
0.541
0.649
0.372
0.406
0.17
0.129
0.072
0.001
-0.126
-0.177
-0.326
-0.255
-0.311
-0.361
-0.233
-0.391
-0.203
-0.2
-0.16
-0.241
-0.214
-0.143
-0.062
-0.101
-0.198
-0.17
-0.307
-0.173
-0.177
-0.304
-0.159
-0.059
0.052
0.301
0.286
-0.113
-0.147
-0.165
-0.126
-0.094
-0.194
-0.309
-0.247
-0.209
-0.03
-0.046
-0.06
-0.11
-0.15
-0.168
-0.181
0.026
-0.079
-0.261
-0.215
-0.241
-0.254
-0.181
-0.1
-0.145
-0.271
-0.193
-0.05
-0.006
0.079
0.176
0.209
0.291
0.393
0.405
0.385
0.361
0.261
0.249
0.406
0.224
0.105
-0.039
-0.129
-0.181
-0.159
-0.104
-0.346
-0.255
-0.283
-0.41
-0.414
-0.541
-0.503
-0.404
-0.537
-0.386
-0.539
-0.649
-0.723
-0.745
-0.549
-0.633
-0.705
-0.642
-0.691
-0.881
-1.081
-1.105
-1.059
-1.125
-1.146
-1.221
-1.189
-1.19
-1.134
-1.095
-1.026
-0.921
-0.72
-0.698
-0.733
-0.741
-0.652
-0.487
-0.405
-0.359
-0.438
-0.329
-0.251
-0.299
-0.17
0.152
0.062
0.118
0.253
0.179
0.417
0.406
0.463
0.296
0.295
0.386
0.326
0.244
0.215
0.201
0.138
0.18
0.176
0.144
0.119
0.199
0.14
0.146
0.271
0.026
0.12
0.184
0.15
0.175
0.266
0.307
-0.019
-0.034
-0.116
-0.225
-0.151
-0.281
-0.33
-0.333
-0.311
-0.424
-0.465
-0.404
-0.381
-0.352
-0.226
-0.335
-0.44
-0.357
-0.186
-0.031
-0.045
-0.12
-0.15
-0.17
-0.27
-0.301
-0.145
-0.384
-0.679
-0.445
-0.495
-0.361
-0.179
-0.177
-0.158
-0.302
-0.231
-0.25
-0.339
-0.401
-0.51
-0.539
-0.624
-0.434
-0.651
-0.55
-0.556
-0.497
-0.419
-0.426
-0.186
-0.201
0.118
0.176
0.088
0.278
0.39
0.45
0.391
0.521
0.471
0.468
0.458
0.485
0.361
0.265
0.199
0.046
-0.028
-0.173
-0.164
-0.138
0.036
0.043
0.161
0.212
0.354
0.224
0.113
0.037
-0.114
-0.18
-0.276
-0.302
-0.54
-0.529
-0.583
-0.524
-0.526
-0.537
-0.629
-0.555
-0.55
-0.496
-0.321
-0.389
-0.276
-0.177
-0.149
-0.004
0.015
0.099
0.131
0.268
0.156
0.122
0.161
0.279
0.163
0.086
-0.055
-0.151
-0.235
-0.16
-0.385
-0.36
-0.241
-0.151
-0.146
-0.389
-0.335
-0.497
-0.542
-0.584
-0.758
-0.853
-0.69
-0.745
-0.909
-0.896
-0.849
-0.885
-1.006
-0.782
-0.676
-0.44
-0.381
-0.414
-0.279
-0.244
-0.238
-0.311
-0.139
0.029
0.071
0.245
0.122
0.191
0.144
0.12
0.081
0.268
0.226
0.199
0.209
0.11
0.128
0.198
0.159
0.129
-0.018
0.007
-0.186
-0.095
-0.138
-0.095
-0.221
-0.013
0.198
0.206
0.161
0.069
0.04
0.083
0.19
-0.088
0.085
-0.058
-0.125
-0.074
-0.145
-0.246
-0.005
0.046
0.315
0.349
0.421
0.354
0.487
0.62
0.414
0.374
0.244
0.249
0.294
0.269
0.361
0.348
0.401
0.354
0.424
0.419
0.33
0.49
0.26
0.274
0.269
0.35
0.273
0.505
0.517
0.429
0.393
0.359
0.291
0.224
0.239
0.175
0.044
0.126
0.154
0.074
0.028
0.107
-0.003
-0.046
0.179
-0.058
-0.113
-0.216
-0.27
-0.383
-0.431
-0.576
-0.552
-0.591
-0.626
-0.544
-0.504
-0.294
-0.22
-0.445
-0.465
-0.495
-0.365
-0.456
-0.45
-0.247
-0.15
-0.109
-0.206
-0.109
-0.01
0.039
0.044
-0.062
-0.098
-0.036
-0.062
0.054
0.001
-0.074
0.052
-0.124
-0.163
-0.306
-0.364
-0.246
-0.155
-0.059
0.004
0.015
-0.013
-0.173
-0.116
-0.165
-0.081
-0.236
-0.255
-0.578
-0.233
-0.479
-0.381
-0.336
-0.432
-0.388
-0.426
-0.645
-0.515
-0.473
-0.456
-0.646
-0.516
-0.52
-0.66
-0.39
-0.503
-0.492
-0.304
-0.351
-0.376
-0.494
-0.36
-0.454
-0.425
-0.405
-0.362
-0.324
-0.33
-0.066
-0.17
-0.061
-0.106
-0.124
-0.188
-0.23
-0.182
-0.247
-0.181
-0.106
-0.121
-0.224
-0.348
-0.395
-0.508
-0.578
-0.51
-0.566
-0.621
-0.445
-0.547
-0.53
-0.514
-0.451
-0.369
-0.36
-0.299
-0.376
-0.331
-0.188
-0.191
-0.219
0.138
0.174
0.468
0.562
0.684
0.705
0.88
0.713
0.792
0.922
0.912
1.169
1.2
1.235
1.302
1.435
1.481
1.659
1.542
1.536
1.57
1.615
1.659
1.581
1.539
1.616
1.621
1.536
1.417
1.48
1.478
1.374
1.31
1.184
1.251
1.136
1.181
1.244
1.345
1.384
1.421
1.281
1.375
1.279
1.229
1.093
0.95
1.049
1.144
1.059
1.031
0.951
0.974
1.145
0.998
1.204
1.173
1.119
1.107
0.94
0.941
0.912
0.834
0.948
0.713
0.833
0.926
0.956
1.201
1.34
1.371
1.062
1.164
1.044
1.061
1.144
1.061
1.141
1.078
1.177
1.198
1.196
1.085
1.015
1.221
1.144
1.216
1.149
1.08
1.169
1.005
0.984
1.146
1.188
1.314
1.123
1.193
1.084
1.216
1.165
1.106
1.147
1.107
1.214
1.282
1.097
0.9
0.805
0.811
0.557
0.57
0.484
0.506
0.335
0.294
0.28
0.446
0.38
0.443
0.306
0.361
0.466
0.25
0.346
0.131
0.24
0.268
0.139
-0.121
-0.119
0.066
0.026
-0.209
-0.386
-0.256
