0.134
0.24
0.42
0.345
0.404
0.226
0.096
0.106
-0.16
-0.2
0.251
0.139
0.131
0.088
-0.007
-0.249
-0.305
-0.344
-0.439
-0.296
-0.324
-0.215
-0.245
-0.385
-0.444
-0.777
-0.755
-0.8
-1.012
-0.999
-1.058
-0.993
-1.133
-1.278
-1.298
-1.25
-1.26
-1.131
-0.989
-0.893
-0.804
-0.889
-1.021
-1.012
-0.728
-0.557
-0.001
-0.12
-0.158
0.044
0.048
0.275
0.103
0.375
0.487
0.486
0.535
0.608
0.503
0.674
0.781
0.881
0.875
1.211
1.19
0.76
0.756
0.755
0.689
0.639
0.755
0.685
0.529
0.333
0.372
0.425
0.113
0.05
-0.029
0.1
0.263
0.334
0.372
0.285
0.326
0.36
0.367
0.431
0.231
0.16
0.061
-0.254
-0.269
-0.399
-0.546
-0.516
-0.181
-0.539
-0.489
-0.393
-0.41
-0.579
-0.521
-0.615
-0.62
-0.609
-0.741
-0.75
-0.84
-0.768
-0.705
-0.576
-0.424
-0.674
-0.565
-0.714
-0.588
-0.583
-0.527
-0.812
-0.736
-0.674
-0.549
-0.371
-0.249
-0.01
0.026
-0.071
-0.045
0.066
-0.276
-0.28
-0.275
-0.302
-0.354
-0.12
-0.271
-0.305
-0.146
-0.109
-0.144
-0.076
0.0
-0.009
-0.091
-0.026
0.074
-0.15
-0.485
-0.549
-0.479
-0.448
-0.415
-0.372
-0.33
-0.295
-0.034
-0.205
-0.041
-0.14
-0.128
-0.034
0.107
0.118
0.045
0.305
0.26
0.103
0.247
0.315
0.385
0.432
0.713
0.59
0.552
0.465
0.401
0.384
0.114
0.159
0.141
0.26
0.588
0.463
0.45
0.49
0.551
0.545
0.537
0.666
0.688
0.576
0.494
0.489
0.414
0.474
0.917
0.74
0.745
0.995
0.976
0.988
0.87
0.859
0.844
0.78
0.878
0.756
0.517
0.455
0.535
0.573
0.38
0.225
0.365
0.489
0.531
0.555
0.511
0.47
0.466
0.46
0.46
0.161
-0.059
-0.004
0.09
0.181
0.024
0.083
0.009
-0.181
-0.094
-0.214
-0.209
-0.348
-0.318
-0.181
-0.349
-0.014
0.004
0.113
0.015
0.296
0.299
0.171
0.456
0.408
0.343
0.623
0.372
0.39
0.325
0.367
0.258
0.331
0.206
0.212
0.094
0.398
0.474
0.545
0.639
0.551
0.934
0.801
0.571
0.405
0.385
0.366
0.375
0.514
0.665
0.481
0.224
0.25
0.506
0.422
0.754
0.662
0.78
0.667
0.88
0.834
0.713
0.601
0.499
0.196
0.071
0.075
-0.315
-0.276
-0.07
-0.118
-0.26
-0.37
-0.14
-0.164
-0.414
-0.625
-0.546
-0.265
-0.527
-0.506
-0.728
-0.608
-0.693
-0.719
-1.026
-0.784
-0.508
-0.366
-0.086
0.064
0.051
0.09
0.005
0.088
-0.085
-0.176
-0.22
-0.074
-0.077
-0.188
-0.364
-0.273
-0.125
-0.235
-0.225
0.077
0.062
0.138
0.048
-0.151
-0.238
-0.266
-0.006
-0.022
-0.089
-0.275
-0.371
-0.578
-0.642
-0.818
-0.885
-0.83
-0.925
-0.806
-0.943
-1.124
-1.219
-1.415
-1.386
-1.268
-1.012
-1.114
-1.149
-1.416
-1.353
-1.515
-1.038
-0.999
-0.943
-0.966
-0.819
-0.714
-0.593
-0.724
-0.484
-0.318
-0.231
-0.193
-0.236
-0.485
-0.695
-0.482
-0.59
-0.286
-0.024
-10.336
-10.336
0.422
0.374
0.446
0.339
0.465
0.35
0.671
0.63
0.42
0.314
0.278
0.325
0.304
0.499
0.763
1.091
0.854
0.936
0.741
0.831
0.655
0.557
0.512
0.309
0.22
0.056
-0.15
-0.139
0.08
0.039
-0.111
-0.286
-0.409
-0.326
-0.294
-0.351
-0.138
-0.335
-0.352
-0.299
-0.29
-0.334
-0.054
-0.174
-0.099
-0.08
-0.341
-0.389
-0.6
-0.549
-0.489
-0.575
-0.685
-0.807
-0.863
-0.969
-1.028
-1.093
-1.071
-1.086
-1.185
-1.225
-1.325
-1.24
-1.341
-1.272
-1.049
-1.088
-1.014
-1.071
-1.05
-1.161
-1.198
-1.099
-1.278
-1.115
-1.044
-0.835
-0.825
-0.713
-0.539
-0.265
-0.198
-0.239
0.004
0.056
0.305
0.403
0.323
0.512
0.656
0.72
0.654
0.606
0.729
0.723
0.921
0.986
1.117
0.961
1.284
1.232
1.28
1.218
1.165
1.23
1.258
1.258
1.125
0.895
0.804
0.881
1.01
1.103
1.185
1.161
0.845
0.656
0.562
0.699
0.791
0.651
0.605
0.512
0.411
0.24
0.445
0.281
0.307
0.24
0.352
0.419
0.261
0.503
0.725
0.855
0.777
0.674
0.475
0.512
0.524
0.576
0.573
0.473
0.611
0.444
0.214
0.179
-0.016
0.115
-0.026
-0.035
-0.014
-0.103
-0.143
-0.284
-0.417
-0.601
-0.606
-0.521
-0.615
-0.556
-0.547
-0.745
-0.503
-0.46
-0.136
-0.114
0.007
0.212
0.366
0.446
0.526
0.555
0.583
0.542
0.578
0.535
0.551
0.545
0.631
0.754
0.682
0.768
0.828
0.468
0.362
0.349
0.405
0.451
0.375
0.436
0.501
0.381
0.45
0.454
0.147
0.155
0.076
0.206
0.335
0.409
0.551
0.429
0.408
0.386
0.217
0.256
0.244
0.174
0.198
0.113
-0.122
-0.281
-0.385
0.009
-0.414
-0.436
-0.463
-0.458
-0.542
-0.429
-0.271
-0.328
-0.194
-0.035
0.04
0.17
0.195
0.365
0.465
0.634
0.62
0.475
0.49
0.517
0.505
0.461
0.819
0.806
0.765
0.77
0.771
0.951
1.008
0.914
1.065
0.825
0.655
0.621
0.489
0.13
-0.171
-0.497
-0.375
-0.166
-0.151
-0.258
-0.276
-0.362
-0.264
-0.201
-0.311
-0.369
-0.46
-0.703
-0.506
-0.583
-0.708
-0.509
-0.389
-0.208
-0.088
-0.054
-0.111
-0.156
-0.173
-0.077
0.242
0.415
0.414
0.344
0.281
0.512
0.435
0.873
0.878
0.922
1.262
1.048
0.99
0.733
0.629
0.682
0.818
0.56
0.595
0.765
0.55
0.584
0.443
0.405
0.288
0.335
0.111
0.103
0.064
0.026
0.041
-0.049
-0.281
-0.369
-0.434
-0.343
-0.514
-0.286
-0.323
-0.585
-0.445
-0.404
-0.31
-0.269
-0.221
0.003
0.121
0.219
0.043
0.028
0.074
0.039
0.036
0.175
0.32
0.208
0.274
0.419
0.473
0.453
0.665
0.618
0.601
0.519
0.449
0.294
0.104
0.066
-0.219
-0.066
0.175
0.365
0.341
0.461
0.383
0.229
0.181
0.046
0.1
0.115
0.188
0.088
0.19
0.15
0.217
0.37
0.323
0.445
0.51
0.515
0.73
0.566
0.51
0.349
0.404
0.461
0.69
0.759
0.749
0.855
0.623
0.416
0.444
0.182
0.15
-0.033
0.059
0.182
-0.119
-0.231
-0.401
-0.529
-0.875
-0.684
-0.686
-0.776
-0.806
-0.873
-0.859
-0.739
-0.725
-0.81
-0.647
-0.883
-0.755
-0.746
-0.527
-0.375
-0.53
-0.614
-0.588
-0.723
-0.661
-0.486
-0.506
-0.621
-0.71
-0.537
-0.736
-0.639
-0.603
-0.615
-0.219
-0.344
-0.422
-0.12
-0.238
-0.046
-0.124
-0.014
0.026
-0.064
-0.274
-0.381
-0.205
-0.151
-0.208
-0.15
-0.011
-0.033
-0.105
0.171
0.217
0.292
0.434
0.288
0.286
0.171
0.024
0.229
0.261
0.235
0.285
0.393
0.56
0.794
0.861
0.902
0.991
1.134
0.971
1.155
1.05
0.93
0.796
0.84
0.598
0.635
0.807
0.566
0.521
0.486
0.512
0.276
0.39
0.04
-0.055
-0.036
0.074
0.059
-0.194
-0.307
-0.542
-0.854
-0.894
-0.854
-0.738
-0.983
-0.816
-0.83
-0.909
-0.792
-0.869
-0.81
-0.756
-0.693
-0.689
-0.575
-0.394
-0.295
-0.279
-0.165
-0.242
0.034
-0.103
0.031
-0.007
0.103
-0.125
-0.191
-0.041
-0.23
-0.36
-0.414
-0.429
-0.515
-0.568
-0.341
-0.468
-0.693
-0.551
-0.456
-0.519
-0.432
-0.561
-0.25
-0.175
-0.249
-0.351
-0.261
-0.458
-0.398
-0.276
-0.409
-0.409
-0.628
-0.609
-0.615
-0.656
-0.436
-0.395
-0.198
-0.14
-0.209
-0.134
-0.215
-0.096
-0.094
-0.2
-0.238
0.13
0.1
0.21
0.274
0.551
0.557
0.463
0.416
0.573
0.294
0.315
0.333
0.542
0.638
0.515
0.624
0.588
0.644
0.635
0.475
0.175
0.059
-0.094
-0.105
-0.16
-0.349
-0.297
-0.43
-0.341
-0.302
-0.319
-0.085
-0.261
-0.406
-0.381
-0.525
-0.41
-0.35
-0.194
-0.001
0.05
0.17
0.655
0.486
0.636
0.425
0.484
0.589
0.605
0.619
0.869
0.749
0.676
0.706
0.754
0.641
0.67
0.74
0.919
0.795
0.703
0.386
0.254
0.259
0.238
0.013
0.175
0.06
-0.045
-0.065
-0.107
-0.163
-0.116
-0.198
-0.159
-0.071
-0.071
-0.11
-0.151
-0.065
-0.02
0.037
0.001
0.096
-0.024
-0.074
-0.044
-0.166
-0.386
-0.346
-0.421
-0.438
-0.315
-0.374
-0.266
-0.201
-0.029
-0.059
-0.069
0.074
0.029
-0.226
-0.417
-0.297
-0.031
0.273
0.354
0.512
0.321
0.217
0.151
0.284
0.32
0.119
0.081
0.288
0.23
0.335
0.393
0.194
0.256
0.177
0.456
0.064
0.265
0.3
0.058
0.091
0.035
0.091
0.288
0.229
0.549
0.376
0.231
0.151
0.32
0.661
0.583
0.731
0.661
0.63
0.479
0.438
0.4
0.499
0.383
0.294
0.122
0.065
-0.147
-0.244
0.103
0.034
0.214
0.02
-0.228
-0.009
-0.126
0.022
-0.074
0.037
-0.081
-0.233
-0.188
-0.18
-0.035
-0.138
0.103
-0.269
0.029
0.089
-0.086
-0.109
-0.241
-0.171
-0.103
0.081
0.259
0.375
0.453
0.319
0.22
-0.09
-0.15
0.356
0.782
0.851
0.515
0.43
0.349
0.285
0.297
0.389
0.379
0.449
0.79
0.865
0.698
0.58
0.598
0.665
0.616
0.794
0.625
0.555
0.516
0.579
0.394
0.468
0.541
0.579
0.654
0.754
0.459
0.51
0.256
0.009
-0.034
-0.284
-0.458
-0.431
-0.292
-0.436
-0.408
-0.46
-0.251
-0.422
-0.429
-0.425
-0.32
-0.354
-0.307
-0.454
-0.356
-0.325
-0.385
-0.405
-0.27
-0.275
-0.105
-0.264
-0.511
-0.475
-0.468
-0.367
-0.323
-0.409
-0.484
-0.179
-0.159
-0.279
-0.448
-0.525
-0.409
-0.562
-0.651
-0.661
-0.84
-0.828
-0.766
-0.766
-0.686
-0.828
-0.701
-0.35
-0.316
-0.052
0.134
0.051
0.181
0.343
0.263
0.485
0.568
0.478
0.1
0.0
0.12
0.261
0.501
0.409
0.534
0.469
0.492
0.52
0.505
0.529
0.74
0.763
0.794
1.055
0.966
1.04
0.914
0.661
0.781
0.574
0.431
0.209
0.185
0.212
0.24
-0.098
-0.13
0.083
0.031
-0.103
-0.094
0.062
0.203
0.049
0.228
0.122
-0.069
-0.079
-0.264
-0.381
0.007
-0.3
-0.276
-0.271
-0.461
-0.524
-0.383
-0.215
-0.196
-0.301
-0.35
-0.281
-0.107
0.049
0.007
-0.064
-0.449
-0.388
-0.54
-0.636
-0.888
-0.89
-0.806
-0.897
-0.871
-0.744
-0.846
-0.88
-0.881
-0.759
-0.545
-0.646
-0.33
-0.081
-0.088
-0.089
-0.081
-0.072
0.075
-0.007
-0.048
0.022
0.163
0.239
0.14
0.196
0.11
0.039
0.173
0.271
0.535
0.266
0.242
0.161
0.075
-0.066
-0.007
0.052
-0.004
0.009
-0.013
-0.037
-0.283
-0.316
-0.245
-0.075
-0.295
0.034
-0.144
-0.259
-0.481
-0.656
-0.441
-0.497
-0.359
-0.217
-0.36
-0.46
-0.469
-0.527
-0.615
-0.343
-0.355
-0.241
-0.126
-0.18
-0.406
-0.661
-0.422
-0.427
-0.446
-0.323
-0.421
-0.2
-0.145
-0.101
-0.196
-0.236
-0.44
-0.321
-0.024
0.003
0.069
-0.061
-0.064
0.04
0.156
0.151
0.503
0.326
0.215
0.302
0.335
0.271
0.45
0.586
0.74
0.856
1.025
1.01
1.101
1.349
1.476
1.579
1.512
1.59
1.876
1.964
1.713
1.631
1.616
1.498
1.599
1.617
0.318
1.85
1.656
1.596
1.433
1.046
0.856
0.63
0.585
0.547
0.441
0.323
0.434
0.275
0.037
0.006
-0.03
-0.458
-0.721
-0.829
-0.786
-0.869
-0.995
-0.92
-0.699
-0.566
-0.536
-0.453
-0.176
-0.176
-0.372
-0.355
-0.36
-0.275
-0.214
-0.046
-0.085
-0.336
-0.478
-0.489
-0.388
-0.458
-0.24
-0.374
-0.319
-0.571
-0.694
-0.965
-0.964
-0.973
-0.995
-0.871
-0.676
-0.346
-0.474
-0.64
-0.552
-0.499
-0.426
-0.408
-0.603
-0.367
-0.448
-0.38
-0.619
-0.445
-0.271
-0.122
0.022
-0.092
-0.15
0.199
0.051
0.177
0.422
0.454
0.649
0.865
1.084
1.214
0.956
1.193
1.451
1.24
1.556
1.393
1.265
1.23
1.464
1.379
1.476
1.644
1.433
1.374
1.249
1.218
1.167
1.126
1.199
1.256
1.225
1.208
1.216
1.105
0.831
0.824
0.715
1.028
1.084
1.165
0.991
0.921
0.864
0.897
0.806
0.625
0.666
0.258
0.144
0.13
0.1
0.239
0.118
0.055
-0.234
-0.394
-0.521
-0.894
-1.129
-1.359
-1.208
-1.065
-1.064
-0.79
-0.851
-0.809
-0.941
-0.855
-0.861
-0.713
-0.74
-0.531
-0.763
-0.671
-0.714
-0.797
-0.66
-0.711
-0.484
-0.559
-0.72
-0.642
-0.691
-0.539
-0.091
-0.074
0.022
0.241
0.315
0.348
0.083
0.129
0.169
0.352
0.177
0.314
0.66
0.545
0.415
0.374
0.111
0.163
0.03
-0.103
-0.188
-0.191
-0.155
-0.122
-0.226
-0.394
-0.59
-0.823
-0.821
-0.77
-0.618
-0.614
-0.601
-0.741
-0.864
-0.839
-0.859
-0.626
-0.628
-0.664
-0.785
-0.949
-0.844
-0.795
-0.726
-0.594
-0.785
-0.74
-0.611
-0.574
-0.405
-0.65
-0.751
-0.818
-0.696
-0.693
-0.67
-0.666
-0.812
-0.91
-0.945
-0.829
-0.336
-0.571
-0.378
-0.219
-0.03
0.028
0.393
0.364
0.427
0.329
0.226
-0.018
-0.054
-0.03
0.149
-0.143
-0.161
-0.226
-0.009
-0.133
-0.145
-0.269
-0.136
0.13
0.275
0.334
0.276
0.329
0.279
0.475
0.59
0.575
0.641
0.634
0.662
0.705
0.725
0.497
0.506
0.461
0.551
0.367
0.33
0.05
0.115
0.096
0.263
0.349
0.561
0.49
0.542
0.374
0.021
0.062
-0.341
-0.206
-0.284
-0.173
-0.297
-0.193
-0.324
-0.268
-0.004
-0.165
-0.076
0.254
0.36
0.339
0.604
0.331
0.214
0.077
0.076
0.146
0.135
0.224
0.64
0.588
0.869
0.856
0.854
0.895
0.751
0.917
0.948
0.943
0.78
0.693
0.634
0.586
0.667
0.535
0.443
0.569
0.541
0.555
0.427
0.535
0.471
0.58
0.718
0.443
0.389
0.195
0.124
-0.158
-0.211
-0.309
-0.145
-0.18
-0.328
-0.201
-0.422
-0.43
-0.562
-0.409
-0.655
-0.631
-0.574
-0.595
-0.559
-0.581
-0.551
-0.524
-0.557
-0.44
-0.458
-0.389
-0.365
-0.422
-0.54
-0.509
-0.672
-0.532
-0.59
-0.601
-0.635
-0.733
-0.761
-0.796
-0.685
-0.561
-0.406
-0.165
-0.075
-0.1
0.159
0.159
0.45
0.284
0.461
0.161
0.27
0.116
0.276
0.29
0.445
0.531
0.645
0.626
0.285
0.669
0.905
0.786
0.895
0.674
0.645
0.785
0.661
0.576
0.596
0.858
0.927
0.769
0.794
0.81
0.909
1.008
0.964
1.094
1.034
0.956
1.133
1.198
1.206
1.111
1.425
1.44
1.346
1.179
1.318
1.312
0.792
0.858
0.766
0.744
1.085
1.174
1.34
1.416
1.758
1.656
1.526
1.704
1.732
1.844
1.656
1.552
1.569
1.646
1.484
1.453
1.309
1.161
1.01
0.749
0.701
0.811
0.679
0.644
0.551
0.28
0.01
-0.228
-0.389
-0.29
-0.386
-0.585
-0.311
-0.346
-0.42
-0.588
-0.559
-0.456
-0.471
-0.729
-0.616
-0.721
-0.667
-0.9
-0.88
-0.936
-0.901
-0.929
-0.954
-0.888
-1.015
-1.12
-1.39
-1.49
-1.12
-1.375
-1.344
-1.235
-1.17
-1.234
-1.384
-1.262
-1.252
-1.236
-1.294
-1.278
-1.249
-1.115
-1.226
-1.364
-1.347
-1.419
-0.994
-0.943
-0.986
-0.878
-0.703
-0.8
-0.679
-0.541
-0.339
-0.565
-0.586
-0.56
-0.569
-0.367
-0.32
-0.046
-0.161
-0.198
-0.241
-0.114
0.163
0.312
0.419
0.259
0.505
0.79
0.775
0.812
0.809
0.794
0.94
0.854
0.998
0.791
0.866
0.881
0.911
0.671
1.137
1.206
1.264
1.515
1.657
1.67
1.596
1.508
1.4
1.522
1.46
1.16
1.341
1.255
1.068
1.471
1.334
1.294
1.171
1.256
0.959
0.797
0.741
0.576
0.384
0.226
0.133
-0.101
-0.29
-0.364
-0.366
-0.46
-0.445
-0.756
-0.853
-0.797
-1.085
-1.105
-0.917
-0.863
-0.927
-1.019
-1.094
-1.356
-1.536
-1.505
-1.143
-0.917
-0.766
-0.564
-0.555
-0.47
-0.593
-0.394
-0.339
-0.145
-0.349
-0.341
-0.494
-0.487
-0.345
-0.33
-0.306
-0.189
-0.381
-0.296
-0.14
0.037
0.372
0.453
0.379
0.278
0.009
0.015
-0.024
0.158
0.152
0.099
-0.091
-0.071
0.116
-0.119
-0.006
-0.113
-0.281
-0.399
-0.385
-0.403
-0.775
-0.656
-0.63
-0.674
-0.649
-0.725
-0.546
-0.651
-0.691
-0.805
-0.797
-0.889
-0.661
-0.517
-0.225
-0.251
-0.345
-0.336
-0.424
-0.266
-0.138
0.193
0.349
0.554
0.46
0.343
0.436
0.656
0.689
0.575
0.647
0.291
0.275
0.138
-0.292
-0.076
-0.165
-0.138
-0.312
-0.274
-0.391
-0.393
-0.1
-0.264
-0.323
-0.378
-0.304
-0.357
-0.122
-0.221
-0.134
-0.111
-0.026
-0.161
-0.241
-0.489
-0.47
-0.67
-0.579
-0.281
-0.244
-0.122
-0.366
-0.193
-0.279
-0.429
-0.395
-0.354
-0.043
0.1
0.212
-0.103
-0.055
-0.258
-0.229
-0.276
-0.41
-0.233
-0.274
-0.271
-0.345
-0.419
-0.527
-0.514
-0.449
-0.146
-0.061
0.096
0.065
-0.21
-0.456
-0.434
-0.299
-0.103
0.049
0.357
0.444
0.32
0.311
-0.133
-0.114
-0.138
-0.062
0.014
0.052
-0.014
-0.021
-0.525
-0.491
-0.409
-0.171
-0.113
-0.043
-0.025
-0.074
-0.343
-0.325
-0.264
-0.177
0.096
0.394
0.456
0.345
0.349
0.226
0.365
0.494
0.711
0.763
0.823
0.756
0.814
0.969
0.835
0.711
0.526
0.534
0.348
0.09
0.164
0.09
0.077
0.135
-0.094
-0.08
-0.138
-0.177
-0.083
-0.193
-0.369
-0.32
-0.236
-0.321
-0.441
-0.64
-0.811
-0.743
-0.897
-0.874
-0.824
-0.525
-0.378
-0.251
-0.196
-0.323
-0.348
-0.466
-0.478
-0.325
-0.28
-0.163
-0.228
-0.091
0.006
0.223
0.2
0.156
0.149
0.146
0.085
0.033
-0.021
-0.044
0.169
0.095
0.233
0.47
0.539
0.625
0.362
0.259
0.055
0.212
0.338
0.398
0.532
0.659
0.562
0.62
0.696
0.73
0.677
0.583
0.471
0.161
0.106
0.36
0.071
0.083
-0.122
-0.022
-0.056
-0.12
-0.072
-0.235
-0.233
-0.333
-0.288
-0.198
-0.299
-0.188
-0.138
-0.128
-0.005
0.058
0.427
0.72
0.779
0.961
0.983
1.028
0.949
1.03
1.048
0.985
10.332
1.032
1.107
1.464
1.328
1.298
1.282
1.135
1.151
0.833
1.055
0.959
0.794
0.848
0.865
0.699
0.596
0.434
0.333
0.417
0.145
0.182
0.011
-0.089
-0.208
-0.408
-0.403
-0.726
-0.836
-0.759
-0.756
-0.866
-1.101
-0.995
-1.201
-1.305
-0.999
-1.064
-1.022
-0.91
-0.758
-0.576
-0.672
-0.645
-0.63
-0.755
-0.434
-0.268
-0.175
-0.265
-0.217
-0.149
-0.099
0.043
-0.056
-0.005
-0.024
0.519
0.708
0.58
0.716
0.749
0.588
0.316
0.314
0.31
0.052
0.246
0.259
0.217
0.158
0.266
0.119
0.269
0.3
0.261
0.301
0.244
0.371
0.393
0.284
0.138
0.18
0.312
0.334
0.393
0.5
0.451
0.5
0.583
0.633
0.638
0.893
0.693
0.531
0.534
0.65
0.647
0.701
0.52
0.594
0.654
0.529
0.519
0.641
0.419
0.482
0.65
0.754
0.741
0.734
1.062
0.988
0.831
0.866
0.883
0.764
0.657
0.625
0.574
0.503
0.371
0.254
0.181
0.064
0.09
0.182
0.158
-0.034
0.14
0.242
0.324
0.16
0.242
-0.249
-0.231
-0.247
-0.036
-0.138
-0.071
0.06
-0.266
-0.245
-0.396
-0.638
-0.292
-0.312
-0.199
-0.143
-0.07
-0.166
0.083
0.138
0.198
0.14
-0.155
-0.258
-0.321
0.046
-0.051
-0.025
0.138
0.231
-0.051
-0.136
-0.165
0.049
0.163
0.21
-0.003
-0.179
-0.02
-0.118
-0.306
-0.315
-0.274
-0.034
-0.065
-0.104
-0.085
-0.051
-0.031
0.129
-0.048
0.088
0.234
0.141
0.241
0.223
0.242
0.399
0.562
0.69
0.695
0.601
0.62
0.46
0.421
0.145
-0.151
-0.427
-0.444
-0.348
-0.394
-0.105
-0.193
-0.177
-0.103
0.039
0.146
-0.048
-0.061
-0.1
0.0
0.242
0.224
0.219
0.176
0.169
0.233
0.151
0.171
-0.214
-0.129
-0.191
0.019
0.035
-0.022
-0.076
-0.021
-0.101
-0.031
0.075
0.13
0.015
-0.037
-0.022
0.125
0.466
0.399
0.478
0.265
0.464
0.415
0.233
0.006
0.141
0.177
0.205
0.1
0.079
0.249
-0.03
0.048
0.113
0.062
0.009
0.037
0.003
0.217
0.276
0.201
0.013
-0.18
-0.406
-0.532
-0.366
-0.369
-0.499
-0.55
-0.625
-0.244
-0.671
-0.794
-0.871
-0.888
-0.979
-1.055
-1.04
-1.015
-0.906
-0.853
-0.844
-0.614
-0.405
-0.312
-0.27
-0.098
-0.456
-0.341
-0.226
-0.302
-0.156
-0.283
0.026
0.085
0.176
0.32
0.527
0.713
0.573
0.785
0.856
0.746
0.936
0.779
0.968
1.046
1.062
0.777
0.647
0.679
0.591
0.524
0.581
0.65
0.664
0.599
0.527
0.419
0.215
0.273
-0.135
-0.033
-0.21
-0.08
-0.159
0.05
-0.074
-0.143
-0.469
-0.305
-0.537
-0.642
-0.636
-0.861
-0.896
-0.943
-0.891
-1.231
-1.281
-1.304
-1.249
-1.241
-1.292
-1.173
-1.137
-1.244
-0.97
-0.886
-0.615
-0.406
-0.421
-0.223
-0.264
-0.206
-0.341
-0.135
-0.059
-0.05
0.085
0.147
0.26
0.348
0.03
0.233
0.144
0.126
0.113
0.173
0.161
0.376
0.273
0.114
0.128
0.182
0.266
0.365
0.307
0.443
0.546
0.388
0.419
0.031
0.111
0.176
0.203
0.333
0.077
0.173
-0.106
-0.18
-0.266
-0.309
-0.266
-0.258
-0.21
-0.104
0.033
-0.228
-0.321
-0.336
-0.65
-0.396
-0.61
-0.583
-0.315
-0.369
-0.29
-0.071
0.003
-0.11
-0.116
-0.233
-0.182
-0.052
-0.011
0.051
0.254
0.399
0.385
0.638
0.351
0.318
0.328
0.029
0.154
0.307
0.114
0.279
0.321
0.339
0.471
0.506
0.371
0.396
0.346
0.415
0.195
0.5
0.785
1.016
1.343
1.129
1.256
1.105
1.266
1.401
1.468
1.538
1.485
1.411
1.44
1.169
1.205
1.068
0.829
0.659
0.645
0.615
0.527
0.431
0.43
0.435
0.425
0.171
0.23
0.18
-0.12
-0.336
-0.515
-0.238
-0.329
-0.389
-0.425
-0.55
-0.522
-0.464
-0.579
-0.448
-0.212
-0.175
0.062
0.14
0.31
0.304
0.381
0.37
0.432
0.255
0.372
0.413
0.557
0.508
0.395
0.564
0.634
0.451
0.381
0.529
0.529
0.584
0.78
0.764
0.876
0.537
0.615
0.56
0.574
0.323
0.056
-0.085
-0.103
0.081
-0.08
-0.081
-0.151
-0.275
-0.238
-0.26
-0.348
-0.25
-0.37
-0.294
-0.288
-0.231
-0.133
-0.201
-0.46
-0.356
-0.312
-0.25
0.054
0.152
-0.059
-0.141
-0.301
-0.161
-0.155
-0.134
-0.049
-0.133
-0.208
-0.23
-0.26
-0.383
-0.439
-0.408
-0.281
-0.059
-0.259
-0.096
-0.139
-0.384
-0.255
-0.417
-0.395
-0.4
-0.239
-0.378
-0.231
-0.199
-0.324
-0.261
-0.206
-0.069
-0.147
-0.131
-0.261
-0.244
-0.378
-0.214
-0.469
-0.446
-0.231
-0.169
-0.014
0.035
0.024
-0.116
0.118
-0.041
0.013
-0.048
0.084
0.066
0.194
0.302
0.365
0.334
0.259
0.384
0.261
0.206
0.124
0.055
0.221
0.059
-0.015
0.019
-0.118
-0.235
-0.177
-0.214
-0.122
0.103
0.07
0.044
0.165
0.051
0.346
0.266
0.515
0.5
0.651
0.524
0.309
0.4
0.193
0.224
0.116
0.143
0.359
0.251
0.366
0.445
0.422
0.365
0.146
0.324
0.263
0.409
0.28
0.249
0.249
0.319
0.38
0.479
0.273
0.403
0.341
0.413
0.288
0.194
0.144
-0.051
0.036
-0.08
0.16
0.107
0.005
-0.174
-0.159
-0.043
-0.089
0.004
-0.005
-0.139
-0.138
-0.182
-0.256
-0.25
-0.016
0.001
-0.003
0.029
0.152
0.201
0.294
0.346
0.07
0.566
0.095
0.16
0.036
-0.058
0.007
-0.083
-0.226
-0.161
-0.33
-0.359
-0.389
-0.409
-0.2
-0.1
-0.151
-0.031
-0.289
-0.19
-0.376
-0.184
-0.296
-0.486
-0.596
-0.623
-0.458
-0.445
-0.283
-0.216
-0.106
-0.143
-0.046
0.03
-0.075
0.294
0.562
0.61
0.59
0.695
0.596
0.604
0.487
0.349
0.299
0.376
0.304
0.223
0.316
0.188
0.061
-0.074
-0.234
-0.349
-0.445
-0.522
-0.479
-0.685
-0.823
-0.82
-0.998
-1.0
-1.139
-1.036
-0.959
-1.025
-1.074
-0.902
-0.73
-0.662
-0.625
-0.51
-0.432
-0.509
-0.554
-0.429
-0.441
-0.281
0.025
-0.052
0.01
0.133
0.296
0.23
0.211
0.056
-0.02
-0.043
-0.074
-0.09
-0.021
7.775
0.49
0.264
0.189
0.039
-0.238
-0.029
-0.076
-0.028
-0.149
-0.23
-0.606
-0.693
-0.661
-0.689
-0.557
-0.5
-0.514
-0.254
-0.284
-0.17
-0.066
-0.307
-0.35
-0.532
-0.422
-0.226
-0.238
-0.092
0.049
-0.003
0.174
0.195
0.024
0.039
0.299
0.209
0.228
0.27
0.458
0.107
0.268
0.194
0.314
0.471
0.463
0.415
0.43
0.346
0.485
0.509
0.519
0.45
0.516
0.651
0.479
0.372
0.354
0.465
0.435
0.569
0.649
0.32
0.581
0.529
0.517
0.314
0.339
0.185
0.273
0.181
0.225
0.375
0.411
0.52
0.562
0.531
0.537
0.62
0.614
0.601
0.223
-0.173
-0.118
0.125
0.426
0.495
0.605
0.781
0.725
0.504
0.519
0.501
0.562
0.271
0.284
0.266
0.156
-0.036
0.089
-0.016
0.033
0.088
-0.095
-0.154
-0.226
-0.175
-0.016
-0.199
-0.381
-0.27
-0.152
-0.242
-0.143
-0.114
-0.061
-0.323
-0.231
-0.061
-0.11
-0.195
-0.088
-0.039
-0.044
0.22
0.473
0.566
0.494
0.526
0.536
0.38
0.374
0.22
0.15
0.206
0.156
0.253
0.146
0.171
0.228
0.138
0.062
-0.048
0.036
-0.103
0.113
0.234
0.203
0.346
0.199
0.07
0.044
-0.074
-0.194
-0.139
-0.344
-0.289
-0.156
-0.118
-0.058
-0.006
0.009
-0.098
-0.12
-0.046
0.076
0.231
0.198
0.173
0.186
0.09
0.077
0.022
0.126
0.174
0.163
0.229
0.13
0.286
0.461
0.384
0.416
0.54
0.644
0.64
0.738
0.709
0.521
0.53
0.554
0.343
0.475
0.57
0.584
0.588
0.435
0.115
0.2
0.249
0.223
0.046
0.229
0.166
0.177
0.001
0.141
0.045
0.075
0.041
0.049
0.299
0.371
0.266
0.33
0.168
0.176
0.344
0.393
0.333
0.371
0.23
0.365
0.48
0.416
0.495
0.635
0.603
0.409
0.27
0.32
0.25
0.182
0.02
-0.084
-0.304
-0.305
-0.196
-0.239
-0.066
0.149
-0.014
0.056
0.01
-0.024
0.039
-0.034
-0.195
-0.128
-0.249
-0.254
-0.254
-0.585
-0.581
-0.503
-0.419
-0.371
-0.431
-0.331
-0.296
-0.228
-0.427
-0.226
-0.401
-0.266
-0.161
0.216
0.001
0.134
0.27
0.155
0.28
0.408
0.234
0.225
0.121
0.086
0.075
0.225
0.071
0.185
0.191
0.014
-0.02
-0.17
0.147
0.234
0.159
0.119
-0.186
-0.145
-0.31
0.041
0.335
0.771
0.926
0.893
0.974
1.021
0.81
0.88
0.606
0.831
0.738
0.615
0.93
0.871
0.791
0.936
0.685
0.688
0.691
0.633
0.291
0.316
0.405
0.405
0.559
0.364
0.495
0.103
0.223
0.105
0.217
0.085
0.198
0.149
-0.04
0.021
-0.165
-0.25
-0.245
-0.306
-0.379
-0.372
-0.503
-0.506
-0.633
-0.774
-0.691
-0.651
-0.448
-0.465
-0.724
-0.941
-0.864
-0.675
-0.891
-0.786
-0.586
-0.438
-0.482
-0.324
-0.109
0.12
0.233
0.378
0.343
0.431
0.468
0.369
0.39
0.344
0.318
0.25
0.28
0.113
0.201
0.431
0.309
0.443
0.473
0.348
0.329
0.179
0.099
-0.115
-0.154
-0.208
-0.361
-0.092
-0.336
-0.309
-0.177
-0.107
-0.258
-0.062
-0.119
-0.181
-0.211
-0.408
-0.36
-0.458
-0.733
-0.578
-0.579
-0.573
-0.662
-0.603
-0.578
-0.445
-0.198
-0.051
-0.037
0.044
0.126
-0.024
0.323
0.25
0.265
0.296
0.524
0.584
0.475
0.051
0.079
-0.046
-0.151
0.035
0.01
0.083
0.019
0.163
0.091
-0.166
-0.341
-0.37
-0.361
-0.31
-0.383
-0.425
-0.329
-0.463
-0.534
-0.454
-0.4
-0.46
-0.555
-0.435
-0.302
-0.19
-0.242
-0.372
-0.5
-0.429
-0.677
-0.67
-0.635
-0.525
-0.396
-0.427
-0.496
-0.594
-0.459
-0.38
-0.333
-0.426
-0.314
-0.269
-0.266
-0.32
-0.291
0.044
-0.198
-0.176
0.009
0.114
0.199
0.259
0.375
0.479
0.468
0.565
0.345
0.37
0.284
0.191
0.069
-0.124
0.075
0.007
0.161
-0.141
-0.062
-0.141
-0.185
-0.275
-0.297
-0.371
-0.58
-0.479
-0.436
-0.575
-0.374
-0.414
-0.416
-0.584
-0.552
-0.311
-0.146
-0.04
-0.083
0.054
0.011
-0.136
-0.13
-0.193
-0.239
-0.284
-0.575
-0.468
-0.242
-0.101
-0.13
0.022
0.028
0.111
0.25
0.285
0.279
0.323
0.372
0.414
0.495
0.435
0.436
0.37
0.259
0.348
0.263
0.375
0.228
0.294
0.171
0.174
0.331
0.598
0.807
0.71
0.676
0.557
0.496
0.537
0.64
0.56
0.451
0.439
0.165
0.319
0.384
0.438
0.41
0.385
0.349
0.599
0.61
0.59
0.344
0.555
0.374
0.455
0.364
0.345
0.161
0.145
0.138
0.005
0.031
0.031
0.098
0.064
0.066
0.133
0.124
0.199
0.074
0.29
0.189
0.23
0.534
0.818
1.066
1.006
0.998
0.902
0.902
0.891
0.911
0.818
0.646
0.806
0.863
0.834
0.979
0.955
1.061
0.981
0.853
0.777
0.64
0.686
0.626
0.661
0.815
0.796
0.649
0.715
0.731
0.656
0.614
0.521
0.68
0.438
0.302
0.453
0.455
0.408
0.448
0.44
0.247
0.459
0.521
0.571
0.733
0.945
1.116
1.323
1.335
1.055
1.105
1.265
1.134
1.34
1.35
1.3
1.529
1.54
1.49
1.616
1.538
1.321
1.329
1.265
1.094
0.966
0.973
0.729
0.569
0.522
0.212
0.256
0.268
0.175
0.198
0.219
0.234
-0.034
-0.284
-0.426
-0.31
-0.464
-0.536
-0.501
-0.474
-0.486
-0.601
-0.395
-0.652
-0.665
-0.626
-0.578
-0.471
-0.709
-0.531
-0.417
-0.28
-0.214
-0.274
-0.109
-0.099
-0.074
-0.179
0.009
-0.09
0.011
-0.022
-0.235
-0.196
-0.16
-0.449
-0.435
-0.473
-0.547
-0.525
-0.439
-0.455
-0.504
-0.535
-0.566
-0.406
-0.45
-0.391
-0.266
-0.292
-0.226
-0.179
-0.23
-0.154
-0.196
-0.166
-0.122
-0.01
-0.028
-0.226
-0.228
-0.312
-0.328
-0.29
-0.245
-0.051
-0.071
-0.138
-0.062
0.066
0.173
0.273
0.564
0.526
0.383
0.446
0.41
0.481
0.389
0.276
-0.004
-0.075
0.165
-0.03
0.169
0.059
0.215
0.19
-0.098
-0.059
-0.021
-0.24
-0.338
-0.425
-0.56
-0.574
-0.478
-0.575
-0.67
-0.693
-0.652
-0.656
-0.814
-0.695
-0.624
-0.662
-0.584
-0.529
-0.417
-0.495
-0.714
-0.647
-0.486
-0.599
-0.431
-0.329
-0.228
0.089
0.098
0.066
0.12
0.019
0.056
0.134
0.106
0.233
0.214
0.211
0.139
0.286
0.328
0.328
0.461
0.406
0.33
0.365
0.139
0.289
0.136
-0.044
-0.215
-0.254
-0.356
-0.496
-0.473
-0.55
-0.527
-0.316
-0.321
-0.279
-0.208
-0.185
-0.022
-0.107
-0.154
-0.209
-0.2
-0.039
-0.189
-0.128
-0.104
0.021
0.316
0.441
0.356
0.321
0.296
0.314
0.422
0.338
0.319
0.12
0.095
0.08
-0.052
-0.091
-0.145
-0.263
-0.439
-0.36
-0.336
-0.25
-0.349
-0.646
-0.578
-0.677
-0.628
-0.581
-0.534
-0.649
-0.529
-0.416
-0.517
-0.574
-0.618
-0.675
-0.874
-0.771
-0.691
-0.611
-0.638
-0.446
-0.179
-0.25
-0.165
-0.239
-0.414
-0.296
-0.138
-0.355
-0.42
-0.436
-0.595
-0.573
-0.66
-0.646
-0.618
-0.595
-0.656
-0.886
-0.623
-0.521
-0.365
-0.384
-0.356
-0.154
-0.079
0.24
0.369
0.359
0.265
0.256
0.362
0.273
0.125
0.186
0.163
0.069
-0.031
-0.014
0.103
0.196
0.049
0.2
0.253
0.249
0.271
-0.07
-0.064
-0.055
-0.161
-0.381
-0.208
-0.247
-0.229
-0.233
-0.27
-0.443
-0.319
-0.59
-0.491
-0.422
-0.364
-0.364
-0.203
-0.182
-0.1
0.086
0.338
0.474
0.588
0.696
0.931
1.107
1.23
1.485
1.565
1.574
1.458
1.559
1.528
1.551
1.677
1.751
1.779
1.788
1.796
1.669
1.544
1.63
1.701
1.624
1.583
1.405
0.859
1.17
1.075
0.958
0.845
0.647
0.535
0.529
0.51
0.359
0.339
0.424
0.302
0.059
0.205
-0.215
-0.081
-0.155
-0.231
-0.122
-0.229
-0.16
-0.251
0.116
0.173
0.23
0.486
0.468
0.688
0.539
0.546
0.408
0.554
0.159
0.12
0.125
0.101
-0.016
0.08
0.028
0.005
0.174
0.066
-0.084
-0.011
-0.034
0.129
0.015
-0.188
-0.286
-0.234
-0.208
-0.246
-0.2
-0.121
-0.195
-0.168
-0.231
-0.364
-0.429
-0.504
-0.541
-0.512
-0.583
-0.421
-0.636
-0.598
-0.29
-0.372
-0.31
-0.198
-0.129
-0.13
0.081
0.03
0.033
0.141
-0.149
-0.084
-0.505
-0.393
-0.36
-0.544
-0.589
-0.731
-0.661
-0.564
-0.594
-0.701
-0.76
-0.589
-0.527
-0.388
-0.403
-0.316
-0.261
-0.189
-0.249
0.058
0.086
0.135
0.072
0.131
0.159
0.152
0.191
-1.236
0.66
0.812
0.834
0.996
1.1
1.117
1.024
1.14
1.012
0.784
0.564
0.696
0.656
0.603
0.495
0.307
0.26
0.261
0.009
0.026
0.013
-0.27
-0.201
-0.263
-0.188
-0.144
-0.291
-0.131
-0.147
0.129
-0.131
-0.088
-0.196
-0.246
-0.081
-0.021
0.099
0.149
0.24
0.329
0.401
0.344
0.195
0.295
0.331
0.61
0.516
0.559
0.329
0.425
0.391
0.217
0.159
0.199
0.175
-0.046
-0.116
0.09
-0.145
-0.445
-0.67
-0.785
-0.807
-0.527
-0.482
-0.508
-0.671
-0.924
-0.919
-0.811
-0.938
-1.124
-1.296
-1.278
-1.221
-1.153
-1.259
-1.044
-1.089
-1.085
-0.95
-0.839
-0.863
-0.856
-0.86
-0.756
-0.711
-0.701
-0.504
-0.388
-0.335
-0.069
-0.114
0.007
0.094
0.19
0.084
0.091
0.021
0.139
0.188
-0.014
-0.091
-0.235
0.1
0.02
0.049
0.271
0.003
0.19
0.131
0.215
0.216
0.075
0.411
0.379
0.525
0.657
0.5
0.67
0.57
0.454
0.394
0.398
0.346
0.134
0.268
0.138
0.114
0.11
-0.02
0.085
0.054
-0.051
-0.138
-0.037
-0.144
-0.286
-0.114
-0.165
-0.069
-0.318
-0.394
-0.554
-0.62
-0.711
-0.711
-0.818
-1.018
-0.932
-0.841
-0.865
-0.819
-0.693
-0.599
-0.618
-0.768
-0.569
-0.709
-0.596
-0.521
-0.431
-0.366
-0.531
-0.609
-0.531
-0.147
-0.149
-0.052
-0.154
-0.052
-0.098
-0.296
-0.11
-0.113
0.179
0.037
0.104
-0.128
-0.156
-0.251
-10.336
0.056
0.052
0.054
-0.066
0.147
-0.028
-0.058
-0.064
-0.074
-0.2
-0.236
-0.333
-0.168
-0.331
-0.273
-0.169
-0.021
0.089
0.228
0.384
0.413
0.391
0.432
0.36
0.165
0.269
-0.169
-0.095
-0.076
-0.089
0.171
0.184
0.453
0.336
0.44
0.367
0.468
0.486
0.41
0.496
0.508
0.504
0.536
0.424
0.297
0.279
0.25
0.279
0.221
0.139
0.039
-0.074
-0.124
-0.177
-0.355
-0.381
-0.608
-0.69
-0.589
-0.652
-0.501
-0.65
-0.609
-0.823
-0.949
-0.871
-0.876
-0.846
-0.466
-0.82
-0.67
-0.38
-0.416
-0.32
-0.394
-0.055
-0.199
-0.061
0.245
0.147
0.309
0.325
0.463
0.608
0.67
0.566
0.616
0.733
0.698
0.841
0.874
0.834
0.838
0.765
0.709
0.686
0.574
0.469
0.398
0.456
0.396
0.446
0.411
0.329
0.155
0.001
-0.015
-0.006
-0.049
-0.163
0.02
-0.054
-0.028
-0.118
-0.177
-0.103
-0.085
0.045
0.141
0.08
-0.039
-0.135
-0.195
-0.124
-0.046
0.095
-0.211
-0.211
-0.255
-0.312
-0.398
-0.432
-0.595
-0.542
-0.542
-0.581
-0.456
-0.386
-0.384
-0.604
-0.584
-0.554
-0.552
-0.41
-0.424
-0.51
-0.514
-0.53
-0.576
-0.522
-0.5
-0.519
-0.529
-0.644
-0.764
-0.618
-0.744
-0.781
-0.546
-0.705
-0.659
-0.772
-0.75
-0.774
-0.854
-0.784
-0.713
-0.795
-0.751
-0.853
-0.891
-1.03
-0.871
-0.564
-1.015
-0.443
-0.662
-0.586
-0.379
-0.405
-0.369
-0.385
-0.505
-0.429
-0.302
-0.276
-0.211
0.039
0.203
0.25
0.326
0.609
0.635
0.514
0.535
0.571
0.545
0.594
0.623
0.631
0.725
0.63
0.718
0.756
0.614
0.806
0.667
0.831
0.766
0.6
0.564
0.443
0.336
0.229
0.177
0.052
-0.049
-0.079
-0.335
-0.501
-0.374
-0.292
-0.487
-0.473
-0.556
-0.385
-0.35
-0.349
-0.315
-0.31
-0.499
-0.686
-0.71
-0.631
-0.601
-0.531
-0.542
-0.443
-0.487
-0.591
-0.485
-0.624
-0.552
-0.657
-0.618
-0.684
-0.675
-0.58
-0.623
-0.352
-0.338
-0.36
-0.422
-0.22
-0.302
-0.266
-0.158
-0.188
0.174
0.039
0.056
0.246
0.371
0.445
0.3
0.268
0.249
0.297
0.271
0.177
0.095
-0.126
0.001
0.166
0.173
0.45
0.169
0.278
0.537
0.33
0.422
0.679
0.583
0.328
0.037
-0.101
-0.051
-0.231
-0.133
-0.169
0.025
0.076
0.14
0.239
0.356
0.15
0.346
0.199
0.095
0.156
0.281
0.189
0.168
-0.025
0.049
0.028
-0.025
0.214
0.185
0.321
0.268
0.288
0.309
0.349
0.31
0.301
0.28
0.336
0.415
0.341
0.241
0.201
0.166
0.095
0.052
0.349
0.155
0.271
0.294
0.307
0.465
0.565
0.496
0.713
0.835
1.008
0.876
0.996
1.002
1.188
1.052
1.074
1.009
0.873
0.809
0.573
0.557
0.557
0.511
0.529
0.551
0.63
0.596
0.674
0.596
0.519
0.564
0.443
0.351
0.21
0.3
0.209
0.223
0.196
0.294
0.514
0.396
0.359
0.231
0.206
0.19
0.14
0.084
0.15
0.268
0.174
-0.095
-0.1
-0.04
-0.013
0.134
0.114
0.147
0.066
-0.074
0.037
-0.071
-0.12
-0.075
-0.25
-0.23
-0.194
-0.296
-0.143
-0.09
-0.284
-0.255
-0.305
-0.184
-0.351
-0.304
-0.296
-0.357
-0.422
-0.516
-0.689
-0.55
-0.58
-0.594
-0.463
-0.579
-0.565
-0.404
-0.451
-0.541
-0.593
-0.569
-0.59
-0.65
-0.694
-0.62
-0.547
-0.593
-0.474
-0.723
-0.557
-0.689
-0.674
-0.676
-0.704
-0.625
-0.469
-0.77
-0.836
-0.88
-0.973
-0.948
-1.265
-1.266
-1.019
-1.185
-1.083
-1.12
-1.116
-0.976
-0.971
-0.89
-0.599
-0.581
-0.766
-0.623
-0.552
-0.604
-0.546
-0.535
-0.487
-0.273
-0.249
-0.258
-0.365
-0.113
0.238
0.379
0.214
0.352
0.606
0.606
0.713
0.56
0.416
0.489
0.496
0.39
0.301
0.119
0.1
-0.06
-0.279
-0.335
-0.32
-0.589
-0.614
-0.432
-0.503
-0.19
-0.359
-0.323
-0.331
-0.23
-0.229
-0.169
-0.036
-0.049
-0.039
-0.019
0.043
0.168
0.261
0.399
0.573
0.517
0.534
0.517
0.5
0.417
0.464
0.458
0.568
0.596
0.688
0.993
1.025
0.998
0.961
0.879
0.782
0.865
0.718
0.401
0.469
0.21
0.444
0.269
0.143
-0.088
0.08
-0.009
-0.334
-0.236
-0.393
-0.508
-0.525
-0.51
-0.839
-1.039
-0.976
-0.883
-0.948
-0.768
-0.936
-0.946
-0.925
-0.87
-0.79
-0.874
-0.978
-0.871
-0.896
-0.76
-0.581
-0.426
-0.445
-0.55
-0.645
-0.444
-0.606
-0.326
-0.454
-0.304
-0.366
-0.398
-0.336
-0.439
-0.425
-0.329
-0.391
-0.35
-0.329
-0.301
-0.443
-0.551
-0.386
-0.339
-0.345
-0.333
-0.15
-0.181
-0.065
-0.037
-0.036
-0.039
0.1
0.025
0.066
0.1
0.071
0.159
0.15
0.08
0.066
0.074
0.134
0.049
-0.006
-0.006
0.113
0.115
0.071
0.185
0.169
0.323
0.203
0.141
0.139
-0.104
-0.263
-0.273
-0.216
-0.147
-0.283
-0.122
-0.094
0.003
-0.121
-0.203
-0.296
-0.357
-0.294
-0.199
-0.226
-0.2
-0.315
-0.291
-0.49
-0.414
-0.426
-0.585
-0.438
-0.565
-0.549
-0.47
-0.52
-0.609
-0.525
-0.679
-0.704
-0.738
-0.875
-0.705
-0.62
-0.709
-0.639
-0.614
-0.374
-0.323
-0.285
-0.27
-0.323
-0.265
-0.163
-0.131
10.332
-0.118
0.049
0.035
0.046
0.036
0.166
0.124
0.173
0.133
0.061
0.159
0.21
0.334
0.364
0.33
0.275
0.212
0.2
0.43
0.338
0.598
0.584
0.726
0.858
0.806
1.052
1.219
1.284
1.24
1.301
1.416
1.46
1.356
1.357
1.439
1.41
1.316
1.344
1.394
1.305
1.036
1.206
1.001
1.13
1.042
0.971
0.763
0.703
0.695
0.714
0.65
0.674
0.676
0.439
0.549
0.486
0.399
0.485
0.456
0.413
0.464
0.206
0.18
0.263
0.211
0.179
0.17
0.22
0.319
0.356
0.374
0.309
0.393
0.495
0.395
0.379
0.235
0.311
0.378
0.42
0.443
0.336
0.417
0.175
0.103
0.225
0.146
0.111
0.034
-0.166
-0.211
-0.371
-0.338
-0.318
-0.225
-0.484
-0.415
-0.4
-0.469
-0.419
-0.334
-0.323
-0.238
-0.182
-0.292
-0.174
-0.19
-0.174
-0.219
-0.331
-0.325
-0.383
-0.366
-0.38
-0.479
-0.45
-0.366
-0.331
-0.371
-0.431
-0.509
-0.469
-0.669
-0.486
-0.716
