-0.039
-0.051
0.174
0.005
-0.059
-0.046
-0.086
-0.106
-0.21
-0.088
0.055
0.124
0.275
0.035
-0.061
0.228
0.268
0.241
0.251
0.06
0.12
0.081
-0.084
0.024
-0.028
0.019
-0.046
-0.107
-0.003
-0.223
-0.343
-0.346
-0.29
-0.234
-0.125
-0.07
-0.061
0.045
-0.039
-0.016
-0.095
-0.094
0.043
-0.05
0.092
-0.084
0.081
0.055
0.492
0.481
0.681
0.589
0.625
0.699
0.496
0.184
0.048
0.081
0.171
-0.033
0.076
-0.041
0.02
0.07
-0.155
0.045
0.021
-0.029
0.024
-0.086
0.111
-0.081
-0.145
-0.06
-0.138
-0.14
-0.003
-0.059
-0.126
-0.025
-0.056
0.059
0.003
0.179
0.013
-0.181
-0.131
-0.367
-0.37
-0.514
-0.641
-0.715
-0.72
-0.782
-0.66
-0.56
-0.595
-0.517
-0.37
-0.151
-0.176
0.024
0.22
0.283
0.155
0.061
0.259
0.367
0.323
0.256
0.255
0.362
0.426
0.417
0.44
0.209
0.109
-0.143
-0.208
-0.383
-0.414
-0.396
-0.799
-0.619
-0.6
-0.753
-0.754
-0.863
-0.659
-1.062
-1.246
-1.339
-1.316
-1.374
-1.476
-1.357
-1.231
-1.045
-1.153
-1.249
-1.3
-1.248
-1.209
-0.961
-0.983
-0.72
-0.55
-0.251
-0.088
-0.223
-0.074
-0.096
-0.245
-0.196
0.04
0.165
0.291
0.436
0.497
0.629
0.759
0.771
0.946
0.905
0.848
0.698
0.839
0.976
0.964
1.18
0.993
0.781
0.856
1.041
0.889
0.729
0.744
0.621
0.715
0.749
0.611
0.546
0.489
0.583
0.631
0.516
0.268
0.086
-0.079
-0.052
0.081
0.171
0.07
0.089
0.013
-0.226
-0.235
-0.285
-0.106
-0.235
-0.19
-0.152
-0.081
-0.05
-0.086
-0.094
-0.062
0.06
0.294
0.57
0.686
0.669
0.585
0.688
0.841
0.865
0.927
0.869
0.724
0.797
0.834
0.888
1.042
0.964
0.938
0.931
0.82
0.561
0.517
0.357
0.151
0.184
0.321
0.199
0.181
0.01
-0.015
-0.049
0.125
0.075
0.231
0.184
0.215
0.158
0.158
0.062
-0.074
-0.064
-0.1
0.152
0.152
0.348
0.415
0.409
0.665
0.536
0.595
0.679
0.759
0.519
0.531
0.544
0.434
0.339
0.251
0.129
0.196
0.271
0.306
0.306
0.274
0.217
0.072
-0.079
-0.079
-0.17
0.109
-0.044
-0.32
0.071
-0.155
-0.198
-0.32
-0.251
-0.386
-0.478
-0.593
-0.549
-0.484
-0.453
-0.609
-0.338
-0.249
-0.479
-0.356
-0.562
0.076
-0.186
0.263
0.179
0.242
0.031
0.307
0.352
0.438
0.631
0.664
0.681
0.826
0.885
1.08
1.29
1.311
1.235
1.216
1.364
1.22
0.874
0.895
0.629
0.455
0.23
0.107
-0.016
0.2
0.224
0.429
0.268
0.537
0.228
-0.122
0.07
-0.054
0.062
0.028
-0.124
-0.176
-0.321
-0.406
-0.636
-0.83
-0.859
-0.534
-0.485
-0.229
-0.261
0.058
0.056
0.125
0.161
0.111
0.216
0.28
0.186
0.311
0.359
0.519
0.329
0.556
0.629
0.751
0.706
0.915
0.95
0.914
0.87
0.845
0.677
0.812
0.53
0.448
0.22
0.021
-0.074
-0.221
-0.229
-0.259
-0.556
-0.633
-0.517
-0.894
-0.958
-0.869
-0.921
-0.97
-1.226
-1.46
-1.525
-1.466
-1.376
-1.403
-1.309
-1.282
-1.284
-1.463
-1.542
-1.458
-1.2
-0.995
-0.999
-1.032
-1.055
-0.844
-0.854
-0.565
-0.46
-0.258
-0.274
-0.312
-0.134
-0.125
-0.069
0.052
0.026
0.147
0.059
-0.104
0.135
0.21
0.219
0.214
0.228
0.301
0.285
0.22
0.338
0.334
0.244
0.609
0.55
0.269
0.314
0.318
0.366
0.524
0.544
0.598
0.674
0.828
0.679
0.575
0.604
0.759
0.929
1.011
0.991
0.875
0.7
0.565
0.389
0.305
0.189
0.203
0.064
0.022
-0.001
-0.037
0.072
0.09
0.072
0.088
-0.096
-0.043
-0.029
0.049
0.24
0.12
0.075
-0.446
-0.499
-0.481
-0.545
-0.734
-0.792
-0.789
-0.791
-0.98
-0.927
-1.031
-0.804
-1.115
-1.155
-1.185
-1.126
-1.048
-0.855
-0.975
-0.989
-1.076
-1.094
-1.016
-0.926
-0.771
-0.971
-0.95
-1.01
-0.911
-0.662
-0.71
-0.753
-0.8
-0.919
-0.861
-0.749
-0.589
-0.655
-0.601
-0.56
-0.781
-0.784
-0.912
-0.716
-0.802
-0.815
-0.932
-0.874
-0.651
-0.669
-0.61
-0.574
-0.419
-0.39
-0.312
-0.16
0.009
-0.079
0.019
0.086
0.182
0.294
0.052
0.019
0.251
0.254
0.265
0.161
0.009
0.139
0.251
0.328
0.325
0.414
0.362
0.321
0.185
0.236
0.09
0.044
0.171
0.115
0.08
0.035
0.058
0.111
0.141
0.278
0.301
0.497
0.345
0.45
0.5
0.422
0.384
0.599
0.689
0.795
0.839
0.902
0.983
0.904
1.042
0.828
0.849
0.646
0.64
0.331
0.284
0.357
0.304
0.329
0.154
0.269
0.1
0.101
0.191
0.076
-0.064
-0.065
0.103
-0.006
0.009
0.14
-0.016
-0.06
-0.14
-0.294
-0.189
-0.03
0.074
0.011
-0.037
-0.118
-0.062
0.077
0.13
0.116
-0.015
-0.216
-0.146
-0.18
-0.029
-0.095
-0.158
-0.119
-0.036
0.074
-0.045
-0.048
0.268
0.356
0.501
0.31
0.221
0.259
0.186
0.179
0.196
0.394
0.478
0.559
0.517
0.486
0.705
0.611
0.519
0.526
0.265
0.3
0.23
0.465
0.496
0.415
0.556
0.463
0.386
0.346
0.152
0.273
0.431
0.352
0.271
0.221
0.19
0.177
0.216
0.451
0.55
0.446
0.302
0.263
0.168
0.031
0.226
0.273
0.249
0.333
0.324
0.319
0.158
-0.089
-0.216
-0.281
-0.36
-0.427
-0.504
-0.576
-0.59
-0.647
-0.665
-0.411
-0.361
-0.44
-0.215
-0.175
-0.184
-0.246
-0.203
-0.258
-0.328
-0.346
-0.325
-0.211
-0.125
0.208
0.435
0.656
0.696
0.79
0.876
0.829
0.753
0.784
0.946
1.012
0.825
1.019
0.936
0.941
1.005
0.838
0.894
0.891
1.04
1.038
1.004
0.959
0.86
0.876
0.954
0.959
0.826
0.661
0.708
0.561
0.593
0.745
0.78
0.818
0.889
0.843
0.569
0.189
-0.103
-0.331
-0.417
-0.37
-0.42
-0.404
-0.401
-0.349
-0.438
-0.424
-0.221
-0.524
-0.511
-0.599
-0.554
-0.537
-0.31
-0.346
-0.305
-0.672
-0.67
-0.517
-0.307
-0.295
-0.182
-0.209
-0.076
-0.217
-0.022
-0.09
0.081
0.061
0.01
0.379
0.357
0.107
0.115
0.255
0.366
0.43
0.536
0.512
0.39
0.394
0.526
0.367
0.307
0.473
0.316
0.258
0.174
0.077
0.041
-0.031
-0.016
-0.026
0.031
0.074
0.061
-0.25
-0.241
-0.19
-0.286
0.056
0.076
0.28
0.343
0.478
0.367
0.23
0.201
0.261
0.143
0.229
0.215
0.217
0.05
0.021
0.17
0.324
0.366
0.465
0.514
0.557
0.638
0.916
1.044
0.995
1.038
1.186
1.235
1.325
1.175
1.091
0.851
0.838
0.949
1.05
1.134
1.121
1.285
1.219
1.127
0.938
0.805
0.61
0.496
0.365
0.261
0.069
0.049
0.116
0.146
0.095
0.174
0.133
0.083
-0.23
-0.286
-0.26
-0.158
-0.03
-0.119
-0.168
-0.384
-0.432
-0.537
-0.62
-0.735
-0.684
-0.685
-0.508
-0.594
-0.614
-0.394
-0.427
-0.371
-0.439
-0.435
-0.323
-0.275
-0.378
-0.374
-0.253
-0.266
-0.233
-0.22
-0.318
-0.256
-0.497
-0.341
-0.351
-0.352
-0.195
-0.391
-0.341
-0.249
-0.233
-0.163
-0.245
-0.241
-0.005
-0.158
-0.094
-0.109
-0.06
-0.147
-0.07
-0.001
0.175
0.175
0.161
0.482
0.579
0.542
0.614
0.509
0.386
0.302
0.359
0.672
0.724
0.671
0.679
0.651
0.305
0.33
0.346
0.391
0.173
0.111
0.029
-0.151
-0.092
-0.152
-0.307
-0.152
-0.074
-0.238
-0.099
-0.106
-0.13
-0.086
-0.179
-0.255
-0.438
-0.309
-0.4
-0.329
-0.256
-0.234
-0.246
-0.145
-0.04
-0.083
-0.135
-0.171
-0.212
-0.196
-0.354
-0.401
-0.439
-0.522
-0.532
-0.733
-0.521
-0.619
-0.625
-0.699
-0.649
-0.735
-0.754
-0.779
-0.74
-0.881
-0.844
-0.79
-0.724
-0.305
-0.219
-0.029
0.035
0.077
0.119
-0.005
-0.228
-0.179
-0.228
-0.255
-0.217
-10.336
0.065
-0.076
0.135
0.164
-0.116
-0.335
-0.369
-0.539
-0.268
-0.25
-0.283
-0.304
-0.449
-0.58
-0.389
-0.361
-0.432
-0.383
-0.527
-0.686
-0.659
-0.669
-0.629
-0.694
-0.635
-0.389
-0.615
-0.35
-0.395
-0.23
-0.184
-0.21
-0.319
-0.41
-0.306
-0.339
-0.431
-0.454
-0.531
-0.575
-0.621
-0.565
-0.465
-0.261
-0.159
-0.119
0.016
-0.173
-0.352
-0.344
-0.416
-0.682
-0.6
-0.63
-0.468
-0.348
-0.434
-0.274
-0.517
-0.388
-0.394
-0.344
-0.324
-0.276
-0.088
-0.258
-0.356
-0.386
-0.283
-0.24
-0.209
-0.076
-0.12
-0.05
0.109
0.349
0.506
0.52
0.551
0.532
0.527
0.345
0.281
0.33
0.427
0.316
0.357
0.459
0.413
0.532
0.427
0.364
0.453
0.456
0.319
0.324
0.565
0.265
0.324
0.265
0.278
0.247
0.206
0.304
0.055
0.015
-0.113
-0.356
-0.388
-0.413
-0.454
-0.487
-0.557
-0.57
-0.537
-0.515
-0.535
-0.514
-0.496
-0.559
-0.58
-0.619
-0.194
-0.171
-0.124
-0.1
-0.271
-0.173
0.066
0.161
0.23
0.434
0.45
0.416
0.416
0.531
0.764
0.878
0.812
0.83
0.848
0.781
0.869
1.014
1.006
0.804
0.921
0.629
0.754
0.728
0.781
0.666
0.836
0.797
0.796
0.769
0.626
0.585
0.357
0.704
0.537
0.499
0.69
0.787
0.731
0.765
0.599
0.649
0.674
0.709
0.796
0.709
0.871
0.869
0.9
0.95
0.7
0.601
0.482
0.383
0.539
0.328
0.255
0.171
0.464
0.149
0.136
0.028
0.015
-0.034
-0.049
-0.19
-0.11
-0.079
-0.211
-0.453
-0.475
-0.571
-0.482
-0.63
-0.326
-0.436
-0.312
-0.289
-0.508
-0.605
-0.641
-0.479
-0.39
-0.245
-0.208
-0.276
-0.019
-0.055
-0.059
-0.065
-0.052
0.029
0.155
0.177
0.133
0.28
0.478
0.48
0.603
0.559
0.739
0.781
0.769
0.932
0.925
0.925
1.01
0.946
0.921
1.071
1.031
1.07
0.863
0.675
0.878
0.873
0.922
0.935
0.84
0.739
0.863
0.635
0.83
1.018
0.914
0.749
0.912
0.945
0.795
1.024
0.951
0.974
0.976
0.776
0.886
0.804
0.574
0.27
0.329
0.349
0.306
0.27
0.32
0.263
-0.041
0.013
-0.085
-0.062
0.059
-0.035
-0.175
-0.305
-0.399
-0.61
-0.73
-0.598
-0.666
-0.684
-0.556
-0.606
-0.591
-0.608
-0.61
-0.67
-0.557
-0.411
-0.59
-0.426
-0.275
-0.435
-0.231
-0.251
0.029
0.245
0.291
0.376
0.331
0.647
0.654
0.503
0.583
0.603
0.628
0.595
0.581
0.656
0.526
0.591
0.593
0.514
0.635
0.581
0.63
0.735
0.724
0.954
0.811
0.836
0.578
0.631
0.8
0.838
1.034
1.113
1.059
1.1
1.246
1.095
0.889
0.939
0.85
0.765
0.776
0.745
0.97
0.855
0.772
0.541
0.484
0.4
0.449
0.253
0.525
0.367
0.51
0.36
0.443
0.383
0.372
0.24
0.121
0.096
-0.08
-0.158
-0.328
-0.126
-0.19
-0.268
-0.13
-0.166
0.058
-0.242
-0.398
-0.474
-0.61
-0.759
-0.77
-0.8
-0.728
-0.78
-1.061
-1.146
-1.198
-1.325
-1.693
-1.416
-1.426
-1.351
-1.377
-1.54
-1.705
-1.759
-1.975
-2.059
-1.92
-1.929
-2.109
-2.103
-1.853
-1.762
-1.436
-1.593
-1.478
-1.264
-1.119
-1.011
-1.1
-0.902
-0.709
-0.531
-0.525
-0.515
-0.319
-0.118
-0.18
-0.089
-0.239
0.125
0.24
0.361
0.504
0.468
0.357
0.319
0.269
0.279
0.334
0.53
0.559
0.786
0.858
0.781
0.871
1.196
0.956
1.116
0.894
0.866
0.956
0.902
1.011
1.181
1.219
0.986
0.953
0.975
0.964
0.935
0.99
0.994
0.921
0.729
0.618
0.54
0.463
0.336
0.155
0.007
0.182
0.158
0.075
-0.004
0.19
0.254
0.394
0.417
0.461
0.639
0.647
0.399
0.367
0.43
0.494
0.526
0.432
0.541
0.349
0.312
0.19
0.166
-0.016
0.036
0.064
0.116
-0.03
-0.214
-0.17
-0.036
-0.056
-0.045
-0.245
-0.159
-0.1
-0.231
-0.341
-0.431
-0.792
-0.619
-0.718
-0.769
-0.821
-1.206
-0.968
-1.123
-1.175
-1.111
-1.117
-0.714
-0.624
-0.644
-0.586
-0.551
-0.481
-0.531
-0.546
-0.492
-0.189
-0.244
-0.056
0.212
0.147
0.036
-0.065
-0.13
-0.196
-0.154
-0.062
-0.161
-0.061
-0.044
-0.016
0.003
-0.096
-0.049
-0.07
-0.049
-0.054
-0.13
-0.144
-0.181
-0.085
-0.045
0.088
0.147
0.015
-0.174
-0.221
-0.531
-0.603
-0.89
-0.725
-0.955
-0.654
-0.53
-0.454
-0.429
-0.274
-0.221
-0.206
-0.389
-0.379
-0.259
-0.119
-0.266
-0.401
-0.152
-0.348
-0.334
-0.258
-0.043
-0.033
-0.138
-0.107
-0.264
-0.239
-0.357
-0.329
-0.11
-0.151
0.034
-0.021
-0.155
-0.126
-0.016
0.258
0.3
0.365
0.456
0.665
0.682
0.504
0.401
0.333
0.196
0.427
0.379
0.478
0.539
0.664
0.448
0.475
0.077
0.155
0.191
0.074
0.114
0.15
0.12
0.077
0.289
0.216
0.08
0.171
0.1
-0.014
0.056
-0.066
-0.026
-0.179
-0.176
-0.009
-0.009
-0.09
-0.23
-0.5
-0.399
-0.531
-0.307
-0.165
-0.146
-0.135
0.075
0.205
0.175
0.115
-0.01
0.01
0.161
0.08
0.009
0.081
0.176
0.092
0.321
0.098
-0.19
-0.205
-0.105
-0.094
-0.263
0.033
-0.225
-0.118
0.007
-0.088
0.059
0.05
0.151
-0.026
-0.109
-0.059
0.079
-0.056
-0.101
-0.075
0.115
0.08
-0.131
-0.266
-0.556
-0.366
-0.381
-0.501
-0.568
-0.841
-0.782
-0.647
-0.734
-0.869
-0.828
-0.859
-0.785
-0.424
-0.361
-0.223
-0.119
0.185
0.28
0.318
0.408
0.473
0.811
0.961
1.246
1.121
1.074
0.964
1.038
1.169
0.953
1.229
0.951
1.08
1.105
1.064
0.897
0.924
0.864
1.04
0.907
0.861
0.911
0.638
0.569
0.508
0.425
0.584
0.469
0.379
0.416
0.296
0.161
0.149
0.109
-0.12
-0.225
-0.345
-0.338
-0.464
-0.595
-0.52
-0.319
-0.32
-0.115
-0.177
-0.223
-0.144
-0.141
-0.133
-0.049
0.141
0.325
0.145
0.233
0.066
-0.129
-0.024
-0.011
-0.092
-0.224
0.062
-0.242
-0.369
-0.306
-0.335
-0.508
-0.444
-0.409
-0.494
-0.38
-0.075
0.018
0.058
0.168
0.128
0.228
0.118
-0.07
-0.035
-0.193
-0.174
-0.051
0.107
0.052
0.001
0.364
0.16
0.19
-0.061
0.147
0.375
0.746
1.14
1.125
1.115
1.084
1.104
1.25
1.3
1.229
1.154
1.274
1.316
1.536
1.364
1.506
1.685
1.471
1.795
1.663
1.8
1.569
1.764
1.413
1.199
1.17
1.016
0.76
0.711
0.583
0.744
0.731
0.931
0.866
0.777
0.756
0.761
0.841
0.801
0.725
0.831
0.725
0.64
0.615
0.657
0.6
0.935
0.861
1.018
0.949
0.603
0.623
0.559
0.497
0.519
0.746
0.573
0.417
0.504
0.42
0.359
0.4
0.316
0.163
0.104
-0.236
-0.126
-0.275
-0.33
-0.711
-0.689
-0.858
-0.703
-0.698
-0.956
-0.906
-0.854
-0.922
-1.093
-1.209
-1.061
-1.146
-1.137
-1.055
-1.101
-1.249
-1.174
-1.001
-0.905
-0.871
-0.763
-0.753
-0.593
-0.525
-0.714
-0.575
-0.411
-0.169
-0.036
-0.052
-0.03
-0.046
0.075
0.236
0.288
0.269
0.26
0.281
0.468
0.449
0.579
0.555
0.446
0.356
0.399
0.354
0.435
0.48
0.603
0.485
0.729
0.406
0.386
0.299
0.026
-0.15
-0.205
-0.229
-0.388
-0.501
-0.515
-0.396
-0.484
-0.517
-0.635
-0.489
-0.208
-0.598
-0.424
-0.499
-0.576
-0.321
-0.436
-0.49
-0.624
-0.63
-0.854
-0.938
-0.856
-0.856
-0.745
-0.594
-0.471
-0.369
-0.435
-0.506
-0.372
-0.333
-0.141
-0.391
-0.225
-0.094
-0.007
0.176
0.221
0.0
0.33
0.258
0.01
-0.194
-0.099
-0.173
-0.312
-0.28
-0.338
-0.335
-0.484
-0.414
-0.38
-0.515
-0.714
-0.486
-0.336
-0.344
-0.422
-0.408
-0.68
-0.652
-0.869
-1.085
-0.976
-0.87
-0.896
-0.745
-0.784
-0.84
-0.871
-0.711
-0.501
-0.417
-0.5
-0.307
-0.236
-0.259
-0.378
-0.33
-0.333
-0.229
-0.311
-0.203
-0.485
-0.503
-0.393
-0.388
-0.19
-0.209
-0.091
-0.014
0.128
-0.08
-0.181
-0.389
-0.554
-0.305
-0.105
-0.121
0.043
0.026
0.083
0.009
-0.191
-0.179
-0.091
0.216
0.048
0.025
0.239
0.09
0.199
0.229
0.42
0.559
0.649
0.44
0.45
0.36
0.371
0.404
0.62
0.672
0.719
0.645
0.615
0.645
0.805
0.844
0.873
0.899
0.878
0.755
0.786
0.766
0.73
0.71
0.43
0.39
0.154
0.173
0.174
0.141
0.215
-0.041
-0.122
-0.086
-0.221
-0.279
-0.403
-0.454
-0.489
-0.33
-0.568
-0.775
-0.84
-0.786
-0.667
-0.763
-0.675
-0.544
-0.684
-0.739
-0.883
-0.665
-0.714
-0.779
-0.711
-0.556
-0.555
-0.679
-0.644
-0.598
-0.468
-0.249
-0.193
-0.239
-0.1
-0.136
-0.114
-0.12
0.031
-0.2
-0.214
-0.269
-0.166
-0.155
-0.109
-0.005
0.049
-0.154
-0.223
-0.16
-0.034
0.13
0.058
0.035
-0.016
-0.107
-0.147
-0.046
0.109
0.364
0.405
0.419
0.425
0.552
0.443
0.294
0.139
0.001
0.33
0.189
0.254
0.305
0.02
0.043
0.165
0.281
0.208
-0.05
-0.085
0.156
-0.128
-0.034
-0.022
0.163
0.21
0.211
0.273
0.394
0.268
0.286
0.367
0.372
0.389
0.454
0.367
0.177
0.432
0.235
0.434
0.2
0.354
0.21
0.176
-0.001
0.061
0.171
0.319
0.354
0.401
0.26
0.105
0.005
-0.203
-0.179
-0.195
-0.269
-0.024
-0.315
-0.284
-0.526
-0.484
-0.362
-0.141
-0.076
0.044
0.076
-0.014
-0.072
-0.128
-0.149
0.05
0.141
0.195
0.034
0.13
0.02
0.089
0.236
0.226
0.345
0.435
0.425
0.52
0.4
0.535
0.591
0.515
0.247
0.281
0.077
0.035
-0.016
-0.072
0.031
-0.029
0.133
0.055
0.125
0.095
0.056
-0.118
-0.217
-0.195
-0.345
-0.134
-0.193
-0.254
-0.259
-0.191
0.201
0.21
0.439
0.434
0.28
0.226
0.188
0.177
0.233
0.557
0.524
0.552
0.578
0.614
0.83
0.865
1.001
1.0
0.968
1.058
0.934
0.77
0.8
0.782
0.634
0.696
0.561
0.714
0.585
0.484
0.73
1.064
1.147
1.127
0.991
0.948
0.81
0.666
0.557
0.301
0.2
0.374
0.596
0.854
0.739
0.669
0.316
0.219
0.425
0.544
0.689
0.66
0.571
0.517
0.336
0.395
0.21
0.211
0.139
0.071
0.045
0.013
0.283
0.288
0.216
0.229
-0.041
-0.133
-0.072
-0.121
0.007
0.1
0.059
0.061
0.024
0.083
-0.163
-0.3
-0.386
-0.431
-0.671
-0.688
-0.49
-0.654
-0.657
-0.641
-0.675
-0.711
-0.91
-0.948
-0.99
-0.824
-0.941
-0.834
-0.954
-0.66
-0.718
-0.606
-0.594
-0.689
-0.638
-0.6
-0.453
-0.15
-0.33
-0.279
-0.266
-0.129
-0.196
-0.169
-0.009
0.044
-0.128
-0.014
-0.084
-0.242
-0.145
0.031
0.084
0.171
0.294
0.296
0.156
0.103
-0.146
-0.122
-0.059
-0.33
-0.191
-0.283
-0.234
0.048
0.051
-0.121
0.066
0.111
-0.019
-0.03
0.217
0.189
0.333
0.351
0.372
0.369
0.281
0.12
-0.084
-0.169
-0.08
-0.026
0.054
0.048
0.281
0.238
0.185
0.261
0.129
0.15
0.022
-0.417
-0.307
-0.02
0.152
0.301
0.147
0.013
-0.092
-0.234
-0.336
-0.199
-0.139
-0.089
-0.219
0.054
-0.007
0.098
-0.217
-0.631
-0.96
-1.167
-0.814
-0.7
-0.196
-0.383
-0.318
-0.321
-0.369
-0.485
-0.566
-0.547
-0.55
-0.621
-0.724
-0.966
-1.204
-1.135
-0.896
-0.775
-0.46
-0.286
-0.228
-0.039
-0.188
-0.24
-0.19
-0.2
-0.231
-0.464
-0.326
-0.494
-0.475
-0.403
-0.269
0.107
0.051
0.274
0.19
0.211
0.292
0.077
-0.064
-0.186
-0.239
-0.198
-0.098
-0.071
0.026
0.194
0.234
0.143
0.111
0.372
0.421
0.253
0.305
0.451
0.55
0.321
0.425
0.251
0.086
0.076
0.354
0.249
0.163
0.18
0.36
0.378
0.36
0.274
0.289
0.203
-0.013
-0.212
-0.194
-0.015
-0.095
-0.166
-0.14
-0.268
-0.341
-0.225
-0.42
-0.439
-0.62
-0.655
-0.625
-0.601
-0.59
-0.56
-0.509
-0.494
-0.426
-0.436
-0.469
-0.536
-0.254
-0.182
-0.215
-0.384
-0.659
-0.585
-0.405
-0.634
-0.764
-0.728
-0.667
-0.758
-0.631
-0.489
-0.375
-0.189
-0.281
-0.177
0.052
0.235
0.284
0.15
0.246
0.029
0.223
0.339
