0.443
0.482
0.446
0.383
0.505
0.456
0.474
0.624
0.621
0.716
0.72
0.649
0.396
0.395
0.265
0.41
0.341
0.295
0.131
0.048
-0.045
-0.156
-0.129
-0.161
-0.315
-0.374
-0.334
-0.404
-0.464
-0.52
-0.275
-0.532
-0.601
-0.413
-0.372
-0.301
-0.275
-0.211
-0.266
-0.083
-0.059
0.03
-0.034
-0.055
0.037
0.23
0.019
0.006
0.095
-0.125
-0.205
-0.233
0.031
-0.126
-0.006
0.208
-0.14
-0.26
-0.201
-0.333
-0.474
-0.443
-0.37
-0.381
-0.02
0.079
0.104
0.471
0.505
0.514
0.441
0.299
0.323
0.238
0.244
0.259
0.292
0.096
0.152
0.096
-0.164
-0.07
-0.256
-0.011
0.143
0.101
0.075
0.196
0.02
-0.22
0.043
0.031
0.086
-0.014
-0.276
-0.409
-0.489
-0.077
-0.203
-0.31
-0.295
-0.171
-0.083
0.076
-0.076
-0.019
0.195
0.186
0.261
0.36
0.419
0.225
0.131
0.186
0.1
0.134
0.105
0.206
0.066
0.211
0.349
0.33
0.461
0.549
0.44
0.245
0.241
0.307
0.14
0.039
0.391
0.312
0.333
0.464
0.439
0.41
0.33
0.333
0.484
0.422
0.642
0.8
0.875
0.979
0.698
0.628
0.421
0.238
-0.026
0.089
0.276
0.224
0.145
0.266
0.136
0.291
0.341
0.273
0.04
0.072
-0.214
-0.196
-0.254
-0.119
0.035
0.092
-0.064
-0.089
-0.085
0.009
0.145
0.163
0.288
0.417
0.405
0.384
0.249
0.254
0.161
0.144
0.036
0.138
-0.11
-0.242
-0.215
-0.006
-0.031
0.125
0.231
0.058
0.064
0.022
0.149
0.324
0.146
0.203
0.268
0.211
0.265
0.211
0.245
0.359
0.546
0.615
0.74
0.559
0.463
0.499
0.431
0.417
0.496
0.311
0.266
0.42
0.527
0.44
0.625
0.594
0.608
0.782
0.999
0.796
0.844
0.97
1.085
0.905
0.67
0.601
0.546
0.281
0.522
0.49
0.221
0.486
0.385
0.333
0.14
0.079
-0.141
-0.291
-0.364
-0.555
-0.45
-0.5
-0.349
-0.247
-0.221
-0.141
0.018
-0.031
0.056
0.138
0.08
0.171
0.12
0.064
0.149
0.239
0.312
0.29
0.4
0.323
0.085
0.066
0.119
0.221
0.214
0.296
0.551
0.5
0.482
0.475
0.504
0.568
0.561
0.495
0.175
0.009
-0.033
-0.131
0.084
0.083
-0.03
-0.221
-0.11
-0.051
0.139
0.175
0.034
-0.071
-0.264
-0.369
-0.351
-0.198
-0.158
-0.133
-0.19
-0.116
-0.125
0.007
0.299
0.395
0.554
0.777
0.834
0.63
0.916
0.91
0.938
0.958
0.925
0.901
0.716
0.385
0.525
0.753
0.86
0.985
1.226
1.086
1.069
0.871
0.893
0.76
0.9
1.086
0.955
0.554
0.318
-0.077
0.046
0.09
-0.022
0.177
0.095
0.238
0.115
0.007
0.077
-0.054
-0.105
-0.185
-0.2
-0.374
-0.259
-0.411
-0.231
-0.103
0.006
-0.18
-0.086
-0.099
-0.288
-0.365
-0.496
-0.63
-0.581
-0.549
-0.69
-0.959
-0.863
-0.985
-1.04
-0.938
-1.036
-1.059
-1.025
-1.203
-1.091
-1.097
-1.258
-1.343
-1.542
-1.559
-1.401
-1.179
-1.086
-0.975
-0.874
-0.958
-0.805
-0.828
-0.944
-0.812
-0.807
-0.804
-0.743
-0.781
-0.531
-0.489
-0.198
-0.304
-0.415
-0.276
-0.311
-0.059
-0.084
0.23
0.064
0.323
0.325
0.508
0.656
0.636
0.574
0.526
0.606
0.581
0.454
0.395
0.464
0.81
0.95
1.295
1.176
1.17
1.173
1.328
1.525
1.509
1.532
1.439
1.381
1.25
0.996
0.754
0.463
0.469
0.685
0.883
0.878
0.95
0.64
0.468
0.436
0.302
0.492
0.389
0.238
-0.046
-0.14
-0.049
-0.328
-0.315
-0.258
-0.186
0.081
-0.126
-0.169
-0.174
-0.075
0.052
0.215
0.292
0.177
0.321
0.174
0.18
0.106
-0.338
-0.291
-0.119
0.036
0.113
0.065
-0.009
-0.06
-0.478
-0.588
-0.741
-0.64
-0.449
-0.191
-0.028
0.17
-0.066
-0.343
-0.325
-0.365
-0.435
-0.469
-0.234
-0.379
-0.436
-0.319
-0.427
-0.348
-0.311
-0.355
-0.3
-0.365
-0.17
0.061
0.134
0.105
0.259
0.459
0.489
0.455
0.509
0.216
-0.014
-0.365
-0.061
-0.3
-0.155
0.086
-0.041
0.146
0.031
0.295
0.161
0.001
-0.009
-0.007
0.079
0.02
-0.131
-0.119
-0.175
-0.203
-0.201
-0.16
-0.14
-0.188
-0.209
-0.177
-0.091
-0.235
-0.255
-0.239
-0.326
-0.569
-0.482
-0.604
-0.579
-0.681
-0.62
-0.564
-0.659
-0.547
-0.655
-0.62
-0.662
-0.608
-0.611
-0.691
-0.78
-0.891
-1.042
-0.975
-0.932
-1.157
-1.069
-1.062
-1.117
-1.205
-1.107
-1.211
-1.17
-1.116
-0.693
-0.568
-0.504
-0.588
-0.446
-0.516
-0.415
-0.331
0.046
0.103
0.26
0.143
0.072
0.122
0.173
0.281
0.357
0.413
0.283
0.098
0.224
-0.049
-0.217
-0.14
0.122
0.2
0.072
0.115
0.107
-0.049
-0.03
0.075
0.32
0.269
0.191
0.198
0.155
0.221
0.079
0.19
0.268
-0.226
-0.173
-0.214
-0.405
-0.436
-0.381
-0.289
0.052
0.216
0.492
0.345
0.36
0.461
0.259
0.27
0.288
0.338
0.37
0.314
0.231
-0.041
-0.045
-0.216
0.004
0.145
0.185
0.111
0.231
0.496
0.268
0.18
0.1
-0.096
0.1
-0.134
-0.159
-0.061
-0.045
-0.076
-0.025
0.044
0.049
0.021
-0.122
-0.089
-0.165
-0.225
-0.319
-0.667
-0.619
-0.537
-0.395
-0.36
-0.479
-0.718
-0.865
-0.75
-0.751
-0.833
-0.647
-0.631
-0.651
-0.638
-0.464
-0.38
-0.408
-0.378
-0.475
-0.289
-0.156
0.188
0.455
0.356
0.225
0.379
0.299
0.247
0.156
0.215
0.531
0.274
0.113
0.231
0.301
0.526
0.537
0.555
0.465
0.422
0.314
0.228
0.281
0.261
0.046
0.066
0.08
0.029
-0.128
-0.199
-0.422
-0.489
-0.211
-0.261
0.019
0.029
-0.075
0.044
0.159
0.072
0.275
0.238
0.269
0.431
0.339
0.411
0.394
0.455
0.445
0.606
0.595
0.527
0.409
0.434
0.296
0.271
0.466
0.386
0.45
0.155
0.352
0.034
0.048
-0.139
-0.259
-0.091
-0.096
-0.011
-0.131
-0.189
0.188
-0.037
-0.004
-0.058
-0.043
-0.062
0.064
-0.278
-0.396
-0.424
-0.295
-0.245
-0.263
-0.021
0.003
0.049
0.059
0.182
0.13
0.159
0.039
-0.077
0.019
-0.029
-0.209
-0.19
-0.351
-0.446
-0.266
-0.344
-0.351
-0.315
-0.408
-0.46
-0.536
-0.585
-0.54
-0.684
-0.714
-0.833
-0.495
-0.625
-0.615
-0.631
-0.388
-0.4
-0.414
-0.348
-0.413
-0.285
-0.188
-0.122
-0.045
-0.043
0.103
0.165
0.179
0.255
0.191
0.199
0.264
0.335
0.348
0.171
0.028
0.273
0.161
0.104
0.223
0.144
0.242
0.244
0.254
0.256
0.361
0.292
0.436
0.599
0.74
0.761
0.62
0.731
0.623
0.591
0.426
0.511
0.529
0.745
0.584
0.42
0.594
0.106
0.029
0.033
-0.085
0.211
0.359
0.589
0.666
0.756
0.644
0.682
0.352
0.129
0.028
0.064
0.12
0.41
0.541
0.517
0.618
0.839
0.815
0.8
0.359
0.299
0.069
-0.13
-0.244
-0.088
-0.05
-0.015
0.083
-0.061
-0.409
-0.682
-0.591
-0.849
-0.794
-0.829
-0.696
-0.671
-0.535
-0.654
-0.728
-0.82
-0.77
-0.859
-0.546
-0.68
-0.461
-0.579
-0.726
-0.745
-0.65
-0.384
-0.217
-0.23
-0.329
-0.166
-0.019
0.14
0.065
0.206
0.496
0.605
0.628
0.403
0.393
0.225
0.046
0.203
0.22
0.176
0.401
0.448
0.448
0.471
0.383
0.175
0.3
0.484
0.704
0.829
0.55
0.9
0.944
0.999
0.938
0.914
1.09
1.085
0.999
1.071
0.833
0.976
0.88
0.738
0.64
0.401
0.481
0.071
0.006
-0.049
0.109
0.291
0.635
0.806
0.725
0.682
0.635
0.719
0.495
0.621
0.405
0.385
0.623
0.36
0.253
0.318
0.361
0.246
0.217
0.266
0.411
0.537
0.516
0.354
0.315
0.193
0.211
0.254
0.331
0.251
0.176
0.299
0.164
0.024
-0.064
-0.154
-0.049
-0.2
-0.217
-0.246
-0.254
-0.226
-0.154
-0.314
-0.151
-0.128
0.051
-0.28
-0.229
-0.179
-0.236
-0.261
-0.295
-0.367
-0.499
-0.283
-0.445
-0.562
-0.619
-0.609
-0.571
-0.588
-0.693
-0.588
-0.76
-0.64
-0.536
-0.519
-0.526
-0.266
-0.083
-0.188
-0.315
-0.263
-0.326
-0.482
-0.479
-0.411
-0.356
-0.275
-0.195
-0.048
-0.152
-0.059
-0.081
0.169
-0.022
-0.028
-0.12
0.141
0.143
0.122
0.147
0.249
0.406
0.331
0.409
0.246
0.247
0.05
-0.174
-0.255
-0.215
-0.41
-0.291
-0.565
-0.48
-0.713
-0.897
-0.609
-0.693
-0.549
-0.448
-0.434
-0.116
-0.33
-0.264
-0.103
-0.299
-0.59
-0.578
-0.579
-0.4
-0.11
-0.018
-0.043
-0.14
-0.295
-0.321
-0.334
-0.465
-0.374
-0.431
-0.408
-0.344
-0.036
0.006
-0.039
0.212
0.333
0.404
0.726
0.76
0.481
0.729
0.621
0.797
0.695
0.797
0.93
0.936
0.932
0.869
0.54
0.614
0.629
0.67
0.851
0.983
1.143
1.308
1.205
1.236
1.056
0.849
0.799
0.635
0.78
0.89
0.751
0.764
0.818
0.841
0.706
0.89
0.481
0.405
0.355
0.297
0.461
0.459
0.512
0.708
0.786
0.941
0.93
0.879
0.735
0.534
0.331
0.239
0.003
0.048
0.025
-0.099
-0.21
0.174
-0.143
-0.354
-0.246
-0.486
-0.295
-0.224
-0.32
-0.451
-0.394
-0.321
-0.503
-0.406
-0.413
-0.077
0.04
0.208
0.234
0.109
-0.098
-0.461
-0.738
-1.03
-1.117
-0.917
-0.899
-0.777
-0.792
-0.67
-0.574
-0.495
-0.422
-0.281
-0.144
-0.193
0.071
-0.006
0.031
-0.31
-0.416
-0.596
-0.96
-1.312
-1.341
-1.16
-0.86
-0.809
-0.686
-0.659
-0.694
-0.545
-0.801
-0.669
-0.969
-0.9
-0.966
-1.046
-1.046
-1.124
-0.809
-0.729
-0.657
-0.713
-0.494
-0.311
-0.239
-0.076
-0.311
0.111
0.16
-0.199
-0.066
0.079
0.121
0.04
0.196
0.035
0.156
0.394
0.465
0.489
0.647
0.605
0.406
0.285
0.211
0.424
0.36
0.189
0.169
0.076
0.158
-0.039
-0.133
-0.2
-0.286
-0.381
-0.374
-0.416
-0.568
-0.379
-0.469
-0.573
-0.451
-0.111
0.13
0.231
0.425
0.466
0.521
0.463
0.229
0.339
0.324
0.271
0.096
0.135
0.145
0.096
-0.136
-0.109
-0.074
-0.016
-0.083
-0.168
-0.054
0.089
0.234
0.289
0.268
0.365
0.36
0.314
0.339
0.208
0.233
0.348
0.449
0.525
0.65
0.492
0.667
0.782
0.93
1.016
0.786
0.766
0.484
0.333
0.212
0.231
0.072
0.098
0.048
0.124
0.348
0.629
0.517
0.345
0.12
0.024
-0.007
0.09
0.056
0.054
-0.064
-0.026
-0.223
-0.104
0.115
0.074
0.065
-0.198
-0.134
0.144
0.255
0.211
0.413
0.193
0.215
0.231
0.426
0.12
0.147
-0.039
0.274
0.289
0.182
0.235
0.43
0.431
0.355
0.208
0.289
0.461
0.595
0.5
0.516
0.32
0.414
0.601
0.39
0.367
0.445
0.446
0.608
0.49
0.581
0.569
0.409
0.126
0.173
0.098
-0.022
-0.084
-0.344
-0.286
-0.305
-0.312
-0.372
-0.328
-0.516
-0.42
-0.545
-0.516
-0.593
-0.805
-0.826
-0.981
-0.966
-0.985
-0.995
-0.823
-0.854
-0.826
-0.939
-0.83
-1.032
-0.925
-0.994
-1.199
-1.146
-0.955
-0.876
-0.805
-0.591
-0.489
-0.445
-0.365
-0.516
-0.379
-0.685
-0.631
-0.52
-0.391
-0.211
-0.292
-0.359
-0.565
-0.333
-0.177
-0.143
-0.028
-0.095
0.138
0.133
0.238
0.271
0.188
0.191
0.083
0.12
-0.049
0.147
0.244
-0.075
-0.011
-0.077
0.024
0.146
0.13
0.11
0.052
0.209
0.176
0.079
0.173
0.326
0.193
0.276
0.324
0.244
0.205
0.245
0.314
0.22
0.348
0.14
0.247
0.216
0.344
0.104
0.125
0.094
0.09
-0.01
0.292
0.312
0.134
0.228
0.201
0.119
0.084
-0.07
0.007
-0.122
0.014
-0.059
-0.17
-0.046
-0.096
-0.084
-0.154
-0.149
-0.099
0.036
-0.274
-0.22
-0.37
-0.281
-0.229
-0.085
-0.133
-0.066
0.007
-0.048
-0.06
-0.089
-0.088
-0.159
-0.226
-0.036
-0.275
-0.338
-0.45
-0.708
-0.591
-0.302
-0.574
-0.32
-0.195
-0.459
-0.499
-0.588
-0.193
0.046
0.054
0.223
0.333
0.435
0.588
0.667
0.565
0.693
0.755
0.907
1.18
1.084
1.284
1.356
1.05
1.264
1.256
1.296
1.455
1.252
1.436
1.45
1.44
1.506
1.629
1.334
1.34
1.38
1.191
1.085
0.839
0.85
1.041
1.048
0.755
0.695
0.606
0.419
0.471
0.326
0.534
0.586
0.475
0.309
0.605
0.268
0.059
0.302
0.58
0.795
0.664
0.525
0.458
0.464
0.549
0.665
0.578
0.801
1.105
0.841
1.002
1.054
0.943
0.8
0.981
1.056
0.912
0.939
0.919
0.84
0.916
0.968
0.729
0.733
0.751
0.714
0.856
0.713
0.938
0.844
0.65
0.497
0.318
0.215
0.026
0.191
0.334
0.48
0.417
0.288
0.356
0.143
-0.104
-0.285
-0.301
-0.527
-0.266
-0.379
-0.239
-0.212
-0.324
-0.374
-0.521
-0.638
-0.769
-0.675
-1.018
-1.135
-1.236
-1.33
-1.541
-1.71
-1.574
-1.615
-1.633
-1.676
-1.604
-1.562
-1.448
-1.599
-1.34
-1.256
-1.294
-0.901
-0.955
-0.938
-1.004
-0.92
-0.733
-0.529
-0.27
-0.11
-0.007
0.288
0.624
0.497
0.725
0.934
0.738
0.631
0.61
0.991
1.135
1.188
1.334
1.326
1.541
1.355
1.241
0.996
1.129
1.216
1.136
0.888
0.93
1.13
1.21
1.413
1.595
1.377
1.266
1.095
1.062
0.8
0.839
0.704
0.667
0.599
0.603
0.36
0.424
0.189
0.139
-0.088
-0.037
-0.295
-0.379
-0.55
-0.511
-0.599
-0.67
-0.604
-0.599
-0.769
-0.77
-0.801
-0.811
-0.844
-0.964
-1.15
-1.214
-1.066
-0.787
-0.672
-0.509
-0.366
-0.598
-0.535
-0.506
-0.448
-0.539
-0.559
-0.389
-0.494
-0.559
-0.72
-0.756
-0.749
-0.679
-0.364
-0.475
-0.276
-0.445
-0.427
-0.569
-0.409
-0.45
-0.348
-0.075
-0.17
0.028
0.041
-0.195
-0.205
-0.408
-0.152
-0.116
0.276
0.304
0.146
-0.086
-0.154
-0.458
-0.434
-0.526
-0.505
-0.516
-0.549
-0.645
-0.761
-0.565
-0.611
-0.645
-0.508
-0.491
-0.725
-0.761
-0.689
-0.545
-0.527
-0.333
-0.352
-0.254
-0.351
-0.408
-0.436
-0.583
-0.323
-0.245
-0.037
-0.061
-0.25
-0.052
-0.471
-0.081
0.145
0.343
0.611
0.7
0.863
0.841
0.766
0.815
1.18
1.299
1.174
1.166
1.025
1.093
1.093
1.07
0.99
0.885
0.779
1.03
0.914
0.824
0.801
0.628
0.584
0.316
0.107
0.145
0.049
-0.286
-0.344
-0.578
-0.559
-0.561
-0.48
-0.441
-0.432
-0.338
-0.406
-0.21
-0.464
-0.254
-0.403
-0.356
-0.473
-0.497
-0.404
-0.355
-0.445
-0.294
0.025
-0.105
-0.013
-0.005
0.116
0.145
0.052
-0.007
-0.119
-0.061
-0.111
-0.06
0.128
0.105
0.021
-0.12
-0.003
-0.091
0.131
0.143
0.028
0.084
0.15
0.199
0.158
0.362
0.406
0.441
0.421
0.691
0.588
0.589
0.74
0.927
1.129
1.111
1.086
0.925
0.749
0.721
0.744
0.609
0.59
0.54
0.603
0.718
0.77
0.628
0.395
0.129
-0.055
-0.185
-0.189
-0.072
0.07
0.071
-0.124
-0.159
-0.301
-0.429
-0.419
-0.431
-0.551
-0.325
-0.331
-0.776
-1.001
-0.89
-0.618
-0.656
-0.273
-0.338
-0.329
-0.409
-0.394
-0.611
-0.631
-0.606
-0.532
-0.475
-0.394
-0.638
-0.698
-0.784
-0.785
-0.826
-0.736
-0.453
-0.145
0.11
0.141
0.17
0.029
-0.266
-0.6
-0.64
-0.564
-0.295
-0.219
-0.041
0.129
0.151
-0.09
-0.11
0.061
-0.006
0.195
0.19
0.107
0.19
0.088
0.046
0.285
0.331
0.239
0.388
0.556
0.575
0.506
0.569
0.424
0.44
0.66
0.522
0.659
0.731
0.307
0.194
0.174
0.279
0.41
0.28
0.388
0.345
0.616
0.583
0.777
0.787
0.955
1.209
1.015
0.844
0.719
0.606
0.48
0.527
0.517
0.554
0.372
0.359
0.381
0.309
0.376
0.292
0.485
0.586
0.352
0.328
0.139
-0.18
-0.156
-0.198
-0.163
-0.08
0.006
-0.115
-0.121
-0.238
-0.354
-0.295
-0.139
-0.015
0.291
0.301
0.404
0.367
0.389
0.56
0.362
0.598
0.6
0.551
0.465
0.275
0.42
0.295
0.456
0.346
0.154
0.23
0.193
-0.052
0.02
-0.089
-0.056
-0.278
-0.311
-0.547
-0.509
-0.338
-0.536
-0.486
-0.541
-0.598
-0.723
-0.81
-0.859
-1.006
-0.975
-0.966
-0.999
-0.812
-0.92
-0.638
-0.61
-0.709
-0.307
0.007
0.241
0.32
0.485
0.409
0.524
0.503
0.531
0.396
0.51
0.489
0.593
0.66
0.686
0.355
0.264
0.436
0.478
0.427
0.517
0.352
0.371
0.309
0.166
0.3
0.491
0.766
0.638
0.806
0.804
0.846
0.554
0.571
0.485
0.39
0.517
0.706
0.699
0.667
0.497
0.568
0.464
0.464
0.461
0.542
0.667
0.728
0.561
0.42
0.307
0.446
0.048
-0.005
-0.206
-0.154
-0.355
-0.281
-0.436
-0.62
-0.511
-0.573
-0.716
-0.834
-0.901
-1.074
-1.066
-1.091
-0.949
-0.729
-0.915
-0.776
-0.924
-0.839
-0.807
-0.765
-0.499
-0.357
-0.406
-0.512
-0.351
-0.512
-0.454
-0.499
-0.604
-0.336
-0.041
0.186
0.362
0.438
0.355
0.487
0.546
0.534
0.396
0.321
0.247
0.268
0.201
0.195
0.23
0.284
0.351
0.344
0.439
0.521
0.454
0.323
0.174
0.154
0.239
0.286
0.32
0.463
0.3
0.316
0.174
-0.029
-0.105
0.03
-0.041
0.02
0.15
0.126
0.138
0.139
0.039
0.146
-0.054
-0.111
-0.164
-0.095
-0.276
-0.465
-0.51
-0.478
-0.286
-0.291
-0.31
-0.195
-0.085
-0.089
-0.169
-0.352
-0.216
-0.421
-0.296
-0.796
-0.655
-0.674
-0.44
-0.344
-0.351
-0.271
-0.164
-0.356
-0.32
-0.672
-0.581
-0.463
-0.345
-0.155
-0.411
-0.616
-0.404
-0.554
-0.54
-0.751
-0.45
-0.583
-0.585
-0.419
-0.65
-0.679
-0.664
-0.408
-0.309
-0.216
-0.151
-0.304
-0.575
-0.522
-0.504
-0.414
-0.286
-0.185
0.089
0.075
-0.045
-0.103
-0.341
-0.264
-0.18
-0.241
-0.251
-0.079
-0.006
0.064
-0.083
-0.206
-0.27
-0.175
-0.281
-0.583
-0.609
-0.754
-0.79
-0.975
-1.07
-0.964
-0.953
-0.796
-0.994
-0.801
-0.954
-1.169
-0.92
-0.87
-0.628
-0.649
-0.525
-0.352
-0.501
-0.321
-0.165
0.013
0.129
0.33
0.524
0.625
0.679
0.565
0.679
0.611
0.986
1.183
1.228
1.353
1.251
1.275
1.125
1.249
1.281
1.157
1.238
1.075
0.91
0.761
1.05
0.885
0.976
1.226
1.244
1.055
1.208
1.104
1.232
1.173
1.048
0.925
0.846
0.741
0.67
0.741
0.824
0.804
0.861
0.902
1.119
1.009
1.109
1.17
1.374
1.173
1.004
0.745
0.774
0.669
0.536
0.56
0.581
0.524
0.395
0.249
0.357
0.44
0.429
0.124
0.107
0.009
-0.304
-0.448
-0.738
-0.807
-0.719
-0.691
-0.682
-0.621
-0.78
-0.713
-0.694
-0.628
-0.586
-0.756
-0.825
-0.771
-0.772
-0.871
-1.004
-1.117
-1.096
-0.907
-0.718
-0.583
-0.359
-0.536
-0.497
-0.508
-0.532
-0.444
-0.43
-0.333
-0.289
-0.194
-0.284
-0.095
0.164
0.136
-0.074
0.022
0.091
0.119
0.25
0.359
0.455
0.448
0.586
0.461
0.294
0.145
-0.021
0.03
0.081
0.268
0.113
0.209
0.281
0.163
0.364
0.532
0.61
0.651
0.8
0.615
0.593
0.365
0.475
0.42
0.276
0.211
-0.004
0.076
-0.125
-0.043
0.258
0.343
0.429
0.438
0.62
0.608
0.61
0.684
0.756
0.854
0.95
0.659
0.792
0.728
0.794
0.829
0.566
0.547
0.431
0.454
0.417
0.379
0.521
0.695
0.922
0.911
0.734
0.611
0.531
0.138
0.188
0.236
0.369
0.345
0.29
0.284
0.36
0.401
0.427
0.542
0.541
0.62
0.539
0.4
0.444
0.508
0.468
0.458
0.584
0.731
0.706
0.459
0.295
0.399
0.391
0.542
0.605
0.53
0.41
0.386
0.328
0.095
0.052
-0.072
-0.221
-0.08
-0.098
-0.077
-0.111
-0.124
-0.069
-0.096
0.159
0.269
0.25
0.295
0.306
0.469
0.439
0.385
0.214
0.434
0.38
0.469
0.388
0.43
0.415
0.225
0.316
0.304
0.54
0.546
0.461
0.496
0.199
0.198
0.107
0.08
0.111
-0.045
0.29
0.242
0.249
0.26
0.145
0.037
-0.037
-0.035
-0.045
-0.009
-0.107
-0.158
0.004
0.118
0.061
0.058
0.371
0.101
