-0.086
-0.189
-0.662
-0.768
-0.849
-0.956
-0.864
-0.512
-0.209
-0.055
0.133
0.143
0.121
0.033
-0.146
-0.069
-0.109
0.061
-0.035
0.074
0.186
0.247
0.43
0.495
0.634
0.5
0.76
0.473
0.588
0.473
0.473
0.638
0.608
0.544
0.517
0.485
0.383
0.291
0.255
0.292
0.424
0.261
0.299
0.301
0.186
0.19
0.182
0.121
0.201
0.096
0.114
0.201
0.064
0.265
0.149
0.104
0.074
-0.036
-0.098
-0.264
-0.609
-0.61
-0.546
-0.514
-0.568
-0.511
-0.474
-0.615
-0.775
-0.846
-0.789
-0.83
-0.985
-1.088
-1.176
-1.259
-1.154
-1.35
-1.296
-1.186
-1.13
-0.959
-0.98
-0.466
-0.515
-0.399
-0.361
-0.439
-0.195
-0.022
0.083
0.115
0.245
0.487
0.624
0.82
0.849
1.058
0.998
1.175
1.429
1.47
1.708
1.631
1.519
1.481
1.294
1.465
1.426
1.482
1.347
1.26
0.971
0.949
0.66
0.619
0.606
0.532
0.325
0.289
0.219
0.134
0.004
-0.001
-0.041
-0.071
0.174
0.031
0.185
0.163
0.1
-0.081
0.015
-0.135
-0.203
-0.288
-0.388
-0.393
-0.401
-0.417
-0.436
-0.362
-0.451
-0.541
-0.526
-0.656
-0.661
-0.835
-0.991
-0.991
-0.998
-0.826
-0.875
-0.854
-0.978
-0.917
-0.922
-1.18
-1.259
-1.194
-1.41
-1.329
-1.344
-1.384
-1.433
-1.423
-1.265
-1.419
-1.351
-1.314
-1.396
-1.581
-1.681
-1.895
-1.936
-2.046
-1.985
-1.923
-1.976
-1.845
-1.924
-1.814
-1.718
-1.61
-1.414
-1.496
-1.296
-1.417
-1.245
-1.205
-1.062
-1.272
-1.174
-1.011
-0.935
-0.716
-0.593
-0.398
-0.478
-0.254
0.1
0.061
0.309
0.421
0.682
0.463
0.54
0.723
0.802
0.995
1.059
1.234
1.491
1.474
1.25
1.071
0.96
0.598
0.593
0.426
0.294
0.379
0.352
0.432
0.403
0.466
0.509
0.236
0.066
0.062
-0.139
-0.184
-0.304
-0.43
-0.211
-0.323
-0.264
-0.408
-0.371
-0.307
-0.448
-0.465
-0.453
-0.485
-0.331
-0.378
-0.35
-0.505
-0.254
-0.401
-0.214
-0.244
-0.45
-0.495
-0.403
-0.425
-0.564
-0.422
-0.56
-0.333
-0.265
-0.333
-0.41
-0.361
-0.378
-0.319
-0.559
-0.468
-0.564
-0.398
-0.438
-0.454
-0.301
-0.27
-0.189
-0.289
-0.171
-0.443
-0.426
-0.404
-0.369
-0.32
-0.366
-0.175
-0.295
-0.141
-0.21
-0.155
-0.07
-0.029
-0.085
-0.113
-0.076
-0.141
0.061
0.054
0.136
-0.016
0.114
0.236
0.215
0.2
0.376
0.199
0.514
0.537
0.357
0.379
0.305
0.294
0.414
0.444
0.451
0.516
0.349
0.366
0.264
0.188
0.275
0.233
0.256
0.264
0.278
0.145
0.348
0.361
0.497
0.256
0.208
0.261
0.16
0.208
0.174
0.173
0.299
0.195
0.261
0.285
0.276
0.229
0.343
0.367
0.294
0.312
0.284
0.196
0.28
0.141
0.054
0.129
0.185
0.182
0.084
0.086
0.152
0.199
0.217
0.125
-0.092
-0.077
-0.269
-0.1
-0.306
-0.238
-0.089
0.007
0.158
0.254
0.376
0.28
0.323
0.289
0.051
0.2
0.156
0.009
0.281
-0.031
0.054
-0.034
0.025
-0.145
0.096
0.011
-0.135
-0.158
-0.229
-0.229
-0.369
-0.274
-0.47
-0.487
-0.63
-0.586
-0.514
-0.56
-0.693
-0.774
-0.7
-0.694
-0.759
-0.55
-0.669
-0.525
-0.521
-0.443
-0.241
-0.131
0.035
0.066
0.076
0.118
0.104
0.16
0.203
0.125
0.41
0.552
0.506
0.661
0.614
0.59
0.571
0.626
0.731
0.605
0.688
0.504
0.316
0.288
0.335
0.416
0.328
0.206
0.077
-0.015
-0.166
-0.129
-0.081
-0.09
-0.136
-0.292
-0.19
-0.261
-0.233
-0.236
-0.276
-0.19
-0.103
-0.095
-0.139
0.194
0.072
0.355
0.354
0.284
0.359
0.336
0.291
0.134
0.061
0.076
0.084
0.12
0.043
-0.011
-0.025
-0.074
-0.084
-0.026
-0.115
-0.225
-0.193
-0.411
-0.487
-0.573
-0.408
-0.629
-0.718
-0.704
-0.953
-0.948
-0.87
-0.829
-0.73
-0.856
-0.874
-0.869
-0.845
-0.828
-0.824
-0.769
-0.802
-0.652
-0.63
-0.49
-0.401
-0.273
-0.086
-0.177
-0.101
-0.173
-0.238
-0.175
-0.258
-0.288
-0.233
-0.211
-0.233
-0.12
-0.19
-0.072
-0.029
-0.116
-0.09
-0.113
-0.135
-0.221
-0.263
-0.115
-0.156
-0.106
-0.159
-0.334
-0.205
-0.349
-0.103
-0.266
-0.239
-0.205
-0.241
-0.182
-0.221
-0.294
-0.238
-0.165
-0.246
-0.154
-0.035
0.075
0.179
0.061
0.0
-0.189
-0.118
-0.291
-0.271
-0.15
-0.118
-0.086
-0.196
-0.247
-0.234
-0.194
-0.365
-0.325
-0.451
-0.633
-0.633
-0.672
-0.713
-0.651
-0.7
-0.545
-0.56
-0.505
-0.557
-0.611
-0.71
-0.79
-0.693
-0.886
-0.885
-0.985
-0.925
-1.085
-0.909
-1.076
-1.062
-0.969
-1.117
-0.792
-0.871
-0.711
-0.534
-0.271
-0.425
-0.26
-0.138
-0.098
0.031
-0.103
-0.026
0.064
0.211
0.354
0.586
0.565
0.652
0.734
0.659
0.631
0.628
0.774
0.756
0.681
0.679
0.571
0.629
0.62
0.499
0.465
0.526
0.564
0.519
0.551
0.515
0.726
0.49
0.5
0.445
0.484
0.438
0.575
0.497
0.134
0.283
0.083
0.235
0.251
0.376
0.36
0.247
0.294
0.18
0.152
0.203
0.161
0.15
0.236
0.055
0.214
0.307
0.266
0.261
0.265
0.133
0.286
0.226
0.291
0.179
0.09
0.193
0.301
0.346
0.384
0.348
0.446
0.522
0.639
0.831
0.829
0.845
0.868
0.912
0.971
1.035
0.961
1.066
1.081
1.218
1.193
1.124
1.226
1.426
1.384
1.375
1.334
1.079
0.848
0.814
0.78
0.846
0.8
0.675
0.708
0.646
0.596
0.55
0.71
0.579
0.485
0.471
0.33
0.304
0.466
0.425
0.598
0.634
0.714
0.681
0.716
0.679
0.758
0.948
1.109
1.188
1.121
1.095
1.289
1.196
1.354
1.514
1.67
1.798
1.73
1.72
1.854
1.881
1.809
1.555
1.501
1.486
1.42
1.29
1.16
1.55
1.268
1.336
1.144
1.376
1.458
1.336
1.448
1.551
1.56
1.492
1.522
1.486
1.541
1.514
1.383
1.371
1.34
1.231
1.01
0.743
0.594
0.589
0.554
0.53
0.273
0.099
-0.02
-0.105
-0.089
-0.241
-0.254
-0.409
-0.365
-0.37
-0.514
-0.547
-0.39
-0.19
-0.133
-0.083
0.004
-0.03
0.199
0.219
0.126
0.141
0.261
0.375
0.154
0.214
0.381
0.284
0.134
0.052
0.007
-0.079
-0.168
0.055
0.221
0.2
0.14
0.396
0.398
0.591
0.388
0.404
0.413
0.546
0.44
0.534
0.796
0.764
0.874
0.619
0.639
0.486
0.49
0.484
0.611
0.764
0.569
0.811
0.944
0.836
0.629
0.625
0.954
1.004
0.92
0.897
0.994
1.031
1.115
0.966
0.849
0.917
0.861
0.766
0.815
0.96
0.9
0.703
0.665
0.64
0.529
0.531
0.595
0.561
0.482
0.094
-0.215
-0.344
-0.289
-0.158
-0.156
-0.223
-0.468
-0.611
-1.008
-0.978
-0.901
-1.084
-0.907
-0.959
-1.04
-1.289
-1.565
-1.443
-1.425
-1.353
-1.426
-1.425
-1.535
-1.51
-1.545
-1.657
-1.674
-1.62
-1.374
-1.271
-1.269
-1.131
-1.259
-1.254
-1.319
-1.205
-1.018
-1.038
-1.175
-1.161
-1.183
-1.029
-0.787
-0.703
-0.388
-0.432
-0.448
-0.304
-0.212
-0.383
-0.268
-0.079
-0.007
-0.021
-0.088
-0.338
-0.105
-0.046
0.219
0.427
0.479
0.606
0.296
0.318
0.291
0.419
0.495
0.545
0.636
0.564
0.466
0.492
0.404
0.559
0.445
0.489
0.416
0.478
0.36
0.066
0.275
0.269
0.309
0.299
0.208
0.188
0.15
0.165
-0.099
0.007
-0.217
-0.376
-0.329
-0.151
-0.128
-0.096
-0.18
-0.104
-0.32
-0.429
-0.256
-0.469
-0.356
-0.482
-0.659
-0.628
-0.858
-0.745
-0.835
-0.966
-1.056
-1.174
-1.052
-1.198
-1.248
-1.377
-1.236
-1.29
-1.269
-1.387
-1.335
-1.051
-1.206
-1.051
-1.089
-1.084
-1.1
-1.059
-1.115
-1.088
-0.926
-0.815
-0.843
-0.724
-0.713
-0.681
-0.348
-0.371
-0.554
-0.478
-0.522
-0.642
-0.551
-0.499
-0.49
-0.29
-0.324
-0.251
-0.278
-0.348
-0.542
-0.514
-0.398
-0.39
-0.463
-0.735
-0.649
-0.821
-0.475
-0.566
-0.44
-0.425
-0.43
-0.247
-0.155
-0.039
-0.035
0.072
0.062
-0.046
0.013
0.149
0.182
0.135
0.121
0.191
0.189
0.176
0.254
0.22
0.116
0.064
0.136
0.101
0.019
-0.024
-0.045
-0.156
-0.26
-0.177
-0.396
-0.526
-0.456
-0.616
-0.552
-0.584
-0.614
-0.645
-0.549
-0.263
-0.221
-0.185
-0.174
0.018
-0.074
-0.136
-0.036
0.107
0.191
0.276
0.169
0.139
0.211
0.404
0.471
0.336
0.415
0.269
0.122
0.044
0.285
0.352
0.281
0.14
0.225
0.284
0.225
0.18
0.249
0.076
0.092
0.049
-0.025
-0.173
-0.065
-0.147
-0.098
-0.075
-0.299
-0.199
-0.279
-0.454
-0.539
-0.51
-0.598
-0.549
-0.383
-0.435
-0.517
-0.844
-0.885
-0.904
-0.948
-0.806
-0.873
-0.675
-0.66
-0.459
-0.399
-0.189
-0.175
-0.059
0.1
0.266
0.494
0.695
0.92
1.091
1.01
1.2
1.199
1.256
1.026
1.056
0.924
0.85
0.93
0.736
0.881
0.909
0.529
0.41
0.52
0.435
0.421
0.421
0.43
0.482
0.278
0.376
0.324
0.255
0.21
0.071
0.056
0.086
0.241
0.165
0.284
0.339
0.446
0.411
0.302
0.253
0.21
-0.052
0.091
-0.033
-0.075
-0.318
-0.408
-0.434
-0.511
-0.684
-0.723
-0.764
-0.744
-0.72
-0.713
-0.549
-0.693
-0.763
-0.636
-0.681
-0.664
-0.708
-0.541
-0.54
-0.591
-0.511
-0.608
-0.566
-0.675
-0.655
-0.647
-0.623
-0.628
-0.626
-0.667
-0.573
-0.522
-0.512
-0.411
-0.43
-0.297
-0.383
-0.389
-0.466
-0.37
-0.236
-0.254
-0.249
-0.203
-0.041
0.051
-0.001
0.055
0.114
0.146
0.394
0.367
0.549
0.485
0.537
0.596
0.671
0.741
0.706
0.734
0.6
0.615
0.796
0.856
0.79
0.55
0.62
0.724
0.768
0.701
0.78
0.911
0.772
0.69
0.623
0.364
0.244
0.02
-0.122
-0.233
-0.15
-0.12
-0.359
-0.338
-0.245
-0.191
-0.152
-0.158
-0.269
-0.271
-0.23
-0.212
-0.205
-0.236
-0.245
-0.229
-0.343
-0.568
-0.348
-0.522
-0.522
-0.514
-0.409
-0.311
-0.095
-0.08
0.043
0.033
0.225
0.311
0.141
0.164
0.152
0.019
-0.114
-0.386
-0.26
-0.199
-0.168
-0.299
-0.386
-0.315
-0.3
-0.309
-0.336
-0.539
-0.499
-0.471
-0.386
-0.479
-0.536
-0.365
-0.63
-0.746
-0.524
-0.474
-0.555
-0.599
-0.49
-0.545
-0.669
-0.532
-0.446
-0.33
-0.175
-0.113
-0.034
-0.226
0.029
-0.066
0.051
0.128
0.099
0.314
0.195
0.362
0.215
0.115
0.001
0.086
0.035
0.0
0.07
-0.051
-0.095
-0.058
-0.018
-0.009
-0.013
-0.177
-0.203
-0.059
-0.275
-0.275
-0.037
-0.044
-0.136
-0.152
-0.238
-0.259
-0.236
-0.234
-0.239
-0.279
-0.474
-0.52
-0.503
-0.574
-0.456
-0.482
-0.499
-0.556
-0.659
-0.547
-0.634
-0.49
-0.328
-0.041
-0.039
0.146
0.343
0.338
0.482
0.399
0.323
0.266
0.033
0.19
0.296
0.328
0.36
0.339
0.366
0.271
0.487
0.37
0.181
0.239
0.208
0.165
0.443
0.501
0.561
0.675
0.739
0.495
0.645
0.589
0.504
0.525
0.344
0.667
0.499
0.41
0.121
0.126
0.129
0.133
0.203
0.007
0.113
0.104
0.163
0.199
0.077
0.021
0.104
0.191
0.009
0.16
0.249
0.228
0.458
0.598
0.743
0.606
0.492
0.481
0.676
0.685
0.662
0.642
0.665
0.606
0.655
0.744
0.774
1.022
0.976
0.93
1.198
1.34
1.329
1.174
1.124
1.413
1.41
1.579
1.479
1.498
1.74
1.894
1.841
1.779
1.764
1.893
1.93
2.055
2.14
2.219
2.144
2.32
2.189
2.151
1.824
1.781
1.801
1.788
1.729
1.573
1.416
1.153
1.318
1.336
1.259
1.073
1.094
0.866
0.924
0.713
0.696
0.774
0.619
0.7
0.69
0.765
0.63
0.624
0.62
0.529
0.331
0.225
0.152
-0.16
-0.15
-0.28
-0.285
-0.145
-0.06
-0.494
-0.301
-0.231
-0.466
-0.525
-0.451
-0.404
-0.305
-0.107
-0.179
-0.16
-0.275
-0.052
0.404
0.393
0.296
0.404
0.275
0.229
0.422
0.514
0.474
0.509
0.776
0.649
0.583
0.765
0.836
0.598
0.586
0.364
0.475
0.439
0.532
0.329
0.195
0.266
0.399
0.556
0.417
0.348
0.155
-0.103
-0.203
-0.364
-0.487
-0.421
-0.27
-0.323
-0.443
-0.522
-0.344
-0.354
-0.576
-0.623
-0.895
-0.929
-1.143
-1.085
-1.278
-1.316
-1.1
-0.93
-0.838
-0.94
-0.876
-1.018
-1.116
-1.068
-1.265
-1.213
-1.311
-1.281
-1.284
-1.26
-0.993
-0.946
-0.743
-0.654
-0.511
-0.524
-0.509
-0.279
-0.22
-0.186
-0.022
0.199
0.305
0.334
0.304
0.052
-0.045
-0.106
-0.181
-0.224
-0.281
-0.325
-0.23
-0.256
-0.186
-0.219
-0.166
-0.233
-0.46
-0.677
-0.765
-0.733
-0.735
-0.696
-0.971
-1.021
-1.004
-1.059
-1.049
-0.676
-0.616
-0.583
-0.75
-0.881
-0.593
-0.806
-0.487
-0.474
-0.329
-0.396
-0.309
-0.136
-0.025
0.111
0.165
0.359
0.184
-0.19
-0.304
-0.341
-0.064
-0.253
-0.336
-0.199
-0.381
-0.43
-0.371
-0.364
-0.346
-0.435
-0.656
-0.557
-0.524
-0.468
-0.479
-0.439
-0.28
-0.165
-0.196
-0.41
-0.434
-0.376
-0.5
-0.46
-0.283
-0.22
-0.163
0.124
0.104
0.384
0.299
0.307
0.458
0.554
0.589
0.565
0.614
0.667
0.708
0.685
0.542
0.378
0.371
0.235
0.071
-0.016
0.048
0.079
0.075
0.075
-0.077
-0.129
-0.367
-0.339
-0.42
-0.605
-0.709
-0.754
-0.756
-0.876
-0.751
-0.694
-0.519
-0.628
-0.906
-1.12
-1.265
-1.129
-1.269
-1.069
-1.029
-0.92
-0.916
-0.812
-0.919
-0.82
-0.938
-0.835
-0.894
-0.718
-0.889
-0.586
-0.555
-0.575
-0.599
-0.228
-0.174
0.139
0.305
0.361
0.573
0.614
0.651
0.639
0.453
0.48
0.616
0.85
0.726
0.781
0.807
0.369
0.517
0.379
0.273
0.242
0.251
0.096
0.19
0.08
0.003
0.086
0.07
-0.024
-0.041
-0.07
-0.051
0.0
-0.408
-0.48
-0.431
-0.529
-0.39
-0.401
-0.359
-0.376
-0.362
-0.231
-0.36
-0.307
-0.448
-0.586
-0.354
-0.341
-0.349
-0.453
-0.532
-0.434
-0.149
-0.189
-0.31
-0.348
-0.4
-0.52
-0.458
-0.401
-0.274
-0.235
-0.238
-0.434
-0.356
-0.321
-0.343
-0.288
-0.034
-0.006
0.0
-0.021
-0.014
-0.044
-0.154
-0.216
-0.323
-0.091
-0.135
-0.443
-0.491
-0.351
-0.834
-0.878
-0.893
-0.829
-0.532
-0.44
-0.246
-0.173
-0.226
-0.125
-0.119
0.058
0.044
-0.006
0.011
-0.126
-0.121
-0.056
0.034
0.09
0.111
0.072
0.161
0.242
0.375
0.414
0.372
0.297
0.199
0.043
0.113
0.016
-0.072
-0.081
0.02
0.114
0.226
0.175
0.209
0.408
0.416
0.432
0.465
0.458
0.44
0.446
0.38
0.372
0.386
0.54
0.349
0.584
0.78
0.93
0.959
0.883
0.885
0.807
0.864
0.721
0.455
0.535
0.489
0.391
0.503
0.426
0.19
-0.124
-0.251
-0.286
-0.501
-0.693
-0.699
-0.782
-0.646
-0.439
-0.481
-0.636
-0.674
-0.5
-0.599
-0.63
-0.559
-0.408
-0.283
-0.1
-0.107
-0.107
0.205
0.352
0.362
0.404
0.405
0.541
0.75
0.859
1.051
0.815
0.71
0.824
0.552
0.501
0.791
0.93
0.956
0.949
0.838
0.743
0.431
0.552
0.401
0.492
0.841
0.726
0.782
0.724
0.98
0.96
1.035
1.241
1.101
1.179
1.016
0.91
0.718
0.568
0.408
0.133
0.214
0.001
0.031
0.007
-0.229
-0.297
-0.263
-0.27
-0.264
-0.351
-0.159
-0.18
-0.16
-0.249
-0.239
-0.254
-0.25
-0.339
-0.511
-0.578
-0.58
-0.398
-0.64
-0.484
-0.365
-0.318
-0.16
-0.151
-0.003
0.113
0.152
0.339
0.242
0.235
0.217
0.275
0.27
0.275
0.278
0.18
0.081
-0.056
-0.115
-0.294
-0.419
-0.534
-0.417
-0.464
-0.5
-0.662
-0.739
-0.693
-0.794
-0.728
-0.897
-0.97
-0.99
-0.989
-1.145
-1.039
-0.975
-0.91
-0.654
-0.708
-0.63
-0.509
-0.532
-0.255
-0.274
-0.466
-0.56
-0.29
-0.546
-0.465
-0.598
-0.259
-0.233
-0.465
-0.434
-0.445
-0.269
-0.17
-0.122
-0.074
0.15
0.226
0.152
0.335
0.271
0.348
0.524
0.459
0.475
0.241
0.357
0.166
0.164
0.357
0.376
0.552
0.354
0.171
0.001
-0.249
-0.263
-0.268
0.013
0.216
0.24
0.284
0.391
0.355
0.371
0.455
0.278
0.208
0.1
-0.07
-0.158
-0.088
0.061
0.542
0.464
0.58
0.771
0.644
0.48
0.561
0.656
0.571
0.614
0.766
0.845
0.755
0.8
0.941
0.964
1.056
1.205
1.145
1.022
1.058
1.006
0.895
0.853
0.557
0.7
0.68
0.519
0.599
0.606
0.485
0.468
0.7
0.829
0.866
0.963
0.91
0.759
0.719
0.6
0.625
0.682
0.876
0.741
0.8
0.491
0.6
0.531
0.394
0.312
0.681
0.465
0.691
0.536
0.43
0.5
0.264
0.36
0.193
0.223
0.2
-0.019
0.266
0.177
0.291
0.08
0.251
0.23
0.196
0.362
0.4
0.491
0.485
0.28
0.144
0.189
0.126
0.0
0.169
0.306
0.454
0.343
0.236
0.268
0.45
0.309
0.36
0.339
0.594
0.504
0.351
0.386
0.49
0.681
0.706
0.713
0.666
0.568
0.469
0.286
0.672
0.537
0.481
0.59
0.713
0.79
0.999
0.782
0.815
0.656
0.907
0.944
0.883
0.693
0.448
0.403
0.275
0.496
0.481
0.508
0.646
0.453
0.226
-0.016
0.0
-0.103
-0.356
-0.124
-0.126
-0.056
0.244
0.378
0.536
0.64
0.568
0.552
0.463
0.297
0.194
0.147
0.17
0.419
0.271
0.071
0.223
0.25
0.304
0.519
0.455
0.236
0.318
-0.139
-0.168
-0.072
-0.116
-0.349
-0.389
-0.258
-0.144
-0.062
-0.378
-0.409
-0.494
-0.403
-0.49
-0.672
-0.492
-0.596
-0.295
-0.427
-0.471
-0.609
-0.527
-0.584
-0.497
-0.408
-0.463
-0.561
-0.667
-0.485
-0.302
-0.03
0.054
0.193
0.346
0.044
-0.043
0.054
-0.021
-0.144
-0.175
-0.24
-0.268
-0.215
-0.092
-0.077
-0.072
-0.028
-0.009
-0.054
0.149
-0.125
-0.155
-0.048
0.061
0.126
0.312
0.289
0.305
0.398
0.323
0.386
0.283
0.365
0.39
0.321
0.319
0.28
0.26
0.535
0.569
0.78
0.886
0.799
0.729
0.734
0.645
0.725
0.787
0.866
0.834
0.743
0.56
0.367
0.259
0.173
0.044
-0.128
0.062
-0.064
0.122
0.221
-0.113
-0.159
-0.173
-0.325
-0.511
-0.468
-0.501
-0.546
-0.586
-0.875
-1.006
-1.196
-1.097
-1.104
-1.147
-1.071
-0.945
-0.984
-1.1
-1.115
-1.285
-1.188
-1.39
-1.32
-1.185
-1.205
-1.097
-1.045
-1.099
-1.018
-0.98
-1.095
-0.961
-0.986
-0.968
-1.146
-1.071
-1.029
-0.935
-0.731
-0.826
-0.599
-0.61
-0.328
-0.328
-0.263
-0.206
0.122
-0.037
-0.039
-0.031
0.061
0.122
0.103
0.128
0.046
0.077
0.084
0.255
-0.064
-0.101
-0.089
0.004
0.107
0.152
0.141
-0.101
-0.05
-0.107
0.046
-0.005
0.229
0.305
0.321
0.126
0.04
0.043
0.189
0.239
0.361
0.444
0.294
0.379
0.208
0.024
0.14
0.013
0.049
0.104
-0.013
-0.052
-0.216
-0.119
0.041
-0.015
-0.037
0.033
0.184
0.194
0.021
-0.014
-0.1
-0.179
-0.163
-0.234
-0.329
-0.456
-0.504
-0.494
-0.91
-0.891
-0.98
-0.974
-0.871
-0.844
-0.821
-0.829
-0.743
-0.676
-0.664
-0.588
-0.696
-0.679
-0.726
-0.802
-0.809
-0.971
-0.919
-0.958
-0.889
-0.944
-0.889
-0.76
-0.688
-0.565
-0.635
-0.601
-0.698
-0.705
-0.7
-0.586
-0.531
-0.449
-0.306
-0.165
-0.169
-0.19
-0.13
-0.345
-0.219
-0.099
0.106
0.236
0.242
0.474
0.541
0.63
0.704
0.844
0.746
0.836
0.809
0.876
0.828
0.836
0.833
0.934
0.9
1.016
1.103
1.143
1.238
1.258
1.314
1.248
1.369
1.45
1.469
1.268
1.301
1.308
1.318
1.289
1.234
1.181
1.159
0.905
0.751
0.599
0.464
0.448
0.234
0.408
0.191
0.25
0.214
0.319
0.413
0.367
0.294
0.205
0.096
0.029
-0.051
0.029
-0.006
-0.104
-0.088
-0.136
-0.443
-0.475
-0.588
-0.5
-0.409
-0.38
-0.269
-0.425
-0.386
-0.325
-0.449
-0.289
-0.395
-0.165
-0.164
-0.184
-0.249
-0.225
-0.268
-0.458
-0.517
-0.644
