-0.561
-0.414
-0.616
-0.782
-0.399
-0.495
-0.274
-0.247
-0.171
-0.143
-0.241
-0.169
-0.191
-0.231
-0.261
-0.429
-0.182
-0.283
-0.294
-0.36
-0.059
0.001
0.191
0.168
0.07
0.176
0.131
0.307
0.266
0.284
0.314
0.24
0.275
0.275
0.45
0.478
0.438
0.471
0.534
0.584
0.409
0.286
0.242
0.188
-0.016
-0.297
-0.515
-0.664
-0.661
-0.566
-0.515
-0.544
-0.453
-0.449
-0.489
-0.909
-0.926
-0.899
-0.916
-0.899
-1.028
-0.96
-1.134
-1.131
-0.924
-0.741
-0.551
-0.371
-0.33
-0.251
-0.246
0.264
-0.121
-0.025
-0.041
-0.025
-0.07
0.05
0.028
0.105
0.036
-0.014
0.071
0.152
0.524
0.824
0.883
0.723
0.698
0.809
0.463
0.294
0.181
0.238
0.25
0.318
0.253
0.336
0.18
0.01
0.083
-0.089
-0.357
-0.409
-0.364
-0.531
-0.684
-0.693
-0.824
-0.53
-0.393
-0.414
-0.17
-0.09
0.044
0.138
0.126
0.26
0.129
0.161
0.413
0.436
0.474
0.403
0.609
0.726
0.844
0.779
0.765
0.802
0.624
0.52
0.764
0.641
0.765
0.835
0.807
0.894
0.76
0.771
0.628
0.568
0.515
0.557
0.55
0.465
0.24
0.103
0.013
0.194
0.095
0.02
0.081
0.13
-0.121
-0.547
-0.545
-0.508
-0.434
-0.159
-0.125
-0.163
-0.058
0.098
0.383
0.351
0.269
0.376
0.435
0.562
0.378
0.18
-0.037
-0.056
0.074
-0.128
-0.034
0.234
0.396
0.344
0.305
0.285
0.349
0.328
0.264
0.122
0.2
0.3
0.096
0.21
0.196
0.385
0.555
0.503
0.561
0.569
0.681
0.361
0.334
0.12
0.242
0.249
0.284
0.224
0.561
0.417
0.479
0.536
0.603
0.849
1.084
1.019
0.861
0.869
0.83
0.701
0.564
0.57
0.539
0.871
0.686
0.537
0.635
0.541
0.595
0.771
0.635
0.82
1.064
0.738
0.751
0.61
0.521
0.497
0.417
0.651
0.815
0.994
0.998
1.014
1.019
0.845
0.693
0.4
0.401
0.294
0.258
0.331
0.089
0.044
0.004
0.121
0.139
0.321
0.359
0.325
0.253
0.393
0.339
0.244
0.114
-0.083
-0.208
-0.297
-0.336
-0.396
-0.526
-0.438
-0.312
-0.398
-0.055
-0.233
-0.141
-0.474
-0.509
-0.614
-0.932
-0.749
-0.685
-0.684
-0.758
-0.686
-0.661
-0.595
-0.67
-0.395
-0.554
-0.606
-0.641
-0.621
-0.562
-0.461
-0.094
-0.141
-0.245
-0.26
-0.32
-0.306
-0.229
0.055
0.114
-0.058
-0.2
-0.128
-0.011
-0.037
0.022
0.106
-0.15
-0.326
-0.44
-0.674
-0.532
-0.398
-0.324
-0.29
-0.16
-0.31
-0.301
-0.278
-0.27
-0.151
-0.129
-0.014
0.099
0.095
-0.198
-0.155
-0.16
-0.105
0.025
-0.039
0.149
0.196
0.239
0.22
0.449
0.621
0.619
0.716
0.501
0.171
-0.043
-0.011
0.256
0.573
0.823
0.838
0.63
0.565
0.389
0.25
0.375
0.58
0.323
0.21
-0.028
-0.274
-0.59
-0.367
-0.409
-0.758
-0.675
-0.81
-0.863
-0.998
-0.87
-1.076
-1.052
-0.978
-1.154
-1.29
-1.44
-1.795
-1.983
-1.956
-1.725
-1.405
-1.166
-1.107
-0.927
-0.888
-1.071
-1.014
-0.88
-0.715
-0.67
-0.744
-0.846
-0.869
-0.72
-0.569
-0.416
-0.214
-0.106
-0.4
-0.519
-0.385
-0.291
-0.129
-0.106
0.001
0.095
0.134
0.434
0.469
0.389
0.391
0.361
0.169
0.354
0.43
0.611
0.474
0.542
0.698
0.67
0.618
0.436
0.356
0.405
0.184
0.345
0.386
0.302
0.341
0.281
0.316
0.226
0.146
0.096
0.004
-0.106
-0.179
-0.329
-0.381
-0.283
-0.482
-0.351
-0.049
-0.033
-0.217
0.098
0.169
0.195
0.32
0.54
0.856
0.841
0.631
0.642
0.621
0.491
0.664
0.876
0.799
0.943
0.974
0.871
0.848
1.103
1.042
0.844
0.73
0.471
0.629
0.444
0.19
-0.018
-0.203
-0.36
-0.417
-0.366
-0.29
-0.1
0.072
-0.045
0.224
0.018
-0.184
-0.189
-0.532
-0.54
-0.524
-0.62
-0.326
-0.299
-0.135
-0.036
-0.089
-0.165
-0.244
-0.161
-0.3
-0.411
-0.416
-0.375
-0.439
-0.552
-0.926
-0.806
-0.516
-0.699
-0.65
-0.5
-0.453
-0.325
-0.29
-0.223
-0.107
0.094
0.135
-0.139
-0.174
-0.052
0.171
0.138
0.11
0.055
-0.08
0.049
-0.234
-0.001
0.024
0.235
0.19
0.173
0.367
0.312
0.37
0.302
0.182
0.234
0.146
0.499
0.56
0.581
0.635
0.514
0.754
0.826
1.014
0.893
1.096
0.965
1.054
1.054
1.258
1.239
1.335
1.505
1.548
1.471
1.542
1.525
1.414
1.377
1.469
1.259
1.155
1.121
1.091
1.18
1.005
1.272
1.357
1.262
1.101
1.153
0.731
0.731
0.881
0.976
1.179
0.901
0.575
0.399
0.144
0.033
-0.043
-0.069
-0.156
-0.199
-0.484
-0.763
-0.705
-0.611
-0.74
-0.554
-0.741
-0.485
-0.626
-0.763
-1.089
-0.989
-1.091
-0.893
-0.79
-0.848
-0.853
-0.834
-0.779
-0.843
-0.805
-0.312
-0.43
-0.529
-0.334
-0.188
-0.316
-0.561
-0.573
-0.47
-0.435
-0.301
-0.338
-0.246
-0.379
-0.416
-0.448
-0.686
-0.635
-0.414
-0.499
-0.479
-0.515
-0.283
-0.184
-0.083
-0.149
-0.096
0.061
-0.001
0.116
0.268
0.466
0.522
0.573
0.878
1.014
0.907
0.94
0.98
1.042
0.905
0.639
0.609
0.492
0.247
0.116
0.292
0.285
0.345
0.349
0.372
0.069
0.147
0.246
0.253
0.139
-0.003
-0.25
-0.191
-0.209
-0.05
0.003
-0.189
-0.028
0.225
0.217
0.201
0.139
0.09
0.354
0.339
0.45
0.256
0.239
0.444
0.466
0.281
0.315
0.508
0.674
0.626
0.705
0.675
0.547
0.601
0.508
0.505
0.639
0.682
0.786
0.633
0.62
0.787
0.76
0.856
0.635
0.54
0.436
0.441
0.359
0.51
0.265
0.159
0.056
0.001
0.113
0.184
-0.015
-0.014
0.288
0.398
0.644
0.879
0.734
0.688
0.364
0.28
0.241
0.214
0.309
0.223
0.389
0.352
0.334
0.455
0.494
0.624
0.39
0.278
0.284
0.225
0.107
0.039
0.116
0.161
0.168
0.135
0.122
0.028
0.158
0.154
-0.04
-0.122
-0.114
-0.294
-0.182
-0.512
-0.461
-0.343
-0.094
0.1
-0.105
0.041
-0.109
-0.026
-0.003
-0.046
0.037
-0.286
-0.474
-0.56
-0.454
-0.468
-0.414
-0.254
-0.015
-0.058
-0.223
-0.174
0.135
0.247
0.331
0.615
0.484
0.603
0.391
0.374
0.149
0.271
0.291
0.494
0.367
0.345
0.461
0.646
0.494
0.497
0.522
0.552
0.264
0.188
-0.039
-0.239
-0.684
-0.531
-0.409
-0.521
-0.6
-0.763
-1.151
-1.149
-1.219
-1.334
-1.04
-1.143
-1.012
-1.041
-0.973
-1.119
-1.166
-1.321
-1.31
-1.206
-1.181
-1.245
-1.193
-1.256
-1.411
-1.323
-1.321
-1.238
-1.299
-1.25
-1.058
-1.061
-1.045
-1.009
-1.041
-1.116
-0.993
-0.759
-0.655
-0.429
-0.141
-0.024
0.07
-0.079
-0.064
-0.151
-0.083
-0.041
-0.03
-0.136
0.203
0.203
0.259
0.324
0.371
0.434
0.381
0.444
0.268
0.311
0.53
0.552
0.693
0.659
0.64
0.561
0.436
0.655
0.535
0.615
0.506
0.446
0.461
0.436
0.465
0.343
0.484
0.236
0.186
0.4
0.478
0.527
0.48
0.409
0.355
0.275
0.065
0.125
0.128
-0.028
0.195
0.575
0.718
0.54
0.355
0.214
0.271
-0.034
-0.265
-0.372
-0.284
0.045
0.096
-0.159
-0.181
-0.176
-0.445
-0.399
-0.609
-0.542
-0.532
-0.381
-0.321
-0.26
-0.049
-0.141
-0.329
-0.468
-0.525
-0.631
-0.868
-0.838
-0.7
-0.93
-0.745
-0.86
-0.924
-0.801
-0.641
-0.704
-0.704
-0.79
-0.555
-0.763
-0.401
-0.519
-0.542
-0.839
-1.121
-0.705
-0.995
-0.688
-0.441
-0.473
-0.385
-0.159
-0.126
-0.081
-0.064
-0.056
0.045
-0.149
-0.155
-0.246
-0.217
-0.046
-0.286
0.158
0.208
0.366
0.365
0.468
0.506
0.251
0.223
0.399
0.61
0.641
0.716
0.691
0.596
0.661
0.646
0.795
0.708
0.775
0.768
0.718
0.804
0.776
0.904
0.812
0.979
10.332
10.332
1.104
0.99
1.149
0.978
1.001
1.0
0.754
0.579
0.564
0.503
0.517
0.561
0.677
0.515
0.334
0.211
0.079
0.12
0.164
0.066
0.145
0.195
0.352
0.045
-0.089
-0.004
0.052
0.268
0.04
0.05
0.074
0.139
0.193
0.059
0.275
0.395
0.448
0.503
0.519
0.68
0.625
0.868
0.934
0.706
0.753
0.858
0.571
0.711
0.986
0.953
0.991
1.095
0.83
0.941
0.925
1.12
0.981
0.85
0.698
0.55
0.596
0.665
0.659
0.415
0.256
0.334
0.292
-0.029
-0.059
-0.075
-0.36
-0.466
-0.279
-0.516
-0.409
-0.24
-0.316
-0.362
-0.312
-0.401
-0.531
-0.647
-0.787
-0.715
-0.912
-0.973
-0.735
-0.917
-0.802
-0.7
-0.738
-0.69
-0.75
-0.849
-0.999
-1.16
-1.075
-1.01
-0.776
-0.791
-0.829
-0.886
-0.725
-0.839
-0.744
-0.614
-0.526
-0.479
-0.176
-0.176
-0.134
-0.209
0.0
0.284
0.245
0.469
0.479
0.557
0.309
0.177
0.054
0.089
0.352
0.035
0.081
0.199
0.361
0.564
0.299
0.405
0.425
0.58
0.706
0.907
1.095
1.016
0.971
0.741
0.487
0.315
0.344
0.228
0.098
-0.066
-0.07
-0.194
-0.42
-0.406
-0.435
-0.44
-0.331
-0.566
-0.854
-0.606
-0.496
-0.406
-0.51
-0.705
-0.886
-0.851
-0.869
-0.626
-0.664
-0.896
-0.879
-0.635
-0.65
-0.656
-0.66
-0.64
-0.446
-0.366
-0.119
-0.18
-0.201
0.02
-0.194
-0.366
-0.393
-0.43
-0.156
-0.083
0.159
0.37
0.326
0.211
-0.216
-0.361
-0.578
-0.247
-0.08
0.084
0.324
0.438
0.469
0.738
0.998
0.897
0.721
0.921
1.079
1.143
1.191
1.149
1.111
0.89
0.751
0.916
0.671
0.723
0.693
0.568
0.455
0.291
0.234
0.225
0.206
0.031
0.006
-0.089
0.04
-0.299
-0.29
-0.37
-0.286
-0.139
-0.411
-0.381
-0.52
-0.664
-0.828
-1.04
-0.934
-0.959
-1.011
-0.929
-0.756
-0.751
-0.785
-0.644
-0.456
-0.404
-0.044
0.076
0.021
0.273
0.409
0.443
0.354
0.33
0.506
0.606
0.628
0.568
0.676
0.71
0.664
0.664
0.804
0.996
0.896
1.049
0.941
0.86
0.961
0.999
0.985
1.049
0.949
0.795
0.925
0.819
0.868
0.671
0.579
0.517
0.448
0.573
0.356
0.55
0.568
0.466
0.441
0.369
0.355
0.391
0.455
0.468
0.39
0.26
0.13
0.066
0.14
-0.07
-0.076
0.049
-0.01
-0.098
-0.193
-0.328
-0.324
-0.385
-0.37
-0.479
-0.535
-0.608
-0.807
-0.787
-0.779
-0.863
-0.733
-0.779
-0.799
-0.821
-1.039
-0.819
-0.99
-0.969
-0.917
-1.07
-1.113
-1.18
-1.204
-1.407
-1.311
-1.413
-1.383
-0.869
-0.891
-0.685
-0.532
-0.318
-0.177
0.024
-0.163
-0.2
-0.443
-0.209
-0.191
-0.26
-0.056
-0.174
-0.302
-0.291
-0.328
-0.219
-0.109
0.005
0.072
-0.055
0.359
0.345
0.487
0.39
0.608
0.87
0.802
0.8
0.883
0.868
0.981
0.955
0.915
0.871
0.719
0.652
0.527
0.701
0.709
0.686
0.809
0.531
0.549
0.28
0.375
0.18
0.062
-0.231
-0.209
-0.175
-0.221
-0.256
-0.312
-0.156
-0.086
-0.119
-0.184
-0.056
0.055
-0.059
-0.03
-0.21
-0.504
-0.542
-0.465
-0.349
-0.384
-0.15
-0.066
0.12
0.244
0.233
0.496
0.346
0.321
0.199
0.312
0.329
0.259
0.512
0.438
0.571
0.542
0.766
0.763
0.775
0.765
0.695
0.83
0.703
0.611
0.611
0.753
0.176
0.219
0.066
0.114
0.14
0.059
0.071
0.045
-0.115
-0.048
-0.083
-0.166
0.056
-0.003
-0.111
-0.116
0.056
0.077
0.348
0.406
0.65
0.633
0.786
0.995
0.951
1.231
1.048
0.945
0.912
0.895
0.755
0.618
0.568
0.2
0.446
0.491
0.529
0.509
0.445
0.413
0.522
0.534
0.411
0.492
0.343
0.37
0.209
0.273
0.066
0.021
-0.395
-0.226
-0.427
-0.242
-0.306
-0.344
-0.37
-0.15
-0.174
-0.214
-0.188
-0.191
-0.372
-0.365
-0.39
-0.455
-0.573
-0.584
-0.598
-0.439
-0.559
-0.625
-0.585
-0.583
-0.432
-0.41
-0.295
-0.124
-0.201
-0.21
-0.041
-0.056
-0.034
0.228
0.04
0.06
-0.003
0.144
0.006
0.026
0.17
0.378
0.338
0.331
0.166
0.077
0.049
-0.164
-0.336
-0.439
-0.861
-0.896
-0.809
-0.812
-0.825
-0.735
-0.61
-0.662
-0.828
-0.828
-0.835
-0.765
-0.495
-0.473
-0.431
-0.375
-0.389
-0.194
-0.164
-0.05
-0.009
0.246
0.396
0.339
0.19
0.292
0.29
0.546
0.345
0.316
0.301
0.296
0.315
0.349
0.421
0.465
0.566
0.55
0.745
0.581
0.636
0.485
0.494
0.116
-0.129
-0.043
0.069
-0.1
-0.43
-0.224
-0.58
-0.642
-0.46
-0.411
-0.259
-0.28
-0.206
-0.113
-0.136
-0.193
-0.301
-0.471
-0.357
-0.438
-0.625
-0.652
-0.705
-0.854
-0.758
-0.708
-0.826
-0.769
-0.685
-0.403
-0.461
-0.15
-0.089
0.113
0.151
-0.206
-0.383
-0.465
-0.451
-0.355
-0.339
-0.435
-0.361
-0.44
-0.504
-0.642
-0.544
-0.455
-0.506
-0.61
-0.527
-0.526
-0.642
-0.494
-0.54
-0.359
-0.432
-0.182
-0.256
-0.198
-0.443
-0.508
-0.492
-0.549
-0.416
-0.376
-0.217
-0.216
-0.344
-0.325
-0.537
-0.641
-0.784
-0.573
-0.751
-0.79
-0.589
-0.705
-0.759
-0.741
-0.724
-0.775
-0.916
-0.979
-1.153
-0.985
-0.845
-0.534
-0.429
-0.411
-0.294
-0.174
-0.018
-0.019
-0.075
0.191
0.416
0.573
0.839
0.811
0.968
0.869
0.926
0.961
0.998
0.98
0.731
0.794
1.042
0.96
0.904
0.868
0.891
0.976
1.144
1.177
1.216
1.278
1.394
1.633
1.603
1.365
1.451
1.385
1.455
1.521
1.429
1.34
1.393
1.301
1.373
1.035
0.991
0.971
0.921
0.821
0.871
0.828
0.728
0.79
0.596
0.551
0.416
0.362
0.645
0.718
0.695
0.656
0.657
0.336
0.075
0.119
0.007
-0.011
-0.046
-0.01
-0.168
-0.42
-0.59
-0.478
-0.576
-0.542
-0.532
-0.32
-0.305
-0.219
-0.372
-0.394
-0.209
-0.2
-0.169
-0.101
-0.007
0.085
0.217
0.031
0.009
-0.228
-0.171
-0.018
-0.024
0.022
0.025
0.045
0.175
-0.185
-0.107
-0.064
-0.134
-0.151
-0.016
-0.083
-0.071
-0.223
-0.185
-0.455
-0.474
-0.536
-0.485
-0.689
-0.735
-0.919
-0.873
-0.991
-1.084
-1.055
-1.384
-1.401
-1.554
-1.522
-1.431
-1.364
-1.389
-1.315
-1.166
-1.157
-1.015
-0.905
-0.796
-0.897
-0.735
-0.823
-0.739
-0.8
-0.806
-0.713
-0.492
-0.403
-0.121
0.299
0.695
0.77
0.726
0.873
1.015
1.215
1.05
1.143
1.109
1.032
0.948
0.93
1.019
1.2
1.445
1.275
1.035
0.971
0.919
0.71
0.647
0.625
0.619
0.651
0.561
0.641
0.357
0.496
0.228
0.229
-0.031
0.088
-0.125
-0.09
-0.037
-0.03
-0.022
-0.089
-0.056
0.155
-0.155
0.254
0.357
0.03
0.164
0.336
0.395
0.241
0.234
0.228
0.151
0.335
0.4
0.256
0.147
0.233
0.239
0.475
0.805
0.806
0.874
0.83
0.731
0.735
0.763
0.736
0.869
0.843
0.904
0.714
0.684
0.72
0.657
0.451
0.266
0.699
0.274
0.494
0.465
0.575
0.585
0.611
0.639
0.628
0.756
0.424
0.521
0.316
0.366
0.239
-0.05
-0.244
-0.61
-0.689
-0.775
-0.909
-0.828
-0.797
-0.883
-0.906
-0.956
-1.045
-0.75
-0.671
-0.609
-0.583
-0.74
-0.828
-0.828
-0.551
-0.609
-0.524
-0.432
-0.318
-0.256
-0.326
-0.354
-0.394
-0.24
-0.113
-0.02
-0.015
-0.176
-0.199
-0.219
0.005
0.007
0.054
0.173
0.145
0.045
0.229
0.193
0.092
0.094
0.01
-0.044
-0.099
-0.234
-0.25
-0.439
-0.374
-0.485
-0.485
-0.48
-0.552
-0.426
-0.136
0.064
0.019
0.11
0.104
-0.13
-0.111
-0.234
0.003
0.105
0.2
0.205
0.229
0.161
0.251
0.221
-0.018
-0.182
-0.035
0.164
0.22
0.334
0.445
0.57
0.365
0.225
0.206
0.106
0.236
-0.021
-0.146
-0.071
0.04
0.156
-0.044
0.185
0.314
0.335
0.471
0.341
0.384
0.355
0.413
0.309
0.496
0.319
0.184
0.139
-0.015
0.072
0.173
0.131
0.242
0.21
0.109
0.176
0.278
0.259
0.185
0.136
0.111
0.226
0.118
-0.156
-0.201
-0.189
-0.24
-0.173
-0.264
-0.247
-0.311
0.04
0.159
0.141
0.128
-0.174
-0.235
-0.233
-0.421
-0.645
-0.631
-0.771
-0.69
-0.591
-0.398
-0.495
-0.416
-0.458
-0.505
-0.581
-0.231
-0.094
-0.125
-0.056
-0.003
0.086
0.229
0.105
0.399
0.354
0.334
0.28
0.503
0.455
0.57
0.839
0.763
0.812
0.765
0.776
0.894
0.973
1.081
1.213
1.159
1.37
1.157
1.024
0.956
0.638
0.667
0.715
0.669
0.743
0.721
0.756
0.666
0.438
0.875
0.845
0.756
0.848
0.72
0.674
0.889
0.761
0.646
0.688
0.669
0.489
0.739
0.693
0.628
0.486
0.408
0.534
0.53
0.552
0.46
0.492
0.726
0.703
0.805
0.708
0.66
0.396
0.47
0.37
0.473
0.434
0.624
0.696
0.804
0.816
0.677
0.56
0.19
0.122
0.145
0.154
0.035
-0.315
-0.194
-0.274
-0.413
-0.304
-0.21
-0.325
-0.281
-0.194
-0.323
-0.188
-0.235
-0.259
-0.288
-0.244
-0.3
-0.106
-0.158
-0.261
-0.208
-0.216
-0.394
-0.374
-0.242
-0.128
-0.135
-0.226
-0.314
-0.312
-0.415
-0.461
-0.394
-0.391
-0.265
-0.069
-0.152
-0.329
-0.551
-0.655
-0.765
-0.902
-0.902
-0.905
-0.896
-0.848
-1.078
-1.181
-1.245
-1.163
-1.166
-0.805
-0.759
-0.72
-0.878
-0.831
-0.819
-0.989
-0.771
-0.934
-0.856
-1.075
-1.089
-1.139
-1.025
-0.828
-0.907
-0.791
-0.625
-0.603
-0.522
-0.331
-0.364
-0.302
-0.143
-0.115
-0.245
-0.335
-0.311
-0.341
-0.492
-0.278
-0.269
-0.269
-0.225
-0.186
-0.305
-0.286
-0.026
-0.043
0.048
0.088
-0.169
-0.15
-0.324
-0.328
-0.24
-0.044
0.08
-0.011
0.04
0.006
-0.088
-0.305
-0.478
-0.526
-0.56
-0.54
-0.5
-0.229
-0.189
-0.065
-0.066
-0.026
0.01
0.193
0.124
0.217
0.211
0.285
0.31
0.089
0.055
0.028
-0.139
-0.138
-0.158
0.081
0.139
0.154
0.111
0.066
-0.005
-0.235
-0.101
-0.184
-0.295
-0.234
-0.225
-0.224
-0.27
-0.103
-0.21
-0.158
-0.165
-0.086
0.089
0.264
0.357
0.635
0.753
0.711
0.6
0.593
0.499
0.76
0.623
0.83
0.998
0.829
0.787
0.838
0.95
0.814
0.704
0.82
0.848
0.68
0.87
0.883
1.034
1.019
0.901
0.94
0.766
0.77
0.986
1.03
0.758
0.55
0.484
0.426
0.345
0.374
0.478
0.6
0.919
0.939
0.856
0.723
0.636
0.68
0.593
0.61
0.522
0.641
0.753
0.838
1.065
1.074
1.159
1.139
1.114
0.915
0.828
0.73
0.731
0.662
0.598
0.782
0.605
0.611
0.491
0.365
0.344
0.348
0.212
0.075
0.013
-0.02
-0.074
-0.03
-0.071
-0.16
-0.242
-0.391
-0.32
-0.505
-0.539
-0.406
-0.547
-0.604
-0.754
-0.741
-0.745
-0.869
-0.927
-1.171
-0.986
-0.921
-0.909
-0.971
-1.079
-1.245
-1.314
-1.278
-1.274
-1.088
-0.859
-0.91
-0.84
-0.795
-0.859
-0.889
-1.021
-0.874
-0.871
-0.844
-0.486
-0.667
-0.645
-0.58
-0.417
-0.28
0.016
0.185
0.334
0.325
0.458
0.444
0.424
0.443
0.486
0.384
0.389
0.667
0.667
0.685
0.802
0.929
1.15
1.323
1.403
1.3
1.367
1.423
1.275
1.185
1.096
0.939
0.955
0.924
0.905
0.603
0.372
0.355
0.434
0.43
0.64
0.539
0.583
0.367
0.08
-0.084
-0.19
0.033
0.059
0.01
0.099
0.21
0.098
0.234
0.088
0.0
-0.163
-0.161
-0.09
-0.146
-0.301
-0.152
-0.09
-0.007
-0.085
0.36
0.367
0.41
0.581
0.463
0.281
0.251
0.225
0.035
-0.041
-0.025
-0.18
0.203
0.043
0.104
-0.25
-0.2
-0.118
0.074
0.024
-0.084
-0.041
0.009
-0.339
-0.438
-0.578
-0.865
-0.921
-1.125
-1.246
-1.262
-1.225
-1.167
-1.078
-1.286
-1.026
-0.956
-1.144
-1.206
-1.292
-1.318
-1.311
-1.472
-1.228
-1.167
-0.985
-0.978
-1.115
-1.059
-1.111
-1.061
-0.761
-0.794
-0.863
-0.677
-0.526
-0.616
-0.417
-0.338
-0.362
-0.291
-0.491
-0.422
-0.314
-0.352
-0.302
-0.409
-0.503
-0.468
-0.556
-0.376
-0.475
-0.436
-0.444
-0.486
-0.556
-0.473
-0.703
-0.851
-0.623
-0.961
