-0.744
-0.466
-0.529
-0.709
-0.576
-0.57
-0.41
-0.254
-0.307
-0.079
-0.011
-0.065
0.113
0.27
0.166
0.114
0.336
0.318
0.297
0.206
0.384
0.301
0.371
0.354
0.253
0.334
0.384
0.212
-0.099
-0.12
-0.356
-0.647
-0.509
-0.436
-0.259
-0.231
-0.302
-0.186
-0.12
-0.085
-0.005
-0.09
-0.061
-0.155
-0.17
-0.333
-0.291
-0.386
-0.396
-0.296
-0.422
-0.294
-0.39
-0.566
-0.535
-0.454
-0.603
-0.475
-0.385
-0.31
-0.261
-0.306
-0.29
-0.27
-0.116
-0.224
-0.31
-0.292
-0.069
0.144
-0.151
-0.131
-0.179
-0.357
-0.331
-0.506
-0.574
-0.8
-0.693
-0.897
-0.866
-0.736
-0.669
-0.671
-0.566
-0.555
-0.708
-0.785
-0.765
-0.87
-0.878
-0.763
-0.787
-0.761
-0.792
-0.534
-0.352
-0.399
-0.525
-0.628
-0.647
-0.522
-0.609
-0.58
-0.564
-0.324
-0.374
-0.503
-0.482
-0.44
-0.491
-0.716
-0.782
-0.557
-0.534
-0.321
-0.349
-0.286
-0.129
-0.219
-0.362
-0.045
-0.024
0.098
-0.092
0.258
0.154
0.101
0.089
0.291
0.225
0.57
0.646
0.739
0.99
0.861
1.081
1.151
1.143
1.123
1.167
1.068
0.999
0.919
1.099
0.816
0.609
0.454
0.25
0.336
0.149
0.184
-0.154
0.136
0.217
0.174
0.171
0.14
-0.17
0.064
-0.005
0.146
0.013
-0.025
-0.161
-0.059
0.186
0.036
0.164
0.235
0.217
0.236
0.105
0.029
0.05
0.084
0.096
0.028
-0.101
-0.065
0.007
0.13
0.177
0.256
0.349
0.361
0.254
-0.022
-0.164
-0.049
-0.11
-0.034
-0.044
0.122
0.223
0.199
0.133
-0.007
-0.035
0.005
-0.238
-0.177
-0.49
-0.589
-0.554
-0.537
-0.646
-0.554
-0.539
-0.561
-0.522
-0.723
-0.807
-0.858
-0.77
-0.87
-0.993
-0.97
-0.89
-0.728
-0.64
-0.549
-0.811
-0.77
-0.664
-0.796
-0.741
-0.594
-0.228
-0.244
-0.345
-0.413
-0.416
-0.311
-0.365
-0.376
-0.271
-0.302
-0.294
-0.268
0.059
0.177
0.124
0.051
0.125
-0.076
-0.079
-0.143
-0.19
-0.185
-0.279
-0.177
-0.456
-0.424
-0.473
-0.56
-0.425
-0.54
-0.556
-0.593
-0.641
-0.501
-0.536
-0.559
-0.53
-0.496
-0.46
-0.302
-0.16
-0.09
0.019
-0.015
-0.195
-0.154
-0.255
-0.154
0.0
-0.028
0.089
0.234
0.284
0.389
0.283
0.338
0.334
0.25
0.288
0.3
0.226
0.336
0.31
0.463
0.588
0.575
0.595
0.399
0.25
0.01
0.091
0.259
0.116
0.106
-0.263
-0.241
-0.371
-0.354
-0.422
-0.532
-0.598
-0.671
-0.399
-0.408
-0.346
-0.331
-0.035
-0.051
-0.005
0.009
-0.089
0.052
-0.052
-0.125
-0.05
-0.077
0.065
0.003
0.041
0.126
0.209
0.186
0.311
0.307
0.312
0.279
0.354
0.251
0.546
0.624
0.669
0.699
0.666
0.536
0.6
0.489
0.671
0.291
0.35
0.441
0.514
0.468
0.338
0.624
0.542
0.372
0.455
0.385
0.244
0.288
0.228
0.249
0.319
0.25
0.385
0.559
0.818
0.846
0.765
0.753
0.704
0.975
0.768
0.779
0.838
0.812
0.652
0.708
0.706
0.623
0.681
0.536
0.595
0.561
0.644
0.818
0.833
1.058
1.065
1.169
1.306
1.159
1.12
1.071
0.907
0.764
0.814
0.716
0.639
0.676
0.72
0.61
0.229
0.441
0.113
0.122
0.17
0.06
0.098
-0.109
-0.154
-0.224
-0.21
-0.147
-0.169
-0.23
-0.194
-0.425
-0.491
-0.356
-0.16
0.02
0.072
0.125
0.16
0.349
0.359
0.401
0.435
0.534
0.593
0.843
0.769
0.532
0.496
0.385
0.316
0.401
0.618
0.733
0.873
0.86
0.926
1.056
0.993
1.124
1.143
1.347
1.272
1.325
1.474
1.604
1.615
1.639
1.536
1.69
1.732
1.745
1.806
1.506
1.289
1.38
1.48
1.306
1.189
0.998
0.961
0.585
0.444
0.491
0.468
0.792
0.644
0.505
0.38
0.295
0.1
-0.083
-0.208
-0.14
-0.147
0.021
-0.103
-0.307
-0.552
-0.796
-0.744
-0.41
-0.601
-0.552
-0.381
-0.27
-0.315
-0.469
-0.381
-0.375
-0.426
-0.63
-0.735
-0.615
-0.58
-0.549
-0.546
-0.505
-0.621
-0.588
-0.414
-0.421
-0.111
-0.071
-0.115
0.037
0.198
0.422
0.505
0.672
0.811
0.789
0.62
0.809
0.743
0.912
0.809
0.633
0.82
0.753
0.616
0.646
0.797
0.945
0.823
0.905
0.77
0.581
0.519
0.475
0.445
0.503
0.525
0.478
0.351
0.314
0.11
0.029
-0.079
-0.349
-0.45
-0.235
-0.196
-0.121
-0.276
-0.323
-0.41
-0.344
-0.694
-0.71
-0.634
-0.56
-0.664
-0.772
-0.843
-0.801
-0.89
-0.865
-1.06
-1.032
-1.205
-1.141
-1.175
-1.329
-1.094
-1.14
-1.041
-0.926
-0.677
-0.714
-0.675
-0.516
-0.55
-0.836
-0.805
-0.772
-0.835
-0.6
-0.38
-0.425
-0.28
-0.198
-0.286
-0.371
-0.266
-0.18
-0.3
-0.372
-0.403
-0.269
-0.031
0.061
0.026
0.052
0.136
0.205
0.216
0.21
0.085
0.13
0.103
0.201
0.037
0.033
-0.02
-0.05
0.077
0.035
0.016
-0.131
-0.094
-0.128
-0.385
-0.588
-0.705
-0.787
-0.985
-1.025
-1.195
-1.099
-1.25
-1.301
-1.324
-1.335
-1.376
-1.39
-1.333
-1.357
-1.177
-0.976
-0.76
-0.545
-0.404
-0.2
-0.292
-0.251
-0.261
-0.279
-0.175
-0.223
-0.195
-0.15
-0.151
-0.145
0.033
0.22
0.17
0.466
0.403
0.408
0.372
0.46
0.443
0.36
0.343
0.194
0.04
0.028
0.024
-0.039
-0.013
-0.064
-0.229
-0.062
-0.095
-0.154
-0.253
-0.47
-0.62
-0.445
-0.246
-0.048
0.024
0.155
0.176
0.126
0.165
0.285
0.374
0.565
0.639
0.733
0.681
0.54
0.404
0.08
0.103
0.065
0.106
0.048
0.125
0.334
0.354
0.408
0.446
0.355
0.365
0.52
0.369
0.429
0.474
0.608
0.733
0.925
1.044
1.025
0.858
0.853
0.711
0.785
0.846
0.84
0.819
0.961
0.888
0.724
0.5
0.628
0.463
0.333
0.354
0.554
0.432
0.246
0.176
-0.105
-0.039
-0.335
-0.367
-0.381
-0.41
-0.758
-0.926
-0.78
-1.029
-1.254
-0.951
-1.038
-0.931
-0.76
-0.704
-0.751
-0.906
-0.774
-0.8
-0.758
-0.698
-0.611
-0.698
-0.639
-0.48
-0.525
-0.666
-0.527
-0.434
-0.394
-0.453
-0.525
-0.378
-0.536
-0.421
-0.23
-0.185
-0.119
-0.23
-0.174
-0.352
-0.37
-0.515
-0.439
-0.276
-0.328
-0.53
-0.549
-0.621
-0.682
-0.576
-0.628
-0.534
-0.367
-0.321
-0.369
-0.174
0.01
0.18
0.39
0.431
0.426
0.416
0.383
0.463
0.396
0.576
0.671
0.72
0.58
0.432
0.426
0.268
0.254
0.424
0.354
0.468
0.334
0.306
-0.034
0.159
0.058
-0.081
0.103
0.052
-0.025
-0.186
-0.251
-0.225
-0.478
-0.274
-0.321
-0.309
-0.336
-0.63
-0.333
-0.323
-0.375
-0.37
-0.273
-0.198
-0.304
-0.328
-0.199
-0.166
-0.376
-0.195
0.037
-0.113
-0.085
-0.122
-0.196
-0.23
-0.156
-0.084
-0.03
-0.039
0.111
-0.033
0.199
0.275
0.359
0.212
0.33
0.086
-0.046
-0.168
-0.174
-0.233
-0.104
-0.104
-0.081
-0.1
-0.103
-0.08
-0.145
-0.115
0.086
0.161
0.064
0.039
-0.036
-0.06
0.09
0.133
0.334
0.521
0.446
0.679
0.545
0.744
0.675
0.669
0.562
0.63
0.72
0.861
0.695
0.871
1.008
0.911
0.772
0.818
0.596
0.46
0.305
0.111
0.244
0.139
0.043
-0.11
-0.114
-0.394
-0.32
-0.478
-0.579
-0.709
-0.654
-0.634
-0.616
-0.701
-0.649
-0.562
-0.574
-0.514
-0.434
-0.521
-0.516
-0.562
-0.384
-0.466
-0.242
-0.171
-0.249
-0.193
-0.141
-0.128
-0.161
-0.028
0.095
0.031
0.171
0.071
0.181
0.2
0.199
0.08
0.126
0.151
0.166
0.134
-0.059
0.186
0.265
0.338
0.409
0.424
0.501
0.666
0.566
0.611
0.969
0.519
0.584
0.547
0.295
0.173
0.209
0.269
0.295
0.246
0.141
-0.043
-0.238
-0.399
-0.59
-0.596
-0.494
-0.482
-0.474
-0.435
-0.559
-0.499
-0.425
-0.532
-0.344
-0.26
-0.217
-0.334
-0.374
-0.198
-0.179
-0.179
-0.133
0.021
-0.037
-0.175
-0.214
-0.043
-0.046
0.133
0.32
0.475
0.688
0.831
0.835
0.7
0.802
0.797
0.831
0.78
0.671
0.399
0.415
0.449
0.519
0.345
0.26
0.06
0.159
0.166
0.325
0.357
0.427
0.49
0.316
0.286
0.259
0.459
0.595
0.583
0.701
0.451
0.448
0.276
0.278
0.115
0.041
0.158
0.019
0.113
0.182
0.024
0.346
0.609
0.917
1.04
1.008
1.166
1.259
1.458
1.469
1.59
1.633
1.588
1.674
1.435
1.396
1.444
1.566
1.647
1.984
1.821
1.948
1.804
1.613
1.274
1.114
1.121
0.915
0.8
0.551
0.689
0.709
0.633
0.398
0.451
0.372
0.268
0.089
-0.19
-0.182
-0.359
-0.284
-0.328
-0.427
-0.688
-0.876
-0.986
-0.948
-0.878
-0.721
-0.519
-0.385
-0.289
-0.338
-0.228
-0.181
-0.32
-0.27
-0.242
-0.184
-0.128
-0.08
0.009
0.285
0.114
0.399
0.515
0.571
0.514
0.55
0.514
0.593
0.71
0.537
0.598
0.629
0.751
0.753
0.646
0.81
0.869
0.969
0.974
0.731
0.682
0.55
0.7
0.713
0.565
0.336
0.324
0.435
0.203
0.074
-0.118
-0.011
-0.041
0.133
-0.066
-0.288
-0.211
-0.285
-0.319
-0.482
-0.456
-0.26
-0.217
-0.163
-0.139
-0.07
-0.159
-0.221
-0.208
-0.419
-0.45
-0.486
-0.405
-0.445
-0.508
-0.492
-0.514
-0.625
-0.69
-0.674
-0.652
-0.685
-0.756
-0.815
-0.921
-0.694
-0.901
-0.959
-0.998
-1.084
-1.024
-0.9
-0.8
-0.638
-0.475
-0.371
-0.405
-0.411
-0.316
-0.408
-0.394
-0.479
-0.485
-0.797
-0.881
-1.191
-1.25
-1.081
-1.255
-1.114
-0.964
-0.861
-0.645
-0.56
-0.62
-0.394
-0.38
-0.417
-0.749
-0.787
-0.955
-0.716
-0.454
-0.344
-0.184
0.003
-0.111
-0.006
0.052
0.253
0.168
0.386
0.39
0.291
0.152
-0.069
-0.189
-0.072
-0.031
0.215
0.201
0.351
0.341
0.28
0.307
0.221
0.051
-0.026
-0.174
-0.164
-0.311
-0.439
-0.333
-0.113
-0.217
-0.124
-0.118
-0.056
-0.401
-0.453
-0.49
-0.516
-0.47
-0.41
-0.585
-0.624
-0.755
-0.546
-0.603
-0.561
-0.541
-0.491
-0.33
-0.079
-0.06
0.081
-0.17
-0.062
-0.299
-0.241
-0.229
-0.199
-0.129
-0.211
0.076
0.209
0.228
0.233
0.054
0.016
-0.049
-0.219
-0.182
-0.422
-0.6
-0.557
-0.598
-0.326
-0.328
-0.369
-0.415
-0.426
-0.278
-0.255
-0.346
-0.357
-0.417
-0.37
-0.376
-0.5
-0.542
-0.405
-0.329
-0.223
-0.165
-0.216
0.01
0.158
0.2
0.085
-0.066
-0.126
-0.028
0.138
-0.09
0.005
-0.007
0.151
0.223
0.266
0.235
0.432
0.464
0.275
0.33
0.391
0.369
0.269
0.228
-0.035
-0.094
-0.179
-0.359
-0.446
-0.557
-0.375
-0.279
-0.015
0.101
0.179
0.208
0.154
0.364
0.253
0.212
0.154
0.113
0.508
0.554
0.699
0.661
0.907
0.865
0.914
0.919
0.801
0.703
0.715
0.508
0.361
0.326
0.083
0.096
-0.085
-0.139
-0.035
-0.226
-0.369
-0.206
-0.318
-0.297
-0.432
-0.315
-0.386
-0.589
-0.444
-0.395
-0.352
-0.445
-0.359
-0.501
-0.573
-0.517
-0.562
-0.576
-0.609
-0.355
-0.23
-0.205
-0.166
-0.122
-0.125
-0.034
-0.299
-0.302
-0.265
-0.185
-0.074
-0.041
0.164
0.261
0.404
0.436
0.588
0.383
0.234
0.122
0.018
0.005
-0.188
-0.145
-0.205
-0.025
-0.14
-0.221
-0.136
-0.482
-0.496
-0.492
-0.57
-0.486
-0.491
-0.574
-0.215
-0.344
-0.406
-0.573
-0.704
-0.841
-1.01
-1.073
-0.988
-1.008
-0.943
-0.831
-0.873
-0.971
-0.929
-0.869
-0.956
-0.824
-1.0
-1.062
-0.777
-0.744
-0.831
-0.624
-0.696
-0.497
-0.551
-0.681
-0.576
-0.375
-0.128
-0.135
-0.037
0.104
0.325
-10.336
0.225
0.432
0.51
0.564
0.8
0.818
1.044
0.861
0.686
0.758
0.825
0.934
0.891
0.973
1.06
0.899
0.792
0.88
0.679
0.891
0.951
1.09
1.076
1.014
0.849
0.69
0.688
0.644
0.389
0.492
0.421
0.413
0.361
0.381
0.27
0.335
0.326
0.275
0.319
0.244
0.255
0.238
-0.075
-0.166
-0.083
-0.292
-0.351
-0.403
-0.616
-0.733
-0.97
-1.096
-1.125
-1.025
-1.091
-1.044
-0.971
-1.107
-1.109
-0.985
-1.151
-0.849
-0.698
-0.65
-0.526
-0.485
-0.104
-0.009
0.264
0.61
0.448
0.294
-0.013
0.296
0.36
0.435
0.573
0.609
0.584
0.665
0.485
0.487
0.53
0.56
0.608
0.647
0.618
0.878
0.919
0.846
0.855
0.79
0.629
0.661
0.704
0.573
0.52
0.459
0.37
0.285
-0.004
0.118
-0.111
0.041
0.235
0.32
0.708
0.672
0.651
0.512
0.65
0.684
0.695
0.685
0.495
0.495
0.575
0.764
0.916
1.262
1.395
1.53
1.34
1.345
1.201
1.093
0.986
0.932
1.054
1.036
1.041
1.065
1.074
0.927
1.015
0.973
0.886
0.935
0.956
1.005
0.863
0.784
0.796
0.836
0.721
0.466
0.386
0.419
0.312
0.305
0.24
0.296
0.362
0.379
0.28
0.125
0.034
-0.041
0.02
-0.105
-0.156
-0.13
-0.02
0.064
0.27
0.184
0.235
0.549
0.53
0.8
0.83
0.755
0.855
0.777
0.934
1.032
1.204
1.242
1.279
1.254
0.938
0.876
0.91
1.05
0.934
0.751
0.873
0.905
0.925
0.826
0.796
0.836
1.07
1.004
1.214
1.167
0.961
0.812
0.511
0.601
0.336
0.22
0.321
0.323
0.395
0.146
0.339
0.109
0.006
0.233
-0.018
-0.27
-0.329
-0.122
0.015
-0.096
-0.351
-0.242
0.069
0.133
0.473
0.411
0.414
0.496
0.446
0.482
0.49
0.713
0.874
0.599
0.585
0.71
0.764
0.76
0.714
0.681
0.689
0.723
0.61
0.615
0.417
0.445
0.43
0.499
0.562
0.438
0.44
0.158
0.079
-0.25
-0.33
-0.336
-0.295
-0.367
-0.45
-0.781
-0.87
-1.036
-1.289
-1.228
-1.208
-1.361
-1.353
-1.456
-1.465
-1.451
-1.407
-1.356
-0.963
-0.775
-0.751
-0.766
-0.802
-0.666
-0.62
-0.598
-0.385
-0.301
-0.371
-0.304
-0.346
-0.385
-0.268
-0.001
-0.037
-0.03
-0.266
-0.24
-0.379
-0.275
-0.173
-0.048
0.026
-0.014
0.081
0.161
0.179
0.175
0.383
0.208
0.191
0.329
0.524
0.586
0.839
0.814
0.902
0.73
0.624
0.654
0.591
0.535
0.427
0.236
0.217
0.103
-0.056
-0.028
-0.024
0.144
0.158
0.015
-0.1
-0.118
-0.171
-0.26
-0.238
-0.318
-0.326
-0.279
-0.139
0.039
-0.152
-0.121
-0.307
-0.246
-0.324
-0.163
-0.091
-0.225
-0.076
-0.02
-0.007
0.04
-0.04
0.007
-0.046
-0.158
-0.084
-0.15
-0.164
-0.181
-0.279
-0.284
-0.175
-0.188
0.126
0.161
0.164
0.256
0.011
-0.128
-0.356
-0.335
-0.356
-0.349
-0.384
-0.215
-0.019
-0.037
0.072
0.106
-0.022
-0.039
-0.01
0.029
-0.041
0.131
0.013
0.01
0.085
0.033
0.0
-0.184
-0.223
-0.179
-0.408
-0.468
-0.599
-0.605
-0.609
-0.624
-0.629
-0.596
-0.625
-0.596
-0.814
-0.807
-0.963
-0.919
-0.835
-0.83
-0.571
-0.399
-0.496
-0.651
-0.516
-0.753
-0.661
-0.675
-0.681
-0.824
-0.806
-0.943
-0.938
-0.779
-0.863
-0.828
-0.906
-1.041
-0.979
-1.093
-0.975
-1.005
-1.129
-1.078
-1.039
-1.016
-1.061
-0.899
-0.896
-1.1
-0.916
-0.811
-0.615
-0.517
-0.357
-0.176
-0.468
-0.606
-0.35
-0.309
-0.283
-0.177
-0.155
-0.309
-0.292
-0.077
-0.092
0.173
0.191
0.421
0.364
0.413
0.208
0.279
0.383
0.421
0.356
0.273
0.034
-0.059
-0.074
-0.105
-0.154
-0.011
-0.037
-0.241
-0.124
-0.025
-0.17
-0.32
-0.254
-0.075
-0.086
0.01
0.096
0.061
0.019
-0.046
-0.08
-0.224
-0.09
-0.101
-0.122
-0.018
0.005
0.345
0.424
0.343
0.431
0.291
0.36
0.429
0.385
0.403
0.413
0.331
0.549
0.566
0.351
0.395
0.164
0.171
0.285
0.12
0.419
0.209
0.284
0.13
0.113
0.014
-0.01
-0.001
0.126
0.196
0.049
0.13
-0.051
0.07
-0.115
-0.297
-0.325
-0.263
-0.375
-0.3
-0.114
-0.181
-0.049
-0.05
-0.031
-0.09
-0.024
0.035
0.076
-0.024
-0.225
-0.091
-0.016
-0.074
-0.223
-0.328
-0.238
-0.273
-0.182
-0.058
0.005
-0.009
0.064
0.055
0.003
-0.041
-0.249
-0.306
-0.184
-0.145
-0.294
0.024
-0.139
-0.165
-0.096
-0.133
-0.018
-0.109
-0.122
-0.453
-0.6
-0.395
-0.559
-0.522
-0.265
-0.311
-0.314
-0.355
-0.336
-0.441
-0.408
-0.41
-0.434
-0.32
-0.27
-0.084
-0.094
-0.076
0.013
0.176
0.119
0.37
0.46
0.47
0.468
0.379
0.444
0.374
0.492
0.46
0.278
0.792
0.551
0.501
0.491
0.371
0.184
0.144
0.205
-0.052
0.422
0.238
-0.031
-0.189
-0.215
-0.103
-0.066
-0.114
-0.309
-0.177
-0.386
-0.119
-0.094
-0.155
-0.2
-0.28
-0.018
0.125
0.101
0.14
-0.092
-0.139
-0.399
-0.439
-0.279
-0.414
-0.341
-0.374
-0.26
-0.275
-0.285
-0.229
-0.324
-0.425
-0.284
-0.389
-0.357
-0.439
-0.448
-0.406
-0.485
-0.245
-0.239
-0.284
-0.39
-0.22
-0.295
-0.311
-0.281
-0.255
-0.268
-0.152
-0.244
-0.184
-0.21
-0.241
-0.348
-0.399
-0.5
-0.605
-0.375
-0.439
-0.321
-0.074
-0.085
-0.105
-0.175
-0.208
-0.17
-0.166
-0.189
-0.128
-0.048
-0.061
0.099
0.094
0.205
0.28
0.315
0.465
0.31
0.469
0.777
0.92
1.129
1.186
1.345
1.405
1.431
1.535
1.613
1.653
1.59
1.59
1.701
1.819
1.776
1.699
1.528
1.46
1.555
1.706
1.425
1.458
1.231
1.061
1.045
1.133
1.135
1.153
1.249
1.241
1.13
1.201
1.032
0.85
0.84
0.782
0.873
0.904
0.78
0.958
1.103
1.031
0.745
0.68
0.515
0.526
0.233
0.185
0.106
-0.06
0.03
-0.052
-0.065
-0.33
-0.305
-0.436
-0.426
-0.211
-0.16
-0.228
-0.32
-0.306
-0.455
-0.569
-0.492
-0.147
-0.018
-0.115
-0.037
0.065
-0.21
-0.431
-0.206
-0.305
-0.306
-0.21
-0.09
0.146
0.479
0.352
0.7
0.888
0.81
0.902
0.628
0.591
0.482
0.708
0.664
0.723
0.557
0.443
0.399
0.324
0.203
0.113
0.255
0.24
0.221
0.349
0.302
0.429
0.085
0.071
0.198
0.016
0.028
0.125
-0.079
0.085
0.334
0.263
0.413
0.52
0.642
0.591
0.659
0.547
0.534
0.468
0.025
0.099
0.324
0.359
0.318
0.276
0.489
0.366
0.471
0.606
0.893
0.893
0.824
0.772
0.058
0.458
0.45
0.316
0.26
0.136
0.065
-0.055
-0.096
-0.055
-0.119
-0.086
-0.099
0.199
0.099
0.011
0.024
-0.174
-0.304
-0.245
-0.321
-0.473
-0.715
-0.834
-0.939
-1.069
-0.912
-0.999
-0.961
-1.164
-1.141
-1.218
-1.275
-1.116
-1.13
-0.97
-1.14
-1.454
-1.504
-1.357
-1.38
-1.205
-1.346
-1.278
-1.165
-0.864
-0.659
-0.686
-0.468
-0.623
-0.65
-0.711
-0.912
-0.875
-0.92
-0.792
-0.764
-0.844
-0.953
-0.988
-1.046
-0.94
-0.801
-0.739
-0.331
-0.386
-0.404
-0.65
-0.458
-0.501
-0.318
-0.133
0.025
0.305
0.226
0.28
0.223
0.32
0.285
0.084
0.154
0.225
0.435
0.27
0.552
0.542
0.305
0.374
0.396
0.503
0.583
0.714
0.724
0.876
0.904
0.911
1.232
1.012
0.985
0.691
0.386
0.46
0.315
0.295
0.401
0.586
0.321
0.364
0.385
0.554
0.239
0.071
-0.056
-0.231
-0.085
0.094
0.014
-0.033
-0.116
-0.043
-0.144
-0.196
-0.104
-0.07
-0.098
-0.062
-0.169
0.051
0.124
0.316
0.189
0.194
0.168
0.18
0.295
0.319
0.096
-0.024
-0.104
-0.161
-0.216
-0.266
-0.348
-0.28
-0.31
-0.405
-0.534
-0.414
-0.393
-0.667
-0.792
-0.888
-0.522
-0.406
-0.32
-0.216
-0.069
0.014
0.113
0.086
0.072
0.065
-0.13
-0.05
-0.055
-0.029
0.239
0.416
0.521
0.654
0.879
0.83
0.82
0.565
0.66
0.349
0.251
0.059
-0.23
-0.56
-0.569
-0.445
-0.594
-0.701
-0.514
-0.571
-0.758
-0.846
-0.891
-1.183
-1.046
-1.107
-1.264
-1.211
-1.229
-1.289
-1.144
-1.111
-1.07
-1.038
-0.924
-0.73
-0.435
-0.37
-0.355
-0.348
-0.552
-0.619
-0.557
-0.49
-0.39
-0.396
-0.246
-0.18
-0.107
-0.144
-0.239
-0.061
0.014
0.034
-0.03
0.141
0.144
0.408
0.511
0.531
0.427
0.24
0.081
0.151
0.064
-0.045
-0.084
