-0.244
-0.225
-0.166
-0.084
-0.086
-0.019
-0.033
0.022
0.13
0.143
0.096
0.086
-0.037
0.06
0.101
-0.116
-0.146
-0.139
-0.173
-0.199
-0.177
-0.225
-0.217
-0.101
-0.125
0.134
0.026
-0.018
0.009
0.196
0.35
0.475
0.654
0.709
0.679
0.561
0.642
0.556
0.391
0.395
0.569
0.541
0.541
0.443
0.527
0.224
0.126
0.014
-0.135
0.049
-0.083
0.118
-0.033
-0.004
-0.049
-0.084
-0.152
-0.254
-0.105
-0.239
-0.104
-0.311
-0.224
-0.236
-0.128
-0.266
-0.214
-0.129
-0.135
-0.134
-0.003
-0.169
-0.177
-0.003
-0.083
-0.048
-0.01
0.039
0.095
0.206
0.195
0.19
0.003
0.028
0.049
0.091
0.101
0.091
0.211
0.247
0.245
0.188
0.11
-0.062
0.163
0.208
0.258
0.339
0.311
0.398
0.228
0.292
0.269
0.05
0.184
0.184
0.061
-0.07
-0.116
-0.071
-0.242
-0.155
-0.241
-0.219
-0.239
-0.348
-0.181
-0.394
-0.275
-0.44
-0.45
-0.401
-0.453
-0.514
-0.71
-0.785
-0.916
-0.909
-0.978
-1.188
-1.231
-1.334
-1.171
-1.183
-1.018
-0.95
-1.031
-0.99
-0.88
-0.684
-0.644
-0.473
-0.451
-0.212
-0.181
-0.168
-0.041
-0.054
0.143
0.274
0.259
0.3
0.301
0.464
0.506
0.635
0.691
0.724
1.004
1.085
1.005
1.076
1.024
1.068
1.061
0.986
1.061
0.979
0.917
0.896
0.916
0.549
0.619
0.703
0.343
0.312
0.173
0.229
0.136
0.14
0.193
0.15
-0.099
-0.251
-0.225
-0.432
-0.589
-0.505
-0.429
-0.404
-0.35
-0.396
-0.367
-0.374
-0.238
-0.217
-0.107
0.055
0.182
0.037
-0.092
-0.003
-0.077
-0.036
-0.079
-0.143
-0.055
-0.18
-0.015
-0.066
0.254
0.155
0.075
0.069
-0.031
-0.135
-0.354
-0.417
-0.375
-0.48
-0.554
-0.555
-0.776
-0.764
-0.647
-0.735
-0.766
-0.804
-0.74
-0.755
-0.725
-0.682
-0.621
-0.4
-0.338
-0.239
-0.231
-0.176
-0.091
-0.133
-0.151
-0.239
-0.331
-0.274
-0.186
-0.14
-0.175
-0.182
0.094
-0.03
0.034
-0.056
0.048
0.312
0.455
0.469
0.631
0.634
0.634
0.629
0.585
0.641
0.495
0.619
0.529
0.25
0.215
0.316
0.255
0.235
0.416
0.341
0.29
0.376
0.345
0.364
0.362
0.271
0.286
0.43
0.365
0.526
0.408
0.48
0.566
0.499
0.408
0.253
0.307
0.235
0.17
0.221
0.214
0.055
-0.003
-0.046
-0.044
-0.205
-0.051
-0.163
-0.203
-0.242
-0.225
-0.191
-0.149
-0.165
-0.062
0.006
-0.115
-0.044
-0.151
-0.251
-0.31
-0.324
-0.409
-0.381
-0.512
-0.719
-0.611
-0.669
-0.72
-0.454
-0.521
-0.446
-0.47
-0.463
-0.33
-0.309
-0.269
-0.263
-0.212
-0.279
-0.321
-0.274
-0.356
-0.315
-0.247
-0.235
-0.146
-0.155
-0.045
-0.065
0.001
-0.059
0.099
0.045
0.034
0.074
0.035
0.114
-0.14
-0.113
-0.084
0.024
0.02
-0.085
-0.086
-0.01
-0.036
0.045
-0.072
0.014
0.066
0.122
0.11
0.066
-0.022
-0.024
-0.16
-0.362
-0.25
-0.355
-0.551
-0.426
-0.503
-0.557
-0.886
-0.786
-0.846
-0.889
-0.868
-0.67
-0.478
-0.465
-0.381
-0.427
-0.318
-0.328
-0.346
-0.15
-0.177
-0.339
-0.009
-0.075
-0.289
-0.343
-0.366
-0.438
-0.388
-0.448
-0.366
-0.239
-0.279
-0.258
-0.201
-0.238
-0.27
-0.164
-0.251
-0.034
-0.089
-0.143
-0.045
-0.007
0.105
-0.223
-0.201
-0.413
-0.324
-0.552
-0.71
-0.675
-0.75
-0.562
-0.479
-0.48
-0.556
-0.324
-0.286
-0.116
-0.223
-0.249
-0.11
-0.039
-0.039
0.086
0.104
0.091
0.199
0.27
0.278
0.314
0.312
0.398
0.461
0.255
0.391
0.471
0.719
0.755
0.61
0.56
0.647
0.921
0.792
0.758
0.826
0.85
1.025
0.888
0.82
0.774
0.735
0.764
0.771
0.555
0.596
0.85
0.682
0.583
0.734
0.715
0.438
0.399
0.357
0.425
0.485
0.384
0.43
0.174
0.186
0.154
0.035
0.033
-0.105
-0.211
-0.2
-0.165
-0.084
0.081
0.034
0.039
0.1
0.001
0.146
0.238
0.13
0.201
0.21
0.316
0.475
0.406
0.348
0.492
0.519
0.44
0.395
0.371
0.296
0.385
0.438
0.367
0.391
0.379
0.325
0.271
0.354
0.265
0.149
0.086
0.351
0.525
0.438
0.426
0.339
0.36
0.319
0.557
0.475
0.499
0.578
0.787
0.873
0.756
0.698
0.517
0.664
0.551
0.816
1.008
0.92
1.235
1.241
1.25
1.335
1.429
1.551
1.87
1.901
1.887
2.053
1.944
2.08
2.416
2.475
2.469
2.456
2.531
2.3
2.169
1.799
1.774
1.87
1.825
1.825
1.696
1.629
1.546
1.538
1.581
1.64
1.764
1.525
1.38
1.13
1.049
1.05
0.906
0.94
1.016
0.951
0.781
0.821
0.807
0.951
0.905
0.417
0.524
0.519
0.259
0.138
0.055
0.21
0.238
0.35
0.408
0.524
0.636
0.939
1.046
0.929
1.022
0.969
1.101
1.096
1.219
1.134
0.985
0.943
1.044
0.944
1.153
0.856
1.186
1.311
1.201
1.206
1.103
1.081
0.911
0.979
1.377
1.131
1.084
1.111
1.117
0.961
0.698
0.706
0.649
0.65
0.656
0.649
0.677
0.925
0.932
0.92
0.881
1.009
1.101
0.959
0.845
0.934
0.615
0.455
0.495
0.436
0.255
0.016
0.164
0.003
0.048
-0.091
-0.22
-0.072
-0.239
-0.239
-0.371
-0.388
-0.366
-0.574
-0.55
-0.333
-0.316
-0.37
-0.356
-0.328
-0.321
-0.333
-0.144
-0.238
-0.244
-0.36
-0.302
-0.575
-0.454
-0.492
-0.652
-0.514
-0.625
-0.666
-0.716
-0.795
-0.738
-0.576
-0.661
-0.657
-0.529
-0.541
-0.525
-0.413
-0.264
-0.174
-0.091
-0.144
-0.131
0.069
0.225
0.107
0.18
0.091
0.105
0.141
0.021
-0.03
-0.312
-0.487
-0.424
-0.361
-0.361
-0.351
-0.351
-0.315
-0.416
-0.547
-0.621
-0.665
-0.451
-0.175
-0.263
-0.179
0.029
-0.075
-0.161
0.077
0.15
0.147
0.336
0.464
0.473
0.492
0.48
0.481
0.537
0.843
0.969
0.981
1.157
1.1
0.904
0.844
0.703
0.445
0.435
0.516
0.515
0.329
0.446
0.434
0.37
0.244
0.145
0.006
0.036
-0.025
0.076
0.182
0.211
0.214
0.365
0.286
0.265
0.196
0.011
-0.164
-0.234
-0.367
-0.288
-0.131
-0.138
-0.286
-0.443
-0.679
-0.67
-0.551
-0.634
-0.634
-0.495
-0.557
-0.33
-0.328
-0.166
-0.401
-0.379
-0.374
-0.453
-0.562
-0.75
-0.649
-0.841
-0.835
-0.761
-0.914
-0.796
-0.772
-0.815
-1.028
-0.943
-0.956
-0.676
-0.624
-0.628
-0.589
-0.681
-0.578
-0.641
-0.62
-0.789
-0.679
-0.603
-0.676
-0.729
-0.684
-0.768
-0.766
-0.875
-0.839
-0.9
-0.943
-0.769
-0.646
-0.416
-0.84
-0.768
-0.865
-0.944
-0.915
-0.519
-0.349
-0.255
-0.201
-0.104
0.113
0.182
0.4
0.354
0.316
0.482
0.47
0.588
0.371
0.453
0.481
0.573
0.679
0.645
0.689
0.568
0.642
0.405
0.356
0.188
0.371
0.395
0.38
0.406
0.464
0.307
0.33
0.381
0.461
0.434
0.352
0.23
0.176
-0.094
-0.022
-0.058
-0.084
-0.096
-0.037
-0.128
-0.281
-0.161
-0.305
-0.339
-0.44
-0.367
-0.349
-0.503
-0.682
-0.647
-0.733
-0.713
-0.674
-0.758
-0.743
-0.786
-0.779
-0.814
-0.844
-0.896
-0.966
-0.861
-0.944
-0.931
-0.593
-0.636
-0.497
-0.435
-0.296
-0.143
-0.156
-0.074
0.072
-0.08
-0.014
0.076
0.111
0.14
0.079
0.166
0.245
0.181
0.039
-0.01
-0.105
-0.115
-0.025
-0.089
-0.13
-0.21
-0.482
-0.391
-0.314
-0.365
-0.46
-0.517
-0.441
-0.259
-0.194
-0.234
-0.212
-0.177
-0.009
-0.09
-0.105
0.072
0.348
0.295
0.296
0.234
0.212
0.404
0.352
0.339
0.249
0.301
0.46
0.417
0.411
0.463
0.46
0.376
0.336
0.242
0.125
-0.031
-0.045
-0.152
-0.205
-0.285
-0.356
-0.384
-0.419
-0.48
-0.588
-0.608
-0.551
-0.49
-0.359
-0.297
-0.403
-0.393
-0.51
-0.522
-0.586
-0.489
-0.501
-0.396
-0.333
-0.212
-0.106
-0.074
0.029
-0.015
0.044
-0.022
0.055
0.154
-0.085
-0.084
-0.096
-0.185
-0.206
-0.064
-0.133
-0.079
-0.054
-0.16
-0.136
-0.125
-0.239
-0.151
-0.375
-0.473
-0.46
-0.579
-0.569
-0.619
-0.667
-0.559
-0.494
-0.405
-0.361
-0.199
-0.251
-0.198
-0.186
-0.279
-0.39
-0.211
-0.312
-0.425
-0.341
-0.31
-0.255
-0.269
-0.315
-0.324
-0.47
-0.124
-0.345
-0.22
-0.417
-0.449
-0.47
-0.417
-0.329
-0.415
-0.3
-0.336
-0.17
-0.291
-0.366
-0.4
-0.408
-0.315
-0.536
-0.44
-0.514
-0.48
-0.378
-0.388
-0.344
-0.366
-0.295
-0.115
-0.039
-0.155
-0.194
-0.168
-0.026
0.016
0.174
0.312
0.439
0.555
0.579
0.604
0.635
0.703
0.546
0.769
0.856
0.801
0.77
0.869
0.816
0.868
0.73
0.662
0.639
0.709
0.671
0.615
0.559
0.52
0.331
0.064
-0.022
0.075
0.081
0.021
-0.003
-0.01
-0.146
0.086
0.05
-0.039
-0.129
-0.175
0.036
0.041
0.169
-0.058
-0.054
-0.284
-0.42
-0.539
-0.546
-0.534
-0.506
-0.522
-0.505
-0.586
-0.699
-0.647
-0.734
-0.849
-0.718
-0.482
-0.534
-0.66
-0.539
-0.458
-0.503
-0.492
-0.372
-0.37
-0.381
-0.56
-0.478
-0.494
-0.444
-0.235
-0.302
-0.171
-0.191
-0.158
-0.13
-0.199
-0.168
-0.18
-0.226
-0.105
0.075
0.072
-0.077
0.056
0.084
0.188
0.072
0.122
0.151
-0.089
-0.141
-0.164
-0.119
-0.116
-0.152
-0.19
-0.041
0.006
-0.021
0.011
0.048
0.029
-0.083
-0.031
-0.05
0.052
-0.034
0.0
0.081
0.32
0.379
0.446
0.495
0.431
0.395
0.46
0.306
0.393
0.173
0.11
0.126
0.15
-0.051
-0.12
-0.182
-0.334
-0.291
-0.547
-0.5
-0.344
-0.426
-0.333
-0.343
-0.209
-0.349
-0.379
-0.295
-0.371
-0.448
-0.575
-0.555
-0.485
-0.464
-0.26
-0.122
-0.081
-0.043
-0.115
-0.09
-0.169
-0.149
-0.229
-0.304
-0.338
-0.334
-0.25
-0.296
-0.443
-0.399
-0.432
-0.5
-0.42
-0.547
-0.45
-0.473
-0.561
-0.6
-0.511
-0.593
-0.682
-0.656
-0.565
-0.435
-0.455
-0.348
-0.309
-0.314
-0.296
-0.33
-0.297
-0.263
-0.401
-0.396
-0.405
-0.286
-0.152
-0.048
0.205
0.245
0.21
0.099
-0.011
0.14
0.089
0.076
0.264
0.422
0.495
0.509
0.459
0.511
0.609
0.76
0.695
0.639
0.815
0.532
0.532
0.609
0.574
0.54
0.593
0.593
0.542
0.534
0.349
0.186
-0.069
-0.249
-0.346
-0.539
-0.654
-0.716
-0.765
-0.797
-0.734
-0.795
-0.802
-0.741
-0.744
-0.756
-0.834
-0.776
-0.711
-0.568
-0.565
-0.335
-0.292
-0.459
-0.354
-0.326
-0.309
-0.14
-0.169
-0.365
-0.522
-0.46
-0.571
-0.41
-0.35
-0.501
-0.506
-0.354
-0.441
-0.416
-0.331
-0.444
-0.544
-0.522
-0.527
-0.519
-0.532
-0.511
-0.404
-0.386
-0.463
-0.581
-0.45
-0.626
-0.756
-0.875
-0.999
-1.016
-1.015
-0.833
-0.865
-0.785
-0.68
-0.619
-0.61
-0.578
-0.626
-0.696
-0.51
-0.539
-0.505
-0.361
-0.509
-0.274
-0.265
0.058
0.11
0.039
0.152
0.166
0.371
0.26
0.171
0.393
0.152
0.225
0.31
0.285
0.28
0.355
0.503
0.484
0.33
0.254
0.331
0.444
0.405
0.385
0.376
0.238
0.408
0.263
0.278
0.235
0.144
0.238
0.391
0.43
0.269
0.08
0.27
0.179
0.253
0.258
0.334
0.291
0.181
0.062
-0.006
-0.055
-0.351
-0.599
-0.758
-0.775
-0.779
-0.907
-0.922
-0.986
-1.074
-0.96
-0.981
-1.055
-1.076
-1.004
-1.114
-0.907
-0.79
-0.682
-0.594
-0.48
-0.5
-0.729
-0.599
-0.417
-0.364
-0.323
-0.139
-0.104
-0.081
-0.171
-0.199
-0.169
0.052
0.14
-0.022
0.07
0.219
0.24
0.314
0.329
0.333
0.264
0.27
0.316
0.403
0.366
0.443
0.331
0.517
0.344
0.147
0.198
0.33
0.12
0.101
0.07
0.059
0.255
0.051
0.2
0.139
0.297
0.352
0.311
0.37
0.521
0.508
0.503
0.497
0.494
0.506
0.485
0.571
0.529
0.482
0.475
0.446
0.451
0.394
0.396
0.27
0.312
0.369
0.386
0.31
0.416
0.495
0.474
0.53
0.492
0.552
0.728
0.705
0.674
0.955
0.888
0.841
0.749
0.714
0.739
0.661
0.881
0.801
0.829
0.875
0.863
0.974
1.024
1.07
1.065
1.163
1.155
1.341
1.284
1.305
1.434
1.524
1.739
1.816
1.857
2.098
1.978
2.16
2.024
1.935
1.778
1.866
1.981
1.835
1.799
1.776
1.701
1.647
1.724
1.644
1.65
1.752
1.627
1.846
1.684
1.586
1.475
1.391
1.445
1.209
1.203
1.18
0.956
0.985
0.826
0.8
0.964
0.781
1.075
0.949
0.749
0.772
0.914
0.8
0.776
0.738
0.911
0.936
0.964
0.706
0.777
0.746
0.881
0.941
0.901
1.064
0.585
0.459
0.593
0.599
0.654
0.713
0.792
0.71
0.556
0.709
0.69
0.639
0.57
0.511
0.416
0.386
0.376
0.374
0.314
0.461
0.494
0.278
0.424
0.216
0.171
0.289
0.551
0.466
0.625
0.661
0.739
0.764
0.829
0.746
0.777
0.82
0.7
0.511
0.718
0.705
0.754
0.774
0.804
0.835
0.941
0.72
0.581
0.389
0.185
0.314
0.107
-0.144
0.035
0.079
0.028
-0.004
-0.234
-0.114
-0.138
-0.013
-0.121
0.089
-0.139
-0.31
-0.425
-0.512
-0.571
-0.576
-0.372
-0.279
-0.22
-0.231
-0.143
-0.106
-0.103
0.101
-0.035
0.131
0.094
0.033
0.106
0.196
0.5
0.586
0.659
1.086
0.991
0.946
0.848
0.821
0.599
0.432
0.343
0.508
0.443
0.331
0.345
0.516
0.497
0.775
0.649
0.555
0.45
0.492
0.455
0.496
0.325
0.304
0.122
0.154
0.085
0.07
0.173
0.186
0.035
0.005
-0.203
-0.114
-0.179
-0.126
-0.028
-0.304
-0.454
-0.836
-0.614
-0.585
-0.701
-0.787
-0.941
-1.145
-1.157
-1.065
-1.025
-0.9
-0.878
-0.834
-0.843
-0.801
-0.744
-0.714
-0.759
-0.666
-0.801
-0.614
-0.539
-0.588
-0.446
-0.389
-0.485
-0.43
-0.666
-0.761
-0.895
-0.781
-0.59
-0.6
-0.471
-0.624
-0.339
-0.245
-0.236
-0.149
-0.369
-0.13
-0.109
-0.08
-0.086
-0.115
-0.061
-0.054
0.169
0.098
0.214
0.274
0.236
0.238
0.113
0.201
0.107
-0.036
-0.044
-0.096
-0.173
-0.479
-0.459
-0.588
-0.616
-0.604
-0.552
-0.329
-0.296
-0.201
-0.099
0.004
0.021
0.039
0.013
-0.159
-0.249
-0.046
-0.035
-0.175
-0.366
-0.448
-0.474
-0.509
-0.449
-0.505
-0.603
-0.403
-0.551
-0.704
-0.684
-0.818
-0.661
-0.804
-0.625
-0.709
-0.468
-0.491
-0.485
-0.629
-0.636
-0.615
-0.651
-0.564
-0.554
-0.662
-0.647
-0.664
-0.539
-0.568
-0.633
-0.374
-0.49
-0.511
-0.425
-0.391
-0.319
-0.211
-0.271
-0.209
-0.273
-0.146
-0.16
-0.201
-0.235
-0.328
-0.499
-0.341
-0.527
-0.566
-0.59
-0.375
-0.189
-0.101
0.064
-0.109
-0.084
-0.105
-0.039
0.06
-0.06
-0.076
-0.175
-0.26
-0.424
-0.38
-0.414
-0.459
-0.45
-0.516
-0.495
-0.424
-0.367
-0.256
-0.403
-0.58
-0.59
-0.403
-0.355
-0.316
-0.018
0.075
-0.069
0.059
-0.022
0.085
0.146
0.228
0.049
-0.109
-0.263
-0.38
-0.352
-0.374
-0.331
-0.334
-0.468
-0.198
-0.575
-0.542
-0.52
-0.618
-0.381
-0.411
-0.534
-0.484
-0.486
-0.374
-0.189
-0.253
-0.129
-0.186
-0.239
-0.283
-0.26
-0.362
-0.436
-0.636
-0.633
-0.647
-0.549
-0.525
-0.562
-0.496
-0.445
-0.316
-0.296
-0.045
0.021
0.114
0.165
0.103
0.186
0.365
0.453
0.669
0.649
0.76
0.756
0.848
1.09
0.988
1.05
0.901
0.838
0.819
0.455
0.593
0.289
0.295
0.324
0.261
0.059
-0.076
-0.131
-0.205
-0.389
-0.406
-0.38
-0.56
-0.611
-0.756
-0.704
-0.738
-0.79
-0.881
-0.784
-0.604
-0.686
-0.48
-0.46
-0.435
-0.328
-0.33
-0.36
-0.468
-0.473
-0.471
-0.255
-0.143
-0.258
-0.297
-0.305
-0.088
-0.077
-0.107
0.083
0.19
0.149
0.169
0.269
0.2
0.255
0.09
0.121
0.214
0.205
0.391
0.194
0.06
0.114
0.091
0.215
0.17
0.113
0.168
0.405
0.455
0.461
0.386
0.517
0.591
0.421
0.454
0.468
0.634
0.638
0.615
0.636
0.672
0.745
0.829
0.858
0.721
0.649
0.383
0.26
0.229
0.121
0.095
0.034
-0.025
-0.019
-0.089
-0.133
-0.219
-0.286
-0.464
-0.463
-0.685
-0.796
-0.907
-1.058
-1.18
-1.211
-1.364
-1.466
-1.166
-1.44
-1.333
-1.21
-1.229
-1.008
-0.98
-0.97
-0.927
-0.916
-0.777
-0.741
-0.48
-0.408
-0.281
-0.25
-0.261
-0.136
0.04
0.271
0.398
0.35
0.367
0.44
0.473
0.625
0.725
0.644
0.706
0.618
0.728
0.816
0.495
0.667
0.659
0.676
0.647
0.432
0.473
0.554
0.487
0.259
0.269
0.295
0.259
0.318
0.28
0.189
0.16
-0.021
0.22
0.08
-0.076
-0.094
-0.051
-0.033
0.156
0.034
-0.013
-0.037
-0.155
-0.16
-0.175
-0.139
-0.164
-0.128
-0.176
-0.169
-0.089
-0.03
-0.028
0.085
0.051
-0.015
-0.089
-0.033
-0.015
-0.158
-0.119
0.239
0.185
0.186
0.307
0.389
0.209
0.146
0.339
0.217
0.312
0.219
0.242
0.266
0.261
0.446
0.468
0.473
0.596
0.5
0.449
0.283
0.496
0.145
0.144
-0.037
-0.005
0.022
-0.09
-0.193
-0.352
-0.451
-0.534
-0.561
-0.546
-0.578
-0.535
-0.685
-0.646
-0.866
-0.777
-0.721
-0.688
-0.489
-0.487
-0.459
-0.45
-0.426
-0.443
-0.492
-0.357
-0.471
-0.624
-0.393
-0.271
-0.296
-0.246
-0.135
-0.15
-0.195
-0.151
-0.088
-0.04
0.034
0.035
0.044
0.106
0.035
0.022
-0.066
-0.15
-0.128
0.104
-0.155
-0.161
-0.115
0.003
0.062
0.13
0.074
0.149
0.062
0.229
0.15
0.0
-0.022
-0.184
-0.205
-0.315
-0.625
-0.64
-0.63
-0.672
-0.559
-0.679
-0.598
-0.554
-0.554
-0.319
-0.506
-0.349
-0.265
-0.336
-0.395
-0.583
-0.408
-0.511
-0.438
-0.283
-0.295
-0.294
-0.306
-0.388
-0.388
-0.471
-0.501
-0.583
-0.532
-0.628
-0.516
-0.491
-0.649
-0.551
-0.851
-0.758
-0.812
-0.638
-0.706
-0.723
-0.699
-0.593
-0.639
-0.646
-0.611
-0.544
-0.473
-0.396
-0.359
-0.245
-0.323
-0.383
-0.336
-0.32
-0.65
-0.644
-0.615
-0.646
-0.439
-0.438
-0.415
-0.326
-0.395
-0.451
-0.448
-0.362
-0.27
-0.376
-0.328
-0.306
-0.219
-0.165
0.028
-0.004
0.024
-0.033
0.045
0.016
0.03
0.135
0.264
0.223
0.235
0.451
0.273
0.31
0.385
0.415
0.419
0.378
0.406
0.331
0.456
0.421
0.292
0.259
0.158
0.181
0.083
-0.04
-0.211
-0.077
0.005
-0.024
-0.051
-0.122
-0.026
-0.096
-0.064
0.011
-0.158
-0.026
-0.095
-0.164
-0.081
-0.221
-0.219
-0.339
-0.22
-0.209
-0.089
-0.043
-0.311
-0.159
-0.221
-0.079
-0.114
-0.144
-0.035
0.013
-0.014
0.098
0.059
0.239
0.059
0.039
-0.092
0.076
0.114
0.216
0.179
0.109
0.133
0.131
0.041
0.193
0.263
0.351
0.527
0.581
0.604
0.728
0.674
0.792
0.806
0.979
1.078
1.282
1.366
1.312
1.384
1.531
1.75
1.823
2.055
2.075
2.22
2.272
2.311
2.235
2.223
2.246
2.231
2.373
2.309
2.208
2.151
2.016
2.002
1.978
1.969
2.014
1.975
2.083
1.795
1.764
1.761
1.691
1.625
1.703
1.531
1.489
1.338
1.056
1.213
1.249
1.221
1.176
1.096
1.038
0.896
0.871
0.944
0.96
1.025
0.905
0.784
0.746
0.623
0.375
0.149
-0.028
-0.12
-0.088
0.003
0.09
0.25
0.24
0.176
0.062
-0.135
0.12
0.11
0.011
0.07
-0.089
-0.028
-0.14
-0.061
0.249
0.061
0.186
0.15
0.126
0.062
0.111
0.098
0.411
0.495
0.264
0.208
0.156
0.405
0.253
0.334
0.398
0.331
0.595
0.484
0.465
0.575
0.565
0.575
0.451
0.655
0.646
0.64
0.641
0.565
0.606
0.31
0.236
0.158
0.38
0.309
0.251
0.391
0.309
0.326
0.435
0.526
0.482
0.517
0.695
0.593
0.7
0.838
0.786
0.674
0.516
0.48
0.239
0.2
0.53
0.22
0.114
-0.013
0.145
0.088
0.095
-0.188
-0.229
-0.338
-0.346
-0.188
-0.286
-0.211
-0.151
-0.236
-0.182
-0.169
-0.163
-0.109
-0.077
0.039
0.198
-0.029
-0.091
-0.234
-0.45
-0.497
-0.574
