-0.12
-0.201
0.061
0.058
-0.015
-0.041
0.066
0.144
-0.095
-0.281
-0.435
-0.527
-0.497
-0.439
-0.461
-0.571
-0.561
-0.557
-0.786
-0.718
-0.986
-0.87
-0.685
-0.679
-0.611
-0.751
-0.761
-0.588
-0.65
-0.594
-0.47
-0.672
-0.599
-0.789
-1.089
-1.022
-0.919
-0.924
-0.87
-0.749
-0.811
-0.685
-0.694
-0.356
-0.081
0.046
0.065
0.145
-0.021
-0.041
-0.055
0.016
0.035
-0.034
0.285
0.431
0.436
0.596
0.527
0.695
0.839
0.693
0.667
0.461
0.505
0.605
0.486
0.641
0.564
0.74
0.448
0.468
0.274
0.231
0.149
0.154
0.099
0.13
0.06
0.099
-0.025
0.024
0.276
0.128
0.344
0.346
0.497
0.487
0.278
0.072
0.171
0.386
0.245
0.286
0.341
0.168
0.209
0.09
0.141
-0.103
-0.025
-0.182
-0.161
-0.491
-0.367
-0.314
-0.517
-0.499
-0.399
-0.508
-0.575
-0.598
-0.825
-1.058
-0.973
-0.861
-1.071
-0.951
-1.088
-0.68
-1.09
-0.985
-1.115
-1.147
-1.083
-0.996
-0.723
-0.709
-0.756
-0.629
-0.756
-0.594
-0.696
-0.7
-0.77
-0.684
-0.744
-0.705
-0.666
-0.708
-0.562
-0.686
-0.639
-0.772
-0.565
-0.642
-0.616
-0.406
-0.536
-0.698
-0.766
-0.694
-0.491
-0.443
-0.221
0.103
0.297
0.268
-0.058
0.161
0.449
0.292
0.443
0.51
0.529
0.394
0.33
0.211
-0.152
0.069
0.104
0.122
0.011
-0.077
-0.164
0.014
-0.022
-0.031
-0.025
-0.077
-0.006
0.229
0.107
0.033
-0.269
-0.335
-0.321
-0.369
-0.156
-0.051
0.084
-0.015
0.026
-0.072
-0.041
-0.052
-0.088
0.201
0.221
0.174
0.217
0.125
0.17
0.228
0.366
0.11
-0.083
-0.139
-0.176
-0.164
-0.064
0.024
0.231
0.15
-0.096
-0.022
-0.344
-0.311
-0.391
-0.079
-0.077
0.0
-0.026
0.089
-0.019
-0.088
0.2
0.297
0.436
0.454
0.445
0.199
0.156
-0.07
-0.154
0.074
0.296
0.41
0.478
0.522
0.372
0.351
0.195
0.08
0.2
0.177
0.136
-0.296
-0.349
-0.449
-0.451
-0.486
-0.364
-0.275
-0.136
0.001
0.125
0.215
0.312
0.284
0.376
0.474
0.515
0.426
0.343
0.31
0.223
0.38
0.289
0.532
0.399
0.466
0.59
0.596
0.669
0.651
0.764
0.9
1.011
1.054
1.25
1.28
1.419
1.488
1.292
1.374
1.413
1.406
1.271
0.924
0.81
0.906
0.846
0.781
0.89
0.545
0.623
0.585
0.527
0.685
0.753
0.43
0.417
0.596
0.521
0.855
0.865
0.698
0.849
0.768
0.784
0.688
0.979
0.961
0.979
1.04
0.966
0.873
0.73
0.771
0.475
0.255
0.3
0.44
0.439
0.485
0.666
0.527
0.623
0.705
0.675
0.729
0.708
0.769
0.787
0.636
0.59
0.468
0.535
0.269
0.419
0.593
0.699
0.743
0.801
0.789
0.777
0.875
0.963
1.036
1.004
1.093
0.99
1.101
0.968
0.853
0.834
0.809
0.814
0.865
0.893
0.645
0.541
0.398
0.215
0.283
0.349
0.23
0.111
0.367
0.189
0.193
0.106
0.011
0.136
0.259
0.311
0.2
0.177
-0.244
-0.453
-0.408
-0.211
-0.211
-0.077
-0.156
-0.268
-0.432
-0.47
-0.55
-0.439
-0.291
-0.269
-0.395
-0.629
-0.43
-0.54
-0.571
-0.568
-0.575
-0.439
-0.371
-0.214
-0.18
-0.111
-0.246
-0.12
0.076
0.182
-0.014
0.16
0.101
0.138
0.21
0.185
0.205
0.288
0.275
0.28
0.273
0.271
0.427
0.419
0.309
0.554
0.475
0.456
0.51
0.534
0.37
0.559
0.43
0.354
0.315
0.216
0.351
0.174
0.328
0.307
0.238
0.359
0.238
0.09
0.226
0.45
0.31
0.454
0.39
0.281
0.473
0.375
0.247
0.285
0.268
0.367
0.405
0.408
0.33
0.242
0.259
0.432
0.494
0.492
0.375
0.333
0.324
0.288
0.23
0.228
0.221
-0.059
-0.264
-0.133
-0.235
-0.176
-0.144
-0.174
-0.147
-0.191
-0.069
0.061
0.074
0.1
0.155
0.004
0.275
0.21
0.198
0.209
0.253
0.609
0.355
0.24
0.333
0.541
0.356
0.295
0.113
0.048
-0.09
-0.131
-0.135
-0.216
-0.249
-0.394
-0.459
-0.764
-0.948
-1.038
-0.75
-0.573
-0.664
-0.679
-0.774
-0.68
-0.526
-0.441
-0.435
-0.395
-0.432
-0.251
-0.585
-0.659
-0.667
-0.588
-0.461
-0.295
-0.286
-0.251
-0.49
-0.586
-0.247
-0.301
-0.256
-0.231
-0.312
-0.185
-0.56
-0.578
-0.223
-0.163
-0.26
-0.38
-0.339
-0.403
-0.326
-0.393
-0.177
-0.039
-0.159
-0.335
-0.68
-0.7
-0.818
-0.78
-0.584
-0.456
-0.479
-0.481
-0.731
-0.709
-0.728
-0.741
-0.754
-0.67
-0.615
-0.634
-0.812
-1.024
-0.815
-0.812
-0.785
-0.8
-0.772
-1.079
-0.932
-1.218
-1.292
-1.109
-1.029
-1.005
-0.856
-0.812
-0.89
-0.642
-0.489
-0.336
-0.344
-0.32
-0.334
-0.114
-0.279
-0.3
-0.18
-0.399
-0.249
-0.182
-0.171
-0.133
-0.254
-0.198
0.009
-0.104
0.088
0.165
0.086
0.107
0.219
0.115
0.173
0.146
0.217
0.25
0.324
0.339
0.516
0.562
0.544
0.527
0.484
0.541
0.38
0.278
0.271
0.031
0.17
0.205
0.184
0.21
0.035
0.166
0.095
0.034
-0.02
-0.165
-0.109
-0.251
-0.299
-0.395
-0.551
-0.48
-0.459
-0.61
-0.604
-0.685
-0.826
-0.843
-0.985
-0.858
-0.735
-0.75
-0.685
-0.835
-0.76
-0.835
-0.654
-0.544
-0.525
-0.06
-0.296
-0.432
-0.435
-0.57
-0.514
-0.546
-0.443
-0.451
-0.485
-0.492
-0.111
-0.03
-0.134
0.188
0.07
0.124
0.154
0.094
0.23
0.265
0.495
0.371
0.28
0.176
0.211
0.125
0.224
0.32
0.4
0.628
0.619
0.657
0.588
0.522
0.355
0.47
0.486
0.691
0.66
0.598
0.511
0.46
0.481
0.306
0.511
0.537
0.642
0.478
0.365
0.432
0.546
0.575
0.525
0.451
0.37
0.404
0.338
0.31
0.274
0.271
0.346
0.4
0.22
0.3
0.357
0.432
0.388
0.425
0.115
0.166
0.214
0.233
0.25
0.297
0.264
0.138
0.059
-0.033
-0.16
-0.079
-0.098
0.06
0.094
0.319
0.422
0.186
0.149
0.242
0.15
0.405
0.399
0.434
0.356
0.314
0.176
0.156
0.216
0.269
0.244
0.31
0.38
0.321
-0.054
-0.231
-0.271
-0.414
-0.295
-0.049
0.025
-0.106
0.13
0.066
-0.24
-0.164
-0.241
0.066
-0.05
0.05
-0.201
-0.072
0.361
0.28
0.522
0.378
0.573
0.556
0.338
0.484
0.455
0.679
0.804
0.785
0.644
0.609
0.545
0.29
0.288
0.466
0.63
0.604
0.53
0.506
0.519
0.425
0.593
0.63
0.666
0.84
0.845
0.96
0.978
1.021
0.966
0.948
1.225
1.395
1.295
0.993
0.936
0.626
0.619
0.628
0.728
0.785
1.011
1.174
1.145
0.919
0.696
0.834
0.744
0.81
1.05
0.791
0.791
0.725
0.66
0.642
0.74
0.723
0.585
0.7
0.662
0.458
0.401
0.429
0.255
0.352
0.281
0.286
0.451
0.336
0.619
0.539
0.464
0.626
0.728
0.883
0.846
0.876
0.888
0.879
0.922
0.969
1.203
1.173
1.208
1.232
1.064
0.895
1.146
1.058
0.993
0.828
0.689
0.679
0.574
0.623
0.61
0.598
0.512
0.425
0.424
0.512
0.618
0.705
0.649
0.492
0.297
0.408
0.459
0.545
0.381
0.021
0.12
0.034
0.136
0.181
-0.014
-0.101
-0.159
-0.235
-0.23
-0.372
-0.434
-0.454
-0.615
-0.731
-0.883
-1.044
-1.099
-1.16
-1.068
-1.31
-1.26
-1.315
-1.272
-1.224
-1.19
-1.235
-1.115
-1.174
-1.153
-1.169
-1.19
-1.073
-0.911
-0.388
-0.381
-0.425
-0.39
-0.474
-0.408
-0.119
0.173
0.491
0.441
0.645
0.411
0.519
0.559
0.514
0.815
0.76
0.914
1.006
0.907
1.066
0.765
0.731
0.743
0.657
0.579
0.691
0.516
0.455
0.521
0.562
0.16
0.081
0.062
-0.072
0.005
-0.22
-0.52
-0.514
-0.583
-0.448
-0.531
-0.4
-0.174
-0.459
-0.355
-0.443
-0.41
-0.474
-0.465
-0.616
-0.549
-0.524
-0.436
-0.441
-0.505
-0.189
-0.279
-0.138
-0.058
-0.203
-0.261
-0.316
-0.035
-0.182
-0.094
-0.098
-0.095
-0.118
0.041
0.333
0.092
0.143
0.255
0.166
0.054
-0.022
0.189
-0.01
-0.099
-0.198
-0.321
-0.281
-0.339
-0.37
-0.33
-0.455
-0.453
-0.42
-0.526
-0.569
0.361
-0.835
-0.84
-1.034
-0.818
-0.741
-0.659
-0.544
-0.805
-0.689
-0.589
-0.608
-0.785
-0.995
-0.769
-0.709
-0.886
-0.917
-0.619
-0.636
-0.478
-0.249
-0.224
-0.247
-0.398
-0.522
-0.535
-0.494
-0.399
-0.365
-0.299
-0.247
-0.098
-0.269
-0.165
-0.059
0.081
0.064
0.096
-0.013
-0.124
-0.19
-0.064
0.04
0.045
0.075
0.107
0.058
0.08
0.1
0.048
0.015
0.169
0.006
-0.224
-0.292
-0.193
-0.274
-0.487
-0.405
-0.49
-0.578
-0.497
-0.46
-0.435
-0.526
-0.6
-0.633
-0.665
-0.634
-0.596
-0.422
-0.281
-0.249
-0.171
-0.171
-0.166
-0.249
-0.188
-0.024
0.013
-0.129
0.015
-0.113
-0.199
-0.19
-0.171
-0.11
-0.329
-0.559
-0.446
-0.384
-0.422
-0.512
-0.583
-0.559
-0.719
-0.759
-0.745
-0.638
-0.495
-0.365
-0.48
-0.143
-0.335
-0.286
-0.326
-0.173
0.051
0.275
0.561
0.703
0.751
0.511
0.369
0.28
0.144
0.3
0.35
0.516
0.463
0.413
0.376
-0.048
-0.316
-0.468
-0.388
-0.376
-0.263
-0.453
-0.591
-0.787
-0.701
-0.694
-0.796
-0.624
-0.721
-0.756
-0.863
-0.846
-0.74
-0.693
-0.535
-0.761
-0.519
-0.611
-0.634
-0.606
-0.556
-0.557
-0.503
-0.403
-0.15
0.095
-0.11
-0.062
-0.185
0.001
0.062
-0.09
-0.041
0.145
0.246
0.201
0.226
0.338
0.294
0.487
0.541
0.251
0.411
0.389
0.468
0.226
0.071
-0.195
-0.151
-0.233
-0.175
-0.224
-0.182
-0.095
-0.135
-0.239
-0.21
-0.225
-0.278
-0.362
-0.6
-0.674
-0.711
-0.662
-0.581
-0.469
-0.244
-0.421
-0.384
-0.256
-0.391
-0.271
-0.076
-0.266
-0.398
-0.344
-0.63
-0.505
-0.645
-0.223
-0.124
0.021
0.081
0.128
0.081
0.035
0.099
-0.06
-0.072
-0.122
0.051
0.143
0.28
0.236
0.105
-0.018
-0.144
-0.209
-0.035
0.088
0.529
0.6
0.569
0.5
0.48
0.619
0.578
0.866
0.891
0.759
0.775
0.806
0.665
0.514
0.519
0.595
0.544
0.7
0.72
0.61
0.654
0.441
0.393
0.479
0.438
0.492
0.431
0.245
0.036
0.217
0.266
0.37
0.57
0.521
0.594
0.871
0.904
0.853
0.644
0.576
0.501
0.559
0.55
0.568
0.403
0.279
0.181
0.076
0.109
0.014
0.099
-0.083
-0.031
-0.154
-0.084
0.049
0.118
0.064
0.077
0.309
0.61
0.763
0.652
0.539
0.605
0.691
0.698
0.835
0.888
0.844
1.026
0.953
1.226
0.986
0.948
1.14
0.98
0.846
0.623
0.856
0.858
0.624
0.806
0.883
0.885
0.768
0.764
0.64
0.574
0.726
0.628
0.728
0.868
0.97
1.055
1.069
0.902
0.8
0.743
0.709
0.568
0.58
0.473
0.421
0.426
0.591
0.471
0.656
0.635
0.506
0.649
0.571
0.509
0.814
0.855
0.675
0.631
0.772
0.723
0.799
0.964
1.01
1.078
1.203
1.35
1.289
0.888
0.795
0.634
0.501
0.629
0.635
0.729
0.939
0.858
0.879
0.763
0.724
0.529
0.264
0.359
0.31
0.496
0.458
0.251
0.231
0.138
0.144
0.289
0.362
0.434
0.499
0.242
0.011
-0.138
-0.06
0.052
0.362
0.487
0.554
0.769
0.729
0.685
0.82
0.576
0.75
0.685
0.515
0.718
0.661
0.539
0.497
0.378
0.496
0.565
0.705
0.509
0.614
0.571
0.529
0.36
0.116
0.427
0.3
0.333
0.321
0.159
0.228
0.173
-0.107
-0.077
-0.182
-0.297
-0.086
-0.04
-0.055
-0.191
-0.22
-0.254
-0.258
-0.176
-0.203
-0.026
-0.055
-0.077
0.043
0.071
0.246
0.32
0.299
0.269
0.289
0.285
0.374
0.009
0.079
0.311
0.168
-0.03
-0.033
-0.354
-0.38
-0.374
-0.323
-0.154
-0.188
-0.49
-0.388
-0.652
-0.63
-0.588
-0.609
-0.672
-0.736
-0.705
-0.761
-0.765
-0.689
-0.691
-0.695
-0.604
-0.529
-0.769
-0.669
-0.66
-0.441
-0.371
-0.49
-0.443
-0.364
-0.429
-0.35
0.052
-0.199
-0.072
-0.048
0.059
0.064
0.022
0.1
0.145
0.126
0.241
0.106
0.044
0.007
-0.152
-0.209
-0.274
-0.244
-0.064
-0.171
-0.25
-0.44
-0.589
-0.463
-0.78
-0.711
-0.503
-0.584
-0.594
-0.594
-0.654
-0.555
-0.593
-0.644
-0.861
-0.763
-1.143
-1.424
-1.531
-1.633
-1.798
-2.058
-2.357
-2.09
-2.155
-1.876
-1.639
-1.391
-1.315
-0.958
-0.956
-1.002
-1.064
-1.095
-1.06
-0.849
-0.769
-0.671
-0.444
-0.324
0.034
0.219
0.426
0.487
0.626
0.55
0.56
0.388
0.39
0.174
-0.045
0.06
0.499
0.924
0.804
0.834
0.912
0.786
0.809
0.693
0.509
0.88
0.715
0.691
0.753
0.686
0.659
0.651
0.666
0.792
0.936
0.784
0.738
0.743
0.8
0.763
0.378
0.421
0.466
0.456
0.497
0.244
0.05
-0.033
-0.033
-0.253
-0.104
-0.06
-0.05
-0.241
-0.444
-0.524
-0.679
-0.65
-0.781
-0.65
-0.935
-0.965
-0.8
-0.846
-0.699
-0.709
-0.705
-0.51
-0.949
-0.975
-0.978
-0.938
-0.865
-0.963
-1.116
-1.205
-1.009
-1.131
-1.131
-0.932
-0.966
-0.838
-0.616
-0.485
-0.682
-0.482
-0.48
-0.432
-0.451
-0.688
-0.494
-0.662
-0.781
-1.116
-0.769
-0.89
-1.136
-1.224
-1.286
-1.441
-1.384
-1.129
-0.922
-0.993
-0.986
-0.802
-0.774
-0.709
-0.735
-0.728
-0.703
-0.596
-0.657
-0.494
-0.36
-0.376
-0.286
0.029
-0.261
-0.103
0.055
-0.014
0.14
0.115
-0.114
-0.046
0.175
0.36
0.515
0.429
0.494
0.496
0.42
0.485
0.304
0.421
0.519
0.217
0.601
0.726
0.639
0.765
0.716
0.604
0.591
0.655
0.644
0.621
0.365
0.156
-0.014
0.134
-0.268
-0.188
-0.168
-0.15
-0.143
-0.046
-0.124
0.071
0.146
0.09
0.118
-0.069
-0.138
-0.378
-0.652
-0.318
-0.265
-0.466
-0.149
0.025
0.196
0.359
0.261
0.291
0.09
0.1
0.059
0.062
-0.022
-0.168
-0.266
-0.164
-0.037
0.016
0.181
0.335
0.559
0.568
0.526
0.7
0.619
0.703
0.606
0.431
0.569
0.584
0.475
0.541
0.856
0.806
0.674
1.075
1.234
1.074
1.185
1.189
1.206
1.386
1.395
1.465
1.42
1.231
1.311
1.213
1.131
1.2
0.932
1.039
0.949
0.989
1.005
1.024
0.843
0.76
0.478
0.299
0.33
0.09
0.246
0.024
0.161
0.33
0.22
0.362
0.247
0.296
0.274
0.461
0.51
0.731
0.936
0.724
0.84
0.834
0.836
0.723
0.851
0.749
0.71
0.399
0.314
0.449
0.448
0.758
0.728
0.71
0.504
0.12
0.041
0.021
0.176
0.231
0.208
0.35
0.145
0.201
0.158
0.056
0.065
0.346
0.386
0.029
0.131
0.036
-0.009
0.292
0.177
0.531
0.664
0.83
0.815
0.946
1.045
1.19
1.336
1.094
1.015
0.845
0.73
0.434
0.565
0.76
1.029
1.061
1.075
1.213
1.021
0.758
0.766
0.698
0.698
0.819
0.85
0.698
0.434
0.481
0.439
0.385
0.177
0.163
0.04
0.034
-0.316
-0.301
-0.484
-0.284
-0.542
-0.514
-0.521
-0.655
-0.695
-0.549
-0.299
-0.314
-0.02
-0.131
-0.195
-0.26
-0.286
-0.346
-0.436
-0.234
-0.066
0.276
0.323
-0.022
0.118
0.125
0.198
0.359
0.206
0.384
0.336
0.356
0.254
0.348
0.396
0.209
0.233
0.234
0.288
0.193
0.266
0.417
0.385
0.459
0.396
0.173
0.302
0.166
0.118
0.198
-0.024
-0.211
-0.147
0.005
-0.314
-0.386
-0.522
-0.416
-0.367
-0.168
-0.23
0.024
0.215
0.036
0.211
0.319
0.451
0.506
0.429
0.443
0.343
0.657
0.839
0.9
0.916
0.831
0.629
0.759
0.781
0.641
0.417
0.564
0.415
0.501
0.698
0.815
0.975
0.814
0.716
0.716
0.829
1.13
1.101
1.046
0.905
0.801
0.508
0.495
0.6
0.494
0.344
0.285
0.311
0.346
0.039
-0.037
-0.044
-0.018
-0.07
-0.07
-0.158
-0.28
-0.236
-0.384
-0.304
-0.411
-0.495
-0.561
-0.636
-0.654
-0.801
-0.585
-0.403
-0.16
-0.075
-0.114
0.01
-0.07
-0.092
-0.247
-0.171
-0.279
-0.642
-0.849
-0.888
-1.031
-0.875
-0.969
-1.134
-0.964
-0.751
-0.749
-0.728
-0.834
-0.818
-0.966
-1.14
-1.139
-1.47
-1.595
-1.621
-1.713
-1.646
-1.29
-1.271
-1.065
-1.0
-1.062
-1.036
-1.206
-1.341
-1.474
-1.469
-1.532
-1.54
-1.356
-1.295
-1.229
-1.205
-1.183
-1.176
-0.846
-0.825
-0.812
-0.9
-0.91
-0.698
-0.713
-0.615
-0.666
-0.511
-0.44
-0.357
-0.275
0.044
0.168
0.516
0.723
0.741
0.919
0.802
0.576
0.526
0.503
0.479
0.35
0.508
0.521
0.573
0.517
0.403
0.616
0.556
0.841
0.576
0.584
0.478
0.31
0.075
-0.029
-0.052
-0.306
-0.234
-0.269
-0.443
-0.58
-0.73
-0.755
-0.784
-0.67
-0.565
-0.616
-0.554
-0.647
-0.473
-0.704
-0.532
-0.355
-0.514
-0.479
-0.451
-0.364
-0.438
-0.417
-0.36
-0.408
-0.299
-0.764
-0.782
-0.924
-0.966
-0.89
-0.734
-1.071
-1.051
-1.127
-1.181
-1.366
-1.546
-1.526
-1.47
-1.604
-1.601
-1.639
-2.075
-2.044
-2.039
-1.825
-1.621
-1.474
-1.255
-1.113
-1.117
-1.097
-0.865
-0.825
-0.791
-0.667
-0.564
-0.311
-0.344
-0.219
-0.031
-0.052
0.091
0.196
0.299
0.299
0.51
0.606
0.71
0.525
0.531
0.389
0.396
0.424
0.496
0.569
0.511
0.688
0.609
0.546
0.679
0.713
0.821
0.703
0.67
0.569
0.527
0.512
0.431
0.451
0.329
0.464
0.315
0.591
0.781
0.821
0.775
1.012
0.868
0.689
0.719
0.372
0.51
0.492
0.501
0.434
0.33
0.324
0.263
0.101
0.234
0.239
0.247
0.154
0.291
0.195
-0.024
0.039
0.154
0.264
0.568
0.375
0.318
0.356
0.238
0.48
0.537
0.454
0.585
0.754
0.676
1.03
1.081
1.191
1.085
1.169
0.807
0.701
0.611
0.331
0.386
0.323
0.21
0.058
-0.024
-0.021
-0.121
-0.058
0.075
0.006
0.152
0.12
0.138
0.355
0.098
0.419
0.469
0.318
0.61
0.379
0.539
0.6
0.741
0.784
0.944
1.014
0.753
1.041
0.859
0.991
0.924
0.873
0.818
0.895
0.829
0.711
0.594
0.72
0.855
0.83
0.953
0.894
0.917
0.7
0.408
0.361
0.415
0.427
0.331
0.595
0.425
0.552
0.393
0.306
0.425
0.355
0.473
0.521
0.471
0.526
0.619
0.823
0.881
0.922
1.045
1.315
1.521
1.609
1.867
1.531
1.688
1.238
1.386
1.45
1.625
1.771
1.713
1.53
1.484
1.548
1.573
1.8
1.721
1.745
1.58
1.72
1.913
1.944
1.884
1.833
1.771
1.438
1.296
1.379
1.101
0.865
0.738
0.571
0.41
0.297
0.092
0.103
-0.443
-0.278
-0.417
-0.339
-0.441
-0.461
-0.432
-0.432
-0.417
-0.557
-0.576
-0.53
-0.411
-0.328
-0.405
-0.39
-0.291
-0.005
-0.051
0.054
0.175
0.158
0.061
-0.059
0.106
0.072
0.186
0.134
0.284
0.339
0.41
0.338
0.424
0.319
0.354
0.594
0.629
0.419
0.614
0.54
0.403
0.365
0.459
0.478
0.305
0.096
-0.05
-0.269
-0.251
-0.265
-0.64
-0.459
-0.44
-0.487
-0.535
-0.728
-0.55
-0.682
-0.64
-0.69
-0.791
-0.784
-0.874
-0.555
-0.446
-0.534
-0.505
-0.443
-0.403
-0.345
-0.271
-0.443
-0.465
-0.764
-0.886
-0.836
-0.725
-0.785
-0.655
-0.746
-0.854
-0.881
-0.951
-0.94
-0.894
-1.231
-1.225
-1.088
-0.986
-0.831
-0.979
-0.849
-0.871
-0.682
-0.698
-0.725
-0.652
-0.521
-0.176
-0.014
-0.062
-0.251
-0.367
-0.453
-0.385
-0.475
-0.426
-0.281
-0.415
-0.522
-0.403
-0.3
-0.421
-0.244
-0.169
-0.08
0.086
0.147
0.049
0.12
0.143
0.195
0.168
0.165
-0.041
-0.156
0.034
0.0
-0.024
-0.02
0.035
0.071
0.182
0.245
0.113
0.113
0.221
0.146
0.284
0.146
0.295
0.211
0.152
0.163
0.098
0.028
-0.015
0.033
-0.118
-0.049
-0.354
-0.399
-0.497
-0.475
-0.311
-0.521
-0.49
-0.302
-0.335
-0.309
-0.19
-0.174
-0.08
-0.011
0.275
0.205
0.594
0.583
0.441
0.461
0.356
0.338
0.25
0.083
0.014
0.189
0.283
0.255
0.369
