-0.42
-0.386
-0.401
-0.374
-0.495
-0.539
-0.475
-0.763
-0.939
-0.871
-0.725
-0.826
-0.805
-0.84
-0.771
-0.925
-0.786
-0.961
-1.161
-1.135
-1.085
-0.984
-0.981
-1.031
-1.068
-0.746
-0.634
-0.574
-0.605
-0.581
-0.506
-0.74
-0.866
-0.645
-0.618
-0.804
-0.825
-0.584
-0.709
-0.486
-0.199
-0.21
-0.144
-0.066
0.08
0.146
0.229
0.125
0.069
0.118
0.171
0.253
0.151
0.186
0.128
0.179
0.188
0.122
0.33
0.1
-0.018
-0.292
-0.431
-0.555
-0.552
-0.519
-0.503
-0.596
-0.603
-0.335
-0.199
0.019
0.205
-0.115
-0.039
0.074
-0.125
-0.09
0.058
0.186
0.389
0.459
0.37
0.576
0.511
0.32
0.311
0.37
0.295
0.12
0.116
0.19
0.35
0.326
0.19
0.101
0.051
0.254
0.38
0.241
0.291
0.181
0.089
0.066
0.074
0.052
-0.024
0.024
-0.32
-0.398
-0.291
-0.672
-0.596
-0.545
-0.659
-0.515
-0.761
-0.806
-0.799
-0.688
-0.751
-0.642
-0.524
-0.723
-0.927
-0.911
-0.906
-0.863
-0.79
-0.799
-0.715
-0.786
-0.916
-0.807
-0.545
-0.494
-0.371
-0.49
-0.369
-0.199
0.098
0.004
-0.046
-0.105
-0.095
-0.076
-0.21
-0.228
-0.064
0.003
-0.022
-0.019
-0.106
-0.209
-0.062
-0.369
-0.415
-0.291
0.056
-0.099
-0.109
-0.169
-0.134
-0.152
0.029
0.014
0.007
0.009
0.1
0.018
-0.081
0.024
-0.109
-0.092
-0.445
0.139
0.233
0.23
0.416
0.367
0.451
0.566
0.286
0.289
0.343
0.219
0.169
0.147
0.005
-0.156
-0.139
-0.245
-0.555
-0.544
-0.741
-0.76
-0.682
-0.595
-0.82
-0.726
-0.725
-0.662
-0.769
-0.939
-0.831
-0.888
-0.907
-0.961
-0.963
-0.943
-0.799
-0.8
-0.716
-0.555
-0.394
-0.279
-0.223
-0.18
-0.188
-0.143
-0.32
-0.283
0.022
-0.069
-0.076
-0.09
0.019
-0.025
0.04
0.292
0.434
0.531
0.545
0.774
0.864
0.91
0.718
0.781
0.895
0.863
0.896
0.81
0.866
0.66
0.73
0.436
0.63
0.57
0.5
0.614
0.465
0.379
0.246
0.228
0.316
0.195
0.215
0.346
0.509
0.399
0.214
0.076
0.036
-0.044
-0.211
-0.4
-0.48
-0.718
-0.691
-0.362
-0.565
-0.338
-0.228
-0.35
-0.175
-0.111
-0.016
-0.09
0.089
0.166
0.229
0.52
0.519
0.394
0.542
0.713
0.524
0.535
0.491
0.54
0.705
0.629
0.524
0.366
0.481
0.501
0.475
0.556
0.72
0.855
0.708
0.671
0.487
0.495
0.591
0.573
0.73
0.835
0.754
0.889
0.978
1.304
1.361
1.333
1.532
1.566
1.484
1.596
1.584
1.636
1.393
1.436
1.463
1.073
1.255
1.012
1.09
1.006
0.782
0.948
0.896
0.771
0.894
0.945
0.912
0.873
0.662
0.749
0.703
0.859
0.786
0.497
0.399
0.401
0.085
0.133
0.051
-0.094
-0.031
-0.114
-0.009
0.024
0.233
-0.014
0.276
0.307
0.226
0.238
0.185
0.249
0.321
0.238
0.211
0.285
0.39
0.334
0.486
0.206
0.076
0.2
0.299
0.517
0.589
0.281
0.439
0.389
0.319
0.499
0.424
0.434
0.419
0.466
0.475
0.481
0.43
0.3
0.188
0.114
-0.136
-0.046
-0.182
-0.221
-0.125
-0.103
0.125
0.244
0.326
0.413
0.364
0.244
0.32
0.268
0.405
0.346
0.461
0.352
0.468
0.269
0.186
0.297
0.16
0.226
0.124
0.168
0.164
0.092
-0.045
-0.071
-0.217
-0.159
-0.128
-0.043
0.185
-0.284
-0.306
-0.044
-0.264
-0.121
0.006
-0.128
0.062
0.12
0.2
0.229
0.371
0.144
0.159
0.138
0.138
0.291
0.241
0.03
0.028
-0.12
-0.174
-0.315
-0.443
-0.503
-0.474
-0.393
-0.389
-0.259
-0.16
-0.354
-0.189
-0.285
-0.409
-0.285
-0.294
-0.19
-0.055
0.045
-0.07
-0.154
-0.018
-0.205
-0.221
-0.212
-0.285
-0.125
-0.022
0.099
0.35
0.182
0.25
0.244
0.241
0.263
0.326
0.249
0.176
0.193
0.269
0.058
0.259
0.302
0.351
0.432
0.484
0.649
0.73
0.634
0.694
0.556
0.566
0.564
0.455
0.362
0.211
0.315
0.239
0.36
0.264
0.115
0.041
-0.11
-0.062
-0.208
-0.344
-0.346
-0.48
-0.511
-0.593
-0.445
-0.375
-0.465
-0.566
-0.666
-0.771
-0.756
-0.926
-1.07
-0.831
-1.065
-0.978
-3.594
-0.766
-0.53
-0.514
-0.38
-0.362
-0.376
-0.346
-0.599
-0.455
-0.583
-0.489
-0.764
-0.777
-0.79
-0.763
-0.693
-0.835
-0.82
-1.022
-0.861
-0.839
-0.652
-0.53
-0.489
-0.536
-0.799
-0.615
-0.704
-0.733
-0.667
-0.601
-0.556
-0.432
-0.469
-0.705
-0.594
-0.564
-0.5
-0.406
-0.537
-0.504
-0.372
-0.271
-0.217
-0.17
-0.025
-0.035
-0.391
-0.365
-0.434
-0.279
-0.126
-0.128
-0.154
-0.016
-0.08
-0.006
-0.122
-0.066
-0.026
-0.15
-0.116
-0.025
-0.018
0.001
0.095
0.118
0.226
0.185
0.278
0.139
0.065
0.021
-0.065
-0.11
-0.118
-0.306
-0.309
-0.479
-0.388
-0.471
-0.35
-0.454
-0.296
-0.161
-0.302
-0.246
-0.165
-0.115
-0.099
-0.121
-0.113
-0.239
-0.014
-0.136
-0.288
-0.114
-0.085
0.136
0.094
0.143
0.101
0.121
0.221
0.233
0.11
0.255
0.355
0.413
0.334
0.196
0.334
0.33
0.487
0.551
0.573
0.432
0.304
0.371
0.28
0.209
0.311
0.136
0.194
0.258
0.075
0.124
0.289
0.37
0.376
0.021
0.134
0.209
0.128
0.193
0.144
0.251
0.034
0.177
0.019
-0.206
-0.24
-0.269
-0.266
-0.08
-0.058
0.174
-0.168
-0.028
0.033
0.003
0.013
-0.011
0.145
0.069
0.024
0.088
0.118
-0.116
0.074
-0.111
-0.103
0.098
-0.07
0.011
0.015
0.138
0.195
0.31
0.398
0.39
0.535
0.367
0.408
0.463
0.416
0.389
0.328
0.463
0.555
0.709
0.682
0.794
0.85
0.894
0.964
0.854
0.754
0.772
0.77
0.789
0.735
0.829
0.631
0.508
0.465
0.8
0.593
0.586
0.536
0.529
0.29
0.088
0.206
-0.055
-0.241
-0.025
-0.253
-0.024
-0.149
-0.305
-0.15
-0.113
-0.077
-0.152
-0.045
-0.1
-0.092
-0.092
0.039
0.052
0.14
0.329
0.205
0.395
0.463
0.539
0.789
0.811
0.949
0.969
1.149
1.304
1.44
1.506
1.593
1.59
1.772
1.586
1.528
1.636
1.46
1.516
1.387
1.41
1.463
1.397
1.206
1.066
1.03
0.953
0.792
0.848
0.794
1.014
0.941
0.866
0.75
0.516
0.491
0.367
0.056
-0.024
0.034
-0.007
-0.179
-0.381
-0.341
-0.352
-0.201
-0.037
-0.08
-0.014
-0.334
-0.295
-0.429
-0.5
-0.445
-0.628
-0.41
-0.64
-0.777
-0.779
-0.925
-0.74
-0.604
-0.514
-0.393
-0.335
-0.249
-0.201
-0.189
-0.147
-0.052
-0.182
-0.245
-0.274
-0.245
-0.473
-0.479
-0.661
-0.725
-0.644
-0.646
-0.765
-0.541
-0.665
-0.7
-0.824
-0.655
-0.531
-0.704
-0.65
-0.8
-0.905
-0.836
-0.883
-0.68
-0.288
-0.21
-0.221
-0.268
-0.599
-0.529
-0.625
-0.601
-0.516
-0.179
-0.113
0.17
0.098
0.081
0.092
0.105
0.174
0.083
0.119
0.195
0.013
-0.119
-0.23
-0.22
-0.099
-0.116
0.177
0.273
0.141
-0.095
-0.138
-0.175
-0.05
-0.158
-0.109
-0.095
0.045
0.109
0.155
-0.03
-0.08
-0.036
0.08
0.234
0.225
0.077
-0.08
-0.131
-0.228
-0.325
-0.329
-0.299
-0.47
-0.395
-0.416
-0.43
-0.508
-0.588
-0.67
-0.594
-0.526
-0.551
-0.654
-0.604
-0.481
-0.544
-0.371
-0.349
-0.276
-0.188
-0.333
-0.229
-0.29
-0.345
-0.301
-0.496
-0.716
-0.71
-0.731
-0.851
-0.753
-0.8
-0.971
-0.96
-0.781
-0.665
-0.666
-0.703
-0.831
-0.814
-0.9
-0.896
-0.753
-0.635
-0.599
-0.295
-0.305
-0.266
-0.122
-0.081
-0.165
-0.194
-0.169
-0.288
-0.161
-0.135
-0.17
-0.362
-0.413
-0.186
-0.401
-0.169
-0.283
-0.216
-0.325
-0.16
-0.13
-0.255
-0.315
-0.37
-0.426
-0.611
-0.705
-0.835
-0.927
-1.11
-1.051
-0.984
-1.042
-1.149
-1.323
-1.331
-1.13
-1.215
-1.054
-0.915
-0.906
-0.866
-0.676
-0.688
-0.554
-0.596
-0.755
-0.709
-0.814
-0.659
-0.734
-0.694
-0.624
-0.596
-0.554
-0.521
-0.52
-0.481
-0.432
-0.318
-0.362
-0.345
-0.383
-0.556
-0.378
-0.201
-0.165
-0.128
-0.105
-0.105
-0.307
-0.259
-0.074
-0.049
0.091
0.216
0.07
0.254
0.283
0.427
0.422
0.495
0.709
0.463
0.409
0.503
0.585
0.769
0.689
0.704
-4.034
0.594
0.509
0.344
0.238
0.295
0.386
0.233
0.198
0.253
0.413
0.516
0.501
0.351
0.446
0.398
0.306
0.346
0.336
0.174
0.154
0.06
-0.129
-0.254
-0.312
-0.408
-0.38
-0.466
-0.356
-0.388
-0.27
-0.343
-0.209
-0.163
-0.234
-0.274
-0.077
-0.165
0.022
0.006
0.011
0.158
0.021
0.007
0.051
0.208
0.269
0.369
0.316
0.206
0.25
0.274
0.215
0.307
0.319
10.332
0.268
0.201
0.179
0.221
0.088
0.101
0.058
0.173
0.134
0.234
0.034
0.006
0.01
0.005
-0.155
-0.288
-0.044
-0.165
-0.166
-0.158
-0.161
-0.071
-0.065
-0.194
-0.06
-0.054
-0.05
0.099
0.104
0.146
0.07
0.261
0.348
0.351
0.01
0.079
0.098
0.003
-0.03
0.056
0.043
0.022
0.098
0.083
0.143
0.113
0.026
-0.028
0.004
0.021
-0.071
-0.284
-0.458
-0.414
-0.485
-0.544
-0.491
-0.289
-0.315
-0.43
-0.535
-0.459
-0.372
-0.165
-0.23
-0.259
-0.425
-0.408
-0.266
-0.095
-0.159
-0.146
-0.19
-0.249
-0.415
-0.458
-0.419
-0.574
-0.615
-0.456
-0.403
-0.329
-0.3
-0.344
-0.265
-0.309
-0.01
-0.265
-0.17
-0.136
-0.215
-0.158
-0.199
-0.188
-0.035
-0.101
-0.092
0.163
0.236
0.32
0.549
0.432
0.314
0.361
0.212
0.223
0.235
0.181
0.401
0.49
0.598
0.561
0.754
0.695
0.696
0.708
0.581
0.594
0.677
0.672
0.557
0.378
0.3
0.25
0.223
0.275
0.126
0.238
0.135
0.018
0.149
-0.054
0.028
0.103
0.022
0.084
0.126
-0.07
0.146
0.144
0.005
0.198
0.245
0.264
0.276
0.214
0.051
0.151
0.182
0.16
0.271
0.326
0.212
-0.035
-0.046
-0.13
-0.323
-0.413
-0.618
-0.66
-0.904
-0.482
-0.589
-0.47
-0.381
-0.393
-1.465
-0.456
-0.321
-0.324
-0.249
-0.421
-0.27
-0.209
-10.336
-0.066
-0.018
-0.039
0.022
0.21
0.24
0.145
0.354
0.19
-0.029
0.115
0.168
0.085
0.076
0.26
0.43
0.45
0.314
0.299
0.271
0.08
0.026
0.056
-0.024
-0.217
-0.194
-0.297
-0.296
-0.326
-0.429
-0.458
-0.464
-0.279
-0.374
-0.279
-0.264
-0.304
-0.279
-0.321
-0.279
-0.323
-0.432
-0.398
-0.335
-0.453
-0.48
-0.39
-0.45
-0.47
-0.438
-0.236
-0.076
-0.004
0.199
0.069
0.195
0.206
0.16
0.255
0.119
0.181
0.321
0.28
0.106
0.037
-0.062
0.055
0.039
0.135
0.101
0.033
0.024
-0.156
-0.064
0.088
0.091
0.086
0.086
0.221
0.239
0.325
0.362
0.374
0.386
0.509
0.589
0.611
0.635
0.753
0.709
0.693
0.656
0.657
0.654
0.635
0.429
0.411
0.42
0.404
0.485
0.519
0.466
0.453
0.419
0.35
0.203
0.193
0.026
-0.241
-0.233
-0.413
-0.39
-0.542
-0.781
-0.655
-0.733
-0.739
-0.786
-0.787
-0.764
-0.73
-0.64
-0.556
-0.436
-0.319
-0.435
-0.56
-0.541
-0.367
-0.239
-0.396
-0.401
-0.448
-0.511
-0.735
-0.75
-0.57
-0.807
-0.576
-0.542
-0.5
-0.456
-0.482
-0.495
-0.45
-0.479
-0.471
-0.495
-0.481
-0.474
-0.278
-0.182
-0.177
-0.164
-0.175
-0.085
-0.184
-0.128
-0.014
-0.15
-0.049
0.026
-0.163
-0.058
-0.344
-0.269
-0.216
-0.128
-0.17
-0.135
-0.141
0.094
0.077
0.166
-0.031
-0.013
-0.052
-0.161
-0.165
-0.099
-0.074
-0.203
-0.084
-0.223
-0.033
-0.051
-0.031
0.09
-0.021
0.159
0.116
0.096
0.136
0.045
0.331
0.372
0.429
0.304
0.307
0.487
0.647
0.521
0.378
0.367
0.124
-0.024
0.069
-0.105
-0.246
-0.371
-0.516
-0.31
-0.559
-0.651
-0.75
-0.724
-0.509
-0.333
-0.478
-0.25
-0.43
-0.354
-0.574
-0.466
-0.61
-0.726
-0.647
-0.834
-0.729
-0.696
-0.804
-0.574
-0.546
-0.473
-0.426
-0.251
-0.369
-0.319
-0.166
0.009
-0.14
-0.329
-0.128
-0.424
-0.482
-0.28
-0.31
-0.473
-0.279
-0.235
-0.384
-0.217
-0.231
-0.209
-0.281
-0.098
-0.069
-0.095
-0.406
-0.375
-0.25
-0.156
-0.198
-0.164
0.031
-0.036
0.177
0.152
0.191
0.241
0.09
0.255
0.019
0.246
0.361
0.145
0.171
0.163
-0.11
0.051
0.109
0.378
0.38
0.354
0.339
0.414
0.451
0.56
0.781
0.776
0.78
0.659
0.638
0.499
0.411
0.28
0.266
0.056
-0.015
0.08
0.034
0.039
-0.021
-0.189
-0.16
-0.271
-0.266
-0.235
-0.109
-0.074
-0.335
-0.214
-0.565
-0.439
-0.454
-0.439
-0.591
-0.584
-0.685
-0.725
-0.629
-0.576
-0.455
-0.294
-0.414
-0.348
-0.242
-0.229
-0.239
-0.191
-0.126
-0.03
-0.161
0.021
0.039
-0.158
-0.091
-0.135
-0.011
-0.115
0.056
-0.034
0.021
0.18
0.054
0.081
-0.02
0.052
-0.021
0.046
-0.034
0.098
0.103
-0.018
-0.031
-0.242
-0.194
-0.209
-0.234
-0.388
-0.328
-0.14
-0.422
-0.47
-0.39
-0.316
-0.131
-0.226
-0.134
-0.176
-0.189
-0.086
-0.079
0.03
-0.181
-0.048
0.019
0.066
0.216
0.001
0.058
0.12
0.09
-0.045
-0.086
0.007
-0.056
-0.056
-0.096
-0.239
-0.258
-0.296
-0.259
-0.125
-0.014
0.031
0.14
0.113
0.27
0.398
0.37
0.395
0.473
0.53
0.413
0.571
0.699
-0.56
0.955
1.069
0.88
1.109
1.071
0.976
0.974
0.929
0.889
0.943
0.85
0.856
0.984
0.954
0.848
0.714
0.771
0.782
0.609
0.629
0.62
0.565
0.522
0.491
0.454
0.486
0.431
0.458
0.26
0.263
0.175
0.121
0.056
0.024
0.065
0.049
-0.009
-0.09
-0.062
-0.077
-0.274
-0.176
-0.211
-0.118
-0.092
0.019
-0.029
0.179
-0.075
-0.075
-0.066
-0.23
-0.345
-0.14
-0.349
-0.389
-0.408
-0.336
-0.325
-0.33
-0.339
-0.399
-0.271
-0.301
-0.176
-0.131
-0.044
-0.086
-0.051
-0.064
-0.101
-0.211
-0.177
-0.126
-0.159
-0.121
-0.185
-0.21
-0.086
-0.115
-0.034
-0.048
-0.056
-0.03
-0.111
-0.018
-0.111
-0.096
-0.208
-0.14
-0.054
-0.043
0.011
-0.054
-0.081
-0.114
-0.139
-0.089
-0.159
-0.096
-0.176
-0.128
-0.21
0.051
-0.135
-0.036
0.03
-0.09
-0.051
-0.149
-0.149
-0.231
-0.242
-0.265
-0.288
-0.318
-0.323
-0.398
-0.48
-0.51
-0.56
-0.564
-0.547
-0.589
-0.531
-0.593
-0.539
-10.336
-0.547
-0.562
-0.616
-0.542
-0.464
-0.405
-0.5
-0.446
-0.468
-0.52
-0.374
-0.448
-0.411
-0.356
-0.406
-0.301
-0.289
-0.302
-0.181
-0.181
-0.221
-0.211
-0.209
-0.225
-0.239
-0.105
-0.189
-0.184
-0.077
-0.161
-0.147
-0.135
-0.184
-0.236
-0.319
-0.255
-0.336
-0.307
-0.236
-0.311
0.058
-0.228
-0.193
-0.226
-0.12
-0.116
-0.11
-0.079
-0.062
0.045
0.066
0.072
0.048
0.024
0.019
-0.005
-0.046
-0.086
-0.08
-0.154
-0.125
-0.071
-0.115
-0.107
-0.06
-0.104
-0.144
-0.145
-0.169
-0.209
-0.128
-0.059
0.036
0.098
0.033
0.291
-0.06
0.056
0.041
0.022
0.086
0.041
0.101
0.107
0.022
0.134
0.056
0.039
0.029
-0.035
0.055
0.054
0.04
0.004
-0.014
0.013
-0.003
-0.081
-0.122
-0.226
-0.261
-0.263
-0.177
-0.253
-0.2
-0.181
-0.159
-0.163
-0.155
-0.156
-0.32
-0.289
-0.209
-0.159
-0.151
-0.126
-0.121
-0.128
-0.152
-0.184
-0.177
-0.198
-0.236
-0.255
-0.286
-0.145
-0.431
-0.385
-0.43
-0.469
-0.439
-0.468
-0.51
-0.554
-0.534
-0.547
-0.508
-0.464
-0.451
-0.441
-0.458
-0.432
-0.414
-0.379
-0.349
-0.295
-0.219
-0.23
-0.228
-0.231
-0.133
-0.161
-0.184
-0.011
-0.088
-0.06
-0.119
-0.125
-0.031
-0.049
-0.1
-0.081
-0.059
-0.07
-0.152
-0.096
-0.2
-0.17
-0.223
-0.24
-0.19
-0.166
-0.195
-0.14
-0.245
-0.049
-0.101
-0.2
-0.134
-0.118
-0.004
-0.036
-0.037
0.019
0.037
0.044
0.119
0.098
0.133
0.152
0.099
0.166
0.195
0.214
0.164
0.111
0.173
0.161
0.226
0.244
-0.82
0.26
0.263
0.345
0.307
0.321
0.339
0.338
0.333
0.31
0.315
0.311
0.294
0.281
0.306
0.335
0.291
0.326
0.355
0.395
0.37
0.395
0.411
0.414
0.329
0.432
0.239
0.254
0.294
0.236
0.242
0.24
0.182
0.245
0.228
0.258
0.203
0.244
0.255
0.174
0.193
0.203
0.212
0.189
0.226
0.31
0.309
0.269
0.295
0.245
0.247
0.292
0.306
0.25
0.279
0.263
0.281
0.209
0.31
0.145
0.205
0.203
0.145
0.156
0.158
0.149
0.139
0.031
-0.049
-0.049
-0.062
-0.101
-0.168
-0.15
-0.276
-0.014
-0.194
-0.179
-0.12
-0.143
-0.156
-0.116
-0.145
-0.134
-0.088
-0.046
-0.069
-0.051
0.021
-0.02
0.09
0.028
0.051
-0.061
-0.079
-0.03
-0.138
-0.113
-0.135
-0.129
-0.13
-0.21
-0.225
-0.247
-0.19
-0.211
-0.184
-0.173
-0.206
-0.166
-0.194
-0.271
-0.189
-0.184
-0.146
-0.143
-0.124
-0.155
-0.231
-0.245
-0.24
-0.289
-0.376
-0.395
-0.405
-0.281
-0.514
-0.506
-0.492
-0.516
-0.532
-0.514
-0.501
-0.489
-0.469
-0.479
-0.453
-0.439
-0.449
-0.354
-0.429
-0.378
-0.455
-0.356
-0.352
-0.44
-0.404
-0.501
-0.464
-0.443
-0.438
-0.413
-0.333
-0.259
-0.302
-0.338
-0.367
-0.319
-0.32
-0.352
-0.365
-0.281
-0.339
-0.312
-0.256
-0.24
-0.161
-0.113
-0.066
-0.049
-0.052
-0.025
-0.016
0.009
-0.03
0.09
-0.11
0.035
-0.011
-0.05
-0.014
-0.08
-0.089
-0.12
-0.138
-0.083
-0.125
-0.08
-0.1
-0.02
-0.05
-0.04
-0.026
-0.05
0.006
-0.059
0.006
0.029
0.062
0.06
0.059
0.081
0.052
0.092
0.056
0.076
0.079
0.013
-0.016
-0.05
-0.151
-0.166
-0.186
-0.324
-0.299
-0.328
-0.338
-0.339
-0.394
-0.395
-0.475
-0.427
-0.525
-0.524
-0.539
-0.469
-0.669
-0.706
-0.656
-0.63
-0.655
-0.67
-0.634
-0.552
-0.6
-0.54
-0.526
-0.519
-0.468
-0.427
-0.415
-0.39
-0.38
-0.299
-0.26
-0.211
-0.225
-0.149
-0.186
-0.169
-0.13
0.02
-0.064
-0.083
0.029
-0.016
0.019
0.003
0.033
0.04
0.009
0.079
0.05
0.055
0.049
0.052
0.074
0.034
-0.016
-0.036
-0.052
-0.061
-0.079
-0.106
-0.2
-0.084
-0.231
-0.265
-0.299
-0.224
-0.209
-0.176
-0.163
-0.171
-0.175
-0.231
-0.182
-0.217
-0.22
-0.226
-0.173
-0.133
-0.166
-0.072
-0.062
-0.021
-0.007
-0.021
-0.06
-0.05
-0.054
-0.092
-0.077
-0.099
-0.054
-0.055
-0.039
-0.055
-0.099
-0.056
-0.129
-0.121
-0.138
-0.175
-0.155
-0.2
-0.182
-0.21
-0.215
-0.201
-0.24
-0.206
-0.231
-0.235
-0.371
-0.164
-0.461
-0.371
-0.376
-0.352
-0.319
-0.344
-0.307
-0.309
-0.307
-0.29
-0.296
-0.215
-0.274
-0.166
-0.24
-0.189
-0.13
-0.101
-0.077
-0.115
-0.08
-0.131
-0.09
-0.076
-0.104
-0.07
-0.069
-0.014
-0.007
-0.034
-0.031
-0.021
0.054
0.0
-0.02
0.064
0.072
0.003
0.034
0.088
0.074
0.07
0.085
0.086
0.029
0.113
0.062
0.07
0.044
0.193
0.046
0.072
0.062
0.091
0.065
0.111
0.141
0.175
0.16
0.168
0.096
0.141
0.116
0.113
0.111
0.094
0.096
0.051
0.09
0.013
0.074
0.013
-0.022
0.007
-0.035
-0.03
-0.072
0.005
-0.006
-0.007
0.041
0.021
0.055
0.037
0.085
0.049
-0.021
-0.01
0.05
-0.005
-0.037
-0.01
-0.046
-0.036
-0.091
-0.059
-0.111
-0.095
-0.155
-0.029
-0.224
-0.186
-0.259
-0.182
-0.188
-0.182
-0.239
-0.238
-0.211
-0.244
-0.209
-0.2
-0.226
-0.181
-0.149
-0.133
-0.259
-0.131
-0.124
-0.129
-0.152
-0.124
-0.109
-0.081
-0.031
-0.069
-0.036
-0.052
0.024
-0.015
-0.045
0.011
0.033
0.146
0.122
0.145
0.2
0.161
0.188
0.193
0.186
0.176
0.118
0.109
0.071
0.059
0.059
0.048
0.021
0.109
-0.039
-0.033
-0.084
-0.041
-0.07
-0.069
-0.056
-0.103
-0.03
-0.076
-0.034
-0.006
-0.028
-0.014
0.007
0.007
-0.066
-0.075
-0.046
-0.08
-0.077
-0.074
-0.138
-0.145
-0.133
-0.155
-0.184
