-0.401
-0.634
-0.642
-0.484
-0.503
-0.629
-0.621
-0.578
-0.724
-0.7
-0.765
-0.795
-0.85
-0.906
-0.836
-0.741
-0.796
-0.671
-0.499
-0.464
-0.352
-0.389
-0.36
-0.375
-0.389
-0.594
-0.593
-0.424
-0.497
-0.514
-0.49
-0.393
-0.594
-0.609
-0.401
-0.321
-0.28
-0.224
-0.19
-0.391
-0.2
-0.279
-0.211
-0.152
-0.214
-0.198
-0.318
-0.374
-0.318
-0.16
-0.173
-0.173
-0.014
0.069
0.03
0.07
0.141
0.17
0.18
0.198
0.147
0.081
0.098
0.06
0.009
0.028
-0.185
-0.089
-0.191
-0.116
-0.219
-0.256
-0.296
-0.478
-0.505
-0.473
-0.634
-0.57
-0.323
-0.458
-0.48
-0.506
-0.615
-0.564
-0.681
-0.765
-0.682
-0.641
-0.883
-0.705
-0.626
-0.564
-0.417
-0.312
-0.219
-0.27
-0.205
-0.159
-0.21
-0.086
-0.13
-0.111
-0.031
0.159
0.179
0.235
0.289
0.286
0.295
0.649
0.609
0.59
0.542
0.749
0.815
0.858
0.688
0.965
0.895
0.754
0.69
0.759
0.792
0.925
0.849
0.839
0.927
0.885
0.854
0.922
1.101
0.996
1.114
1.251
1.349
1.309
1.326
1.326
1.549
1.201
1.175
1.163
1.151
1.33
1.455
1.578
1.768
1.85
1.989
1.929
1.935
2.21
2.346
2.167
2.115
2.17
2.251
2.075
2.169
2.336
2.191
2.079
2.134
2.13
2.18
1.919
1.708
1.916
1.723
1.548
1.331
1.218
1.185
1.269
1.146
1.312
1.271
1.191
1.021
0.943
1.006
0.86
0.746
0.809
0.804
0.725
0.724
0.919
0.907
0.946
1.115
1.104
1.115
1.093
1.104
1.16
1.163
1.11
1.046
0.959
1.015
0.943
0.958
0.895
0.806
1.24
1.229
1.411
1.346
1.179
1.096
1.089
1.137
1.143
1.113
1.011
1.041
0.897
0.87
0.654
0.56
0.505
0.362
0.261
0.285
0.241
0.128
0.034
0.225
0.1
0.291
0.366
0.27
0.007
0.1
0.071
0.069
0.056
0.16
0.206
-0.168
-0.311
-0.263
-0.294
-0.28
-0.091
0.125
0.004
0.296
0.226
0.367
0.626
0.47
0.565
0.515
0.497
0.338
0.495
0.545
0.355
0.438
0.372
0.38
0.304
0.23
0.42
0.526
0.939
0.839
0.64
0.718
0.664
0.795
0.978
0.896
0.998
0.865
0.912
0.719
0.599
0.754
0.575
0.474
0.503
0.421
0.453
0.478
0.254
0.522
0.531
0.604
0.555
0.355
0.268
0.02
-0.06
-0.114
-0.043
-0.224
-0.325
-0.383
-0.225
-0.151
-0.106
-0.118
-0.238
-0.32
-0.334
-0.223
-0.216
-0.13
-0.223
-0.408
-0.455
-0.621
-0.71
-0.978
-1.055
-0.974
-1.034
-0.964
-0.907
-0.725
-0.719
-0.386
-0.838
-0.816
-0.716
-0.759
-0.611
-0.599
-0.672
-0.91
-0.885
-0.811
-0.876
-0.85
-0.939
-0.654
-0.704
-0.996
-1.056
-1.124
-1.222
-1.044
-1.161
-1.133
-1.264
-1.21
-1.183
-1.071
-1.022
-0.988
-0.703
-0.7
-0.69
-0.554
-0.583
-0.615
-0.7
-0.764
-0.774
-0.876
-0.704
-0.568
-0.541
-0.615
-0.555
-0.41
-0.651
-0.706
-0.542
-0.466
-0.633
-0.578
-0.647
-0.759
-0.828
-1.076
-1.061
-1.18
-1.157
-1.204
-1.064
-1.046
-1.137
-1.134
-1.249
-1.416
-1.455
-1.448
-1.466
-1.285
-1.333
-1.304
-1.055
-0.958
-0.851
-0.784
-0.672
-0.435
-0.348
-0.514
-0.426
-0.367
-0.497
-0.399
-0.515
-0.579
-0.603
-0.611
-0.694
-0.781
-0.708
-0.728
-0.853
-1.068
-1.154
-1.049
-1.282
-1.331
-1.411
-1.341
-1.213
-1.384
-1.193
-1.084
-1.1
-0.89
-0.919
-0.868
-0.726
-0.389
-0.381
-0.279
-0.25
-0.077
0.346
0.413
0.436
0.431
0.362
0.515
0.576
0.807
0.62
0.601
0.604
0.714
0.704
0.68
0.802
0.781
0.744
0.669
0.557
0.67
0.537
0.484
0.41
0.281
0.088
0.046
-0.013
0.052
0.059
0.079
0.256
0.47
0.291
0.286
0.234
0.022
0.025
0.111
0.099
0.138
0.314
0.24
0.33
0.29
0.301
0.38
0.525
0.281
0.276
0.4
0.388
0.495
0.383
0.295
0.339
0.288
0.17
0.159
0.393
0.177
0.04
0.139
0.095
0.005
0.035
0.033
0.069
0.051
0.139
-0.075
-0.116
-0.136
-0.072
-0.185
-0.161
-0.404
-0.221
-0.221
-0.384
-0.534
-0.37
-0.362
-0.446
-0.299
-0.479
-0.273
-0.266
-0.336
-0.379
-0.441
-0.265
-0.325
-0.292
-0.33
-0.234
-0.27
-0.294
-0.487
-0.296
-0.265
-0.14
-0.059
-0.16
-0.231
0.044
-0.169
-0.194
-0.072
-0.16
-0.231
-0.359
-0.203
-0.139
-0.06
-0.025
0.136
0.193
0.455
0.516
0.544
0.484
0.264
0.25
0.175
0.173
0.098
0.159
0.228
0.219
-0.011
0.109
0.224
0.125
0.128
0.195
0.099
0.2
0.045
-0.037
-0.07
-0.144
-0.149
-0.12
-0.048
0.091
0.114
0.077
0.193
-0.015
-0.056
-0.135
0.141
0.1
0.238
0.526
0.463
0.571
0.529
0.584
0.728
0.848
1.004
0.849
0.98
0.878
0.769
0.686
0.365
0.464
0.59
0.568
0.517
0.554
0.45
0.396
0.098
0.146
0.128
-0.003
-0.209
-0.388
-0.271
-0.351
-0.579
-0.576
-0.487
-0.54
-0.514
-0.764
-0.811
-0.75
-0.805
-0.819
-0.821
-0.811
-0.802
-0.714
-0.394
-0.271
-0.115
-0.122
-0.124
-0.184
-0.077
-0.08
0.088
0.062
0.03
-0.143
-0.105
-0.046
-0.014
-0.05
-0.092
-0.046
-0.056
0.083
-0.034
-0.098
-0.233
-0.241
-0.241
-0.438
-0.455
-0.688
-0.679
-0.642
-0.638
-0.574
-0.56
-0.371
-0.343
-0.417
-0.45
-0.395
-0.404
-0.562
-0.499
-0.515
-0.549
-0.448
-0.416
-0.478
-0.343
-0.25
-0.254
-0.116
-0.133
-0.12
0.049
0.056
-0.109
0.022
-0.029
0.024
-0.033
-0.131
-0.1
-0.239
-0.094
-0.176
-0.405
-0.416
-0.315
-0.615
-0.355
-0.371
-0.542
-0.569
-0.588
-0.534
-0.646
-0.689
-0.83
-0.876
-0.978
-0.786
-0.656
-0.77
-0.934
-0.805
-0.494
-0.564
-0.486
-0.5
-0.655
-0.552
-0.695
-0.55
-0.291
-0.033
0.125
0.37
0.422
0.475
0.661
0.581
0.609
0.536
0.76
0.824
0.756
0.794
0.629
0.715
0.59
0.579
0.345
0.278
0.348
0.273
0.19
0.13
-0.049
-0.219
-0.191
-0.111
-0.049
-0.194
-0.177
-0.092
-0.185
-0.048
-0.004
-0.086
-0.143
-0.281
-0.195
-0.163
-0.004
0.051
0.225
0.279
0.151
0.099
0.145
0.103
0.254
0.165
0.143
0.36
0.383
0.301
0.276
0.295
0.398
0.294
0.128
-0.011
-0.02
0.105
0.085
0.076
0.174
0.069
0.209
0.408
0.484
0.49
0.465
0.309
0.318
0.094
0.064
0.044
0.138
0.182
0.037
0.098
-0.086
0.149
0.179
0.151
0.135
0.176
0.211
0.036
0.081
-0.058
-0.196
-0.2
-0.279
-0.36
-0.255
-0.593
-0.561
-0.546
-0.495
-0.503
-0.574
-0.559
-0.547
-0.58
-0.611
-0.735
-0.785
-0.731
-0.833
-0.838
-0.775
-0.866
-0.998
-0.934
-0.856
-0.812
-0.801
-0.694
-0.565
-0.561
-0.922
-0.383
-0.092
0.006
0.095
0.136
0.029
0.103
0.205
0.369
0.07
0.22
0.261
0.346
0.406
0.092
-0.029
0.251
-0.065
0.088
0.069
0.126
0.171
0.06
0.156
0.264
0.251
0.119
0.177
-0.129
0.092
0.08
0.154
0.138
0.101
0.2
0.156
0.085
0.163
0.2
0.175
0.259
0.299
0.469
0.571
0.514
0.704
0.517
0.649
0.568
0.405
0.453
0.666
0.621
0.74
0.761
0.751
0.855
0.814
0.638
0.535
0.686
0.753
0.459
0.616
0.479
0.64
0.745
0.8
0.833
0.878
0.931
1.29
1.145
1.044
1.219
1.119
1.255
1.055
0.865
0.829
0.87
0.911
0.85
1.099
1.19
1.204
0.955
1.004
0.999
1.154
1.103
0.914
0.875
0.83
0.661
0.581
0.586
0.593
0.649
0.705
0.801
0.902
0.859
1.009
0.894
1.015
0.905
1.076
1.12
1.199
1.23
1.115
1.242
1.248
1.401
1.471
1.46
1.55
1.516
1.617
1.756
1.891
1.758
1.771
1.916
1.933
2.124
2.22
2.076
1.994
1.988
2.145
2.093
2.134
2.186
2.296
2.146
2.018
1.853
1.826
1.476
1.325
1.366
1.472
1.5
1.361
1.181
1.097
0.755
0.746
0.559
0.561
0.422
0.294
0.283
0.249
0.151
0.13
0.007
-0.375
-0.228
-0.124
0.024
0.103
0.176
0.234
0.151
0.247
0.169
0.164
0.315
0.29
0.096
-0.176
-0.09
-0.072
-0.199
-0.033
-0.004
0.234
0.35
0.216
0.196
-0.036
-0.254
-0.253
-0.37
-0.343
-0.285
-0.506
-0.482
-0.66
-0.621
-0.478
-0.432
-0.425
-0.241
-0.269
-0.159
-0.056
-0.036
-0.161
-0.274
-0.209
-0.196
-0.151
-0.186
0.084
0.061
0.054
0.158
0.095
-0.077
-0.128
-0.149
-0.331
-0.439
-0.285
-0.335
-0.24
-0.077
-0.186
-0.364
-0.519
-0.448
-0.234
-0.32
-0.283
-0.367
-0.555
-0.537
-0.677
-0.756
-0.796
-0.665
-0.659
-0.56
-0.519
-0.552
-0.36
-0.357
-0.255
-0.27
-0.274
-0.163
-0.135
-0.306
-0.304
-0.138
-0.104
0.126
0.216
0.096
-0.099
-0.16
-0.158
-0.081
-0.171
-0.283
-0.251
-0.413
-0.46
-0.484
-0.537
-0.638
-0.685
-0.728
-0.966
-1.157
-1.199
-1.282
-1.129
-1.196
-1.272
-1.651
-1.568
-1.409
-1.424
-1.321
-1.218
-1.167
-1.17
-0.979
-0.801
-0.448
-0.398
-0.4
-0.378
-0.288
-0.188
-0.145
-0.256
-0.198
-0.315
-0.425
-0.531
-0.469
-0.383
-0.256
-0.201
-0.013
-0.036
-0.182
-0.169
-0.131
-0.64
-0.49
-0.545
-0.731
-0.745
-0.802
-0.946
-0.833
-1.016
-1.079
-1.355
-1.312
-1.471
-1.206
-1.165
-1.184
-1.052
-1.056
-1.109
-1.095
-1.024
-1.035
-1.264
-1.384
-1.239
-1.069
-0.812
-0.615
-0.225
-0.26
-0.3
-0.367
-0.32
-0.095
-0.041
-0.072
-0.019
0.13
0.048
0.231
0.348
0.231
0.209
0.035
-0.122
-0.124
-0.146
0.022
0.05
0.235
-0.039
0.116
-0.003
-0.046
0.136
0.238
0.205
0.281
0.152
0.135
0.056
0.006
0.046
0.106
-0.03
-0.045
-0.119
-0.494
-0.438
-0.5
-0.479
-0.46
-0.291
-0.154
-0.139
0.134
0.185
0.346
0.425
0.348
0.295
0.526
0.657
0.619
0.561
0.529
0.469
0.468
0.39
0.432
0.623
0.795
0.684
0.665
0.374
0.306
0.163
0.12
0.273
0.225
0.09
0.064
0.118
0.21
0.279
0.396
0.399
0.316
0.231
0.029
0.075
-0.064
-0.039
0.106
0.001
0.022
0.046
-0.181
-0.269
-0.273
-0.228
-0.258
-0.195
-0.294
-0.355
-0.36
-0.458
-0.508
-0.405
-0.328
-0.278
-0.17
-0.251
-0.414
-0.361
-0.494
-0.415
-0.331
-0.305
-0.328
-0.209
-0.103
-0.07
-0.069
0.065
-0.035
0.104
0.229
0.315
0.354
0.349
0.438
0.478
0.364
0.454
0.594
0.566
0.744
0.537
0.557
0.469
0.379
0.341
0.482
0.441
0.212
0.525
0.083
-0.134
-0.121
-0.169
0.016
-0.126
-0.105
-0.301
-0.395
-0.474
-0.501
-0.684
-0.549
-0.464
-0.454
-0.52
-0.545
-0.545
-0.509
-0.503
-0.439
-0.404
-0.246
-0.052
0.05
0.019
-0.041
0.17
0.22
0.269
0.386
0.348
0.591
0.484
0.725
0.838
0.718
0.771
0.915
0.96
1.021
1.191
1.109
1.231
1.222
1.185
1.215
0.998
1.05
1.046
0.695
0.561
0.562
0.468
0.372
0.489
0.374
0.194
0.264
0.229
0.145
0.129
0.149
0.003
0.076
-0.058
-0.18
-0.193
-0.26
-0.335
-0.487
-0.623
-0.595
-0.411
-0.519
-0.419
-0.394
-0.339
-0.189
-0.184
-0.321
-0.509
-0.338
-0.334
-0.345
-0.394
-0.364
-0.39
-0.378
-0.335
-0.531
-0.554
-0.549
-0.487
-0.478
-0.228
-0.357
-0.413
-0.539
-0.366
-0.511
-0.63
-0.821
-0.78
-0.86
-0.761
-0.738
-0.429
-0.378
-0.357
-0.41
-0.555
-0.475
-0.596
-0.464
-0.511
-0.424
-0.251
-0.451
-0.411
-0.625
-0.547
-0.391
-0.285
-0.156
-0.251
-0.279
-0.136
0.086
0.026
0.062
-0.064
-0.463
-0.314
-0.492
-0.438
-0.378
-0.445
-0.434
-0.372
-0.41
-0.276
-0.256
-0.149
-0.182
-0.208
-0.226
-0.231
-0.18
-0.235
-0.451
-0.249
-0.259
-0.223
-0.051
0.024
0.13
0.041
0.004
-0.13
-0.231
-0.304
-0.259
-0.38
-0.466
-0.655
-0.66
-0.698
-0.726
-0.616
-0.708
-0.651
-0.59
-0.644
-0.642
-0.649
-0.66
-0.615
-0.682
-0.569
-0.499
-0.593
-0.521
-0.398
-0.439
-0.362
-0.244
-0.236
-0.186
-0.013
0.056
0.139
0.075
0.05
0.258
0.403
0.33
0.294
0.27
0.18
0.116
0.135
0.131
0.072
0.12
0.001
0.046
0.01
0.065
0.203
0.079
0.216
0.126
0.181
0.095
0.084
-0.033
-0.059
0.138
-0.084
0.045
-0.12
-0.146
-0.256
-0.21
-0.256
-0.24
-0.122
-0.19
-0.144
0.026
0.041
0.105
-0.106
-0.003
0.115
0.199
0.205
-0.007
-0.03
-0.054
-0.133
-0.014
-0.091
-0.095
-0.136
-0.041
-0.003
-0.12
-0.059
-0.22
-0.279
-0.251
-0.436
-0.438
-0.444
-0.456
-0.497
-0.415
-0.379
-0.351
-0.235
-0.161
-0.229
-0.33
-0.393
-0.38
-0.489
-0.265
-0.42
-0.302
-0.403
-0.247
-0.329
-0.26
-0.033
0.105
0.152
0.095
-0.015
-0.122
-0.126
-0.048
-0.114
-0.129
-0.106
0.07
0.196
0.083
0.115
0.161
0.01
0.122
0.239
0.236
0.296
0.343
0.253
0.297
0.445
0.362
0.32
0.323
0.249
0.329
0.37
0.51
0.436
0.738
0.63
0.67
0.859
0.883
0.709
0.734
0.931
1.052
1.215
1.179
1.302
0.968
1.241
1.241
1.326
1.468
1.35
1.575
1.431
1.381
1.325
1.2
1.231
1.328
1.194
0.994
1.21
1.251
1.29
1.284
1.254
0.991
1.07
1.285
0.958
1.0
1.111
0.81
0.914
1.061
1.219
0.938
0.922
0.984
1.093
0.946
1.022
1.025
1.022
0.864
0.804
0.79
0.696
1.015
1.035
0.986
1.019
1.13
1.124
1.124
1.161
1.238
1.06
1.146
1.065
1.014
1.005
1.129
1.015
0.929
0.907
0.881
0.731
0.677
0.818
0.809
0.811
0.881
0.781
0.733
0.841
0.931
1.18
1.347
1.508
1.603
1.511
1.429
1.438
1.43
1.752
1.659
1.535
1.61
1.751
1.968
2.062
2.004
2.007
1.941
1.938
1.788
1.95
1.891
1.655
1.731
1.45
1.505
1.488
1.306
1.19
1.061
1.04
1.073
0.88
0.816
0.836
0.59
0.379
0.209
0.216
0.145
0.247
0.53
0.395
0.251
0.26
0.203
0.098
0.045
-0.083
-0.086
-0.151
-0.033
-0.02
-0.081
0.121
-0.062
-0.159
0.084
0.199
-0.046
0.084
0.182
0.241
0.031
-0.061
-0.201
-0.203
-0.096
-0.147
0.026
0.265
0.081
-0.046
0.006
-0.251
0.193
0.18
0.195
0.06
-0.005
-0.095
-0.011
-0.045
-0.116
-0.04
0.171
0.241
0.21
0.151
0.065
-0.095
0.145
0.155
0.1
-0.12
-0.245
-0.516
-1.038
-1.159
-1.041
-0.891
-0.874
-0.881
-0.927
-1.078
-1.163
-0.976
-0.976
-0.758
-0.662
-0.695
-0.696
-0.699
-0.496
-0.285
-0.273
-0.304
-0.19
-0.135
-0.215
-0.291
-0.088
-0.285
-0.17
-0.296
-0.661
-0.569
-0.619
-0.828
-0.906
-0.902
-0.861
-0.838
-0.843
-0.946
-0.995
-1.038
-1.249
-1.064
-1.096
-1.316
-1.35
-1.331
-1.375
-1.394
-1.206
-0.984
-0.96
-0.889
-0.725
-0.802
-0.806
-0.824
-0.701
-0.843
-0.926
-0.986
-1.026
-0.695
-1.173
-0.897
-0.786
-0.517
-0.336
-0.294
-0.431
-0.219
-0.181
-0.165
-0.122
-0.14
0.09
0.193
0.03
0.195
0.106
-0.098
-0.258
-0.466
-0.354
-0.367
-0.505
-0.634
-0.63
-0.669
-0.458
-0.244
-0.324
-0.357
-0.419
-0.586
-0.549
-0.529
-0.74
-0.713
-0.789
-0.864
-0.911
-1.06
-1.095
-1.059
-1.229
-1.21
-1.193
-1.282
-1.367
-1.33
-1.511
-1.369
-1.518
-1.344
-1.123
-0.79
-0.8
-0.735
-0.684
-0.585
-0.72
-0.812
-0.975
-0.849
-0.701
-0.594
-0.336
-0.085
0.244
0.302
0.274
0.292
0.294
0.503
0.351
0.254
0.188
0.334
0.275
0.531
0.449
0.571
0.624
0.71
0.654
0.494
0.512
0.526
0.492
0.463
0.517
0.478
0.461
0.459
0.341
0.146
0.319
0.429
0.59
0.541
0.378
0.398
0.394
0.004
0.074
-0.009
-0.085
-0.04
0.065
-0.077
0.155
0.054
-0.111
-0.211
-0.054
0.128
0.096
0.229
0.161
-0.061
-0.096
-0.071
-0.203
-0.269
-0.231
-0.105
0.101
0.029
-0.185
0.034
0.039
0.049
0.175
0.375
0.391
0.388
0.424
0.404
0.264
0.122
-0.105
0.149
0.284
0.165
-0.04
-0.219
-0.193
-0.083
0.019
0.001
0.05
0.209
-0.126
0.186
0.025
0.033
-0.031
-0.336
-0.4
-0.53
-0.409
-0.398
-0.48
-0.41
-0.6
-0.849
-1.0
-0.784
-0.625
-0.379
-0.309
-0.338
-0.259
-0.429
-0.58
-0.537
-0.516
-0.198
0.013
0.141
0.23
0.095
0.051
0.306
0.393
0.508
0.521
0.711
0.647
0.749
0.674
0.461
0.27
0.253
0.203
0.291
0.299
0.211
0.209
0.111
0.11
-0.009
-0.357
-0.292
-0.395
-0.474
-0.769
-1.065
-0.739
-0.868
-0.85
-0.766
-0.586
-0.509
-0.474
-0.351
-0.581
-0.551
-0.468
-0.576
-0.505
-0.517
-0.426
-0.557
-0.511
-0.514
-0.466
-0.438
-0.449
-0.416
-0.438
-0.554
-0.473
-0.26
-0.315
-0.244
-0.339
-0.517
-0.536
-0.719
-0.775
-0.917
-0.834
-0.685
-0.662
-0.496
-0.305
-0.121
-0.091
-0.155
-0.076
0.054
0.136
0.294
0.357
0.501
0.628
0.782
0.78
0.784
0.636
0.458
0.475
0.431
0.511
0.638
0.584
0.656
0.724
0.729
0.594
0.41
0.485
0.302
0.316
0.072
-0.024
-0.163
-0.316
-0.305
-0.133
-0.245
-0.169
-0.324
-0.024
-0.239
-0.256
-0.16
-0.215
-0.195
-0.044
-0.092
-0.031
0.139
0.01
0.066
0.091
-0.014
-0.077
-0.065
-0.022
0.238
0.077
0.436
0.486
0.511
0.393
0.236
0.22
0.191
0.203
0.139
0.193
0.177
0.39
0.479
0.508
0.616
0.629
0.642
0.644
0.628
0.536
0.475
0.634
0.56
0.35
0.343
0.171
0.105
0.062
-0.094
-0.091
0.022
0.109
0.043
-0.209
-0.165
-0.09
-0.074
-0.018
-0.062
0.08
0.144
0.034
0.104
0.083
0.195
0.177
0.098
0.084
0.106
-0.147
-0.259
-0.176
-0.294
-0.25
-0.166
0.12
0.095
-0.031
0.003
-0.033
-0.107
-0.135
-0.176
-0.297
-0.348
-0.415
-0.537
-0.541
-0.51
-0.522
-0.473
-0.614
-0.575
-0.459
-0.562
-0.514
-0.549
-0.634
-0.565
-0.754
-0.531
-0.551
-0.566
-0.705
-0.651
-0.601
-0.641
-0.48
-0.473
-0.3
-0.416
-0.39
-0.335
-0.251
-0.118
-0.163
-0.033
0.005
0.206
0.048
0.104
-0.056
-0.009
-0.024
-0.058
-0.04
-0.177
-0.177
-0.045
-0.189
0.05
0.054
0.283
0.439
0.344
0.388
0.366
0.516
0.217
0.035
0.04
-0.056
-0.209
-0.246
-0.309
-0.455
-0.416
-0.552
-0.497
-0.365
-0.242
-0.228
-0.191
-0.205
-0.312
-0.199
-0.206
-0.035
0.086
0.235
0.336
0.389
0.416
0.693
0.381
0.344
0.484
0.474
0.645
0.524
0.546
0.506
0.448
0.379
0.547
0.509
0.609
0.529
0.408
0.46
0.566
0.594
0.63
0.782
0.726
0.85
0.925
0.856
0.738
0.741
0.985
1.019
1.134
1.016
1.185
1.434
1.498
1.594
1.595
1.786
1.76
1.756
1.864
1.788
1.804
1.995
1.955
1.762
1.611
1.443
1.436
1.51
1.381
1.179
1.105
1.15
1.157
0.986
1.185
1.036
1.129
1.42
1.377
1.367
1.356
1.5
1.456
1.204
1.331
1.421
1.339
1.433
1.234
1.203
1.01
0.964
0.994
0.856
0.926
0.938
0.897
0.946
1.069
0.964
0.981
0.95
0.995
0.955
0.802
0.559
0.786
0.879
0.796
0.917
1.005
1.04
1.044
1.149
1.44
1.234
1.51
1.5
1.361
1.282
1.393
1.519
1.444
1.41
1.356
0.791
0.958
0.998
0.936
0.777
0.568
0.448
0.361
0.307
0.343
0.224
0.355
0.309
0.286
0.173
0.326
0.265
0.194
0.179
0.206
0.2
0.393
0.215
0.143
0.119
0.334
0.45
0.652
0.654
0.641
0.504
0.565
0.729
0.679
0.557
0.665
0.642
0.469
0.415
0.384
0.318
0.516
0.564
0.787
0.559
0.37
0.122
0.409
0.071
0.189
-0.075
0.06
-0.109
-0.2
-0.427
-0.646
-0.535
-0.425
-0.448
-0.458
-0.581
-0.492
-0.616
-0.829
-0.78
-0.855
-0.958
-0.897
-0.795
-0.815
-0.731
-0.734
-0.715
-0.97
-1.081
-1.044
-0.969
-0.93
-0.772
-0.69
-0.829
