-1.333
-1.021
-1.17
-1.276
-1.32
-1.201
-1.114
-0.993
-1.096
-1.146
-0.893
-0.62
-0.652
-0.636
-0.615
-0.424
-0.623
-0.471
-0.366
-0.229
-0.046
0.226
0.131
0.011
-0.08
-0.091
-0.088
-0.064
-0.009
0.074
0.14
0.119
0.147
0.352
0.573
0.576
0.745
0.865
0.81
0.741
0.82
1.052
0.787
0.698
0.517
0.609
0.525
0.489
0.48
0.478
0.514
0.537
0.196
0.065
0.106
0.022
0.005
-0.021
-0.116
-0.069
0.058
0.189
0.175
0.062
0.01
0.043
0.131
0.263
0.371
0.424
0.547
0.606
0.551
0.466
0.463
0.233
0.115
0.201
-0.04
0.0
-0.169
-0.224
-0.326
-0.497
-0.584
-0.728
-0.524
-0.751
-0.718
-0.896
-0.816
-0.764
-0.795
-0.835
-0.839
-0.688
-0.758
-0.823
-0.964
-1.116
-1.044
-0.949
-1.248
-1.236
-1.29
-1.13
-1.016
-0.863
-0.86
-0.81
-0.649
-0.546
-0.333
-0.459
-0.367
-0.367
-0.194
-0.06
0.019
0.249
0.228
0.324
0.314
0.405
0.43
0.504
0.52
0.496
0.441
0.406
0.279
0.241
0.371
0.475
0.605
0.551
0.554
0.445
0.372
0.339
0.351
0.326
0.45
0.51
0.527
0.385
0.351
0.321
0.044
-0.164
-0.021
-0.033
-0.119
-0.215
-0.099
-0.051
-0.074
-0.107
-0.085
-0.208
-0.221
-0.253
-0.253
-0.306
-0.328
-0.305
-0.212
-0.357
-0.474
-0.367
-0.362
-0.469
-0.603
-0.657
-0.792
-0.934
-0.874
-0.976
-1.136
-1.117
-1.036
-1.005
-1.009
-1.111
-1.0
-1.029
-0.97
-1.024
-1.066
-0.998
-0.983
-0.894
-0.883
-0.891
-0.916
-0.769
-0.623
-0.585
-0.439
-0.275
-0.285
-0.079
-0.361
-0.299
-0.422
-0.194
0.101
0.165
0.306
0.199
0.21
0.356
0.42
0.486
0.485
0.57
0.641
0.559
0.508
0.46
0.694
0.698
0.664
0.624
0.48
0.431
0.27
0.234
0.076
0.031
-0.085
0.065
0.184
-0.025
0.191
0.193
0.01
0.107
-0.009
0.01
0.022
0.251
0.294
0.323
0.326
0.19
0.099
0.271
0.098
-0.015
0.264
0.215
0.206
0.08
0.039
0.231
0.089
0.125
0.196
0.261
0.2
0.336
0.344
0.235
0.188
0.114
0.121
0.286
0.385
0.435
0.439
0.56
0.497
0.526
0.557
0.581
0.521
0.367
0.426
0.479
0.341
0.221
0.152
0.083
-0.001
-0.104
-0.421
-0.448
-0.366
-0.481
-0.535
-0.759
-0.932
-0.888
-0.985
-1.15
-1.174
-1.123
-1.081
-1.286
-1.26
-1.062
-1.275
-1.386
-1.344
-1.328
-1.134
-0.998
-0.89
-0.853
-0.823
-0.851
-0.826
-0.536
-0.453
-0.48
-0.371
-0.489
-0.273
-0.3
-0.249
-0.386
-0.346
-0.226
-0.029
0.11
0.236
0.341
0.271
0.181
0.084
0.036
0.315
0.408
0.286
0.399
0.456
0.42
0.396
0.381
0.473
0.503
0.646
0.591
0.596
0.4
0.48
0.384
0.395
0.389
0.443
0.419
0.305
0.231
0.474
0.465
0.419
0.386
0.461
0.458
0.525
0.499
0.594
0.568
0.688
0.666
0.854
0.828
0.846
0.859
0.969
0.815
0.981
1.015
0.914
0.956
0.938
0.84
0.87
0.902
0.926
0.999
1.032
1.064
0.956
0.956
0.953
0.896
0.825
0.672
0.8
0.774
0.878
0.76
0.946
0.938
0.906
0.89
0.836
0.657
0.659
0.963
0.794
0.67
0.574
0.634
0.635
0.676
0.74
0.771
0.934
0.96
0.983
1.149
1.181
1.211
1.176
1.136
1.19
1.248
1.299
1.24
1.285
1.12
1.154
1.04
0.92
1.042
0.935
1.124
1.22
1.134
1.147
1.166
1.215
1.222
1.154
1.203
1.314
1.281
1.272
1.154
1.14
1.11
1.026
1.009
1.048
1.141
1.03
1.039
1.147
1.191
1.016
0.991
1.093
1.259
1.34
1.419
1.488
1.634
1.569
1.816
1.604
1.453
1.335
1.308
1.323
1.21
1.188
0.939
0.756
0.561
0.335
0.321
0.254
0.19
0.114
-0.109
-0.01
-0.175
-0.052
0.185
-0.143
0.009
0.071
0.121
0.314
0.307
0.059
-0.018
-0.15
-0.3
-0.004
-0.021
0.075
0.219
-0.004
0.039
-0.163
-0.249
-0.146
0.15
0.059
0.062
0.143
0.182
0.004
0.101
0.109
0.028
-0.024
-0.011
-0.072
-0.302
-0.235
-0.253
-0.265
-0.278
-0.266
-0.25
-0.436
-0.18
-0.241
-0.364
-0.296
-0.238
0.058
-0.041
-0.147
-0.253
-0.138
-0.056
-0.024
0.003
0.177
-0.013
-0.035
0.198
0.08
0.054
-0.058
0.09
-0.016
0.083
0.076
0.155
0.234
0.38
0.146
0.156
0.061
0.184
0.029
-0.129
-0.049
-0.029
-0.088
-0.144
-0.16
-0.225
0.004
0.275
0.135
0.291
0.391
0.236
0.152
0.331
0.304
0.124
0.193
0.094
-0.115
0.035
0.274
0.283
0.321
0.106
0.095
0.263
0.246
0.339
0.375
0.2
0.21
0.116
0.212
0.225
0.223
0.404
0.333
0.41
0.677
0.703
0.709
0.667
0.631
0.611
0.56
0.64
0.466
0.74
0.266
0.14
0.151
0.152
0.0
0.173
0.08
0.048
0.06
-0.212
-0.208
-0.296
-0.281
-0.371
-0.474
-0.666
-0.998
-1.326
-1.189
-1.279
-1.193
-1.164
-1.319
-0.993
-0.993
-0.889
-0.955
-0.988
-0.785
-0.999
-1.028
-1.288
-1.186
-1.191
-1.069
-1.002
-1.022
-0.704
-0.636
-0.541
-0.499
-0.46
-0.309
-0.219
-0.121
-0.018
0.075
-0.006
-0.064
0.242
0.005
0.059
0.115
0.314
0.459
0.384
0.463
0.471
0.44
0.59
0.659
0.56
0.704
0.791
0.825
0.696
0.591
0.482
0.455
0.509
0.275
0.182
0.043
-0.141
-0.171
-0.263
-0.206
-0.28
-0.177
-0.245
-0.134
-0.176
-0.259
-0.341
-0.426
-0.633
-0.696
-1.018
-0.926
-1.069
-1.143
-1.155
-1.005
-0.975
-1.124
-1.198
-1.21
-1.236
-1.226
-1.115
-1.289
-1.127
-1.085
-0.92
-0.743
-0.74
-0.785
-0.802
-0.91
-0.966
-1.064
-0.865
-0.801
-0.6
-0.569
-0.379
-0.386
-0.344
-0.189
-0.191
-0.094
-0.159
-0.194
-0.307
-0.36
-0.119
-0.182
-0.151
-0.151
-0.018
0.146
0.174
0.254
0.491
0.6
0.581
0.544
0.419
0.475
0.549
0.51
0.527
0.367
0.328
0.254
0.405
0.36
0.323
0.144
0.574
0.349
0.41
0.333
0.235
0.21
0.037
-0.022
0.193
0.077
0.044
-0.206
-0.291
-0.352
-0.281
-0.242
-0.276
-0.163
-0.208
-0.052
-0.177
-0.17
-0.193
-0.223
-0.076
-0.249
-0.307
-0.367
-0.5
-0.565
-0.53
-0.336
-0.425
-0.285
-0.45
-0.546
-0.515
-0.504
-0.521
-0.495
-0.605
-0.465
-0.53
-0.61
-0.588
-0.672
-0.772
-0.814
-0.686
-0.811
-0.591
-0.766
-0.8
-0.609
-0.306
-0.343
-0.281
-0.076
-0.005
-0.069
0.009
-0.095
0.359
0.24
0.333
0.066
0.19
0.024
0.189
0.14
0.235
0.171
0.258
-0.059
0.173
0.033
0.103
-0.156
-0.026
0.239
0.136
0.235
0.311
0.242
0.241
-0.158
-0.01
-0.193
-0.225
-0.214
0.064
0.033
0.069
0.035
0.255
0.292
0.338
0.439
0.497
0.584
0.667
0.385
0.393
0.406
0.284
0.175
0.034
0.234
0.139
0.037
0.14
-0.03
-0.028
-0.03
0.029
-0.13
-0.158
-0.04
-0.14
-0.125
-0.345
-0.301
-0.253
-0.281
-0.312
-0.31
-0.273
-0.304
-0.247
-0.092
-0.048
0.11
0.08
0.205
0.2
0.176
0.18
0.13
0.259
0.344
0.315
0.216
0.208
0.318
0.395
0.459
0.52
0.644
0.521
0.29
0.41
0.329
0.593
0.435
0.696
0.623
0.557
0.509
0.393
0.234
-0.013
-0.135
-0.145
-0.04
-0.004
-0.019
-0.019
-0.196
-0.013
-0.124
0.001
-0.035
-0.116
-0.143
-0.089
-0.025
-0.158
-0.219
-0.473
-0.487
-0.369
-0.256
-0.028
-0.286
-0.311
-0.335
-0.324
-0.276
-0.361
-0.215
-0.166
-0.278
-0.286
-0.369
-0.241
-0.366
-0.398
-0.386
-0.285
-0.254
-0.205
-0.549
-0.527
-0.619
-0.458
-0.288
-0.335
-0.286
-0.501
-0.667
-0.735
-0.69
-0.511
-0.461
-0.453
-0.67
-0.665
-0.785
-0.682
-0.749
-0.75
-0.672
-0.674
-0.694
-0.586
-0.681
-0.614
-0.645
-0.435
-0.239
-0.154
-0.136
-0.104
0.001
0.211
0.275
0.29
0.316
0.263
0.444
0.492
0.366
0.556
0.562
0.549
0.455
0.42
0.54
0.536
0.312
0.504
0.201
0.256
0.125
0.036
-0.091
-0.18
-0.219
-0.166
-0.122
-0.031
-0.139
0.081
-0.076
0.044
0.126
0.143
0.182
0.143
0.223
0.165
0.131
-0.004
0.069
0.079
0.079
0.05
-0.018
0.041
0.169
0.036
-0.036
-0.147
-0.069
-0.193
-0.233
-0.286
-0.285
-0.15
-0.399
-0.271
-0.152
-0.173
-0.114
-0.113
-0.034
-0.079
-0.098
0.049
0.039
0.294
0.144
0.059
0.124
0.208
0.173
0.052
0.033
0.092
0.037
-0.009
-0.111
0.006
-0.045
-0.05
-0.051
-0.103
-0.06
0.06
0.089
0.181
0.129
0.199
0.056
0.056
0.092
-0.258
-0.422
-0.525
-0.585
-0.705
-0.601
-0.541
-0.605
-0.57
-0.623
-0.736
-0.711
-0.695
-0.662
-0.706
-0.684
-0.782
-0.655
-0.8
-0.999
-1.068
-1.154
-1.15
-1.347
-1.011
-1.495
-1.309
-1.406
-1.236
-1.116
-1.018
-0.983
-1.008
-0.969
-0.809
-0.874
-0.75
-0.749
-0.499
-0.489
-0.59
-0.434
-0.57
-0.39
-0.331
-0.445
-0.43
-0.565
-0.579
-0.47
-0.451
-0.408
-0.389
-0.214
-0.244
-0.209
-0.203
0.036
0.019
0.061
0.297
0.249
0.125
0.25
0.279
0.141
0.19
0.07
-0.045
0.046
0.062
-0.036
-0.059
-0.104
0.055
-0.095
-0.055
0.104
0.219
0.269
0.294
0.501
0.514
0.288
0.414
0.506
0.559
0.512
0.72
0.72
0.665
0.706
0.829
1.09
1.163
1.166
1.279
1.346
1.345
1.423
1.433
1.406
1.401
1.482
1.688
1.665
1.512
1.614
1.625
1.615
1.494
1.512
1.405
1.399
1.419
1.288
1.26
1.318
1.295
1.183
1.151
1.21
1.174
1.242
1.375
1.254
1.164
1.272
1.239
1.289
1.385
1.343
1.175
1.175
1.036
1.19
1.252
1.238
1.198
0.92
0.973
0.743
0.858
0.84
0.848
0.72
0.639
0.527
0.449
0.584
0.554
0.595
0.515
0.486
0.609
0.618
0.763
0.755
0.926
0.878
1.157
1.204
1.201
1.23
1.325
1.321
1.29
1.535
1.386
1.463
1.46
1.341
1.279
1.28
1.218
1.029
0.845
0.896
0.766
0.856
0.909
0.824
0.684
0.57
0.344
0.01
0.143
0.075
-0.126
-0.081
-0.059
-0.174
-0.355
-0.445
-0.401
-0.479
-0.411
-0.394
-0.399
-0.338
-0.203
-0.331
-0.164
-0.254
-0.348
-0.42
-0.297
-0.238
-0.158
-0.165
-0.258
-0.256
-0.228
-0.311
-0.226
-0.105
0.036
0.037
0.088
0.182
-0.005
0.2
-0.015
-0.024
0.007
0.11
0.104
0.362
0.36
0.501
0.708
0.816
0.85
0.795
1.019
0.87
0.766
0.753
0.639
0.665
0.48
0.686
0.726
0.593
0.624
0.359
0.265
0.238
0.233
0.106
0.235
0.244
0.21
0.106
0.247
0.109
0.184
0.276
0.19
0.383
0.393
0.379
0.585
0.431
0.258
0.271
0.258
0.436
0.372
0.349
0.415
0.362
0.356
0.17
0.299
0.36
0.186
0.278
10.332
10.332
-0.238
0.152
0.125
0.04
0.019
-0.103
-0.119
-0.016
-0.028
-0.129
0.013
-0.214
-0.129
-0.107
0.043
0.095
0.037
0.0
-0.119
-0.255
-0.229
-0.18
-0.199
-0.284
-0.184
-0.039
-0.131
-0.171
0.14
0.288
0.345
0.42
0.281
0.244
0.184
0.026
0.036
0.101
-0.135
0.021
-0.333
-0.393
-0.636
-0.93
-0.833
-0.753
-0.714
-0.537
-0.606
-0.696
-0.98
-0.961
-1.001
-1.052
-1.009
-1.06
-1.018
-0.795
-1.018
-1.062
-0.983
-0.765
-0.769
-0.72
-0.834
-0.734
-0.735
-0.51
-0.356
-0.362
-0.39
-0.439
-0.307
-0.573
-0.471
-0.264
-0.338
-0.12
-0.241
-0.128
-0.133
-0.247
-0.101
-0.259
-0.395
-0.515
-0.486
-0.503
-0.66
-0.604
-0.831
-0.931
-0.754
-0.761
-0.531
-0.835
-0.456
-0.516
-0.379
-0.562
-0.426
-0.325
-0.429
-0.401
-0.276
-0.541
-0.595
-0.422
-0.343
-0.484
-0.275
0.043
0.122
-0.031
-0.11
-0.343
-0.325
-0.474
-0.609
-0.721
-0.799
-0.726
-0.904
-0.684
-0.749
-0.684
-0.679
-0.67
-0.638
-0.517
-0.448
-0.459
-0.421
-0.21
-0.26
-0.343
-0.214
-0.238
-0.239
-0.292
-0.269
-0.415
-0.175
-0.165
0.059
0.295
0.253
0.206
0.234
0.174
-0.003
0.156
0.379
0.305
0.594
0.384
0.569
0.484
0.273
0.184
0.273
0.359
0.331
0.565
0.642
0.661
0.48
0.431
0.216
-0.056
0.075
0.083
-0.054
-0.182
-0.427
-0.475
-0.393
-0.484
-0.634
-0.536
-0.562
-0.579
-0.45
-0.641
-0.644
-0.474
-0.633
-0.733
-0.753
-0.755
-1.054
-0.851
-0.695
-0.83
-0.55
-0.689
-0.695
-0.439
-0.482
-0.484
-0.463
-0.405
-0.334
-0.39
-0.451
-0.52
-0.424
-0.235
0.044
0.186
0.4
0.5
0.731
0.825
0.979
0.949
0.941
0.974
1.021
0.878
0.809
0.938
0.755
0.906
1.031
0.968
0.881
0.981
0.854
0.728
0.629
0.44
0.527
0.555
0.438
0.44
0.427
0.208
0.164
0.06
-0.11
-0.179
-0.254
-0.171
-0.242
-0.121
-0.426
-0.435
-0.515
-0.621
-0.491
-0.427
-0.334
-0.316
-0.448
-0.453
-0.547
-0.593
-0.247
-0.401
-0.516
-0.394
-0.259
-0.242
-0.224
-0.203
-0.125
-0.003
0.335
0.394
0.359
0.496
0.596
0.83
0.943
1.103
1.056
1.064
0.768
0.618
0.719
0.885
0.91
0.973
0.879
0.797
0.797
0.691
0.686
0.716
0.733
0.8
0.771
0.688
0.785
0.87
0.443
0.405
0.31
0.029
-0.099
-0.126
-0.126
-0.024
-0.328
-0.393
-0.511
-0.595
-0.417
-0.599
-0.458
-0.432
-0.444
-0.55
-0.649
-0.581
-0.544
-0.33
-0.175
-0.126
0.037
0.052
-0.051
0.113
0.149
0.223
0.475
0.384
0.379
0.229
0.046
0.015
0.052
0.224
0.139
0.011
0.115
0.134
0.224
0.24
0.138
0.161
0.314
0.209
0.141
0.438
0.365
0.466
0.425
0.385
0.445
0.479
0.434
0.408
0.367
0.146
0.184
0.149
0.02
-0.134
-0.205
-0.274
-0.156
-0.174
-0.17
-0.146
-0.176
-0.384
-0.524
-0.54
-0.427
-0.448
-0.44
-0.429
-0.527
-0.565
-0.546
-0.713
-0.841
-0.935
-0.866
-0.835
-0.711
-0.789
-0.883
-0.88
-0.911
-0.89
-0.743
-0.724
-0.655
-0.626
-0.686
-0.864
-0.893
-0.77
-0.736
-0.743
-0.624
-0.739
-0.751
-0.821
-0.865
-0.758
-0.821
-0.775
-0.988
-1.097
-0.998
-1.17
-1.064
-1.05
-0.922
-0.789
-0.787
-0.888
-0.883
-0.774
-0.828
-0.618
-0.604
-0.689
-0.559
-0.593
-0.7
-0.72
-0.569
-0.445
-0.71
-0.679
-0.496
-0.556
-0.354
-0.324
-0.229
-0.074
-0.089
-0.08
-0.188
-0.275
-0.362
-0.305
-0.186
-0.375
-0.506
-0.143
-0.052
-0.049
0.0
0.235
0.281
0.378
0.297
0.171
0.199
0.29
0.424
0.636
0.474
0.544
0.459
0.365
0.335
0.47
0.32
0.374
0.306
0.415
0.369
0.291
0.464
0.473
0.334
0.351
0.191
0.383
0.525
0.575
0.486
0.604
0.575
0.491
0.535
0.489
0.529
0.52
0.69
0.495
0.696
0.551
0.335
0.195
0.033
0.0
-0.079
0.104
-0.219
-0.454
-0.429
-0.596
-0.674
-0.838
-0.846
-0.843
-0.87
-0.859
-0.869
-0.729
-0.735
-0.75
-0.551
-0.264
-0.229
-0.134
0.033
-0.014
0.239
0.284
0.389
0.471
0.487
0.679
0.875
0.848
0.917
0.821
0.915
0.963
1.004
1.069
1.236
1.134
1.189
1.015
1.052
1.204
1.31
1.359
1.506
1.472
1.466
1.464
1.472
1.604
1.6
1.775
1.654
1.499
1.474
1.384
1.215
1.216
1.022
1.137
0.939
0.885
0.869
0.779
0.894
0.801
0.859
0.791
0.902
0.905
0.89
1.045
0.974
0.969
0.99
0.883
0.805
0.956
0.909
0.844
0.481
0.32
0.254
0.225
0.109
0.099
0.118
0.09
0.247
0.203
-0.08
0.071
0.055
-0.049
-0.041
0.037
-0.043
0.055
0.045
0.239
0.069
0.147
0.131
0.177
0.439
0.351
0.356
0.22
0.319
0.06
0.357
0.487
0.594
0.64
0.686
0.631
0.693
0.674
0.604
0.399
0.256
0.365
0.334
0.325
0.3
0.254
0.508
0.324
0.291
0.321
0.266
0.385
0.376
0.404
0.396
0.211
0.345
0.539
0.65
0.541
0.484
0.284
0.361
0.278
0.15
0.228
0.326
0.461
0.52
0.448
0.356
0.536
0.36
0.306
0.326
0.121
0.175
0.179
0.391
0.623
0.549
0.89
0.61
0.604
0.265
0.064
0.077
0.045
0.306
0.235
0.534
0.466
0.381
0.39
0.176
-0.329
-0.212
-0.266
-0.291
-0.325
-0.677
-0.895
-0.859
-0.954
-1.097
-1.199
-1.145
-1.05
-0.619
-0.719
-0.922
-0.905
-1.035
-0.991
-1.086
-1.111
-1.16
-0.92
-0.973
-0.784
-0.659
-0.48
-0.49
-0.316
-0.058
0.074
0.051
0.026
-0.109
-0.217
-0.199
-0.256
-0.323
-0.399
-0.348
-0.495
-0.32
-0.251
-0.286
-0.219
-0.225
-0.076
-0.01
-0.04
-0.169
-0.146
-0.089
-0.118
-0.125
-0.321
-0.19
-0.165
-0.08
-0.052
0.101
0.215
0.235
0.281
0.305
-0.24
-0.19
-0.301
-0.344
-0.349
-0.46
-0.534
-0.448
-0.391
-0.194
-0.109
-0.044
0.164
0.003
-0.046
0.041
0.124
-0.013
0.048
0.14
0.133
0.046
-0.069
-0.199
-0.203
-0.208
-0.203
-0.242
-0.096
-0.055
-0.113
-0.177
-0.253
-0.168
-0.223
-0.289
-0.346
-0.085
0.104
0.081
0.039
0.045
-0.054
-0.125
0.059
0.056
0.128
0.335
0.448
0.501
0.434
0.504
0.443
0.26
0.158
-0.066
-0.12
-0.048
-0.101
-0.212
-0.221
-0.326
-0.268
-0.33
-0.305
-0.352
-0.361
-0.416
-0.731
-1.039
-0.953
-0.991
-0.984
-0.985
-1.17
-1.353
-1.45
-1.374
-1.24
-1.134
-0.994
-0.966
-0.861
-0.818
-0.807
-0.544
-0.509
-0.482
-0.367
-0.486
-0.424
-0.594
-0.555
-0.384
-0.278
-0.229
-0.036
-0.029
-0.107
0.118
0.024
-0.02
0.022
-0.029
0.039
0.113
0.019
-0.111
-0.221
-0.249
-0.413
-0.444
-0.221
-0.352
-0.555
-0.641
-0.589
-0.517
-0.575
-0.301
-0.254
-0.338
-0.499
-0.486
-0.365
-0.296
-0.279
-0.381
-0.274
-0.314
-0.225
0.015
-0.11
-0.158
-0.014
-0.015
-0.061
-0.005
0.058
0.31
0.406
0.376
0.239
0.113
0.325
0.309
0.217
-0.001
0.095
0.101
-0.028
0.005
0.049
0.219
0.326
0.23
0.453
0.495
0.547
0.554
0.403
0.292
0.456
0.114
-0.004
-0.028
-0.295
-0.326
-0.365
-0.245
-0.179
-0.126
0.072
-0.052
-0.084
-0.383
-0.43
-0.38
-0.404
-0.486
-0.53
-0.552
-0.6
-0.626
-0.417
-0.26
-0.419
-0.388
-0.264
-0.166
-0.052
-0.003
-0.052
0.145
-0.005
0.107
0.176
0.103
0.029
-0.016
0.054
0.084
0.059
0.046
0.371
0.47
0.54
0.458
0.532
0.479
0.296
0.261
0.219
0.065
0.076
0.077
0.31
0.259
0.455
0.542
0.512
0.438
0.628
0.629
0.7
0.823
0.81
0.766
0.579
0.359
0.574
0.494
0.62
0.554
0.537
0.441
0.571
0.48
0.406
0.542
0.586
0.745
0.586
0.492
0.4
0.495
0.245
0.216
0.182
0.271
0.279
0.021
0.065
-0.04
-0.275
-0.341
-0.259
-0.325
-0.439
-0.449
-0.441
-0.455
-0.24
-0.371
-0.351
-0.349
-0.225
-0.188
-0.165
-0.116
-0.231
0.025
-0.007
0.08
0.141
0.164
0.147
0.064
0.224
0.107
0.026
-0.08
-0.062
-0.081
-0.043
0.084
0.259
0.304
0.186
0.091
-0.013
0.17
0.233
0.189
0.235
0.154
0.144
0.16
0.111
0.128
0.156
0.084
-0.016
-0.092
0.043
0.077
-0.037
0.04
-0.044
-0.159
-0.255
-0.454
-0.29
-0.459
-0.471
-0.542
-0.52
-0.28
-0.191
0.09
0.024
-0.035
-0.075
-0.325
-0.285
-0.56
-0.547
-0.51
-0.484
-0.421
-0.56
-0.503
-0.576
-0.775
-0.799
-0.75
-0.464
-0.651
-0.372
-0.385
-0.266
-0.383
-0.349
-0.395
-0.297
-0.339
-0.374
-0.265
-0.42
-0.367
-0.429
-0.361
-0.278
-0.364
-0.399
-0.366
-0.388
-0.369
-0.133
-0.215
-0.147
-0.409
-0.212
-0.341
-0.247
-0.4
-0.584
-0.503
-0.628
-0.59
-0.581
-0.549
-0.574
-0.55
-0.242
-0.16
-0.244
-0.17
0.111
0.278
0.311
0.22
0.374
0.296
0.314
0.214
0.571
0.532
0.595
0.469
0.596
0.676
0.812
0.917
0.856
0.964
1.05
1.083
0.886
0.818
0.76
0.657
0.593
0.604
0.473
0.461
0.29
0.354
0.297
0.039
0.003
-0.105
0.028
-0.177
-0.255
-0.365
-0.403
-0.463
-0.604
-0.554
-0.633
-0.516
-0.58
-0.724
-0.589
-0.641
-0.487
-0.571
-0.461
-0.555
-0.594
-0.55
-0.54
-0.419
-0.491
-0.514
-0.559
-0.168
-0.115
0.028
0.122
0.146
0.103
-0.011
-0.013
-0.036
0.144
0.144
0.163
0.459
0.455
0.497
0.655
0.638
0.57
0.57
0.416
0.121
-0.116
-0.19
-0.212
-0.224
0.125
-0.036
0.255
0.208
0.355
0.212
0.21
0.185
0.328
0.201
0.461
0.426
0.266
0.259
0.113
0.124
0.251
0.399
0.221
0.436
0.275
0.414
0.376
0.59
0.395
0.536
0.478
0.564
0.654
0.644
0.644
0.585
0.56
0.595
0.677
0.539
0.636
0.641
0.545
0.756
0.741
0.593
0.554
0.517
0.556
0.445
0.456
0.125
0.253
0.143
0.393
0.228
0.029
-0.128
0.033
0.284
0.246
0.126
0.089
0.069
0.043
0.214
0.254
0.255
0.309
0.17
0.105
0.138
0.261
0.435
0.743
0.625
0.834
0.611
0.929
1.008
1.042
0.878
0.56
0.836
0.924
0.963
1.144
1.081
1.195
1.035
1.147
1.285
1.088
0.835
0.824
1.1
0.841
0.568
0.654
0.799
0.995
1.042
1.189
0.986
1.319
1.031
1.048
1.104
1.04
1.181
1.125
1.157
1.206
1.126
1.144
1.1
1.073
1.166
1.075
1.034
1.131
1.244
1.079
1.164
1.279
1.114
0.984
1.078
0.795
1.008
1.062
1.174
1.094
1.31
1.425
1.594
1.613
1.534
1.488
1.541
1.463
1.426
1.214
1.068
1.08
1.144
0.956
0.719
0.715
0.64
0.231
0.235
0.05
0.045
0.233
0.105
-0.045
-0.115
-0.099
-0.076
-0.182
-0.246
-0.357
-0.255
-0.113
-0.367
-0.588
-0.415
-0.634
-0.307
-0.318
-0.288
-0.152
-0.195
-0.521
-0.608
-0.501
-0.578
-0.399
-0.436
-0.236
-0.3
-0.188
0.118
-0.035
-0.029
0.024
-0.138
0.126
0.118
0.151
0.21
0.161
0.256
0.206
0.4
0.245
0.294
0.266
0.146
0.149
0.354
0.406
0.38
0.63
0.593
0.497
0.238
0.179
0.184
0.154
0.049
0.094
0.184
0.212
0.389
-0.021
-0.004
-0.105
-0.266
-0.593
-0.484
-0.401
-0.395
-0.221
-0.284
-0.489
-0.736
-0.797
-0.735
-0.823
-0.828
-0.876
-0.934
-0.994
-0.855
-0.823
-0.969
-0.875
-1.109
-1.167
-1.339
-1.347
-1.169
-1.175
-0.871
-0.819
-0.763
-0.701
-0.87
-0.843
-0.912
-1.103
-1.1
-0.667
-0.744
-0.881
-0.831
-0.714
-0.638
-0.734
-0.961
-1.015
-0.949
-0.714
-0.749
-0.655
-1.029
-0.679
-0.499
-0.54
-0.339
-0.386
-0.331
-0.281
-0.307
-0.344
-0.439
-0.505
-0.436
-0.311
-0.388
-0.481
-0.559
-0.741
-0.574
-0.621
-0.58
-0.685
-0.469
-0.544
-0.431
-0.576
-0.531
-0.579
-0.466
-0.526
-0.435
-0.408
-0.489
-0.471
-0.49
-0.529
-0.638
-0.504
-0.674
-0.56
-0.487
-0.55
-0.388
-0.199
-0.2
-0.235
-0.17
-0.09
0.056
0.074
0.182
0.196
0.22
0.138
0.065
-0.124
-0.177
-0.028
-0.088
-0.235
-0.35
-0.305
-0.274
-0.352
-0.242
-0.235
-0.106
0.001
0.069
0.03
-0.056
-0.035
0.072
0.056
-0.049
0.103
-0.003
0.088
0.014
-0.125
-0.118
-0.15
-0.211
-0.28
-0.098
-0.333
-0.149
0.049
-0.007
-0.251
-0.199
-0.21
-0.211
-0.273
-0.291
-0.509
-0.311
-0.314
-0.357
-0.446
-0.376
-0.427
-0.603
-0.604
-0.551
-0.425
-0.328
-0.105
-0.109
-0.3
-0.379
-0.536
-0.31
-0.323
-0.478
-0.356
-0.389
-0.334
-0.355
-0.191
-0.054
-0.066
0.156
-0.054
-0.311
-0.3
-0.274
-0.209
-0.268
-0.435
-0.479
-0.302
-0.471
-0.394
-0.581
-0.568
-0.486
-0.166
-0.284
-0.281
-0.164
-0.035
0.071
0.098
0.195
0.39
0.594
0.88
0.764
0.874
1.066
0.945
1.06
0.869
0.964
0.948
0.865
0.86
0.854
0.82
0.745
0.611
0.554
0.485
0.388
0.413
0.45
0.411
0.228
0.174
0.03
-0.091
-0.089
-0.144
0.01
-0.031
-0.331
-0.173
-0.139
-0.309
-0.357
-0.357
-0.306
-0.233
-0.345
-0.461
-0.681
-0.59
-0.754
-0.743
-0.756
-0.555
-0.705
-0.74
-0.536
-0.429
-0.616
-0.588
-0.611
-0.787
-0.694
-0.79
-0.802
-0.751
-0.64
-0.686
-0.651
-0.454
-0.356
-0.336
-0.474
-0.574
-0.672
-0.608
-0.573
-0.509
-0.534
-0.47
-0.475
-0.278
-0.247
-0.036
-0.14
-0.186
-0.135
0.14
0.171
0.335
0.094
0.124
0.194
0.188
0.154
0.24
0.253
0.299
0.399
0.631
0.362
0.216
0.351
0.165
0.143
0.072
-0.018
0.01
0.058
-0.163
0.009
0.092
-0.009
0.2
0.199
0.478
0.461
0.27
0.621
0.615
0.623
0.768
0.699
0.874
0.912
0.861
0.819
0.714
0.77
0.675
0.413
0.29
0.274
0.154
0.205
-0.048
-0.14
-0.076
-0.131
-0.071
-0.02
0.094
-0.062
-0.349
-0.254
-0.251
-0.239
-0.286
-0.404
-0.57
-0.562
-0.685
-0.62
-0.71
-0.63
-0.478
-0.491
-0.35
-0.4
-0.499
-0.575
-0.504
-0.431
-0.323
-0.384
-0.279
-0.27
-0.374
-0.318
-0.244
-0.158
-0.242
-0.339
-0.284
-0.281
-0.41
-0.458
-0.307
-0.242
-0.264
-0.166
-0.145
-0.056
-0.039
-0.118
0.007
0.166
0.138
-0.05
0.034
0.258
0.145
0.275
0.315
0.188
0.28
0.414
0.495
0.504
0.616
0.463
0.51
0.704
0.432
0.219
0.389
0.176
0.165
0.439
0.458
0.629
0.526
0.466
0.286
0.294
0.361
0.416
0.431
0.304
0.143
0.019
0.069
0.128
0.13
0.115
0.185
0.228
0.149
0.311
0.371
0.193
0.145
0.225
0.225
0.22
0.139
0.145
0.03
-0.16
-0.084
0.104
0.156
0.143
0.024
0.128
0.079
-0.135
-0.292
-0.464
-0.682
-0.506
-0.787
-0.776
-0.779
-0.745
-0.902
-0.812
-0.541
-0.435
-0.31
-0.362
-0.253
-0.376
-0.226
-0.133
-0.205
-0.201
-0.19
-0.147
-0.136
0.022
0.138
0.163
0.285
0.33
0.427
0.163
0.234
0.284
0.378
0.411
0.241
0.593
0.698
0.968
0.96
0.805
0.818
0.845
0.858
1.004
0.958
0.818
0.67
0.682
0.546
0.51
0.584
0.525
0.828
0.771
0.681
0.709
0.743
0.633
0.642
0.636
0.736
0.62
0.698
0.81
0.909
1.171
1.134
1.256
1.012
1.153
1.173
1.28
1.176
1.478
1.464
1.343
1.319
1.039
1.129
1.103
1.183
1.389
1.316
1.329
0.983
1.184
1.345
1.566
1.364
1.522
1.421
1.42
1.311
1.174
1.131
1.042
0.948
1.177
1.181
0.925
1.018
0.865
0.839
0.821
0.669
0.603
0.695
0.593
0.639
0.391
0.256
0.338
0.031
-0.037
-0.198
-0.305
-0.383
-0.234
-0.036
-0.126
-0.138
-0.194
-0.039
-0.037
-0.251
-0.072
-0.174
-0.14
-0.206
-0.253
-0.188
-0.223
-0.175
-0.217
-0.11
-0.14
-0.092
-0.136
-0.296
-0.11
-0.054
0.064
0.095
0.037
-0.17
-0.21
-0.325
-0.284
-0.229
-0.305
-0.429
-0.278
-0.223
-0.173
-0.371
-0.39
-0.32
-0.203
-0.234
-0.121
0.109
0.26
0.527
0.391
0.508
0.54
0.466
0.411
0.873
0.851
1.13
1.176
1.012
1.302
0.836
0.771
0.71
0.58
0.453
0.2
0.216
0.194
0.011
0.251
0.145
0.221
0.304
0.59
0.635
0.444
0.319
0.33
0.113
0.001
0.037
-0.043
-0.048
-0.044
-0.088
-0.13
-0.343
-0.446
-0.475
-0.246
-0.258
-0.249
-0.26
-0.144
-0.19
-0.256
-0.14
-0.28
-0.336
-0.388
-0.449
-0.557
-0.537
-0.566
-0.59
-0.966
-0.866
-1.231
-1.051
-1.154
-0.986
-0.873
-0.769
-0.856
-0.556
-0.466
-0.346
-0.16
-0.181
-0.069
-0.133
-0.069
-0.26
-0.416
-0.26
-0.352
-0.31
-0.196
-0.106
-0.214
-0.154
-0.24
-0.169
-0.175
-0.138
-0.278
-0.361
-0.54
-0.508
-0.534
-0.891
-0.85
-0.81
-0.841
-0.649
-0.598
-0.805
-0.633
-0.659
-0.609
-0.55
-0.555
-0.365
-0.386
-0.455
-10.336
-0.699
-0.739
-0.646
-0.605
-0.338
-0.016
0.039
-0.118
-0.17
-0.216
-0.31
-0.193
-0.075
0.08
0.256
0.285
0.311
0.249
0.02
0.055
-0.051
0.061
0.21
0.177
0.118
0.088
0.171
0.211
-0.072
-0.128
-0.249
-0.435
-0.81
-0.682
-1.078
-1.134
-0.919
-0.919
-0.756
-0.679
-0.811
-0.853
-0.931
-1.061
-0.943
-0.75
-0.869
-0.549
-0.441
-0.421
-0.466
-0.56
-0.547
-0.519
-0.389
-0.185
-0.165
-0.212
-0.025
0.046
0.245
0.351
0.333
0.606
0.662
0.598
0.524
0.247
0.297
0.54
0.595
0.57
0.494
0.367
0.141
0.064
0.106
0.033
0.015
0.235
0.189
0.021
0.056
-0.114
-0.404
-0.574
-0.586
-0.755
-0.68
-0.628
-0.479
-0.349
-0.398
-0.234
-0.199
-0.434
-0.38
-0.364
-0.37
-0.158
-0.196
-0.301
-0.356
-0.33
-0.329
-0.37
-0.294
-0.198
-0.316
-0.275
-0.33
-0.374
-0.52
-0.508
-0.503
-0.458
-0.357
-0.209
-0.16
-0.255
-0.39
-0.361
-0.403
-0.376
-0.403
-0.348
-0.312
-0.176
-0.268
-0.333
-0.295
-0.223
-0.254
0.001
-0.15
-0.211
0.037
0.029
-0.096
0.062
-0.116
-0.035
-0.164
0.022
0.173
0.083
0.126
0.041
-0.003
0.4
0.116
0.17
0.225
0.168
-0.043
-0.043
0.011
-0.226
-0.131
0.003
-0.146
-0.144
-0.075
-0.059
-0.009
0.056
0.194
0.219
0.211
0.184
0.058
-0.059
-0.071
-0.175
-0.209
-0.414
-0.351
-0.304
-0.459
-0.241
-0.415
-0.109
0.166
0.216
0.269
0.253
0.212
0.216
0.309
0.209
0.13
0.225
0.304
0.238
0.177
0.193
0.081
0.084
0.184
0.046
-0.059
-0.088
-0.056
-0.173
-0.195
-0.11
-0.158
-0.284
-0.249
-0.174
-0.304
-0.247
-0.182
-0.259
-0.244
-0.333
-0.374
-0.463
-0.55
-0.641
-0.672
-0.659
-0.584
-0.588
-0.565
-0.581
-0.372
-0.414
-0.355
-0.128
-0.098
-0.091
0.064
0.3
0.165
0.075
0.173
0.231
0.229
0.199
0.219
0.344
0.225
0.141
-0.089
-0.016
0.14
0.044
0.381
0.304
0.225
0.276
0.399
0.453
0.535
0.511
0.536
0.709
0.601
0.666
0.743
0.609
0.466
0.787
0.89
0.9
0.772
0.633
0.736
0.657
0.581
0.496
0.463
0.49
0.357
0.276
0.152
-0.064
-0.15
-0.15
-0.071
-0.05
0.08
-0.041
-0.121
-0.234
-0.306
-0.405
-0.465
-0.319
-0.51
-0.503
-0.503
-0.581
-0.551
-0.772
-0.67
-0.755
-0.711
-0.815
-0.846
-0.646
-0.724
-0.634
-0.542
-0.429
-0.119
-0.014
-0.004
-0.177
0.007
-0.022
0.107
-0.005
0.136
0.323
0.255
0.259
0.12
0.099
0.095
0.205
0.126
0.164
0.362
0.461
0.351
0.348
0.438
0.44
0.465
0.309
0.294
0.58
0.416
0.41
0.62
0.556
0.698
0.758
0.87
0.938
0.971
0.905
0.899
1.034
0.701
0.812
0.667
0.729
0.874
0.807
0.865
0.716
0.716
0.713
0.801
0.765
0.58
0.739
0.706
0.792
0.689
0.517
0.4
0.411
0.458
0.427
0.475
0.37
0.306
0.264
0.401
0.478
0.482
0.331
0.152
0.349
0.49
0.606
0.618
0.575
0.901
0.879
0.647
0.763
0.846
0.779
0.776
0.894
0.854
1.134
1.246
1.144
1.117
1.151
1.086
1.041
0.981
0.907
0.912
1.0
0.811
0.912
0.799
0.701
0.44
0.603
0.328
0.312
0.321
0.299
0.47
0.618
0.899
0.764
0.738
0.754
0.403
0.503
0.416
0.675
0.537
0.478
0.645
0.846
0.809
0.955
1.183
1.154
1.208
1.042
0.973
1.157
0.901
0.684
0.544
0.591
0.411
0.261
0.219
0.17
0.242
0.17
0.136
0.084
0.13
0.209
-0.225
-0.378
-0.378
-0.33
-0.168
-0.101
-0.113
-0.125
-0.263
-0.406
-0.594
-0.743
-0.681
-0.443
-0.12
-0.011
0.083
0.2
0.081
0.256
0.217
0.229
0.33
0.4
0.464
0.501
0.508
0.568
0.474
0.675
0.591
0.48
0.46
0.2
0.215
0.121
0.131
0.235
0.343
0.517
0.511
0.425
0.419
0.369
0.07
0.022
0.055
0.125
-0.115
0.072
-0.169
-0.343
-0.355
-0.436
-0.256
-0.294
-0.385
-0.3
-0.146
-0.195
-0.357
-0.113
-0.316
-0.344
-0.161
-0.335
-0.138
-0.185
0.065
0.128
0.143
-0.056
-0.284
-0.238
-0.264
-0.318
0.011
0.139
0.076
0.005
-0.245
-0.444
-0.355
-0.359
10.332
10.332
-0.16
-0.191
-0.13
-0.259
-0.419
-0.512
-0.372
-0.401
-0.399
-0.383
-0.425
-0.246
0.061
-0.04
-0.035
-0.184
-0.2
-0.018
0.076
0.216
0.077
0.245
0.121
0.129
-0.02
-0.081
-0.074
-0.048
0.173
-0.151
0.011
0.124
0.15
0.185
0.242
0.21
0.043
-0.022
0.166
0.336
0.578
0.566
0.776
0.633
0.517
0.315
0.217
0.403
0.618
0.714
0.723
0.91
0.834
0.916
0.922
0.769
0.636
0.684
0.55
0.415
0.173
0.184
0.131
-0.025
-0.094
-0.106
-0.296
-0.411
-0.556
-0.473
-0.579
-0.677
-0.715
-0.746
-0.88
-0.96
-1.17
-1.344
-1.115
-1.137
-1.239
-1.046
-0.883
-0.863
-0.91
-1.125
-1.211
-1.137
-1.134
-1.099
-1.121
-1.284
-1.064
-1.085
-1.196
-1.133
-1.045
-0.948
-0.924
-0.686
-0.777
-0.696
-0.799
-0.946
-0.844
-0.881
-0.932
-0.889
-1.032
-0.968
-0.874
-0.718
-0.784
-0.661
-0.53
-0.375
-0.525
-0.408
-0.406
-0.468
-0.242
-0.13
-0.264
-0.083
0.021
0.33
0.205
0.346
0.468
0.515
0.646
0.765
0.709
0.63
0.824
0.652
0.633
0.776
0.799
0.681
0.514
0.494
0.024
0.135
0.219
0.398
0.546
0.555
0.665
0.539
0.314
0.409
0.409
0.3
0.098
0.076
0.147
-0.022
-0.141
-0.364
-0.383
-0.36
-0.338
-0.445
-0.448
-0.391
-0.329
-0.384
-0.517
-0.501
-0.396
-0.33
-0.409
-0.494
-0.54
-0.633
-0.421
-0.456
-0.505
-0.566
-0.511
-0.642
-0.63
-0.59
-0.555
-0.527
-0.478
-0.304
-0.301
-0.573
-0.482
-0.5
-0.473
-0.345
-0.491
-0.519
-0.485
-0.355
-0.445
-0.309
-0.541
-0.343
-0.175
-0.247
-0.121
-0.147
0.025
0.022
0.11
0.18
0.022
0.039
0.066
-0.006
-0.133
-0.154
-0.323
-0.306
-0.198
-0.421
-0.321
-0.526
-0.443
-0.346
-0.296
-0.492
-0.519
-0.527
-0.654
-0.699
-0.815
-0.885
-0.735
-0.829
-1.046
-0.865
-0.888
-0.765
-0.754
-0.73
-0.921
-0.976
-0.986
-0.96
-1.119
-1.096
-1.111
-1.137
-1.034
-0.875
-0.963
-1.139
-0.96
-0.811
-0.794
-0.606
-0.639
-0.579
-0.278
-0.12
-0.075
0.021
0.133
0.188
0.395
0.371
0.475
0.432
0.62
0.449
0.588
0.784
0.718
0.676
0.521
0.514
0.606
0.595
0.629
0.641
0.489
0.542
0.471
0.39
0.185
0.263
0.182
-0.034
0.033
-0.241
-0.38
-0.362
-0.36
-0.465
-0.48
-0.503
-0.294
-0.479
-0.425
-0.294
-0.471
-0.492
-0.531
-0.446
-0.564
-0.583
-0.495
-0.365
-0.26
-0.311
-0.133
-0.175
-0.034
0.122
0.199
0.338
0.357
0.415
0.234
0.258
0.206
0.261
0.357
0.45
0.539
0.57
0.719
0.631
0.65
0.551
0.471
0.424
0.72
0.814
0.784
0.905
1.238
1.205
1.245
1.186
1.073
1.045
1.038
0.638
0.556
0.366
0.394
0.211
-0.07
0.089
-0.168
-0.059
-0.086
-0.048
0.049
0.101
-0.009
0.101
0.114
0.239
0.279
0.42
0.445
0.598
0.542
0.691
0.703
0.745
0.999
1.171
1.261
1.321
1.479
1.13
0.978
1.074
0.93
0.797
0.896
0.731
0.854
0.95
0.691
0.709
0.396
0.193
0.031
-0.007
-0.188
-0.239
-0.311
-0.294
-0.481
-0.611
-0.599
-0.812
-0.583
-0.804
-0.9
-0.568
-0.65
-0.522
-0.566
-0.514
-0.416
-0.31
-0.276
-0.175
-0.028
-0.101
-0.079
0.084
0.163
0.069
0.182
0.08
0.273
0.396
0.354
0.403
0.441
0.547
0.601
0.61
0.473
0.576
0.531
0.56
0.604
0.664
0.728
0.848
0.951
0.811
0.755
0.811
0.869
0.981
0.895
0.945
0.87
0.624
0.628
0.529
0.475
0.596
0.609
0.624
0.511
0.65
0.413
0.527
0.578
0.614
0.703
0.688
0.589
0.677
0.741
0.514
0.608
0.729
0.93
0.955
0.998
1.005
0.91
0.989
0.894
1.049
0.965
0.941
0.739
0.756
0.749
0.667
0.564
0.672
0.665
0.728
0.75
1.035
0.894
0.807
0.624
0.554
0.53
0.61
0.536
0.647
0.417
0.275
0.307
0.309
0.092
0.23
0.443
0.41
0.386
0.415
0.169
0.154
0.2
0.177
0.537
0.671
0.797
0.659
0.546
0.454
0.128
0.3
0.026
-0.146
-0.22
-0.128
-0.131
0.028
0.326
0.286
0.333
0.275
0.275
0.286
0.19
0.331
0.371
0.357
0.315
0.32
0.416
0.378
0.75
0.524
0.554
0.706
0.88
0.684
0.775
0.782
0.723
0.915
0.896
1.111
0.936
1.008
0.922
0.95
0.911
1.232
0.9
1.025
0.938
0.985
0.865
0.804
0.751
0.818
0.619
0.828
0.791
0.709
0.721
0.728
0.83
0.691
0.595
0.681
0.698
0.591
0.57
0.481
0.365
0.405
0.14
0.251
0.228
0.385
0.319
0.195
0.188
0.149
-0.164
-0.601
-0.561
-0.517
-0.583
-0.636
-0.841
-0.735
-0.738
-0.781
-0.949
-1.039
-1.113
-1.225
-1.236
-1.261
-1.499
-1.47
-1.748
-1.796
-1.85
-1.811
-1.774
-1.965
-1.855
-1.963
-1.943
-1.788
-1.85
-1.464
-1.406
-1.376
-1.383
-1.321
-1.406
-1.282
-1.133
-1.292
-1.045
-0.849
-0.71
-0.583
-0.474
-0.471
-0.375
-0.32
-0.219
-0.01
0.03
0.131
0.238
0.422
0.135
0.111
0.154
0.185
0.176
0.309
0.444
0.244
0.206
0.0
-0.141
-0.219
-0.344
-0.233
-0.236
-0.11
-0.233
-0.176
-0.23
0.092
0.129
-0.191
0.473
0.321
0.398
0.376
0.256
0.225
0.231
0.235
0.261
0.413
0.315
0.359
0.255
0.131
-0.138
-0.35
-0.281
-0.615
-0.723
-0.512
-0.481
-0.44
-0.568
-0.53
-0.479
-0.085
-0.141
-0.214
-0.215
-0.409
-0.485
-0.605
-0.628
-0.655
-0.514
-0.439
-0.53
-0.383
-0.329
-0.171
-0.144
0.088
0.046
0.219
0.071
-0.065
-0.114
-0.114
-0.133
-0.223
-0.111
-0.094
-0.275
-0.306
-0.326
-0.44
-0.198
-0.422
-0.302
-0.11
-0.158
-0.094
-0.254
-0.103
-0.38
-0.211
-0.289
-0.2
-0.006
0.101
0.15
0.06
0.234
0.091
0.181
-0.09
0.096
-0.052
-0.281
-0.417
-0.549
-0.53
-0.504
-0.503
-0.694
-0.539
-0.603
-0.481
-0.386
-0.443
-0.253
-0.095
-0.271
-0.203
-0.494
-0.424
-0.694
-0.738
-0.53
-0.438
-0.479
-0.139
-0.119
-0.115
0.079
0.168
-0.01
0.101
0.171
0.211
0.292
0.226
0.177
0.088
-0.083
0.058
0.116
0.278
0.239
0.179
0.185
0.099
0.205
0.268
0.33
0.294
0.161
0.084
0.066
-0.026
-0.015
0.03
0.158
0.212
0.062
0.05
-0.006
-0.105
-0.152
-0.048
-0.019
-0.007
-0.009
0.081
0.034
-0.166
-0.119
-0.346
-0.297
-0.384
-0.286
-0.343
-0.524
-0.431
-0.595
-0.709
-0.645
-0.75
-0.552
-0.579
-0.549
-0.376
-0.361
-0.341
-0.169
-0.479
-0.436
-0.415
-0.474
-0.306
-0.401
-0.478
-0.4
-0.348
-0.134
-0.152
0.184
0.279
0.121
0.135
0.165
0.374
0.334
0.349
0.307
0.4
0.436
0.503
0.35
0.414
0.264
0.168
0.006
0.263
0.048
0.035
0.014
0.009
0.191
0.334
0.344
0.565
0.65
0.584
0.639
0.835
0.72
0.61
0.534
0.438
0.199
0.196
0.033
0.051
0.015
-0.316
-0.427
-0.659
-0.781
-0.794
-0.555
-0.708
-0.618
-0.694
-0.715
-0.638
-0.628
-0.478
-0.574
-0.409
-0.434
-0.286
-0.319
-0.47
-0.356
-0.305
-0.401
-0.341
-0.253
-0.357
-0.301
-0.091
-0.245
-0.369
-0.234
-0.08
0.044
0.069
0.367
0.665
0.82
1.001
0.924
1.049
0.809
0.973
1.068
1.155
1.177
1.145
1.195
1.114
1.14
1.005
0.99
0.858
0.57
0.446
0.378
0.38
0.235
0.181
-0.015
-0.219
-0.26
-0.163
-0.182
-0.304
-0.324
-0.399
-0.335
-0.556
-0.669
-0.624
-0.676
-0.662
-0.75
-0.623
-0.599
-0.409
-0.275
-0.319
-0.359
-0.242
-0.304
-0.451
-0.326
-0.18
-0.182
-0.101
0.005
0.135
0.174
0.194
0.051
0.079
0.156
0.14
0.146
0.21
0.081
0.23
0.311
0.506
0.738
0.556
0.487
0.331
0.221
0.276
0.114
0.083
-0.062
-0.055
-0.04
-0.139
-0.094
-0.181
-0.098
-0.016
-0.147
-0.098
-0.161
-0.208
-0.208
0.022
0.17
0.163
0.107
0.1
