0.677
0.729
0.719
0.69
0.625
0.6
0.649
0.603
0.525
0.445
0.485
0.5
0.499
0.42
0.482
0.234
0.341
0.255
0.45
0.384
0.394
0.341
0.21
0.098
0.004
0.106
0.055
-0.043
-0.205
-0.349
-0.284
-0.276
-0.288
-0.258
-0.311
-0.278
-0.281
-0.325
-0.201
-0.206
-0.171
0.006
0.026
0.064
0.028
0.121
0.145
0.088
0.1
0.114
0.101
0.13
0.205
0.254
0.236
0.321
0.276
0.323
0.285
0.263
0.193
0.126
0.048
-0.04
0.026
-0.201
-0.164
-0.185
-0.145
-0.135
-0.056
-0.035
-0.009
0.083
0.054
-0.018
0.103
0.099
0.231
0.234
0.176
0.238
0.231
0.209
0.221
0.258
0.196
0.245
0.297
0.285
0.432
0.639
0.675
0.689
0.562
0.49
0.6
0.482
0.482
0.511
0.413
0.448
0.521
0.43
0.435
0.417
0.449
0.6
0.532
0.431
0.485
0.541
0.466
0.343
0.589
0.431
0.486
0.39
0.541
0.522
0.444
0.489
0.459
0.276
0.143
0.264
0.333
0.256
0.281
0.134
0.077
0.149
0.046
0.115
0.126
0.212
0.285
0.309
0.389
0.422
0.425
0.406
0.559
0.555
0.546
0.511
0.43
0.25
0.138
-0.021
-0.191
-0.226
-0.28
-0.12
-0.26
-0.139
-0.151
-0.225
-0.279
-0.241
-0.147
-0.031
-0.136
-0.259
-0.159
-0.718
-0.482
-0.554
-0.399
-0.451
-0.446
-0.436
-0.436
-0.36
-0.324
-0.324
-0.239
-0.205
-0.095
-0.069
-0.125
-0.074
-0.135
-0.096
0.01
0.055
-0.001
-0.03
0.139
0.254
0.263
0.417
0.376
0.44
0.519
0.54
0.723
0.801
0.79
0.801
0.839
0.958
0.92
0.964
1.03
1.002
0.954
0.865
0.86
0.756
0.671
0.619
0.522
0.386
0.525
0.288
0.346
0.251
0.174
0.128
0.03
0.061
-0.059
-0.101
-0.033
-0.043
-0.043
-0.088
-0.031
0.08
0.319
0.051
0.134
-0.054
-0.091
-0.01
-0.009
-0.055
-0.02
0.005
0.083
0.095
0.11
0.138
0.184
0.065
0.119
0.048
0.09
0.161
0.184
0.239
0.22
0.206
0.173
0.165
0.208
0.169
0.269
0.195
-0.005
0.14
0.034
-0.014
0.147
-0.028
0.12
-0.066
0.092
0.005
-0.125
-0.165
-0.301
-0.256
-0.258
-0.361
-0.354
-0.631
-0.39
-0.352
-0.331
-0.242
-0.251
-0.11
-0.114
-0.076
-0.03
-0.158
0.019
0.046
0.122
0.14
0.052
0.036
0.058
0.043
-0.009
0.069
-0.111
0.045
0.105
0.184
0.255
0.261
0.325
0.281
0.343
0.453
0.492
0.299
0.203
0.214
0.231
0.159
0.43
0.435
0.55
0.634
0.688
0.557
0.481
0.39
0.511
0.406
0.475
0.435
0.395
0.408
0.401
0.28
0.176
0.255
-0.004
0.004
-0.044
-0.05
-0.166
-0.244
-0.221
-0.253
-0.285
-0.245
-0.339
-0.385
-0.37
-0.228
-0.04
-0.006
-0.016
0.098
-0.096
-0.074
-0.091
0.031
0.058
0.051
0.122
0.25
0.329
0.365
0.372
0.285
0.168
0.104
0.211
-0.062
-0.062
-0.125
-0.007
-0.019
-0.022
0.125
0.166
0.13
0.11
0.001
-0.065
-0.022
0.09
0.024
0.105
0.081
0.173
0.371
0.371
0.35
0.273
0.321
0.294
0.339
0.458
0.58
0.536
0.604
0.62
0.441
0.659
0.666
0.583
0.31
0.268
0.265
0.226
0.208
0.1
0.107
-0.014
-0.276
-0.328
-0.246
-0.189
-0.101
-0.016
0.079
0.326
0.15
0.29
0.147
0.12
0.006
0.136
0.071
-0.031
-0.109
-0.089
-0.17
-0.034
-0.041
0.025
0.128
0.113
0.059
0.159
0.125
0.058
0.27
0.22
0.174
0.13
0.181
0.149
0.103
-0.059
-0.122
0.051
0.037
0.021
0.046
0.188
0.075
0.113
0.198
0.189
0.151
0.465
0.311
0.211
0.274
0.104
0.274
-0.02
0.081
0.011
-0.25
0.058
-0.072
-0.14
-0.061
0.043
-0.037
-0.139
-0.069
0.021
0.091
0.145
0.235
0.261
0.199
0.235
0.343
0.281
0.23
0.367
0.346
0.324
0.32
0.356
0.379
0.279
0.253
0.107
0.239
0.344
0.326
0.409
0.4
0.473
0.516
0.366
0.455
0.324
0.426
0.201
0.247
0.26
0.274
0.151
-0.037
-0.141
-0.122
-0.016
0.026
-0.051
-0.25
-0.135
-0.217
-0.094
-0.085
-0.331
-0.214
-0.1
-0.138
-0.051
-0.084
0.08
0.15
0.195
0.378
0.195
0.181
0.159
0.109
0.064
0.007
0.219
0.174
0.163
0.077
0.006
0.04
0.061
0.165
0.106
0.133
0.168
0.029
-0.018
-0.085
-0.138
-0.281
-0.152
-0.061
-0.176
-0.184
-0.255
-0.344
-0.466
-0.601
-0.695
-0.823
-0.874
-0.922
-0.932
-1.04
-1.1
-1.065
-0.956
-0.838
-0.818
-0.774
-0.73
-0.718
-0.677
-0.735
-0.85
-0.799
-0.743
-0.566
-0.475
-0.655
-0.435
-0.444
-0.352
-0.294
-0.139
-0.107
0.011
0.149
0.16
0.269
0.312
0.253
0.255
0.193
0.318
0.406
0.455
0.503
0.654
0.574
0.654
0.605
0.721
0.855
0.636
0.645
0.573
0.719
0.48
0.589
0.604
0.657
0.776
0.578
0.815
0.594
0.684
0.675
0.539
0.375
0.12
0.166
0.009
0.031
0.121
0.026
0.028
-0.116
0.01
0.024
0.152
0.208
0.219
0.129
0.037
0.159
-0.145
-0.203
-0.256
-0.408
-0.354
-0.241
-0.228
-0.381
-0.335
-0.456
-0.535
-0.55
-0.556
-0.529
-0.403
-0.246
-0.378
-0.305
-0.219
0.031
0.014
-0.031
-0.006
-0.076
-0.077
0.098
0.007
-0.041
-0.19
0.075
0.07
0.154
0.155
0.278
0.305
0.214
0.274
0.016
0.199
0.25
0.49
0.559
0.274
0.346
0.297
0.453
0.326
0.361
0.349
0.371
0.164
0.079
0.165
0.096
0.143
0.074
-0.03
-0.129
-0.052
-0.241
-0.113
-0.186
-0.138
0.019
-0.171
-0.29
-0.304
-0.345
-0.349
-0.284
-0.39
-0.341
-0.551
-0.606
-0.698
-0.907
-0.958
-0.954
-0.736
-0.578
-0.595
-0.432
-0.495
-0.24
-0.195
0.066
0.086
0.258
0.264
0.409
0.115
0.2
0.198
0.241
0.375
0.374
0.44
0.361
0.489
0.411
0.526
0.408
0.482
0.484
0.57
0.55
0.53
0.541
0.431
0.506
0.565
0.517
0.274
0.242
0.16
-0.024
-0.001
0.036
0.049
0.091
0.095
0.052
-0.054
0.0
-0.013
-0.072
-0.124
-0.25
-0.044
0.021
0.081
-0.028
-0.061
-0.025
-0.144
-0.015
-0.065
-0.056
-0.281
-0.304
-0.235
-0.113
-0.1
0.025
0.152
0.059
0.055
0.006
-0.01
-0.144
-0.268
-0.2
-0.362
-0.339
-0.325
-0.223
-0.195
-0.396
-0.388
-0.44
-0.2
-0.098
-0.049
-0.129
-0.229
-0.205
-0.181
-0.355
-0.398
-0.434
-0.641
-0.45
-0.519
-0.408
-0.367
-0.475
-0.618
-0.586
-0.473
-0.294
-0.307
-0.24
-0.194
-0.111
-0.084
-0.141
-0.135
0.014
0.149
0.043
0.14
0.169
0.139
0.129
0.1
0.225
0.125
0.014
-0.011
0.125
0.134
0.015
0.055
0.043
0.15
0.176
0.321
0.256
0.391
0.336
0.199
0.224
0.15
0.066
0.239
0.258
0.314
0.088
0.096
0.23
0.171
0.241
0.242
0.131
0.104
0.11
0.147
0.09
0.033
0.189
0.094
0.203
0.128
0.191
0.208
0.115
0.182
0.045
-0.025
0.098
-0.054
-0.185
-0.256
-0.338
-0.324
-0.357
-0.247
-0.209
-0.018
-0.03
0.084
0.129
0.18
0.059
0.125
0.17
-0.015
-0.246
-0.264
-0.131
-0.14
0.013
-0.058
-0.12
0.037
0.18
0.089
0.098
0.186
0.241
0.329
0.331
0.281
0.184
0.271
0.135
0.062
0.079
0.211
0.136
0.069
0.069
0.062
0.058
0.045
-0.036
-0.2
-0.179
-0.357
-0.274
-0.346
-0.316
-0.288
-0.281
-0.416
-0.549
-0.47
-0.52
-0.366
-0.359
-0.396
-0.46
-0.473
-0.562
-0.492
-0.46
-0.65
-0.578
-0.542
-0.491
-0.408
-0.41
-0.176
-0.201
0.014
0.186
0.413
0.419
0.495
0.506
0.386
0.361
0.379
0.315
0.436
0.33
0.27
0.281
0.037
0.294
0.081
0.036
-0.011
-0.013
-0.065
-0.025
-0.135
-0.244
-0.198
-0.111
-0.135
-0.206
-0.229
-0.396
-0.381
-0.344
-0.226
-0.194
-0.253
-0.365
-0.54
-0.306
-0.469
-0.409
-0.214
-0.381
-0.26
-0.239
-0.147
-0.253
-0.09
-0.174
0.028
0.129
0.166
0.215
0.077
0.035
0.058
0.08
0.114
0.26
0.251
0.165
0.28
0.113
0.234
0.309
0.23
0.161
0.155
-0.006
0.094
-0.099
-0.074
-0.212
-0.111
0.055
0.16
0.214
0.203
0.184
0.159
0.128
0.056
0.034
-0.074
-0.07
0.015
0.242
0.215
0.165
0.212
0.113
0.211
0.037
0.184
0.031
-0.051
-0.04
-0.225
-0.119
-0.169
-0.42
-0.463
-0.475
-0.519
-0.529
-0.512
-0.339
-0.266
-0.22
-0.139
-0.114
-0.08
-0.1
-0.188
-0.17
-0.245
0.193
0.184
0.125
0.26
0.221
0.319
0.485
0.429
0.546
0.55
0.489
0.485
0.599
0.506
0.51
0.406
0.383
0.44
0.388
0.512
0.404
0.348
0.091
0.016
0.056
0.061
0.169
0.134
0.028
-0.094
-0.006
-0.056
-0.091
0.084
-0.107
-0.026
0.039
-0.201
-0.143
0.114
0.061
0.015
0.02
-0.01
0.062
-0.031
0.165
0.071
0.116
0.264
0.181
-0.015
0.031
0.029
0.128
0.064
0.044
0.106
0.231
0.238
0.455
0.344
0.481
0.544
0.451
0.385
0.369
0.159
-0.08
-0.165
-0.302
-0.439
-0.503
-0.485
-0.664
-0.565
-0.501
-0.565
-0.551
-0.689
-0.636
-0.736
-0.919
-0.878
-0.93
-0.969
-0.974
-0.948
-0.965
-1.028
-0.955
-0.891
-0.787
-0.603
-0.649
-0.486
-0.508
-0.441
-0.516
-0.46
-0.384
-0.326
-0.269
-0.236
-0.231
-0.133
-0.095
-0.136
-0.01
0.122
0.21
0.106
0.29
0.296
0.23
0.338
0.367
0.273
0.247
0.468
0.589
0.535
0.565
0.723
0.672
0.749
0.557
0.576
0.343
0.098
0.089
0.146
-0.121
0.085
0.263
0.079
0.092
0.203
0.088
0.326
0.034
0.021
-0.1
-0.094
-0.164
-0.121
-0.234
-0.191
-0.194
-0.21
-0.214
-0.434
-0.364
-0.273
-0.144
-0.025
-0.094
-0.16
-0.089
0.013
0.186
0.095
0.062
0.154
0.083
0.1
0.25
0.223
0.23
0.247
0.291
0.307
0.345
0.276
0.214
0.292
0.242
0.27
0.122
0.439
0.535
0.508
0.326
0.311
0.286
0.475
0.486
0.113
-0.011
0.0
0.109
0.179
0.01
0.003
-0.13
-0.231
-0.234
-0.28
-0.494
-0.534
-0.294
-0.596
-0.357
-0.5
-0.49
-0.435
-0.559
-0.495
-0.55
-0.585
-0.534
-0.516
-0.378
-0.525
-0.506
-0.581
-0.497
-0.49
-0.608
-0.458
-0.479
-0.276
-0.314
-0.297
-0.24
-0.176
-0.334
-0.364
-0.362
-0.23
-0.253
-0.335
-0.343
-0.143
-0.144
-0.158
-0.113
0.0
-0.143
0.115
0.071
0.258
0.212
0.221
0.229
0.151
0.049
0.02
-0.072
0.154
0.115
-0.17
-0.058
-0.04
-0.175
-0.058
0.029
0.048
0.085
0.029
0.256
0.128
0.111
-0.079
-0.113
-0.014
-0.151
-0.211
-0.206
-0.256
-0.225
-0.36
-0.269
-0.331
-0.206
-0.186
-0.171
-0.184
-0.154
-0.369
-0.41
-0.069
-0.15
-0.158
-0.311
-0.264
-0.177
-0.296
-0.21
-0.422
-0.375
-0.383
-0.474
-0.463
-0.355
-0.228
-0.372
-0.334
-0.314
-0.37
-0.286
-0.393
-0.352
-0.325
-0.145
-0.245
-0.139
0.005
0.06
0.105
-0.028
0.119
0.015
0.006
0.055
0.005
0.113
0.092
0.2
0.126
0.201
0.238
0.217
0.205
0.221
0.283
0.311
0.306
0.383
0.357
0.145
0.194
0.164
0.191
0.285
0.084
0.084
0.083
0.037
0.06
0.011
-0.072
-0.135
-0.158
-0.304
-0.425
-0.372
-0.364
-0.49
-0.331
-0.234
-0.348
-0.292
-0.209
-0.316
-0.234
-0.113
-0.079
-0.085
-0.046
0.04
0.058
0.131
0.095
0.234
0.133
0.059
0.107
0.174
0.228
0.279
0.333
0.378
0.312
0.369
0.249
0.121
0.18
0.086
0.059
0.115
0.026
-0.04
-0.085
-0.165
-0.229
-0.234
-0.283
-0.149
-0.139
-0.166
-0.1
-0.14
-0.021
-0.006
-0.028
0.048
-0.048
-0.129
-0.119
0.056
-0.036
-0.184
-0.105
-0.253
-0.135
-0.356
-0.369
-0.411
-0.432
-0.623
-0.588
-0.501
-0.568
-0.599
-0.621
-0.647
-0.49
-0.434
-0.405
-0.372
-0.326
-0.312
-0.372
-0.141
-0.12
-0.113
-0.135
0.061
0.025
0.105
-0.02
-0.09
-0.018
-0.126
0.052
0.07
-0.025
0.02
-0.136
0.071
-0.001
0.004
0.025
-0.035
-0.031
-0.088
-0.079
-0.004
0.11
0.231
0.07
0.175
0.041
0.039
0.025
-0.045
0.046
0.116
0.003
0.065
0.128
0.118
0.24
0.229
0.203
0.161
0.079
0.245
0.194
0.255
0.235
0.182
0.265
0.29
0.208
0.005
-0.02
-0.079
-0.043
-0.199
-0.014
-0.051
-0.214
-0.235
-0.276
-0.323
-0.205
-0.265
-0.306
-0.345
-0.389
-0.454
-0.485
-0.497
-0.623
-0.948
-0.644
-0.76
-0.9
-0.745
-0.936
-0.891
-0.966
-0.776
-0.669
-0.662
-0.66
-0.695
-0.623
-0.703
-0.496
-0.448
-0.439
-0.356
-0.372
-0.331
-0.315
-0.214
-0.279
-0.175
-0.134
0.036
0.049
0.077
0.037
0.086
0.091
0.058
0.145
0.134
0.095
0.16
0.186
0.173
0.324
0.325
0.372
0.43
0.42
0.417
0.411
0.383
0.273
0.275
0.311
0.037
0.044
0.043
0.08
0.175
-0.089
-0.072
-0.098
-0.105
-0.099
-0.145
-0.12
-0.141
-0.217
-0.143
-0.185
-0.141
-0.144
-0.054
-0.154
-0.14
-0.014
-0.146
-0.144
-0.061
-0.05
0.015
0.083
-0.056
-0.006
-0.041
0.058
0.109
0.145
0.084
0.124
0.039
0.009
0.05
0.154
0.09
0.131
0.27
0.163
0.209
0.049
0.105
0.23
0.216
0.154
-0.004
0.043
-0.086
0.04
0.1
-0.051
-0.028
-0.02
0.019
-0.005
0.007
-0.054
-0.025
-0.111
-0.071
-0.05
-0.039
-0.015
0.025
0.036
0.104
0.124
0.182
0.229
0.166
0.16
0.168
0.205
0.193
0.165
0.141
0.214
0.283
0.31
0.335
0.314
0.379
0.415
0.406
0.487
0.478
0.42
0.286
0.209
0.177
0.184
0.145
0.122
0.066
-0.007
-0.003
0.059
0.06
-0.055
0.096
-0.079
-0.138
-0.113
-0.105
-0.234
-0.134
-0.279
-0.169
-0.149
-0.206
-0.182
-0.23
-0.161
-0.188
-0.181
-0.103
-0.18
-0.072
-0.111
-0.077
-0.171
-0.083
-0.049
-0.039
-0.018
-0.021
0.051
-0.015
-0.048
0.125
-0.01
0.0
0.075
0.104
0.151
0.094
0.118
0.166
0.134
0.111
0.029
0.085
0.075
0.165
0.009
-0.01
0.071
0.048
0.006
0.121
0.014
0.026
0.026
0.114
0.081
0.1
0.02
-0.018
0.077
0.015
-0.064
0.028
-0.022
-0.028
-0.216
-0.271
-0.17
-0.129
-0.229
-0.193
-0.219
-0.339
-0.083
-0.214
-0.19
-0.276
-0.22
-0.12
-0.184
-0.175
-0.306
-0.31
-0.133
-0.241
-0.086
-0.201
-0.168
-0.246
-0.281
-0.291
-0.319
-0.258
-0.299
-0.366
-0.393
-0.438
-0.343
-0.265
-0.245
-0.098
-0.217
-0.177
-0.154
-0.128
-0.089
-0.104
0.011
-0.007
0.019
0.081
-0.024
0.018
-0.037
0.095
0.045
0.007
0.035
0.109
0.169
0.143
0.066
0.155
0.155
0.161
0.089
0.24
0.066
0.247
0.175
-0.024
0.033
0.077
0.092
0.054
0.041
-0.014
0.079
0.121
0.12
0.188
0.26
0.242
0.225
0.406
0.173
0.169
0.098
0.147
0.156
0.314
0.195
0.214
0.247
0.285
0.286
0.325
0.22
0.233
0.341
0.385
0.115
0.469
0.468
0.408
0.534
0.455
0.46
0.487
0.475
0.526
0.54
0.679
0.71
0.736
0.829
0.784
0.865
0.878
0.873
0.896
0.994
0.936
1.073
1.069
0.973
0.934
0.986
0.949
0.927
0.864
0.886
0.907
0.844
0.781
0.691
0.724
0.657
0.651
0.534
0.639
0.344
0.419
0.289
0.344
0.214
0.238
0.075
0.13
0.281
0.2
0.302
0.169
0.341
0.249
0.155
0.126
0.128
0.011
0.03
-0.052
0.11
0.14
0.265
0.279
0.388
0.301
0.324
0.124
0.152
0.174
0.135
0.319
0.254
0.409
0.33
0.361
0.352
0.335
0.371
0.385
0.608
0.55
0.53
0.555
0.585
0.486
0.335
0.383
0.365
0.394
0.049
0.226
0.304
0.419
0.482
0.403
0.555
0.386
0.448
0.292
0.341
0.427
0.291
0.223
0.147
0.034
-0.088
0.034
-0.143
-0.281
-0.22
-0.239
-0.345
-0.323
-0.139
-0.054
-0.094
-0.036
-0.005
0.135
0.226
0.279
0.434
0.454
0.556
0.584
0.614
0.511
0.487
0.604
0.606
0.649
0.596
0.677
0.623
0.623
0.51
0.569
0.559
0.609
0.292
0.3
0.431
0.126
0.229
0.107
0.244
0.32
0.175
0.224
0.254
0.171
0.271
0.258
0.321
0.359
0.435
0.359
0.491
0.459
0.529
0.549
0.66
0.647
0.461
0.408
0.399
0.494
0.555
0.588
0.554
0.367
0.445
0.235
0.271
0.24
0.334
0.205
0.326
0.224
0.221
0.316
0.344
0.179
0.333
0.37
0.38
0.32
0.228
0.231
-0.084
-0.035
-0.103
-0.098
-0.179
-0.275
-0.234
-0.212
-0.211
-0.362
-0.331
-0.354
-0.396
-0.438
-0.4
-0.439
-0.512
-0.56
-0.522
-0.721
-0.711
-0.836
-0.858
-0.741
-0.677
-0.57
-0.289
-0.299
-0.245
-0.174
-0.2
-0.116
-0.124
-0.191
-0.116
0.048
0.299
0.291
0.401
0.441
0.333
0.235
0.357
0.501
0.408
0.48
0.383
0.329
0.328
0.474
0.125
0.139
0.229
0.362
0.389
0.422
0.381
0.365
0.323
0.266
0.289
0.249
0.487
0.551
0.511
0.569
0.729
0.739
0.719
0.741
0.873
0.935
1.0
1.04
1.27
1.2
1.286
1.252
1.188
1.305
1.215
1.189
1.026
0.834
0.655
0.536
0.549
0.453
0.371
0.22
0.049
-0.091
-0.116
-0.145
-0.256
-0.283
-0.274
-0.099
-0.549
-0.295
-0.654
-0.53
-0.579
-0.576
-0.674
-0.818
-0.725
-0.73
-0.836
-0.851
-0.738
-0.666
-0.573
-0.635
-0.65
-0.58
-0.532
-0.586
-0.7
-0.694
-0.805
-0.858
-0.61
-0.771
-0.818
-0.626
-0.59
-0.486
-0.46
-0.341
-0.233
-0.234
-0.238
-0.456
-0.28
-0.291
-0.211
-0.092
-0.181
-0.138
-0.255
-0.25
-0.217
-0.306
-0.225
-0.206
-0.141
-0.205
-0.086
0.118
0.06
0.13
0.114
0.253
0.216
0.075
0.175
0.049
0.048
0.055
0.035
0.226
0.186
0.359
0.26
0.151
0.152
0.245
0.264
0.312
0.396
0.509
0.448
0.461
0.364
0.45
0.593
0.581
0.594
0.621
0.413
0.343
0.426
0.444
0.492
0.5
0.485
0.449
0.451
0.421
0.259
0.26
0.359
0.147
0.323
0.234
0.034
0.241
0.077
0.175
-0.025
0.098
0.025
-0.033
-0.169
-0.242
-0.223
-0.247
-0.475
-0.376
-0.315
-0.245
-0.029
-0.164
-0.182
-0.007
-0.08
-0.055
-0.155
-0.133
-0.164
-0.129
-0.143
-0.135
-0.133
-0.367
-0.269
-0.524
-0.324
-0.449
-0.652
-0.57
-0.708
-0.593
-0.46
-0.291
-0.278
-0.236
-0.245
-0.109
-0.219
-0.219
-0.077
-0.088
-0.013
0.095
0.099
0.189
-0.02
0.181
0.035
0.16
0.104
0.106
-0.037
0.021
-0.113
0.014
0.106
0.163
0.292
0.478
0.598
0.406
0.299
0.18
0.064
0.179
0.179
0.048
0.06
0.17
0.22
0.182
0.079
0.098
0.19
0.144
0.27
0.25
0.247
0.131
0.129
0.31
0.185
0.166
0.095
0.061
0.071
0.098
0.188
0.344
0.356
0.401
0.285
0.173
0.126
0.144
0.104
0.115
-0.251
-0.147
-0.083
-0.072
-0.111
-0.169
-0.176
-0.241
-0.131
-0.018
-0.034
0.17
0.15
0.32
0.421
0.459
0.424
0.425
0.566
0.451
0.378
0.288
0.305
0.17
0.156
0.104
0.125
0.188
-0.004
-0.084
-0.044
-0.064
0.105
0.099
-0.034
0.114
0.043
0.049
-0.058
-0.169
-0.291
-0.235
-0.186
-0.367
-0.448
-0.482
-0.524
-0.604
-0.779
-0.674
-0.856
-0.744
-0.819
-0.974
-0.905
-0.938
-0.986
-0.799
-0.78
-0.836
-0.98
-0.825
-0.662
-0.693
-0.656
-0.51
-0.546
-0.383
-0.547
-0.505
-0.514
-0.521
-0.465
-0.417
-0.4
-0.343
-0.211
-0.212
-0.271
-0.275
-0.129
-0.05
-0.147
-0.046
-0.261
-0.235
-0.191
-0.245
-0.39
-0.398
-0.446
-0.429
-0.365
-0.356
-0.381
-0.286
-0.16
-0.211
-0.354
-0.296
-0.575
-0.434
-0.614
-0.608
-0.628
-0.458
-0.546
-0.399
-0.479
-0.461
-0.265
-0.27
-0.191
-0.261
-0.51
-0.378
-0.401
-0.295
-0.381
-0.388
-0.326
-0.238
-0.125
-0.089
-0.105
0.069
0.416
0.421
0.269
-0.001
-0.054
-0.071
-0.059
0.136
