0.241
0.249
0.196
0.245
0.203
0.413
0.383
0.38
0.249
0.195
0.224
0.235
0.28
0.411
0.432
0.547
0.598
0.581
0.514
0.463
0.679
0.659
0.705
0.834
0.844
0.779
0.763
0.885
1.042
1.163
1.339
1.438
1.6
1.66
1.73
1.655
1.831
1.761
1.623
1.613
1.619
1.538
1.444
1.359
1.274
1.321
1.614
1.445
1.29
0.943
0.87
0.876
0.761
0.508
0.438
0.416
0.574
0.686
0.626
0.455
0.275
0.191
-0.045
-0.156
-0.41
-0.278
-0.301
-0.542
-0.49
-0.547
-0.326
-0.224
-0.168
0.009
0.208
0.106
-0.071
0.225
0.273
0.114
0.001
0.013
0.089
0.036
0.09
0.089
0.044
0.135
0.166
0.288
0.421
0.309
0.268
0.18
0.335
0.25
0.326
0.286
0.319
0.446
0.341
0.449
0.355
0.344
0.164
0.333
0.312
0.103
-0.025
-0.217
-0.184
-0.166
-0.106
-0.045
0.0
0.158
0.265
0.086
0.228
0.091
0.1
0.305
0.275
0.024
0.044
0.194
0.29
0.226
0.255
0.181
0.285
0.2
0.269
0.319
0.139
0.131
0.151
0.191
0.16
0.194
0.124
0.088
-0.055
-0.104
-0.129
-0.129
-0.28
-0.163
0.005
0.083
0.085
0.089
0.118
-0.016
0.098
0.111
-0.031
0.004
-0.169
-0.17
-0.279
-0.403
-0.59
-0.55
-0.755
-0.979
-0.67
-0.795
-1.04
-0.738
-0.865
-1.073
-0.983
-1.018
-0.922
-0.871
-0.74
-0.649
-0.395
-0.515
-0.375
-0.519
-0.439
-0.455
-0.506
-0.739
-0.696
-0.699
-0.682
-0.642
-0.535
-0.366
-0.454
-0.307
-0.296
-0.229
0.004
0.024
0.151
0.304
0.352
0.453
0.542
0.66
0.494
0.703
0.716
0.834
0.806
0.851
0.744
0.909
0.955
1.038
1.009
0.856
0.844
0.753
0.6
0.581
0.484
0.4
0.47
0.445
0.21
0.054
0.138
0.161
0.052
-0.036
-0.179
-0.105
-0.149
-0.256
-0.245
-0.508
-0.551
-0.482
-0.411
-0.271
-0.198
-0.288
-0.295
-0.346
-0.499
-0.608
-0.386
-0.345
-0.15
-0.195
-0.312
-0.191
-0.076
-0.121
-0.024
-0.039
-0.049
-0.111
0.004
-0.081
0.069
0.065
0.007
0.003
-0.133
-0.159
-0.246
-0.231
-0.684
-0.709
-0.616
-0.55
-0.611
-0.534
-0.53
-0.417
-0.304
-0.411
-0.29
-0.211
-0.323
-0.29
-0.49
-0.454
-0.384
-0.226
-0.111
-0.212
-0.169
-0.245
-0.075
-0.367
-0.244
-0.27
-0.149
-0.184
0.07
0.154
0.089
0.198
0.394
0.691
0.581
0.701
0.699
0.691
0.67
0.628
0.499
0.479
0.375
0.278
0.355
0.185
0.354
0.217
0.426
0.191
0.122
-0.06
-0.024
0.219
-0.059
-0.151
-0.101
-0.124
-0.076
-0.253
-0.378
-0.273
-0.356
-0.439
-0.623
-0.66
-0.729
-0.833
-0.824
-0.81
-0.772
-0.628
-0.482
-0.578
-0.576
-0.414
-0.305
-0.485
-0.389
-0.475
-0.69
-0.759
-0.7
-0.634
-0.588
-0.486
-0.321
-0.296
-0.33
-0.29
-0.147
-0.176
0.019
0.19
0.149
0.276
0.061
0.144
0.16
-0.13
-0.135
-0.194
-0.14
0.024
0.081
0.199
0.398
0.436
0.436
0.471
0.425
0.338
0.334
0.422
0.506
0.508
0.456
0.312
0.378
0.228
0.115
0.054
-0.009
-0.107
-0.195
-0.333
-0.291
-0.38
-0.4
-0.44
-0.484
-0.48
-0.535
-0.537
-0.633
-0.551
-0.695
-0.633
-0.562
-0.565
-0.585
-0.499
-0.188
-0.006
-0.049
0.044
-0.03
-0.144
0.15
0.151
0.144
0.196
0.338
0.244
0.103
0.141
0.054
0.143
0.062
0.051
0.024
0.276
0.275
0.173
0.224
0.11
0.139
0.095
0.051
0.105
0.091
0.129
-0.101
-0.107
-0.208
-0.256
-0.413
-0.444
-0.468
-0.534
-0.544
-0.594
-0.631
-0.91
-1.014
-1.025
-0.894
-0.927
-0.829
-0.901
-0.996
-0.881
-0.938
-0.856
-0.724
-0.84
-0.83
-0.73
-0.546
-0.535
-0.628
-0.468
-0.47
-0.394
-0.511
-0.525
-0.49
-0.512
-0.417
-0.618
-0.529
-0.517
-0.403
-0.468
-0.517
-0.459
-0.504
-0.439
-0.588
-0.506
-0.321
-0.36
-0.186
-0.289
-0.321
-0.453
-0.346
-0.263
-0.306
-0.328
-0.311
-0.219
-0.126
-0.182
-0.249
-0.312
-0.19
-0.161
-0.246
-0.21
-0.185
-0.045
-0.107
0.029
0.098
0.022
0.1
0.01
0.195
0.128
0.35
0.141
0.138
-0.036
0.02
-0.171
-0.185
-0.256
-0.044
-0.09
0.025
0.004
0.08
0.001
0.077
0.04
0.27
0.326
0.438
0.497
0.547
0.482
0.605
0.603
0.589
0.551
0.672
0.672
0.426
0.26
0.225
0.306
0.19
0.015
-0.065
-0.109
-0.179
-0.164
-0.066
-0.217
-0.297
-0.459
-0.435
-0.512
-0.594
-0.575
-0.596
-0.649
-0.497
-0.484
-0.438
-0.566
-0.562
-0.46
-0.51
-0.444
-0.469
-0.259
-0.199
-0.098
-0.103
-0.25
-0.136
-0.379
-0.201
-0.191
0.055
0.085
0.044
0.043
-0.022
0.246
0.146
0.161
0.122
0.229
0.225
0.25
0.289
0.199
0.131
0.09
-0.029
-0.18
-0.242
-0.301
-0.263
-0.049
-0.195
-0.11
-0.028
-0.133
-0.14
-0.131
-0.273
-0.075
-0.048
-0.176
0.111
0.036
0.118
0.001
-0.143
-0.254
-0.296
-0.641
-0.614
-0.512
-0.628
-0.605
-0.527
-0.499
-0.393
-0.39
-0.356
-0.419
-0.564
-0.406
-0.362
-0.269
-0.208
-0.212
-0.23
-0.244
-0.415
-0.609
-0.596
-0.818
-0.661
-0.601
-0.646
-0.569
-0.49
-0.471
-0.603
-0.559
-0.591
-0.501
-0.646
-0.556
-0.589
-0.444
-0.464
-0.55
-0.389
-0.409
-0.331
-0.39
-0.126
-0.233
-0.164
-0.029
-0.08
0.054
0.076
-0.009
-0.034
-0.064
0.052
-0.006
0.072
0.158
0.11
0.39
0.466
0.606
0.616
0.564
0.64
0.662
0.534
0.478
0.535
0.408
0.463
0.38
0.278
0.441
0.318
0.296
0.41
0.256
0.21
0.245
0.255
0.233
0.205
0.203
0.029
0.124
0.14
0.107
0.242
0.221
0.254
0.365
0.386
0.323
0.579
0.375
0.381
0.302
0.459
0.398
0.372
0.331
0.426
0.534
0.537
0.492
0.36
0.254
0.217
0.209
0.159
0.13
0.07
0.109
0.07
0.006
-0.052
0.01
0.106
0.249
0.284
0.154
0.075
0.071
-0.095
0.116
0.01
-0.109
-0.233
-0.236
-0.324
-0.107
-0.362
-0.184
-0.206
-0.216
-0.221
-0.295
-0.144
-0.22
-0.146
-0.096
-0.055
-0.195
0.08
-0.116
-0.096
-0.045
0.064
0.154
0.079
0.188
0.341
0.378
0.479
0.506
0.455
0.415
0.514
0.451
0.562
0.519
0.238
0.265
0.096
0.274
0.156
0.149
0.242
0.261
0.234
0.299
0.174
0.058
0.044
-0.161
-0.056
-0.133
-0.158
-0.325
-0.291
-0.463
-0.361
-0.38
-0.244
-0.399
-0.311
-0.302
-0.384
-0.284
-0.283
-0.177
-0.135
-0.201
0.104
-0.09
-0.136
-0.116
-0.386
-0.21
-0.448
-0.284
-0.276
-0.07
-0.056
-0.045
0.113
-0.074
-0.039
-0.054
-0.205
-0.133
-0.286
-0.266
-0.336
-0.378
-0.309
-0.196
-0.169
-0.105
-0.152
-0.214
-0.05
-0.025
0.052
-0.092
0.04
-0.217
-0.156
-0.054
-0.15
-0.184
-0.043
0.037
-0.015
0.092
0.096
0.13
0.134
0.136
0.19
-0.022
0.076
-0.088
-0.064
-0.268
-0.122
-0.013
-0.011
-0.056
-0.146
-0.037
-0.045
-0.326
-0.238
-0.276
-0.236
-0.128
-0.16
-0.024
-0.071
-0.034
-0.066
-0.016
0.025
-0.095
-0.028
-0.309
0.056
0.134
0.216
0.269
0.22
0.27
0.385
0.591
0.631
0.792
0.669
0.921
0.781
0.879
0.744
0.555
0.66
0.595
0.596
0.693
0.701
0.552
0.505
0.279
0.32
0.225
0.321
0.118
0.134
0.209
0.101
-0.113
-0.079
0.15
0.07
0.188
0.156
0.28
0.171
0.176
0.175
0.124
0.026
-0.026
-0.015
0.014
0.071
0.11
0.11
0.101
0.259
0.05
-0.011
-0.036
-0.18
-0.302
-0.095
-0.304
-0.367
-0.251
-0.17
-0.31
-0.343
-0.47
-0.49
-0.478
-0.596
-0.506
-0.43
-0.52
-0.672
-0.417
-0.649
-0.588
-0.652
-0.616
-0.415
-0.729
-0.599
-0.562
-0.517
-0.36
-0.325
-0.212
-0.326
-0.124
-0.125
-0.281
-0.253
-0.375
-0.177
-0.195
-0.034
-0.23
-0.233
-0.077
-0.069
-0.083
-0.134
0.015
-0.071
-0.088
-0.01
-0.028
0.045
0.296
0.145
0.326
0.351
0.295
0.386
0.583
0.367
0.481
0.565
0.547
0.564
0.514
0.486
0.33
0.314
0.279
0.261
0.173
0.025
0.036
0.161
-0.134
-0.196
-0.028
-0.084
-0.2
-0.113
-0.061
-0.095
-0.084
-0.024
-0.049
0.031
0.001
0.034
-0.029
-0.005
0.059
0.029
-0.034
0.136
0.15
0.031
0.004
0.075
-0.05
-0.072
0.217
0.233
0.264
0.275
0.225
0.425
0.242
0.278
0.413
0.588
0.362
0.375
0.547
0.404
0.57
0.522
0.638
0.623
0.781
0.569
0.716
0.715
0.624
0.984
0.736
0.869
0.7
0.809
0.781
0.772
0.934
1.035
1.084
1.285
1.211
1.114
1.245
1.261
1.387
1.43
1.336
1.665
1.819
1.865
1.975
1.978
1.988
2.033
2.0
1.931
2.009
2.05
2.131
1.824
2.234
2.189
2.345
2.45
2.375
2.431
2.435
2.434
2.405
2.536
2.416
2.507
2.303
2.504
2.249
1.98
2.135
1.975
1.956
2.019
1.849
1.83
1.713
1.838
1.681
1.599
1.505
1.479
1.387
1.28
1.137
1.146
1.123
1.143
1.046
0.88
0.749
0.565
0.509
0.409
0.578
0.764
0.736
0.76
0.795
0.811
0.749
0.65
0.588
0.399
0.312
0.175
0.051
0.131
0.32
0.045
-0.247
-0.121
-0.201
-0.301
-0.429
-0.405
-0.571
-0.599
-0.549
-0.586
-0.435
-0.354
-0.471
-0.269
-0.66
-0.562
-0.45
-0.32
-0.482
-0.458
-0.403
-0.288
-0.029
-0.022
-0.074
0.081
0.06
0.286
0.291
0.367
0.57
0.628
0.87
0.816
0.853
0.766
0.906
0.824
0.938
0.896
0.666
0.88
0.86
0.807
1.021
1.035
1.159
1.146
1.198
1.066
1.18
1.05
1.081
0.838
0.623
0.546
0.46
0.134
0.004
-0.346
-0.495
-0.674
-0.655
-0.638
-0.83
-0.716
-0.911
-0.868
-0.667
-0.916
-0.766
-0.667
-0.795
-0.738
-0.895
-0.955
-0.891
-0.916
-0.841
-0.893
-0.865
-0.98
-0.746
-0.785
-0.695
-0.835
-0.756
-0.749
-0.736
-0.589
-0.781
-0.785
-0.792
-0.915
-0.729
-0.556
-0.297
-0.166
-0.091
0.04
0.044
0.066
0.163
0.356
0.36
0.46
0.549
0.508
0.578
0.509
0.386
0.401
0.104
0.074
-0.159
-0.194
-0.406
-0.312
-0.251
-0.351
-0.555
-0.487
-0.566
-0.614
-0.605
-0.706
-0.485
-0.464
-0.522
-0.571
-0.578
-0.473
-0.536
-0.296
-0.265
-0.188
-0.251
-0.4
-0.478
-0.486
-0.348
-0.223
-0.274
-0.355
-0.681
-0.399
-0.583
-0.49
-0.615
-0.571
-0.569
-0.636
-0.484
-0.59
-0.774
-0.824
-0.761
-0.791
-0.7
-0.599
-0.546
-0.413
-0.519
-0.231
-0.499
-0.297
-0.365
-0.463
-0.417
-0.324
-0.296
-0.369
-0.253
-0.299
-0.366
-0.471
-0.355
-0.449
-0.505
-0.37
-0.388
-0.51
-0.616
-0.599
-0.649
-0.539
-0.338
-0.261
-0.271
-0.509
-0.409
-0.448
-0.41
-0.321
-0.411
-0.388
-0.366
-0.471
-0.497
-0.785
-0.765
-0.735
-0.776
-0.749
-0.751
-0.583
-0.666
-0.695
-0.706
-0.711
-0.56
-0.63
-0.517
-0.334
-0.36
-0.246
-0.173
-0.175
-0.059
0.055
0.029
0.315
0.105
0.147
0.147
0.32
0.348
0.482
0.459
0.351
0.299
0.208
0.341
0.219
0.372
0.326
0.527
0.444
0.229
0.41
0.306
0.056
0.122
-0.121
-0.084
-0.156
0.022
-0.049
0.094
0.139
-0.054
-0.225
-0.403
-0.505
-0.421
-0.647
-0.605
-0.724
-0.912
-0.971
-1.232
-1.224
-1.279
-1.03
-1.059
-1.213
-1.262
-1.343
-1.579
-1.481
-1.278
-1.357
-1.262
-1.117
-1.116
-1.325
-1.193
-1.234
-1.208
-1.097
-0.975
-0.953
-0.873
-1.029
-0.951
-0.975
-1.018
-1.009
-1.022
-1.032
-1.116
-0.915
-0.939
-0.787
-0.581
-0.594
-0.328
-0.205
-0.064
0.11
0.174
0.258
0.176
0.176
0.034
-0.041
-0.261
-0.296
-0.266
-0.362
-0.409
-0.444
-0.391
-0.449
-0.432
-0.665
-0.714
-0.583
-0.444
-0.473
-0.596
-0.601
-0.63
-0.636
-0.547
-0.414
-0.045
-0.11
-0.219
-0.156
-0.3
-0.278
-0.27
-0.265
-0.033
-0.099
0.029
-0.126
-0.263
-0.122
0.125
0.219
0.168
0.12
0.045
0.245
0.205
0.289
0.281
0.321
0.362
0.517
0.508
0.562
0.501
0.464
0.432
0.39
0.345
0.177
0.181
0.214
0.189
0.291
0.33
0.413
0.482
0.581
0.506
0.529
0.633
0.646
0.379
0.469
0.445
0.421
0.565
0.503
0.352
0.436
0.466
0.379
0.626
0.605
0.659
0.724
0.734
0.618
0.657
0.517
0.52
0.351
0.329
0.194
0.158
0.165
0.126
0.16
0.083
0.061
-0.135
-0.17
-0.106
-0.036
0.007
0.075
-0.016
-0.039
-0.051
-0.161
-0.101
-0.055
-0.356
-0.321
-0.24
-0.263
-0.121
-0.104
-0.163
-0.228
-0.266
-0.259
-0.275
-0.324
-0.295
-0.292
-0.33
-0.193
-0.285
-0.26
-0.274
-0.219
-0.043
-0.234
-0.163
-0.265
-0.27
-0.264
-0.245
-0.09
0.01
0.118
-0.029
0.07
0.04
0.056
0.161
0.18
0.176
0.161
0.209
0.386
0.335
0.217
0.151
0.111
0.289
0.244
0.291
0.306
0.345
0.37
0.296
0.39
0.231
-0.009
-0.12
0.079
0.154
0.143
0.098
0.098
0.119
-0.034
-0.049
-0.16
-0.199
-0.045
-0.094
-0.238
0.048
0.014
0.054
0.128
0.048
0.177
0.061
0.236
0.283
0.266
0.149
0.09
0.17
0.122
0.007
-0.16
-0.163
-0.009
0.052
-0.052
0.056
-0.01
0.01
0.021
0.23
-0.05
-0.109
-0.271
-0.22
-0.201
-0.001
-0.084
-0.2
-0.29
-0.448
-0.512
-0.618
-0.464
-0.496
-0.662
-0.651
-0.775
-0.754
-0.875
-0.998
-0.869
-0.771
-0.777
-0.886
-0.845
-1.07
-1.094
-1.1
-0.949
-0.951
-0.869
-0.633
-0.897
-0.47
-0.509
-0.519
-0.246
0.001
0.158
0.241
0.356
0.351
0.289
0.221
0.186
0.091
0.203
0.221
0.156
0.17
0.214
0.359
0.466
0.386
0.276
0.245
0.139
0.15
0.251
0.066
0.253
0.259
0.285
0.296
0.17
0.375
0.274
0.264
0.141
0.24
0.065
0.193
0.125
0.17
0.242
0.143
-0.039
-0.118
-0.106
-0.085
-0.072
-0.036
-0.15
-0.091
-0.159
-0.245
-0.223
-0.369
-0.375
-0.511
-0.559
-0.606
-0.709
-0.698
-0.579
-0.714
-0.635
-0.735
-0.701
-0.682
-0.571
-0.354
-0.594
-0.749
-0.586
-0.578
-0.479
-0.578
-0.56
-0.376
-0.381
-0.371
-0.381
-0.393
-0.411
-0.323
-0.302
-0.251
-0.395
-0.281
-0.212
-0.181
-0.1
-0.155
-0.286
-0.163
-0.367
-0.323
-0.35
-0.413
-0.521
-0.529
-0.497
-0.57
-0.315
-0.406
-0.188
-0.173
-0.181
-0.169
-0.147
-0.119
-0.041
-0.059
-0.212
-0.261
-0.149
-0.152
-0.021
-0.025
0.001
0.106
0.111
0.264
0.14
0.242
0.216
0.154
0.226
0.261
0.391
0.446
0.372
0.258
0.245
0.27
0.181
0.173
0.255
0.228
0.239
0.254
0.292
0.331
0.124
0.547
0.552
0.551
0.544
0.549
0.48
0.652
0.5
0.419
0.35
0.239
0.259
0.388
0.338
0.435
0.309
0.297
0.361
0.323
0.328
0.383
0.3
0.307
0.425
0.224
0.249
0.546
0.39
0.42
0.381
0.436
0.384
0.376
0.289
0.455
0.223
0.214
0.139
0.05
0.136
0.208
0.089
0.029
-0.064
-0.199
-0.169
-0.077
-0.182
-0.258
-0.133
-0.206
-0.089
-0.161
-0.103
-0.381
-0.445
-0.31
-0.361
-0.324
-0.194
-0.217
-0.115
0.005
0.109
0.066
0.044
-0.001
0.15
0.088
0.011
0.044
0.133
0.186
0.19
0.206
0.158
0.251
0.223
0.106
-0.134
0.089
0.08
0.096
0.043
0.124
0.015
0.095
0.146
0.164
0.168
0.215
0.124
0.105
0.025
-0.106
-0.034
-0.118
-0.1
-0.101
-0.316
-0.242
-0.059
-0.1
-0.325
-0.534
-0.35
-0.27
-0.341
-0.444
-0.43
-0.449
-0.43
-0.464
-0.346
-0.286
-0.116
-0.225
-0.383
-0.28
-0.19
-0.288
-0.329
-0.367
-0.326
-0.411
-0.409
-0.334
-0.346
-0.561
-0.609
-0.743
-0.731
-0.76
-0.709
-0.631
-0.856
-0.769
-0.716
-0.925
-0.88
-0.739
-0.686
-0.721
-0.411
-0.349
-0.274
-0.17
-0.351
-0.216
-0.238
-0.076
-0.143
-0.116
-0.25
-0.266
-0.069
-0.141
-0.05
-0.122
-0.011
0.185
0.376
0.557
0.609
0.645
0.537
0.855
0.774
0.721
0.878
0.8
0.776
0.76
0.769
0.806
0.714
0.74
0.593
0.56
0.71
0.809
0.666
0.838
0.912
0.846
0.777
0.795
0.945
1.008
1.234
0.916
1.049
1.115
1.064
1.167
1.193
1.131
1.302
1.395
1.276
1.51
1.627
1.748
1.756
1.959
2.053
1.84
1.999
2.007
2.001
1.78
1.775
1.838
1.731
1.676
1.69
1.651
1.596
1.538
1.401
1.535
1.559
1.476
1.734
1.841
1.752
1.834
1.739
1.665
1.559
1.806
1.87
1.792
1.544
1.664
1.544
1.624
1.603
1.381
1.506
1.454
1.35
1.571
1.4
1.49
1.495
1.301
1.288
1.2
1.451
1.32
1.259
1.486
1.53
1.415
1.515
1.56
1.795
1.89
1.945
1.752
1.995
1.986
1.943
1.744
1.522
1.261
1.535
1.266
1.423
1.373
1.23
0.922
1.0
0.885
1.059
0.889
1.066
0.86
0.628
0.644
0.604
0.401
0.536
0.499
0.165
0.256
0.335
0.489
0.292
0.19
0.152
0.366
0.385
0.019
-0.049
-0.306
-0.278
-0.309
-0.058
0.015
-0.06
-0.016
-0.273
-0.21
-0.161
0.043
-0.101
-0.111
-0.069
0.115
0.209
0.14
0.346
0.263
0.366
0.598
0.626
0.657
0.705
0.676
0.684
0.611
0.544
0.61
0.605
0.746
0.584
0.443
0.372
0.713
0.593
0.845
0.745
0.874
0.481
0.61
0.455
0.41
0.37
0.414
0.57
0.486
0.346
0.378
0.344
0.35
0.264
0.413
0.53
0.495
0.375
0.345
0.529
0.417
0.349
0.385
0.379
0.143
0.376
0.299
0.131
0.058
0.07
0.104
0.139
0.129
-0.013
-0.065
-0.098
0.051
-0.081
-0.098
-0.095
-0.034
-0.052
-0.14
-0.105
-0.481
-0.64
-0.713
-0.691
-0.905
-0.771
-0.71
-0.766
-0.828
-1.026
-0.94
-0.949
-0.809
-0.794
-0.731
-0.807
-0.651
-0.749
-0.708
-0.713
-0.665
-0.708
-0.611
-0.601
-0.775
-0.626
-0.879
-0.931
-0.858
-0.873
-1.002
-1.094
-0.906
-1.024
-0.971
-0.897
-0.876
-0.969
-0.89
-0.906
-0.897
-0.925
-0.938
-1.006
-1.046
-0.959
-0.851
-0.654
-0.633
-0.765
-0.64
-0.579
-0.46
-0.63
-0.494
-0.403
-0.274
-0.179
-0.159
-0.256
-0.338
-0.069
-0.13
-0.166
-0.19
-0.499
-0.48
-0.44
-0.446
-0.429
-0.656
-0.839
-0.828
-0.671
-0.647
-0.745
-0.823
-0.638
-0.53
-0.64
-0.512
-0.504
-0.623
-0.573
-0.571
-0.511
-0.419
-0.352
-0.045
0.01
-0.107
0.261
0.516
0.49
0.43
0.343
0.186
0.235
0.19
0.111
0.03
0.003
0.049
-0.188
-0.374
-0.209
-0.106
-0.365
-0.439
-0.639
-0.611
-0.71
-0.655
-0.718
-0.878
-1.099
-1.08
-0.986
-1.101
-1.104
-1.13
-1.145
-1.024
-1.306
-1.222
-1.179
-1.289
-1.161
-1.006
-0.993
-1.022
-0.974
-1.058
-0.94
-0.958
-0.791
-0.764
-0.809
-0.885
-0.726
-0.606
-0.529
-0.427
-0.52
-0.425
-0.29
-0.146
-0.09
-0.019
-0.095
-0.119
-0.086
-0.037
-0.098
-0.136
-0.165
-0.12
-0.104
-0.254
-0.254
-0.271
-0.23
-0.089
-0.037
-0.16
-0.188
-0.06
0.028
0.223
0.179
0.141
-0.077
0.217
0.149
0.164
0.4
0.389
0.554
0.537
0.615
0.539
0.645
0.724
0.58
0.686
0.67
0.566
0.532
0.517
0.32
0.473
0.23
0.253
0.094
-0.119
-0.239
-0.361
-0.535
-0.508
-0.655
-0.71
-0.729
-0.806
-0.721
-0.729
-0.879
-0.791
-0.765
-0.854
-0.764
-0.85
-0.631
-0.544
-0.393
-0.375
-0.525
-0.345
-0.468
-0.273
-0.182
-0.356
-0.205
-0.234
-0.195
-0.315
-0.141
-0.186
-0.186
-0.086
-0.159
-0.035
-0.005
0.08
0.091
0.151
0.088
-0.02
-0.029
0.03
0.109
0.004
-0.081
0.096
0.155
0.231
0.399
0.264
0.329
0.346
0.408
0.41
0.496
0.554
0.439
0.362
0.438
0.485
0.365
0.537
0.497
0.527
0.366
0.206
0.033
0.101
-0.001
-0.14
-0.098
-0.074
0.013
-0.109
-0.041
0.001
0.039
0.075
0.164
0.325
0.299
0.174
0.208
0.103
0.16
0.138
0.118
0.182
0.249
0.269
0.193
0.348
