0.345
0.336
0.391
0.484
0.41
0.395
0.42
0.398
0.466
0.508
0.474
0.48
0.453
0.641
0.542
0.547
0.45
0.546
0.506
0.522
0.408
0.484
0.53
0.454
0.589
0.429
0.385
0.281
0.336
0.233
0.221
0.156
0.273
0.319
0.165
0.014
0.013
-0.004
0.103
0.17
0.115
-0.028
-0.14
-0.36
-0.225
-0.379
-0.316
-0.089
-0.01
0.118
0.291
0.269
0.15
-0.022
-0.039
0.083
-0.074
-0.107
-0.1
-0.058
-0.161
-0.201
-0.103
0.039
0.171
0.274
0.128
0.364
0.064
0.05
0.206
0.302
0.404
0.449
0.266
-0.061
-0.074
-0.211
-0.279
-0.031
-0.114
-0.238
-0.445
-0.514
-0.675
-0.754
-0.715
-0.667
-0.539
-0.675
-0.636
-0.72
-0.869
-0.83
-0.875
-0.951
-0.775
-0.642
-0.576
-0.546
-0.49
-0.354
-0.241
-0.195
-0.139
-0.044
-0.089
-0.198
-0.028
0.015
0.229
0.352
0.369
0.345
0.244
0.324
0.345
0.618
0.522
0.6
0.603
0.288
0.066
0.145
-0.009
0.031
-0.039
0.212
0.135
0.092
0.088
-0.001
-0.114
-0.069
0.055
0.083
-0.058
-0.302
-0.434
-0.568
-0.576
-0.51
-0.704
-0.684
-0.585
-0.638
-0.815
-0.838
-0.919
-0.758
-0.52
-0.726
-0.856
-0.944
-0.985
-0.914
-0.902
-0.718
-0.575
-0.426
-0.416
-0.48
-0.366
-0.234
-0.301
-0.23
-0.285
-0.226
-0.43
-0.294
-0.356
-0.294
-0.328
-0.331
-0.505
-0.415
-0.351
-0.401
-0.295
-0.334
-0.357
-0.266
-0.294
-0.318
-0.431
-0.35
-0.398
-0.426
-0.495
-0.574
-0.422
-0.328
-0.195
-0.092
-0.176
-0.226
-0.28
-0.215
-0.351
-0.164
-0.22
-0.365
-0.118
-0.241
-0.356
-0.479
-0.351
-0.365
-0.113
-0.131
-0.365
-0.274
-0.331
-0.416
-0.334
-0.306
-0.336
0.118
-0.15
0.0
0.07
0.094
0.339
0.371
0.152
0.107
0.03
0.163
0.144
0.086
0.275
0.215
0.31
0.284
0.283
0.378
0.405
0.514
0.438
0.294
0.036
0.081
0.086
-0.045
0.07
0.16
0.126
0.035
0.182
0.13
0.043
0.098
0.24
0.146
0.077
0.064
-0.049
0.059
0.124
0.029
0.129
0.026
0.062
0.113
0.359
0.211
0.291
0.474
0.229
0.145
0.034
0.301
0.03
-0.034
0.096
-0.076
-0.13
-0.359
-0.432
-0.321
-0.432
-0.297
-0.309
-0.486
-0.429
-0.37
-0.214
-0.276
-0.122
-0.139
-0.179
-0.281
-0.485
-0.341
-0.354
-0.334
-0.286
-0.211
-0.155
-0.126
0.035
-0.02
-0.006
0.105
0.124
0.152
0.228
0.239
0.266
0.331
0.048
-0.054
0.125
-0.033
0.126
0.129
0.118
0.356
-0.029
-0.086
-0.141
-0.372
-0.259
-0.356
-0.389
-0.265
-0.29
-0.158
-0.169
-0.085
-0.154
0.044
-0.029
-0.141
-0.06
-0.131
-0.006
-0.055
-0.044
-0.094
-0.103
-0.077
-0.186
-0.022
-0.211
-0.223
-0.156
-0.25
-0.088
-0.234
-0.11
-0.341
-0.299
-0.251
-0.302
-0.165
-0.061
0.115
0.165
-0.028
0.168
0.2
0.18
0.285
0.324
0.328
0.471
0.48
0.3
0.316
0.273
0.384
0.424
0.504
0.525
0.454
0.66
0.403
0.482
0.509
0.445
0.688
0.734
0.785
0.907
0.986
0.965
1.16
1.169
1.185
1.171
1.114
1.203
1.101
1.048
1.219
1.176
1.328
1.298
1.221
1.311
1.105
1.029
1.083
1.04
0.787
0.845
0.909
0.925
0.927
0.868
1.056
1.059
1.074
1.011
1.052
0.936
1.199
1.127
1.224
1.299
1.268
1.542
1.321
1.34
1.604
1.999
1.824
1.866
1.946
1.889
1.741
1.93
1.768
1.839
1.92
1.764
1.968
1.754
1.555
1.665
1.528
1.519
1.75
1.855
1.92
1.933
1.978
1.843
1.716
1.934
2.152
2.23
1.869
1.651
1.653
1.47
1.598
1.745
1.64
1.474
1.691
1.641
1.54
1.328
1.115
1.086
0.921
0.744
0.938
0.924
0.936
0.958
0.953
1.052
0.841
0.682
0.571
0.311
0.158
0.279
0.219
0.401
-0.149
-0.294
-0.203
-0.203
-0.054
0.029
0.221
0.059
0.17
0.139
0.14
0.04
-0.031
-0.052
0.054
0.122
0.019
0.228
0.292
0.244
0.291
0.45
0.638
0.598
0.535
0.554
0.311
0.115
0.07
0.106
0.103
0.092
0.297
0.343
0.39
0.084
0.004
0.091
0.168
0.245
0.161
0.24
0.276
0.225
0.309
0.159
-0.118
0.092
0.141
0.258
-0.076
-0.048
-0.179
-0.288
-0.035
0.0
0.219
-0.07
0.106
-0.1
-0.098
-0.015
-0.111
-0.005
0.03
0.115
0.105
-0.025
-0.199
-0.113
-0.2
-0.179
-0.339
-0.271
0.004
0.265
0.094
0.046
-0.129
-0.223
-0.271
-0.36
-0.379
-0.838
-0.642
-0.768
-0.559
-0.809
-0.802
-0.357
-0.514
-0.565
-0.403
-0.521
-0.568
-0.169
-0.196
0.076
0.122
-0.02
-0.131
-0.083
-0.019
0.009
0.095
0.013
-0.182
-0.417
-0.211
-0.26
-0.292
-0.369
-0.316
-0.546
-0.443
-0.709
-0.705
-0.471
-0.275
-0.316
-0.114
-0.037
-0.04
-0.152
-0.069
-0.092
-0.274
-0.419
-0.515
-0.494
-0.823
-0.881
-0.876
-0.917
-0.966
-1.16
-1.302
-1.238
-1.469
-1.769
-1.79
-1.772
-1.704
-1.366
-1.489
-1.433
-1.396
-1.723
-1.519
-1.383
-1.449
-1.164
-1.184
-1.068
-1.239
-1.136
-1.044
-1.029
-0.98
-0.639
-0.555
-0.389
-0.176
-0.048
-0.159
-0.247
-0.212
-0.144
-0.203
-0.091
-0.01
-0.083
0.086
0.141
0.088
0.26
-0.036
0.233
0.166
0.077
0.116
0.069
-0.001
-0.111
0.018
-0.445
-0.299
-0.191
-0.124
-0.081
-0.072
-0.186
-0.225
-0.307
-0.25
-0.284
-0.228
-0.253
-0.376
-0.44
-0.329
-0.395
-0.614
-0.835
-0.899
-1.166
-1.219
-1.147
-1.143
-1.06
-0.93
-0.994
-1.066
-1.136
-1.171
-1.0
-0.99
-0.865
-0.739
-0.794
-0.744
-0.777
-0.565
-0.638
-0.657
-0.815
-0.82
-0.652
-0.549
-0.633
-0.623
-0.725
-0.688
-0.631
-0.49
-0.542
-0.511
-0.541
-0.651
-0.463
-0.446
-0.36
-0.454
-0.541
-0.352
-0.06
-0.069
-0.069
-0.234
-0.261
-0.42
-0.469
-0.372
-0.161
-0.238
-0.235
-0.1
-0.088
0.143
0.147
0.305
0.209
0.242
0.366
0.434
0.276
0.413
0.319
0.419
0.359
0.242
0.11
-0.061
-0.016
0.039
-0.001
0.034
0.014
-0.051
-0.134
-0.239
-0.186
-0.181
-0.491
-0.354
-0.427
-0.446
-0.562
-0.425
-0.456
-0.524
-0.65
-0.769
-0.738
-0.599
-0.549
-0.609
-0.501
-0.434
-0.417
-0.39
-0.359
-0.155
-0.08
-0.072
-0.096
-0.116
-0.156
-0.044
-0.236
-0.201
-0.386
-0.225
-0.284
-0.29
-0.329
-0.269
-0.302
-0.249
-0.059
-0.031
0.026
0.126
0.17
0.113
0.16
0.104
-0.124
0.07
0.236
0.229
0.269
0.497
0.479
0.719
0.675
0.608
0.594
0.75
1.041
1.13
1.1
1.035
0.963
1.3
1.085
0.907
0.895
0.864
0.84
0.853
0.782
0.789
0.713
0.664
0.751
0.715
0.794
0.56
0.416
0.366
0.107
0.164
0.104
0.098
0.045
-0.001
-0.14
-0.292
-0.224
-0.38
-0.511
-0.443
-0.389
-0.176
0.016
0.079
0.075
0.1
0.034
0.139
0.015
0.046
-0.022
0.114
-0.02
0.03
-0.004
0.075
0.098
0.133
0.125
0.08
0.04
0.111
0.02
0.037
-0.066
-0.18
-0.254
-0.26
-0.435
-0.45
-0.383
-0.21
-0.254
-0.411
-0.314
-0.33
-0.394
-0.364
-0.281
-0.116
-0.113
-0.253
-0.1
-0.134
0.251
0.016
0.071
0.13
0.193
0.339
0.417
0.566
0.506
0.489
0.666
0.67
0.606
0.633
0.638
0.695
0.549
0.76
0.594
0.469
0.393
0.466
0.506
0.534
0.283
0.223
0.288
0.381
0.375
0.177
0.223
0.231
0.276
0.31
0.304
0.299
0.306
0.18
0.208
0.09
0.124
0.103
0.104
0.095
0.07
-0.024
-0.029
-0.134
-0.206
-0.211
-0.45
-0.439
-0.27
-0.439
-0.508
-0.525
-0.419
-0.364
-0.309
-0.273
-0.266
-0.463
-0.565
-0.503
-0.639
-0.635
-0.851
-0.799
-0.635
-0.889
-0.823
-0.731
-0.71
-0.701
-0.719
-0.724
-0.763
-0.69
-0.651
-0.529
-0.459
-0.103
-0.08
-0.147
-0.169
-0.229
-0.083
-0.211
-0.181
-0.312
-0.138
-0.203
-0.273
-0.029
-0.094
-0.17
-0.144
-0.058
-0.181
-0.104
-0.045
-0.247
-0.055
-0.158
-0.263
-0.246
-0.211
-0.274
-0.216
-0.281
-0.384
-0.425
-0.47
-0.466
-0.625
-0.645
-0.77
-0.672
-0.907
-1.23
-0.873
-0.791
-0.65
-0.642
-0.649
-0.555
-0.529
-0.669
-0.705
-0.644
-0.751
-0.631
-0.696
-0.756
-0.593
-0.667
-0.603
-0.52
-0.413
-0.459
-0.435
-0.434
-0.411
-0.284
-0.296
-0.364
-0.351
-0.36
-0.361
-0.403
-0.517
-0.455
-0.395
-0.396
-0.448
-0.408
-0.31
-0.265
-0.224
-0.249
-0.189
-0.121
-0.04
0.094
0.247
0.294
0.295
0.107
0.271
0.211
0.22
0.512
0.399
0.265
0.463
0.309
0.208
0.081
0.286
0.189
0.039
-0.051
0.211
0.046
0.061
0.221
-0.092
-0.03
0.015
-0.175
-0.02
0.046
0.14
-0.134
0.224
0.196
0.64
0.576
0.475
0.48
0.461
0.422
0.176
0.256
0.156
0.165
0.139
0.164
0.114
0.124
-0.081
0.014
-0.165
-0.166
-0.302
-0.426
-0.565
-0.398
-0.551
-0.603
-0.655
-0.679
-0.78
-0.719
-0.777
-0.669
-0.807
-0.888
-0.704
-0.844
-0.84
-0.796
-0.839
-0.999
-0.819
-0.901
-0.915
-0.75
-0.734
-0.738
-0.594
-0.619
-0.416
-0.482
-0.393
-0.302
-0.269
-0.224
-0.334
-0.348
-0.297
0.186
0.072
0.184
0.056
0.103
0.134
0.126
0.205
0.233
0.443
0.431
0.453
0.369
0.409
0.497
0.479
0.446
0.667
0.61
0.62
0.806
0.87
0.725
0.845
0.994
1.078
1.041
1.034
1.232
1.224
1.228
1.226
1.429
1.434
1.324
1.546
1.232
1.153
1.189
1.289
1.522
1.393
1.401
1.345
1.374
1.215
1.254
1.144
1.239
1.179
1.248
1.18
1.176
1.183
1.167
1.281
1.183
0.976
0.986
1.117
1.13
1.171
1.03
1.123
1.214
1.278
1.534
1.494
1.395
1.416
1.354
1.356
1.369
1.299
1.343
1.47
1.383
1.524
1.525
1.706
1.486
1.492
1.46
1.373
1.349
1.514
1.518
1.742
1.591
1.725
1.728
1.755
1.695
1.795
1.683
1.691
1.636
1.45
1.474
1.431
1.459
1.731
1.677
1.706
1.802
1.593
1.676
1.366
1.256
1.066
0.993
0.936
0.851
0.739
0.785
0.73
0.554
0.651
0.49
0.555
0.45
0.281
0.312
0.323
0.456
0.78
0.654
0.816
0.853
0.759
0.723
0.542
0.542
0.71
0.859
1.005
0.983
0.789
1.012
0.735
0.844
0.905
0.764
0.929
0.541
0.473
0.151
0.098
0.104
0.09
0.014
0.145
-0.141
-0.046
-0.037
-0.184
0.02
-0.014
-0.211
-0.273
-0.441
-0.63
-0.571
-0.508
-0.672
-0.615
-0.269
-0.552
-0.527
-0.526
-0.754
-0.806
-0.575
-0.561
-0.626
-0.541
-0.546
-0.581
-0.631
-0.675
-0.621
-0.463
-0.616
-0.586
-0.529
-0.628
-0.471
-0.372
-0.185
-0.216
-0.101
-0.113
-0.101
-0.266
-0.273
-0.147
-0.007
-0.115
-0.085
-0.065
-0.025
0.044
-0.007
-0.169
-0.161
-0.081
-0.364
-0.236
-0.259
-0.163
-0.085
-0.13
-0.111
-0.174
-0.216
-0.455
-0.559
-0.535
-0.995
-1.241
-1.375
-1.304
-1.242
-1.139
-1.35
-1.319
-1.366
-1.284
-1.252
-1.171
-1.304
-1.376
-1.266
-1.254
-1.06
-0.931
-0.94
-0.739
-0.804
-0.743
-0.701
-0.698
-0.771
-0.656
-0.624
-0.568
-0.544
-0.534
-0.571
-0.731
-0.71
-0.649
-0.532
-0.379
-0.374
-0.253
-0.276
-0.299
-0.268
-0.292
-0.228
-0.355
-0.208
-0.383
-0.348
-0.393
-0.28
-0.478
-0.639
-0.719
-0.606
-0.603
-0.703
-0.699
-0.441
-0.484
-0.419
-0.348
-0.319
-0.185
-0.438
-0.286
-0.376
-0.542
-0.359
-0.271
-0.357
-0.334
-0.361
-0.391
-0.274
-0.113
-0.32
-0.281
-0.111
-0.273
-0.165
-0.384
-0.424
-0.289
-0.201
-0.305
-0.458
-0.371
-0.37
-0.441
-0.605
-0.514
-0.384
-0.524
-0.45
-0.522
-0.596
-0.501
-0.492
-0.559
-0.584
-0.411
-0.68
-0.601
-0.67
-0.556
-0.549
-0.316
-0.231
-0.16
-0.133
-0.316
-0.159
-0.186
-0.158
0.077
0.092
0.323
0.314
0.269
0.279
0.349
0.372
0.339
0.403
0.535
0.385
0.499
0.66
0.598
0.56
0.504
0.821
0.97
1.188
1.081
1.119
1.166
1.044
1.034
1.099
1.11
0.941
1.068
1.124
1.079
0.922
0.964
1.07
1.093
1.333
1.32
1.381
1.33
1.336
1.336
1.127
0.949
0.818
0.68
0.616
0.603
0.504
0.18
0.113
-0.026
-0.011
0.028
-0.034
-0.16
-0.263
-0.274
-0.341
-0.557
-0.652
-0.763
-0.73
-0.774
-0.58
-0.59
-0.615
-0.67
-0.713
-0.695
-0.484
-0.481
-0.366
-0.62
-0.527
-0.352
-0.013
-0.143
0.159
0.29
0.191
0.074
0.005
-0.007
0.141
0.022
0.054
0.335
0.224
0.278
0.141
0.168
0.186
-0.005
-0.12
-0.324
-0.242
-0.688
-0.425
-0.234
-0.491
-0.25
-0.376
-0.432
-0.662
-0.839
-0.646
-0.691
-0.544
-0.451
-0.466
-0.414
-0.191
-0.266
-0.27
-0.035
-0.046
-0.24
-0.084
-0.182
-0.334
-0.362
-0.29
-0.221
-0.128
-0.208
-0.088
-0.089
-0.025
-0.135
-0.09
0.029
-0.05
0.155
0.238
0.138
0.161
0.05
-0.15
-0.033
-0.136
-0.099
-0.198
-0.348
-0.256
-0.269
-0.384
-0.429
-0.478
-0.531
-0.529
-0.424
-0.641
-0.719
-0.736
-0.858
-0.802
-0.907
-0.9
-1.115
-1.193
-1.153
-0.989
-0.904
-0.701
-0.584
-0.576
-0.499
-0.529
-0.492
-0.431
-0.431
-0.389
-0.481
-0.319
-0.484
-0.434
-0.639
-0.645
-0.606
-0.606
-0.512
-0.449
-0.191
-0.051
-0.121
0.025
0.119
-0.056
-0.084
0.064
0.234
0.139
0.269
0.406
0.359
0.403
0.623
0.536
0.585
0.6
0.554
0.574
0.276
0.361
0.321
0.279
0.333
0.339
0.405
0.405
0.489
0.26
0.278
0.2
-0.045
-0.001
-0.031
-0.043
0.1
0.122
0.19
0.0
0.122
0.196
0.316
0.195
0.028
0.026
0.163
0.084
0.151
0.011
0.03
0.022
-0.048
0.159
0.074
-0.121
-0.059
0.109
0.164
0.033
-0.029
0.001
-0.096
-0.115
-0.133
-0.195
-0.11
-0.062
-0.051
-0.054
-0.015
0.065
0.113
0.113
-0.103
-0.208
-0.072
-0.147
-0.173
-0.066
-0.195
-0.175
-0.151
-0.188
-0.326
-0.235
-0.374
-0.401
-0.446
-0.395
-0.585
-0.375
-0.251
-0.261
-0.203
-0.101
-0.122
-0.133
-0.143
-0.005
-0.086
0.062
0.051
-0.049
0.209
0.054
-0.04
-0.01
-0.08
0.14
0.062
0.13
0.101
0.058
-0.018
-0.041
-0.079
-0.086
0.072
-0.001
0.069
0.16
0.131
-0.034
-0.1
0.039
0.044
0.085
0.055
0.203
0.186
0.086
0.229
0.051
0.174
0.177
0.27
0.438
0.422
0.18
0.244
0.229
0.188
0.309
0.182
0.163
0.02
-0.09
-0.005
-0.154
-0.25
-0.155
-0.071
-0.141
-0.061
-0.246
-0.25
-0.278
-0.417
-0.274
-0.163
-0.176
-0.198
-0.09
-0.016
-0.003
-0.045
0.009
0.025
0.065
-0.03
0.116
0.113
0.088
0.128
0.189
0.312
0.346
0.307
0.236
0.405
0.41
0.439
0.468
0.591
0.569
0.565
0.542
0.589
0.555
0.471
0.38
0.41
0.388
0.289
0.159
0.247
-0.004
-0.309
-0.336
-0.45
-0.598
-0.616
-0.925
-0.938
-1.163
-1.117
-1.215
-1.13
-1.147
-1.198
-1.139
-1.169
-1.086
-0.912
-0.802
-0.672
-0.431
-0.6
-0.667
-0.656
-0.586
-0.534
-0.522
-0.403
-0.305
-0.17
-0.161
-0.21
-0.152
-0.188
-0.365
-0.416
-0.515
-0.446
-0.367
-0.251
-0.328
-0.182
-0.085
0.091
0.138
-0.021
-0.141
-0.095
-0.274
-0.269
-0.338
-0.18
-0.229
-0.261
-0.31
-0.38
-0.32
0.029
-0.024
0.024
0.158
0.169
0.25
0.242
0.23
0.391
0.335
0.547
0.531
0.574
0.809
0.87
0.938
0.979
1.074
1.012
1.036
1.025
1.073
1.176
1.301
1.345
1.464
1.399
1.334
1.316
1.228
1.401
1.54
1.649
1.683
1.806
1.833
1.808
1.764
1.634
1.614
1.594
1.586
1.301
1.464
1.455
1.478
1.61
1.562
1.515
1.598
1.667
1.459
1.218
1.324
1.299
1.315
1.486
1.302
1.355
1.331
1.465
1.604
1.71
1.72
1.873
1.881
1.963
1.939
1.975
2.02
1.893
1.724
1.802
1.887
1.948
2.049
2.18
2.323
2.482
2.345
2.345
2.316
2.377
2.475
2.356
2.382
2.283
2.1
1.802
1.666
1.575
1.395
1.395
1.29
1.094
1.146
1.119
0.856
0.786
0.499
0.829
0.568
0.515
0.606
0.492
0.486
0.461
0.536
0.526
0.521
0.474
0.547
0.484
0.203
0.045
0.114
0.009
0.055
0.199
0.083
0.056
-0.279
-0.329
-0.306
-0.158
-0.496
-0.376
-0.416
-0.509
-0.474
-0.701
-0.571
-0.608
-0.761
-0.689
-0.529
-0.355
-0.226
-0.517
-0.344
-0.691
-0.575
-0.591
-0.354
-0.253
-0.335
-0.356
-0.403
-0.5
-0.526
-0.21
-0.203
-0.184
-0.215
-0.109
0.163
0.135
-0.052
-0.058
-0.084
-0.348
-0.448
-0.194
-0.166
-0.316
-0.217
-0.164
-0.295
-0.085
-0.12
-0.122
0.054
0.201
0.029
-0.076
-0.182
-0.305
-0.555
-0.679
-0.871
-0.73
-0.677
-0.421
-0.115
-0.072
-0.271
-0.383
-0.391
-0.551
-0.44
-0.496
-0.38
-0.378
-0.294
-0.466
-0.73
-0.849
-0.701
-0.499
-0.509
-0.14
-0.14
-0.283
-0.449
-0.307
-0.454
-0.205
-0.061
-0.245
-0.215
-0.273
-0.235
-0.302
-0.311
-0.176
0.169
0.316
0.35
0.321
0.101
-0.099
-0.264
-0.156
-0.244
-0.238
-0.403
-0.312
-0.375
-0.395
-0.604
-0.554
-0.588
-0.789
-0.893
-0.974
-1.205
-1.365
-0.991
-1.019
-0.667
-0.509
-0.519
-0.55
-0.666
-0.849
-0.984
-0.828
-1.084
-0.814
-0.751
-0.682
-0.858
-0.646
-0.682
-0.802
-0.868
-0.7
-0.562
-0.515
-0.689
-0.495
-0.609
-0.441
-0.324
-0.255
-0.254
-0.296
-0.14
-0.221
-0.398
-0.43
-0.448
-0.315
-0.309
-0.598
-0.57
-0.547
-0.565
-0.429
-0.399
-0.352
-0.174
-0.124
0.033
-0.025
-0.166
-0.297
-0.221
-0.189
-0.003
-0.106
-0.088
-0.006
0.12
0.062
0.02
-0.08
-0.302
-0.209
-0.496
-0.225
-0.474
-0.343
-0.216
-0.32
-0.361
-0.258
-0.249
-0.244
-0.096
-0.09
0.058
0.13
0.369
0.289
0.328
0.33
0.595
0.86
0.588
0.43
0.431
0.51
0.411
0.292
0.326
0.573
0.491
0.579
0.566
0.258
0.247
0.223
0.315
0.291
0.241
0.319
0.496
0.425
0.189
0.02
-0.006
0.009
0.074
-0.041
0.069
0.034
0.16
-0.115
-0.015
0.031
-0.141
0.04
0.101
-0.041
0.026
-0.089
0.169
0.074
0.081
0.049
0.135
-0.02
-0.136
-0.309
-0.444
-0.23
-0.383
-0.278
-0.561
-0.525
-0.52
-0.55
-0.515
-0.549
-0.361
-0.633
-0.67
-0.886
-0.656
-0.756
-0.787
-0.705
-0.645
-0.611
-0.753
-0.515
-0.451
-0.334
-0.537
-0.595
-0.694
-0.705
-0.834
-0.833
-0.991
-1.01
-0.848
-0.647
-0.799
-0.512
-0.495
-0.399
-0.194
-0.118
-0.045
-0.069
-0.055
-0.177
0.119
0.198
0.355
0.573
0.44
0.516
0.497
0.522
0.596
0.635
0.807
0.75
0.826
0.699
0.805
0.814
0.689
0.715
0.736
0.473
0.302
0.276
0.35
0.271
0.233
0.022
-0.182
-0.362
-0.458
-0.448
-0.503
-0.689
-0.706
-0.71
-0.989
-1.188
-1.315
-1.18
-1.244
-1.242
-1.262
-1.167
-1.074
-1.111
-1.079
-1.109
-0.983
-0.777
-0.745
-0.807
-0.875
-0.941
-0.771
-0.704
-0.522
-0.629
-0.294
-0.139
-0.03
0.076
0.118
0.329
0.461
0.529
0.63
0.65
0.73
0.756
0.889
0.868
0.926
0.9
0.993
1.068
0.969
0.958
0.828
0.86
0.89
0.66
0.48
0.435
0.333
0.274
0.404
0.247
0.224
0.076
0.151
0.101
-0.02
0.071
-0.28
-0.126
-0.175
-0.265
-0.319
-0.134
-0.199
-0.145
0.022
-0.138
0.004
-0.049
0.01
0.066
-0.216
-0.205
-0.427
-0.341
-0.209
-0.161
-0.019
0.128
-0.096
0.011
-0.025
0.0
0.1
-0.116
-0.144
-0.161
-0.062
0.006
-0.069
-0.055
-0.094
-0.031
-0.044
-0.075
-0.186
-0.17
-0.203
-0.21
-0.288
-0.482
-0.439
-0.599
-0.611
-0.651
-0.738
-0.555
-0.624
-0.413
-0.351
-0.18
0.074
-0.026
0.065
-0.04
-0.033
-0.03
0.066
0.198
0.103
0.043
-0.039
-0.007
-0.033
0.058
0.168
0.015
0.039
-0.03
0.074
0.0
-0.011
-0.061
-0.195
-0.165
-0.256
-0.381
-0.61
