-0.581
-0.46
-0.357
-0.385
-0.475
-0.525
-0.698
-0.638
-0.754
-0.768
-0.586
-0.754
-0.657
-0.693
-0.532
-0.38
-0.265
-0.105
-0.096
-0.049
-0.235
0.005
0.16
0.128
0.158
0.216
0.328
0.344
0.379
0.557
0.705
0.695
0.535
0.514
0.296
0.239
0.273
0.426
0.233
0.122
0.06
0.321
0.165
0.23
0.2
-0.072
-0.092
-0.299
-0.21
-0.152
-0.361
-0.25
-0.109
-0.085
-0.171
-0.141
-0.155
-0.236
-0.321
-0.225
-0.163
-0.166
-0.283
-0.485
-0.586
-0.505
-0.595
-0.615
-0.621
-0.542
-0.445
-0.693
-0.579
-0.487
-0.469
-0.501
-0.458
-0.21
-0.116
-0.084
-0.247
-0.196
-0.099
-0.003
0.193
-0.07
-0.071
-0.037
0.034
-0.13
-0.128
-0.091
-0.09
0.004
-0.03
0.119
0.074
0.049
0.062
0.01
-0.01
0.156
0.283
0.286
0.389
0.114
0.256
0.241
0.278
0.35
0.426
0.367
0.318
0.254
-0.005
0.083
0.18
0.109
0.239
0.281
0.107
-0.034
0.015
-0.21
-0.111
-0.16
-0.386
-0.139
-0.17
-0.152
-0.094
-0.139
-0.119
-0.188
-0.09
-0.241
-0.105
-0.071
0.165
0.289
0.306
0.291
0.154
0.219
0.2
0.011
0.036
0.17
0.294
0.263
0.203
0.199
0.212
0.228
0.23
0.12
0.09
0.101
-0.043
0.201
0.215
-0.024
-0.019
-0.085
-0.134
-0.17
-0.27
-0.301
-0.479
-0.319
-0.396
-0.517
-0.508
-0.578
-0.633
-0.746
-0.709
-0.494
-0.217
-0.211
0.001
0.076
0.131
0.046
0.114
0.029
0.216
0.336
0.349
0.369
0.44
0.405
0.364
0.555
0.633
0.696
0.849
0.971
0.924
0.956
0.809
0.939
0.441
0.497
0.527
0.539
0.48
0.542
0.378
0.261
0.335
0.425
0.316
0.574
0.504
0.419
0.471
0.395
0.367
0.486
0.427
0.259
0.386
0.27
0.022
-0.007
-0.037
0.04
-0.103
-0.044
-0.325
-0.259
-0.115
-0.334
-0.269
-0.2
-0.256
-0.305
-0.228
-0.251
-0.283
-0.279
-0.291
-0.239
-0.146
-0.111
-0.014
0.001
-0.235
-0.274
-0.275
-0.375
-0.214
-0.15
-0.072
-0.07
-0.258
-0.289
-0.3
-0.349
-0.323
-0.211
-0.155
-0.333
-0.19
-0.273
-0.344
-0.47
-0.23
-0.281
-0.544
-0.391
-0.415
-0.478
-0.411
-0.35
-0.43
-0.273
-0.188
-0.233
-0.041
-0.255
-0.075
0.013
0.136
0.133
0.24
0.304
0.461
0.539
0.444
0.689
0.721
0.776
0.833
0.848
0.833
0.944
0.956
0.905
1.091
0.841
0.821
0.652
0.662
0.703
0.895
0.909
0.869
0.689
0.809
0.657
0.524
0.769
0.804
0.666
0.569
0.64
0.741
0.754
0.383
0.231
0.278
0.339
0.225
0.304
0.156
0.273
0.25
0.302
0.295
0.191
0.539
0.575
0.774
0.849
0.814
0.864
0.789
0.981
0.829
0.865
1.019
0.96
1.06
0.999
1.131
1.091
1.032
1.048
1.147
1.084
1.177
1.185
1.23
1.236
1.179
1.39
1.51
1.484
1.451
1.502
1.542
1.321
1.319
1.006
1.125
0.98
0.854
1.04
0.787
0.56
0.547
0.504
0.408
0.468
0.464
0.552
0.53
0.453
0.549
0.665
0.774
0.863
0.859
1.203
1.249
1.301
1.258
1.181
1.251
1.404
1.637
1.766
1.646
1.498
1.568
1.459
1.522
1.641
1.657
1.679
1.538
1.51
1.319
1.394
1.508
1.367
1.355
1.31
1.242
1.111
1.097
1.026
0.92
0.709
0.486
0.594
0.445
0.486
0.681
0.624
0.369
0.405
0.479
0.351
0.438
0.352
0.191
0.372
0.284
0.432
0.487
0.52
0.664
0.698
0.776
0.733
0.549
0.544
0.56
0.349
0.334
0.415
0.35
0.335
0.022
0.0
0.036
0.136
0.146
0.015
0.005
0.007
0.059
0.19
0.184
0.305
0.149
0.154
0.101
0.603
0.771
0.797
0.665
0.686
0.694
0.595
0.841
0.939
0.961
0.706
0.689
0.866
0.645
0.445
0.365
0.224
0.109
0.156
0.173
0.221
0.258
0.085
-0.261
-0.164
-0.475
-0.371
-0.695
-0.512
-0.652
-0.635
-0.694
-0.595
-0.735
-0.834
-0.691
-0.739
-0.849
-0.88
-0.849
-0.869
-0.875
-0.975
-1.164
-1.012
-0.864
-0.866
-0.723
-0.876
-0.655
-0.81
-0.735
-0.75
-0.829
-0.879
-1.019
-1.03
-1.103
-0.966
-1.284
-1.329
-1.248
-1.174
-1.012
-0.92
-0.885
-0.716
-0.655
-0.64
-0.542
-0.654
-0.641
-0.62
-0.511
-0.471
-0.41
0.009
0.136
0.085
0.343
0.443
0.405
0.554
0.64
0.559
0.527
0.33
0.121
0.235
0.039
0.233
0.077
0.104
-0.033
-0.268
-0.408
-0.482
-0.454
-0.46
-0.409
-0.281
-0.198
-0.559
-0.68
-0.924
-1.086
-0.988
-0.969
-0.759
-0.886
-1.065
-1.323
-1.556
-1.508
-1.454
-1.3
-1.407
-1.274
-1.166
-1.575
-1.518
-1.57
-1.488
-1.381
-1.184
-0.929
-0.647
-0.733
-0.78
-0.547
-0.37
-0.051
0.083
0.144
0.246
0.045
0.062
0.168
0.125
0.44
0.378
0.371
0.138
0.04
0.04
0.109
0.155
0.035
0.128
0.064
-0.06
-0.03
-0.165
-0.175
-0.26
-0.11
-0.284
-0.312
-0.259
-0.536
-0.464
-0.265
-0.352
-0.495
-0.591
-0.56
-0.559
-0.615
-0.501
-0.265
-0.311
-0.16
-0.105
-0.144
-0.098
-0.064
-0.059
-0.191
-0.125
-0.208
-0.265
-0.514
-0.639
-0.52
-0.521
-0.489
-0.427
-0.405
-0.216
-0.199
-0.409
-0.203
-0.339
-0.32
-0.396
-0.341
-0.43
-0.379
-0.319
-0.471
-0.426
-0.184
-0.199
-0.169
-0.029
0.203
0.098
0.076
0.443
0.424
0.295
0.31
0.318
0.22
0.352
0.274
0.11
0.164
0.001
0.072
-0.121
0.079
-0.035
-0.086
-0.071
-0.11
0.12
0.02
0.05
-0.182
-0.126
-0.141
-0.176
-0.2
-0.003
-0.072
-0.374
-0.38
-0.506
-0.333
-0.208
-0.115
-0.198
-0.246
-0.326
-0.455
-0.706
-0.642
-0.761
-0.642
-0.564
-0.546
-0.435
-0.455
-0.406
-0.168
-0.231
-0.076
-0.036
-0.164
-0.186
-0.075
-0.13
-0.065
-0.046
0.033
-0.193
-0.245
-0.505
-0.59
-0.744
-0.629
-0.635
-0.596
-0.645
-0.71
-0.65
-0.669
-0.698
-0.669
-0.478
-0.64
-0.5
-0.44
-0.413
-0.275
-0.288
-0.06
0.009
0.094
0.264
0.355
0.261
0.171
0.145
0.29
0.419
0.694
0.759
0.899
0.934
0.946
0.785
0.54
0.623
0.551
0.459
0.537
0.578
0.336
0.324
0.242
0.208
-0.004
0.211
0.176
0.159
0.219
0.191
0.225
0.242
0.186
0.169
0.156
0.359
0.455
0.499
0.35
0.258
0.083
-0.065
-0.13
-0.203
0.026
0.072
-0.219
-0.118
-0.105
-0.133
-0.104
-0.321
-0.209
-0.24
-0.316
-0.229
-0.083
-0.122
-0.086
-0.122
-0.169
0.005
0.025
-0.17
-0.139
-0.209
-0.122
-0.05
-0.013
0.266
0.205
0.2
0.194
0.114
-0.061
-0.29
-0.074
0.024
-0.052
0.045
0.129
0.235
0.25
0.215
0.259
0.47
0.611
0.434
0.561
0.424
0.325
0.165
0.136
0.136
0.234
0.113
0.145
-0.106
-0.036
-0.015
0.006
-0.27
-0.113
-0.233
-0.052
-0.018
0.1
-0.055
-0.064
-0.149
-0.236
-0.16
-0.286
-0.339
-0.491
-0.505
-0.638
-0.736
-0.874
-0.677
-0.738
-0.769
-0.639
-0.459
-0.359
-0.435
-0.403
-0.6
-0.618
-0.709
-0.629
-0.446
-0.439
-0.489
-0.375
-0.416
-0.505
-0.469
-0.359
-0.331
-0.104
0.036
0.098
0.024
0.061
0.015
0.196
0.13
0.228
0.124
-0.014
-0.034
-0.113
-0.044
-0.155
-0.13
-0.115
-0.171
-0.084
-0.02
0.104
-0.077
-0.174
-0.314
-0.289
-0.234
-0.278
-0.352
-0.449
-0.242
-0.289
-0.02
0.043
-0.181
0.031
0.051
-0.024
0.061
0.138
0.296
0.091
-0.094
-0.052
-0.182
-0.122
0.147
0.294
0.522
0.804
0.831
1.008
0.779
0.849
0.848
0.81
0.689
0.364
0.616
0.709
0.588
0.853
1.169
1.051
1.254
1.367
1.426
1.36
1.073
0.89
0.779
0.664
0.578
0.689
0.618
0.661
0.735
0.735
0.796
0.731
0.989
0.849
1.054
1.218
1.214
1.26
1.165
1.07
1.17
1.041
0.951
0.911
1.011
1.151
1.136
1.194
1.194
1.393
1.356
1.22
1.241
1.065
0.85
0.8
0.835
0.833
0.905
1.002
1.068
1.078
1.004
1.035
1.065
0.894
0.734
0.869
0.916
0.801
1.011
1.193
1.127
1.171
1.009
0.955
0.89
0.879
0.78
0.601
0.561
0.168
0.149
-0.145
-0.075
-0.441
-0.497
-0.589
-0.474
-0.434
-0.372
-0.545
-0.695
-0.843
-0.671
-0.61
-0.556
-0.734
-0.684
-0.441
-0.441
-0.443
-0.411
-0.32
-0.201
-0.15
-0.324
-0.124
-0.256
-0.161
-0.077
0.138
0.03
0.244
0.544
0.621
0.531
0.639
0.559
0.932
1.17
1.259
1.27
1.383
1.535
1.62
1.824
1.735
1.76
1.92
1.835
1.626
1.891
1.401
1.375
1.176
1.286
1.186
1.304
1.242
0.964
1.005
0.96
1.085
1.085
0.772
0.691
0.318
0.591
0.274
0.158
0.236
0.184
0.274
0.245
0.281
0.13
0.155
-0.111
-0.246
-0.766
-0.981
-1.054
-1.286
-1.281
-1.11
-0.838
-0.87
-0.746
-0.838
-0.854
-1.069
-1.133
-0.929
-1.022
-0.854
-0.831
-1.056
-1.149
-1.125
-1.039
-1.08
-0.801
-0.807
-0.554
-0.547
-0.661
-0.281
-0.355
-0.305
0.158
-0.163
-0.365
-0.633
-0.581
-0.562
-0.401
-0.461
-0.326
-0.355
-0.294
-0.244
0.022
0.246
0.329
0.416
0.199
0.066
0.199
0.46
0.415
0.564
0.52
0.684
0.766
0.939
0.595
0.562
0.625
0.525
0.574
0.297
0.509
0.371
0.341
0.378
0.147
0.229
0.339
0.411
0.279
0.374
0.771
0.453
0.691
0.621
0.695
0.544
0.466
0.316
0.239
0.125
-0.024
-0.122
-0.001
-0.081
-0.147
-0.297
-0.411
-0.468
-0.5
-0.606
-0.526
-0.551
-0.639
-0.708
-0.885
-0.768
-0.917
-0.61
-0.426
-0.354
-0.459
-0.398
-0.378
-0.461
-0.605
-0.74
-0.834
-0.685
-0.77
-0.905
-0.951
-0.935
-1.095
-0.911
-0.943
-0.95
-0.829
-0.838
-0.779
-1.046
-0.7
-0.883
-0.804
-0.859
-0.685
-0.574
-0.551
-0.425
-0.374
-0.04
0.009
0.163
0.181
0.269
0.151
0.33
0.311
0.212
-0.114
0.056
-0.048
-0.021
0.206
0.074
-0.056
-0.054
-0.203
-0.289
-0.499
-0.601
-0.65
-0.641
-0.55
-0.756
-0.594
-0.805
-0.731
-0.725
-0.709
-0.777
-0.763
-0.745
-0.89
-0.724
-0.651
-0.824
-0.885
-0.786
-0.905
-1.113
-0.951
-1.208
-1.146
-1.055
-0.775
-0.726
-1.119
-1.018
-1.231
-1.336
-1.373
-1.524
-1.284
-1.306
-1.238
-1.181
-1.002
-0.951
-0.765
-0.711
-0.65
-0.704
-0.594
-0.212
-0.297
-0.27
-0.344
-0.314
-0.356
-0.361
-0.25
-0.051
0.348
0.524
0.68
0.932
1.054
1.166
1.006
0.964
0.729
0.568
0.715
0.554
0.522
0.482
0.448
0.48
0.291
0.31
0.22
-0.092
-0.253
-0.241
-0.4
-0.331
-0.516
-0.524
-0.634
-0.475
-0.66
-0.662
-0.679
-0.91
-0.874
-0.675
-0.681
-0.715
-1.052
-1.101
-1.088
-0.927
-0.779
-0.89
-0.644
-0.639
-0.496
-0.431
-0.343
-0.326
-0.135
-0.016
10.332
-0.115
-0.196
-0.217
-0.036
0.135
0.181
0.436
0.432
0.263
0.296
0.159
0.101
-0.11
-0.094
0.159
0.378
0.264
0.365
0.061
-0.156
0.06
0.035
-0.041
0.145
-0.037
-0.021
-0.161
-0.263
-0.211
-0.158
0.075
0.107
0.296
0.283
0.265
0.393
0.336
0.307
0.426
0.562
0.649
0.434
0.588
0.631
0.69
0.564
0.594
0.641
0.556
0.456
0.399
0.299
0.085
0.098
0.054
-0.096
-0.16
-0.173
-0.185
-0.195
-0.238
-0.253
-0.295
-0.228
-0.036
-0.056
0.058
0.206
-0.044
-0.107
-0.034
-0.09
-0.094
-0.145
-0.189
-0.168
-0.417
-0.31
-0.09
-0.003
0.169
0.305
0.16
0.359
0.406
0.385
0.212
0.385
0.304
0.249
0.251
0.194
0.209
0.36
0.511
0.53
0.474
0.465
0.279
0.155
0.129
0.22
0.195
0.221
0.022
0.208
0.13
0.054
0.208
0.326
0.241
0.399
0.367
0.35
0.304
0.184
0.096
-0.005
-0.09
-0.193
-0.175
-0.122
-0.149
-0.071
-0.056
-0.115
-0.271
-0.274
-0.236
-0.1
-0.107
-0.139
-0.245
-0.149
-0.134
-0.15
-0.062
-0.085
0.173
0.224
0.289
0.405
0.521
0.635
0.583
0.828
0.534
0.598
0.745
0.794
0.609
0.735
0.796
0.633
0.604
0.479
0.666
0.761
0.769
0.82
0.831
0.944
0.983
1.022
0.915
0.891
0.755
0.946
0.657
0.759
0.92
0.921
0.958
0.922
0.824
0.809
0.644
0.676
0.557
0.36
0.491
0.279
0.356
0.37
0.439
0.506
0.526
0.415
0.464
0.541
0.774
0.81
0.834
0.89
0.815
0.706
0.728
0.66
0.691
0.64
0.934
0.868
1.149
1.058
1.065
1.144
1.255
1.165
0.988
0.927
0.878
0.818
0.749
0.655
0.696
0.693
0.569
0.64
0.458
0.619
0.561
0.522
0.438
0.511
0.394
0.427
0.399
0.559
0.744
0.93
1.163
1.014
0.738
0.75
0.753
0.766
0.725
0.79
0.873
0.944
0.975
0.965
1.151
1.242
1.386
1.334
1.032
0.979
0.809
1.282
1.555
1.471
1.385
1.474
1.397
1.01
1.225
1.203
1.131
1.018
1.134
0.988
0.932
0.799
0.854
1.215
1.079
1.288
1.064
0.885
0.64
0.309
0.166
0.052
0.146
0.224
0.173
0.177
-0.019
-0.186
-0.346
-0.028
-0.163
-0.104
-0.341
-0.331
-0.276
-0.46
-0.517
-0.66
-0.474
-0.487
-0.505
-0.58
-0.655
-0.834
-0.754
-0.891
-0.786
-0.759
-0.859
-0.81
-0.699
-0.848
-0.667
-0.704
-0.749
-0.623
-0.516
-0.484
-0.164
-0.235
-0.134
0.003
0.245
0.06
-0.212
-0.018
-0.12
-0.109
-0.043
-0.021
-0.072
-0.074
-0.07
-0.228
-0.31
-0.225
-0.383
-0.376
-0.3
-0.389
-0.411
-0.281
-0.119
-0.146
-0.041
-0.345
-0.346
-0.366
-0.665
-0.584
-0.624
-0.779
-0.756
-0.723
-0.709
-0.684
-0.408
-0.244
-0.113
-0.116
-0.048
0.121
0.136
0.15
0.181
0.136
0.334
0.116
-0.019
0.188
0.09
0.134
0.075
-0.054
-0.255
-0.109
0.001
-0.02
0.009
-0.166
-0.176
-0.164
-0.266
-0.223
-0.266
-0.475
-0.328
-0.413
-0.359
-0.474
-0.264
-0.351
-0.445
-0.487
-0.509
-0.421
-0.536
-0.61
-0.754
-0.641
-0.662
-0.784
-0.708
-0.659
-0.532
-0.649
-0.74
-0.849
-0.82
-0.534
-0.451
-0.39
-0.466
-0.59
-0.635
-0.562
-0.584
-0.473
-0.329
-0.156
-0.201
-0.245
-0.146
-0.114
-0.059
0.139
0.096
0.164
0.17
0.233
0.211
0.13
0.098
-0.001
-0.146
-0.254
-0.1
-0.335
-0.745
-0.459
-0.299
0.052
0.165
0.384
0.239
0.119
-0.016
0.138
-10.336
0.223
0.388
0.285
0.366
0.251
0.205
0.044
-0.074
-0.295
-0.409
-0.261
-0.516
-0.256
-0.23
-0.294
-0.288
-0.234
-0.289
-0.417
-0.304
-0.501
-0.319
-0.263
-0.109
0.037
-0.07
0.188
-0.088
-0.18
-0.22
-0.203
-0.246
-0.23
-0.146
-0.182
-0.24
-0.312
-0.46
-0.233
-0.451
-0.601
-0.545
-0.52
-0.713
-0.631
-0.576
-0.638
-0.636
-0.561
-0.586
-0.715
-0.815
-0.759
-0.75
-0.662
-0.638
-0.536
-0.459
-0.285
-0.341
-0.394
-0.333
-0.4
-0.51
-0.314
-0.409
-0.366
-0.411
-0.24
-0.176
-0.256
-0.288
-0.375
-0.27
-0.193
-0.31
-0.198
-0.21
-0.193
-0.045
0.03
0.046
-0.139
-0.07
-0.028
0.103
0.116
0.191
0.155
0.425
0.413
0.374
0.284
0.312
0.365
0.256
0.124
0.09
0.061
-0.011
0.066
-0.085
-0.016
-0.052
-0.169
0.104
-0.14
-0.004
0.059
0.111
0.155
0.116
0.105
0.036
-0.168
-0.269
-0.239
-0.265
-0.334
-0.427
-0.506
-0.579
-0.826
-0.797
-0.517
-0.431
-0.517
-0.484
-0.449
-0.756
-0.799
-0.604
-0.522
-0.534
-0.438
-0.649
-0.809
-0.642
-0.427
-0.463
-0.515
-0.357
-0.141
-0.037
0.091
0.071
-0.03
0.163
0.365
0.228
0.486
0.29
-0.092
-0.115
-0.13
0.052
0.052
0.23
0.255
0.334
0.307
0.284
0.414
0.534
0.679
0.372
-0.084
-0.009
-0.134
-0.226
-0.211
-0.284
-0.341
-0.384
-0.623
-0.954
-1.036
-1.048
-1.011
-1.213
-1.177
-1.333
-1.314
-1.264
-1.244
-1.235
-1.333
-1.278
-1.076
-1.149
-0.779
-0.989
-0.654
-0.77
-0.384
-0.226
-0.336
-0.281
-0.058
-0.016
-0.024
-0.015
0.048
-0.005
-0.104
-0.043
0.031
0.146
0.249
0.147
0.356
0.14
0.062
0.114
0.184
0.336
0.3
0.413
0.424
0.39
0.459
0.526
0.53
0.271
0.245
0.11
0.189
0.181
0.211
0.329
0.39
0.478
0.599
0.616
0.54
0.633
0.754
0.726
0.655
0.566
0.645
0.478
0.49
0.586
0.634
0.535
0.299
0.379
0.253
0.273
0.0
0.176
0.164
0.019
-0.029
-0.075
-0.136
-0.139
-0.135
-0.191
-0.28
-0.203
-0.179
-0.405
-0.071
-0.072
-0.13
-0.138
-0.033
-0.043
0.029
-0.149
-0.325
-0.388
-0.315
-0.487
-0.384
-0.341
-0.478
-0.43
-0.234
2.78
0.091
0.208
0.415
0.57
0.514
0.482
0.568
0.629
0.568
0.535
0.496
0.425
0.464
0.519
0.75
0.715
0.996
0.889
1.049
0.995
1.03
1.146
1.147
1.311
1.196
1.195
1.339
1.333
1.224
1.143
1.2
1.198
1.16
1.278
1.204
1.248
1.305
1.218
1.205
1.261
1.284
1.326
1.275
1.157
1.369
1.274
1.11
1.326
1.417
1.415
1.393
1.417
1.474
1.64
1.338
1.413
1.225
1.135
1.134
1.21
1.482
1.524
1.552
1.526
1.56
1.561
1.459
1.63
1.498
1.526
1.397
1.403
1.272
1.334
1.109
0.876
0.961
0.991
1.157
1.056
1.099
0.922
0.804
0.694
0.499
0.679
0.684
0.807
1.032
0.969
1.144
1.213
0.833
0.671
0.726
0.946
0.766
0.66
0.664
0.651
0.416
0.451
0.417
0.54
0.623
0.824
1.045
0.795
0.594
0.445
0.217
0.231
0.225
0.234
0.193
0.152
0.103
0.179
0.206
0.1
0.261
0.134
-0.031
0.094
0.061
-0.018
0.16
0.369
0.446
0.539
0.584
0.636
0.569
0.296
0.406
0.655
0.574
0.834
0.768
0.87
0.858
0.755
0.899
0.741
0.66
0.201
-0.013
-0.007
-0.062
-0.126
-0.118
-0.28
-0.76
-0.94
-0.956
-1.019
-0.965
-0.941
-1.024
-0.912
-0.969
-1.045
-1.357
-1.441
-1.88
-1.886
-1.688
-1.73
-1.496
-1.425
-1.209
-1.25
-1.131
-1.226
-1.188
-1.113
-1.171
-1.083
-1.17
-1.024
-1.054
-1.054
-1.019
-0.805
-0.398
-0.378
-0.352
-0.511
-0.365
-0.336
-0.269
-0.12
0.118
-0.258
-0.158
0.065
-0.212
-0.166
0.08
0.351
0.278
0.126
0.029
0.062
-0.066
-0.21
-0.356
-0.28
-0.505
-0.448
-0.344
-0.405
-0.269
-0.309
-0.264
-0.185
-0.155
-0.133
-0.444
-0.338
-0.195
-0.223
-0.241
-0.144
-0.094
-0.155
-0.375
-0.508
-0.414
-0.441
-0.226
-0.089
-0.288
-0.249
-0.194
-0.258
-0.372
-0.356
-0.394
-0.236
-0.221
-0.189
-0.13
-0.119
-0.079
0.072
-0.184
-0.147
-0.212
-0.556
-0.795
-0.791
-0.784
-0.91
-0.789
-0.73
-0.745
-0.681
-0.584
-0.595
-0.54
-0.42
-0.525
-0.441
-0.366
-0.531
-0.501
-0.586
-0.53
-0.525
-0.703
-0.606
-0.605
-0.586
-0.517
-0.367
-0.242
-0.495
-0.419
-0.505
-0.385
-0.381
-0.086
-0.071
0.054
0.185
0.175
0.169
0.107
0.135
-0.045
0.175
0.249
0.163
0.341
0.319
0.064
0.045
-0.231
0.141
0.121
0.384
0.292
0.386
0.352
-0.051
0.096
0.159
0.121
0.35
0.393
0.475
0.37
0.41
0.31
0.231
0.156
0.193
0.106
0.177
0.274
0.184
0.557
0.38
0.354
0.318
0.326
0.212
0.28
0.421
0.379
0.633
0.694
0.581
0.495
0.281
0.456
0.225
0.216
0.367
0.276
0.291
0.209
0.235
0.519
0.614
0.29
0.139
0.034
-0.106
-0.28
-0.42
-0.296
-0.333
-0.104
0.018
0.033
0.064
-0.118
-0.129
-0.268
-0.564
-0.449
-0.295
-0.211
-0.479
-0.522
-0.657
-0.573
-0.439
-0.562
-0.259
-0.283
-0.375
-0.475
-0.515
-0.515
-0.576
-0.439
-0.381
-0.385
-0.256
-0.48
-0.393
-0.376
-0.326
-0.2
-0.185
0.136
0.101
-0.035
-0.125
-0.2
-0.431
-0.319
-0.234
-0.381
-0.389
-0.168
-0.319
-0.319
-0.391
-0.349
-0.126
-0.245
-0.279
-0.379
-0.479
-0.604
-0.531
-0.495
-0.425
-0.453
-0.211
-0.194
-10.336
-0.31
-0.146
-0.159
-0.146
-0.214
-0.233
-0.074
-0.186
-0.161
