0.104
0.131
0.046
0.049
-0.128
-0.106
-0.035
-0.001
-0.049
0.096
0.333
0.425
0.479
0.309
0.414
0.527
0.575
0.554
0.64
0.756
0.779
0.686
0.774
0.646
0.499
0.578
0.474
0.487
0.315
0.164
-0.029
-0.147
-0.151
-0.12
-0.29
0.13
-0.288
-0.278
-0.096
-0.049
-0.085
-0.122
-0.061
0.154
0.435
0.676
0.82
0.873
0.812
0.738
0.497
0.532
0.484
0.6
0.786
0.84
0.821
0.779
0.537
0.409
0.593
0.758
0.971
1.056
1.044
1.173
1.261
1.239
1.216
1.11
1.116
0.886
0.786
1.015
1.091
1.059
1.044
1.205
1.085
0.843
0.746
0.394
0.291
0.406
0.106
0.351
0.3
0.129
0.152
-0.201
0.031
0.046
0.037
0.12
0.465
0.743
0.816
0.785
0.868
0.703
0.934
1.076
1.002
1.289
1.251
1.073
1.034
1.103
0.963
1.188
1.155
1.208
1.001
1.051
0.905
0.755
1.147
1.026
1.45
1.345
1.505
1.466
1.589
1.664
1.3
1.529
1.519
1.32
1.278
1.17
0.964
0.963
0.733
0.551
0.465
0.696
0.481
0.495
0.354
0.626
0.578
0.633
0.65
0.646
0.432
0.621
0.28
0.071
0.04
-0.288
-0.374
-0.671
-0.819
-0.807
-0.895
-0.843
-0.819
-0.921
-0.956
-0.634
-0.517
-0.419
-0.246
-0.126
-0.106
0.224
0.166
0.06
0.278
0.203
0.435
0.413
0.456
0.354
0.354
0.311
0.208
0.209
0.325
0.339
0.329
0.253
0.135
0.058
0.058
0.199
-0.348
-0.534
-0.405
-0.374
-0.356
-0.44
-0.461
-0.305
-0.361
-0.451
-0.501
-0.496
-0.286
-0.095
-0.048
0.263
0.388
0.415
0.214
0.061
-0.018
-0.163
-0.011
-0.119
-0.01
-0.03
0.039
0.058
0.052
0.225
0.201
0.359
0.484
0.366
0.496
0.193
0.095
0.096
0.15
0.369
0.276
0.206
0.559
0.646
0.443
0.186
0.085
0.211
0.088
0.194
0.052
0.109
-0.015
-0.191
-0.247
-0.011
0.191
0.18
0.29
0.417
0.274
0.065
-0.216
-0.169
-0.188
-0.152
-0.109
-0.1
-0.245
-0.427
-0.596
-0.614
-0.487
-0.324
-0.254
-0.152
-0.319
-0.206
-0.42
-0.454
-0.415
-0.384
-0.531
-0.41
-0.535
-0.585
-0.724
-0.859
-0.638
-0.465
-0.445
-0.486
-0.411
-0.5
-0.774
-0.594
-0.559
-0.583
-0.619
-0.474
-0.646
-0.579
-0.593
-0.584
-0.636
-0.639
-0.768
-0.705
-0.901
-1.071
-1.064
-1.031
-0.85
-0.9
-0.828
-0.84
-0.878
-0.925
-0.989
-0.652
-0.556
-0.531
-0.733
-0.569
-0.465
-0.386
-0.438
-0.416
-0.383
-0.479
-0.546
-0.845
-0.561
-0.651
-0.671
-0.531
-0.581
-0.844
-0.749
-0.848
-0.946
-0.86
-0.7
-0.403
-0.481
-0.36
-0.409
-0.225
-0.256
-0.05
-0.146
-0.094
-0.003
-0.018
0.092
0.391
0.422
0.559
0.335
0.343
0.571
0.701
0.855
0.24
0.355
0.261
0.283
0.343
0.426
0.527
0.497
0.449
0.378
0.359
0.517
0.47
0.4
0.357
0.259
0.089
0.211
0.009
0.171
0.144
0.217
0.23
0.062
0.079
0.105
0.085
0.211
0.251
0.151
0.0
0.115
-0.003
-0.026
-0.086
-0.109
-0.058
-0.238
-0.468
-0.256
-0.126
0.003
0.05
-0.07
-0.028
-0.081
-0.079
-0.185
-0.069
-0.035
-0.035
-0.191
-0.035
-0.265
-0.128
-0.099
-0.146
-0.158
-0.129
-0.095
-0.077
-0.129
-0.01
-0.066
0.03
-0.019
-0.043
0.051
0.146
0.083
0.161
0.083
0.058
0.166
-0.088
-0.205
-0.435
-0.348
-0.231
-0.19
-0.094
0.059
0.124
0.164
0.255
0.113
0.256
0.144
0.356
0.463
0.496
0.601
0.471
0.364
0.435
0.468
0.531
0.555
0.601
0.388
0.494
0.503
0.415
0.367
0.42
0.486
0.448
0.4
0.39
0.096
0.221
0.136
0.05
-0.131
-0.171
-0.288
-0.292
-0.168
-0.181
-0.188
-0.266
-0.19
-0.226
-0.325
-0.343
-0.458
-0.581
-0.458
-0.326
-0.346
-0.441
-0.595
-0.595
-0.666
-0.441
-0.415
-0.168
-0.336
-0.113
0.052
0.292
0.166
0.429
0.396
0.443
0.378
0.338
0.141
0.069
-0.03
-0.306
-0.323
-0.62
-0.7
-0.405
-0.409
-0.486
-0.494
-0.175
-0.401
-0.393
-0.573
-0.674
-0.709
-0.865
-0.824
-0.869
-0.879
-0.89
-0.705
-0.485
-0.174
0.035
0.046
0.146
0.185
0.129
-0.05
-0.105
0.11
0.188
0.228
0.348
0.281
0.283
0.3
0.52
0.45
0.526
0.72
0.656
0.573
0.302
0.072
0.034
-0.072
-0.225
-0.191
-0.065
-0.064
-0.029
-0.174
-0.064
-0.263
-0.33
-0.223
-0.258
-0.168
-0.173
-0.333
-0.31
-0.175
-0.196
-0.028
0.104
0.28
0.284
0.177
0.116
0.003
0.071
-0.129
-0.075
-0.058
-0.019
0.18
0.166
0.133
0.16
0.075
0.129
0.176
0.173
0.03
0.139
-0.026
0.184
0.069
-0.007
0.19
0.144
0.164
0.331
0.256
0.26
0.228
0.376
0.333
0.366
0.285
0.474
0.501
0.514
0.456
0.271
0.309
0.297
0.404
0.505
0.715
0.755
0.836
1.058
0.9
1.244
1.316
1.435
1.189
1.3
1.566
1.331
1.347
1.304
1.279
1.301
-9.92
1.448
1.601
1.57
1.455
1.222
1.165
1.062
1.113
1.201
0.979
1.444
1.338
1.029
0.959
0.901
0.844
0.895
1.07
0.954
0.85
0.755
0.939
1.111
1.145
1.111
1.399
1.328
1.308
1.124
1.155
0.956
1.036
0.986
1.025
0.954
0.905
0.995
1.137
1.173
1.251
1.259
1.123
0.901
0.886
0.85
0.779
0.805
0.809
0.6
0.556
0.421
0.186
0.224
-0.028
-0.109
-0.163
-0.07
-0.058
-0.273
-0.366
-0.398
-0.826
-0.69
-0.974
-0.795
-0.758
-0.736
-0.775
-0.843
-0.603
-0.756
-0.575
-0.519
-0.398
-0.134
-0.2
-0.11
-0.177
-0.181
-0.365
-0.239
-0.177
-0.107
-0.051
-0.069
-0.12
-0.182
-0.198
-0.115
0.191
0.149
0.164
0.23
0.13
0.109
0.193
0.217
0.301
0.276
0.371
0.289
-0.043
-0.139
-0.294
-0.421
-0.396
-0.376
-0.154
-0.049
-0.08
0.206
-0.059
-0.099
-0.301
-0.354
-0.427
-0.292
-0.246
-0.208
-0.234
-0.244
-0.164
-0.261
-0.086
0.007
-0.044
-0.014
-0.143
0.092
0.091
0.13
0.212
0.138
0.208
0.362
0.393
0.348
0.396
0.529
0.532
0.655
0.841
0.856
0.935
1.123
1.091
0.807
0.838
0.738
0.758
0.694
0.551
0.393
0.261
0.1
-0.263
-0.405
-0.482
-0.696
-0.481
-0.629
-0.826
-1.021
-1.005
-0.998
-0.893
-1.039
-1.031
-1.042
-1.151
-1.351
-1.453
-1.279
-1.375
-1.278
-1.279
-1.22
-1.21
-0.96
-0.72
-0.753
-0.682
-0.624
-0.504
-0.361
-0.201
-0.011
-0.165
0.297
0.326
0.469
0.527
0.371
0.324
0.416
0.492
0.403
0.552
0.569
0.355
0.401
0.176
0.094
0.224
0.371
0.323
0.15
0.05
-0.083
-0.066
-0.151
-0.311
-0.424
-0.51
-0.487
-0.536
-0.406
-0.372
-0.318
-0.429
-0.517
-0.408
-0.5
-0.431
-0.424
-0.451
-0.55
-0.534
-0.756
-0.674
-0.506
-0.71
-0.557
-0.646
-0.595
-0.875
-1.171
-1.066
-1.149
-1.046
-1.012
-0.989
-0.904
-0.938
-1.004
-0.856
-0.511
-0.398
-0.425
-0.361
-0.589
-0.606
-0.539
-0.537
-0.517
-0.381
-0.188
-0.146
0.009
-0.07
-0.131
-0.328
-0.385
-0.395
-0.258
-0.253
-0.25
-0.233
-0.524
-0.481
-0.27
-0.294
-0.242
-0.186
-0.212
-0.206
-0.115
0.043
0.151
0.147
0.106
0.113
0.208
0.24
0.174
0.304
0.411
0.451
0.435
0.261
-0.007
-0.092
0.212
-0.013
0.064
-0.166
-0.314
-0.094
-0.025
0.122
0.189
0.16
0.055
-0.228
-0.195
-0.378
-0.314
-0.198
-0.249
-0.396
-0.091
-0.529
-0.635
-0.554
-0.596
-0.511
-0.539
-0.33
-0.471
-0.2
-0.393
-0.398
-0.475
-0.326
-0.249
-0.25
-0.264
-0.194
-0.225
-0.176
0.143
0.17
0.309
0.22
0.36
0.579
0.652
0.652
0.715
0.754
0.69
0.482
0.485
0.4
0.343
0.269
0.152
0.099
0.149
0.181
0.129
0.165
0.003
0.136
0.126
0.149
0.054
-0.055
-0.031
-0.21
-0.23
-0.562
-0.5
-0.37
-0.273
-0.098
-0.235
-0.214
-0.163
-0.206
-0.198
-0.367
-0.454
-0.37
-0.755
-0.642
-0.799
-0.774
-0.675
-0.51
-0.497
-0.568
-0.532
-0.698
-0.542
-0.584
-0.574
-0.28
-0.445
-0.311
-0.473
-0.351
-0.328
-0.083
-0.175
-0.158
-0.113
-0.177
-0.07
0.004
0.109
0.104
0.019
0.005
0.03
-0.069
-0.274
-0.098
-0.028
0.055
0.261
0.168
0.161
0.223
0.175
0.12
0.321
0.318
0.35
0.385
0.441
0.273
0.189
0.186
0.383
0.456
0.497
0.479
0.614
0.69
0.642
0.444
0.539
0.576
0.4
0.385
0.188
0.225
0.056
-0.066
-0.32
-0.235
-0.414
-0.529
-0.594
-0.49
-0.485
-0.435
-0.555
-0.492
-0.39
-0.372
-0.369
-0.42
-0.482
-0.61
-0.696
-0.723
-0.58
-0.911
-0.69
-0.941
-0.775
-0.701
-0.519
-0.18
-0.061
0.054
0.238
0.174
0.383
0.453
0.486
0.708
0.855
0.864
0.782
0.633
0.641
0.704
0.709
0.66
0.589
0.671
0.316
0.481
0.39
0.549
0.573
0.655
0.664
0.682
0.691
0.728
0.814
0.931
0.92
1.035
1.042
1.076
1.185
1.214
1.214
1.229
1.21
1.261
1.104
1.101
1.225
1.169
1.366
1.153
1.224
1.206
1.103
1.137
1.079
0.974
1.09
1.242
1.373
1.506
1.6
1.42
1.29
1.377
1.159
1.206
1.091
1.407
1.425
1.328
1.411
1.421
1.27
1.218
1.046
1.183
1.436
1.439
1.54
1.454
1.394
1.469
1.308
0.986
0.894
0.44
0.301
0.439
0.367
0.349
0.39
0.429
0.609
0.751
0.829
0.859
0.792
0.679
1.052
0.441
0.39
0.496
0.357
0.506
0.526
0.431
0.441
0.431
0.641
0.394
0.436
0.608
0.547
0.606
0.302
0.242
0.105
0.181
0.164
0.133
0.134
0.229
0.427
0.449
0.206
0.15
0.199
0.089
0.113
0.143
0.26
0.32
0.369
0.163
0.19
0.107
0.111
0.154
0.035
-0.109
-0.199
-0.446
-0.487
-0.479
-0.629
-0.689
-0.69
-0.716
-0.38
-0.583
-0.492
-0.307
-0.416
-0.285
-0.193
-0.115
-0.1
0.041
-0.039
0.092
0.121
-0.007
-0.12
0.001
-0.331
-0.362
-0.329
-0.413
-0.394
-0.546
-0.487
-0.521
-0.466
-0.478
-0.401
-0.193
-0.356
-0.263
-0.296
-0.256
-0.309
-0.406
-0.479
-0.574
-0.595
-0.395
-0.385
-0.186
-0.013
-0.084
-0.487
-0.307
-0.364
-0.324
-0.12
-0.291
0.056
-0.014
-0.216
-0.649
-0.404
-0.27
-0.253
-0.18
-0.261
-0.018
-0.083
-0.066
0.158
0.105
0.176
0.318
0.084
-0.07
0.284
0.391
0.44
0.573
0.531
0.633
0.55
0.855
0.907
0.935
0.899
0.963
0.941
0.786
0.76
0.72
0.594
0.828
0.52
0.246
0.092
-0.143
-0.255
-0.242
-0.398
-0.66
-0.804
-1.091
-0.976
-1.131
-0.971
-0.848
-0.744
-0.893
-0.819
-1.19
-1.167
-1.064
-1.08
-1.046
-1.052
-0.856
-0.655
-0.44
-0.389
-0.216
-0.263
-0.384
-0.323
-0.3
-0.354
-0.206
-0.164
-0.062
0.159
0.022
0.035
-0.125
-0.242
-0.174
-0.346
-0.438
-0.405
-0.205
0.198
0.04
0.122
0.2
0.029
0.071
-0.103
-0.079
-0.249
-0.285
-0.53
-0.664
-0.545
-0.59
-0.434
-0.323
-0.311
-0.328
-0.321
-0.389
-0.251
-0.334
-0.431
-0.398
-0.375
-0.566
-0.586
-0.55
-0.405
-0.535
-0.539
-0.655
-0.77
-0.75
-0.821
-0.754
-0.89
-0.726
-0.595
-0.655
-0.584
-0.738
-0.885
-0.525
-0.708
-0.453
-0.532
-0.63
-0.646
-0.547
-0.635
-0.453
-0.541
-0.44
-0.271
-0.266
0.001
0.011
-0.011
0.03
0.281
0.352
0.671
0.706
0.451
0.45
0.446
0.575
0.6
0.5
0.527
0.214
-0.035
0.048
0.099
-0.07
0.107
-0.133
-0.2
-0.376
-0.394
-0.521
-0.916
-0.969
-0.758
-0.652
-0.609
-0.674
-0.532
-0.728
-0.415
-0.344
-0.496
-0.61
-0.775
-1.035
-1.065
-0.978
-0.844
-0.745
-0.58
-0.458
-0.499
-0.492
-0.344
-0.369
-0.525
-0.69
-0.88
-0.969
-1.23
-1.33
-1.314
-1.199
-1.136
-1.031
-0.766
-0.67
-0.6
-0.586
-0.532
-0.21
-0.301
-0.341
-0.561
-0.499
-0.549
-0.441
-0.634
-0.585
-0.427
-0.193
0.056
0.011
-0.141
-0.306
-0.175
-0.091
0.035
-0.019
-0.049
-0.138
-0.265
-0.309
-0.288
-0.254
-0.084
-0.055
0.163
0.238
0.406
0.188
0.221
0.275
0.301
0.39
0.709
0.864
0.964
1.049
1.163
1.083
1.039
1.073
1.176
1.176
1.0
0.84
0.85
0.631
0.686
0.441
0.181
0.346
0.314
0.278
0.309
0.143
0.205
0.077
0.254
0.146
0.191
0.251
0.168
0.242
0.22
0.134
0.32
0.234
0.126
0.141
0.159
0.173
0.199
0.061
0.071
0.013
0.186
0.247
0.145
0.186
0.037
-0.125
-0.1
0.225
0.379
0.03
0.033
0.099
0.154
0.159
0.035
-0.074
-0.205
-0.12
-0.164
0.015
0.115
0.048
0.126
0.448
0.279
0.471
0.547
0.596
0.456
0.463
0.426
0.486
0.604
0.819
0.656
0.899
0.859
0.724
0.941
0.756
0.914
0.68
0.458
0.41
0.527
0.53
0.758
0.861
0.846
0.91
1.167
1.15
1.004
0.886
1.015
1.345
1.316
1.246
1.213
1.391
1.374
1.363
1.323
1.395
1.351
1.33
1.056
1.103
1.279
1.181
1.369
1.397
1.446
1.21
0.949
0.864
0.975
0.868
0.723
0.688
0.699
0.544
0.436
0.515
0.522
0.359
0.52
0.261
0.398
0.175
0.028
0.41
0.535
0.425
0.525
0.46
0.482
0.307
0.163
0.205
0.039
0.371
0.29
0.27
0.316
0.158
0.403
0.314
0.655
0.703
0.664
0.385
0.281
0.184
0.251
0.455
0.385
0.375
0.541
0.435
0.471
0.175
0.271
0.586
0.23
0.071
0.091
0.18
0.276
0.307
0.311
0.366
0.568
0.569
0.586
0.705
0.691
0.633
0.628
0.676
0.583
0.594
0.677
0.669
0.766
0.74
0.639
0.715
0.939
0.816
0.809
0.82
0.761
0.728
0.665
0.723
0.838
0.68
0.62
0.565
0.565
0.514
0.42
0.336
0.354
0.146
0.036
0.164
-0.049
-0.14
-0.043
-0.065
-0.101
-0.007
-0.07
-0.062
-0.186
-0.603
-0.751
-1.029
-0.975
-0.723
-0.638
-0.588
-0.335
-0.474
-0.458
-0.454
-0.334
-0.054
0.029
0.242
0.217
0.176
0.144
0.228
0.196
0.141
0.044
0.128
-0.092
-0.319
-0.336
-0.432
-0.6
-0.589
-0.54
-0.753
-0.589
-0.469
-0.628
-0.608
-0.547
-0.461
-0.388
-0.536
-0.338
-0.583
-0.556
-0.516
-0.459
-0.539
-0.589
-0.485
-0.875
-0.713
-0.916
-0.629
-0.458
-0.417
-0.357
-0.334
-0.369
-0.334
-0.45
-0.535
-0.8
-0.741
-0.605
-0.48
-0.458
-0.31
-0.434
-0.435
-0.425
-0.275
-0.018
-0.056
-0.176
0.184
-0.104
-0.019
-0.286
-0.138
-0.118
-0.043
0.301
0.491
0.686
0.609
0.7
0.821
0.768
0.76
0.845
0.734
0.753
0.809
0.801
0.765
0.53
0.534
0.52
0.527
0.089
-0.254
-0.383
-0.564
-0.67
-0.901
-0.83
-0.991
-1.055
-0.873
-0.814
-0.92
-0.826
-0.871
-0.812
-0.978
-0.922
-0.829
-0.86
-0.824
-0.924
-0.74
-0.865
-0.691
-0.39
-0.28
-0.179
-0.15
-0.134
-0.244
-0.258
-0.331
-0.228
-0.185
-0.08
-0.138
-0.05
0.086
0.046
0.446
0.309
0.295
0.088
-0.113
-0.103
-0.413
-0.441
-0.639
-0.731
-0.575
-0.56
-0.401
-0.388
-0.425
-0.261
-0.276
-0.203
-0.216
-0.224
-0.229
0.028
-0.146
-0.158
-0.344
-0.489
-0.455
-0.25
-0.165
-0.288
-0.281
-0.255
-0.165
-0.31
-0.361
-0.234
-0.171
-0.12
-0.12
-0.04
-0.014
-0.122
0.001
0.092
0.066
0.274
0.384
0.443
0.319
0.391
0.425
0.49
0.451
0.482
0.475
0.404
0.514
0.396
0.425
0.389
0.539
0.247
0.223
0.404
0.214
0.059
-0.174
-0.371
-0.375
-0.304
-0.209
-0.005
-0.043
-0.04
-0.21
-0.511
-0.496
-0.609
-0.666
-0.604
-0.763
-0.545
-0.481
-0.456
-0.494
-0.671
-0.641
-0.644
-0.551
-0.522
-0.516
-0.18
-0.141
0.007
0.136
0.195
0.225
0.228
0.374
0.47
0.481
0.399
0.291
0.274
0.259
0.415
0.61
0.546
0.495
0.631
0.88
0.684
0.578
0.711
0.611
0.61
0.804
0.755
1.106
0.83
0.959
0.818
0.736
0.667
0.326
0.424
0.345
0.316
0.35
0.238
0.223
0.193
0.244
-0.114
-0.164
-0.13
-0.339
-0.454
-0.492
-0.509
-0.662
-0.511
-0.56
-0.294
-0.304
-0.575
-0.681
-0.856
-0.936
-0.52
-0.611
-0.569
-0.419
-0.199
-0.217
-0.343
-0.362
-0.461
-0.426
-0.035
0.139
0.06
0.228
0.471
0.396
0.408
0.41
0.504
0.346
0.509
0.384
0.175
0.15
0.3
0.191
0.152
0.176
0.139
0.171
-0.049
-0.121
-0.188
-0.315
-0.24
-0.165
-0.109
-0.07
0.201
0.072
-0.045
0.195
0.033
-0.138
-0.164
-0.319
-0.345
-0.301
-0.404
-0.166
-0.325
-0.398
-0.406
-0.264
-0.343
-0.335
-0.324
-0.536
-0.67
-0.519
-0.551
-0.449
-0.69
-0.708
-0.566
-0.475
-0.264
-0.07
-0.111
-0.125
10.332
-0.733
-0.348
-0.054
0.081
0.128
0.191
0.285
0.41
0.383
0.56
0.421
0.522
0.646
0.685
0.491
0.446
0.58
0.383
0.591
0.496
0.494
0.465
0.588
0.625
0.595
0.856
1.001
0.989
0.87
0.823
0.976
0.954
1.135
1.16
1.155
1.069
0.964
1.018
1.079
1.079
1.018
0.795
0.753
0.49
0.655
0.851
0.805
0.78
0.78
0.624
0.659
0.319
0.302
0.209
0.239
0.234
0.364
0.526
0.623
0.881
0.946
0.949
0.994
1.396
1.25
1.424
1.57
1.376
1.281
1.22
1.311
1.251
1.015
0.955
0.985
1.229
1.371
1.429
1.357
1.379
1.304
1.423
1.389
1.281
1.145
0.984
0.706
0.569
0.169
0.19
0.524
0.486
0.212
0.32
0.211
0.098
0.44
0.35
0.519
0.556
0.524
0.345
0.276
0.239
0.223
0.099
0.156
0.037
0.186
0.114
0.306
0.706
0.911
0.682
0.475
0.253
-0.259
-0.258
-0.545
-0.188
-0.242
0.085
0.225
0.388
0.184
0.136
0.091
0.239
0.318
0.326
0.125
-0.061
-0.177
-0.623
-0.983
-0.968
-0.925
-0.792
-0.497
-0.239
-0.18
-0.352
-0.526
-0.586
-0.487
-0.59
-0.26
-0.156
-0.276
-0.417
-0.48
-0.334
-0.461
-0.375
-0.45
-0.307
-0.141
-0.18
-0.201
-0.024
-0.103
0.003
-0.09
-0.225
-0.034
-0.004
-0.163
-0.235
-0.21
0.177
0.211
0.147
-0.044
-0.081
0.171
0.292
0.099
0.295
0.26
0.276
0.265
0.478
0.672
0.544
0.792
0.796
0.894
0.785
0.729
0.657
0.68
0.441
0.341
0.429
0.071
0.208
0.283
0.306
0.443
0.422
0.297
0.021
-0.054
-0.281
-0.235
-0.29
-0.203
-0.08
-0.214
-0.271
-0.299
-0.499
-0.463
-0.631
-0.684
-0.665
-0.478
-0.591
-0.529
-0.426
-0.703
-0.836
-0.897
-0.711
-0.56
-0.581
-0.458
-0.621
-0.486
-0.511
-0.494
-0.246
-0.323
-0.179
-0.333
-0.45
-0.111
-0.059
-0.01
-0.326
-0.473
-0.378
-0.455
-0.655
-0.41
-0.674
-0.484
-0.503
-0.405
-0.417
-0.048
0.105
0.203
0.274
0.166
0.088
-0.09
-0.261
-0.401
-0.226
-0.448
-0.292
-0.305
-0.08
-0.022
-0.039
-0.11
0.307
0.286
0.221
0.371
0.114
0.101
0.12
-0.111
-0.372
-0.444
-0.449
-0.524
-0.539
-0.72
-0.774
-1.061
-1.091
-1.206
-1.255
-1.164
-1.074
-1.171
-0.958
-1.093
-1.038
-0.819
-0.901
-0.614
-0.739
-0.784
-0.633
-0.571
-0.504
-0.427
-0.085
-0.095
-0.376
-0.284
-0.67
-0.459
-0.578
-0.339
-0.311
-0.143
-0.255
-0.291
-0.436
-0.206
-0.043
0.149
0.398
0.266
0.281
0.065
0.107
0.258
0.116
0.15
0.165
0.247
0.074
-0.111
-0.14
-0.126
-0.071
-0.275
-0.115
-0.17
-0.239
0.133
-0.156
-0.096
-0.156
0.028
-0.209
-0.06
-0.083
-0.041
-0.27
-0.351
-0.026
-0.254
0.024
0.118
0.03
0.024
-0.083
-0.031
0.001
0.15
0.228
0.508
0.62
0.626
0.574
0.599
0.584
0.461
0.453
0.856
0.906
0.948
0.934
0.694
0.403
0.546
0.219
0.404
0.301
0.346
0.212
0.064
-0.1
-0.037
0.009
-0.111
-0.328
-0.31
-0.514
-0.655
-0.501
-0.681
-0.806
-0.818
-1.069
-1.193
-1.325
-1.448
-1.673
-1.451
-1.127
-1.188
-1.106
-1.042
-1.155
-1.088
-1.137
-1.052
-1.031
-0.804
-0.744
-0.763
-0.781
-0.787
-0.829
-0.855
-0.515
-0.475
-0.273
-0.145
-0.155
0.02
0.004
0.039
0.116
0.15
0.503
0.593
0.716
0.731
0.744
0.726
0.77
0.631
0.87
0.896
0.786
0.901
0.799
0.754
0.91
0.802
0.815
0.943
0.836
0.904
0.815
0.708
0.811
0.889
0.931
0.845
0.958
1.083
0.99
0.943
0.999
0.741
0.686
0.557
0.526
0.51
0.403
0.424
0.286
0.06
-0.09
-0.126
-0.149
0.039
-0.003
-0.199
-0.33
-0.524
-0.618
-0.666
-0.786
-0.552
-0.354
-0.279
-0.159
-0.133
-0.155
-0.194
0.049
0.075
0.037
0.163
0.292
0.209
0.016
-0.056
-0.075
0.072
-0.379
-0.055
0.054
0.245
0.281
0.235
0.306
0.139
0.348
0.173
0.309
0.361
0.188
0.173
0.149
0.214
0.077
0.181
0.261
0.314
0.289
0.65
0.584
0.549
0.664
0.479
0.656
0.379
0.44
0.504
0.354
0.471
0.529
0.628
0.758
0.864
0.941
0.92
0.66
0.391
0.25
0.288
0.065
0.225
0.335
0.348
0.58
0.814
0.799
0.981
0.796
1.106
1.226
1.225
1.3
1.532
1.407
1.213
1.242
1.27
1.278
1.364
1.434
1.779
1.766
1.756
1.66
1.486
1.469
1.295
1.413
1.485
1.594
1.251
1.083
1.119
0.925
0.818
0.734
0.698
0.68
0.445
0.305
0.141
0.055
0.001
-0.14
-0.295
-0.312
-0.432
-0.698
-0.797
-1.026
-1.137
-1.069
-1.203
-1.306
-1.265
-1.19
-0.557
-0.985
-0.926
-0.799
-0.829
-0.754
-0.667
-0.641
-0.474
-0.5
-0.591
-0.751
-0.471
-0.621
-0.468
-0.294
-0.504
-0.532
-0.601
-0.165
0.085
0.28
0.203
0.156
0.037
0.211
0.006
0.179
0.399
0.484
0.449
0.517
0.6
0.608
0.591
0.705
0.856
0.988
1.213
0.761
0.79
0.638
0.561
0.626
0.541
0.559
0.435
0.562
0.603
0.706
0.74
0.478
0.537
0.636
0.329
0.191
0.22
-0.014
-0.256
-0.404
-0.043
-0.007
-0.122
-0.217
-0.346
-0.4
-0.529
-0.609
-0.545
-0.871
-0.771
-0.897
-0.704
-0.985
-0.895
-0.729
-0.667
-0.949
-1.271
-1.35
-1.389
-1.385
-1.295
-1.414
-1.456
-1.395
-1.381
-1.058
-0.901
-0.809
-0.886
-0.669
-0.72
-0.861
-0.701
-0.753
-0.902
-0.709
-0.725
-0.819
-0.578
-0.839
-0.671
-0.744
-0.741
-0.734
-0.633
-0.744
-0.911
-0.848
-1.014
-1.004
-0.819
-0.775
-0.792
-0.519
-0.562
-0.583
-0.551
-0.449
-0.497
-0.704
-0.519
-0.492
-0.389
-0.301
-0.261
0.04
0.221
0.147
0.125
0.081
0.16
0.276
0.32
0.356
0.436
0.473
0.436
0.706
0.721
0.771
0.657
0.455
0.559
0.756
0.865
0.858
0.907
0.772
0.894
0.6
0.792
0.725
0.74
0.568
0.542
0.539
0.453
0.409
0.475
0.474
0.435
0.487
0.473
0.208
0.026
-0.013
-0.064
0.115
-0.021
-0.211
-0.369
-0.378
-0.333
-0.596
-0.574
-0.535
-0.48
-0.539
-0.49
-0.779
-0.893
-0.943
-0.919
-1.025
-1.191
-1.19
-1.123
-1.47
-10.336
-1.335
-1.252
-1.208
-1.011
-0.794
-0.547
-0.504
-0.378
-0.716
-0.439
-0.6
-0.522
-0.49
-0.422
-0.401
-0.492
-0.289
-0.156
-0.136
0.12
0.365
0.273
0.228
0.214
0.13
-0.062
0.155
0.206
0.425
0.764
0.849
0.904
0.921
0.886
0.743
0.776
0.634
0.537
0.635
0.569
0.568
0.441
0.621
0.654
0.609
0.628
0.689
0.421
0.284
0.289
0.076
0.0
0.029
-0.09
-0.11
0.007
0.026
0.205
0.139
0.448
0.419
0.541
0.743
0.916
1.041
0.944
0.77
0.765
0.753
0.943
0.743
0.759
0.77
0.786
0.799
0.765
0.705
0.705
0.42
0.369
0.206
0.166
0.186
0.096
-0.066
-0.189
0.059
0.076
0.089
0.158
0.285
0.022
-0.011
-0.151
-0.249
-0.436
-0.636
-0.512
-0.48
-0.487
-0.469
-0.365
-0.285
-0.431
-0.501
-0.48
-0.531
-0.482
-0.54
-0.279
-0.631
-0.689
-0.565
-0.583
-0.598
-0.639
-0.466
-0.514
-0.417
-0.473
-0.335
-0.314
-0.515
-0.499
-0.646
-0.575
-0.547
-0.315
-0.264
-0.214
-0.216
-0.225
-0.009
0.103
0.239
0.309
0.435
0.804
0.68
0.677
0.524
0.649
0.666
0.739
0.915
1.295
1.278
1.262
1.522
1.453
1.586
1.17
1.239
1.196
1.06
1.096
0.796
0.743
0.611
1.157
0.951
1.054
1.279
1.15
1.146
1.024
0.829
0.848
0.779
0.735
0.665
0.821
0.629
0.649
0.647
0.588
0.544
0.419
0.279
0.028
-0.092
-0.125
-0.294
-0.12
-0.17
-0.091
0.031
-0.169
-0.321
-0.086
-0.328
-0.185
-0.19
-0.359
-0.304
-0.211
-0.255
-0.124
-0.064
0.258
0.345
0.478
0.521
0.546
0.43
0.551
0.651
0.758
0.383
0.626
0.414
0.593
0.451
0.52
0.369
0.427
0.321
0.118
0.295
0.594
0.466
0.594
0.393
0.349
0.519
0.388
0.28
0.164
0.258
0.422
0.26
0.164
0.134
-0.111
-0.128
-0.092
-0.176
-0.124
0.009
0.085
-0.105
0.01
0.136
0.376
0.524
0.681
0.809
0.856
0.954
0.728
0.74
0.404
0.394
0.171
0.179
0.114
0.045
0.107
0.13
0.25
-0.258
-0.1
-0.203
-0.1
0.069
-0.022
-0.091
-0.115
-0.081
-0.307
-0.029
-0.27
-0.15
-0.188
-0.129
-0.106
-0.18
-0.035
-0.135
-0.125
0.103
-0.006
0.304
0.348
0.4
0.33
0.268
0.228
0.121
0.062
0.044
0.19
0.35
0.516
0.46
0.289
0.371
0.271
0.336
0.535
0.419
0.391
0.263
0.076
0.046
-0.091
-0.089
0.072
0.029
0.179
-0.19
-0.179
0.079
0.441
0.756
0.848
0.792
0.924
0.896
0.662
0.501
0.728
0.812
0.991
0.815
0.766
0.608
0.165
-0.02
-0.219
0.146
0.06
0.556
0.924
0.501
0.364
0.079
0.455
0.435
0.521
0.421
0.229
0.246
0.208
-0.124
-0.143
-0.059
0.0
0.135
0.292
0.385
0.18
0.044
-0.133
-0.31
-0.431
-0.474
-0.3
-0.194
-0.075
-0.429
-0.274
-0.369
-0.294
-0.32
-0.13
-0.265
-0.47
-0.478
-0.318
-0.38
-0.614
-0.638
-0.59
-0.435
-0.568
-0.652
-0.574
-0.859
-0.981
-0.815
-0.926
-0.871
-0.796
-0.84
-0.775
-1.175
-1.245
-1.301
-1.314
-1.429
-1.167
-0.88
-0.792
-0.775
-0.604
-0.766
-0.785
-0.581
-0.504
-0.562
-0.557
-0.524
-0.564
-0.49
-0.578
-0.535
-0.67
-0.655
-0.372
-0.59
-0.74
-0.539
-0.471
-0.631
-0.599
-0.512
-0.604
-0.527
-0.316
-0.469
-0.329
-0.195
-0.415
-0.357
-0.401
-0.105
-0.122
-0.188
-0.014
-0.015
-0.128
0.021
-0.121
-0.113
-0.088
-0.013
0.175
0.312
0.383
0.527
0.366
0.681
0.729
0.89
1.061
1.241
1.133
1.22
1.019
0.812
0.718
0.601
0.674
0.708
0.792
0.729
0.771
0.751
0.844
0.786
0.61
0.669
0.536
0.36
0.089
0.206
0.113
0.043
0.065
0.115
-0.016
-0.074
-0.235
-0.33
-0.223
-0.173
-0.395
-0.312
-0.301
-0.271
-0.107
-0.221
-0.021
-0.077
-0.11
0.098
0.106
0.196
0.233
0.259
0.456
0.573
0.596
0.408
0.229
0.253
0.086
0.039
0.275
0.297
0.45
0.517
0.44
0.343
0.27
0.285
0.169
0.116
0.058
0.103
0.089
-0.055
-0.221
-0.126
-0.145
-0.09
-0.136
-0.031
-0.16
-0.315
-0.356
-0.496
-0.446
-0.667
-7.649
-0.814
-0.854
-0.917
-1.265
-1.298
-1.24
-1.228
-1.052
-1.051
-1.004
-0.958
-1.154
-1.044
-0.855
-0.781
-0.696
-0.473
-0.532
-0.454
-0.51
-0.367
-0.259
-0.295
-0.364
-0.166
-0.141
-0.004
0.143
0.434
0.525
0.512
0.565
0.547
0.82
0.654
0.247
0.129
0.095
0.318
0.469
0.626
0.576
0.756
0.698
0.844
0.726
0.835
0.878
0.657
0.63
0.834
0.654
0.655
0.76
0.825
1.119
0.914
0.87
0.965
1.167
1.231
1.584
1.481
1.476
1.225
0.876
0.826
0.591
0.657
0.826
1.025
1.089
0.97
0.851
0.879
0.886
0.73
0.424
0.378
0.413
0.492
0.591
0.37
0.383
0.446
0.394
0.301
0.348
0.32
0.554
0.681
0.539
0.424
0.088
0.075
-0.036
-0.016
-0.133
-0.209
-0.254
-0.285
-0.21
-0.369
-0.511
-0.601
-0.195
-0.316
-0.316
0.001
-0.325
-0.294
-0.212
-0.17
-0.286
-0.058
0.14
0.283
0.495
0.542
0.588
0.774
0.688
0.794
0.895
0.855
0.728
0.475
0.58
0.177
0.217
0.274
0.333
0.288
0.439
0.324
0.009
0.176
0.469
0.503
0.504
0.564
0.586
0.43
0.32
0.306
0.318
0.43
0.625
0.812
0.784
0.764
1.01
1.2
1.147
1.0
0.574
0.289
0.413
0.182
0.179
0.255
0.236
0.058
-0.1
-0.075
0.021
-0.205
-0.302
-0.311
-0.245
-0.244
-0.106
0.165
0.133
0.221
0.19
-0.089
-0.1
-0.03
-0.064
-0.005
-0.169
-0.3
-0.379
-0.474
-0.573
-0.401
-0.454
-0.396
-0.38
-0.464
-0.35
-0.434
-0.343
-0.32
-0.47
-0.393
-0.435
-0.46
-0.625
-0.564
-0.471
-0.259
-0.331
-0.253
-0.422
-0.499
-0.374
-0.404
-0.417
-0.265
-0.24
-0.168
-0.497
-0.638
-0.551
-0.466
-0.54
-0.385
-0.231
-0.195
-0.246
-0.269
-0.299
-0.092
-0.129
-0.174
-0.285
-0.51
-0.456
-0.579
-0.595
-0.574
-0.118
0.06
0.263
0.366
0.497
0.701
0.672
0.446
0.425
0.426
0.393
0.398
0.444
0.569
0.545
0.198
0.266
0.321
0.276
0.404
0.403
0.361
0.681
0.504
0.76
0.677
0.364
0.241
0.099
0.133
-0.013
0.316
0.478
0.608
0.682
0.728
0.496
0.4
0.268
0.367
0.236
0.094
0.05
-0.189
-0.314
-0.263
-0.478
-0.605
-0.761
-0.834
-0.863
-0.723
-0.973
-1.125
-1.236
-1.153
-1.088
-0.974
-1.141
-1.08
-0.92
-0.774
-0.684
-0.496
-0.417
-0.22
-0.1
-0.06
0.07
-0.015
-0.01
-0.239
-0.219
-0.344
-0.22
-0.091
0.065
0.138
-0.154
-0.09
-0.318
-0.616
-0.301
-0.307
0.085
0.006
-0.184
0.005
-0.085
-0.018
-0.031
0.01
0.099
0.109
0.163
0.348
0.182
0.125
0.114
0.164
0.259
0.103
0.029
0.151
0.011
-0.025
-0.208
-0.275
-0.06
0.091
0.037
-0.011
0.037
-0.106
-0.263
-0.156
-0.069
-0.015
0.083
0.106
-0.025
0.014
0.14
0.104
0.028
-0.05
-0.251
-0.615
-0.662
-0.52
-0.708
-0.568
-0.379
-0.288
-0.339
-0.403
-0.638
-0.72
-0.922
-0.843
-0.496
-0.321
-0.379
-0.497
-0.369
-0.281
-0.542
-0.319
-0.182
-0.21
-0.166
-0.107
-0.422
-0.44
-0.356
-0.151
-0.106
-0.29
-10.336
-0.408
-0.292
-0.354
-0.291
-0.285
-0.118
0.114
0.133
0.003
-0.144
-0.064
0.12
0.083
0.098
-0.061
0.037
0.024
-0.131
-0.044
-0.278
-0.319
-0.348
-0.35
-0.478
-0.527
-0.646
-0.723
-0.895
-0.839
-0.838
-0.527
-0.478
-0.509
-0.49
-0.312
-0.451
-0.288
-0.468
-0.31
-0.101
-0.186
0.104
0.256
0.323
0.349
0.312
0.278
0.129
0.188
0.359
0.436
0.682
0.586
0.745
0.826
0.896
0.845
0.75
0.718
0.552
0.571
0.531
0.29
0.367
0.334
0.36
0.331
0.419
0.435
0.765
0.705
0.6
0.525
0.5
0.486
0.275
0.466
0.359
0.386
0.494
0.465
0.343
0.544
0.761
0.519
0.537
0.545
0.63
0.484
0.534
0.239
0.278
0.496
0.398
0.464
0.464
0.535
0.56
0.47
0.215
0.086
-0.03
0.003
0.07
0.089
0.013
-0.25
-0.228
-0.096
0.043
-0.136
-0.004
-0.122
0.043
-0.163
-0.164
0.094
0.18
0.146
0.205
0.384
0.286
0.179
0.259
0.302
0.503
0.43
0.296
0.2
-0.131
0.037
-0.015
-0.181
-0.163
-0.175
-0.421
-0.316
-0.28
-0.223
0.26
0.28
2.606
0.532
0.642
0.601
0.544
0.638
0.419
0.578
0.688
0.514
0.413
0.173
0.055
-0.211
-0.165
-0.521
-0.275
-0.179
-0.022
-0.15
-0.106
-0.301
-0.344
-0.435
-0.574
-0.357
-0.371
-0.461
-0.241
-0.158
0.061
-0.086
0.196
0.24
0.703
0.586
0.374
0.36
0.234
0.48
0.372
0.383
0.609
0.814
0.671
0.86
0.791
0.688
0.784
0.521
0.279
0.586
0.316
0.388
0.685
0.825
0.826
0.85
0.719
0.684
0.915
0.776
0.57
0.865
0.883
1.224
0.85
0.915
0.864
0.807
0.894
0.878
0.744
0.681
0.949
0.955
1.055
0.881
0.902
1.199
0.939
1.059
0.899
0.915
0.864
0.777
10.332
10.332
0.979
0.945
0.583
0.471
0.393
0.226
0.088
0.195
0.401
0.466
0.492
0.662
0.604
0.71
0.406
0.301
0.324
0.367
0.367
0.352
0.444
0.223
0.158
0.089
-0.152
0.081
0.044
0.075
-0.062
-0.069
0.072
-0.215
-0.122
-0.315
-0.12
-0.25
-0.205
-0.155
-0.489
-0.539
-0.409
-0.545
-0.799
-0.86
-0.854
-0.911
-0.728
-0.674
-0.555
-0.573
-0.443
-0.441
-0.136
-0.274
-0.085
-0.031
-0.11
0.062
0.051
0.074
0.223
0.107
0.039
0.026
-0.03
-0.009
-0.09
-0.154
-0.095
0.04
0.145
0.165
0.235
0.224
0.238
0.161
0.348
0.305
0.139
0.106
0.224
0.138
0.066
0.366
0.19
0.11
0.029
0.039
0.006
-0.194
-0.674
-0.743
-0.506
-0.608
-0.448
-0.121
0.134
-0.001
-0.168
-0.199
-0.206
-0.191
-0.074
-0.221
-0.422
-0.249
-0.364
-0.19
-0.301
-0.083
0.031
0.114
0.086
-0.056
-0.372
-0.241
-0.274
-0.154
-0.375
-0.261
-0.352
-0.205
-0.509
-0.38
-0.454
-0.555
-0.693
-0.88
-0.64
-0.55
-0.549
-0.715
-0.959
-0.547
-0.768
-0.492
-0.5
-0.336
-0.288
-0.46
-0.623
-0.91
-0.728
-0.709
-0.874
-0.836
-0.885
-0.77
-0.939
-1.088
-1.088
-0.949
-0.816
-0.924
-0.931
-0.931
-1.042
-0.82
-0.514
-0.325
-0.426
-0.53
-0.5
-0.296
-0.537
-0.83
-0.875
-0.802
-0.706
-0.596
-0.367
-0.289
-0.371
-0.645
-0.726
-0.556
-0.728
-0.811
-0.745
-0.809
-0.81
-0.963
-1.105
-1.262
-1.244
-1.449
-1.304
-1.219
-1.184
-1.211
-1.22
-1.04
-1.04
-1.089
-0.87
-0.776
-0.615
-0.114
-0.254
-0.028
0.139
0.33
0.561
0.372
0.286
0.021
0.024
-0.077
-0.061
-0.08
0.104
-0.058
0.215
0.06
-0.069
-0.198
-0.2
-0.211
-0.295
-0.198
-0.331
-0.275
-0.331
-0.413
-0.671
-0.519
-0.345
-0.264
-0.38
-0.406
-0.329
-0.451
-0.654
-0.458
-0.728
-0.583
-0.578
-0.509
-0.367
-0.165
-0.118
-0.024
-0.091
-0.294
-0.109
-0.215
-0.514
-0.74
-0.736
-0.527
-0.395
-0.297
-0.024
-0.149
-0.103
-0.028
0.009
-0.288
-0.089
-0.043
0.096
-0.066
-0.051
0.154
-0.035
0.101
0.223
0.21
0.32
0.321
0.566
0.471
0.481
0.532
0.53
0.84
0.919
0.725
0.791
0.482
0.37
0.379
0.294
0.451
0.468
0.571
0.649
0.677
0.677
0.886
0.968
0.725
0.844
0.835
0.958
0.904
0.781
0.765
0.873
0.868
0.86
0.889
0.965
0.645
0.333
0.239
0.376
0.417
0.314
0.052
0.299
0.211
0.16
0.411
0.361
0.474
0.676
0.716
0.694
0.73
0.818
1.014
1.116
0.812
1.203
1.123
1.153
0.893
0.958
1.262
1.556
1.708
1.754
1.768
1.611
1.617
1.545
1.441
1.463
1.484
1.425
1.356
1.149
1.385
1.481
1.105
0.984
1.062
0.885
0.968
0.758
0.72
0.649
0.706
0.576
0.623
0.701
0.641
0.485
0.406
0.33
0.007
-0.141
-0.208
-0.492
-0.491
-0.424
-0.335
-0.487
-0.366
-0.489
-0.667
-0.855
-0.965
-1.015
-0.674
-0.779
-0.79
-0.619
-0.618
-0.535
-0.405
-0.325
-0.391
-0.509
-0.603
-0.422
-0.58
-0.497
-0.276
-0.263
-0.075
-0.169
0.092
0.126
0.328
0.6
0.681
0.93
0.891
1.075
0.86
0.975
0.984
0.854
0.894
0.941
0.926
1.174
1.341
1.265
1.279
1.071
0.998
0.768
0.738
0.47
0.393
0.395
0.25
0.38
0.652
0.834
0.828
0.905
1.004
0.948
0.881
0.799
0.684
0.719
0.68
0.974
0.878
0.769
0.851
0.823
0.639
0.47
0.381
0.497
0.416
0.623
0.63
0.434
0.374
0.474
0.234
0.274
0.119
0.03
-0.011
-0.155
-0.165
-0.103
-0.003
-0.021
-0.026
0.12
0.113
0.104
-0.129
-0.193
-0.086
-0.379
-0.552
-0.657
-0.81
-0.846
-0.675
-0.545
-0.491
-0.184
-0.31
-0.31
-0.158
-0.135
-0.099
-0.118
-0.251
-0.427
-0.455
-0.556
-0.338
-0.284
0.036
0.15
0.253
0.301
0.411
0.354
0.285
0.176
0.177
0.326
0.367
0.659
0.807
0.662
0.679
0.723
0.544
0.352
0.251
0.035
0.055
0.166
0.169
0.069
-0.111
0.077
0.235
0.468
0.626
0.496
0.561
0.726
0.541
0.588
0.534
0.512
0.288
0.139
0.125
0.135
-0.026
-0.052
-0.085
0.0
-0.186
-0.226
-0.17
-0.119
0.041
0.098
-0.146
0.165
0.126
0.107
-0.04
-0.221
-0.18
-0.21
-0.101
-0.177
-0.39
-0.325
-0.384
-0.294
-0.299
-0.394
-0.131
0.07
0.228
0.062
0.089
-0.129
-0.241
-0.21
-0.171
-0.15
0.041
-0.276
-0.066
-0.206
-0.306
-0.25
-0.244
-0.092
0.046
0.058
0.083
0.009
-0.021
-0.546
-0.564
-0.482
-0.424
-0.334
-0.446
-0.618
-0.599
-0.636
-0.784
-0.907
-1.035
-1.143
-1.24
-0.922
-0.81
-0.444
-0.383
-0.354
-0.385
-0.314
-0.164
0.247
0.406
0.499
0.497
0.638
0.549
0.504
0.603
0.568
0.704
0.858
0.991
1.004
0.945
0.709
0.761
0.505
0.66
0.482
0.159
0.159
-0.212
-0.235
-0.014
0.033
0.254
0.229
0.113
-0.244
-0.566
-0.588
-0.561
-0.419
-0.48
-0.754
-0.878
-1.113
-1.096
-1.103
-0.775
-0.489
-0.503
-0.503
-0.593
-0.57
-0.395
-0.214
-0.246
-0.29
-0.431
-0.547
-0.838
-0.978
-1.198
-0.966
-0.775
-0.802
-0.656
-0.595
-0.72
-0.912
-1.059
-1.088
-1.044
-0.818
-0.636
-0.63
-0.484
-0.453
-0.278
-0.265
-0.246
-0.081
-0.094
-0.149
-0.084
-0.271
-0.451
-0.189
-0.119
0.025
0.029
0.065
0.034
-0.179
-0.111
-0.035
-0.14
-0.379
-0.547
-0.576
-0.586
-0.542
-0.58
-0.66
-0.531
-0.906
-0.818
-0.795
-0.522
-0.486
-0.388
-0.445
-0.385
0.004
-0.234
-0.376
-0.411
-0.42
-0.422
-0.573
-0.849
-0.772
-0.651
-0.51
-0.316
-0.56
-0.146
-0.379
-0.426
-0.456
-0.609
-0.439
-0.408
-0.419
-0.475
-0.465
-0.464
-0.255
-0.163
-0.158
-0.155
-0.119
0.021
0.116
0.193
0.253
0.104
0.131
0.238
0.321
0.44
0.54
0.324
0.334
0.324
0.389
0.647
0.816
0.897
0.995
0.927
0.845
0.825
0.736
0.843
0.784
0.905
1.135
0.779
0.654
0.369
0.292
0.408
0.466
0.471
0.194
0.454
0.338
0.316
0.662
0.562
0.524
0.671
0.811
0.849
0.782
0.931
0.511
0.656
0.59
0.461
0.436
0.219
0.147
0.17
0.193
0.403
0.51
0.54
0.618
0.731
0.766
0.868
0.557
0.615
0.675
0.43
0.438
0.453
0.603
0.816
0.845
0.999
0.92
0.749
0.489
0.566
0.455
0.383
0.27
0.33
0.436
0.497
0.464
0.749
0.805
0.943
0.774
0.784
1.011
0.925
0.789
0.756
0.584
0.593
0.647
0.537
0.603
0.633
0.89
0.61
0.829
0.921
0.875
1.068
0.956
1.018
1.036
1.012
1.136
1.115
0.938
0.831
0.843
1.016
0.795
0.792
0.823
0.571
0.893
0.74
0.925
0.846
0.638
0.46
0.367
0.562
0.792
0.861
0.739
0.611
0.233
0.136
0.058
0.1
-0.072
-0.141
-0.408
-0.453
-0.399
-0.268
-0.589
-0.638
-0.594
-0.609
-0.541
-0.401
-0.079
-0.231
-0.173
-0.235
-0.168
-0.31
-0.595
-0.838
-0.969
-0.821
-0.855
-0.976
-1.068
-0.93
-0.68
-0.531
-0.325
-0.158
-0.118
-0.195
-0.195
-0.17
-0.07
-0.1
0.182
0.229
0.386
0.464
0.586
0.515
0.541
0.432
0.258
0.106
0.219
0.41
0.693
0.948
1.062
1.135
0.944
0.866
0.812
0.917
0.92
1.01
1.146
1.116
0.978
1.059
0.921
0.851
0.639
0.522
0.256
0.129
0.389
0.321
0.361
0.116
0.295
0.43
0.415
0.351
0.375
0.531
0.446
0.629
0.853
0.775
0.836
0.685
0.475
0.154
-0.024
0.152
0.106
0.239
0.194
0.196
0.333
0.263
0.321
0.362
0.229
0.411
0.266
0.276
0.061
0.095
-0.11
-0.062
-0.175
-0.054
-0.12
-0.091
-0.06
-0.186
-0.486
-0.386
-0.464
-0.552
