-0.302
-0.421
-0.329
-0.56
-0.608
-0.491
-0.311
-0.104
-0.299
0.001
-0.075
-0.069
0.09
0.2
0.294
0.236
0.186
0.188
0.234
0.323
0.266
0.292
0.014
0.044
0.089
0.074
0.122
0.141
0.286
0.265
0.381
0.274
0.354
0.482
0.444
0.38
0.469
0.47
0.634
0.594
0.641
0.766
0.623
0.682
0.474
0.286
0.201
0.141
0.263
0.239
0.136
0.12
0.09
-0.03
0.02
0.211
0.083
0.035
0.09
-0.088
0.182
0.173
0.098
-0.16
-0.398
-0.343
-0.487
-0.541
-0.482
-0.396
-0.424
-0.425
-0.315
-0.468
-0.557
-0.536
-0.527
-0.489
-0.411
-0.676
-0.646
-0.606
-0.694
-0.516
-0.573
-0.376
-0.401
-0.578
-0.681
-0.755
-0.677
-0.729
-0.539
-0.479
-0.265
-0.122
0.098
0.169
0.2
0.404
0.436
0.43
0.306
0.394
0.376
0.58
0.713
0.636
0.755
1.059
1.086
1.205
1.124
1.105
1.008
1.088
0.844
0.958
0.811
0.677
0.631
0.703
0.453
0.492
0.693
0.733
0.71
0.599
0.72
0.36
0.45
0.333
0.366
0.492
0.527
0.525
0.419
0.464
0.504
0.396
0.385
0.314
0.124
0.247
0.094
-0.096
-0.271
-0.403
-0.506
-0.711
-0.556
-0.591
-0.575
-0.422
-0.53
-0.542
-0.296
-0.189
-0.1
-0.044
0.011
0.177
0.134
0.475
0.334
0.424
0.35
0.299
0.284
0.254
0.405
0.651
0.866
1.055
1.193
1.084
1.094
1.251
1.174
1.088
1.039
0.836
0.944
0.979
1.091
1.581
1.835
1.761
1.739
1.414
0.846
0.485
0.446
0.915
0.995
1.081
1.411
1.147
1.01
0.709
0.956
0.975
1.084
1.041
0.733
0.736
0.384
0.35
0.62
0.789
0.871
0.8
1.145
1.194
1.228
1.316
1.409
1.326
1.512
1.199
1.25
1.224
10.332
1.258
0.989
1.001
1.271
1.389
1.526
1.029
0.983
0.724
0.501
0.772
0.799
0.551
0.404
0.264
0.085
-0.164
-0.016
-0.126
-0.24
-0.33
-0.254
-0.349
-0.349
-0.458
-0.59
-0.556
-0.22
-0.121
-0.033
0.17
0.259
0.315
0.31
0.083
-0.051
-0.014
-0.074
-0.145
-0.247
-0.147
-0.064
0.029
-0.238
-0.356
-0.556
-0.536
-0.515
-0.431
-0.366
-0.526
-0.527
-0.824
-0.608
-0.517
-0.503
-0.843
-1.016
-1.104
-1.384
-1.026
-1.44
-1.24
-1.248
-1.41
-1.157
-1.074
-0.925
-1.165
-0.961
-0.591
-0.581
-0.24
-0.341
-0.236
-0.17
-0.336
-0.514
-0.311
-0.242
-0.021
0.114
0.251
0.181
0.115
0.147
0.17
0.206
0.393
0.329
0.517
0.455
0.361
0.444
0.395
0.343
0.438
0.435
0.475
0.512
0.631
0.616
0.82
0.746
0.666
0.58
0.289
0.669
0.676
0.366
0.166
0.156
0.141
0.077
0.145
0.081
-0.056
-0.091
-0.296
-0.302
-0.312
-0.578
-0.647
-0.685
-0.623
-0.544
-0.649
-0.743
-0.931
-0.811
-0.621
-0.596
-0.6
-0.655
-0.818
-0.825
-0.87
-0.883
-0.67
-0.686
-0.47
-0.411
-0.215
-0.155
-0.109
-0.079
0.147
0.514
0.823
0.993
1.105
1.188
1.239
1.071
1.176
0.979
0.876
0.946
0.889
0.741
0.765
0.51
0.521
0.415
0.258
0.285
0.17
0.244
0.299
0.134
-0.096
-0.15
-0.4
-0.779
-0.973
-1.026
-1.004
-1.016
-0.881
-0.969
-0.945
-1.089
-1.13
-1.094
-1.321
-1.221
-1.199
-1.272
-1.13
-1.12
-1.109
-1.139
-1.163
-1.133
-1.054
-0.979
-1.129
-1.289
-1.239
-1.255
-1.211
-1.232
-1.344
-1.35
-1.302
-1.125
-1.121
-0.92
-0.945
-1.021
-0.781
-0.959
-0.831
-0.886
-0.541
-0.605
-0.454
-0.321
-0.571
-0.556
-0.338
-0.435
-0.369
-0.294
-0.195
-0.173
-0.016
0.224
0.449
0.414
0.405
0.464
0.261
0.1
0.004
0.026
0.143
0.103
0.107
0.139
0.369
0.318
0.482
0.469
0.549
0.383
0.181
-0.118
-0.19
-0.275
-0.36
-0.365
-0.566
-0.443
-0.492
-0.484
-0.499
-0.635
-0.571
-0.37
-0.329
-0.481
-0.512
-0.235
-0.069
0.2
0.13
0.135
0.13
-0.015
-0.104
-0.199
-0.071
-0.135
-0.196
-0.23
-0.109
-0.3
-0.281
-0.216
-0.22
-0.145
-0.126
-0.226
-0.051
-0.083
0.086
0.217
0.29
0.299
0.52
0.375
0.169
0.156
0.245
0.194
0.208
0.268
0.338
0.464
0.345
0.328
0.27
0.473
0.525
0.274
0.28
0.55
0.429
0.384
0.534
0.686
0.362
0.331
0.334
0.238
0.08
-0.004
0.044
0.062
0.15
0.198
0.033
-0.055
-0.116
-0.125
-0.121
-0.205
-0.089
-0.25
-0.336
-0.128
-0.083
-0.168
0.16
-0.004
0.049
-0.081
0.215
0.229
0.312
0.468
0.524
0.46
0.315
0.21
0.331
0.352
0.291
0.369
0.372
0.573
0.682
0.734
0.744
0.681
0.625
0.65
0.647
0.58
0.565
0.391
0.61
0.549
0.411
0.542
0.541
0.601
0.603
0.517
0.334
0.161
-0.103
-0.133
0.045
-0.072
-0.175
-0.143
0.007
-0.036
0.006
-0.181
-0.164
-0.154
-0.11
0.105
0.074
-0.09
-0.05
-0.129
-0.131
-0.043
0.04
0.164
0.331
0.362
0.53
0.487
0.329
0.189
0.089
0.09
0.062
0.16
0.09
0.131
0.266
0.444
0.665
0.593
0.609
0.696
0.73
0.601
0.595
0.529
0.561
0.611
0.524
0.635
0.609
0.787
0.784
0.777
0.87
0.875
0.866
0.73
0.984
0.924
0.948
1.124
0.998
0.985
0.766
0.915
0.869
1.024
1.049
0.971
1.004
0.807
0.89
0.902
0.782
0.642
0.836
0.797
1.008
0.959
0.801
1.107
0.823
0.855
0.735
0.655
0.464
0.395
0.479
0.154
0.031
-0.08
-0.278
-0.168
-0.535
-0.68
-0.631
-0.709
-0.578
-0.696
-0.586
-0.639
-0.72
-0.815
-0.973
-0.858
-0.701
-0.64
-0.62
-0.446
-0.439
-0.598
-0.719
-0.606
-0.249
-0.124
-0.033
-0.103
-0.052
-0.115
0.106
0.11
0.189
0.319
0.422
0.194
0.35
0.425
0.669
0.79
0.718
0.621
0.611
0.665
0.584
0.291
0.254
0.18
0.305
0.081
0.025
0.216
0.166
0.18
0.085
-0.065
-0.049
-0.226
-0.001
-0.154
-0.249
-0.253
-0.494
-0.458
-0.789
-0.534
-0.194
-0.125
0.246
0.131
0.151
0.25
0.22
0.122
0.256
0.284
0.052
-0.006
-0.338
-0.289
-0.319
-0.3
-0.233
-0.225
-0.052
0.076
0.054
-0.009
0.113
0.133
-0.036
0.028
-0.055
0.136
0.089
0.055
0.239
0.302
0.409
-0.092
-0.13
-0.168
-0.249
0.019
0.203
0.45
0.511
0.37
-0.022
-0.05
-0.088
-0.003
0.06
0.028
-0.039
-0.138
-0.321
-0.242
-0.168
-0.077
-0.296
-0.352
-0.417
-0.375
-0.385
-0.506
-0.432
-0.46
-0.451
-0.573
-0.559
-0.776
-0.787
-0.831
-0.626
-0.235
-0.159
-0.064
-0.181
-0.301
-0.301
-0.23
-0.383
-0.318
-0.441
-0.524
-0.484
-0.249
-0.099
-0.19
-0.211
-0.203
-0.181
-0.415
-0.749
-0.823
-0.598
-0.568
-0.662
-0.641
-0.693
-0.713
-0.652
-0.59
-0.426
-0.461
-0.474
-0.297
-0.201
-0.233
-0.339
-0.312
-0.088
-0.041
0.158
0.079
0.034
-0.095
-0.065
0.031
0.026
0.281
0.26
0.199
0.274
0.103
0.051
0.036
0.296
0.126
0.113
-0.124
-0.326
-0.44
-0.271
-0.415
-0.635
-0.422
-0.29
-0.48
-0.444
-0.455
-0.432
-0.542
-0.451
-0.503
-0.448
-0.659
-0.445
-0.281
-0.415
-0.199
-0.341
-0.611
-0.731
-0.669
-0.62
-0.71
-0.606
-0.636
-0.545
-0.444
-0.24
-0.138
-0.105
-0.233
-0.195
-0.27
-0.302
-0.186
-0.249
0.054
0.009
-0.075
-0.25
-0.283
-0.254
-0.028
-0.281
-0.297
-0.581
-0.655
-0.899
-0.926
-0.926
-0.949
-0.751
-0.511
-0.443
-0.639
-0.535
-0.5
-0.385
-0.284
-0.15
-0.173
0.025
0.045
0.007
-0.007
0.04
0.021
0.0
0.052
0.049
-0.018
0.007
0.044
0.316
0.266
0.314
0.37
0.448
0.338
0.391
0.346
0.279
0.367
0.331
0.279
0.241
0.122
0.211
0.1
-0.141
-0.265
-0.046
-0.211
0.125
0.241
0.25
0.19
0.274
0.071
0.126
0.046
0.154
0.188
0.47
0.321
0.39
0.234
0.194
0.251
0.25
0.186
0.166
0.279
0.211
0.403
0.256
0.275
0.41
0.25
0.11
-0.278
-0.143
-0.105
-0.35
-0.295
-0.291
-0.219
0.176
0.328
0.549
0.618
0.562
0.729
0.721
0.735
0.56
0.489
0.304
0.258
0.496
0.545
0.98
0.936
0.925
1.145
1.091
1.463
1.289
1.221
1.56
1.41
1.444
1.387
1.373
1.147
1.058
1.179
1.302
1.37
1.379
1.242
1.08
0.804
0.804
0.571
0.537
0.301
0.18
0.184
0.273
0.35
0.328
0.511
0.324
0.292
0.194
0.304
0.274
0.241
0.217
0.122
0.1
0.35
0.504
0.606
0.481
0.458
0.566
0.364
0.401
0.485
0.471
0.666
0.568
0.532
0.552
0.47
0.451
0.395
0.38
0.266
-0.209
-0.524
-0.537
-0.751
-0.855
-0.825
-0.583
-0.569
-0.608
-0.708
-0.547
-0.621
-0.651
-0.611
-0.551
-0.266
-0.372
-0.374
-0.304
-0.355
-0.143
0.056
0.035
-0.099
-0.024
-0.11
0.026
0.158
0.226
0.435
0.328
0.376
0.383
0.492
0.593
0.511
0.758
0.804
0.983
0.945
1.19
1.252
1.219
1.145
0.974
0.97
0.853
0.787
0.906
1.026
1.183
1.458
1.255
0.891
0.875
0.753
0.961
0.83
0.831
0.855
0.691
0.776
0.646
0.76
0.677
0.583
0.474
0.285
0.343
0.283
0.376
0.191
0.214
0.258
0.094
0.12
0.083
-0.07
0.03
-0.367
-0.45
-0.799
-0.744
-0.388
-0.446
-0.576
-0.471
-0.649
-0.517
-0.562
-0.72
-0.927
-0.789
-0.969
-1.133
-0.999
-0.927
-0.926
-0.785
-0.556
-0.414
-0.149
-0.158
-0.149
-0.345
-0.338
-0.092
-0.331
-0.349
-0.435
-0.536
-0.455
-0.529
-0.328
-0.096
-0.026
-0.15
-0.161
-0.256
-10.336
-10.336
-0.419
-0.634
-0.666
-0.761
-0.792
-0.719
-0.711
-0.537
-0.475
-0.348
-0.238
-0.246
-0.072
0.166
0.297
0.24
0.524
0.508
0.48
0.519
0.713
0.581
0.516
0.506
0.469
0.367
0.19
0.122
0.261
0.292
0.152
0.199
0.1
0.003
-0.011
-0.281
-0.441
-0.403
-0.479
-0.371
-0.17
-0.261
-0.41
-0.19
-0.256
-0.177
-0.14
-0.156
-0.164
-0.09
-0.133
-0.071
-0.259
-0.196
-0.497
-0.583
-0.601
-0.521
-0.367
-0.326
-0.144
-0.173
0.088
0.372
0.212
-0.086
-0.114
-0.266
-0.255
-0.121
-0.269
-0.236
-0.305
-0.344
-0.323
-0.064
0.115
0.09
0.26
0.193
0.056
0.229
-0.004
-0.033
-0.144
0.071
0.23
0.492
0.642
0.85
0.983
0.902
0.776
0.776
0.551
0.325
0.159
0.079
-0.283
-0.48
-0.051
-0.055
-0.062
0.088
0.188
0.236
0.231
0.301
0.17
0.231
0.049
0.061
0.315
0.318
0.53
0.396
0.579
0.65
0.546
0.417
0.506
0.504
0.515
0.812
0.708
0.606
0.559
0.631
0.208
0.074
0.329
0.416
0.077
0.161
0.231
0.088
0.314
0.166
0.064
0.085
-10.336
0.427
0.225
0.168
0.085
0.092
0.014
0.064
-0.08
-0.088
-0.105
-0.165
-0.312
-0.233
-0.295
-0.13
-0.278
-0.177
-0.194
-0.302
-0.209
-0.371
-0.305
-0.581
-0.743
-0.894
-1.086
-0.912
-0.948
-0.969
-0.836
-0.761
-0.95
-0.949
-0.951
-0.929
-0.925
-0.974
-1.188
-1.286
-1.066
-1.24
-1.246
-1.42
-1.232
-1.363
-0.961
-0.836
-0.904
-0.682
-0.542
-0.594
-0.441
-0.304
-0.048
-0.229
-0.064
0.158
0.219
0.236
0.234
0.321
0.378
0.642
0.684
0.86
1.012
0.901
0.775
0.761
0.768
0.945
0.956
0.96
1.083
0.866
0.723
0.511
0.297
0.145
0.166
0.144
0.054
0.041
-0.076
0.122
-0.169
-0.168
-0.041
-0.051
-0.037
-0.019
-0.181
-0.284
-0.225
-0.039
-0.043
-0.059
-0.16
-0.084
0.003
0.033
0.194
0.028
-0.111
-0.001
-0.219
-0.217
-0.338
-0.314
-0.2
-0.051
-0.022
0.119
0.283
0.104
-0.134
-0.201
-0.238
-0.305
-0.344
-0.254
-0.22
-0.003
0.029
0.151
-0.077
-0.037
0.101
0.289
0.406
0.426
0.425
0.396
0.431
0.435
0.568
0.588
0.625
0.542
0.824
0.815
0.453
0.131
-0.018
-0.171
-0.176
-0.06
0.184
0.152
0.163
0.301
0.181
0.163
-0.098
0.212
0.16
0.081
0.16
0.021
-0.046
-0.21
-0.04
-0.425
-0.305
-0.113
0.214
0.38
0.413
0.47
0.296
0.265
0.32
0.584
0.733
0.571
0.779
0.77
0.626
0.581
0.54
0.489
0.739
1.054
1.115
1.15
1.083
1.062
1.01
1.028
1.009
0.976
0.834
0.655
0.464
0.288
0.256
0.273
0.125
0.329
0.426
0.336
0.129
0.542
0.554
0.743
0.696
0.715
0.855
0.726
0.774
0.556
0.487
0.525
0.594
0.711
0.745
0.765
0.851
0.902
0.998
0.623
0.624
0.42
0.474
0.453
0.43
0.33
0.484
0.735
0.73
0.779
0.869
0.784
0.47
0.421
0.456
0.399
0.562
0.456
0.584
0.745
0.381
0.186
0.11
0.045
0.104
-0.004
-0.08
-0.115
-0.305
-0.239
-0.302
-0.284
-0.48
-0.656
-0.606
-0.696
-0.701
-0.606
-0.369
-0.02
-0.159
0.009
0.094
0.113
0.182
0.135
0.302
0.211
0.306
0.386
0.175
0.362
0.33
0.466
0.356
0.284
0.278
0.196
0.311
0.386
0.508
0.4
0.189
0.005
-0.191
-0.333
-0.285
-0.194
-0.096
-0.092
-0.223
-0.169
-0.085
-0.152
-0.364
-0.286
-0.295
-0.514
-0.522
-0.746
-0.905
-1.143
-1.014
-0.905
-0.871
-1.041
-1.065
-0.953
-1.29
-1.375
-1.373
-1.409
-1.453
-1.542
-1.61
-1.649
-1.531
-1.394
-1.338
-1.305
-1.1
-1.169
-0.92
-0.894
-0.736
-0.766
-0.698
-0.61
-0.415
-0.487
-0.521
-0.45
-0.501
-0.362
-0.223
-0.291
-0.394
-0.57
-0.501
-0.224
-0.414
-0.555
-0.719
-0.834
-0.71
-0.48
-0.244
-0.158
-0.1
-0.195
-0.336
-0.27
0.029
-0.009
0.165
0.393
0.484
0.691
0.565
0.515
0.401
0.158
0.22
0.403
0.465
0.682
0.725
0.849
0.595
0.486
0.451
0.333
0.375
0.359
0.301
0.242
0.416
0.274
0.056
-0.21
-0.181
-0.263
-0.413
-0.17
-0.065
0.201
0.334
0.324
0.186
0.339
0.071
0.185
0.216
0.365
0.504
0.425
0.198
0.104
-0.059
0.177
0.384
0.219
0.128
0.185
0.305
0.235
0.383
0.682
0.811
0.738
0.998
3.893
0.754
0.644
0.398
0.348
0.499
0.666
0.559
0.738
0.59
0.665
0.571
0.386
0.215
0.274
0.177
0.246
0.166
0.092
0.01
-0.061
-0.119
-0.15
-0.434
-0.521
-0.644
-0.709
-0.821
-0.275
-0.173
-0.171
0.005
0.159
-0.284
-0.156
-0.194
-0.113
0.044
-0.158
-0.076
0.071
0.12
0.208
0.083
0.11
-0.048
-0.081
-0.09
-0.38
-0.336
-0.255
0.125
0.211
0.399
0.591
0.491
0.417
0.209
0.133
0.185
0.105
0.071
0.035
-0.055
-0.333
-0.619
-0.556
-0.434
-0.304
-0.517
-0.44
-0.541
-0.774
-0.685
-0.76
-0.759
-0.78
-0.761
-0.751
-0.974
-0.951
-0.871
-0.853
-0.768
-0.728
-0.604
-0.604
-0.606
-0.551
-0.714
-0.927
-1.006
-1.021
-0.91
-0.703
-0.603
-0.633
-0.624
-0.661
-0.661
-0.511
-0.395
-0.388
-0.17
-0.118
0.034
0.265
0.159
0.164
0.239
0.214
0.026
-0.01
0.034
0.084
0.163
0.26
0.286
0.163
-0.033
0.058
-0.006
0.056
0.311
0.501
0.578
0.446
0.542
0.873
0.734
0.522
0.734
0.499
0.391
0.224
-0.048
0.033
0.004
0.23
0.315
0.427
0.487
0.485
0.49
0.481
0.362
0.44
0.309
0.075
-0.03
-0.195
-0.323
-0.056
0.055
0.341
0.534
0.471
0.236
0.214
0.121
0.214
0.217
0.031
0.419
0.469
0.345
0.228
0.175
0.238
0.471
0.435
0.644
0.575
0.646
0.576
0.527
0.579
0.416
0.635
0.534
0.494
0.535
0.549
0.556
0.265
0.2
0.326
0.593
0.77
0.753
0.792
0.993
1.049
1.256
1.235
1.115
1.234
1.088
1.163
1.106
1.141
1.255
1.506
1.407
1.215
1.286
1.28
1.282
1.268
1.279
1.115
0.988
0.774
0.794
0.831
0.718
0.736
0.686
0.776
0.666
0.679
0.685
0.329
0.099
0.221
0.143
-0.001
-0.336
-0.124
-0.12
0.064
0.155
0.075
0.146
0.05
0.081
0.064
0.205
0.288
-0.084
0.173
0.069
0.111
0.19
0.278
0.271
0.315
0.506
0.489
0.55
0.461
0.524
0.436
0.333
0.74
0.596
0.785
0.659
0.625
0.473
0.445
0.614
0.499
0.71
0.619
0.746
0.786
0.667
0.323
0.422
0.263
0.421
0.419
0.388
0.328
-0.013
-0.143
-0.304
-0.29
-0.564
-0.781
-0.611
-0.578
-0.421
-0.389
-0.145
0.0
-0.186
-0.381
-0.724
-0.841
-1.367
-1.319
-1.259
-1.022
-1.078
-1.029
-0.795
-0.657
-0.535
-0.593
-0.58
-0.406
-0.585
-0.733
-0.885
-0.71
-0.471
-0.284
-0.233
-0.269
-0.208
-0.109
0.125
0.216
0.279
0.449
0.381
0.305
0.189
0.135
-0.128
-0.009
0.16
0.253
0.492
0.527
0.715
0.601
0.561
0.764
0.621
0.703
0.478
0.12
0.059
-0.054
-0.077
-0.254
-0.318
-0.569
-0.393
-0.503
-0.393
-0.55
-0.388
-0.29
-0.315
-0.105
-0.245
-0.104
-0.239
-0.441
-0.46
-0.728
-0.504
-0.557
-0.682
-0.615
-0.634
-0.55
-0.823
-0.927
-1.044
-1.111
-0.84
-0.789
-0.829
-0.915
-1.052
-0.74
-0.815
-0.571
-0.706
-0.686
-0.633
-0.679
-0.902
-0.916
-1.097
-1.203
-1.094
-0.995
-0.936
-0.684
-0.56
-0.44
-0.492
-0.401
-0.554
-0.649
-0.61
-0.744
-0.487
-0.395
-0.351
-0.228
-0.136
-0.154
-0.265
-0.285
-0.08
-0.107
-0.266
-0.47
-0.291
-0.124
-0.159
0.031
-0.359
-0.31
-0.22
-0.238
-0.506
-0.334
-0.4
-0.424
-0.408
-0.408
-0.294
-0.181
-0.151
-0.026
-0.145
-0.209
-0.22
-0.234
-0.219
-0.2
-0.181
-0.126
-0.104
-0.143
0.021
0.096
0.281
0.545
0.802
0.849
0.888
0.728
0.525
0.431
0.497
0.585
0.626
0.861
1.104
1.271
1.349
1.341
1.209
1.228
1.008
0.831
0.672
0.679
0.739
0.684
0.824
0.684
0.723
0.539
0.491
0.541
0.609
0.745
0.581
0.454
0.583
0.209
0.296
0.205
-0.02
0.105
-0.044
0.045
-0.001
0.138
-0.088
-0.107
-0.154
0.05
0.211
0.35
0.364
0.473
0.521
0.388
0.246
0.242
0.125
0.055
-0.029
-0.072
0.014
-0.07
0.077
0.147
0.033
-0.04
0.105
0.12
-0.02
-0.121
-0.143
-0.341
-0.238
-0.158
-0.041
-0.16
-0.229
-0.369
-0.451
-0.276
-0.551
-0.479
-0.625
-0.512
-0.399
-0.304
-0.323
-0.161
-0.121
-0.226
-0.118
-0.273
-0.24
0.211
0.182
0.118
0.096
0.473
0.214
0.076
-0.12
-0.354
-0.3
-0.516
-0.623
-0.495
-0.184
-0.104
-0.163
-0.189
-0.249
-0.149
0.019
-0.147
-0.241
-0.394
-0.062
-0.136
0.09
0.128
0.094
0.043
-0.049
0.092
-0.185
-0.144
-0.16
-0.077
-0.113
0.019
-0.11
0.044
0.274
0.348
0.32
0.32
0.122
-0.085
-0.214
-0.015
0.18
0.14
0.268
0.777
0.689
0.711
0.681
0.583
0.508
0.496
0.438
0.494
0.316
0.165
0.182
-0.004
-0.021
-0.005
0.004
-0.09
-0.244
-0.264
-0.12
-0.286
-0.185
-0.319
-0.375
-0.494
-0.451
-0.286
-0.445
-0.286
-0.504
-0.419
-0.598
-0.438
-0.378
-0.226
-0.139
-0.301
-0.384
-0.359
-0.274
-0.099
0.113
0.264
0.29
0.256
0.265
0.45
0.495
0.429
0.393
0.551
0.21
0.307
0.354
0.378
0.152
0.296
0.165
0.18
0.261
0.31
0.343
0.414
0.381
0.376
0.159
0.077
0.216
0.302
0.304
0.105
0.203
0.092
-0.011
-0.048
0.037
0.011
-0.005
-0.259
-0.215
-0.439
-0.436
-0.417
-0.025
-0.039
0.242
0.216
0.422
0.694
0.601
0.446
0.642
0.341
0.456
0.445
0.537
0.5
0.474
0.71
0.909
0.97
0.971
0.949
0.986
1.0
1.279
1.234
1.26
1.268
1.458
1.624
1.617
1.41
1.636
1.639
1.252
1.194
1.413
1.341
1.329
1.449
1.157
1.244
1.21
1.127
1.173
0.709
1.048
1.024
1.01
0.846
0.475
0.469
0.156
0.374
0.154
-0.129
0.016
-0.101
-0.128
-0.249
-0.291
-0.016
0.043
0.021
-0.128
-0.155
-0.041
-0.001
-0.133
-0.11
-0.439
-0.31
-0.413
-0.1
-0.228
-0.224
-0.021
0.074
0.341
0.258
0.255
0.352
0.223
0.21
0.206
-0.056
0.105
0.09
