-0.352
-0.37
-0.535
-0.624
-0.614
-0.739
-0.959
-1.064
-0.976
-0.86
-0.639
-0.705
-0.759
-0.772
-0.681
-0.662
-0.754
-0.554
-0.608
-0.586
-0.432
-0.409
-0.334
-0.258
-0.131
-0.143
0.131
0.098
0.173
0.179
0.175
0.182
0.022
-0.085
-0.14
0.125
0.029
-0.251
-0.19
0.03
-0.21
-0.281
-0.339
-0.331
-0.448
-0.454
-0.469
-0.341
-0.259
-0.315
-0.376
-0.356
-0.39
-0.422
-0.3
-0.306
-0.235
-0.219
-0.076
0.113
-0.159
-0.046
-0.009
0.069
0.095
0.004
-0.08
-0.105
0.016
-0.059
0.0
0.141
0.209
0.163
0.18
0.109
0.026
0.03
0.226
0.339
0.333
0.263
0.146
0.036
0.209
0.386
0.166
-0.003
0.101
0.155
0.119
0.086
-0.083
-0.333
-0.278
-0.212
0.011
0.07
0.121
0.26
0.15
0.144
0.284
0.198
0.135
0.104
-0.005
0.07
0.044
0.04
0.058
-0.036
0.041
-0.006
-0.011
0.025
-0.101
-0.059
-0.075
0.066
0.028
0.16
0.08
0.113
0.174
0.195
0.249
0.27
0.184
0.316
0.1
0.035
-0.041
-0.105
-0.125
0.052
-0.08
-0.12
-0.013
-0.046
-0.049
-0.083
-0.011
-0.037
0.005
-0.055
-0.046
-0.14
-0.17
-0.022
-0.026
0.1
0.163
0.036
0.128
0.195
0.048
0.185
0.034
-0.01
-0.223
-0.098
-0.103
0.098
-0.015
0.064
0.007
0.072
0.238
0.077
0.176
-0.014
0.039
0.046
-0.08
0.056
-0.118
-0.186
-0.214
-0.278
-0.404
-0.642
-0.44
-0.468
-0.438
-0.304
-0.594
-0.355
-0.274
-0.244
-0.099
0.001
-0.158
-0.149
-0.043
-0.048
-0.291
-0.356
-0.516
-0.379
-0.413
-0.315
-0.426
-0.354
-0.41
-0.177
-0.176
-0.344
-0.251
-0.279
-0.263
-0.326
-0.22
-0.24
-0.059
0.051
0.118
0.125
0.077
0.155
-0.034
-0.071
-0.261
-0.344
-0.403
-0.265
-0.244
-0.209
-0.155
0.0
0.1
0.12
0.109
0.238
0.362
0.656
0.443
0.496
0.486
0.479
0.625
0.753
0.733
0.68
0.69
0.647
0.681
0.565
0.434
0.223
0.114
0.062
-0.121
-0.185
-0.306
-0.256
-0.376
-0.444
-0.395
-0.336
-0.301
-0.408
-0.365
-0.145
-0.034
0.033
0.01
0.276
0.281
0.275
0.261
0.212
0.094
0.056
0.21
0.268
0.214
0.161
0.199
0.115
0.188
0.247
0.081
0.144
0.416
0.391
0.311
0.443
0.404
0.253
0.436
0.503
0.431
0.464
0.446
0.405
0.494
0.556
0.474
0.491
0.29
0.473
0.441
0.535
0.667
0.759
0.708
0.594
0.681
0.584
0.728
0.634
0.634
0.576
0.561
0.537
0.429
0.307
0.263
0.355
0.196
0.245
0.315
0.311
0.336
0.401
0.155
0.147
0.066
-0.136
-0.147
-0.105
-0.229
-0.316
-0.209
-0.043
-0.27
-0.316
-0.241
-0.343
-0.238
-0.246
-0.219
-0.111
-0.134
0.031
-0.058
-0.077
0.143
0.131
0.171
0.135
0.17
0.095
0.179
0.221
-0.059
0.168
-0.034
0.179
0.089
0.279
0.278
0.077
0.19
0.001
0.144
0.349
0.246
0.366
0.323
0.346
0.315
0.391
0.535
0.521
0.628
0.6
0.529
0.521
0.537
0.59
0.532
0.596
0.552
0.365
0.206
0.345
0.16
0.53
0.45
0.3
0.14
0.095
0.206
0.338
0.199
0.271
0.323
0.279
0.323
0.299
0.408
0.425
0.381
0.328
0.176
0.266
0.211
0.226
0.171
-0.141
0.007
-0.01
-0.086
-0.188
-0.254
-0.271
-0.221
-0.16
-0.265
-0.169
-0.329
-0.285
-0.274
-0.315
-0.299
-0.186
-0.336
-0.312
-0.263
-0.268
-0.334
-0.417
-0.384
-0.499
-0.487
-0.65
-0.501
-0.356
-0.236
-0.229
-0.205
0.02
-0.039
-0.107
0.003
0.02
-0.035
0.001
0.044
0.033
0.194
0.169
0.006
0.08
0.208
0.233
0.266
-0.08
0.188
0.316
0.219
0.348
0.464
0.432
0.66
0.551
0.403
0.623
0.659
0.754
1.015
0.932
1.002
1.199
1.208
1.299
1.144
1.05
1.106
1.029
0.993
1.022
1.073
0.925
0.695
0.72
0.828
1.006
0.815
0.883
1.019
1.235
1.354
1.39
1.624
1.542
1.242
1.335
1.581
1.644
1.669
1.851
1.782
1.609
1.466
1.373
1.45
1.295
1.266
1.532
1.289
1.375
1.48
1.479
1.606
1.946
1.81
1.794
1.476
1.498
1.589
1.424
1.519
1.741
1.711
1.704
1.639
1.404
1.262
1.334
1.364
1.25
1.104
1.031
0.859
0.65
0.693
0.755
0.463
0.448
0.505
0.464
0.58
0.323
0.354
0.323
0.357
0.471
0.414
0.552
0.547
0.64
0.546
0.555
0.3
0.084
0.066
0.259
0.166
0.144
0.285
0.438
0.435
0.453
0.565
0.85
0.926
0.93
0.716
0.841
0.743
0.811
0.855
0.806
0.8
0.99
1.07
1.044
1.335
1.41
1.424
1.41
1.526
1.746
1.49
1.393
1.475
1.552
1.251
1.144
1.029
0.69
0.854
0.844
0.971
0.794
0.699
0.766
0.306
0.364
0.174
0.431
0.03
-0.009
0.024
-0.128
-0.208
-0.065
-0.115
-0.089
-0.166
-0.17
-0.292
-0.67
-1.006
-0.951
-1.095
-1.005
-0.991
-0.893
-0.986
-0.744
-0.606
-0.815
-0.705
-0.644
-0.689
-0.521
-0.644
-0.74
-0.629
-0.69
-0.72
-0.551
-0.723
-0.74
-0.676
-0.599
-0.585
-0.591
-0.674
-0.286
-0.403
-0.403
-0.499
-0.338
-0.256
-0.179
-0.169
-0.077
-0.129
0.004
-0.119
-0.236
-0.081
-0.015
-0.011
-0.064
-0.001
-0.165
-0.005
0.036
0.121
0.185
0.166
0.21
0.133
0.141
-0.216
-0.024
0.009
0.151
0.239
0.146
0.091
0.056
-0.049
0.004
0.015
-0.022
-0.001
0.095
0.341
0.335
0.146
0.259
0.329
0.435
0.55
0.509
0.292
0.175
0.235
0.199
0.239
0.288
0.458
0.384
0.434
0.395
0.468
0.635
0.677
0.794
0.537
0.535
0.321
0.154
0.292
0.149
0.058
-0.001
-0.291
-0.383
-0.425
-0.449
-0.383
-0.43
-0.591
-0.47
-0.463
-0.522
-0.724
-0.797
-0.88
-0.974
-0.901
-0.889
-1.002
-1.104
-1.15
-1.459
-1.511
-1.516
-1.684
-1.768
-1.718
-1.56
-1.434
-1.481
-1.384
-1.201
-1.355
-1.231
-1.166
-1.149
-0.941
-0.878
-0.86
-0.864
-0.83
-0.671
-0.539
-0.686
-0.733
-0.761
-0.711
-0.73
-0.816
-0.853
-1.016
-0.886
-0.583
-0.576
-0.661
-0.662
-0.41
-0.704
-0.611
-0.526
-0.455
-0.234
-0.234
-0.481
-0.398
-0.466
-0.599
-0.856
-1.009
-1.106
-1.079
-1.055
-1.021
-0.95
-1.016
-1.123
-1.151
-1.299
-1.24
-1.145
-1.222
-1.13
-1.238
-0.998
-0.99
-1.006
-0.955
-0.934
-0.974
-0.853
-0.642
-0.699
-0.703
-0.599
-0.441
-0.485
-0.326
-0.383
-0.261
-0.081
-0.297
-0.295
-0.304
-0.454
-0.441
-0.212
-0.26
-0.291
-0.144
-0.156
-0.014
-0.2
-0.18
-0.199
-0.196
-0.251
-0.147
-0.399
-0.409
-0.545
-0.508
-0.448
-0.346
-0.144
-0.323
-0.425
-0.46
-0.095
-0.19
-0.305
-0.385
-0.5
-0.393
-0.497
-0.203
0.062
0.089
0.409
0.256
0.374
0.46
0.415
0.312
0.464
0.391
0.326
0.295
0.328
0.273
0.201
0.026
0.033
-0.181
-0.174
-0.229
-0.138
-0.19
-0.326
-0.24
-0.256
-0.398
-0.659
-0.694
-0.551
-0.715
-0.556
-0.44
-0.57
-0.495
-0.464
-0.559
-0.534
-0.421
-0.526
-0.92
-1.001
-1.01
-1.009
-0.771
-0.67
-0.59
-0.675
-0.841
-0.581
-0.72
-0.522
-0.289
-0.273
-0.139
-0.193
0.055
0.4
0.376
0.539
0.576
0.823
0.688
0.608
0.698
0.711
0.654
0.77
0.646
0.52
0.444
0.542
0.481
0.474
0.432
0.374
0.265
0.152
0.263
0.278
0.28
0.173
0.251
0.344
0.169
0.21
0.134
0.044
-0.019
0.163
0.122
0.098
0.3
0.209
0.062
-0.066
-0.14
-0.08
-0.141
-0.064
-0.104
-0.085
-0.051
-0.165
-0.357
-0.129
-0.147
0.198
0.052
0.08
0.165
0.28
0.094
0.149
0.225
0.077
-0.07
-0.175
-0.081
-0.23
-0.334
-0.255
-0.396
-0.316
-0.335
-0.278
-0.455
-0.336
-0.315
-0.249
-0.25
-0.201
-0.2
-0.193
-0.113
-0.329
-0.349
-0.335
-0.171
-0.182
-0.234
-0.343
-0.304
-0.305
-0.284
-0.266
-0.255
-0.173
-0.043
0.048
0.136
0.155
0.198
0.297
0.297
0.339
0.413
0.394
0.279
0.22
0.092
-0.016
0.081
0.16
0.209
-0.06
-0.022
-0.08
-0.149
-0.281
-0.474
-0.443
-0.515
-0.598
-0.605
-0.544
-0.475
-0.388
-0.212
-0.05
-0.005
0.139
0.088
0.071
-0.116
-0.236
-0.07
-0.081
0.024
-0.1
-0.155
-0.138
-0.141
-0.028
-0.096
-0.113
0.0
0.107
0.085
0.141
0.07
0.007
-0.126
-0.189
-0.141
-0.12
-0.088
-0.164
-0.128
-0.175
-0.165
-0.261
-0.424
-0.541
-0.557
-0.618
-0.588
-0.556
-0.274
-0.305
-0.147
-0.135
-0.244
-0.236
-0.305
-0.225
-0.302
-0.224
-0.335
-0.32
-0.286
-0.325
-0.151
-0.035
0.048
-0.01
0.198
0.294
0.169
0.352
0.221
0.238
0.367
0.23
0.229
0.221
-0.013
0.196
0.089
0.139
0.076
0.003
-0.149
-0.201
-0.228
-0.274
-0.362
-0.535
-0.54
-0.419
-0.61
-0.616
-0.471
-0.694
-0.506
-0.517
-0.794
-0.696
-0.758
-0.779
-0.55
-0.56
-0.684
-0.55
-0.584
-0.693
-0.656
-0.72
-0.695
-0.646
-0.489
-0.385
-0.33
-0.194
-0.173
-0.056
-0.054
-0.292
-0.325
-0.35
-0.574
-0.565
-0.381
-0.304
-0.295
-0.296
-0.249
-0.296
-0.244
-0.304
-0.306
-0.201
-0.434
-0.379
-0.398
-0.416
-0.427
-0.301
-0.266
-0.279
-0.15
-0.193
0.059
0.054
0.05
0.133
0.198
0.403
0.173
0.251
0.168
0.334
0.304
0.114
-0.02
0.019
-0.025
-0.116
0.045
0.076
0.134
0.113
-0.21
-0.099
-0.234
-0.168
-0.081
-0.13
0.13
0.104
0.025
-0.009
0.128
0.165
0.226
0.131
0.219
0.309
0.301
0.556
0.419
0.296
0.32
0.254
0.226
0.182
0.136
0.177
0.316
0.454
0.394
0.471
0.689
0.605
0.481
0.57
0.565
0.574
0.64
0.54
0.65
0.545
0.639
0.655
0.574
0.461
0.445
0.346
0.3
0.318
0.106
0.041
-0.054
-0.005
-0.06
-0.105
-0.145
-0.17
-0.231
-0.253
-0.503
-0.515
-0.504
-0.484
-0.465
-0.378
-0.276
-0.295
-0.288
-0.27
-0.31
-0.261
-0.114
-0.033
-0.135
-0.113
-0.124
0.104
0.011
-0.116
-0.23
-0.08
-0.13
-0.072
0.037
0.08
0.13
0.18
0.037
-0.026
-0.094
-0.054
0.02
-0.016
-0.043
-0.065
-0.151
-0.116
-0.077
-0.039
-0.07
-0.221
-0.21
-0.209
-0.169
-0.219
-0.184
-0.283
-0.274
-0.09
-0.37
-0.35
-0.165
-0.116
-0.1
-0.186
-0.225
-0.181
-0.134
0.018
-0.04
-0.065
-0.069
-0.103
-0.155
-0.095
-0.084
-0.238
-0.114
-0.007
-0.081
0.091
0.04
-0.003
0.013
-0.014
0.128
0.14
0.075
0.242
0.122
0.278
0.18
0.306
0.334
0.203
0.268
0.291
0.469
0.37
0.414
0.484
0.383
0.247
0.176
-0.054
-0.025
-0.14
-0.496
-0.338
-0.432
-0.578
-0.512
-0.616
-0.811
-0.689
-0.635
-0.682
-0.72
-0.796
-0.639
-0.636
-0.561
-0.755
-0.526
-0.774
-0.524
-0.445
-0.415
-0.274
-0.22
-0.155
-0.033
0.156
0.182
0.334
0.512
0.415
0.575
0.57
0.715
0.749
0.866
0.654
0.794
0.897
0.874
0.815
0.821
0.693
0.815
0.922
1.0
0.99
1.16
1.073
1.224
1.286
1.259
1.19
0.925
0.945
0.831
0.67
0.601
0.509
0.537
0.474
0.465
0.307
0.436
0.594
0.638
0.705
0.891
0.841
0.839
0.909
0.848
0.851
0.917
0.779
0.616
0.776
0.934
0.912
0.886
1.041
0.93
1.406
1.302
1.135
1.083
0.994
0.985
1.256
1.268
1.265
1.255
1.252
1.395
1.434
1.492
1.449
1.306
1.176
1.334
1.284
1.363
1.413
1.264
1.319
1.288
1.522
1.439
1.35
1.453
1.448
1.474
1.48
1.27
1.48
1.14
0.934
1.011
1.155
1.353
1.07
1.235
1.251
1.154
1.353
1.311
1.005
0.874
1.129
1.314
1.529
1.586
1.633
1.708
1.606
1.639
1.369
1.359
1.414
1.45
1.225
1.274
1.302
0.922
0.833
0.68
0.76
0.698
0.775
0.833
0.7
0.831
0.745
0.858
0.946
0.944
0.95
1.101
0.787
0.754
0.571
0.519
0.618
0.711
0.581
0.6
0.621
0.751
0.571
0.704
0.711
0.655
0.636
0.59
0.599
0.396
0.45
0.556
0.703
0.743
0.691
0.83
0.656
0.739
0.715
0.853
0.905
0.846
0.907
0.986
0.901
0.671
0.557
0.672
0.809
0.794
0.693
0.73
0.763
0.463
0.281
0.35
0.578
0.284
0.266
-0.044
-0.05
-0.003
-0.175
-0.264
-0.299
-0.212
-0.106
0.216
0.133
0.281
0.266
0.015
-0.004
0.092
0.054
0.188
0.271
0.163
0.231
-0.005
-0.106
0.031
-0.029
-0.01
0.11
-0.034
0.054
0.074
0.289
0.288
0.45
0.509
0.741
0.544
0.511
0.362
0.235
0.126
-0.019
-0.074
-0.206
-0.51
-0.43
-0.362
-0.284
-0.323
-0.28
-0.58
-0.657
-0.672
-0.715
-0.629
-0.586
-0.65
-0.51
-0.764
-0.672
-0.624
-0.652
-0.495
-0.519
-0.659
-0.438
-0.376
-0.27
-0.056
-0.176
-0.214
-0.27
-0.285
-0.186
-0.136
-0.122
-0.035
0.098
-0.155
0.098
0.367
0.399
0.539
0.36
0.424
0.161
0.139
0.059
-0.083
0.181
0.069
0.058
-0.124
-0.219
-0.312
-0.356
-0.396
-0.693
-0.774
-0.644
-0.914
-0.896
-0.809
-0.897
-0.72
-0.733
-0.669
-0.709
-0.818
-0.624
-0.511
-0.537
-0.52
-0.625
-0.391
-0.28
-0.212
-0.211
-0.235
-0.38
-0.242
-0.306
-0.443
-0.092
-0.164
0.003
-0.094
-0.209
-0.107
-0.223
-0.08
-0.099
0.066
0.159
0.139
0.181
0.301
0.23
0.171
0.321
0.46
0.694
0.79
0.633
0.434
0.411
0.296
0.193
0.258
0.163
-0.084
-0.099
-0.02
-0.039
-0.044
-0.114
-0.08
0.041
-0.051
0.007
0.126
-0.051
0.074
0.114
0.188
0.4
0.291
0.314
0.443
0.479
0.33
0.263
0.182
-0.066
-0.025
-0.084
-0.26
-0.388
-0.378
-0.396
-0.326
-0.24
-0.269
-0.013
-0.013
0.024
-0.155
-0.326
-0.275
-0.261
0.041
0.098
-0.003
0.036
0.17
0.004
0.076
-0.2
-0.304
-0.168
-0.301
-0.46
-0.388
-0.339
-0.331
-0.295
-0.107
-0.278
-0.124
-0.122
-0.205
-0.025
-0.115
-0.045
-0.32
-0.215
-0.413
-0.379
-0.283
-0.331
-0.376
-0.556
-0.708
-0.86
-0.914
-0.868
-0.945
-0.82
-0.983
-0.738
-0.641
-0.581
-0.456
-0.537
-0.336
-0.367
-0.141
-0.01
-0.005
0.136
0.219
0.251
0.266
0.33
0.458
0.441
0.64
0.601
0.501
0.52
0.214
0.205
0.069
-0.007
-0.064
0.058
0.107
0.209
0.193
0.144
-0.115
-0.143
-0.242
-0.18
-0.234
-0.229
-0.219
-0.37
-0.465
-0.465
-0.279
-0.45
-0.212
-0.216
-0.196
-0.21
-0.138
-0.088
0.071
-0.015
0.085
0.069
0.029
0.161
0.226
0.206
0.219
-0.014
0.019
-0.08
0.089
0.061
-0.159
-0.309
-0.431
-0.615
-0.667
-0.792
-0.79
-0.549
-0.755
-0.81
-0.8
-0.936
-0.914
-0.974
-1.019
-1.117
-1.344
-1.395
-1.436
-1.339
-1.355
-1.34
-1.109
-1.051
-1.104
-0.91
-1.104
-1.066
-1.059
-1.034
-0.723
-0.655
-0.446
-0.438
-0.444
-0.318
-0.41
-0.362
-0.343
-0.139
-0.121
-0.039
0.13
-0.014
-0.228
-0.311
-0.164
-0.17
-0.206
-0.31
-0.351
-0.554
-0.743
-0.671
-0.666
-0.536
-0.366
-0.26
-0.378
-0.554
-0.555
-0.818
-0.905
-0.794
-0.674
-0.688
-0.503
-0.522
-0.458
-0.338
-0.35
-0.411
-0.354
-0.145
-0.011
0.116
0.074
0.001
0.125
0.208
0.301
0.385
0.326
0.421
0.463
0.537
0.581
0.698
0.72
0.67
0.619
0.395
0.309
0.144
0.2
0.122
0.179
0.128
0.229
0.247
0.16
0.163
0.247
0.034
0.011
0.036
0.026
0.247
-0.05
-0.146
-0.098
-0.009
-0.18
-0.007
0.011
-0.04
-0.115
0.083
0.144
0.058
0.077
-0.045
0.103
0.081
0.182
0.149
0.114
0.239
-0.004
0.039
-0.15
-0.456
-0.43
-0.554
-0.497
-0.469
-0.468
-0.362
-0.374
-0.203
-0.208
-0.223
0.105
0.158
0.135
0.005
0.118
-0.037
0.013
0.09
0.065
-0.02
-0.021
0.14
0.401
0.294
0.236
0.246
0.025
-0.105
-0.173
-0.128
-0.136
-0.001
-0.01
-0.08
0.115
0.021
0.05
0.133
0.052
0.025
-0.129
-0.171
-0.219
-0.242
-0.269
-0.152
-0.048
-0.166
0.0
0.098
0.182
0.23
0.28
0.315
0.443
0.374
0.459
0.427
0.524
0.503
0.475
0.461
0.238
0.144
-0.121
0.039
-0.028
0.026
0.06
-0.079
-0.259
-0.191
-0.075
-0.114
-0.236
-0.134
-0.205
-0.266
-0.244
-0.253
-0.225
-0.094
0.0
-0.036
-0.156
-0.077
-0.224
-0.064
-0.11
-0.045
-0.201
-0.279
-0.367
-0.369
-0.166
-0.221
-0.2
-0.242
-0.309
-0.352
-0.366
-0.364
-0.443
-0.511
-0.651
-0.635
-0.517
-0.383
-0.245
-0.4
-0.348
-0.166
-0.154
-0.121
-0.071
0.037
0.035
-0.031
0.021
-0.114
-0.256
-0.292
-0.37
-0.319
-0.371
-0.302
-0.459
-0.446
-0.401
-0.335
-0.318
-0.36
-0.381
-0.374
-0.336
-0.28
-0.179
-0.215
-0.241
-0.089
-0.034
0.099
0.264
0.26
0.359
0.51
0.463
0.46
0.294
0.315
0.083
0.21
0.147
-0.101
0.003
-0.151
-0.119
-0.125
-0.077
-0.07
-0.036
-0.169
-0.255
-0.291
-0.155
-0.155
-0.133
-0.099
-0.22
-0.147
-0.253
-0.236
-0.189
-0.275
-0.323
-0.239
-0.375
-0.4
-0.408
-0.273
-0.212
-0.226
-0.296
-0.593
-0.393
-0.525
-0.604
-0.53
-0.745
-0.601
-0.376
-0.344
-0.351
-0.301
-0.426
-0.481
-0.311
-0.352
-0.116
0.003
-0.076
-0.171
-0.115
-0.16
-0.209
-0.11
-0.203
0.058
-0.022
0.141
0.094
0.195
0.126
0.226
0.161
0.085
0.198
0.115
0.056
0.145
-0.134
-0.335
-0.43
-0.609
-0.689
-0.736
-0.785
-0.828
-0.781
-0.82
-0.97
-0.875
-1.069
-1.196
-1.119
-1.062
-1.106
-1.015
-1.231
-1.141
-1.325
-1.097
-0.946
-0.859
-0.81
-0.736
-0.659
-0.634
-0.751
-0.7
-0.665
-0.583
-0.655
-0.55
-0.662
-0.864
-0.624
-0.5
-0.522
-0.304
-0.341
-0.186
-0.037
-0.146
-0.13
-0.177
-0.146
-0.094
-0.139
-0.151
-0.109
0.168
0.076
-0.077
-0.11
0.107
0.203
0.133
0.185
0.205
0.229
0.343
0.253
0.374
0.143
0.124
0.056
0.147
0.191
0.105
0.114
0.14
0.198
0.039
0.279
0.201
0.205
0.522
0.503
0.646
0.512
0.723
0.768
0.579
0.594
0.534
0.556
0.604
0.55
0.474
0.682
0.71
0.711
0.874
0.94
0.969
1.088
1.107
1.181
1.248
1.232
1.333
1.268
1.238
1.34
1.33
1.205
1.179
1.134
1.305
1.542
1.696
1.675
1.636
1.556
1.589
1.585
1.621
1.583
1.73
1.758
1.661
1.623
1.579
1.525
1.596
1.679
1.766
1.758
1.883
1.864
1.861
1.646
1.723
1.963
1.856
1.999
2.1
1.959
2.084
2.314
1.992
2.121
2.119
2.308
2.296
2.306
2.264
2.123
2.084
2.195
2.462
2.431
2.415
2.261
2.272
1.955
1.799
1.613
1.624
1.635
1.686
1.6
1.555
1.163
1.115
1.169
0.956
0.859
0.809
0.711
0.541
0.629
0.271
0.631
0.608
0.785
0.73
0.738
0.65
0.62
0.725
0.699
0.652
0.492
0.269
0.421
0.455
0.5
0.275
0.371
0.469
0.61
0.315
0.403
0.276
0.286
0.128
0.378
0.105
0.024
-0.135
-0.151
-0.046
-0.175
-0.175
-0.314
-0.355
-0.161
-0.079
-0.02
0.09
-0.106
-0.326
-0.546
-0.638
-0.679
-0.764
-0.744
-0.695
-0.821
-0.916
-0.619
-0.662
-0.479
-0.365
-0.42
-0.312
-0.263
-0.1
-0.126
0.031
0.135
0.045
0.163
0.028
0.193
0.246
0.216
0.054
0.09
0.134
-0.131
-0.175
-0.113
-0.048
0.034
0.13
0.225
0.223
0.182
0.266
0.299
0.214
0.114
0.306
0.099
0.09
0.095
0.095
0.195
0.266
0.241
0.161
0.217
0.094
-0.009
-0.003
0.015
0.07
-0.094
0.101
-0.044
-0.226
-0.111
-0.116
-0.116
-0.256
-0.245
-0.466
-0.549
-0.526
-0.78
-0.684
-0.932
-0.789
-0.886
-0.696
-0.539
-0.584
-0.626
-0.805
-0.855
-0.949
-1.159
-1.032
-1.044
-0.893
-1.121
-1.068
-0.902
-0.849
-0.721
-0.522
-0.349
-0.091
-0.344
-0.181
-0.1
-0.113
-0.144
-0.2
-0.195
-0.199
-0.001
0.184
0.121
0.284
0.24
0.24
