0.164
0.155
-0.044
0.025
0.111
0.266
0.284
0.185
0.249
0.084
0.049
0.061
0.159
0.362
0.139
0.251
0.28
0.318
0.516
0.551
0.609
0.53
0.44
0.45
0.458
0.609
0.595
0.501
0.503
0.425
0.314
0.107
0.061
-0.091
-0.152
-0.013
-0.21
-0.081
-0.138
0.074
0.23
0.224
0.113
0.085
0.091
0.159
0.144
0.209
0.316
0.234
0.031
-0.033
-0.275
-0.168
-0.131
-0.221
-0.141
-0.214
-0.152
-0.23
-0.309
-0.388
-0.49
-0.429
-0.512
-0.416
-0.486
-0.425
-0.549
-0.496
-0.503
-0.371
-0.33
-0.191
-0.206
-0.03
0.077
0.106
0.193
0.278
0.331
0.365
0.128
0.199
0.239
0.133
0.083
0.029
0.165
0.104
0.309
0.122
0.185
0.242
0.291
0.343
0.37
0.509
0.511
0.527
0.621
0.682
0.659
0.816
0.814
0.714
0.774
0.565
0.28
0.45
0.361
0.26
0.265
0.352
0.064
-0.121
-0.231
-0.354
-0.184
-0.263
-0.143
-0.224
-0.149
-0.291
-0.156
-0.033
-0.054
-0.02
-0.12
-0.23
-0.335
-0.125
-0.133
-0.039
0.033
-0.041
-0.044
0.069
-0.035
0.193
0.145
0.233
0.115
0.185
0.196
0.152
0.255
0.033
0.114
0.175
0.105
0.088
0.134
0.16
0.039
-0.05
-0.195
-0.177
-0.206
-0.08
-0.168
-0.159
-0.194
0.021
-0.223
-0.416
-0.453
-0.421
-0.334
-0.211
-0.314
-0.434
-0.579
-0.403
-0.448
-0.41
-0.571
-0.581
-0.566
-0.654
-0.531
-0.41
-0.529
-0.647
-0.775
-0.723
-0.501
-0.323
-0.364
-0.195
-0.124
0.048
0.173
-0.001
0.281
0.205
0.497
0.434
0.413
0.623
0.76
0.85
0.858
0.711
0.801
0.796
0.772
0.655
0.63
0.739
0.55
0.508
0.393
0.656
0.63
0.691
0.526
0.779
0.564
0.552
0.584
0.464
0.295
0.278
0.265
0.29
0.383
0.408
0.259
0.291
0.378
0.6
0.566
0.586
0.435
0.463
0.564
0.459
0.443
0.501
0.448
0.296
0.2
0.311
0.297
0.343
0.044
0.064
0.144
0.319
0.209
0.231
0.273
0.424
0.283
0.289
0.338
0.144
0.221
0.184
0.154
0.264
0.25
0.52
0.258
0.325
0.404
0.348
0.258
0.284
0.095
0.051
-0.14
-0.044
-0.211
-0.09
-0.184
-0.086
-0.074
-0.014
-0.014
-0.355
-0.315
-0.36
-0.348
-0.594
-0.561
-0.769
-0.95
-0.608
-0.596
-0.807
-0.939
-0.869
-0.834
-0.883
-0.931
-0.843
-0.819
-0.693
-0.679
-0.78
-0.578
-0.578
-0.619
-0.504
-0.276
-0.105
0.029
-0.024
-0.061
0.043
-0.059
0.014
-0.081
-0.256
-0.004
-0.04
0.083
0.188
0.126
0.2
0.411
0.401
0.549
0.573
0.448
0.388
0.285
0.336
0.311
0.17
0.171
0.246
0.348
0.492
0.54
0.646
0.67
0.571
0.486
0.269
0.455
0.264
0.403
0.481
0.547
0.516
0.536
0.464
0.516
0.468
0.439
0.309
0.14
0.165
0.091
-0.154
-0.074
-0.233
-0.022
0.149
0.173
0.471
0.372
0.374
0.315
0.259
0.211
0.245
0.175
0.054
0.044
-0.113
0.003
-0.06
-0.081
0.022
0.181
0.185
0.291
0.154
0.05
-0.05
0.174
0.23
0.251
0.216
0.209
-0.055
-0.221
-0.432
-0.495
-0.233
-0.216
-0.114
-0.17
-0.231
-0.224
0.034
0.039
-0.046
0.013
0.152
0.083
-0.039
0.022
0.13
0.12
0.146
0.191
0.022
0.015
0.115
-0.136
-0.11
-0.021
-0.173
0.04
0.11
0.044
0.096
0.15
-0.035
0.031
0.134
0.134
0.024
-0.1
-0.034
-0.044
-0.083
-0.079
-0.158
-0.22
-0.359
-0.545
-0.489
-0.615
-0.344
-0.512
-0.466
-0.574
-0.644
-0.514
-0.684
-0.549
-0.541
-0.445
-0.544
-0.505
-0.541
-0.556
-0.552
-0.569
-0.426
-0.209
-0.263
-0.361
-0.388
-0.345
-0.326
-0.386
-0.041
-0.219
-0.125
-0.07
-0.077
0.056
-0.1
-0.048
0.048
-0.051
0.16
0.095
0.179
0.144
0.064
-0.003
-0.096
0.026
0.092
0.051
0.241
0.099
0.043
0.001
-0.103
0.075
-0.011
0.217
0.15
-0.181
-0.061
-0.039
-0.15
-0.055
-0.009
0.013
-0.094
-0.179
-0.179
-0.161
-0.004
-0.12
-0.25
-0.333
-0.524
-0.475
-0.434
-0.53
-0.361
-0.398
-0.155
-0.338
-0.158
-0.115
-0.041
-0.141
-0.341
-0.173
-0.224
-0.158
-0.334
-0.326
-0.24
-0.292
0.029
-0.106
-0.094
-0.154
-0.111
-0.186
-0.169
-0.128
-0.129
-0.013
-0.107
-0.217
-0.143
-0.176
-0.085
-0.034
-0.013
-0.045
-0.215
-0.372
-0.52
-0.557
-0.586
-0.61
-0.445
-0.438
-0.504
-0.629
-0.598
-0.779
-0.652
-0.87
-0.878
-0.828
-0.74
-0.787
-0.682
-0.666
-0.536
-0.598
-0.585
-0.532
-0.664
-0.616
-0.7
-0.67
-0.503
-0.566
-0.758
-0.889
-0.871
-0.744
-0.954
-1.016
-0.954
-1.073
-0.978
-0.988
-0.965
-1.005
-0.941
-0.875
-0.654
-0.615
-0.456
-0.316
-0.241
-0.054
-0.279
-0.115
-0.058
0.133
0.11
0.095
0.28
0.194
0.288
0.236
0.39
0.566
0.394
0.364
0.416
0.294
0.261
0.224
0.175
-0.006
-0.029
-0.049
0.035
-0.065
-0.2
-0.124
-0.254
-0.261
-0.138
-0.173
0.105
-0.035
-0.059
-0.084
-0.135
-0.028
-0.026
-0.158
0.079
0.039
0.118
0.15
0.111
0.163
0.145
0.291
0.161
0.265
0.422
0.494
0.604
0.745
0.807
0.911
1.073
1.052
0.936
0.858
0.716
0.636
0.735
0.638
0.541
0.367
0.189
0.089
-0.036
-0.166
-0.199
-0.461
-0.481
-0.49
-0.559
-0.689
-0.641
-0.675
-0.68
-0.729
-0.664
-0.578
-0.566
-0.672
-0.584
-0.574
-0.638
-0.551
-0.419
-0.552
-0.427
-0.39
-0.311
-0.205
-0.443
-0.302
-0.185
-0.164
-0.189
-0.229
-0.188
-0.279
-0.144
-0.066
-0.135
-0.061
0.055
0.014
0.066
0.014
0.236
0.348
0.431
0.32
0.47
0.295
0.195
0.274
0.356
0.25
0.531
0.221
0.079
0.026
0.083
0.143
0.143
0.083
-0.05
-0.191
-0.549
-0.44
-0.371
-0.247
-0.315
-0.25
-0.409
-0.478
-0.526
-0.503
-0.49
-0.388
-0.395
-0.247
-0.158
-0.15
-0.14
-0.173
-0.169
-0.079
0.015
0.175
0.105
0.245
0.074
-0.05
-0.061
-0.22
-0.28
-0.439
-0.398
-0.484
-0.531
-0.536
-0.42
-0.48
-0.684
-0.703
-0.774
-0.831
-0.823
-0.771
-0.931
-0.956
-1.13
-1.18
-1.038
-0.909
-1.012
-0.756
-0.642
-0.595
-0.667
-0.676
-0.59
-0.551
-0.401
-0.413
-0.247
-0.256
-0.168
0.12
0.199
0.206
0.365
0.465
0.463
0.581
0.715
0.83
0.84
0.8
0.807
0.864
0.89
0.965
0.995
0.865
0.789
0.698
0.775
0.61
0.456
0.256
0.356
0.326
0.385
0.249
0.239
0.171
0.361
0.051
-0.136
-0.315
-0.346
-0.253
-0.268
-0.033
0.006
0.069
0.048
-0.044
0.075
0.061
0.186
0.155
0.105
0.001
0.149
0.089
-0.058
0.155
0.231
0.266
0.311
0.179
0.259
0.086
0.01
-0.122
-0.383
-0.367
-0.461
-0.482
-0.574
-0.586
-0.404
-0.346
-0.341
-0.286
-0.144
-0.231
-0.2
-0.147
-0.181
-0.226
-0.294
-0.4
-0.42
-0.444
-0.426
-0.532
-0.708
-0.499
-0.505
-0.504
-0.384
-0.511
-0.464
-0.401
-0.345
-0.406
-0.261
-0.18
-0.094
0.014
0.003
0.036
0.02
0.09
-0.034
-0.23
-0.115
-0.136
-0.061
-0.04
-0.14
-0.216
-0.333
-0.285
-0.275
-0.389
-0.464
-0.427
-0.291
-0.23
-0.271
-0.231
-0.234
-0.255
-0.212
-0.106
-0.013
0.003
-0.208
-0.19
-0.161
-0.236
-0.364
-0.532
-0.092
-0.24
0.013
0.158
0.299
0.369
0.411
0.46
0.333
0.367
0.625
0.537
0.552
0.53
0.631
0.461
0.438
0.27
0.219
-0.029
0.049
-0.131
-0.17
-0.255
-0.404
-0.238
-0.43
-0.286
-0.399
-0.271
-0.4
-0.379
-0.41
-0.438
-0.31
-0.357
-0.329
-0.464
-0.487
-0.432
-0.501
-0.545
-0.448
-0.505
-0.266
-0.427
-0.355
-0.186
-0.275
-0.366
-0.145
-0.419
-0.325
-0.224
-0.158
-0.12
-0.06
-0.188
-0.238
-0.113
-0.114
-0.119
-0.118
-0.231
0.08
0.058
0.245
0.343
0.409
0.464
0.416
0.41
0.263
0.159
0.009
-0.138
-0.249
-0.058
0.056
-0.009
-0.043
0.014
-0.076
-0.05
-0.152
0.046
0.048
0.125
0.145
0.41
0.2
0.345
0.312
0.25
0.261
0.39
0.424
0.265
0.356
0.23
0.36
0.143
0.048
0.098
0.31
0.235
0.092
0.145
0.171
0.09
0.028
0.165
-0.126
0.089
0.046
0.024
-0.046
-0.065
-0.062
-0.039
0.064
0.106
0.253
0.065
0.171
0.203
0.135
0.107
0.16
0.18
0.189
0.465
0.589
0.594
0.594
0.677
0.796
0.734
0.709
0.64
0.661
0.623
0.739
0.586
0.487
0.6
0.453
0.458
0.491
0.266
0.399
0.107
0.338
0.179
0.139
0.171
0.077
-0.044
-0.154
-0.134
-0.048
-0.084
-0.194
-0.037
0.004
-0.034
-0.189
-0.196
-0.367
-0.302
-0.109
-0.211
-0.249
-0.209
-0.216
-0.254
-0.36
-0.339
-0.24
-0.336
-0.285
-0.413
-0.338
-0.269
-0.126
-0.315
-0.371
-0.416
-0.375
-0.345
-0.41
-0.541
-0.416
-0.371
-0.432
-0.478
-0.436
-0.539
-0.481
-0.503
-0.326
-0.445
-0.284
-0.309
-0.15
-0.238
-0.168
0.031
0.048
0.119
0.001
0.295
0.274
0.27
0.394
0.466
0.438
0.576
0.578
0.55
0.529
0.571
0.464
0.429
0.468
0.17
0.25
-0.066
0.052
0.333
0.24
0.339
0.269
0.334
0.31
0.336
0.299
0.215
0.11
0.077
0.083
-0.051
0.036
0.001
-0.046
-0.072
-0.088
-0.039
-0.013
0.024
0.352
0.283
0.35
0.5
0.438
0.604
0.509
0.521
0.708
0.725
0.585
0.671
0.54
0.659
0.441
0.529
0.424
0.451
0.415
0.545
0.544
0.626
0.651
0.82
0.994
1.049
1.026
0.995
1.073
1.08
1.201
1.213
1.147
1.294
1.417
1.472
0.974
0.948
0.911
1.002
1.022
1.0
0.946
1.068
1.139
1.251
1.346
1.318
1.241
1.314
1.436
1.308
1.292
1.47
1.646
1.596
1.579
1.601
1.666
1.769
1.769
1.833
1.958
2.071
2.094
1.823
1.88
1.985
1.973
2.029
2.125
2.154
2.301
2.446
2.277
2.356
2.309
2.373
2.368
2.321
2.308
2.268
2.279
2.206
2.104
2.163
1.925
2.081
1.909
1.814
1.732
1.544
1.551
1.541
1.51
1.425
1.359
1.27
1.249
1.306
1.394
1.076
1.049
1.036
0.95
0.889
0.5
0.654
0.786
0.492
0.583
0.763
0.718
0.624
0.628
0.494
0.362
0.283
0.169
0.159
0.048
0.056
0.004
-0.241
-0.43
-0.562
-0.335
-0.098
-0.055
-0.294
-0.233
-0.185
-0.357
-0.53
-0.609
-0.471
-0.48
-0.593
-0.574
-0.436
-0.186
-0.23
0.0
-0.092
-0.324
-0.351
-0.265
-0.395
-0.536
-0.506
-0.361
-0.349
-0.307
-0.29
-0.316
-0.279
-0.12
0.004
-0.045
-0.107
-0.037
0.101
0.107
0.52
0.059
0.07
0.116
0.152
0.406
0.561
0.496
0.694
0.609
0.825
0.836
0.759
0.688
0.721
0.719
0.846
0.891
0.753
0.839
0.671
0.675
0.873
0.674
0.652
0.45
0.406
0.318
0.076
-0.186
-0.168
-0.236
-0.383
-0.381
-0.211
-0.182
-0.333
-0.1
-0.398
-0.346
-0.491
-0.52
-0.725
-0.746
-0.698
-0.853
-0.718
-0.625
3.679
-0.669
-0.619
-0.519
-0.647
-0.728
-0.645
-0.436
-0.374
-0.383
-0.258
-0.289
-0.429
-0.432
-0.357
-0.256
-0.379
-0.375
-0.432
-0.292
-0.431
-0.245
-0.27
-0.404
-0.568
-0.644
-0.461
-0.614
-0.662
-0.53
-0.664
-0.638
-0.616
-0.521
-0.449
-0.625
-0.624
-0.856
-1.022
-0.959
-1.214
-1.419
-1.538
-1.539
-1.495
-1.458
-1.494
-1.643
-1.644
-1.609
-1.609
-1.262
-1.164
-1.224
-1.018
-0.985
-0.959
-0.84
-0.885
-1.161
-1.136
-1.153
-1.228
-1.208
-1.185
-1.068
-1.028
-0.92
-0.738
-0.65
-0.39
-0.274
-0.206
-0.427
-0.211
-0.182
0.147
0.124
0.315
0.369
0.381
0.583
0.383
0.328
0.352
0.424
0.345
0.53
0.519
0.603
0.42
0.297
0.355
0.331
0.331
0.329
0.264
0.48
0.296
0.451
0.53
0.264
0.228
0.136
0.241
0.18
0.168
0.095
0.061
0.014
-0.069
0.19
0.049
0.048
-0.114
-0.231
-0.499
-0.449
-0.686
-0.728
-0.763
-0.816
-0.815
-0.899
-0.917
-0.906
-0.831
-0.797
-0.805
-0.791
-0.784
-0.684
-0.688
-0.758
-0.785
-0.981
-1.04
-1.208
-1.29
-1.015
-1.188
-1.231
-1.106
-0.994
-0.902
-0.784
-0.73
-0.634
-0.438
-0.539
-0.63
-0.482
-0.591
-0.5
-0.485
-0.331
-0.334
-0.263
-0.005
0.245
0.286
0.405
0.471
0.429
0.413
0.273
0.174
0.309
0.336
0.114
0.124
0.28
0.195
0.018
0.219
0.416
0.279
0.221
0.281
0.189
0.416
0.201
0.316
0.253
0.318
0.007
-0.201
-0.092
-0.113
-0.056
-0.393
-0.344
-0.309
-0.211
-0.214
-0.369
-0.403
-0.189
-0.234
-0.235
-0.36
-0.427
-0.672
-0.512
-0.494
-0.656
-0.746
-0.699
-0.981
-0.815
-0.743
-0.787
-0.774
-0.512
-0.455
-0.536
-0.789
-0.615
-0.655
-0.81
-0.741
-0.744
-0.684
-0.481
-0.481
-0.506
-0.475
-0.381
-0.545
-0.45
-0.594
-0.542
-0.504
-0.579
-0.57
-0.595
-0.611
-0.721
-0.724
-0.58
-0.816
-0.948
-0.797
-0.76
-0.935
-1.024
-0.931
-0.985
-1.036
-0.929
-0.996
-0.83
-0.89
-0.939
-0.844
-0.916
-0.943
-0.948
-0.938
-0.839
-0.809
-0.854
-1.022
-0.833
-0.696
-0.715
-0.701
-0.593
-0.378
-0.3
-0.35
-0.036
0.099
0.081
0.041
-0.029
-0.064
0.071
0.158
0.395
0.394
0.46
0.5
0.375
0.278
0.297
0.14
0.281
0.216
0.263
-0.072
-0.316
-0.188
-0.21
-0.302
-0.04
-0.075
0.107
0.247
0.249
0.28
0.175
0.26
0.5
0.547
0.526
0.593
0.583
0.547
0.486
0.446
0.489
0.497
0.375
0.351
0.246
0.205
0.233
0.233
0.001
0.043
0.103
0.051
0.182
0.229
0.146
0.189
0.307
0.343
0.26
0.331
0.409
0.504
0.565
0.525
0.463
0.526
0.497
0.46
0.514
0.401
0.338
0.206
0.191
0.011
-0.011
0.136
0.043
0.085
0.059
-0.03
0.019
0.169
0.021
0.021
0.045
0.103
0.261
0.496
0.534
0.425
0.495
0.333
0.51
0.539
0.552
0.416
0.4
0.456
0.283
0.193
0.226
0.203
0.285
0.461
0.315
0.451
0.468
0.461
0.398
0.25
0.116
-0.134
-0.058
-0.188
-0.326
-0.29
-0.286
-0.285
-0.189
-0.39
-0.478
-0.46
-0.283
-0.345
-0.419
-0.458
-0.605
-0.388
-0.512
-0.37
-0.386
-0.352
-0.288
-0.205
-0.562
-0.738
-0.639
-0.616
-0.575
-0.484
-0.473
-0.438
-0.276
-0.279
-0.3
-0.219
-0.24
-0.065
-0.131
-0.165
-0.001
-0.095
-0.121
-0.14
-0.29
-0.33
-0.159
-0.161
-0.107
-0.074
0.151
0.143
-0.021
0.079
-0.016
-0.006
-0.168
-0.115
0.114
-0.199
-0.334
-0.329
-0.24
-0.091
-0.21
-0.019
-0.036
-0.014
-0.136
-0.007
0.17
0.31
0.39
0.146
0.136
0.395
0.481
0.441
0.185
0.275
0.007
-0.006
-0.049
-0.004
0.041
0.066
0.16
0.25
0.276
0.341
0.405
0.404
0.348
0.432
0.38
0.411
0.195
0.156
0.009
-0.006
0.033
0.046
0.037
0.046
-0.028
-0.109
0.009
0.033
0.119
-0.081
-0.074
-0.01
-0.05
-0.011
-0.158
-0.033
0.07
0.24
0.205
0.238
0.236
0.25
0.286
0.164
0.051
0.146
0.188
0.12
0.164
0.246
0.188
0.215
0.113
0.15
0.275
0.0
0.06
0.149
0.136
0.176
0.136
0.141
0.135
0.128
-0.088
-0.043
0.024
0.177
0.235
0.21
0.118
0.301
0.352
0.299
0.36
0.291
0.24
0.151
0.285
0.085
0.103
0.05
0.03
0.155
0.019
-0.052
-0.104
-0.216
-0.456
-0.279
-0.29
-0.32
-0.175
-0.235
-0.221
-0.36
-0.323
-0.288
-0.263
-0.266
-0.36
-0.177
-0.275
-0.141
-0.114
-0.039
0.08
0.238
0.114
-0.056
-0.081
-0.118
0.105
-0.03
-0.036
-0.014
0.195
0.299
0.394
0.378
0.36
0.241
0.335
0.233
0.302
0.318
0.421
0.22
0.464
0.394
0.383
0.394
0.223
0.235
0.021
-0.005
0.404
0.2
0.184
0.484
0.461
0.352
0.451
0.304
0.421
0.242
0.266
0.173
0.039
0.088
0.111
0.208
0.066
0.051
0.323
0.099
0.223
0.254
0.355
0.225
0.155
0.216
0.444
0.378
0.283
0.238
0.182
0.066
0.054
-0.029
0.075
0.037
-0.163
-0.264
-0.221
-0.214
-0.154
-0.146
-0.115
-0.259
-0.31
-0.126
-0.247
-0.316
-0.334
-0.36
-0.43
-0.394
-0.404
-0.256
-0.405
-0.312
-0.305
-0.286
-0.216
-0.295
-0.106
-0.184
-0.191
-0.398
-0.409
-0.429
-0.216
-0.116
-0.188
-0.054
-0.039
-0.055
-0.158
-0.29
-0.211
-0.14
-0.258
-0.043
-0.048
-0.03
0.115
-0.04
-0.08
-0.32
-0.324
-0.364
-0.45
-0.579
-0.655
-0.43
-0.265
-0.096
-0.064
-0.3
-0.482
-0.351
-0.55
-0.618
-0.495
-0.408
-0.393
-0.491
-0.499
-0.796
-0.906
-0.805
-0.59
-0.509
-0.216
-0.171
-0.147
-0.288
-0.271
-0.286
-0.422
-0.355
-0.23
-0.206
-0.206
-0.224
-0.16
-0.247
-0.091
-0.244
0.044
-0.021
0.004
-0.096
-0.092
-0.182
-0.094
-0.211
-0.147
-0.134
-0.01
-0.006
0.094
0.05
-0.005
-0.136
-0.17
-0.234
-0.226
-0.3
-0.311
-0.367
-0.217
-0.139
-0.304
-0.309
-0.41
-0.319
-0.235
-0.41
-0.325
-0.328
-0.495
-0.677
-0.603
-0.427
-0.376
-0.381
-0.344
-0.306
-0.158
-0.208
0.056
0.043
0.17
0.245
0.641
0.694
0.782
0.853
1.024
1.1
1.206
1.401
1.401
1.377
1.47
1.644
1.768
1.944
1.984
1.89
1.616
1.67
1.397
1.409
1.453
1.491
1.508
1.455
1.414
1.364
1.234
1.096
1.084
1.062
1.022
1.034
1.048
0.995
0.9
0.965
0.984
0.944
0.848
0.939
1.125
1.08
1.046
1.089
1.22
1.373
1.32
1.429
1.499
1.545
1.434
1.346
1.234
1.225
1.465
1.424
1.485
1.35
1.305
1.36
1.209
1.194
0.955
0.734
0.623
0.557
0.494
0.295
0.263
0.056
-0.043
0.116
0.175
-0.035
0.12
0.281
0.254
0.139
0.385
0.521
0.355
0.458
0.57
0.448
0.432
0.43
0.51
0.715
0.945
1.024
1.205
1.213
1.391
1.57
1.604
1.61
1.631
1.923
1.739
2.029
1.966
1.496
1.5
1.413
1.589
1.474
1.419
1.324
1.77
1.741
1.624
1.613
1.603
1.556
1.708
1.646
1.705
1.575
1.222
1.459
1.468
1.41
1.384
1.193
1.071
1.345
1.301
1.274
1.252
1.4
1.3
1.2
0.986
0.944
0.735
0.88
0.821
0.932
0.921
1.075
0.906
0.838
0.971
0.751
0.959
0.938
0.869
0.784
0.64
0.216
0.431
0.367
0.446
0.453
0.739
0.812
0.849
0.878
0.661
0.676
0.715
0.566
0.463
0.623
0.713
0.859
0.746
0.456
0.306
0.5
0.297
0.396
0.6
0.566
0.649
0.53
0.451
0.409
0.45
0.331
0.291
0.215
0.14
0.231
0.193
0.231
0.133
0.141
-0.039
-0.266
-0.346
-0.56
-0.469
-0.583
-0.621
-0.646
-0.715
-0.849
-1.024
-0.763
-0.763
-0.841
-0.844
-0.897
-0.828
-0.726
-1.056
-1.061
-0.89
-0.858
-0.677
-0.415
-0.55
-0.33
-0.307
-0.31
-0.362
-0.314
-0.292
-0.253
-0.273
-0.095
0.005
-0.039
0.045
0.198
0.095
0.265
0.441
0.542
0.515
0.474
0.266
0.31
0.352
0.15
-0.029
-0.17
-0.175
-0.3
-0.26
-0.166
-0.201
-0.089
-0.02
0.105
0.014
0.009
0.058
0.011
0.015
-0.195
-0.208
-0.143
-0.185
-0.362
-0.33
-0.525
-0.49
-0.478
-0.664
-0.856
-0.889
-0.801
-0.708
-0.669
-0.75
-0.636
-0.54
-0.519
-0.723
-0.81
-0.534
-0.787
-0.802
-0.662
-0.63
-0.44
-0.463
-0.364
-0.145
-0.092
-0.045
-0.083
-0.092
-0.219
-0.181
-0.246
-0.326
-0.224
-0.345
-0.406
-0.426
-0.331
-0.352
-0.531
-0.491
-0.667
-0.65
-0.7
-0.723
-0.76
-0.885
-0.652
-0.649
-0.649
-0.709
-0.561
-0.494
-0.604
-0.846
-0.851
-0.881
-0.819
-0.763
-0.963
-1.005
-1.17
-1.255
-1.289
-1.285
-1.346
-1.347
-1.72
-1.795
-1.52
-1.414
-1.326
-1.238
-1.213
-0.915
-1.01
-0.94
-0.799
-0.776
-0.7
-0.501
-0.463
-0.333
-0.35
-0.305
-0.438
-0.441
-0.645
-0.431
-0.544
-0.497
-0.715
-0.86
-0.99
-0.9
-1.018
-0.854
-0.635
-0.657
-0.695
-0.68
-0.825
-0.526
