-0.07
-0.039
-0.018
0.01
0.173
0.263
0.4
0.445
0.357
0.396
0.403
0.379
0.44
0.362
0.354
0.226
0.236
0.465
0.445
0.494
0.512
0.593
0.6
0.55
0.568
0.495
0.566
0.532
0.319
0.331
0.324
0.306
0.399
0.47
0.449
0.583
0.561
0.46
0.703
0.65
0.725
0.499
0.481
0.453
0.333
0.335
0.38
0.352
0.259
0.323
0.295
0.103
0.175
0.13
0.181
0.26
0.379
0.338
0.231
0.211
0.15
0.22
-0.072
-0.19
-0.279
-0.302
-0.177
-0.104
-0.235
-0.281
-0.333
-0.38
-0.435
-0.411
-0.378
-0.231
-0.235
-0.04
0.089
0.074
0.072
0.228
0.077
0.09
0.041
-0.01
-0.013
-0.058
-0.214
-0.163
-0.171
-0.116
-0.168
-0.095
-0.072
0.072
0.077
0.069
-0.046
0.095
-0.036
0.066
0.147
0.126
0.209
0.098
0.214
0.049
-0.005
-0.066
-0.094
-0.177
-0.258
-0.364
-0.17
-0.208
-0.141
-0.152
-0.236
-0.04
0.031
0.044
0.2
0.264
0.241
0.114
0.089
0.264
0.085
0.279
0.145
0.146
0.154
0.103
0.152
0.17
0.1
-0.034
0.077
0.149
0.001
0.103
0.18
0.16
0.253
0.361
0.458
0.435
0.464
0.634
0.801
0.8
0.736
0.665
0.691
0.348
0.21
0.08
0.129
0.221
0.294
0.29
0.113
0.08
-0.2
-0.256
-0.225
-0.416
-0.511
-0.489
-0.376
-0.361
-0.404
-0.289
-0.297
-0.35
-0.173
-0.389
-0.323
-0.424
-0.508
-0.355
-0.473
-0.294
-0.223
-0.219
-0.05
-0.139
-0.406
-0.406
-0.451
-0.481
-0.438
-0.409
-0.357
-0.389
-0.409
-0.314
-0.37
-0.295
-0.23
-0.238
-0.145
-0.09
-0.054
-0.036
-0.126
-0.12
-0.14
-0.071
0.029
-0.105
-0.289
-0.186
-0.158
-0.065
0.226
0.258
0.181
0.124
0.216
0.315
0.492
0.443
0.414
0.604
0.534
0.562
0.333
0.351
0.385
0.531
0.399
0.343
0.315
0.555
0.65
0.546
0.645
0.774
0.721
0.557
0.605
0.644
0.544
0.621
0.674
0.527
0.728
0.686
0.66
0.588
0.444
0.304
0.24
0.171
-0.039
-0.09
-0.088
-0.08
-0.04
0.034
-0.08
-0.186
-0.265
-0.389
-0.618
-0.677
-0.709
-0.72
-0.616
-0.318
-0.389
-0.211
-0.246
-0.314
-0.444
-0.474
-0.318
-0.265
-0.196
-0.339
-0.239
-0.15
-0.211
0.066
0.299
0.315
0.275
0.143
0.239
0.194
0.089
0.14
0.184
0.05
0.141
0.043
0.107
0.065
-0.114
-0.139
-0.088
-0.096
-0.158
-0.109
-0.318
-0.444
-0.338
-0.32
-0.521
-0.514
-0.478
-0.451
-0.463
-0.403
-0.265
-0.263
-0.249
-0.301
-0.33
-0.336
-0.182
-0.302
-0.265
-0.229
-0.208
-0.2
-0.176
-0.348
-0.38
-0.268
-0.426
-0.501
-0.609
-0.524
-0.604
-0.826
-0.703
-0.909
-0.927
-0.873
-0.943
-0.79
-0.844
-0.754
-0.635
-0.499
-0.196
-0.221
-0.19
-0.231
-0.185
-0.005
-0.146
-0.036
-0.074
-0.161
-0.066
-0.058
0.092
0.098
0.119
0.323
0.215
0.23
0.331
0.429
0.505
0.598
0.626
0.739
0.565
0.511
0.422
0.471
0.509
0.394
0.468
0.348
0.26
0.166
0.121
-0.048
-0.179
-0.228
-0.401
-0.551
-0.765
-0.589
-0.81
-0.785
-0.777
-0.704
-0.745
-0.616
-0.639
-0.666
-0.776
-0.675
-0.615
-0.573
-0.378
-0.343
-0.177
0.076
0.306
0.328
0.321
0.395
0.414
0.421
0.31
0.448
0.579
0.601
0.71
0.784
0.763
0.863
0.939
0.865
0.694
0.818
0.83
0.806
0.814
0.716
0.812
0.775
0.896
0.909
0.746
0.633
0.789
0.854
0.777
0.729
0.659
0.56
0.591
0.45
0.343
0.235
0.221
0.236
0.324
0.066
0.11
0.005
-0.029
-0.223
-0.2
-0.357
-0.475
-0.492
-0.512
-0.676
-0.769
-0.698
-0.735
-0.744
-0.931
-0.879
-1.088
-1.028
-0.888
-0.714
-0.634
-0.578
-0.505
-0.479
-0.504
-0.301
-0.119
-0.083
0.011
0.143
0.263
0.354
0.534
0.48
0.489
0.449
0.427
0.522
0.619
0.686
0.856
0.858
0.966
0.84
0.75
0.794
0.654
0.776
0.46
0.562
0.279
0.247
0.328
0.38
0.47
0.424
0.474
0.459
0.359
0.198
0.198
0.198
0.077
-0.131
-0.186
-0.141
-0.004
-0.024
-0.009
0.107
-0.122
-0.101
-0.225
-0.205
-0.221
-0.365
-0.326
-0.17
-0.3
-0.25
-0.285
-0.22
0.096
-0.03
-0.016
-0.141
0.077
0.134
0.242
0.371
0.383
0.366
0.355
0.372
0.225
0.231
0.48
0.31
0.367
0.259
0.22
0.133
0.246
0.095
0.02
-0.284
-0.372
-0.55
-0.266
-0.438
-0.526
-0.491
-0.497
-0.393
-0.504
-0.529
-0.68
-0.759
-0.764
-0.601
-0.665
-0.547
-0.595
-0.343
-0.286
-0.25
-0.215
-0.165
-0.091
-0.12
0.039
0.143
0.166
0.205
0.124
0.113
0.143
0.185
0.208
0.158
0.11
-0.02
0.193
0.09
0.144
-0.115
-0.028
-0.034
-0.278
-0.405
-0.536
-0.388
-0.468
-0.47
-0.37
-0.47
-0.361
-0.37
-0.255
-0.291
-0.495
-0.549
-0.385
-0.378
-0.524
-0.772
-0.599
-0.441
-0.61
-0.551
-0.645
-0.614
-0.516
-0.614
-0.454
-0.429
-0.416
-0.414
-0.435
-0.434
-0.575
-0.393
-0.364
-0.438
-0.615
-0.561
-0.58
-0.562
-0.522
-0.532
-0.417
-0.529
-0.531
-0.333
-0.348
-0.328
-0.371
-0.184
-0.114
0.009
-0.028
0.181
0.0
0.119
0.076
0.07
0.134
0.21
0.249
0.146
0.049
0.242
0.426
0.575
0.503
0.466
0.478
0.29
0.584
0.385
0.194
0.289
0.427
0.182
0.168
0.13
0.095
0.329
0.27
0.109
0.143
0.26
0.329
0.226
0.343
0.311
0.367
0.344
0.041
0.044
-0.025
0.043
0.003
-0.107
-0.003
0.001
0.226
0.274
0.349
0.386
0.286
0.304
0.297
0.295
0.465
0.51
0.718
0.547
0.584
0.839
0.469
0.434
0.343
0.273
0.019
0.139
-0.09
-0.037
-0.359
-0.369
-0.306
-0.22
-0.171
-0.255
-0.205
-0.171
-0.145
-0.27
0.039
-0.074
-0.081
-0.165
-0.394
-0.268
-0.344
-0.23
-0.075
-0.083
-0.107
0.02
0.025
0.083
-0.07
-0.08
-0.099
-0.036
-0.212
0.251
0.077
0.104
0.055
0.111
0.079
0.088
0.04
0.224
0.263
0.307
0.299
0.355
0.351
0.196
0.231
0.16
0.086
0.17
-0.066
-0.096
-0.25
-0.234
-0.366
-0.491
-0.421
-0.479
-0.792
-0.851
-0.686
-0.858
-0.797
-0.714
-0.745
-0.765
-0.74
-0.703
-0.586
-0.419
-0.436
-0.242
-0.357
-0.499
-0.381
-0.399
-0.427
-0.404
-0.289
-0.291
-0.246
-0.247
-0.325
-0.349
-0.348
-0.291
-0.31
-0.208
-0.229
-0.275
-0.199
-0.007
0.026
-0.065
-0.163
-0.125
-0.14
-0.099
-0.297
-0.046
-0.151
-0.304
-0.209
-0.275
-0.104
-0.066
0.098
0.124
0.134
0.185
0.194
0.139
0.106
0.14
0.258
0.264
0.339
0.21
0.35
0.292
0.238
0.17
0.199
0.201
0.066
0.149
0.083
-0.028
-0.031
0.079
0.076
-0.058
0.32
0.247
0.164
0.086
0.072
0.201
0.215
0.422
0.319
0.374
0.345
0.175
0.319
0.41
0.466
0.615
0.356
0.458
0.258
0.32
0.44
0.422
0.446
0.371
0.311
0.279
0.146
-0.122
0.028
0.021
-0.005
-0.118
-0.164
-0.273
-0.273
-0.305
-0.254
-0.208
-0.344
-0.279
-0.149
-0.21
-0.239
-0.055
-0.02
-0.208
-0.116
-0.034
-0.007
0.071
0.065
0.163
0.115
-0.195
-0.193
-0.208
-0.312
-0.448
-0.318
-0.26
-0.309
-0.268
-0.361
-0.376
-0.166
-0.203
-0.266
-0.146
-0.509
-0.465
-0.427
-0.35
-0.453
-0.413
-0.311
-0.419
-0.361
-0.372
-0.463
-0.297
-0.253
-0.304
-0.239
0.058
0.058
-0.01
-0.056
-0.016
0.028
-0.009
0.146
0.072
0.06
0.095
0.1
0.072
0.041
0.094
-0.001
0.179
0.217
0.159
0.334
0.32
0.444
0.366
0.271
0.302
0.275
0.143
0.129
0.031
0.059
-0.011
0.055
-0.039
-0.075
0.069
-0.091
-0.151
-0.14
-0.284
-0.273
-0.182
-0.236
-0.239
-0.04
-0.229
-0.362
-0.283
-0.369
-0.245
-0.211
-0.114
0.051
-0.018
0.188
0.143
0.19
0.205
0.249
0.372
0.356
0.54
0.672
0.426
0.416
0.566
0.711
0.72
0.6
0.818
0.916
0.728
0.701
0.716
0.633
0.53
0.659
0.601
0.496
0.485
0.465
0.565
0.527
0.408
0.386
0.38
0.205
0.122
0.238
0.315
0.289
0.419
0.497
0.47
0.4
0.409
0.258
0.469
0.461
0.492
0.379
0.638
0.53
0.766
0.701
0.611
0.85
0.988
0.953
1.0
1.061
1.066
1.14
0.99
0.839
0.841
0.886
0.981
0.854
0.816
0.789
0.839
0.885
0.909
0.71
0.905
0.843
0.904
0.849
0.785
0.895
0.897
0.875
0.873
0.815
0.922
0.619
0.539
0.661
0.564
0.693
0.784
0.868
0.901
0.833
0.829
0.868
0.825
0.839
0.824
0.486
0.646
0.618
0.706
0.769
0.642
0.63
0.755
0.52
0.571
0.312
0.266
0.125
0.086
-0.036
-0.226
-0.266
-0.242
-0.154
-0.077
0.044
0.133
0.164
0.155
-0.044
0.025
0.111
0.266
0.284
0.185
0.249
0.084
0.049
0.061
0.159
0.362
0.139
0.251
0.28
0.318
0.516
0.551
0.609
0.53
0.44
0.45
0.458
0.609
0.595
0.501
0.503
0.425
0.314
0.107
0.061
-0.091
-0.152
-0.013
-0.21
-0.081
-0.138
0.074
0.23
0.224
0.113
0.085
0.091
0.159
0.144
0.209
0.316
0.234
0.031
-0.033
-0.275
-0.168
-0.131
-0.221
-0.141
-0.214
-0.152
-0.23
-0.309
-0.388
-0.49
-0.429
-0.512
-0.416
-0.486
-0.425
-0.549
-0.496
-0.503
-0.371
-0.33
-0.191
-0.206
-0.03
0.077
0.106
0.193
0.278
0.331
0.365
0.128
0.199
0.239
0.133
0.083
0.029
0.165
0.104
0.309
0.122
0.185
0.242
0.291
0.343
0.37
0.509
0.511
0.527
0.621
0.682
0.659
0.816
0.814
0.714
0.774
0.565
0.28
0.45
0.361
0.26
0.265
0.352
0.064
-0.121
-0.231
-0.354
-0.184
-0.263
-0.143
-0.224
-0.149
-0.291
-0.156
-0.033
-0.054
-0.02
-0.12
-0.23
-0.335
-0.125
-0.133
-0.039
0.033
-0.041
-0.044
0.069
-0.035
0.193
0.145
0.233
0.115
0.185
0.196
0.152
0.255
0.033
0.114
0.175
0.105
0.088
0.134
0.16
0.039
-0.05
-0.195
-0.177
-0.206
-0.08
-0.168
-0.159
-0.194
0.021
-0.223
-0.416
-0.453
-0.421
-0.334
-0.211
-0.314
-0.434
-0.579
-0.403
-0.448
-0.41
-0.571
-0.581
-0.566
-0.654
-0.531
-0.41
-0.529
-0.647
-0.775
-0.723
-0.501
-0.323
-0.364
-0.195
-0.124
0.048
0.173
-0.001
0.281
0.205
0.497
0.434
0.413
0.623
0.76
0.85
0.858
0.711
0.801
0.796
0.772
0.655
0.63
0.739
0.55
0.508
0.393
0.656
0.63
0.691
0.526
0.779
0.564
0.552
0.584
0.464
0.295
0.278
0.265
0.29
0.383
0.408
0.259
0.291
0.378
0.6
0.566
0.586
0.435
0.463
0.564
0.459
0.443
0.501
0.448
0.296
0.2
0.311
0.297
0.343
0.044
0.064
0.144
0.319
0.209
0.231
0.273
0.424
0.283
0.289
0.338
0.144
0.221
0.184
0.154
0.264
0.25
0.52
0.258
0.325
0.404
0.348
0.258
0.284
0.095
0.051
-0.14
-0.044
-0.211
-0.09
-0.184
-0.086
-0.074
-0.014
-0.014
-0.355
-0.315
-0.36
-0.348
-0.594
-0.561
-0.769
-0.95
-0.608
-0.596
-0.807
-0.939
-0.869
-0.834
-0.883
-0.931
-0.843
-0.819
-0.693
-0.679
-0.78
-0.578
-0.578
-0.619
-0.504
-0.276
-0.105
0.029
-0.024
-0.061
0.043
-0.059
0.014
-0.081
-0.256
-0.004
-0.04
0.083
0.188
0.126
0.2
0.411
0.401
0.549
0.573
0.448
0.388
0.285
0.336
0.311
0.17
0.171
0.246
0.348
0.492
0.54
0.646
0.67
0.571
0.486
0.269
0.455
0.264
0.403
0.481
0.547
0.516
0.536
0.464
0.516
0.468
0.439
0.309
0.14
0.165
0.091
-0.154
-0.074
-0.233
-0.022
0.149
0.173
0.471
0.372
0.374
0.315
0.259
0.211
0.245
0.175
0.054
0.044
-0.113
0.003
-0.06
-0.081
0.022
0.181
0.185
0.291
0.154
0.05
-0.05
0.174
0.23
0.251
0.216
0.209
-0.055
-0.221
-0.432
-0.495
-0.233
-0.216
-0.114
-0.17
-0.231
-0.224
0.034
0.039
-0.046
0.013
0.152
0.083
-0.039
0.022
0.13
0.12
0.146
0.191
0.022
0.015
0.115
-0.136
-0.11
-0.021
-0.173
0.04
0.11
0.044
0.096
0.15
-0.035
0.031
0.134
0.134
0.024
-0.1
-0.034
-0.044
-0.083
-0.079
-0.158
-0.22
-0.359
-0.545
-0.489
-0.615
-0.344
-0.512
-0.466
-0.574
-0.644
-0.514
-0.684
-0.549
-0.541
-0.445
-0.544
-0.505
-0.541
-0.556
-0.552
-0.569
-0.426
-0.209
-0.263
-0.361
-0.388
-0.345
-0.326
-0.386
-0.041
-0.219
-0.125
-0.07
-0.077
0.056
-0.1
-0.048
0.048
-0.051
0.16
0.095
0.179
0.144
0.064
-0.003
-0.096
0.026
0.092
0.051
0.241
0.099
0.043
0.001
-0.103
0.075
-0.011
0.217
0.15
-0.181
-0.061
-0.039
-0.15
-0.055
-0.009
0.013
-0.094
-0.179
-0.179
-0.161
-0.004
-0.12
-0.25
-0.333
-0.524
-0.475
-0.434
-0.53
-0.361
-0.398
-0.155
-0.338
-0.158
-0.115
-0.041
-0.141
-0.341
-0.173
-0.224
-0.158
-0.334
-0.326
-0.24
-0.292
0.029
-0.106
-0.094
-0.154
-0.111
-0.186
-0.169
-0.128
-0.129
-0.013
-0.107
-0.217
-0.143
-0.176
-0.085
-0.034
-0.013
-0.045
-0.215
-0.372
-0.52
-0.557
-0.586
-0.61
-0.445
-0.438
-0.504
-0.629
-0.598
-0.779
-0.652
-0.87
-0.878
-0.828
-0.74
-0.787
-0.682
-0.666
-0.536
-0.598
-0.585
-0.532
-0.664
-0.616
-0.7
-0.67
-0.503
-0.566
-0.758
-0.889
-0.871
-0.744
-0.954
-1.016
-0.954
-1.073
-0.978
-0.988
-0.965
-1.005
-0.941
-0.875
-0.654
-0.615
-0.456
-0.316
-0.241
-0.054
-0.279
-0.115
-0.058
0.133
0.11
0.095
0.28
0.194
0.288
0.236
0.39
0.566
0.394
0.364
0.416
0.294
0.261
0.224
0.175
-0.006
-0.029
-0.049
0.035
-0.065
-0.2
-0.124
-0.254
-0.261
-0.138
-0.173
0.105
-0.035
-0.059
-0.084
-0.135
-0.028
-0.026
-0.158
0.079
0.039
0.118
0.15
0.111
0.163
0.145
0.291
0.161
0.265
0.422
0.494
0.604
0.745
0.807
0.911
1.073
1.052
0.936
0.858
0.716
0.636
0.735
0.638
0.541
0.367
0.189
0.089
-0.036
-0.166
-0.199
-0.461
-0.481
-0.49
-0.559
-0.689
-0.641
-0.675
-0.68
-0.729
-0.664
-0.578
-0.566
-0.672
-0.584
-0.574
-0.638
-0.551
-0.419
-0.552
-0.427
-0.39
-0.311
-0.205
-0.443
-0.302
-0.185
-0.164
-0.189
-0.229
-0.188
-0.279
-0.144
-0.066
-0.135
-0.061
0.055
0.014
0.066
0.014
0.236
0.348
0.431
0.32
0.47
0.295
0.195
0.274
0.356
0.25
0.531
0.221
0.079
0.026
0.083
0.143
0.143
0.083
-0.05
-0.191
-0.549
-0.44
-0.371
-0.247
-0.315
-0.25
-0.409
-0.478
-0.526
-0.503
-0.49
-0.388
-0.395
-0.247
-0.158
-0.15
-0.14
-0.173
-0.169
-0.079
0.015
0.175
0.105
0.245
0.074
-0.05
-0.061
-0.22
-0.28
-0.439
-0.398
-0.484
-0.531
-0.536
-0.42
-0.48
-0.684
-0.703
-0.774
-0.831
-0.823
-0.771
-0.931
-0.956
-1.13
-1.18
-1.038
-0.909
-1.012
-0.756
-0.642
-0.595
-0.667
-0.676
-0.59
-0.551
-0.401
-0.413
-0.247
-0.256
-0.168
0.12
0.199
0.206
0.365
0.465
0.463
0.581
0.715
0.83
0.84
0.8
0.807
0.864
0.89
0.965
0.995
0.865
0.789
0.698
0.775
0.61
0.456
0.256
0.356
0.326
0.385
0.249
0.239
0.171
0.361
0.051
-0.136
-0.315
-0.346
-0.253
-0.268
-0.033
0.006
0.069
0.048
-0.044
0.075
0.061
0.186
0.155
0.105
0.001
0.149
0.089
-0.058
0.155
0.231
0.266
0.311
0.179
0.259
0.086
0.01
-0.122
-0.383
-0.367
-0.461
-0.482
-0.574
-0.586
-0.404
-0.346
-0.341
-0.286
-0.144
-0.231
-0.2
-0.147
-0.181
-0.226
-0.294
-0.4
-0.42
-0.444
-0.426
-0.532
-0.708
-0.499
-0.505
-0.504
-0.384
-0.511
-0.464
-0.401
-0.345
-0.406
-0.261
-0.18
-0.094
0.014
0.003
0.036
0.02
0.09
-0.034
-0.23
-0.115
-0.136
-0.061
-0.04
-0.14
-0.216
-0.333
-0.285
-0.275
-0.389
-0.464
-0.427
-0.291
-0.23
-0.271
-0.231
-0.234
-0.255
-0.212
-0.106
-0.013
0.003
-0.208
-0.19
-0.161
-0.236
-0.364
-0.532
-0.092
-0.24
0.013
0.158
0.299
0.369
0.411
0.46
0.333
0.367
0.625
0.537
0.552
0.53
0.631
0.461
0.438
0.27
0.219
-0.029
0.049
-0.131
-0.17
-0.255
-0.404
-0.238
-0.43
-0.286
-0.399
-0.271
-0.4
-0.379
-0.41
-0.438
-0.31
-0.357
-0.329
-0.464
-0.487
-0.432
-0.501
-0.545
-0.448
-0.505
-0.266
-0.427
-0.355
-0.186
-0.275
-0.366
-0.145
-0.419
-0.325
-0.224
-0.158
-0.12
-0.06
-0.188
-0.238
-0.113
-0.114
-0.119
-0.118
-0.231
0.08
0.058
0.245
0.343
0.409
0.464
0.416
0.41
0.263
0.159
0.009
-0.138
-0.249
-0.058
0.056
-0.009
-0.043
0.014
-0.076
-0.05
-0.152
0.046
0.048
0.125
0.145
0.41
0.2
0.345
0.312
0.25
0.261
0.39
0.424
0.265
0.356
0.23
0.36
0.143
0.048
0.098
0.31
0.235
0.092
0.145
0.171
0.09
0.028
0.165
-0.126
0.089
0.046
0.024
-0.046
-0.065
-0.062
-0.039
0.064
0.106
0.253
0.065
0.171
0.203
0.135
0.107
0.16
0.18
0.189
0.465
0.589
0.594
0.594
0.677
0.796
0.734
0.709
0.64
0.661
0.623
0.739
0.586
0.487
0.6
0.453
0.458
0.491
0.266
0.399
0.107
0.338
0.179
0.139
0.171
0.077
-0.044
-0.154
-0.134
-0.048
-0.084
-0.194
-0.037
0.004
-0.034
-0.189
-0.196
-0.367
-0.302
-0.109
-0.211
-0.249
-0.209
-0.216
-0.254
-0.36
-0.339
-0.24
-0.336
-0.285
-0.413
-0.338
-0.269
-0.126
-0.315
-0.371
-0.416
-0.375
-0.345
-0.41
-0.541
-0.416
-0.371
-0.432
-0.478
-0.436
-0.539
-0.481
-0.503
-0.326
-0.445
-0.284
-0.309
-0.15
-0.238
-0.168
0.031
0.048
0.119
0.001
0.295
0.274
0.27
0.394
0.466
0.438
0.576
0.578
0.55
0.529
0.571
0.464
0.429
0.468
0.17
0.25
-0.066
0.052
0.333
0.24
0.339
0.269
0.334
0.31
0.336
0.299
0.215
0.11
0.077
0.083
-0.051
0.036
0.001
-0.046
-0.072
-0.088
-0.039
-0.013
0.024
0.352
0.283
0.35
0.5
0.438
0.604
0.509
0.521
0.708
0.725
0.585
0.671
0.54
0.659
0.441
0.529
0.424
0.451
0.415
0.545
0.544
0.626
0.651
0.82
0.994
1.049
1.026
0.995
1.073
1.08
1.201
1.213
1.147
1.294
1.417
1.472
0.974
0.948
0.911
1.002
1.022
1.0
0.946
1.068
1.139
1.251
1.346
1.318
1.241
1.314
1.436
1.308
1.292
1.47
1.646
1.596
1.579
1.601
1.666
1.769
1.769
1.833
1.958
2.071
2.094
1.823
1.88
1.985
1.973
2.029
2.125
2.154
2.301
2.446
2.277
2.356
2.309
2.373
2.368
2.321
2.308
2.268
2.279
2.206
2.104
2.163
1.925
2.081
1.909
1.814
1.732
1.544
1.551
1.541
1.51
1.425
1.359
1.27
1.249
1.306
1.394
1.076
1.049
1.036
0.95
0.889
0.5
0.654
0.786
0.492
0.583
0.763
0.718
0.624
0.628
0.494
0.362
0.283
0.169
0.159
0.048
0.056
0.004
-0.241
-0.43
-0.562
-0.335
-0.098
-0.055
-0.294
-0.233
-0.185
-0.357
-0.53
-0.609
-0.471
-0.48
-0.593
-0.574
-0.436
-0.186
-0.23
0.0
-0.092
-0.324
-0.351
-0.265
-0.395
-0.536
-0.506
-0.361
-0.349
-0.307
-0.29
-0.316
-0.279
-0.12
0.004
-0.045
-0.107
-0.037
0.101
0.107
0.52
0.059
0.07
0.116
0.152
0.406
0.561
0.496
0.694
0.609
0.825
0.836
0.759
0.688
0.721
0.719
0.846
0.891
0.753
0.839
0.671
0.675
0.873
0.674
0.652
0.45
0.406
0.318
0.076
-0.186
-0.168
-0.236
-0.383
-0.381
-0.211
-0.182
-0.333
-0.1
-0.398
-0.346
-0.491
-0.52
-0.725
-0.746
-0.698
-0.853
-0.718
-0.625
3.679
-0.669
-0.619
-0.519
-0.647
-0.728
-0.645
-0.436
-0.374
-0.383
-0.258
-0.289
-0.429
-0.432
-0.357
-0.256
-0.379
-0.375
-0.432
-0.292
-0.431
-0.245
-0.27
-0.404
-0.568
-0.644
