0.693
0.657
0.508
0.289
0.249
0.201
0.121
0.181
0.072
0.149
0.292
0.059
0.143
-0.098
-0.299
-0.414
-0.419
-0.511
-0.652
-0.642
-0.636
-0.621
-0.583
-0.606
-0.484
-0.485
-0.435
-0.54
-0.439
-0.439
-0.307
-0.147
-0.361
-0.323
-0.508
-0.575
-0.465
-0.343
-0.216
-0.291
-0.115
-0.121
-0.004
0.149
0.226
0.41
0.509
0.605
0.609
0.589
0.881
0.939
1.111
1.292
1.315
1.42
1.276
1.328
1.324
1.201
1.288
1.065
1.244
1.073
0.945
0.993
0.971
0.994
1.038
1.208
1.269
1.314
1.458
1.224
1.171
1.298
1.084
1.105
0.924
0.839
0.886
0.848
0.689
0.735
0.671
0.774
0.781
0.636
0.529
0.54
0.618
0.647
0.716
0.682
0.96
1.046
1.143
1.234
1.145
1.269
1.198
1.296
1.397
1.334
1.276
1.339
1.311
1.141
1.056
1.019
1.048
0.675
0.809
0.53
0.698
0.849
0.998
1.029
0.995
0.989
0.954
1.024
0.925
0.904
0.906
0.855
0.85
0.804
0.831
0.593
0.694
0.644
0.7
0.473
0.705
0.456
0.417
0.424
0.301
0.509
0.519
0.517
0.642
0.634
0.738
0.841
1.018
0.893
0.679
0.435
0.37
0.482
0.539
0.628
0.625
0.641
0.733
0.797
0.775
0.874
0.731
0.539
0.823
0.357
0.608
0.466
0.505
0.561
0.379
0.578
0.586
0.925
0.865
0.595
0.677
0.497
0.51
0.334
0.104
0.061
-0.344
-0.23
-0.385
-0.417
-0.475
-0.448
-0.466
-0.415
-0.535
-0.455
-0.568
-0.674
-0.721
-0.834
-0.784
-0.647
-0.75
-1.089
-1.175
-1.201
-1.36
-1.331
-1.495
-1.441
-1.395
-1.16
-1.04
-1.099
-1.076
-1.091
-1.231
-1.306
-1.174
-1.417
-1.389
-1.2
-0.87
-0.995
-0.989
-0.821
-0.721
-0.654
-0.515
-0.323
-0.129
-0.259
0.036
0.031
0.006
0.165
0.12
0.069
-0.046
-0.079
-0.136
-0.174
-0.094
-0.15
-0.101
0.165
0.184
0.114
0.11
0.075
-0.07
0.004
-0.128
-0.079
-0.085
0.041
0.081
0.345
0.346
0.413
0.414
0.105
0.084
0.182
0.052
0.071
0.041
-0.309
0.064
-0.16
-0.182
-0.211
-0.079
-0.235
-0.18
-0.091
-0.096
-0.236
-0.28
-0.186
-0.269
-0.007
0.094
-0.122
0.074
-0.245
-0.151
-0.193
-0.569
-0.42
-0.531
-0.698
-0.904
-0.932
-0.934
-0.854
-0.723
-0.571
-0.723
-0.856
-0.646
-0.806
-0.735
-0.665
-0.524
-0.64
-0.618
-0.487
-0.465
-0.589
-0.686
-0.583
-0.647
-0.652
-0.631
-0.745
-0.814
-0.666
-0.573
-0.83
-0.861
-0.854
-0.672
-0.853
-0.871
-0.626
-0.576
-0.338
-0.45
-0.633
-0.466
-0.439
-0.542
-0.5
-0.323
-0.315
-0.201
-0.186
-0.256
-0.118
0.19
0.21
0.334
0.344
0.256
0.089
0.156
0.365
0.329
0.235
0.315
0.333
0.22
0.284
0.455
0.226
0.209
0.054
0.044
0.044
0.039
0.146
0.274
0.271
0.224
0.341
0.2
0.006
0.291
0.109
-0.018
-0.049
-0.07
-0.054
-0.06
-0.259
-0.258
-0.229
-0.166
-0.075
-0.114
-0.203
-0.114
-0.25
-0.395
-0.499
-0.409
-0.143
-0.155
-0.066
-0.094
-0.113
-0.182
-0.228
-0.274
-0.395
-0.432
-0.241
-0.529
-0.598
-0.733
-0.91
-0.797
-0.9
-0.875
-0.383
-0.13
0.058
0.092
0.037
-0.319
-0.385
-0.438
-0.779
-0.804
-0.844
-0.75
-0.54
-0.468
-0.68
-0.481
-0.542
-0.532
-0.675
-0.716
-0.844
-0.909
-0.614
-0.519
-0.292
-0.071
0.013
0.094
0.061
0.217
0.285
0.427
0.372
0.424
0.458
0.494
0.537
0.625
0.666
0.531
0.389
0.411
0.381
0.296
0.292
0.399
0.485
0.516
0.656
0.693
0.76
0.744
0.611
0.677
0.676
0.718
0.764
0.734
0.805
0.595
0.735
0.56
0.357
0.365
0.037
-0.179
-0.122
-0.09
-0.072
-0.174
-0.163
-0.141
-0.254
-0.291
-0.315
-0.319
-0.621
-0.398
-0.393
-0.53
-0.383
-0.425
-0.376
-0.398
-0.18
-0.263
-0.314
-0.236
-0.051
0.0
0.059
0.007
-0.109
-0.024
-0.155
-0.189
-0.179
-0.106
-0.036
0.033
-0.02
-0.026
-0.066
-0.083
-0.095
-0.159
-0.201
-0.12
-0.124
-0.354
-0.333
-0.461
-0.448
-0.074
-0.114
-0.17
-0.064
-0.001
-0.16
-0.2
-0.176
-0.448
-0.168
-0.17
-0.305
-0.122
-0.276
-0.328
-0.575
-0.51
-0.328
-0.27
-0.27
-0.058
-0.163
-0.085
0.004
0.022
0.089
0.128
-0.062
-0.174
-0.085
-0.14
-0.11
-0.225
-0.297
-0.345
-0.376
-0.419
-0.444
-0.386
-0.395
-0.278
-0.113
-0.041
-0.158
0.033
0.025
0.246
0.432
0.52
0.455
0.62
0.194
0.173
0.09
0.099
0.24
0.289
0.415
0.378
0.372
0.365
0.216
0.211
0.422
0.309
0.367
0.329
0.191
0.273
0.066
0.196
0.126
0.352
0.274
0.224
0.351
0.219
0.201
-0.004
-0.121
-0.072
-0.174
-0.1
-0.199
-0.254
-0.271
-0.46
-0.655
-0.635
-0.611
-0.715
-0.711
-0.635
-0.719
-0.849
-0.782
-0.988
-1.056
-1.016
-1.137
-0.846
-0.986
-0.782
-0.751
-0.695
-0.639
-0.693
-0.441
-0.478
-0.53
-0.362
-0.45
-0.256
-0.11
-0.07
-0.174
-0.121
-0.055
0.059
0.244
0.463
0.703
0.667
0.581
0.593
0.545
0.54
0.547
0.509
0.388
0.681
0.689
0.75
0.843
0.83
0.775
0.62
0.491
0.411
0.351
0.169
0.19
0.365
0.27
0.223
0.362
0.278
0.263
0.185
0.056
0.174
-0.253
-0.401
-0.292
-0.417
-0.47
-0.516
-0.669
-0.754
-0.661
-0.593
-0.583
-0.478
-0.391
-0.325
-0.396
-0.319
-0.391
-0.5
-0.421
-0.367
-0.186
-0.122
-0.066
-0.165
-0.236
-0.41
-0.471
-0.427
-0.403
-0.304
-0.307
-0.362
-0.359
-0.338
-0.225
-0.124
-0.039
0.095
0.379
0.475
0.375
0.296
0.367
0.534
0.539
0.556
0.524
0.471
0.359
0.652
0.526
0.466
0.49
0.573
0.704
0.703
0.62
0.544
0.588
0.546
0.535
0.693
0.746
0.61
0.671
0.672
0.651
0.504
0.524
0.378
0.318
0.385
0.339
0.254
0.266
0.177
0.113
0.3
0.446
0.37
0.286
0.38
0.39
0.223
0.239
0.185
0.045
0.221
0.225
0.288
0.307
0.409
0.331
0.375
0.53
0.449
0.645
0.696
0.667
0.863
0.738
0.7
0.82
0.799
0.938
0.889
0.825
0.86
0.797
0.917
0.905
0.859
1.126
1.099
1.015
0.87
0.905
0.695
0.834
0.772
0.801
0.786
0.555
0.486
0.655
0.546
0.695
0.694
0.936
0.96
0.812
0.684
0.856
0.839
0.75
0.629
0.593
0.631
0.728
0.771
0.636
0.555
0.474
0.598
0.644
0.661
0.521
0.56
0.566
0.844
0.794
0.784
0.715
0.758
0.851
0.91
0.956
0.991
1.079
1.085
1.008
1.198
1.234
1.209
0.885
0.87
0.804
0.956
1.111
1.153
1.039
1.032
1.028
0.911
0.641
0.545
0.415
0.41
0.494
0.628
0.754
0.758
0.901
0.641
0.716
0.833
0.938
0.932
0.779
0.924
0.809
0.756
0.656
0.357
0.329
0.264
0.323
0.275
0.146
0.511
0.22
0.184
0.152
0.077
-0.044
-0.174
-0.209
-0.39
-0.274
-0.114
-0.233
-0.296
-0.344
-0.391
-0.224
0.033
-0.095
-0.217
0.04
-0.194
0.186
0.354
0.596
0.886
0.73
0.836
0.739
0.749
0.781
0.806
0.574
0.675
0.883
0.785
0.899
0.674
0.596
0.396
0.504
0.445
0.55
0.598
0.274
0.238
-0.009
-0.103
-0.134
-0.435
-0.599
-0.574
-0.704
-1.052
-1.265
-1.34
-1.453
-1.406
-1.344
-1.429
-1.193
-1.321
-1.312
-1.414
-1.373
-1.375
-1.259
-1.271
-1.198
-1.298
-1.354
-1.272
-1.097
-0.921
-1.006
-1.009
-0.881
-0.633
-0.745
-0.844
-0.89
-1.065
-0.922
-0.855
-0.615
-0.58
-0.769
-0.78
-0.67
-0.656
-0.693
-0.583
-0.405
-0.319
-0.445
-0.255
-0.329
-0.152
-0.214
-0.12
-0.161
0.044
0.07
0.072
0.169
0.115
0.059
0.01
0.039
0.041
-0.065
-0.098
0.039
-0.074
-0.09
-0.401
-0.43
-0.461
-0.304
-0.245
-0.444
-0.591
-0.704
-0.925
-1.025
-1.127
-0.981
-0.889
-0.739
-0.745
-0.581
-0.524
-0.628
-0.669
-0.7
-0.57
-0.574
-0.659
-0.496
-0.512
-0.73
-0.706
-0.51
-0.448
-0.473
-0.376
-0.506
-0.464
-0.675
-0.589
-0.65
-0.357
-0.453
-0.667
-0.609
-0.575
-0.333
-0.365
-0.38
-0.399
-0.312
-0.253
-0.307
-0.238
-0.311
-0.107
-0.212
-0.244
-0.288
-0.223
-0.408
-0.534
-0.485
-0.574
-0.671
-0.525
-0.465
-0.266
-0.209
0.071
-0.004
0.037
0.256
0.176
0.297
0.177
0.145
0.219
0.193
0.355
0.258
0.25
0.095
0.211
0.23
0.025
-0.006
0.061
-0.345
-0.396
-0.494
-0.482
-0.465
-0.381
-0.366
-0.374
-0.329
-0.066
-0.009
0.024
0.054
0.079
0.062
0.107
0.14
0.106
0.081
0.296
0.333
0.432
0.708
0.694
0.618
0.781
0.603
0.434
0.174
0.268
0.43
0.799
0.812
0.791
0.953
0.871
0.766
0.63
0.289
0.339
0.208
0.061
0.046
0.1
0.056
0.128
0.133
-0.214
-0.391
-0.316
-0.158
-0.443
-0.349
-0.161
-0.049
0.011
0.056
0.215
0.18
0.006
0.188
0.281
0.566
0.297
0.655
0.396
-0.007
-0.094
-0.283
-0.203
-0.275
0.014
0.168
0.109
0.186
0.105
0.041
0.143
0.299
0.258
0.181
-0.06
-0.193
-0.198
-0.164
-0.319
-0.352
-0.44
-0.311
-0.29
-0.394
-0.57
-0.654
-0.581
-0.679
-0.346
-0.085
-0.275
-0.226
-0.487
-0.401
-0.294
-0.33
-0.124
-0.159
-0.233
-0.13
-0.196
-0.111
-0.17
-0.15
0.009
-0.175
0.086
0.26
0.095
0.061
0.208
0.09
0.161
0.376
0.219
0.335
0.025
0.003
-0.16
0.003
-0.216
-0.376
-0.54
-0.539
-0.711
-0.764
-0.874
-0.965
-0.749
-0.681
-0.695
-0.633
-0.65
-0.682
-0.65
-0.544
-0.682
-0.635
-0.667
-0.539
-0.516
-0.599
-0.642
-0.499
-0.566
-0.445
-0.253
-0.31
-0.235
-0.09
-0.074
-0.061
0.258
0.273
0.439
0.45
0.425
0.486
0.512
0.609
0.677
0.638
0.5
0.566
0.521
0.723
0.766
0.878
1.018
0.901
0.968
1.022
0.854
0.804
0.795
0.756
0.689
0.435
0.445
0.475
0.517
0.464
0.593
0.661
0.843
0.744
0.524
0.515
0.163
0.163
0.09
0.014
-0.071
-0.152
-0.225
-0.136
0.035
-0.173
-0.278
-0.519
-0.576
-0.676
-0.716
-0.599
-0.941
-0.723
-0.794
-0.618
-0.544
-0.681
-0.479
-0.324
-0.244
-0.104
-0.064
-0.247
-0.37
-0.596
-0.755
-0.781
-0.681
-0.484
-0.473
-0.473
-0.584
-0.726
-0.854
-1.099
-1.113
-1.146
-0.905
-1.131
-1.232
-1.163
-1.289
-1.196
-1.18
-1.189
-1.183
-0.96
-1.024
-0.924
-0.68
-0.84
-1.014
-0.786
-0.647
-0.688
-0.534
-0.527
-0.233
-0.138
-0.18
-0.04
0.018
0.229
0.211
0.195
0.355
0.449
0.62
0.583
0.487
0.568
0.544
0.644
0.792
1.049
1.245
1.272
1.385
1.214
1.458
1.28
1.311
1.055
1.248
1.149
1.175
1.309
1.256
1.075
1.161
1.051
1.032
1.016
1.068
1.055
0.859
0.716
0.63
0.453
0.374
0.381
0.266
0.155
0.191
-0.041
0.084
0.086
0.208
0.04
0.122
0.203
0.246
0.14
0.341
0.495
0.554
0.628
0.611
0.49
0.521
0.504
0.352
0.381
0.146
0.259
0.268
0.355
0.38
0.296
0.349
0.491
0.474
0.492
0.306
0.268
0.432
0.509
0.541
0.443
0.503
0.323
0.351
0.231
0.171
0.184
0.344
0.349
0.333
0.231
0.26
0.475
0.295
0.515
0.56
0.69
0.566
0.725
0.831
1.151
1.224
1.306
1.41
1.562
1.625
1.781
1.781
1.761
1.752
1.656
1.89
1.996
2.014
1.998
1.791
1.853
1.953
1.92
1.96
1.84
1.994
1.876
2.038
2.041
1.724
1.728
1.806
1.646
1.463
1.508
1.62
1.625
1.705
1.758
1.916
1.887
1.835
1.671
1.393
1.211
1.056
1.014
0.825
0.688
0.79
0.588
0.329
0.388
0.315
0.281
0.228
0.389
0.401
0.266
-0.013
-0.06
-0.1
-0.165
-0.129
-0.061
0.09
0.041
0.03
-0.056
-0.051
0.019
-0.051
-0.124
-0.149
-0.199
-0.37
-0.18
-0.151
-0.096
-0.033
-0.058
-0.096
-0.13
0.007
-0.022
0.022
0.216
0.338
0.238
0.107
0.211
0.0
0.168
0.025
0.17
0.265
0.242
0.305
0.296
0.386
0.021
-0.11
-0.357
-0.22
-0.671
-0.799
-0.797
-0.611
-0.581
-0.419
-0.239
-0.311
-0.401
-0.379
-0.355
-0.205
-0.194
0.04
0.045
-0.014
0.208
0.318
0.196
0.228
0.343
0.424
0.417
0.279
0.288
0.091
0.188
0.305
0.294
0.219
0.216
0.215
0.271
0.255
0.138
0.062
0.041
0.015
0.072
-0.106
-0.534
-0.341
-0.49
-0.644
-0.489
-0.283
-0.704
-0.573
-0.515
-0.551
-0.484
-0.386
-0.255
-0.124
-0.095
-0.364
-0.547
-0.593
-0.593
-0.769
-0.806
-0.89
-0.991
-0.981
-0.938
-0.97
-0.911
-1.006
-1.008
-1.026
-1.2
-1.238
-1.278
-1.235
-1.09
-1.181
-1.208
-1.235
-1.199
-1.264
-1.366
-1.524
-1.624
-1.515
-1.698
-1.631
-1.617
-1.349
-1.535
-1.631
-1.735
-1.71
-1.664
-1.91
-1.92
-1.634
-1.568
-1.629
-1.453
-1.265
-1.159
-1.141
-1.008
-0.863
-0.883
-0.802
-0.901
-0.782
-0.64
-0.568
-0.362
-0.242
-0.209
0.061
0.166
0.09
0.061
-0.015
0.165
0.121
0.128
0.052
0.14
0.146
0.158
-0.011
-0.145
-0.19
-0.105
-0.016
-0.147
-0.059
-0.045
-0.141
-0.111
-0.099
-0.284
-0.23
-0.146
-0.085
-0.15
-0.12
-0.163
-0.339
-0.269
-0.209
-0.245
-0.249
-0.19
-0.166
-0.261
-0.206
-0.096
-0.154
-0.367
-0.104
-0.054
-0.143
-0.205
-0.269
-0.391
-0.33
-0.083
-0.1
-0.031
0.226
0.16
0.185
0.088
-0.242
0.133
0.031
0.138
0.221
0.422
0.403
0.393
0.356
0.376
0.323
0.209
0.145
0.058
0.081
0.155
0.228
0.154
0.249
0.212
0.22
0.217
0.246
0.25
0.143
-0.018
0.001
-0.181
-0.19
-0.273
-0.128
-0.255
-0.421
-0.346
-0.31
-0.274
-0.179
-0.051
0.024
-0.107
0.06
0.109
0.14
0.116
0.233
0.126
-0.024
-0.028
0.006
0.159
-0.006
-0.07
-0.014
0.115
0.104
-0.274
-0.062
-0.19
-0.045
-0.119
-0.141
0.009
0.009
0.206
0.165
0.226
0.21
0.147
0.23
0.254
0.086
-0.13
0.025
0.119
0.099
0.175
0.165
0.141
0.154
0.088
0.158
0.251
0.086
0.149
-0.101
-0.054
-0.019
0.045
-0.044
0.009
-0.013
-0.244
-0.264
-0.113
-0.158
-0.122
-0.239
-0.44
-0.383
-0.321
-0.304
-0.497
-0.458
-0.438
-0.429
-0.515
-0.459
-0.584
-0.609
-0.677
-0.676
-0.77
-0.885
-0.953
-0.789
-0.809
-0.786
-0.544
-0.307
-0.295
-0.296
-0.39
-0.279
-0.125
-0.2
-0.021
0.367
0.394
0.729
0.728
0.826
0.941
0.774
0.797
0.598
0.487
0.31
0.136
0.156
-0.075
0.02
-0.06
0.138
-0.035
-0.191
-0.223
-0.165
0.049
-0.08
-0.114
-0.22
-0.369
-0.458
-0.281
-0.104
-0.145
0.007
-0.319
-0.42
-0.283
-0.011
-0.124
0.154
0.175
-0.149
-0.38
-0.492
-0.214
-0.12
-0.074
-0.043
-0.333
-0.338
-0.22
-0.052
0.034
-0.059
-0.273
-0.119
-0.205
-0.406
-0.482
-0.609
-0.665
-0.48
-0.306
-0.205
-0.179
-0.101
-0.254
-0.554
-0.484
-0.4
-0.405
-0.275
-0.307
-0.468
-0.569
-0.532
-0.42
-0.726
-0.779
-0.718
-0.77
-0.574
-0.584
-0.455
-0.275
-0.231
-0.383
-0.578
-0.415
-0.445
-0.591
-0.505
-0.443
-0.509
-0.335
-0.264
-0.251
-0.16
0.048
0.029
0.223
0.01
0.122
0.283
0.171
0.294
0.525
0.565
0.551
0.782
0.754
0.741
0.691
0.639
0.496
0.571
0.551
0.497
0.626
0.264
0.346
0.301
0.379
0.231
0.371
0.455
0.497
0.568
0.829
0.907
1.022
1.096
1.189
1.222
1.215
1.336
1.174
1.109
1.164
1.18
1.357
1.421
1.279
1.276
1.189
1.084
0.906
0.938
0.756
0.526
0.454
0.435
0.438
0.26
0.106
0.163
-0.06
-0.01
-0.071
0.036
0.107
0.079
0.055
0.135
-0.092
-0.306
-0.206
-0.36
-0.465
-0.465
-0.497
-0.503
-0.328
-0.104
0.066
0.304
0.381
0.372
0.542
0.408
0.421
0.446
0.361
0.426
0.453
0.611
0.566
0.775
0.854
0.993
1.01
1.13
0.919
0.73
0.662
0.833
0.94
0.64
0.66
0.735
0.631
0.491
0.439
0.672
0.578
0.55
0.525
0.458
0.504
0.578
0.646
0.545
0.526
0.589
0.585
0.775
0.843
1.015
1.068
1.085
1.141
0.821
0.796
0.585
0.411
0.189
0.42
0.501
0.482
0.544
0.478
0.644
0.429
0.357
0.194
0.059
0.18
0.236
0.372
0.239
0.378
0.506
0.406
0.62
0.574
0.799
1.075
1.194
1.039
1.289
1.333
1.644
1.657
1.94
1.667
1.724
1.635
1.688
1.724
1.833
1.897
1.914
2.074
1.933
1.528
1.414
1.448
1.088
1.019
1.094
1.134
0.983
0.854
0.828
0.924
0.912
0.914
0.736
0.496
0.503
0.596
0.415
0.396
0.426
0.388
0.221
0.329
0.201
0.265
0.099
-0.122
0.004
-0.372
-0.076
-0.135
-0.396
-0.444
-0.173
-0.17
0.072
-0.095
-0.077
-0.205
-0.13
-0.394
-0.323
-0.325
-0.329
-0.209
-0.119
-0.285
-0.318
-0.321
-0.239
-0.284
-0.184
-0.286
-0.219
-0.307
-0.161
-0.071
0.163
0.173
0.149
0.128
0.301
0.388
0.242
0.188
0.165
0.23
0.245
-0.046
0.107
0.305
0.32
0.441
0.24
0.268
0.211
0.151
-0.133
-0.129
-0.494
-0.189
-0.254
-0.48
-0.508
-0.655
-0.546
-0.564
-0.655
-0.425
-0.14
-0.379
-0.713
-0.527
-0.684
-0.826
-0.716
-0.75
-0.794
-0.881
-0.864
-1.134
-1.103
-0.945
-0.878
-0.911
-0.834
-0.786
-0.725
-0.675
-0.611
-0.431
-0.376
-0.215
0.015
-0.089
-0.135
-0.033
0.055
0.134
0.249
0.221
0.224
0.16
-0.02
-0.104
0.022
0.058
0.04
0.109
0.211
0.069
0.383
0.284
0.346
0.156
0.099
0.026
-0.244
-0.114
-0.195
-0.499
-0.401
-0.48
-0.384
-0.316
-0.37
-0.464
-0.581
-0.714
-0.838
-0.636
-0.729
-0.916
-0.985
-0.861
-0.964
-0.945
-0.951
-1.061
-0.916
-1.19
-0.912
-0.764
-0.8
-0.574
-0.409
-0.302
-0.203
-0.196
-0.116
0.121
0.098
0.289
0.393
0.634
-0.395
0.69
0.701
0.635
0.72
0.814
0.654
0.696
0.504
0.319
0.432
0.323
0.177
0.241
0.109
-0.425
-0.479
-0.676
-0.725
-0.94
-1.069
-1.096
-1.144
-1.05
-1.125
-1.019
-0.991
-1.044
-1.215
-1.387
-1.107
-0.954
-0.79
-0.647
-0.61
-0.352
-0.27
-0.129
-0.249
-0.193
-0.249
-0.335
-0.268
-0.251
-0.03
-0.064
0.001
0.122
0.024
0.016
0.185
0.161
0.404
0.307
0.394
0.305
0.43
0.254
0.158
0.058
-0.096
-0.085
-0.378
-0.661
-0.473
-0.501
-0.495
-0.36
-0.266
-0.191
-0.114
-0.103
-0.133
-0.125
-0.154
-0.113
-0.21
-0.09
-0.024
-0.026
-0.089
0.064
-0.054
-0.194
-0.125
-0.094
0.035
-0.098
-0.014
-0.091
-0.177
-0.27
-0.163
-0.301
-0.334
-0.496
-0.649
-0.551
-0.535
-0.554
-0.667
-0.684
-0.505
-0.579
-0.656
-0.823
-0.976
-1.024
-0.874
-0.885
-0.723
-0.57
-0.809
-0.831
-0.645
-0.671
-0.624
-0.691
-0.631
-0.621
-0.446
-0.329
-0.263
-0.28
-0.026
0.158
-0.037
0.254
0.255
0.376
0.595
0.599
0.667
0.492
0.575
0.471
0.521
0.594
0.349
0.286
0.238
0.209
0.051
0.145
-0.043
0.111
0.092
-0.009
-0.084
-0.106
-0.116
-0.065
-0.16
-0.175
-0.275
-0.288
-0.184
-0.279
-0.371
-0.39
-0.384
-0.321
-0.453
-0.324
-0.04
-0.156
-0.015
-0.031
-0.101
-0.054
-0.045
-0.195
-0.077
0.06
0.062
0.234
0.361
0.431
0.419
0.352
0.385
0.424
0.404
0.369
0.413
0.403
0.438
0.485
0.395
0.458
0.489
0.323
0.386
0.316
0.264
0.46
0.537
0.642
0.512
0.348
0.524
0.383
0.239
0.4
0.345
0.506
0.709
0.521
0.417
0.386
0.492
0.306
0.281
0.628
0.414
0.225
0.198
0.151
0.104
0.216
0.11
0.088
0.12
0.096
0.12
-0.003
-0.086
0.014
-0.043
-0.048
-0.206
-0.176
-0.12
-0.264
0.0
0.154
0.348
0.438
0.446
0.459
0.364
0.391
0.581
0.419
0.356
0.431
0.306
0.235
0.221
0.089
0.12
0.169
