-0.959
-1.036
-1.012
-0.954
-0.854
-0.856
-0.565
-0.485
-0.651
-0.821
-0.439
-0.618
-0.454
-0.321
-0.374
-0.435
-0.491
-0.474
-0.506
-0.448
-0.619
-0.463
-0.351
-0.541
-0.455
-0.364
-0.344
-0.351
-0.077
-0.013
0.094
0.291
0.295
0.375
0.316
0.366
0.443
0.311
0.626
0.529
0.711
0.65
0.644
0.419
0.314
0.143
0.055
0.1
0.185
0.254
0.196
0.084
-0.134
-0.191
-0.215
-0.158
-0.152
0.02
-0.015
-0.195
-0.049
0.03
0.116
0.086
0.061
-0.12
0.11
0.109
0.066
0.144
0.251
0.169
0.209
0.198
0.198
0.205
0.085
-0.016
0.013
0.022
0.275
0.269
0.321
0.175
0.246
0.135
0.284
0.443
0.512
0.371
0.461
0.346
0.255
0.074
-0.221
-0.188
-0.22
-0.343
-0.36
-0.306
-0.098
-0.18
-0.24
-0.089
-0.088
0.019
-0.077
-0.206
-0.144
-0.143
0.031
-0.284
-0.325
-0.45
-0.581
-0.666
-0.839
-0.954
-0.896
-0.775
-0.782
-0.755
-0.951
-0.691
-0.674
-0.734
-0.599
-0.481
-0.345
-0.458
-0.341
-0.264
-0.164
-0.131
-0.069
0.205
0.091
0.164
0.254
0.174
0.244
0.27
0.133
0.361
0.348
0.088
0.174
0.154
0.145
0.055
0.054
0.169
0.319
0.362
0.341
0.289
0.106
0.154
0.058
-0.025
0.12
-0.181
0.009
0.009
-0.056
-0.039
-0.077
-0.14
-0.318
-0.335
-0.422
-0.281
-0.456
-0.565
-0.645
-0.593
-0.417
-0.295
-0.26
-0.09
0.006
0.146
0.065
0.166
0.065
0.052
0.246
0.292
0.393
0.3
0.33
0.206
0.251
0.246
0.101
0.147
0.136
0.185
0.492
0.506
0.568
0.642
0.482
0.46
0.316
0.55
0.345
0.351
0.426
0.121
0.398
0.164
-0.041
-0.06
-0.203
-0.109
-0.096
-0.011
-0.27
-0.399
-0.43
-0.398
-0.487
-0.517
-0.516
-0.461
-0.381
-0.445
-0.456
-0.408
-0.381
-0.306
-0.42
-0.509
-0.512
-0.42
-0.506
-0.315
-0.325
-0.269
-0.17
-0.311
-0.281
-0.212
-0.156
-0.254
-0.261
-0.25
-0.345
-0.344
-0.278
-0.455
-0.497
-0.333
-0.569
-0.354
-0.048
-0.072
-0.039
-0.049
0.011
-0.194
-0.389
-0.362
-0.306
-0.129
-0.061
0.139
0.179
0.369
0.427
0.389
0.481
0.42
0.506
0.609
0.621
0.78
0.755
0.7
0.666
0.694
0.675
0.68
0.559
0.537
0.603
0.684
0.564
0.495
0.594
0.478
0.369
0.432
0.366
0.57
0.156
0.139
0.208
0.201
0.22
0.279
0.271
0.376
0.292
0.276
0.215
0.318
0.029
0.124
0.238
0.114
0.189
0.01
0.022
0.02
-0.083
-0.01
-0.122
-0.275
-0.343
-0.585
-0.395
-0.551
-0.536
-0.583
-0.626
-0.815
-0.811
-0.684
-0.598
-0.417
-0.233
-0.05
-0.193
-0.292
-0.33
-0.44
-0.37
-0.482
-0.376
-0.206
-0.16
-0.164
0.094
0.361
0.106
0.43
0.163
0.049
0.143
0.083
0.105
0.021
-0.026
-0.071
0.0
-0.034
-0.079
0.105
0.259
0.048
0.314
0.517
0.42
0.445
0.578
0.455
0.444
0.408
0.318
0.037
-0.131
-0.045
-0.143
-0.217
-0.212
-0.24
-0.302
-0.326
-0.174
-0.223
-0.54
-0.42
-0.536
-0.465
-0.675
-0.599
-0.55
-0.514
-0.399
-0.214
-0.394
-0.481
-0.464
-0.486
-0.46
-0.512
-0.585
-0.64
-0.598
-0.734
-0.705
-0.568
-0.675
-0.695
-0.59
-0.451
-0.404
-0.386
-0.39
-0.389
-0.236
-0.292
-0.113
0.019
-0.156
-0.079
0.013
0.033
0.135
0.048
0.01
0.12
0.052
0.121
0.105
0.039
0.028
0.124
0.171
0.143
0.203
0.19
0.114
0.135
0.098
0.084
0.01
0.154
0.276
0.486
0.651
0.695
0.765
1.07
0.938
1.129
1.159
1.2
1.256
1.366
1.496
1.463
1.645
1.479
1.561
1.688
1.766
1.514
1.76
1.522
1.36
1.39
1.295
1.365
1.325
1.079
1.153
1.21
1.056
1.07
1.115
1.022
1.111
1.026
1.005
1.193
1.002
1.27
1.157
0.998
1.068
1.146
1.113
1.059
1.215
1.058
1.19
1.025
1.14
1.068
1.18
1.028
0.959
1.183
1.089
1.234
1.325
1.399
1.359
1.424
1.274
1.387
1.396
1.486
1.375
1.347
1.496
1.068
1.175
0.905
0.723
0.689
0.703
0.703
0.669
0.656
0.524
0.497
0.385
0.143
0.106
0.216
-0.05
0.07
-0.096
0.075
-0.203
-0.131
0.188
-0.033
-0.039
-0.205
-0.118
0.009
-0.139
-0.005
0.079
0.104
0.021
0.196
0.302
0.499
0.56
0.431
0.37
0.318
0.221
0.055
0.104
0.175
0.351
0.364
0.296
0.554
0.66
0.718
0.931
0.68
0.895
0.583
0.718
0.659
0.949
0.845
0.671
0.46
0.489
0.542
0.399
0.463
0.305
0.189
0.074
0.159
0.177
0.003
-0.089
-0.211
-0.259
-0.211
-0.281
-0.251
-0.325
-0.374
-0.04
0.085
0.021
0.037
0.271
0.225
0.251
0.426
0.487
0.756
0.805
0.853
0.709
0.868
0.763
0.608
0.484
0.413
0.177
0.105
0.136
0.07
-0.198
-0.48
-0.495
-0.638
-0.689
-0.958
-1.154
-1.015
-1.025
-1.079
-1.151
-1.065
-1.075
-1.399
-1.261
-1.134
-1.185
-1.046
-0.922
-0.968
-0.816
-0.655
-0.769
-0.848
-0.606
-0.583
-0.585
-0.35
-0.365
-0.405
-0.604
-0.546
-0.5
-0.351
-0.348
-0.264
-0.324
-0.396
-0.283
-0.573
-0.662
-0.62
-0.565
-0.699
-0.711
-0.674
-0.625
-0.517
-0.63
-0.621
-0.6
-0.744
-0.603
-0.789
-0.811
-1.069
-1.163
-1.236
-1.177
-1.041
-1.054
-1.109
-1.058
-0.729
-0.816
-0.774
-0.682
-0.618
-0.912
-0.826
-0.785
-0.917
-0.766
-0.564
-0.536
-0.546
-0.341
-0.275
-0.189
-0.28
-0.217
-0.17
-0.11
-0.208
-0.165
-0.084
-0.095
-0.208
-0.265
-0.251
-0.165
-0.143
0.006
-0.056
-0.179
-0.283
-0.688
-0.76
-0.776
-0.71
-0.67
-0.716
-0.669
-0.802
-1.103
-1.141
-0.8
-0.876
-0.951
-0.796
-0.907
-0.906
-0.79
-0.696
-0.585
-0.406
-0.44
-0.591
-0.556
-0.5
-0.454
-0.328
-0.466
-0.328
-0.286
-0.449
-0.588
-0.384
-0.335
-0.482
-0.304
-0.439
-0.3
-0.208
-0.22
-0.118
-0.095
-0.08
0.009
0.03
-0.041
0.125
0.163
0.259
0.43
0.661
0.724
0.598
0.481
0.301
0.421
0.283
0.431
0.43
0.247
0.339
0.215
0.223
0.66
0.8
0.965
0.936
0.966
0.695
0.473
0.38
0.324
0.376
0.374
0.124
0.077
0.125
0.155
0.19
0.145
0.124
0.018
0.196
0.062
0.056
-0.196
-0.182
-0.1
-0.344
-0.525
-0.296
-0.289
-0.215
-0.062
0.235
0.241
0.405
0.505
0.381
0.43
0.459
0.394
0.284
0.31
0.233
0.04
-0.046
-0.075
-0.025
-0.02
0.01
0.071
0.188
0.239
0.349
0.3
0.229
0.09
0.17
0.199
0.221
-0.033
-0.171
-0.261
-0.362
-0.107
-0.166
-0.041
0.001
0.014
0.072
0.096
0.226
0.329
0.304
0.331
0.286
0.242
0.238
0.376
0.464
0.821
0.755
0.86
0.701
0.765
0.901
1.127
0.902
0.805
0.781
0.641
0.581
0.652
0.56
0.598
0.441
0.413
0.546
0.537
0.49
0.441
0.11
0.048
0.04
-0.091
-0.095
-0.217
-0.291
-0.309
-0.354
-0.092
-0.18
-0.006
-0.072
-0.039
-0.05
-0.265
-0.367
-0.438
-0.508
-0.431
-0.198
-0.122
-0.129
-0.098
-0.003
0.198
0.188
0.189
0.36
0.254
0.275
0.289
0.236
0.266
0.385
0.444
0.399
0.566
0.503
0.391
0.369
-0.039
-0.048
-0.203
-0.212
-0.416
-0.355
-0.65
-0.583
-0.777
-0.642
-0.682
-0.714
-0.571
-0.601
-0.598
-0.781
-0.703
-0.6
-0.484
-0.366
-0.122
-0.258
-0.241
-0.126
-0.219
-0.366
-0.468
-0.441
-0.339
-0.401
-0.414
-0.381
-0.444
-0.512
-0.341
-0.39
-0.514
-0.557
-0.497
-0.411
-0.48
-0.226
-0.161
-0.138
-0.018
-0.156
-0.198
-0.304
-0.001
0.07
0.103
0.164
0.263
0.188
0.672
0.635
0.557
0.569
0.615
0.677
0.794
0.545
0.471
0.449
0.406
0.415
0.216
0.116
0.209
0.062
0.051
-0.085
-0.122
-0.182
-0.181
-0.217
-0.239
-0.25
-0.286
-0.388
-0.578
-0.667
-0.886
-0.828
-0.874
-0.935
-0.986
-0.88
-0.744
-0.777
-0.645
-0.539
-0.526
-0.562
-0.581
-0.69
-0.508
-0.23
-0.076
0.07
0.136
0.184
0.21
0.188
0.253
0.491
0.435
0.385
0.532
0.726
0.674
0.866
0.845
0.88
0.879
0.661
0.453
0.39
0.25
0.173
-0.014
-0.138
-0.261
0.061
-0.05
-0.043
0.059
0.325
0.438
0.479
0.449
0.589
0.606
0.464
0.424
0.534
0.5
0.481
0.344
0.292
0.261
0.284
0.182
0.219
0.247
0.36
0.312
0.19
0.154
-0.005
-0.056
-0.13
-0.258
-0.163
-0.188
-0.076
-0.119
-0.186
-0.029
-0.161
-0.156
-0.174
-0.133
-0.261
-0.394
-0.598
-0.708
-0.749
-0.796
-0.829
-0.711
-0.497
-0.532
-0.416
-0.393
-0.503
-0.614
-0.633
-0.5
-0.596
-0.501
-0.659
-0.61
-0.584
-0.646
-0.585
-0.631
-0.542
-0.723
-0.8
-0.826
-1.096
-1.193
-1.107
-1.046
-0.954
-0.836
-0.655
-0.446
-0.41
-0.539
-0.426
-0.36
-0.566
-0.57
-0.47
-0.588
-0.693
-0.517
-0.579
-0.642
-0.414
-0.479
-0.305
-0.229
-0.171
0.035
0.126
0.45
0.539
0.504
0.464
0.47
0.7
0.88
0.88
0.894
0.716
0.676
0.836
0.723
1.038
0.984
1.137
1.145
1.083
1.369
1.288
1.538
1.516
1.465
1.56
1.301
1.251
1.269
1.123
0.878
0.853
0.96
0.94
1.116
1.16
1.062
1.17
1.042
1.066
0.812
0.938
0.975
0.604
0.628
0.744
0.601
0.656
0.366
0.414
0.645
0.759
0.981
0.795
0.865
0.76
0.904
0.914
0.95
1.146
0.991
0.902
0.861
0.821
0.769
0.73
0.834
0.749
0.806
0.781
0.896
1.137
1.211
1.476
1.151
1.353
1.215
0.863
0.739
0.759
1.106
1.039
1.249
1.099
1.074
0.981
0.894
0.94
0.667
0.935
0.985
0.958
1.0
1.295
1.353
1.505
1.499
1.373
1.325
1.059
1.06
0.97
0.79
0.72
0.555
0.555
0.454
0.782
0.626
0.619
0.675
0.765
0.792
0.522
0.76
0.87
0.81
0.714
0.459
0.624
0.468
0.593
0.608
0.603
0.661
0.706
0.519
0.22
0.44
0.404
0.299
0.003
-0.161
-0.149
-0.333
-0.393
-0.151
-0.166
0.021
-0.076
-0.075
-0.122
-0.058
-0.098
-0.246
-0.265
-0.189
-0.12
-0.1
-0.124
-0.292
-0.159
-0.064
-0.186
-0.24
-0.411
-0.599
-0.561
-0.616
-0.468
-0.419
-0.547
-0.432
-0.409
-0.449
-0.226
-0.391
-0.458
-0.369
-0.463
-0.624
-0.735
-0.82
-0.968
-0.946
-0.87
-0.958
-0.881
-0.801
-1.005
-0.792
-1.008
-0.897
-0.893
-0.841
-0.765
-0.704
-0.646
-0.569
-0.28
-0.676
-0.733
-0.781
-0.647
-0.593
-0.499
-0.351
-0.348
-0.4
-0.36
-0.302
-0.1
0.005
-0.06
-0.158
0.004
-0.11
0.054
0.113
0.104
0.039
0.193
0.299
0.315
0.469
0.421
0.497
0.536
0.41
0.356
0.18
0.294
0.302
0.226
0.189
0.378
0.394
0.376
0.118
0.199
0.209
-0.101
-0.13
-0.161
-0.5
-0.521
-0.496
-0.463
-0.471
-0.5
-0.568
-0.441
-0.307
-0.364
-0.159
-0.306
-0.224
-0.143
0.014
0.241
0.266
0.375
0.279
0.28
0.206
0.164
0.215
0.41
0.345
0.233
0.255
0.036
0.475
0.379
0.343
0.297
0.432
0.329
0.345
0.369
0.344
0.482
0.35
0.603
0.63
0.555
0.42
0.44
0.168
-0.009
-0.234
-0.419
-0.453
-0.744
-0.854
-0.714
-0.69
-0.618
-0.728
-0.59
-0.786
-0.775
-0.888
-0.92
-0.95
-0.819
-0.781
-0.711
-0.565
-0.708
-0.902
-0.907
-0.87
-0.863
-1.153
-1.426
-1.32
-1.246
-1.204
-0.961
-0.917
-0.871
-0.695
-0.834
-0.881
-0.873
-0.868
-0.901
-0.815
-1.147
-1.022
-0.902
-0.725
-0.806
-0.542
-0.473
-0.754
-0.738
-0.654
-0.779
-0.724
-0.606
-0.623
-0.665
-0.684
-0.656
-0.836
-0.685
-0.366
-0.223
-0.228
-0.205
-0.083
-0.143
-0.422
-0.338
-0.18
-0.098
0.062
0.037
0.139
0.182
0.236
0.357
0.323
0.651
0.628
0.846
0.949
1.062
1.135
0.98
0.879
0.954
0.995
0.669
1.125
0.63
0.7
0.549
0.74
0.616
0.406
0.51
0.436
0.614
0.487
0.53
0.371
0.33
0.367
0.242
0.135
-0.084
0.022
-0.074
-0.069
-0.048
0.085
0.124
-0.092
-0.151
-0.155
-0.077
-0.199
-0.135
-0.171
-0.133
-0.13
-0.105
-0.17
-0.048
-0.181
-0.066
-0.121
-0.092
-0.346
-0.346
-0.434
-0.506
-0.439
-0.561
-0.564
-0.505
-0.608
-0.51
-0.529
-0.398
-0.444
-0.378
-0.354
-0.336
-0.171
-0.1
-0.151
0.003
-0.098
-0.076
-0.289
-0.158
-0.206
-0.033
-0.191
-0.165
-0.38
-0.329
-0.517
-0.53
-0.693
-0.704
-0.905
-0.89
-0.935
-0.935
-1.141
-1.103
-1.062
-0.963
-0.905
-0.685
-0.614
-0.486
-0.596
-0.593
-0.838
-0.761
-0.68
-0.571
-0.685
-0.603
-0.372
-0.416
-0.471
-0.152
-0.07
0.075
0.201
0.335
0.453
0.516
0.4
0.605
0.517
0.506
0.561
0.562
0.8
0.807
0.599
0.616
0.789
0.806
0.843
0.674
0.585
0.422
0.338
0.244
0.118
0.152
0.188
-0.029
0.134
0.065
-0.011
-0.199
-0.044
-0.115
0.081
0.193
0.384
0.552
0.579
0.633
0.745
0.721
0.71
0.768
0.84
0.754
0.6
0.685
0.77
1.028
0.995
1.074
1.151
1.025
0.897
0.791
0.644
0.647
0.724
0.738
0.557
0.585
0.505
0.315
0.234
0.021
-0.041
-0.145
-0.307
-0.32
-0.419
-0.715
-0.838
-0.741
-0.82
-0.626
-0.968
-0.896
-1.004
-1.133
-1.096
-1.103
-0.995
-0.91
-0.761
-0.716
-0.686
-0.667
-0.599
-0.51
-0.649
-0.514
-0.406
-0.525
-0.417
-0.546
-0.65
-0.529
-0.579
-0.59
-0.68
-0.574
-0.542
-0.505
-0.556
-0.527
-0.438
-0.336
-0.13
-0.158
-0.355
-0.369
-0.339
-0.37
-0.425
-0.333
-0.26
-0.061
0.004
0.055
-0.007
-0.134
-0.154
-0.264
-0.295
-0.226
-0.541
-0.531
-0.426
-0.434
-0.233
-0.242
-0.161
0.115
0.045
0.071
0.041
0.146
0.226
0.235
0.357
0.448
0.51
0.48
0.449
0.349
0.221
0.048
-0.051
-0.122
-0.161
-0.115
0.125
0.129
0.086
0.089
0.041
0.109
-0.062
-0.098
-0.295
-0.26
-0.18
-0.043
-0.18
-0.03
0.122
0.181
0.221
0.169
0.029
0.048
0.189
0.005
-0.151
0.136
-0.019
-0.128
-0.217
-0.159
-0.24
-0.306
-0.405
-0.454
-0.413
-0.444
-0.099
-0.309
-0.198
-0.115
-0.092
-0.122
-0.155
-0.005
0.028
0.174
0.085
0.221
0.189
0.136
0.254
0.129
0.14
0.088
0.256
0.389
0.251
0.343
0.406
0.366
0.174
0.255
0.324
0.211
0.128
0.031
-0.037
-0.066
-0.304
-0.424
-0.409
-0.415
-0.354
-0.088
-0.111
0.15
-0.062
-0.041
0.152
0.143
0.231
0.286
0.336
0.321
0.474
0.338
0.251
0.324
0.379
0.494
0.473
0.594
0.716
0.836
0.845
0.542
0.939
1.0
1.139
1.041
1.074
1.041
0.968
0.978
0.969
0.958
1.064
1.285
1.289
1.47
1.508
1.429
1.637
1.609
1.581
1.579
1.569
1.521
1.292
1.38
1.407
1.459
1.498
1.43
1.34
1.399
1.241
1.214
1.254
1.353
1.444
1.62
1.395
1.425
1.323
1.344
1.262
1.325
1.323
1.221
1.33
1.12
1.18
1.183
1.157
1.093
1.218
1.125
1.147
1.149
1.083
0.989
0.874
0.755
0.72
0.756
0.756
0.902
0.87
0.781
0.775
0.805
0.75
0.641
0.711
0.693
0.576
0.759
0.743
0.715
0.682
0.78
0.938
0.833
0.427
0.54
0.245
0.466
0.378
0.619
0.331
0.417
0.208
0.022
-0.011
-0.233
0.03
0.109
0.131
-0.006
-0.152
0.098
-0.005
0.188
0.176
0.099
0.026
0.181
0.191
-0.062
-0.091
-0.119
-0.106
-0.149
0.095
0.055
0.089
-0.116
-0.188
-0.17
-0.144
-0.105
-0.084
-0.201
-0.173
-0.338
-0.415
-0.319
-0.164
-0.054
-0.062
-0.268
-0.314
-0.311
-0.556
-0.254
-0.574
-0.564
-0.432
-0.491
-0.514
-0.578
-0.448
-0.689
-0.604
-0.522
-0.529
-0.508
-0.393
-0.367
-0.251
-0.166
-0.104
-0.263
-0.455
-0.306
-0.26
-0.445
-0.378
-0.223
0.034
0.281
0.193
0.206
0.24
0.266
0.163
0.268
0.19
0.22
0.15
0.085
-0.033
0.223
0.215
0.196
0.111
0.223
0.478
0.389
0.449
0.352
0.348
0.388
0.261
0.628
0.357
0.336
0.029
0.259
0.24
0.134
0.14
0.163
0.181
0.164
0.284
0.256
0.147
-0.177
-0.31
-0.388
-0.372
-0.069
-0.166
0.029
0.039
0.099
0.065
0.085
-0.007
0.019
0.031
-0.122
-0.146
-0.156
-0.115
-0.173
-0.249
-0.302
-0.408
-0.283
-0.176
-0.159
-0.12
-0.29
-0.19
-0.181
-0.22
-0.414
-0.354
-0.205
-0.233
-0.045
-0.095
-0.039
-0.41
-0.535
-0.5
-0.435
-0.5
-0.415
-0.296
-0.579
-0.552
-0.529
-0.39
-0.362
-0.289
-0.32
-0.468
-0.421
-0.446
-0.357
-0.379
-0.375
-0.247
-0.271
-0.517
-0.639
-0.779
-0.646
-0.719
-0.701
-0.672
-0.769
-0.746
-0.766
-0.661
-0.708
-0.73
-0.681
-0.674
-0.497
-0.435
-0.555
-0.7
-0.618
-0.494
-0.469
-0.372
-0.215
-0.219
-0.314
-0.541
-0.391
-0.549
-0.394
-0.273
-0.105
-0.075
0.074
0.029
0.309
0.107
-0.018
0.029
0.339
0.361
0.18
0.226
-0.013
0.119
0.158
0.119
0.129
-0.022
-0.074
-0.126
-0.362
-0.383
-0.233
-0.195
-0.18
-0.249
0.081
0.066
0.189
0.184
-0.021
-0.145
-0.273
-0.085
-0.072
-0.007
0.105
0.119
0.124
-0.058
-0.091
-0.189
-0.084
-0.165
-0.059
-0.075
0.161
0.216
0.051
0.221
0.144
0.119
0.061
-0.247
-0.247
-0.241
-0.225
0.04
0.001
0.055
-0.025
-0.152
-0.323
-0.434
-0.57
-0.696
-0.654
-0.54
-0.53
-0.343
-0.505
-0.751
-0.915
-0.901
-0.825
-0.714
-0.628
-0.56
-0.651
-0.716
-0.802
-0.679
-0.546
-0.64
-0.657
-0.753
-0.755
-0.651
-0.535
-0.482
-0.427
-0.307
-0.217
-0.085
0.159
-0.203
-0.049
-0.479
-0.329
-0.503
-0.512
-0.261
-0.09
0.007
0.16
0.13
-0.016
0.05
0.161
0.034
-0.058
-0.393
-0.292
-0.413
-0.065
-0.186
-0.01
0.02
0.041
0.065
0.085
0.271
0.386
0.425
0.479
0.475
0.469
0.492
0.307
0.479
0.245
0.205
0.288
0.419
0.55
0.621
0.66
0.626
0.571
0.473
0.294
0.259
0.288
0.076
0.064
-0.054
0.128
-0.08
-0.229
-0.265
-0.299
-0.35
-0.481
-0.307
-0.314
-0.319
-0.391
-0.383
-0.378
-0.426
-0.635
-0.791
-0.581
-0.455
-0.36
-0.26
-0.385
-0.229
-0.271
-0.21
-0.278
-0.284
-0.049
-0.129
-0.124
-0.11
-0.02
0.159
0.138
0.302
0.521
0.541
0.406
0.414
0.312
0.406
0.519
0.475
0.466
0.475
0.531
0.432
0.431
0.297
0.376
0.329
0.564
0.319
0.395
0.335
0.374
0.234
0.393
0.266
0.294
0.251
0.212
0.176
0.079
0.08
0.035
0.011
-0.159
-0.16
-0.119
-0.014
-0.009
-0.071
0.022
0.195
0.259
0.236
0.239
0.383
0.061
-0.033
-0.05
-0.009
0.21
0.278
0.115
0.069
0.006
0.17
0.161
0.409
0.383
0.547
0.425
0.279
0.329
0.174
0.24
0.374
0.554
0.393
0.661
0.469
0.608
0.578
0.415
0.4
0.585
0.59
-0.492
0.334
0.191
-0.035
-0.076
-0.194
-0.103
-0.21
-0.105
-0.145
0.033
-0.12
-0.077
-0.151
-0.118
-0.209
-0.176
-0.245
-0.214
-0.341
-0.489
-0.461
-0.438
-0.383
-0.354
-0.299
-0.424
-0.505
-0.348
-0.396
-0.329
-0.179
-0.273
-0.351
-0.427
-0.318
-0.334
-0.404
-0.334
-0.302
-0.443
-0.466
-0.395
-0.634
-0.631
-0.508
-0.556
-0.378
-0.458
-0.39
-0.304
-0.475
-0.564
-0.537
-0.374
-0.422
-0.499
-0.536
-0.475
-0.552
-0.487
-0.571
-0.544
-0.281
-0.438
-0.435
-0.356
-0.448
-0.291
-0.15
0.035
0.208
0.236
0.345
0.256
0.555
0.639
0.721
0.94
1.024
1.006
1.245
1.045
1.266
1.296
1.411
1.288
1.296
1.385
1.365
1.41
1.252
1.343
0.958
1.089
1.03
1.083
1.169
1.114
1.157
1.236
1.133
1.191
1.215
1.15
1.071
0.894
1.018
0.96
0.78
0.895
0.601
0.579
0.618
0.526
0.583
0.626
0.501
0.62
0.71
0.394
0.355
0.208
0.106
0.216
0.201
0.21
0.14
0.143
0.195
0.463
