1.884 6.777
0.353 4.966
1.748 6.376
1.974 6.443
3.024 7.661
1.841 6.745
1.909 7.016
2.405 7.000
1.520 6.259
1.615 6.506
2.037 6.412
2.360 6.944
1.806 6.480
1.309 6.418
1.940 6.436
2.450 7.000
1.918 6.447
2.051 6.695
1.496 6.175
2.202 6.704
4.600 11.950
3.686 10.979
3.191 10.093
3.236 10.074
3.024 10.300
3.180 10.023
3.050 9.785
3.636 10.773
2.732 9.666
2.960 9.766
2.652 9.413
2.286 9.297
2.919 9.654
2.941 9.856
2.522 9.123
2.768 9.605
2.049 8.700
3.500 10.345
4.720 11.557
2.446 9.100
1.839 8.709
1.600 8.446
2.267 9.547
2.042 9.477
3.012 9.374