-0.634
-0.629
-0.554
-0.415
-0.46
-0.453
-0.501
-0.626
-0.547
-0.665
-0.526
-0.529
-0.431
-0.541
-0.525
-0.389
-0.344
-0.273
-0.42
-0.291
-0.235
-0.103
0.036
0.181
0.335
0.415
0.504
0.468
0.562
0.435
0.529
0.503
0.426
0.459
0.386
0.371
0.294
0.324
0.315
0.36
0.226
0.378
0.254
0.244
0.286
0.351
0.444
0.465
0.551
0.638
0.574
0.614
0.59
0.494
0.408
0.33
0.343
0.255
0.247
0.217
0.339
0.165
0.246
0.229
0.159
0.233
0.288
0.343
0.211
0.22
0.041
0.196
0.138
0.146
0.247
0.171
0.147
0.264
0.212
0.325
0.228
0.17
0.179
0.189
0.217
0.259
0.286
0.247
0.28
0.273
0.122
0.258
-0.031
-0.11
-0.299
-0.344
-0.255
-0.191
-0.121
0.025
-0.186
-0.08
-0.077
-0.195
-0.177
-0.214
-0.221
-0.164
-0.179
-0.079
-0.134
-0.258
-0.198
-0.265
-0.221
-0.116
-0.106
-0.11
-0.114
-0.205
-0.072
0.028
0.119
0.199
0.217
0.246
0.309
0.299
0.259
0.371
0.328
0.486
0.446
0.395
0.393
0.4
0.379
0.356
0.348
0.334
0.084
0.291
0.028
-0.058
-0.037
-0.111
-0.095
-0.035
0.076
0.059
0.143
0.2
0.144
-0.031
-0.114
-0.099
-0.01
-0.072
-0.05
-0.088
-0.166
-0.099
-0.28
-0.05
-0.045
-0.05
-0.054
-0.176
-0.176
-0.338
-0.294
-0.372
-0.451
-0.48
-0.369
-0.228
-0.085
0.058
0.072
0.149
0.376
0.406
0.646
0.611
0.578
0.591
0.606
0.474
0.464
0.531
0.316
0.113
0.094
0.12
0.036
0.432
0.36
0.471
0.349
0.294
0.233
0.224
0.024
0.084
0.033
-0.06
-0.09
-0.225
-0.188
-0.02
-0.031
0.16
0.16
0.081
0.072
0.034
0.113
0.136
0.09
0.294
0.223
0.146
0.103
0.058
0.333
0.398
0.624
0.725
0.664
0.659
0.63
0.464
0.413
0.364
0.491
0.481
0.633
0.639
0.787
0.787
0.631
0.76
0.623
0.522
0.586
0.422
0.42
0.443
0.44
0.6
0.5
0.631
0.514
0.655
0.807
0.924
1.054
1.046
1.026
1.174
1.171
1.044
1.044
0.768
0.728
0.601
0.589
0.475
0.415
0.456
0.459
0.395
0.404
0.33
0.044
-0.072
-0.149
-0.255
-0.205
-0.21
-0.14
-0.07
-0.099
-0.111
-0.13
-0.186
-0.297
-0.223
-0.231
-0.234
-0.389
-0.039
-0.212
-0.211
-0.221
-0.041
0.028
-0.185
-0.04
0.035
-0.08
0.033
-0.163
-0.133
0.126
0.045
0.048
0.14
0.205
0.323
0.05
0.246
0.41
0.449
0.305
0.454
0.551
0.481
0.506
0.41
0.448
0.461
0.503
0.385
0.349
0.361
0.505
0.383
0.575
0.578
0.491
0.5
0.459
0.374
0.395
0.496
0.39
0.352
0.388
0.33
0.496
0.701
0.205
0.336
0.185
-0.014
-0.03
0.088
0.144
0.043
0.03
0.174
0.211
0.247
0.314
0.292
0.161
0.034
-0.136
-0.163
-0.351
-0.223
-0.515
-0.422
-0.224
-0.113
0.026
-0.125
0.029
0.011
-0.152
-0.06
-0.075
-0.109
-0.234
0.031
0.019
0.103
0.066
0.115
-0.014
0.007
0.13
0.037
-0.071
0.052
0.003
-0.241
-0.152
-0.069
-0.304
-0.274
-0.419
-0.517
-0.547
-0.551
-0.367
-0.321
-0.149
-0.189
-0.066
0.02
0.06
0.131
0.054
0.089
0.031
0.071
0.195
0.195
0.302
0.177
0.273
0.24
0.059
0.107
0.019
-0.388
-0.459
-0.406
-0.486
-0.271
-0.4
-0.294
-0.268
-0.301
-0.246
-0.41
-0.489
-0.489
-0.41
-0.401
-0.589
-0.634
-0.825
-0.879
-0.879
-0.816
-0.94
-1.021
-1.146
-0.792
-0.878
-0.796
-0.665
-0.677
-0.573
-0.44
-0.509
-0.416
-0.341
-0.138
-0.225
-0.174
-0.077
-0.079
-0.04
0.114
0.146
0.111
0.276
0.26
0.394
0.361
0.4
0.586
0.571
0.655
0.506
0.644
0.59
0.556
0.601
0.419
0.469
0.464
0.32
0.079
0.064
-0.09
-0.056
-0.275
-0.176
-0.186
-0.299
-0.458
-0.562
-0.604
-0.575
-0.511
-0.458
-0.676
-0.555
-0.674
-0.621
-0.556
-0.66
-0.581
-0.393
-0.401
-0.36
-0.486
-0.33
-0.346
-0.254
-0.231
-0.369
-0.278
-0.229
-0.247
-0.226
-0.245
-0.188
-0.007
0.189
0.297
0.381
0.241
0.485
0.302
0.226
0.302
0.431
0.454
0.521
0.266
0.276
0.295
0.314
0.179
0.245
0.24
0.364
0.321
0.346
0.302
0.453
0.37
0.355
0.343
0.147
0.236
0.199
-0.029
0.01
0.07
0.075
0.203
0.271
0.573
0.499
0.439
0.453
0.419
0.446
0.478
0.463
0.367
0.4
0.471
0.306
0.265
0.16
0.089
0.147
0.135
0.182
0.091
0.11
0.203
0.146
-0.01
0.071
0.044
-0.048
0.007
0.03
0.003
-0.077
0.076
0.025
-0.021
-0.004
0.026
-0.039
0.09
0.022
0.019
0.03
0.15
0.103
0.024
0.02
-0.02
0.019
-0.004
0.013
-0.092
-0.193
-0.21
-0.1
-0.165
-0.217
-0.359
-0.415
-0.36
-0.478
-0.5
-0.601
-0.646
-0.557
-0.599
-0.571
-0.729
-0.659
-0.492
-0.466
-0.362
-0.367
-0.254
-0.194
-0.334
-0.25
-0.384
-0.206
-0.226
-0.265
-0.188
-0.297
-0.18
-0.011
-0.269
-0.224
-0.134
-0.26
-0.203
-0.145
-0.103
-0.059
0.086
-0.018
0.045
0.055
-0.246
-0.283
-0.354
-0.326
-0.247
-0.245
0.051
0.085
0.276
0.15
0.186
0.468
0.446
0.379
0.436
0.434
0.36
0.417
0.324
0.284
0.416
0.474
0.534
0.474
0.604
0.379
0.58
0.545
0.677
0.677
0.6
0.516
0.429
0.524
0.374
0.421
0.406
0.326
0.107
0.044
-0.006
0.054
-0.071
-0.234
-0.226
-0.266
-0.401
-0.586
-0.501
-0.506
-0.51
-0.455
-0.29
-0.396
-0.375
-0.417
-0.285
-0.21
-0.188
-0.054
-0.305
0.011
-0.215
0.044
-0.379
-0.326
-0.281
-0.345
-0.077
-0.436
-0.427
-0.286
-0.288
-0.156
-0.346
-0.38
-0.436
-0.379
-0.352
-0.235
-0.135
-0.092
0.086
0.094
0.219
0.279
0.396
0.314
0.245
0.375
0.3
0.325
0.393
0.451
0.364
0.561
0.532
0.625
0.855
0.853
0.665
0.724
0.561
0.417
0.139
0.079
-0.049
-0.01
0.077
0.011
0.211
0.171
0.18
0.318
-0.046
-0.033
0.088
-0.201
-0.2
-0.224
-0.206
-0.325
-0.461
-0.609
-0.603
-0.699
-0.635
-0.43
-0.542
-0.596
-0.826
-0.861
-0.889
-0.87
-0.951
-0.84
-0.865
-0.695
-0.824
-0.635
-0.647
-0.703
-0.569
-0.585
-0.633
-0.536
-0.594
-0.666
-0.589
-0.348
-0.421
-0.295
-0.258
-0.214
0.007
0.099
-0.228
-0.144
-0.065
0.033
0.11
0.328
0.211
0.344
0.408
0.266
0.386
0.331
0.301
0.333
0.247
0.372
0.169
0.239
0.297
0.431
0.574
0.401
0.291
0.179
0.304
0.39
0.515
0.38
0.408
0.378
0.384
0.306
0.295
0.255
0.426
0.473
0.416
0.3
0.285
0.427
0.338
0.279
0.263
0.071
-0.121
-0.139
-0.199
-0.221
-0.223
-0.139
-0.145
-0.338
-0.35
-0.449
-0.536
-0.46
-0.562
-0.583
-0.64
-0.731
-0.74
-0.67
-0.554
-0.369
-0.529
-0.492
-0.487
-0.425
-0.39
-0.362
-0.259
-0.395
-0.273
-0.33
-0.245
0.011
0.037
0.013
-0.037
-0.079
0.103
0.225
0.188
0.236
0.193
0.325
0.356
0.335
0.367
0.296
0.411
0.333
0.166
0.124
-0.125
-0.094
-0.13
-0.25
-0.245
-0.417
-0.316
-0.312
-0.575
-0.608
-0.551
-0.499
-0.376
-0.451
-0.438
-0.484
-0.384
-0.346
-0.289
-0.286
-0.212
-0.216
-0.306
-0.28
-0.203
-0.231
-0.299
-0.239
-0.344
-0.279
-0.255
-0.17
-0.026
-0.069
-0.018
0.08
-0.006
-0.033
-0.143
-0.185
-0.064
-0.156
-0.088
-0.072
0.029
0.105
0.049
0.208
0.254
0.414
0.246
0.376
0.455
0.51
0.545
0.626
0.511
0.505
0.351
0.378
0.205
0.128
0.166
0.18
0.221
0.299
0.401
0.388
0.264
0.289
0.307
0.474
0.534
0.492
0.416
0.268
0.361
0.258
0.249
0.154
0.18
0.075
0.095
0.105
0.104
0.079
0.246
0.186
0.159
0.033
-0.036
0.044
0.062
-0.139
-0.098
-0.292
-0.258
-0.314
-0.228
-0.26
-0.301
-0.305
-0.441
-0.419
-0.385
-0.29
-0.349
-0.329
-0.385
-0.579
-0.503
-0.471
-0.537
-0.677
-0.764
-0.556
-0.485
-0.276
-0.245
-0.193
-0.212
-0.156
-0.103
-0.099
-0.206
-0.25
-0.299
-0.346
-0.525
-0.516
-0.589
-0.685
-0.736
-0.62
-0.677
-0.469
-0.647
-0.48
-0.292
-0.44
-0.205
-0.219
-0.196
-0.139
-0.005
0.085
0.22
0.255
0.249
0.233
0.146
0.074
0.133
0.034
0.006
-0.048
-0.072
0.033
-0.069
0.039
0.145
0.022
-0.011
0.007
0.043
0.193
0.135
0.107
0.124
0.122
0.054
0.001
0.084
0.089
0.203
0.188
0.349
0.239
0.39
0.366
0.314
0.338
0.403
0.438
0.304
0.375
0.304
0.444
0.468
0.357
-0.036
0.174
-0.089
0.089
-0.022
-0.043
0.133
-0.065
0.03
0.065
-0.139
-0.051
-0.079
-0.019
-0.051
-0.06
-0.133
-0.146
-0.294
-0.28
-0.416
-0.154
-0.048
-0.099
0.028
-0.065
-0.066
0.074
0.046
-0.129
0.03
-0.001
-0.003
0.226
0.101
0.006
0.176
0.186
0.136
-0.022
-0.049
-0.126
-0.156
-0.224
-0.323
-0.154
-0.216
-0.206
-0.124
-0.118
-0.113
-0.141
-0.199
-0.206
-0.161
-0.182
-0.043
-0.03
0.006
-0.041
-0.151
-0.346
-0.215
-0.226
-0.193
-0.144
-0.156
-0.245
-0.138
-0.086
-0.058
-0.05
0.049
-0.011
0.069
0.169
0.321
-0.007
0.013
-0.04
-0.041
-0.116
0.066
0.151
-0.025
0.159
0.145
0.049
0.161
0.214
0.085
0.21
0.175
0.065
0.166
-0.037
-0.099
-0.072
-0.04
-0.201
-0.256
-0.126
-0.195
-0.205
-0.226
-0.206
-0.235
-0.29
-0.338
-0.279
-0.263
-0.416
-0.514
-0.559
-0.681
-0.694
-0.735
-0.929
-0.761
-0.693
-0.802
-0.639
-0.481
-0.59
-0.586
-0.604
-0.568
-0.465
-0.503
-0.394
-0.295
-0.263
-0.328
-0.254
-0.181
-0.21
-0.098
-0.105
-0.084
0.031
0.019
0.168
0.13
0.194
0.168
0.121
0.083
0.101
0.081
0.02
0.031
0.154
0.052
0.233
0.058
0.125
0.391
0.328
0.292
0.316
0.118
0.113
0.13
0.173
0.046
0.104
0.18
0.126
0.08
0.113
0.234
0.199
0.136
0.14
0.08
0.051
0.019
-0.066
0.059
-0.065
0.03
-0.007
0.054
-0.125
-0.09
-0.103
-0.089
-0.083
-0.151
-0.194
-0.19
-0.195
-0.312
-0.26
-0.195
-0.193
-0.244
-0.175
-0.113
-0.045
-0.124
-0.12
-0.098
-0.105
-0.025
-0.015
-0.131
-0.21
-0.181
-0.223
-0.306
-0.406
-0.416
-0.426
-0.422
-0.581
-0.33
-0.638
-0.662
-0.583
-0.724
-0.598
-0.626
-0.579
-0.688
-0.608
-0.589
-0.659
-0.441
-0.599
-0.469
-0.375
-0.508
-0.422
-0.383
-0.226
-0.285
-0.239
-0.254
-0.19
-0.315
-0.269
-0.195
-0.185
-0.12
0.074
0.11
0.061
0.122
0.136
0.13
0.195
0.12
0.054
0.077
0.064
0.07
0.089
0.144
0.258
0.338
0.216
0.438
0.378
0.474
0.525
0.695
0.575
0.56
0.684
0.521
0.388
0.42
0.408
0.354
0.338
0.496
0.29
0.421
0.41
0.318
0.375
0.247
0.29
0.29
0.27
0.311
0.311
0.199
0.266
0.214
0.181
0.242
0.14
0.061
0.133
0.152
0.145
0.131
0.08
0.107
0.166
0.107
-0.014
-0.147
-0.09
0.116
-0.095
-0.188
-0.026
-0.089
-0.268
-0.193
-0.209
-0.191
-0.217
-0.206
-0.231
-0.17
-0.11
-0.141
-0.045
0.029
-0.015
0.118
0.128
-0.055
-0.02
-0.019
-0.059
-0.144
-0.09
-0.289
-0.321
-0.27
-0.334
-0.255
-0.238
-0.434
-0.258
-0.261
-0.335
-0.177
-0.259
-0.249
-0.083
0.048
-0.046
-0.054
0.055
0.085
0.006
0.058
0.011
-0.188
-0.092
-0.054
-0.146
-0.119
0.099
-0.011
-0.058
-0.195
-0.151
-0.124
-0.08
-0.05
-0.037
0.08
0.026
0.177
0.185
0.136
0.24
0.224
0.249
0.241
0.352
0.292
0.258
0.182
0.149
0.176
0.107
0.146
0.105
0.019
0.007
0.02
0.015
-0.01
0.114
0.071
0.133
-0.125
-0.124
-0.149
-0.168
-0.173
-0.186
-0.115
-0.119
-0.103
-0.135
-0.173
-0.128
-0.077
-0.169
-0.161
-0.099
-0.24
-0.185
-0.109
-0.152
-0.193
-0.188
-0.165
-0.164
-0.122
-0.071
-0.055
0.065
-0.083
-0.086
-0.049
-0.085
-0.046
0.021
0.054
-0.066
0.034
-0.033
-0.064
0.074
-0.05
0.119
0.198
0.22
0.168
0.124
0.134
0.131
0.253
0.11
0.071
0.045
0.061
-0.007
-0.018
0.089
0.052
0.096
0.122
0.089
0.134
0.154
0.249
0.256
0.169
0.417
0.173
0.24
0.22
0.133
0.129
0.238
0.22
0.118
0.105
0.14
0.092
0.193
0.154
0.231
0.228
0.306
0.259
0.121
0.124
0.109
0.276
0.246
0.194
0.263
0.115
0.264
0.077
0.316
0.071
0.126
0.166
0.125
0.098
0.014
0.001
-0.098
-0.175
-0.11
-0.094
-0.193
0.194
0.069
0.086
-0.034
-0.003
-0.062
-0.041
-0.044
-0.083
0.022
-0.081
-0.101
-0.193
-0.185
-0.311
-0.239
-0.168
-0.198
-0.164
-0.11
-0.025
-0.059
0.08
0.009
0.022
0.034
-0.014
0.175
0.149
0.254
0.321
0.372
0.265
0.297
0.211
0.258
0.374
0.343
0.45
0.369
0.41
0.516
0.508
0.496
0.486
0.48
0.489
0.345
0.241
0.403
0.334
0.278
0.349
0.381
0.33
0.249
0.429
0.408
0.321
0.532
0.295
0.45
0.448
0.334
0.389
0.285
0.361
0.28
0.329
0.366
0.415
0.426
0.422
0.497
0.419
0.438
0.371
0.344
0.255
0.214
0.175
0.193
0.103
0.048
0.096
0.174
0.175
0.244
0.35
0.144
0.251
0.275
0.29
0.255
0.177
0.275
0.131
0.256
0.294
0.307
0.425
0.229
0.304
0.23
0.182
0.062
0.0
0.021
-0.052
0.164
-0.216
-0.242
-0.292
-0.151
-0.101
0.028
0.234
0.294
0.321
0.371
0.306
0.415
0.396
0.409
0.388
0.647
0.664
0.69
0.718
0.64
0.754
0.885
1.01
0.801
0.831
1.021
0.759
0.736
0.672
0.603
0.863
0.84
0.834
0.647
0.698
0.642
0.55
0.345
0.226
0.134
0.278
0.241
0.193
0.31
0.28
0.289
0.372
0.061
0.128
0.39
0.195
0.369
0.403
0.321
0.319
0.406
0.376
0.348
0.386
0.611
0.552
0.536
0.595
0.606
0.631
0.714
0.846
0.785
0.744
0.765
0.574
0.547
0.349
0.414
0.319
0.425
0.55
0.517
0.669
0.83
0.96
1.014
0.912
0.815
0.623
0.61
0.539
0.586
0.344
0.448
0.511
0.69
0.723
0.684
0.728
0.642
0.641
0.647
0.516
0.436
0.185
0.268
0.236
0.3
0.231
0.328
0.124
0.199
0.256
0.225
0.294
0.182
0.278
0.211
0.173
0.311
0.3
0.265
0.177
0.139
0.028
-0.14
-0.297
-0.209
-0.226
-0.059
0.1
-0.005
0.118
0.125
0.203
0.394
0.364
0.444
0.439
0.318
0.386
0.473
-0.011
-0.079
-0.016
-0.065
-0.075
-0.281
-0.265
-0.301
-0.304
-0.51
-0.473
-0.2
-0.49
-0.573
-0.509
-0.568
-0.499
-0.554
-0.456
-0.679
-0.608
-0.521
-0.546
-0.354
-0.404
-0.362
-0.288
-0.291
-0.414
-0.441
-0.458
-0.374
-0.299
-0.103
-0.056
-0.189
-0.013
0.136
0.116
0.26
0.188
0.128
-0.009
-0.061
-0.037
-0.029
-0.205
-0.189
-0.136
-0.22
-0.173
-0.106
0.03
-0.02
-0.138
-0.212
-0.239
-0.224
-0.211
-0.236
-0.386
-0.084
-0.241
-0.134
-0.037
-0.23
-0.276
-0.401
-0.212
-0.211
-0.136
-0.135
-0.199
-0.154
-0.346
-0.345
-0.422
-0.331
-0.169
-0.077
-0.091
-0.193
-0.184
-0.155
-0.27
-0.266
-0.439
-0.18
-0.316
-0.367
-0.212
-0.234
-0.071
0.186
0.304
0.278
0.181
0.305
0.109
-0.061
-0.026
-0.046
0.006
0.029
0.021
-0.005
-0.131
-0.022
0.074
-0.071
0.033
0.045
-0.045
0.088
0.107
0.136
0.173
0.378
0.283
0.517
0.506
0.422
0.32
0.203
0.181
-0.004
0.048
0.092
0.069
-0.02
-0.113
-0.075
-0.019
-0.2
0.029
0.04
-0.111
-0.091
-0.346
-0.299
-0.349
-0.188
-0.26
-0.315
-0.145
-0.264
-0.335
-0.26
-0.285
-0.354
-0.304
-0.351
-0.23
-0.113
-0.134
-0.095
-0.119
0.048
0.055
0.217
0.164
0.122
0.006
0.058
0.143
0.125
0.086
0.124
0.021
-0.089
0.125
0.113
0.305
0.396
0.47
0.369
0.338
0.29
0.221
0.239
0.161
0.06
-0.004
-0.076
-0.185
-0.143
-0.081
-0.025
0.114
0.115
0.265
0.295
0.325
0.555
0.43
0.585
0.713
0.765
0.821
0.726
0.576
0.479
0.406
0.416
0.432
0.546
0.634
0.955
0.834
0.854
0.912
1.195
0.934
1.101
1.089
1.001
0.776
0.794
0.89
0.775
0.777
0.751
0.675
0.56
0.451
0.311
0.152
0.114
0.05
0.177
0.048
0.205
0.14
0.086
0.031
-0.016
-0.019
0.019
-0.043
-0.062
-0.126
-0.01
0.006
0.014
-0.203
-0.209
-0.239
-0.16
0.049
-0.094
-0.084
0.029
-0.125
0.034
0.083
-0.083
0.058
0.061
0.118
0.048
0.014
0.124
0.083
0.058
0.066
0.033
-0.111
-0.228
-0.369
-0.386
-0.484
-0.53
-0.475
-0.324
-0.585
-0.46
-0.629
-0.475
-0.364
-0.4
-0.406
-0.425
-0.331
-0.189
-0.256
-0.124
0.004
0.152
-0.033
0.24
0.19
0.17
0.265
0.297
0.482
0.482
0.484
0.394
0.5
0.564
0.704
0.721
0.65
0.761
0.603
0.565
0.645
0.532
0.309
0.362
0.119
0.075
0.103
-0.029
-0.001
0.001
0.02
-0.066
0.037
-0.072
-0.14
-0.126
-0.114
-0.075
-0.144
-0.079
-0.015
0.028
0.236
0.099
0.1
0.194
0.234
0.203
0.079
0.025
-0.005
0.034
0.039
0.03
-0.035
-0.029
0.005
0.04
0.081
0.168
0.31
0.294
0.278
0.245
0.37
0.427
0.299
0.32
0.274
0.314
0.338
0.463
0.521
0.522
0.284
0.385
0.31
0.143
-0.013
-0.059
-0.173
-0.239
-0.45
-0.326
-0.338
-0.413
-0.255
-0.209
-0.212
-0.171
-0.051
0.024
-0.035
-0.182
-0.115
-0.27
-0.16
-0.28
-0.285
-0.259
-0.391
-0.276
-0.066
-0.169
-0.179
0.058
-0.122
0.083
0.186
0.217
0.276
0.253
0.401
0.465
0.659
0.468
0.42
0.395
0.453
0.413
0.345
0.366
0.299
0.014
-0.15
0.089
-0.105
0.025
-0.03
-0.022
-0.126
-0.141
-0.115
-0.214
-0.229
-0.393
-0.269
-0.238
-0.311
-0.38
-0.417
-0.413
-0.285
-0.396
-0.399
-0.214
-0.297
-0.263
-0.375
-0.438
-0.321
-0.325
-0.51
-0.526
-0.69
-0.761
-0.691
-0.708
-0.781
-0.606
-0.649
-0.47
-0.501
-0.389
-0.511
-0.485
-0.295
-0.181
-0.11
-0.077
-0.041
-0.026
-0.01
-0.031
-0.044
-0.25
-0.403
-0.159
-0.212
-0.191
-0.088
-0.104
-0.02
-0.039
0.125
0.105
0.22
0.326
0.355
0.43
0.542
0.497
0.285
0.268
0.41
0.586
0.797
0.871
0.861
0.911
0.701
0.834
0.59
0.396
0.475
0.626
0.639
0.539
0.556
0.409
0.328
0.455
0.461
0.526
0.557
0.685
0.745
0.746
0.565
0.589
0.326
0.242
0.06
0.13
0.028
0.129
-0.15
-0.091
-0.231
-0.074
-0.141
-0.236
-0.14
-0.13
-0.18
-0.12
-0.279
-0.096
-0.113
-0.224
-0.119
-0.176
-0.175
-0.149
-0.188
-0.29
-0.168
-0.151
-0.092
0.088
0.099
0.003
0.071
-0.084
-0.015
-0.075
-0.086
-0.09
-0.193
-0.288
-0.366
-0.389
-0.446
-0.616
-0.487
-0.355
-0.21
-0.21
-0.331
-0.144
-0.076
-0.155
-0.188
-0.045
-0.109
-0.052
-0.136
-0.22
-0.151
-0.182
-0.182
-0.016
-0.016
0.069
0.261
0.174
0.198
0.136
0.255
0.133
-0.116
0.103
-0.024
0.098
0.217
0.155
0.081
-0.034
-0.145
0.011
-0.061
-0.007
0.083
0.036
0.103
0.029
0.273
0.424
0.495
0.444
0.223
0.036
-0.099
0.071
-0.125
-0.146
-0.245
-0.278
-0.36
-0.448
-0.541
-0.492
-0.461
-0.666
-0.481
-0.344
-0.469
-0.753
-0.729
-0.67
-0.726
-0.664
-0.503
-0.47
-0.409
-0.27
-0.193
-0.049
0.045
-0.033
-0.129
-0.01
-0.049
-0.147
-0.304
-0.329
-0.338
-0.221
-0.304
-0.103
-0.044
-0.173
-0.109
-0.175
-0.225
-0.169
-0.216
-0.326
-0.378
-0.352
-0.416
-0.468
-0.539
-0.753
-0.698
-0.69
-0.755
-0.618
-0.661
-0.536
-0.716
-0.698
-0.815
-0.779
-0.904
-0.82
-0.759
-0.865
-0.814
-0.786
-0.58
-0.566
-0.486
