0.043
-0.417
-0.372
-0.17
0.546
0.57
0.444
0.671
0.306
0.301
0.356
0.256
0.188
0.54
0.233
0.039
-0.219
-0.52
-0.591
-0.319
-0.177
0.048
0.329
0.13
-0.211
-0.383
-0.302
-0.249
-0.095
0.354
0.076
0.138
-0.043
-0.3
-0.512
-0.371
-0.359
-0.319
-0.141
-0.031
0.11
0.035
0.071
0.169
0.43
0.475
0.514
0.487
0.244
0.139
0.024
-0.129
-0.03
-0.186
-0.048
-0.224
0.016
-0.062
-0.04
-0.224
0.046
0.054
0.004
0.129
0.065
-0.052
0.005
-0.025
-0.224
-0.165
-0.037
-0.134
-0.138
-0.018
-0.151
-0.129
-0.242
-0.305
-0.324
-0.351
-0.53
-0.38
-0.203
-0.128
-0.101
-0.185
-0.297
-0.171
-0.044
0.044
-0.109
-0.052
-0.228
-0.091
-0.104
-0.094
-0.1
0.136
0.141
0.07
-0.061
0.059
-0.171
-0.014
0.341
0.077
0.176
0.165
0.036
-0.01
0.116
0.226
0.489
0.571
0.635
0.536
0.464
0.515
0.44
0.445
0.246
0.228
0.079
0.014
0.121
0.166
0.458
0.285
0.288
0.125
0.283
0.114
-0.069
-0.065
-0.14
-0.001
0.08
0.004
0.096
0.101
0.095
0.323
0.238
0.238
0.074
-0.131
-0.225
-0.386
-0.399
-0.521
-0.508
-0.434
-0.5
-0.497
-0.246
-0.425
-0.434
-0.413
-0.494
-0.478
-0.454
-0.573
-0.54
-0.383
-0.579
-0.651
-0.696
-0.777
-1.005
-1.113
-1.019
-1.071
-0.889
-0.682
-0.66
-0.504
-0.314
-0.255
-0.071
-0.219
0.334
0.264
0.42
0.366
0.504
0.691
0.448
0.514
0.261
0.29
0.445
0.44
0.573
0.514
0.539
0.307
0.328
0.205
0.393
0.339
0.445
0.389
0.334
0.296
0.479
0.139
0.208
0.338
0.367
0.499
0.449
0.338
0.261
0.07
0.149
-0.037
0.417
0.362
0.18
0.348
0.161
0.361
0.37
0.465
0.591
0.239
0.212
0.084
-0.194
-0.196
-0.034
-0.001
-0.035
0.005
0.0
0.149
0.118
0.338
0.256
0.378
0.364
0.379
0.35
0.404
0.427
0.485
0.541
0.611
0.855
0.48
0.378
0.506
0.509
0.601
0.685
0.348
0.367
0.461
0.603
0.646
0.566
0.645
0.786
0.799
0.856
1.106
0.85
1.075
1.107
0.801
0.907
0.792
0.915
0.96
0.927
1.09
1.213
1.244
1.466
1.475
1.383
1.44
1.343
1.26
1.034
1.284
1.311
1.578
1.511
1.746
1.874
1.973
1.963
1.948
2.055
1.806
1.671
1.475
1.387
1.174
1.144
1.004
1.286
1.186
1.521
1.261
1.395
1.406
1.417
1.389
1.739
1.425
1.562
1.022
0.995
0.983
0.874
0.85
0.929
0.776
0.768
0.499
0.725
0.667
0.816
0.911
1.008
1.103
1.133
1.024
1.044
0.912
0.81
0.758
0.741
0.566
0.59
0.566
0.557
0.84
0.746
0.907
0.989
0.664
0.69
0.691
0.831
0.97
0.801
0.743
0.576
0.574
0.66
0.69
0.818
0.494
0.759
0.932
0.838
0.763
0.989
0.854
0.806
0.763
0.823
0.851
0.88
0.685
0.335
0.379
0.43
0.515
0.57
0.731
0.979
0.959
0.738
0.768
0.691
0.614
0.623
0.701
0.486
0.449
0.19
0.124
-0.19
-0.066
-0.254
-0.216
-0.166
-0.386
-0.24
-0.203
-0.425
-0.594
-0.479
-0.64
-0.82
-0.934
-0.964
-0.969
-1.184
-1.351
-1.074
-1.414
-1.456
-1.356
-1.208
-1.109
-0.93
-0.821
-0.868
-0.83
-0.69
-0.839
-0.934
-0.996
-1.397
-1.289
-1.136
-1.073
-0.959
-0.855
-0.902
-0.645
-0.71
-0.672
-0.715
-0.796
-0.711
-0.975
-1.015
-1.179
-1.198
-0.954
-0.843
-0.647
-0.733
-0.836
-0.885
-0.84
-0.646
-0.59
-0.65
-0.569
-0.691
-0.534
-0.544
-0.63
-0.495
-0.435
-0.306
-0.445
-0.391
-0.524
-0.292
-0.465
-0.434
-0.49
-0.554
-0.384
-0.395
-0.385
-0.366
-0.268
-0.306
-0.189
-0.409
-0.61
-0.525
-0.679
-0.537
-0.482
-0.616
-0.595
-0.656
-0.691
-0.695
-0.706
-0.761
-0.655
-0.723
-0.925
-0.901
-0.66
-0.424
-0.205
-0.119
-0.09
-0.086
-0.2
-0.152
-0.114
-0.064
0.084
0.164
0.026
0.099
-0.075
-0.062
-0.325
-0.088
-0.174
-0.045
-0.383
-0.331
-0.344
-0.216
-0.145
-0.27
-0.283
-0.515
-0.649
-0.775
-0.89
-0.875
-0.912
-0.755
-0.925
-0.97
-1.068
-1.094
-1.044
-1.041
-1.006
-1.126
-1.135
-1.216
-0.969
-1.046
-1.099
-1.111
-0.858
-0.75
-0.674
-0.644
-0.557
-0.603
-0.733
-0.542
-0.504
-0.427
-0.239
-0.576
-0.579
-1.029
-0.845
-0.729
-0.63
-0.484
-0.4
-0.404
-0.505
-0.28
-0.565
-0.581
-0.568
-0.508
-0.546
-0.427
-0.443
-0.647
-0.779
-0.646
-0.631
-0.491
-0.454
-0.544
-0.725
-0.556
-0.519
-0.584
-0.199
-0.03
-4.659
0.343
0.338
0.62
0.422
0.647
0.859
1.093
1.101
0.95
1.001
0.839
0.917
0.888
0.905
1.015
1.019
1.147
0.95
1.2
1.097
0.838
0.729
0.471
0.349
0.351
-0.168
-0.191
-0.346
-0.324
-0.216
-0.01
-0.138
-0.23
-0.2
-0.103
-0.482
-0.647
-0.724
-0.93
-0.539
-0.586
-0.381
-0.408
-0.333
-0.182
-0.241
-0.211
-0.173
-0.199
-0.028
-0.022
-0.018
0.035
0.118
-0.016
-0.201
-0.224
0.088
0.034
-0.009
0.125
0.188
0.292
0.446
0.326
0.323
0.118
0.374
0.177
0.199
0.516
0.299
0.285
0.335
0.211
0.206
0.176
-0.05
0.141
0.051
-0.039
-0.088
-0.205
-0.104
-0.191
-0.156
-0.425
-0.461
-0.703
-0.728
-0.753
-0.734
-0.662
-0.665
-0.561
-0.331
-0.239
-0.388
-0.198
-0.134
0.064
-0.035
0.044
0.01
-0.226
-0.184
-0.052
-0.11
-0.21
-0.209
-0.138
-0.329
-0.233
-0.321
-0.254
-0.024
0.115
0.238
0.26
0.417
0.626
0.465
0.531
0.7
0.789
0.946
0.805
1.012
1.131
0.99
1.0
0.985
0.936
0.916
0.966
0.791
0.889
0.814
0.724
0.978
0.836
0.87
0.667
10.332
0.74
0.789
0.759
0.688
0.693
0.65
0.51
0.372
0.492
0.565
0.388
0.302
0.179
-0.164
-0.028
0.014
0.011
-0.013
-0.064
-0.154
-0.309
-0.349
-0.335
-0.315
-0.503
-0.625
-0.735
-0.766
-0.782
-0.96
-1.104
-0.956
-1.035
-1.151
-1.075
-1.147
-0.926
-0.819
-0.859
-1.096
-0.897
-0.68
-0.445
-0.611
-0.534
-0.534
-0.474
-0.651
-0.652
-0.766
-0.848
-0.629
-0.789
-0.645
-0.599
-0.703
-0.786
-0.77
-0.684
-0.484
-0.369
-0.069
-0.185
-0.265
-0.121
-0.199
0.164
0.086
0.2
0.233
0.265
0.318
0.306
0.481
0.652
0.715
0.893
0.833
0.854
0.94
0.888
0.834
0.848
0.619
1.19
1.169
1.154
1.239
1.302
1.399
1.394
1.279
1.252
1.27
1.165
1.109
1.151
1.07
1.021
1.035
1.074
0.878
0.848
1.008
0.751
0.694
0.662
0.736
0.704
0.603
0.744
0.893
1.065
0.875
1.058
1.058
1.012
1.011
1.12
1.104
0.91
0.777
0.495
0.7
0.454
0.62
0.821
0.943
0.95
1.012
0.996
0.79
0.774
0.708
0.758
0.81
1.036
0.786
0.819
0.708
0.723
0.864
0.792
0.97
1.164
1.321
1.319
1.194
1.194
1.157
1.292
1.376
1.456
1.25
1.134
0.825
1.062
1.036
1.502
1.518
1.655
1.791
1.396
1.857
1.729
1.87
1.781
1.92
2.006
1.792
1.665
1.61
1.406
1.282
1.485
1.364
1.49
1.425
1.649
1.546
1.659
1.456
1.229
1.321
1.299
1.174
1.064
0.92
0.934
0.861
0.833
0.804
0.909
0.871
1.171
1.478
1.488
1.593
1.85
1.731
1.671
1.488
1.456
1.311
1.147
1.129
0.911
0.604
0.443
0.367
0.219
0.354
0.316
0.265
0.311
0.281
0.16
0.049
0.059
-0.211
-0.016
-0.238
-0.311
-0.311
-0.441
-0.434
-0.173
-0.33
-0.31
-0.466
-0.478
-0.436
-0.47
-0.569
-0.469
-0.713
-0.51
-0.299
-0.147
-0.226
-0.374
-0.362
-0.454
-0.674
-0.466
-0.371
-0.07
-0.144
0.007
-0.028
-0.071
-0.071
0.07
-0.369
-0.56
-0.366
-0.056
0.005
0.125
0.324
0.3
0.094
-0.028
-0.266
-0.323
-0.669
-0.769
-0.845
-0.863
-0.925
-0.87
-0.897
-1.094
-1.038
-1.272
-1.341
-1.353
-1.552
-1.691
-1.853
-1.851
-1.728
-1.71
-1.651
-1.216
-1.091
-1.101
-1.012
-1.024
-1.021
-0.848
-0.79
-0.439
-0.361
-0.028
-0.362
-0.341
-0.682
-0.745
-0.396
-0.065
0.026
0.014
-0.019
-0.278
-0.208
-0.469
-0.605
-0.591
-0.611
-0.714
-0.686
-0.671
-0.711
-0.474
-0.228
-0.022
0.054
0.079
0.006
-0.083
-0.291
-0.454
-0.464
-0.413
-0.339
-0.427
-0.241
-0.135
0.051
0.118
0.039
-0.009
-0.479
-0.556
-0.662
-0.68
-0.642
-0.495
-0.348
-0.372
-0.255
-0.39
-0.29
-0.33
-0.512
-0.453
-0.496
-0.522
-0.19
-0.234
-0.464
-0.391
-0.492
-0.326
-0.509
-0.559
-0.569
-0.652
-0.771
-0.583
-0.371
-0.107
-0.043
-0.016
-0.026
0.041
-0.125
0.052
-0.069
0.104
-0.106
-0.18
-0.101
-0.469
-0.299
-0.201
-0.221
-0.38
-0.564
-0.704
-0.67
-0.708
-0.864
-0.478
-0.625
-0.394
-0.529
-0.468
-1.795
-0.614
-0.623
-0.675
-0.508
-0.384
-0.305
-0.21
0.025
0.273
0.274
0.356
0.362
0.336
0.249
0.091
-0.168
-0.35
-0.186
-0.2
-0.061
0.125
0.305
0.196
0.305
0.535
0.552
0.746
1.059
1.106
1.219
1.109
0.938
0.595
0.596
0.583
0.753
0.787
0.955
0.866
0.77
0.598
0.355
0.369
0.145
0.27
0.028
-0.083
-0.199
-0.122
-0.299
-0.246
-0.316
-0.36
-0.259
-0.149
-0.195
-0.134
-0.3
-0.307
-0.468
-0.517
-0.364
-0.09
0.113
0.036
0.129
-0.092
0.099
10.332
0.339
0.569
0.711
0.611
0.456
0.364
0.051
-0.352
0.011
0.006
-0.009
0.046
-0.163
-0.341
-0.496
-0.958
-1.127
-1.294
-1.018
-1.153
-1.071
-1.083
-1.18
-1.16
-1.285
-1.068
-0.965
-0.974
-0.965
-0.879
-0.755
-0.811
-0.799
-0.804
-0.804
-0.636
-0.776
-0.743
-0.838
-0.579
-0.588
-0.47
-0.331
-0.49
-0.419
-0.39
-0.356
-0.311
-0.246
-0.184
-0.268
-0.199
-0.28
-0.305
-0.431
-0.517
-0.531
-0.539
-0.266
-0.319
-0.276
-0.379
-0.189
-0.242
-0.233
-0.325
-0.079
-0.138
-0.074
-0.321
-0.355
-0.173
-0.179
0.0
0.024
-0.037
-0.3
-0.574
-0.537
-0.605
-0.661
-0.624
-0.371
-0.24
-0.2
-0.18
-0.235
0.022
0.066
0.026
0.384
0.471
0.445
0.339
0.325
0.482
0.297
0.335
0.1
0.013
0.091
-0.081
-0.143
-0.314
-0.279
-0.228
-0.119
-0.266
-0.184
-0.176
-0.085
-0.18
0.089
0.276
0.276
0.446
0.486
0.435
0.42
0.429
0.464
0.564
0.671
0.698
0.165
0.679
0.305
0.536
0.292
0.256
0.389
0.537
0.464
0.485
0.531
0.64
0.599
0.549
0.674
0.789
1.09
1.173
1.151
1.025
0.57
0.44
0.359
0.211
0.416
0.43
0.506
0.576
0.57
0.535
0.505
0.63
0.55
0.6
0.623
0.593
0.492
0.239
0.15
0.309
0.436
0.184
0.111
0.194
0.145
0.236
0.43
0.122
0.01
0.055
-0.007
-0.119
-0.263
-0.431
-0.438
-0.372
-0.159
-0.084
0.04
0.064
0.158
0.092
0.075
0.224
0.214
0.41
0.44
0.606
0.618
0.716
0.845
1.074
1.173
1.109
1.458
1.516
1.715
1.651
1.351
1.364
1.508
1.809
1.89
2.215
2.3
2.349
2.311
2.329
2.325
2.374
2.546
2.474
2.496
2.53
2.384
2.279
2.169
2.189
2.275
2.111
1.855
2.013
1.693
1.511
1.308
1.526
1.6
1.545
1.54
1.28
0.994
1.041
1.107
1.369
1.351
1.222
0.915
0.598
0.734
0.54
0.796
0.547
0.534
0.77
1.073
1.296
1.325
1.474
1.301
1.115
0.7
0.425
0.106
0.107
0.565
1.029
1.334
1.558
1.471
1.105
10.332
0.838
0.638
0.721
0.71
0.608
0.766
0.725
0.609
0.526
0.492
0.639
1.036
0.781
0.777
0.67
0.69
0.578
0.367
0.126
-0.075
-0.383
-0.819
-0.99
-0.799
-0.8
-0.5
-0.261
-0.081
-0.245
-0.171
-0.335
-0.517
-0.615
-0.682
-0.584
-0.591
-0.634
-0.754
-0.362
-0.497
-0.371
0.041
0.026
0.099
0.011
-0.09
-0.32
-0.352
-0.561
-0.49
-0.623
-0.466
-0.569
-0.501
-0.398
-0.201
-0.206
-0.061
-0.193
-0.103
0.164
-0.16
-0.431
-0.681
-0.853
-0.796
-0.78
-0.458
-0.125
-0.058
0.03
-0.035
0.025
0.031
-0.211
-0.231
-0.354
-0.395
-0.618
-0.927
-0.976
-0.799
-0.74
-0.641
-0.636
-0.416
-0.362
-0.436
-0.537
-0.55
-0.639
-0.669
-0.636
-0.583
-0.569
-0.771
-0.735
-0.805
-0.855
-1.062
-0.828
-0.979
-0.759
-0.794
-0.444
-0.562
-0.61
-0.652
-0.775
-0.958
-0.891
-0.646
-0.86
-1.049
-1.1
-0.943
-0.881
-0.781
-0.743
-0.689
-0.705
-0.647
-0.45
-0.41
-0.255
-0.128
0.326
0.096
0.07
0.079
0.001
-0.05
-0.199
-0.022
0.006
0.326
0.171
0.27
0.094
0.088
-0.028
-0.13
-0.225
-0.241
-0.404
-0.422
-0.206
-0.254
-0.122
0.058
0.223
0.289
-0.02
0.385
0.283
0.165
0.189
0.074
-0.062
0.03
0.079
0.06
-0.36
-0.32
-0.29
-0.338
-0.156
-0.664
-0.912
-0.734
-1.018
-0.764
-0.595
-0.378
-0.482
-0.436
-0.356
-0.503
-0.63
-0.666
-0.772
-0.695
-1.153
-1.064
-1.124
-0.966
-0.84
-0.965
-0.863
-0.893
-0.825
-0.795
-0.685
-0.701
-0.776
-0.785
-0.905
-0.831
-0.905
-0.706
-0.654
-0.206
-0.018
0.249
0.32
0.12
0.355
0.427
0.152
0.164
0.044
0.039
-0.024
-0.145
0.025
0.001
0.13
0.144
0.076
0.062
-0.045
-0.346
-0.524
-0.547
-0.685
-0.625
-0.591
-0.516
-0.247
-0.306
-0.37
-0.441
-0.3
-0.357
-0.155
0.066
0.242
-0.094
0.064
0.209
-0.216
0.098
0.007
0.071
0.136
0.119
0.113
0.076
0.188
0.283
0.461
0.315
0.209
0.077
0.268
0.06
0.004
-0.088
0.131
0.091
0.019
-0.161
-0.619
-0.655
-0.57
-0.635
-0.609
-0.655
-0.846
-0.804
-0.886
-0.886
-1.114
-0.966
-1.032
-0.975
-0.99
-0.934
-0.618
-0.546
-0.631
-0.52
-0.751
-0.802
-0.792
-0.595
-0.579
-0.54
-0.343
-0.361
-0.208
0.091
-0.059
0.055
0.156
0.131
-0.089
-0.124
-0.163
-0.169
-0.144
-0.129
0.011
0.224
0.13
0.351
0.341
0.312
0.464
0.25
0.357
0.456
0.448
0.634
0.511
0.608
0.426
0.349
0.446
0.315
0.366
0.328
0.5
0.531
0.644
0.721
0.73
0.6
0.508
0.451
0.379
0.156
0.119
0.066
-0.16
-0.13
-0.42
-0.591
-0.336
-0.251
-0.247
-0.113
-0.052
-0.061
0.049
-0.175
-0.101
0.081
0.106
0.283
0.206
0.249
-0.014
0.007
-0.129
-0.163
0.194
0.025
0.278
0.39
0.341
0.326
0.138
0.427
0.25
0.122
0.307
0.355
0.365
0.338
0.04
0.21
0.036
-0.031
0.154
0.304
0.1
0.044
-0.15
-0.444
-0.32
-0.375
-0.726
-0.698
-0.691
-0.766
-0.521
-0.646
-0.598
-0.554
-0.626
-0.685
-0.345
-0.432
-0.294
-0.055
0.054
0.013
0.07
0.271
0.271
0.685
0.685
0.902
0.735
0.713
0.536
0.374
0.195
0.36
0.111
0.113
-0.092
-0.044
0.119
0.061
0.274
0.362
0.525
0.574
0.651
0.406
0.246
0.503
0.441
0.605
0.654
0.851
1.164
0.958
1.059
1.059
0.974
0.936
1.095
0.824
0.878
1.119
1.096
1.006
1.064
1.349
1.214
1.175
1.169
1.323
1.439
1.256
1.498
1.609
1.52
1.361
1.167
1.28
1.314
1.44
1.598
1.614
1.775
1.835
2.07
2.074
1.915
1.95
1.792
1.723
1.76
1.879
2.076
1.667
1.745
1.683
1.69
1.806
1.742
1.863
1.754
1.994
1.876
1.721
1.424
1.159
1.354
1.614
1.674
1.744
10.332
10.332
1.631
1.574
1.209
1.292
1.304
1.334
1.295
1.035
1.028
0.763
0.681
0.866
0.914
0.919
1.002
0.644
0.606
0.302
0.065
-0.188
-0.103
-0.312
-0.478
-0.129
-0.525
-0.79
-0.861
-0.833
-1.016
-1.194
-1.248
-1.048
-1.009
-1.038
-0.901
-0.743
-0.422
-0.386
-0.326
0.12
0.05
0.318
0.263
0.156
0.1
0.22
0.289
0.336
0.259
0.386
0.516
0.458
0.578
0.694
0.893
0.983
1.07
0.736
0.604
0.338
0.21
-0.021
-0.013
-0.029
-0.086
0.11
-0.005
-0.111
-0.049
-0.12
-0.233
-0.144
-0.115
-0.056
-0.286
-0.315
-0.45
-0.464
-0.615
-0.605
-0.705
-0.669
-0.755
-0.74
-0.71
-0.689
-0.765
-0.656
-0.75
-0.552
-0.496
-0.435
-0.376
-0.408
-0.451
-0.283
-0.185
-0.011
0.088
0.15
0.101
0.07
-0.116
-0.315
-0.013
0.122
0.266
0.424
0.379
0.4
0.43
0.427
0.328
0.274
0.364
0.215
0.259
0.12
0.005
-0.176
-0.122
-0.14
-0.128
0.034
-0.17
-0.411
-0.2
-0.339
-0.271
-0.143
-0.379
-0.278
-0.352
-0.689
-0.815
-0.805
-0.831
-0.896
-0.834
-0.844
-0.889
-0.869
-0.69
-0.713
-0.544
-0.274
-0.181
-0.069
0.041
-0.062
-0.11
-0.03
-0.11
-0.049
-0.247
-0.336
-0.435
-0.234
-0.174
0.036
0.024
-0.115
0.211
0.08
0.139
0.061
0.189
0.324
0.039
0.135
0.098
0.17
0.066
0.194
0.261
0.29
0.35
0.184
0.275
0.24
-0.216
-0.331
-0.525
-0.709
-0.893
-0.831
-0.804
-0.596
-0.586
-0.461
-0.331
-0.631
-0.782
-0.954
-1.1
-1.146
-1.056
-0.828
-0.993
-1.029
-1.231
-1.064
-1.127
-1.046
-1.095
-1.131
-1.153
-0.814
-0.899
-0.715
-1.141
-1.001
-1.061
-1.133
-1.274
-1.176
-1.198
-0.958
-0.917
-0.794
-0.723
-0.899
-0.874
-0.719
-0.89
-0.844
-0.705
-0.514
-0.621
-0.379
-0.659
-0.619
-0.766
-0.771
-0.571
-0.755
-0.565
-0.529
-0.534
-0.657
-0.586
-0.482
-0.391
-0.292
-0.255
-0.278
-0.077
-0.039
0.09
0.122
0.079
0.034
-0.081
-0.024
0.251
0.239
0.371
0.479
0.403
0.427
0.139
0.071
0.221
0.208
0.126
0.206
0.215
-0.024
-0.219
-0.206
-0.29
0.04
0.181
0.31
0.284
0.083
0.212
-0.014
-0.092
-0.025
-0.059
-0.31
-0.491
-0.624
-0.738
-0.545
-0.296
-0.359
-0.364
-0.35
-0.443
-0.66
-0.878
-0.781
-0.714
-0.585
-0.671
-0.64
-0.661
-0.676
-0.537
-0.662
-0.444
-0.422
-0.434
-0.646
-0.559
-0.486
-0.638
-0.471
-0.506
-0.341
-0.238
0.025
0.173
0.326
0.291
0.451
0.393
0.297
0.079
-0.036
-0.264
-0.376
-0.25
-0.193
-0.15
-0.016
-0.062
-0.088
-0.174
-0.155
0.019
0.061
0.209
0.085
-0.03
0.096
-0.181
-0.171
0.0
0.11
0.215
0.499
0.45
0.478
0.425
0.294
0.32
0.33
0.474
0.667
0.721
0.675
0.688
0.641
0.859
0.841
0.876
0.906
0.814
0.794
0.729
0.591
0.458
0.595
0.486
0.501
0.422
0.125
0.389
0.378
0.144
0.268
0.004
0.181
0.091
0.0
-0.129
-0.072
-0.194
-0.103
-0.228
-0.422
-0.295
-0.174
-0.026
-0.025
0.061
0.184
0.179
0.234
0.294
0.385
0.53
0.475
0.489
0.259
0.014
-0.088
-0.056
0.25
0.223
0.219
0.103
0.138
0.136
0.147
0.126
0.186
0.216
0.522
0.581
0.619
0.791
0.685
0.759
0.851
0.74
0.77
0.537
0.455
0.134
0.066
-0.028
-0.029
-0.04
-0.003
-0.077
0.106
0.224
0.253
0.367
0.309
0.59
0.484
0.688
0.542
0.64
0.56
0.789
0.806
0.978
1.126
1.116
1.174
1.302
1.42
1.356
1.495
1.466
1.5
1.324
1.119
1.326
1.323
1.387
1.359
1.311
1.366
0.951
0.76
0.608
0.652
0.703
0.849
0.971
1.054
1.046
1.0
0.968
0.935
0.922
1.339
1.288
1.389
1.498
1.556
1.375
1.561
1.552
1.453
1.474
1.673
1.57
1.651
1.683
1.571
1.624
1.421
1.326
1.209
1.179
1.114
1.206
1.22
1.265
1.21
1.395
1.275
1.46
1.336
1.554
1.097
1.126
0.869
0.672
0.821
0.811
0.734
0.983
0.96
1.101
1.024
0.9
0.845
0.65
0.69
0.519
0.481
0.65
0.492
0.521
0.499
0.378
-0.034
-0.024
0.026
-0.065
0.138
0.084
0.224
0.161
-0.025
0.03
0.286
0.629
0.699
0.526
0.675
0.62
0.771
0.716
0.656
0.869
0.849
0.794
1.006
0.688
0.514
0.497
0.225
0.182
0.4
0.4
0.57
0.459
0.043
-0.101
-0.305
-0.185
-0.024
-0.058
0.196
-0.151
-0.052
0.065
0.19
0.19
0.499
0.333
0.441
0.221
0.359
0.176
0.599
0.566
0.878
0.934
0.833
0.378
0.249
0.503
0.611
0.699
0.497
0.355
0.101
-0.139
0.174
-0.104
-0.246
-0.173
-0.474
-0.618
-0.561
-0.354
-0.238
-0.251
-0.559
-0.738
-0.797
-0.586
-0.415
-0.355
-0.011
-0.064
0.129
-0.226
-0.291
-0.011
0.031
0.198
0.104
0.251
0.271
0.445
0.259
0.225
0.11
0.324
0.57
0.571
0.456
0.046
-0.249
-0.359
-0.496
-0.427
-0.339
-0.295
-0.551
-0.721
-0.926
-1.103
-1.095
-1.163
-1.225
-1.357
-1.421
-1.51
-1.744
-1.768
-1.766
-1.851
-1.853
-1.875
-1.713
-1.606
-1.584
-1.636
-1.481
-1.149
-1.133
-0.805
-0.574
-0.665
-0.49
-0.446
-0.295
-0.091
0.034
0.158
0.361
0.596
0.624
0.786
1.018
1.167
1.093
1.091
0.838
0.81
0.922
0.318
0.534
0.547
0.42
0.586
0.301
0.215
0.246
0.306
0.27
0.499
0.499
0.291
-0.146
-0.531
-0.766
-0.876
-0.956
-1.009
-0.915
-1.123
-0.973
-1.285
-1.404
-1.356
-1.416
-1.042
-1.031
-1.084
-1.137
-1.066
-1.119
-0.968
-0.897
-0.799
-0.586
-0.494
-0.911
10.332
-0.927
-0.573
-0.611
-0.65
-0.654
-0.986
-1.101
-0.991
-0.809
-0.481
-0.174
-0.194
-0.031
-0.125
-4.938
-0.133
-0.145
0.233
0.208
0.396
0.146
0.326
0.39
0.236
0.055
0.013
0.056
0.186
0.141
0.234
0.206
0.13
0.12
0.056
0.029
0.02
-0.191
-0.205
-0.291
-0.535
-0.624
-0.366
-0.19
-0.058
0.071
0.256
0.075
0.24
0.229
0.224
0.151
0.034
-0.052
0.061
0.118
-0.015
0.056
0.163
0.126
0.062
0.268
-0.051
-0.107
-0.171
-0.186
-0.312
-0.163
-0.565
-1.528
-1.104
-1.206
-1.421
-1.244
-1.274
-1.33
-1.239
-1.137
-1.164
-0.98
-1.006
-0.991
-0.8
-0.481
-0.634
-0.641
-0.734
-0.6
-0.529
-0.425
-0.555
-0.349
-0.1
0.02
0.251
0.144
0.346
0.261
-0.039
-0.349
-0.256
-0.239
-0.224
0.139
0.324
0.256
0.239
0.143
0.133
0.096
-0.03
0.064
-0.215
-0.186
-0.356
-0.431
-0.953
-0.836
-0.927
-0.86
-0.836
-0.839
-0.839
-0.875
-0.959
-1.215
-1.285
-1.35
-1.215
-0.91
-0.871
-1.076
-1.312
-1.501
-1.595
-1.623
-1.685
-1.631
-1.353
-1.431
-1.458
-1.288
-1.088
-0.72
-0.58
-0.475
-0.381
-0.329
-0.289
0.024
0.115
0.241
0.348
0.419
0.458
0.725
0.624
0.565
0.398
0.116
0.051
0.256
0.083
0.175
0.329
0.289
0.268
0.005
-0.062
-0.086
-0.025
0.238
0.649
0.881
0.986
0.661
0.662
0.429
0.384
0.424
0.81
0.924
0.902
0.671
0.413
0.011
0.231
0.614
1.1
1.319
1.411
1.453
1.174
1.068
0.863
0.609
0.873
0.927
0.774
0.568
0.338
0.111
0.383
0.455
0.675
0.921
0.935
0.843
0.866
0.718
0.614
0.981
1.061
0.946
0.831
0.56
0.576
0.552
0.51
0.636
0.792
0.834
0.711
0.744
10.332
10.332
0.713
0.741
0.569
0.584
0.659
0.779
0.724
0.758
0.626
0.478
0.593
0.45
0.593
0.394
0.348
0.432
0.404
0.161
0.409
0.425
0.6
0.693
0.849
1.117
0.911
1.083
1.111
1.278
1.404
1.531
1.254
1.196
1.318
1.309
0.95
1.17
0.869
1.174
1.209
1.311
1.696
1.631
1.795
1.419
1.006
0.966
0.909
0.984
1.23
1.194
1.064
1.289
0.973
1.151
1.113
1.038
1.31
1.333
1.219
1.133
0.941
0.968
0.897
0.766
0.851
0.556
0.485
0.786
0.774
0.71
0.856
0.701
0.915
0.893
1.1
1.01
0.839
1.001
1.076
0.854
0.768
0.765
0.828
0.969
0.864
0.975
0.63
0.684
0.666
0.544
0.743
0.633
0.616
0.728
0.829
0.874
1.002
1.185
1.269
1.081
0.964
0.864
0.768
0.671
0.633
0.595
0.351
0.224
0.003
0.048
-0.219
-0.128
-0.04
0.072
0.138
0.33
0.588
0.556
0.73
0.616
0.595
0.492
0.421
0.254
0.505
0.214
0.129
0.236
0.152
0.266
0.025
0.154
0.22
0.066
-0.14
-0.022
-0.312
-0.135
-0.13
-0.139
-0.194
-0.141
-0.143
-0.131
-0.16
-0.198
-0.003
0.326
0.475
0.384
0.489
0.608
0.351
0.35
0.241
0.344
0.07
0.273
0.325
0.352
0.335
0.299
0.056
0.026
-0.124
-0.026
-0.152
-0.119
-0.219
-0.116
-0.247
-0.225
-0.24
-0.125
-0.168
-0.326
-0.315
-0.25
-0.307
-0.329
-0.478
-0.578
-0.552
-0.312
-0.826
-0.325
-0.728
-0.716
-0.72
-0.504
-0.425
-0.458
-0.547
-0.645
-0.719
-0.621
-0.735
-0.83
-0.664
-0.661
-0.638
-0.541
-0.585
-0.413
-0.584
-0.655
-0.781
-0.686
-0.79
-0.583
-0.524
-0.438
-0.169
-0.043
-0.155
-0.295
-0.394
-0.376
-0.071
0.019
0.234
0.246
0.16
0.101
-0.163
-0.168
-0.185
-0.379
-0.569
-0.598
-0.589
-0.275
-0.401
-0.395
-0.114
-0.215
-0.193
-0.03
-0.194
-0.443
-0.897
-1.144
-1.351
-1.279
-1.016
-1.025
-1.19
-1.13
-1.228
-1.444
-1.575
-1.255
-1.009
-1.114
-1.176
-1.475
-1.343
-1.459
-1.28
-1.167
-0.919
-0.897
-0.598
-0.346
-0.417
-0.534
-0.583
-0.521
-0.578
-0.721
-0.44
-0.448
-0.689
-0.694
-0.649
-0.801
-0.688
-0.642
-0.831
-0.927
-0.74
-0.886
-0.839
-0.711
-0.777
-0.791
-0.932
-0.924
-0.978
-0.995
-1.139
-1.018
-0.985
-0.956
-0.729
-0.775
-0.799
-0.519
-0.636
-0.76
-0.975
-0.726
-0.677
-0.665
-0.5
-0.494
-0.147
-0.221
-0.129
-0.025
-0.039
-0.091
0.034
-0.009
-0.163
-0.242
-0.084
-0.119
0.13
-0.069
-0.146
-0.061
-0.163
-0.084
-0.12
-0.182
-0.324
-0.497
-0.569
-0.802
-0.856
-0.76
-0.871
-0.726
-0.458
0.02
-0.185
-0.124
-0.16
-0.288
-0.188
-0.214
-0.3
-0.268
-0.164
-0.014
0.091
-0.107
-0.019
0.024
-0.021
0.188
0.464
0.601
0.664
0.876
0.971
0.46
0.355
0.244
0.133
0.369
0.708
0.824
0.991
0.843
0.79
0.52
0.469
0.295
0.35
0.11
-0.176
-0.258
-0.565
-0.688
-0.636
-0.628
-0.405
-0.25
-0.256
-0.223
-0.39
-0.5
-0.685
-0.568
-0.985
-0.726
-0.844
-0.635
-0.644
-0.82
-0.714
-0.823
-0.709
-0.585
-0.657
-0.566
-0.527
-0.438
-0.601
-0.486
-0.455
-0.366
-0.505
-0.456
-0.696
-0.616
-0.546
-0.456
-0.18
0.036
0.006
-0.019
0.396
0.413
0.446
0.463
0.445
0.524
0.395
0.654
0.561
0.672
0.763
0.893
1.09
1.019
1.22
0.889
0.604
0.72
0.741
0.694
0.769
1.074
0.938
0.978
0.954
0.971
0.801
0.861
0.985
0.756
0.606
0.591
0.728
0.665
0.459
0.278
0.323
0.411
0.416
0.269
0.494
0.409
0.635
0.759
0.756
0.763
0.709
0.686
0.631
0.531
0.491
0.56
0.685
0.741
0.846
0.812
0.532
0.394
0.427
0.444
0.511
0.586
0.691
0.655
0.681
0.388
0.344
0.346
0.355
0.719
0.424
0.805
0.616
0.944
1.117
0.993
0.879
1.054
1.008
0.985
1.219
1.268
0.939
1.01
0.941
-10.336
0.596
0.796
0.792
1.042
0.939
0.684
0.914
0.489
0.456
0.885
0.713
1.061
1.265
1.146
1.361
1.288
1.126
0.769
0.758
0.946
1.213
1.066
1.245
1.115
0.889
0.782
0.979
0.864
1.216
1.177
1.213
1.218
1.311
1.161
1.147
1.488
1.339
1.252
1.573
1.67
1.72
1.708
2.09
2.02
1.925
1.778
1.629
1.779
1.617
1.491
1.324
1.194
1.074
0.856
0.635
0.508
10.332
0.281
0.492
0.566
0.55
0.484
0.161
-0.022
0.214
0.159
0.521
0.364
0.22
0.064
0.044
-0.052
-0.133
-0.323
-0.276
-0.256
-0.269
-0.276
-0.349
-0.125
-0.255
-0.092
0.139
0.076
0.11
0.238
0.037
0.031
-0.006
0.061
0.029
-0.168
-0.336
-0.151
-0.228
-0.292
-0.158
-0.29
-0.384
-0.059
0.173
-0.08
-0.007
0.025
0.018
0.025
-0.094
-0.092
-0.244
-0.406
-0.364
-0.119
-0.231
-0.265
-0.179
-0.105
0.031
-0.013
0.265
0.289
-0.145
-0.191
-0.206
-0.083
-0.129
0.014
-0.035
-0.146
0.045
0.125
-0.211
0.07
0.083
0.115
-0.083
-0.065
-0.659
-0.71
-0.893
-0.71
-0.664
-0.551
-0.144
-0.17
-0.125
-0.312
-0.103
-0.181
-0.149
-0.224
-0.135
0.182
-0.125
0.034
0.125
-0.415
-0.411
-0.393
-0.634
-0.541
-0.216
-0.217
0.021
0.01
0.253
0.066
-0.085
0.194
0.233
0.251
0.16
-0.016
-0.103
-0.275
-0.499
-0.314
-0.345
-0.251
-0.071
-0.366
-0.733
-0.728
-0.896
-0.96
-1.213
-1.229
-1.545
-1.235
-1.318
-1.484
-1.27
-1.379
-1.25
-1.198
-1.549
-1.486
-1.584
-1.559
-1.48
-1.458
-1.532
-1.443
-1.33
-1.3
-1.274
-1.123
-1.329
-1.52
-1.598
-1.347
-1.309
-1.381
-1.41
-1.198
-0.855
-0.704
-0.348
-0.374
-0.122
-0.062
0.203
0.367
0.389
0.391
0.326
0.101
0.055
-0.134
-0.278
-0.211
-0.292
-0.188
-0.159
-0.035
-0.224
-0.007
-0.236
-0.383
-0.052
-0.104
-0.14
-0.177
-0.034
-0.044
-0.015
0.104
0.096
0.111
0.171
0.152
0.128
0.238
-0.04
-0.054
0.099
0.06
0.224
0.07
0.065
0.3
0.35
0.564
0.473
0.672
0.29
-0.019
-0.191
-0.242
-0.297
-0.215
-0.263
-0.455
-0.396
-0.403
-0.424
-0.606
-0.734
-0.994
-0.973
-0.771
-0.809
-0.911
-0.994
-1.028
-1.43
-1.206
-1.15
-1.089
-1.004
-0.768
-0.526
-0.508
-0.551
-0.804
-0.391
-0.453
-0.065
-0.144
0.037
0.094
0.061
0.181
0.006
0.061
0.044
0.16
0.36
0.286
0.074
-0.085
-0.039
0.085
0.138
0.345
0.584
0.3
0.374
0.189
0.071
-0.011
-0.221
-0.151
-0.138
-0.051
-0.101
-0.086
-0.166
-0.11
-0.104
-0.051
-0.08
-0.007
-0.022
-0.049
-0.01
0.134
-0.138
-0.115
-0.025
0.1
0.08
0.048
0.054
0.085
0.0
-0.174
-0.198
-0.077
-0.09
-0.399
-0.468
-0.449
-0.394
-0.36
-0.422
-0.288
-0.501
-0.478
-0.511
-0.456
-0.763
-0.693
-0.537
-0.385
-0.094
0.006
0.255
0.145
0.066
0.215
0.052
0.226
0.348
0.491
0.421
0.591
0.481
0.254
0.346
0.156
0.233
0.375
0.276
0.236
-0.006
-0.007
0.076
-0.118
-0.105
-0.095
-0.149
-0.072
-0.228
-0.441
-0.48
-0.312
-0.144
-0.081
0.12
-0.088
-0.129
-0.094
0.037
0.133
0.225
0.369
0.564
0.78
0.785
0.863
0.741
1.028
1.176
1.188
1.286
1.435
1.559
1.659
1.809
1.844
1.906
1.729
1.8
1.719
1.749
1.431
1.544
1.541
1.314
1.246
1.135
0.765
0.871
0.338
0.147
0.074
-0.121
0.059
-0.024
-0.107
-0.384
-0.474
-0.785
-0.9
-0.754
-10.336
-0.346
0.0
-0.155
0.035
-0.024
0.228
0.251
0.079
0.362
0.345
0.715
0.468
0.785
0.529
0.724
0.65
0.67
0.735
0.981
0.796
0.833
0.626
0.5
0.628
0.81
0.741
0.646
0.768
0.78
0.926
0.753
0.609
0.356
0.504
0.731
0.359
0.189
0.268
0.052
0.14
-0.077
0.015
0.049
-0.041
0.007
0.125
0.249
0.221
0.516
0.739
0.736
0.848
0.874
0.849
0.669
0.62
0.746
0.29
0.96
1.08
0.971
1.121
1.111
1.204
1.285
1.371
1.521
1.334
1.403
1.495
1.494
1.601
1.688
1.748
1.914
1.865
1.934
1.845
1.776
1.588
1.545
1.21
1.249
1.046
1.022
0.776
0.726
0.589
0.709
1.099
0.704
0.735
0.491
0.557
0.593
0.685
0.565
0.49
0.396
0.366
0.417
0.496
0.285
0.058
-0.037
-0.006
-0.118
-0.144
-0.554
-0.805
-0.865
-0.688
-0.63
-0.354
-0.13
-0.12
-0.088
-0.371
-0.489
-0.704
-0.665
-0.505
-0.403
-0.211
-0.054
-0.035
0.077
0.111
0.15
-0.249
-0.278
-0.345
-0.215
-0.17
0.039
0.064
0.279
0.156
0.07
-0.285
-0.647
-0.73
-0.809
-0.964
-0.729
-0.554
-0.679
-0.584
-0.549
-0.448
-0.359
-0.169
0.095
0.124
0.199
0.161
0.274
0.125
0.366
0.214
-0.009
-0.118
-0.029
-0.055
-0.005
0.177
0.173
0.266
0.064
0.013
-0.269
-0.077
-0.24
-0.092
-0.264
-0.316
-0.164
-0.266
-0.369
-0.235
-0.253
-0.341
-0.482
-0.779
-0.69
-0.74
-0.626
-0.5
-0.345
-0.098
-0.244
-0.389
-0.261
-0.264
-0.33
-0.312
-0.138
-0.219
-0.115
-0.184
-0.194
-0.249
-0.015
-0.19
-0.072
0.035
0.06
0.039
0.468
0.348
0.351
0.294
0.408
0.261
0.45
0.341
0.436
0.379
0.492
0.354
0.065
0.133
0.155
0.086
0.193
0.138
0.384
0.787
0.81
0.799
0.645
0.716
0.796
0.704
0.615
0.343
0.444
0.1
-0.001
0.019
-0.196
-0.164
-0.278
-0.236
-0.524
-0.634
-0.739
-0.926
-0.85
-0.816
-0.831
-0.836
-0.784
-0.846
-0.686
-0.596
-0.851
-0.951
-1.103
-1.201
-1.201
-1.278
-1.198
-1.4
-1.282
-1.279
-1.054
-1.068
-1.025
-1.155
-1.377
-1.65
-1.496
-1.34
-1.119
-0.916
-0.654
-0.726
-1.104
-1.058
-0.955
-1.119
-0.978
-0.902
-0.704
-0.466
-0.266
-0.586
-0.24
-0.069
-0.04
0.13
0.32
0.46
0.1
0.013
-0.352
-0.469
-0.383
-0.444
-0.234
-0.215
-0.169
-0.109
-0.159
-0.238
-0.315
-0.315
-0.554
-0.618
-0.88
-0.897
-0.955
-1.097
-0.756
-0.8
-0.769
-0.53
-0.603
-0.689
-0.583
-0.706
-0.59
-0.735
-0.811
-0.688
-0.541
-0.48
-0.359
-0.263
-0.264
-0.169
-0.146
-0.018
-0.115
-0.059
-0.291
-0.375
-0.596
-0.589
-0.576
-0.64
-0.721
-0.555
-0.512
-0.654
-0.749
-0.763
-0.758
-0.579
-0.801
-0.771
-0.751
-0.766
-0.831
-0.659
-0.454
-0.546
-0.292
-0.095
-0.28
-0.223
-0.208
-0.205
-0.094
0.154
0.186
0.165
0.329
0.461
0.652
0.789
0.859
0.961
1.03
1.116
1.271
1.401
1.328
1.356
1.084
1.1
1.144
1.296
1.198
1.139
1.039
1.006
0.896
1.015
1.021
1.024
1.105
1.07
1.069
0.781
0.591
0.479
0.226
0.131
0.058
0.111
0.001
-0.088
0.138
0.199
0.362
0.62
0.638
0.82
0.805
0.671
0.531
0.475
0.698
0.875
1.089
1.284
1.463
1.238
1.482
1.336
1.458
1.463
1.604
1.562
1.759
1.617
1.53
1.502
1.377
1.356
1.551
1.511
1.544
1.671
1.659
1.81
1.591
1.369
1.445
1.222
1.019
0.816
0.94
0.834
0.878
0.881
0.515
0.593
0.521
0.686
0.843
0.706
0.993
0.758
0.843
0.59
0.555
0.53
0.506
0.713
0.623
0.64
0.378
0.485
0.64
0.749
0.766
0.789
0.9
0.672
0.764
0.953
0.84
0.726
0.68
0.761
0.77
0.474
0.212
0.236
0.344
0.38
0.537
0.579
0.753
0.948
0.966
1.055
1.198
1.116
1.131
1.05
1.084
1.036
0.665
0.691
0.593
0.508
0.499
0.532
0.245
0.024
-0.088
-0.011
0.201
-0.126
-0.019
0.16
0.174
0.403
0.521
0.48
0.464
0.432
0.403
0.432
0.461
0.468
0.568
0.568
0.296
0.321
0.165
0.259
0.251
0.421
0.381
0.163
0.149
-0.029
-0.035
0.024
0.119
0.146
0.321
0.246
0.128
0.114
0.129
-0.168
-0.021
0.1
-0.025
-0.071
-0.235
-0.364
-0.326
-0.328
-0.205
-0.233
0.031
-0.055
-0.066
-0.305
-0.574
-0.404
-0.419
-0.599
-0.4
-0.559
-0.574
-0.63
-0.37
-0.605
-0.484
-0.343
-0.404
-0.133
-0.06
-0.135
0.031
0.055
0.035
0.318
0.35
0.451
0.265
-0.188
-0.421
-0.579
-0.427
-0.39
-0.244
0.116
0.07
0.2
0.416
0.774
0.836
0.515
0.47
0.095
0.234
-0.054
-0.28
-0.056
-0.107
0.088
0.131
0.233
0.422
0.531
0.542
0.351
0.338
0.212
0.161
-0.091
-0.158
-0.297
-0.58
-0.823
-0.666
-0.703
-0.708
-0.739
-0.562
-0.896
-0.708
-0.764
-0.775
-0.736
-0.669
-0.764
-1.011
-0.805
-0.909
-0.796
-0.551
-0.408
-0.152
-0.239
-0.316
-0.494
-0.66
-0.815
-0.786
-0.919
-0.694
-0.705
-0.514
-0.745
-0.545
-0.506
-0.499
-0.535
-0.324
-0.384
-0.143
-0.555
-0.256
-0.383
-0.485
-0.772
-0.586
-0.535
-0.404
-0.147
-0.161
-0.403
-0.395
-0.46
-0.23
-0.374
-0.619
-0.657
-0.713
-0.81
-0.66
-0.524
-0.348
-0.04
-0.301
-0.247
-0.176
-0.109
-0.088
0.059
-0.05
-0.203
-0.369
-0.445
-0.839
-0.792
-0.489
-0.432
-0.357
-0.031
-0.135
-0.221
-0.268
-0.3
-0.104
-0.059
-0.088
0.006
-0.061
-0.144
-0.014
-0.058
0.083
-0.07
0.033
0.051
-0.115
-0.039
-0.23
0.098
0.228
0.138
0.072
-0.01
0.021
0.001
-0.151
-0.367
-0.325
-0.326
-0.034
0.133
0.105
0.145
0.105
0.028
-0.12
-0.052
-0.35
-0.336
-0.295
-0.399
-0.296
-0.445
-0.301
-0.421
-0.495
-0.263
-0.443
-0.609
-0.511
-0.657
-0.649
-0.689
-0.82
-0.719
-0.973
-0.743
-0.794
-0.961
-0.856
-0.929
-0.904
-0.819
-1.058
-1.07
-1.309
-1.381
-1.036
-0.924
-1.049
-1.009
-0.948
-1.034
-0.859
-0.674
-0.825
-0.608
-0.362
-0.341
-0.244
-0.186
-0.266
-0.129
-0.486
-0.443
-0.562
-0.652
-0.581
-0.419
-0.468
-0.425
-0.3
-0.346
-0.186
-0.228
-0.043
0.238
0.184
0.362
0.371
0.186
0.091
0.189
0.106
0.302
0.156
0.041
0.286
0.138
0.217
0.175
-0.028
0.094
0.304
0.155
0.16
0.166
0.049
-0.016
0.208
0.198
0.465
0.194
0.235
0.426
0.537
0.638
0.782
1.179
1.214
1.387
1.312
1.218
1.145
1.136
1.164
1.351
1.505
1.551
1.296
1.056
0.938
0.772
0.917
0.693
0.444
0.352
0.206
0.299
0.465
0.349
0.249
0.086
-0.126
-0.284
-0.191
-0.066
0.077
0.206
0.246
0.427
0.316
0.41
0.449
0.36
0.531
0.785
0.754
1.083
1.219
1.262
1.339
1.224
1.299
1.565
1.854
1.884
1.985
1.815
1.907
1.556
1.528
1.83
1.87
1.923
1.951
1.874
2.024
1.956
2.022
1.944
1.931
1.895
1.463
1.254
1.105
1.046
0.594
0.677
0.916
0.495
0.492
0.305
0.099
0.129
-0.089
-0.109
0.03
-0.065
-0.348
-0.624
-0.682
-0.835
-0.709
-0.672
-0.474
-0.25
-0.273
-0.16
-0.199
-0.083
-0.255
-0.233
-0.411
-0.316
-0.424
-0.319
-0.029
-0.241
-0.319
-0.147
-0.03
-0.084
-0.019
0.274
0.265
0.335
0.405
0.427
0.54
0.39
0.42
0.449
0.404
0.424
0.57
0.484
0.479
0.559
0.669
0.583
0.328
0.521
0.343
0.724
0.628
0.696
0.664
0.686
0.728
0.705
0.764
0.511
0.274
0.147
-0.251
-0.186
-0.118
-0.284
-0.163
-0.128
-0.314
-0.274
0.231
0.236
0.491
0.416
0.583
0.771
0.594
0.895
0.902
1.165
1.073
0.891
0.804
0.589
0.745
0.991
0.989
0.91
0.914
0.899
0.713
0.706
0.794
0.531
0.37
0.473
0.741
0.469
0.32
0.075
-0.109
-0.021
-0.031
0.029
-0.219
-0.378
-0.269
-0.499
-0.576
-0.374
-0.51
-0.509
-0.706
-0.998
-0.714
-0.878
-0.625
-0.512
-0.405
-0.524
-0.404
-0.579
-0.729
-0.706
-0.552
-0.41
-0.379
-0.624
-0.686
-0.547
-0.951
-0.76
-0.628
-0.641
-0.734
-0.8
-1.032
-0.971
-0.965
-0.899
-0.759
-0.66
-0.761
-0.804
-0.932
-1.141
-0.924
-0.955
-0.904
-0.959
-1.171
-0.98
-1.104
-0.981
-0.905
-0.657
-0.724
-0.932
-0.814
-1.068
-1.113
-1.014
-0.955
-0.98
-0.853
-0.854
-0.609
-0.571
-0.744
-0.776
-0.973
-0.861
-0.677
-0.564
-0.564
-0.674
-0.631
-0.581
-0.456
-0.24
-0.357
-0.234
-0.338
-0.22
-0.05
0.065
0.265
0.568
0.371
0.269
0.039
0.244
0.344
0.385
0.564
0.591
0.69
0.721
0.657
0.71
0.755
0.379
0.319
0.1
0.037
-0.115
-0.24
-0.384
-0.519
0.013
-0.103
-0.089
-0.165
-0.326
-0.119
-0.645
-0.677
-0.651
-0.812
-0.88
-1.206
-1.193
-1.213
-1.058
-1.104
-0.855
-0.8
-0.763
-0.388
-0.42
-0.255
-0.185
-0.084
-0.049
0.206
0.239
0.143
0.421
0.547
0.318
0.415
0.641
0.729
0.529
0.121
-0.106
-0.021
0.17
0.133
0.328
0.519
0.164
0.071
-0.14
-0.02
0.034
0.385
0.145
0.147
0.21
0.103
0.14
0.316
0.352
0.471
0.574
0.465
0.195
0.013
-0.121
-0.064
0.041
0.198
0.231
0.115
0.131
-0.251
-0.318
-0.496
-0.611
-0.557
-0.595
-0.549
-0.62
-0.62
-0.771
-0.534
-0.509
-0.365
-0.297
