0.341
0.444
0.417
0.609
0.741
0.608
0.693
0.733
0.777
0.965
1.038
1.325
1.403
1.411
1.562
1.844
1.555
1.588
1.623
1.453
1.295
0.965
1.006
1.11
1.133
1.284
1.453
1.282
1.63
1.613
1.495
1.627
1.549
1.591
1.798
1.647
1.74
1.667
1.775
1.965
1.754
1.736
1.899
1.95
2.011
2.009
2.041
2.001
2.104
1.955
2.249
2.118
2.269
2.201
2.085
2.135
1.895
1.974
1.545
1.759
1.464
1.469
1.321
1.203
1.196
1.193
1.147
1.164
1.346
1.177
1.387
1.268
1.056
1.226
1.183
0.964
0.771
0.751
0.863
0.811
0.9
1.331
1.201
1.246
1.636
1.43
1.532
1.586
1.434
1.634
1.484
1.421
1.48
1.376
1.173
1.144
1.436
1.395
1.343
1.196
1.13
1.203
1.104
1.094
1.07
1.194
1.019
0.971
0.733
0.521
0.426
0.296
0.261
0.201
-0.083
-0.26
-0.244
-0.395
-0.307
-0.371
-0.341
-0.497
-0.485
-0.355
-0.221
-0.016
0.1
0.01
0.024
0.131
0.061
0.025
0.173
0.408
0.544
0.244
0.365
0.51
0.521
0.774
0.714
0.626
0.435
0.323
0.323
0.289
0.276
0.299
0.432
0.5
0.319
0.482
0.311
0.388
0.27
0.135
0.156
0.194
-0.044
-0.161
-0.242
-0.475
-0.688
-0.888
-0.979
-1.153
-1.011
-0.804
-0.845
-0.897
-1.008
-1.019
-1.184
-1.151
-0.921
-0.968
-0.926
-0.696
-0.759
-1.131
-1.211
-1.384
-1.558
-1.478
-1.542
-1.542
-1.865
-1.867
-1.764
-1.755
-1.848
-1.845
-1.79
-1.889
-1.716
-1.615
-1.443
-1.344
-1.141
-1.199
-1.264
-0.936
-1.041
-0.756
-0.616
-0.775
-0.819
-0.669
-0.906
-0.789
-0.584
-0.405
-0.242
-0.115
-0.119
-0.156
0.019
0.276
0.099
0.185
0.058
0.126
0.12
0.281
0.331
0.236
0.281
0.451
0.32
0.186
0.25
0.022
0.114
0.124
-0.031
-0.299
-0.42
-0.354
-0.223
-0.206
-0.302
-0.362
-0.492
-0.65
-0.794
-0.85
-0.963
-1.254
-1.001
-0.99
-1.074
-0.911
-0.796
-0.926
-0.959
-0.938
-0.941
-0.81
-0.868
-0.713
-0.971
-1.185
-1.127
-0.996
-0.922
-1.075
-1.055
-1.12
-1.096
-0.906
-1.2
-1.058
-0.82
-0.777
-0.739
-0.634
-0.635
-0.578
-0.638
-0.576
-0.609
-0.596
-0.729
-0.785
-0.75
-1.026
-0.99
-0.901
-1.239
-1.069
-0.68
-0.745
-0.657
-0.779
-0.516
-0.76
-0.508
-0.62
-0.573
-0.576
-0.56
-0.393
-0.283
-0.133
-0.251
-0.25
-0.289
-0.199
-0.23
-0.166
-0.143
-0.036
-0.104
-0.144
-0.271
-0.355
-0.492
-0.657
-0.693
-0.675
-0.409
-0.224
-0.294
-0.126
-0.265
-0.043
-0.08
0.249
0.212
0.573
0.461
0.534
0.807
0.569
0.902
0.716
0.739
0.996
0.961
0.974
1.03
0.907
1.014
0.814
0.876
0.756
0.838
0.781
0.769
0.545
0.527
0.356
0.301
0.161
-0.208
-0.379
-0.471
-0.619
-0.661
-0.581
-0.595
-0.545
-0.511
-0.499
-0.384
-0.324
-0.085
-0.124
0.075
0.193
0.259
0.198
0.223
0.522
0.305
0.151
0.131
0.205
0.225
-0.141
-0.121
-0.255
-0.356
-0.297
-0.034
-0.235
-0.12
-0.131
-0.049
-0.069
-0.253
-0.26
-0.324
-0.27
-0.274
-0.365
-0.348
-0.236
-0.404
-0.198
-0.291
-0.514
-0.321
-0.24
-0.338
-0.593
-0.361
-0.478
-0.165
0.101
0.104
0.26
0.118
0.375
0.122
0.173
0.229
0.249
0.251
0.049
0.128
0.028
0.188
0.315
0.362
0.324
0.198
0.306
0.229
0.254
0.378
0.624
0.489
0.705
0.497
0.385
0.189
0.24
0.146
0.074
0.035
0.031
0.234
0.152
0.238
0.217
0.159
0.189
0.065
0.223
0.246
0.314
0.463
0.321
-0.029
-0.043
-0.105
-0.25
-0.393
-0.536
-0.468
-0.246
0.092
0.4
0.591
0.492
0.374
0.279
0.069
-0.134
0.095
0.179
0.296
0.096
0.136
0.039
-0.17
-0.366
-0.448
-0.506
-0.294
-0.29
-0.291
-0.205
-0.035
-0.113
-0.383
-0.17
-0.329
-0.19
-0.325
-0.343
-0.464
-0.255
-0.29
-0.06
0.221
0.266
0.365
0.456
0.254
0.255
0.259
0.241
0.055
0.138
0.028
0.147
0.089
0.081
0.072
0.095
0.258
0.219
0.357
0.3
0.088
0.124
-0.054
-0.113
0.079
0.169
0.02
0.134
0.138
0.18
0.221
0.155
0.185
0.113
0.188
0.115
0.249
0.281
0.253
0.19
0.006
0.043
0.19
0.015
-0.158
-0.67
-0.688
-0.753
-0.621
-0.65
-0.609
-0.654
-0.631
-0.566
-0.534
-0.371
-0.245
-0.147
-0.215
-0.039
0.001
0.096
0.2
0.312
0.188
0.323
0.473
0.389
0.209
0.275
0.18
0.414
0.329
0.359
0.384
0.395
0.51
0.588
0.564
0.66
0.69
0.625
0.6
0.514
0.576
0.62
0.38
0.432
0.436
0.286
0.125
0.134
0.158
-0.018
0.035
-0.044
0.036
-0.104
-0.238
-0.356
-0.443
-0.5
-0.338
-0.339
-0.514
-0.749
-0.806
-0.811
-0.921
-0.955
-0.825
-0.907
-0.785
-0.723
-0.801
-0.719
-0.614
-0.491
-0.499
-0.341
-0.362
-0.4
-0.618
-0.731
-0.694
-0.694
-0.51
-0.519
-0.584
-0.699
-0.46
-0.251
-0.099
-0.074
0.19
0.206
0.289
0.355
0.405
-0.004
-0.061
0.225
0.134
0.309
0.315
0.378
0.46
0.506
0.299
0.393
0.336
0.324
0.351
0.356
0.291
0.284
0.356
0.503
0.499
0.349
0.771
0.746
0.53
0.843
0.777
0.413
0.564
0.328
0.099
0.235
0.186
0.21
0.348
0.344
0.367
0.408
0.246
0.439
0.408
0.619
0.495
0.432
0.593
0.534
0.688
0.73
0.459
0.401
0.581
0.435
0.445
0.649
0.569
0.302
-0.001
-0.1
0.079
-0.031
0.136
0.136
0.044
0.281
0.44
0.429
0.419
0.445
0.537
0.806
0.652
0.772
0.869
0.739
0.855
0.826
0.541
1.068
1.194
1.088
1.272
1.532
1.593
1.701
1.526
1.465
1.459
1.417
1.255
1.261
1.409
1.568
1.706
1.875
1.776
1.665
1.624
1.471
1.544
1.714
1.485
1.284
1.315
1.209
1.147
1.225
0.968
1.076
1.2
1.006
0.899
0.836
0.725
0.839
0.921
0.645
0.464
0.669
0.482
0.694
0.814
0.855
0.746
0.991
0.941
0.805
0.588
0.413
0.741
0.735
0.669
0.66
0.571
0.545
0.58
0.431
0.56
0.863
0.975
1.14
1.385
1.534
1.498
1.353
1.403
1.175
0.995
0.939
0.818
0.92
1.28
1.17
1.116
1.002
0.863
0.547
10.332
10.332
10.332
0.46
0.12
0.009
0.052
0.089
0.16
-0.014
-0.005
0.058
-0.052
-0.163
-0.182
-0.231
-0.31
-0.291
-0.316
-0.46
-0.492
-0.524
-0.506
-0.391
-0.4
-0.43
-0.328
-0.13
-0.07
-0.06
-0.088
0.166
-0.101
-0.25
-0.36
-0.33
-0.325
-0.421
-0.475
-0.517
-0.478
-0.479
-0.574
-0.21
-0.446
-0.645
-0.636
-0.654
-0.656
-0.865
-0.836
-0.792
-0.871
-0.657
-0.591
-0.416
-0.247
-0.004
0.119
-0.071
-0.121
-0.035
0.253
0.247
0.525
0.49
0.552
0.517
0.651
0.67
0.831
0.815
1.028
0.922
0.779
0.496
0.343
0.206
0.304
0.478
0.244
0.164
-0.105
0.085
0.025
-0.022
-0.007
0.0
-0.229
-0.458
-0.479
-0.478
-0.534
-0.305
-0.109
-0.066
-0.195
-0.195
-0.496
-0.362
-0.455
-0.605
-0.517
-0.878
-0.926
-0.812
-0.85
-0.751
-0.61
-0.833
-0.698
-0.694
-0.545
-0.501
-0.544
-0.517
-0.366
-0.471
-0.556
-0.689
-0.621
10.332
-0.258
-0.479
-0.492
-0.438
-0.294
-0.393
-0.189
-0.16
0.04
0.141
0.026
-0.224
-0.47
-0.557
-0.704
-0.814
-0.922
-0.855
-0.916
-0.998
-0.883
-1.029
-1.089
-1.19
-1.449
-1.676
-1.703
-1.754
-1.854
-1.81
-1.671
-1.72
-1.673
-1.68
-1.818
-1.644
-1.37
-1.413
-1.022
-0.859
-1.041
-0.749
-0.768
-0.605
-0.536
-0.586
-0.326
-0.415
-0.398
-0.419
-0.176
-0.186
-0.159
0.124
0.193
0.26
0.559
0.398
0.333
0.646
0.463
0.364
0.413
0.352
0.417
0.14
0.128
-0.105
-0.088
-0.165
-0.539
-0.629
-0.26
-0.26
-0.061
-0.14
-0.111
-0.274
-0.328
-0.307
-0.177
-0.158
-0.104
-0.003
-0.026
0.265
0.094
-0.004
-0.238
-0.169
0.19
0.145
0.179
0.408
0.434
0.475
0.029
0.115
0.005
-0.411
-0.424
-0.18
-0.398
-0.171
-0.269
-0.311
-0.354
-0.36
-0.242
-0.254
-0.335
-0.265
-0.413
-0.306
0.007
-0.199
0.014
-0.254
0.054
-0.14
-0.18
-0.03
0.083
0.014
-0.126
0.015
0.043
-0.179
-0.143
0.022
-0.043
-0.165
-0.099
-0.155
-0.125
-0.226
-0.309
-0.333
-0.451
-0.281
-0.113
-0.186
-0.206
-0.408
-0.374
-0.454
-0.551
-0.655
-0.481
-0.49
-0.436
-0.346
-0.255
-0.381
-0.242
-0.22
-0.249
-0.23
-0.27
-0.113
-0.199
-0.258
-0.264
-0.361
-0.149
-0.304
-0.265
-0.331
-0.152
-0.284
-0.281
-0.316
-0.145
-0.593
-0.625
-0.609
-0.679
-0.756
-0.721
-0.853
-0.91
-0.704
-0.654
-0.546
-0.495
-0.443
-0.526
-0.403
-0.422
-0.24
-0.17
-0.233
-0.271
-0.39
-0.281
-0.077
0.233
0.208
0.425
0.566
0.508
0.556
0.54
0.615
0.63
0.689
0.515
0.584
0.699
0.818
0.739
0.758
0.526
0.541
0.411
0.371
0.436
0.446
0.431
0.524
0.32
0.089
-0.086
-0.307
-0.362
-0.48
-0.49
-0.583
-0.626
-0.766
-0.753
-0.696
-0.631
-0.721
-0.489
-0.583
-0.479
-0.482
-0.263
-0.171
-0.245
-0.164
-0.018
-0.084
-0.152
-0.006
-0.107
-0.103
-0.195
-0.196
-0.118
-0.165
-0.173
-0.145
-0.169
-0.035
-0.1
0.104
0.062
0.014
0.079
-0.072
-0.092
-0.045
-0.171
-0.056
-0.01
0.024
0.064
0.085
-0.036
-0.045
-0.239
-0.449
-0.526
-0.655
-0.535
-0.38
-0.338
-0.223
-0.056
0.0
-0.07
0.005
-0.309
-0.159
-0.47
-0.294
-0.103
0.037
0.329
0.036
0.128
-0.029
-0.099
0.25
0.295
0.522
0.487
0.45
0.432
0.104
0.138
0.104
0.339
0.35
0.473
0.396
0.4
0.268
0.259
0.296
0.305
0.179
0.131
0.219
0.311
0.235
0.404
0.35
0.501
0.517
0.614
0.396
0.421
0.175
0.362
0.421
0.588
0.525
0.69
0.641
0.535
0.53
0.524
0.557
0.43
0.294
0.177
0.119
0.071
-0.022
-0.007
0.04
0.105
0.076
-0.052
0.024
0.094
0.261
0.103
0.275
0.206
0.225
0.603
0.526
0.554
0.479
0.44
0.652
0.65
0.721
0.688
0.596
0.618
0.434
0.354
0.379
0.532
0.63
0.487
0.641
0.635
0.314
0.354
0.1
0.319
0.099
-0.171
-0.098
-0.259
-0.058
-0.041
-0.013
0.083
-0.009
0.031
0.196
0.12
0.372
0.24
0.39
0.333
0.376
0.481
0.59
0.579
0.503
0.455
0.589
0.646
0.461
0.578
0.439
0.28
0.349
0.422
0.379
0.564
0.635
0.843
0.761
0.886
1.169
1.2
1.354
1.214
1.374
1.401
1.23
1.065
0.914
1.21
1.163
1.264
1.308
1.379
1.606
1.59
1.498
1.489
1.19
1.284
1.245
1.371
1.551
1.385
1.532
1.195
1.191
1.232
1.239
0.995
1.074
0.914
0.866
0.873
0.694
0.719
0.929
0.868
1.022
1.032
0.965
0.81
0.93
0.825
0.661
0.805
0.899
0.782
0.869
1.079
1.21
1.339
1.386
1.299
1.459
1.424
1.335
1.319
1.439
1.321
1.161
1.295
1.228
1.196
1.395
1.377
1.865
1.883
1.916
2.011
1.708
1.684
1.444
1.492
1.691
1.639
1.848
1.761
1.769
1.796
1.52
1.49
1.482
1.221
1.141
0.953
0.843
0.328
0.085
-0.074
-0.191
-0.186
-0.062
-0.076
-0.1
-0.184
-0.072
-0.225
-0.011
-0.072
-0.124
0.074
0.035
-0.169
-0.103
0.103
0.163
0.0
0.11
-0.001
-0.03
-0.077
-0.04
0.113
-0.059
-0.046
-0.034
-0.001
0.079
-0.034
-0.138
-0.044
-0.236
-0.288
-0.529
-0.849
-1.153
-1.1
-1.044
-0.975
-1.103
-1.13
-1.084
-1.219
-1.035
-1.396
-1.196
-1.129
-1.183
-1.421
-1.26
-1.191
-1.13
-1.153
-1.103
-1.044
-0.864
-0.743
-0.705
-0.964
-0.779
-0.924
-0.779
-1.117
-1.137
-1.203
-1.198
-1.166
-1.246
-0.927
-1.127
-0.88
-0.863
-0.821
-0.809
-0.758
-0.728
-0.782
-0.603
-0.651
-0.524
-0.48
-0.521
-0.346
-0.168
-0.372
-0.427
-0.44
-0.321
-0.194
-0.169
0.071
0.138
0.306
0.448
0.205
0.468
0.48
0.603
0.526
0.466
0.646
0.645
0.51
0.545
0.522
0.642
0.619
0.594
0.657
0.535
0.211
0.179
-0.115
-0.091
-0.186
-0.223
-0.216
-0.278
-0.343
-0.695
-0.621
-0.885
-1.086
-1.127
-1.155
-1.117
-1.241
-1.185
-1.083
-1.103
-1.134
-1.308
-1.211
-1.214
-1.238
-1.195
-1.144
-1.032
-1.129
-1.356
-1.496
-1.353
-1.292
-1.296
-1.021
-0.895
-0.96
-0.824
-0.81
-0.905
-0.795
-0.718
-0.334
-0.532
-0.478
-0.426
-0.494
-0.366
-0.339
-0.348
-0.311
-0.306
-0.147
-0.441
-0.284
-0.33
-0.422
-0.31
-0.071
-0.246
-0.147
-0.209
-0.025
-0.2
-0.072
-0.05
-0.176
-0.231
-0.226
-0.409
-0.557
-0.65
-0.881
-0.647
-0.979
-1.048
-0.998
-1.074
-0.901
-0.78
-0.902
-0.594
-0.542
-0.611
-0.529
-0.517
-0.504
-0.323
-0.522
-0.391
-0.301
-0.01
0.175
0.432
0.549
0.463
0.263
0.198
0.284
0.244
0.186
0.285
0.258
0.271
0.219
0.083
0.019
0.15
0.2
-0.086
-0.071
-0.171
-0.381
-0.473
-0.316
-0.251
-0.184
-0.338
-0.326
-0.367
-0.301
-0.231
-0.323
-0.4
-0.25
-0.104
-0.041
-0.225
-0.109
-0.189
-0.058
-0.221
-0.138
0.022
0.09
0.035
-0.094
-0.018
0.055
0.044
0.219
0.2
0.409
0.496
0.743
0.688
0.699
0.61
0.616
0.655
0.623
0.505
0.201
0.279
0.323
0.156
0.125
0.16
0.27
0.055
0.177
0.164
0.214
0.201
0.335
0.419
0.314
0.333
0.304
0.124
0.224
0.256
0.173
0.195
0.593
0.432
0.46
0.419
0.175
0.205
0.07
0.139
0.12
0.043
-0.06
-0.083
-0.07
-0.111
-0.045
0.096
0.501
0.495
0.526
0.569
0.559
0.672
0.635
0.415
0.163
0.156
0.061
-0.028
-0.05
0.081
-0.025
-0.009
-0.031
0.006
-0.066
-0.179
-0.062
-0.084
0.049
-0.01
-0.295
-0.291
-0.264
-0.049
0.234
0.534
0.73
0.676
0.802
1.15
1.127
1.093
1.03
0.909
0.78
0.731
0.614
0.514
0.384
0.37
0.628
0.666
0.758
0.383
0.537
0.67
0.609
0.807
0.408
0.251
0.059
-0.11
-0.31
-0.324
-0.384
-0.745
-0.552
-0.655
-0.796
-0.871
-0.799
-0.919
-1.088
-1.065
-1.054
-1.105
-1.09
-1.049
-0.864
-0.667
-0.634
-0.743
-0.713
-0.677
-0.576
-0.549
-0.329
-0.312
-0.288
-0.16
-0.125
-0.191
0.11
0.233
0.375
0.346
0.664
0.886
0.714
0.596
0.779
0.68
0.89
0.863
0.765
0.736
0.745
0.71
0.699
0.652
0.755
0.735
0.777
0.704
0.618
0.685
0.845
0.435
0.094
0.217
0.169
0.163
0.045
-0.079
-0.145
-0.466
-0.149
-0.388
-0.454
-0.55
-0.515
-0.394
-0.484
-0.354
-0.536
-0.542
-0.6
-0.411
-0.404
-0.369
-0.166
0.055
0.223
0.284
0.16
0.247
0.169
0.185
0.205
0.118
0.084
0.221
0.264
0.283
0.209
0.221
0.147
0.074
0.036
0.064
0.055
0.049
0.138
0.021
-0.266
-0.235
-0.316
-0.409
-0.254
-0.369
-0.326
-0.254
-0.408
-0.471
-0.36
-0.422
-0.231
-0.217
-0.146
-0.279
-0.391
-0.432
-0.391
-0.29
-0.273
-0.044
0.051
-0.003
0.116
0.135
0.292
0.441
0.6
0.681
1.141
1.12
0.931
0.849
1.169
1.126
1.292
1.405
1.356
1.281
1.214
1.137
1.282
1.274
1.298
1.505
1.598
1.39
1.189
1.239
1.03
1.219
1.251
1.248
1.059
1.095
1.0
0.912
1.028
1.164
1.272
1.049
0.964
1.005
0.927
0.99
0.966
1.095
1.225
1.318
1.216
1.226
1.056
1.022
0.851
0.917
1.07
1.268
0.914
1.084
0.989
1.252
1.211
1.284
1.21
1.211
1.188
1.319
1.248
1.248
1.271
1.255
1.216
1.165
1.265
1.229
1.214
1.361
1.405
1.434
1.606
1.554
1.686
1.514
1.677
1.657
1.522
1.509
1.302
1.375
1.52
1.23
1.295
1.359
1.393
1.165
0.744
0.589
0.448
0.21
-0.208
-0.194
-0.649
-0.61
-0.654
-0.744
-0.876
-0.669
-0.75
-0.734
-0.569
-0.618
-0.865
-0.781
-0.531
-0.564
-0.595
-0.72
-0.777
-0.571
-0.616
-0.77
-0.505
-0.253
-0.151
0.071
0.184
0.175
0.288
0.177
0.203
0.325
0.269
0.309
0.439
0.354
0.501
0.446
0.485
0.348
0.401
0.416
0.184
0.069
0.32
0.075
0.234
0.451
0.508
0.42
0.319
0.411
-10.336
0.581
0.289
0.344
0.393
0.35
0.435
0.046
0.049
-0.024
-0.01
0.099
0.209
0.018
-0.309
-0.504
-0.61
-0.578
-0.278
-0.098
-0.019
-0.065
-0.16
-0.226
-0.171
-0.251
-0.562
-0.379
-0.372
-0.254
-0.163
-0.326
-0.324
-0.416
-0.496
-0.326
-0.455
-0.434
-0.111
-0.365
-0.552
-0.292
-0.362
-0.184
-0.18
-0.177
-0.435
-0.435
-0.642
-0.616
-0.519
-0.554
-0.302
-0.285
-0.13
-0.31
-0.389
-0.429
-0.084
0.035
-0.165
0.096
-0.035
0.014
-0.201
-0.338
-0.247
-0.128
-0.288
0.609
-0.302
-0.245
-0.261
-0.226
-0.275
-0.23
-0.193
-0.185
-0.235
-0.321
-0.598
-0.677
-0.885
-1.167
-1.106
-1.07
-1.194
-1.104
-1.169
-1.059
-1.1
-1.167
-1.222
-1.213
-1.389
-1.623
-1.35
-1.236
-1.153
-1.048
-0.893
-0.909
-0.777
-0.954
-0.734
-0.901
-0.969
-1.024
-0.979
-0.869
-0.746
-0.743
-0.859
-0.891
-0.888
-0.914
-0.789
-0.766
-0.461
-0.376
-0.492
-0.478
-0.45
-0.32
-0.275
-0.098
-0.113
-0.094
-0.205
-0.173
-0.141
-0.325
-0.236
-0.297
-0.015
0.049
-0.114
0.021
0.095
-0.198
-0.45
-0.497
-0.458
-0.491
-0.356
-0.29
-0.67
-0.414
-0.17
-0.02
0.025
-0.234
-0.669
-0.662
-0.531
-0.417
-0.339
-0.323
-0.345
-0.574
0.114
0.26
0.435
0.628
0.699
0.864
0.606
0.491
0.473
0.482
0.485
0.328
0.471
0.56
0.744
0.57
0.57
0.634
0.633
0.601
0.715
0.669
0.496
0.362
0.229
0.369
0.051
0.039
0.352
0.184
0.105
0.013
-0.033
-0.383
-0.255
0.062
0.013
-0.076
0.126
0.011
-5.394
-0.166
0.122
0.253
0.17
0.261
0.525
0.44
0.329
-0.029
-0.04
-0.559
-0.557
-0.802
-0.741
-0.629
-0.626
-0.481
-0.393
-0.401
-0.32
-0.575
-0.636
-0.326
-0.289
-0.401
-0.171
-0.354
-0.231
-0.296
-0.314
-0.341
-0.309
-0.33
-0.384
-0.321
-0.396
-0.079
0.046
-0.195
-0.173
-0.318
-0.305
-0.31
-0.561
-0.606
-0.764
-0.901
-0.761
-0.676
-0.291
-0.299
-0.261
-0.352
-0.2
-0.128
-0.184
-0.026
0.048
0.045
-0.064
0.152
-0.001
-0.114
0.094
0.18
-0.194
-0.166
-0.404
-0.388
-0.034
0.152
0.291
0.318
0.385
0.296
0.199
0.311
0.386
0.111
0.212
0.231
-0.069
0.273
0.376
0.42
0.345
0.42
0.495
0.449
0.335
0.338
0.164
0.026
-0.188
-0.139
-0.188
-0.209
-0.255
-0.041
-0.066
-0.034
-0.216
-0.448
-0.3
-0.212
-0.24
0.124
0.255
0.215
0.049
-0.011
-0.06
-0.109
-0.365
-0.319
-0.37
-0.319
-0.481
-0.584
-0.61
-0.728
-0.652
-0.588
-0.638
-0.499
-0.52
-0.525
-0.408
-0.354
-0.224
-0.105
-0.25
-0.133
-0.228
-0.306
-0.336
-0.492
-0.455
-0.522
-0.436
-0.459
-0.376
-0.529
-0.588
-0.664
-0.551
-0.554
-0.575
-0.43
-0.379
-0.338
-0.221
-0.233
-0.174
-0.025
0.066
-0.171
-0.312
-0.152
0.035
0.133
0.264
0.329
0.43
0.503
0.478
0.649
0.734
0.864
0.931
0.95
1.049
1.085
1.074
1.12
0.828
0.981
0.861
0.774
0.94
0.772
0.728
0.669
0.667
0.614
0.519
0.456
0.365
0.23
0.273
0.201
0.151
0.21
0.205
0.217
0.146
0.135
0.062
0.113
0.175
0.109
0.001
-0.165
-0.236
-0.044
-0.147
-0.26
-0.258
-0.164
-0.203
-0.346
-0.427
-0.367
-0.386
-0.37
-0.339
-0.38
-0.411
-0.504
-0.468
-0.763
-0.751
-0.866
-0.779
-0.641
-0.596
-0.531
-0.485
-0.289
-0.381
-0.254
-0.019
-0.074
0.043
0.158
0.116
0.276
0.593
0.443
0.671
0.797
0.864
0.858
1.032
1.088
1.079
1.084
1.298
1.383
1.736
1.636
1.779
1.969
