-0.246
-0.31
-0.182
-0.285
-0.39
-0.229
-0.466
-1.285
-0.466
-0.59
-0.491
-0.606
-0.473
-0.388
-0.188
-0.196
-0.41
-0.515
-0.588
-0.603
-0.688
-0.765
-0.753
-0.998
-0.802
-0.981
-1.244
-1.01
-0.782
-0.879
-1.002
-1.176
-1.147
-1.097
-1.058
-0.916
-0.844
-0.715
-0.425
-0.245
-0.076
-0.039
0.081
0.052
-0.062
0.189
-0.086
-0.1
0.095
0.043
0.039
0.261
0.244
0.179
0.253
0.281
0.234
0.346
0.56
0.736
0.654
0.569
0.549
0.475
0.355
0.411
0.28
0.288
0.304
0.395
0.181
0.136
0.086
0.128
0.339
0.4
0.372
0.401
0.29
0.383
0.12
-0.138
-0.189
-0.266
-0.241
-0.07
-0.173
0.024
0.113
-0.165
-0.249
-0.574
-0.574
-0.64
-0.491
-0.451
-0.33
-0.11
-0.118
-0.375
-0.338
-0.253
-0.264
-0.439
-0.3
-0.369
-0.336
-0.299
0.101
0.105
0.216
0.084
-0.054
0.109
0.253
0.145
0.292
0.58
0.645
0.629
0.633
0.615
0.889
0.901
0.77
0.641
0.581
0.554
0.765
0.983
1.052
0.838
1.002
1.259
1.241
1.349
1.542
1.516
1.643
1.663
1.759
1.751
1.657
1.762
1.84
1.871
1.775
1.774
1.893
1.595
1.625
1.347
0.945
0.819
1.024
0.986
0.876
0.938
0.818
0.642
0.625
0.434
0.419
0.413
0.485
0.51
0.544
0.51
0.364
0.338
0.254
0.079
0.238
0.244
0.201
0.422
0.359
0.501
0.601
0.536
0.709
0.676
0.422
0.45
0.628
0.529
0.425
0.379
0.388
0.357
0.289
0.434
0.455
0.463
0.568
0.43
0.547
0.828
0.912
0.514
0.45
0.521
0.309
0.343
0.398
0.349
0.019
0.275
0.14
0.391
0.715
0.796
0.978
0.812
0.631
0.585
0.647
0.455
0.478
0.529
0.413
0.522
0.416
0.182
0.13
-0.024
0.191
-0.039
-0.15
-0.201
-0.179
-0.531
-0.24
-0.238
-0.216
0.025
0.177
0.236
0.44
0.403
0.356
0.404
0.54
0.57
0.519
0.458
0.2
0.131
0.315
0.203
0.09
-0.059
0.179
0.103
-0.035
-0.094
-0.199
-0.4
-0.64
-0.615
-0.61
-0.644
-0.726
-0.595
-0.749
-0.936
-0.974
-0.729
-0.914
-1.091
-0.874
-1.076
-0.864
-0.801
-0.425
-0.256
-0.18
-0.264
-0.501
-0.534
-0.6
-0.329
-0.427
-0.175
-0.011
0.281
0.357
0.264
0.302
0.494
0.48
0.471
0.328
0.546
0.61
0.642
0.651
0.675
0.664
0.301
0.144
-0.036
-0.071
-0.079
-0.043
-0.079
-0.139
-0.221
-0.22
-0.17
-0.215
-0.02
-0.256
-0.118
-0.357
-0.141
-0.215
-0.04
-0.006
-0.074
0.085
-0.088
-0.29
-0.415
-0.43
-0.276
-0.281
-0.655
-0.631
-0.517
-0.522
-0.417
-0.235
-0.028
0.184
0.312
0.263
0.235
0.224
0.143
-0.355
-0.466
-0.503
-0.514
-0.515
-0.341
-0.365
-0.679
-0.499
-0.75
-0.761
-1.016
-1.004
-1.056
-1.407
-1.167
-1.251
-0.998
-0.894
-0.772
-0.879
-1.105
-0.978
-0.963
-0.656
-0.659
-0.386
-0.532
-0.422
-0.713
-1.135
-1.269
-1.153
-1.016
-0.98
-0.991
-1.11
-1.321
-1.056
-1.116
-0.849
-0.514
-0.381
-0.355
-0.434
-0.417
-0.405
-0.331
-0.31
-0.354
-0.344
-0.475
-0.444
-0.53
-0.411
-0.354
-0.25
-0.058
-0.021
-0.109
-0.394
-0.086
-0.045
0.034
0.432
0.831
0.776
0.943
0.895
0.874
0.759
0.546
0.48
0.395
0.585
0.531
0.649
0.75
1.055
1.203
1.42
1.458
1.394
1.16
0.938
0.71
0.581
0.386
0.234
0.1
0.106
-0.386
-0.54
-0.858
-1.175
-1.091
-0.919
-0.861
-0.758
-0.853
-0.844
-0.955
-1.041
-1.139
-1.113
-1.07
-1.208
-1.146
-1.026
-1.254
-1.036
-1.134
-1.117
-0.926
-0.966
-0.686
-0.662
-0.77
-0.771
-0.686
-0.421
-0.58
-0.686
-0.536
-0.501
-0.455
-0.323
-0.021
0.15
0.1
0.296
0.129
0.286
0.294
0.203
0.265
0.33
0.629
0.603
0.73
0.616
0.66
0.769
0.949
1.218
1.215
1.0
1.18
0.984
0.775
0.455
0.444
0.299
0.188
0.144
0.45
0.503
0.71
0.728
0.39
0.354
-0.028
-0.048
0.212
0.228
0.179
0.355
0.429
0.432
0.43
0.378
0.381
0.662
0.811
0.744
0.671
0.542
0.74
0.421
0.177
0.261
0.375
0.621
0.593
0.386
0.544
0.486
0.581
0.605
0.453
0.515
0.524
0.675
0.458
0.359
0.209
0.376
0.39
0.356
0.487
0.473
0.346
0.454
0.54
0.536
0.566
0.215
0.164
0.08
-0.348
-0.124
0.249
0.511
0.329
0.453
0.286
0.276
0.351
0.296
0.268
0.396
0.18
0.051
-0.119
-0.18
-0.504
-0.578
-0.641
-0.449
-0.176
-0.056
0.059
0.081
0.101
-0.226
-0.212
0.168
0.249
0.408
0.725
0.635
0.71
0.682
0.78
0.9
0.991
0.993
1.036
1.476
1.131
1.235
1.208
1.071
1.134
1.024
0.873
0.546
0.561
0.676
0.409
0.406
0.44
0.406
0.422
0.333
0.541
0.689
0.84
0.97
1.001
0.886
0.703
0.935
1.321
1.426
1.532
1.552
1.435
1.189
1.04
1.268
1.159
0.92
1.214
1.164
0.99
1.093
1.081
1.521
1.351
1.314
1.042
0.835
1.036
0.784
0.625
0.669
0.672
0.491
0.194
0.206
0.344
0.144
0.278
0.07
-0.096
-0.318
-0.189
0.133
-0.159
0.088
0.05
0.21
0.364
0.254
0.279
0.59
0.768
0.779
0.656
0.62
0.676
0.343
0.657
0.415
0.547
0.688
0.646
1.039
1.329
1.225
0.97
0.818
0.646
0.609
0.426
0.1
-0.134
-0.052
-0.239
-0.041
0.182
0.169
0.043
0.211
0.094
0.02
-0.044
-0.045
-0.234
-0.302
-0.165
-0.426
-0.23
-0.48
-0.729
-0.878
-0.459
-0.085
-0.013
0.003
-0.048
-0.083
-0.092
-0.109
0.154
0.56
0.604
0.672
0.403
0.203
0.077
0.199
0.246
0.475
0.408
0.238
0.009
-0.212
-0.301
-0.431
-0.384
-0.475
-0.609
-0.701
-1.052
-1.185
-0.984
-1.123
-0.91
-0.954
-0.623
-0.83
-0.755
-0.535
-0.536
-0.396
-0.665
-0.77
-0.7
-0.953
-0.841
-0.618
-0.895
-0.782
-0.594
-0.662
-0.48
-0.06
-0.11
-0.394
-0.125
-0.22
-0.432
-0.355
-0.376
-0.436
-0.328
-0.276
-0.088
-0.048
-0.01
0.345
0.066
0.39
0.44
0.42
0.434
0.569
0.445
0.278
0.271
0.253
0.475
0.508
0.631
0.9
0.779
0.703
0.48
0.259
0.214
-0.126
0.062
0.081
0.179
0.098
0.109
0.125
-0.069
-0.02
-0.216
-0.396
-0.629
-0.682
-0.846
-0.73
-0.601
-0.571
-0.858
-0.98
-0.843
-0.863
-0.615
-0.388
-0.189
-0.191
-0.217
-0.421
-0.734
-0.749
-0.789
-0.795
-0.755
-0.631
-0.63
-0.544
-0.489
-0.516
-0.469
-0.479
-0.238
-0.106
-0.031
0.335
0.354
0.449
0.346
0.595
0.338
0.47
0.185
0.229
0.21
-0.124
-0.084
-0.173
-0.468
-0.214
-0.071
-0.366
-0.688
-0.682
-0.544
-0.334
-0.323
-0.362
-0.497
-0.181
-0.405
-0.855
-0.819
-1.008
-1.019
-1.298
-1.235
-1.048
-1.125
-0.995
-1.17
-0.875
-0.781
-0.486
-0.497
-0.64
-0.675
-0.724
-0.601
-0.646
-0.506
-0.505
-0.367
-0.359
-0.59
-0.361
-0.206
0.088
0.482
0.395
0.269
0.265
0.15
0.156
0.191
0.166
0.233
-0.122
-0.056
-0.034
0.118
-0.165
-0.18
-0.191
-0.182
0.052
-0.111
0.051
0.184
0.357
0.291
0.211
0.233
-0.143
-0.066
0.096
0.251
0.219
0.199
-0.036
0.121
-0.175
-0.206
-0.306
-0.426
-0.456
-0.514
-0.338
-0.459
-0.302
-0.195
-0.238
-0.273
-0.18
-0.076
-0.171
0.242
-0.163
-0.095
-0.286
-0.211
-0.67
-0.542
-0.66
-0.534
-0.593
-0.743
-0.616
-0.489
-0.421
-0.361
-0.43
-0.399
-0.346
-0.211
-0.168
-0.325
-0.408
-0.541
-0.545
-0.669
-0.796
-0.694
-0.338
-0.049
-0.126
0.114
-0.13
-0.283
-0.466
-0.873
-0.58
-0.59
-0.58
-0.616
-0.233
-0.242
-0.101
0.044
0.354
0.6
0.671
0.895
0.991
1.228
1.012
0.965
0.89
0.823
1.115
1.159
1.305
1.383
1.461
1.593
1.814
1.801
1.794
1.625
1.478
1.627
1.335
1.318
1.12
1.175
1.069
1.03
0.829
0.944
1.214
0.814
0.603
0.694
0.573
0.853
0.718
0.436
0.419
0.64
0.576
0.435
0.444
0.506
0.395
0.371
0.45
0.424
0.546
0.461
0.491
0.594
0.286
0.51
0.416
0.456
0.425
0.426
0.569
0.56
0.753
0.853
0.922
0.976
1.095
1.084
1.151
0.935
0.944
0.949
1.014
1.309
0.891
0.94
0.864
0.768
0.733
0.888
1.025
1.107
1.203
0.946
0.943
0.79
0.6
0.763
0.501
0.571
0.503
0.58
0.693
0.61
0.81
0.833
0.676
0.537
0.642
0.686
0.628
0.66
0.503
0.44
0.666
0.479
0.492
0.113
-0.092
-0.164
-0.271
-0.391
-0.728
-0.598
-0.409
-0.206
-0.269
-0.05
-0.04
0.182
-0.051
-0.155
-0.254
-0.372
-0.304
-0.294
-0.199
-0.069
-0.211
-0.086
-0.106
0.229
0.484
0.588
0.708
0.86
0.805
0.859
0.772
0.482
0.424
0.32
0.215
0.474
0.46
0.54
0.456
0.42
0.305
0.424
0.335
0.194
0.169
-0.147
-0.113
-0.158
-0.143
-0.121
-0.055
-0.069
-0.156
-0.072
0.005
-0.179
-0.211
-0.67
-0.662
-0.864
-0.661
-0.703
-0.763
-0.619
-0.846
-0.85
-0.855
-0.779
-0.734
-0.704
-0.547
-0.504
-0.635
-0.75
-0.614
-0.839
-0.86
-0.981
-0.922
-0.95
-0.759
-0.714
-0.429
-0.208
-0.264
-0.145
0.024
-0.052
-0.08
-0.261
-0.22
-0.278
-0.019
0.152
0.14
0.062
0.061
-0.081
-0.168
-0.106
-0.182
-0.224
-0.238
-0.329
-0.182
-0.086
-0.025
0.229
0.349
0.299
0.275
0.453
0.355
0.427
0.51
0.745
0.608
0.354
0.214
0.066
0.013
-0.152
-0.188
-0.145
-0.118
-0.453
-0.449
-0.275
-0.354
-0.233
-0.154
-0.336
-0.519
-0.501
-0.512
-0.556
-0.422
-0.585
-0.545
-0.611
-0.583
-0.471
-0.309
-0.47
-0.494
-0.534
-0.417
-0.145
-0.216
-0.364
-0.289
-0.338
-0.489
-0.5
-0.539
-0.519
-0.432
-0.626
-0.681
-0.503
-0.378
-0.549
-0.359
-0.408
-0.126
-0.126
-0.181
-0.024
0.077
0.0
0.051
0.006
-0.208
-0.177
-0.084
0.156
0.209
0.278
0.461
0.545
0.269
0.475
0.364
0.456
0.376
0.443
0.429
0.408
0.495
0.621
0.703
0.866
0.989
1.246
1.419
1.355
1.375
1.532
1.646
1.58
1.516
1.406
1.288
1.173
1.211
1.169
1.021
1.018
0.765
0.711
0.505
0.41
0.299
0.131
-0.065
-0.198
-0.319
-0.469
-0.495
-0.823
-0.751
-0.836
-0.856
-0.885
-0.82
-1.029
-0.996
-1.046
-1.096
-1.107
-0.945
-1.04
-1.03
-0.971
-0.777
-0.686
-0.675
-0.698
-0.549
-0.739
-0.619
-0.618
-0.703
-0.652
-0.45
-0.588
-0.51
-0.62
-0.52
-0.601
-0.555
-0.615
-0.384
-0.359
-0.234
-0.028
-0.201
-0.23
-0.111
0.1
-0.054
0.116
0.249
0.524
0.429
0.378
0.514
0.85
0.756
0.814
0.916
0.618
0.409
0.299
0.504
0.15
0.171
-0.076
-0.128
-0.173
-0.416
-0.256
-0.168
-0.095
-0.325
-0.468
-0.431
-0.848
-0.75
-0.699
-0.87
-0.718
-0.588
-0.674
-0.792
-0.766
-0.713
-0.993
-1.0
-0.979
-0.979
-1.032
-1.019
-0.766
-0.66
-0.921
-0.926
-0.86
-0.929
-0.871
-0.73
-0.889
-0.855
-0.786
-0.694
-0.58
-0.858
-0.856
-0.786
-0.629
-0.682
-0.516
-0.562
-0.542
-0.266
-0.352
-0.152
0.163
0.21
0.525
0.753
0.818
1.091
1.238
1.19
1.064
1.34
1.361
1.393
1.361
1.605
1.63
1.907
2.053
1.736
1.754
1.695
1.611
1.598
1.509
1.394
1.627
1.84
1.889
2.183
2.155
2.199
2.52
2.484
2.48
2.277
1.856
1.627
1.647
1.614
1.445
1.029
0.76
0.638
0.56
0.352
0.484
0.307
-0.049
0.185
-0.083
-0.021
0.104
0.201
0.259
0.471
0.521
0.579
0.279
0.348
0.285
0.336
0.258
-0.134
0.15
0.086
0.19
0.436
0.596
0.771
0.894
0.905
0.985
0.909
0.931
0.975
0.915
0.833
0.774
0.623
0.626
0.482
0.564
0.517
0.556
0.427
0.311
0.179
0.118
0.113
-0.177
0.074
-0.086
0.01
-0.011
0.085
0.196
-0.043
-0.276
-0.195
-0.458
-0.642
-1.039
-0.988
-1.445
-1.5
-1.637
-1.548
-1.681
-1.472
-1.379
-1.137
-1.261
-1.213
-1.03
-0.874
-0.625
-0.924
-0.646
-0.56
-0.7
-0.566
-0.145
0.015
0.084
-0.007
0.181
0.323
0.362
0.448
0.463
0.414
0.562
0.69
0.724
0.765
0.926
0.651
0.598
0.665
0.11
0.288
0.125
-0.055
-0.219
-0.443
-0.379
-0.54
-0.614
-0.704
-0.899
-0.775
-0.909
-0.691
-0.787
-0.726
-0.61
-0.674
-0.614
-0.8
-0.787
-0.666
-0.601
-0.615
-0.432
-0.109
-0.176
-0.191
-0.104
-0.131
-0.12
-0.091
-0.098
0.19
0.175
0.01
0.525
0.61
0.562
0.579
0.478
0.618
0.487
0.691
0.39
0.336
0.329
-0.022
-0.031
-0.009
0.051
0.116
0.015
-0.208
-0.333
-0.321
-0.42
-0.556
-0.626
-0.366
-0.718
-0.743
-0.595
-0.304
-0.264
-0.417
-1.058
-0.149
-0.171
0.251
0.08
0.47
0.478
0.709
0.682
0.8
0.636
0.639
0.594
0.72
0.792
0.804
0.785
0.965
1.081
1.085
1.001
1.079
1.07
0.911
0.895
0.723
0.494
0.438
0.215
0.043
-0.033
-0.177
-0.263
-0.294
-0.372
-0.26
-0.396
-0.58
-0.455
-0.661
-0.541
-0.561
-0.569
-0.269
-0.415
-0.32
-0.394
-0.175
-0.099
-0.239
-0.133
-0.129
-0.451
-0.44
-0.71
-0.466
-0.604
-0.362
-0.43
-0.349
-0.286
-0.429
-0.164
-0.314
-0.186
-0.212
-0.315
-0.244
-0.154
-0.388
-0.173
0.255
0.08
0.205
0.071
0.166
0.464
0.625
0.718
0.562
0.824
0.914
0.807
0.69
0.535
0.446
0.275
0.235
0.158
0.186
0.307
0.436
0.49
0.809
0.615
0.753
0.929
0.973
0.869
0.475
0.259
0.103
0.07
-0.041
-0.416
-0.471
-0.554
-0.963
-0.799
-0.907
-0.795
-0.579
-0.696
-0.812
-0.966
-0.944
-1.103
-0.934
-0.833
-0.833
-0.951
-0.699
-0.383
-0.466
-0.605
-0.501
-0.375
-0.436
-0.355
-0.522
-0.626
-0.367
-0.346
-0.111
-0.072
-0.061
0.044
0.118
0.129
0.077
0.111
0.256
0.306
0.665
0.463
0.636
0.55
0.43
0.451
0.411
0.324
0.2
0.339
0.206
0.273
0.236
0.264
0.479
0.281
0.348
0.456
0.771
0.721
0.705
0.297
0.193
0.12
-0.064
0.003
-0.028
-0.084
-0.04
0.029
-0.105
0.007
0.124
0.19
0.349
0.184
0.229
0.357
0.301
0.399
0.378
0.329
0.403
0.328
0.242
0.29
0.381
0.314
0.37
-0.03
0.276
0.003
0.229
0.136
0.152
0.136
-0.159
0.007
0.056
-0.092
0.021
0.044
0.061
0.06
0.151
-0.01
0.134
0.224
0.156
0.181
0.235
0.258
0.259
0.196
0.25
0.446
0.46
0.566
0.711
0.59
0.688
0.55
0.786
0.86
1.046
1.229
1.25
1.123
1.022
0.919
1.179
0.873
0.823
0.911
0.848
0.966
0.849
0.751
0.405
0.302
0.194
0.039
0.128
0.258
0.056
0.223
0.217
0.111
0.268
0.301
0.307
0.007
-0.08
0.139
0.019
-0.014
-0.166
-0.168
0.026
0.225
0.208
0.434
0.092
0.01
0.191
0.149
0.125
0.164
0.29
0.247
-0.043
-0.104
0.011
0.546
0.445
0.714
0.772
0.994
0.96
0.646
0.618
0.599
0.76
0.619
0.554
0.509
0.478
0.173
0.408
0.354
0.652
0.529
0.444
0.562
0.741
0.915
0.828
0.958
0.875
0.736
0.703
0.581
0.374
0.471
0.359
0.365
0.466
0.398
0.242
0.219
0.129
-0.048
-0.271
-0.22
-0.203
-0.175
-0.286
-0.198
-0.045
0.453
0.665
0.516
0.524
0.415
0.281
0.225
0.23
0.455
0.532
0.603
0.601
0.681
0.571
0.766
0.706
0.792
0.489
0.343
0.406
0.176
0.636
0.175
0.364
0.357
0.321
0.426
0.255
0.066
0.07
0.107
0.124
0.23
0.294
0.46
0.362
-0.242
-0.296
-0.471
-0.247
-0.271
-0.238
-0.236
0.0
-0.018
0.013
-0.045
-0.239
-0.18
0.043
-0.049
0.052
-0.003
0.15
0.431
0.233
0.156
0.03
-0.275
-0.487
-0.378
-0.338
-0.554
-0.448
-0.46
-0.615
-0.754
-0.968
-1.167
-1.131
-1.14
-0.951
-1.059
-0.968
-0.776
-0.746
-0.461
-0.146
-0.345
-0.24
-0.419
-0.424
-0.351
-0.242
-0.362
-0.376
-0.199
-0.351
-0.429
-0.104
-0.275
-0.357
-0.241
-0.275
-0.164
-0.168
-0.164
-0.404
0.029
-0.146
-0.122
-0.235
-0.331
-0.511
-0.419
-0.344
-0.758
-0.886
-0.858
-0.824
-0.796
-0.642
-0.805
-0.848
-0.665
-0.784
-0.571
-0.453
-0.55
-0.463
-0.734
-0.628
-0.883
-0.912
-0.782
-0.508
-0.359
-0.443
-0.473
-0.7
-0.639
-0.7
-0.728
-0.838
-0.408
-0.364
-0.044
0.003
-0.238
-0.196
-0.095
-0.092
0.219
0.059
0.059
-0.01
-0.184
-0.081
0.014
0.135
0.325
0.439
0.574
0.524
0.644
0.535
0.323
0.236
0.051
-0.014
-0.173
-0.211
-0.242
-0.151
0.001
0.105
0.02
0.069
0.28
0.23
0.026
0.18
-0.049
0.052
0.007
-0.069
-0.151
-0.131
-0.016
-0.144
-0.294
-0.331
-0.484
-0.459
-0.329
-0.524
-0.444
-0.588
-0.674
-0.51
-0.441
-0.354
-0.168
-0.118
-0.116
-0.113
-0.324
-0.122
-0.263
-0.422
-0.401
-0.601
-0.39
-0.356
-0.294
-0.241
-0.165
-0.16
-0.14
-0.072
-0.439
-0.253
-0.246
-0.448
-0.501
-0.388
-0.436
-0.454
-0.288
-0.299
-0.301
-0.307
-0.535
-0.845
-0.932
-1.135
-1.097
-1.157
-1.025
-0.985
-0.823
-0.666
-0.531
-0.758
-0.641
-0.606
-0.593
-0.478
-0.422
-0.145
0.024
-0.044
-0.414
-0.405
-0.289
-0.443
-0.398
-0.69
-0.735
-0.764
-0.674
-0.616
-0.603
-0.581
-0.263
-0.283
-0.022
0.169
-0.003
0.177
0.314
0.051
0.173
-0.052
0.165
0.328
0.147
0.265
0.323
0.269
0.336
0.417
0.134
0.185
0.281
0.389
0.695
0.718
0.833
0.917
0.77
0.646
0.532
0.379
0.128
0.076
0.394
0.535
0.404
0.527
0.693
0.519
0.614
0.571
0.22
0.285
0.228
0.121
0.143
0.318
0.366
0.249
0.052
0.261
0.385
0.371
0.306
0.297
0.335
0.25
0.055
-0.043
-0.104
0.08
-0.005
-0.094
-0.15
-0.193
-0.235
-0.225
-0.429
-0.391
-0.559
-0.647
-0.591
-0.645
-0.454
-0.575
-0.491
-0.319
-0.396
-0.294
-0.331
-0.107
-0.159
-0.228
-0.043
0.139
0.228
0.264
0.5
0.609
0.756
0.688
0.893
1.024
0.811
0.878
0.935
1.088
1.355
1.241
1.397
-10.336
1.684
1.828
1.81
1.955
1.749
1.675
1.455
1.289
1.107
0.99
1.01
1.07
1.179
1.236
1.29
1.255
1.105
1.216
1.167
1.299
1.155
1.184
1.194
0.995
0.912
0.792
0.76
0.814
0.888
0.733
0.833
0.816
0.74
0.763
0.608
0.4
0.314
0.226
0.159
0.058
0.048
0.056
-0.065
-0.058
-0.185
-0.186
-0.095
-0.006
0.311
0.083
0.239
0.343
0.41
0.39
0.646
0.633
0.62
0.739
0.575
0.604
0.6
0.547
0.371
0.098
0.255
0.175
-0.07
0.071
-0.058
-0.05
0.06
0.185
0.274
0.455
0.546
0.465
0.728
0.62
0.719
0.497
0.583
0.623
0.609
0.87
0.82
0.82
0.714
0.645
0.534
0.411
0.566
0.495
0.404
0.456
0.203
0.509
0.324
0.338
0.263
0.403
0.184
0.253
0.134
0.386
0.517
0.552
0.656
0.464
0.596
0.601
0.599
0.547
0.386
0.431
0.18
0.264
-0.003
0.166
0.036
-0.103
0.259
0.432
0.468
0.375
0.43
0.305
0.219
0.109
0.441
0.374
0.361
0.371
0.239
0.143
0.301
0.188
0.139
0.139
0.116
0.024
-0.2
-0.346
-0.495
-0.588
-0.545
-1.435
-0.39
-0.215
-0.352
-0.191
-0.264
-0.209
-0.379
-0.524
-0.734
-0.916
-0.859
-0.963
-0.945
-0.693
-0.638
-0.522
-0.578
-0.576
-0.718
-0.764
-0.901
-0.97
-0.725
-0.719
-0.666
-0.856
-0.54
-0.532
-0.288
-0.357
-0.105
-0.219
-0.076
-0.066
-0.035
-0.031
-10.336
-0.205
-0.168
-0.234
0.036
0.228
0.198
0.311
0.205
0.296
0.16
0.159
0.085
0.139
0.24
-0.094
-0.171
-0.223
-0.015
0.113
0.014
0.118
0.11
0.055
-0.08
-0.242
-0.463
-0.555
-0.651
-0.816
-0.854
-0.818
-0.7
-0.902
-0.911
-0.858
-0.994
