-0.223
-0.562
-0.655
-0.628
-0.676
-0.753
-0.599
-0.516
-0.381
-0.276
-0.244
-0.191
-0.426
-0.51
-0.656
-0.88
-0.67
-0.569
-0.585
-0.289
-0.492
-0.521
-0.624
-0.745
-0.921
-0.775
-0.901
-0.885
-1.021
-1.109
-0.921
-1.066
-1.121
-0.959
-0.922
-0.99
-1.032
-1.16
-1.288
-1.389
-1.203
-1.23
-1.276
-1.26
-1.121
-1.058
-1.056
-1.179
-1.268
-1.164
-1.038
-0.738
-0.645
-0.595
-0.312
-0.224
-0.269
-0.12
-0.069
0.101
-0.048
-0.007
0.283
0.006
0.037
0.052
0.095
-0.18
-0.166
0.031
0.206
0.155
0.185
0.176
0.309
0.348
0.122
0.136
0.201
-0.129
-0.055
0.118
0.013
-0.059
-0.23
-0.364
-0.374
-0.451
-0.497
-0.519
-0.574
-0.659
-0.588
-0.516
-0.426
-0.351
-0.466
-0.63
-0.912
-0.886
-0.645
-0.893
-0.958
-0.991
-1.121
-1.081
-1.078
-1.3
-1.379
-1.249
-0.994
-1.157
-0.932
-0.929
-1.104
-0.777
-0.754
-0.641
-0.608
-0.685
-0.787
-0.741
-0.776
-0.576
-0.721
-0.9
-0.738
-0.665
-0.625
-0.5
-0.413
-0.505
-0.635
-0.826
-0.863
-1.004
-1.186
-1.141
-1.184
-1.006
-0.973
-1.086
-1.107
-1.107
-1.251
-1.126
-0.973
-1.134
-0.904
-0.624
-0.396
-0.28
-0.212
-0.211
-0.743
-0.311
-0.186
0.124
0.301
0.644
0.626
0.571
0.524
0.56
0.223
0.405
0.401
0.233
0.139
0.015
-0.194
-0.244
-0.28
-0.195
0.086
-0.021
-0.024
0.076
-0.24
-0.276
-0.346
-0.424
-0.171
-0.007
-0.05
0.109
0.045
0.04
-0.099
-0.064
-0.049
-0.224
-0.029
-0.115
-0.306
-0.065
0.016
-0.273
-0.175
-0.236
0.049
-0.015
-0.176
-0.394
-0.435
-0.359
-0.269
-0.233
-0.094
-0.052
0.028
0.168
0.255
-0.141
0.116
-0.018
0.314
0.059
0.128
-0.141
-0.329
-0.474
-0.453
-0.253
-0.06
0.15
0.005
0.072
0.189
0.084
0.158
0.359
0.444
0.425
0.614
0.855
0.863
0.701
0.739
0.79
0.8
0.779
0.688
0.9
0.846
0.789
0.901
0.711
0.53
0.374
0.215
0.286
0.194
0.048
-0.09
-0.164
-0.434
-0.253
-0.343
-0.475
-0.326
-0.481
-0.522
-0.531
-0.51
-0.455
-0.623
-0.505
-0.581
-0.501
-0.45
-0.352
-0.221
-0.331
-0.119
-0.152
-0.168
-0.066
-0.044
0.026
0.125
0.062
0.0
0.048
-0.041
0.09
0.288
0.241
0.417
0.554
0.681
0.935
0.814
0.65
0.601
0.708
0.415
0.182
0.235
-0.016
-0.045
-0.193
-0.231
-0.242
-0.143
-0.031
-0.15
-0.059
-0.143
-0.304
-0.25
-0.301
-0.409
-0.536
-0.6
-0.436
-0.516
-0.711
-0.744
-0.576
-0.456
-0.408
-0.339
-0.501
-0.484
-0.522
-0.631
-0.529
-0.356
-0.601
-0.427
-0.5
-0.386
-0.31
-0.302
-0.089
-0.071
-0.019
0.12
-0.094
0.015
0.036
-0.114
0.079
-0.004
0.079
0.242
0.046
0.158
0.318
0.28
0.154
0.092
0.312
0.281
0.215
0.166
0.219
0.141
0.214
0.079
0.158
0.161
-0.104
-0.158
-0.159
-0.189
-0.186
-0.177
0.131
0.214
0.15
-0.106
-0.336
-0.268
-0.066
-0.125
-0.052
-0.089
0.086
-0.018
0.156
-0.009
0.028
0.215
0.152
0.21
0.143
0.38
0.329
0.278
0.203
-0.131
-0.198
-0.288
-0.379
-0.386
-0.647
-0.593
-0.61
-0.5
-0.639
-0.701
-0.906
-0.959
-0.89
-1.038
-0.9
-0.88
-0.772
-0.775
-0.571
-0.706
-0.598
-0.338
-0.156
-0.014
0.043
0.058
-0.122
-0.084
0.036
0.143
0.219
0.372
0.45
0.535
0.526
0.511
0.584
0.703
0.652
0.715
0.682
0.411
0.43
0.466
0.583
0.616
0.666
0.78
0.751
0.739
0.453
0.458
0.501
0.621
0.276
0.258
0.052
-0.284
-0.44
-0.541
-0.657
-0.713
-0.505
-0.635
-0.579
-0.482
-0.904
-0.574
-0.65
-0.824
-1.048
-1.33
-1.42
-1.554
-1.518
-1.509
-1.403
-1.339
-1.464
-1.309
-1.255
-0.935
-1.141
-1.19
-1.131
-1.012
-0.944
-0.765
-0.859
-0.537
-0.816
-0.68
-0.45
-0.265
-0.176
-0.359
-0.33
-0.295
-0.075
0.169
0.32
0.27
0.439
0.55
0.312
0.279
0.448
0.701
0.685
0.902
0.635
0.369
0.278
0.443
0.3
0.491
0.455
0.696
0.708
0.801
0.716
0.843
0.84
1.071
1.246
1.265
1.335
1.495
1.56
1.603
1.548
1.464
1.482
1.433
1.44
1.51
1.468
1.21
1.214
1.049
0.994
1.169
1.014
1.194
1.024
1.064
0.81
0.66
0.745
0.455
0.698
0.818
0.753
0.891
0.56
0.411
0.426
0.432
0.389
0.419
0.275
0.494
0.173
0.273
0.269
0.263
0.242
0.268
0.501
0.53
0.537
0.588
0.671
0.756
0.701
0.736
0.805
0.85
0.946
0.865
0.839
0.63
0.729
0.636
0.669
0.76
0.864
0.79
0.904
0.799
0.826
0.961
1.09
0.926
0.809
0.739
0.719
0.693
0.459
0.273
0.644
0.459
0.829
0.47
0.389
0.557
0.515
0.465
0.615
0.693
0.76
0.74
0.691
0.84
0.964
1.13
1.393
1.255
1.364
1.354
1.399
1.566
1.393
1.531
1.688
1.506
1.542
1.499
1.364
1.302
1.262
1.361
1.31
1.25
1.204
1.061
1.055
0.91
0.84
0.815
0.671
0.73
0.812
0.696
0.629
0.579
0.311
0.406
0.411
0.306
0.444
0.174
0.104
0.348
0.191
0.09
0.149
0.376
0.647
0.639
0.74
0.657
0.426
0.315
0.191
-0.016
0.001
-0.037
-0.349
-0.514
-0.605
-0.574
-0.461
-0.496
-0.184
0.007
0.24
0.158
0.15
0.331
0.149
0.049
0.191
0.254
0.471
0.7
0.929
1.157
1.154
1.083
1.214
1.218
1.149
0.971
0.851
0.566
0.417
0.726
0.749
0.629
0.751
0.656
0.56
0.469
0.019
0.074
-0.283
-0.436
-0.561
-0.738
-0.777
-0.635
-0.79
-0.812
-0.802
-0.676
-0.89
-0.789
-0.501
-0.44
-0.422
-0.24
-0.114
-0.056
-0.206
-0.417
-0.524
-0.489
-0.19
-0.239
-0.314
-0.089
0.076
0.088
0.052
0.203
0.177
-0.001
0.0
-0.055
-0.026
0.124
0.16
0.152
0.201
0.099
-0.033
-0.128
-0.235
-0.376
-0.468
-0.652
-0.772
-0.65
-0.86
-0.795
-0.854
-0.812
-0.605
-0.598
-0.667
-0.823
-0.821
-1.039
-0.926
-0.633
-0.469
-0.348
-0.279
-0.471
-0.414
-0.565
-0.765
-0.874
-0.646
-0.463
-0.52
-0.505
-0.506
-0.422
-0.545
-0.655
-0.593
-0.371
-0.439
-0.265
-0.254
-0.338
-0.485
-0.4
-0.306
-0.221
-0.339
-0.399
-0.463
-0.494
-0.576
-0.535
-0.484
-0.417
-0.164
-0.003
0.242
0.255
0.059
0.092
0.144
0.194
0.164
0.09
0.169
0.128
0.255
0.113
0.096
-0.121
0.052
-0.021
0.058
0.076
-0.099
-0.013
-0.071
-0.212
-0.286
-0.268
-0.351
-0.376
-0.279
-0.086
0.065
0.004
-0.344
-0.069
-0.133
-0.198
-0.106
-0.168
-0.072
0.054
0.029
0.106
0.258
0.072
-0.175
-0.188
-0.1
-0.165
-0.432
-0.579
-0.802
-0.936
-1.026
-1.04
-1.356
-1.194
-1.215
-1.26
-1.351
-1.476
-1.512
-1.6
-1.877
-1.681
-1.641
-1.39
-1.499
-1.461
-1.254
-1.258
-0.956
-0.805
-0.576
-0.751
-0.618
-0.49
-0.438
-0.378
-0.155
-0.135
0.122
0.432
0.265
0.443
0.315
0.345
0.455
0.354
0.429
-1.921
0.51
0.321
0.271
0.176
0.074
0.013
0.156
0.284
0.463
0.39
0.31
0.086
0.026
0.186
-0.346
-0.28
-0.417
-0.503
-0.334
-0.328
-0.316
-0.182
-0.309
-0.261
-0.216
-0.29
-0.345
-0.048
-0.014
-0.194
-0.253
-0.399
-0.321
-0.283
-0.253
-0.266
-0.258
-0.223
-0.005
-0.069
-0.13
-0.13
0.1
0.09
0.058
0.099
0.166
0.184
-0.016
0.08
0.242
0.159
0.26
0.309
0.264
0.182
0.149
0.026
0.11
0.116
0.346
0.343
0.235
0.339
0.173
-0.005
-0.029
0.014
0.07
0.17
0.129
0.1
0.173
0.184
0.0
0.181
0.094
-0.163
-0.251
-0.241
-0.23
-0.401
-0.4
-0.494
-0.48
-0.395
-0.324
-0.31
-0.335
-0.439
-0.374
-0.405
-0.292
-0.247
-0.194
-0.242
-0.217
-0.35
-0.119
-0.226
-0.046
-0.059
-0.015
0.236
0.307
0.27
0.451
0.436
0.448
0.341
0.333
0.417
0.395
0.551
0.497
0.286
0.31
0.374
0.413
0.591
0.436
0.61
0.596
0.422
0.361
0.089
0.198
-0.133
-0.129
-0.189
-0.211
-0.301
-0.436
-0.557
-0.386
-0.315
-0.231
-0.086
-0.168
-0.201
-0.271
-0.21
-0.37
-0.448
-0.184
-0.225
-0.07
-0.151
-0.291
0.06
-0.171
-0.4
-0.29
-0.266
-0.23
-0.136
0.11
0.139
0.069
0.147
0.186
0.182
0.365
0.505
0.537
0.27
0.3
0.336
0.16
0.238
0.255
0.276
0.408
0.404
0.391
0.319
0.206
0.241
0.16
0.161
-0.083
0.244
0.144
-0.044
-0.065
-0.173
-0.031
-0.12
-0.074
-0.075
0.0
0.088
0.193
0.198
0.152
0.371
0.512
0.465
0.439
0.096
0.045
-0.155
-0.354
-0.421
-0.431
-0.54
-0.519
-0.444
-0.414
-0.503
-0.454
-0.434
-0.62
-0.421
-0.611
-1.026
-0.68
-0.883
-0.774
-0.685
-0.526
-0.432
-0.364
-0.316
-0.309
-0.265
-0.185
-0.036
0.072
0.088
0.06
-0.163
-0.064
-0.039
0.107
0.092
0.219
0.424
0.44
0.525
0.35
0.549
0.351
0.344
0.241
0.088
-0.034
-0.065
0.044
0.086
0.196
0.119
0.191
0.088
0.095
0.069
-0.121
-0.176
-0.279
-0.404
-0.497
-0.594
-0.465
-0.246
-0.334
-0.111
-0.107
-0.1
-0.058
0.074
0.201
0.335
0.238
0.062
-0.126
-0.021
0.276
0.165
0.299
0.451
0.564
0.629
0.545
0.594
0.623
0.724
0.753
0.92
0.855
1.004
1.276
1.145
1.319
1.131
1.304
1.21
1.246
1.048
1.085
1.174
1.144
1.144
1.079
0.929
0.889
0.936
1.036
1.031
1.15
1.176
1.002
1.188
1.177
1.386
1.231
1.042
1.242
1.186
0.96
0.9
0.667
0.55
0.633
0.435
0.568
0.415
0.45
0.341
0.435
0.385
0.544
0.559
0.415
0.516
0.559
0.468
0.444
0.541
0.734
0.635
0.701
0.547
0.799
0.833
0.889
0.861
0.66
0.705
0.696
0.689
1.001
0.984
0.911
0.854
0.814
0.769
0.815
0.772
0.569
0.82
0.851
0.763
0.812
1.201
0.91
0.768
0.584
0.61
0.811
1.052
1.028
1.089
1.025
1.066
1.026
1.161
0.906
1.051
0.878
1.062
1.134
1.288
1.144
1.051
1.091
1.155
1.041
1.167
1.135
1.281
1.199
1.131
1.116
1.136
1.288
1.294
1.492
1.448
1.556
1.519
1.544
1.234
1.369
1.36
1.298
1.496
1.38
1.292
1.105
0.974
0.883
0.893
0.686
0.667
0.573
0.584
0.504
0.446
0.315
0.24
0.47
0.501
0.517
0.403
0.151
0.163
0.086
0.118
-0.133
-0.413
-0.449
-0.421
-0.28
-0.258
-0.214
-0.224
-0.416
-0.389
-0.642
-1.387
-0.974
-0.855
-1.039
-1.363
-1.081
-1.373
-1.221
-1.28
-1.532
-1.545
-1.444
10.332
-1.359
-1.019
-0.948
-1.004
-0.818
-0.758
-0.939
-1.016
-0.91
-0.946
-0.895
-0.85
-1.09
-0.994
-0.873
-0.93
-0.686
-0.544
-0.356
-0.296
-0.181
-0.15
-0.003
-0.216
-0.28
-0.205
-0.163
-0.091
-0.064
-0.085
-0.22
-0.219
-0.04
-0.052
-0.21
-0.045
-0.006
-0.084
0.0
0.069
-0.168
-0.125
0.244
0.22
0.338
0.18
0.179
0.119
0.163
0.15
0.128
0.1
-0.119
0.086
0.205
0.159
-0.034
0.14
0.265
0.189
-0.022
0.329
-0.021
-0.128
-0.089
-0.311
-0.276
-0.195
-0.228
-0.124
-0.186
-0.489
-0.403
-0.496
-0.405
-0.338
-0.406
-0.275
-0.339
-0.315
-0.384
-0.374
-0.296
-0.223
-0.246
0.006
0.088
0.189
0.147
-0.019
-0.048
-0.095
-0.07
-0.062
-0.299
-0.238
-0.346
-0.31
-0.309
-0.304
-0.398
-0.314
-0.163
-0.115
-0.33
0.006
-0.359
-0.335
-0.438
-0.54
-0.755
-0.614
-0.906
-1.014
-1.188
-1.241
-1.045
-1.189
-1.089
-0.934
-0.912
-0.875
-0.724
-0.56
-0.588
-0.516
-0.674
-0.674
-0.724
-0.703
-0.654
-0.562
-0.109
-0.283
-0.066
-0.194
-0.25
-0.083
-0.156
-0.076
-0.219
-0.388
-0.242
-0.18
-0.003
0.212
0.379
0.443
0.651
0.478
0.19
0.084
0.046
0.056
0.115
0.049
0.084
0.007
-0.176
-0.256
-0.427
-0.284
-0.504
-0.449
-0.508
-0.367
-0.552
-0.616
-0.562
-0.439
-0.396
-0.217
-0.374
-0.223
-0.306
-0.444
-0.316
-0.345
-0.165
-0.198
-0.158
-0.075
0.036
0.107
0.229
0.383
0.432
0.624
0.575
0.728
0.652
0.631
0.636
0.583
0.608
0.448
0.421
0.431
0.149
0.211
0.283
0.149
0.143
-0.018
0.149
-0.049
0.126
-0.136
-0.261
-0.194
-0.205
0.099
-0.174
-0.361
-0.426
-0.475
-0.694
-0.924
-1.054
-1.23
-1.278
-1.215
-1.05
-0.828
-0.805
-0.93
-0.946
-0.943
-0.885
-0.786
-0.654
-0.568
-0.479
-0.522
-0.496
-0.603
-0.304
-0.165
0.21
0.307
0.482
0.221
0.25
0.224
0.22
0.114
0.0
0.19
0.406
0.564
0.32
0.233
0.234
0.429
0.481
0.565
0.491
0.388
0.441
0.43
0.455
0.413
0.1
0.578
0.425
0.644
0.682
0.787
0.859
0.896
0.763
0.684
0.815
0.716
0.458
0.226
0.07
-0.22
-0.276
-0.37
-0.645
-0.63
-0.704
-0.525
-0.566
-0.833
-0.927
-0.855
-0.811
-0.78
-0.731
-0.821
-0.766
-0.696
-0.932
-1.099
-1.123
-1.024
-0.787
-0.586
-0.451
-0.33
-0.296
-0.251
-0.31
-0.519
-0.51
-0.398
-0.249
-0.44
-0.691
-0.463
-0.759
-0.552
-0.401
-0.481
-0.302
-0.515
-0.141
-0.259
-0.034
-0.069
-0.106
0.224
0.203
0.05
0.071
0.176
0.273
0.199
0.321
0.27
0.306
0.59
0.731
0.599
0.532
0.786
0.716
0.679
0.685
0.458
0.408
0.356
0.314
0.15
0.139
-0.095
-0.106
-0.143
-0.096
0.065
-0.061
-0.143
-0.321
-0.245
-0.297
-0.268
-0.194
-0.098
-0.104
0.189
-0.109
-0.064
-0.284
-0.37
-0.438
-0.666
-0.564
-0.736
-0.615
-0.618
-0.46
-0.18
-0.182
-0.146
-0.22
-0.236
-0.235
-0.2
-0.224
-0.228
-0.136
-0.333
-0.297
-0.291
-0.297
-0.297
-0.406
-0.51
-0.531
-0.566
-0.674
-0.585
-0.7
-0.603
-0.494
-0.64
-0.503
-0.575
-0.408
-0.296
-0.18
-0.044
-0.037
-0.121
-0.179
-0.107
0.04
0.217
0.364
0.485
0.326
0.424
0.263
0.128
0.146
0.259
0.59
0.638
0.591
0.615
0.471
0.527
0.824
0.7
0.833
0.833
0.508
0.89
0.848
0.919
1.045
0.948
1.15
1.052
1.304
1.194
1.375
1.31
1.369
1.294
1.218
1.231
1.062
0.951
0.714
0.669
0.816
0.79
0.819
0.679
0.562
0.647
0.354
0.156
0.275
0.244
0.318
0.547
0.478
0.605
0.544
0.557
0.679
0.802
0.72
0.746
0.86
0.777
0.733
0.88
1.034
0.998
0.771
0.792
0.924
1.051
1.214
1.38
1.441
1.479
1.304
1.34
1.274
1.335
1.33
1.266
1.341
1.186
1.265
0.968
0.97
0.825
0.895
0.979
0.995
1.075
1.21
1.31
1.522
1.515
1.449
1.439
1.39
1.524
1.665
1.69
1.77
1.63
1.369
1.613
1.18
1.269
1.381
1.189
1.459
1.549
1.559
1.65
1.542
1.711
1.529
1.869
1.698
1.581
1.766
1.614
1.739
1.64
1.699
1.2
1.046
0.76
0.611
0.449
0.374
0.544
0.616
0.536
0.335
0.305
0.302
0.126
0.196
0.2
0.268
0.596
0.662
0.421
0.465
0.479
0.479
0.23
0.238
-0.158
-0.125
-0.163
0.028
-0.058
-0.238
-0.185
-0.238
-0.113
-0.475
-0.496
-0.704
-0.57
-0.626
-0.718
-0.642
-0.584
-0.603
-0.459
-0.419
-0.386
-0.281
-0.616
-0.519
-0.315
-0.168
0.064
0.155
0.273
0.126
0.122
-0.095
-0.091
0.01
0.258
0.2
0.371
0.338
0.328
0.174
0.133
0.08
0.15
0.281
0.186
-0.04
-0.221
10.332
-0.247
-0.259
-0.292
-0.107
-0.454
-0.318
-0.414
-0.396
-0.542
-0.904
-1.005
-0.954
-0.93
-0.873
-0.796
-0.843
-0.776
-0.714
-0.573
-0.519
-0.36
-0.196
-0.564
-0.453
-0.704
-0.831
-0.77
-0.629
-0.667
-0.761
-0.691
-0.496
-0.555
-0.517
-0.542
-0.453
-0.454
-0.307
-0.242
-0.161
0.095
0.06
-0.021
0.115
0.119
0.096
0.21
0.101
0.235
-1.355
0.485
0.634
0.61
0.512
0.603
0.825
1.114
1.139
1.405
0.874
0.746
0.562
0.535
0.547
0.471
0.512
0.443
0.335
0.284
0.381
0.231
0.275
0.184
0.163
0.092
-0.005
-0.109
-0.515
-0.588
-0.912
-1.05
-0.945
-1.089
-0.863
-0.96
-1.029
-1.294
-1.173
-1.052
-1.05
-0.971
-1.14
-0.999
-0.975
-1.051
-0.848
-0.768
-0.787
-0.831
-0.66
-0.504
-0.451
-0.586
-0.615
-0.853
-0.853
-0.938
-1.052
-0.645
-0.781
-0.746
-0.734
-0.958
-0.736
-0.746
-0.845
-0.699
-0.736
-0.856
-1.116
-0.916
-1.001
-1.091
-1.109
-1.235
-1.12
-1.01
-1.127
-1.0
-0.688
-0.556
-0.356
-0.212
-0.445
-0.351
-0.565
-0.294
-0.255
-0.28
-0.066
0.165
0.215
-0.022
0.021
-0.01
0.143
0.14
0.233
0.176
0.291
0.309
0.315
0.255
0.181
0.39
0.659
0.406
0.22
0.385
0.208
0.177
0.151
0.254
0.229
0.239
0.219
0.17
0.045
0.196
0.245
0.344
0.283
0.315
0.362
0.526
0.474
0.454
0.326
0.369
0.366
0.182
0.049
0.024
0.006
-0.081
-0.005
0.08
0.2
0.035
0.143
0.036
0.217
0.264
0.263
0.427
0.441
0.404
0.391
0.304
0.116
0.154
-0.364
-0.139
-0.413
-0.352
-0.354
-0.585
-0.69
-0.473
-0.666
-0.644
-0.556
-0.521
-0.728
-0.578
-0.439
-0.453
-0.369
-0.295
-0.226
-0.129
-0.07
-0.066
0.184
0.205
0.051
0.345
0.438
0.753
0.619
0.824
0.721
0.655
0.864
0.667
0.65
0.718
0.814
0.784
0.733
0.725
0.745
0.735
0.578
0.611
0.534
0.354
0.408
0.335
0.141
-0.018
0.106
-0.092
-0.146
-0.1
-0.048
0.026
-0.109
-0.144
-0.385
-0.435
-0.614
-0.436
-0.455
-0.611
-0.539
-0.469
-0.489
-0.682
-0.496
-0.651
-0.628
-0.478
-0.585
-0.517
-0.676
-0.644
-0.784
-0.53
-0.346
-0.485
-0.265
-0.455
-0.343
-0.446
-0.236
-0.241
-0.314
-0.28
-0.035
-0.283
-0.386
-0.426
-0.521
-0.69
-0.621
-0.706
-0.411
-0.238
-0.106
-0.216
-0.254
-0.242
-0.296
-0.251
-0.075
-0.133
-0.268
-0.212
-0.341
-0.499
-0.464
-0.515
-0.458
-0.547
-0.59
-0.481
-0.426
-0.628
-0.744
-0.734
-0.623
-0.789
-0.733
-0.536
-0.386
-0.444
-0.596
-0.628
-0.503
-0.359
-0.356
-0.411
-0.33
-0.37
-0.504
-0.656
-0.71
-0.706
-0.639
-0.599
-0.446
-0.591
-0.603
-0.705
-0.661
-0.646
-0.609
-0.444
-0.562
-0.562
-0.641
-0.583
-0.504
-0.446
-0.495
-0.356
-0.39
-0.189
-0.335
-0.205
-0.173
0.041
0.206
0.114
0.244
0.386
0.328
0.285
0.292
0.431
0.436
0.234
0.335
0.421
0.569
0.479
0.804
0.74
0.684
0.897
0.85
0.855
0.85
0.993
0.899
0.932
0.915
0.886
1.189
1.252
1.356
1.414
1.4
1.391
1.43
1.443
1.625
1.599
1.637
1.308
1.526
1.561
1.137
1.363
1.395
1.079
0.994
1.2
0.848
0.784
0.721
0.741
0.771
0.915
0.902
0.893
0.856
0.909
0.861
0.79
0.721
0.77
0.876
0.804
0.585
0.633
0.411
0.497
0.396
0.531
0.409
0.27
0.333
0.39
0.455
0.359
0.519
0.606
0.905
0.88
0.895
1.083
0.94
0.96
1.04
1.091
1.171
1.115
1.222
1.093
1.129
1.153
0.945
0.944
0.974
0.82
0.598
0.95
1.042
1.216
1.11
0.983
0.94
0.86
0.713
0.784
0.824
1.089
1.116
1.265
1.44
1.43
1.459
1.426
1.519
1.731
1.67
1.67
1.73
1.424
1.379
1.113
1.005
0.743
0.642
0.709
0.444
0.765
0.861
0.938
0.836
0.711
0.554
0.19
-0.031
-0.336
-0.174
-0.271
-0.343
-0.365
-0.316
-0.601
-0.685
-0.603
-0.716
-0.641
-0.677
-0.465
-0.652
-0.469
-0.521
-0.723
-0.614
-0.399
-0.401
-0.403
-0.253
-0.328
0.114
0.013
0.095
0.177
0.344
0.539
0.55
0.836
0.991
1.038
1.285
1.238
1.25
1.359
1.232
1.465
1.071
0.885
0.843
0.417
0.475
0.385
0.464
0.36
0.434
0.575
0.361
0.273
0.152
0.107
0.19
0.122
-0.007
-0.118
-0.491
-0.608
-0.667
-0.86
-0.861
-0.777
-0.645
-0.431
-0.3
