0.422
0.47
0.586
0.56
0.449
0.385
0.29
0.364
0.349
0.486
0.618
0.52
0.372
0.451
0.196
0.281
0.103
-0.092
-0.25
-0.345
-0.33
-0.484
-0.565
-0.626
-0.544
-0.694
-0.58
-0.58
-0.669
-0.777
-0.839
-0.705
-0.775
-0.856
-0.785
-0.661
-0.831
-0.682
-0.811
-0.585
-0.335
-0.474
-0.231
-0.059
-0.076
-0.165
-0.309
-0.062
-0.177
-0.246
-0.294
-0.388
-0.166
-0.175
-0.446
-0.206
-0.231
-0.294
-0.305
-0.273
-0.246
-0.284
-0.084
-0.116
-0.16
-0.055
-0.129
-0.517
-0.52
-0.525
-0.605
-0.531
-0.448
-0.305
-0.276
-0.36
-0.291
-0.338
-0.154
-0.334
-0.325
-0.12
-0.114
-0.126
-0.159
-0.284
-0.175
-0.16
-0.275
-0.36
-0.571
-0.6
-0.591
-0.424
-0.591
-0.662
-0.84
-0.741
-0.628
-0.694
-0.51
-0.623
-0.478
-0.451
-0.603
-0.516
-0.503
-0.2
-0.367
-0.575
-0.312
-0.441
-0.281
-0.399
-0.405
-0.482
-0.314
-0.439
-0.323
-0.288
-0.304
-0.321
-0.314
-0.258
-0.367
-0.121
-0.177
-0.159
-0.381
-0.511
-0.522
-0.66
-0.628
-0.468
-0.145
-0.116
-0.037
0.035
0.069
0.095
0.004
0.054
0.508
0.251
0.236
0.324
0.386
0.302
0.469
0.335
0.464
0.51
0.562
0.57
0.55
0.316
0.27
0.315
0.325
0.399
0.426
0.346
0.263
0.037
-0.113
-0.062
0.024
-0.105
-0.159
-0.316
-0.321
-0.28
-0.554
-0.674
-0.729
-0.891
-0.888
-1.014
-0.77
-0.769
-0.754
-0.726
-0.669
-0.694
-0.833
-0.781
-0.824
-0.865
-0.916
-1.13
-1.323
-1.321
-0.981
-0.731
-0.294
-0.182
0.039
0.23
0.338
0.285
0.251
0.194
0.334
0.244
0.233
0.014
-0.079
0.026
0.072
0.158
0.174
0.241
0.426
0.239
0.226
-0.037
0.113
-0.085
-0.163
0.02
0.007
0.151
0.275
0.275
0.346
0.371
0.31
0.246
0.255
0.026
0.199
0.061
0.03
0.2
0.249
0.466
0.196
-0.077
-0.249
-0.406
-0.579
-0.588
-0.552
-0.486
-0.571
-0.583
-0.684
-0.686
-0.659
-0.611
-0.545
-0.414
-0.145
-0.099
-0.641
-0.541
-0.535
-0.514
-0.684
-0.517
-0.355
-0.249
-0.306
-0.274
-0.034
0.043
0.251
-0.133
-0.001
-0.431
-0.421
-0.305
-0.393
-0.48
-0.492
-0.61
-0.625
-0.562
-0.478
-0.54
-0.45
-0.356
-0.244
-0.238
0.171
0.261
0.16
0.046
-0.092
-0.049
-0.018
-0.124
-0.125
0.035
-0.013
0.163
0.325
0.383
0.379
0.233
0.265
0.046
0.072
-10.336
0.083
0.201
0.147
0.273
0.21
0.239
0.23
0.199
0.09
0.21
0.009
0.149
0.7
0.556
0.853
1.001
1.141
1.056
1.15
1.095
1.035
1.029
1.13
1.075
0.833
0.764
0.801
0.575
0.473
0.583
0.819
0.812
0.696
0.774
0.623
0.718
0.761
0.709
0.556
0.614
0.664
0.6
0.581
0.604
0.686
0.504
0.487
0.343
0.133
-0.177
-0.251
-0.09
0.022
0.129
0.196
0.198
0.11
0.17
0.217
0.036
0.239
0.145
0.71
0.645
0.473
0.818
0.68
0.71
0.506
0.4
0.326
0.769
0.823
0.734
0.869
0.866
1.014
0.956
1.069
1.144
1.19
0.966
0.797
0.946
0.776
0.971
1.016
1.196
1.42
1.635
1.831
1.854
1.774
1.684
1.708
1.489
1.525
1.453
1.399
1.419
1.536
1.294
1.48
1.535
1.495
1.595
1.42
1.375
1.224
1.349
1.115
0.779
0.796
0.486
0.601
0.761
0.961
1.031
1.135
1.104
1.106
0.924
0.981
0.935
0.948
0.835
0.804
0.864
0.69
0.799
0.988
1.399
1.28
1.343
1.265
1.214
1.269
1.103
1.115
1.201
0.796
0.787
0.499
0.451
0.194
0.174
0.144
0.44
0.081
0.159
10.332
0.166
-0.066
-0.159
-0.096
-0.034
-0.056
0.025
0.058
-0.136
-0.348
-0.291
-0.196
-0.279
-0.184
-0.211
-0.263
-0.24
-0.12
-0.211
-0.055
-0.219
-0.259
-0.381
0.01
0.188
0.27
0.379
0.224
0.066
0.059
-0.146
0.15
-0.022
-0.007
0.06
0.04
0.231
0.13
0.305
0.325
0.336
0.072
0.118
0.041
0.141
0.245
0.219
0.14
0.109
-0.003
0.081
-0.046
-0.018
-0.081
-0.158
-0.19
-0.296
-0.349
-0.525
-0.529
-0.71
-0.565
-0.916
-0.911
-0.91
-0.92
-0.776
-0.932
-0.809
-0.731
-0.881
-0.758
-0.812
-0.825
-0.565
-0.515
-0.451
-0.466
-0.494
-0.145
-0.129
0.046
0.189
0.3
0.393
0.069
-0.05
0.036
-0.094
-0.154
0.026
0.065
0.205
0.304
0.155
-0.149
-0.074
-0.165
-0.292
-0.099
-0.004
0.27
0.188
0.016
0.064
0.006
0.069
-0.229
-0.244
-0.2
-0.54
-0.329
-0.754
-0.765
-0.661
-0.49
-0.562
-0.62
-0.458
-0.681
-0.642
-0.535
-0.473
-0.311
-0.182
0.041
0.109
-0.33
-0.46
-0.346
-0.179
-0.169
-0.099
-0.128
-0.17
-0.135
-0.133
-0.024
-0.051
0.246
0.131
0.234
0.074
-0.056
-0.325
-0.323
-0.556
-0.458
-0.284
-0.235
-0.318
-0.129
-0.025
-0.174
-0.193
-0.443
-0.525
-0.609
-0.578
-0.486
-0.515
-0.355
-0.801
-0.555
-0.55
-0.459
-0.405
-0.439
-0.398
-0.537
-0.441
-0.652
-0.836
-0.666
-0.955
-0.851
-0.826
-0.745
-0.57
-0.835
-0.76
-0.69
-0.739
-0.288
-0.367
-0.366
-0.532
-0.439
-0.542
-0.51
-0.635
-0.302
-0.209
-0.2
-0.164
-0.206
-0.198
-0.224
-0.155
-0.122
0.143
0.086
0.141
-0.175
-0.075
-0.384
-0.333
-0.301
-0.463
-0.424
-0.464
-0.432
-0.682
-0.646
-0.64
-0.338
-0.432
-0.573
-0.699
-0.619
-0.672
-0.708
-1.002
-1.025
-0.893
-0.73
-0.716
-0.84
-0.662
-0.641
-0.861
-0.888
-1.08
-1.078
-0.932
-1.137
-0.866
-0.853
-0.676
-0.55
-0.456
-0.356
-0.29
0.134
0.16
0.265
0.37
0.03
0.034
0.04
0.081
0.083
0.233
0.206
0.378
0.549
0.56
0.614
0.776
0.704
0.741
0.851
0.704
0.701
0.608
0.398
0.141
0.214
0.08
0.022
-0.131
-0.425
-0.521
-0.816
-0.843
-0.865
-0.796
-0.761
-1.04
-1.022
-1.163
-1.179
-1.143
-0.904
-0.934
-0.931
-0.739
-0.926
-0.828
-0.87
-0.764
-0.775
-0.672
-0.535
-0.479
-0.511
-0.651
-0.581
-0.551
-0.616
-0.51
-0.422
-0.556
-0.67
-0.639
-0.598
-0.424
-0.424
-0.635
-0.549
-0.743
-0.674
-0.821
-0.758
-0.771
-0.629
-0.571
-0.589
-0.59
-0.568
-0.633
-0.436
-0.514
-0.468
-0.269
0.085
0.083
-0.109
-0.01
-0.045
-0.071
0.088
0.169
0.133
0.371
0.469
0.66
0.789
0.75
1.06
0.963
0.946
0.911
0.983
1.286
1.314
1.335
1.39
1.04
1.042
1.116
1.135
1.201
1.147
1.241
1.161
1.163
0.896
0.924
0.907
0.721
0.917
0.795
0.945
0.544
0.503
0.456
0.649
0.566
0.497
0.65
0.312
0.196
0.288
0.344
0.255
0.24
0.076
-0.051
0.03
0.146
0.181
0.259
0.164
-0.001
0.033
0.064
0.08
0.043
0.098
0.415
0.436
0.265
0.21
0.341
0.445
0.611
0.554
0.575
0.699
0.679
0.856
0.671
0.451
0.316
0.339
0.284
0.014
-0.145
-0.174
-0.381
-0.364
-0.573
-0.522
-0.436
-0.381
-0.475
-0.461
-0.482
-0.604
-0.605
-0.338
-0.389
-0.432
-0.195
-0.295
-0.015
0.13
0.177
0.309
0.135
0.356
0.344
0.463
0.753
0.895
1.014
1.219
1.399
1.51
1.476
1.541
1.574
1.653
1.736
1.835
1.884
2.104
2.159
1.915
1.778
1.866
1.948
1.953
2.04
1.97
1.805
1.799
1.801
1.711
1.551
1.435
1.173
0.522
0.497
0.716
0.876
0.996
1.121
1.262
1.179
0.988
0.865
0.868
0.846
1.094
1.3
0.995
0.915
0.953
0.875
0.677
0.504
0.661
0.818
1.133
1.306
1.171
1.141
1.079
0.983
1.163
1.198
1.123
0.87
0.931
0.968
0.696
0.79
0.771
0.955
1.164
1.038
1.002
0.824
0.534
0.406
0.451
0.479
0.629
0.496
0.634
0.245
0.23
0.517
0.821
0.989
1.074
1.281
1.407
1.326
1.269
1.311
1.179
1.436
1.406
1.292
1.216
1.045
1.1
0.948
0.943
1.036
1.097
1.0
1.181
1.222
1.399
1.36
1.225
0.984
0.86
0.713
0.43
0.465
0.345
0.305
0.24
0.275
0.251
0.53
0.345
0.413
0.492
0.406
0.328
0.085
-0.106
-0.331
-0.385
-0.259
-0.168
-0.425
-0.725
-0.593
-0.565
-0.695
-0.62
-0.67
-0.682
-0.689
-0.511
-0.634
-0.869
-0.786
-0.807
-1.073
-1.069
-0.87
-0.608
-0.515
-0.474
-0.481
-0.356
-0.56
-0.606
-0.691
-0.61
-0.829
-0.897
-0.438
-0.285
-0.274
-0.168
-0.191
-0.103
-0.072
-0.273
-0.266
-0.302
-0.105
-0.03
-0.041
-0.116
0.08
-0.04
-0.044
0.031
0.013
-0.099
-0.288
-0.481
-0.403
-0.469
-0.258
-0.289
-0.189
-0.389
-0.575
-0.546
-0.535
-0.806
-0.691
-0.774
-0.761
-1.028
-1.399
-1.516
-1.624
-1.246
-1.071
-0.856
-0.771
-0.715
-0.695
-0.78
-0.514
-0.554
-0.439
-0.573
-0.426
-0.725
-0.642
-0.819
-0.92
-0.704
-0.772
-0.729
-0.701
-0.724
-0.522
-0.409
-0.71
-0.495
-0.583
-0.466
-0.615
-0.594
-0.52
-0.647
-0.62
-0.279
-0.425
-0.378
-0.395
-0.458
-0.56
-0.453
-0.482
-0.5
-0.579
-0.922
-0.721
-0.556
-0.37
-0.431
-0.516
-0.362
-0.4
-0.378
-0.557
-0.448
-0.676
-0.58
-0.72
-0.619
-0.686
-0.912
-0.98
-1.37
-1.144
-1.144
-0.968
-0.764
-0.696
-0.585
-0.579
-0.486
-0.532
-0.584
-0.284
-0.244
-0.055
-0.084
0.029
0.109
-0.058
-0.258
-0.263
-0.258
-0.38
-0.286
-0.432
-0.333
-0.286
-0.398
-0.315
-0.525
-0.565
-0.649
-0.685
-0.851
-0.672
-0.661
-0.38
-0.246
-0.297
-0.111
-0.14
-0.139
-0.146
-0.266
-0.417
-0.445
-0.755
-0.621
-0.489
-0.403
-0.114
-0.188
-0.044
0.091
0.14
0.069
0.088
0.165
0.161
0.092
0.104
0.179
0.14
0.083
0.043
0.372
0.396
0.601
0.396
0.456
0.28
-8.075
0.14
0.22
0.17
0.089
-0.004
-0.06
-0.19
-0.151
-0.12
-0.059
0.107
-0.195
-0.26
-0.27
-0.199
-0.263
-0.274
-0.555
-0.693
-0.806
-0.756
-0.82
-0.694
-0.83
-0.848
-0.78
-1.001
-0.8
-0.806
-0.759
-0.745
-0.621
-0.669
-0.646
-0.731
-0.596
-0.638
-0.379
-0.324
-0.416
-0.26
-0.179
0.016
-0.007
0.145
0.241
0.279
0.323
0.489
0.535
0.621
0.69
0.475
0.625
0.516
0.551
0.446
0.496
0.499
0.395
0.176
0.155
0.113
0.1
0.096
0.029
-0.054
-0.029
0.034
-0.039
-0.064
-0.098
-0.41
-0.141
-0.217
-0.25
-0.426
-0.469
-0.549
-0.629
-0.824
-0.914
-0.973
-1.126
-0.944
-0.84
-0.719
-0.578
-0.517
-0.573
-0.505
-0.573
-0.468
-0.223
-0.351
-0.101
0.106
-0.225
-0.109
-0.056
-0.212
0.001
-0.25
-0.199
-0.12
0.075
0.225
0.122
0.198
0.233
0.161
0.209
0.051
-0.004
-0.079
-0.036
-0.058
-0.09
-0.235
-0.104
-0.177
-0.092
-0.174
-0.095
-0.294
-0.393
-0.336
-0.654
-0.101
0.074
0.193
0.398
0.394
0.459
0.526
0.3
0.098
0.096
0.104
0.1
0.029
-0.034
0.103
0.169
0.094
0.036
-0.118
-0.28
-0.294
-0.463
-0.471
-0.591
-0.82
-0.771
-0.669
-0.776
-0.576
-0.696
-0.616
-0.522
-0.469
-0.515
-0.411
-0.32
-0.429
-0.266
-0.294
-0.424
-0.42
-0.514
-0.179
-0.014
0.2
0.404
0.534
0.659
0.734
0.795
0.684
0.989
1.093
1.149
0.901
1.006
0.965
0.975
0.845
0.948
1.125
1.295
1.484
1.25
1.46
1.333
1.254
1.458
1.24
1.316
1.363
1.356
1.175
1.089
0.759
0.78
1.036
1.326
1.461
1.819
1.693
1.698
1.623
1.465
1.515
1.417
1.264
1.441
1.434
1.101
1.385
1.261
1.339
1.315
1.285
1.173
1.21
0.721
0.445
0.435
0.351
0.62
0.46
0.375
0.494
0.5
0.318
0.154
0.015
-0.046
0.024
0.007
0.033
-0.051
0.188
0.281
0.388
0.344
0.383
0.348
0.176
0.1
0.045
-0.166
-0.253
-0.161
-0.138
-0.16
-0.076
0.062
0.114
0.286
0.211
0.3
0.314
0.537
0.57
0.497
0.499
0.555
0.443
0.42
0.316
0.349
0.438
0.849
0.856
1.06
1.459
1.562
1.448
1.38
1.381
1.411
1.349
1.548
1.719
1.775
1.635
1.768
1.665
1.353
1.262
1.256
1.351
1.205
1.385
1.18
0.926
0.86
0.914
0.836
0.503
0.283
0.166
0.125
0.049
-0.056
-0.129
-0.121
0.211
0.07
-0.084
-0.061
-0.259
-0.164
-0.231
-0.119
-0.17
-0.17
-0.121
0.049
-0.021
0.228
0.205
0.141
0.283
0.443
0.689
0.775
0.834
0.743
0.551
0.65
0.415
0.206
0.215
0.24
0.135
0.171
0.096
0.175
-0.195
-0.261
-0.519
-0.459
-0.606
-0.838
-0.851
-0.988
-0.934
-1.021
-1.239
-1.39
-1.163
-0.991
-0.766
-0.555
-0.562
-0.671
-0.395
-0.223
-0.166
-0.113
-0.024
0.09
-0.028
0.021
-0.018
-0.051
0.065
-0.113
0.011
-0.06
-0.048
-0.389
-0.552
-0.211
-0.306
-0.21
-0.107
-0.151
-0.388
-0.484
-0.341
-0.42
-0.306
-0.238
-0.251
-0.259
-0.274
-0.334
-0.22
-0.604
-0.706
-0.746
-0.811
-0.864
-0.858
-0.665
-0.431
-0.188
-0.235
-0.029
-0.199
-0.228
-0.434
-0.399
-0.579
-0.694
-0.57
-0.427
-0.359
-0.121
-0.119
0.109
0.056
-0.115
0.066
0.076
0.251
0.147
-0.031
-0.145
0.011
0.081
0.026
0.181
0.035
-0.236
-0.505
-0.463
-0.565
-0.689
-0.738
-0.781
-0.845
-0.976
-0.729
-0.719
-0.873
-0.89
-0.753
-0.599
-0.8
-0.681
-0.792
-0.631
-0.608
-0.534
-0.564
-0.594
-0.492
-0.526
-0.435
-0.408
-0.251
-0.186
-0.147
0.098
0.371
0.264
0.26
0.444
0.541
0.526
0.651
0.801
0.703
0.649
0.721
0.741
0.46
0.379
0.164
0.279
0.092
0.224
0.42
0.475
0.62
0.439
0.333
0.338
0.323
0.494
0.479
0.39
0.436
0.379
0.365
0.141
-0.066
-0.254
-0.451
-0.365
-0.301
-0.256
-0.422
-0.39
-0.366
-0.409
-0.562
-0.36
-0.5
-0.199
-0.264
-0.323
-0.35
-0.184
-0.263
-0.305
-0.404
-0.419
-0.374
-0.336
-0.336
-0.24
-0.22
-0.359
-0.175
-0.302
-0.468
-0.64
-0.664
-0.994
-0.825
-0.774
-0.802
-0.934
-1.014
-1.181
-1.301
-1.268
-1.386
-1.196
-1.42
-1.304
-1.379
-1.62
-1.598
-1.534
-1.646
-1.478
-1.389
-1.321
-1.07
-0.94
-0.981
-1.006
-0.945
-0.853
-0.956
-0.761
-0.57
-0.642
-0.494
-0.383
-0.185
-0.166
-0.069
0.229
0.331
0.45
0.296
0.474
0.516
0.603
0.546
0.603
0.677
0.629
0.609
0.646
0.7
0.684
0.774
0.606
0.421
0.223
0.19
0.26
0.015
0.081
0.009
0.03
-0.099
-0.143
-0.15
-0.24
-0.209
-0.312
-0.288
-0.312
-0.263
-0.48
-0.479
-0.522
-0.443
-0.564
-0.497
-0.385
-0.51
-0.29
-0.445
-0.421
-0.268
-0.381
-0.115
-0.311
-0.199
-0.111
0.036
0.122
0.061
0.081
0.171
0.016
0.199
0.115
0.095
0.072
0.077
0.3
0.23
0.188
0.208
0.146
-0.015
0.15
0.041
0.046
-0.055
0.121
-0.034
-0.329
-0.315
-0.409
-0.466
-0.396
-0.359
-0.281
-0.16
-0.302
-0.226
-0.318
-0.113
-0.166
-0.256
-0.196
-0.051
-0.205
-0.18
-0.285
-0.302
-0.409
-0.344
-0.508
-0.618
-0.609
-0.646
-0.404
-0.603
-0.501
-0.506
-0.55
-0.475
-0.578
-0.544
-0.511
-0.512
-0.429
-0.652
-0.514
-0.825
-0.61
-0.603
-0.57
-0.584
-0.608
-0.461
-0.481
-0.235
-0.091
0.152
0.4
0.619
0.807
0.995
1.213
1.375
1.235
1.179
1.439
1.429
1.741
1.724
1.666
1.621
1.453
1.559
1.594
1.419
1.484
1.333
1.021
0.84
0.907
1.074
1.041
0.979
0.779
0.738
0.7
0.761
0.72
0.621
0.455
0.076
0.129
-0.072
-0.147
-0.276
-0.146
-0.318
-0.357
-0.349
-0.432
-0.334
-0.527
-0.491
-0.386
-0.359
-0.214
-0.201
-0.225
-0.119
0.0
0.14
0.263
0.295
0.379
0.41
0.495
0.474
0.413
0.47
0.414
0.367
0.206
0.269
0.475
0.461
0.541
1.005
0.844
0.777
0.685
0.354
0.367
-0.072
0.01
0.27
0.686
0.362
0.505
0.414
0.275
0.266
0.542
0.59
0.621
0.771
0.734
0.481
0.588
0.729
0.645
0.818
1.198
1.365
1.713
1.669
1.571
1.736
1.57
1.651
1.8
1.745
1.98
1.907
1.574
1.463
1.489
1.479
1.441
1.518
1.308
0.85
1.021
1.018
0.978
0.916
1.1
1.175
1.115
1.13
1.019
1.086
0.97
0.935
0.895
0.781
0.753
0.731
0.609
0.65
0.307
0.463
0.466
0.424
0.426
0.482
0.53
0.56
0.455
0.596
0.642
0.759
0.634
0.667
0.711
0.725
0.776
0.786
0.709
0.556
0.584
0.636
0.526
0.294
0.014
-0.231
-0.238
-0.314
-0.32
-0.22
-0.346
-0.3
-0.106
-0.165
0.062
-0.059
0.118
0.131
-0.084
-0.155
-0.265
-0.145
-0.159
0.161
0.32
0.085
0.152
-0.066
-0.046
0.214
0.152
0.24
0.393
0.225
0.29
0.487
0.519
0.618
0.875
0.764
0.606
0.835
0.491
0.714
0.67
0.657
0.618
0.481
0.599
0.305
0.175
-0.019
0.091
0.084
0.283
0.36
0.19
0.055
-0.131
0.079
0.054
0.159
-0.03
0.089
0.196
-0.104
0.139
0.176
0.138
-0.092
0.264
0.122
0.186
0.103
0.32
0.175
-0.12
0.158
0.161
0.351
0.104
0.085
-0.005
-0.049
-0.031
-0.258
0.242
0.301
0.393
0.374
0.271
0.426
0.55
0.328
0.131
-0.096
-0.169
-0.203
0.013
-0.159
-0.107
-0.033
-0.096
-0.141
0.114
0.203
0.155
0.024
0.105
0.119
0.046
0.064
-0.144
-0.312
-0.256
-0.241
-0.201
0.046
-0.198
0.058
-0.152
0.114
0.131
0.128
0.075
-0.04
-0.138
0.044
-0.028
0.075
-0.288
-0.296
-0.381
-0.269
-0.292
-0.391
-0.369
-0.251
-0.441
-0.419
-0.62
-0.443
-0.439
-0.481
-0.404
-0.444
-0.375
-0.212
-0.14
0.045
0.195
0.089
-0.028
-0.058
0.011
0.074
0.046
0.269
0.404
0.168
0.1
-0.119
0.101
0.04
-0.109
-0.151
-0.114
-0.169
-0.409
-0.481
-0.531
-0.618
-0.355
-0.537
-0.596
-0.721
-0.735
-0.768
-0.84
-0.672
-0.508
-0.441
-0.665
-0.839
-0.802
-0.959
-0.876
-0.893
-1.121
-1.221
-1.248
-1.186
-1.211
-1.28
-1.117
-1.107
-1.133
-0.834
-1.096
-0.984
-0.958
-1.164
-1.085
-0.874
-0.979
-0.846
-0.589
-0.524
-0.424
-0.49
-0.489
-0.554
-0.591
-0.659
-0.609
-0.713
-0.652
-0.453
-0.758
-0.714
-0.588
-0.494
-0.242
-0.152
0.006
-0.129
-0.541
-0.401
-0.404
-0.307
-0.311
-0.399
-0.355
-0.482
-0.517
-0.481
-0.43
-0.804
-0.824
-0.823
-1.103
-0.871
-1.041
-0.811
-0.79
-0.94
-0.912
-0.894
-0.883
-0.825
-0.633
-0.509
-0.314
-0.307
-0.374
-0.37
-0.458
-0.144
-0.052
0.092
-0.035
0.283
0.314
0.339
0.331
0.384
0.603
0.833
0.38
0.505
0.611
0.72
0.858
0.468
0.455
0.551
0.605
0.565
0.583
0.429
0.408
0.24
0.506
0.399
0.388
0.064
-0.015
-0.136
-0.054
-0.124
0.05
0.119
-0.059
-0.086
-0.259
-0.271
-0.43
-0.65
-0.635
-0.719
-0.542
-0.659
-0.743
-0.776
-0.514
-0.656
-0.734
-0.709
-0.718
-0.454
-0.574
-0.635
-0.619
-0.359
-0.116
-0.186
-0.043
0.039
-0.171
-0.155
-0.088
0.115
-0.049
0.009
0.149
0.125
0.321
0.331
0.429
0.494
0.355
0.146
0.28
0.568
0.448
0.675
0.512
0.289
0.355
0.299
0.357
0.299
0.448
0.469
0.48
0.534
0.489
0.735
0.557
0.56
0.517
0.403
0.459
0.55
0.68
0.456
0.278
0.339
0.355
0.431
0.511
0.491
0.595
0.744
0.527
0.292
0.29
0.413
0.156
0.284
0.812
0.676
0.94
0.885
0.786
0.899
0.998
0.899
1.01
0.731
0.485
0.29
0.17
0.334
0.49
0.71
0.661
0.675
0.601
0.682
0.738
0.785
0.954
1.036
0.876
0.779
0.505
0.583
0.484
0.49
0.561
0.695
0.77
0.96
0.975
0.953
0.89
0.941
0.85
0.685
0.497
0.501
0.401
0.395
0.522
0.311
0.013
0.223
0.156
-0.101
0.061
-0.113
-0.226
-0.079
-0.075
-0.066
-0.139
-0.019
0.058
0.242
0.184
0.297
0.526
0.458
0.649
0.516
0.706
0.614
0.763
0.698
0.71
0.958
1.221
1.311
1.117
1.029
1.045
1.096
1.068
1.093
