-0.15
0.161
0.393
0.598
0.346
0.294
0.044
-0.205
-0.413
-0.585
-0.246
-0.234
-0.091
-0.006
-0.096
-0.164
-0.451
-0.496
-0.151
-0.098
-0.054
-0.309
-0.489
-0.679
-0.682
-0.672
-0.753
-0.557
-0.713
-0.845
-0.984
-1.075
-1.268
-1.083
-0.841
-0.959
-0.586
-0.573
-0.305
-0.419
-0.586
-0.339
-0.32
-0.391
-0.408
-0.07
-0.14
-0.158
-0.034
-0.119
0.1
0.114
0.224
0.046
0.039
0.077
0.015
-0.022
-0.018
-0.139
-0.031
0.031
0.115
-0.004
0.009
0.083
0.263
0.19
0.35
0.357
0.388
0.41
0.244
0.219
0.334
0.3
0.126
0.195
0.422
0.492
0.586
0.753
0.734
0.891
0.68
0.196
0.355
0.225
0.468
0.644
0.33
0.231
0.161
0.166
0.181
0.321
0.325
0.425
0.534
0.461
0.499
0.321
0.311
0.361
0.432
0.215
-0.005
-0.371
-0.652
-0.614
-0.858
-0.655
-0.672
-0.28
-0.247
-0.359
-0.797
-0.797
-0.795
-0.509
-0.534
-0.346
-0.221
-0.288
-0.391
-0.79
-0.855
-0.739
-0.56
-0.66
-0.217
-0.336
-0.271
-0.296
-0.434
-0.339
0.121
0.191
0.159
0.144
-0.335
-0.709
-1.044
-0.941
-0.848
-0.774
-0.823
-0.625
-0.644
-0.78
-0.753
-0.677
-0.489
-0.336
-0.305
-0.335
-0.544
-1.021
-1.078
-1.2
-1.504
-1.516
-1.271
-1.062
-1.002
-1.016
-1.026
-0.865
-0.851
-0.599
-0.506
-0.509
-0.564
-0.601
-0.65
-0.739
-0.595
-0.48
-0.099
0.026
0.115
0.168
0.385
0.323
0.43
0.379
0.636
0.49
0.633
0.398
0.176
0.182
0.55
0.636
0.88
0.679
0.524
0.506
0.468
0.468
0.586
0.594
0.566
0.43
0.065
-0.193
-0.294
-0.618
-0.75
-0.782
-0.583
-0.576
-0.621
-0.95
-0.896
-0.924
-1.041
-0.958
-0.769
-1.005
-0.851
-0.888
-0.909
-0.81
-0.768
-0.531
-0.312
-0.171
-0.066
-0.026
0.134
0.291
0.211
0.026
0.223
0.238
0.549
0.399
0.492
0.316
0.107
0.147
0.11
0.17
0.128
0.279
0.278
0.059
0.055
-0.091
-0.113
-0.079
0.06
0.149
0.316
0.212
0.021
-0.276
-0.283
-0.016
-0.283
-0.118
-0.04
-0.022
-0.316
-0.503
-0.56
-0.226
-0.116
0.169
0.18
0.31
0.504
0.585
0.818
0.907
1.1
1.269
1.232
1.256
1.094
1.146
1.229
1.123
1.121
1.143
1.524
1.271
1.401
1.097
1.091
1.12
1.026
1.113
0.971
0.901
1.011
1.119
1.157
1.05
1.153
0.818
0.766
0.667
0.441
0.556
0.57
0.511
0.475
0.846
0.998
1.041
0.899
0.684
0.738
0.93
0.845
0.989
0.688
0.645
0.378
0.378
0.271
0.372
0.557
0.555
0.675
0.689
0.79
0.802
0.749
0.564
0.431
0.399
0.321
0.077
0.274
0.088
0.229
0.384
0.568
0.514
0.529
0.561
0.56
0.455
0.315
0.365
0.236
0.25
0.07
0.106
0.22
0.346
0.289
0.24
0.086
-0.144
0.028
-0.144
-0.294
-0.246
-0.122
-0.185
-0.236
-0.348
-0.559
-0.328
-0.254
0.109
0.193
0.371
0.561
0.551
0.81
0.696
0.821
0.706
0.741
0.666
0.578
0.458
0.589
0.743
1.096
0.964
0.996
0.698
1.048
0.916
0.854
0.792
0.71
0.545
0.35
0.381
0.461
0.249
10.332
0.245
0.198
0.44
0.301
0.155
-0.134
0.025
0.101
-0.209
-0.547
-0.829
-1.006
-1.155
-1.191
-0.983
-0.999
-1.052
-1.155
-1.089
-1.209
-1.324
-1.248
-1.356
-1.143
-1.015
-1.073
-1.238
-0.94
-0.893
-0.771
-0.674
-0.398
-0.084
-0.083
0.145
0.224
0.121
0.273
0.122
0.21
0.315
0.509
0.574
0.376
0.664
0.744
0.941
1.014
0.93
1.161
0.989
0.662
0.489
0.545
0.32
0.315
0.1
0.139
0.356
0.29
0.316
0.214
0.319
0.224
0.234
0.173
0.066
0.184
0.081
0.001
-0.009
-0.065
-0.424
-0.242
-0.49
-0.504
-0.329
-0.503
-0.334
-0.235
-0.177
-0.474
-0.296
-0.626
-0.435
-0.357
-2.27
-0.095
-0.147
-0.081
-0.146
-0.191
-0.284
-0.4
-0.388
-0.273
-0.355
-0.29
-0.244
-0.492
-0.79
-1.005
-0.945
-1.038
-1.151
-1.26
-1.28
-1.673
-1.634
-1.611
-1.45
-1.465
-1.203
-1.085
-1.15
-0.8
-0.728
-0.594
-0.58
-0.576
-0.516
-0.554
-0.671
-0.562
-0.69
-0.799
-0.826
-0.744
-0.662
-0.644
-0.766
-0.688
-0.306
-0.212
0.236
0.374
0.311
0.361
-0.041
-0.128
-0.104
-0.013
0.221
0.404
0.413
0.388
0.231
0.254
0.288
0.326
0.551
0.726
0.81
0.729
0.273
0.166
0.003
-0.104
-0.079
0.171
0.092
-0.025
-0.055
-0.12
-0.129
-0.154
-0.06
-0.091
-0.065
-0.269
-0.161
-0.176
-0.43
-0.258
-0.124
-0.024
0.01
-0.114
0.054
0.029
0.051
-0.046
-0.076
-0.113
-0.055
0.116
0.194
0.531
0.355
0.198
-0.094
0.01
-0.217
0.158
0.241
0.511
0.54
0.588
0.61
0.321
0.179
0.114
0.075
-0.039
0.043
0.159
0.201
0.152
0.129
-0.004
-0.15
-0.036
-0.04
-0.154
-0.233
-0.305
-0.305
-0.291
-0.266
-0.036
-0.169
-0.229
-0.131
-0.065
-0.007
0.14
0.022
-0.23
-0.145
-0.394
-0.271
-0.39
-0.425
-0.309
-0.366
-0.505
-0.351
-0.359
-0.284
-0.214
-0.33
-0.285
-0.37
-0.254
-0.133
-0.351
-0.25
-0.225
-0.121
-0.024
0.061
0.04
-0.254
-0.238
-0.107
-0.509
-0.524
-0.328
-0.128
-0.11
-0.09
-0.469
-0.389
-0.43
-0.681
-0.72
-0.534
-0.456
-0.111
-0.09
-0.039
0.059
0.206
-0.221
-0.163
0.076
-0.026
0.025
0.055
0.224
0.459
0.435
0.564
0.843
0.956
0.786
0.729
0.845
0.826
1.177
1.222
1.205
1.261
1.344
1.356
1.51
1.509
1.451
1.347
1.34
1.308
1.347
1.059
1.032
0.87
0.782
0.645
0.573
0.598
0.516
0.76
0.454
0.386
0.386
0.312
0.215
0.135
-0.125
-0.234
-0.504
-0.549
-0.666
-0.311
-0.244
-0.08
0.113
0.22
0.455
0.568
0.536
0.463
0.328
0.125
-0.085
-0.305
-0.275
-0.247
-0.283
-0.158
-0.338
-0.39
-0.329
-0.284
-0.53
-0.536
-0.49
-0.399
-0.419
-0.366
-0.065
0.28
0.291
0.506
0.588
0.576
0.527
0.532
0.561
0.619
0.623
0.584
0.512
0.724
0.787
0.931
0.816
1.006
0.839
0.676
0.604
0.638
0.588
0.487
0.664
0.669
0.486
0.439
0.409
0.541
0.774
0.761
0.829
0.855
0.951
1.18
1.165
1.051
1.216
1.048
0.959
1.101
0.963
1.074
1.005
1.005
0.944
1.175
1.159
1.184
0.974
0.805
0.799
0.631
0.885
0.661
0.709
0.66
0.791
0.701
0.594
0.71
0.656
0.672
0.398
0.081
0.049
0.049
0.116
0.043
0.144
0.079
0.219
0.396
0.285
0.427
0.411
0.229
0.081
-0.046
0.036
0.224
0.05
0.161
0.121
0.111
0.105
-0.061
-0.261
-0.259
-0.273
-0.249
-0.122
-0.029
-0.105
0.013
-0.019
-0.04
-0.133
-0.06
-0.143
-0.413
-0.46
-0.55
-0.604
-0.399
-0.454
-0.246
-0.086
0.048
-0.121
-0.283
-0.439
-0.481
-0.499
-0.416
-0.411
-0.212
-0.405
-0.246
-0.44
-0.591
-0.621
-0.539
-0.135
-0.074
0.019
0.104
0.191
0.103
0.27
0.121
0.244
0.32
0.506
0.54
0.451
0.386
0.445
0.141
0.323
0.354
0.471
0.196
0.265
0.281
0.307
0.242
3.891
0.245
0.251
0.446
0.46
0.263
0.163
0.268
-0.099
-0.211
-0.278
-0.219
-0.247
-0.149
-0.121
-0.065
-0.039
-0.133
-0.188
-0.136
-0.299
-0.165
-0.179
-0.372
-0.333
-0.526
-0.754
-0.661
-0.623
-0.789
-0.759
-0.703
-0.991
-0.963
-1.121
-0.922
-1.054
-1.134
-0.881
-1.073
-0.956
-0.897
-0.714
-0.671
-0.59
-0.463
-0.446
-0.492
-0.479
-0.496
-0.359
-0.224
-0.269
-0.212
-0.152
-0.268
-0.22
0.005
0.205
0.071
0.233
0.182
0.173
-0.009
-0.07
0.174
0.094
0.273
0.114
0.086
0.131
0.165
0.176
0.043
0.124
-0.135
0.02
0.195
0.044
0.144
0.061
0.273
0.325
0.459
0.535
0.491
0.486
0.39
0.454
0.453
0.759
0.516
0.326
0.63
0.575
0.674
0.544
0.499
0.463
0.641
0.525
0.542
0.626
0.529
0.469
0.296
0.276
0.09
0.114
-0.198
-0.058
-0.427
-0.652
-0.725
-0.733
-0.489
-0.255
-0.309
-0.18
-0.198
-0.18
-0.072
-0.209
-0.434
-0.271
-0.588
-0.665
-0.756
-0.758
-0.539
-0.574
-0.664
-0.537
-0.504
-0.429
-0.629
-0.559
-0.559
-0.733
-0.733
-0.585
-0.691
-0.63
-0.636
-0.537
-0.484
-0.552
-0.624
-0.537
-0.384
-0.419
-0.401
-0.159
-0.181
-0.164
-0.054
-0.324
-0.18
0.01
-0.036
0.03
0.075
0.264
0.119
0.176
0.079
0.234
0.014
-0.105
0.154
-0.076
-0.318
-0.299
-0.164
-0.045
0.019
-0.037
0.249
-0.018
0.184
0.3
0.425
0.315
0.336
0.143
0.006
0.339
0.155
0.401
0.255
0.365
0.281
0.209
0.217
0.341
0.471
0.511
0.394
0.294
0.434
0.584
0.494
0.605
0.547
0.657
0.66
0.419
0.453
0.609
0.628
0.465
0.564
0.454
0.521
0.76
0.726
0.944
0.826
0.596
0.616
0.69
0.769
0.601
0.524
0.539
0.56
0.42
0.375
0.253
0.256
0.18
0.224
0.273
0.366
0.319
0.058
0.072
0.051
-0.011
-0.234
-0.115
0.239
0.309
0.171
0.1
-0.092
-0.279
-0.351
-0.184
-0.1
0.019
-0.025
0.056
0.245
0.239
0.26
0.296
0.294
0.431
0.424
0.667
0.631
0.58
0.527
0.305
0.604
0.307
0.394
0.304
0.473
0.485
0.689
0.973
0.95
1.261
1.23
1.361
1.306
1.153
0.924
1.012
0.932
1.109
1.117
1.204
1.153
1.224
1.334
1.464
1.309
1.518
1.548
1.601
1.424
1.649
1.801
1.57
1.869
1.538
1.571
1.405
1.289
1.024
0.919
1.061
0.861
1.088
0.996
0.921
0.904
1.004
1.05
0.694
0.599
0.478
0.316
0.181
0.193
-0.025
-0.015
-0.044
0.049
0.135
0.039
0.159
-0.077
-0.226
-0.184
-0.165
-0.255
-0.145
-0.51
-0.541
-0.574
-0.698
-0.831
-0.831
-0.631
-0.669
-0.768
-0.562
-0.259
-0.383
-0.361
-0.1
0.046
0.049
-0.244
-0.302
-0.444
-0.416
-0.372
-0.621
-0.695
-1.054
-0.833
-0.791
-0.568
-0.974
-0.99
-0.975
-0.924
-0.713
-0.599
-0.565
-0.594
-0.466
-0.56
-0.409
-0.02
-0.011
0.115
-0.098
0.024
0.274
0.371
0.427
0.669
0.633
0.603
0.599
0.593
0.581
0.691
0.44
0.453
0.376
0.334
0.286
0.225
0.302
0.247
0.129
-0.022
-0.305
-0.519
-0.559
-0.537
-0.329
-0.499
-0.47
-0.281
-0.381
-0.429
-0.576
-0.173
-0.04
-0.228
-0.106
-0.234
-0.314
-0.251
-0.181
-0.011
0.058
0.216
0.12
0.115
0.026
0.084
0.15
0.104
0.255
0.4
0.408
0.44
0.359
0.598
0.566
1.078
1.19
1.234
1.359
1.229
1.2
1.134
1.141
1.167
0.893
0.44
0.564
0.478
0.146
-0.061
0.076
0.403
0.184
0.129
0.045
0.0
0.098
0.095
-0.255
-0.255
-0.251
-0.051
-0.106
-0.426
-0.258
-0.492
-0.48
-0.571
-0.639
-0.693
-0.698
-0.688
-0.701
-0.618
-0.649
-0.532
-0.569
-0.494
-0.372
-0.444
-0.263
-0.583
-0.527
-0.448
-0.448
-0.537
-0.534
-0.503
-0.435
-0.325
-0.466
-0.33
-0.155
0.0
-0.021
-0.28
-0.168
-0.088
-0.048
-0.033
-0.033
0.171
0.265
0.147
-0.04
0.304
0.236
0.144
0.104
0.205
0.077
-0.001
0.25
0.076
0.209
-0.09
-0.064
-0.134
-0.091
-0.168
-0.165
-0.065
-0.129
-0.052
0.066
0.043
0.069
0.022
-0.058
-0.211
-0.066
0.091
0.06
0.286
0.372
0.636
0.685
0.557
0.552
0.451
0.436
0.406
-10.336
-10.336
0.098
0.13
0.209
0.451
0.199
0.066
0.089
0.214
0.174
0.129
0.013
-0.203
-0.235
-0.37
-0.574
-0.481
-0.746
-0.729
-0.826
-1.042
-1.026
-1.216
-1.13
-1.302
-1.424
-1.31
-1.663
-1.735
-1.776
-1.72
-1.788
-2.007
-1.771
-2.212
-2.065
-1.814
-1.812
-1.584
-1.116
-1.005
-0.853
-0.949
-0.89
-1.08
-0.899
-0.821
-0.739
-0.634
-0.594
-0.599
-0.728
-0.615
-0.541
-0.343
-0.474
-0.376
-0.265
-0.238
0.02
0.131
0.266
0.331
0.424
0.468
0.4
0.474
0.56
0.564
0.32
0.57
0.429
0.413
0.391
0.389
0.208
0.186
-0.069
0.021
0.064
0.289
0.343
0.285
0.405
0.429
0.399
0.575
0.531
0.4
0.425
0.266
0.291
0.366
0.694
0.492
0.517
0.374
0.369
0.399
0.485
0.456
0.466
0.39
0.374
0.453
0.247
0.278
0.288
0.184
0.307
0.302
0.271
0.13
-10.336
0.06
0.003
-0.006
-0.056
-0.086
-0.058
0.071
0.408
0.329
0.323
0.307
0.236
0.35
0.357
0.364
0.335
0.487
0.496
0.625
0.48
0.414
0.286
0.302
0.445
0.411
0.489
0.6
0.704
0.527
0.484
0.54
0.426
0.417
0.552
0.573
0.583
0.594
0.384
0.357
0.398
0.403
0.439
0.562
0.669
0.581
0.546
0.434
0.367
0.511
0.633
0.843
0.961
1.094
1.119
1.242
1.248
1.144
1.321
1.23
1.14
0.96
0.509
0.481
0.403
0.514
0.492
0.449
0.309
0.156
0.245
0.346
0.494
0.454
0.151
0.128
0.065
0.034
-0.086
-0.278
-0.346
-0.626
-0.404
-0.324
-0.356
-0.288
-0.278
-0.185
-0.194
-0.316
-0.101
0.238
0.01
0.029
0.037
-0.066
0.085
-0.011
0.191
0.043
0.265
0.285
-0.06
0.021
-0.018
0.083
0.151
-0.018
-0.049
-0.043
0.122
0.219
0.221
0.323
0.496
0.516
0.473
0.416
0.408
0.413
0.288
0.439
0.343
0.321
0.295
0.168
0.378
0.291
0.226
0.427
0.522
0.529
0.404
0.329
0.245
0.335
0.256
0.275
0.56
0.565
0.494
0.604
0.185
0.22
0.131
0.055
-0.074
-0.209
-0.096
-0.135
-0.269
-0.081
-0.031
-0.135
-0.177
0.12
0.249
0.245
0.17
0.08
0.09
0.141
-0.022
-0.036
0.105
0.254
0.106
-0.007
-0.098
-0.035
0.052
0.247
0.134
0.339
0.23
0.345
0.484
0.146
0.231
0.071
-0.101
-0.206
-0.276
-0.089
-0.196
-0.255
-0.52
-0.66
-0.733
-0.938
-0.9
-0.785
-0.755
-0.669
-0.729
-0.66
-0.541
-0.618
-0.38
-0.333
-0.209
-0.08
-0.215
-0.258
-0.089
-0.341
-0.171
0.013
0.07
0.034
-0.022
-0.165
-0.226
-0.17
-0.104
0.129
-0.029
0.143
0.165
0.288
0.508
0.595
0.416
0.208
0.289
0.279
0.425
0.403
0.504
0.338
0.307
0.061
0.066
-0.035
0.091
0.175
0.156
0.083
0.182
0.23
0.355
0.455
0.383
0.046
0.072
0.11
0.095
0.126
0.274
0.223
0.238
0.374
0.214
0.198
0.212
0.175
0.268
-0.043
0.113
0.151
0.043
-0.081
-0.161
-0.021
0.155
0.304
0.512
0.438
0.474
0.562
0.554
0.501
0.517
0.532
0.381
0.291
0.199
0.154
0.075
0.116
-0.075
-0.206
-0.166
-0.297
-0.265
-0.4
-0.346
-0.279
-0.464
-0.564
-0.526
-0.221
-0.27
-0.326
-0.325
-0.345
-0.372
-0.624
-0.756
-0.894
-0.79
-0.802
-0.799
-0.738
-0.825
-0.764
-0.846
-0.768
-0.694
-0.521
-0.614
-0.474
-0.571
-0.591
-0.521
-0.586
-0.529
-0.522
-0.364
-0.481
-0.065
0.052
-0.034
0.066
0.19
0.173
0.414
0.55
0.578
0.566
0.566
0.485
0.544
0.537
0.256
0.224
0.203
0.225
0.263
0.266
0.279
0.451
0.199
0.13
0.105
0.12
0.077
0.015
-0.066
-0.193
-0.245
-0.177
-0.471
-0.444
-0.588
-0.531
-0.258
-0.357
-0.296
-0.147
-0.242
-0.352
-0.27
-0.263
-0.109
-0.33
-0.236
-0.338
-0.156
-0.188
-0.275
-0.201
-0.255
-0.466
-0.504
-0.426
-0.357
-0.501
-0.669
-0.623
-0.694
-0.596
-0.574
-0.544
-0.364
-0.552
-0.618
-0.59
-0.725
-0.606
-0.87
-0.542
-0.6
-0.834
-0.851
-0.926
-0.79
-0.58
-0.629
-0.201
-0.275
-0.176
-0.119
0.05
0.177
0.044
0.099
0.085
0.209
0.156
0.199
0.185
0.229
0.354
0.383
0.355
0.639
0.53
0.693
0.741
0.611
0.721
0.816
0.53
0.865
0.638
0.605
0.364
-0.039
0.003
0.115
-0.149
-0.05
0.044
0.01
-0.115
-0.099
-0.135
-0.096
0.05
-0.075
0.086
-0.02
-0.003
0.035
0.186
0.043
0.037
-0.018
-0.048
-0.181
-0.146
-0.049
0.035
0.061
0.193
0.11
0.105
0.066
0.233
0.193
0.189
0.348
0.38
0.275
0.374
0.451
0.06
0.072
-0.039
-0.175
0.022
-0.145
-0.115
-0.124
-0.146
-0.084
-0.08
-0.091
-0.242
-0.336
-0.054
-0.346
-0.111
-0.058
-0.32
-0.077
-0.208
-0.059
0.088
-0.15
0.07
-0.104
-0.171
-0.085
0.104
0.329
0.294
0.429
0.491
0.56
0.501
0.345
0.609
0.756
0.939
0.807
0.844
0.738
0.59
0.534
0.479
0.774
0.735
0.825
0.92
0.969
1.288
1.319
1.445
1.504
1.435
1.459
1.627
1.663
1.282
1.185
1.076
1.051
1.032
1.015
1.026
1.093
1.105
1.076
1.001
0.73
0.86
0.608
0.638
0.487
0.755
0.522
0.555
0.677
0.532
0.665
0.759
0.849
0.864
0.876
0.97
0.753
0.59
0.52
0.47
0.289
0.288
0.129
0.593
0.007
-0.441
-0.155
-0.236
-0.1
-0.064
-0.22
-0.215
-0.055
0.052
-0.001
-0.334
-0.075
-0.295
-0.11
-0.254
-0.244
-0.245
-0.159
-0.005
0.134
0.389
0.048
-0.051
-0.156
-0.215
-0.357
-0.321
-0.449
-0.578
-0.619
-0.357
-0.557
-0.331
-0.364
-0.375
-0.341
-0.338
-0.44
-0.367
-0.398
-0.527
-0.241
-0.126
-0.062
-0.143
-0.116
0.055
0.114
0.401
0.581
0.809
0.53
0.566
0.509
0.466
0.419
0.346
0.362
0.286
0.478
0.519
0.603
0.724
0.647
0.484
0.339
0.399
0.171
0.159
0.019
-0.311
-0.208
-0.283
-0.29
-0.291
-0.343
-0.273
-0.201
-0.04
-0.058
-0.147
-0.23
-0.103
-0.071
-0.056
0.155
0.37
0.568
0.375
0.154
0.113
0.104
0.086
-0.024
-0.066
-0.225
-0.194
-0.357
-0.173
-0.138
0.136
0.19
0.195
0.173
0.056
0.103
0.055
0.058
0.13
0.147
0.279
0.115
0.08
0.18
0.136
-0.055
-0.07
0.141
0.152
-0.045
-0.133
-0.251
-0.478
-0.625
-0.823
-0.65
-0.705
-0.693
-0.81
-0.759
-0.324
-0.606
-0.318
-0.62
-0.591
-0.641
-0.618
-0.589
-0.871
-0.875
-0.536
-0.424
-0.275
-0.083
-0.305
-0.408
-0.534
-0.883
-0.879
-0.886
-1.015
-0.881
-1.021
-0.785
-0.645
-0.878
-0.988
-1.225
-1.176
-1.266
-1.286
-1.56
-1.476
-1.445
-1.455
-1.451
-1.124
-1.002
-1.009
-0.72
-0.711
-0.56
-0.546
-0.415
-0.294
-0.228
-0.069
-0.196
-0.19
-0.376
-0.24
0.006
-0.351
-0.394
-0.02
-0.026
0.009
-0.048
-0.019
0.206
0.24
0.32
0.361
0.636
0.662
0.73
0.73
0.562
0.451
0.503
0.408
0.09
-0.084
-0.219
-0.189
-0.268
-0.168
-0.279
-0.421
-0.463
-0.508
-0.514
-0.599
-0.32
-0.361
-0.448
-0.596
-0.562
-0.657
-0.511
-0.435
-0.806
-0.514
-0.694
-0.649
-0.633
-0.479
-0.334
-0.599
-0.647
-0.362
-0.3
-0.29
-0.352
-0.379
-0.24
-0.362
-0.409
-0.318
-0.025
0.196
0.404
0.556
0.946
0.871
0.701
0.598
0.789
0.965
0.839
1.068
0.983
0.99
0.689
0.728
0.696
0.66
0.618
0.655
0.816
0.839
0.888
0.878
1.032
1.328
1.312
1.355
1.255
1.346
1.171
1.325
1.123
1.165
1.186
1.252
1.058
1.117
0.915
0.81
0.619
0.851
0.48
0.47
0.444
0.439
0.3
-0.045
-0.059
-0.015
0.113
-0.045
-0.007
-0.211
-0.22
-0.338
-0.396
-0.531
-0.576
-0.536
-0.453
-0.401
-0.191
-0.186
-0.091
0.107
0.079
-0.059
-0.018
-0.005
-0.138
-0.175
-0.058
-0.028
-0.161
0.031
-0.115
-0.198
-0.128
-0.118
0.122
0.045
0.193
0.031
0.039
0.052
0.076
0.16
0.221
0.055
0.15
0.239
-0.026
-0.096
-0.18
-0.155
-0.165
-0.18
-0.226
-0.323
-0.238
-0.114
-0.025
0.044
0.02
0.018
0.062
0.225
0.12
0.26
0.279
0.233
0.189
0.199
0.281
0.163
0.331
0.506
0.699
0.927
1.025
0.909
1.226
1.268
1.396
1.335
1.365
1.394
1.308
1.458
1.425
1.364
1.15
1.379
1.084
1.026
1.025
0.961
1.016
1.074
0.915
0.981
1.103
1.1
0.976
1.154
0.945
1.279
10.332
1.405
1.391
1.361
1.45
1.522
