0.352
0.464
0.68
0.565
0.721
0.639
0.704
0.629
0.422
0.455
0.517
0.466
0.419
0.701
0.409
0.273
0.315
0.201
0.104
-0.181
-0.11
-0.16
-0.176
-0.254
-0.324
-0.315
-0.374
-0.393
-0.23
-0.05
-0.083
-0.234
-0.309
-0.236
-0.109
0.043
-0.091
-0.297
-0.241
-0.163
0.106
-0.09
0.193
0.092
0.021
-0.07
-0.106
-0.021
-0.235
-0.3
-0.319
-0.251
-0.056
0.055
-0.035
-0.176
0.058
-0.149
-0.242
-0.306
-0.391
-0.443
-0.264
-0.281
-0.301
-0.551
-0.56
-0.609
-0.49
-0.464
-0.326
-0.149
-0.158
-0.147
-0.08
-0.189
-0.095
-0.046
-0.295
-0.201
-0.273
-0.336
-0.126
-0.275
-0.28
-0.109
-0.169
-0.389
-0.547
-0.551
-0.321
-0.494
-0.438
-0.381
-0.229
-0.234
-0.1
-0.206
-0.072
-0.146
-0.005
-0.004
0.214
0.203
0.224
0.23
0.221
0.319
0.212
0.095
0.206
0.079
0.214
0.22
0.239
0.32
0.291
0.416
0.579
0.689
0.601
0.596
0.425
0.46
0.396
0.385
0.286
0.319
0.302
0.199
0.159
0.122
0.331
0.265
0.06
0.185
0.201
0.133
0.199
-0.011
0.379
0.205
0.473
0.384
0.485
0.348
0.478
0.508
0.455
0.339
0.19
0.16
0.24
0.189
0.208
0.318
0.446
0.291
0.522
0.43
0.58
0.588
0.688
0.846
0.81
0.945
1.129
0.846
0.784
0.729
0.698
0.821
0.696
0.676
0.561
0.754
0.818
0.819
0.768
0.914
1.134
1.074
0.927
0.826
0.792
0.497
0.517
0.465
0.529
0.416
0.711
0.733
0.749
0.633
0.763
0.927
1.019
1.05
1.069
1.036
0.984
0.868
0.876
0.966
1.028
1.009
1.125
1.058
1.046
1.093
0.945
0.776
0.606
0.647
0.573
0.545
0.56
0.46
0.559
0.524
0.671
0.716
0.735
0.998
0.911
0.758
0.724
0.696
0.641
0.751
0.864
0.983
1.04
1.302
1.193
1.214
1.016
1.069
1.198
1.083
1.472
1.241
1.139
1.416
1.346
1.484
1.46
1.341
1.549
1.436
1.429
1.306
1.176
1.137
1.03
0.925
0.859
0.79
0.873
0.625
0.68
0.52
0.459
0.42
0.439
0.466
0.579
0.571
0.661
0.67
0.749
0.746
0.53
0.611
0.258
0.556
0.323
0.194
0.13
0.15
0.033
-0.18
-0.239
-0.434
-0.746
-0.521
-0.401
-0.381
-0.254
-0.352
-0.228
-0.435
-0.516
-0.571
-0.341
-0.285
-0.191
-0.316
-0.432
-0.388
-0.438
-0.667
-0.69
-0.73
-0.62
-0.556
-0.38
-0.283
-0.139
-0.15
-0.016
0.263
0.114
0.23
0.345
0.547
0.487
0.621
0.565
0.429
0.336
0.361
0.446
0.514
0.626
0.792
0.531
0.4
0.348
0.129
-0.07
-0.021
-0.031
0.001
0.124
0.352
0.464
0.417
0.571
0.181
0.424
0.255
-0.048
-0.037
-0.096
-0.065
-0.129
-0.22
-0.239
-0.276
-0.288
-0.143
-0.345
-0.31
-0.18
-0.278
-0.333
-0.335
-0.224
-0.52
-0.585
-0.458
-0.525
-0.616
-0.789
-0.635
-0.901
-0.989
-1.021
-1.095
-1.042
-1.035
-1.061
-1.18
-1.308
-1.413
-1.424
-1.36
-1.294
-1.232
-1.509
-1.26
-1.17
-1.089
-0.891
-0.733
-0.941
-0.934
-0.845
-0.943
-0.746
-0.784
-0.879
-0.555
-0.273
-0.191
-0.217
-0.593
-0.759
10.332
-0.588
-0.854
-0.815
-0.453
-0.236
-0.247
-0.398
-0.344
-0.588
-0.662
-0.545
-0.446
-0.615
-0.389
-0.389
-0.441
-0.409
-0.584
-0.544
-0.37
-0.205
-0.138
-0.133
0.219
0.364
0.231
0.315
0.295
0.08
0.278
0.601
0.554
0.666
0.851
0.449
0.417
0.619
0.741
0.871
0.863
1.079
0.647
0.746
0.72
0.723
0.624
0.485
0.349
0.331
0.265
0.124
-0.084
-0.522
-0.579
-0.55
-0.39
-0.562
-0.357
-0.366
-0.48
-0.491
-0.569
-0.744
-0.594
-0.45
-0.652
-0.574
-0.544
-0.54
-0.431
-0.375
-0.182
-0.2
-0.249
-0.269
-0.203
-0.019
0.135
0.186
0.096
0.086
0.028
-0.155
-0.364
-0.394
-0.522
-0.68
-0.497
-0.529
-0.464
0.04
-0.119
0.0
0.01
-0.118
-0.396
-0.304
-0.285
-0.111
-0.033
-0.195
-0.168
-0.045
0.081
0.224
0.158
0.124
0.088
-0.107
-0.315
-0.485
-0.351
-0.188
-0.089
-0.022
0.185
-0.041
-0.229
-0.066
0.268
0.255
0.603
0.568
0.53
0.369
0.231
0.13
0.195
0.357
0.542
0.344
0.284
-0.064
-0.283
-0.32
-0.453
-0.715
-0.661
-0.706
-0.906
-0.701
-1.139
-1.415
-1.186
-1.193
-1.234
-1.255
-1.145
-1.143
-1.051
-0.949
-0.922
-0.92
-0.986
-0.797
-0.624
-0.53
-0.496
-0.536
-0.56
-0.357
-0.415
-0.406
-0.312
-0.41
-0.357
-0.265
-0.341
-0.324
-0.29
-0.151
-0.176
0.129
0.284
0.011
-0.147
-0.325
-0.324
-0.291
-0.338
-0.534
-0.413
-0.751
-0.644
-0.711
-0.696
-0.631
-0.675
-0.608
-0.5
-0.231
-0.352
-0.366
-0.247
-0.179
0.0
0.014
0.09
0.276
0.276
0.386
0.31
0.32
0.101
0.094
-0.11
-0.156
-0.302
-0.403
-0.26
-0.16
-0.206
-0.311
-0.247
-0.115
-0.11
0.07
0.115
0.13
-0.126
-0.04
0.104
0.136
0.344
0.446
0.398
0.647
0.375
0.138
0.088
-0.026
-0.092
-0.031
-0.092
-0.006
-0.086
0.026
-0.135
-0.031
-0.434
-0.014
-0.365
-0.557
-0.386
-0.465
-0.355
-0.253
-0.043
0.223
0.106
0.129
-0.016
-0.109
-0.084
-0.016
0.135
0.307
0.503
0.413
0.461
0.273
0.416
0.453
0.385
0.494
0.497
0.484
0.453
0.561
0.419
0.264
0.229
0.229
-0.147
-0.408
-0.155
-0.164
-0.077
-0.154
-0.022
-0.091
-0.259
-0.096
0.069
0.297
0.288
0.037
-0.018
0.007
0.041
0.266
0.035
0.266
0.383
0.406
0.283
0.233
0.168
0.052
0.0
0.024
-0.033
0.07
-0.019
-0.016
-0.165
-0.208
-0.211
0.046
0.107
0.201
0.31
0.525
0.544
0.481
0.466
0.249
0.606
0.36
0.464
0.357
0.331
0.609
0.765
0.873
1.173
1.374
1.396
1.504
1.296
1.438
1.721
1.456
1.735
1.891
1.889
2.081
1.895
1.745
1.96
2.086
1.861
1.684
1.438
1.445
1.325
1.188
0.971
0.989
1.103
1.056
1.113
0.902
1.062
1.365
1.279
1.385
1.601
1.416
1.501
1.456
1.684
1.641
1.728
1.476
1.413
1.532
1.684
1.724
1.726
1.907
1.885
1.959
1.954
1.925
1.857
1.876
1.916
1.889
1.907
2.038
2.041
1.974
2.109
1.821
1.504
1.404
1.229
1.081
1.068
1.285
0.917
0.927
1.022
0.968
0.749
0.676
0.196
0.384
0.083
0.095
-0.398
-0.321
-0.335
-0.182
-0.103
-0.166
-0.448
-0.596
-0.509
-0.481
-0.299
-0.224
-0.23
-0.125
-0.09
-0.138
-0.126
0.114
0.247
0.161
0.209
0.173
0.033
0.171
0.349
0.389
0.475
0.436
0.527
0.305
0.155
0.092
-0.04
0.083
0.114
0.056
0.115
0.186
-0.111
0.074
-0.133
-0.269
-0.274
-0.288
-0.593
-0.719
-0.763
-0.775
-0.806
-0.901
-0.934
-0.93
-0.899
-0.824
-0.666
-0.68
-0.603
-0.711
-0.618
-0.53
-0.494
-0.469
-0.675
-0.524
-0.591
-0.494
-0.188
-0.241
-0.149
-5.125
-0.364
-0.253
-0.221
-0.261
-0.276
-0.159
-0.028
-0.094
-0.083
-0.426
-0.57
-0.579
-0.932
-1.012
-1.314
-1.269
-1.343
-1.394
-1.389
-1.222
-1.509
-1.424
-1.595
-1.379
-1.21
-1.301
-1.474
-1.375
-1.249
-1.266
-1.176
-1.127
-1.059
-0.989
-0.888
-0.806
-0.795
-0.621
-0.516
-0.401
-0.413
-0.5
-0.542
-0.552
-0.556
-0.83
-0.638
-0.792
-0.955
-0.828
-0.921
-0.976
-0.9
-0.645
-0.891
-0.704
-0.723
-0.679
-0.41
-0.512
-0.435
-0.485
-0.552
-0.714
-0.691
-0.839
-0.698
-0.461
-0.323
0.141
-0.001
0.003
-0.144
0.099
0.25
0.205
0.399
0.464
0.685
0.666
0.703
0.881
0.805
0.686
0.629
0.819
0.804
0.698
0.818
0.527
0.32
0.485
0.338
0.086
0.14
0.161
0.079
0.003
-0.129
-0.283
0.08
-0.056
0.048
0.319
0.206
0.138
0.255
-0.018
-0.099
-0.045
-0.174
-0.291
-0.21
-0.205
-0.517
-0.504
-0.45
-0.416
-0.461
-0.196
-0.273
-0.054
-0.194
-0.033
-0.039
-0.055
-0.155
-0.234
-0.265
-0.468
-0.537
-0.466
-0.552
-0.371
-0.426
-0.633
-0.329
-0.479
-0.318
-0.266
-0.398
-0.294
-0.453
-0.394
-0.62
-0.37
-0.492
-0.408
-0.329
-0.395
-0.45
-0.409
-0.121
-0.158
-0.182
-0.138
-0.221
-0.289
-0.334
-0.285
-0.395
-0.449
-0.234
-0.11
-0.084
-0.131
0.098
0.176
0.055
0.314
0.056
0.003
0.024
-0.051
-0.191
-0.118
-0.31
-0.23
-0.348
-0.445
-0.479
-0.719
-0.865
-1.046
-0.99
-0.994
-0.729
-0.869
-0.74
-0.89
-1.029
-1.079
-1.019
-0.956
-0.922
-0.97
-0.935
-0.792
-0.718
-0.651
-0.512
-0.511
-0.505
-0.274
-0.092
-0.154
-0.234
-0.083
-0.155
-0.249
-0.115
0.06
0.241
0.26
0.226
0.164
0.27
0.055
-0.115
-0.147
-0.464
-0.539
-0.532
-0.445
-0.414
-0.355
-0.152
-0.036
0.024
0.113
0.058
0.254
0.188
0.161
0.312
0.211
0.118
0.072
-0.052
0.083
0.089
-0.055
0.103
0.129
0.186
0.115
0.03
-0.034
0.173
0.029
0.048
0.121
0.15
0.086
-0.176
-0.033
0.125
0.318
0.372
0.219
0.181
0.091
0.09
-0.005
0.115
0.121
-0.013
-0.061
-0.338
-0.049
0.013
-0.174
-0.239
-0.022
-0.07
-0.105
0.014
-0.018
-0.105
-0.221
-0.408
-0.214
-0.401
-0.256
-0.334
-0.386
-0.448
-0.208
-0.059
-0.001
0.118
0.278
0.411
0.341
0.281
0.384
0.395
0.542
0.535
0.642
0.598
0.971
0.931
0.906
0.996
0.866
0.753
0.743
0.731
0.899
0.945
1.029
1.232
1.465
1.215
1.268
1.185
1.062
0.958
1.145
0.946
0.978
1.004
0.85
0.853
0.655
0.659
0.608
0.489
0.685
0.43
0.701
0.611
0.588
0.647
0.593
0.784
0.7
0.865
0.85
0.865
0.775
0.665
0.636
0.479
0.685
0.571
0.888
0.779
0.83
0.756
0.631
0.61
0.506
0.631
0.775
0.854
0.858
1.032
0.989
0.888
0.802
0.881
0.666
0.677
0.7
0.504
0.492
0.489
0.549
0.235
0.416
0.489
0.736
0.754
0.743
0.694
0.561
0.554
0.711
0.639
0.701
0.824
0.829
0.964
0.969
0.89
0.763
0.765
0.835
0.821
0.764
0.733
0.669
0.814
0.755
0.983
1.302
1.393
1.544
1.639
1.709
1.809
1.732
1.647
1.417
1.37
1.334
1.35
1.271
1.22
1.181
1.171
0.855
0.61
0.496
0.289
0.266
0.083
0.274
-0.114
-0.491
-0.593
-0.774
-0.831
-0.584
-0.378
-0.09
-0.388
-0.415
-0.484
-0.6
-0.512
-0.259
-0.016
0.107
-0.185
-0.048
-0.191
-0.145
-0.217
-0.091
0.001
0.092
0.165
-0.229
0.0
0.113
0.283
0.399
0.265
0.474
0.253
0.092
0.109
0.465
0.499
0.492
0.45
0.302
0.233
0.253
0.436
0.438
0.416
0.401
0.395
0.385
0.36
0.524
0.194
0.404
0.401
0.401
0.516
0.434
0.344
0.049
-0.07
-0.072
-0.115
-0.19
-0.394
-0.41
-0.426
-0.345
-0.383
-0.589
-0.451
-0.446
-0.631
-0.618
-0.695
-0.575
-0.542
-0.485
-0.279
-0.228
-0.079
-0.349
-0.408
-0.263
-0.465
-0.438
-0.534
-0.506
-0.6
-0.226
-0.3
-0.279
-0.235
-0.408
-0.312
-0.465
-0.328
-0.399
-0.591
-0.666
-0.833
-0.801
-1.03
-1.086
-1.13
-1.031
-0.805
-0.654
-0.461
-0.36
-0.383
-0.164
-0.109
-0.029
0.312
0.301
0.357
0.339
0.413
0.281
0.415
0.417
0.503
0.693
0.542
0.459
0.27
0.131
0.041
0.091
0.12
0.024
0.225
-0.001
0.107
0.116
0.09
0.225
-0.039
-0.022
-0.094
-0.14
-0.361
-0.415
-0.276
-0.266
-0.414
-0.405
-0.499
-0.454
-0.527
-0.175
-0.206
-0.511
-0.31
-0.494
-0.571
-0.552
-0.406
-0.561
-0.451
-0.487
-0.676
-0.391
-0.441
-0.532
-0.404
-0.379
-0.414
-0.189
-0.01
0.109
0.19
0.01
0.06
0.079
0.02
-0.099
0.029
-0.015
-0.044
0.013
0.107
0.077
-0.079
-0.261
-0.468
-0.521
-0.661
-0.695
-0.573
-0.667
-0.69
-0.77
-0.772
-0.674
-0.552
-0.731
-0.791
-0.641
-1.024
-0.875
-0.97
-1.106
-0.976
-0.94
-0.909
-0.878
-0.71
-0.703
-0.494
-0.603
-0.417
-0.54
-0.395
-0.174
-0.321
-0.186
-0.3
-0.168
-0.169
-0.046
-0.036
-0.169
0.111
0.343
0.365
0.344
0.26
0.226
0.369
0.212
-0.009
-0.077
-0.114
-0.124
-0.211
-0.086
-0.118
-0.304
-0.365
-0.289
-0.23
-0.25
-0.26
-0.12
-0.044
0.229
0.323
0.144
0.036
0.051
-0.304
-0.17
-0.109
-0.013
0.268
0.328
0.235
0.269
0.225
0.12
0.188
-0.056
-0.144
0.0
-0.06
-0.139
-0.352
-0.319
-0.211
-0.352
-0.336
-0.474
-0.574
-0.55
-0.509
-0.48
-0.672
-0.485
-0.629
-0.662
-0.723
-0.639
-0.63
-0.448
-0.161
-0.051
-0.134
-0.013
-0.169
-0.292
-0.217
-0.413
-0.5
-0.7
-0.478
-0.573
-0.562
-0.404
-0.47
-0.193
0.013
-0.138
-0.018
-0.037
0.194
0.074
-0.029
0.003
-0.059
-0.02
-0.005
-0.083
-0.22
-0.241
-0.205
-0.175
-0.261
-0.269
-0.37
-0.346
-0.544
-0.506
-0.372
-0.254
-0.576
-0.669
-0.785
-0.525
-0.635
-0.458
-0.238
-0.269
-0.029
-0.059
-0.181
0.054
0.048
0.007
0.062
-0.133
-0.001
0.006
0.06
0.125
0.094
0.321
0.516
0.601
0.361
0.57
0.448
0.289
0.492
0.446
0.362
0.479
0.351
0.539
0.67
0.63
0.603
0.615
0.772
0.609
0.591
0.574
0.564
0.616
0.378
0.211
0.18
-0.119
-0.239
-0.306
-0.283
-0.281
-0.487
-0.86
-0.996
-1.28
-1.088
-1.015
-0.9
-0.885
-0.876
-0.818
-0.725
-0.751
-0.615
-0.429
-0.171
-0.28
-0.264
-0.146
-0.11
0.114
0.247
0.247
0.307
0.316
0.199
0.139
0.176
0.346
0.424
0.503
0.576
0.566
0.719
0.886
1.145
1.17
1.395
1.516
1.281
1.488
1.325
1.301
1.366
1.434
1.393
1.126
0.88
0.889
0.796
0.774
0.876
0.954
0.921
1.025
0.956
0.858
0.932
0.834
0.598
0.424
0.432
0.401
0.223
0.089
0.07
0.03
0.121
0.003
0.161
0.114
0.055
0.126
0.065
0.254
-0.044
0.059
-0.035
-0.024
0.034
0.107
0.181
0.009
-0.033
-0.005
0.084
0.176
0.238
0.396
0.231
0.389
0.416
0.629
0.711
0.743
0.714
0.998
1.065
1.153
1.295
1.176
1.214
1.435
1.325
1.509
1.482
1.333
1.191
1.18
1.177
1.135
0.953
1.018
0.961
1.018
1.146
1.236
1.264
1.29
1.064
1.127
1.074
1.061
1.097
0.9
1.117
1.001
0.911
0.883
0.901
0.786
0.929
1.083
1.16
1.248
1.093
0.681
0.695
0.791
0.772
0.739
0.939
0.794
0.895
0.924
1.051
0.894
0.591
0.434
0.324
0.379
0.306
0.649
0.537
0.39
0.426
0.349
0.475
0.394
0.136
0.228
0.209
0.254
0.296
0.215
0.266
0.35
0.305
0.274
0.041
-0.119
-0.215
-0.431
-0.615
-0.47
-0.818
-0.975
-0.91
-0.888
-0.667
-0.896
-0.838
-0.784
-0.646
-0.741
-0.435
-0.357
-0.427
-0.378
-0.259
-0.473
-0.436
-0.324
-0.238
-0.315
-0.052
-0.02
0.12
0.211
0.139
0.12
0.341
0.319
0.17
-0.098
-0.055
-0.224
-0.406
-0.233
-0.03
-0.076
-0.365
-0.256
-0.297
-0.441
-0.436
-0.396
-0.439
-0.411
-0.404
-0.354
-0.484
-0.655
-0.841
-0.705
-0.667
-0.909
-0.644
-0.541
-0.594
-0.753
-0.705
-0.85
-0.828
-0.843
-0.93
-0.846
-0.916
-0.689
-0.711
-0.865
-0.744
-0.396
-0.38
-0.124
-0.226
-0.013
0.241
0.179
0.261
0.482
0.346
0.196
0.484
0.535
0.705
0.821
0.654
0.718
0.522
0.585
0.704
0.789
0.874
0.988
1.154
1.088
1.286
1.239
1.109
0.974
1.004
1.016
0.863
1.113
1.166
1.091
1.009
0.93
0.782
0.636
0.647
0.504
0.44
0.475
0.422
0.367
0.159
0.077
-0.081
0.143
0.259
0.224
-0.118
-0.495
-0.593
-0.738
-0.795
-0.854
-0.984
-0.864
-0.826
-0.812
-0.873
-0.906
-1.069
-0.927
-0.874
-0.851
-0.792
-0.657
-0.593
-0.57
-0.445
-0.575
-0.471
-0.466
-0.596
-0.689
-0.644
-0.684
-0.619
-0.725
-0.625
-0.729
-0.828
-1.07
-0.841
-0.958
-0.938
-0.782
-0.786
-0.765
-0.69
-0.675
-0.855
-0.768
-0.741
-0.631
-0.812
-0.72
-0.517
-0.512
-0.451
-0.448
-0.473
-0.265
-0.215
-0.113
-0.031
0.0
-0.135
-0.071
-0.091
-0.198
-0.209
-0.113
-0.058
-0.235
-0.41
-0.551
-0.478
-0.529
-0.315
-0.44
-0.371
-0.264
-0.346
-0.37
-0.343
-0.251
-0.236
-0.169
-0.185
-0.089
0.075
-0.116
-0.186
-0.361
-0.646
-0.736
-0.881
-0.814
-0.904
-0.944
-0.811
-0.694
-0.591
-0.633
-0.735
-0.731
-0.75
-0.774
-0.774
-0.897
-0.775
-0.781
-0.716
-0.52
-0.55
-0.458
-0.427
-0.506
-0.296
-0.48
-0.448
-0.302
-0.285
-0.145
-0.209
-0.291
-0.414
-0.328
-0.143
-0.228
-0.185
-0.19
-0.349
-0.369
-0.516
-0.514
-0.465
-0.52
-0.499
-0.492
-0.375
-0.325
-0.424
-0.388
-0.481
-0.677
-0.525
-0.238
-0.004
-0.12
-0.041
-0.01
0.044
0.031
-0.034
-0.004
0.199
0.53
0.508
0.51
0.341
0.471
0.455
0.378
0.31
0.374
0.51
0.628
0.649
0.608
0.626
0.48
0.179
0.463
0.259
0.253
0.29
0.285
0.19
0.061
0.05
-0.009
-0.058
-0.06
-0.069
-0.133
0.001
0.111
-0.043
0.22
0.421
0.291
0.161
0.176
0.121
0.089
0.039
-0.054
0.145
0.164
0.206
0.461
0.408
0.536
0.385
0.364
0.365
0.39
0.599
0.448
0.394
0.501
0.51
0.555
0.408
0.509
0.463
0.37
0.224
0.473
0.344
0.388
0.251
0.299
-0.143
-0.182
-0.224
-0.29
-0.24
-0.055
0.258
0.325
0.344
0.371
0.384
0.195
0.291
0.406
0.511
0.598
0.641
0.302
0.635
0.82
0.963
1.175
1.343
1.343
1.32
1.56
1.532
1.615
1.677
1.502
1.41
1.323
1.213
1.335
1.423
1.491
1.544
1.488
1.204
1.196
1.059
1.19
1.387
1.31
1.252
1.074
0.826
0.657
0.512
0.546
0.549
0.434
0.471
0.44
0.554
0.639
0.625
0.456
0.271
0.199
0.094
-0.059
-0.115
-0.198
-0.086
-0.026
0.048
0.12
0.212
0.046
-0.13
-0.339
-0.388
-0.414
-0.36
-0.174
0.064
-0.039
-0.077
-0.04
-0.051
-0.018
0.08
-0.159
-0.122
-0.198
-0.133
0.06
0.146
0.094
0.316
0.491
0.681
0.574
0.691
0.328
0.468
0.371
0.378
0.389
0.542
0.573
0.414
0.32
0.415
0.266
0.58
0.844
0.779
0.537
0.694
0.734
0.981
0.901
1.141
1.41
1.54
1.335
1.116
0.815
0.909
0.831
1.12
1.028
1.034
0.938
1.006
1.045
0.723
0.696
0.706
0.95
0.924
0.805
0.811
0.53
0.269
0.028
0.145
0.098
0.231
0.126
0.156
0.021
0.113
0.011
0.019
0.04
-0.075
-0.13
-0.261
-0.509
-0.495
-0.288
-0.198
-0.116
0.025
-0.12
0.065
-0.052
0.147
0.409
0.514
0.618
0.809
1.054
1.022
0.924
0.969
1.129
1.235
1.121
0.776
0.593
0.647
0.545
0.426
0.188
-0.016
-0.007
0.074
-0.181
-0.182
-0.25
0.094
0.125
0.083
0.245
0.029
-0.355
-0.459
-0.475
-0.45
-0.59
-0.861
-0.833
-0.902
-0.787
-0.766
-0.486
-0.619
-0.626
-0.52
-0.494
-0.484
-0.7
-0.75
-0.77
-0.816
-0.831
-0.927
-0.909
-0.941
-0.786
-0.99
-1.019
-0.955
-1.14
-1.01
-10.336
-0.828
-0.728
-0.685
-0.565
-0.731
-0.671
-0.541
-0.449
-0.738
-0.662
-0.345
-0.328
-0.01
-0.03
-0.052
-0.316
-0.426
-0.371
-0.545
-0.438
-0.314
-0.269
-0.439
-0.345
-0.529
-0.69
-0.561
-0.601
-0.715
-0.551
-0.49
-0.574
-0.375
-0.514
-0.831
-0.76
-0.85
-0.845
-0.823
-0.739
-0.64
-0.499
-0.281
-0.28
-0.348
-0.271
-0.134
-0.366
-0.508
-0.171
0.016
-0.05
-0.075
0.04
-0.007
0.134
0.349
0.285
0.364
0.101
-0.151
-0.122
-0.076
-0.022
-0.165
-0.182
-0.26
-0.246
-0.361
-0.559
-0.325
-0.404
-0.379
-0.351
-0.53
-0.812
-0.869
-0.756
-0.828
-0.895
-0.725
-0.927
-0.615
-0.701
-1.066
-0.885
-0.905
-0.91
-1.073
-1.275
-1.144
-1.301
-1.279
-1.37
-1.584
-1.573
-1.319
-1.394
-1.33
-1.154
-1.21
-0.956
-0.932
-0.741
-1.014
