0.713
0.824
0.638
0.495
0.521
0.367
0.139
0.109
0.096
0.065
0.253
0.198
0.254
0.415
0.349
0.302
0.164
0.163
0.039
0.04
0.04
0.086
0.169
-0.045
0.201
0.333
0.448
0.546
0.626
0.799
0.604
0.768
0.703
0.655
0.521
0.294
0.365
0.239
0.29
0.455
0.321
0.336
0.173
-0.001
-0.107
-0.205
-0.176
-0.254
-0.411
-0.271
-0.196
-0.278
-0.239
-0.199
-0.01
0.021
0.225
0.217
0.031
-0.111
-0.144
-0.278
-0.366
-0.464
-0.32
-0.464
-0.4
-0.247
-0.02
0.188
0.466
0.629
0.639
0.605
0.701
0.516
0.422
0.249
-0.014
-0.061
-0.006
-0.095
-0.149
-0.189
-0.052
0.099
0.074
-0.041
0.182
0.226
0.351
0.306
0.109
-0.026
-0.419
-0.561
-0.695
-0.49
-0.17
-0.043
0.098
0.048
0.101
0.079
0.111
0.263
0.195
0.374
0.486
0.451
0.386
0.166
0.199
0.263
0.161
0.229
0.289
0.103
0.286
0.2
0.311
0.147
0.221
0.044
0.193
0.231
-0.006
0.122
-0.235
-0.47
-0.463
-0.569
-0.341
-0.239
-0.315
-0.393
-0.321
-0.439
-0.404
-0.463
-0.422
0.12
-0.12
-0.2
0.129
0.163
0.065
0.166
0.191
0.133
0.11
0.195
0.514
0.443
0.231
0.439
0.58
0.593
0.534
0.28
0.165
0.215
-0.028
-0.113
-0.114
0.089
0.16
0.191
0.116
-0.103
0.02
0.121
0.147
0.116
0.156
0.352
0.316
0.299
0.177
0.026
0.02
-0.11
-0.367
-0.086
-0.422
-0.43
-0.635
-0.6
-0.708
-0.667
-0.631
-0.534
-0.8
-0.974
-1.026
-1.024
-0.726
-0.555
-0.606
-0.65
-0.629
-0.729
-0.759
-0.763
-0.725
-0.486
-0.408
-0.216
-0.281
-0.196
-0.24
-0.466
-0.36
-0.354
-0.367
-0.399
-0.615
-0.315
-0.296
-0.046
0.194
0.046
0.18
0.341
0.659
0.611
0.432
0.268
0.321
0.216
0.3
0.283
0.755
0.688
0.641
0.478
0.188
0.214
0.497
0.532
0.359
0.65
0.211
0.297
0.355
0.546
0.36
0.217
0.039
0.048
0.118
-0.072
-0.071
-0.28
-0.113
-0.147
-0.055
-0.077
-0.059
-0.159
-0.195
-0.05
-0.034
-0.129
-0.174
-0.185
-0.196
-0.349
-0.291
-0.186
-0.159
-0.325
-0.341
-0.189
-0.23
-0.334
-0.416
-0.195
-0.051
-0.251
-0.245
-0.414
-0.594
-0.568
-0.566
-0.453
-0.878
-0.704
-0.606
-0.536
-0.456
-0.557
-0.672
-0.409
-0.464
-0.289
-0.478
-0.356
-0.465
-0.419
-0.191
-0.219
-0.694
-0.072
-0.261
-0.28
-0.325
-0.393
-0.352
-0.161
-0.309
-0.409
-0.524
-0.536
-0.54
-0.576
-0.459
-0.479
-0.451
-0.497
-0.296
-0.274
-0.182
-0.228
-0.028
-0.028
-0.234
-0.253
-0.289
0.094
0.242
0.285
0.297
0.26
-0.11
-0.388
-0.294
-0.23
-0.134
-0.234
-0.228
0.084
-0.136
-0.174
-0.099
0.143
-0.101
-0.101
-0.16
-0.189
-0.245
-0.268
-0.076
-0.145
-0.174
-0.076
0.0
0.079
0.414
0.527
0.696
0.682
0.794
0.601
0.474
0.465
0.394
0.503
0.868
0.873
1.101
1.436
1.466
1.538
1.453
2.002
2.103
2.154
1.851
1.661
1.59
1.59
1.312
1.435
1.11
0.917
1.062
1.042
1.022
0.945
0.859
0.925
0.708
0.576
0.454
0.511
0.657
0.443
0.464
0.451
0.3
0.366
0.147
0.062
0.095
0.095
-0.029
0.052
0.198
0.276
0.261
0.175
-0.005
-0.335
-0.388
-0.398
-0.301
-0.323
-0.352
-0.359
-0.374
-0.465
-0.074
-0.083
0.174
0.328
0.333
0.57
0.64
0.593
0.741
0.634
0.654
0.829
0.95
0.943
0.999
1.205
1.459
1.58
1.421
1.699
1.489
1.268
1.397
1.421
1.235
1.296
1.235
1.046
1.048
1.014
1.036
0.746
0.863
0.693
0.542
0.4
0.384
0.205
0.408
0.121
-0.175
-0.398
-0.661
-0.635
-0.729
-0.657
-0.604
-0.769
-0.684
-0.815
-0.619
-0.23
-0.263
-0.121
-0.121
-0.235
-0.104
-0.143
-0.026
-0.045
-0.356
-0.524
-0.775
-0.776
-0.596
-0.638
-0.535
-0.534
-0.691
-0.833
-0.955
-0.675
-1.005
-0.809
-0.561
-0.389
-0.646
-0.815
-1.131
-1.341
-1.235
-1.116
-0.75
-0.594
-0.745
-0.52
-0.693
-0.6
-0.571
-0.242
-0.033
0.113
0.175
-0.08
0.21
-0.013
0.184
0.455
0.581
1.035
1.029
1.066
0.829
0.821
0.927
0.986
1.193
0.966
0.988
0.768
0.736
0.605
0.517
0.348
0.351
0.505
0.599
0.654
0.371
0.434
0.079
0.163
0.076
0.118
-0.077
-0.122
-0.135
0.098
0.269
0.264
0.276
0.139
0.297
0.372
0.552
0.514
0.42
0.264
0.254
0.004
-0.058
-0.014
0.214
0.036
0.229
0.165
-0.109
-0.02
-0.104
-0.247
-0.527
-0.588
-0.624
-0.674
-0.575
-0.448
-0.247
-0.461
-0.47
-0.599
-0.802
-0.62
-1.048
-0.905
-1.006
-1.038
-0.733
-0.555
-0.581
-0.396
-0.349
-0.357
0.033
0.095
-0.07
-0.254
0.034
0.145
0.196
0.359
0.149
0.274
0.115
0.241
0.199
0.38
0.559
0.608
0.77
0.504
0.631
0.644
0.878
0.719
0.52
0.471
0.215
-0.055
-0.171
0.109
0.045
0.135
0.055
-0.064
-0.049
-0.226
0.085
0.143
0.352
0.451
0.492
0.688
0.698
0.508
0.346
0.256
0.072
0.058
0.003
0.101
-0.055
0.036
-0.088
-0.323
-0.574
-0.816
-0.725
-0.649
-0.711
-0.843
-0.766
-0.878
-0.695
-0.546
-0.556
-0.601
-0.481
-0.503
-0.515
-0.74
-0.859
-0.907
-1.001
-0.838
-1.119
-0.996
-1.071
-1.135
-1.134
-1.159
-1.12
-0.912
-0.941
-1.016
-1.018
-0.936
-1.186
-0.88
-0.833
-0.53
-0.256
-0.17
-0.076
-0.05
0.035
0.152
0.184
-0.121
-0.092
-0.028
-0.221
0.036
0.274
0.325
0.454
0.406
0.574
0.53
0.355
0.193
0.149
0.033
0.151
0.019
-0.079
0.006
-0.114
0.071
0.154
0.139
0.033
0.279
0.221
0.069
-0.015
0.01
0.147
0.371
0.2
0.396
0.221
0.406
0.395
0.491
0.406
0.361
0.485
0.198
0.255
0.145
0.249
0.42
0.554
0.605
0.466
0.408
0.281
0.289
0.24
0.217
0.09
0.297
0.291
0.228
0.434
0.309
0.12
0.141
-0.075
-0.005
0.151
0.191
0.221
0.32
0.133
0.041
0.284
0.226
0.219
0.151
0.121
0.131
0.214
0.13
0.119
0.191
0.345
0.211
0.165
0.415
0.434
0.659
0.603
0.314
0.411
0.381
0.479
0.299
0.591
0.647
0.608
0.544
0.771
0.596
0.512
0.599
0.297
0.216
-0.091
0.024
-0.21
-0.292
-0.216
-0.113
0.174
0.004
0.003
0.034
0.037
-0.096
0.164
0.176
0.051
-0.126
-0.14
-0.224
-0.196
-0.27
-0.115
-0.181
-0.234
-0.164
0.094
-0.071
-0.11
0.249
0.045
0.255
0.174
0.115
0.131
0.088
0.135
-0.013
-0.06
0.096
0.079
0.114
0.077
0.325
0.434
0.557
0.655
0.465
0.535
0.694
0.508
0.636
0.305
0.7
0.398
0.554
0.828
0.614
0.278
0.029
0.049
-0.071
0.036
0.259
0.25
0.311
0.268
0.305
0.408
0.352
0.414
0.455
0.299
0.292
0.383
0.474
0.49
0.43
0.536
0.659
0.393
0.196
0.25
0.36
0.331
0.205
0.176
0.175
0.492
0.591
0.546
0.781
0.283
0.413
0.113
0.2
0.02
0.144
0.331
0.42
0.704
0.705
0.6
0.601
0.443
0.704
0.695
0.781
0.709
1.0
0.824
0.764
0.704
0.63
0.49
0.741
0.796
0.489
0.464
0.371
0.13
0.185
0.203
0.196
0.254
0.28
0.348
0.391
0.3
0.195
0.164
-0.095
-0.239
-0.049
0.066
0.173
0.134
0.275
0.292
0.223
-0.122
-0.17
-0.364
-0.21
-0.25
-0.225
-0.177
-0.33
-0.365
-0.374
-0.435
-0.281
-0.391
-0.216
-0.365
-0.316
-0.385
-0.527
-0.785
-0.634
-0.574
-0.474
-0.288
-0.234
-0.225
-0.203
-0.062
-0.113
0.036
-0.021
-0.028
0.066
-0.241
-0.239
-0.214
-0.107
0.034
-0.007
-0.054
0.335
0.36
0.206
-0.061
-0.154
-0.212
-0.33
-0.118
-0.11
0.003
-0.033
0.034
0.306
0.455
0.596
0.594
0.473
0.386
0.357
0.344
0.295
0.253
0.525
0.28
0.242
0.143
0.264
0.15
-0.08
-0.216
-0.25
-0.13
0.011
-0.205
-0.121
-0.385
-0.361
-0.141
-0.261
-0.378
-0.059
-0.199
-0.031
0.136
-0.23
-0.107
-0.001
0.045
0.019
-0.154
-0.062
-0.23
-0.119
-0.119
0.034
0.159
0.4
0.479
0.406
0.48
0.551
0.646
0.415
0.116
0.166
0.244
0.215
0.291
0.228
0.318
0.24
0.164
0.231
0.126
0.269
0.081
0.166
0.238
0.23
0.294
0.297
0.352
0.542
0.182
0.022
0.133
0.115
0.241
0.266
0.278
0.341
0.346
0.173
0.216
0.121
0.15
0.06
0.365
0.326
0.273
0.364
0.084
0.086
-0.15
-0.173
0.01
-0.07
0.163
0.141
0.131
-0.07
0.114
0.03
-0.071
-0.3
-0.376
-0.341
-0.312
-0.236
-0.128
-0.16
-0.349
-0.149
-0.425
-0.47
-0.56
-0.422
-0.432
-0.5
-0.584
-0.541
-0.6
-0.511
-0.743
-0.691
-0.599
-0.641
-0.609
-0.792
-1.019
-0.978
-1.044
-0.919
-0.71
-0.816
-1.103
-0.738
-0.568
-0.596
-0.659
-0.907
-0.792
-0.72
-0.768
-0.818
-0.654
-0.374
-0.212
-0.256
-0.236
-0.051
-0.235
-0.296
-0.529
-0.633
-0.414
-0.401
-0.214
-0.235
-0.306
-0.25
-0.106
0.028
-0.011
0.432
0.186
0.288
0.414
0.376
0.23
0.335
0.288
0.279
0.194
0.115
0.054
-0.04
-0.235
-0.361
-0.464
-0.436
-0.738
-0.388
-0.451
-0.425
-0.426
-0.356
-0.571
-0.676
-0.633
-0.761
-0.902
-0.765
-0.863
-0.68
-0.667
-0.55
-0.529
-0.524
-0.427
-0.352
-0.134
-0.046
0.01
-0.169
-0.285
-0.43
-0.31
-0.393
-0.049
0.147
0.275
0.059
0.005
-0.104
-0.059
-0.319
-0.165
-0.025
0.115
0.229
0.394
0.464
0.448
0.532
0.718
0.821
1.177
1.357
1.028
1.141
1.029
0.629
0.699
0.396
0.51
0.35
0.512
0.45
0.312
0.05
-0.1
-0.052
0.065
0.05
0.007
0.034
0.003
-0.364
-0.432
-0.559
-0.371
-0.191
-0.066
0.203
0.235
0.268
0.406
0.307
0.361
0.221
0.32
0.001
-0.221
-0.154
-0.181
-0.304
-0.325
-0.165
0.009
-0.05
0.02
0.059
-0.041
0.119
0.345
0.233
0.235
0.295
0.224
0.294
0.3
0.33
0.324
0.344
0.485
0.649
0.739
0.721
0.836
0.96
1.019
1.075
1.139
1.016
1.259
1.344
1.45
1.603
1.369
1.229
1.032
1.103
1.078
0.82
1.119
0.871
0.755
0.839
0.989
1.166
1.328
1.48
1.501
1.403
1.391
1.329
1.188
1.104
0.764
0.945
0.595
0.789
0.787
0.48
0.386
0.261
0.326
0.343
0.506
0.766
0.718
0.75
0.879
1.031
0.816
0.993
0.785
0.829
0.654
0.611
0.494
0.43
0.489
0.281
0.367
0.511
0.728
0.68
0.532
0.492
0.122
0.357
0.211
0.007
0.182
0.151
0.101
-0.131
-0.216
-0.364
-0.335
-0.39
-0.55
-0.249
-0.344
-0.249
-0.359
-0.158
-0.06
-0.089
-0.144
-0.139
-0.333
-0.82
-0.728
-0.706
-1.042
-0.963
-0.799
-0.448
-0.44
-0.369
-0.266
-0.274
-0.283
-0.348
-0.044
-0.134
-0.095
0.026
0.076
-0.046
-0.122
-0.06
-0.034
-0.113
-0.009
0.136
0.098
0.251
0.15
0.015
-0.058
0.059
0.081
0.145
0.149
0.054
-0.149
0.009
-0.048
-0.2
-0.265
10.332
-0.484
-0.191
-0.36
-0.439
-0.307
-0.395
-0.367
-0.499
-0.675
-0.699
-0.665
-0.628
-0.647
-0.598
-0.634
-0.49
-0.294
-0.343
-0.176
-0.451
-0.182
-0.13
-0.168
-0.119
-0.217
-0.043
-0.26
-0.013
0.015
0.136
-0.128
-0.072
0.009
0.334
0.049
0.033
0.076
0.013
-0.069
-0.585
-0.701
-0.686
-0.65
-0.383
-0.328
0.005
0.115
0.02
-0.022
-0.03
-0.035
-0.083
-0.173
-0.279
-0.133
0.269
0.364
0.281
0.4
0.181
0.383
0.316
0.072
0.007
-0.091
-0.256
-0.228
-0.071
0.107
-0.036
0.214
0.185
0.193
0.146
0.242
0.386
0.537
0.364
0.32
0.341
0.236
0.217
0.122
-0.07
-0.261
-0.079
-0.19
-0.206
-0.098
-0.158
-0.338
-0.352
-0.603
-0.534
-0.699
-0.569
-0.551
-0.414
-0.3
-0.141
-0.034
0.096
0.015
-0.095
-0.091
-0.034
0.145
-0.146
-0.052
-0.001
0.229
0.079
0.056
-0.145
-0.101
0.084
0.286
0.03
0.314
0.446
0.555
0.561
0.59
0.364
0.49
0.4
0.165
-0.144
-0.052
-0.034
0.169
0.081
0.36
0.366
0.429
0.508
0.556
0.413
0.318
0.258
0.219
0.149
-0.079
-0.135
-0.226
-0.427
-0.351
-0.796
-0.799
-0.795
-0.78
-1.071
-1.062
-0.968
-0.915
-0.841
-0.688
-0.569
-0.573
-0.623
-0.64
-0.641
-0.51
-0.465
-0.356
-0.085
0.084
-0.061
-0.083
-0.022
0.156
0.145
0.181
0.371
0.534
0.288
0.394
0.534
0.701
0.805
0.571
0.863
0.539
0.674
0.656
0.829
0.806
0.796
0.915
0.826
-0.09
0.8
0.557
0.338
0.292
0.201
-0.04
-0.133
-0.149
-0.152
0.052
-0.191
-0.176
-0.326
-0.581
-0.652
-0.725
-0.78
-1.048
-1.104
-1.167
-1.081
-1.213
-1.169
-1.181
-0.935
-0.787
-0.785
-0.74
-0.754
-0.68
-0.315
-0.424
-0.206
-0.109
0.158
0.301
0.323
0.304
0.194
0.391
0.424
0.497
0.549
0.638
0.652
0.772
0.759
0.657
0.782
0.631
0.441
0.431
0.321
0.334
0.554
0.911
1.016
0.995
1.129
1.215
0.775
0.672
0.566
0.631
0.264
0.321
0.116
0.154
0.226
0.118
0.22
0.245
0.246
0.316
0.425
0.537
0.535
0.693
0.404
0.359
0.05
0.069
0.22
0.264
0.251
0.361
0.5
0.585
0.492
0.552
0.614
0.69
0.91
1.169
1.019
1.07
0.771
0.768
0.693
0.83
0.695
0.754
0.844
0.545
0.526
0.25
0.246
0.025
-0.058
0.217
-0.17
-0.316
-0.768
-0.723
-0.838
-0.701
-0.794
-0.777
-0.922
-0.904
-0.851
-0.761
-0.641
-0.393
-0.309
-0.19
-0.09
-0.084
0.061
0.015
0.39
0.385
0.535
0.755
0.907
1.163
1.286
1.075
1.015
1.254
1.239
1.029
1.184
1.219
1.085
1.009
1.046
0.871
0.796
0.739
0.506
0.388
0.285
0.289
-0.029
-0.304
-0.575
-0.951
-0.85
-0.746
-0.951
-0.959
-0.835
-0.568
-0.521
-0.417
-0.409
-0.196
-0.422
-0.351
-0.146
-0.069
0.246
0.555
0.716
0.723
0.675
0.6
0.549
0.46
0.411
0.465
0.593
0.456
0.482
0.734
0.689
0.741
0.758
0.542
0.782
0.484
0.349
0.221
0.289
0.405
0.355
0.302
0.389
0.378
-0.051
-0.075
-0.089
-0.345
-0.179
-0.379
-0.209
-0.419
-0.435
-0.401
-0.357
-0.35
-0.422
-0.228
-0.45
-0.393
-0.455
-0.376
-0.406
-0.519
-0.351
-0.5
-0.352
-0.537
-0.331
-0.075
-0.215
0.037
0.041
0.458
0.526
0.25
0.346
0.241
0.345
0.367
0.319
0.321
0.606
0.825
0.911
0.99
1.022
0.791
0.729
0.424
0.325
0.393
0.339
0.315
0.381
0.376
0.374
0.24
-0.07
0.164
0.084
-0.203
-0.281
-0.398
-0.569
-0.746
-0.897
-0.889
-1.076
-1.196
-1.116
-1.107
-1.075
-0.946
-0.964
-0.845
-0.695
-0.494
-0.522
-0.453
-0.22
-0.051
-0.014
0.194
0.193
-0.016
0.145
0.066
0.136
0.435
0.606
0.503
0.598
0.489
0.416
0.424
0.324
0.584
0.588
0.9
0.466
0.319
0.271
0.224
0.291
0.195
0.144
0.101
-0.12
-0.245
-0.326
-0.64
-0.621
-0.059
-0.194
-0.147
-0.115
-0.119
-0.341
-0.385
-0.295
-0.374
-0.258
0.039
-0.345
0.006
-0.071
0.196
0.092
0.129
0.128
0.045
0.049
-0.015
-0.168
0.091
0.079
-0.036
0.32
0.406
0.408
0.441
0.406
0.233
0.039
-0.033
0.083
0.106
0.28
0.175
0.025
-0.045
0.145
0.011
0.184
0.209
0.034
0.065
0.08
-0.065
-0.217
-0.3
-0.341
-0.265
-0.465
-0.463
-0.435
-0.352
-0.346
-0.144
-0.095
-0.036
-0.058
-0.13
-0.259
-0.455
-0.456
-0.432
-0.65
-0.519
-0.505
-0.479
-0.585
-0.596
-0.595
-0.669
-0.394
-0.246
-0.149
-0.086
-0.105
-0.331
-0.315
-0.288
-0.456
-0.586
-0.41
-0.351
-0.366
-0.166
-0.268
-0.345
-0.306
-0.35
-0.343
-0.253
-0.464
-0.494
-0.508
-0.443
-0.33
-0.336
-0.096
-0.109
-0.33
-0.444
-0.455
-0.53
-0.561
-0.504
-0.378
-0.383
-0.36
-0.081
-0.247
-0.325
-0.314
-0.634
-0.345
-0.105
-0.18
-0.036
-0.18
0.065
0.074
0.307
0.309
0.325
0.42
0.276
0.306
0.136
0.334
0.275
0.031
0.043
0.144
0.24
0.212
0.366
0.616
0.458
0.909
0.599
0.854
1.096
0.934
0.84
0.699
0.815
0.629
0.67
0.885
0.959
0.873
0.955
0.848
0.759
0.532
0.535
0.121
0.147
0.01
-0.095
-0.171
0.077
0.135
0.225
0.415
0.268
0.279
0.269
0.135
0.034
0.036
-0.1
-0.174
-0.029
-0.003
0.02
-0.039
0.026
-0.193
-0.352
-0.345
-0.351
-0.511
-0.022
0.128
-0.016
0.181
-0.048
0.03
-0.126
0.239
0.427
0.634
0.396
0.357
0.451
0.638
0.415
0.416
0.44
0.379
0.268
0.417
0.701
0.506
0.479
0.461
0.532
0.568
0.534
0.646
0.885
0.704
0.693
0.281
0.351
0.182
0.011
0.238
0.198
0.191
0.185
0.295
0.25
0.369
0.359
0.365
0.53
0.561
0.491
0.591
0.566
0.843
0.824
0.797
0.786
0.753
0.661
0.504
0.579
0.348
0.421
0.292
0.52
0.205
0.284
0.372
0.376
0.591
0.578
0.549
0.401
0.448
0.501
0.603
0.674
0.471
0.598
0.661
0.743
0.74
0.569
0.616
0.546
0.614
0.67
0.696
0.618
0.76
0.646
0.389
0.949
0.891
1.288
1.279
1.314
1.169
1.01
1.166
0.746
0.494
0.355
0.176
0.039
0.039
-0.128
-0.136
0.079
-0.169
-0.288
-0.456
-0.657
-0.574
-0.479
-0.362
-0.384
-0.449
-0.486
-0.814
-0.728
-0.657
-0.974
-0.938
-0.811
-0.723
-0.655
-0.515
-0.409
-0.45
-0.485
-0.495
-0.36
-0.095
-0.485
-0.274
-0.196
-0.17
-0.085
0.009
0.168
0.119
0.302
0.122
0.285
0.234
0.344
0.341
0.15
0.307
0.246
0.216
0.146
0.305
0.46
0.336
0.367
0.417
0.608
0.792
0.7
0.443
0.361
0.4
0.461
0.366
0.489
0.636
0.525
0.715
0.85
0.573
0.744
0.796
0.851
0.814
0.701
0.556
0.532
0.374
0.39
0.221
0.159
0.321
0.309
0.212
-0.119
-0.291
-0.345
-0.54
-0.48
-0.706
-0.489
-0.671
-0.635
-0.785
-0.69
-0.657
-0.685
-0.704
-0.854
-0.843
-0.705
-0.805
-0.669
-0.64
-0.581
-0.556
-0.464
-0.389
-0.38
-0.346
-0.253
0.005
0.046
0.14
0.054
-0.081
-0.302
-0.208
-0.14
-0.393
-0.53
-0.33
-0.404
-0.071
-0.233
-0.474
-0.769
-0.644
-0.515
-0.271
-0.22
-0.302
-0.409
-0.751
-0.804
-0.741
-0.67
-0.551
-0.701
-0.891
-0.871
-1.005
-0.914
-0.976
-1.089
-1.163
-0.875
-0.993
-0.723
-0.699
-0.451
-0.177
-0.234
-0.188
-0.226
-0.07
-0.094
-0.176
0.09
0.07
0.152
0.274
0.422
0.343
0.088
-0.059
-0.283
0.065
0.118
-0.164
0.15
0.312
0.441
0.411
0.443
0.338
0.198
-0.122
-0.38
-0.744
-0.699
-0.519
-0.194
-0.059
0.021
-0.004
-0.083
-0.06
0.158
0.285
0.427
0.419
0.314
-0.092
-0.181
0.176
0.335
0.517
0.522
0.458
0.479
0.644
0.354
0.339
0.312
0.05
-0.163
-0.255
-0.434
-0.855
-0.936
-0.843
-0.731
-0.801
-0.679
-0.616
-0.685
-0.52
-0.36
-0.729
-0.984
-0.623
-0.645
-0.746
-0.734
-0.77
-0.529
-0.505
-0.54
-0.566
-0.494
-0.375
-0.32
-0.44
-0.409
-0.455
-0.417
-0.446
-0.206
-0.089
0.056
0.066
0.17
0.089
0.076
0.286
0.415
0.46
0.16
0.076
-0.064
-0.089
-0.149
-0.058
0.044
0.138
0.201
0.221
0.106
0.026
-0.041
-0.155
-0.194
-0.458
-0.529
-0.792
-0.959
-0.818
-0.925
-1.099
-0.979
-1.071
-1.06
-1.099
-1.149
-1.17
-1.115
-0.914
-0.875
-1.006
-0.797
-0.674
-0.674
-0.431
-0.446
-0.324
-0.312
-0.024
0.14
0.11
0.181
0.269
0.273
0.354
0.369
0.42
0.456
0.361
0.245
0.39
0.384
0.122
0.217
0.111
0.169
0.39
0.504
0.542
0.625
0.645
0.536
0.471
0.471
0.603
0.765
0.866
0.78
1.031
1.189
0.891
0.624
0.531
0.329
0.416
0.478
0.67
