0.835
0.99
1.016
0.944
0.823
0.979
0.966
0.87
0.858
0.89
0.854
0.909
0.787
0.999
0.95
0.961
0.801
0.921
1.011
0.964
1.018
0.83
0.677
0.696
0.676
0.542
0.608
0.579
0.487
0.436
0.14
0.141
0.485
0.503
0.515
0.684
0.77
0.934
0.821
0.794
0.701
0.664
0.816
0.938
0.729
0.704
0.4
0.529
0.367
0.512
0.566
0.355
0.334
-0.055
-0.247
-0.285
-0.029
-0.033
0.171
0.004
-0.039
-0.163
-0.41
-0.304
-0.425
-0.409
0.175
0.443
0.216
0.216
0.331
0.525
0.84
0.941
0.77
0.777
0.573
0.006
-0.101
-0.163
0.06
0.265
0.459
0.805
0.983
0.996
0.456
0.189
0.136
0.22
0.62
0.473
0.552
0.749
0.721
0.71
0.534
0.661
0.688
0.769
0.859
0.723
0.708
0.72
0.451
0.699
0.625
0.557
0.331
0.384
0.181
0.119
0.205
0.043
0.049
0.286
0.288
0.319
0.261
0.31
0.064
-0.275
-0.209
-0.143
-0.096
-0.128
-0.258
10.332
-0.535
-0.487
-0.471
-0.52
-0.644
-0.522
-0.526
-0.69
-0.768
-0.905
-0.809
-0.917
-0.625
-0.289
-0.111
0.066
-0.188
-0.089
-0.144
0.158
0.133
0.156
0.357
0.145
0.144
0.052
-0.126
-0.21
-0.395
-0.296
-0.398
-0.448
-0.23
-0.12
-0.139
-0.335
-0.421
-0.51
-8.39
-0.576
-0.398
-0.461
-0.385
-0.411
-0.395
-0.479
-0.61
-0.541
-0.625
-0.595
-0.305
-0.118
-0.464
-0.301
-0.359
-0.281
-0.234
-0.321
-0.173
-0.131
-0.365
-0.652
-0.578
-0.886
-0.8
-0.796
-1.186
-1.426
-1.315
-1.335
-1.27
-1.282
-0.965
-0.883
-0.659
-0.601
-0.383
-0.034
0.136
0.349
0.09
-0.25
-0.33
-0.315
-0.188
-0.037
-0.018
0.083
-0.061
-0.156
-0.27
-0.091
0.071
0.429
0.526
0.426
0.695
0.704
0.634
0.682
0.458
0.245
0.301
0.225
0.374
0.499
0.584
0.596
0.669
0.642
0.583
0.195
0.16
0.158
0.131
-0.333
-0.741
-0.939
-0.49
-0.236
-0.071
0.09
-0.088
-0.354
-0.273
-0.191
-0.13
0.061
0.061
0.152
0.378
0.129
0.135
0.201
0.084
-0.005
-0.034
0.081
-0.07
-0.199
-0.125
-0.31
-0.35
-0.427
-0.14
-0.149
-0.562
-0.815
-0.984
-1.011
-0.684
-0.644
-0.139
0.166
0.085
0.114
0.056
0.049
-0.143
-0.129
-0.04
0.106
0.164
0.28
0.19
0.155
-0.003
-0.036
0.174
0.351
0.505
0.508
0.497
0.119
0.249
0.17
0.061
0.103
0.103
0.263
-10.336
0.416
0.367
0.446
0.409
0.324
0.319
0.421
0.281
-0.031
0.024
-0.04
-0.145
-0.113
-0.389
-0.704
-0.999
-0.796
-0.77
-0.588
-0.429
-0.422
-0.417
-0.474
-0.474
-0.449
-0.307
-0.357
-0.17
-0.344
-0.256
-0.264
-0.208
-0.129
0.071
0.079
0.092
0.194
0.466
0.539
0.684
0.894
0.641
0.469
0.305
0.036
-0.088
-0.229
-0.058
0.155
0.126
0.249
0.4
0.376
0.436
0.238
0.191
0.154
0.085
-0.118
-0.052
-0.071
0.074
0.335
0.512
0.249
0.359
0.335
0.36
0.425
0.527
0.611
0.763
0.725
0.705
0.487
0.384
0.291
0.311
0.009
0.214
0.161
0.1
0.004
-0.177
-0.116
-0.333
-0.514
-0.478
-0.532
-0.539
-0.532
-0.706
-0.562
-0.685
-0.494
-0.595
-0.445
-0.096
-0.424
-0.116
-0.133
-0.305
-0.364
-0.646
-0.626
-0.559
-0.471
-0.509
-0.531
-0.478
-0.599
-0.61
-0.499
-0.425
-0.307
-0.244
-0.084
0.077
0.315
0.552
0.575
0.4
0.41
0.506
0.546
0.427
0.474
0.566
0.463
0.739
0.766
0.635
0.753
0.861
1.33
1.066
1.079
1.171
1.19
1.137
0.939
1.07
1.161
1.088
0.931
0.912
0.596
0.524
0.42
0.41
0.294
0.147
0.119
-0.05
-0.131
-0.31
-0.448
-0.184
-0.381
-0.286
-0.355
-0.045
0.083
-0.133
-0.099
0.028
0.098
0.069
-0.03
-0.096
-0.292
-0.233
-0.422
-0.349
-0.355
-0.335
-0.487
-0.466
-0.57
-0.385
-0.113
-0.223
-0.314
-0.223
-0.223
-0.372
-0.408
-0.324
-0.274
-0.139
-0.091
-0.124
0.085
0.208
0.198
0.094
0.064
0.198
0.655
0.134
0.44
0.054
0.264
0.223
0.304
0.355
0.517
0.478
0.459
0.273
0.199
0.058
0.07
0.146
0.241
0.295
0.351
0.299
0.459
0.413
0.35
0.432
0.362
0.284
0.156
0.16
-0.051
-0.1
-0.309
-0.234
-0.209
-0.469
-0.473
-0.527
-0.499
-0.7
-0.936
-0.652
-0.506
-0.516
-0.454
-0.514
-0.655
-0.446
-0.231
-0.171
-0.113
0.056
0.104
0.19
0.103
0.234
0.326
0.422
0.393
0.534
0.541
0.568
0.491
0.441
0.649
0.636
0.594
0.688
0.542
0.557
0.396
0.444
0.346
0.5
0.614
0.649
0.714
0.609
0.514
0.338
-0.247
-0.299
-0.484
-0.359
-0.35
-0.315
-0.479
-0.527
-0.52
-0.647
-0.578
-0.571
-0.503
-0.415
-0.431
-0.41
-0.116
-0.33
-0.494
-0.671
-0.385
-0.329
-0.217
-0.281
-0.405
-0.591
-0.424
-0.362
-0.26
-0.305
-0.486
-0.682
-0.851
-0.806
-0.865
-0.765
-0.701
-0.776
-0.975
-0.932
-1.036
-0.998
-1.001
-0.998
-0.902
-0.906
-0.799
-0.971
-0.881
-0.818
-0.954
-1.041
-0.985
-0.795
-0.859
-0.876
-0.818
-0.823
-0.509
-0.65
-0.525
-0.238
-0.29
-0.21
-0.07
-0.089
0.086
0.195
0.256
0.361
0.375
0.554
0.594
0.511
0.662
0.826
0.79
0.581
0.853
0.724
0.695
0.81
0.631
0.751
0.795
0.845
0.691
0.769
0.772
0.981
0.86
0.517
0.254
0.265
0.311
0.349
0.541
0.566
0.725
0.609
0.509
0.37
0.139
0.003
0.007
-0.071
-0.092
-0.211
-0.191
-0.345
-0.42
-0.446
-0.479
-0.618
-0.79
-0.696
-0.746
-0.786
-0.8
-0.754
-0.664
-0.46
-0.249
-0.331
0.099
-0.136
-0.301
-0.208
-0.25
-0.269
-0.104
-0.022
-0.154
-0.08
-0.131
-0.306
-0.238
-0.21
-0.18
-0.26
-0.2
-0.101
-0.028
-0.106
-0.113
-0.094
-0.163
-0.02
-0.122
-0.147
-0.075
-0.031
0.069
0.041
-0.08
-0.011
-0.238
-0.59
-0.511
-0.64
-0.618
-0.465
-0.403
-0.5
-0.49
-0.536
-0.338
-0.487
-0.396
-0.445
-0.396
-0.138
-0.026
-0.031
0.07
-0.003
0.045
0.061
-0.12
-0.024
0.294
0.299
0.379
0.409
0.57
0.626
0.495
0.364
0.525
0.693
0.436
0.36
0.351
0.343
0.341
0.186
0.509
0.621
0.571
0.479
0.406
0.394
0.404
0.2
-0.036
-0.105
-0.018
-0.11
0.098
0.019
0.238
0.228
0.165
0.173
0.199
0.139
0.161
-0.26
-0.304
-0.432
-0.72
-0.657
-1.0
-1.059
-1.038
-1.024
-0.961
-0.86
-0.588
-0.636
-0.574
-0.521
-0.459
-0.451
-0.361
-0.388
-0.149
0.028
-0.208
0.194
-0.106
0.113
0.275
0.479
-10.336
0.925
1.048
1.075
1.113
1.104
0.899
0.946
1.008
1.075
0.964
1.006
1.044
1.084
1.284
1.028
0.948
0.936
0.835
0.698
0.671
0.501
0.323
0.184
0.015
0.16
0.069
0.193
0.283
0.383
0.427
0.28
0.16
0.147
0.25
0.026
-0.061
-0.149
-0.13
0.126
0.228
0.458
0.515
0.659
0.695
0.684
0.805
0.636
0.431
0.22
0.135
0.341
0.59
0.738
0.89
1.019
1.219
1.525
1.491
1.765
1.864
1.92
1.93
1.846
1.891
1.819
1.685
1.443
1.841
1.934
1.75
1.689
1.453
1.424
1.325
1.029
1.215
1.035
1.049
0.745
1.099
0.589
0.638
0.701
0.52
0.482
0.46
0.309
0.146
0.094
0.128
-0.09
-0.08
-0.37
-0.265
-0.349
-0.35
-0.374
-0.575
-0.376
-0.42
-0.245
0.015
-0.099
-0.236
-0.179
-0.22
-0.312
-0.21
-0.1
0.006
0.105
0.304
0.115
0.385
0.256
0.13
0.454
0.336
0.343
0.229
0.335
0.362
0.306
0.486
0.48
0.471
0.746
0.738
0.393
0.278
0.159
0.135
0.439
0.436
0.797
0.753
0.834
0.824
0.545
0.506
0.532
0.469
0.374
0.435
10.332
8.094
0.16
-0.188
-0.084
0.051
0.233
0.275
0.414
0.306
0.324
0.554
0.671
0.569
0.259
0.239
0.122
-0.029
-0.089
-0.291
-0.349
-0.453
-0.338
-0.211
-0.441
-0.375
-0.596
-0.6
-0.496
-0.43
-0.591
-0.541
-0.362
-0.425
-0.389
-0.603
-0.656
-0.794
-0.812
-0.851
-0.969
-0.756
-1.065
-1.136
-1.249
-0.981
-0.941
-0.746
-0.665
-0.593
-0.527
-0.275
-0.429
-0.399
-0.294
0.049
0.194
0.089
0.366
0.489
0.714
0.596
0.821
0.79
0.644
0.576
0.624
0.759
0.738
1.035
0.863
0.97
1.054
0.674
0.564
0.466
0.551
0.459
0.475
0.258
0.219
-0.031
-0.279
-0.264
-0.129
-0.283
-0.199
-0.247
-0.241
-0.212
-0.326
-0.201
-0.316
-0.04
-0.336
-0.58
-0.581
-0.629
-0.508
-0.679
-0.764
-0.669
-0.6
-0.522
-0.56
-0.796
-0.794
-0.416
-0.453
-0.333
-0.469
-0.38
-0.348
-0.364
-0.284
-0.401
-0.38
-0.624
-0.75
-0.915
-1.251
-0.964
-1.214
-1.014
-0.934
-1.096
-0.873
-0.896
-0.554
-0.67
-0.601
-0.562
-0.755
-0.804
-0.576
-0.656
-0.763
-0.679
-0.589
-0.489
-0.454
-0.48
-0.549
-0.537
-0.614
-0.731
-0.494
-0.496
-0.754
-0.655
-0.759
-0.491
-0.446
-0.475
-0.51
-0.43
-0.315
-0.605
-0.551
-0.61
-0.659
-0.504
-0.421
-0.44
-0.479
-0.522
-0.585
-0.51
-0.503
-0.198
-0.369
-0.039
-0.126
0.212
0.304
0.352
0.304
0.151
0.061
0.173
0.158
0.158
0.16
0.245
-0.064
0.374
0.215
0.328
0.381
0.128
0.26
0.147
0.209
-0.025
-0.064
0.12
-0.021
0.041
-0.028
-0.085
-0.156
-0.094
-0.114
-0.212
-0.151
0.004
-0.048
-0.292
-0.175
-0.294
-0.158
-0.216
-0.099
-0.048
-0.1
-0.214
-0.201
-0.111
-0.139
-0.16
-0.3
-0.398
-0.316
-0.026
0.177
0.003
0.242
0.506
0.345
0.359
0.37
0.615
0.585
0.618
0.818
0.685
0.873
1.031
1.129
0.979
1.184
1.32
1.203
1.184
1.294
1.52
1.552
1.296
1.285
1.234
1.38
1.606
1.663
1.59
1.399
1.653
1.522
1.288
1.363
1.395
1.151
1.127
1.045
0.853
0.79
0.209
0.164
0.105
0.069
0.22
0.134
0.203
0.031
0.15
0.113
0.221
0.366
0.299
0.458
0.325
0.114
0.064
-0.006
-0.004
-0.13
-0.066
-0.186
-0.36
-0.3
-0.234
-0.199
0.04
0.229
0.103
0.046
0.238
0.19
0.269
0.159
0.307
0.124
0.251
0.268
0.228
0.215
0.046
0.018
-0.225
-0.048
-0.366
-0.206
-0.265
0.081
0.151
-0.021
-0.134
0.113
0.171
0.246
0.16
-0.05
0.062
-0.013
-0.013
-0.124
-0.169
-0.236
-0.23
-0.168
-0.005
0.09
0.144
0.244
0.375
0.241
0.273
0.14
0.431
0.384
0.445
0.449
0.481
0.529
0.449
0.629
0.711
0.821
0.963
0.539
0.579
0.444
0.35
0.281
0.134
-0.035
0.062
0.121
0.26
-0.22
0.274
0.424
0.586
0.604
0.576
0.584
0.711
0.774
0.943
0.718
0.806
0.565
0.385
0.399
0.395
0.505
0.326
0.486
0.468
0.394
0.417
0.352
0.26
0.255
0.435
0.391
0.365
0.595
0.501
0.365
0.154
0.189
0.231
0.274
0.089
-0.144
-0.039
-0.071
-0.051
-0.25
-0.219
-0.155
-0.116
0.147
0.119
0.165
-0.003
0.205
0.225
0.271
0.259
0.131
0.089
0.103
-0.035
0.104
0.133
0.135
0.113
-0.037
0.155
-0.249
-0.185
0.065
0.233
0.101
0.146
0.199
0.289
0.465
0.568
0.388
0.451
0.328
0.034
-0.138
-0.238
-0.185
-0.131
0.09
-0.116
0.016
-0.014
0.165
0.015
-0.025
0.064
0.045
0.365
0.464
0.464
0.359
0.406
0.338
0.403
0.3
0.29
0.181
0.33
0.214
0.383
0.44
0.422
0.445
0.286
0.286
0.175
0.046
0.07
-0.224
0.04
-0.281
-0.43
-0.366
-0.366
-0.486
-0.713
-0.736
-0.753
-0.82
-0.951
-0.75
-0.703
-0.601
-0.713
-0.758
-0.7
-0.638
-0.635
-0.532
-0.537
-0.455
-0.419
-0.506
-0.304
-0.394
-0.478
-0.278
-0.216
-0.198
-0.3
-0.354
0.001
-0.171
-0.176
-0.075
-0.315
-0.254
-0.177
-0.547
-0.535
-0.586
-0.634
-0.586
-0.739
-0.599
-0.519
-0.501
-0.453
-0.431
-0.17
-0.134
0.098
0.058
0.273
0.547
0.647
0.75
0.82
0.746
0.791
0.672
0.731
0.724
0.839
0.871
0.751
0.688
0.615
0.58
0.441
0.393
0.037
-0.114
-0.398
-0.466
-0.505
-0.413
-0.341
-0.351
-0.398
-0.487
-0.529
-0.539
-0.359
-0.511
-0.629
-0.506
-0.62
-0.611
-0.469
-0.253
-0.135
-0.233
-0.14
-0.315
-0.191
-0.212
-0.236
-0.289
-0.128
-0.416
-0.211
-0.088
-0.198
0.091
-0.044
0.001
0.159
0.076
0.088
0.02
-0.04
-0.003
0.035
-0.426
0.31
0.242
0.06
0.039
-0.015
0.021
-0.049
-0.015
-0.24
-0.234
-0.174
-0.098
-0.165
-0.064
-0.015
-0.11
0.17
0.241
0.265
0.245
0.274
0.076
0.173
0.09
0.338
0.279
0.004
-0.129
-0.364
-0.449
-0.596
-0.756
-0.828
-0.875
-0.749
-1.073
-1.096
-1.389
-1.369
-1.426
-1.416
-1.516
-1.43
-1.42
-1.274
-1.34
-1.221
-0.83
-0.855
-0.65
-0.565
-0.465
-0.253
-0.297
-0.463
-0.621
-0.484
-0.552
-0.481
-0.41
-0.251
-0.453
-0.299
-0.271
-0.151
0.005
0.101
0.234
0.235
0.339
0.361
0.41
0.441
0.474
0.615
0.659
0.579
0.624
0.465
0.361
0.516
0.634
0.286
0.517
0.73
0.6
0.573
0.63
0.593
0.465
0.361
0.161
0.203
0.029
0.052
0.062
0.041
0.174
0.056
-0.111
0.175
0.503
0.839
0.871
0.951
0.907
1.111
1.03
0.973
1.001
0.896
1.024
1.022
1.036
1.085
0.932
0.93
1.036
0.929
1.079
1.07
1.061
1.009
0.874
1.041
0.91
0.868
0.845
0.725
0.844
0.72
0.638
0.551
0.381
0.398
-0.054
0.069
0.02
-0.062
0.085
0.134
0.3
0.319
0.354
0.27
0.255
0.444
0.259
0.345
0.33
0.336
0.385
0.635
0.351
0.35
0.401
0.24
0.443
0.598
0.699
0.851
0.759
0.735
0.696
0.682
0.44
0.56
0.705
0.623
0.435
0.401
0.307
0.318
0.456
0.486
0.338
0.309
0.422
0.234
0.146
0.208
0.147
0.088
-0.05
-0.022
-0.12
-0.099
-0.11
0.1
0.166
0.239
0.266
0.219
0.043
-0.168
0.077
0.215
0.414
0.39
0.568
0.656
0.9
1.001
1.091
1.261
1.385
1.385
1.5
1.439
1.423
1.417
1.33
1.66
1.713
1.568
1.455
1.455
1.688
1.59
1.431
1.229
1.266
1.097
1.029
1.008
1.075
1.201
1.264
1.042
0.797
0.804
0.706
0.758
0.588
0.764
0.435
0.53
0.422
0.381
0.394
0.246
0.176
0.005
0.086
0.146
-0.077
0.015
-0.13
-0.316
-0.345
-0.145
-0.408
-0.295
-0.15
-0.205
-0.085
-0.229
-0.361
-0.115
-0.176
-0.319
-0.296
-0.497
-0.774
-0.965
-0.922
-0.974
-0.81
-1.099
-1.203
-1.136
-1.334
-1.643
-1.808
-1.974
-2.011
-1.824
-1.708
-1.578
-1.598
-1.479
-1.391
-1.186
-1.314
-1.09
-1.103
-1.05
-0.696
-0.751
-0.441
-0.247
-0.269
-0.1
-0.128
-0.033
0.081
-0.085
0.154
0.155
0.378
0.334
0.372
0.024
-0.015
-0.211
-0.253
-0.288
-0.22
-0.256
-0.035
-0.013
0.101
0.08
0.062
0.125
0.255
0.245
0.149
0.079
0.005
0.247
0.335
0.432
0.456
0.264
0.343
0.35
0.113
0.071
0.191
0.37
0.352
0.536
0.573
0.646
0.376
0.395
0.614
0.775
0.88
0.864
0.63
0.508
0.314
0.291
0.354
0.065
0.131
0.159
-0.076
0.01
-0.072
-0.044
-0.223
-0.381
-0.605
-0.427
-0.378
-0.325
-0.263
-0.304
-0.263
-0.364
-0.211
-0.366
-0.48
-0.485
-0.542
-0.519
-0.63
-0.529
-0.585
-0.564
-0.644
-0.73
-0.68
-0.739
-0.895
-1.167
-1.14
-0.87
-0.858
-1.088
-1.105
-1.078
-1.414
-1.43
-1.326
-1.198
-1.103
-1.145
-1.19
-1.131
-1.279
-1.141
-0.879
-0.79
-0.768
-0.52
-0.463
-0.302
-0.292
-0.106
-0.011
0.043
0.238
0.278
0.356
0.349
0.471
0.601
0.512
0.569
0.526
0.636
0.657
0.812
0.863
0.75
0.729
0.795
0.828
0.818
0.685
0.83
0.87
1.004
0.968
0.951
0.766
0.664
0.588
0.795
0.361
0.489
0.215
0.165
0.159
0.151
0.174
0.229
0.007
0.013
0.083
0.062
0.154
0.051
0.119
0.145
0.145
0.074
0.35
0.326
0.25
0.372
0.236
0.414
0.301
0.336
0.435
0.531
0.369
0.328
0.487
0.406
0.53
0.329
0.316
-0.074
-0.119
-0.233
-0.325
-0.656
-0.89
-0.879
-0.943
-0.956
-1.144
-1.069
-1.018
-0.854
-0.699
-0.685
-0.427
-0.242
-0.209
-0.075
-0.259
-0.266
-0.416
-0.381
-0.699
-0.521
-0.478
-0.604
-0.458
-0.386
-0.235
-0.422
-0.199
-0.265
-0.309
-0.24
-0.258
-0.049
0.045
0.084
0.024
0.025
0.171
0.268
0.469
0.265
0.27
0.096
0.278
0.217
0.217
0.343
0.456
0.469
0.439
0.411
0.31
0.554
0.63
0.517
0.547
0.659
0.766
0.698
0.708
0.723
0.537
0.434
0.351
0.26
0.268
0.133
0.182
0.058
-0.056
0.088
0.124
0.281
0.211
0.328
0.161
0.391
0.379
0.468
0.066
0.208
0.46
0.394
0.401
0.416
0.494
0.569
0.682
0.679
0.792
0.851
1.091
1.096
1.115
1.062
0.944
0.899
0.579
0.525
0.555
0.794
0.848
0.906
0.608
0.451
0.485
0.319
0.225
0.45
0.532
0.64
0.409
0.542
0.511
0.496
0.571
0.295
0.259
0.283
0.269
0.074
0.12
0.121
0.092
0.065
-0.036
0.271
-0.09
0.269
0.296
0.208
0.118
0.098
0.134
0.372
0.136
-0.035
0.114
0.25
0.244
0.406
0.497
0.621
0.746
0.81
0.893
0.925
0.961
1.131
1.339
1.436
1.4
1.232
0.934
1.022
0.956
0.829
0.925
0.741
1.004
0.796
0.52
0.501
0.5
0.443
0.662
0.611
0.557
0.434
0.285
0.288
0.186
0.21
0.004
0.054
-0.17
-0.083
-0.173
0.134
-0.022
0.0
0.088
-0.06
-0.307
-0.356
-0.319
-0.331
-0.329
-0.376
-0.296
-0.316
-0.325
-0.35
-0.098
-0.239
-0.024
0.045
0.092
0.158
0.14
0.144
0.103
-0.037
0.198
0.229
0.325
0.247
0.362
0.314
0.439
0.522
0.414
0.686
0.438
0.103
0.121
-0.079
0.006
-0.21
-0.3
-0.129
-0.238
-0.4
-0.666
-0.421
-0.624
-0.599
-0.394
-0.573
-0.509
-0.486
-0.672
-0.469
-0.285
-0.091
-0.021
-0.069
0.22
0.286
0.331
0.439
0.489
0.481
0.55
0.421
0.401
0.63
0.573
0.496
0.367
0.061
0.088
-0.095
-0.15
0.011
-0.302
-0.504
-0.598
-0.656
-0.792
-0.926
-1.052
-1.06
-1.019
-0.919
-0.728
-0.704
-0.633
-0.616
-0.536
-0.339
-0.384
-0.445
-0.461
-0.432
-0.463
-0.249
-0.154
0.007
-0.161
0.201
0.253
0.225
0.256
0.346
0.244
0.206
0.417
0.557
0.641
0.608
0.63
0.554
0.516
0.525
0.464
0.424
0.256
0.149
-0.094
-0.264
-0.525
-0.534
-0.62
-0.574
-0.544
-0.584
-0.823
-1.018
-0.769
-0.725
-0.56
-0.256
-0.43
-0.203
-0.413
-0.312
-0.099
-0.224
0.119
0.094
-0.005
0.083
0.084
-0.048
-0.136
-0.12
-0.106
-0.141
0.062
0.129
0.151
0.016
-0.062
0.031
-0.04
0.199
0.28
0.236
-0.025
-0.026
-0.1
0.06
0.037
-0.079
0.043
0.175
0.133
0.195
0.338
0.372
0.434
0.352
0.432
0.684
0.546
0.578
0.545
0.556
0.578
0.581
0.205
0.431
0.149
0.198
0.085
-0.01
-0.23
-0.064
-0.182
-0.198
-0.417
-0.388
-0.535
-0.486
-0.479
-0.501
-0.525
-0.527
-0.681
-0.657
-0.666
-0.715
-0.873
-0.845
-0.936
-0.755
-0.815
-0.659
-0.389
-0.624
-0.555
-0.588
-0.399
-0.463
-0.323
-0.335
-0.21
-0.216
-0.505
-0.504
-0.546
-0.833
-0.662
-0.651
-0.759
-0.875
-1.084
-1.208
-1.065
-1.041
-1.175
-0.976
-0.978
-0.936
-10.336
-1.216
-1.086
-1.18
-1.145
-1.051
-1.2
-1.064
-1.029
-0.93
-0.976
-0.828
-0.931
-0.782
-0.761
-0.638
-0.734
-0.517
-0.624
-0.772
-0.873
-0.846
-0.772
-0.655
-0.56
-0.565
-0.579
-0.497
-0.278
-0.229
-0.47
-0.393
-0.281
-0.328
0.166
0.039
0.103
0.077
0.211
0.154
0.234
0.075
-0.059
-0.079
-0.119
-0.076
-0.206
-0.427
-0.323
-0.334
-0.384
-0.439
-0.336
-0.59
