-1.022
-1.056
-0.921
-0.801
-0.736
-0.735
-0.844
-0.738
-0.704
-0.675
-0.574
-0.505
-0.269
-0.155
-0.38
-0.283
-0.343
-0.169
-0.05
-0.156
-0.133
-0.119
-0.044
-0.219
-0.051
0.036
-0.138
0.043
0.143
0.211
0.36
-0.046
-0.146
-0.189
-0.349
-0.579
-0.551
-0.593
-0.45
-0.466
-0.633
-0.948
-0.983
-0.772
-0.652
-0.797
-0.581
-0.425
-0.226
-0.427
-0.456
-0.08
-0.074
0.136
0.329
0.318
0.497
0.601
0.821
0.72
0.836
0.812
0.915
1.288
1.068
1.231
1.213
1.184
1.324
1.502
1.626
1.59
1.508
1.479
1.393
1.439
1.24
1.377
0.99
1.094
0.893
0.809
0.751
0.636
0.545
0.682
0.539
0.35
0.594
0.53
0.459
0.331
0.111
0.264
0.401
0.268
0.219
0.121
-0.138
0.203
0.094
0.245
0.307
0.565
0.52
0.319
-0.081
0.179
0.214
0.324
0.621
0.316
0.329
0.226
0.107
0.176
0.098
0.212
0.265
0.335
0.415
0.164
0.095
-0.004
-0.025
0.306
0.188
0.371
0.411
0.283
0.376
0.432
0.438
0.743
0.605
0.657
0.642
0.745
0.836
0.869
0.859
0.819
0.764
0.776
0.699
1.056
1.125
1.008
1.157
1.254
1.209
0.963
0.809
0.864
0.709
0.868
0.669
0.695
0.82
0.859
0.78
0.885
0.796
0.704
0.96
0.894
0.917
0.676
0.735
0.645
0.588
0.761
0.611
0.766
0.766
0.871
0.895
0.561
0.669
0.569
0.487
0.487
0.406
0.564
0.446
0.539
0.714
0.45
0.544
0.359
0.206
0.104
0.175
0.468
0.517
0.555
0.596
0.526
0.494
0.385
-0.029
0.081
0.062
0.408
0.352
0.375
0.449
0.46
0.575
0.261
0.253
0.416
0.331
0.26
0.005
0.055
-0.084
0.04
0.013
-0.031
-0.06
0.014
-0.292
-0.119
-0.033
0.059
-0.035
-0.045
0.11
0.206
0.254
0.217
0.199
0.161
-0.209
-0.384
-0.46
-0.446
-0.391
-0.254
-0.154
-0.169
-0.081
0.12
0.188
0.184
-0.069
-0.134
0.1
0.1
-0.025
-0.044
0.049
0.021
0.081
-0.031
0.083
0.126
0.103
0.029
-0.161
-0.226
-0.158
0.072
0.104
0.268
0.133
0.238
6.562
0.249
0.365
0.422
0.487
0.386
0.549
0.568
0.221
0.175
-0.014
0.175
0.386
0.58
0.695
0.574
0.529
0.378
0.465
0.375
0.417
0.229
-0.349
-0.546
-0.724
-10.336
-0.74
-0.78
-0.695
-0.806
-0.63
-0.524
-0.278
-0.364
-0.385
-0.247
-0.504
-0.998
-0.858
-0.754
-0.451
-0.229
-0.109
0.19
0.315
0.348
0.346
0.135
0.051
-0.094
0.06
-0.021
0.035
-0.028
0.049
-0.052
0.029
0.285
0.296
0.414
0.415
0.55
0.231
0.107
-0.174
-0.393
-0.485
-0.77
-0.551
-0.604
-0.555
-0.579
-0.806
-0.541
-0.352
-0.346
-0.26
-0.193
0.154
-0.035
-0.143
-0.138
-0.256
-0.21
-0.383
-0.223
-0.234
-0.344
-0.369
-0.25
-0.241
-0.264
-0.086
0.212
0.119
0.236
0.32
0.323
0.321
0.335
0.354
0.527
0.344
0.48
0.531
0.679
0.605
0.489
0.546
0.424
0.555
0.454
0.338
0.315
0.324
0.09
0.24
0.209
0.215
-0.048
-0.022
-0.121
-0.455
-0.662
-0.695
-0.863
-0.875
-0.931
-1.042
-1.224
-1.24
-1.318
-1.35
-1.191
-1.339
-1.262
-1.532
-1.141
-1.334
-1.249
-1.31
-1.258
-1.546
-1.143
-1.056
-0.834
-0.54
-0.561
-0.326
-0.321
-0.065
0.075
0.15
0.379
0.409
0.394
0.406
0.376
0.372
0.289
0.435
0.568
0.654
0.621
0.479
0.544
0.466
0.443
0.568
0.666
0.784
0.641
0.249
0.21
0.221
0.203
0.331
0.274
0.264
0.175
-0.07
-0.319
-0.541
-0.816
-1.026
-1.15
-1.151
-0.906
-0.785
-0.55
-0.372
-0.27
-0.299
-0.241
-0.205
-0.431
-0.468
-0.346
-0.549
-0.559
-0.641
-0.609
-0.374
-0.23
-0.223
-0.325
-0.315
-0.554
-0.642
-0.675
-0.764
-0.785
-0.84
-1.051
-1.081
-1.288
-1.139
-1.091
-1.244
-1.395
-1.526
-1.38
-1.386
-1.479
-1.492
-1.304
-1.395
-1.446
-1.438
-1.174
-0.945
-1.071
-0.935
-0.5
-0.256
-0.212
-0.201
-0.075
0.314
0.152
0.421
0.661
0.774
1.008
0.981
1.251
1.206
1.296
1.501
1.415
1.331
1.36
1.361
1.252
1.286
1.25
1.264
1.29
1.18
1.038
1.205
1.305
1.188
1.065
1.129
0.858
0.686
0.883
0.917
0.927
0.888
1.035
0.69
0.628
0.395
0.56
0.56
0.759
0.746
0.886
0.926
0.66
0.584
0.525
0.674
0.704
0.874
0.91
0.932
0.756
0.547
0.48
0.364
0.225
0.199
0.06
0.245
0.166
0.425
0.346
0.184
0.274
0.196
0.27
0.234
0.086
0.114
0.104
-0.044
-0.022
-0.208
-0.203
-0.194
-0.086
0.034
0.22
0.131
0.215
0.304
0.359
0.669
0.713
0.484
0.584
0.719
0.824
0.782
0.481
0.55
0.335
0.42
0.566
0.405
0.31
0.149
0.126
0.164
-0.056
-0.041
-0.11
-0.09
0.06
0.154
0.208
0.18
-0.241
-0.059
-0.206
-0.409
-0.29
-0.151
-0.216
-0.152
0.175
0.284
0.431
0.161
-0.173
-0.121
0.095
0.096
0.22
0.414
0.441
0.744
0.581
0.575
0.695
0.659
0.48
0.446
0.62
0.557
0.458
0.547
0.544
0.745
0.87
1.103
1.213
1.116
1.256
1.208
1.415
1.385
1.449
1.508
1.5
1.671
1.501
1.606
1.305
1.164
1.191
1.177
1.238
1.302
1.426
1.393
1.035
1.045
0.949
0.912
0.584
0.482
0.42
0.431
0.604
0.878
1.002
0.876
0.776
0.573
0.411
0.238
-0.018
0.221
0.239
0.208
0.065
0.331
0.121
-0.11
-0.036
0.128
0.001
-0.084
-0.381
-0.344
-0.361
-0.326
-0.318
-0.451
-0.54
-0.311
-0.556
-0.764
-0.795
-0.721
-0.705
-0.734
-0.749
-0.736
-0.811
-0.676
-0.444
-0.24
-0.404
-0.544
-0.578
-0.606
-0.58
-0.517
-0.655
-0.546
-0.455
-0.385
-0.516
-0.546
-0.522
-0.53
-0.486
-0.269
-0.541
-0.318
-0.256
-0.203
-0.229
-0.024
-0.001
-0.185
-0.131
-0.208
-0.111
-0.055
-0.075
-0.111
-0.115
-0.009
-0.13
0.139
0.325
0.494
0.625
0.555
0.941
0.65
0.856
0.652
0.984
1.073
0.82
0.896
0.889
0.701
0.659
0.772
0.564
0.635
0.545
0.537
0.478
0.334
0.307
0.216
0.044
0.041
-0.069
-0.348
-0.281
-0.485
-0.623
-0.546
-0.581
-0.595
-0.549
-0.43
-0.211
-0.281
-0.336
-0.455
-0.341
-0.541
-0.289
-0.081
0.115
0.319
0.271
0.189
0.271
0.181
0.261
0.249
0.64
0.909
0.944
1.188
0.934
0.644
0.191
0.185
0.268
0.092
0.43
0.369
0.389
0.286
0.212
0.302
0.184
0.058
0.05
-0.173
-0.022
-0.081
-0.362
-0.196
-0.25
-0.362
-0.355
-0.314
-0.486
-0.405
-0.29
-0.193
-0.165
-0.065
-0.138
-0.369
-0.534
-0.614
-0.503
-0.449
-0.586
-0.235
0.028
0.176
0.034
-0.016
-0.043
-0.138
-0.359
-0.475
-0.436
-0.537
-0.906
-1.008
-1.229
-1.271
-1.26
-0.894
-0.984
-0.921
-0.741
-0.931
-0.858
-0.999
-1.064
-1.035
-1.069
-0.871
-0.833
-0.856
-0.818
-0.831
-0.731
-0.654
-0.516
-0.299
-0.164
-0.138
-0.089
-0.118
-0.393
-0.547
-1.014
-0.826
-0.758
-0.625
-0.4
-0.356
-0.35
-0.465
-0.542
-0.443
-0.434
-0.499
-0.64
-0.709
-0.496
-0.487
-0.46
-0.36
-0.415
-0.355
-0.419
-0.251
-0.494
-0.561
-0.475
-0.441
-0.359
-0.331
-0.458
-0.596
-0.593
-0.585
-0.549
-0.578
-0.616
-0.501
-0.606
-0.468
-0.516
-0.405
-0.29
-0.279
-0.383
-0.509
-0.403
-0.391
-0.225
0.045
0.266
0.32
0.115
0.254
0.295
0.26
0.092
-0.169
0.345
0.025
0.235
0.328
0.352
0.256
0.413
0.494
0.537
0.439
0.305
0.395
0.344
0.295
0.425
0.379
0.415
0.344
0.269
0.253
0.245
0.311
0.357
0.395
0.446
0.28
0.147
-0.051
0.138
0.312
0.06
0.141
-0.147
-0.24
-0.305
-0.481
-0.283
-0.318
-0.175
-0.246
-0.091
0.01
-0.1
0.091
0.031
-0.028
0.011
0.159
0.324
0.339
0.664
0.586
0.471
0.456
0.568
0.47
0.236
0.331
0.362
0.417
0.383
0.297
0.333
0.63
0.615
0.527
0.749
0.645
0.897
0.819
0.57
0.671
0.435
0.768
0.599
0.721
0.69
0.726
0.88
0.521
0.495
0.484
0.465
0.406
0.458
0.389
0.241
0.38
0.383
0.185
0.251
0.302
0.193
0.376
0.075
0.072
-0.221
-0.031
-0.15
-0.1
-0.007
-0.081
-0.145
-0.288
-0.041
0.281
0.4
0.466
0.634
0.624
0.91
1.016
0.971
1.231
1.084
0.991
1.097
1.076
1.289
1.411
1.383
1.426
1.319
1.438
1.173
1.21
1.18
1.242
1.312
1.409
1.384
1.714
1.498
1.471
1.381
1.356
1.274
1.286
1.369
1.48
1.425
1.226
1.32
1.045
0.83
0.394
0.205
0.302
0.304
0.245
0.416
0.319
0.191
0.376
0.009
0.039
-0.005
-0.124
-0.266
-0.396
-0.47
-0.266
-0.345
-0.297
-0.56
-0.426
-0.671
-0.666
-0.829
-0.939
-0.934
-0.995
-0.91
-0.71
-0.54
-0.791
-0.621
-0.601
-0.552
-0.615
-0.364
-0.18
-0.092
-0.302
-0.147
-0.131
-0.185
-0.122
0.14
0.334
0.46
0.471
0.515
0.681
0.664
0.665
0.784
0.755
0.61
0.609
0.468
0.041
-0.052
0.165
-0.154
-0.03
0.134
0.238
0.309
0.021
0.271
0.393
0.496
0.367
0.149
0.049
0.062
-0.215
-0.147
0.079
0.219
0.294
0.296
0.491
0.405
0.463
0.439
0.486
0.524
0.399
0.361
0.141
0.12
0.325
0.291
0.45
0.672
0.721
0.761
0.552
0.255
0.058
0.111
0.025
-0.041
-0.061
0.083
-0.048
0.026
-0.101
-0.076
-0.269
-0.309
-0.196
-0.169
-0.3
-0.32
-0.221
-0.26
-0.01
-0.08
0.124
-0.01
0.211
0.46
0.461
0.72
0.869
0.886
0.917
0.693
0.311
0.406
0.174
-0.029
0.281
0.354
0.235
0.504
0.268
0.155
-0.066
-0.054
-0.046
-0.096
-0.14
-0.235
-0.5
-0.546
-0.6
-0.631
-0.481
-0.417
-0.494
-0.389
-1.361
-0.545
-0.453
-0.745
-0.804
-0.856
-1.012
-0.996
-0.926
-0.799
-0.779
-0.829
-0.874
-1.062
-1.119
-1.024
-1.084
-0.975
-0.876
-0.844
-0.688
-0.579
-0.374
-0.125
-0.025
-0.143
-0.375
-0.432
-0.319
-0.29
-0.109
0.026
-0.17
-0.288
-0.378
-0.296
-0.295
-0.144
-0.094
-0.247
-0.217
-0.473
-0.307
-0.116
0.094
0.249
0.391
0.292
0.13
0.198
0.154
0.166
0.255
0.229
0.166
0.35
0.28
0.568
0.754
0.795
0.797
0.603
0.641
0.465
0.36
0.055
0.188
0.092
0.247
0.288
0.3
0.292
0.171
0.147
0.064
-0.094
-0.225
-0.164
-0.294
-0.535
-0.541
-0.489
-0.379
-0.307
-0.449
-0.509
-0.56
-0.62
-0.835
-0.945
-0.73
-0.934
-0.911
-1.002
-1.145
-1.179
-1.309
-1.246
-1.364
-1.456
-1.17
-1.091
-1.041
-1.019
-1.1
-1.016
-1.088
-1.084
-0.866
-0.759
-0.936
-0.766
-0.608
-0.541
-0.821
-0.573
-0.522
-0.519
0.096
0.151
0.181
0.463
0.206
0.179
0.254
0.312
0.639
0.517
0.772
0.763
0.755
0.32
0.29
0.125
0.24
0.206
0.154
0.61
0.603
0.829
0.907
0.844
0.711
0.51
0.455
0.385
0.193
0.273
0.376
0.544
0.544
0.487
0.589
0.574
0.515
0.657
0.411
0.4
0.326
0.356
0.312
0.086
0.461
0.416
0.281
0.349
0.143
0.316
0.316
0.338
0.381
0.306
0.062
0.29
0.371
0.261
0.056
0.359
0.366
0.49
0.394
0.292
0.427
0.398
0.2
0.374
0.21
0.164
0.049
0.036
-0.206
-0.312
-0.149
-0.289
-0.135
0.039
0.196
0.129
-0.18
-0.122
-0.297
-0.399
-0.208
-0.275
-0.238
-0.06
-0.223
-0.251
-0.163
-0.018
-0.195
-0.32
-0.195
-0.244
-0.268
-0.143
-0.181
0.134
0.16
0.016
0.01
0.239
0.372
0.239
0.522
0.329
0.634
0.547
0.667
0.759
0.652
0.578
0.754
0.851
0.915
0.891
1.034
0.868
1.196
0.945
0.993
1.07
1.139
1.179
1.22
1.154
1.11
0.935
0.932
1.026
0.77
0.851
0.85
1.083
1.149
1.365
1.211
1.336
1.139
1.239
1.221
1.469
1.312
1.391
1.203
1.279
1.074
0.9
0.745
0.916
0.922
0.68
0.777
0.849
0.799
0.861
0.49
0.469
0.446
0.235
0.2
0.113
0.174
0.274
0.312
0.419
0.427
-0.039
-0.003
-0.041
-0.388
-0.534
-0.578
-0.489
-0.345
-0.104
-0.039
0.164
0.241
0.354
0.318
0.432
0.512
0.321
0.104
0.304
0.161
0.021
-0.004
-0.193
-0.441
-0.443
-0.516
-0.694
-0.375
-0.212
-0.011
0.12
-0.109
-0.07
-0.116
-0.209
0.029
-0.014
-0.048
-0.095
-0.111
0.037
-0.096
-0.14
-0.285
-0.294
-0.365
-0.42
-0.276
-0.034
0.088
0.166
0.219
0.23
0.124
0.11
0.024
0.013
-0.039
-0.256
-0.448
-0.126
-0.234
-0.233
-0.064
-0.179
-0.275
-0.155
-0.217
-0.136
-0.325
0.035
0.105
0.134
0.29
0.177
0.098
-0.122
-0.106
0.198
0.591
0.51
0.461
0.464
0.138
0.006
0.009
-0.105
0.121
0.228
0.158
-0.03
0.045
0.019
0.19
0.504
0.664
0.821
1.044
0.991
0.983
0.939
0.659
0.642
0.79
0.671
0.911
0.838
0.713
0.789
0.438
0.341
0.214
0.126
0.095
0.138
0.113
0.166
0.022
0.081
-0.27
-0.286
-0.501
-0.555
-0.466
-0.371
-0.215
-0.022
-0.016
0.07
-0.145
-0.13
-0.36
-0.499
-0.289
-0.19
-0.284
-0.242
-0.29
-0.09
0.054
0.051
-0.08
-0.099
-0.049
-0.095
-0.181
-0.14
-0.16
-0.273
-0.144
-0.001
0.146
0.209
0.294
0.29
0.212
0.013
0.225
0.369
0.273
0.134
0.236
0.321
0.411
0.28
0.422
0.214
0.212
0.182
-0.115
-0.156
-0.133
0.136
0.266
0.16
0.226
0.084
0.233
0.151
0.201
-0.026
-0.043
0.052
0.03
-0.043
-0.144
-0.326
-0.408
-0.46
-0.505
-0.555
-0.719
-0.289
-0.16
-0.509
-0.601
-0.634
-0.636
-0.765
-0.811
-0.861
-0.895
-1.015
-1.032
-1.107
-1.046
-1.134
-1.025
-0.874
-0.782
-0.593
-0.241
-0.189
-0.196
-0.399
-0.351
-0.221
-0.195
-0.028
-0.189
-0.297
-0.376
-0.403
-0.628
-0.751
-0.545
-0.6
-0.629
-0.484
-0.096
-0.016
0.07
-0.003
0.024
-0.018
0.005
-0.018
0.021
-0.094
-0.475
-0.495
-0.529
-0.615
-0.496
-0.465
-0.415
-0.609
-0.655
-0.614
-0.656
-0.458
-0.765
-0.824
-0.949
-1.115
-0.984
-0.948
-0.759
-0.714
-0.736
-0.85
-0.82
-0.973
-0.97
-0.603
-0.425
-0.281
-0.247
-0.325
-0.594
-0.654
-0.626
-0.688
-0.655
-0.79
-0.821
-0.792
-0.775
-0.786
-0.703
-0.497
-0.589
-0.8
-0.949
-1.061
-1.029
-0.958
-0.799
-0.751
-0.741
-0.804
-0.98
-1.224
-1.143
-0.768
-0.539
-0.17
-0.307
-0.164
0.104
0.144
0.371
0.429
0.494
0.474
0.45
0.485
0.52
0.735
0.756
0.895
0.978
0.985
0.958
1.097
1.107
1.236
1.201
1.29
1.105
1.065
0.961
0.873
0.866
0.781
0.912
0.94
1.069
1.052
0.909
0.886
0.695
0.68
0.516
0.328
0.399
0.43
0.547
0.475
0.656
0.735
0.701
0.435
0.435
0.754
0.719
0.906
0.649
0.54
0.679
0.655
0.874
0.676
0.649
0.561
0.78
0.588
0.46
0.468
0.408
0.514
0.564
0.568
0.682
0.598
0.92
0.766
0.734
0.628
0.176
0.147
0.305
0.416
0.626
0.833
0.809
0.661
0.779
0.944
0.799
0.958
1.065
0.844
0.941
0.998
0.891
0.855
0.549
0.667
0.581
0.677
0.922
0.996
1.19
0.815
0.906
0.79
1.039
0.889
1.065
1.064
1.117
1.044
1.096
0.787
0.615
0.554
0.628
0.642
0.654
0.525
0.414
0.473
0.406
0.206
0.271
0.299
0.19
0.547
0.444
0.588
0.486
0.569
0.58
0.516
0.586
0.66
0.369
0.245
0.109
0.191
0.235
0.401
0.606
0.443
0.21
-0.174
-0.372
-0.451
-0.58
-0.519
-0.595
-0.487
-0.474
-0.348
-0.004
0.071
-0.118
-0.034
-0.179
-0.475
-0.285
-0.305
-0.08
0.164
0.28
0.119
0.003
-0.27
-0.271
-0.021
-0.195
0.022
0.144
0.188
-0.022
0.131
-0.141
-0.03
-0.536
-0.39
-0.154
-0.115
-0.086
-0.101
-0.229
-0.138
0.14
0.201
0.278
0.364
0.001
-0.177
-0.247
-0.405
-0.205
0.059
0.431
0.599
0.66
0.561
0.38
0.126
0.088
0.147
0.422
0.361
0.35
0.174
0.077
-0.315
-0.331
-0.316
-0.233
-0.378
-0.158
-0.168
-0.24
-0.284
-0.475
-0.551
-0.876
-0.677
-0.726
-0.804
-0.77
-0.769
-0.805
-0.481
-0.741
-0.606
-0.487
-0.646
-0.404
-0.365
-0.289
-0.212
-0.22
-0.129
-0.141
0.031
0.314
0.661
0.745
0.652
0.527
0.48
0.763
0.634
0.644
0.67
0.585
0.51
0.599
0.383
0.309
0.309
0.092
0.134
0.099
-0.033
0.176
-0.092
-0.052
-0.311
-0.242
-0.214
-0.22
-0.339
-0.341
-0.415
-0.555
-0.66
-0.609
-0.463
-0.154
-0.046
-0.103
0.088
-0.079
-0.205
-0.245
-0.413
-0.329
0.037
0.007
0.085
0.035
0.234
0.473
0.395
0.419
0.29
0.439
0.487
0.17
0.024
0.271
0.043
-0.25
-0.193
-0.253
-0.401
-0.555
-0.6
-0.524
-0.527
-0.435
-0.346
0.144
0.179
-0.052
0.062
0.236
0.244
0.171
0.273
-0.044
-0.24
-0.028
0.035
0.2
0.325
0.279
0.226
-0.034
-0.013
-0.145
-0.266
-0.179
-0.199
-0.116
-0.193
-0.128
-0.015
-0.215
-0.422
-0.395
-0.345
-0.36
-0.501
-0.434
-0.675
-0.759
-0.721
-0.465
-0.383
-0.55
-0.481
-0.305
-0.372
-0.484
-0.64
-0.427
-0.662
-0.667
-0.509
-0.664
-0.6
-0.661
-0.568
-0.525
-0.6
-0.633
-0.51
-0.569
-0.535
-0.562
-0.321
-0.662
-0.65
-0.806
-0.69
-0.616
-0.241
-0.175
-0.149
-0.147
0.043
-0.131
0.089
0.176
0.245
0.333
0.319
0.512
0.666
0.591
0.629
0.628
0.623
0.547
0.495
0.381
0.564
0.36
0.446
0.45
0.375
0.581
0.726
0.688
0.841
0.635
0.487
0.185
0.367
0.265
0.159
0.088
-0.084
-0.23
-0.301
-0.706
-0.654
-0.725
-0.686
-0.698
-0.716
-0.503
-0.551
-0.919
-0.81
-0.794
-0.766
-0.608
-0.413
-0.527
-0.015
-0.115
0.005
0.208
0.466
0.385
0.461
0.46
0.508
0.669
0.336
0.628
0.659
0.4
0.403
0.411
0.158
0.19
0.156
-0.007
0.011
-0.122
-0.201
0.138
0.23
0.145
0.519
0.238
0.12
0.194
-0.007
-0.155
-0.105
0.135
-0.092
-0.044
0.131
-10.336
0.035
-0.119
-0.09
-0.133
0.065
0.096
0.072
0.036
-0.064
0.033
0.089
0.085
0.234
0.17
0.223
0.169
0.21
0.316
0.486
0.405
0.492
0.519
0.561
0.654
0.662
0.677
0.674
0.667
0.585
0.492
0.453
0.432
0.349
0.338
0.344
0.304
0.31
0.375
0.328
0.36
0.214
0.285
0.369
0.685
0.729
0.929
1.125
1.06
1.061
1.076
0.897
1.096
1.107
1.409
1.489
1.365
1.255
1.174
0.836
0.938
0.79
0.672
0.714
0.174
0.205
0.065
0.022
-0.089
-0.359
-0.346
-0.48
-0.54
-0.701
-0.776
-0.93
-0.638
-0.417
-0.75
-0.57
-0.561
-0.469
-0.28
-0.269
-0.2
-0.356
-0.199
-0.119
-0.01
0.122
0.361
0.425
0.531
0.338
0.33
0.371
0.312
0.361
0.629
0.324
0.255
0.318
0.61
0.694
0.902
0.963
0.765
0.581
0.524
0.544
0.46
0.244
0.041
0.233
0.02
0.048
-0.009
0.045
-0.096
-0.151
-0.369
-0.69
-0.956
-1.005
-0.919
-0.728
-0.716
-0.815
-0.728
-0.714
-0.926
-1.155
-0.751
-0.871
-0.936
-0.954
-1.176
-1.022
-1.12
-0.839
-0.801
-0.573
-0.44
-0.283
0.039
0.072
0.109
0.208
0.301
0.606
0.527
0.463
0.621
0.966
1.139
1.196
1.245
1.289
1.209
1.101
0.914
1.042
0.856
0.896
0.905
0.894
0.994
1.103
1.015
0.926
0.916
0.9
0.948
0.846
0.823
0.532
0.679
0.605
0.459
0.542
0.51
0.659
0.506
0.361
0.389
0.473
0.156
0.004
-0.077
-0.217
-0.424
-0.701
-0.649
-0.789
-0.699
-10.336
-1.821
-0.034
-0.195
-0.235
-0.256
-0.188
-0.149
0.025
0.036
0.17
0.288
0.014
0.099
0.075
0.179
0.234
0.2
0.354
0.198
0.114
0.16
0.372
0.379
0.475
0.638
0.529
0.096
-0.235
