0.863
0.698
0.802
0.649
0.749
0.499
0.547
0.115
0.484
0.29
0.506
0.68
0.74
0.718
0.544
0.713
0.738
0.79
1.088
1.052
10.332
1.019
0.701
0.791
0.799
1.059
1.177
1.08
1.114
0.936
0.58
0.494
0.48
0.626
0.633
0.557
0.566
0.458
0.335
0.006
-0.019
-0.016
-0.145
-0.22
-0.291
-0.076
-0.405
-0.331
-0.524
-0.482
10.332
-0.344
-0.662
-0.804
-0.85
-0.835
-0.806
-0.764
-0.525
-0.479
-0.269
-0.42
-0.21
-0.206
-0.27
-0.393
-0.42
-0.586
-0.401
-0.4
-0.481
-0.297
-0.279
-0.154
0.011
0.15
0.424
0.245
0.564
0.451
10.332
-0.236
0.096
0.131
0.212
-0.044
-0.018
-0.143
-0.009
-0.186
-0.031
0.071
0.028
-0.076
-0.06
-0.145
-0.356
-0.606
-0.495
-0.388
-0.511
-0.384
-0.318
-0.473
-0.624
-0.62
-0.723
-0.794
-0.709
-0.786
-0.618
-0.571
-0.554
-0.819
-0.715
-0.574
-0.383
-0.203
-0.235
-0.233
-0.326
-0.133
0.115
0.071
0.152
0.254
0.32
0.08
0.044
0.196
0.439
0.278
0.608
0.779
0.902
0.945
0.934
0.768
0.906
0.698
0.986
0.91
0.853
1.103
0.861
0.96
0.646
0.44
0.4
0.215
-0.01
-0.019
-0.007
-0.026
-0.12
-0.438
-0.48
-0.79
-1.04
-1.134
-1.13
-1.01
-0.885
-0.994
-1.149
-0.945
-0.915
-0.959
-0.775
-0.68
-0.559
-0.495
-0.527
-0.291
-0.039
0.114
0.059
0.275
0.28
0.217
-0.026
0.274
0.356
0.435
0.421
0.035
-0.223
-0.129
-0.08
-0.059
-0.006
0.028
0.129
0.075
-0.136
-0.09
-0.379
-0.539
-0.554
-0.201
-0.208
-0.16
-0.019
-0.168
-0.512
-0.635
-0.718
-0.544
-0.709
-1.06
-1.157
-1.33
-1.581
-1.193
-0.96
-0.642
-0.371
-0.318
-0.163
-0.066
-0.193
-0.166
-0.384
-0.405
-0.128
-0.15
0.009
0.163
0.159
0.239
0.238
0.396
0.444
0.559
0.42
0.357
0.408
0.52
0.541
0.454
0.795
0.674
0.615
0.628
0.489
0.574
0.486
0.53
0.49
0.378
0.463
0.075
-0.266
-0.35
-0.625
-0.73
-0.936
-0.756
-0.694
-0.695
-0.562
-0.772
-0.599
-0.745
-0.856
-0.701
-1.153
-1.244
-1.445
-1.53
-1.498
-1.394
-1.366
-1.435
-1.461
-1.078
-1.099
-0.994
-0.816
-0.93
-0.791
-0.897
-0.96
-0.934
-0.871
-0.785
-0.741
-0.689
-0.605
-0.519
-0.256
-0.113
-0.111
-0.009
-0.128
0.205
0.163
-0.09
0.072
0.101
0.029
0.11
0.138
0.219
0.094
0.16
0.184
0.141
0.171
0.318
0.334
0.203
0.309
0.386
0.186
0.196
0.099
-0.035
0.246
0.246
0.579
0.655
0.966
1.078
1.198
1.225
1.309
1.215
1.041
0.916
0.769
0.72
0.554
0.638
0.776
1.051
1.038
1.031
1.221
0.983
0.889
0.7
0.811
0.556
0.283
0.31
0.453
0.174
0.189
0.029
0.059
-0.028
-0.265
-0.283
-0.625
-0.534
-0.573
-0.676
-0.478
-0.67
-0.925
-0.816
-0.901
-0.799
-0.729
-0.894
-0.806
-0.804
-0.708
-0.491
-0.182
-0.455
-0.176
-0.31
-0.431
-0.324
-0.348
-0.054
0.264
0.194
0.165
0.096
0.045
0.195
0.261
0.496
0.465
0.473
0.415
0.471
0.228
0.545
0.734
0.895
0.959
1.064
0.984
0.774
0.535
0.273
0.511
0.866
0.871
0.85
0.681
0.625
0.41
0.395
0.233
0.501
0.594
0.448
0.357
0.247
0.239
0.208
0.466
0.331
0.474
0.59
0.609
0.479
0.491
0.736
0.503
0.458
0.491
0.583
0.349
0.506
0.73
0.729
0.879
1.084
1.117
1.051
0.949
1.061
1.107
1.19
1.076
1.34
1.024
1.165
1.157
0.853
0.64
0.486
0.448
0.219
0.414
0.253
0.019
-0.099
-0.145
-0.121
-0.164
0.019
0.321
0.357
0.311
0.398
0.443
0.694
0.679
0.926
1.014
1.232
1.109
1.215
1.081
0.864
0.966
0.841
0.963
0.724
0.772
0.506
0.661
0.662
0.696
0.698
0.854
1.071
1.073
0.47
0.501
0.3
0.135
0.134
0.118
0.059
-0.071
0.011
-0.254
-0.249
0.022
-0.231
-0.271
-0.185
-0.193
-0.126
-0.36
-0.276
-0.239
-0.5
-0.463
-0.361
-0.242
0.126
0.11
0.324
0.284
0.328
0.385
0.601
0.71
0.902
0.68
0.779
0.723
0.733
0.815
0.551
0.64
0.546
0.46
0.435
0.446
0.657
0.401
0.436
0.295
0.336
0.189
-0.021
0.241
0.09
0.021
-0.244
-0.376
-0.365
-0.604
-0.809
-1.234
-1.185
-1.052
-1.157
-1.479
-1.72
-1.595
-1.748
-1.665
-1.439
-1.268
-1.175
-0.7
-0.384
-0.276
-0.134
-0.191
-0.186
-0.079
-0.022
0.214
0.079
0.141
-0.185
-0.386
-0.469
-0.329
-0.334
-0.056
-0.113
-0.001
-0.033
-0.03
0.096
0.244
0.588
0.568
0.573
0.305
0.445
0.079
0.105
-0.23
-0.396
-0.561
-0.709
-0.786
-0.83
-0.905
-0.96
-1.054
-0.845
-0.841
-1.144
-1.079
-1.143
-0.758
-0.711
-0.715
-0.84
-0.48
-0.39
-0.441
-0.264
-0.273
0.062
0.076
0.239
-0.044
-0.111
-0.131
-0.22
-0.2
-0.025
-0.006
-0.141
-0.156
-0.208
-0.11
0.055
0.02
-0.079
-0.007
-0.033
-0.092
-0.074
-0.138
-0.005
-0.066
0.088
0.156
0.271
0.234
-0.116
-0.156
-0.38
-0.715
-0.868
-0.671
-0.897
-0.738
-0.519
-0.16
-0.376
-0.249
-0.31
-0.443
-0.594
-0.588
-0.584
-0.614
-0.561
-0.624
-0.625
-0.603
-0.445
-0.125
-0.026
-0.052
-0.116
-0.041
0.173
0.18
0.369
0.094
0.199
0.247
0.376
0.531
0.562
0.755
0.463
0.506
0.417
0.535
0.336
0.234
0.072
-0.076
-0.113
0.009
0.104
0.126
-0.004
-0.326
-0.245
-0.571
-0.575
-0.552
-0.759
-0.807
-0.812
-0.985
-1.036
-0.795
-0.68
-0.608
-0.618
-0.485
-0.348
-0.396
-0.186
-0.242
-0.226
-0.348
-0.176
0.066
0.229
0.371
0.375
0.605
0.62
0.608
0.499
0.524
0.555
0.286
0.42
0.344
0.154
0.369
0.263
0.409
0.461
0.482
0.559
0.532
0.189
0.077
-0.193
-0.095
-0.086
0.041
0.001
-0.07
-0.129
-0.295
-0.264
-0.181
-0.029
-0.12
-0.179
0.096
-0.104
-0.244
-0.276
-0.189
-0.23
-0.131
-0.278
-0.115
-0.198
-0.2
-0.573
-0.335
-0.149
-0.199
-0.38
-0.115
-0.122
0.113
0.224
0.244
0.427
0.474
0.508
0.443
0.575
0.284
0.408
0.421
0.221
0.389
0.256
0.552
0.766
0.826
0.876
0.971
1.018
1.173
0.976
0.639
0.431
0.128
0.445
0.396
0.411
0.434
0.319
0.489
0.395
0.289
0.128
0.124
0.109
-0.156
0.075
0.191
0.241
0.283
-0.003
-0.039
0.294
0.165
0.41
0.37
0.255
0.171
0.312
0.374
0.395
0.404
0.484
0.489
0.46
0.531
0.443
0.509
0.57
0.501
0.463
0.362
0.404
0.085
0.159
-0.04
-0.175
-0.2
-0.125
0.071
0.01
0.04
0.072
0.026
0.06
0.056
-0.105
-0.176
-0.225
-0.31
-0.062
0.184
0.256
0.064
0.115
0.296
0.413
0.509
0.719
0.768
0.833
0.654
0.746
0.782
0.719
0.59
0.522
0.654
0.656
0.535
0.546
0.396
0.463
0.633
0.568
0.42
0.439
0.268
0.169
0.23
0.203
0.405
0.32
0.253
0.224
0.216
-0.089
-0.086
-0.005
0.138
0.466
0.42
0.409
0.228
0.09
-0.021
-0.098
-0.171
0.011
-0.044
0.194
0.333
0.304
0.011
0.104
-0.046
0.136
0.203
-0.054
0.028
-0.103
0.037
-0.013
0.28
0.214
-0.101
-0.425
-0.667
-0.509
-0.166
0.158
0.325
0.228
0.234
0.086
0.17
0.031
0.279
0.68
0.711
0.599
0.41
-0.03
-0.124
-0.001
0.135
0.278
0.336
0.539
0.352
0.345
0.179
0.035
-0.133
-0.184
-0.14
0.074
0.118
0.238
0.065
-0.16
-0.019
-0.103
0.014
0.029
0.111
-0.031
0.006
0.006
0.246
0.134
0.463
0.288
0.416
0.511
0.269
0.291
0.214
0.278
0.16
0.01
-0.094
-0.274
-0.564
-0.744
-0.799
-0.72
-0.726
-0.672
-0.5
-0.596
-0.59
-0.492
-0.381
-0.095
-0.225
-0.036
-0.024
-0.253
-0.171
-0.007
-0.039
0.128
0.203
0.294
0.195
0.134
0.179
-0.043
-0.306
0.231
0.205
0.396
0.365
0.508
0.601
0.383
0.234
-0.049
-0.001
0.062
0.061
-0.305
-0.065
0.212
0.205
0.124
0.018
-0.144
-0.335
-0.594
-0.789
-0.841
-0.503
-0.357
-0.229
-0.389
-0.439
-0.611
-0.393
-0.191
-0.173
-0.043
0.275
0.056
-0.268
-0.728
-0.981
-1.25
-0.671
-0.246
0.165
0.26
0.061
-0.335
-0.655
-0.55
-0.486
-0.129
0.058
0.09
-0.169
-0.12
-0.304
-0.175
0.154
0.152
0.101
-0.013
-0.367
-0.588
-0.578
-0.615
-0.705
-0.921
-0.869
-0.931
-0.826
-1.034
-0.941
-0.865
-0.593
-0.249
0.025
0.135
0.336
0.2
0.385
0.468
0.652
0.552
0.475
0.539
0.591
0.754
0.711
0.439
0.636
0.547
0.403
0.625
0.606
0.445
0.299
0.177
-0.214
-0.321
-0.364
-0.085
-0.276
-0.212
-0.271
-0.461
-0.473
-0.352
-0.514
-0.72
-0.584
-0.539
-0.639
-0.738
-0.7
-0.745
-0.585
-0.545
-0.38
-0.378
-0.343
-0.374
-0.446
-0.372
-0.372
-0.435
-0.049
-0.051
-0.044
0.0
0.155
0.066
-0.176
-0.378
-0.573
-0.536
-0.449
-0.29
-0.186
0.177
0.007
0.185
0.165
0.413
0.46
0.616
0.511
0.302
0.151
0.048
0.04
0.092
0.049
0.094
0.109
-0.006
-0.113
-0.092
0.226
0.357
0.365
0.206
0.159
0.203
0.011
-0.019
0.14
0.525
0.512
0.512
0.43
0.519
0.589
0.45
0.266
0.38
0.302
0.193
0.241
0.054
-0.03
0.115
0.036
0.316
0.173
0.09
-0.02
-0.019
-0.033
-0.096
-0.055
0.152
0.215
0.294
0.223
0.301
0.359
0.575
0.719
0.596
0.509
0.575
0.796
0.73
0.94
0.866
0.652
0.398
0.521
0.44
0.642
0.758
0.94
0.98
0.85
0.89
0.54
0.777
0.625
0.69
0.568
0.491
0.371
0.484
0.583
0.665
0.91
1.046
0.976
1.004
0.935
0.811
0.944
0.994
0.759
0.782
0.608
0.463
0.718
0.492
0.465
0.579
0.466
0.58
0.4
0.547
0.729
0.764
0.772
0.679
0.59
0.379
0.415
0.58
0.696
0.694
0.848
0.846
0.688
0.859
0.688
0.691
0.527
0.405
0.336
0.38
0.459
0.339
0.345
0.37
0.763
0.614
0.529
0.645
0.55
0.39
0.314
0.306
0.497
0.492
0.675
0.659
0.662
0.625
0.388
0.24
0.043
0.196
0.158
-0.184
-0.324
-0.311
-0.38
-0.43
-0.463
-0.494
-0.689
-0.615
-0.46
-0.371
-0.374
-0.32
-0.501
-0.458
-0.311
-0.416
-0.534
-0.283
-0.434
-0.381
-0.315
-0.076
0.247
0.4
0.35
0.357
0.52
0.475
0.478
0.311
0.214
0.154
0.091
0.247
0.145
0.084
0.253
0.019
0.039
-0.096
-0.276
0.011
0.224
0.223
0.147
0.065
-0.01
-0.324
-0.621
-0.814
-1.019
-1.381
-1.596
-1.47
-1.603
-1.468
-1.18
-1.21
-1.281
-1.166
-1.281
-0.812
-0.703
-0.64
-0.623
-0.983
-1.305
-1.586
-1.731
-1.586
-0.976
-0.629
-0.655
-0.5
-0.286
-0.274
-0.128
-0.156
-0.039
-0.045
-0.181
0.031
0.193
-0.171
-0.05
-0.06
0.114
0.069
0.234
0.295
0.245
0.177
0.23
0.461
0.361
0.18
0.104
0.128
0.11
0.281
0.331
0.586
0.621
0.763
0.608
0.255
0.111
0.118
0.174
0.125
0.125
0.175
0.244
0.103
0.324
0.182
0.355
0.535
0.405
0.5
0.425
0.72
0.674
0.58
0.448
0.331
0.463
0.414
0.685
0.626
0.869
1.111
0.718
0.505
0.3
0.11
0.42
0.542
0.521
0.486
0.666
0.7
0.614
0.438
0.246
0.006
0.128
0.07
-0.043
-0.058
0.072
0.003
-0.118
-0.185
0.168
0.005
0.091
0.014
0.014
-0.198
-0.054
-0.168
-0.17
-0.341
-0.124
-0.16
-0.066
0.15
0.221
0.349
0.415
0.305
0.244
0.009
-0.362
-0.63
-0.522
-0.618
-0.71
-0.534
-0.571
-0.273
-0.116
0.085
0.19
0.247
0.168
0.444
0.076
0.238
0.215
-0.031
0.306
0.239
0.439
0.345
0.559
0.56
0.47
0.555
0.304
0.595
0.459
0.403
0.504
0.496
0.242
0.081
0.301
0.329
0.468
0.495
0.43
0.359
0.509
0.129
0.036
-0.135
-0.301
-0.506
-0.672
-0.761
-0.756
-1.062
-0.922
-1.08
10.332
-0.8
-1.032
-0.655
-0.657
-0.443
-0.45
-0.615
-0.508
-0.475
-0.45
-0.615
-0.719
-0.655
-0.568
-0.497
-0.425
-0.682
-0.509
-0.311
-0.028
0.089
0.115
-0.069
-0.101
-0.23
-0.105
-0.179
0.08
0.13
0.188
0.166
-0.065
-0.009
-0.011
0.084
0.086
-0.306
-0.32
-0.571
-0.554
-0.629
-0.453
-0.46
-0.241
-0.288
-0.225
-0.174
-0.095
-0.26
-0.294
-0.436
-0.605
-0.484
-0.448
-0.364
-0.149
-0.154
-0.259
-0.29
-0.289
-0.01
0.139
0.384
0.541
0.792
0.527
0.323
0.144
0.122
0.155
0.12
0.06
-0.171
-0.217
-0.214
0.01
-0.22
0.089
0.026
-0.115
-0.066
0.01
0.079
0.13
0.154
0.025
-0.083
-0.059
-0.266
-0.273
-0.135
-0.4
-0.177
-0.118
-0.124
-0.391
-0.083
-0.079
0.029
0.244
0.419
0.463
0.383
0.289
0.18
0.18
0.366
0.695
0.859
0.756
0.769
0.619
0.749
0.859
0.828
1.048
1.127
1.12
1.022
1.005
0.809
0.65
0.571
0.456
0.573
0.545
0.619
0.7
0.689
0.61
0.605
0.448
0.569
0.54
0.657
0.67
0.511
0.765
0.351
0.328
0.165
-0.182
-0.074
-0.23
-0.095
-0.26
-0.244
-0.375
-0.527
-0.39
-0.417
-0.561
-0.519
-0.635
-0.5
-0.431
-0.329
-0.088
-0.723
-0.04
0.03
0.01
0.145
0.145
0.04
0.241
0.284
0.634
1.03
1.272
1.584
1.469
1.515
1.5
1.46
1.471
1.54
1.436
1.549
1.661
1.72
1.58
1.791
1.417
1.305
1.329
1.044
1.181
0.642
0.7
0.716
0.52
0.734
0.459
0.378
0.393
0.328
0.324
0.614
0.604
0.561
0.609
0.145
0.045
0.166
0.133
0.48
0.503
0.471
0.449
0.351
0.28
0.05
-0.095
-0.029
-0.083
-0.179
-0.058
0.111
0.165
0.076
-0.075
-0.094
-0.109
0.077
0.542
0.517
0.519
0.561
0.531
0.395
0.378
0.245
0.278
0.36
0.375
0.289
0.514
0.307
0.401
0.485
0.422
0.255
-0.029
-0.246
-0.495
-0.339
-0.284
-0.205
-0.299
-0.434
-0.519
-0.568
-0.471
-0.552
-0.45
-0.155
0.1
0.266
0.081
0.201
-0.304
-0.646
-0.771
-0.72
-0.608
-0.435
-0.324
-0.208
-0.07
0.175
0.11
0.146
0.083
0.118
0.009
-0.166
0.055
0.037
-0.044
0.134
0.165
0.296
0.362
0.445
0.328
0.181
0.318
0.011
0.24
0.228
-0.059
-0.098
0.13
0.131
0.38
0.355
0.448
0.403
0.344
0.266
0.001
0.165
0.264
0.034
-0.24
-0.333
-0.283
-0.408
-0.194
-0.217
-0.487
-0.177
-0.345
-0.346
-0.384
-0.445
-0.629
-0.786
-0.932
-1.104
-1.073
-0.988
-0.981
-0.853
-0.932
-1.022
-0.868
-0.861
-0.925
-0.754
-1.005
-0.916
-0.939
-1.004
-0.92
-1.004
-0.875
-1.136
-0.973
-0.594
-0.432
-0.334
-0.569
-0.367
-0.375
-0.478
-0.439
-0.49
-0.351
-0.319
-0.086
0.006
0.14
0.151
0.062
0.165
0.365
0.482
0.676
0.864
0.925
0.904
0.554
0.383
0.581
0.325
0.043
-0.036
0.061
0.029
-0.199
-0.03
0.125
0.271
0.136
0.271
0.19
-0.109
-0.159
-0.009
-0.074
-0.025
0.203
0.245
-0.029
-0.242
-0.206
-0.404
-0.321
-0.036
0.206
0.364
0.419
0.258
0.133
-0.007
-0.028
-0.179
-0.011
0.02
0.005
0.08
0.101
0.096
0.305
0.253
0.115
0.159
0.141
0.263
0.455
0.511
0.455
0.435
0.241
0.241
0.146
0.072
0.024
-0.184
-0.08
-0.219
-0.191
-0.276
-0.357
-0.478
-0.711
-0.7
-0.724
-0.505
-0.499
-0.41
-0.393
-0.416
-0.351
-0.503
-0.231
-0.461
-0.532
-0.941
10.332
-0.055
-1.278
-1.065
-0.902
-0.945
-0.934
-0.845
-0.91
-0.734
-0.81
-0.976
-0.811
-0.87
-0.797
-0.684
-0.565
-0.675
-0.76
-0.84
-0.96
-0.885
-0.482
-0.335
-0.274
-0.145
-0.198
0.037
0.11
0.318
0.316
0.261
0.51
0.421
0.281
0.389
0.464
0.299
0.456
0.499
0.234
0.316
0.212
0.049
-0.113
-0.258
-0.221
-0.471
-0.48
-0.511
-0.463
-0.624
-0.559
-0.541
-0.455
-0.514
-0.583
-0.573
-0.48
-0.661
-0.574
-0.504
-0.163
-0.019
0.014
0.08
0.362
0.13
0.029
0.089
-0.041
0.029
-0.121
-0.019
0.224
0.233
0.297
0.611
0.753
0.843
0.855
0.984
0.932
0.838
0.858
0.73
0.89
0.959
0.948
1.034
1.015
1.094
1.078
1.111
1.326
1.188
1.121
1.106
0.999
1.052
1.143
1.032
0.984
0.94
0.951
0.865
0.886
0.784
0.749
0.763
0.652
0.505
0.413
0.141
0.098
-0.029
-0.066
-0.205
-0.021
0.185
0.126
0.003
0.069
0.359
0.359
0.408
0.088
0.0
-0.013
0.074
0.168
0.059
0.001
0.02
-0.098
-0.086
-0.432
-0.359
-0.171
-0.326
-0.238
-0.128
-0.198
-0.265
-0.18
0.015
0.249
0.319
0.33
0.542
0.444
0.545
0.754
0.874
0.856
1.121
1.119
0.95
1.021
1.018
1.054
0.841
0.945
0.73
0.816
0.786
0.958
1.117
1.188
0.949
1.136
1.188
1.145
0.846
0.927
1.195
0.855
0.849
0.695
0.579
0.354
0.497
0.389
0.506
0.616
0.772
0.94
1.058
1.021
0.731
0.736
0.626
10.332
0.764
0.854
0.819
0.792
1.078
0.758
0.919
0.961
1.091
10.332
1.086
0.814
0.756
0.414
0.521
0.443
0.415
0.42
0.579
0.486
0.324
0.314
0.268
0.214
0.318
0.226
0.32
0.422
0.426
0.189
0.417
0.665
0.591
0.7
0.703
0.463
0.765
0.578
0.629
0.629
0.656
0.575
0.665
0.42
0.569
0.584
0.378
0.135
0.106
0.081
0.119
0.309
0.066
0.366
0.194
0.288
0.22
0.196
0.343
0.385
0.532
0.198
0.244
0.16
0.421
0.36
0.409
0.491
0.44
0.865
0.666
0.772
0.951
0.816
1.055
1.119
1.005
1.022
0.855
0.676
0.264
0.116
-0.138
-0.289
-0.182
-0.333
-0.369
-0.444
-0.149
-0.16
-0.099
-0.135
-0.31
-0.503
-0.644
-0.734
-0.929
-0.978
-1.32
-1.28
-1.315
-1.306
-1.21
-1.244
-1.164
-1.174
-0.993
-1.056
-0.953
-0.91
-1.154
-1.157
-1.232
-1.18
-1.238
-1.093
-1.029
-0.83
-0.835
-0.823
-0.619
-0.623
-0.424
-0.466
-0.37
-0.266
0.019
0.111
0.158
0.284
0.146
0.372
0.439
0.225
0.439
0.276
0.375
0.284
0.295
0.295
0.185
0.273
0.314
0.191
0.268
0.366
0.297
0.196
-0.019
0.283
0.139
0.225
0.254
0.203
-0.158
-0.367
-0.482
-0.56
-0.669
-0.725
-0.409
-0.289
-0.391
-0.096
0.07
-0.061
-0.216
-0.415
-0.53
-0.634
-0.482
-0.318
-0.206
-0.196
-0.018
-0.026
-0.098
0.198
0.321
0.541
0.703
0.693
0.537
0.453
0.254
0.274
-0.116
-0.144
0.05
-0.062
0.101
-0.066
-0.288
-0.4
-0.399
-0.289
-0.231
-0.463
-0.645
-0.709
-0.9
-0.733
-0.906
-1.085
-0.976
-1.205
-1.505
-1.562
-1.508
-1.591
-1.63
-1.694
-1.673
-1.58
-1.5
-1.596
-1.38
-1.315
-0.978
-1.239
-1.38
-1.486
-1.509
-1.625
-1.586
-1.344
-1.532
-1.63
-1.439
-1.205
-1.058
-0.934
-0.814
-0.647
-0.422
-0.544
-0.698
-0.684
-0.531
-0.448
-0.321
-0.24
0.009
-0.054
0.236
0.301
0.593
0.566
0.406
0.261
0.531
0.589
0.375
0.545
0.443
0.24
0.351
0.42
0.546
-10.336
0.19
0.175
0.285
0.301
0.006
0.056
0.154
0.203
0.139
0.328
0.251
0.265
0.058
0.295
0.043
0.168
0.147
-0.105
0.383
0.041
0.104
0.25
0.422
0.284
0.655
0.949
0.915
0.985
0.861
0.956
0.93
0.665
0.821
0.585
0.541
0.615
0.625
0.76
0.512
0.644
0.693
0.831
0.461
0.47
0.73
0.35
0.581
0.403
0.531
0.584
0.508
0.584
0.559
0.571
0.495
0.638
0.356
0.384
0.491
0.223
0.471
0.403
0.67
0.708
0.372
0.092
-0.1
-0.221
-0.456
-0.319
-0.419
-0.414
-0.315
-0.536
-0.509
-0.759
-0.755
-0.772
-0.591
-0.625
-0.311
-0.179
-0.235
-0.124
-0.109
-0.011
-0.088
0.022
0.013
0.134
0.106
0.135
0.083
0.33
0.203
0.209
0.362
0.485
0.485
0.504
0.475
0.438
0.605
0.792
0.791
0.835
1.012
1.004
1.005
0.969
1.051
0.864
0.998
1.226
1.264
1.354
1.461
1.56
1.44
1.554
1.391
1.411
1.336
1.232
1.144
0.988
0.921
0.836
0.664
0.374
0.07
0.069
0.12
0.035
-0.135
-0.056
-0.219
-0.181
-0.22
-0.138
-0.354
-0.435
-0.44
-0.351
0.048
-0.072
-0.279
-0.196
-0.141
-0.21
0.029
0.134
-0.014
0.249
0.136
0.11
0.131
0.251
0.441
0.281
0.481
0.294
0.279
0.266
0.625
0.708
0.85
0.771
0.682
0.568
0.55
0.552
0.568
0.974
0.995
1.04
0.859
0.936
0.851
0.92
1.024
0.797
0.746
0.74
0.98
0.571
0.403
0.585
0.506
0.517
0.541
0.391
0.284
0.246
0.089
-0.114
-0.381
-0.584
-0.249
-0.246
0.211
0.109
0.445
0.482
0.536
0.517
0.514
0.531
0.341
0.321
0.278
0.264
0.474
0.415
0.468
0.503
0.326
0.471
0.346
0.145
0.168
0.103
-0.155
-0.265
-0.459
-0.386
-0.349
-0.555
-0.661
-0.525
-0.562
-0.31
-0.378
-0.205
-0.14
-0.379
-0.54
-0.576
-0.355
-0.307
-0.314
-0.404
-0.43
-0.503
-0.41
-0.542
-0.396
-0.362
-0.216
-0.035
-0.09
-0.269
-0.225
-0.266
-0.311
-0.224
-0.056
0.059
0.266
0.273
0.346
0.39
0.485
0.57
0.289
0.357
0.251
0.085
-0.037
0.041
0.136
0.151
-0.079
-0.251
-0.28
-0.318
-0.575
-0.536
-0.479
-0.765
-0.779
-0.863
-0.634
-0.39
-0.318
-0.199
0.021
-0.08
-0.246
-0.556
-0.795
-0.895
-1.021
-1.001
-0.948
-1.009
-1.113
-0.932
-0.963
-1.086
-1.143
-0.999
-1.144
-1.051
-1.024
-0.799
-0.74
-0.6
-0.209
-0.186
-0.177
0.024
0.119
0.22
0.041
0.225
0.107
-0.013
0.005
-0.059
0.152
0.236
0.275
0.435
0.434
0.489
0.75
0.713
0.672
0.718
0.785
0.665
0.609
0.931
0.768
0.723
0.902
0.854
0.701
0.422
0.17
-0.129
-0.41
-0.161
0.08
0.111
-0.189
-0.056
-0.055
-0.191
-0.003
-0.128
-0.166
-0.04
-0.143
-0.022
0.014
0.044
-0.046
-0.099
-0.034
-0.164
-0.196
-0.432
-0.559
-0.715
-0.638
-0.517
-0.283
-0.524
-0.647
-0.512
-0.591
-0.263
-0.155
-0.22
-0.201
-0.249
-0.118
0.12
0.058
0.133
0.12
0.413
0.482
0.405
0.624
0.769
0.66
0.598
0.383
0.503
0.615
0.557
0.561
0.427
0.312
0.422
0.487
0.539
0.491
0.273
0.385
0.394
0.345
0.309
0.119
0.163
0.174
0.031
0.106
0.096
0.062
-0.125
-0.271
-0.216
-0.125
-0.055
-0.191
-0.111
-0.241
-0.469
-0.458
-0.388
-0.089
-0.051
0.001
-0.133
-0.219
-0.02
0.064
-0.185
-0.134
-0.114
-0.194
-0.095
-0.066
0.04
-0.081
-0.09
-0.035
-0.003
0.138
-0.039
0.198
0.228
0.302
0.221
0.425
0.468
0.341
0.217
0.2
0.273
0.201
0.448
0.459
0.431
0.478
0.32
0.331
0.177
0.04
0.168
-0.028
0.01
-0.041
-0.058
-0.113
0.014
-0.109
-0.103
-0.119
-0.351
-0.388
-0.406
-0.497
-0.336
-0.33
-0.241
-0.205
-0.256
-0.276
-0.32
-0.482
-0.441
-0.536
-0.31
-0.221
-0.196
-0.302
-0.225
-0.361
-0.161
-0.305
-0.36
-0.431
-0.445
-0.388
-0.31
-0.261
-0.196
-0.165
0.059
-0.01
-0.121
-0.27
-0.579
-0.516
-0.419
-0.63
-0.549
-0.531
-0.138
-0.273
-0.19
-0.159
-0.054
0.1
0.025
-0.015
0.0
0.025
0.195
0.152
0.043
0.118
0.196
0.314
0.375
0.23
0.285
0.386
0.824
0.596
0.459
0.484
0.739
0.943
0.869
0.776
0.695
0.497
0.239
0.647
0.439
0.128
0.086
0.12
0.356
0.199
0.255
0.301
0.349
0.006
0.158
0.2
0.438
0.185
0.143
0.316
0.305
0.393
0.57
0.802
0.755
0.629
0.564
0.699
0.735
0.414
0.328
0.124
0.211
0.144
0.258
0.479
0.631
0.71
0.905
1.011
1.203
1.161
0.899
0.955
0.684
0.69
0.656
0.556
0.508
0.735
0.761
0.644
0.805
0.756
0.691
0.785
0.901
0.866
0.88
0.999
0.779
0.735
0.816
0.914
0.893
0.677
0.98
1.071
1.097
1.106
1.161
1.174
1.154
1.236
1.096
0.796
0.665
0.718
0.669
0.465
0.645
0.479
0.56
0.549
0.638
0.47
0.504
0.644
0.532
0.628
0.482
0.589
0.849
0.859
0.835
0.792
10.332
0.893
0.605
0.365
0.51
0.369
0.338
0.812
0.75
0.875
0.746
0.527
0.615
0.445
0.345
0.046
-0.056
-0.246
-0.266
0.104
0.013
0.361
0.139
0.065
0.029
0.14
0.118
0.225
0.124
0.128
0.246
0.062
0.31
0.264
0.147
0.114
0.176
0.21
0.216
0.258
-0.062
-0.019
0.244
-0.109
-0.013
-0.266
-0.466
-0.17
-0.413
-0.479
-0.492
-0.324
-0.349
-0.534
-0.604
-0.705
-0.48
-0.463
-0.64
-0.667
-0.708
-0.677
-0.823
-0.855
-0.879
-0.466
-0.239
-0.05
-0.131
-0.289
-0.378
-0.326
-0.203
-0.216
-0.351
-0.584
-0.429
-0.531
-0.568
-0.662
-0.761
-0.861
-0.791
-0.819
-0.771
-0.651
-0.714
-0.789
-0.756
-0.539
-0.419
-0.396
-0.351
-0.06
-0.083
0.045
0.086
0.056
0.389
0.552
0.415
0.551
0.698
0.76
0.754
0.901
0.969
0.939
0.917
0.851
0.754
0.82
0.736
0.698
0.54
0.693
0.64
0.781
0.719
0.65
0.863
0.661
0.645
0.475
0.63
0.413
0.305
0.196
0.01
0.1
-0.176
-0.219
-0.396
-0.416
-0.235
-0.532
-0.391
-0.49
-0.436
-0.27
-0.264
-0.182
-0.206
-0.085
-0.044
-0.103
0.001
-0.06
-0.242
-0.076
-0.079
-0.193
-0.147
-0.14
0.033
0.177
0.385
0.229
0.234
0.276
0.135
0.121
-0.015
-0.072
-0.164
-0.058
-0.124
-0.348
-0.315
-0.247
-0.043
-0.259
-0.231
-0.016
-0.044
0.155
-0.009
0.04
-0.176
-0.214
-0.291
-0.319
-0.136
-0.139
-0.128
-0.4
-0.537
-0.73
-0.863
-0.691
-0.588
-0.566
-0.723
-0.705
-0.855
-0.743
-0.84
-0.735
-0.73
-0.589
-0.517
-0.485
-0.541
-0.598
-0.64
-0.65
-0.787
-0.623
-0.766
-0.719
-0.647
-0.647
-0.633
-0.578
-0.364
-0.229
-0.306
-0.355
-0.501
-0.435
-0.33
-0.341
-0.399
-0.258
-0.135
-0.084
-0.098
-0.116
-0.184
-0.205
-0.107
-0.338
-0.163
-0.173
-0.209
-0.098
-0.166
-0.105
-0.314
-0.386
-0.228
-0.211
-0.133
0.05
0.065
-0.03
-0.16
-0.124
-0.279
-0.495
-0.566
-0.525
-0.288
-0.554
-0.647
-0.489
-0.711
-0.427
-0.749
-0.635
-0.339
-0.521
-0.238
-0.297
-0.182
0.044
0.075
0.321
0.28
0.255
0.188
0.189
0.216
0.211
0.215
0.36
0.338
0.292
0.384
0.359
0.588
0.772
0.561
0.723
0.815
0.618
0.866
0.665
0.819
0.527
0.481
0.251
0.349
0.279
0.224
0.242
0.253
0.203
0.146
0.406
0.514
0.654
0.682
0.657
0.295
0.214
0.07
0.091
-0.241
-0.274
-0.36
-0.482
-0.589
-0.667
-0.784
-0.496
-0.595
-0.72
-0.784
-0.797
-0.664
-0.716
-0.797
-0.844
-0.749
-0.569
-0.384
-0.23
-0.193
0.024
0.107
0.276
0.55
0.468
0.346
0.247
0.29
0.32
0.372
0.625
0.755
0.999
0.994
0.782
0.888
0.941
0.976
0.993
0.949
0.893
1.145
1.069
1.103
1.105
0.963
0.815
0.693
0.753
0.47
0.39
0.325
0.29
0.295
0.27
0.075
0.194
-0.107
-0.122
-0.046
-0.096
0.009
0.088
0.175
0.312
0.165
0.27
0.309
0.395
0.28
0.551
0.649
0.571
0.574
0.421
0.355
0.195
0.256
0.182
-0.011
0.139
0.059
0.165
0.083
0.12
0.228
0.225
0.297
0.405
0.343
0.158
0.174
0.129
0.076
-0.056
0.098
-0.092
0.024
0.269
-0.071
0.161
0.225
0.276
0.466
0.624
0.389
0.24
0.174
0.19
0.033
0.174
0.005
-0.083
-0.168
-0.15
0.049
0.041
-0.041
0.039
0.121
0.05
0.022
0.054
0.215
0.395
0.484
0.36
0.276
0.356
0.398
0.603
0.609
0.51
0.777
0.458
0.168
0.215
-0.136
-0.304
-0.174
-0.323
-0.47
-0.542
-0.829
-0.769
-0.825
-0.651
-0.759
-0.414
-0.726
-0.677
-0.654
-0.824
-0.92
-0.825
-0.828
-0.81
-0.936
-0.662
-0.557
-0.521
-0.43
-0.371
-0.265
-0.198
-0.27
-0.208
-0.281
-0.296
-0.185
0.054
0.031
0.367
0.562
0.596
0.586
0.497
0.559
0.5
0.693
0.823
0.575
0.524
0.323
0.198
0.214
0.238
0.41
0.51
0.27
0.205
0.17
-0.105
-0.173
-0.119
-0.091
0.054
-0.075
0.304
-0.022
0.113
0.014
-0.05
0.026
-0.156
0.205
0.261
0.238
0.122
0.265
0.251
0.454
0.522
0.551
0.464
0.451
0.82
0.619
0.635
0.611
0.372
0.424
0.258
0.33
0.224
0.424
0.417
0.49
0.299
0.165
0.037
0.045
-0.292
-0.244
-0.174
-0.094
-0.095
-0.019
0.098
0.077
0.17
0.209
0.334
0.251
0.395
0.37
0.54
0.374
0.419
0.015
-0.128
-0.175
-0.09
0.016
-0.098
0.049
0.052
0.044
0.179
-0.02
-0.049
0.025
0.077
0.071
0.115
0.13
-0.03
-0.06
-0.146
-0.12
0.058
0.022
-0.099
-0.045
-0.12
-0.125
-0.211
-0.316
-0.438
-0.414
-0.446
-0.343
-0.482
-0.509
-0.479
-0.57
-0.456
-0.651
-10.336
-6.115
-0.635
-0.695
-0.667
-0.86
-0.75
-0.623
-0.596
-0.799
-0.545
-0.704
-0.484
-0.343
-0.263
-0.38
-0.323
-0.278
-0.346
-0.279
-0.133
-0.229
-0.357
-0.324
-0.359
-0.576
-0.48
-0.495
-0.596
-0.285
-0.435
-0.185
-0.255
-0.255
-0.195
-0.286
-0.181
-0.113
-0.006
0.06
0.013
0.217
0.265
0.025
0.072
0.036
0.009
-0.054
-0.077
-0.174
-0.344
-0.383
-0.618
-0.5
-0.259
-0.146
0.037
0.005
-0.149
-0.209
0.118
-0.242
-0.22
-0.289
-0.219
-0.341
-0.454
-0.522
-0.41
-0.453
-0.571
-0.843
-0.654
-0.56
-0.5
-0.588
-0.58
-0.521
-0.56
-0.274
-0.016
-0.018
-0.113
0.135
0.241
0.037
0.139
0.301
0.463
0.509
0.318
0.394
0.393
0.667
0.746
0.816
0.784
0.642
0.766
0.647
0.429
0.269
0.36
0.38
0.292
0.241
0.329
0.228
0.221
0.054
0.33
-0.036
0.231
-0.16
-0.088
-0.03
0.029
0.066
0.193
0.185
0.186
0.536
0.831
0.75
0.834
0.93
0.888
0.711
0.777
0.988
0.943
1.041
1.019
1.101
1.32
1.189
1.341
1.415
1.446
1.209
1.066
1.079
1.27
1.188
1.085
1.137
1.321
1.218
1.089
1.321
1.029
0.959
0.969
0.874
0.594
0.646
0.376
0.278
0.268
0.319
0.329
0.069
0.354
0.381
-0.033
-0.144
-0.263
-0.199
-0.245
-0.173
-0.28
-0.214
-0.007
-0.039
-0.065
-0.092
0.076
0.134
0.086
0.098
0.35
0.054
-0.03
-0.04
-0.2
-0.03
-0.174
0.048
-0.005
-0.04
0.122
0.095
0.066
0.026
0.28
0.193
0.173
0.147
0.242
0.318
0.355
0.158
0.323
0.362
0.425
0.17
0.128
0.122
0.065
-0.271
-0.158
-0.349
-0.376
-0.419
-0.341
-0.305
-0.149
-0.056
0.039
0.211
0.059
0.059
0.182
-3.019
0.266
0.338
0.06
0.118
0.348
0.367
0.236
0.446
0.453
0.505
0.66
0.816
0.917
0.96
1.113
1.16
1.028
1.16
1.222
1.615
1.355
1.571
1.649
1.518
1.633
1.601
1.558
1.424
1.468
1.36
1.413
1.403
1.163
0.869
0.725
0.603
0.629
0.306
0.052
0.115
-0.014
-0.43
-0.229
-0.166
-0.074
-0.039
-0.006
-0.056
-0.224
-0.16
-0.194
0.021
0.071
0.214
0.14
0.263
0.296
0.335
0.286
0.438
0.564
0.279
0.306
0.284
0.186
0.241
0.096
0.079
-0.22
-0.275
-0.41
-0.536
-0.679
-0.774
-0.839
-1.041
-1.07
-1.188
-1.001
-0.67
-0.63
-0.779
-0.854
-0.771
-0.646
-0.519
-0.328
-0.408
-0.225
-0.206
-0.26
-0.255
-0.035
0.15
0.034
-0.013
0.077
0.166
0.111
0.12
0.279
-0.034
-0.116
-0.231
-0.143
-0.119
0.025
0.034
0.064
-0.07
-0.041
0.251
0.092
0.16
0.103
0.247
0.129
0.146
0.165
0.273
0.122
-0.198
-0.035
0.039
-0.16
-0.024
-0.06
-0.013
0.134
0.231
0.289
0.099
0.099
-0.079
-0.122
-0.27
-0.141
-0.216
-0.295
-0.355
-0.425
-0.545
-0.584
-0.646
-0.641
-0.46
-0.43
-0.562
-0.667
-0.419
-0.401
-0.605
-0.494
-0.566
-0.576
-0.501
-0.54
-0.471
-0.542
-0.266
-0.326
-0.309
-0.47
-0.45
-0.599
-0.654
-0.591
-0.681
-0.758
-0.85
-0.811
-0.965
-0.794
-0.535
-0.659
-0.74
-0.81
-0.725
-0.768
-0.733
-1.002
-0.953
-0.978
-1.181
-1.254
-1.289
-1.289
-1.174
-1.331
-1.151
-1.208
-1.213
-1.141
-1.005
-0.955
-0.966
-0.943
-1.069
-0.917
-0.739
-0.649
-0.684
-1.048
-0.672
-0.665
-0.601
-0.684
-0.515
-0.595
-0.695
-0.805
-0.759
-0.721
-0.579
-0.482
-0.346
-0.454
-0.547
-0.596
-0.481
-0.5
-0.573
-0.338
-0.199
-0.234
-0.214
-0.41
-0.376
-0.131
-0.069
-0.058
-0.105
-0.133
-0.205
-0.324
-0.44
-0.318
-0.426
-0.451
-0.565
-0.681
-0.848
-0.801
-0.769
-0.88
-0.873
-0.932
-0.836
-0.75
-0.667
-0.706
-0.536
-0.503
-0.289
-0.494
-0.469
-0.521
-0.684
-0.8
-0.8
-0.782
-0.749
-0.635
-0.552
-0.486
-0.375
-0.266
-0.11
-0.171
-0.26
-0.554
-0.539
-0.555
-0.514
-0.425
-0.591
-0.651
-0.756
-0.662
-0.609
-0.641
-0.565
-0.586
-0.645
-0.565
-0.618
-0.615
-0.65
-0.485
-0.482
-0.405
-0.41
-0.468
-0.357
-0.519
-0.384
-0.27
-0.152
-0.124
-0.018
-0.091
-0.062
-0.121
-0.096
-0.069
0.039
0.021
0.099
0.405
0.312
0.494
0.552
0.487
0.541
0.473
0.419
0.495
0.545
0.736
0.785
0.854
0.815
0.799
0.743
0.505
0.44
0.235
0.189
0.236
0.186
-0.019
0.016
-0.054
0.325
-0.041
-0.096
0.14
-0.086
-0.214
-0.349
-0.411
-0.344
-0.279
-0.09
-0.013
0.171
0.254
0.307
0.299
0.333
0.399
0.395
0.219
0.479
0.586
0.526
0.522
0.424
0.378
0.3
0.081
0.124
-0.056
0.066
-0.122
0.054
-10.336
0.091
0.135
-0.007
0.075
0.156
-0.074
-0.007
0.072
0.181
-0.01
0.086
0.185
0.229
0.268
0.311
0.296
0.385
0.389
0.226
0.276
0.212
0.259
0.336
0.278
0.609
0.443
0.414
0.306
0.225
0.219
-0.301
-0.326
-0.435
-0.464
-0.761
-0.75
-0.713
-0.726
-0.708
-1.061
-0.896
-0.94
-0.911
-0.824
-0.786
-0.733
-0.825
-0.716
-0.667
-0.66
-0.662
-0.616
-0.65
-0.463
-0.524
-0.395
-0.403
-0.318
-0.171
-0.203
-0.301
-0.328
-0.468
-0.591
-0.659
-0.743
-0.9
-0.891
-0.735
-0.625
-0.795
-0.888
-0.682
-0.686
-0.465
-0.29
-0.176
-0.088
0.062
0.059
0.28
0.35
0.31
0.283
0.35
0.336
0.343
0.346
0.212
0.169
-0.02
0.171
0.261
0.111
0.164
0.351
0.371
0.297
0.253
0.315
0.515
0.316
0.512
0.537
0.738
0.591
0.473
0.405
0.304
0.296
0.171
0.161
0.217
0.186
0.15
0.135
-0.015
0.046
-0.266
-0.173
-0.006
-0.214
-0.189
-0.36
-0.429
-0.224
0.003
0.045
-0.219
0.018
-0.069
0.033
0.122
0.065
0.186
0.141
0.296
0.516
0.403
0.436
0.379
0.254
0.171
-0.062
-0.076
-0.189
-0.095
-0.136
-0.121
-0.251
-0.301
-0.306
-0.496
-0.198
-0.268
-0.166
-0.143
-0.23
-0.06
-0.065
-0.141
0.024
0.136
0.046
0.25
0.389
0.449
0.555
0.62
0.912
0.794
0.443
0.26
0.307
0.022
0.062
0.158
0.209
-2.661
0.203
0.319
0.203
0.091
-0.006
0.044
0.028
-0.064
0.035
0.1
0.301
0.095
0.075
0.19
0.193
0.266
0.318
0.413
0.371
0.43
0.359
0.633
0.641
0.314
0.441
0.333
0.239
0.12
0.269
0.182
0.328
0.193
0.266
0.048
-0.114
-0.049
-0.316
-0.245
-0.289
-0.649
-0.463
-0.45
-0.519
-0.541
-0.264
-0.432
-0.085
-0.17
-0.145
0.122
0.119
0.075
0.185
0.168
0.356
0.225
0.124
0.044
0.175
0.456
0.195
0.242
0.095
0.145
-0.022
-0.074
-0.045
-0.121
-0.11
0.044
0.061
0.149
0.041
0.188
0.13
0.206
0.256
0.273
0.214
0.224
0.163
0.107
0.043
-0.158
-0.263
-0.535
-0.578
-0.568
-0.424
-0.677
-0.644
-0.661
-0.686
-0.83
-0.905
-0.915
-0.935
-0.99
-1.113
-1.149
-1.097
-1.24
-0.941
-1.145
-0.829
-0.825
-1.038
-0.927
-1.001
-0.807
-0.764
-0.716
-0.669
-0.733
-0.786
-0.758
-0.64
-0.529
-0.295
-0.343
-0.189
0.092
0.11
0.229
0.014
0.147
-0.125
0.228
0.022
-0.07
-0.054
-0.06
0.029
0.041
0.147
-0.014
-0.128
-0.215
-0.258
-0.595
-0.547
-0.486
-0.569
-0.519
-0.292
-0.139
-0.14
-0.126
-0.099
-0.037
-0.025
-0.077
0.083
0.14
-0.024
0.122
-0.025
-0.026
0.028
-0.019
-0.014
-0.226
-0.26
-0.379
-0.379
-0.525
-0.768
-0.676
-0.879
-0.815
-0.792
-0.789
-0.644
-0.541
-0.454
-0.419
-0.215
-0.226
0.074
-0.09
-0.035
-0.163
-0.043
0.365
0.357
0.328
0.495
0.551
0.706
0.809
0.934
0.746
0.664
0.588
0.529
0.532
0.546
0.574
0.481
0.415
0.32
0.244
0.08
0.064
0.029
0.028
-0.035
-0.098
-0.028
-0.173
0.12
0.244
0.37
0.448
0.235
0.01
0.084
0.2
0.27
0.295
0.302
0.281
0.251
0.056
0.23
0.239
0.107
0.225
0.399
0.336
0.285
0.31
0.346
0.23
0.372
0.139
0.025
-0.076
-0.05
-0.143
-0.274
-0.409
-0.371
-0.405
-0.39
-0.355
-0.191
-0.07
-0.199
-0.145
-0.169
-0.009
-0.139
0.075
0.091
0.044
0.044
-0.191
-0.2
-0.281
-0.17
-0.059
-0.234
-0.251
-0.413
-0.296
-0.026
0.015
-0.016
0.041
-0.129
-0.301
-0.55
-0.398
-0.562
-0.596
-0.525
-0.561
-0.431
-0.381
-0.561
-0.594
-0.463
-0.601
-0.539
-0.234
-0.334
-0.256
-0.266
-0.288
-0.242
-0.203
-0.291
-0.341
-0.431
-0.285
-0.039
-0.035
-0.081
-0.043
-0.276
-0.143
-0.174
-0.051
0.004
-0.043
-0.056
0.26
0.163
0.3
-0.219
0.4
0.306
0.226
0.165
-0.031
0.01
0.018
0.026
0.075
0.16
0.136
0.217
0.31
0.26
0.421
0.35
0.351
0.17
-0.059
-0.239
-0.174
-0.312
-0.275
-0.286
-0.259
-0.305
-0.453
-0.401
-0.42
-0.301
-0.099
-0.295
-0.389
-0.345
-0.441
-0.623
-0.595
-0.546
-0.823
-0.751
-0.651
-0.629
-0.236
-0.495
-0.416
-0.251
-0.304
-0.306
-0.316
-0.244
-0.29
-0.02
-0.119
0.052
0.189
0.054
-5.501
0.3
0.393
0.336
0.415
0.55
0.497
0.448
0.391
0.321
0.239
0.216
0.335
0.254
0.246
0.334
0.236
0.274
0.251
0.196
0.335
0.351
0.349
0.41
0.481
0.21
0.141
0.107
0.044
0.109
-0.04
0.003
-0.164
-0.138
-0.219
-0.217
-0.1
-0.283
-0.203
-0.168
-0.092
-0.051
-0.256
-0.246
-0.182
-0.228
-0.135
-0.203
-0.211
-0.214
-0.188
-0.133
-0.22
-0.289
-0.241
-0.305
-0.239
-0.309
-0.351
-0.357
-0.395
-0.445
-0.471
-0.521
-0.55
-0.55
-0.482
-0.535
-0.484
-0.509
-0.525
-0.624
-0.645
-0.831
-0.604
-0.723
-0.751
-0.792
-0.804
-0.74
-0.776
-0.573
-0.479
-0.292
-0.318
-0.122
-0.106
-0.011
0.001
0.021
-0.034
-0.043
0.09
0.11
0.113
0.079
0.161
0.224
0.219
0.388
0.359
0.47
0.482
0.549
0.534
0.424
0.551
0.575
0.589
0.524
0.625
0.61
0.591
0.64
0.48
0.517
0.416
0.409
0.203
0.283
0.285
0.291
0.275
0.224
0.346
0.199
0.212
0.199
0.186
0.255
0.11
0.194
-0.029
-0.07
-0.18
-0.212
-0.139
-0.169
-0.253
-0.154
-0.168
-0.245
-0.346
-0.319
-0.278
-0.278
-0.333
-0.289
-0.348
-0.36
-0.378
-0.376
-0.369
-0.315
-0.246
-0.236
-0.138
-0.09
-0.089
-0.103
-0.021
-0.036
-0.037
-0.092
-0.083
-0.033
-0.025
-0.044
-0.121
-0.165
-0.205
-0.217
-0.291
-0.312
-0.143
-0.236
-0.314
-0.344
-0.389
-0.359
-0.403
-0.403
-0.51
-0.383
-0.33
-0.471
-0.346
-0.469
-0.494
-0.349
-0.374
-0.319
-0.345
-0.269
-0.233
-0.203
-0.205
-0.175
-0.104
-0.099
0.015
0.033
0.065
-0.024
-0.065
0.051
0.049
0.2
0.066
0.143
0.022
0.018
-0.001
-0.064
-0.007
-0.056
-0.022
-0.066
-0.173
-0.146
-0.118
-0.11
-0.109
-0.189
0.006
-0.143
