-0.821
-0.91
-0.701
-0.725
-0.655
-0.641
-0.555
-0.711
-1.032
-1.042
-1.232
-1.121
-0.943
-0.824
-0.825
-0.864
-0.841
-0.874
-0.792
-0.581
-0.539
-0.359
-0.465
-0.427
-0.479
-0.624
-0.631
-0.575
-0.37
-0.338
-0.335
-0.037
0.0
0.196
0.369
0.286
0.265
0.199
0.188
0.084
0.182
0.268
0.146
0.354
0.329
0.305
0.185
0.17
0.236
0.263
0.106
0.274
0.23
0.323
0.263
0.049
0.291
0.26
0.107
0.066
-0.036
-0.066
-0.003
-0.094
-0.013
0.098
-0.004
0.165
0.349
0.415
0.504
0.443
0.453
0.326
0.406
0.284
0.584
0.491
0.671
0.646
0.465
0.621
0.735
0.761
0.772
0.821
0.994
0.986
0.953
0.789
0.555
0.517
0.621
0.439
0.578
0.42
0.394
0.185
-0.129
-0.21
-0.378
-0.28
-0.009
-0.174
-0.253
-0.292
-0.403
-0.416
-0.478
-0.384
-0.409
-0.787
-1.146
-1.276
-1.366
-1.176
-1.062
-0.954
-0.718
-0.751
-0.84
-0.843
-0.878
-0.723
-0.958
-0.819
-0.941
-0.86
-0.845
-0.644
-0.489
-0.505
-0.547
-0.351
-0.268
-0.182
0.238
0.128
0.219
0.136
0.249
-0.055
-0.139
-0.292
-0.595
-0.964
-0.915
-0.925
-0.698
-0.515
-0.639
-0.394
-0.371
-0.56
-0.424
-0.485
-0.427
-0.626
-0.695
-0.745
-0.853
-0.795
-0.526
-0.401
-0.088
0.034
-0.143
-0.19
0.014
-0.091
0.034
-0.005
-0.045
-0.312
-0.378
-0.604
-0.385
-0.229
-0.239
0.315
0.374
0.43
0.529
0.501
0.441
0.416
0.33
0.344
0.375
0.491
0.341
0.29
0.23
0.19
0.135
0.251
0.149
0.238
0.095
0.106
0.02
-0.011
0.14
-0.058
0.13
0.143
0.129
0.034
0.046
-0.15
0.119
0.029
0.033
-0.105
-0.185
-0.453
-0.586
-0.585
-0.635
-0.482
-0.565
-0.56
-0.688
-0.646
-0.68
-0.89
-0.716
-0.674
-0.601
-0.473
-0.557
-0.619
-0.568
-0.501
-0.529
-0.482
-0.445
-0.426
-0.511
-0.501
-0.647
-0.782
-0.807
-0.568
-0.506
-0.562
-0.526
-0.254
-0.286
-0.151
-0.216
-0.379
-0.388
-0.299
-0.404
-0.542
-0.39
-0.531
-0.319
-0.551
-0.427
-0.435
-0.586
-0.661
-0.614
-0.754
-0.828
-0.542
-0.239
-0.168
-0.445
-0.355
-0.286
-0.158
-0.077
-0.362
-0.281
-0.426
-0.357
-0.305
0.006
0.069
0.266
0.289
-0.08
-0.118
-0.279
-0.16
0.062
0.259
0.416
0.481
0.589
0.71
0.751
0.63
0.605
0.733
0.586
0.449
0.144
0.016
0.01
-0.099
0.052
0.109
0.11
-0.014
0.022
-0.198
-0.268
-0.143
-0.134
-0.13
-0.328
-0.37
-0.465
-0.52
-0.657
-0.8
-0.828
-0.598
-0.63
-0.512
-0.585
-0.709
-0.776
-0.876
-0.926
-0.865
-0.899
-0.949
-0.927
-0.94
-0.859
-0.9
-0.796
-0.815
-0.807
-0.938
-0.758
-0.775
-0.686
-0.77
-0.749
-0.634
-0.64
-0.471
-0.521
-0.526
-0.615
-0.464
-0.525
-0.554
-0.376
-0.276
-0.161
-0.146
-0.144
-0.105
-0.106
-0.1
0.035
-0.05
-0.071
-0.15
-0.215
0.083
0.164
0.221
0.286
0.417
0.479
0.366
0.434
0.405
0.438
0.529
0.497
0.491
0.454
0.684
0.714
0.689
0.524
0.381
0.318
0.079
0.13
0.27
0.391
0.496
0.641
0.54
0.475
0.414
0.439
0.506
0.621
0.588
0.596
0.361
0.541
0.14
0.348
0.405
0.801
0.729
0.855
0.665
0.625
0.664
0.521
0.593
0.411
0.324
0.4
0.444
0.645
0.764
0.855
0.94
0.733
0.749
0.764
0.87
0.97
1.165
1.035
0.909
0.819
0.664
0.835
0.695
0.708
0.973
1.124
1.318
1.166
1.071
0.907
0.958
1.074
1.101
1.129
1.17
1.074
1.117
1.123
1.211
1.186
1.27
1.166
0.894
0.682
0.581
0.356
0.338
0.503
0.504
0.374
0.48
0.403
0.38
0.471
0.463
0.615
0.759
0.91
0.922
0.816
0.804
0.497
0.389
0.3
0.62
0.529
0.67
0.73
0.672
0.948
1.065
1.012
1.234
1.51
1.315
1.4
1.345
1.335
1.495
1.607
1.349
1.471
1.455
1.286
1.248
1.209
1.139
1.199
1.394
1.532
1.52
1.478
1.306
1.387
1.615
1.693
1.93
1.984
2.051
2.19
1.951
1.975
1.73
1.779
1.829
1.663
1.917
1.745
1.823
1.657
1.688
1.696
1.541
1.494
1.174
1.167
1.032
0.91
0.9
0.916
0.734
0.645
0.486
0.675
0.61
0.432
0.176
-0.109
-0.184
-0.295
-0.225
-0.016
0.354
0.275
0.46
0.341
0.221
0.159
0.371
0.565
0.451
0.728
0.469
0.266
-0.035
0.045
0.043
0.101
0.111
0.225
0.177
0.135
0.021
-0.006
-0.072
-0.209
-0.174
-0.098
-0.111
-0.141
-0.289
-0.021
-0.179
0.083
0.273
0.299
0.508
0.503
0.5
0.853
0.875
0.834
0.774
0.72
0.768
0.705
0.79
0.731
0.71
0.631
0.6
0.55
0.589
0.395
0.16
-0.036
0.045
-0.367
-0.406
-0.588
-0.774
-0.815
-0.836
-0.769
-0.357
-0.273
-0.255
-0.266
-0.223
-0.427
-0.534
-0.256
-0.641
-0.595
-0.635
-0.665
-0.625
-0.855
-0.789
-0.623
-0.555
-0.229
-0.396
-0.52
-0.458
-0.517
-0.628
-0.598
-0.585
-0.74
-0.97
-0.806
-1.073
-0.914
-1.055
-0.995
-0.8
-1.103
-0.97
-1.218
-1.241
-1.23
-1.316
-1.209
-1.305
-1.085
-0.584
-0.866
-0.552
-0.616
-0.608
-0.641
-0.406
-0.534
-0.246
-0.061
-0.413
-0.348
-0.203
-0.305
-0.022
0.035
-0.04
-0.096
0.013
-0.037
-0.016
-0.051
-0.258
-0.201
-0.486
-0.471
-0.296
-0.145
-0.226
-0.247
-0.454
-0.718
-0.87
-0.921
-0.916
-1.079
-0.978
-0.921
-0.87
-0.831
-0.941
-0.866
-0.895
-1.079
-0.924
-0.703
-0.495
-0.774
-0.79
-0.751
-1.036
-0.807
-0.897
-0.83
-0.688
-0.704
-0.706
-0.809
-0.689
-0.641
-0.709
-0.891
-1.065
-0.961
-0.88
-0.714
-0.682
-0.966
-0.893
-0.889
-0.786
-0.723
-0.685
-0.771
-0.601
-0.603
-0.611
-0.834
-0.662
-0.636
-0.481
-0.343
-0.393
-0.185
-0.091
0.013
0.014
0.003
-0.043
-0.219
-0.224
-0.367
-0.249
-0.311
-0.474
-0.469
-0.315
-0.427
-0.561
-0.478
-0.384
-0.379
-0.309
-0.546
-0.405
-0.4
-0.244
-0.603
-0.634
-0.37
-0.55
-0.55
-0.784
-0.67
-0.675
-0.756
-0.517
-0.537
-0.583
-0.49
-0.446
-0.176
-0.058
0.118
0.136
0.191
0.47
0.596
0.469
0.359
0.292
0.244
0.179
0.33
0.352
0.301
0.326
0.341
0.36
0.33
0.455
0.425
0.432
0.328
0.309
0.289
0.225
0.14
0.084
0.035
-0.15
-0.25
-0.107
0.013
0.01
0.115
0.226
0.238
0.274
0.506
0.644
0.484
0.54
0.421
0.307
0.33
0.188
0.578
0.09
0.245
0.426
0.593
0.656
0.772
0.619
0.818
0.708
0.444
0.247
0.211
0.251
0.236
0.576
0.614
0.945
0.984
0.772
0.633
0.659
0.787
0.753
0.711
0.586
0.623
0.667
0.59
0.573
0.655
0.67
0.844
1.095
1.236
1.01
1.058
0.998
0.985
1.09
1.308
1.174
1.351
1.215
1.085
1.124
1.274
1.356
1.204
1.089
1.095
1.091
0.86
1.153
1.292
1.471
1.45
1.464
1.294
1.123
1.522
1.421
1.635
1.609
1.292
1.375
0.926
0.725
0.535
0.681
0.63
0.708
0.765
0.589
0.542
0.421
0.492
0.403
0.62
0.662
0.735
0.771
0.964
0.936
1.024
1.116
1.171
1.074
1.044
1.116
0.86
0.954
1.188
1.199
1.232
1.419
1.453
1.584
1.596
1.627
1.769
1.815
2.046
1.94
2.022
1.571
1.615
1.456
1.518
1.598
1.384
1.549
1.367
1.285
1.006
0.958
1.016
1.294
1.333
1.353
1.194
1.085
0.81
0.655
0.866
0.644
0.604
0.536
0.443
0.369
0.279
0.062
0.211
0.421
0.411
0.155
-0.114
-0.299
-0.604
-0.478
-0.344
-0.379
-0.394
-0.576
-0.634
-0.556
-0.487
-0.601
-0.661
-0.595
-0.504
-0.935
-1.145
-1.157
-1.296
-1.401
-1.27
-1.421
-1.386
-1.125
-1.506
-1.104
-0.949
-0.911
-1.141
-1.146
-1.312
-1.31
-1.298
-0.746
-0.608
-0.439
-0.259
-0.394
-0.468
-0.735
-0.404
0.041
-0.004
-0.125
-0.383
-0.408
-0.38
-0.182
-0.016
0.122
0.174
0.269
0.343
0.434
0.179
-0.062
-0.231
-0.449
-0.616
-0.532
-0.474
-0.426
-0.414
-0.539
-0.699
-0.65
-0.714
-0.57
-0.491
-0.814
-0.929
-0.87
-0.746
-0.763
-0.766
-0.705
-0.561
-0.907
-1.028
-1.174
-1.006
-0.87
-0.753
-0.485
-0.294
-0.029
-0.001
0.284
0.133
0.194
0.644
0.59
0.349
0.22
-0.051
0.014
0.336
0.25
0.305
0.343
0.362
0.263
-0.013
-0.035
-0.076
-0.151
0.098
-0.176
-0.181
-0.179
-0.378
-0.688
-0.608
-0.615
-0.711
-0.719
-0.766
-0.729
-0.891
-0.535
-0.515
-0.26
-0.356
-0.349
-0.344
-0.394
-0.381
-0.146
-0.276
-0.606
-0.42
-0.383
-0.474
-0.266
-0.45
-0.43
-0.328
-0.221
0.011
-0.003
0.101
0.133
0.179
0.056
0.281
0.045
-0.077
-0.079
-0.41
-0.656
-0.586
-0.652
-0.714
-0.544
-0.375
-0.311
-0.118
-0.369
-0.651
-0.635
-0.656
-0.537
-0.599
-0.531
-0.79
-0.833
-0.559
-0.524
-0.544
-0.398
-0.245
-0.107
0.006
-0.083
-0.079
0.01
0.151
0.05
-0.15
-0.234
-0.312
-0.385
-0.546
-0.4
-0.362
-0.376
-0.264
-0.174
-0.059
-0.143
-0.099
-0.034
-0.345
-0.515
-0.361
-0.468
-0.644
-0.688
-0.956
-1.049
-0.905
-0.67
-0.414
-0.624
-0.484
-0.546
-0.455
-0.751
-0.624
-0.501
-0.168
-0.125
-0.107
0.034
-0.03
-0.065
-0.304
-0.201
0.021
0.242
0.519
0.506
0.482
0.309
0.128
0.046
-0.325
-0.431
-0.756
-0.695
-0.595
-0.475
-0.471
-0.19
-0.126
0.055
0.024
0.004
0.043
0.11
0.212
0.217
0.421
0.564
0.604
0.571
0.441
0.562
0.449
0.41
0.389
0.385
0.12
0.104
0.185
0.328
0.636
0.541
0.454
0.37
0.503
0.706
0.64
0.666
0.443
0.343
0.336
0.186
0.258
0.351
0.345
0.264
0.155
0.436
0.449
0.484
0.379
0.456
0.559
0.64
0.789
0.768
0.665
0.529
0.68
0.771
0.444
0.551
0.736
0.684
0.869
1.333
1.105
1.028
0.894
0.743
0.688
0.615
0.645
0.733
0.833
0.775
0.911
0.728
0.556
0.161
0.318
0.328
0.593
0.818
0.879
1.099
1.126
1.16
1.056
0.994
0.873
0.829
0.759
0.745
0.823
0.789
0.751
0.614
0.611
0.551
0.508
0.487
0.27
-0.018
-0.191
-0.384
-0.48
-0.177
0.05
0.101
-0.003
-0.236
-0.169
-0.095
-0.169
0.0
0.005
0.296
0.288
0.569
0.661
0.646
0.715
0.685
0.777
0.976
0.841
0.769
0.876
0.414
0.128
0.194
0.245
0.125
0.114
-0.079
0.134
0.004
0.12
0.297
0.266
0.454
0.26
0.379
0.226
0.325
0.18
0.469
0.551
0.54
0.896
0.785
0.969
0.729
0.875
0.521
0.755
1.014
1.214
1.336
1.598
1.36
1.544
1.276
1.346
1.241
1.088
1.1
1.258
1.262
1.471
1.258
1.259
1.306
1.272
1.315
1.085
1.073
0.76
0.686
0.721
0.724
0.888
0.787
0.775
1.022
0.698
0.649
0.471
0.474
0.555
0.619
0.713
0.953
0.751
0.699
0.438
0.549
0.784
0.739
0.98
0.671
0.52
0.372
0.08
-0.056
-0.044
0.255
0.25
0.619
0.436
0.61
0.375
0.591
0.765
0.86
1.044
0.895
0.845
0.844
0.792
0.973
0.914
0.866
0.626
0.434
0.357
0.256
0.328
0.152
-0.001
0.065
-0.26
-0.485
-0.738
-0.522
-0.675
-0.531
-0.461
-0.6
-0.726
-0.72
-0.77
-0.64
-0.736
-0.83
-0.775
-0.731
-1.009
-1.248
-1.512
-1.681
-1.62
-1.689
-1.454
-1.26
-1.34
-1.199
-0.984
-0.96
-1.049
-1.149
-1.335
-1.376
-1.284
-1.133
-1.022
-1.268
-0.963
-0.791
-0.914
-0.838
-1.119
-1.106
-0.795
-0.63
-0.535
-0.588
-0.245
-0.469
-0.37
-0.499
-0.611
-0.44
-0.58
-0.68
-0.716
-0.888
-0.854
-0.826
-0.809
-0.74
-0.738
-0.844
-0.646
-0.674
-0.565
-0.559
-0.263
-0.072
0.177
0.242
0.17
0.089
0.166
0.231
0.175
0.279
0.344
0.242
0.12
-0.307
-0.369
-0.169
0.074
0.195
0.556
0.325
0.288
0.244
0.111
0.258
0.214
0.216
0.037
-0.036
-0.231
-0.346
-0.522
-0.336
-0.371
-0.101
-0.136
-0.094
-0.143
-0.22
-0.072
-0.138
-0.281
0.005
0.098
-0.091
-0.165
-0.098
-0.095
0.163
0.233
0.324
0.23
-0.177
-0.109
-0.559
-0.638
-0.216
-0.118
-0.115
-0.136
0.06
-0.25
-0.318
-0.219
-0.245
-0.281
-0.466
-0.652
-0.535
-0.7
-0.704
-0.741
-0.512
-0.655
-0.4
-0.32
-0.379
-0.348
-0.471
-0.388
-0.665
-0.825
-0.786
-0.936
-0.873
-0.925
-0.974
-0.905
-0.834
-0.985
-0.83
-0.874
-0.725
-0.588
-0.828
-0.636
-0.429
-0.381
-0.279
-0.143
-0.338
-0.275
-0.269
-0.159
-0.247
-0.104
-0.309
-0.278
-0.541
-0.475
-0.585
-0.641
-0.631
-0.559
-0.497
-0.389
-0.249
-0.278
-0.369
-0.124
0.015
-0.025
0.098
0.19
0.036
0.1
0.105
0.113
-0.049
0.02
-0.135
-0.152
-0.086
0.269
0.411
0.494
0.466
0.479
0.537
0.522
0.466
0.414
0.399
0.487
0.441
0.378
0.133
0.124
0.09
0.221
0.439
0.677
0.665
0.7
0.511
0.561
0.468
0.458
0.555
0.504
0.355
0.414
0.26
0.133
-0.04
-0.076
-0.056
-0.128
-0.225
-0.315
-0.284
-0.439
-0.37
-0.359
-0.494
-0.334
-0.458
-0.365
-0.16
0.072
0.236
0.4
0.25
-0.091
-0.383
-0.676
-0.741
-0.699
-0.581
-0.416
-0.33
-0.319
-0.166
-0.269
-0.21
-0.056
0.079
0.088
0.09
0.366
0.311
0.431
0.404
0.724
0.601
0.503
0.811
0.64
0.545
0.708
0.714
0.84
0.79
0.724
0.642
0.891
0.818
1.189
0.875
0.807
0.784
0.619
0.646
0.633
0.576
0.45
0.314
0.242
0.271
0.519
0.499
0.346
0.336
0.271
0.383
0.264
0.319
0.249
0.364
0.245
0.135
0.105
0.129
0.261
0.369
0.537
0.706
0.935
1.029
1.131
0.964
0.749
1.05
0.994
1.271
1.21
1.246
1.27
1.137
1.46
1.262
1.249
1.278
1.157
1.221
1.204
1.451
1.235
1.578
1.29
1.085
0.996
0.984
0.854
0.924
0.929
0.899
1.195
1.07
1.269
1.345
1.451
1.367
1.315
1.219
0.835
0.856
0.705
1.021
0.935
0.87
0.874
0.889
1.0
0.85
0.733
0.546
0.504
0.421
0.06
0.171
0.175
0.335
0.323
0.286
0.278
0.43
0.401
0.394
0.28
0.264
0.2
0.059
0.114
0.196
0.099
0.103
0.261
0.265
0.208
0.422
0.426
0.554
0.4
0.43
0.369
0.451
0.703
0.723
0.575
0.492
0.161
0.231
0.234
0.37
0.329
0.116
-0.009
-0.203
-0.251
-0.329
0.056
0.445
0.486
0.599
0.311
-0.022
-0.198
-0.6
-0.388
-0.294
-0.141
-0.101
-0.09
-0.406
-0.615
-0.564
-0.429
-0.299
-0.246
-0.246
-0.354
-0.468
-0.664
-0.665
-0.843
-0.875
-0.94
-0.78
-0.734
-0.679
-0.566
-0.24
0.146
0.077
0.168
0.39
0.13
0.022
-0.015
-0.133
-0.149
0.115
0.044
0.555
0.46
0.871
0.818
0.976
0.797
0.726
0.341
0.105
-0.147
-0.16
-0.174
-0.006
0.039
0.19
0.133
0.408
0.421
0.286
0.245
-0.036
-0.24
-0.514
-0.424
-0.63
-0.72
-0.749
-0.487
-0.312
-0.355
-0.413
-0.681
-0.551
-0.486
-0.376
-0.605
-0.542
-0.539
-0.578
-0.691
-0.902
-0.763
-0.624
-0.526
-0.659
-0.494
-0.45
-0.526
-0.409
-0.481
-0.354
-0.328
-0.316
-0.441
-0.695
-0.83
-1.065
-0.715
-0.674
-0.438
-0.274
-0.346
-0.32
-0.159
-0.198
0.011
-0.022
-0.164
-0.364
-0.443
-0.349
-0.401
-0.326
-0.278
-0.427
-0.396
-0.544
-0.456
-0.441
-0.333
0.149
0.434
0.395
0.113
0.075
0.278
0.355
0.799
0.756
0.672
0.593
0.503
0.184
0.231
0.036
0.079
0.212
0.24
-0.011
-0.385
-0.351
-0.824
-1.038
-1.1
-0.74
-0.487
-0.318
-0.35
-0.223
-0.166
-0.111
-0.116
-0.147
-0.251
-0.416
-0.216
-0.199
-0.28
-0.13
-0.166
-0.295
-0.603
-0.729
-1.006
-0.89
-0.638
-0.458
-0.422
-0.486
-0.545
-0.685
-0.835
-0.669
-0.169
-0.058
-0.158
-0.145
-0.349
-0.574
-0.677
-0.785
-0.688
-0.64
-0.579
-0.45
-0.584
-0.682
-0.814
-0.86
-0.983
-0.869
-0.889
-1.039
-0.95
-1.004
-0.991
-1.031
-0.92
-0.799
-0.754
-0.675
-0.82
-0.97
-0.835
-0.744
-0.704
-0.635
-0.721
-0.662
-0.939
-0.796
-0.611
-0.718
-0.559
-0.455
-0.288
-0.33
-0.349
-0.279
-0.205
-0.395
-0.54
-0.454
-0.629
-0.383
-0.705
-0.675
-0.661
-0.45
-0.147
-0.259
-0.171
-0.12
-0.22
-0.03
-0.273
-0.19
-0.403
-0.448
-0.639
-0.536
-0.682
-0.776
-0.556
-0.393
-0.367
-0.311
-0.125
-10.336
-0.081
-0.164
-0.251
-0.061
-0.091
0.114
0.154
0.268
0.334
0.594
0.681
0.776
0.846
0.916
1.044
0.812
0.633
0.228
0.3
0.21
0.114
0.216
0.356
0.569
0.718
0.652
0.917
0.905
1.113
0.953
0.912
0.838
0.775
0.951
0.855
0.811
0.62
0.662
0.642
0.636
0.691
0.787
0.765
0.519
0.448
0.266
0.216
0.074
-0.176
-0.145
0.025
0.118
0.046
0.02
0.208
0.15
0.253
0.32
0.43
0.427
0.379
0.434
0.475
0.573
0.711
0.886
0.881
0.825
0.708
0.6
0.289
0.341
0.405
0.245
0.039
-0.076
0.03
0.182
0.219
0.344
0.589
0.526
0.826
0.703
0.771
0.654
0.471
0.807
0.71
0.724
0.914
1.059
1.117
1.261
1.244
1.176
1.149
1.275
1.264
1.206
1.364
1.125
1.039
0.944
0.939
1.066
0.983
1.038
1.176
1.039
1.153
1.011
0.983
0.946
0.796
0.971
0.811
0.989
0.777
0.693
0.536
0.522
0.56
0.424
0.564
0.5
0.196
0.226
0.35
0.15
0.076
0.105
0.03
0.085
0.145
0.055
-0.166
-0.121
-0.426
-0.349
-0.286
-0.219
-0.205
-0.228
-0.326
-0.299
-0.246
0.071
0.297
0.384
0.479
0.438
0.596
0.464
0.705
0.761
0.644
0.777
0.883
0.911
0.869
0.958
1.066
1.226
1.336
1.26
1.286
1.104
1.032
1.113
1.048
1.038
1.225
1.056
1.21
1.459
1.242
1.184
1.196
1.19
0.925
0.941
0.731
0.698
0.403
0.116
-0.029
0.14
0.306
0.432
0.307
0.482
0.292
0.321
0.386
0.345
0.251
0.345
0.495
0.546
0.532
0.647
0.674
0.574
0.43
0.463
0.139
0.074
-0.054
0.125
0.185
0.043
-0.261
0.02
0.121
0.239
0.216
0.235
0.271
-0.146
-0.159
-0.145
-0.077
0.195
0.226
0.348
0.508
0.551
0.438
0.505
0.295
0.235
0.022
-0.03
-0.013
-0.255
-0.441
-0.453
-0.304
-0.258
-0.1
0.12
0.244
0.171
0.254
0.119
0.085
0.04
0.186
0.046
-0.195
-0.165
-0.321
-0.519
-0.247
-0.44
-0.351
-0.485
-0.647
-0.735
-0.655
-0.759
-0.828
-0.761
-0.72
-0.66
-0.495
-0.471
-0.661
-0.65
-0.644
-0.66
-0.878
-1.0
-0.906
-0.741
-0.704
-0.856
-0.765
-1.002
-0.76
-0.92
-0.799
-0.751
-0.688
-0.744
-0.608
-0.917
-0.626
-0.829
-0.672
-0.422
-0.894
-0.88
-1.018
-1.119
-1.278
-1.183
-1.091
-1.306
-0.929
-0.856
-0.721
-0.818
-0.787
-0.609
-0.403
-0.198
-0.041
0.055
0.113
-0.009
-0.005
-0.092
0.02
0.122
-0.292
-0.154
-0.131
-0.144
-0.146
-0.026
0.086
-0.005
-0.074
-0.019
-0.199
-0.145
0.003
-0.176
-0.143
-0.385
-0.606
-0.453
-0.429
-0.336
-0.501
-0.525
-0.662
-0.729
-0.515
-0.541
-0.657
-0.754
-0.858
-0.67
-0.691
-0.838
-0.878
-0.654
-0.54
-0.331
-0.24
-0.435
-0.439
-0.315
-0.417
-0.253
-0.417
-0.238
-0.215
-0.152
-0.312
-0.299
-0.173
-0.009
-0.115
0.103
0.1
0.034
0.226
0.031
0.145
0.029
-0.079
-0.033
-0.061
-0.2
0.007
-0.169
-0.279
-0.481
-0.744
-0.515
-0.41
-0.259
-0.318
-0.281
-0.109
-0.125
-0.361
-0.028
-0.007
0.004
-0.058
-0.226
-0.278
-0.336
-0.409
-0.286
-0.38
-0.291
-0.45
-0.302
-0.438
-0.731
-0.719
-0.77
-0.782
-0.638
-0.545
-0.503
-0.704
-0.746
-0.522
-0.604
-0.519
-0.331
-0.301
-0.14
0.072
-0.092
0.034
-0.236
0.069
0.091
0.171
0.035
0.147
-0.019
0.115
0.375
0.515
0.516
