0.238
0.147
0.146
0.109
0.043
0.028
0.026
0.124
0.15
0.072
0.033
0.056
0.185
0.188
0.105
0.045
0.219
0.297
0.25
0.271
0.101
0.069
-0.056
-0.076
-0.075
-0.124
-0.18
-0.159
-0.147
-0.319
-0.354
-0.329
-0.158
-0.09
0.035
0.094
0.06
0.121
0.175
0.194
0.182
0.37
0.266
0.23
0.18
0.283
0.169
0.158
0.096
0.161
0.299
0.259
0.365
0.424
0.593
0.698
0.868
0.955
1.161
1.265
1.384
1.508
1.43
1.625
1.664
1.647
1.657
1.917
2.067
2.061
1.98
1.848
1.94
1.974
2.064
2.149
2.085
2.195
2.343
2.654
2.652
2.791
2.919
2.96
2.994
2.926
2.784
2.684
2.63
2.719
2.719
2.746
2.87
2.916
3.045
3.2
2.902
2.933
2.89
2.746
2.986
2.891
2.87
2.999
2.861
2.85
3.0
2.953
3.019
2.998
3.038
3.271
3.045
3.042
2.799
2.856
2.605
2.522
2.45
2.21
2.131
2.125
2.314
2.336
2.11
2.11
1.887
1.831
1.558
1.355
1.265
1.147
1.264
1.238
1.137
1.154
0.978
0.966
0.921
0.774
0.766
0.719
0.787
0.777
0.463
0.714
0.706
0.881
0.915
0.655
0.723
0.635
0.693
0.715
0.552
0.429
0.497
0.576
0.679
0.569
0.381
0.328
0.096
-0.101
-0.345
-0.506
-0.396
-0.546
-0.281
-0.271
-0.489
-0.478
-0.508
-0.509
-0.416
-0.386
-0.269
-0.415
-0.404
-0.361
-0.549
-0.516
-0.296
-0.348
-0.475
-0.479
-0.53
-0.482
-0.458
-0.536
-0.398
-0.414
-0.549
-0.5
-0.62
-0.584
-0.844
-0.726
-0.666
-0.52
-0.51
-0.671
-0.647
-0.741
-0.744
-0.961
-0.815
-0.72
-0.601
-0.404
-0.195
-0.22
-0.211
-0.075
-0.088
-0.156
-0.028
-0.107
-0.176
-0.254
-0.334
-0.307
-0.235
-0.335
-0.372
-0.57
-0.403
-0.254
-0.271
-0.324
-0.571
-0.542
-0.453
-0.515
-0.481
-0.705
-0.584
-0.636
-0.713
-0.65
-0.65
-0.349
-0.275
-0.33
-0.391
-0.652
-0.859
-0.945
-0.873
-0.993
-1.06
-1.284
-1.189
-1.155
-1.355
-1.258
-1.198
-1.147
-1.165
-1.183
-1.278
-1.185
-1.04
-0.995
-1.089
-0.896
-0.859
-0.769
-0.73
-0.675
-0.74
-0.797
-0.721
-0.644
-0.562
-0.655
-0.556
-0.525
-0.297
-0.375
-0.284
-0.217
-0.152
0.036
0.124
0.193
0.341
0.3
0.269
0.379
0.225
0.22
0.175
0.212
0.152
0.188
0.143
-0.003
-0.034
-0.086
0.004
-0.203
-0.228
-0.088
-0.107
-0.174
-0.284
-0.199
-0.169
-0.359
-0.439
-0.466
-0.329
-0.266
-0.194
-0.144
-0.046
-0.136
-0.182
-0.094
-0.116
-0.083
-0.168
-0.111
-0.103
-0.211
-0.245
-0.234
-0.152
-0.201
-0.231
-0.139
-0.406
-0.425
-0.501
-0.473
-0.494
-0.405
-0.339
-0.344
-0.469
-0.461
-0.511
-0.676
-0.764
-0.777
-0.786
-0.843
-0.878
-0.99
-0.917
-1.135
-1.039
-1.073
-0.948
-1.161
-1.111
-1.076
-1.059
-0.959
-0.993
-0.943
-0.932
-0.912
-0.797
-0.785
-0.819
-0.59
-0.364
-0.511
-0.514
-0.241
-0.271
-0.046
0.133
0.306
0.411
0.5
0.529
0.482
0.378
0.465
0.608
0.586
0.535
0.599
0.624
0.596
0.626
0.696
0.69
0.806
0.84
0.886
0.751
0.495
0.475
0.526
0.388
0.365
0.662
0.479
0.536
0.291
0.456
0.284
0.203
0.367
0.124
0.165
-0.191
-0.265
-0.478
-0.344
-0.311
-0.351
-0.268
-0.228
-0.281
-0.295
-0.31
-0.333
-0.233
-0.421
-0.454
-0.304
-0.343
-0.378
-0.611
-0.594
-0.576
-0.445
-0.37
-0.115
-0.083
0.022
-0.005
-0.094
0.139
-0.138
-0.319
-0.271
-0.279
-0.161
-0.335
-0.509
-0.753
-0.756
-0.705
-0.85
-0.665
-0.826
-0.604
-0.584
-0.684
-0.485
-0.519
-0.508
-0.71
-0.71
-0.621
-0.524
-0.366
-0.25
-0.101
-0.214
-0.201
-0.088
-0.209
-0.098
-0.147
-0.081
-0.051
-0.044
-0.005
-0.013
0.212
0.302
0.301
0.331
0.281
0.168
0.223
0.095
0.096
0.01
-0.074
-0.134
-0.244
-0.349
-0.511
-0.724
-0.73
-0.74
-0.74
-0.721
-0.738
-0.824
-0.696
-0.745
-0.539
-0.755
-0.782
-0.682
-0.682
-0.618
-0.529
-0.569
-0.401
-0.432
-0.326
-0.307
-0.325
-0.367
-0.238
-0.158
-0.096
-0.004
0.066
0.043
0.035
0.084
0.17
0.193
0.266
0.231
0.15
0.096
0.058
0.074
0.106
0.105
0.21
0.211
0.268
0.238
0.2
-0.015
-0.118
-0.066
-0.141
-0.084
0.041
0.159
0.13
0.166
0.231
0.226
0.226
0.195
0.25
0.109
0.191
0.143
0.165
0.161
0.1
0.028
0.072
0.026
0.021
0.077
0.177
0.27
0.185
0.221
0.2
0.19
0.357
0.31
0.26
0.321
0.318
0.228
0.263
0.214
0.258
0.432
0.371
0.45
0.367
0.339
0.284
0.362
0.39
0.414
0.389
0.49
0.299
0.166
0.266
0.291
0.234
0.265
0.201
0.083
-0.007
0.059
0.019
-0.12
0.048
-0.135
-0.166
-0.205
-0.156
-0.366
-0.348
-0.326
-0.315
-0.359
-0.203
-0.211
-0.124
0.021
-0.109
0.046
0.031
-0.085
-0.035
-0.076
-0.175
-0.189
-0.109
-0.18
-0.191
-0.205
-0.229
0.06
0.196
0.092
-0.004
-0.025
0.086
-0.037
0.004
-0.021
0.11
0.156
0.114
0.199
0.38
0.536
0.666
0.705
0.812
0.815
0.794
0.744
0.686
0.596
0.62
0.372
0.331
0.411
0.265
0.046
0.103
0.105
0.181
0.159
0.152
-0.021
-0.124
-0.122
-0.149
-0.066
-0.054
0.043
0.076
0.071
-0.099
-0.086
-0.094
-0.199
-0.23
-0.154
-0.065
-0.16
-0.099
-0.304
-0.372
-0.383
-0.474
-0.393
-0.294
-0.212
-0.185
-0.301
-0.379
-0.295
-0.391
-0.389
-0.212
-0.19
-0.231
-0.334
-0.441
-0.339
-0.388
-0.431
-0.443
-0.671
-0.426
-0.258
-0.247
-0.011
0.051
-0.071
0.031
0.118
0.231
0.191
0.235
0.181
0.249
0.318
0.436
0.319
0.381
0.323
0.242
0.131
0.161
0.158
0.146
0.143
0.168
0.171
0.276
0.369
0.319
0.323
0.233
0.269
0.139
0.195
0.181
0.089
0.18
0.116
0.045
0.007
0.096
0.083
0.044
0.13
0.107
-0.076
-0.165
-0.14
-0.256
-0.291
-0.383
-0.519
-0.54
-0.576
-0.606
-0.449
-0.401
-0.499
-0.455
-0.38
-0.38
-0.384
-0.364
-0.512
-0.436
-0.346
-0.305
-0.205
-0.329
-0.506
-0.27
-0.259
-0.354
-0.352
-0.351
-0.258
-0.289
-0.321
-0.383
-0.279
-0.161
-0.031
0.004
0.041
0.14
0.14
0.158
0.129
0.041
-0.028
0.019
0.052
-0.05
-0.052
-0.048
-0.143
-0.135
-0.28
-0.26
-0.383
-0.429
-0.335
-0.305
-0.31
-0.311
-0.219
-0.168
-0.164
-0.43
-0.435
-0.586
-0.459
-0.424
-0.372
-0.474
-0.482
-0.273
-0.461
-0.628
-0.434
-0.497
-0.52
-0.443
-0.56
-0.416
-0.319
-0.307
-0.135
-0.156
-0.186
-0.044
-0.086
-0.135
0.014
0.03
0.064
0.18
0.326
0.266
0.348
0.355
0.384
0.426
0.403
0.55
0.585
0.756
0.64
0.968
1.075
1.084
1.259
1.347
1.609
1.453
1.646
1.732
1.659
1.615
1.531
1.596
1.633
1.772
1.805
1.999
1.824
2.002
2.138
2.19
2.027
2.06
2.16
2.198
2.275
2.429
2.627
2.565
2.509
2.607
2.595
2.761
2.986
3.081
3.127
3.104
3.138
2.959
2.944
2.87
2.86
2.989
2.768
2.857
2.792
2.73
2.656
2.684
2.564
2.792
2.706
2.796
2.719
2.739
2.605
2.549
2.301
2.27
2.219
2.035
1.943
1.68
1.681
1.641
1.55
1.573
1.407
1.147
1.149
1.183
1.164
0.974
1.181
1.069
1.184
1.18
1.015
1.021
0.932
0.856
0.999
1.119
1.121
0.973
0.96
0.785
0.686
0.557
0.495
0.481
0.675
0.594
0.509
0.471
0.258
0.233
0.196
0.019
-0.013
-0.326
-0.315
-0.642
-0.645
-0.53
-0.56
-0.578
-0.508
-0.526
-0.634
-0.755
-0.839
-0.875
-0.776
-0.74
-0.661
-0.714
-0.62
-0.917
-0.97
-1.038
-0.964
-0.839
-0.741
-0.588
-0.497
-0.54
-0.541
-0.539
-0.679
-0.522
-0.471
-0.484
-0.323
-0.291
-0.301
-0.236
-0.193
-0.21
-0.085
-0.134
-0.134
-0.081
-0.055
0.055
-0.013
-0.071
-0.126
-0.188
-0.335
-0.259
-0.534
-0.641
-0.508
-0.378
-0.499
-0.625
-0.885
-0.901
-0.934
-0.96
-0.87
-0.876
-0.894
-1.046
-0.991
-1.153
-1.248
-1.377
-1.456
-1.486
-1.396
-1.371
-1.328
-1.325
-1.19
-0.945
-0.941
-0.906
-0.916
-0.753
-0.821
-0.763
-0.709
-0.716
-0.628
-0.677
-0.666
-0.769
-0.77
-0.926
-0.787
-0.756
-0.723
-0.823
-0.951
-1.055
-0.999
-1.01
-1.055
-1.079
-1.004
-0.989
-1.078
-0.944
-0.95
-0.855
-0.883
-0.853
-0.693
-0.667
-0.75
-0.854
-0.575
-0.545
-0.593
-0.468
-0.546
-0.365
-0.448
-0.352
-0.386
-0.489
-0.593
-0.825
-0.794
-0.809
-0.73
-0.6
-0.603
-0.696
-0.81
-0.652
-0.486
-0.646
-0.579
-0.604
-0.328
-0.259
-0.001
-0.072
-0.155
-0.366
-0.456
-0.309
-0.069
-0.022
-0.062
-0.136
-0.355
-0.121
-0.049
-0.046
0.171
0.044
-0.274
-0.326
-0.501
-0.708
-0.718
-0.859
-0.863
-0.911
-0.889
-0.896
-1.046
-0.936
-1.051
-0.984
-0.95
-0.984
-0.926
-0.938
-1.035
-1.068
-0.981
-0.878
-0.948
-0.883
-0.816
-0.868
-0.856
-0.973
-1.059
-0.885
-0.988
-0.949
-1.065
-1.111
-0.929
-1.111
-0.925
-0.917
-0.912
-0.802
-0.865
-0.761
-0.811
-0.765
-0.839
-0.936
-0.685
-0.805
-0.655
-0.631
-0.396
-0.23
-0.223
-0.026
0.075
0.194
0.296
0.326
0.443
0.367
0.396
0.475
0.517
0.561
0.595
0.681
0.728
0.619
0.591
0.723
0.615
0.54
0.55
0.501
0.535
0.466
0.389
0.351
0.403
0.378
0.305
0.516
0.388
0.409
0.396
0.384
0.254
0.186
0.171
0.164
0.176
0.152
0.174
0.276
0.169
0.186
0.21
0.046
-0.045
-0.009
-0.039
0.049
0.01
0.125
0.016
0.091
0.059
0.096
0.19
0.212
0.326
0.44
0.431
0.384
0.343
0.39
0.201
0.253
0.26
0.264
0.312
0.295
0.284
0.058
0.083
0.17
0.136
0.062
0.099
0.055
0.12
0.09
0.12
0.013
0.069
0.188
0.32
0.372
0.529
0.517
0.405
0.154
0.288
0.198
0.236
0.144
0.343
0.209
0.09
0.158
0.136
0.38
0.338
0.256
0.23
0.19
0.289
0.352
0.464
0.432
0.492
0.571
0.47
0.492
0.486
0.399
0.406
0.297
0.194
0.055
-0.013
-0.152
-0.13
-0.335
-0.196
-0.318
-0.394
-0.446
-0.288
-0.263
-0.285
-0.199
-0.26
-0.141
-0.133
-0.007
0.14
0.2
0.199
0.305
0.348
0.536
0.608
0.496
0.59
0.713
0.623
0.31
0.291
0.315
0.09
0.025
0.033
-0.129
-0.033
0.103
0.238
0.3
0.354
0.356
0.365
0.532
0.399
0.51
0.441
0.54
0.413
0.535
0.456
0.425
0.459
0.429
0.53
0.474
0.501
0.343
0.129
0.139
-0.044
-0.105
0.036
0.154
0.188
0.304
0.259
0.355
0.438
0.466
0.484
0.555
0.536
0.486
0.469
0.231
0.004
-0.196
-0.215
-0.395
-0.352
-0.325
-0.349
-0.281
-0.274
-0.228
-0.13
0.054
0.045
0.106
0.14
0.095
-0.194
-0.23
-0.184
-0.316
-0.295
-0.286
-0.216
-0.356
-0.302
-0.354
-0.247
-0.185
-0.028
0.019
0.125
0.08
0.144
0.037
0.166
0.138
0.103
0.141
0.129
0.125
0.182
0.357
0.51
0.542
0.459
0.53
0.52
0.559
0.599
0.675
0.723
0.675
0.754
0.534
0.301
0.165
0.035
0.0
-0.013
0.006
-0.003
0.02
-0.003
0.045
0.019
0.028
0.026
-0.033
-0.098
-0.08
-0.095
-0.205
-0.104
-0.14
0.005
0.018
0.051
0.019
0.016
-0.015
-0.139
-0.049
-0.08
-0.085
-0.007
0.069
0.125
0.041
0.244
0.19
0.35
0.383
0.422
0.384
0.318
0.198
0.194
0.216
0.154
0.115
-0.031
-0.013
0.122
0.08
-0.101
-0.139
-0.271
-0.219
-0.278
-0.339
-0.398
-0.641
-0.686
-0.706
-0.64
-0.674
-0.662
-0.561
-0.514
-0.557
-0.682
-0.56
-0.454
-0.503
-0.557
-0.525
-0.595
-0.649
-0.6
-0.509
-0.424
-0.41
-0.23
-0.286
-0.364
-0.285
-0.191
-0.198
-0.061
-0.06
-0.175
-0.155
-0.214
-0.186
0.03
0.028
0.264
0.41
0.494
0.461
0.421
0.405
0.485
0.375
0.201
0.266
0.273
0.372
0.393
0.33
0.209
0.005
-0.106
-0.071
-0.166
-0.111
-0.186
-0.054
-0.184
-0.291
-0.434
-0.339
-0.341
-0.301
-0.439
-0.196
-0.283
-0.314
-0.356
-0.48
-0.456
-0.378
-0.306
-0.151
-0.36
-0.318
-0.398
-0.557
-0.595
-0.754
-0.823
-0.795
-0.74
-0.724
-0.576
-0.616
-0.489
-0.486
-0.43
-0.458
-0.403
-0.236
-0.136
-0.38
-0.676
-0.565
-0.413
-0.294
-0.171
0.064
0.136
0.17
0.372
0.546
0.724
0.843
0.983
0.888
0.854
0.871
0.983
1.086
1.0
1.177
1.4
1.565
1.559
1.663
1.677
1.812
1.844
1.788
1.554
1.669
1.566
1.698
1.621
1.584
1.698
1.609
1.66
1.742
1.675
1.73
1.548
1.714
1.745
1.782
1.869
1.849
1.798
1.853
1.98
2.038
2.091
2.183
2.254
2.382
2.419
2.43
2.428
2.394
2.567
2.542
2.415
2.479
2.59
2.485
2.436
2.506
2.67
2.567
2.67
2.681
2.801
2.843
2.696
2.533
2.341
2.214
1.917
1.853
1.781
1.714
1.734
1.768
1.784
1.885
1.841
1.626
1.476
1.396
1.323
1.117
0.791
0.879
1.054
0.881
0.893
0.695
0.419
0.485
0.461
0.395
0.106
0.166
0.155
0.285
0.456
0.605
0.532
0.725
0.891
1.059
1.218
1.181
1.048
0.906
0.751
0.56
0.516
0.338
0.2
0.251
0.203
0.39
0.304
0.338
0.194
0.095
-0.009
-0.028
0.021
0.241
0.22
0.338
0.406
0.278
0.401
0.356
0.036
0.091
0.059
0.061
0.005
0.039
-0.062
0.02
-0.124
-0.128
-0.09
-0.259
-0.041
-0.154
-0.388
-0.357
-0.506
-0.471
-0.496
-0.395
-0.307
-0.136
-0.064
-0.196
-0.165
-0.306
-0.278
-0.362
-0.526
-0.605
-0.794
-0.815
-0.888
-0.93
-0.979
-0.984
-1.083
-1.097
-1.123
-1.28
-1.155
-1.099
-1.011
-0.986
-0.955
-0.86
-0.861
-0.821
-0.864
-0.83
-0.895
-1.041
-0.943
-0.815
-0.714
-0.492
-0.496
-0.47
-0.456
-0.631
-0.944
-1.089
-0.973
-1.522
-1.606
-1.401
-1.535
-1.406
-1.333
-1.169
-0.905
-0.83
-0.838
-0.917
-0.772
-0.758
-0.67
-0.64
-0.639
-0.41
-0.478
-0.405
-0.524
-0.409
-0.591
-0.422
-0.546
-0.475
-0.388
-0.515
-0.456
-0.504
-0.547
-0.591
-0.746
-0.873
-0.881
-0.876
-0.925
-0.836
-0.684
-0.495
-0.33
-0.175
-0.354
-0.453
-0.391
-0.614
-0.763
-0.806
-0.719
-0.647
-0.399
-0.474
-0.41
-0.25
-0.221
-0.241
-0.263
-0.2
-0.048
-0.12
-0.244
-0.269
-0.323
-0.331
-0.283
-0.244
-0.254
-0.413
-0.362
-0.273
-0.299
-0.357
-0.354
-0.413
-0.233
-0.321
-0.409
-0.427
-0.698
-0.774
-0.921
-0.88
-0.926
-0.833
-0.814
-0.945
-0.906
-0.791
-0.734
-0.771
-0.615
-0.623
-0.525
-0.65
-0.573
-0.591
-0.665
-0.848
-0.895
-0.797
-0.614
-0.744
-0.825
-0.82
-0.603
-0.534
-0.529
-0.469
-0.611
-0.606
-0.552
-0.45
-0.37
-0.403
-0.391
-0.341
-0.364
-0.527
-0.633
-0.716
-0.657
-0.943
-0.944
-0.978
-1.052
-1.133
-1.076
-1.024
-0.886
-0.782
-0.735
-0.819
-0.843
-0.731
-0.786
-0.763
-0.497
-0.309
-0.32
-0.215
-0.216
-0.085
-0.011
0.049
0.107
0.101
0.101
0.128
0.278
0.338
0.479
0.45
0.406
0.453
0.551
0.526
0.229
0.208
0.128
0.195
0.27
0.304
0.216
0.125
0.181
0.144
0.199
0.177
0.149
0.159
0.011
0.075
0.113
-0.024
0.041
-0.079
-0.071
-0.065
-0.081
-0.12
0.02
-0.184
-0.175
-0.246
-0.113
-0.118
-0.07
-0.003
0.076
0.249
0.099
0.13
0.044
0.075
-0.126
-0.241
-0.288
-0.228
-0.367
-0.212
-0.114
-0.242
-0.203
-0.138
-0.092
-0.007
-0.036
-0.109
0.014
-0.046
0.024
-0.098
0.046
0.118
0.101
0.095
0.214
0.334
0.346
0.438
0.525
0.608
0.539
0.715
0.795
0.79
0.924
0.718
0.729
0.684
0.583
0.527
0.57
0.761
0.719
0.749
0.825
0.9
0.754
0.888
0.795
0.919
0.894
0.703
0.589
0.461
0.503
0.59
0.73
0.616
0.675
0.568
0.511
0.409
0.251
0.168
0.118
0.024
0.072
-0.049
0.075
0.021
0.02
0.065
-0.173
-0.174
0.013
0.185
-0.015
0.138
0.362
0.448
0.514
0.586
0.579
0.552
0.645
0.715
0.521
0.604
0.471
0.375
0.505
0.439
0.508
0.398
0.355
0.573
0.645
0.659
0.666
0.655
0.535
0.555
0.593
0.512
0.446
0.448
0.43
0.421
0.631
0.459
0.481
0.537
0.375
0.393
0.413
0.568
0.649
0.704
0.551
0.434
0.419
0.393
0.255
0.198
0.266
0.13
-0.015
-0.088
-0.25
-0.24
-0.256
-0.253
-0.2
-0.151
-0.196
-0.081
-0.268
-0.169
-0.174
-0.235
-0.196
-0.169
-0.118
-0.118
-0.193
-0.145
-0.131
-0.182
-0.175
-0.217
-0.194
-0.2
-0.36
-0.381
-0.446
-0.466
-0.517
-0.72
-0.63
-0.966
-0.916
-0.944
-0.801
-0.851
-0.775
-0.64
-0.629
-0.55
-0.539
-0.438
-0.338
-0.343
-0.219
-0.075
0.0
-0.024
-0.1
-0.19
-0.119
-0.274
-0.401
-0.357
-0.351
-0.09
-0.165
-0.037
0.054
0.075
-0.114
-0.174
0.022
-0.169
-0.181
-0.085
-0.254
-0.289
-0.359
-0.406
-0.481
-0.6
-0.574
-0.545
-0.649
-0.5
-0.557
-0.631
-0.525
-0.546
-0.521
-0.758
-0.777
-0.694
-0.711
-0.511
-0.626
-0.709
-0.724
-0.695
-0.579
-0.674
-0.416
-0.38
-0.325
-0.245
-0.236
-0.118
-0.019
-0.003
0.058
0.166
0.056
0.103
0.122
0.221
0.184
0.246
0.364
0.19
0.135
0.258
0.129
0.164
-0.143
-0.08
-0.015
-0.06
-0.013
0.04
-0.035
-0.096
-0.179
-0.014
-0.039
-0.014
-0.079
-0.06
-0.084
-0.13
-0.025
-0.291
-0.301
-0.263
-0.228
-0.21
-0.255
-0.179
-0.086
-0.104
-0.278
-0.307
-0.147
-0.079
-0.174
0.083
0.152
0.416
0.296
0.367
0.307
0.246
0.305
0.195
0.208
0.312
0.365
0.344
0.411
0.324
0.386
0.398
0.413
0.31
0.39
0.464
0.396
0.424
0.434
0.339
0.369
0.329
0.468
0.471
0.375
0.398
0.307
0.53
0.455
0.434
0.615
0.41
0.634
0.629
0.723
0.654
0.681
0.603
0.698
0.646
0.751
0.789
0.665
0.864
0.736
0.941
0.764
0.682
0.807
0.956
0.963
0.849
0.897
0.98
1.105
1.029
1.124
1.294
1.38
1.514
1.406
1.479
1.664
1.901
2.027
2.119
2.103
2.112
2.155
2.041
2.104
2.131
2.073
2.205
2.139
2.366
2.226
2.323
2.271
2.374
2.579
2.549
2.507
2.589
2.751
2.897
2.799
2.607
2.6
2.345
2.281
2.172
2.185
2.296
2.385
2.386
2.211
2.027
1.979
1.796
1.826
1.736
1.789
1.976
2.067
2.104
2.121
2.189
2.301
2.416
2.433
2.325
2.004
2.04
2.08
1.867
1.762
1.925
1.849
1.826
1.791
1.726
1.454
1.28
1.073
0.956
0.834
0.828
0.694
0.652
1.016
0.37
0.43
0.348
0.301
0.32
0.194
0.136
0.09
0.208
-0.169
-0.284
-0.291
-0.356
-0.14
-0.096
-0.007
0.075
0.14
-0.025
-0.168
-0.241
-0.329
-0.274
-0.018
-0.055
-0.043
-0.098
-0.126
-0.266
-0.114
-0.12
-0.089
-0.147
-0.01
-0.236
-0.219
-0.106
-0.116
-0.072
-0.175
-0.234
-0.346
-0.453
-0.367
-0.495
-0.753
-0.96
-0.919
-1.23
-1.228
-1.518
-1.746
-1.989
-2.044
-1.963
-2.118
-2.194
-2.062
-2.211
-2.091
-2.146
-1.889
-1.758
-1.786
-1.52
-1.325
-1.256
-1.076
-1.078
-0.949
-1.002
-1.126
-0.905
-0.945
-0.75
-0.693
-0.615
-0.547
-0.708
-0.589
-0.684
-0.744
-0.661
-0.421
-0.289
-0.486
-0.611
-0.544
-0.482
-0.511
-0.474
-0.461
-0.539
-0.708
-0.516
-0.686
-0.714
-0.56
-0.573
-0.514
-0.439
-0.575
-0.391
-0.299
-0.44
-0.576
-0.66
-0.57
-0.639
-0.74
-0.881
-0.938
-0.871
-0.976
-0.936
-1.012
-1.056
-0.98
-0.916
-0.835
-0.711
-0.571
-0.61
-0.76
-0.906
-0.811
-0.782
-0.859
-0.728
-0.818
-0.869
-0.805
-0.665
-0.62
-0.482
-0.656
-0.816
-0.774
-0.706
-0.482
-0.348
-0.459
-0.657
-0.604
-0.564
-0.586
-0.555
-0.427
