-0.235
-0.251
-0.211
-0.149
-0.176
-0.2
-0.206
-0.212
-0.292
-0.265
-0.361
-0.301
-0.23
-0.223
-0.155
-0.02
0.125
0.045
0.005
0.2
0.185
0.273
0.24
0.206
0.224
0.246
0.092
0.21
0.116
0.133
0.173
0.176
0.296
0.212
0.295
0.31
0.414
0.48
0.306
0.346
0.3
0.265
0.261
0.279
0.171
0.031
0.009
-0.02
-0.265
-0.25
-0.274
-0.266
-0.291
-0.461
-0.461
-0.411
-0.383
-0.519
-0.606
-0.58
-0.455
-0.455
-0.389
-0.48
-0.566
-0.675
-0.526
-0.733
-0.765
-0.71
-0.674
-0.649
-0.642
-0.426
-0.5
-0.63
-0.547
-0.57
-0.381
-0.361
-0.315
-0.119
-0.01
0.165
0.286
0.474
0.369
0.416
0.31
0.381
0.471
0.598
0.628
0.539
0.547
0.63
0.499
0.565
0.608
0.672
0.516
0.619
0.508
0.413
0.574
0.432
0.295
0.324
0.328
0.436
0.459
0.404
0.335
0.427
0.336
0.434
0.2
0.077
0.084
0.103
0.159
0.128
0.344
0.229
0.349
0.427
0.515
0.37
0.289
0.449
0.426
0.441
0.51
0.425
0.286
0.173
0.144
0.02
0.004
-0.083
-0.024
-0.062
-0.092
-0.126
-0.193
-0.041
-0.06
0.036
-0.133
-0.122
-0.115
-0.026
-0.111
-0.03
-0.168
-0.154
-0.216
-0.256
-0.217
-0.193
-0.316
-0.38
-0.468
-0.566
-0.579
-0.544
-0.266
-0.357
-0.445
-0.362
-0.201
-0.186
-0.212
-0.23
-0.186
-0.19
-0.283
-0.155
-0.128
-0.125
-0.03
0.074
0.08
0.125
0.198
0.088
0.245
0.145
0.299
0.375
0.379
0.495
0.471
0.649
0.685
0.799
0.724
0.78
0.811
0.809
0.76
0.647
0.775
0.791
0.754
0.794
0.647
0.589
0.415
0.38
0.366
0.516
0.291
0.29
0.33
0.319
0.249
0.146
-0.115
-0.054
-0.143
-0.138
-0.224
-0.189
-0.198
-0.318
-0.254
-0.325
-0.302
-0.445
-0.339
-0.328
-0.318
-0.565
-0.686
-0.56
-0.769
-0.776
-0.894
-0.667
-0.775
-0.624
-0.611
-0.667
-0.556
-0.586
-0.51
-0.559
-0.568
-0.432
-0.419
-0.436
-0.33
-0.226
-0.144
-0.129
-0.11
0.006
-0.043
-0.022
0.113
-0.015
-0.076
-0.003
-0.076
-0.199
0.085
-0.133
-0.139
-0.269
-0.261
-0.229
-0.273
-0.254
-0.393
-0.328
-0.195
-0.199
-0.135
-0.25
-0.163
-0.374
-0.191
-0.23
-0.224
-0.198
-0.134
-0.151
-0.235
-0.271
-0.348
-0.367
-0.236
-0.269
-0.256
-0.349
-0.314
-0.15
-0.274
-0.233
-0.269
-0.084
-0.219
-0.24
-0.255
-0.224
-0.165
-0.141
-0.175
-0.166
-0.029
-0.083
-0.107
-0.104
-0.101
-0.007
0.015
-0.114
-0.065
-0.065
0.006
0.083
0.07
0.069
-0.021
-0.025
-0.05
-0.107
0.016
-0.026
0.1
0.139
0.01
0.1
0.034
0.076
0.1
0.09
0.049
-0.092
-0.034
-0.077
0.035
-0.107
-0.098
0.03
0.086
0.104
0.058
0.134
-0.037
0.059
-0.125
-0.025
-0.124
-0.041
-0.055
-0.107
-0.03
-0.069
-0.146
-0.09
-0.122
-0.099
-0.169
-0.16
0.021
-0.088
-0.279
-0.289
-0.094
-0.15
-0.118
-0.224
-0.238
-0.254
-0.214
-0.26
-0.185
0.033
-0.106
-0.013
0.02
-0.007
0.133
0.062
0.066
0.028
0.04
-0.024
-0.069
0.001
-0.064
-0.074
-0.13
-0.09
-0.06
-0.059
0.007
0.163
0.278
0.273
0.185
0.141
0.301
0.404
0.176
0.246
0.21
0.194
0.128
0.069
0.036
0.025
0.141
-0.015
0.224
0.1
0.041
-0.01
0.083
0.115
0.175
0.225
0.249
0.214
0.266
0.216
0.158
0.113
0.189
0.173
0.019
-0.051
-0.152
-0.103
-0.208
-0.256
-0.312
-0.31
-0.254
-0.296
-0.375
-0.268
-0.323
-0.304
-0.411
-0.371
-0.3
-0.41
-0.475
-0.454
-0.328
-0.391
-0.404
-0.494
-0.537
-0.471
-0.631
-0.47
-0.491
-0.519
-0.449
-0.424
-0.448
-0.411
-0.239
-0.24
-0.321
-0.209
-0.166
-0.163
-0.113
-0.206
-0.106
0.009
0.035
-0.003
0.026
-0.029
-0.025
-0.066
-0.013
0.039
0.051
-0.018
-0.161
-0.018
-0.198
-0.164
-0.163
-0.223
-0.118
-0.184
-0.116
-0.069
-0.12
-0.089
-0.062
-0.049
0.049
-0.026
0.044
-0.113
-0.051
-0.044
-0.055
-0.116
-0.084
-0.096
-0.094
-0.095
-0.001
0.074
0.02
-0.056
0.003
-0.104
-0.216
-0.113
-0.033
-0.006
-0.003
0.021
0.025
-0.031
0.024
-0.026
0.086
0.106
0.1
0.059
0.07
0.134
0.125
0.245
0.119
0.106
0.079
0.122
0.143
0.13
0.198
0.146
0.208
0.119
0.275
0.21
0.039
0.034
0.031
0.03
-0.059
0.026
0.091
-0.016
0.011
-0.052
-0.059
-0.044
-0.084
-0.069
-0.058
-0.125
-0.092
-0.221
-0.131
-0.292
-0.283
-0.296
-0.268
-0.235
-0.336
-0.354
-0.288
-0.264
-0.174
-0.203
-0.241
-0.155
-0.19
-0.154
-0.216
-0.214
-0.134
-0.08
0.033
-0.052
-0.077
-0.092
-0.028
0.031
0.05
0.074
0.11
0.175
0.134
0.215
0.14
0.44
-0.007
0.119
0.14
0.069
0.152
0.173
0.138
0.15
0.026
0.11
0.12
0.04
-0.062
-0.139
-0.007
-0.103
0.05
-0.05
-0.104
-0.133
-0.094
-0.154
-0.119
-0.136
-0.149
-0.139
-0.122
-0.176
-0.161
0.004
-0.04
-0.036
-0.009
0.019
0.149
0.066
0.09
0.147
0.242
0.195
0.301
0.309
0.199
0.23
0.074
0.233
0.24
0.26
0.176
0.149
0.152
0.23
0.258
0.253
0.26
0.147
0.147
0.088
0.062
0.005
-0.04
-0.058
-0.091
-0.174
-0.165
-0.233
-0.113
-0.244
-0.231
-0.189
-0.189
-0.208
-0.231
-0.273
-0.307
-0.259
-0.135
-0.206
-0.146
-0.216
-0.115
-0.075
-0.019
-0.016
-0.001
0.085
0.104
0.104
0.128
0.013
0.0
0.028
0.185
0.045
0.107
0.09
0.114
0.054
-0.045
0.03
-0.05
0.056
0.006
-0.004
-0.028
-0.077
-0.06
-0.04
-0.055
0.041
0.026
0.019
0.048
0.022
0.083
-0.037
0.19
0.096
0.098
0.116
0.015
0.019
-0.019
-0.062
-0.107
-0.03
-0.109
-0.156
-0.181
-0.284
-0.155
-0.203
-0.133
-0.184
-0.239
-0.118
-0.138
-0.143
-0.164
-0.059
-0.029
-0.001
0.04
0.028
0.109
0.119
0.139
0.195
0.161
0.154
0.242
0.241
0.253
0.259
0.256
0.325
0.259
0.348
0.311
0.361
0.449
0.421
0.399
0.414
0.356
0.31
0.378
0.2
0.266
0.271
0.224
0.151
0.219
0.188
0.326
0.383
0.323
0.259
0.29
0.431
0.279
0.118
0.314
0.366
0.435
0.401
0.365
0.435
0.456
0.497
0.554
0.515
0.578
0.48
0.501
0.459
0.481
0.504
0.506
0.588
0.578
0.557
0.583
0.521
0.449
0.58
0.536
0.475
0.449
0.504
0.408
0.463
0.481
0.343
0.395
0.292
0.454
0.209
0.253
0.279
0.366
0.357
0.279
0.311
0.325
0.323
0.441
0.383
0.374
0.319
0.38
0.314
0.191
0.194
0.159
0.161
0.114
0.128
0.106
0.075
0.131
0.126
0.056
0.129
0.135
0.239
0.233
0.283
0.273
0.181
0.191
0.286
0.288
0.261
0.149
0.249
0.329
0.309
0.249
0.25
0.23
0.212
0.179
0.259
0.357
0.482
0.504
0.284
0.266
0.261
0.414
0.384
0.401
0.393
0.531
0.559
0.367
0.411
0.435
0.403
0.422
0.355
0.3
0.234
0.269
0.242
0.26
0.29
0.311
0.285
0.419
0.485
0.579
0.685
0.651
0.76
0.754
0.791
0.907
0.891
0.755
0.863
0.961
0.871
0.875
1.036
0.979
1.084
0.975
0.969
0.99
0.86
0.855
0.97
1.035
1.071
1.221
0.961
1.016
0.927
0.897
0.831
0.848
0.74
0.666
0.655
0.544
0.524
0.319
0.468
0.511
0.399
0.415
0.331
0.223
0.156
0.11
0.121
0.054
-0.05
0.077
0.156
0.28
0.268
-0.014
0.145
0.161
0.065
0.02
0.04
0.028
-0.11
-0.214
-0.309
-0.312
-0.465
-0.4
-0.379
-0.45
-0.349
-0.28
-0.244
-0.182
-0.146
-0.07
-0.099
-0.111
-0.305
-0.286
-0.185
-0.195
-0.091
-0.076
-0.118
0.005
-0.122
-0.007
0.145
0.175
0.089
0.138
0.001
-0.062
-0.026
-0.115
0.069
-0.081
0.015
-0.022
0.031
0.061
0.125
0.168
0.179
0.231
0.22
0.135
0.189
0.02
0.269
0.304
0.444
0.598
0.569
0.52
0.445
0.134
0.039
-0.081
-0.169
-0.206
-0.174
-0.141
-0.149
0.144
0.041
0.23
-0.071
-0.089
0.024
0.089
0.044
0.025
-0.111
-0.003
-0.033
-0.158
-0.131
-0.125
-0.055
-0.043
0.048
-0.034
-0.354
-0.463
-0.389
-0.436
-0.396
-0.516
-0.415
-0.341
-0.333
-0.201
-0.169
-0.129
-0.05
-0.154
-0.35
-0.134
0.077
0.024
0.182
0.156
0.121
0.107
0.147
0.071
0.034
0.03
-0.001
-0.149
-0.28
-0.249
-0.26
-0.258
-0.284
-0.138
-0.391
-0.366
-0.43
-0.391
-0.343
-0.388
-0.469
-0.444
-0.435
-0.454
-0.369
-0.306
-0.241
-0.242
-0.071
-0.007
0.021
0.065
0.031
0.139
0.092
-0.05
-0.037
0.034
-0.011
-0.165
-0.268
-0.338
-0.221
-0.235
-0.135
0.076
0.089
0.118
-0.238
0.056
0.079
0.32
0.301
0.319
0.281
0.379
0.355
0.299
0.189
0.149
0.125
0.186
0.23
0.281
0.164
0.275
0.375
0.364
0.49
0.451
0.409
0.521
0.557
0.629
0.709
0.74
0.71
0.802
0.725
0.718
0.724
0.8
0.719
0.744
0.729
0.49
0.294
0.116
0.193
0.089
-0.004
0.203
0.256
0.159
0.064
-0.109
-0.109
0.12
0.164
0.158
0.114
0.25
0.443
0.432
0.325
0.251
0.19
0.256
0.179
0.254
0.233
0.297
0.198
0.174
-0.046
-0.04
-0.25
-0.18
-0.139
-0.297
-0.258
-0.246
-0.32
-0.146
-0.147
-0.196
-0.029
-0.054
-0.044
-0.264
-0.301
-0.236
-0.119
-0.138
-0.113
-0.052
-0.041
0.114
0.239
0.326
0.307
0.375
0.552
0.399
0.292
0.196
0.251
0.208
0.128
0.125
0.19
0.27
0.43
0.438
0.381
0.263
0.35
0.326
0.316
0.291
0.278
0.339
0.221
0.29
0.031
-0.039
0.092
0.179
0.163
0.294
0.416
0.432
0.456
0.554
0.545
0.578
0.596
0.635
0.537
0.504
0.517
0.465
0.471
0.549
0.56
0.579
0.61
0.615
0.636
0.573
0.594
0.58
0.531
0.49
0.371
0.323
0.391
0.285
0.279
0.279
0.291
0.395
0.316
0.253
0.15
0.229
0.211
0.194
0.292
0.38
0.28
0.278
0.105
0.177
-0.065
-0.098
-0.069
0.022
-0.015
-0.052
0.089
0.009
0.098
0.134
-0.126
-0.065
0.058
0.02
0.126
0.164
0.184
0.284
0.364
0.454
0.426
0.371
0.362
0.55
0.474
0.441
0.364
0.265
0.228
0.217
0.225
0.331
0.378
0.345
0.33
0.321
0.487
0.451
0.439
0.434
0.334
0.299
0.226
0.134
0.106
0.163
0.325
0.156
0.15
0.321
0.174
0.147
-0.041
-0.143
-0.273
-0.386
-0.48
-0.679
-0.694
-0.624
-0.606
-0.601
-0.51
-0.422
-0.212
-0.374
-0.489
-0.406
-0.522
-0.529
-0.703
-0.606
-0.639
-0.549
-0.517
-0.43
-0.413
-0.405
-0.355
-0.276
-0.268
-0.264
-0.246
-0.194
-0.188
-0.185
-0.239
-0.244
-0.216
-0.235
-0.193
-0.306
-0.314
-0.18
-0.088
-0.171
-0.215
-0.096
-0.149
-0.061
-0.398
-0.223
-0.219
-0.171
-0.302
-0.386
-0.32
-0.431
-0.281
-0.288
-0.31
-0.224
-0.302
-0.408
-0.427
-0.352
-0.28
-0.106
-0.054
-0.018
0.089
0.09
0.323
0.511
0.562
0.63
0.771
0.618
0.63
0.631
0.609
0.84
0.723
0.681
0.685
0.651
0.585
0.537
0.635
0.596
0.55
0.578
0.554
0.634
0.446
0.618
0.635
0.556
0.475
0.741
0.537
0.599
0.741
0.812
0.946
0.854
0.874
0.806
0.746
0.682
0.801
0.876
0.828
1.026
0.875
0.705
0.636
0.608
0.6
0.555
0.534
0.414
0.421
0.33
0.454
0.131
0.289
0.426
0.234
0.19
0.166
0.216
0.129
0.065
0.096
-0.001
0.034
0.013
0.009
-0.19
-0.011
0.214
0.182
0.274
0.161
0.094
0.091
-0.221
-0.19
-0.146
-0.275
-0.2
-0.422
-0.365
-0.492
-0.426
-0.435
-0.338
-0.316
-0.463
-0.506
-0.511
-0.575
-0.629
-0.628
-0.824
-0.831
-0.64
-0.474
-0.463
-0.37
-0.251
-0.289
-0.141
-0.189
-0.334
-0.323
-0.273
-0.2
-0.245
-0.113
-0.08
0.029
-0.15
-0.039
0.034
0.048
0.071
0.171
0.124
0.101
0.019
-0.077
-0.19
-0.286
-0.27
-0.025
-0.138
-0.212
-0.111
-0.336
-0.333
-0.482
-0.59
-0.667
-0.636
-0.536
-0.5
-0.455
-0.539
-0.47
-0.393
-0.228
-0.209
-0.403
-0.214
-0.019
0.094
0.228
0.409
0.316
0.366
0.348
0.492
0.556
0.504
0.544
0.395
0.463
0.401
0.539
0.42
0.603
0.496
0.414
0.318
0.168
0.168
-0.003
-0.025
-0.126
-0.096
0.101
0.028
-0.131
-0.143
-0.255
-0.271
-0.385
-0.256
-0.529
-0.388
-0.454
-0.5
-0.594
-0.676
-0.555
-0.475
-0.359
-0.408
-0.414
-0.314
-0.191
-0.335
-0.468
-0.398
-0.552
-0.583
-0.601
-0.497
-0.598
-0.511
-0.456
-0.371
-0.242
-0.23
0.061
0.151
0.246
0.331
0.281
0.315
0.401
0.33
0.31
0.438
0.411
0.471
0.556
0.551
0.466
0.515
0.41
0.409
0.301
0.473
0.414
0.333
0.217
0.306
0.136
0.199
0.03
0.033
0.092
0.151
0.115
-0.07
-0.113
-0.271
-0.288
-0.31
-0.19
-0.372
-0.208
-0.152
-0.253
-0.177
-0.16
-0.094
-0.099
-0.125
-0.118
-0.054
-0.048
-0.033
0.084
0.15
0.045
-0.019
-0.139
-0.203
-0.198
-0.251
-0.076
-0.062
-0.206
-0.225
-0.265
-0.273
-0.496
-0.562
-0.619
-0.709
-0.825
-0.836
-0.777
-0.696
-0.713
-0.593
-0.764
-0.662
-0.537
-0.512
-0.424
-0.49
-0.431
-0.374
-0.336
-0.186
0.021
0.17
0.249
0.264
0.126
0.286
0.43
0.431
0.536
0.328
0.372
0.374
0.445
0.427
0.376
0.496
0.509
0.487
0.481
0.458
0.385
0.306
0.285
0.19
0.039
0.007
0.022
0.049
-0.128
-0.081
-0.177
-0.286
-0.231
-0.45
-0.453
-0.099
-0.214
-0.072
-0.074
0.031
-0.13
-0.14
-0.066
-0.113
-0.155
-0.241
-0.074
0.062
-0.14
-0.039
-0.131
-0.15
-0.01
-0.074
-0.215
-0.219
-0.297
-0.281
-0.205
-0.307
-0.386
-0.367
-0.321
-0.345
-0.321
-0.205
-0.375
-0.366
-0.269
-0.245
-0.116
-0.16
-0.004
-0.079
-0.096
-0.253
-0.352
-0.416
-0.306
-0.215
-0.135
0.031
0.104
0.184
0.151
0.201
0.223
0.247
0.066
0.089
0.026
-0.043
-0.084
-0.03
-0.081
0.009
0.006
0.094
0.103
0.084
0.092
0.052
0.133
0.118
0.021
-0.115
-0.029
0.158
0.201
0.225
0.131
0.258
0.294
0.378
0.378
0.492
0.438
0.199
0.101
0.013
-0.029
0.031
0.214
0.32
0.281
0.404
0.381
0.079
-0.043
-0.176
-0.24
-0.223
-0.241
-0.191
-0.191
-0.263
-0.225
-0.152
-0.152
0.03
-0.077
-0.154
-0.103
-0.195
-0.074
-0.089
-0.166
-0.149
-0.166
-0.114
-0.196
-0.13
-0.04
-0.088
-0.145
-0.156
-0.149
0.089
-0.135
0.04
-0.086
-0.194
-0.336
-0.434
-0.375
-0.321
-0.236
-0.294
-0.206
-0.201
-0.26
-0.016
-0.004
0.094
-0.007
-0.033
0.065
0.16
0.107
0.065
-0.116
-0.081
-0.058
-0.091
-0.12
-0.286
-0.295
-0.217
-0.215
-0.174
-0.23
-0.099
-0.188
-0.235
-0.182
-0.199
-0.003
-0.159
0.005
-0.004
0.004
0.099
0.11
0.208
0.203
0.143
0.1
-0.071
-0.116
-0.166
-0.169
-0.194
-0.256
-0.221
-0.208
-0.22
-0.198
-0.154
-0.32
-0.37
-0.453
-0.22
-0.128
-0.124
-0.043
0.029
0.039
0.31
0.201
0.168
0.247
0.212
0.25
0.296
0.276
0.224
0.422
0.503
0.315
0.269
0.279
0.26
0.244
0.301
0.284
0.381
0.29
0.022
0.037
-0.17
-0.114
-0.075
-0.018
-0.006
-0.099
0.041
0.075
-0.079
0.11
-0.121
-0.159
0.007
-0.054
-0.1
-0.224
-0.147
-0.126
-0.136
-0.015
0.037
0.163
-0.058
0.083
-0.009
0.106
-0.009
-0.077
-0.08
-0.069
0.033
0.086
-0.133
-0.255
-0.366
-0.323
-0.471
-0.593
-0.585
-0.754
-0.761
-0.848
-0.9
-0.945
-0.895
-0.926
-0.844
-0.682
-0.651
-0.654
-0.56
-0.44
-0.474
-0.302
-0.214
-0.158
-0.259
-0.161
0.101
-0.059
-0.205
-0.4
-0.38
-0.294
-0.196
-0.302
-0.238
-0.118
-0.109
-0.269
-0.253
-0.059
-0.041
-0.2
-0.037
-0.198
0.005
0.224
0.058
0.046
0.033
-0.069
0.058
0.051
-0.037
-0.094
-0.056
-0.009
0.054
-0.033
0.264
0.165
0.164
0.188
0.231
0.13
0.203
0.225
0.033
-0.018
0.048
0.19
0.095
0.124
0.037
0.184
0.1
0.062
0.151
-0.028
-0.019
-0.176
-0.312
-0.45
-0.394
-0.256
-0.346
-0.217
-0.176
-0.278
-0.165
-0.074
0.005
0.061
-0.072
-0.046
-0.025
-0.107
0.02
0.092
0.169
0.338
0.188
0.26
0.118
0.035
0.054
-0.105
-0.089
-0.228
-0.233
-0.186
-0.184
-0.355
-0.311
-0.364
-0.378
-0.349
-0.404
-0.352
-0.404
-0.2
-0.366
-0.22
-0.309
-0.215
-0.072
-0.141
-0.004
-0.084
-0.045
0.014
-0.046
-0.075
-0.015
0.109
0.071
0.075
0.134
0.278
0.238
0.31
0.367
0.33
0.323
0.372
0.525
0.306
0.43
0.415
0.364
0.429
0.496
0.531
0.425
0.236
0.173
0.23
0.292
0.295
0.419
0.403
0.311
0.333
0.35
0.589
0.618
0.79
0.838
0.846
0.756
0.723
0.776
0.954
1.073
1.054
1.254
1.204
0.876
1.093
0.869
1.0
1.059
1.085
1.1
1.044
1.07
1.292
1.195
1.086
1.107
1.084
1.183
1.2
1.157
0.978
1.179
0.96
1.049
1.004
1.18
1.376
1.363
1.377
1.311
1.121
1.117
1.024
0.989
0.935
0.93
0.956
0.703
0.74
0.738
0.738
0.85
1.026
1.248
1.129
1.085
1.141
0.943
1.374
1.219
1.184
1.296
1.32
1.377
1.345
0.925
0.916
0.921
0.932
1.031
1.052
1.091
1.081
1.106
1.244
1.355
1.424
1.374
1.351
1.299
1.181
1.265
1.301
1.35
1.086
1.135
1.046
0.901
0.91
0.74
0.743
0.915
1.055
1.278
1.179
1.443
1.309
1.186
1.012
1.127
1.064
1.052
0.988
1.039
1.022
0.909
0.888
0.958
0.98
0.975
0.756
0.674
0.83
0.787
0.689
0.644
0.684
0.645
0.484
0.324
0.149
0.174
0.294
0.443
0.479
0.378
0.378
0.371
0.606
0.395
0.434
0.241
0.459
0.674
0.703
0.708
0.59
0.539
0.487
0.547
0.372
0.44
0.331
0.205
0.06
0.02
0.089
-0.052
-0.176
-0.357
-0.384
-0.292
-0.226
-0.244
-0.21
-0.29
-0.214
-0.424
-0.278
-0.181
-0.315
-0.35
-0.478
-0.506
-0.568
-0.566
-0.52
-0.621
-0.797
-0.721
-0.474
-0.713
-0.443
-0.559
-0.448
-0.41
-0.384
-0.12
0.084
0.246
-0.044
0.122
0.122
0.193
0.259
0.329
0.4
0.451
0.294
0.152
0.217
0.212
0.307
0.557
0.481
0.715
0.695
0.559
0.593
0.343
0.453
0.464
0.649
0.655
0.527
0.439
0.388
0.406
0.214
0.203
0.12
0.033
0.088
0.242
0.249
0.188
-0.06
0.07
0.173
0.035
-0.013
-0.074
0.01
0.135
-0.088
-0.184
-0.164
-0.427
-0.35
-0.144
-0.024
-0.028
-0.223
-0.21
-0.311
-0.356
-0.381
-0.421
-0.499
-0.6
-0.56
-0.623
-0.525
-0.555
-0.529
-0.383
-0.265
-0.451
-0.482
-0.555
-0.619
-0.741
-0.639
-0.738
-0.589
-0.486
-0.604
-0.497
-0.599
-0.569
-0.594
-0.521
-0.346
-0.39
-0.188
-0.209
0.003
0.121
0.077
0.258
0.304
0.561
0.38
0.58
0.615
0.571
0.464
0.219
0.531
0.609
0.667
0.541
0.579
0.367
0.381
0.261
0.349
0.49
0.455
0.304
0.314
0.328
0.19
0.205
0.339
0.334
0.241
0.121
0.16
0.174
0.138
0.253
0.145
0.261
0.291
0.369
0.286
0.318
0.228
0.401
0.487
0.465
0.611
0.404
0.45
0.446
0.343
0.23
0.189
0.216
0.08
0.253
0.288
0.396
0.471
0.301
0.345
0.169
0.022
0.156
0.106
0.074
0.085
-0.083
-0.136
-0.096
0.028
0.064
0.13
0.165
0.079
0.075
0.206
-0.036
-0.244
-0.084
-0.069
-0.194
-0.179
-0.33
-0.411
-0.425
-0.495
-0.544
-0.546
-0.468
-0.403
-0.455
-0.464
-0.394
-0.44
-0.464
-0.485
-0.182
-0.01
0.175
0.264
0.333
0.349
0.351
0.505
0.403
0.465
0.484
0.719
0.509
0.49
0.503
0.591
0.525
0.478
0.506
0.485
0.564
0.424
0.174
0.07
0.05
-0.09
-0.033
-0.241
-0.242
-0.165
-0.134
-0.06
0.004
0.048
0.054
-0.054
-0.201
-0.251
-0.307
-0.217
-0.062
0.098
0.265
0.378
0.307
0.416
0.535
0.338
0.589
0.598
0.72
0.552
0.52
0.481
0.395
0.231
0.196
0.217
0.133
0.064
-0.07
-0.05
-0.193
-0.071
0.043
-0.072
0.021
-0.091
0.079
-0.028
-0.191
-0.089
-0.072
-0.126
-0.12
-0.065
-0.084
-0.138
-0.16
-0.164
-0.104
-0.333
-0.399
-0.205
-0.375
-0.435
-0.579
-0.611
-0.554
-0.544
-0.59
-0.733
-0.809
-0.905
-0.749
-0.615
-0.63
-0.63
-0.499
-0.444
-0.497
-0.496
-0.421
-0.305
-0.294
-0.069
0.026
0.091
0.405
0.376
0.315
0.096
-0.075
-0.072
-0.225
-0.29
-0.206
-0.338
-0.034
-0.107
-0.138
-0.152
-0.066
-0.122
-0.177
-0.085
-0.188
-0.161
-0.138
-0.046
-0.03
0.161
0.23
0.171
0.094
0.096
0.084
0.169
0.013
0.072
0.083
0.235
0.088
0.037
0.095
-0.014
0.014
-0.221
-0.416
-0.343
-0.544
-0.52
-0.636
-0.776
-0.721
-0.86
-0.823
-0.75
-0.721
-0.771
-0.576
-0.723
-0.583
-0.487
-0.609
-0.561
-0.694
-0.829
-0.784
-0.721
-0.812
-0.78
-0.645
-0.74
-0.768
-0.919
-0.959
-1.194
-1.286
-1.213
-1.17
-1.165
-1.185
-0.951
-1.052
-1.2
-1.126
-0.955
-0.92
-0.82
-1.085
-1.085
-1.09
-0.84
-0.985
-0.79
-0.728
-0.706
-0.664
-0.59
-0.728
-0.682
-0.588
-0.561
-0.403
-0.35
-0.286
-0.177
-0.022
0.119
0.226
0.206
0.285
0.318
0.354
0.646
0.761
0.754
0.845
0.945
0.929
0.968
0.912
0.955
0.848
0.829
0.815
0.809
0.754
0.57
0.557
0.656
0.568
0.681
0.409
0.417
0.355
0.269
0.301
0.151
0.109
0.152
0.029
-0.031
-0.089
-0.031
-0.151
-0.238
-0.203
-0.195
-0.443
-0.62
-0.756
-0.659
-0.816
-0.961
-0.921
-0.902
-0.959
-1.019
-1.085
-0.999
-0.938
-0.935
-0.894
-0.861
-0.776
-0.599
-0.644
-0.843
-0.831
-0.921
-0.818
-0.741
-0.799
-0.838
-0.729
-0.674
-0.583
-0.611
-0.736
-0.764
-0.791
-0.704
-0.914
-0.856
-0.743
-0.861
-0.775
-0.723
-0.705
-0.66
-0.456
-0.42
-0.292
-0.311
-0.193
-0.23
-0.311
-0.314
-0.439
-0.246
-0.285
-0.217
-0.004
0.071
-0.021
0.041
0.025
0.107
0.039
0.136
0.186
0.216
0.312
0.346
0.307
0.27
0.316
0.249
0.103
0.193
0.118
0.194
0.258
0.26
0.095
-0.007
-0.088
-0.175
-0.174
-0.225
-0.155
-0.214
-0.18
-0.333
-0.357
-0.294
-0.276
-0.238
-0.25
-0.339
-0.519
-0.655
-0.766
-0.819
-0.98
-1.01
-1.018
-0.943
-0.94
-0.956
-0.756
-0.78
-0.821
-0.876
-0.726
-0.79
-0.674
-0.554
-0.545
-0.536
-0.466
-0.664
-0.51
-0.395
-0.357
-0.19
-0.299
0.021
0.052
0.2
0.182
0.254
0.316
0.409
0.355
0.411
0.38
0.336
0.338
0.274
0.279
0.413
0.304
0.263
0.27
0.311
0.278
0.356
0.292
0.339
0.394
0.367
0.315
0.265
0.103
0.2
0.296
0.408
0.366
0.439
0.439
0.489
0.568
0.459
0.52
0.383
0.531
0.389
0.333
0.302
0.259
0.27
0.163
0.075
0.119
-0.039
0.028
0.121
-0.02
0.099
0.14
0.094
0.196
0.205
0.236
0.214
0.241
0.281
0.297
0.184
0.1
0.2
-0.011
-0.126
-0.196
-0.29
-0.185
-0.101
-0.12
-0.085
-0.092
0.058
0.105
0.036
0.174
0.173
0.274
0.299
0.291
0.454
0.405
0.312
0.453
0.479
0.496
0.521
0.541
0.586
0.547
0.676
0.564
0.53
0.555
0.633
0.604
0.763
0.794
0.771
0.684
0.66
0.56
0.594
0.772
0.754
0.621
0.633
0.611
0.542
0.559
0.549
0.517
0.74
0.672
0.66
0.745
0.83
0.825
0.711
0.656
0.695
0.741
0.596
0.651
0.642
0.405
0.239
0.271
0.215
0.088
0.02
-0.217
-0.206
-0.305
-0.311
-0.351
-0.355
-0.199
-0.041
0.049
0.095
0.224
0.244
0.26
0.305
0.288
0.244
0.381
0.486
0.352
0.318
0.253
0.15
0.099
0.11
0.128
0.014
0.134
0.084
0.044
0.088
0.009
0.126
0.04
-0.069
0.188
0.169
0.344
0.268
0.33
0.445
0.304
0.188
0.188
0.143
-0.034
0.022
0.007
-0.009
0.044
0.056
0.083
-0.074
0.041
-0.045
-0.206
-0.169
-0.115
-0.126
-0.015
-0.089
-0.113
0.02
0.122
0.115
0.026
0.075
0.131
0.211
0.276
0.266
0.225
0.169
0.122
0.043
0.049
0.001
0.069
-0.072
-0.015
0.013
-0.219
-0.049
-0.21
-0.376
-0.468
-0.584
-0.576
-0.571
-0.48
-0.55
-0.44
-0.431
-0.339
-0.411
-0.506
-0.591
-0.591
-0.445
-0.446
-0.351
-0.539
-0.455
-0.374
-0.4
-0.314
-0.146
-0.211
-0.181
-0.054
-0.035
-0.031
-0.043
-0.109
0.003
0.004
-0.05
-0.054
0.039
-0.12
-0.04
-0.033
-0.18
-0.156
-0.31
-0.421
-0.438
-0.309
-0.415
-0.515
-0.514
-0.511
-0.203
-0.352
-0.286
-0.296
-0.38
-0.307
-0.228
-0.145
-0.259
-0.224
-0.226
-0.014
0.024
0.02
0.021
0.188
0.076
0.05
-0.022
0.077
0.155
0.077
-0.152
0.05
0.058
0.026
0.076
0.034
0.175
0.059
0.103
0.21
0.064
0.215
0.393
0.225
0.155
0.145
0.019
0.066
0.062
0.01
-0.074
-0.113
-0.406
-0.261
-0.254
-0.234
-0.318
-0.403
-0.211
-0.47
-0.81
-0.536
-0.446
-0.426
-0.379
-0.299
-0.271
-0.208
-0.228
-0.246
-0.135
-0.131
-0.163
-0.191
-0.285
-0.196
-0.147
-0.169
-0.154
-0.147
-0.246
-0.297
-0.302
-0.325
-0.107
-0.101
-0.076
-0.253
-0.388
-0.348
-0.451
-0.14
-0.136
0.004
0.051
0.2
0.128
0.07
0.031
-0.085
0.064
-0.056
0.041
0.02
0.066
0.194
0.156
0.114
0.135
0.034
0.03
0.131
0.268
0.107
0.186
0.31
0.159
0.246
0.331
0.396
0.329
0.39
0.606
0.772
0.763
0.814
0.758
0.889
0.821
0.859
0.946
0.943
1.085
0.866
0.897
0.936
0.945
0.912
1.0
1.206
1.163
1.134
1.058
1.117
1.154
1.288
1.279
1.346
1.401
1.203
1.06
1.134
1.193
1.289
1.29
1.111
1.105
1.006
1.051
0.98
1.044
1.189
1.225
1.129
1.015
1.164
1.096
1.099
1.215
1.073
1.206
1.234
1.201
1.019
1.01
0.932
0.797
0.76
0.78
0.796
0.759
0.794
0.93
0.911
0.897
1.002
1.04
1.096
1.159
1.005
0.961
1.085
1.029
0.99
1.045
1.064
1.113
1.208
1.14
1.255
1.331
1.299
1.569
1.532
1.397
1.312
1.236
1.344
1.211
1.0
1.009
1.116
1.193
1.11
1.224
1.139
1.125
1.016
0.912
0.989
0.916
0.9
0.959
0.894
0.864
0.782
0.823
0.574
0.443
0.417
0.334
0.297
0.328
0.036
-0.015
0.062
0.081
0.259
0.393
0.194
0.084
-0.024
0.119
0.016
-0.024
0.074
0.165
0.286
0.435
0.43
0.544
0.505
0.631
0.516
0.655
0.562
0.584
0.618
0.946
0.944
0.796
0.811
0.713
0.71
0.723
0.925
1.025
0.948
1.194
1.126
1.193
1.039
0.922
0.826
0.97
1.165
1.268
1.36
1.366
1.552
1.371
1.371
1.514
1.232
1.218
1.188
1.199
1.246
1.073
1.086
0.802
1.061
0.871
0.999
1.139
0.921
1.03
0.825
0.75
0.835
0.9
0.949
0.964
1.011
1.139
0.964
0.979
1.05
1.28
1.2
1.365
1.229
1.136
1.215
1.147
1.029
1.208
1.001
1.054
0.985
0.874
0.729
0.589
0.568
0.451
0.139
0.058
-0.048
-0.221
-0.156
-0.22
-0.155
-0.044
-0.329
-0.231
-0.199
-0.242
-0.273
-0.283
-0.158
-0.333
-0.491
-0.484
-0.503
-0.431
-0.369
-0.43
-0.371
-0.449
-0.26
-0.539
-0.656
-0.739
-0.82
-0.985
-0.629
-0.866
-0.969
-0.615
-0.864
-0.969
-0.804
-0.564
-0.434
-0.506
-0.5
-0.636
-0.682
-0.503
-0.455
-0.359
-0.301
-0.315
-0.361
-0.18
-0.331
-0.176
-0.036
-0.106
-0.085
-0.189
-0.379
-0.446
-0.494
-0.359
-0.384
-0.44
-0.311
-0.291
-0.28
-0.24
-0.09
-0.241
-0.352
-0.258
-0.39
-0.474
-0.44
-0.446
-0.37
-0.312
-0.247
-0.307
-0.339
-0.37
-0.42
-0.436
-0.655
-0.466
-0.739
-0.676
-0.492
-0.228
-0.092
0.171
0.211
0.398
0.408
0.223
0.394
0.391
0.455
0.589
0.676
0.746
0.764
0.694
0.703
0.696
0.573
0.366
0.35
0.369
0.384
0.23
0.139
-0.029
-0.013
-0.236
-0.13
-0.203
-0.154
-0.029
-0.001
0.179
0.209
0.116
0.146
-0.076
0.056
-0.225
-0.21
-0.325
-0.27
-0.38
-0.35
-0.393
-0.421
-0.344
-0.444
-0.36
-0.329
-0.22
-0.149
-0.411
-0.356
-0.365
-0.184
-0.133
-0.081
0.02
0.044
-0.131
-0.242
-0.245
-0.314
-0.126
-0.048
0.045
0.013
-0.1
0.037
-0.001
0.081
0.242
0.105
-0.01
0.145
-0.105
-0.196
-0.05
-0.051
0.061
0.024
0.086
-0.094
-0.051
-0.13
-0.141
-0.109
-0.254
-0.438
-0.409
-0.481
-0.559
-0.666
-0.618
-0.688
-0.379
-0.644
-0.644
-0.726
-0.6
-0.51
-0.578
-0.53
-0.611
-0.65
-0.743
-0.676
-0.919
-0.915
-0.876
-0.886
-0.76
-0.796
-0.792
-0.726
-0.551
-0.434
-0.479
-0.57
-0.848
-0.776
-0.741
-0.81
-0.859
-0.939
-1.011
-1.14
-1.091
-1.062
-0.911
-0.931
-0.873
-0.838
-0.716
-0.547
-0.463
-0.557
-0.621
-0.604
-0.609
-0.542
-0.625
-0.6
-0.633
-0.62
-0.415
-0.642
-0.667
-0.644
-0.562
-0.453
-0.52
-0.581
-0.595
-0.549
-0.45
-0.526
-0.514
-0.552
-0.57
-0.6
-0.666
-0.589
-0.441
-0.395
-0.458
-0.635
-0.659
-0.585
-0.516
-0.443
-0.241
-0.081
0.085
0.208
0.228
0.312
0.176
0.041
-0.021
-0.147
-0.17
-0.212
-0.151
-0.074
-0.266
-0.376
-0.552
-0.432
-0.445
-0.706
-0.685
-0.562
-0.45
-0.499
-0.169
-0.369
-0.271
-0.256
-0.307
-0.319
-0.306
-0.366
-0.259
-0.268
-0.144
-0.052
-0.094
-0.08
-0.141
-0.056
-0.18
0.061
-0.12
-0.041
-0.007
0.069
0.246
0.268
0.21
0.214
0.144
0.059
-0.003
-0.099
-0.21
-0.258
-0.095
-0.061
0.125
0.08
-0.15
-0.245
-0.018
0.084
0.021
0.01
-0.147
0.091
0.014
-0.159
-0.094
-0.139
-0.191
-0.129
0.029
-0.173
-0.089
-0.206
-0.155
-0.048
-0.261
-0.297
-0.348
-0.349
-0.414
-0.346
-0.376
-0.289
-0.233
-0.284
-0.239
-0.281
-0.128
-0.035
0.035
-0.041
-0.004
-0.109
-0.075
-0.056
-0.081
0.059
0.048
0.037
0.094
0.122
0.134
0.37
0.529
0.698
0.639
0.521
0.539
0.348
0.385
0.224
0.121
0.149
0.105
0.085
0.13
0.246
0.199
0.13
0.389
0.069
0.294
0.235
0.21
0.19
0.086
0.085
0.144
0.224
0.258
0.059
0.08
0.134
0.235
0.066
-0.099
-0.033
-0.039
-0.144
-0.191
-0.203
-0.071
0.004
-0.088
-0.134
-0.265
-0.461
-0.459
-0.585
-0.693
-0.71
-0.636
-0.726
-0.811
-0.756
-0.859
-0.855
-0.844
-0.805
-0.7
-0.497
-0.556
-0.414
-0.514
-0.463
-0.44
-0.59
-0.42
-0.463
-0.189
-0.464
-0.266
-0.281
-0.116
-0.179
-0.301
-0.245
-0.384
-0.258
-0.182
-0.333
-0.138
-0.166
-0.122
-0.246
-0.386
-0.159
-0.128
-0.134
-0.054
-0.055
-0.12
-0.219
-0.276
-0.388
-0.299
-0.285
-0.209
-0.226
-0.359
-0.286
-0.111
0.0
-0.029
-0.014
-0.086
-0.088
-0.061
0.043
-0.119
-0.005
-0.226
-0.069
-0.161
-0.138
-0.194
-0.239
-0.196
-0.169
-0.076
-0.221
-0.22
-0.214
-0.1
-0.316
-0.527
-0.624
-0.625
-0.367
-0.369
-0.62
-0.662
-0.594
-0.549
-0.496
-0.4
-0.361
-0.361
-0.478
-0.352
-0.429
-0.355
-0.145
0.003
-0.009
-0.029
-0.028
-0.055
-0.376
-0.51
-0.364
-0.425
-0.271
-0.366
-0.415
-0.29
-0.245
-0.107
-0.066
0.088
0.182
0.155
0.025
-0.103
-0.065
-0.166
-0.031
0.13
-0.158
-0.191
-0.451
-0.333
-0.404
-0.469
-0.409
-0.404
-0.339
-0.319
-0.448
-0.512
-0.562
-0.651
-0.531
-0.365
-0.349
-0.288
-0.165
-0.155
-0.345
-0.166
-0.186
-0.195
-0.309
-0.131
-0.409
-0.24
-0.164
-0.236
-0.065
-0.304
-0.352
-0.451
-0.415
-0.325
-0.231
-0.22
-0.193
-0.306
-0.224
-0.361
-0.405
-0.426
-0.422
-0.383
-0.325
-0.361
-0.312
-0.304
-0.474
-0.271
-0.356
-0.23
-0.064
-0.02
-0.075
0.109
0.039
-0.052
-0.031
-0.021
0.046
0.043
-0.077
-0.064
-0.104
-0.06
-0.206
0.043
-0.316
-0.43
-0.401
-0.446
-0.271
-0.249
-0.086
-0.13
-0.163
-0.051
0.129
0.04
-0.034
-0.185
-0.184
-0.141
-0.173
-0.434
-0.48
-0.364
-0.314
-0.406
-0.395
-0.43
-0.31
-0.164
-0.189
-0.196
-0.211
-0.152
-0.367
-0.158
-0.239
-0.223
-0.212
-0.139
0.033
-0.104
0.072
0.107
0.133
0.091
0.091
0.201
0.296
0.241
0.208
0.212
0.138
0.209
0.251
0.198
0.234
0.42
0.514
0.455
0.552
0.789
0.89
0.969
1.01
0.932
0.73
0.779
0.925
0.858
0.906
0.886
1.039
0.948
0.94
0.94
0.951
0.876
0.895
0.858
0.575
0.446
0.314
0.216
0.054
0.168
0.009
0.146
-0.021
0.054
-0.036
0.07
0.136
0.115
-0.024
0.077
0.062
0.062
0.077
0.006
-0.05
0.013
0.046
0.071
0.084
-0.006
0.056
-0.024
0.041
-0.106
-0.15
-0.231
-0.379
-0.49
-0.329
-0.283
-0.215
-0.251
-0.135
-0.318
-0.456
-0.341
-0.346
-0.264
-0.305
-0.226
-0.247
-0.198
-0.116
-0.201
-0.15
-0.029
0.095
0.15
-0.026
0.029
-0.126
-0.203
-0.255
-0.247
-0.369
-0.4
-0.484
-0.398
-0.559
-0.485
-0.63
-0.297
-0.105
-0.214
-0.149
-0.2
-0.269
-0.096
-0.064
-0.077
-0.128
-0.02
0.105
0.145
0.06
-0.015
0.126
0.105
0.379
0.149
0.346
0.334
0.385
0.458
0.29
0.44
0.549
0.465
0.591
0.585
0.62
0.503
0.62
0.585
0.709
0.738
0.624
0.733
0.744
0.835
0.734
0.849
0.72
0.968
0.974
1.101
1.097
1.282
1.556
1.34
1.463
1.54
1.579
1.425
1.488
1.405
1.565
1.481
1.591
1.781
1.772
1.705
1.586
1.627
1.774
1.985
2.124
2.076
2.439
2.458
2.594
2.444
2.594
2.683
2.659
2.8
2.676
2.944
2.917
2.874
3.014
3.111
3.258
3.36
3.24
3.308
3.296
3.226
2.919
2.991
2.849
2.922
3.05
2.921
2.809
2.739
2.574
2.652
2.757
2.598
2.611
2.616
2.6
2.615
2.615
2.724
2.5
2.573
2.615
2.889
2.486
2.336
2.429
2.469
2.419
2.438
2.611
2.618
2.415
2.7
2.634
2.603
2.59
2.801
2.732
2.721
2.688
2.389
2.411
2.087
1.857
1.677
1.796
1.939
1.425
1.44
1.26
1.282
0.984
1.344
1.056
1.214
1.022
1.27
1.424
1.318
1.463
1.338
1.471
1.28
1.184
0.955
0.755
0.681
0.349
0.503
0.59
0.416
0.36
0.294
0.292
0.159
0.422
0.188
0.114
0.124
-0.066
0.206
0.195
0.44
0.174
0.039
-0.116
-0.168
-0.265
-0.355
-0.585
-0.73
-0.801
-0.795
-0.745
-0.924
-0.921
-0.973
-1.099
-1.399
-1.385
-1.444
-1.631
-1.626
-1.897
-1.73
-1.629
-1.624
-1.576
-1.489
-1.272
-1.375
-1.179
-1.501
-1.449
-1.204
-1.175
-1.079
-0.974
-0.761
-0.836
-0.843
-0.746
-0.679
-0.611
-0.458
-0.386
-0.128
-0.295
-0.2
-0.286
-0.199
-0.333
-0.334
-0.434
-0.603
-0.453
-0.5
-0.519
-0.616
-0.591
-0.619
-0.654
-0.711
-0.657
-0.736
-1.028
-1.429
-1.399
-1.585
-1.495
-1.491
-1.844
-1.731
-1.769
-1.561
-1.37
-1.369
-1.334
-1.341
-1.472
-1.292
-1.279
-1.339
-1.384
-1.289
-1.176
-0.984
-0.799
-1.034
-0.868
-0.864
-0.73
-0.787
-0.81
-0.922
-1.029
-1.234
-1.176
-1.409
-1.272
-1.203
-1.109
-1.245
-1.012
-1.019
-1.012
-0.766
-0.809
-0.98
-0.909
-0.978
-0.787
-0.739
-0.638
-0.453
-0.588
-0.646
-0.897
-0.819
-0.772
-0.801
-0.78
-0.606
-0.796
-0.78
-0.839
-0.861
-0.824
-0.731
-0.919
-0.922
-1.001
-1.15
-1.3
-1.42
-1.264
-1.076
-1.106
-1.104
-1.26
-0.981
-1.206
-1.201
-1.252
-1.229
-1.176
-1.271
-1.323
-1.268
-1.347
-1.536
-1.453
-1.594
-1.576
-1.355
-1.196
-1.159
-1.244
-1.17
-0.938
-0.736
-0.679
-0.469
-0.444
-0.333
-0.42
-0.413
-0.571
-0.64
-0.74
-0.777
-0.75
-0.644
-0.786
-0.92
-0.818
-0.785
-0.814
-0.824
-0.795
-0.816
-0.729
-0.786
-0.716
-0.584
-0.469
-0.389
-0.54
-0.284
-0.263
-0.085
-0.212
-0.158
-0.319
-0.44
-0.199
-0.099
-0.091
0.062
0.056
0.077
0.173
0.022
-0.025
0.209
0.176
0.349
0.138
0.289
0.211
0.2
0.269
0.199
0.286
0.265
0.163
0.165
-0.037
-0.092
-0.189
-0.247
-0.325
-0.43
-0.414
-0.249
-0.25
-0.175
-0.014
-0.031
0.208
0.348
0.455
0.419
0.466
0.396
0.221
0.122
0.264
0.434
0.369
0.135
0.295
0.247
0.378
0.514
0.398
0.367
0.421
0.532
0.398
0.534
0.583
0.669
0.738
0.593
0.536
0.529
0.503
0.659
0.708
0.666
0.644
0.649
0.631
0.486
0.629
0.595
0.561
0.556
0.604
0.426
0.329
0.254
0.035
-0.144
-0.323
-0.525
-0.496
-0.489
-0.438
-0.454
-0.494
-0.465
-0.43
-0.279
-0.375
-0.295
-0.235
-0.265
-0.269
-0.168
0.011
0.064
0.215
0.474
0.586
0.705
0.585
0.621
0.522
0.566
0.515
0.547
0.589
0.76
0.841
0.797
0.91
0.792
0.691
0.525
0.626
0.53
0.521
0.415
0.536
0.564
0.471
0.497
0.29
0.406
0.284
0.143
0.125
0.099
0.14
0.18
0.309
0.29
0.256
0.217
0.182
0.146
0.14
0.004
-0.219
-0.329
-0.184
-0.35
-0.269
-0.258
-0.139
0.028
0.044
0.066
0.066
0.048
0.005
0.115
0.312
0.318
0.344
0.25
0.289
0.409
0.315
0.199
0.04
-0.011
0.052
-0.059
-0.13
-0.06
-0.051
0.203
0.103
0.195
0.216
0.289
0.391
0.389
0.239
0.449
0.324
0.045
0.115
0.056
-0.098
0.071
0.074
-0.04
-0.138
-0.122
-0.016
-0.14
-0.174
-0.323
-0.514
-0.568
-0.557
-0.343
-0.499
-0.386
-0.32
-0.201
-0.013
0.003
-0.092
-0.054
0.019
0.13
0.084
0.223
0.236
0.306
0.121
0.094
-0.024
0.077
0.05
-0.024
0.155
0.324
0.188
0.209
0.119
0.116
-0.03
-0.231
-0.18
-0.164
-0.341
-0.295
-0.315
-0.464
-0.444
-0.352
-0.229
-0.295
-0.147
-0.028
-0.066
-0.404
-0.469
-0.542
-0.354
-0.134
-0.048
0.211
0.206
0.261
0.193
0.129
0.086
0.022
-0.031
-0.161
-0.291
-0.181
-0.061
-0.109
-0.294
-0.228
-0.304
-0.263
-0.366
-0.501
-0.59
-0.525
-0.188
-0.194
-0.109
0.045
-0.094
-0.126
-0.1
-0.193
-0.168
-0.092
-0.226
-0.497
-0.52
-0.372
-0.46
-0.453
-0.417
-0.225
-0.3
-0.291
-0.284
-0.481
-0.398
-0.239
-0.061
-0.045
-0.089
-0.043
-0.15
-0.345
-0.51
-0.379
-0.103
-0.181
0.048
-0.036
-0.03
0.083
-0.065
-0.109
-0.221
-0.149
-0.233
-0.324
-0.394
-0.241
-0.281
-0.065
-0.161
-0.085
-0.203
-0.175
-0.318
-0.338
-0.271
-0.273
-0.323
-0.331
-0.53
-0.491
-0.315
-0.339
-0.299
-0.26
-0.238
-0.443
-0.301
-0.421
-0.406
-0.341
-0.295
-0.278
-0.297
-0.278
-0.371
-0.159
0.044
0.094
0.01
-0.091
-0.011
-0.044
-0.221
-0.217
-0.253
-0.22
-0.441
-0.301
-0.417
-0.436
-0.445
-0.385
-0.233
-0.328
-0.215
-0.312
-0.3
-0.499
-0.641
-0.581
-0.557
-0.443
-0.474
-0.364
-0.511
-0.6
-0.733
-0.802
-0.682
-0.665
-0.761
-0.868
-0.873
-0.705
-0.879
-0.89
-0.93
-1.054
-0.931
-0.828
-0.73
-0.505
-0.47
-0.278
-0.529
-0.411
-0.39
-0.49
-0.463
-0.574
-0.37
-0.395
-0.409
-0.372
-0.345
-0.355
-0.324
-0.324
-0.355
-0.439
-0.446
-0.274
-0.17
-0.075
-0.19
-0.018
0.105
-0.045
0.05
0.217
0.184
0.295
0.173
0.168
0.255
0.311
0.126
0.266
0.255
0.229
0.2
0.223
0.033
0.168
0.275
0.316
0.378
0.49
0.302
0.394
0.451
0.13
0.147
0.075
0.036
0.011
0.0
0.048
0.12
0.109
0.08
0.133
0.064
-0.089
0.005
0.045
-0.061
-0.189
-0.084
-0.122
-0.138
-0.188
-0.051
-0.236
-0.359
-0.198
