-0.56
-0.799
-0.859
-0.849
-0.621
-0.448
-0.346
-0.36
-0.273
-0.394
-0.536
-0.515
-0.535
-0.451
-0.458
-0.512
-0.659
-0.561
-0.4
-0.352
-0.235
-0.376
-0.338
-0.253
-0.245
-0.352
-0.408
-0.276
-0.677
-0.58
-0.481
-0.601
-0.604
-0.756
-0.718
-0.946
-1.073
-1.147
-0.97
-0.806
-0.706
-0.233
-0.389
-0.448
-0.568
-0.917
-0.966
-0.979
-0.854
-0.794
-0.753
-0.669
-0.736
-0.672
-1.099
-1.163
-1.133
-0.92
-0.787
-0.604
-0.551
-0.618
-0.515
-0.404
-0.411
-0.586
-0.759
-0.858
-0.946
-1.024
-1.026
-0.728
-0.765
-0.626
-0.839
-0.641
-0.604
-0.496
-0.051
-0.164
-0.31
-0.249
-0.492
-0.284
-0.111
-0.072
-0.034
-0.276
-0.44
-0.624
-0.656
-0.499
-0.265
-0.214
-0.125
-0.284
-0.286
-0.328
-0.151
-0.118
0.035
0.219
0.241
0.195
0.173
0.096
0.064
-0.037
0.034
0.041
0.04
0.096
-0.049
-0.285
-0.258
-0.205
0.071
0.122
0.351
0.416
0.671
0.604
0.261
0.33
0.446
0.667
0.713
0.552
0.506
0.511
0.115
0.107
0.146
0.052
-0.006
0.079
-0.158
-0.206
-0.51
-0.546
-0.356
-0.223
-0.146
-0.166
-0.253
-0.254
-0.339
-0.26
-0.29
-0.22
-0.289
-0.307
-0.449
-0.346
-0.323
-0.383
-0.456
-0.199
-0.431
-0.356
-0.269
-0.269
-0.296
-0.223
-0.18
-0.26
-0.31
-0.265
-0.301
-0.261
-0.335
-0.165
-0.186
-0.225
-0.186
-0.208
-0.278
-0.299
-0.274
-0.084
-0.141
-0.191
-0.062
-0.217
-0.195
-0.242
-0.059
-0.158
-0.193
-0.026
0.011
0.098
0.118
0.135
0.23
0.329
0.335
0.413
0.386
0.403
0.136
-0.003
-0.147
0.026
-0.098
0.065
0.193
0.269
0.384
0.496
0.542
0.746
0.94
1.025
0.963
1.049
0.93
0.616
0.723
0.585
0.738
0.802
0.64
0.584
0.67
0.639
0.557
0.645
0.82
0.774
0.765
0.634
0.865
0.935
1.123
1.011
0.984
0.786
0.806
0.907
0.672
0.816
0.831
0.819
0.941
0.739
0.618
0.67
0.506
0.401
0.515
0.541
0.759
0.781
0.951
1.086
1.049
0.802
0.929
0.939
1.131
1.061
1.371
1.46
1.288
1.413
1.47
1.734
1.848
1.889
1.696
1.741
1.716
1.463
1.426
1.404
1.315
1.286
1.33
1.407
1.255
1.248
1.116
1.05
1.126
1.103
0.861
0.828
0.69
0.863
0.579
0.669
0.705
0.671
0.924
0.861
0.819
0.821
0.62
0.645
0.7
0.67
0.879
0.953
0.854
0.659
0.542
0.749
0.67
0.754
0.771
1.022
1.146
1.101
1.06
1.241
1.222
1.17
1.241
1.234
1.203
1.376
1.109
1.215
1.321
1.261
1.03
0.901
1.129
1.146
0.988
0.866
0.961
0.805
0.623
0.413
0.034
0.341
0.259
0.288
0.164
0.206
0.098
0.003
-0.208
-0.212
-0.296
-0.414
-0.268
-0.328
-0.618
-0.708
-0.753
-0.796
-0.831
-0.696
-0.674
-0.67
-0.84
-0.731
-0.719
-0.751
-0.695
-0.61
-0.764
-0.736
-0.43
-0.642
-0.755
-0.645
-0.508
-0.497
-0.698
-0.719
-0.667
-0.661
-0.573
-0.661
-0.843
-1.05
-1.153
-1.069
-1.106
-0.879
-0.743
-0.7
-0.904
-0.853
-0.848
-0.973
-0.843
-0.74
-0.766
-0.792
-0.676
-0.611
-0.69
-0.671
-0.796
-0.671
-0.511
-0.307
-0.2
-0.378
-0.361
-0.409
-0.559
-0.601
-0.53
-0.421
-0.42
-0.276
-0.214
-0.424
-0.706
-0.927
-0.975
-0.812
-0.59
-0.608
-0.519
-0.551
-0.71
-0.639
-0.47
-0.289
-0.217
-0.101
0.004
0.1
-0.138
-0.216
-0.288
-0.453
-0.401
-0.24
-0.171
-0.38
-0.512
-0.815
-0.721
-0.641
-0.555
-0.459
-0.41
-0.41
-0.487
-0.586
-0.699
-0.578
-1.949
-0.445
-0.37
-0.436
-0.411
-0.269
-0.31
-0.173
-0.107
0.1
0.118
0.385
0.506
0.333
0.239
0.154
0.21
0.42
0.578
0.69
0.823
0.9
0.87
0.656
0.586
0.517
0.429
0.596
0.58
0.335
0.11
0.16
0.389
0.286
0.239
0.223
0.156
0.08
-0.211
-0.381
-0.35
-0.379
-0.24
-0.299
-0.338
-0.526
-0.537
-0.346
-0.278
-0.196
0.011
-0.216
-0.176
-0.509
-0.406
-0.217
-0.185
-0.039
0.061
0.311
0.03
-0.019
-0.329
-0.441
-0.291
-0.121
0.044
0.04
-0.173
-0.411
-0.501
-0.32
-0.575
-0.659
-0.506
-0.259
-0.255
-0.125
-0.352
-0.443
-0.479
-0.427
-0.307
-0.126
0.106
0.181
0.181
0.235
0.011
0.016
0.08
0.077
-0.216
0.036
-0.077
-0.115
0.001
-0.048
-0.105
-0.15
-0.269
-0.225
-0.383
-0.395
-0.441
-0.443
-0.539
-0.539
-0.576
-0.639
-0.608
-0.527
-0.5
-0.396
-0.505
-0.536
-0.609
-0.45
-0.324
-0.349
-0.096
0.185
-0.02
-0.283
-0.23
-0.384
-0.334
-0.145
-0.138
-0.409
-0.195
-0.288
-0.505
-0.35
-0.209
-0.103
-0.138
0.037
-0.163
-0.133
0.046
-0.043
0.185
0.255
0.253
0.151
0.229
0.079
0.109
0.098
-0.026
0.094
-0.096
0.088
0.066
-0.135
-0.186
-0.203
0.043
0.051
0.175
-0.039
-0.079
-0.143
-0.305
-0.48
-0.408
-0.26
-0.236
-0.152
-0.152
0.128
0.066
-0.139
-0.28
-0.421
-0.509
-0.499
-0.424
-0.235
-0.025
0.022
0.075
0.045
0.135
0.321
0.479
0.547
0.731
0.811
0.929
0.868
0.917
0.829
0.954
0.787
0.636
0.74
0.731
0.777
0.871
0.865
0.878
0.871
0.791
0.741
0.838
1.054
1.041
0.955
0.838
0.733
0.552
0.564
0.517
0.265
0.107
0.061
-0.049
0.086
0.118
0.173
0.084
0.049
0.195
0.143
0.013
0.071
0.165
0.106
0.258
0.321
0.352
0.473
0.522
0.579
0.586
0.646
0.909
0.824
0.765
0.858
0.958
1.234
1.488
1.899
1.936
1.855
1.719
1.455
1.465
1.476
1.387
1.155
1.24
1.016
0.686
0.672
0.54
0.56
0.804
0.879
1.06
1.214
0.763
0.807
0.814
0.726
0.96
1.184
1.177
1.029
0.64
0.409
0.306
0.338
0.556
0.672
0.82
1.031
0.846
0.719
0.688
0.7
0.934
1.001
0.948
0.844
0.647
0.551
0.581
0.833
0.861
0.958
0.905
0.845
0.814
0.893
0.723
0.716
0.814
0.691
0.792
0.636
0.674
0.755
0.905
0.945
0.998
0.983
0.961
0.787
0.604
0.469
0.316
0.306
0.249
0.27
0.016
0.046
-0.314
-0.39
-0.279
0.031
0.297
0.522
0.461
0.461
0.444
0.46
0.879
0.8
1.029
0.983
0.735
0.599
0.455
0.624
0.576
0.868
0.761
0.766
0.965
0.676
0.541
0.631
0.733
0.769
0.82
0.823
0.734
0.86
0.766
0.761
0.581
0.57
0.408
0.223
0.199
0.458
0.549
0.573
0.618
0.585
0.406
0.445
0.51
0.574
0.753
0.703
0.525
0.78
0.42
0.408
0.375
0.478
0.654
0.652
0.443
0.151
-0.011
-0.408
-0.454
-0.333
-0.113
-0.15
-0.085
-0.217
-0.22
-0.254
-0.081
-0.196
-0.302
-0.33
-0.458
-0.686
-0.946
-1.209
-1.165
-1.299
-1.166
-1.054
-0.816
-0.756
-0.576
-0.729
-0.94
-1.13
-1.409
-1.897
-1.802
-1.841
-1.734
-1.654
-1.576
-1.542
-1.568
-1.624
-1.524
-1.438
-1.321
-1.131
-1.191
-1.236
-1.184
-1.073
-0.965
-0.662
-0.426
-0.198
-0.075
0.166
0.185
0.279
0.429
0.171
0.006
-0.136
-0.17
-0.271
-0.471
-0.318
-0.245
-0.226
-0.036
0.13
0.054
-0.041
-0.086
-0.441
-0.508
-0.589
-0.341
0.072
0.346
0.333
0.46
0.354
0.349
-0.146
-0.191
-0.219
-0.065
-0.144
-0.143
-0.379
-0.199
-0.064
0.215
0.146
-0.098
-0.1
-0.399
-0.384
-0.504
-0.844
-0.743
-0.723
-0.894
-0.845
-0.907
-0.971
-1.215
-0.873
-0.766
-0.761
-0.458
-0.516
-0.651
-0.604
-0.82
-0.72
-0.729
-0.781
-0.698
-0.777
-0.866
-0.863
-0.739
-0.667
-0.506
-0.522
-0.36
-0.524
-0.701
-0.818
-0.724
-0.826
-0.87
-0.819
-0.708
-0.764
-0.703
-0.63
-0.491
-0.297
-0.255
-0.181
-0.17
-0.185
-0.314
-0.173
-0.174
-0.268
-0.286
-0.225
-0.111
-0.149
-0.005
-0.135
0.161
0.311
0.26
0.08
-0.221
-0.16
-0.501
-0.657
-0.655
-0.689
-0.84
-0.868
-0.936
-0.958
-0.848
-0.729
-0.564
-0.535
-0.554
-0.537
-0.677
-0.593
-0.635
-0.666
-0.733
-0.895
-0.816
-0.61
-0.443
-0.441
-0.261
-0.264
-0.238
-0.253
-0.092
-0.281
-0.336
-0.305
-0.299
-0.44
-0.564
-0.275
-0.41
-0.104
-0.098
-0.001
-0.01
0.05
-0.113
-0.034
-0.236
-0.06
-0.15
-0.085
-0.324
-0.268
-0.294
-0.431
-0.396
-0.299
-0.205
-0.24
-0.085
-0.12
-0.024
0.03
-0.02
-0.035
-0.044
-0.061
-0.059
0.18
0.149
0.244
0.223
0.609
0.775
0.746
0.771
0.639
0.797
0.681
0.554
0.432
0.273
0.479
0.6
0.479
0.503
0.448
0.331
0.438
0.104
0.251
0.26
0.461
0.594
0.535
0.383
0.408
0.301
0.263
0.233
0.438
0.537
0.256
0.435
0.139
0.075
0.083
-0.06
0.203
0.239
0.104
0.367
0.58
0.759
0.996
0.995
0.984
1.011
0.859
0.883
0.935
1.015
0.964
1.076
1.201
1.151
1.056
1.234
1.286
1.389
1.355
1.126
1.147
1.046
1.196
1.421
1.345
1.359
1.641
1.325
1.196
1.222
1.221
1.161
1.271
1.27
1.346
1.245
1.309
1.064
0.973
0.853
0.696
0.733
0.669
0.85
0.794
0.966
0.931
1.095
1.018
0.914
0.956
0.823
0.846
0.44
0.404
0.14
0.369
0.318
0.319
0.033
0.005
-0.014
0.0
0.206
0.281
0.475
0.652
0.756
0.657
0.764
0.551
0.634
0.864
0.838
1.046
0.909
1.039
0.815
0.87
0.956
0.994
0.949
0.917
1.025
1.101
1.078
1.136
1.001
1.024
1.034
1.155
1.371
1.465
1.364
1.37
1.379
1.338
1.265
1.284
1.294
1.284
1.455
1.491
1.413
1.306
1.059
0.811
0.796
0.736
0.8
0.651
0.609
0.738
0.562
0.517
0.258
0.25
-0.088
-0.309
-0.065
-0.247
-0.011
0.016
0.024
-0.136
-0.128
0.07
-0.499
-0.494
-0.585
-0.599
-0.641
-0.906
-0.935
-0.995
-0.824
-0.88
-0.996
-0.984
-1.028
-1.171
-1.153
-1.25
-1.344
-1.016
-0.904
-0.665
-0.745
-0.753
-0.959
-0.688
-0.811
-0.666
-0.578
-0.628
-1.045
-1.05
-0.909
-0.589
-0.17
0.098
0.346
0.121
0.241
0.115
-0.179
-0.016
0.072
0.203
0.217
0.25
0.263
0.118
-0.115
0.135
0.154
0.395
0.054
-0.029
0.081
0.035
0.245
0.3
0.355
0.512
0.451
0.386
0.022
-0.089
-0.424
-0.216
-0.126
-0.135
0.01
-0.11
0.003
-0.31
-0.556
-0.504
-0.246
-0.122
0.212
0.166
-0.025
0.121
-0.041
0.251
0.176
0.155
0.16
-0.013
-0.062
-0.014
-0.052
-0.149
-0.033
0.011
-0.118
-0.086
-0.025
0.051
0.289
0.46
0.58
0.682
0.571
0.876
0.58
0.721
0.49
0.296
0.555
0.547
0.25
0.265
0.156
0.415
0.33
0.14
0.119
0.106
0.106
-0.074
0.009
-0.128
-0.12
-0.114
-0.41
-0.458
-0.343
-0.239
-0.549
-0.594
-0.618
-0.856
-1.1
-1.226
-1.285
-1.41
-1.074
-1.338
-1.265
-1.482
-1.211
-0.888
-0.698
-0.65
-0.334
-0.369
-0.464
-0.45
-0.265
-0.333
-0.388
-0.489
-0.661
-0.334
-0.628
-0.74
-0.753
-0.679
-0.675
-0.158
0.072
0.118
0.096
-0.04
-0.214
-0.208
-0.133
-0.156
0.155
0.266
0.2
0.399
0.301
0.463
0.302
0.44
0.52
0.359
0.173
-0.194
-0.334
-0.434
-0.516
-0.393
-0.385
-0.444
-0.593
-0.699
-0.554
-0.346
-0.06
0.113
0.065
-0.064
-0.205
-0.561
-0.469
-0.64
-0.552
-0.601
-0.749
-0.52
-1.15
-1.051
-1.423
-1.551
-1.496
-1.204
-1.051
-0.951
-0.851
-0.776
-0.642
-0.422
-0.297
-0.463
-0.315
-0.393
-0.297
-0.085
-0.224
-0.139
-0.261
-0.107
-0.186
-0.216
-0.004
0.04
-0.058
-0.037
0.081
0.33
0.395
0.242
0.299
0.031
0.124
0.043
0.33
0.247
0.289
0.485
0.578
0.647
0.468
0.458
0.302
0.328
0.425
0.26
0.503
0.329
0.201
0.066
-0.225
-0.195
-0.326
-0.304
-0.369
-0.242
-0.039
-0.152
0.013
0.058
0.071
0.088
0.016
0.041
-0.062
0.158
0.134
0.189
0.244
0.217
0.278
0.039
-0.072
-0.077
-0.041
-0.086
0.031
-0.114
-0.105
0.059
0.06
0.005
-0.168
-0.296
-0.588
-0.588
-0.484
-0.312
0.091
0.203
0.372
0.35
0.151
0.286
0.294
0.529
0.434
0.354
0.324
0.344
0.263
0.09
0.215
0.206
0.05
0.436
0.195
0.234
0.391
0.328
0.575
0.657
0.624
0.864
0.62
0.605
0.8
0.974
1.058
-10.336
1.021
1.169
1.049
0.816
0.795
0.894
0.765
0.464
0.309
0.105
-0.026
-0.116
0.04
0.016
0.12
0.104
-0.124
-0.242
-0.18
-0.181
-0.203
-0.179
0.0
-0.236
-0.224
-0.209
-0.251
-0.091
-0.116
0.064
-0.081
0.048
0.096
0.352
0.586
0.805
1.045
1.07
1.165
0.964
0.956
1.149
1.381
1.179
1.154
1.501
1.728
1.76
1.866
1.857
1.951
1.79
1.659
1.785
2.119
2.138
2.019
1.74
1.913
1.809
1.798
1.614
1.857
1.673
1.484
1.667
1.71
1.744
1.752
1.679
1.314
1.219
1.145
0.854
0.749
0.66
0.656
0.557
0.375
0.556
0.229
0.454
0.35
0.492
0.281
0.214
-0.225
-0.259
-0.295
-0.367
-0.386
-0.354
-0.408
-0.341
-0.415
-0.43
-0.484
-0.253
0.015
-0.015
0.056
0.231
0.335
0.508
0.491
0.641
0.486
0.229
0.061
-0.069
0.076
-0.049
-0.254
-0.25
-0.256
-0.145
-0.155
-0.159
-0.164
-0.138
-0.156
-0.46
-0.526
-0.578
-0.774
-0.849
-0.794
-0.57
-0.589
-0.429
-0.334
0.059
-0.006
0.238
0.645
0.304
0.176
-0.037
-0.095
-0.215
-0.182
-0.185
0.188
0.552
0.579
0.831
0.652
0.606
0.206
-0.152
-0.384
-0.596
-0.348
-0.386
-0.258
-0.211
-0.256
-0.325
-0.212
-0.28
-0.058
-0.096
-0.191
-0.173
-0.491
-0.768
-0.845
-0.984
-0.934
-0.802
-0.603
-0.521
-0.43
-0.388
-0.212
-0.005
-0.072
-0.236
-0.49
-0.226
-0.47
-0.188
-0.04
-0.15
-0.111
-0.049
-0.176
0.009
0.024
-0.173
-0.152
-0.163
-0.03
0.065
-0.069
0.285
0.173
-0.035
-0.103
-0.326
-0.259
0.028
-0.09
0.214
0.286
0.357
0.321
0.391
0.352
0.503
0.434
0.492
0.484
0.37
0.256
-0.186
-0.08
-0.247
-0.175
-0.059
0.241
0.016
-0.246
-0.45
-0.466
-0.565
-0.307
0.072
0.174
0.179
0.031
-0.045
-0.003
0.104
0.12
0.355
0.475
0.714
0.745
0.818
0.568
0.254
-0.079
-0.122
-0.399
-0.109
-0.043
-0.188
-0.074
-0.228
0.058
0.149
0.179
0.321
0.083
0.194
-0.214
-0.349
-0.116
-0.288
0.168
0.095
0.32
0.399
0.291
0.372
0.065
0.006
0.177
0.096
-0.365
-0.685
-0.771
-1.054
-1.078
-0.777
-0.561
-0.323
-0.176
-0.302
-0.674
-0.899
-1.036
-1.215
-1.134
-1.155
-1.4
-1.453
-1.544
-1.31
-1.106
-0.915
-0.989
-1.048
-1.193
-1.075
-1.078
-1.199
-0.975
-1.173
-1.275
-1.429
-1.349
-1.279
-1.319
-1.249
-1.289
-1.44
-1.371
-1.488
-1.414
-1.394
-1.25
-1.11
-0.945
-0.68
-0.98
-1.085
-0.985
-1.141
-1.046
-0.92
-0.724
-0.361
-0.431
-0.584
-0.7
-0.734
-0.586
-0.309
-0.276
-0.044
0.081
0.265
0.372
0.221
0.163
0.326
0.4
0.411
0.42
0.549
0.738
0.713
0.746
0.701
0.594
0.703
0.751
0.835
0.78
0.786
0.785
0.915
0.843
0.739
0.932
0.805
0.845
0.744
0.736
0.906
0.965
1.115
1.234
1.101
0.996
0.777
0.734
0.809
0.777
0.766
0.76
0.848
0.738
0.655
0.686
0.69
0.579
0.6
0.164
0.115
0.111
0.28
0.352
0.388
0.504
0.421
0.492
0.532
0.458
0.343
0.299
0.264
0.005
-0.005
-0.263
-0.019
0.158
0.3
0.292
0.391
0.48
0.417
0.49
0.641
0.682
0.774
0.831
0.8
0.671
0.885
1.059
1.069
1.089
0.879
0.671
0.65
0.576
0.395
0.436
0.766
0.706
0.645
0.497
0.396
0.305
0.388
0.229
0.46
0.386
0.33
-0.005
-0.052
-0.152
-0.116
-0.251
-0.141
0.083
0.247
0.091
-0.191
-0.219
0.107
0.088
0.134
0.291
0.334
0.226
0.221
0.406
0.554
0.484
0.529
0.29
0.198
-0.041
-0.028
0.393
0.371
0.565
0.479
0.35
0.246
0.17
0.325
0.338
0.16
0.231
0.179
0.319
0.182
0.343
0.455
0.306
0.138
0.131
0.291
0.484
0.581
0.393
0.386
0.419
0.535
0.556
0.86
0.829
0.885
0.9
0.771
0.839
0.868
0.848
0.651
0.835
0.583
0.549
0.784
0.691
0.836
0.792
0.779
0.866
1.07
1.11
1.095
1.229
1.302
1.081
0.881
0.921
0.731
0.797
0.934
0.986
0.791
0.866
0.715
0.671
0.589
0.12
0.062
0.206
0.338
0.362
0.526
0.405
0.366
0.369
0.278
0.246
0.143
-0.09
-0.11
-0.247
-0.372
-0.084
0.101
0.118
0.194
0.291
0.285
0.247
-0.054
-0.445
-0.524
-0.421
-0.307
-0.135
-0.169
-0.359
-0.403
-0.647
-0.731
-0.851
-1.094
-0.953
-0.719
-0.36
-0.209
-0.509
-0.318
-0.241
-0.13
-0.259
-0.254
-0.122
-0.005
0.118
0.124
-0.239
-0.18
-0.136
0.046
-0.018
0.034
-0.333
-0.492
-0.812
-0.571
-0.866
-0.949
-0.858
-0.696
-0.532
-0.517
-0.449
-0.361
-0.211
-0.46
-0.487
-0.4
-0.425
-0.245
-0.39
-0.234
-0.512
-0.54
-0.565
-0.465
-0.511
-0.569
-0.484
-0.578
-0.405
-0.481
-0.529
-0.579
-0.261
-0.486
-0.604
-0.73
-0.981
-1.105
-0.897
-0.984
-0.911
-0.749
-0.809
-1.025
-0.996
-0.976
-1.014
-1.28
-1.161
-1.235
-1.383
-1.379
-1.312
-1.191
-1.046
-0.885
-0.812
-0.804
-0.831
-0.704
-0.57
-0.554
-0.664
-0.809
-1.106
-0.83
-0.69
-0.672
-0.674
-0.703
-0.603
-0.599
-0.411
-0.396
-0.385
-0.066
0.091
0.268
0.244
0.251
0.24
0.273
0.231
0.124
0.271
0.417
0.395
0.399
0.319
0.297
0.173
0.126
0.306
0.38
0.301
0.259
0.165
0.149
0.048
0.131
0.088
0.25
0.208
0.285
0.306
0.215
-0.155
-0.509
-0.55
-0.429
-0.013
0.173
0.596
0.492
0.455
0.446
0.19
0.019
0.473
0.542
0.812
0.743
0.555
0.491
0.565
0.556
0.17
0.066
0.101
0.134
-0.201
-0.261
-0.044
-0.103
-0.185
-0.223
-0.359
-0.294
-0.092
0.04
0.079
-0.072
-0.092
-0.019
-0.099
-0.458
-0.834
-0.874
-1.025
-1.144
-1.186
-1.078
-1.383
-1.22
-1.109
-1.006
-0.956
-0.651
-0.425
-0.389
-0.025
0.046
0.214
0.32
0.341
0.19
0.304
0.163
0.077
-0.215
-0.226
-0.311
-0.18
-0.125
-0.18
-0.033
0.054
-0.094
0.051
-0.145
-0.306
-0.594
-0.445
-0.419
-0.269
-0.04
0.069
0.081
-0.22
-0.36
-0.352
-0.625
-0.749
-0.636
-0.829
-0.786
-0.721
-0.761
-0.665
-0.799
-0.675
-0.406
-0.486
-0.174
-0.271
-0.424
-0.432
-0.448
-0.524
-0.584
-0.574
-0.718
-0.465
-0.395
-0.422
-0.436
-0.131
-0.226
0.092
0.092
0.122
0.076
0.228
0.299
0.279
0.344
0.621
0.606
0.609
0.44
0.271
0.089
0.021
0.154
0.393
0.834
0.899
0.853
0.85
0.644
0.4
0.375
0.292
0.1
0.174
0.225
0.128
-0.028
-0.076
0.035
0.045
0.23
0.297
0.403
0.339
0.351
0.335
0.304
0.316
0.245
0.269
0.273
0.374
0.292
0.388
0.463
0.427
0.448
0.258
0.374
0.444
0.396
0.599
0.508
0.814
0.766
0.941
0.975
1.105
1.208
1.149
1.238
1.005
1.279
1.074
0.98
1.086
0.998
1.012
1.095
0.996
0.71
0.743
0.75
0.763
0.652
0.638
0.56
0.557
0.552
0.623
0.581
0.481
1.06
0.824
-10.336
0.894
0.812
0.917
1.024
0.786
0.794
0.846
0.953
1.107
1.188
1.12
1.289
1.222
1.289
1.443
1.38
1.463
1.359
1.177
0.85
0.873
0.856
0.69
0.865
0.986
1.144
0.965
0.72
0.677
0.838
0.739
0.497
0.641
0.396
0.341
0.408
0.441
0.753
0.688
0.59
0.529
0.223
0.36
0.052
0.247
0.325
0.254
0.18
0.04
-0.064
0.109
0.15
0.356
0.574
0.571
0.679
0.731
0.839
0.825
0.833
0.863
0.907
0.946
0.945
1.056
1.171
1.11
0.861
1.242
1.284
1.353
1.354
1.127
1.328
1.274
1.011
