0.511
0.431
0.638
0.701
0.82
0.914
1.131
1.08
0.849
0.739
0.606
0.459
0.39
0.689
0.975
0.974
0.989
0.889
0.836
0.439
0.339
0.211
0.649
0.302
0.431
0.381
0.76
0.385
0.411
0.699
0.635
0.76
0.941
0.879
0.72
0.55
0.526
0.44
0.569
0.489
0.484
0.586
0.429
0.367
0.219
0.341
0.379
0.441
0.328
0.355
0.381
0.48
0.715
0.785
0.623
0.656
0.669
0.603
0.426
0.114
-0.115
0.109
0.135
0.459
0.46
0.508
0.664
0.713
0.633
0.881
0.955
0.804
1.131
0.985
0.955
0.873
1.034
1.109
1.255
1.139
1.147
1.375
1.502
1.475
1.651
1.667
1.694
1.641
1.486
1.46
1.411
1.411
1.242
1.343
1.524
1.59
1.859
1.826
1.693
1.505
1.419
1.355
1.114
1.218
1.129
1.157
0.829
0.721
0.591
0.56
0.312
0.245
0.238
0.125
-0.254
-0.165
-0.299
-0.331
-0.182
-0.188
-0.367
-0.51
-0.54
-1.039
-1.344
-1.375
-1.044
-0.775
-0.594
-0.976
-1.005
-1.14
-1.041
-1.163
-0.985
-0.584
-0.49
-0.535
-0.496
-0.349
-0.425
-0.481
-0.189
-0.104
0.234
0.291
0.211
0.131
0.146
-0.056
-0.139
-0.052
-0.075
-0.119
-0.302
-0.321
-0.361
-0.468
-0.484
-0.81
-0.851
-0.919
-0.763
-0.527
-0.459
-0.604
-0.506
-0.436
-0.516
-0.929
-1.104
-1.205
-0.954
-1.357
-1.151
-0.895
-0.769
-0.656
-0.606
-0.624
-0.806
-0.616
-0.696
-0.453
-0.33
0.275
0.141
-0.088
-0.348
-0.39
-0.118
0.085
0.026
0.079
0.121
0.158
0.242
0.487
0.65
0.959
1.089
1.114
1.075
1.006
0.865
0.715
0.754
0.529
0.487
0.532
0.625
0.509
0.539
0.698
0.676
0.625
0.541
0.715
0.631
0.885
0.638
0.638
0.917
0.662
0.654
0.554
0.539
0.521
0.413
0.19
0.005
-0.022
0.034
-0.14
-0.206
-0.466
-0.226
-0.261
-0.119
-0.076
-0.02
0.139
0.14
0.22
-0.121
-0.201
-0.278
-0.206
-0.285
-0.285
-0.478
-0.555
-0.695
-0.537
-0.694
-0.756
-0.725
-0.53
-0.576
-0.625
-0.459
-0.525
-0.551
-0.381
-0.415
-0.474
-0.359
-0.584
-0.696
-0.75
-0.869
-0.989
-1.064
-1.194
-1.126
-1.328
-1.161
-1.014
-0.848
-0.639
-0.321
-0.514
-0.454
-0.804
-0.646
-0.685
-0.611
-0.531
-0.43
-0.356
-0.209
-0.118
-0.159
-0.158
-0.425
-0.728
-0.763
-1.054
-0.729
-0.76
-0.304
-0.084
-0.104
0.079
-0.066
0.08
0.163
-0.054
-0.111
-0.161
-0.056
0.024
0.05
0.125
0.106
0.125
-0.224
-0.463
-0.604
-0.466
-0.499
-0.646
-0.655
-0.959
-1.21
-1.11
-1.274
-1.414
-1.201
-1.114
-1.015
-1.015
-1.05
-1.006
-0.809
-0.686
-0.44
-0.444
-0.346
-0.409
-0.415
-0.506
-0.606
-0.306
-0.288
-0.289
-0.176
-0.166
-0.05
-0.088
-0.098
0.025
0.065
0.199
0.286
0.304
0.461
0.275
0.307
0.269
0.099
0.3
0.45
0.49
0.509
0.343
0.345
0.25
-0.143
-0.144
-0.278
-0.466
-0.196
-0.28
-0.27
-0.35
-0.151
0.011
0.009
0.026
-0.103
-0.113
-0.27
-0.403
-0.495
-0.547
-0.589
-0.764
-0.736
-0.605
-0.465
-0.356
-0.273
-0.151
-0.24
-0.241
-0.395
-0.334
-0.388
-0.355
-0.306
-0.241
-0.071
-0.224
-0.242
-0.092
-0.058
-0.003
0.043
0.098
0.21
0.175
0.169
0.306
0.084
0.006
0.029
-0.159
0.01
-0.011
0.031
0.215
0.439
0.255
0.405
0.406
0.14
0.2
0.12
0.217
0.133
0.28
0.296
0.497
0.415
0.348
0.325
0.285
0.385
0.419
0.734
0.598
0.539
0.396
0.593
0.568
0.782
0.969
0.989
1.011
0.946
1.149
1.216
0.958
0.84
0.779
0.754
0.824
0.946
0.955
0.986
1.002
1.058
0.926
1.21
1.222
1.066
1.119
0.858
0.693
0.471
0.448
0.718
0.17
0.013
0.111
-0.031
0.006
-0.143
-0.216
-0.124
-0.083
-0.026
-0.188
-0.169
-0.18
-0.005
0.154
0.263
0.269
0.253
0.315
0.2
0.1
0.076
0.056
0.028
-0.051
0.115
0.199
0.383
0.635
0.875
1.038
1.258
1.184
1.256
1.341
1.436
1.454
1.336
1.249
1.328
1.429
1.466
1.49
1.312
1.066
0.909
0.94
0.876
0.706
0.721
0.565
0.672
0.744
0.821
1.119
1.229
1.275
1.397
1.641
1.531
1.575
1.375
1.221
1.173
1.175
1.086
1.049
1.018
0.948
0.73
0.796
0.917
0.631
0.723
0.611
0.92
0.864
0.744
0.58
0.565
0.45
0.365
0.485
0.568
0.436
0.356
0.307
-0.098
-0.181
-0.281
-0.323
-0.191
-0.131
0.072
-0.024
-0.086
0.049
-0.025
-0.09
-0.217
-0.609
-0.619
-0.728
-0.67
-0.684
-0.644
-0.688
-0.725
-0.62
-0.501
-0.5
-0.302
-0.275
-0.441
-0.285
-0.186
-0.16
0.005
0.138
0.228
0.151
0.188
0.175
0.432
0.486
0.42
0.805
0.85
0.826
0.764
0.67
0.705
0.509
0.374
0.3
0.13
0.299
0.152
0.246
0.131
0.13
0.034
0.065
0.163
0.156
-0.122
-0.186
-0.449
-0.594
-0.611
-0.976
-0.948
-0.823
-0.93
-1.173
-1.29
-1.438
-1.439
-1.56
-1.599
-1.665
-1.953
-1.829
-1.574
-1.415
-1.458
-1.199
-1.012
-0.81
-0.62
-0.709
-0.714
-0.751
-0.662
-0.51
-0.456
-0.549
-0.372
-0.163
0.23
0.244
0.211
0.301
0.542
0.896
0.895
0.72
0.743
0.746
0.761
0.562
0.654
0.662
0.76
0.794
0.661
0.809
0.321
0.041
-0.021
-0.107
-0.444
-0.18
-0.284
-0.318
-0.396
-0.487
-0.427
-0.403
-0.188
-0.254
0.076
-0.013
0.028
0.089
-0.224
-0.021
0.185
-0.041
-0.061
0.004
-7.128
0.052
0.086
0.258
0.468
0.401
0.458
0.499
0.406
0.136
0.129
0.307
0.312
0.318
0.383
0.307
0.041
-0.079
0.054
-0.201
-0.231
-0.101
-0.07
-0.171
-0.244
-0.339
-0.149
-0.225
0.118
-0.051
-0.05
0.009
-0.024
0.022
-0.121
-0.219
-0.3
-0.074
-0.09
-0.104
-0.066
-0.122
-0.233
-0.312
-0.26
-0.241
-0.456
-0.357
-0.315
-0.384
-0.503
-0.625
-0.623
-0.41
-0.461
-0.383
-0.489
-0.652
-0.546
-0.551
-0.718
-0.665
-0.67
-0.704
-0.92
-0.893
-0.699
-0.672
-0.633
-0.576
-0.695
-0.647
-0.792
-0.859
-0.925
-0.91
-0.766
-0.786
-0.345
-0.242
-0.436
-0.356
-0.47
-0.556
-0.734
-0.871
-0.878
-0.874
-0.944
-0.906
-1.006
-1.097
-1.127
-0.746
-0.696
-0.419
-0.65
-0.623
-0.552
-0.601
-0.596
-0.738
-0.554
-0.361
-0.249
-0.291
-0.049
0.049
0.307
0.449
0.18
0.281
0.154
0.071
0.054
-0.041
-0.33
-0.302
-0.041
0.215
0.209
0.259
0.107
0.105
0.006
-0.065
-0.217
-0.461
-0.173
-0.273
-0.184
-0.037
0.195
0.385
0.471
0.635
0.609
0.456
0.657
0.65
0.656
1.081
0.735
0.895
0.744
0.731
0.57
0.374
0.506
0.594
0.713
0.745
0.628
0.914
0.916
0.759
0.784
0.826
0.809
0.807
0.54
0.554
0.537
0.539
0.389
0.378
0.384
0.458
0.356
0.475
0.67
0.351
0.445
0.391
0.527
0.62
0.581
0.38
0.3
0.371
0.126
0.134
0.164
0.228
0.181
0.425
0.36
0.403
0.241
0.221
0.5
0.638
0.779
0.718
0.699
0.642
0.536
0.579
0.912
0.917
0.785
0.81
0.838
0.976
0.866
0.719
0.686
0.88
1.286
1.644
1.718
1.627
1.755
1.624
1.474
1.29
1.224
1.174
1.214
0.901
0.782
0.838
0.861
0.96
0.975
1.228
1.289
1.391
1.551
1.607
1.444
1.295
1.105
1.049
0.93
0.996
0.931
0.844
0.801
0.61
0.801
0.765
0.9
0.949
0.945
0.854
0.873
0.888
10.332
1.014
1.157
0.879
0.906
1.259
1.101
1.127
1.198
0.785
0.856
0.925
0.619
0.728
0.494
0.366
0.254
0.42
0.51
0.766
1.008
1.019
1.224
1.359
1.548
1.514
1.626
1.456
1.521
1.603
1.488
1.229
1.109
1.262
1.113
0.984
0.85
1.089
0.744
0.491
0.521
0.527
0.584
0.465
0.426
0.409
0.174
0.186
0.195
0.395
0.595
0.304
0.12
0.253
-0.018
-0.036
-0.071
-0.005
0.059
-0.129
-0.122
0.035
-0.124
-0.055
0.141
0.055
0.198
0.149
0.052
-0.025
0.058
-0.171
-0.35
-0.422
-0.501
-0.635
-0.871
-1.12
-1.31
-1.515
-1.445
-1.43
-1.614
-1.414
-1.498
-1.421
-1.331
-1.354
-1.1
-1.035
-1.099
-1.16
-1.385
-1.465
-1.556
-1.696
-1.519
-1.441
-1.252
-1.079
-1.066
-0.984
-0.985
-0.654
-0.62
-0.549
-0.545
-0.179
-0.439
-0.107
-0.372
-0.54
-0.539
-0.406
-0.624
-0.599
-0.56
-0.486
-0.41
-0.416
-0.348
-0.411
-0.173
-0.199
-0.125
-0.315
-0.506
-0.55
-0.545
-0.456
-0.096
0.171
0.0
0.121
-0.16
-0.35
-0.435
-0.445
-0.565
-0.546
-0.604
-0.463
-0.531
-0.323
-0.299
-0.27
-0.338
-0.51
-0.357
-0.395
-0.292
-0.286
0.03
0.115
0.2
0.281
0.089
0.058
-0.201
0.09
0.247
0.206
0.311
0.105
-0.009
-0.171
-0.141
-0.367
-0.129
-0.031
-0.021
-0.085
-0.09
0.043
-0.12
-0.292
-0.321
-0.376
-0.2
-0.154
0.041
0.059
-0.365
-0.245
-0.089
-0.081
-0.273
-0.276
-0.166
-0.212
-0.151
-0.07
-0.212
-0.233
-0.128
-0.034
-0.18
-0.009
0.165
0.189
0.019
0.01
-0.03
-0.088
-0.166
-0.079
-0.014
-0.246
-0.307
-0.393
-0.414
-0.414
-0.321
-0.306
-0.546
-0.486
-0.768
-0.883
-0.853
-0.943
-0.854
-0.662
-0.743
-0.785
-1.044
-0.971
-0.92
-1.065
-1.059
-1.196
-0.994
-0.853
-0.916
-0.811
-0.834
-0.723
-0.628
-0.76
-0.623
-0.486
-0.324
-0.2
-0.316
0.015
-0.019
0.039
-0.03
-0.04
-0.01
-0.056
-0.169
-0.145
-0.01
-0.013
0.04
0.041
0.14
0.414
0.339
0.416
0.45
0.474
0.344
0.609
0.499
0.424
0.401
0.203
0.309
0.13
-0.025
0.26
0.184
0.166
0.168
0.089
-0.018
-0.152
-0.151
-0.249
-0.264
-0.25
-0.443
-0.379
-0.395
-0.229
-0.23
-0.07
0.291
0.354
0.527
0.561
0.546
0.64
0.509
0.522
0.519
0.531
0.595
0.724
0.64
0.629
0.554
0.499
0.633
0.362
0.223
0.069
-0.155
-0.125
-0.431
-0.241
-0.325
-0.389
-0.325
-0.475
-0.512
-0.381
-0.152
-0.014
-0.084
-0.02
-0.124
0.005
0.066
-0.016
0.155
0.069
0.125
0.124
-0.034
0.09
-0.101
-0.281
-0.299
-0.41
-0.226
0.061
-0.08
0.043
0.101
0.094
0.177
0.598
0.455
0.67
0.791
0.479
0.396
0.059
0.069
-0.179
-0.19
-0.276
-0.161
-0.156
0.083
0.151
0.139
0.343
0.181
0.33
0.355
0.864
0.738
0.844
0.451
0.443
0.399
0.453
0.435
0.445
0.352
0.444
0.48
0.728
0.88
0.807
0.93
0.728
0.985
1.155
1.025
1.11
1.045
1.044
1.238
1.443
1.49
1.355
1.363
1.289
1.17
1.157
1.104
0.919
1.151
1.161
1.255
1.065
1.089
1.111
1.139
1.052
0.896
0.77
0.65
0.758
0.755
0.9
0.715
0.545
0.705
0.713
0.684
0.651
0.751
0.691
0.679
0.672
0.68
0.8
1.113
1.249
0.981
0.889
0.618
0.555
0.475
0.175
0.075
0.226
-0.044
-0.079
-0.074
-0.281
-0.228
-0.165
0.02
0.049
0.037
-0.159
0.072
0.221
0.168
0.229
0.319
0.288
0.054
0.292
0.009
0.089
0.059
0.121
0.06
0.015
0.055
-0.091
0.107
-0.18
-0.259
-0.28
-0.26
-0.004
-0.043
0.018
0.155
0.196
0.151
-0.016
-0.071
-0.352
-0.385
-0.221
-0.084
-0.076
0.179
0.146
0.316
0.536
0.787
0.865
0.897
0.938
0.855
0.786
0.754
0.544
0.54
0.439
0.357
0.536
0.571
0.645
0.705
0.638
0.169
0.278
0.27
0.11
0.034
-0.143
-0.301
-0.482
-0.443
-0.432
-0.234
-0.247
-0.399
-0.501
-0.725
-0.71
-1.032
-1.038
-0.959
-0.881
-0.729
-0.684
-0.584
-0.443
-0.41
-0.401
-0.524
-0.66
-0.694
-1.181
-0.968
-1.035
-1.203
-0.949
-0.919
-0.675
-0.769
-0.894
-0.93
-1.005
-0.973
-1.104
-1.07
-0.996
-0.975
-0.713
-0.807
-0.468
-0.438
-0.159
-0.158
0.09
0.12
0.177
0.104
0.096
0.29
0.323
0.62
0.601
0.821
0.916
0.741
1.234
1.301
1.185
1.371
1.222
1.299
1.274
1.232
1.485
1.232
1.308
1.177
1.22
1.107
0.868
0.789
0.703
0.564
0.649
0.709
0.675
0.519
0.576
0.388
0.209
0.138
0.374
0.53
0.509
0.422
0.624
0.491
0.539
0.453
0.339
0.434
0.424
0.449
0.623
0.486
0.446
0.596
0.504
0.481
0.173
0.066
-0.101
-0.217
-0.198
-0.443
-0.453
-0.478
-0.499
-0.473
-0.623
-0.459
-0.3
-0.276
-0.247
-0.449
-0.471
-0.509
-0.479
-0.522
-0.519
-0.466
-0.251
-0.329
-0.297
-0.135
-0.17
-0.104
0.241
0.114
0.105
0.005
-0.159
-0.173
-0.161
-0.416
-0.497
-0.536
-0.55
-0.422
-0.526
-0.326
-0.39
-0.399
-0.364
-0.229
-0.177
-0.348
-0.233
-0.169
0.044
0.134
0.263
0.333
0.211
0.14
0.128
0.119
0.126
0.255
0.378
0.54
0.419
0.478
0.321
0.3
0.414
-0.046
0.118
0.03
-0.109
-0.089
-0.15
-0.135
0.206
0.403
0.445
0.521
0.486
0.375
0.181
0.19
0.048
-0.186
-0.562
-0.796
-0.922
-1.163
-1.071
-0.709
-0.841
-0.856
-0.812
-0.71
-0.763
-0.589
-0.408
-0.491
-0.177
-0.11
-0.149
-0.276
-0.357
-0.319
-0.531
-0.568
-0.529
-0.662
-0.805
-0.915
-0.775
-1.071
-0.955
-0.828
-0.674
-0.645
-0.614
-0.885
-0.868
-0.723
-0.715
-0.765
-0.746
-0.565
-0.455
-0.209
-0.135
0.091
0.228
0.134
0.124
-0.08
-0.156
-0.829
-0.044
-0.021
-0.239
-0.265
-0.215
-0.281
-0.226
-0.209
-0.191
-0.074
0.04
-0.024
0.034
0.022
-0.084
-0.113
-0.326
-0.335
-0.404
-0.421
-0.356
-0.307
-0.14
-0.165
-0.201
0.198
0.164
0.284
-0.001
0.15
0.279
0.007
-0.01
0.021
-0.01
-0.169
-0.2
-0.593
-0.522
-0.491
-0.514
-0.404
-0.383
-0.331
-0.115
-0.05
-0.242
-0.305
-0.203
-0.054
0.121
0.158
0.119
0.224
0.279
0.205
0.328
0.414
0.583
0.705
0.775
0.959
0.72
0.74
0.885
0.807
0.841
0.944
0.876
0.685
0.823
0.516
0.7
0.888
0.885
0.844
0.754
0.826
0.728
0.685
0.844
0.681
0.765
0.869
0.948
0.856
0.753
0.63
0.421
0.209
0.211
0.264
0.255
0.235
0.482
0.23
0.083
0.072
-0.005
-0.216
0.025
-0.031
0.033
0.174
0.08
0.036
-0.121
-0.208
-0.296
-0.3
-0.144
-0.138
-0.164
-0.283
-0.266
-0.359
-0.325
-0.635
-10.336
-0.379
-0.255
0.136
0.19
0.238
0.349
0.535
0.619
0.755
0.787
0.816
0.771
0.654
0.679
0.845
0.56
0.451
0.665
0.719
0.725
0.927
0.931
0.984
1.14
0.906
0.894
0.334
0.326
0.306
0.211
0.208
-0.001
0.035
0.066
0.075
0.01
0.059
-0.409
-0.3
-0.43
-0.399
-0.29
-0.255
-0.113
-0.196
0.014
0.138
0.284
0.305
0.395
0.578
0.564
0.779
0.681
0.675
0.736
0.769
0.676
0.532
0.525
0.324
0.141
0.115
0.182
0.366
0.413
0.484
0.311
0.196
0.11
-0.12
-0.217
-0.019
-0.069
-0.244
-0.443
-0.5
-0.431
-0.491
-0.399
-0.212
-0.22
-0.199
-0.161
-0.275
-0.12
-0.196
-0.179
-0.411
-0.399
-0.432
-0.099
-0.129
0.009
0.191
0.081
0.259
0.166
0.104
-0.231
-0.141
-0.126
-0.16
-0.154
-0.161
0.15
0.165
0.469
0.534
0.593
0.58
0.544
0.398
0.416
0.417
0.105
0.105
0.089
0.064
0.149
0.133
0.251
0.23
0.166
0.056
0.427
0.189
0.056
0.01
-0.069
-0.115
-0.098
-0.154
-0.08
-0.198
0.036
-0.013
0.122
0.135
0.04
-0.056
0.069
0.181
0.125
0.188
0.0
0.149
0.163
0.122
0.233
0.229
0.144
0.133
0.084
0.091
-0.048
-0.085
-0.109
-0.088
-0.074
0.065
0.099
-0.011
-0.055
-0.15
-0.145
-0.217
-0.155
0.004
-0.12
-0.209
-0.11
0.014
-0.247
-0.478
-0.341
-0.618
-0.699
-0.718
-0.746
-0.8
-0.699
-0.639
-0.8
-0.875
-0.944
-1.147
-1.111
-1.151
-1.254
-1.041
-1.065
-1.064
-0.991
-1.154
-1.169
-1.004
-1.12
-1.024
-1.011
-1.036
-1.008
-1.019
-1.113
-1.076
-1.125
-0.954
-0.84
-0.583
-0.766
-0.6
-0.705
-0.719
-0.839
-0.844
-0.745
-0.604
-0.608
-0.576
-0.714
-0.823
-0.593
-0.666
-0.621
-0.766
-0.487
-0.49
-0.532
-0.56
-0.539
-0.583
-0.422
-0.269
-0.38
-0.2
-0.095
-0.12
-0.089
0.088
-0.092
0.239
0.29
0.223
0.149
0.139
0.143
0.089
-0.077
-0.02
-0.001
-0.115
-0.219
-0.429
-0.367
-0.352
-0.194
-0.071
-0.425
-0.182
-0.226
-0.119
-0.354
-0.661
-0.695
-0.417
-0.529
-0.573
-0.647
-0.675
-0.956
-1.038
-0.98
-1.169
-1.261
-1.391
-1.333
-1.344
-1.299
-1.062
-0.782
-0.828
-1.011
-0.985
-0.961
-1.008
-0.826
-0.758
-0.704
-0.552
-0.394
-0.478
-0.284
-0.274
-0.007
-0.058
0.007
0.119
0.391
0.42
0.393
0.551
0.519
0.346
0.357
0.266
0.103
0.151
0.179
0.246
0.26
0.379
0.581
0.836
0.921
0.956
0.876
0.689
0.679
0.458
0.524
0.603
0.536
0.473
0.645
0.469
0.583
0.46
0.716
0.819
0.716
0.851
0.588
0.484
0.504
0.536
0.736
0.792
0.92
0.935
0.971
0.835
0.927
0.766
0.623
0.804
0.902
1.016
0.95
1.046
1.11
1.133
1.203
1.1
1.052
0.863
0.878
0.724
0.534
0.706
0.419
0.505
0.618
0.86
0.958
0.93
0.736
0.743
0.7
0.66
0.621
0.586
0.375
0.281
0.354
0.431
0.455
0.516
0.806
0.738
0.8
0.875
0.91
1.269
0.999
0.951
0.814
0.763
0.841
0.831
0.917
0.88
1.022
0.843
0.955
1.076
0.855
0.797
0.826
0.894
0.975
0.83
0.861
0.831
0.555
0.546
0.46
0.415
0.405
0.421
0.44
0.598
0.772
0.759
0.586
0.809
0.806
0.782
0.986
0.871
0.733
0.774
0.589
0.845
0.646
0.953
1.188
0.907
1.001
1.094
1.249
1.328
1.401
1.234
1.155
1.198
1.07
1.093
1.046
0.833
0.695
0.751
0.811
0.628
0.535
0.307
0.394
0.168
0.126
0.221
0.085
-0.17
-0.151
-0.331
-0.38
-0.514
-0.471
-0.511
-0.288
-0.366
-0.453
-0.482
-0.521
-0.54
-0.764
-0.844
-0.774
-0.949
-0.993
-1.081
-1.101
-0.906
-1.044
-1.109
-0.964
-1.054
-0.97
-1.154
-0.995
-1.081
-0.839
-0.544
-0.482
-0.339
-0.344
-0.1
-0.114
-0.066
-0.121
-0.02
0.014
0.001
0.176
0.12
0.357
0.674
0.723
0.618
0.536
0.546
0.389
0.675
0.626
0.669
0.56
0.49
0.323
0.486
0.519
0.723
0.901
0.784
0.784
0.869
0.861
0.828
0.578
0.471
0.305
0.292
0.283
0.146
0.265
0.255
0.09
-0.181
0.035
-0.426
-0.425
-0.58
-0.62
-0.609
-0.485
-0.236
-0.376
-0.275
-0.235
-0.209
-0.343
-0.636
-0.566
-0.743
-0.861
-1.078
-0.97
-1.046
-0.98
-0.915
-0.768
-0.67
-0.758
-0.831
-0.981
-0.831
-1.29
-0.907
-0.791
-0.856
-0.834
-0.815
-0.67
-0.642
-0.43
-0.326
-0.289
0.004
-0.046
0.052
0.056
0.256
0.24
0.288
0.174
0.309
0.182
0.048
0.302
0.246
0.41
0.48
0.505
0.621
0.614
0.537
0.378
0.375
0.275
0.116
0.234
0.194
0.221
0.069
-0.049
0.135
-0.299
-0.292
-0.198
-0.069
-0.254
-0.152
-0.095
-0.239
-0.283
-0.026
0.07
0.04
0.041
0.129
0.318
0.473
0.258
0.354
0.425
0.376
0.307
0.334
0.309
0.209
0.116
0.104
0.206
0.15
0.104
0.393
0.474
0.271
0.539
0.135
0.154
0.156
0.241
0.245
0.261
-0.081
-0.152
-0.255
-0.143
-0.421
-0.526
-0.446
-0.496
-0.39
-0.652
-0.522
-0.699
-0.565
-0.569
-0.556
-0.628
-0.605
-0.532
-0.554
-0.366
-0.389
-0.561
-0.541
-0.32
-0.416
-0.246
-0.105
-0.224
-0.23
-0.449
-0.071
-0.271
-0.208
-0.079
-0.054
-0.051
0.125
0.013
-0.114
-0.219
-0.339
-0.361
-0.326
-0.119
-0.615
-0.581
-0.677
-0.703
-0.672
-0.626
-0.535
-0.586
-0.42
-0.426
-0.542
-0.639
-0.651
-0.78
-0.792
-1.002
-1.14
-0.954
-1.034
-0.945
-1.119
-1.046
-1.269
-1.15
-1.105
-1.035
