-0.106
-0.193
-0.151
-0.025
-0.094
-0.066
0.143
0.081
0.211
0.156
0.151
0.138
0.196
0.119
-0.058
-0.14
-0.258
-0.253
-0.309
-0.378
-0.519
-0.438
-0.475
-0.544
-0.469
-0.564
-0.614
-0.474
-0.188
-0.286
-0.383
-0.365
-0.311
-0.29
-0.345
-0.328
-0.164
-0.193
-0.049
-0.061
-0.144
-0.279
-0.2
-0.258
-0.206
-0.195
-0.24
-0.079
-0.085
-0.05
0.13
0.185
0.21
0.289
0.406
0.37
0.557
0.609
0.514
0.59
0.635
0.633
0.611
0.565
0.549
0.422
0.297
0.169
0.179
0.173
0.089
0.103
0.139
0.004
0.297
0.4
0.279
0.343
0.295
0.314
0.299
0.28
0.275
0.209
0.211
0.121
0.098
-0.083
-0.054
0.046
0.125
0.177
0.241
0.46
0.311
0.203
0.205
0.106
0.258
0.181
0.234
0.173
0.241
0.105
0.161
0.118
0.191
0.2
0.324
0.205
0.18
0.15
0.106
0.24
0.201
0.26
0.245
0.249
0.238
0.185
0.2
0.244
0.484
0.296
0.311
0.259
0.175
0.129
-0.045
-0.02
-0.034
-0.044
0.156
-0.119
0.086
0.089
-0.022
0.05
-0.02
0.031
-0.062
0.059
-0.072
0.125
0.029
0.022
0.201
0.145
0.305
0.286
0.456
0.61
0.562
0.531
0.384
0.491
0.492
0.66
0.745
0.68
0.539
0.586
0.642
0.591
0.541
0.468
0.409
0.28
0.316
0.286
0.145
0.335
0.182
0.14
0.214
0.179
0.062
0.103
-0.043
-0.134
-0.001
-0.089
0.104
0.062
0.118
0.155
-0.016
-0.109
-0.072
0.094
0.086
0.195
0.276
0.226
0.219
0.212
0.16
0.223
0.454
0.448
0.413
0.362
0.168
0.14
0.245
0.302
0.318
0.331
0.299
0.161
0.259
0.175
0.154
0.15
0.188
0.329
0.229
0.226
0.074
0.211
0.177
0.151
0.11
-0.02
-0.149
-0.225
-0.343
-0.403
-0.3
-0.219
-0.336
-0.389
-0.466
-0.417
-0.357
-0.482
-0.569
-0.304
-0.318
-0.364
-0.419
-0.458
-0.416
-0.349
-0.31
-0.505
-0.686
-0.696
-0.708
-0.685
-0.541
-0.475
-0.589
-0.417
-0.359
-0.534
-0.496
-0.413
-0.273
-0.381
-0.422
-0.399
-0.453
-0.411
-0.247
-0.223
-0.084
-0.116
0.095
-0.16
0.015
-0.079
0.007
-0.17
-0.105
-0.25
-0.304
-0.311
-0.236
-0.32
-0.494
-0.284
-0.17
-0.194
-0.41
-0.619
-0.435
-0.546
-0.497
-0.348
-0.406
-0.489
-0.306
-0.352
-0.28
-0.061
0.009
0.051
0.034
0.085
0.083
0.092
0.356
0.27
0.146
0.209
0.133
0.328
0.323
0.354
0.39
0.426
0.435
0.408
0.44
0.421
0.348
0.478
0.31
0.26
0.159
0.151
0.302
0.03
-0.239
-0.297
-0.173
-0.294
-0.356
-0.334
-0.326
-0.215
-0.417
-0.244
-0.278
-0.203
-0.094
-0.029
-0.139
-0.121
-0.105
0.083
-0.08
0.076
0.143
0.225
0.278
0.466
0.404
0.485
0.421
0.389
0.54
0.557
0.408
0.411
0.491
0.504
0.671
0.551
0.589
0.706
0.619
0.657
0.586
0.579
0.557
0.588
0.62
0.761
0.763
0.796
0.754
0.782
0.868
0.751
0.718
0.801
0.766
0.759
0.62
0.651
0.591
0.639
0.598
0.784
0.628
0.741
0.79
0.929
0.805
0.881
0.876
0.986
1.16
1.166
1.203
1.151
1.155
1.147
1.133
1.071
1.215
1.305
1.26
1.165
1.288
1.495
1.723
1.261
1.144
1.006
1.096
1.035
1.08
0.943
0.989
1.032
0.879
0.879
0.634
0.755
0.805
0.764
0.557
0.596
0.323
0.304
0.421
0.486
0.669
0.719
0.796
0.883
0.714
0.43
0.547
0.393
0.414
0.319
0.268
0.096
0.156
0.154
0.18
0.101
0.206
0.247
0.217
0.255
0.101
0.426
0.494
0.435
0.534
0.657
0.879
0.915
0.895
0.912
0.84
0.925
0.777
0.983
1.061
0.927
0.901
0.821
0.938
0.888
0.94
1.175
0.904
1.143
1.294
1.163
1.169
1.306
1.26
1.373
1.434
1.436
1.316
1.205
1.135
0.983
0.911
1.008
1.153
0.984
1.224
0.976
1.048
1.106
0.945
1.031
0.79
0.905
1.016
0.932
0.988
1.189
1.262
1.117
1.078
0.621
0.509
0.356
0.23
0.338
0.281
0.319
0.307
0.335
0.199
0.233
0.328
0.24
0.454
0.623
0.444
0.449
0.182
-0.054
-0.018
0.03
0.079
0.092
0.16
0.194
-0.244
0.258
0.268
0.103
0.046
0.013
0.196
0.113
-0.029
-0.024
0.16
0.129
0.241
0.115
-0.037
-0.005
-0.138
-0.011
-0.043
-0.21
-0.238
-0.144
-0.051
0.069
0.055
0.21
0.254
0.584
0.569
0.664
0.526
0.554
0.642
0.728
0.584
0.665
0.606
0.501
0.491
0.413
0.515
0.321
0.401
0.292
0.335
0.074
-0.147
-0.035
-0.056
-0.09
-0.131
-0.208
-0.196
-0.329
-0.238
-0.32
-0.346
-0.292
-0.624
-0.785
-0.906
-0.929
-1.117
-1.099
-0.983
-0.665
-0.636
-0.545
-0.324
-0.259
-0.174
-0.357
0.019
0.138
0.061
0.13
-0.104
-0.029
0.014
-0.011
0.086
0.3
0.44
0.38
0.19
0.27
0.38
0.33
0.505
0.575
0.297
0.288
0.035
0.259
0.175
0.083
0.051
0.061
-0.061
-0.365
-0.47
-0.728
-0.804
-0.471
-0.529
-0.601
-0.684
-0.69
-0.679
-0.73
-0.667
-0.715
-0.62
-0.733
-0.86
-0.749
-0.824
-0.835
-0.84
-0.948
-0.934
-0.806
-0.734
-0.576
-0.52
-0.484
-0.485
-0.511
-0.33
-0.378
-0.424
-0.401
-0.385
-0.081
-0.084
-0.024
-0.106
0.021
0.095
-0.161
-0.014
0.034
-0.016
-0.092
0.003
0.011
0.046
0.031
0.133
0.334
0.408
0.549
0.545
0.621
0.339
0.539
0.568
0.439
0.416
0.188
0.077
-0.179
-0.379
-0.511
-0.466
-0.551
-0.388
-0.182
-0.385
-0.216
-0.399
-0.336
-0.438
-0.417
-0.431
-0.371
-0.246
-0.177
-0.095
-0.149
0.026
0.221
0.249
0.22
0.24
0.169
0.223
-0.01
-0.054
-0.129
-0.161
-0.314
-0.084
-0.09
-0.139
-0.278
-0.381
-0.301
-0.531
-0.439
-0.561
-0.594
-0.489
-0.593
-0.642
-0.859
-0.656
-0.626
-0.606
-0.775
-0.484
-0.464
-0.217
-0.092
-0.022
0.006
-0.061
-0.1
0.004
-0.051
0.039
-0.075
-0.052
-0.135
-0.312
-0.302
-0.295
-0.404
-0.359
-0.421
-0.064
-0.165
-0.31
-0.135
-0.037
0.004
-0.147
0.034
-0.115
-0.166
-0.12
0.085
0.154
0.209
0.395
0.299
0.171
0.12
0.096
0.126
0.219
0.175
0.246
0.221
-0.051
-0.026
0.242
0.18
0.297
0.361
0.152
0.283
0.176
0.07
0.021
0.16
0.141
0.163
0.21
0.141
0.066
0.009
0.056
-0.133
-0.119
-0.2
-0.33
-0.312
-0.333
-0.589
-0.69
-0.662
-0.578
-0.414
-0.514
-0.731
-0.68
-0.67
-0.768
-0.726
-0.619
-0.44
-0.33
-0.321
-0.439
-0.269
-0.361
-0.325
-0.362
-0.417
-0.486
-0.589
-0.667
-0.718
-0.85
-0.69
-0.603
-0.421
-0.146
-0.006
0.0
-0.09
0.04
-0.061
-0.009
-0.024
0.041
-0.098
-0.116
-0.041
0.041
0.13
0.019
0.081
0.075
0.12
0.159
0.174
0.364
0.375
0.345
0.395
0.386
0.404
0.305
0.225
0.083
0.039
0.037
0.062
0.056
0.084
0.071
0.028
0.092
-0.003
0.165
0.212
0.374
0.35
0.605
0.614
0.665
0.684
0.534
0.426
0.49
0.611
0.527
0.544
0.43
0.491
0.53
0.512
0.557
0.529
0.562
0.539
0.427
0.307
0.24
0.369
0.236
0.203
0.014
-0.134
-0.115
-0.463
-0.59
-0.823
-0.848
-0.731
-0.94
-0.936
-0.871
-0.805
-0.849
-0.87
-0.706
-0.751
-1.069
-1.305
-1.221
-1.396
-1.335
-1.186
-1.205
-1.012
-0.888
-0.863
-0.749
-0.583
-0.584
-0.551
-0.521
-0.46
-0.426
-0.341
-0.365
-0.399
-0.193
-0.173
-0.135
0.139
0.128
0.246
0.118
0.201
0.22
0.284
0.383
0.355
0.345
0.541
0.468
0.496
0.471
0.429
0.444
0.458
0.289
0.325
0.29
0.314
0.314
0.275
0.292
0.251
0.219
0.198
0.091
0.11
0.094
0.129
0.271
0.146
-0.035
-0.103
-0.177
-0.219
-0.245
-0.349
-0.329
-0.497
-0.478
-0.56
-0.589
-0.642
-0.694
-0.878
-0.916
-0.956
-1.002
-0.944
-1.049
-0.853
-0.766
-0.676
-0.729
-0.728
-0.544
-0.554
-0.336
-0.138
-0.155
-0.009
0.119
0.126
0.116
0.125
0.155
0.253
0.079
0.02
-0.048
0.028
-0.083
-0.233
-0.182
-0.33
-0.574
-0.575
-0.616
-0.823
-0.87
-1.006
-1.09
-0.963
-1.083
-1.099
-1.059
-1.039
-1.008
-0.984
-0.88
-0.868
-0.825
-0.841
-0.879
-0.975
-0.978
-0.797
-0.782
-0.614
-0.456
-0.489
-0.388
-0.212
-0.084
0.059
0.124
0.154
0.286
0.226
0.229
0.224
0.326
0.431
0.427
0.269
0.238
0.276
0.294
0.188
0.241
0.273
0.339
0.284
0.355
0.306
0.306
0.245
0.229
0.1
0.274
0.19
0.199
0.163
0.129
0.071
-0.045
-0.159
-0.357
-0.465
-0.429
-0.41
-0.59
-0.259
-0.103
-0.062
-0.066
-0.046
-0.136
-0.119
0.015
0.019
0.076
0.107
-0.084
-0.219
-0.15
0.033
0.134
0.209
0.116
0.289
0.316
0.296
0.312
0.376
0.335
0.241
0.251
0.092
0.126
-0.07
-0.13
-0.099
-0.062
-0.126
0.013
-0.071
-0.07
-0.247
-0.333
-0.413
-0.506
-0.58
-0.391
-0.328
-0.105
-0.056
-0.135
-0.089
-0.266
-0.136
-0.122
0.03
0.022
-0.006
-0.014
-0.168
0.107
0.147
0.044
-0.019
0.107
0.114
0.069
0.224
0.324
0.233
0.411
0.228
0.17
0.179
0.214
0.003
0.181
0.089
0.046
0.072
-0.025
-0.118
-0.128
-0.138
-0.056
0.079
0.121
-0.016
-0.029
0.026
0.095
0.01
0.141
-0.115
0.086
-0.041
-0.384
-0.25
-0.18
0.143
0.029
0.196
0.121
0.139
0.034
0.104
0.158
-0.043
-0.158
-0.107
-0.194
-0.217
-0.268
-0.251
-0.356
-0.356
-0.323
-0.314
-0.514
-0.561
-0.614
-0.787
-0.863
-0.861
-0.681
-0.851
-0.779
-0.733
-0.542
-0.534
-0.549
-0.596
-0.646
-0.501
-0.639
-0.49
-0.495
-0.539
-0.576
-1.353
-0.526
-0.66
-0.48
-0.482
-0.551
-0.318
-0.36
-0.286
-0.354
-0.147
-0.074
-0.174
0.051
0.121
0.089
0.174
0.226
0.348
0.2
0.193
-0.026
-0.122
-0.283
-0.328
-0.473
-0.481
-0.561
-0.63
-0.679
-0.651
-0.691
-0.581
-0.575
-0.489
-0.403
-0.361
-0.211
-0.103
-0.211
-0.056
-0.054
-0.001
-0.085
-0.084
-0.13
-0.195
-0.23
-0.371
-0.506
-0.475
-0.499
-0.625
-0.475
-0.638
-0.616
-0.618
-0.629
-0.571
-0.624
-0.64
-0.485
-0.541
-0.295
-0.198
-0.11
-0.247
-0.284
-0.349
-0.239
-0.089
-0.131
-0.074
-0.081
-0.101
-0.079
-0.081
-0.062
0.049
0.195
0.206
0.133
0.1
-0.019
0.062
0.156
0.253
0.289
0.339
0.408
0.426
0.46
0.376
0.461
0.527
0.529
0.378
0.416
0.411
0.284
0.168
0.154
0.131
0.156
0.288
0.21
0.271
0.275
0.181
0.064
0.071
0.065
0.062
-0.088
-0.035
-0.048
0.079
0.061
0.04
0.02
-0.099
-0.014
-0.106
-0.061
-0.129
-0.066
-0.018
0.098
0.198
0.274
0.42
0.42
0.419
0.544
0.521
0.586
0.614
0.475
0.659
0.549
0.703
0.709
0.785
0.801
0.76
0.646
0.578
0.346
0.688
0.492
0.246
0.383
-0.01
0.346
0.116
0.216
0.122
0.211
0.124
0.039
0.316
-0.07
-0.037
-0.231
-0.135
-0.014
-0.024
0.189
0.223
0.19
0.203
0.321
0.15
0.033
0.17
-0.134
-0.046
-0.101
-0.09
0.036
0.049
0.03
-0.061
0.156
0.0
0.011
0.007
0.056
0.121
0.055
0.013
0.092
0.143
0.12
0.321
0.403
0.647
0.744
0.8
0.949
1.083
1.294
1.08
1.449
1.551
1.424
1.478
1.498
1.552
1.676
1.944
2.179
1.938
2.112
2.19
2.268
2.315
2.368
2.264
2.24
2.495
2.527
2.574
2.654
2.732
2.954
2.989
2.97
3.121
3.303
3.409
3.591
3.621
3.485
3.593
3.553
3.484
3.509
3.479
3.581
3.593
3.664
3.776
3.624
3.703
3.791
3.615
3.416
3.294
3.368
3.317
3.18
3.086
2.993
2.736
2.578
2.493
2.667
2.635
2.596
2.558
2.421
2.288
2.396
2.39
2.474
2.715
2.553
2.547
2.356
2.339
2.346
2.4
2.28
2.051
2.14
1.984
1.75
1.81
1.728
1.755
1.725
1.699
1.551
1.449
1.189
1.044
0.895
0.608
0.566
0.135
0.064
0.004
0.126
-0.099
0.02
-0.051
-0.115
0.031
-0.114
-0.173
-0.269
-0.411
-0.394
-0.033
-0.152
-0.031
-0.13
-0.06
-0.114
0.101
0.149
-0.169
-0.177
-0.278
-0.425
-0.301
-0.634
-0.259
-0.135
0.019
0.044
-0.11
-0.036
-0.198
-0.229
-0.268
-0.18
-0.349
-0.516
-0.44
-0.296
-0.478
-0.497
-0.654
-0.557
-0.296
-0.159
-0.5
-0.166
-0.334
-0.19
-0.22
-0.216
-0.557
-0.75
-0.661
-0.796
-0.83
-0.905
-1.021
-0.944
-1.11
-1.076
-1.351
-1.495
-1.409
-1.371
-1.292
-1.449
-1.641
-1.6
-1.512
-1.504
-1.274
-1.103
-1.089
-1.321
-1.528
-1.792
-2.035
-2.145
-1.93
-1.667
-1.758
-1.718
-1.738
-1.444
-1.377
-1.309
-1.076
-1.104
-1.029
-1.044
-0.868
-0.879
-0.811
-1.038
-1.01
-0.524
-0.339
-0.228
-0.271
-0.242
-0.007
-0.203
-0.338
-0.446
-0.49
-0.343
-0.401
-0.318
-0.275
-0.429
-0.362
-0.47
-0.595
-0.616
-0.541
-0.565
-0.693
-0.671
-0.777
-0.753
-0.932
-0.864
-0.979
-1.064
-1.002
-0.878
-0.851
-0.878
-0.754
-0.688
-0.846
-1.012
-1.051
-1.312
-1.2
-1.155
-1.147
-0.991
-0.809
-0.729
-0.834
-0.814
-0.709
-0.86
-0.771
-0.604
-0.564
-0.566
-0.641
-0.779
-0.63
-0.47
-0.312
-0.439
-0.321
-0.27
-0.316
-0.355
-0.774
-0.594
-0.69
-0.7
-0.372
-0.438
-0.32
-0.206
-0.077
-0.086
-0.09
0.214
0.434
0.606
0.57
0.609
0.424
0.211
0.12
-0.246
-0.201
-0.194
-0.367
-0.1
-0.129
0.114
0.421
0.545
0.14
0.025
-0.238
-0.119
-0.005
0.026
0.3
0.26
0.325
0.404
0.328
0.297
0.32
0.44
0.386
0.475
0.208
0.274
0.23
0.39
0.152
-0.081
-0.289
-0.334
-0.281
-0.28
-0.291
-0.278
-0.341
-0.077
0.028
-0.194
-0.07
-0.198
-0.284
-0.326
-0.278
-0.362
-0.489
-0.475
-0.642
-0.59
-0.495
-0.554
-0.485
-0.55
-0.734
-0.686
-0.591
-0.636
-0.46
-0.415
-0.357
-0.177
-0.199
-0.349
-0.438
-0.638
-0.885
-1.059
-1.071
-1.062
-0.955
-0.9
-0.944
-0.863
-0.782
-0.535
-0.517
-0.475
-0.239
-0.174
-0.291
-0.145
-0.171
-0.271
-0.194
-0.266
-0.511
-0.519
-0.527
-0.581
-0.547
-0.599
-0.557
-0.522
-0.611
-0.708
-0.64
-0.776
-0.784
-0.781
-0.871
-0.794
-0.917
-1.038
-0.936
-0.76
-0.699
-0.51
-0.404
-0.464
-0.301
-0.349
-0.259
-0.209
-0.124
-0.263
-0.45
-0.329
-0.289
-0.36
-0.266
-0.199
-0.109
-0.128
-0.166
-0.16
-0.121
-0.147
-0.279
-0.238
-0.2
-0.403
-0.309
-0.297
-0.198
0.118
0.169
0.169
0.194
0.103
0.125
0.231
0.334
0.345
0.246
0.234
0.289
0.333
0.193
0.297
0.263
-0.04
0.029
0.001
0.143
0.11
0.228
0.191
0.258
0.328
0.396
0.459
0.562
0.448
0.527
0.439
0.128
0.369
0.314
0.238
0.504
0.305
0.168
0.206
-0.007
-0.143
-0.164
-0.326
-0.251
-0.169
-0.281
-0.104
0.165
0.185
0.24
0.372
0.323
0.704
0.44
0.386
0.238
0.265
0.051
0.054
-0.19
-0.321
-0.32
-0.399
-0.403
-0.386
-0.131
-0.164
-0.062
-0.129
-0.139
-0.16
-0.14
-0.091
-0.216
-0.174
-0.26
-0.263
-0.135
-0.233
-0.236
-0.04
0.133
0.196
0.351
0.256
0.367
0.297
0.265
0.173
0.209
0.24
0.294
0.294
0.255
0.26
0.021
0.085
0.302
0.046
-0.091
0.03
0.079
0.2
0.21
0.28
0.328
0.439
0.438
0.217
0.206
0.045
0.261
0.065
0.046
0.041
0.163
0.261
0.209
0.224
0.138
-0.08
-0.113
0.088
0.02
-0.135
-0.226
-0.446
-0.446
-0.329
-0.393
-0.246
-0.399
-0.43
-0.499
-0.43
-0.461
-0.524
-0.619
-0.819
-0.776
-1.049
-1.13
-1.032
-1.103
-1.059
-1.103
-0.9
-0.999
-1.029
-0.853
-0.635
-0.458
-0.346
-0.471
-0.521
-0.573
-0.482
-0.511
-0.417
-0.289
-0.181
0.046
-0.08
0.03
0.133
0.226
-0.016
-0.19
-0.209
-0.141
-0.021
-0.028
0.083
0.146
0.085
0.352
0.251
0.405
0.299
0.333
0.302
0.189
0.077
0.261
0.138
0.351
0.446
0.481
0.464
0.37
0.5
0.461
0.3
0.318
0.459
0.279
0.333
0.188
-0.072
-0.104
-0.189
-0.164
-0.143
-0.106
-0.098
-0.03
0.055
-0.024
0.174
0.194
0.251
-0.011
0.024
-0.06
0.025
0.124
0.129
0.118
0.158
-0.069
-0.12
-0.039
-0.061
0.105
0.043
-0.163
-0.206
-0.265
-0.186
-0.119
-0.133
-0.144
-0.216
-0.223
-0.128
-0.18
-0.018
-0.26
-0.254
-0.239
-0.288
-0.3
-0.258
-0.266
-0.273
-0.36
-0.19
-0.225
-0.356
-0.335
-0.306
-0.071
-0.355
-0.188
-0.328
-0.247
-0.309
-0.255
-0.37
-0.459
-0.484
-0.496
-0.466
-0.46
-0.621
-0.517
-0.411
-0.506
-0.549
-0.484
-0.6
-0.515
-0.381
-0.406
-0.226
-0.357
-0.324
-0.388
-0.51
-0.544
-0.758
-0.965
-0.93
-0.97
-0.792
-0.848
-0.718
-0.679
-0.812
-0.685
-0.963
-0.819
-0.8
-0.557
-0.765
-0.814
-0.818
-0.614
-0.77
-0.651
-0.74
-0.718
-0.599
-0.641
-0.676
-0.551
-0.574
-0.475
-0.486
-0.391
-0.492
-0.254
-0.315
-0.138
0.019
0.041
0.056
0.2
0.299
0.253
0.399
0.44
0.489
0.446
0.458
0.444
0.451
0.471
0.508
0.614
0.571
0.588
0.583
0.638
0.556
0.495
0.605
0.605
0.575
0.503
0.517
0.388
0.4
0.367
0.319
0.052
0.025
-0.074
-0.333
-0.588
-0.35
-0.458
-0.254
-0.119
-0.17
-0.241
-0.171
-0.216
-0.212
-0.184
-0.147
-0.072
-0.14
-0.069
-0.074
-0.025
0.092
0.188
-0.156
-0.15
-0.033
-0.025
-0.02
-0.11
-0.144
-0.32
-0.427
-0.309
-0.25
-0.116
-0.216
-0.226
-0.228
-0.305
-0.226
-0.255
-0.307
-0.316
-0.186
-0.271
-0.31
-0.281
-0.221
-0.161
-0.14
-0.285
-0.328
-0.043
-0.264
-0.247
-0.378
-0.385
-0.328
-0.316
-0.524
-0.464
-0.46
-0.541
-0.336
-0.425
-0.374
-0.459
-0.348
-0.413
-0.364
-0.334
-0.321
-0.398
-0.288
-0.307
-0.177
-0.07
0.079
0.039
0.024
-0.103
-0.091
-0.036
0.072
0.098
0.217
0.215
0.324
0.408
0.546
0.584
0.686
0.689
0.759
0.75
0.682
0.714
0.739
0.662
0.659
0.642
0.691
0.505
0.539
0.499
0.395
0.37
0.269
0.389
0.225
0.484
0.743
0.843
1.11
1.021
1.052
1.161
1.155
1.306
1.301
1.325
1.496
1.309
1.186
1.093
1.06
1.198
1.301
1.514
1.381
1.59
1.59
1.401
1.548
1.475
1.699
1.768
1.675
1.706
1.985
1.991
1.943
2.065
2.05
2.041
2.169
2.22
2.211
2.348
2.395
2.303
2.341
2.317
2.494
2.585
2.381
2.526
2.299
2.366
2.271
2.127
2.174
2.158
2.146
2.333
2.364
2.459
2.488
2.502
2.325
2.535
2.698
2.776
3.022
2.875
3.018
2.88
2.756
2.91
2.671
2.684
2.566
2.613
2.565
2.627
2.489
2.468
2.596
2.714
2.704
2.708
10.332
2.964
2.741
2.692
2.62
2.42
2.464
2.24
2.129
2.179
2.172
2.19
2.163
2.139
2.491
2.565
2.484
2.468
2.445
2.396
2.413
2.235
2.024
1.933
1.719
1.693
1.5
1.579
1.409
1.286
1.419
1.495
1.304
0.804
0.679
0.674
0.557
0.389
0.311
0.449
0.458
0.448
0.181
0.165
0.209
0.124
0.224
0.21
-0.06
-0.02
-0.441
-0.44
-0.304
-0.339
-0.489
-0.385
-0.291
-0.096
-0.066
-0.098
0.095
-0.146
-0.294
-0.405
-0.594
-0.693
-0.828
-0.873
-0.779
-0.818
-1.224
-1.006
-1.07
-0.981
-0.906
-1.204
-1.1
-1.335
-1.031
-1.042
-0.991
-1.084
-0.795
-0.939
-0.864
-0.665
-0.324
-0.441
-0.328
-0.395
-0.27
-0.371
-0.386
-0.432
-0.628
-0.439
-0.271
-0.208
-0.135
0.119
-0.1
-0.015
-0.031
-0.22
-0.156
-0.329
-0.175
-0.436
-0.573
-0.623
-0.351
-0.691
-0.807
-0.92
-0.995
-0.739
-0.465
-0.388
-0.371
-0.647
-0.885
-0.751
-0.922
-0.869
-0.86
-0.922
-0.89
-1.01
-0.728
-0.84
-0.797
-0.666
-0.74
-0.863
-1.006
-1.059
