-0.091
-0.216
-0.174
-0.26
-0.263
-0.135
-0.233
-0.236
-0.04
0.133
0.196
0.351
0.256
0.367
0.297
0.265
0.173
0.209
0.24
0.294
0.294
0.255
0.26
0.021
0.085
0.302
0.046
-0.091
0.03
0.079
0.2
0.21
0.28
0.328
0.439
0.438
0.217
0.206
0.045
0.261
0.065
0.046
0.041
0.163
0.261
0.209
0.224
0.138
-0.08
-0.113
0.088
0.02
-0.135
-0.226
-0.446
-0.446
-0.329
-0.393
-0.246
-0.399
-0.43
-0.499
-0.43
-0.461
-0.524
-0.619
-0.819
-0.776
-1.049
-1.13
-1.032
-1.103
-1.059
-1.103
-0.9
-0.999
-1.029
-0.853
-0.635
-0.458
-0.346
-0.471
-0.521
-0.573
-0.482
-0.511
-0.417
-0.289
-0.181
0.046
-0.08
0.03
0.133
0.226
-0.016
-0.19
-0.209
-0.141
-0.021
-0.028
0.083
0.146
0.085
0.352
0.251
0.405
0.299
0.333
0.302
0.189
0.077
0.261
0.138
0.351
0.446
0.481
0.464
0.37
0.5
0.461
0.3
0.318
0.459
0.279
0.333
0.188
-0.072
-0.104
-0.189
-0.164
-0.143
-0.106
-0.098
-0.03
0.055
-0.024
0.174
0.194
0.251
-0.011
0.024
-0.06
0.025
0.124
0.129
0.118
0.158
-0.069
-0.12
-0.039
-0.061
0.105
0.043
-0.163
-0.206
-0.265
-0.186
-0.119
-0.133
-0.144
-0.216
-0.223
-0.128
-0.18
-0.018
-0.26
-0.254
-0.239
-0.288
-0.3
-0.258
-0.266
-0.273
-0.36
-0.19
-0.225
-0.356
-0.335
-0.306
-0.071
-0.355
-0.188
-0.328
-0.247
-0.309
-0.255
-0.37
-0.459
-0.484
-0.496
-0.466
-0.46
-0.621
-0.517
-0.411
-0.506
-0.549
-0.484
-0.6
-0.515
-0.381
-0.406
-0.226
-0.357
-0.324
-0.388
-0.51
-0.544
-0.758
-0.965
-0.93
-0.97
-0.792
-0.848
-0.718
-0.679
-0.812
-0.685
-0.963
-0.819
-0.8
-0.557
-0.765
-0.814
-0.818
-0.614
-0.77
-0.651
-0.74
-0.718
-0.599
-0.641
-0.676
-0.551
-0.574
-0.475
-0.486
-0.391
-0.492
-0.254
-0.315
-0.138
0.019
0.041
0.056
0.2
0.299
0.253
0.399
0.44
0.489
0.446
0.458
0.444
0.451
0.471
0.508
0.614
0.571
0.588
0.583
0.638
0.556
0.495
0.605
0.605
0.575
0.503
0.517
0.388
0.4
0.367
0.319
0.052
0.025
-0.074
-0.333
-0.588
-0.35
-0.458
-0.254
-0.119
-0.17
-0.241
-0.171
-0.216
-0.212
-0.184
-0.147
-0.072
-0.14
-0.069
-0.074
-0.025
0.092
0.188
-0.156
-0.15
-0.033
-0.025
-0.02
-0.11
-0.144
-0.32
-0.427
-0.309
-0.25
-0.116
-0.216
-0.226
-0.228
-0.305
-0.226
-0.255
-0.307
-0.316
-0.186
-0.271
-0.31
-0.281
-0.221
-0.161
-0.14
-0.285
-0.328
-0.043
-0.264
-0.247
-0.378
-0.385
-0.328
-0.316
-0.524
-0.464
-0.46
-0.541
-0.336
-0.425
-0.374
-0.459
-0.348
-0.413
-0.364
-0.334
-0.321
-0.398
-0.288
-0.307
-0.177
-0.07
0.079
0.039
0.024
-0.103
-0.091
-0.036
0.072
0.098
0.217
0.215
0.324
0.408
0.546
0.584
0.686
0.689
0.759
0.75
0.682
0.714
0.739
0.662
0.659
0.642
0.691
0.505
0.539
0.499
0.395
0.37
0.269
0.389
0.225
0.484
0.743
0.843
1.11
1.021
1.052
1.161
1.155
1.306
1.301
1.325
1.496
1.309
1.186
1.093
1.06
1.198
1.301
1.514
1.381
1.59
1.59
1.401
1.548
1.475
1.699
1.768
1.675
1.706
1.985
1.991
1.943
2.065
2.05
2.041
2.169
2.22
2.211
2.348
2.395
2.303
2.341
2.317
2.494
2.585
2.381
2.526
2.299
2.366
2.271
2.127
2.174
2.158
2.146
2.333
2.364
2.459
2.488
2.502
2.325
2.535
2.698
2.776
3.022
2.875
3.018
2.88
2.756
2.91
2.671
2.684
2.566
2.613
2.565
2.627
2.489
2.468
2.596
2.714
2.704
2.708
10.332
2.964
2.741
2.692
2.62
2.42
2.464
2.24
2.129
2.179
2.172
2.19
2.163
2.139
2.491
2.565
2.484
2.468
2.445
2.396
2.413
2.235
2.024
1.933
1.719
1.693
1.5
1.579
1.409
1.286
1.419
1.495
1.304
0.804
0.679
0.674
0.557
0.389
0.311
0.449
0.458
0.448
0.181
0.165
0.209
0.124
0.224
0.21
-0.06
-0.02
-0.441
-0.44
-0.304
-0.339
-0.489
-0.385
-0.291
-0.096
-0.066
-0.098
0.095
-0.146
-0.294
-0.405
-0.594
-0.693
-0.828
-0.873
-0.779
-0.818
-1.224
-1.006
-1.07
-0.981
-0.906
-1.204
-1.1
-1.335
-1.031
-1.042
-0.991
-1.084
-0.795
-0.939
-0.864
-0.665
-0.324
-0.441
-0.328
-0.395
-0.27
-0.371
-0.386
-0.432
-0.628
-0.439
-0.271
-0.208
-0.135
0.119
-0.1
-0.015
-0.031
-0.22
-0.156
-0.329
-0.175
-0.436
-0.573
-0.623
-0.351
-0.691
-0.807
-0.92
-0.995
-0.739
-0.465
-0.388
-0.371
-0.647
-0.885
-0.751
-0.922
-0.869
-0.86
-0.922
-0.89
-1.01
-0.728
-0.84
-0.797
-0.666
-0.74
-0.863
-1.006
-1.059
-0.841
-0.879
-0.621
-0.593
-0.578
-0.662
-0.557
-0.738
-0.603
-0.531
-0.516
-0.761
-0.551
-0.304
-0.336
-0.439
-0.593
-0.642
-0.719
-0.66
-0.508
-0.55
-0.603
-0.896
-0.671
-1.081
-1.089
-1.116
-1.032
-0.844
-1.015
-1.14
-1.195
-1.044
-0.941
-0.975
-0.97
-1.15
-1.173
-1.206
-1.558
-1.53
-1.231
-1.17
-1.341
-1.288
-1.333
-1.389
-1.333
-1.271
-1.201
-1.24
-1.196
-1.316
-1.185
-1.258
-1.201
-1.147
-1.256
-1.285
-1.236
-1.353
-1.173
-1.009
-0.667
-0.53
-0.501
-0.529
-0.555
-0.521
-0.569
-0.56
-0.644
-0.603
-0.284
-0.445
-0.665
-0.328
-0.345
-0.352
-0.288
-0.254
-0.111
-0.08
-0.165
-0.299
-0.185
-0.103
-0.126
-0.11
-0.199
-0.193
-0.206
-0.191
-0.427
-0.328
-0.486
-0.659
-0.745
-0.89
-1.06
-1.001
-0.965
-1.1
-1.121
-1.022
-1.144
-1.066
-1.001
-0.789
-0.794
-0.796
-0.848
-0.726
-0.823
-0.855
-0.746
-0.766
-0.618
-0.633
-0.624
-0.512
-0.468
-0.352
-0.39
-0.59
-0.696
-0.696
-0.661
-0.589
-0.465
-0.481
-0.517
-0.427
-0.393
-0.371
-0.51
-0.297
-0.198
-0.034
-0.02
-0.004
-0.05
-0.247
-0.286
-0.398
-0.469
-0.576
-0.619
-0.583
-0.426
-0.289
-0.1
-0.06
-0.056
0.111
0.054
0.31
0.15
-0.05
0.072
0.03
-0.113
-0.2
-0.346
-0.319
-0.203
-0.256
-0.304
-0.26
-0.19
-0.25
-0.306
-0.291
0.141
0.286
0.044
0.284
0.193
0.413
0.473
0.3
0.345
0.386
0.599
0.65
0.455
0.47
0.466
0.376
0.561
0.465
0.371
0.573
0.835
0.786
0.766
0.755
0.889
0.781
0.719
0.855
0.843
0.991
0.999
0.851
0.868
0.889
0.916
0.791
0.69
0.4
0.235
0.022
-0.065
-0.268
-0.283
-0.235
-0.236
-0.08
-0.234
-0.348
-0.221
-0.247
-0.11
0.02
-0.217
-0.036
0.07
0.195
0.249
0.259
0.089
0.231
0.164
0.325
0.371
0.365
0.481
0.399
0.389
0.265
0.305
0.35
0.399
0.559
0.369
0.536
0.376
0.539
0.375
0.509
0.542
0.714
0.82
0.54
0.383
0.398
0.375
0.432
0.628
0.588
0.599
0.685
0.674
0.542
0.435
0.431
0.47
0.315
0.166
-0.019
0.046
-0.071
0.029
0.146
-0.026
0.034
0.037
0.088
0.128
0.133
-0.05
-0.043
0.0
0.01
0.088
0.011
0.058
0.034
-0.114
-0.109
-0.03
0.041
-0.11
0.026
-0.17
-0.302
-0.556
-0.46
-0.5
-0.459
-0.385
-0.33
-0.193
-0.146
-0.163
-0.128
-0.076
0.118
-0.149
-0.188
-0.085
-0.019
-0.185
-0.231
-0.341
-0.256
-0.292
-0.565
-0.469
-0.475
-0.416
-0.474
-0.369
-0.264
-0.463
-0.388
-0.54
-0.36
-0.175
-0.321
-0.107
-0.088
-0.155
0.015
-0.133
0.033
-0.111
-0.045
0.058
-0.011
-0.189
-0.101
-0.062
-0.045
0.071
0.276
0.278
0.221
0.236
0.04
-0.04
-0.018
-0.095
-0.193
-0.136
0.075
-0.089
-0.181
0.024
0.181
0.215
0.305
0.312
0.163
0.273
0.188
0.131
0.084
0.285
0.139
0.244
0.179
0.164
0.196
-0.079
-0.139
-0.291
-0.343
-0.17
-0.217
-0.25
-0.175
-0.104
-0.077
0.17
0.101
0.028
0.125
0.177
0.251
0.231
0.217
0.286
0.26
0.283
0.323
0.134
0.17
0.144
-0.03
0.001
-0.019
0.045
-0.028
-0.147
-0.409
-0.185
-0.25
-0.365
-0.316
-0.536
-0.491
-0.5
-0.519
-0.535
-0.393
-0.55
-0.508
-0.487
-0.579
-0.446
-0.529
-0.451
-0.239
-0.029
-0.215
-0.366
-0.365
-0.334
-0.403
-0.409
-0.328
-0.223
0.039
-0.143
-0.029
0.099
0.056
0.128
-0.12
0.005
-0.01
0.084
0.136
0.071
0.161
0.118
0.104
0.179
0.121
0.234
0.15
0.114
0.119
0.185
0.099
0.039
-0.122
-0.13
-0.314
-0.273
-0.31
-0.482
-0.231
-0.403
-0.416
-0.431
-0.414
-0.236
-0.206
-0.396
-0.376
-0.413
-0.38
-0.721
-0.855
-0.711
-0.909
-0.855
-0.854
-0.874
-0.841
-0.924
-0.776
-0.661
-0.501
-0.578
-0.396
-0.36
-0.378
-0.194
-0.31
-0.307
-0.302
-0.369
-0.28
-0.216
-0.179
-0.138
-0.274
-0.23
-0.573
-0.699
-0.646
-0.486
-0.354
-0.055
-0.263
-0.174
-0.074
-0.059
-0.074
-0.015
0.01
-0.24
-0.173
-0.295
-0.481
-0.485
-0.629
-0.525
-0.835
-0.753
-0.524
-0.889
-0.799
-0.854
-0.834
-0.79
-0.915
-0.726
-0.89
-0.769
-0.719
-0.945
-0.768
-0.569
-0.45
-0.361
-0.301
-0.487
-0.497
-0.54
-0.58
-0.438
-0.249
-0.224
-0.181
-0.118
-0.125
-0.147
-0.279
-0.426
-0.062
0.059
0.304
0.391
0.575
0.321
0.249
0.395
0.474
0.424
0.489
0.504
0.662
0.606
0.554
0.657
0.951
0.978
0.958
1.101
1.329
0.934
0.836
0.854
0.909
1.004
0.785
0.781
0.67
0.564
0.791
0.766
0.745
0.768
0.979
0.866
1.015
1.056
1.101
1.165
1.23
1.231
1.179
1.349
1.258
1.39
1.349
1.463
1.485
1.505
1.536
1.394
1.494
1.505
1.601
1.607
1.779
1.998
1.96
2.027
2.155
2.254
2.144
2.026
2.356
2.344
2.26
2.404
2.089
2.123
2.172
1.788
1.919
2.044
2.145
2.147
2.159
2.401
2.299
2.345
2.33
2.235
2.215
2.496
2.29
2.339
2.141
2.357
2.29
2.224
2.251
2.295
2.192
2.331
1.911
1.981
2.15
2.192
2.046
2.059
2.042
1.896
1.9
1.713
1.694
1.765
1.518
1.794
1.866
1.91
1.806
1.731
1.729
1.721
1.834
2.134
1.734
1.84
1.735
1.744
1.785
1.542
1.53
1.741
1.915
1.698
1.621
1.65
1.545
1.305
1.052
0.927
0.966
0.839
0.93
0.784
0.615
0.659
0.516
0.266
0.241
-0.18
-0.249
-0.256
-0.24
-0.311
-0.454
-0.544
-0.341
-0.383
-0.3
-0.455
-0.398
-0.378
-0.217
-0.136
-0.013
0.22
0.135
0.083
-0.072
-0.139
-0.081
-0.06
-0.134
0.005
-0.225
-0.203
-0.203
-0.13
-0.107
-0.451
-0.443
-0.398
-0.325
-0.366
-0.672
-0.845
-1.114
-1.208
-1.581
-1.255
-1.304
-1.258
-1.481
-1.71
-1.555
-1.604
-1.472
-1.559
-1.411
-1.235
-1.316
-1.371
-1.518
-1.876
-2.545
-2.275
-2.03
-1.945
-1.975
-1.681
-1.218
-1.117
-1.1
-0.999
-1.058
-0.895
-0.642
-0.834
-0.74
-0.655
-0.688
-0.932
-0.779
-0.839
-0.988
-0.81
-0.581
-0.624
-0.604
-0.703
-0.807
-0.819
-0.64
-0.657
-0.675
-0.823
-0.715
-0.542
-0.545
-0.401
-0.496
-0.427
-0.517
-0.429
-0.306
-0.448
-0.269
-0.554
-0.631
-0.456
-0.585
-0.469
-0.216
-0.026
-0.07
-0.088
0.194
0.04
0.049
-0.046
-0.424
-0.393
-0.645
-0.714
-0.75
-0.833
-0.98
-1.081
-1.157
-1.096
-0.959
-1.035
-1.116
-1.175
-1.153
-1.169
-1.381
-1.441
-1.274
-1.357
-1.345
-1.27
-1.107
-1.359
-1.166
-1.12
-1.157
-0.975
-0.979
-0.804
-0.954
-0.889
-0.836
-0.791
-0.911
-0.78
-0.811
-0.676
-0.861
-0.718
-0.858
-0.579
-0.456
-0.37
-0.219
-0.19
-0.247
-0.398
-0.345
-0.092
0.124
0.386
0.352
0.698
0.733
0.764
0.705
0.635
0.655
0.549
0.519
0.652
0.659
0.583
0.802
0.647
0.791
0.82
0.797
0.729
0.844
0.714
0.708
0.569
0.484
0.5
0.364
0.281
0.276
0.044
-0.083
-0.121
-0.302
-0.295
0.147
-0.22
-0.263
-0.269
-0.408
-0.264
-0.283
-0.105
0.079
0.195
0.043
-0.07
-0.026
-0.022
-0.144
-0.259
-0.378
-0.143
-0.378
-0.344
-0.338
-0.398
-0.098
-0.089
0.214
0.138
0.046
-0.064
-0.095
-0.009
0.246
0.212
0.044
0.086
0.276
0.005
-0.152
-0.029
-0.024
-0.135
-0.059
-0.254
-0.005
-0.103
-0.17
-0.256
-0.107
-0.464
-0.576
-0.354
-0.409
-0.352
-0.301
-0.489
-0.475
-0.78
-0.693
-0.652
-0.946
-1.005
-0.816
-0.8
-0.835
-0.825
-0.906
-0.824
-0.86
-0.591
-0.54
-0.393
-0.279
-0.052
-0.139
-0.247
-0.264
-0.176
-0.155
0.115
0.104
0.024
0.048
0.02
-0.115
0.013
0.088
-0.08
0.001
-0.011
-0.168
-0.536
-0.522
-0.411
-0.354
-0.241
-0.193
-0.066
-0.11
0.029
-0.046
-0.013
0.075
0.23
0.208
0.301
0.284
0.305
0.138
0.164
-0.043
0.056
-0.013
0.031
0.083
-0.081
0.14
0.275
0.305
0.554
0.719
0.531
0.44
0.361
0.36
0.211
0.054
-0.069
-0.269
-0.138
-0.08
0.02
0.163
-0.024
-0.092
-0.258
-0.146
-0.651
-0.634
-0.644
-0.595
-0.366
-0.463
-0.399
-0.3
-0.259
-0.296
-0.28
-0.103
-0.329
-0.174
-0.154
-0.188
-0.177
-0.081
-0.226
-0.217
-0.152
0.049
0.184
0.286
0.383
0.224
0.116
-0.089
0.111
-0.138
-0.191
-0.186
-0.165
-0.279
-0.32
-0.269
-0.152
-0.101
0.094
0.039
-0.072
-0.061
-0.052
-0.374
-0.564
-0.68
-0.695
-0.664
-0.438
-0.208
-0.393
-0.275
-0.17
-0.238
-0.201
-0.274
-0.389
-0.115
-0.04
-0.001
-0.098
-0.147
-0.258
-0.367
-0.357
-0.349
-0.13
-0.285
-0.177
-0.375
-0.492
-0.459
-0.456
-0.359
-0.524
-0.541
-0.585
-0.343
-0.305
-0.205
-0.329
-0.184
-0.151
-0.25
-0.205
-0.013
0.163
0.289
0.393
0.547
0.529
0.685
0.689
0.716
0.661
0.529
0.414
0.295
0.309
0.489
0.417
0.485
0.403
0.333
0.173
0.24
0.214
0.27
0.29
0.355
0.245
0.23
0.099
0.041
0.009
-0.208
-0.111
0.043
-0.06
0.125
-0.011
-0.081
0.001
-0.058
-0.351
-0.27
-0.484
-0.761
-0.815
-0.907
-0.561
-0.503
-0.278
-0.159
-0.043
0.134
0.086
0.107
0.314
0.323
0.315
0.492
0.403
0.479
0.524
0.369
0.361
0.217
0.138
0.059
-0.098
-0.165
-0.04
-0.029
-0.066
-0.163
-0.085
0.026
0.054
-0.301
-0.235
-0.264
-0.299
-0.236
-0.273
-0.279
-0.234
-0.249
-0.329
-0.269
-0.249
-0.186
-0.295
-0.247
-0.284
-0.221
-0.109
-0.12
0.055
0.028
-0.072
-0.064
-0.009
0.065
0.039
-0.072
-0.015
-0.046
0.025
-0.091
-0.111
-0.289
-0.297
-0.36
-0.499
-0.586
-0.486
-0.87
-0.835
-0.738
-0.9
-1.005
-1.127
-1.011
-0.881
-0.85
-0.754
-0.775
-0.771
-0.735
-0.708
-0.459
-0.584
-0.376
-0.448
-0.398
-0.443
-0.42
-0.367
-0.362
-0.343
-0.309
-0.271
-0.101
-0.23
-0.152
0.009
0.052
0.059
0.225
0.323
0.316
0.086
0.189
0.189
0.066
0.094
0.129
0.261
0.13
0.139
0.037
0.079
-0.189
-0.324
-0.241
-0.351
-0.59
-0.445
-0.521
-0.719
-0.586
-0.599
-0.494
-0.555
-0.6
-0.473
-0.422
-0.33
-0.501
-0.588
-0.455
-0.495
-0.413
-0.389
-0.247
-0.173
-0.306
-0.263
-0.371
-0.424
-0.273
-0.235
-0.144
-0.186
-0.086
0.021
0.009
-0.033
-0.229
-0.219
-0.256
-0.119
0.0
-0.095
-0.049
-0.043
0.046
0.116
-0.009
0.056
0.175
0.049
0.049
0.091
0.168
0.193
0.101
0.294
0.501
0.295
0.302
0.404
0.409
0.311
0.408
0.514
0.639
0.782
0.968
0.85
1.019
1.169
1.204
1.001
1.117
1.265
1.453
1.45
1.561
1.631
1.663
1.673
1.755
1.718
1.691
1.865
1.708
1.724
1.759
1.685
1.626
1.665
1.631
1.574
1.433
1.589
1.593
1.619
1.674
1.595
1.616
1.38
1.203
1.193
1.015
1.144
1.262
1.586
1.765
1.679
1.714
1.676
1.53
1.426
1.177
1.279
1.333
1.356
1.589
1.579
1.56
1.77
1.651
1.708
1.674
1.8
1.718
1.704
1.755
1.845
1.865
2.035
1.623
2.004
1.558
1.748
1.544
1.603
1.617
1.528
1.48
1.26
1.125
1.188
0.966
1.121
1.069
1.056
1.051
0.99
1.002
1.031
1.059
1.211
1.251
1.076
0.902
0.994
0.97
0.828
0.79
0.647
0.586
0.628
0.812
0.701
0.629
0.52
0.619
0.801
0.886
1.097
0.975
0.781
0.939
0.951
0.961
0.789
0.575
0.828
0.689
0.635
0.492
0.58
0.826
0.706
0.677
0.994
1.079
1.124
1.286
1.31
0.986
0.909
0.883
0.812
0.569
0.261
0.071
-0.031
0.094
0.103
-0.045
0.099
0.036
-0.03
-0.179
-0.219
-0.121
-0.318
-0.405
-0.23
-0.105
-0.27
-0.26
-0.098
-0.191
-0.05
-0.152
-0.435
-0.575
-0.569
-0.598
-0.749
-0.656
-0.725
-0.774
-0.568
-0.641
-0.776
-10.336
-1.258
-1.312
-1.35
-1.353
-1.116
-1.124
-1.061
-0.983
-1.025
-0.814
-0.718
-0.552
-0.435
-0.255
-0.46
-0.158
-0.244
-0.334
-0.409
-0.473
-0.3
-0.295
-0.145
-0.091
-0.055
-0.519
-0.512
-0.374
-0.845
-0.754
-0.688
-0.939
-0.704
-0.647
-0.46
-0.519
-0.434
-0.336
-0.37
-0.214
-0.066
-0.194
-0.182
-0.196
-0.061
-0.099
0.094
0.034
0.228
0.431
0.278
0.497
0.349
0.309
0.052
-0.196
-0.206
-0.217
-0.274
-0.318
0.001
0.006
0.036
0.251
0.364
0.134
0.069
-0.028
-0.08
-0.379
-0.466
-0.309
-0.413
-0.508
-0.369
-0.155
-0.149
-0.131
-0.276
-0.434
-0.349
-0.466
-0.276
-0.019
0.092
0.074
0.181
0.182
-0.021
0.075
0.024
-0.281
-0.066
0.029
-0.003
-0.094
-0.015
-0.039
0.283
0.189
0.1
0.11
-0.092
-0.26
-0.405
-0.362
-0.682
-0.571
-0.691
-0.526
-0.573
-0.811
-0.826
-0.738
-0.733
-0.694
-0.695
-0.645
-0.7
-0.349
-0.509
-0.46
-0.357
-0.329
-0.254
-0.48
-0.609
-0.519
-0.753
-0.684
-0.811
-0.784
-0.733
-0.846
-0.726
-0.671
-0.774
-0.9
-1.147
-1.188
-1.229
-1.5
-1.379
-1.298
-1.203
-1.035
-1.044
-0.911
-0.859
-0.639
-0.741
-0.58
-0.426
-0.31
-0.214
-0.26
-0.23
-0.147
-0.024
0.118
0.161
0.013
-0.07
-0.11
-0.06
-0.048
-0.115
-0.094
-0.028
-0.121
-0.1
-0.113
-0.21
-0.233
-0.109
-0.001
0.107
0.065
0.026
0.158
0.051
0.275
0.201
0.27
0.214
0.045
0.219
0.165
0.325
0.283
0.091
0.154
-0.037
0.156
0.241
0.346
0.333
0.425
0.539
0.65
0.741
0.902
0.935
1.01
1.186
1.204
1.024
0.97
1.114
1.242
1.218
1.159
1.204
1.059
1.252
1.23
1.008
0.88
0.831
0.792
0.64
0.375
0.216
0.165
0.07
0.14
0.013
0.221
0.03
0.075
-0.066
-0.133
-0.075
-0.064
0.08
0.185
0.159
0.11
0.064
0.223
0.326
0.366
0.499
0.682
0.858
0.934
0.897
0.901
0.846
0.688
0.69
0.527
0.235
0.249
0.229
-0.04
0.122
-0.156
-0.214
-0.24
-0.103
0.004
-0.06
0.058
0.03
-0.133
-0.041
-0.145
0.011
-0.034
0.007
0.056
-0.182
-0.182
-0.143
0.009
0.022
-0.122
-0.118
-0.06
-0.231
-0.475
-0.381
-0.408
-0.046
0.305
0.28
0.378
0.226
0.341
0.319
0.103
0.15
0.095
-0.04
0.022
0.013
0.064
-0.051
-0.196
-0.2
0.015
-0.052
-0.04
-0.138
-0.005
-0.049
0.049
-0.058
-0.048
-0.104
-0.209
-0.384
-0.396
-0.269
-0.37
-0.299
-0.279
-0.088
0.145
0.034
0.013
0.175
-0.001
-0.044
-0.338
-0.352
-0.005
-0.105
0.076
0.296
0.25
0.408
0.422
0.268
0.247
0.271
0.245
0.318
0.181
0.288
0.309
0.37
0.459
0.509
0.763
0.67
0.515
0.542
0.469
0.531
0.393
0.354
0.41
0.362
0.427
0.386
0.238
-0.046
-0.146
-0.074
-0.141
-0.28
-0.438
-0.492
-0.546
-0.586
-0.776
-0.777
-0.693
-0.59
-0.701
-0.575
-0.426
-0.473
-0.596
-0.729
-0.575
-0.636
-0.505
-0.443
-0.669
-0.595
-0.665
-0.431
-0.263
-0.156
-0.099
0.24
0.439
0.385
0.335
0.426
0.383
0.24
0.264
0.208
0.131
-0.02
0.083
-0.014
-0.046
