-0.052
-0.04
-0.138
-0.005
-0.049
0.049
-0.058
-0.048
-0.104
-0.209
-0.384
-0.396
-0.269
-0.37
-0.299
-0.279
-0.088
0.145
0.034
0.013
0.175
-0.001
-0.044
-0.338
-0.352
-0.005
-0.105
0.076
0.296
0.25
0.408
0.422
0.268
0.247
0.271
0.245
0.318
0.181
0.288
0.309
0.37
0.459
0.509
0.763
0.67
0.515
0.542
0.469
0.531
0.393
0.354
0.41
0.362
0.427
0.386
0.238
-0.046
-0.146
-0.074
-0.141
-0.28
-0.438
-0.492
-0.546
-0.586
-0.776
-0.777
-0.693
-0.59
-0.701
-0.575
-0.426
-0.473
-0.596
-0.729
-0.575
-0.636
-0.505
-0.443
-0.669
-0.595
-0.665
-0.431
-0.263
-0.156
-0.099
0.24
0.439
0.385
0.335
0.426
0.383
0.24
0.264
0.208
0.131
-0.02
0.083
-0.014
-0.046
-0.011
-0.184
-0.121
-0.154
-0.216
-0.214
-0.206
-0.283
-0.169
-0.051
0.01
-0.044
0.003
-0.079
-0.149
-0.161
-0.268
-0.344
-0.522
-0.655
-0.635
-0.619
-0.65
-0.62
-0.749
-0.626
-0.629
-0.649
-0.698
-0.775
-0.651
-0.753
-0.728
-0.964
-0.963
-1.041
-1.07
-0.98
-1.166
-1.179
-1.26
-1.04
-0.985
-0.999
-0.841
-0.934
-0.724
-0.814
-0.571
-0.718
-0.81
-0.66
-0.564
-0.194
-0.49
-0.365
-0.323
-0.154
0.077
0.072
0.173
0.089
-0.095
-0.101
0.128
0.228
0.221
0.325
0.33
0.398
0.219
0.345
0.236
0.409
0.615
0.644
0.709
0.599
0.723
0.536
0.47
0.38
0.508
0.562
0.517
0.7
0.598
0.672
0.633
0.33
0.333
0.239
0.271
0.181
0.264
0.398
0.338
0.309
0.224
0.151
-0.052
-0.259
-0.384
-0.318
-0.43
-0.359
-0.398
-0.405
-0.307
-0.292
-0.23
-0.234
-0.086
-0.072
-0.036
-0.033
-0.168
-0.08
-0.17
-0.14
-0.294
-0.144
-0.263
-0.479
-0.344
-0.17
-0.371
-0.311
-0.284
-0.18
-0.1
-0.147
-0.086
-0.212
-0.259
-0.14
-0.131
0.128
0.089
0.149
0.156
0.185
0.016
0.131
-0.098
-0.029
-0.103
-0.005
-0.062
0.124
0.072
0.299
0.352
0.526
0.669
0.711
0.671
0.74
0.931
0.878
1.064
1.239
1.282
1.22
1.1
1.268
1.39
1.57
1.635
1.711
1.754
1.701
1.729
1.669
1.698
1.739
1.453
1.324
1.311
1.285
1.425
1.502
1.562
1.657
1.796
1.835
2.093
2.07
2.076
2.22
2.32
2.196
2.126
2.261
2.166
2.083
2.019
1.975
1.82
1.992
1.741
1.844
2.014
2.079
1.992
1.876
2.046
1.949
1.89
1.759
1.519
1.314
1.415
1.455
1.552
1.676
1.657
1.798
1.651
1.624
1.561
1.561
1.596
1.455
1.185
1.065
0.639
0.515
0.388
0.291
0.419
0.674
0.921
0.931
1.114
0.999
0.949
0.979
0.831
0.843
0.675
0.657
0.556
0.598
0.718
0.672
0.704
0.77
1.014
1.127
1.151
1.105
0.689
0.718
0.52
0.511
0.64
0.704
0.751
0.674
0.625
0.792
0.856
0.945
1.155
1.005
1.075
1.012
1.133
0.951
0.743
0.816
0.733
0.638
0.883
1.117
0.853
0.953
0.85
0.508
0.616
0.588
0.782
0.626
0.676
0.511
0.478
0.657
0.691
0.693
0.991
1.17
0.999
0.785
0.729
0.276
0.151
0.072
0.118
0.045
-0.301
-0.311
-0.579
-0.676
-0.787
-0.991
-0.956
-1.191
-1.434
-1.426
-1.64
-1.607
-1.387
-1.443
-1.476
-1.435
-1.421
-1.478
-1.544
-1.538
-1.45
-1.445
-1.284
-1.605
-1.613
-1.512
-1.621
-1.451
-1.39
-1.426
-1.302
-1.439
-1.609
-1.674
-1.601
-1.301
-1.111
-1.106
-1.235
-1.226
-1.009
-0.925
-0.92
-1.002
-1.211
-1.185
-1.234
-1.244
-1.173
-0.971
-1.048
-0.993
-1.04
-1.137
-1.034
-1.246
-0.981
-0.93
-0.745
-0.76
-0.885
-0.649
-0.611
-0.394
-0.439
-0.465
-0.224
-0.186
-0.125
-0.035
-0.198
-0.256
-0.362
-0.524
-0.511
-0.616
-0.721
-0.708
-0.61
-0.376
-0.399
-0.155
-0.255
-0.145
-0.149
-0.104
0.041
-0.006
-0.004
-0.145
-0.026
0.166
0.497
0.497
0.497
0.758
0.473
0.459
0.195
0.151
-0.037
-0.241
-0.26
-0.254
0.105
-0.029
0.049
0.126
0.103
0.155
0.014
0.022
-0.092
-0.226
-0.341
-0.35
-0.231
-0.238
-0.356
-0.312
-0.41
-0.674
-0.944
-1.11
-1.109
-1.04
-1.083
-1.046
-0.995
-0.94
-0.723
-0.647
-0.674
-0.724
-0.819
-0.885
-0.835
-0.674
-0.79
-0.833
-0.749
-0.715
-0.671
-0.652
-0.448
-0.468
-0.374
-0.307
-0.146
-0.169
-0.039
-0.144
-0.15
-0.118
-0.21
-0.046
0.05
0.198
0.268
0.453
0.531
0.578
0.821
0.609
0.599
0.571
0.438
0.19
0.431
0.228
0.036
0.034
-0.17
0.244
0.188
0.091
-0.077
-0.024
0.045
0.159
0.09
0.169
0.284
0.275
0.188
0.258
0.26
0.263
0.159
0.028
0.022
0.128
0.079
-0.223
-0.265
-0.307
-0.569
-0.508
-0.5
-0.348
-0.113
-0.195
-0.181
-0.259
-0.542
-0.576
-0.586
-0.635
-0.569
-0.39
-0.251
-0.054
-0.163
0.024
0.114
0.11
0.17
0.199
0.155
0.219
0.122
-0.152
-0.131
-0.09
-0.19
0.211
0.381
0.206
0.184
0.297
0.318
0.504
0.406
0.458
0.297
0.11
-0.101
-0.259
-0.258
-0.203
-0.229
-0.24
-0.258
-0.254
-0.179
-0.06
-0.258
-0.431
-0.32
-0.233
-0.541
-0.469
-0.459
-0.487
-0.584
-0.579
-0.446
-0.199
0.065
-0.03
0.12
0.113
0.113
0.149
0.155
0.16
0.166
0.118
0.126
0.203
0.135
0.182
0.186
0.075
0.164
0.046
-0.203
-0.325
-0.639
-0.594
-0.512
-0.426
-0.667
-0.633
-0.593
-0.465
-0.536
-0.581
-0.484
-0.581
-0.249
-0.302
-0.239
-0.233
-0.035
0.014
0.084
0.126
0.156
0.209
0.133
0.231
0.041
-0.061
-0.077
-0.215
-0.185
-0.361
-0.468
-0.661
-0.609
-0.588
-0.409
-0.335
-0.31
-0.611
-0.571
-0.456
-0.43
-0.508
-0.292
-0.325
-0.177
-0.007
0.021
0.275
0.343
0.139
-0.263
-0.228
-0.304
-0.269
-0.152
0.084
0.354
0.362
0.395
0.403
0.514
0.596
0.552
0.545
0.544
0.695
0.664
0.623
0.569
0.509
0.325
0.16
0.464
0.371
0.504
0.547
0.445
0.495
0.555
0.744
0.714
0.508
0.315
0.271
0.229
0.035
-0.003
0.013
0.179
0.203
0.241
0.321
0.168
0.074
-0.028
0.055
0.154
0.119
-0.02
-0.043
-0.104
-0.131
-0.21
-0.302
-0.35
-0.36
-0.403
-0.651
-0.496
-0.438
-0.535
-0.594
-0.73
-0.674
-0.718
-0.665
-0.504
-0.521
-0.45
-0.47
-0.524
-0.514
-0.375
-0.405
-0.443
-0.804
-0.849
-0.853
-0.685
-0.395
-0.463
-0.239
-0.31
-0.456
-0.367
-0.286
-0.188
-0.495
-0.551
-0.379
-0.388
-0.496
-0.329
-0.211
-0.275
-0.266
-0.376
-0.119
-0.161
-0.182
-0.089
-0.083
-0.206
-0.203
-0.125
-0.239
-0.224
-0.254
-0.295
0.033
-0.325
-0.508
-0.371
-0.398
-0.406
-0.299
-0.19
-0.361
-0.216
-0.235
-0.22
-0.281
-0.349
-0.301
-0.315
-0.449
-0.43
-0.39
-0.276
-0.224
-0.259
-0.244
-0.126
-0.2
-0.006
-0.184
-0.338
-0.249
-0.25
-0.061
-0.25
-0.276
-0.269
-0.425
-0.315
-0.175
0.021
-0.022
-0.166
-0.265
-0.177
-0.268
-0.129
-0.025
0.06
0.255
-0.264
-0.007
-0.104
-0.059
-0.056
-0.265
-0.194
-0.109
0.024
-0.048
-0.014
0.198
0.239
0.046
-0.103
-0.064
0.039
0.08
0.094
0.07
0.118
0.146
0.14
0.194
0.138
0.136
0.351
0.338
0.333
0.57
0.497
0.566
0.453
0.665
0.706
0.931
0.96
1.002
1.025
0.929
1.021
1.095
1.153
1.16
1.147
1.094
0.979
1.019
1.016
0.851
0.899
1.052
0.983
1.076
1.018
1.244
1.266
1.54
1.61
1.9
1.95
2.135
1.969
2.0
1.935
1.935
2.08
2.16
2.374
1.99
1.933
1.72
1.838
2.047
2.09
2.096
2.119
2.345
2.239
2.125
2.147
2.184
2.169
2.261
2.31
2.084
1.907
2.049
2.027
1.98
2.089
2.176
1.869
1.824
1.739
1.919
1.796
1.701
1.675
1.583
1.748
1.63
1.615
1.723
1.772
1.676
1.701
1.805
1.679
1.643
1.494
1.532
1.552
1.823
1.738
1.646
1.676
1.531
1.524
1.625
1.453
1.334
1.236
1.055
1.025
0.921
0.733
0.901
1.022
1.004
1.024
1.21
1.137
1.255
1.025
0.794
0.56
0.53
0.509
0.381
0.263
0.284
0.24
0.103
0.321
0.424
0.238
0.289
0.264
0.281
0.429
0.549
0.695
0.873
0.544
0.591
0.6
0.716
0.716
1.018
0.89
0.839
0.743
0.338
-0.013
-0.088
0.054
0.325
0.396
0.541
0.393
0.271
0.323
0.264
0.471
0.438
0.552
0.471
0.575
0.315
0.581
0.594
0.466
0.351
0.444
0.45
0.336
0.573
0.141
0.048
-0.072
-0.269
-0.504
-0.667
-0.449
-0.686
-0.764
-1.016
-0.874
-1.299
-1.308
-1.37
-1.109
-1.081
-1.377
-1.61
-1.51
-1.554
-1.544
-1.683
-1.381
-1.259
-1.343
-1.336
-1.39
-1.393
-1.586
-1.393
-1.421
-1.334
-1.213
-0.9
-0.941
-0.831
-0.915
-1.001
-0.806
-0.853
-0.824
-0.825
-1.028
-0.975
-1.235
-1.439
-1.75
-1.558
-1.65
-1.631
-1.556
-1.599
-1.365
-1.349
-1.189
-1.199
-1.049
-1.134
-1.21
-1.18
-1.186
-1.272
-1.33
-1.514
-1.345
-1.329
-1.117
-1.099
-1.184
-1.147
-1.193
-1.036
-1.131
-0.99
-0.953
-1.113
-1.146
-1.173
-0.943
-0.694
-0.609
-0.706
-0.891
-0.751
-0.623
-0.616
-0.384
-0.53
-0.404
-0.343
-0.328
-0.341
-0.381
-0.584
-0.686
-0.743
-0.99
-0.939
-1.008
-1.126
-1.261
-1.208
-1.055
-0.993
-1.504
-1.579
-1.505
-1.583
-1.625
-1.566
-1.751
-1.764
-1.685
-1.532
-1.46
-1.509
-1.354
-1.435
-1.502
-1.548
-1.47
-1.174
-0.98
-0.904
-0.824
-0.901
-0.869
-0.661
-0.554
-0.768
-0.527
-0.71
-0.608
-0.43
-0.355
-0.487
-0.552
-0.323
-0.226
-0.186
-0.161
-0.107
-0.195
-0.179
0.06
-0.035
0.233
0.381
0.381
0.45
0.355
0.223
0.39
0.568
0.503
0.383
0.492
0.241
0.454
0.359
0.449
0.52
0.449
0.416
0.454
0.758
0.642
0.828
0.805
0.979
1.011
1.218
1.266
1.264
1.213
1.304
1.104
0.984
1.151
1.203
1.133
0.912
0.69
0.829
0.734
1.026
1.1
1.2
1.255
1.018
1.177
1.062
1.18
1.314
1.438
1.419
1.248
1.026
1.11
1.048
1.006
1.03
1.024
1.039
1.056
0.744
0.614
0.555
0.725
0.738
0.771
0.775
0.848
0.875
0.789
0.694
0.544
0.473
0.584
0.489
0.348
0.223
0.054
0.045
0.198
0.185
0.253
0.226
-0.3
-0.349
-0.542
-0.399
-0.421
-0.31
-0.119
0.062
0.147
0.095
0.261
0.35
0.35
0.515
0.486
0.751
0.819
0.831
0.733
0.728
0.718
0.482
0.409
0.271
0.165
0.065
-0.084
-0.195
-0.171
0.086
0.236
0.302
0.5
0.301
0.312
0.168
0.006
0.225
0.173
0.459
0.421
0.39
0.21
0.365
0.1
0.109
0.159
-0.113
-0.119
-0.036
-0.129
0.051
-0.079
-0.151
-0.015
0.269
0.31
0.264
0.386
0.459
0.263
0.323
0.35
0.381
0.174
0.003
-0.291
-0.283
-0.279
-0.375
-0.165
-0.23
-0.033
-0.09
-0.035
0.11
-0.107
-0.128
-0.145
-0.194
-0.151
-0.055
-0.165
-0.263
-0.261
-0.364
-0.335
-0.364
-0.291
-0.24
-0.216
-0.071
-0.018
0.105
0.196
0.292
0.21
0.316
0.146
0.069
-0.03
-0.021
0.015
-0.15
-0.199
-0.29
-0.245
-0.45
-0.534
-0.458
-0.703
-0.869
-0.945
-1.101
-1.218
-1.205
-1.249
-1.239
-1.06
-1.153
-1.141
-1.269
-1.219
-1.256
-1.189
-1.083
-1.242
-1.251
-1.25
-1.335
-1.315
-1.183
-1.249
-1.058
-1.095
-1.106
-1.05
-0.994
-1.044
-0.935
-0.976
-0.598
-0.47
-0.357
-0.509
-0.314
-0.532
-0.465
-0.593
-0.634
-0.55
-0.408
-0.41
-0.1
-0.268
-0.062
-0.024
-0.062
0.056
0.003
-0.058
-0.013
0.103
0.062
0.113
0.12
0.196
0.278
0.177
0.059
-0.209
-0.491
-0.56
-0.475
-0.122
-0.049
-0.16
-0.121
-0.114
-0.194
-0.164
-0.235
-0.014
0.286
0.302
0.198
0.191
-0.129
-0.339
-0.273
-0.259
-0.125
-0.129
-0.138
-0.185
-0.031
0.04
0.265
0.182
0.203
0.29
0.189
0.165
0.043
-0.005
0.299
0.263
0.383
0.426
0.57
0.74
0.78
0.562
0.537
0.45
0.22
0.104
0.018
-0.031
-0.351
-0.195
-0.351
-0.299
-0.38
-0.325
-0.366
-0.413
-0.603
-0.559
-0.576
-0.605
-0.779
-0.886
-0.896
-0.909
-1.002
-0.796
-0.681
-0.534
-0.517
-0.413
-0.569
-0.345
-0.194
-0.253
-0.271
-0.261
-0.366
-0.141
0.052
0.176
0.406
0.458
0.555
0.645
-0.65
0.649
0.745
0.979
0.961
1.078
1.014
0.854
0.998
1.149
1.251
1.177
1.335
1.125
1.229
1.161
1.27
1.186
1.31
1.294
1.441
1.478
1.51
1.478
1.723
1.61
1.481
1.545
1.521
1.501
1.683
1.894
1.709
1.676
1.56
1.53
1.421
1.44
1.475
1.531
1.595
1.62
1.438
1.42
1.489
1.415
1.623
1.766
1.762
1.823
1.859
1.81
1.615
1.688
1.407
1.448
1.476
1.377
1.229
1.031
0.893
0.797
0.919
0.725
0.633
0.661
0.431
0.456
0.244
0.42
0.26
0.122
-0.292
-0.208
-0.311
-0.044
0.149
0.234
0.239
0.364
0.106
0.315
0.069
0.26
0.268
0.389
0.5
0.576
0.614
0.621
0.821
0.927
1.154
1.042
1.149
1.306
1.308
1.585
1.665
1.859
2.067
1.935
1.963
2.198
2.131
1.846
1.976
2.06
2.031
1.814
1.752
1.696
1.56
1.779
1.593
1.64
1.624
1.414
1.445
1.456
1.538
1.24
0.983
0.736
0.611
0.615
0.495
0.521
0.532
0.559
0.422
0.383
0.113
0.09
0.335
0.096
0.399
0.395
0.25
0.441
0.534
0.559
0.652
0.724
0.647
0.688
0.584
0.522
0.669
0.619
0.541
0.517
0.405
0.189
0.099
-0.086
-0.052
-0.211
-0.35
-0.398
-0.406
-0.59
-0.547
-0.573
-0.634
-0.509
-0.219
-0.315
-0.219
-0.279
-0.121
-0.414
-0.603
-0.56
-0.604
-0.74
-0.78
-1.126
-1.383
-1.36
-1.31
-1.306
-0.799
-0.56
-0.67
-0.399
-0.299
-0.184
-0.159
-0.169
-0.348
-0.186
-0.399
-0.549
-0.53
-0.79
-0.718
-0.685
-0.581
-0.555
-0.509
-0.489
-0.635
-0.514
-0.537
-0.531
-0.394
-0.44
-0.286
-0.193
-0.242
-0.147
-0.193
-0.13
0.01
0.03
0.039
-0.115
-0.159
-0.242
-0.225
-0.311
-0.309
-0.516
-0.403
-0.526
-0.532
-0.611
-0.73
-0.655
-0.736
-0.818
-0.651
-0.551
-0.506
-0.603
-0.791
-0.695
-0.824
-0.801
-0.91
-0.981
-0.8
-0.899
-0.333
-0.233
-0.503
-0.039
0.1
0.285
0.08
0.254
0.07
0.062
-0.126
-0.215
-0.509
-0.575
-0.43
-0.38
-0.376
-0.256
-0.29
-0.261
-0.546
-0.51
-0.464
-0.42
-0.504
-0.35
-0.176
-0.343
-0.576
-0.334
-0.225
-0.274
-0.419
-0.549
-0.657
-0.511
-0.552
-0.522
-0.557
-0.379
-0.524
-0.652
-0.792
-0.844
-0.733
-0.91
-0.714
-0.715
-0.625
-0.674
-0.805
-0.749
-0.699
-0.43
-0.48
-0.334
-0.422
-0.448
-0.53
-0.43
-0.531
-0.542
-0.348
-0.43
-0.419
-0.225
-0.033
-0.154
-0.205
0.01
-0.383
-0.224
-0.391
-0.569
-0.77
-0.584
-0.481
-0.361
-0.173
-0.177
-0.121
-0.194
-0.266
-0.083
-0.007
0.086
0.143
0.154
0.242
0.155
0.176
0.103
0.13
0.12
0.146
0.247
0.3
0.318
0.124
0.143
-0.045
-0.031
-0.149
-0.064
0.014
0.156
0.096
0.059
-0.013
-0.182
-0.125
-0.301
-0.396
-0.505
-0.691
-0.626
-0.544
-0.512
-0.464
-0.297
-0.145
-0.376
-0.296
-0.508
-0.713
-0.912
-0.779
-1.022
-1.13
-0.944
-0.855
-0.845
-0.804
-0.545
-0.614
-0.464
-0.569
-0.52
-0.651
-0.706
-0.596
-0.761
-0.551
-0.631
-0.636
-0.422
-0.362
-0.216
-0.246
-0.231
-0.126
-0.171
-0.173
-0.318
-0.276
-0.334
-0.55
-0.825
-0.77
-0.529
-0.539
-0.445
-0.164
-0.115
0.122
0.084
0.062
-0.013
0.101
0.005
-0.003
-0.333
-0.231
-0.203
-0.5
-0.356
-0.424
-0.473
-0.576
-0.484
-0.356
-0.159
-0.066
0.126
0.022
-0.03
-0.02
-0.011
0.05
0.058
0.193
0.343
0.29
0.556
0.362
0.273
0.151
0.191
-0.022
-0.278
0.046
-0.118
-0.147
-0.211
-0.221
-0.043
-0.049
0.177
0.124
0.125
0.331
0.304
0.226
0.18
0.319
0.18
-0.02
0.064
-0.016
-0.052
-0.072
-0.225
-0.128
-0.289
-0.474
-0.394
-0.229
-0.598
-0.698
-0.519
-0.381
-0.269
-0.26
-0.29
-0.391
-0.357
-0.544
-0.657
-0.84
-0.796
-0.811
-0.701
-0.725
-0.674
-0.408
-0.44
-0.344
-0.39
-0.641
-0.466
-0.372
-0.425
-0.432
-0.265
-0.084
-0.145
-0.145
-0.195
-0.088
-0.253
-0.283
-0.487
-0.091
-0.238
0.118
0.275
0.4
0.276
0.254
0.188
0.131
0.159
0.244
0.189
0.351
0.294
0.432
0.391
0.354
0.469
0.729
0.487
0.611
0.599
0.521
0.449
0.306
0.417
0.355
0.345
0.321
0.249
0.185
0.345
0.314
0.504
0.427
0.414
0.106
0.025
-0.019
-0.231
-0.318
-0.398
-0.595
-0.649
-0.512
-0.335
-0.351
-0.414
-0.295
-0.521
-0.458
-0.429
-0.361
-0.394
-0.396
-0.446
-0.269
-0.369
-0.289
-0.341
-0.421
-0.324
-0.419
-0.421
-0.23
-0.781
-0.91
-0.899
-0.883
-0.69
-0.703
-0.573
-0.631
-0.559
-0.333
-0.209
0.165
0.206
0.251
0.355
0.346
0.307
0.149
0.188
0.004
0.021
-0.048
-0.156
-0.103
-0.16
0.083
-0.006
0.355
0.261
0.348
0.253
0.389
0.551
0.489
0.545
0.455
0.383
0.318
0.349
0.309
0.268
0.105
0.083
-0.104
-0.105
0.058
0.174
0.408
0.417
0.514
0.345
0.258
0.384
0.492
0.584
0.695
0.641
0.853
0.789
0.911
0.802
0.781
1.008
1.189
1.086
1.18
1.27
1.213
1.354
1.479
1.454
1.552
1.604
1.578
1.754
1.8
1.865
1.938
2.147
2.2
2.204
2.073
2.03
2.236
1.976
1.964
1.968
1.624
1.709
1.586
1.611
1.499
1.444
1.331
1.346
1.381
1.485
1.316
1.295
1.583
1.387
1.311
1.351
1.262
1.419
1.347
1.47
1.529
1.52
1.489
1.419
1.449
1.456
1.25
1.482
1.164
1.28
1.26
1.341
1.423
1.282
1.397
1.405
1.366
1.363
1.431
1.294
1.229
1.104
0.981
1.028
0.966
1.231
1.145
1.231
1.029
1.009
1.058
1.139
1.349
1.111
1.21
1.29
0.81
0.815
0.623
0.554
0.496
0.504
0.422
0.11
0.359
0.244
0.411
0.189
0.421
0.492
0.546
0.669
0.812
0.573
0.571
0.729
0.619
0.521
0.46
0.646
0.594
0.655
0.444
0.33
0.511
0.625
1.069
1.029
0.885
0.761
0.864
0.895
1.094
1.066
1.06
1.083
1.076
0.853
0.714
0.706
0.818
0.638
0.711
0.725
0.685
0.403
0.283
0.205
0.122
0.242
0.291
0.233
0.331
0.13
0.171
0.159
0.081
0.343
0.152
0.194
0.072
0.179
0.05
-0.061
-0.221
-0.334
-0.305
-0.354
-0.289
-0.256
-0.135
-0.215
-0.196
-0.276
-0.291
-0.175
-0.193
-0.269
-0.515
-0.608
-0.575
-0.896
-0.781
-0.805
-0.691
-0.352
-0.242
-0.103
0.109
0.035
-0.075
-0.149
-0.083
-0.217
-0.241
-0.304
-0.536
-0.825
-0.844
-0.921
-0.851
-0.698
-0.46
-0.415
-0.455
-0.56
-0.781
-0.993
-1.107
-0.92
-0.684
-0.584
-0.465
-0.65
-0.608
-0.912
-0.934
-0.9
-0.994
-0.97
-1.039
-1.096
-1.354
-1.609
-1.76
-1.949
-1.984
-2.094
-1.87
-1.975
-1.725
-2.03
-2.124
-2.085
-1.756
-1.68
-1.52
-1.453
-1.502
-1.463
-1.295
-1.391
-1.345
-1.259
-1.288
-1.175
-1.153
-1.414
-1.381
-1.466
-1.305
-1.311
-1.206
-1.012
-1.12
-0.894
-0.595
-0.403
-0.149
-0.209
0.059
0.246
0.253
-0.031
0.035
-0.033
0.083
0.09
0.092
0.336
0.275
0.107
0.07
-0.152
-0.305
-0.448
-0.154
-0.311
-0.164
-0.209
-0.036
0.278
0.54
0.524
0.395
0.312
0.201
0.052
0.069
-0.273
-0.288
-0.215
-0.26
-0.331
-0.36
-0.305
-0.369
-0.334
-0.459
-0.59
-0.383
-0.422
-0.419
-0.666
-0.436
-0.426
-0.415
-0.188
-0.212
-0.324
-0.542
-0.471
-0.415
-0.357
-0.366
-0.17
-0.273
-0.37
-0.505
-0.743
-0.376
-0.416
-0.286
-0.146
-0.111
-0.12
-0.1
