-0.121
-0.088
-0.06
-0.344
-0.304
-0.311
-0.177
-0.169
-0.041
-0.031
0.0
0.071
0.06
0.124
0.224
0.151
0.228
0.209
0.203
0.215
0.199
0.115
0.156
0.06
0.118
-0.049
0.05
-0.014
-0.016
0.001
-0.009
0.049
0.034
0.046
0.069
0.071
0.001
0.044
0.086
0.166
0.16
0.152
0.241
0.269
0.294
0.247
0.241
0.286
0.316
0.366
0.386
0.419
0.331
0.182
0.325
0.422
0.37
0.369
0.338
0.372
0.279
0.316
0.244
0.194
0.181
0.116
0.094
0.147
0.143
0.203
0.254
0.205
0.186
0.049
0.191
-0.096
-0.014
-0.04
0.021
-0.024
-0.071
-0.058
-0.009
0.096
0.08
0.033
0.028
0.08
0.205
0.229
0.185
0.196
0.234
0.251
0.259
0.333
0.359
0.238
0.426
0.512
0.544
0.611
0.596
0.596
0.535
0.575
0.492
0.463
0.434
0.348
0.289
0.188
0.155
0.083
-0.065
0.043
0.0
0.055
0.065
0.035
0.052
0.011
-0.043
-0.088
-0.122
-0.276
-0.289
-0.41
-0.409
-0.359
-0.424
-0.367
-0.484
-0.424
-0.334
-0.312
-0.208
-0.158
-0.111
-0.058
0.006
0.09
0.084
0.139
0.273
0.328
0.278
0.39
0.362
0.383
0.44
0.427
0.485
0.618
0.764
0.811
0.901
0.914
0.89
0.896
0.843
0.718
0.77
0.691
0.619
0.487
0.411
0.209
0.188
0.046
0.061
0.101
0.168
-0.075
0.116
-0.096
-0.07
-0.092
-0.074
-0.04
-0.185
-0.2
-0.198
-0.281
-0.223
-0.405
-0.223
-0.2
-0.224
-0.129
-0.159
-0.149
-0.169
-0.129
-0.091
0.014
0.09
0.144
0.191
0.149
0.258
0.216
0.294
0.331
0.456
0.455
0.334
0.241
0.114
0.075
-0.045
-0.095
-0.169
-0.173
-0.196
-0.354
-0.427
-0.38
-0.4
-0.371
-0.388
-0.401
-0.315
-0.352
-0.271
-0.346
-0.297
-0.234
-0.174
-0.138
-0.19
-0.152
-0.114
-0.128
-0.274
-0.296
-0.459
-0.286
-0.55
-0.506
-0.642
-0.744
-0.686
-0.606
-0.559
-0.596
-0.512
-0.482
-0.367
-0.316
-0.278
-0.177
-0.058
-0.066
-0.007
0.06
0.025
0.136
0.065
0.054
0.096
0.128
0.01
-0.101
-0.306
-0.341
-0.335
-0.516
-0.459
-0.512
-0.54
-0.448
-0.556
-0.584
-0.367
-0.65
-0.64
-0.527
-0.439
-0.436
-0.432
-0.469
-0.27
-0.289
-0.066
-0.059
-0.158
-0.028
-0.035
0.033
-0.021
0.024
0.104
0.189
0.145
0.034
0.122
0.024
-0.07
0.107
0.04
0.056
-0.064
-0.021
-0.064
-0.092
-0.071
-0.056
-0.05
-0.048
-0.081
-0.134
-0.145
-0.107
-0.052
-0.091
-0.071
-0.06
-0.091
-0.105
-0.122
-0.193
-0.179
-0.072
0.059
-0.215
-0.064
-0.022
0.0
0.12
0.088
0.199
0.203
0.286
0.255
0.201
0.15
0.173
0.179
0.037
0.079
0.085
0.188
0.249
0.224
0.26
0.19
0.196
0.188
0.14
0.118
0.144
0.048
0.15
0.319
0.211
0.241
0.411
0.394
0.226
0.228
0.191
0.185
0.216
0.074
0.098
0.124
0.114
-0.03
-0.139
-0.196
-0.219
-0.184
-0.328
-0.155
-0.399
-0.454
-0.297
-0.229
-0.339
-0.366
-0.408
-0.471
-0.525
-0.62
-0.58
-0.606
-0.682
-0.481
-0.504
-0.475
-0.484
-0.435
-0.349
-0.302
-0.254
-0.338
-0.258
-0.253
-0.26
-0.22
-0.23
-0.152
-0.066
0.051
0.013
-0.006
-0.01
0.095
0.116
0.154
0.215
-0.003
0.286
0.242
0.259
0.39
0.343
0.328
0.343
0.336
0.273
0.26
0.271
0.49
0.286
0.379
0.343
0.328
0.356
0.31
0.274
0.226
0.299
0.367
0.301
0.344
0.372
0.32
0.449
0.315
0.288
0.35
0.389
0.359
0.276
0.175
0.203
0.185
0.143
0.191
0.144
0.18
0.169
0.048
0.059
0.101
0.158
0.16
0.089
0.074
-0.1
-0.125
-0.136
-0.209
-0.196
-0.155
-0.186
-0.238
-0.263
-0.234
-0.233
-0.198
-0.24
-0.086
-0.281
-0.302
-0.245
-0.224
-0.238
-0.312
-0.33
-0.25
-0.191
-0.219
-0.168
-0.146
-0.215
-0.254
-0.171
-0.136
-0.114
-0.101
-0.02
0.124
0.077
0.07
0.225
0.299
0.229
0.383
0.398
0.289
0.429
0.306
0.279
0.264
0.301
0.338
0.174
0.226
0.141
0.234
0.288
0.242
0.246
0.024
0.12
0.083
0.035
-0.075
-0.099
-0.085
-0.181
0.036
-0.231
-0.06
-0.07
-0.118
-0.128
-0.033
-0.029
-0.009
-0.029
-0.074
-0.045
0.0
0.054
0.131
-0.019
-0.011
0.003
0.07
0.253
0.064
0.119
0.092
0.107
0.126
0.169
0.118
0.21
0.28
0.343
0.33
0.299
0.417
0.376
0.338
0.36
0.292
0.297
0.343
0.318
0.329
0.249
0.225
0.23
0.077
0.029
0.022
0.066
-0.001
0.141
0.285
0.083
0.119
0.233
0.228
0.129
0.13
0.069
0.059
0.126
0.109
0.126
0.019
0.041
-0.03
-0.21
-0.219
-0.154
-0.134
0.029
-0.015
0.022
-0.211
-0.071
-0.035
-0.009
-0.015
-0.049
0.098
0.131
0.135
0.0
0.007
-0.028
-0.029
-0.003
0.021
0.074
0.077
0.095
-0.043
-0.076
-0.045
-0.076
-0.151
-0.225
-0.26
-0.283
-0.236
-0.361
-0.263
-0.485
-0.494
-0.436
-0.399
-0.381
-0.279
-0.3
-0.193
-0.128
-0.105
-0.04
-0.094
0.074
0.019
0.06
-0.028
0.043
-0.003
0.036
0.066
0.035
-0.039
-0.037
-0.031
-0.062
-0.095
-0.164
-0.146
-0.21
-0.345
-0.255
-0.165
-0.052
0.031
0.099
0.08
0.138
0.034
0.106
-0.029
0.054
0.033
-0.031
0.056
-0.079
-0.005
0.059
0.156
0.165
0.291
0.22
0.255
0.145
0.27
0.246
0.188
0.166
0.146
0.07
0.088
0.007
-0.09
-0.118
-0.169
-0.205
-0.163
-0.15
-0.146
-0.288
-0.215
-0.235
-0.221
-0.215
-0.176
-0.19
-0.189
-0.229
-0.241
-0.143
-0.221
-0.171
-0.16
-0.214
-0.235
-0.258
-0.414
-0.511
-0.511
-0.542
-0.534
-0.489
-0.631
-0.642
-0.492
-0.616
-0.606
-0.642
-0.568
-0.625
-0.547
-0.7
-0.61
-0.574
-0.521
-0.575
-0.466
-0.432
-0.324
-0.311
-0.383
-0.299
-0.226
-0.238
-0.312
-0.359
-0.331
-0.374
-0.225
-0.203
-0.205
-0.14
-0.066
-0.039
0.025
0.049
0.031
0.085
0.048
0.17
0.005
-0.025
0.005
0.101
0.201
0.095
0.133
0.216
0.265
0.354
0.376
0.45
0.369
0.374
0.421
0.4
0.461
0.413
0.459
0.35
0.37
0.143
0.113
0.151
0.122
0.066
0.096
0.107
0.045
0.021
0.055
-0.061
-0.125
-0.081
-0.034
-0.056
-0.009
-0.011
0.004
0.06
0.058
0.079
0.095
0.11
-0.045
-0.052
-0.085
-0.052
-0.115
-0.099
-0.139
-0.194
-0.233
-0.315
-0.31
-0.28
-0.364
-0.414
-0.383
-0.385
-0.466
-0.455
-0.659
-0.586
-0.626
-0.604
-0.556
-0.525
-0.514
-0.586
-0.458
-0.721
-0.589
-0.6
-0.529
-0.46
-0.515
-0.599
-0.578
-0.631
-0.536
-0.44
-0.345
-0.362
-0.284
-0.225
-0.296
-0.225
-0.214
-0.174
-0.143
-0.122
-0.101
-0.109
-0.095
-0.141
-0.094
-0.092
-0.071
-0.048
0.014
0.02
-0.126
-0.054
-0.045
-0.096
-0.131
-0.116
-0.273
-0.203
-0.286
-0.307
-0.3
-0.289
-0.28
-0.346
-0.345
-0.255
-0.135
-0.261
-0.115
-0.238
-0.185
-0.147
-0.01
-0.062
-0.061
-0.03
-0.075
-0.071
-0.029
-0.043
0.025
0.074
0.013
0.026
-0.092
0.077
0.021
0.107
0.071
0.052
0.092
0.072
0.113
0.034
-0.028
0.022
-0.024
0.028
-0.019
0.011
0.061
0.054
0.006
-0.07
-0.134
-0.061
-0.003
0.048
0.06
0.083
0.111
0.074
0.036
-0.022
-0.075
-0.031
0.059
-0.065
0.099
-0.26
-0.035
-0.154
-0.037
-0.152
-0.251
-0.22
-0.169
-0.096
-0.116
-0.089
-0.061
-0.111
-0.099
-0.144
-0.136
-0.198
-0.084
-0.064
-0.036
-0.133
-0.119
-0.052
-0.039
0.101
0.104
0.241
0.247
0.214
0.165
0.165
0.299
0.394
0.441
0.372
0.443
0.459
0.388
0.409
0.359
0.369
0.341
0.431
0.338
0.291
0.191
0.235
0.226
0.168
0.286
0.04
0.07
0.059
0.034
0.039
-0.02
-0.013
0.039
0.071
0.075
0.03
0.09
0.091
0.122
0.105
0.144
0.121
0.083
0.111
0.089
0.072
0.021
0.168
0.095
0.122
0.081
0.09
0.034
-0.094
-0.189
-0.239
-0.205
-0.236
-0.2
-0.291
-0.338
-0.333
-0.291
-0.304
-0.259
-0.292
-0.15
-0.113
-0.151
-0.182
-0.233
-0.17
-0.096
-0.138
-0.04
-0.283
-0.14
-0.154
-0.111
-0.1
-0.129
-0.138
-0.264
-0.231
-0.246
-0.333
-0.269
-0.379
-0.254
-0.278
-0.335
-0.26
-0.205
-0.088
-0.182
-0.061
-0.062
-0.081
-0.015
-0.007
0.08
0.104
0.114
0.18
0.321
0.17
0.048
0.14
0.115
0.066
0.098
0.071
0.1
-0.028
0.026
0.031
0.013
0.124
0.133
0.025
0.016
-0.024
-0.009
-0.024
0.125
-0.106
-0.061
-0.021
-0.126
-0.114
-0.106
-0.049
-0.033
-0.014
-0.011
-0.043
0.026
-0.016
-0.033
0.086
0.031
0.056
0.12
0.15
0.051
-0.084
0.054
0.065
0.107
0.034
0.06
0.1
-0.036
0.076
0.139
0.09
0.143
0.156
0.14
0.04
0.118
0.085
0.03
0.095
-0.001
-0.013
-0.005
0.036
0.026
0.076
-0.005
0.203
0.066
0.081
0.144
-0.062
0.083
0.022
0.056
0.224
0.205
0.242
0.209
0.256
0.152
0.181
0.224
0.217
0.21
0.163
0.072
0.079
0.118
0.09
0.121
0.152
0.134
0.066
0.105
0.076
0.169
0.135
0.055
0.106
0.044
0.061
0.1
0.174
0.091
0.081
0.151
0.226
0.221
0.235
0.208
0.198
0.18
0.21
0.209
0.182
0.22
0.149
0.175
0.115
0.19
-0.048
-0.045
-0.107
-0.066
-0.116
-0.129
-0.091
-0.136
-0.12
-0.088
-0.065
-0.143
0.035
0.006
0.03
0.061
0.003
0.141
-0.086
-0.134
-0.229
-0.206
-0.22
-0.297
-0.289
-0.348
-0.31
-0.249
-0.263
-0.23
-0.275
-0.225
-0.22
-0.203
-0.233
-0.215
-0.215
-0.228
-0.239
-0.221
-0.263
-0.251
-0.168
-0.261
-0.261
-0.241
-0.241
-0.269
-0.318
-0.2
-0.445
-0.411
-0.381
-0.389
-0.333
-0.386
-0.351
-0.341
-0.301
-0.315
-0.401
-0.319
-0.289
-0.269
-0.32
-0.31
-0.289
-0.214
-0.155
-0.249
-0.216
-0.209
-0.21
-0.215
-0.18
-0.072
-0.08
-0.039
-0.054
0.026
0.026
0.034
0.134
0.135
0.188
0.221
0.291
0.275
0.266
0.306
0.325
0.309
0.321
0.254
0.209
0.161
0.161
0.221
0.144
0.271
0.066
0.105
0.103
0.098
0.071
0.062
0.05
0.08
-0.031
0.066
-0.009
0.036
0.007
-0.064
-0.04
-0.051
-0.052
-0.07
-0.014
-0.061
-0.054
-0.026
-0.037
0.001
-0.06
-0.011
-0.05
0.016
0.019
-0.014
0.013
-0.036
-0.025
-0.077
-0.088
-0.144
-0.135
-0.169
-0.206
-0.179
-0.32
-0.301
-0.309
-0.279
-0.21
-0.561
-0.389
-0.403
-0.487
-0.374
-0.593
-0.399
-0.446
-0.44
-0.385
-0.443
-0.438
-0.385
-0.345
-0.357
-0.375
-0.338
-0.255
-0.275
-0.184
-0.181
-0.208
-0.095
-0.106
-0.019
-0.11
-0.044
-0.061
-0.035
-0.025
-0.058
0.026
0.014
0.022
0.094
0.072
0.119
0.113
0.122
0.074
0.05
0.169
0.161
0.126
0.099
0.098
0.072
0.1
0.054
0.064
0.051
0.081
0.074
0.048
0.193
0.025
0.006
0.001
0.098
0.04
0.076
0.037
0.064
0.026
0.037
0.03
0.001
0.001
0.018
0.048
-0.009
-0.058
-0.013
-0.049
0.001
-0.043
-0.028
0.019
0.004
0.064
0.028
0.077
0.043
0.066
0.02
-0.018
0.0
0.022
0.003
0.0
-0.043
-0.003
0.01
-0.051
-0.004
0.005
0.062
0.105
0.052
-0.015
-0.074
-0.091
-0.076
-0.164
-0.026
-0.289
-0.133
-0.24
-0.251
-0.265
-0.329
-0.199
-0.234
-0.212
-0.249
-0.295
-0.196
-0.179
-0.152
-0.166
-0.165
-0.145
-0.077
-0.041
-0.075
-0.011
-0.044
0.025
0.035
0.021
0.031
-0.005
0.051
-0.011
0.015
-0.04
-0.007
0.106
0.044
0.066
0.07
0.094
0.114
0.096
0.091
0.114
0.109
0.128
0.08
0.075
0.07
0.035
0.12
0.085
0.165
-0.062
-0.055
-0.044
-0.072
-0.045
-0.076
-0.054
-0.046
-0.039
-0.055
-0.121
0.226
-0.005
0.003
-0.02
-0.072
0.007
-0.029
0.01
-0.044
-0.052
-0.025
-0.134
0.064
-0.155
-0.064
-0.089
-0.056
-0.051
-0.075
-0.075
-0.076
-0.025
-0.07
-0.085
-0.116
-0.109
-0.043
-0.065
-0.076
-0.126
-0.098
-0.054
-0.109
-0.129
-0.147
-0.166
-0.16
-0.211
-0.16
-0.315
-0.249
-0.251
-0.233
-0.265
-0.179
-0.247
-0.208
-0.206
-0.206
-0.199
-0.22
-0.146
-0.206
-0.196
-0.194
-0.116
-0.069
-0.193
-0.05
-0.166
-0.046
-0.056
-0.084
-0.098
-0.049
0.036
0.02
0.062
-0.014
0.04
0.084
0.171
0.13
0.125
0.14
0.199
0.185
0.14
0.113
0.12
0.14
0.088
0.091
0.02
0.088
0.051
-0.029
-0.06
0.166
-0.066
-0.022
-0.026
-0.059
-0.094
-0.045
-0.026
-0.033
-0.04
-0.04
-0.016
0.006
0.091
0.037
0.051
0.001
0.014
0.065
0.021
0.037
0.033
0.045
0.04
0.058
0.058
0.074
0.077
0.045
0.048
-0.044
0.049
0.01
0.02
0.022
-0.024
-0.01
0.024
-0.005
-0.04
-0.061
-0.02
-0.033
0.009
0.0
-0.061
-0.039
-0.072
-0.056
-0.136
-0.013
-0.21
-0.086
-0.105
-0.106
-0.077
-0.114
-0.071
-0.018
0.003
-0.059
-0.001
0.03
0.072
0.116
0.036
0.088
0.1
0.146
0.166
0.122
0.168
0.084
0.15
0.064
0.064
0.089
0.147
0.224
0.124
0.124
0.028
0.096
0.133
0.221
0.121
0.254
0.211
0.311
0.276
0.221
0.245
0.247
0.245
0.177
0.145
0.215
0.16
0.158
0.099
0.22
0.152
0.151
0.141
0.126
0.158
0.147
0.152
0.161
0.141
0.18
0.145
0.17
0.163
0.203
0.124
0.217
0.242
0.284
0.249
0.182
0.231
0.239
0.209
0.168
0.095
0.217
0.109
0.185
0.181
0.195
0.2
0.177
0.199
0.12
0.113
0.074
0.089
0.121
0.086
0.12
-0.022
-0.049
0.009
0.0
-0.04
-0.026
-0.171
-0.134
-0.151
-0.177
-0.19
-0.299
-0.209
-0.083
-0.244
-0.2
-0.229
-0.195
-0.236
-0.211
-0.24
-0.206
-0.184
-0.231
-0.214
-0.212
-0.181
-0.131
-0.045
-0.007
-0.009
0.043
-0.241
-0.035
-0.092
0.051
0.17
0.116
0.209
0.168
0.128
0.084
0.198
0.191
0.25
0.451
0.36
0.28
0.295
0.166
0.186
0.225
0.289
0.325
0.324
0.285
0.239
0.264
0.251
0.35
0.251
0.201
0.161
0.184
0.072
0.065
0.13
0.164
0.188
0.169
0.22
0.26
0.229
0.125
0.109
0.021
0.143
0.134
0.101
0.159
0.059
0.04
0.05
0.045
0.006
0.03
0.043
-0.056
-0.005
-0.091
-0.081
-0.077
0.094
-0.079
-0.088
-0.081
-0.094
-0.066
-0.046
0.005
0.011
0.006
0.046
0.126
0.054
0.107
0.09
0.126
0.074
0.113
-0.13
-0.083
-0.155
-0.121
-0.173
-0.165
-0.182
-0.116
-0.129
-0.129
-0.145
-0.064
-0.054
-0.05
0.01
0.041
0.007
0.116
0.163
0.19
0.301
0.315
0.344
0.15
0.42
0.384
0.424
0.41
0.398
0.45
0.379
0.454
0.349
0.37
0.28
0.41
0.334
0.375
0.484
0.379
0.422
0.429
0.393
0.324
0.284
0.191
0.3
0.216
0.17
0.284
0.074
0.085
0.133
0.138
-0.014
-0.041
0.01
-0.045
0.077
-0.001
0.069
0.072
0.072
0.119
0.101
0.115
0.144
0.223
0.215
0.203
0.238
0.275
0.249
0.225
0.259
0.226
0.307
0.33
0.244
0.316
0.273
0.33
0.367
0.356
0.254
0.302
0.335
0.35
0.383
0.376
0.394
0.395
0.485
0.494
0.487
0.551
0.57
0.631
0.564
0.609
0.59
0.571
0.595
0.729
0.661
0.706
0.698
0.73
0.696
0.689
0.631
0.711
0.667
0.659
0.677
0.68
0.743
0.753
0.791
0.806
0.8
0.74
0.764
0.796
0.831
0.88
0.915
0.96
1.019
0.958
0.995
0.934
1.009
1.012
1.062
0.973
0.944
0.88
0.782
0.57
0.591
0.614
0.583
0.521
0.566
0.549
0.53
0.438
0.315
0.403
0.195
0.058
0.049
0.022
0.024
0.028
0.013
0.021
0.103
0.136
0.203
0.118
0.129
0.101
0.088
0.125
0.23
0.105
0.075
0.146
0.195
0.176
0.181
0.263
0.228
0.276
0.348
0.35
0.496
0.378
0.448
0.47
0.53
0.458
0.411
0.43
0.529
0.496
0.44
0.391
0.416
0.375
0.329
0.217
0.208
0.17
0.159
0.036
-0.109
-0.264
-0.315
-0.216
-0.291
-0.25
-0.19
-0.211
-0.214
-0.224
-0.121
-0.119
-0.124
-0.09
-0.026
-0.141
-0.069
0.013
0.225
0.05
0.171
0.295
0.206
0.182
0.27
0.145
0.279
0.325
0.328
0.435
0.36
0.4
0.403
0.501
0.603
0.718
0.645
0.746
0.704
0.583
0.445
0.389
0.429
0.395
0.37
0.307
0.234
0.224
0.231
0.156
-0.076
0.12
-0.096
-0.026
-0.08
0.061
0.003
0.084
0.015
-0.006
-0.045
-0.084
-0.066
-0.12
0.01
-0.026
-0.156
-0.134
-0.1
-0.109
-0.016
-0.075
-0.026
0.074
0.035
0.246
0.297
0.147
0.089
-0.013
-0.083
0.061
0.135
0.21
0.343
0.321
0.305
0.201
0.18
0.155
0.165
0.143
0.245
0.276
0.296
0.113
0.075
0.06
-0.033
-0.059
-0.259
-0.24
-0.438
-0.309
-0.384
-0.378
-0.439
-0.519
-0.394
-0.475
-0.384
-0.343
-0.268
-0.022
-0.021
0.066
0.146
0.261
0.355
0.174
0.242
0.263
0.147
0.007
-0.016
-0.003
-0.036
0.186
0.275
0.431
0.283
0.269
0.251
0.173
0.151
0.219
0.176
0.154
0.151
0.118
0.158
0.084
0.014
0.009
0.031
-0.103
-0.126
-0.051
-0.179
-0.015
-0.035
0.12
-0.055
0.03
0.001
0.037
-0.045
0.004
0.041
0.086
0.155
0.385
0.492
0.644
0.568
0.511
0.656
0.716
0.764
0.739
0.675
0.66
0.731
0.614
0.64
0.595
0.566
0.608
0.531
0.557
0.54
0.492
0.376
0.314
0.364
0.357
0.323
0.216
0.158
0.044
0.126
0.081
0.159
0.109
0.126
0.026
-0.071
-0.021
-0.091
-0.177
-0.259
-0.17
-0.495
-0.549
-0.552
-0.603
-0.611
-0.756
-0.79
-0.849
-0.949
-0.935
-0.721
-0.639
-0.42
-0.271
-0.062
-0.111
-0.109
0.04
0.03
0.035
0.095
0.174
0.21
0.219
0.312
0.36
0.474
0.562
0.615
0.576
0.536
0.456
0.466
0.491
0.334
0.534
0.497
0.492
0.55
0.598
0.583
0.595
0.589
0.526
0.297
0.184
0.281
0.31
0.393
0.636
0.417
0.506
0.465
0.394
0.531
0.579
0.646
0.789
0.659
0.547
0.66
0.64
0.56
0.6
0.529
0.546
0.531
0.44
0.286
0.361
0.206
0.25
0.098
0.091
0.018
0.061
0.171
0.044
-0.046
-0.143
-0.185
-0.16
-0.125
-0.029
-0.051
-0.089
-0.09
-0.155
-0.17
-0.17
-0.08
-0.069
-0.058
-0.058
-0.201
-0.058
-0.026
0.021
-0.005
0.16
0.037
0.085
0.043
0.035
0.193
0.15
0.189
-0.07
-0.065
-0.08
-0.155
-0.007
0.124
0.32
0.3
0.416
0.356
0.31
0.497
0.478
0.504
0.569
0.429
0.271
0.367
0.422
0.503
0.574
0.725
0.855
0.831
0.917
1.001
1.16
1.186
0.986
0.911
0.799
0.866
0.777
0.729
0.624
0.545
0.685
0.661
0.514
0.608
0.494
0.333
0.529
0.174
0.261
0.171
0.037
0.059
0.055
-0.1
-0.081
-0.071
-0.014
0.077
0.193
0.083
0.101
0.041
-0.046
-0.016
-0.154
-0.083
-0.009
0.18
0.076
0.163
-0.077
-0.07
0.139
0.001
-0.013
0.058
-0.061
0.052
0.133
0.036
-0.034
-0.015
-0.136
-0.106
-0.18
-0.071
0.075
0.205
0.306
0.496
0.505
0.544
0.555
0.559
0.585
0.49
0.539
0.411
0.336
0.239
0.221
0.136
0.181
0.101
0.125
0.182
0.103
0.029
-0.049
-0.058
-0.284
-0.231
-0.22
-0.26
-0.274
-0.165
-0.129
-0.17
-0.163
-0.143
-0.143
-0.275
-0.059
0.064
0.07
0.091
0.065
0.274
0.53
0.314
0.334
0.376
0.305
0.37
0.208
0.045
-0.196
-0.359
-0.404
-0.201
-0.323
-0.275
-0.173
-0.191
-0.06
-0.083
0.16
0.05
-0.099
-0.154
-0.133
-0.146
0.04
0.124
0.134
0.065
0.062
0.159
0.045
-0.174
-0.296
-0.354
-0.285
-0.246
-0.122
-0.098
-0.083
-0.13
-0.045
-0.229
-0.234
-0.291
-0.48
-0.448
-0.604
-0.429
-0.339
-0.201
-0.2
-0.224
-0.234
-0.17
-0.139
-0.021
-0.094
-0.1
-0.121
-0.138
-0.217
-0.255
-0.281
-0.294
-0.299
-0.318
-0.319
-0.301
-0.133
-0.276
-0.289
-0.284
-0.378
-0.389
-0.357
-0.365
-0.389
-0.409
-0.46
-0.366
-0.179
-0.238
-0.266
-0.338
-0.274
-0.376
-0.214
-0.208
-0.256
-0.107
-0.307
-0.278
-0.233
-0.228
-0.18
-0.31
-0.134
-0.228
-0.266
-0.326
-0.11
0.096
0.048
0.019
-0.143
-0.109
-0.155
-0.175
-0.295
-0.126
0.107
0.04
0.129
0.045
0.06
-0.036
-0.085
-0.174
-0.036
0.01
-0.029
0.043
0.039
0.081
-0.028
0.221
0.266
0.182
0.145
0.205
0.229
0.118
0.268
0.224
0.155
0.166
0.21
0.247
0.283
0.35
0.263
0.352
0.343
0.264
0.216
0.299
0.306
0.24
0.169
0.109
0.065
0.13
0.155
-0.016
-0.019
-0.295
-0.344
-0.474
-0.296
-0.275
-0.378
-0.36
-0.385
-0.384
-0.17
-0.249
-0.245
-0.401
-0.247
-0.425
-0.33
-0.268
-0.312
-0.328
-0.288
-0.3
-0.17
-0.374
-0.325
-0.051
-0.013
0.044
-0.09
-0.066
-0.147
-0.138
-0.208
-0.266
-0.254
-0.251
-0.546
-0.552
-0.652
-0.74
-0.615
-0.542
-0.409
-0.319
-0.242
-0.106
-0.17
-0.201
-0.046
-0.111
-0.03
-0.016
-0.141
-0.219
-0.164
0.021
-0.013
0.122
0.163
0.209
0.23
0.062
0.1
-0.011
-0.006
-0.091
-0.011
0.095
0.226
0.278
0.309
0.406
0.425
0.36
0.333
0.366
0.226
0.212
0.17
0.314
0.223
0.163
0.104
0.055
0.076
-0.182
-0.256
-0.421
-0.359
-0.405
-0.422
-0.385
-0.295
-0.143
-0.174
-0.193
-0.221
-0.465
-0.481
-0.41
-0.4
-0.269
-0.263
-0.266
-0.147
-0.04
-0.086
-0.066
-0.107
-0.186
-0.161
-0.12
-0.006
-0.025
-0.046
-0.149
-0.258
-0.286
-0.15
-0.066
-0.131
-0.165
-0.228
-0.275
-0.302
-0.338
-0.265
-0.129
-0.085
-0.101
0.0
0.04
0.165
0.219
0.316
0.425
0.455
0.484
0.509
0.686
0.586
0.6
0.623
0.633
0.669
0.601
0.527
0.576
0.43
0.446
0.45
0.451
0.474
0.492
0.551
0.624
0.604
0.635
0.723
0.605
0.486
0.519
0.55
0.398
0.381
0.209
0.152
-0.009
-0.306
-0.473
-0.532
-0.608
-0.705
-0.834
-0.915
-0.744
-0.78
-0.819
-0.756
-0.878
-0.705
-0.766
-0.688
-0.573
-0.562
-0.456
-0.482
-0.445
-0.5
-0.125
-0.189
-0.025
0.07
0.085
0.177
0.289
0.208
0.233
0.274
0.335
0.357
0.189
0.164
0.184
0.315
0.398
0.302
0.355
0.125
0.139
0.139
-0.015
-0.234
-0.234
-0.278
-0.198
-0.265
-0.264
-0.086
-0.245
-0.311
-0.294
-0.369
-0.432
-0.42
-0.556
-0.66
-0.501
-0.589
-0.584
-0.652
-0.58
-0.609
-0.535
-0.646
-0.526
-0.525
-0.396
-0.24
-0.256
-0.072
-0.066
-0.109
-0.124
-0.147
-0.177
-0.314
-0.159
-0.241
-0.175
-0.184
0.001
-0.065
0.103
0.135
0.236
0.231
0.335
0.37
0.331
0.497
0.571
0.559
0.369
0.49
0.33
0.45
0.419
0.383
0.559
0.471
0.356
0.32
0.265
0.349
0.425
0.578
0.564
0.339
0.459
0.176
0.033
0.05
-0.104
-0.08
-0.128
-0.092
-0.08
-0.324
-0.386
-0.492
-0.299
-0.304
-0.22
-0.381
-0.453
-0.285
-0.168
-0.239
-0.094
-0.071
-0.046
-0.066
-0.319
-0.315
-0.37
-0.209
-0.238
-0.374
-0.494
-0.576
-0.53
-0.723
-0.859
-0.729
-0.931
-0.789
-0.744
-0.718
-0.61
-0.552
-0.522
-0.599
-0.61
-0.721
-0.805
-0.906
-0.858
-0.825
-0.713
-0.578
-0.656
-0.527
-0.636
-0.654
-0.695
-0.794
-0.955
-0.929
-0.948
-1.074
-0.873
-0.826
-0.787
-0.733
-0.76
-0.554
-0.45
-0.251
-0.209
-0.014
-0.03
-0.115
0.01
0.118
0.08
0.114
0.021
0.147
0.176
0.181
0.011
-0.013
-0.066
0.261
0.014
0.074
0.001
0.021
0.196
0.165
0.029
0.074
0.055
0.014
0.048
0.051
0.12
0.241
0.195
0.443
0.469
0.544
0.719
0.676
0.544
0.575
0.579
0.623
0.7
0.69
0.645
0.573
0.635
0.664
0.858
0.996
1.101
1.196
1.054
1.078
1.106
0.921
0.846
0.725
0.724
0.655
0.721
0.53
0.542
0.49
0.4
0.349
0.301
0.22
-0.06
0.113
0.139
0.134
0.086
0.129
0.015
-0.08
-0.08
-0.215
-0.335
-0.236
-0.366
-0.41
-0.419
-0.417
-0.48
-0.605
-0.398
-0.403
-0.344
-0.356
-0.474
-0.517
-0.393
-0.42
-0.546
-0.496
-0.38
-0.276
-0.209
-0.224
-0.234
-0.224
-0.18
-0.189
-0.334
-0.286
-0.286
-0.125
-0.026
-0.026
-0.083
-0.055
-0.006
0.058
0.16
0.23
0.289
0.549
0.301
0.331
0.286
0.396
0.36
0.345
0.379
0.349
0.249
0.061
0.341
0.184
0.223
0.335
0.357
0.294
0.309
0.312
0.396
0.445
0.484
0.522
0.495
0.469
0.566
0.536
0.408
0.432
0.326
0.247
0.263
-0.024
-0.261
-0.12
-0.101
-0.264
-0.352
-0.51
-0.641
-0.608
-0.641
-0.824
-0.839
-0.841
-0.791
-0.849
-0.866
-0.82
-0.684
-0.693
-0.763
-0.759
-0.92
-0.865
-0.911
-0.819
-0.938
-0.978
-1.055
-1.189
-1.024
-1.054
-0.912
-0.939
-0.881
-0.956
-0.938
-0.725
-0.763
-1.008
-0.888
-0.782
-0.715
-0.633
-0.634
-0.508
-0.47
-0.524
-0.35
-0.425
-0.296
-0.307
-0.372
-0.36
-0.456
-0.527
-0.36
-0.352
-0.321
-0.155
-0.096
-0.11
-0.129
0.0
-0.034
0.077
0.006
0.171
0.276
0.497
0.275
0.445
0.381
0.554
0.626
0.769
0.77
0.724
0.94
0.889
0.936
0.849
0.922
0.826
0.955
0.912
0.696
0.642
0.623
0.696
0.557
0.588
0.555
0.503
0.409
0.516
0.506
0.417
0.422
0.47
0.481
0.461
0.435
0.37
0.415
0.29
0.256
0.283
0.16
0.28
0.177
0.226
0.182
0.208
0.149
0.101
-0.025
0.014
-0.131
-0.055
-0.175
-0.092
-0.058
0.025
0.015
-0.009
-0.056
-0.022
0.061
0.089
-0.01
0.103
-0.007
0.037
-0.084
-0.116
-0.074
-0.111
-0.029
-0.069
0.009
-0.124
-0.14
-0.209
-0.203
-0.289
-0.263
-0.115
-0.059
-0.03
0.029
0.13
0.224
0.133
0.31
0.246
0.23
0.189
0.279
0.328
0.378
0.446
0.413
0.379
0.281
0.318
0.369
0.357
0.344
0.605
0.355
0.403
0.41
0.446
0.537
0.555
0.419
0.439
0.43
0.539
0.565
0.562
0.623
0.667
0.734
0.726
0.666
0.675
0.78
0.581
0.764
0.672
0.624
0.764
0.69
0.614
0.556
0.526
0.47
0.639
0.549
0.415
0.408
0.464
0.586
0.509
0.506
0.489
0.396
0.506
0.406
0.328
0.164
0.17
0.131
0.173
0.215
0.076
0.01
0.1
0.084
0.055
0.216
0.247
0.217
0.296
0.299
0.236
0.288
0.154
0.152
0.05
0.062
0.09
0.169
0.135
0.24
0.4
0.328
0.542
0.478
0.556
0.31
0.249
0.469
0.616
0.684
0.776
0.934
0.984
0.926
0.981
0.85
0.807
0.934
0.984
1.111
1.25
1.24
1.386
1.375
1.383
1.45
1.314
1.436
1.365
1.479
1.624
1.634
1.866
1.728
1.696
1.746
1.711
1.778
1.871
1.725
1.574
1.539
1.657
1.65
1.514
1.425
1.3
1.311
1.268
1.199
1.213
0.915
0.856
0.876
0.718
0.825
0.848
0.721
0.756
0.825
0.706
0.555
0.59
0.561
0.551
0.557
0.633
0.621
0.62
0.675
0.81
0.864
0.849
0.786
0.769
0.91
1.0
1.064
1.228
1.18
1.23
1.061
0.921
0.751
0.875
0.76
0.881
0.906
0.838
0.8
0.571
0.565
0.5
0.782
0.866
1.034
1.115
1.141
1.3
1.325
1.284
1.338
1.22
1.376
1.188
1.209
1.127
1.201
1.165
1.288
1.164
0.998
0.979
0.86
0.629
0.541
0.596
0.421
0.451
0.61
0.596
0.623
0.435
0.351
0.319
0.265
0.046
-0.104
-0.188
-0.011
0.089
-0.094
-0.072
-0.214
-0.355
-0.319
-0.47
-0.583
-0.618
-0.485
-0.682
-0.541
-0.589
-0.422
-0.138
0.05
0.029
0.124
0.328
0.171
0.106
0.141
0.107
-0.013
-0.105
-0.241
-0.184
-0.15
-0.138
-0.154
-0.193
-0.146
-0.109
-0.03
0.049
0.025
-0.037
0.23
0.284
0.274
0.294
0.198
0.242
0.274
0.189
0.214
0.288
0.122
0.051
-0.034
-0.174
-0.371
-0.439
-0.601
-0.733
-0.657
-0.806
-0.713
-0.598
-0.651
-0.61
-0.49
-0.564
-0.45
-0.289
-0.105
-0.094
0.045
0.06
0.14
0.21
0.266
0.369
0.288
0.354
0.532
0.501
0.456
0.419
0.385
0.195
0.316
0.294
0.32
0.297
0.333
0.446
0.215
0.07
-0.019
-0.054
-0.226
-0.255
-0.325
-0.24
-0.396
-0.325
-0.417
-0.451
-0.539
-0.469
-0.57
-0.312
-0.429
-0.381
-0.359
-0.469
-0.519
-0.517
-0.566
-0.489
-0.473
-0.411
-0.399
-0.417
-0.3
-0.239
-0.155
-0.13
-0.11
-0.049
0.0
0.225
0.348
0.283
0.446
0.524
0.489
0.384
0.445
0.338
0.209
0.166
0.029
-0.029
-0.037
-0.154
-0.417
-0.583
-0.517
-0.56
-0.469
-0.2
-0.217
-0.181
-0.211
-0.138
-0.146
-0.134
-0.23
-0.401
-0.576
-0.691
-0.83
-0.704
-0.86
-0.709
-0.826
-1.008
-0.795
-0.993
-0.826
-0.941
-0.989
-0.939
-0.797
-0.782
-0.728
-0.787
-0.771
-0.542
-0.566
-0.404
-0.31
-0.29
-0.271
-0.156
-0.051
0.154
0.206
0.242
0.06
0.025
-0.144
-0.155
-0.279
-0.286
-0.24
-0.32
-0.186
-0.116
-0.122
-0.173
-0.225
-0.154
-0.072
-0.028
-0.014
-0.133
-0.263
-0.244
-0.29
0.059
-0.151
-0.091
0.03
-0.003
0.107
0.069
0.144
0.283
0.394
0.566
0.525
0.593
0.755
0.859
0.95
1.084
0.883
1.052
0.939
0.785
0.729
0.638
0.575
0.674
0.736
0.515
0.487
0.39
0.454
0.485
0.454
0.497
0.656
0.74
0.69
0.606
0.454
0.245
-0.003
-0.028
-0.236
0.106
-0.029
-0.045
-0.034
-0.196
-0.325
-0.311
-0.273
-0.139
-0.315
-0.333
-0.38
-0.319
-0.181
-0.088
-0.195
-0.084
0.105
0.25
0.216
0.295
0.124
0.173
0.083
0.069
0.1
-0.275
-0.484
-0.529
-0.261
-0.216
-0.066
-0.119
-0.171
-0.001
-0.205
0.0
0.104
0.089
0.01
-0.118
-0.089
-0.302
-0.365
-0.519
-0.465
-0.573
-0.603
-0.804
-0.761
-0.866
-0.943
-0.802
-0.621
-0.574
-0.586
-0.53
-0.495
-0.27
-0.43
-0.425
-0.304
-0.177
-0.071
-0.149
-0.039
-0.124
0.036
0.026
0.014
0.121
0.13
0.062
-0.099
-0.3
-0.235
-0.388
-0.281
-0.163
-0.062
-0.051
-0.316
-0.325
-0.496
-0.311
-0.258
-0.056
0.013
-0.266
-0.331
-0.425
-0.524
-0.441
-0.285
-0.07
-0.019
-0.161
-0.15
-0.209
-0.299
-0.45
-0.274
-0.199
-0.111
-0.23
-0.15
-0.101
-0.114
-0.103
-0.37
-0.351
-0.491
-0.58
-0.525
-0.408
-0.426
-0.128
-0.126
0.056
0.058
-0.036
-0.065
-0.121
-0.136
-0.119
-0.521
-0.411
-0.439
-0.504
-0.509
-0.615
-0.654
-0.484
-0.48
-0.62
-0.621
-0.756
-0.779
-0.787
-0.805
-0.716
-0.638
-0.383
-0.536
-0.526
-0.367
-0.417
-0.236
-0.149
-0.141
-0.083
-0.106
-0.176
-0.168
-0.109
-0.144
-0.147
-0.224
0.041
-0.176
-0.198
-0.38
-0.456
-0.486
-0.511
-0.625
-0.539
-0.724
-0.738
-0.766
-0.662
-0.756
-0.696
-0.603
-0.45
-0.491
-0.369
-0.396
-0.275
-0.278
-0.44
-0.295
-0.36
-0.406
-0.568
-0.615
-0.6
-0.677
-0.605
-0.527
-0.537
-0.73
-0.849
-0.897
-0.989
-0.708
-0.706
-0.82
-0.786
-0.816
-0.78
-0.696
-0.633
-0.515
-0.475
-0.492
-0.459
-0.253
-0.264
-0.253
-0.346
-0.214
-0.25
-0.297
-0.335
-0.234
-0.33
-0.431
-0.242
-0.219
-0.113
-0.136
-0.081
-0.03
0.05
0.03
0.151
0.256
0.174
0.343
0.369
0.4
0.596
0.826
1.066
1.045
1.064
1.239
1.184
0.86
0.853
1.025
1.001
1.083
0.968
0.815
0.823
0.671
0.516
0.374
0.56
0.444
0.242
0.173
0.055
0.062
0.191
0.054
0.266
0.175
0.259
0.315
0.256
0.328
0.286
0.329
0.3
0.154
0.128
-0.1
-0.037
-0.22
-0.089
-0.14
-0.119
-0.041
-0.022
0.046
0.06
0.088
0.088
0.074
-0.005
-0.104
-0.166
-0.356
-0.351
-0.355
-0.555
-0.655
-0.589
-0.656
-0.789
-0.97
-1.085
-0.881
-0.766
-0.75
-0.506
-0.394
-0.415
-0.364
-0.445
-0.629
-0.738
-0.736
-0.79
-0.714
-0.782
-0.75
-0.764
-0.754
-0.659
-0.671
-0.621
-0.598
-0.686
-0.735
-0.723
-0.685
-0.698
-0.556
-0.246
0.009
0.029
0.085
0.241
0.307
0.45
0.537
0.651
0.638
0.638
0.718
0.615
0.642
0.468
0.416
0.573
0.559
0.463
0.434
0.509
0.388
0.481
0.4
0.362
0.436
0.354
0.305
0.294
0.266
0.239
0.152
0.026
-0.118
-0.173
-0.299
-0.211
-0.4
-0.473
-0.408
-0.32
-0.32
-0.296
-0.239
-0.216
-0.193
-0.165
-0.133
-0.08
-0.033
-0.106
-0.301
-0.249
-0.284
-0.479
-0.366
-0.256
-0.399
-0.201
-0.244
-0.118
-0.1
-0.106
-0.193
-0.151
-0.025
-0.094
-0.066
0.143
0.081
0.211
0.156
0.151
0.138
0.196
0.119
-0.058
-0.14
-0.258
-0.253
-0.309
-0.378
-0.519
-0.438
-0.475
-0.544
-0.469
-0.564
-0.614
-0.474
-0.188
-0.286
-0.383
-0.365
-0.311
-0.29
-0.345
-0.328
-0.164
-0.193
-0.049
-0.061
-0.144
-0.279
-0.2
-0.258
-0.206
-0.195
-0.24
-0.079
-0.085
-0.05
0.13
0.185
0.21
0.289
0.406
0.37
0.557
0.609
0.514
0.59
0.635
0.633
0.611
0.565
0.549
0.422
0.297
0.169
0.179
0.173
0.089
0.103
0.139
0.004
0.297
0.4
0.279
0.343
0.295
0.314
0.299
0.28
0.275
0.209
0.211
0.121
0.098
-0.083
-0.054
0.046
0.125
0.177
0.241
0.46
0.311
0.203
0.205
0.106
0.258
0.181
0.234
0.173
0.241
0.105
0.161
0.118
0.191
0.2
0.324
0.205
0.18
0.15
0.106
0.24
0.201
0.26
0.245
0.249
0.238
0.185
0.2
0.244
0.484
0.296
0.311
0.259
0.175
0.129
-0.045
-0.02
-0.034
-0.044
0.156
-0.119
0.086
0.089
-0.022
0.05
-0.02
0.031
-0.062
0.059
-0.072
0.125
0.029
0.022
0.201
0.145
0.305
0.286
0.456
0.61
0.562
0.531
0.384
0.491
0.492
0.66
0.745
0.68
0.539
0.586
0.642
0.591
0.541
0.468
0.409
0.28
0.316
0.286
0.145
0.335
0.182
0.14
0.214
0.179
0.062
0.103
-0.043
-0.134
-0.001
-0.089
0.104
0.062
0.118
0.155
-0.016
-0.109
-0.072
0.094
0.086
0.195
0.276
0.226
0.219
0.212
0.16
0.223
0.454
0.448
0.413
0.362
0.168
0.14
0.245
0.302
0.318
0.331
0.299
0.161
0.259
0.175
0.154
0.15
0.188
0.329
0.229
0.226
0.074
0.211
0.177
0.151
0.11
-0.02
-0.149
-0.225
-0.343
-0.403
-0.3
-0.219
-0.336
-0.389
-0.466
-0.417
-0.357
-0.482
-0.569
-0.304
-0.318
-0.364
-0.419
-0.458
-0.416
-0.349
-0.31
-0.505
-0.686
-0.696
-0.708
-0.685
-0.541
-0.475
-0.589
-0.417
-0.359
-0.534
-0.496
-0.413
-0.273
-0.381
-0.422
-0.399
-0.453
-0.411
-0.247
-0.223
-0.084
-0.116
0.095
-0.16
0.015
-0.079
0.007
-0.17
-0.105
-0.25
-0.304
-0.311
-0.236
-0.32
-0.494
-0.284
-0.17
-0.194
-0.41
-0.619
-0.435
-0.546
-0.497
-0.348
-0.406
-0.489
-0.306
-0.352
-0.28
-0.061
0.009
0.051
0.034
0.085
0.083
0.092
0.356
0.27
0.146
0.209
0.133
0.328
0.323
0.354
0.39
0.426
0.435
0.408
0.44
0.421
0.348
0.478
0.31
0.26
0.159
0.151
0.302
0.03
-0.239
-0.297
-0.173
-0.294
-0.356
-0.334
-0.326
-0.215
-0.417
-0.244
-0.278
-0.203
-0.094
-0.029
-0.139
-0.121
-0.105
0.083
-0.08
0.076
0.143
0.225
0.278
0.466
0.404
0.485
0.421
0.389
0.54
0.557
0.408
0.411
0.491
0.504
0.671
0.551
0.589
0.706
0.619
0.657
0.586
0.579
0.557
0.588
0.62
0.761
0.763
0.796
0.754
0.782
0.868
0.751
0.718
0.801
0.766
0.759
0.62
0.651
0.591
0.639
0.598
0.784
0.628
0.741
0.79
0.929
0.805
0.881
0.876
0.986
1.16
1.166
1.203
1.151
1.155
1.147
1.133
1.071
1.215
1.305
1.26
1.165
1.288
1.495
1.723
1.261
1.144
1.006
1.096
1.035
1.08
0.943
0.989
1.032
0.879
0.879
0.634
0.755
0.805
0.764
0.557
0.596
0.323
0.304
0.421
0.486
0.669
0.719
0.796
0.883
0.714
0.43
0.547
0.393
0.414
0.319
0.268
0.096
0.156
0.154
0.18
0.101
0.206
0.247
0.217
0.255
0.101
0.426
0.494
0.435
0.534
0.657
0.879
0.915
0.895
0.912
0.84
0.925
0.777
0.983
1.061
0.927
0.901
0.821
0.938
0.888
0.94
1.175
0.904
1.143
1.294
1.163
1.169
1.306
1.26
1.373
1.434
1.436
1.316
1.205
1.135
0.983
0.911
1.008
1.153
0.984
1.224
0.976
1.048
1.106
0.945
1.031
0.79
0.905
1.016
0.932
0.988
1.189
1.262
1.117
1.078
0.621
0.509
0.356
0.23
0.338
0.281
0.319
0.307
0.335
0.199
0.233
0.328
0.24
0.454
0.623
0.444
0.449
0.182
-0.054
-0.018
0.03
0.079
0.092
0.16
0.194
-0.244
0.258
0.268
0.103
0.046
0.013
0.196
0.113
-0.029
-0.024
0.16
0.129
0.241
0.115
-0.037
-0.005
-0.138
-0.011
-0.043
-0.21
-0.238
-0.144
-0.051
0.069
0.055
0.21
0.254
0.584
0.569
0.664
0.526
0.554
0.642
0.728
0.584
0.665
0.606
0.501
0.491
0.413
0.515
0.321
0.401
0.292
0.335
0.074
-0.147
-0.035
-0.056
-0.09
-0.131
-0.208
-0.196
-0.329
-0.238
-0.32
-0.346
-0.292
-0.624
-0.785
-0.906
-0.929
-1.117
-1.099
-0.983
-0.665
-0.636
-0.545
-0.324
-0.259
-0.174
-0.357
0.019
0.138
0.061
0.13
-0.104
-0.029
0.014
-0.011
0.086
0.3
0.44
0.38
0.19
0.27
0.38
0.33
0.505
0.575
0.297
0.288
0.035
0.259
0.175
0.083
0.051
0.061
-0.061
-0.365
-0.47
-0.728
-0.804
-0.471
-0.529
-0.601
-0.684
-0.69
-0.679
-0.73
-0.667
-0.715
-0.62
-0.733
-0.86
-0.749
-0.824
-0.835
-0.84
-0.948
-0.934
-0.806
-0.734
-0.576
-0.52
-0.484
-0.485
-0.511
-0.33
-0.378
-0.424
-0.401
-0.385
-0.081
-0.084
-0.024
-0.106
0.021
0.095
-0.161
-0.014
0.034
-0.016
-0.092
0.003
0.011
0.046
0.031
0.133
0.334
0.408
0.549
0.545
0.621
0.339
0.539
0.568
0.439
0.416
0.188
0.077
-0.179
-0.379
-0.511
-0.466
-0.551
-0.388
-0.182
-0.385
-0.216
-0.399
-0.336
-0.438
-0.417
-0.431
-0.371
-0.246
-0.177
-0.095
-0.149
0.026
0.221
0.249
0.22
0.24
0.169
0.223
-0.01
-0.054
-0.129
-0.161
-0.314
-0.084
-0.09
-0.139
-0.278
-0.381
-0.301
-0.531
-0.439
-0.561
-0.594
-0.489
-0.593
-0.642
-0.859
-0.656
-0.626
-0.606
-0.775
-0.484
-0.464
-0.217
-0.092
-0.022
0.006
-0.061
-0.1
0.004
-0.051
0.039
-0.075
-0.052
-0.135
-0.312
-0.302
-0.295
-0.404
-0.359
-0.421
-0.064
-0.165
-0.31
-0.135
-0.037
0.004
-0.147
0.034
-0.115
-0.166
-0.12
0.085
0.154
0.209
0.395
0.299
0.171
0.12
0.096
0.126
0.219
0.175
0.246
0.221
-0.051
-0.026
0.242
0.18
0.297
0.361
0.152
0.283
0.176
0.07
0.021
0.16
0.141
0.163
0.21
0.141
0.066
0.009
0.056
-0.133
-0.119
-0.2
-0.33
-0.312
-0.333
-0.589
-0.69
-0.662
-0.578
-0.414
-0.514
-0.731
-0.68
-0.67
-0.768
-0.726
-0.619
-0.44
-0.33
-0.321
-0.439
-0.269
-0.361
-0.325
-0.362
-0.417
-0.486
-0.589
-0.667
-0.718
-0.85
-0.69
-0.603
-0.421
-0.146
-0.006
0.0
-0.09
0.04
-0.061
-0.009
-0.024
0.041
-0.098
-0.116
-0.041
0.041
0.13
0.019
0.081
0.075
0.12
0.159
0.174
0.364
0.375
0.345
0.395
0.386
0.404
0.305
0.225
0.083
0.039
0.037
0.062
0.056
0.084
0.071
0.028
0.092
-0.003
0.165
0.212
0.374
0.35
0.605
0.614
0.665
0.684
0.534
0.426
0.49
0.611
0.527
0.544
0.43
0.491
0.53
0.512
0.557
0.529
0.562
0.539
0.427
0.307
