0.526
0.38
0.37
0.695
0.473
0.185
0.109
0.028
-0.018
-0.307
-0.325
-0.532
-0.606
-0.728
-0.719
-0.777
-0.54
-0.879
-0.711
-0.816
-1.07
-0.821
-0.816
-0.561
-0.595
-0.333
-0.266
-0.356
-0.35
-0.541
-0.39
-0.29
0.125
0.211
0.129
-0.081
-0.206
-0.334
-0.212
-0.58
-0.125
-0.427
-0.512
-0.63
-0.756
-0.858
-0.934
-0.745
-1.014
-0.938
-0.851
-0.759
-0.765
-0.48
-0.701
-0.921
-0.929
-0.853
-0.902
-1.019
-1.01
-1.04
-1.058
-0.956
-0.989
-0.67
-0.74
-0.927
-1.064
-0.905
-0.652
-0.542
-0.681
-0.603
-0.541
-0.564
-0.521
-0.376
-0.496
-0.245
-0.28
-0.13
-0.264
0.052
-0.141
-0.388
-0.656
-0.823
-0.86
-1.042
-0.838
-0.536
-0.147
0.219
0.352
0.36
0.356
0.215
0.244
0.361
0.199
0.221
0.045
0.326
0.179
0.551
0.656
0.886
0.805
0.703
0.487
0.291
0.124
0.4
0.109
0.319
0.25
0.458
0.425
0.626
0.699
0.698
0.739
0.497
0.395
0.403
0.253
0.205
0.011
0.156
0.2
0.16
-0.077
-0.205
-0.289
-0.239
-0.247
-0.258
0.024
0.225
0.206
0.212
0.096
0.076
-0.075
-0.144
-0.051
-0.274
-0.31
-0.411
-0.393
-0.119
-0.159
0.259
-0.07
-0.11
-0.188
0.006
-0.224
-0.208
-0.064
-0.066
0.149
0.013
-0.161
-0.405
-0.28
-0.468
-0.445
-0.443
-0.219
-0.271
-0.603
-0.824
-1.193
-0.999
-0.994
-0.79
-0.589
-0.56
-0.455
-0.463
-0.505
-0.511
-0.302
-0.03
-0.164
-0.296
-0.439
-0.33
-0.306
-0.42
-0.121
0.08
0.354
0.458
0.396
0.08
0.101
0.241
0.161
0.1
0.077
0.16
-0.013
0.028
-0.048
-0.186
-0.174
-0.124
-0.225
-0.221
-0.436
-0.338
-0.146
-0.193
0.03
-0.056
-0.06
-0.302
-0.258
-0.28
-0.254
-0.33
-0.356
-0.445
-0.376
-0.464
-0.535
-0.676
-0.408
-0.301
-0.241
-0.27
-0.393
-0.415
-0.473
-0.487
-0.414
-0.309
-0.46
-0.506
-0.501
-0.806
-0.709
-0.639
-0.677
-0.626
-0.552
-0.598
-0.571
-0.741
-1.051
-0.82
-0.976
-0.766
-0.812
-1.022
-0.84
-0.782
-0.93
-0.821
-0.963
-0.723
-0.606
-0.455
-0.383
-0.448
-0.508
-0.547
-0.77
-0.555
-0.301
-0.351
-0.38
-0.451
-0.431
-0.661
-0.475
-0.386
-0.189
0.009
0.074
0.054
-0.065
0.221
0.09
0.254
0.273
0.271
0.522
0.413
0.217
0.169
0.214
0.241
0.346
0.114
0.189
0.441
0.22
0.526
0.348
0.796
0.485
0.225
0.146
0.311
0.479
0.346
0.446
0.72
0.801
0.85
1.04
1.229
1.201
1.251
1.146
1.279
1.005
0.865
0.812
0.588
0.496
0.336
0.473
0.259
0.191
0.318
0.383
0.372
0.399
0.455
0.736
0.542
0.464
0.319
0.075
-0.046
0.015
-10.336
0.21
0.413
0.509
0.436
0.541
0.531
0.569
0.631
0.456
0.143
-0.135
-0.199
-0.16
-0.166
-0.075
0.098
0.552
0.756
0.946
0.919
1.044
1.062
0.971
1.117
1.282
1.255
1.078
0.905
0.802
0.593
0.473
0.576
0.585
0.649
0.716
0.758
0.789
0.78
0.699
0.399
0.41
0.333
0.531
0.396
0.596
0.591
0.529
0.9
0.875
0.988
1.164
1.514
1.742
1.603
1.63
1.446
1.47
1.458
1.528
1.436
1.393
1.355
0.799
1.056
1.333
1.161
1.133
1.26
1.0
1.113
0.841
0.864
0.556
0.537
0.625
0.374
0.395
0.24
0.09
0.196
-0.044
0.025
0.383
0.405
0.506
0.54
0.316
0.261
0.255
0.321
0.284
0.274
0.5
0.235
0.486
0.273
0.193
0.113
0.126
0.206
0.283
0.496
0.584
0.639
0.557
0.545
0.224
-10.336
-0.059
-0.04
-0.061
0.323
0.126
0.244
0.33
0.124
0.161
-0.029
-0.051
-0.208
-0.051
0.014
0.098
0.291
0.375
0.461
0.288
0.52
0.301
0.473
0.435
0.409
0.586
0.584
0.491
0.135
-0.489
-0.807
-1.126
-0.641
-0.515
-0.306
-0.312
-0.205
-0.254
-0.278
-0.328
-0.331
-0.45
-0.473
-0.561
-0.44
-0.371
-0.649
-0.723
-0.686
-0.701
-0.51
-0.351
-0.205
0.014
0.011
0.015
-0.135
-0.644
-0.339
-0.364
-0.211
-0.254
-0.146
0.019
-0.072
-0.007
0.051
-0.193
-0.348
-0.33
-0.514
-0.524
-0.544
-0.556
-1.009
-0.98
-1.21
-1.276
-1.4
-1.282
-1.159
-0.915
-0.593
-0.672
-0.635
-0.379
-0.556
-0.701
-0.398
-0.355
-0.315
-0.416
-0.26
0.0
-0.26
-0.088
-0.336
-0.345
-0.432
-0.516
-0.326
-0.151
0.019
0.033
0.194
0.138
0.236
0.225
0.376
0.599
0.511
0.564
0.525
0.396
0.04
-0.036
-0.151
-0.259
-0.22
-0.455
-0.388
-0.203
-0.348
-0.089
-0.465
-0.441
-0.586
-0.362
-0.355
-0.72
-0.583
-0.703
-0.505
-0.461
-0.527
-0.383
-0.398
-0.346
-0.326
-0.475
-0.594
-0.489
-0.686
-0.699
-0.749
-0.738
-0.779
-0.649
-0.771
-0.69
-0.537
-0.48
-0.225
-0.306
0.003
-0.052
-0.026
0.144
0.028
-0.103
0.06
-0.155
-0.281
-0.384
-0.221
0.17
0.223
0.15
-0.086
0.111
-0.184
-0.22
-0.216
-0.096
-0.233
-0.04
-0.106
-0.223
-0.089
-0.274
-0.141
-0.074
-0.098
-0.058
-0.321
-0.426
-0.593
-0.503
-0.297
-0.086
-0.151
0.035
0.166
0.106
0.288
0.551
0.672
0.669
0.638
0.557
0.614
0.711
0.677
0.759
0.743
0.705
0.991
0.621
0.761
0.573
0.696
0.515
0.634
0.469
0.304
0.271
0.324
0.28
0.089
-0.019
0.122
-0.081
-0.138
-0.201
-0.013
0.198
0.319
0.099
-4.635
0.314
0.495
0.605
0.67
0.714
0.71
0.684
0.662
0.292
0.32
-0.1
-0.05
-0.01
0.051
0.233
0.084
0.2
0.173
0.019
-0.212
-0.546
-0.605
-0.545
-0.645
-0.716
-0.614
-1.011
-1.042
-0.926
-0.448
-0.158
-0.216
-0.241
-0.189
-0.536
-0.416
10.332
-0.901
-0.14
-0.219
-0.25
-0.499
-0.576
-0.652
-0.289
-0.146
-0.295
-0.02
0.27
0.175
0.058
-0.034
0.09
0.143
0.133
0.058
0.159
0.214
0.351
0.305
0.381
0.302
0.451
0.254
0.338
0.284
0.253
0.328
0.312
0.605
0.614
0.441
0.408
0.175
-0.058
0.195
-0.154
-0.115
-0.124
-0.118
-0.154
-0.135
0.065
0.25
0.195
0.38
0.463
0.848
0.851
0.885
0.75
0.686
0.621
0.814
1.093
1.05
1.177
1.201
1.081
1.061
0.608
0.985
0.978
0.662
0.735
0.944
0.968
0.955
1.079
1.015
1.048
1.048
-10.336
0.756
0.718
0.66
0.734
0.786
0.774
10.332
0.665
0.481
0.552
0.676
0.774
1.103
0.751
0.981
1.014
1.002
1.078
0.899
0.949
0.911
0.855
0.599
0.911
0.858
0.994
0.931
0.984
0.949
0.875
0.753
0.925
0.591
0.718
0.814
0.745
0.655
0.574
0.46
0.116
0.335
0.206
0.3
0.335
0.496
0.007
-0.025
0.133
0.116
0.255
-0.074
-0.124
-0.175
-0.234
-0.048
-0.099
0.114
0.221
0.185
0.386
0.372
0.304
0.062
0.211
-0.021
-0.091
0.128
-0.107
-0.184
-0.113
0.01
0.119
0.503
0.708
0.713
0.725
0.526
0.356
0.381
0.439
0.258
0.193
-0.256
-0.289
0.046
0.06
0.105
0.045
0.089
-0.049
-0.24
-0.182
-0.135
-0.156
-0.076
0.085
0.091
-0.081
-0.169
-0.205
-0.054
0.029
0.015
0.059
-0.08
0.0
-0.179
-0.014
-0.231
-0.325
-0.247
-0.42
-0.268
-0.193
-0.531
-0.357
-0.039
0.459
0.836
0.849
0.588
0.67
0.566
0.365
0.335
0.401
0.398
0.479
0.723
0.638
0.936
0.925
0.744
0.633
0.831
0.579
0.551
0.511
0.354
0.37
0.06
-0.173
-0.274
-0.276
-0.253
-0.348
-0.354
-0.401
-0.844
-0.651
-0.526
-0.8
-0.886
-1.199
-1.334
-1.713
-1.826
-1.552
-1.415
-1.265
-1.472
-1.415
-1.451
-1.331
-1.465
-1.48
-1.329
-1.196
-1.056
-0.888
-0.781
-0.77
-0.61
-0.417
-0.421
-0.495
-0.333
-0.199
-0.29
-0.144
0.103
0.3
0.359
0.517
0.211
0.468
0.233
0.352
0.333
0.299
0.17
0.194
0.325
0.233
0.551
0.603
0.554
0.681
0.831
0.868
0.809
0.709
0.391
0.537
0.285
-0.099
-0.121
-0.386
-0.189
-0.186
-0.302
-0.605
-0.306
-0.259
-0.7
-1.029
-0.902
-0.68
-0.531
-0.181
-0.025
0.05
0.018
0.014
0.111
-0.122
-0.035
0.014
-0.159
-0.006
-0.315
-0.03
0.114
0.075
0.1
0.074
-0.035
-0.028
-0.091
-0.427
-0.706
-0.865
-0.73
-0.603
-0.454
-0.61
-0.91
-0.871
-1.17
-0.849
-0.78
-0.81
-0.821
-0.88
-0.929
-1.088
-0.981
-1.029
-1.135
-1.218
-1.059
-1.188
-1.097
-1.034
-0.956
-0.743
-0.71
-0.844
-0.921
-1.129
-1.321
-1.266
-1.251
-1.199
-0.958
-0.912
-0.911
-1.008
-1.14
-1.161
-0.951
-0.844
-0.571
-0.416
-0.352
-0.459
-0.487
-0.404
-0.191
0.151
0.155
0.299
0.295
0.315
0.21
0.129
0.29
0.374
0.395
0.339
0.374
0.211
0.36
0.301
0.29
0.635
0.623
0.59
0.341
0.348
0.301
0.086
0.225
0.06
-0.125
-0.062
-0.011
0.025
-0.233
-0.234
-0.18
-0.13
-0.165
-0.085
-0.051
-0.062
-0.084
-0.182
-0.356
-0.149
-0.114
-0.307
-0.292
-0.309
-0.357
-0.569
-0.552
-0.359
-0.181
-0.119
-0.044
-0.139
-0.391
-0.615
-0.914
-1.114
-1.006
-0.86
-0.575
-0.184
-0.144
-0.129
-0.36
-0.354
-0.255
-0.016
0.114
0.321
0.114
0.189
0.0
0.061
0.271
0.497
0.615
0.71
0.486
0.537
0.465
0.619
0.527
0.532
0.381
0.105
0.271
0.357
0.675
0.932
0.881
1.165
1.295
1.294
0.978
1.04
1.059
1.1
0.873
0.833
0.909
0.934
0.973
1.265
1.429
1.363
1.345
1.431
1.275
1.145
1.085
0.889
0.855
1.011
1.183
1.305
1.209
0.959
1.031
0.938
0.845
0.902
0.951
0.926
1.139
0.97
0.838
0.765
0.686
0.754
0.931
0.82
0.831
0.764
0.55
0.68
0.814
0.693
0.753
0.919
0.564
0.621
0.569
0.79
0.876
1.042
1.093
1.12
0.971
0.971
0.754
0.756
0.743
0.639
0.461
0.5
0.432
0.323
0.326
0.705
0.714
0.866
0.94
0.86
1.146
1.334
1.155
1.13
1.078
1.328
1.607
1.661
1.393
1.328
1.269
1.231
0.849
0.879
0.951
1.308
1.189
1.436
1.335
1.326
1.431
1.189
1.143
1.103
0.596
0.65
0.701
0.784
0.868
1.15
1.524
1.479
1.472
1.446
1.395
1.268
1.18
1.299
1.264
1.008
0.953
0.948
0.695
0.814
0.703
0.781
0.676
0.8
0.66
0.253
0.393
0.224
0.242
0.191
0.037
0.114
0.052
-0.011
-0.122
-0.141
0.003
-0.131
-0.336
-0.714
-0.739
-1.184
-1.012
-1.292
-0.958
-0.926
-0.552
-0.081
-0.051
-0.01
-0.005
-0.001
0.36
0.329
0.266
0.214
0.535
0.686
1.103
0.938
1.219
1.268
1.278
0.965
0.946
0.856
0.888
0.726
0.245
0.37
0.179
0.236
0.11
0.076
-0.395
-0.484
-0.295
-0.45
-0.568
-0.75
-0.695
-0.721
-0.926
-0.753
-1.001
-0.926
-1.031
-1.09
-1.325
-1.355
-1.626
-1.463
-1.565
-1.453
-1.344
-0.989
-1.081
-1.096
-1.144
-1.125
-1.28
-1.191
-1.062
-0.958
-0.595
-0.537
-0.448
-0.324
-0.328
-0.249
-0.109
-0.085
-0.189
-0.128
-0.235
-0.366
-0.421
-0.515
-0.432
-0.517
-0.276
-0.35
-0.656
-0.67
-0.853
-1.009
-1.009
-1.068
-1.209
-1.501
-1.625
-1.367
-1.453
-1.171
-0.919
-0.864
-0.83
-0.708
-0.776
-0.709
-0.79
-0.615
-0.349
-0.305
-0.435
-0.226
0.13
0.043
0.13
0.164
0.103
-0.018
0.062
0.128
-0.098
-0.46
-0.224
-0.024
-0.011
0.249
0.326
0.361
0.302
0.037
0.049
0.194
0.434
0.542
0.351
0.413
0.448
0.67
0.71
0.619
0.72
0.704
0.795
0.649
0.749
0.66
0.704
0.311
-0.005
-0.706
-0.98
-1.647
-1.516
-1.004
-0.939
-0.89
-0.734
-0.562
-0.701
-1.041
-1.049
-0.954
-0.714
-0.631
-0.699
-0.61
-0.67
-0.734
-0.69
-0.431
-0.27
-0.016
0.03
-0.159
-0.264
-0.224
-0.413
-0.495
-0.48
-0.74
-0.586
-0.355
-0.281
-0.284
-0.198
0.338
0.431
0.451
0.506
0.427
0.066
-0.217
-0.164
-0.247
-0.166
-0.044
-0.06
-0.352
-0.435
-0.309
-0.463
-0.251
-0.135
-0.089
-0.239
-0.268
-0.177
-0.355
-0.229
-0.459
-0.311
-0.535
-0.38
-0.305
-0.195
-0.217
-0.19
-0.043
-0.02
0.048
0.004
0.033
0.121
-0.061
0.145
-0.034
-0.226
-0.406
-0.259
-0.494
-0.219
-0.019
-0.175
-0.045
-0.099
-0.193
-0.189
-0.193
-0.181
0.0
-0.169
-0.395
-0.454
-0.503
-0.492
-0.446
-0.552
-0.547
-0.357
-0.463
-0.195
-0.365
-0.578
-0.609
-0.874
-1.083
-0.989
-0.835
-0.988
-1.104
-0.863
-0.79
-0.551
-0.154
-0.174
0.004
0.138
0.046
0.23
0.314
0.576
0.86
0.83
0.537
0.584
0.591
0.411
0.431
0.515
0.574
0.499
0.55
0.55
0.679
0.838
0.471
0.723
0.638
0.662
0.546
0.468
0.416
0.436
0.491
0.346
0.495
0.415
0.005
0.281
0.279
-0.135
-0.11
0.011
0.039
-0.154
0.147
0.184
0.205
0.292
0.439
0.289
0.171
0.254
0.133
0.205
0.311
0.647
0.436
0.542
0.735
0.74
0.796
0.801
1.042
0.92
1.064
1.188
1.199
1.256
1.278
1.413
1.66
1.799
1.97
2.045
2.146
2.205
2.096
2.06
1.978
1.901
1.762
2.039
2.013
2.1
2.263
2.064
2.208
2.129
1.968
1.91
2.007
2.127
1.909
1.446
1.008
1.076
1.136
1.044
1.343
1.492
1.548
1.381
1.16
0.946
0.883
0.826
0.67
0.704
0.859
0.89
0.968
1.145
1.261
1.13
0.991
1.009
0.893
1.139
0.978
1.144
1.288
1.311
1.016
0.715
0.985
0.971
0.924
0.76
1.001
0.849
0.98
0.805
0.774
0.496
0.516
0.536
0.485
0.453
0.554
0.366
0.51
0.672
0.973
0.83
0.794
0.403
0.304
0.301
0.318
0.693
0.657
0.346
0.12
0.01
0.099
0.216
0.31
0.441
0.497
0.48
0.511
0.515
0.374
0.311
-0.061
-0.034
-0.216
-0.245
-0.335
-0.429
-0.255
-0.03
0.535
0.499
0.64
0.519
0.487
0.134
-0.109
0.171
0.297
0.209
-0.086
0.099
0.161
0.236
0.306
0.271
0.269
0.357
0.024
-0.416
-0.22
-0.431
-0.463
-0.473
-0.68
-0.54
-0.604
-0.782
-0.846
-0.98
-1.014
-1.299
-1.35
-1.643
-1.659
-1.343
-1.183
-1.159
-1.266
-1.165
-1.328
-1.088
-0.873
-0.79
-0.599
-0.536
-0.385
-0.534
-0.512
-0.571
-0.571
-0.459
-0.655
-0.419
-0.31
-0.253
-0.223
-0.536
-0.527
-0.344
-0.367
-0.309
-0.214
-0.193
0.01
-0.144
-0.031
-0.152
-0.435
-0.39
-0.216
-0.364
-0.389
-0.099
-0.21
-0.24
-0.195
-0.025
0.136
-0.058
-0.07
-0.195
-0.133
-0.118
-0.235
-0.266
-0.31
-0.351
-0.12
-0.193
0.191
0.081
-0.129
-0.018
0.015
-0.321
-0.413
-0.517
-0.411
-0.41
-0.374
-0.365
-0.494
-0.509
-0.671
-0.76
-0.503
-0.585
-0.552
-0.655
-0.422
-0.579
-0.561
-0.33
-0.305
-0.059
0.001
0.006
-0.048
-0.233
-0.075
-0.069
0.055
0.111
0.128
0.011
0.059
0.055
-0.054
-0.181
-0.114
0.26
0.535
0.57
0.651
0.532
0.246
0.08
0.275
0.15
0.011
0.166
0.004
-0.239
-0.026
0.058
0.079
0.21
0.052
-0.135
-0.311
-0.779
-0.775
-1.025
-1.214
-1.028
-0.77
-0.696
-0.659
-0.475
-0.39
-0.211
-0.22
-0.18
-0.384
-0.366
-0.339
-0.345
-0.058
0.149
-0.072
-0.253
-0.251
-0.352
-0.163
-0.184
-0.28
-0.294
-0.184
0.044
-0.135
-0.273
-0.471
-0.318
-0.44
-0.415
-0.32
-0.286
-0.261
-0.422
-0.401
-0.499
-0.394
-0.391
-0.191
-0.131
-0.15
-0.254
-0.575
-0.531
-0.559
-0.725
-0.835
-0.733
-0.771
-0.85
-0.667
-0.966
-0.846
-0.975
-0.97
-0.711
-0.628
-0.284
-0.21
0.088
-0.034
0.079
-0.029
-0.241
-0.118
-0.5
-0.559
-0.504
-1.8
-0.685
-0.744
-0.539
-0.375
-0.359
-0.47
-0.512
-0.479
-0.64
-0.669
-0.672
-0.574
-0.39
-0.356
-0.135
-0.136
-0.249
-0.369
-0.461
-0.355
-0.278
-0.128
-0.164
-0.079
-0.33
-0.431
-0.371
-0.583
-0.295
-0.163
-0.091
-0.055
-0.199
-0.066
-0.143
-0.186
0.149
0.168
0.398
0.205
0.009
0.005
-0.007
0.263
0.455
0.781
0.75
0.695
0.69
0.721
0.6
0.463
0.708
0.88
0.694
0.714
0.704
0.546
0.749
0.67
-10.336
0.797
0.95
0.848
0.897
0.674
0.8
1.135
1.214
1.015
1.059
1.088
1.091
1.167
1.351
1.49
1.179
0.88
0.745
0.619
0.873
0.768
0.735
0.856
0.631
0.7
0.733
0.781
0.779
0.899
0.945
1.061
0.92
0.916
0.807
0.85
0.708
0.906
0.734
0.766
0.936
1.088
0.828
0.891
0.956
0.941
0.787
0.758
0.72
0.925
1.012
1.041
0.924
0.939
0.869
0.909
0.834
0.807
0.865
0.786
1.038
0.971
1.159
1.19
1.407
1.464
1.601
1.561
1.504
1.346
1.214
1.121
0.951
0.649
0.599
0.638
0.551
0.525
0.759
0.57
0.675
0.7
0.546
0.642
0.421
0.544
0.619
0.585
0.16
0.185
-0.101
-0.033
-0.037
0.17
0.084
0.21
0.096
-0.129
-0.062
0.037
0.255
0.366
0.336
0.471
0.364
0.163
0.043
-0.106
-0.203
-0.005
0.143
-0.072
0.098
-0.119
-0.124
-0.404
-0.379
-0.55
-0.639
-0.481
-0.28
-0.216
-0.058
-0.225
-0.058
0.361
0.133
0.301
0.199
0.092
-0.036
-0.014
-0.052
0.036
0.024
0.006
-0.487
-0.454
-0.455
-0.365
-0.354
-0.589
-0.915
-0.873
-0.948
-0.606
-0.786
-0.646
-0.734
0.371
-0.976
-0.789
-0.904
-0.68
-0.526
-0.61
-0.828
-0.828
-0.946
-0.79
-0.503
-0.366
-0.189
-0.085
0.066
0.05
-0.051
-0.201
-0.215
-0.221
-0.278
-0.403
-0.503
-0.344
0.144
0.275
0.552
0.501
0.4
0.205
0.348
0.176
0.325
0.39
0.315
0.468
0.25
0.256
0.3
0.496
0.468
0.7
0.521
0.527
0.5
0.734
0.75
0.791
0.792
0.91
1.074
0.986
1.045
1.088
1.48
1.318
1.441
1.126
1.117
1.099
0.815
0.916
0.494
0.439
0.179
0.044
-0.164
-0.258
-0.416
-0.399
-0.417
-0.37
-0.341
-0.036
-0.071
0.022
-0.128
-0.241
-0.28
-0.136
-0.366
-0.535
-0.529
-0.522
-0.57
-0.421
-0.486
-0.439
-0.446
-0.32
-0.286
-0.351
-0.294
-0.362
-0.704
-0.644
-1.0
-0.885
-0.963
-1.191
-1.236
-0.809
-0.701
-0.583
-0.351
-0.501
-0.521
-0.73
-0.94
-0.953
-1.195
-0.921
-1.044
-1.151
-1.071
-1.171
-1.186
-1.154
-0.858
-1.084
-1.211
-1.199
-1.042
-0.811
-0.743
-0.51
-0.364
-0.539
-0.768
-0.874
-0.851
-0.772
-0.532
-0.244
-0.305
-0.38
-0.731
-0.916
-1.096
-1.318
-0.899
-0.92
-0.79
-0.427
-0.492
-0.491
-0.413
-0.319
0.106
0.048
0.099
-0.182
-0.07
0.039
-0.121
-0.176
-0.315
0.089
0.426
0.453
0.486
0.225
0.459
0.35
0.301
0.116
-0.155
-0.054
-0.221
-0.361
-0.785
-0.755
-0.92
-1.137
-0.979
-1.194
-1.014
-1.079
-1.114
-1.048
-1.213
-1.221
-1.52
-1.295
-1.27
-1.26
-1.323
-1.066
-1.006
-0.768
-0.693
-0.682
-0.65
-0.635
-0.556
-0.432
-0.323
-0.229
-0.259
-0.496
-0.328
-0.273
-0.331
-0.035
0.026
0.09
0.064
-0.159
-0.043
0.088
0.18
0.37
0.453
0.263
0.081
0.138
0.096
0.101
0.331
0.223
0.231
0.355
0.372
0.291
0.116
0.064
-0.001
-0.065
-0.091
-0.069
-0.044
0.138
0.221
0.307
-0.009
0.158
-0.177
-0.111
0.015
0.19
0.435
0.193
0.245
0.076
0.099
0.084
0.315
0.35
0.152
0.659
0.345
0.362
0.268
-0.193
0.349
0.244
0.201
0.302
0.168
0.35
0.105
0.258
0.354
0.384
0.438
0.355
0.16
0.004
0.061
0.211
0.333
0.517
0.719
0.491
0.555
0.359
0.216
0.413
0.346
0.399
0.456
0.315
0.174
0.374
0.398
0.343
-0.046
-0.224
-0.109
-0.133
-0.301
-0.182
-0.366
-0.341
-0.195
-0.146
-0.271
-0.059
-0.011
0.19
0.095
0.201
0.334
0.449
0.755
0.733
0.889
1.028
0.924
0.864
0.79
0.866
0.934
0.834
1.165
0.964
0.939
0.665
0.729
0.65
0.574
0.66
0.69
0.831
0.98
1.001
1.085
1.254
1.355
1.425
1.259
