0.825
0.895
0.971
1.232
0.985
0.916
1.011
0.659
0.616
0.436
0.688
0.806
0.66
0.54
0.422
0.083
-0.152
-0.289
-0.229
-0.17
-0.005
-0.031
-0.335
-0.38
-0.441
-0.391
-0.659
-0.398
-0.074
0.195
0.403
0.624
0.25
0.163
0.034
0.007
0.025
-0.007
0.041
-0.215
-0.239
-0.473
-0.32
-0.224
-0.193
-0.122
0.006
0.05
-0.015
-0.139
-0.385
-0.305
-0.45
-0.445
-0.554
-0.205
-0.005
-0.405
-0.544
-0.917
-0.456
-0.503
-0.367
-0.261
-0.007
-0.24
-0.186
-0.494
-0.559
-0.615
-0.405
-0.569
-0.667
-0.525
-0.761
-0.284
-0.573
-0.319
-0.304
-0.306
-0.579
-0.585
-0.679
-0.517
-0.886
-1.054
-1.302
-1.387
-1.048
-1.13
-0.932
-0.89
-0.753
-0.774
-0.799
-0.378
-0.21
-0.205
-0.208
-0.139
-0.361
-0.36
-0.2
-0.25
-0.39
-0.4
-0.497
-0.369
-0.333
-0.325
-0.346
-0.414
-0.749
-0.689
-0.586
-0.562
-0.625
-0.565
-0.534
-0.532
-0.431
-0.436
-0.569
-0.614
-0.725
-0.745
-0.979
-0.951
-1.009
-0.989
-0.753
-0.708
-0.666
-0.671
-0.714
-0.774
-0.964
-1.13
-0.844
-1.011
-1.073
-0.779
-0.786
-0.461
-0.39
-0.376
-0.113
-0.138
-0.018
0.152
0.245
0.201
0.168
0.043
-0.059
-0.064
-0.198
-0.039
-0.149
-0.228
-0.245
-0.133
-0.229
-0.286
-0.131
-0.139
-0.193
-0.242
-0.241
-0.455
-0.626
-0.609
-0.628
-0.395
-0.696
-0.654
-0.948
-1.131
-1.186
-1.289
-1.201
-1.262
-1.193
-1.185
-1.305
-1.201
-1.125
-1.393
-1.45
-1.374
-1.241
-1.084
-1.258
-1.143
-0.938
-0.96
-0.74
-0.823
-0.746
-0.806
-0.859
-0.55
-0.485
-0.318
-0.521
-0.445
-0.591
-0.71
-0.819
-0.807
-0.693
-0.625
-0.503
-0.584
-0.718
-0.893
-0.906
-0.804
-0.635
-0.405
-0.138
-0.236
-0.22
-0.628
-0.679
-0.393
-0.506
-0.511
-0.24
-0.259
-0.345
-0.456
-0.451
-0.182
-0.302
-0.105
-0.072
-0.175
-0.333
-0.3
-0.384
-0.432
-0.391
-0.339
-0.235
-0.336
-0.275
-0.408
-0.415
-0.36
-0.568
-0.338
-0.545
-0.534
-0.619
-0.603
0.05
-0.299
-0.089
0.079
0.135
0.2
0.028
0.058
0.316
0.455
0.73
0.685
0.624
0.556
0.444
0.228
0.276
0.295
0.064
0.03
-0.179
-0.312
-0.186
0.092
0.39
0.478
0.485
0.555
0.484
0.354
0.37
0.388
0.465
0.551
0.796
0.894
0.896
0.745
0.614
0.61
0.75
0.666
0.641
0.708
0.536
0.521
0.679
0.388
0.511
0.578
0.836
0.638
0.73
0.703
0.614
0.56
0.671
0.719
0.784
0.958
0.836
0.638
0.531
0.35
0.348
0.129
0.014
0.079
-0.022
0.09
-0.28
-0.106
-0.557
-0.386
-0.219
-0.241
-0.174
-0.241
-0.555
-0.708
-0.482
-0.28
-0.049
0.155
0.18
0.179
-0.009
0.149
0.284
0.371
0.539
0.541
0.573
0.422
0.274
0.356
0.417
0.175
0.461
0.585
0.64
0.807
0.859
0.649
0.431
0.584
0.381
0.52
0.531
0.484
0.41
0.319
0.246
0.286
0.245
0.458
0.393
0.625
0.581
0.994
0.739
0.846
1.046
1.046
0.896
0.929
0.82
0.713
0.715
0.562
0.55
0.451
0.601
0.802
0.8
1.139
1.393
1.271
1.154
0.854
0.843
0.825
0.583
0.552
0.561
0.704
0.998
1.025
1.286
1.119
1.242
1.134
1.125
1.129
1.216
1.166
1.235
1.24
1.33
1.134
1.181
1.18
1.201
1.131
1.097
0.922
0.78
0.656
0.596
0.979
0.654
0.879
0.927
0.829
0.995
1.069
1.114
0.777
0.684
0.669
0.63
0.445
0.591
0.379
0.61
0.588
0.601
0.615
0.715
0.879
0.981
1.054
1.049
1.119
0.965
1.111
0.955
1.068
0.919
0.741
0.604
0.764
1.061
0.927
0.826
0.878
0.973
0.568
0.495
0.647
1.0
1.32
1.375
1.299
1.065
0.961
0.96
0.716
0.621
0.828
0.791
0.946
0.831
0.725
0.662
0.667
0.485
0.261
0.316
0.516
0.453
0.715
0.809
0.804
0.726
0.536
0.413
0.288
0.508
0.782
0.92
1.016
1.0
0.983
0.552
0.417
0.274
0.486
0.749
1.021
0.973
0.92
0.774
0.479
0.55
0.463
0.519
0.416
0.525
0.378
0.633
0.193
0.039
-0.38
-0.529
-0.91
-1.505
-1.315
-1.43
-1.395
-1.795
-1.81
-1.615
-1.583
-1.606
-1.664
-1.656
-1.677
-1.67
-1.444
-1.316
-1.397
-1.417
-1.145
-1.075
-0.706
-0.599
-0.509
-0.085
-0.355
-0.312
-0.315
-0.487
-0.453
-0.338
-0.453
-0.263
-0.451
-0.343
-0.316
-0.154
-0.015
0.255
0.38
0.4
0.46
0.336
0.206
0.16
0.091
-0.019
-0.033
-0.031
-0.018
-0.311
-0.273
-0.217
0.021
0.081
0.531
0.481
0.391
0.45
0.292
0.301
0.1
0.258
0.349
0.43
0.469
0.545
0.566
0.713
0.645
0.661
0.853
0.784
0.604
0.275
0.115
-0.463
0.021
0.231
0.173
0.115
0.064
-0.158
-0.254
-0.139
-0.161
-0.007
0.048
-0.031
0.048
-0.273
-0.634
-0.763
-1.113
-1.231
-1.299
-1.155
-1.075
-1.046
-1.209
-1.386
-1.376
-1.331
-1.235
-1.38
-1.514
-1.819
-2.115
-2.131
-1.649
-1.404
-1.135
-0.84
-0.843
-0.848
-0.914
-1.244
-1.056
-1.244
-1.231
-0.891
-0.93
-0.485
-0.546
-0.356
-0.459
-0.463
-0.504
-0.247
0.066
-0.031
0.076
0.014
-0.151
-0.417
-0.792
-0.943
-0.761
-0.589
-0.362
-0.324
-0.21
-0.297
-0.448
-0.432
-0.31
-0.098
-0.033
-0.164
-0.505
-0.745
-0.931
-1.076
-1.131
-1.159
-1.041
-1.149
-1.107
-1.029
-0.986
-1.021
-1.188
-1.058
-1.351
-1.38
-1.274
-1.389
-1.304
-1.1
-0.883
-0.629
-0.561
-0.323
-0.393
-0.321
-0.33
-0.27
-0.29
-0.265
-0.235
-0.388
-0.499
-0.618
-0.693
-0.522
-0.217
-0.062
0.13
-0.036
-0.086
-0.212
-0.443
-0.57
-0.779
-0.579
-0.52
-0.469
-0.396
-0.188
-0.07
0.061
-0.026
-0.223
-0.214
-0.398
-0.288
-0.461
-0.323
-0.281
-0.136
-0.37
-0.438
-0.596
-0.568
-0.906
-0.809
-0.5
-0.5
-0.576
-0.654
-0.522
-0.273
-0.374
-0.42
-0.544
-0.544
-0.519
-0.594
-0.551
-0.56
-0.802
-0.701
-0.471
-0.667
-0.318
-0.35
-0.326
-0.316
-1.228
-0.01
-0.062
0.036
0.256
-10.336
0.425
0.219
0.106
-0.274
-0.812
-0.784
-0.495
-0.184
-0.111
-0.006
-0.199
-0.114
-0.61
-0.443
-0.165
0.02
0.056
0.215
0.253
0.07
0.161
0.062
0.226
0.45
0.8
0.976
1.114
1.144
1.165
1.018
1.03
1.01
1.002
0.816
0.814
0.574
0.446
0.196
0.32
0.421
0.497
0.57
0.774
0.83
0.691
0.82
0.758
0.571
0.456
0.38
0.535
0.633
0.608
0.633
0.486
0.435
0.492
0.385
0.283
0.2
0.083
0.309
0.035
0.071
0.025
0.25
0.319
0.145
0.323
0.343
0.141
0.256
0.095
0.208
0.175
0.23
0.113
0.263
0.365
0.295
0.323
0.165
0.473
0.42
0.614
0.57
0.509
0.633
0.68
0.574
0.62
0.906
1.059
1.215
1.359
1.196
1.135
1.179
1.106
1.246
1.401
1.406
1.594
1.448
1.219
1.41
1.279
1.414
1.539
1.677
1.886
2.166
1.96
2.015
2.044
1.876
2.051
2.155
2.005
1.945
1.98
2.06
1.925
1.85
1.799
1.735
1.59
1.222
1.244
1.214
1.531
1.552
1.506
1.784
1.792
1.282
1.371
1.269
1.367
1.581
1.755
1.52
1.506
1.445
1.177
1.015
0.863
0.897
0.758
0.856
0.694
0.53
0.719
0.672
0.719
0.726
0.685
0.501
0.424
0.378
0.344
0.424
0.059
0.138
0.269
0.258
0.064
0.35
0.077
0.174
0.349
0.35
0.333
0.146
0.389
0.155
0.24
0.156
0.286
-0.004
-0.098
-0.364
-0.539
-0.685
-0.621
-0.526
-0.289
-0.052
-0.152
-0.302
-0.316
-0.415
-0.514
-0.383
-0.186
-0.065
-0.045
0.244
0.214
0.036
0.074
0.17
-0.046
-0.18
0.056
-0.588
-0.761
-0.831
-0.724
-0.542
-0.58
-0.31
-0.489
-0.468
-0.557
-0.517
-0.546
-0.312
-0.179
0.01
0.059
0.1
0.079
-0.065
-0.139
-0.138
0.026
0.079
0.003
0.1
0.226
0.37
0.491
0.598
0.826
1.006
1.011
0.874
0.89
0.965
0.978
0.939
0.719
0.704
0.379
0.45
0.336
0.121
0.116
-0.052
0.247
-0.134
-0.344
-0.473
-0.343
-0.266
-0.32
-0.29
-0.348
-0.603
-0.787
-0.374
-0.715
-0.709
-0.557
-0.569
-0.661
-0.92
-0.927
-0.971
-1.068
-1.185
-1.181
-1.201
-1.292
-0.964
-0.951
-0.871
-0.455
-0.163
-0.009
-0.14
-0.404
-0.415
-0.611
-0.564
-0.435
-0.516
-0.469
-0.5
-0.685
-0.464
-0.496
-0.391
-0.245
-0.221
-0.555
-0.524
-0.896
-0.885
-0.718
-0.453
-0.426
-0.441
-0.405
-0.385
-0.42
-0.494
-0.384
-0.209
-0.155
-0.064
-0.223
-0.404
-0.361
-0.266
-0.176
0.009
0.225
0.351
0.23
0.233
-0.173
-0.259
-0.045
0.236
0.055
0.144
0.052
-0.06
0.044
-0.251
-0.318
-0.161
-0.048
-0.033
-0.223
-0.088
-0.075
-0.04
-0.151
-0.463
-0.335
-0.141
-0.196
-0.1
-0.376
-0.456
-0.647
-0.703
-0.688
-0.667
-0.492
-0.374
-0.321
-0.384
-0.503
-0.557
-0.686
-0.654
-1.055
-0.821
-0.818
-0.994
-1.005
-0.741
-0.751
-0.704
-0.834
-0.67
-0.92
-0.833
-0.869
-0.77
-0.96
-0.993
-1.124
-1.127
-1.065
-0.812
-0.948
-0.875
-1.215
-0.865
-0.781
-0.531
-0.415
-0.403
-0.2
-0.226
-0.199
-0.209
-0.052
0.189
0.295
0.408
0.239
0.355
0.491
0.696
0.792
0.924
0.951
0.719
0.603
0.495
0.475
0.681
0.713
0.791
0.69
0.848
0.545
0.735
0.89
0.75
0.605
0.556
0.709
0.503
0.588
0.674
0.535
0.404
0.794
0.585
0.379
0.17
-0.139
0.009
-0.134
-0.151
-0.256
-0.175
-0.371
-0.399
-0.351
-0.219
-0.519
-0.64
-0.769
-0.661
-0.547
-0.72
-0.998
-1.135
-1.38
-1.471
-1.299
-1.103
-1.031
-1.084
-1.001
-1.058
-1.107
-1.214
-1.134
-1.336
-1.22
-1.173
-1.347
-1.184
-1.5
-1.26
-1.163
-1.344
-1.167
-1.361
-1.256
-1.146
-1.032
-0.983
-0.897
-0.854
-0.61
-0.574
-0.596
-0.491
-0.549
-0.519
-0.62
-0.441
-0.424
-0.359
-0.1
-0.009
-0.06
-0.173
-0.179
0.035
0.071
0.179
0.005
0.159
0.443
0.36
0.542
0.581
0.686
0.591
0.831
0.445
0.334
0.223
0.163
0.283
0.375
0.246
0.196
0.326
0.487
0.649
0.642
0.675
0.82
0.875
0.858
0.945
0.881
0.926
0.814
0.818
0.7
0.685
0.526
0.79
0.791
0.896
0.63
0.888
0.975
0.888
0.868
0.787
0.802
1.034
0.564
0.555
0.283
0.59
0.578
0.771
0.708
0.786
0.888
1.103
1.21
1.084
0.744
0.557
0.475
0.736
0.802
0.859
0.907
0.681
0.542
0.35
0.44
0.449
0.409
0.573
0.255
0.071
0.074
0.24
0.185
0.379
0.388
0.438
0.647
0.665
0.859
1.022
1.316
1.409
1.18
1.01
1.035
1.143
1.213
1.324
1.177
1.117
0.98
1.088
1.035
1.252
1.171
1.281
1.239
1.091
1.09
0.869
0.981
0.893
0.743
0.785
0.856
0.998
1.164
1.071
1.163
1.264
1.383
1.325
1.2
1.285
1.325
1.376
1.406
1.866
1.657
1.594
1.76
1.509
1.11
1.164
1.044
1.15
1.175
1.105
1.271
1.236
1.203
0.96
0.564
0.491
0.355
0.289
0.176
0.459
0.343
0.369
0.42
0.537
0.629
0.779
0.571
0.406
0.484
0.177
0.372
0.384
0.35
0.451
0.779
0.676
0.62
0.599
0.256
0.264
0.312
0.312
0.21
0.19
0.21
0.378
0.41
0.264
0.134
0.094
-0.061
-0.161
-0.177
-0.26
-0.3
-0.378
-0.537
-0.561
-0.564
-0.824
-0.809
-0.459
-0.416
-0.414
-0.427
-0.201
-0.521
-0.621
-0.576
-0.473
-0.516
-0.689
-0.642
-0.954
-0.795
-0.731
-0.453
-0.43
-0.381
-0.598
-0.667
-0.539
-0.646
-0.44
-0.515
0.044
0.273
0.226
0.385
0.116
0.458
0.305
0.505
0.361
0.461
0.47
0.565
0.345
-0.098
0.247
-0.077
0.011
-0.045
0.164
0.224
0.445
0.435
0.291
0.283
0.215
0.341
0.215
0.107
0.06
-0.223
-0.069
-0.035
0.009
-0.01
-0.224
-0.071
-0.224
-0.4
-0.312
-0.492
-0.552
-0.486
-0.099
0.147
0.17
0.158
0.176
0.253
0.163
0.304
0.095
-0.07
-0.297
-0.685
-0.893
-0.91
-0.805
-0.703
-0.848
-0.774
-0.705
-0.61
-0.492
-0.851
-0.78
-0.83
-0.655
-1.056
-0.731
-0.642
-0.68
-0.65
-0.615
-0.721
-0.589
-0.645
-0.481
-0.45
-0.497
-0.436
-0.359
-0.301
-0.544
-0.474
-0.634
-0.574
-0.5
-0.449
-0.478
-0.605
-0.593
-0.631
-0.628
-0.753
-0.861
-1.064
-0.701
-0.506
-0.504
-0.64
-0.86
-0.8
-0.81
-0.695
-0.624
-0.58
-0.511
-0.43
-0.491
-0.406
-0.254
-0.149
-0.265
-0.221
-0.003
-0.14
-0.17
-0.2
-0.276
-0.261
-0.281
-0.21
-0.369
-0.374
-0.446
-0.705
-0.595
-0.766
-0.596
-0.684
-0.404
-0.401
-0.275
-0.318
-0.16
-0.091
-0.181
-0.143
0.069
0.004
-0.193
-0.284
-0.289
-0.101
0.116
0.06
0.14
0.113
-0.041
-0.069
0.242
0.216
0.286
0.448
0.633
0.666
0.295
0.144
0.076
-0.12
-0.234
-0.17
-0.352
-0.589
-0.511
-0.917
-1.17
-0.989
-0.672
-0.416
-0.284
-0.268
-0.286
-0.451
-0.672
-0.726
-0.775
-0.78
-0.819
-0.961
-0.85
-0.864
-0.695
-0.642
-0.45
-0.571
-0.532
-0.554
-0.608
-0.723
-0.779
-0.529
-0.444
-0.265
-0.199
-0.071
0.147
0.263
0.294
0.321
0.449
0.451
0.33
0.421
-0.009
-0.007
-0.079
-0.07
-0.034
-0.376
-0.487
-0.547
-0.499
-0.415
-0.161
-0.475
-0.314
-0.393
-0.475
-0.466
-0.624
-0.636
-0.564
-0.521
-0.441
-0.464
-0.48
-0.486
-0.361
-0.404
-0.565
-0.671
-0.594
-0.669
-0.927
-0.677
-0.484
-0.46
-0.408
-0.096
-0.104
0.054
0.048
0.064
-0.01
-0.201
0.199
-0.004
0.145
0.17
-0.02
-0.03
-0.074
0.006
-0.044
-0.151
-0.121
-0.054
-0.147
-0.125
-0.105
-0.324
-0.339
-0.534
-0.449
-0.865
-0.713
-0.714
-0.774
-0.684
-0.508
-0.385
-0.328
-0.427
-0.512
-0.565
-0.32
-0.181
-0.071
0.13
0.154
0.294
0.443
0.594
0.904
1.091
1.205
1.32
1.31
0.98
0.895
0.953
0.823
1.084
1.054
1.074
1.409
1.344
1.389
1.103
1.16
1.266
0.959
0.93
0.585
0.802
0.749
0.688
0.65
0.531
0.508
0.375
0.211
0.163
0.487
0.328
0.365
0.564
0.431
0.494
0.409
0.595
0.482
0.661
0.797
0.905
1.009
1.12
1.123
0.994
0.951
1.23
1.175
1.366
1.249
1.157
1.24
1.385
1.429
1.544
1.63
1.63
1.526
1.36
1.177
1.121
1.111
1.042
0.878
0.912
0.811
0.835
0.735
0.819
1.021
0.869
0.953
0.685
0.785
0.638
0.909
0.818
0.665
0.635
0.993
0.713
0.805
0.889
1.094
1.177
1.15
1.321
1.088
1.034
0.834
0.901
0.994
1.001
0.839
0.774
0.833
0.906
0.936
0.888
1.008
1.051
1.159
1.034
0.91
0.909
0.966
0.84
0.984
0.831
0.729
0.485
0.481
0.448
0.6
0.542
0.497
0.789
0.65
0.734
0.588
0.536
0.831
0.684
0.608
0.586
0.491
0.464
0.389
0.463
0.53
0.503
0.527
0.443
0.484
0.73
0.601
0.79
0.649
0.74
0.588
0.302
0.065
0.175
0.288
0.095
0.234
0.315
0.448
0.114
0.17
0.004
0.076
-0.009
0.096
-0.028
0.064
0.107
0.098
0.29
0.11
0.264
0.107
0.031
-0.174
-0.595
-0.768
-0.659
-0.436
-0.48
-0.66
-0.974
-0.865
-1.279
-1.357
-0.95
-1.159
-0.975
-0.55
-0.547
-0.398
-0.514
-0.471
-0.316
-0.299
-0.171
-0.312
-0.355
-0.625
-0.549
-0.434
-0.434
-0.409
-0.424
-0.324
-0.336
-0.531
-0.45
-0.417
-0.324
-0.309
-0.065
0.145
0.271
0.331
0.504
0.647
0.66
0.647
0.77
0.335
0.465
0.438
0.468
0.234
0.274
0.01
0.196
0.116
0.194
0.169
0.098
0.15
0.118
0.17
0.101
0.225
0.46
0.525
0.425
0.469
0.265
0.318
0.43
0.181
0.223
0.076
0.245
0.072
-0.107
0.136
-0.006
0.247
-0.221
-0.43
-0.574
-0.734
-0.846
-1.2
-1.014
-1.019
-1.137
-0.969
-1.054
-0.739
-0.784
-0.601
-0.55
-0.756
-0.965
-1.214
-1.11
-1.21
-1.17
-1.01
-1.059
-1.079
-0.897
-0.909
-0.764
-0.818
-0.917
-0.775
-0.753
-0.608
-0.555
-0.708
-0.734
-0.642
-0.49
-0.422
-0.429
-0.158
-0.233
-0.149
-0.159
-0.271
-0.444
-0.545
-0.451
-0.619
-0.779
-0.924
-0.603
-0.541
-0.26
-0.199
-0.193
0.006
-0.297
-0.401
-0.497
0.001
-0.084
-0.155
-0.035
-0.209
-0.285
-0.275
-0.474
-0.416
-0.268
-0.009
-0.004
-0.229
-0.255
-0.081
-0.048
-0.058
0.022
0.039
-0.029
-0.03
-0.285
-0.031
-0.075
-0.014
-0.134
-0.199
-0.421
-0.36
-0.639
-0.723
-0.708
-0.656
-0.774
-0.506
-0.721
-0.839
-0.738
-0.864
-0.807
-0.686
-0.425
-0.495
-0.571
-0.408
-0.315
-0.32
-0.335
-0.3
-0.458
-0.69
-0.581
-0.844
-0.689
-0.835
-0.716
-0.608
-0.525
-0.201
-0.333
-0.079
-0.195
-0.386
-0.459
-0.359
-0.191
-0.231
0.003
-0.051
0.003
-0.177
-0.04
0.014
0.125
0.234
0.3
0.242
0.133
0.235
0.249
0.379
0.189
0.103
0.374
0.482
0.417
0.304
0.435
0.618
0.547
0.624
0.774
0.876
0.986
1.289
1.414
1.657
1.804
1.808
1.627
1.424
1.196
1.074
1.099
1.353
1.324
1.401
1.344
1.095
1.038
1.126
1.251
1.396
1.385
0.68
1.165
1.124
0.941
0.936
0.65
0.596
0.56
0.504
0.356
0.18
0.384
0.366
0.24
0.214
-0.106
-0.378
-0.331
-0.185
-0.005
0.1
0.239
0.118
-0.531
-0.21
-0.372
-0.144
-0.009
-0.096
-0.034
-0.04
0.306
0.328
0.605
0.688
0.44
0.596
0.636
0.719
0.628
-0.024
0.557
0.357
0.281
0.383
0.897
0.588
0.615
0.796
0.731
0.805
0.836
0.571
0.504
0.611
0.594
0.611
0.578
0.66
0.544
0.509
0.557
0.508
0.26
0.334
0.171
0.441
0.58
0.007
0.034
-0.134
-0.092
-0.101
-0.096
0.139
0.316
0.455
0.469
0.334
0.266
-0.059
0.069
0.273
0.166
0.424
0.27
0.511
0.166
0.182
0.323
0.289
0.426
0.398
0.369
0.478
0.509
0.54
0.626
0.614
0.638
0.662
0.666
0.634
0.87
1.144
1.135
1.18
1.091
0.771
0.83
0.95
0.744
0.68
0.403
0.414
0.189
0.356
0.18
0.301
0.32
0.221
0.17
0.176
0.194
0.133
0.138
-0.103
-0.016
-0.263
-0.106
0.006
-0.405
-0.45
-0.625
-0.464
-0.61
-0.434
-0.275
-0.08
-0.128
-0.307
-0.315
-0.291
-0.271
-0.359
-0.14
0.152
-0.026
-0.048
-0.238
-0.436
-0.399
-0.585
-0.69
-0.312
-0.359
-0.504
-0.286
-0.351
-0.307
-0.195
-0.071
-0.131
-0.169
-0.515
-0.724
-0.688
-0.479
-0.436
-0.391
-0.226
-0.284
-0.335
-0.378
-0.46
-0.61
-0.608
-0.568
-0.458
-0.532
-0.349
-0.731
-0.761
-0.897
-0.345
-0.007
0.055
0.406
0.375
0.435
0.3
0.352
0.314
0.383
0.49
0.439
0.525
0.335
0.099
-0.085
0.09
0.181
0.526
0.669
0.86
0.713
0.624
0.393
0.38
0.45
0.489
0.61
0.605
0.47
0.713
0.481
0.229
0.25
0.145
0.015
0.195
0.315
0.378
0.225
0.228
0.189
-0.02
0.144
0.092
0.021
0.09
0.254
0.159
0.069
-0.052
0.044
-0.23
-0.066
-0.091
-0.091
-0.198
-0.268
-0.299
-0.365
-0.06
-0.294
-0.177
-0.161
-0.176
-0.039
-0.299
-0.486
-0.647
-0.669
-0.856
-0.964
-1.479
-1.346
-1.729
-1.808
-1.581
-1.637
-1.36
-1.704
-1.417
-1.186
-1.036
-1.004
-0.868
-0.665
-0.65
-0.787
-0.537
-0.49
-0.17
0.146
0.235
0.43
0.216
0.328
0.463
0.409
0.421
0.784
0.645
0.573
0.512
0.259
0.166
0.4
0.69
0.589
0.794
0.551
0.149
-0.034
-0.184
-0.323
-0.376
-0.385
-0.448
-0.454
-0.39
-0.429
-0.234
0.098
0.122
0.394
0.471
0.318
0.375
0.014
-0.426
-0.662
-0.285
-0.436
-0.209
-0.185
-0.336
-0.233
-0.028
0.046
0.259
0.324
0.571
0.662
0.708
0.615
0.085
-0.05
-0.049
-0.016
0.066
0.06
0.285
0.083
-0.195
-0.304
-0.338
-0.453
-0.651
-0.785
-0.969
-1.009
-1.166
-1.232
-1.062
-1.058
-0.944
-1.041
-1.058
-1.076
-0.998
-1.009
-0.769
-0.555
-0.579
-0.381
-0.485
-0.309
-0.29
-0.474
-0.426
-0.448
-0.596
-0.214
-0.333
-0.436
-0.4
-0.699
-0.703
-0.731
-0.7
-0.492
-0.521
-0.378
-0.39
-0.039
0.103
0.021
-0.11
-0.176
-0.268
-0.35
-0.473
-0.244
-0.29
-0.11
-0.107
-0.003
0.203
0.33
0.398
0.334
0.291
0.275
-0.015
0.144
0.086
-0.133
0.054
0.212
0.165
0.174
0.356
0.244
0.25
0.329
0.228
0.164
0.3
0.198
0.039
0.031
-0.025
-0.249
-0.295
-0.244
-0.228
-0.04
-0.151
-0.113
-0.334
-0.151
-0.16
-0.286
-0.271
-0.301
-0.034
0.08
0.06
0.198
0.095
0.06
-0.075
0.044
0.094
0.228
0.294
0.435
0.546
0.562
0.771
0.75
0.91
1.005
1.015
1.129
1.143
1.204
1.08
1.298
1.209
1.12
1.095
1.039
1.107
1.137
0.939
0.888
0.779
0.718
0.83
0.532
0.616
0.804
0.629
0.506
0.208
0.7
0.672
0.868
0.853
0.819
0.949
0.868
0.89
1.17
1.169
1.482
1.439
1.539
1.455
1.55
1.366
1.419
1.334
1.463
1.635
1.472
1.669
1.439
1.39
1.365
1.286
1.299
1.376
1.444
1.216
0.86
0.893
0.649
0.576
0.541
0.292
0.329
0.245
0.21
-0.024
-0.221
-0.034
0.113
0.022
-0.233
-0.147
-0.575
-0.713
-0.656
-0.636
-0.578
-0.275
-0.088
0.016
0.1
0.355
0.524
0.506
0.65
0.5
0.584
0.549
0.138
0.284
0.264
0.328
0.45
0.511
0.539
0.579
0.469
0.399
0.529
0.354
0.351
0.479
0.684
0.7
0.739
0.635
0.661
0.995
0.851
0.849
0.99
0.749
0.891
0.624
0.645
0.802
0.81
0.764
0.679
0.691
0.466
0.263
0.524
0.378
0.256
0.292
0.29
0.205
0.191
0.045
0.086
0.152
0.135
-0.135
0.03
0.056
-0.129
0.198
0.1
0.383
0.388
0.346
0.152
0.099
0.146
0.223
0.208
0.383
0.274
0.171
0.059
-0.048
-0.12
-0.249
-0.365
-0.345
-0.323
-0.275
-0.249
-0.336
-0.175
0.074
0.015
0.061
-0.048
-0.122
-0.134
0.015
-0.128
-0.055
-0.461
-0.235
-0.381
-0.25
-0.275
0.039
0.329
0.334
0.487
0.454
0.291
0.118
0.18
0.224
0.103
0.133
0.223
0.484
0.09
0.147
0.056
-0.044
-0.211
-0.355
-0.438
-0.253
-0.101
-0.196
-0.201
-0.289
-0.4
-0.255
-0.182
-0.02
-0.114
0.069
0.044
-0.217
-0.206
-0.372
-0.31
-0.245
-0.225
0.054
0.091
0.099
0.154
0.07
-0.083
0.066
0.018
-0.279
0.065
-0.141
-0.044
-0.201
-0.155
-0.214
0.064
-0.03
-0.136
-0.165
-0.362
-0.331
-0.419
-0.454
-0.691
-0.625
-0.704
-0.724
-0.619
-0.693
-0.372
-0.334
-0.278
-0.389
-0.391
-0.312
-0.522
-0.475
-0.421
-0.295
-0.258
-0.261
-0.365
-0.713
-0.78
-0.746
-0.705
-0.496
-0.37
-0.343
-0.422
-0.571
-0.661
-0.699
-0.97
-1.068
-1.15
-1.08
-0.959
-0.463
-0.069
0.081
0.344
0.255
0.166
-0.003
0.247
0.366
0.114
0.31
0.325
0.324
-0.049
-0.362
-0.682
-0.104
0.076
0.365
0.675
0.432
0.286
0.001
-0.181
-0.104
-0.077
0.177
0.176
0.588
0.284
0.166
-0.075
-0.4
-0.343
-0.414
-0.494
-0.395
-0.61
-0.649
-0.574
-0.75
-0.621
-0.469
-0.356
-0.39
-0.517
-0.435
-0.584
-0.713
-0.693
-0.695
-0.321
-0.224
-0.314
-0.229
-0.04
-9.019
0.138
0.161
0.049
-0.16
-0.376
-0.554
-0.525
-0.534
-0.393
-0.383
-0.511
-0.494
-0.491
-0.484
-0.603
-0.682
-1.068
-1.15
-1.276
-1.282
-0.984
-1.004
-0.985
-0.777
-0.751
-0.5
-0.233
0.145
0.051
0.054
0.165
0.118
0.17
0.113
0.03
0.215
0.091
0.299
0.334
0.306
0.306
0.519
0.581
0.787
0.806
0.776
0.821
0.715
0.524
0.378
0.497
0.422
0.609
0.345
0.205
0.126
0.029
0.29
0.152
0.17
0.119
-0.152
-0.485
-0.611
-0.691
-0.853
-0.873
-0.755
-0.871
-0.651
-0.491
-0.527
-0.289
-0.214
-0.099
0.007
0.09
0.245
0.343
0.511
0.43
0.49
0.415
0.45
0.458
0.46
0.566
0.667
0.735
0.651
0.676
0.671
0.624
0.66
0.527
0.356
0.24
0.203
0.559
0.515
0.83
1.014
1.008
0.956
0.836
0.734
0.52
0.429
0.471
0.234
0.297
0.21
0.331
0.105
0.214
0.256
0.52
0.506
0.357
0.575
0.414
0.59
0.671
0.73
0.471
0.568
0.591
0.346
0.18
0.36
0.649
0.721
0.685
0.393
0.449
0.537
0.674
0.401
0.451
0.343
0.519
0.461
0.614
0.771
0.679
1.039
0.848
0.994
0.935
1.032
1.206
1.229
1.354
1.555
1.556
1.679
1.616
1.655
1.86
1.8
1.85
1.546
1.674
1.776
1.501
1.636
1.27
1.593
1.479
1.369
1.15
0.935
0.758
0.531
0.355
0.244
0.133
0.072
0.103
-0.177
-0.223
-0.228
-0.241
-0.352
-0.343
-0.296
-0.184
-0.223
-0.362
-0.253
-0.054
-0.041
0.046
0.075
-0.349
-0.47
-0.44
-0.557
-0.424
-0.345
-0.291
-0.329
-0.388
-0.349
-0.438
-0.56
-0.321
-0.372
-0.229
-0.136
0.159
-0.143
0.154
0.044
0.325
0.324
0.319
0.6
0.539
0.671
0.535
0.524
0.624
0.525
0.56
0.475
0.443
0.336
0.221
0.147
0.119
0.181
0.188
0.217
0.116
0.271
0.47
0.376
0.475
0.566
0.466
0.37
0.215
0.49
0.195
0.234
0.206
0.251
0.441
0.36
0.318
0.329
0.083
-0.007
0.099
-0.18
-0.339
-0.113
-0.051
0.007
0.005
0.113
-0.045
-0.269
-0.22
-0.284
-0.419
-0.36
-0.156
-0.114
-0.138
-0.163
-0.095
0.058
-0.128
-0.001
0.084
0.081
0.115
0.22
0.128
0.11
-0.263
-0.394
-0.406
-0.185
0.095
0.164
0.383
0.36
0.366
0.015
0.048
0.07
0.064
-0.054
-0.08
0.177
0.083
0.071
-0.025
-0.104
-0.006
-0.083
-0.156
-0.071
-0.403
-0.562
-0.604
-0.694
-0.845
-0.781
-0.713
-0.652
-0.821
-0.791
-0.843
-1.21
-0.843
-0.772
-0.629
-0.549
-0.796
-0.67
-0.91
-0.758
-0.541
-0.641
-0.44
-0.333
-0.238
-0.307
-0.343
-0.41
-0.505
-0.401
-0.456
-0.269
-0.247
-0.411
-0.238
-0.234
-0.325
0.035
-0.191
-0.369
-0.371
-0.479
-0.517
-0.46
-0.334
-0.517
-0.516
-0.416
-0.466
-0.274
-0.246
-0.14
-0.256
-0.42
-0.71
-0.953
-0.965
-0.914
-0.584
-0.594
-0.219
-0.166
0.019
0.025
-0.066
0.133
-0.246
0.13
0.279
0.233
0.133
0.113
0.223
0.379
0.249
0.236
0.306
0.261
0.29
0.394
0.404
0.501
0.427
0.195
-0.07
-0.061
-0.134
-0.092
-0.273
-0.211
-0.18
-0.276
-0.219
-0.302
-0.524
-0.436
-0.753
-0.671
-0.724
-0.589
-0.496
-0.736
-0.594
-0.826
-0.608
-0.557
-0.596
-0.699
-0.825
-1.059
-1.265
-1.025
-1.065
-0.786
-0.549
-0.413
-0.085
-0.03
-0.024
0.269
0.258
0.385
0.242
0.316
0.389
0.309
0.343
0.375
0.39
0.299
0.21
0.109
0.072
0.014
0.161
0.3
0.234
0.329
0.099
-0.196
-0.194
-0.594
-0.546
-0.535
-0.645
-0.633
-0.786
-0.794
-0.714
-0.769
-0.52
-0.544
-0.369
-0.254
-0.071
0.156
0.241
0.294
0.184
0.279
0.203
0.247
0.216
0.144
0.104
0.051
-0.007
-0.064
0.113
0.355
0.215
0.171
0.16
0.14
0.013
-0.018
-0.115
-0.177
-0.2
-0.208
-0.158
-0.23
-0.2
-0.29
-0.328
-0.294
-0.357
-0.369
-0.48
-0.256
-0.288
-0.284
-0.185
0.01
-0.028
-0.124
-0.234
-0.242
-0.331
-0.214
-0.173
-0.059
0.152
-0.326
0.07
0.133
0.288
0.234
0.487
0.584
0.394
0.435
0.48
0.399
0.581
0.766
0.95
1.191
0.961
0.735
0.4
0.052
0.08
0.11
0.401
0.531
0.583
0.544
0.478
0.271
0.68
0.98
1.16
1.198
1.041
0.958
0.911
1.121
0.677
0.951
1.136
0.843
0.76
0.84
0.904
0.926
0.848
1.024
0.979
1.018
0.596
0.588
0.195
0.096
0.16
0.094
0.06
0.046
0.164
-0.07
-0.066
0.104
0.191
0.301
0.354
0.295
0.265
0.42
0.416
0.633
0.73
0.52
0.446
0.239
0.229
0.198
0.103
0.126
0.367
0.18
0.15
0.263
0.158
-0.046
0.08
0.219
0.175
0.497
0.195
0.251
0.143
0.203
0.385
0.505
0.575
0.677
0.626
0.415
0.516
0.524
0.88
1.039
0.878
0.686
0.719
0.647
0.615
0.573
0.671
0.828
0.724
0.589
0.574
0.316
0.196
0.208
0.31
0.448
0.709
0.661
0.728
0.406
0.413
0.374
0.389
0.372
0.395
0.603
0.833
0.753
0.804
0.585
0.631
0.746
0.839
0.874
0.72
1.173
1.001
1.119
1.022
1.105
1.246
1.07
0.893
0.991
0.917
0.792
0.695
0.929
0.819
0.874
0.711
0.696
0.719
0.596
0.744
0.82
0.57
0.221
-0.007
-0.03
0.104
0.116
0.17
0.205
0.216
-0.014
-0.069
-0.049
0.221
0.122
0.379
0.196
0.246
0.01
-0.244
-0.261
-0.15
-0.331
-0.236
-0.158
-0.034
-0.003
0.236
-0.128
-0.453
-0.334
-0.532
-0.694
-0.8
-0.708
-0.841
-0.76
-0.657
-0.55
-0.657
-0.681
-0.588
-0.45
-0.413
-0.598
-0.501
-0.401
-0.512
-0.685
-0.885
-0.769
-1.045
-0.804
-0.725
-0.881
-0.758
-0.927
-0.897
-0.888
-0.779
-0.605
-0.649
-0.547
-0.296
-0.245
-0.316
-0.219
-0.181
-0.031
-0.292
-0.379
-0.155
-0.146
-0.004
0.031
0.062
-0.037
-0.133
-0.524
-0.547
-0.406
-0.383
-0.379
0.033
0.0
-0.131
-0.044
-0.224
0.072
0.03
0.144
0.101
0.028
0.054
0.094
0.18
0.359
0.398
0.583
0.329
0.408
0.42
0.39
0.228
0.021
0.225
-0.034
0.086
0.233
-0.062
0.191
0.408
0.58
0.465
0.859
0.666
0.422
0.212
0.279
0.389
0.461
0.522
0.312
0.121
0.288
0.131
-0.015
0.061
0.009
-0.107
-0.17
0.0
-0.14
-0.396
-0.334
-0.279
-0.299
-0.326
-0.289
-0.301
-0.208
-0.333
-0.256
-0.306
-0.772
-0.618
-0.555
-0.471
-0.714
-0.606
-0.499
-0.603
-0.547
-0.62
-0.77
-0.787
-0.59
-0.868
-0.77
-0.795
-0.926
-0.766
-0.735
-0.555
-0.256
-0.264
-0.2
0.1
0.253
0.339
0.38
0.351
0.219
0.309
0.31
0.343
0.281
-0.014
0.03
-0.163
-0.065
0.145
-0.319
-0.355
-0.379
-0.408
-0.299
-0.359
-0.475
-0.302
-0.076
-0.004
0.081
-0.25
-0.2
-0.348
-0.306
-0.19
-0.291
-0.271
-0.419
-0.562
-0.615
-1.581
-0.665
-1.015
-0.916
-1.147
-0.951
-0.681
-0.723
-0.49
-0.695
-0.393
-0.352
-0.274
-0.103
-0.343
-0.449
-0.646
-0.581
-0.549
-0.512
-0.619
-0.517
-10.336
-0.713
-0.69
-0.672
-0.893
-0.84
-0.721
-0.869
-1.004
-0.725
-0.516
-0.48
-0.421
-0.15
-0.311
-0.359
-0.256
-0.372
-0.266
-0.25
-0.245
0.046
0.181
0.35
0.403
0.665
0.451
0.61
0.456
0.67
0.588
0.628
0.696
0.55
0.531
0.203
0.022
-4.546
0.176
0.354
0.235
-0.089
-0.158
-0.4
-0.255
-0.006
0.28
0.286
0.151
-0.054
-0.299
-0.31
-0.509
-0.3
-1.805
0.09
0.209
-0.391
-0.709
-1.195
-0.905
-0.72
-0.557
-0.281
-0.039
0.164
0.152
0.161
0.23
0.323
0.436
0.599
0.555
0.883
1.069
1.052
1.272
1.173
1.249
1.281
1.305
1.232
1.216
1.052
1.167
1.228
1.47
1.671
1.356
1.474
1.176
1.269
1.16
1.085
1.25
1.27
1.206
1.064
0.984
0.912
0.991
0.806
0.794
0.792
0.78
0.714
0.46
0.224
0.249
-0.104
0.094
-0.263
-0.079
0.044
-0.074
0.016
0.094
0.146
0.291
0.264
0.174
0.325
0.274
0.076
0.271
-0.004
-0.161
-0.209
-0.106
-0.136
0.02
0.369
0.27
0.54
0.718
0.595
0.579
0.812
1.181
1.269
1.198
1.276
1.231
1.285
1.226
1.278
1.343
1.315
1.393
1.532
1.413
1.696
1.57
1.308
1.101
1.038
0.876
0.323
0.605
0.233
0.36
0.36
0.299
0.32
0.291
0.04
0.046
-0.013
-0.17
-0.19
-0.196
-0.239
-0.281
-0.549
-0.615
-0.76
-0.834
-0.768
-0.615
-0.501
-0.521
-0.46
-0.55
-0.413
-0.166
-0.128
0.071
-0.122
-0.029
-0.279
-0.268
-0.456
-0.346
-0.321
-0.24
-0.399
-0.299
-0.385
-0.273
-0.521
-0.349
-0.385
-0.312
-0.314
-0.361
-0.261
-0.285
-0.696
-0.69
-0.706
-1.004
-0.749
-0.5
-0.286
-0.109
-0.179
-0.307
-0.422
-0.354
-0.576
-0.444
-0.475
-0.37
-0.284
-0.355
-0.217
-0.38
-0.052
0.083
0.14
0.279
0.512
0.739
0.664
1.08
1.213
1.189
1.184
1.056
1.036
1.328
1.466
1.3
1.301
1.27
1.346
1.289
1.088
1.126
1.311
0.938
0.672
0.541
0.229
-0.105
-0.09
-0.052
0.045
0.209
0.15
-0.224
-0.28
-0.361
-0.276
-0.161
-0.441
-0.505
-0.714
-0.731
-0.87
-0.995
-0.888
-0.849
-0.657
-0.625
-0.647
-0.584
-0.583
-0.685
-0.814
-0.785
-0.703
-0.642
-0.598
-0.42
-0.395
-0.259
-0.034
0.02
-0.149
-0.405
-0.328
-0.096
-0.114
-4.081
0.256
0.395
0.36
0.445
0.329
0.366
0.16
-0.081
-0.159
-0.278
-0.511
-0.212
-0.415
-0.639
-0.838
-0.642
-0.713
-0.764
-0.881
-0.848
-0.999
-0.819
-0.786
-0.554
-0.3
-0.276
-0.266
-0.236
0.014
0.25
0.51
0.57
0.674
0.806
0.566
0.33
0.07
0.081
0.177
0.389
0.312
0.239
0.294
0.274
0.305
0.195
0.194
0.143
0.233
0.224
0.226
0.184
0.274
0.139
0.055
0.216
0.283
0.443
0.561
0.581
0.536
0.316
0.247
0.176
0.349
0.43
0.323
0.295
0.367
0.062
0.013
0.074
-0.054
-0.121
-0.125
-0.295
-0.566
-0.415
-0.601
-0.351
-0.141
-0.344
-0.145
-0.259
-0.359
-0.091
0.11
-0.006
0.075
0.056
0.051
0.158
0.083
0.121
0.349
0.468
0.348
0.244
0.281
0.125
0.315
0.338
0.27
0.256
0.251
0.251
0.173
0.116
-0.141
-0.541
-0.474
-0.389
-0.508
-0.522
-0.58
-0.815
-0.818
-0.73
-0.769
-0.739
-0.645
-0.844
-0.917
-0.855
-0.976
-0.787
-0.995
-0.879
-0.973
-1.068
-1.136
-1.052
-0.76
-0.785
-0.878
-0.704
-0.593
-0.609
-0.588
-0.346
-0.474
-0.292
-0.396
-0.33
-0.086
-0.361
-0.198
-0.126
-0.075
-0.083
0.165
0.216
0.265
0.292
0.325
0.349
0.326
0.355
0.339
0.551
1.161
1.093
0.959
0.836
0.89
0.68
0.897
0.939
0.865
1.029
1.241
1.466
1.491
1.468
1.399
1.34
1.21
1.276
1.07
1.029
0.986
0.894
0.831
0.719
1.011
0.889
0.628
0.641
0.085
-0.179
-0.36
-0.468
-0.56
-0.909
-0.944
-1.099
-1.157
-1.056
-0.984
-1.009
-0.889
-0.775
-0.79
-0.664
-0.465
-0.422
-0.674
-0.61
-0.72
-0.78
-0.802
-0.388
-0.486
-0.386
-0.344
-0.547
-0.374
-0.505
-0.588
-0.401
-0.314
-0.037
0.158
0.146
0.295
0.229
0.508
0.655
0.809
0.756
0.974
1.226
1.458
1.424
1.401
1.318
1.242
1.259
1.365
1.18
1.616
1.494
1.578
1.449
1.43
1.469
1.295
1.351
1.31
1.18
1.109
1.101
0.965
0.938
0.966
0.704
0.674
0.794
0.724
0.825
0.787
0.67
0.532
0.444
0.517
0.296
0.378
0.352
0.321
0.417
0.344
0.432
0.65
0.52
0.625
0.512
0.708
0.449
0.619
0.74
1.094
1.262
1.391
1.261
1.369
1.094
1.032
0.664
0.976
1.01
0.936
1.029
0.914
0.954
0.999
1.03
0.951
0.981
1.012
1.11
0.878
0.677
0.806
0.749
0.792
0.684
0.746
0.667
0.665
0.315
0.171
0.235
-0.018
-0.08
-0.165
-0.22
-0.465
-0.552
-0.365
-0.432
-0.333
-0.203
-0.175
-0.273
-0.209
0.051
-0.04
0.443
0.594
0.71
0.62
0.269
-0.064
-0.241
-0.419
-0.554
-0.634
-0.823
-0.922
-0.758
-0.58
-0.489
-0.432
-0.5
-0.37
-0.378
-0.495
-0.59
-0.48
-0.37
-0.244
-0.307
-0.264
-0.214
-0.244
-0.223
-0.292
-0.547
-0.475
-0.626
-0.385
-0.231
-0.331
-0.033
0.074
0.124
0.239
0.339
0.546
0.331
0.31
0.393
0.24
-0.055
-0.03
0.071
-0.326
-0.04
-0.265
-0.3
-0.246
-0.427
-0.521
-0.64
-0.575
-0.527
-0.521
-0.043
-0.105
-0.139
-0.212
-0.005
0.037
0.103
0.107
-0.118
0.118
0.13
-0.194
-0.246
-0.216
-0.301
-0.201
0.114
0.318
0.527
0.521
0.38
0.289
0.133
0.2
0.584
0.432
0.362
0.636
0.541
0.52
0.713
0.721
0.694
0.598
0.441
0.215
0.372
0.36
0.281
-0.015
0.126
-0.069
-0.191
-0.205
-0.181
-0.292
0.085
-0.158
-0.045
-0.121
0.009
-0.105
-0.11
-0.3
-0.19
-0.236
-0.395
-0.168
-0.286
-0.495
-0.46
-0.588
-0.591
-0.524
-0.542
-0.212
0.041
0.086
-0.461
-0.504
-0.657
-0.825
-0.893
-0.591
-0.552
-0.736
-0.552
-0.105
-0.124
-0.231
-0.259
-0.394
-0.357
-0.381
-0.041
0.163
0.113
0.346
-0.011
0.106
0.224
0.374
0.383
0.289
0.128
-0.029
-0.124
-0.486
-0.6
-0.932
-0.756
-0.964
-0.61
-0.281
-0.29
-0.135
-0.036
0.044
-0.164
-0.25
-0.016
-0.035
-0.314
-0.357
-0.564
-1.055
-1.174
-1.58
-1.639
-1.766
-1.373
-1.174
-0.733
-0.624
-0.589
-0.646
-0.561
-0.65
-0.411
-0.404
-0.223
-0.455
-0.581
-0.471
-0.876
-0.911
-0.993
-0.989
-0.932
-0.79
-0.644
-0.704
-0.391
-0.46
-0.651
-0.685
-0.675
-0.473
-0.499
-0.432
-0.314
-0.362
-0.297
-0.466
-0.516
-0.575
-0.626
-0.521
-0.604
-0.713
-0.522
-0.399
-0.276
-0.1
-0.104
-0.021
-0.362
-0.29
-0.221
-0.258
-0.439
-0.265
-0.461
-0.464
-0.432
-0.584
-0.536
-0.535
-0.565
-0.541
-0.296
-0.369
-0.234
-0.145
-0.269
-0.25
-0.166
-0.215
0.051
0.079
0.19
0.173
0.233
0.141
0.306
0.421
0.432
0.374
0.316
0.242
0.424
0.38
0.312
0.346
0.276
0.448
0.591
0.532
0.792
0.614
0.54
0.539
0.66
0.676
0.63
0.552
0.356
0.143
0.036
-0.288
-0.388
-0.415
-0.391
-0.375
-0.109
-0.291
-0.13
-0.114
-0.014
-0.096
-0.301
-0.291
-0.216
-0.173
-0.101
-0.061
0.122
-0.096
-0.1
-0.074
0.06
0.203
0.2
0.314
0.214
0.2
0.085
0.166
-0.045
-0.114
0.056
-0.054
-0.031
-0.025
-0.119
-0.06
-0.089
-0.05
0.035
0.031
-0.091
-0.246
-0.305
-0.084
-0.075
-0.045
-0.156
-0.098
0.025
0.103
0.268
0.439
0.766
0.744
0.763
0.61
0.505
0.787
0.725
0.896
1.005
1.195
1.424
1.49
1.356
1.246
1.409
1.286
1.341
1.309
1.315
1.274
1.231
1.469
1.343
1.184
1.154
1.232
1.18
1.038
0.906
0.785
0.94
0.934
0.729
0.611
0.695
0.562
0.86
0.905
0.978
1.17
0.902
1.024
0.828
0.831
0.836
0.835
0.819
0.829
0.695
0.98
0.711
0.768
0.838
0.531
0.41
0.491
0.626
0.73
0.795
0.809
0.601
0.38
0.16
0.294
0.245
0.242
0.006
0.146
0.228
0.247
0.225
0.409
0.521
0.73
0.626
0.651
0.336
0.404
0.505
0.57
0.7
0.954
1.054
1.268
1.451
1.324
0.916
0.723
0.681
0.524
0.503
0.524
0.601
0.641
0.667
0.514
-0.18
0.65
0.754
0.756
0.638
0.431
0.302
-0.11
-0.13
-0.095
0.079
0.065
0.256
0.348
0.374
0.107
0.185
0.199
0.399
0.335
0.208
0.138
-0.177
-0.158
-0.283
0.026
-0.055
0.065
0.13
-0.03
-0.14
-0.304
-0.212
-0.225
-0.099
-0.028
-0.114
-0.284
-0.212
-0.193
-0.07
-0.105
-0.307
-0.11
-0.299
-0.473
-0.453
-0.47
-0.245
0.154
-0.028
0.136
-0.009
-0.074
-0.198
-0.435
-0.163
-0.336
-0.194
-0.186
-0.285
-0.26
-0.494
-0.375
-0.21
-0.089
-0.203
-0.383
0.064
-0.177
-0.131
-0.031
0.208
0.239
0.17
0.24
0.119
0.098
0.161
0.217
0.289
0.372
0.238
0.048
0.045
-0.17
-0.24
-0.584
-0.691
-0.576
-0.598
-0.662
-0.696
-0.705
-0.796
-0.755
-0.584
-0.417
-0.188
-0.166
-0.138
-0.101
-0.223
-0.129
-0.07
-0.051
0.01
-0.275
-0.364
-0.421
-0.652
-0.511
-0.33
-0.021
-0.01
-0.016
0.224
0.125
0.455
0.408
0.354
0.42
0.362
0.445
0.188
0.072
-0.11
-0.546
-0.465
-0.547
