0.372
0.444
0.664
0.525
0.44
0.425
0.439
0.349
0.188
0.253
0.136
-0.045
-0.005
-0.164
-0.261
-0.372
-0.511
-0.362
-0.316
-0.226
-0.314
-0.565
-0.215
-0.535
-0.394
-0.255
-0.058
0.049
0.223
0.3
0.229
0.255
0.122
-0.182
-0.376
-0.216
-0.163
0.006
-0.091
-0.016
0.009
-0.403
-0.463
-0.393
-0.333
-0.199
-0.17
-0.099
-0.034
-0.182
-0.261
-0.19
-0.191
-0.481
-0.466
-0.516
-0.666
-0.741
-0.745
-0.791
-0.846
-1.278
-1.509
-1.508
-1.74
-1.804
-1.754
-1.774
-1.99
-1.925
-1.871
-2.132
-2.37
-2.458
-2.373
-2.466
-2.261
-2.126
-2.132
-1.983
-2.01
-1.831
-1.471
-1.315
-0.983
-0.532
-0.705
-0.646
-0.756
-0.46
-0.314
-0.018
0.147
0.035
0.39
0.24
0.054
-0.054
-0.156
0.164
0.22
0.171
0.074
0.194
0.106
0.151
0.111
0.07
0.26
0.454
0.416
0.3
0.519
0.251
0.155
0.374
0.279
0.273
0.324
0.22
0.011
0.18
0.611
0.396
0.413
0.253
0.151
0.11
0.075
0.085
0.065
0.115
0.019
0.03
-0.074
-0.159
0.013
-0.13
0.029
-0.229
-0.179
-0.064
-0.033
-0.364
-0.364
-0.361
-0.421
-0.406
-0.427
-0.446
-0.547
-0.364
-0.138
0.009
-0.144
-0.128
-0.084
-0.301
-0.305
-0.444
-0.33
-0.091
-0.044
-0.285
-0.425
-0.53
-0.529
-0.7
-0.465
-0.23
-0.32
-0.584
-0.564
-0.633
-0.73
-0.826
-0.845
-0.763
-0.679
-0.945
-0.564
-0.955
-0.679
-0.912
-0.655
-0.623
-0.367
-0.247
-0.145
0.104
0.029
0.106
0.0
0.18
0.381
0.239
0.436
0.346
0.541
0.388
0.385
0.225
0.089
0.147
0.209
0.212
0.593
0.6
0.608
0.427
0.536
0.421
0.116
0.21
0.211
0.13
0.041
0.26
0.098
0.114
-0.018
0.1
0.196
0.052
-0.215
-0.309
-0.323
-0.338
-0.511
-0.525
-0.4
-0.514
-0.335
-0.445
-0.306
-0.499
-0.514
-0.405
-0.534
-0.182
-0.325
-0.176
-0.348
-0.443
-0.593
-0.504
-0.255
-0.225
-0.124
-0.094
-0.125
-0.159
-0.166
-0.18
-0.115
-0.171
-0.274
-0.238
-0.276
-0.307
-0.339
-0.233
-0.191
-0.163
-0.052
-0.17
-0.374
-0.45
-0.374
-0.446
-0.556
-0.777
-0.774
-0.843
-0.804
-0.79
-0.708
-0.594
-0.584
-0.343
-0.181
-0.279
-0.359
-0.164
-0.125
0.019
0.011
0.11
0.182
0.361
0.375
0.341
0.416
0.551
0.855
0.916
1.054
1.214
1.028
1.298
1.025
1.052
0.863
1.052
1.052
1.088
1.209
1.166
1.106
1.06
0.927
1.104
1.099
0.879
0.879
0.736
0.6
0.665
0.469
0.497
0.38
0.263
0.346
0.024
0.265
0.255
0.375
0.427
0.517
0.763
0.777
0.969
1.018
0.938
0.876
0.973
0.995
1.186
1.216
1.414
1.294
1.048
1.218
1.331
1.329
1.374
1.485
1.56
1.407
1.46
1.113
1.275
1.401
1.539
1.5
1.466
1.37
1.228
1.066
1.115
1.231
1.409
1.377
1.045
1.029
0.875
0.951
0.9
0.959
0.83
0.519
0.626
0.376
0.041
0.246
0.362
0.371
0.295
0.506
0.403
0.269
0.501
0.728
0.721
0.853
0.55
0.669
0.544
0.471
0.258
0.234
0.296
0.445
0.379
0.174
0.355
0.085
0.216
0.729
0.83
1.115
0.951
0.968
0.609
0.716
0.886
0.976
1.09
0.922
0.917
0.731
0.812
0.804
0.826
0.953
1.136
1.021
0.789
0.599
0.49
0.601
0.628
0.689
0.419
0.321
0.226
0.198
0.349
0.501
0.542
0.411
0.454
0.458
0.5
0.879
0.652
0.711
0.907
0.655
0.841
1.084
0.899
0.524
1.086
0.874
0.955
1.05
1.1
0.866
0.863
0.829
0.655
0.716
0.696
0.858
0.759
0.584
0.527
0.391
0.152
-0.106
-0.233
-0.356
-0.524
-0.453
-0.589
-0.511
-0.729
-1.206
-1.369
-10.336
-1.252
-0.835
-1.097
-0.986
-0.603
-1.147
-0.784
-0.823
-1.103
-0.904
-0.787
-0.581
-0.691
-0.535
-0.755
-0.641
-0.655
-0.705
-0.725
-0.426
-0.336
-0.278
-0.386
-0.681
-0.791
-0.841
-0.89
-0.846
-0.876
-0.805
-0.863
-0.824
-0.505
-0.506
-0.143
-0.206
0.151
0.301
0.175
0.386
0.544
0.736
0.891
0.969
0.888
0.586
0.188
0.19
0.099
0.143
0.118
0.349
-0.072
-0.165
-0.385
-0.176
-0.215
0.076
0.413
0.449
0.425
0.435
0.307
0.234
0.459
0.413
0.595
0.484
0.578
0.745
0.638
0.596
0.585
0.896
0.956
-7.08
0.916
0.779
0.527
0.427
0.159
0.159
-0.069
0.151
-0.011
-0.02
0.005
-0.193
-0.176
-0.205
-0.278
-0.439
-0.461
-0.59
-0.7
-0.75
-0.911
-1.048
-0.991
-1.364
-1.494
-1.288
-1.593
-1.375
-1.596
-1.578
-1.671
-1.476
-1.364
-1.26
-1.262
-1.052
-0.873
-0.891
-1.127
-1.075
-1.218
-1.256
-1.155
-0.615
-0.685
-0.565
-0.525
-0.593
-0.639
-0.69
-0.605
-0.468
-0.216
-0.135
-0.23
-0.263
-0.365
-0.484
-0.184
-0.223
-0.001
0.22
0.165
0.203
0.189
0.427
0.385
0.491
0.464
0.429
0.336
0.378
0.216
0.251
0.02
0.076
-0.26
-0.311
-0.53
-0.583
-0.424
-0.593
-0.584
-0.64
-0.536
-0.219
-0.429
-0.393
-0.164
-0.138
-0.254
-0.134
-0.075
-0.239
-0.509
-0.644
-0.417
-0.27
-0.025
0.025
-0.036
-0.333
-0.59
-0.624
-0.774
-0.574
-0.371
-0.599
-0.369
-0.64
-0.497
-0.719
-0.79
-0.746
-0.334
-0.401
-0.859
-1.107
-1.136
-1.269
-1.589
-1.492
-1.531
-1.455
-1.49
-1.271
-1.496
-1.579
-1.558
-1.506
-1.164
-0.971
-1.039
-0.905
-0.99
-1.113
-1.026
-0.775
-0.588
-0.519
-0.468
-0.403
-0.438
-0.164
-0.12
-0.028
-0.1
-0.006
-0.03
-0.106
-0.28
-0.526
-0.569
-0.434
-0.32
-0.129
-0.175
-0.221
-0.307
-0.263
-0.181
-0.01
0.12
-0.01
-0.21
-0.354
-0.283
-0.304
-0.383
-0.273
-0.151
0.011
0.16
0.26
0.161
0.378
0.372
0.168
0.241
0.443
0.532
0.497
0.346
0.219
0.099
0.301
0.199
0.215
0.239
0.099
0.234
-0.046
0.076
-0.048
-0.247
-0.094
-0.201
-0.1
0.044
-0.083
-0.134
-0.049
0.159
0.255
0.42
0.395
0.391
0.439
0.547
0.667
0.774
0.585
0.589
0.646
0.728
0.769
0.856
0.835
0.979
1.064
0.919
0.881
1.006
0.764
0.688
0.688
0.768
1.062
0.871
1.052
1.064
1.134
1.015
0.89
0.969
0.93
0.659
0.595
0.487
0.816
0.604
0.888
0.891
0.912
0.864
0.749
0.55
0.388
0.299
0.302
0.18
0.208
0.191
0.589
0.76
1.123
1.046
1.284
1.346
1.188
1.275
1.335
1.506
1.568
1.538
1.748
1.71
1.528
1.145
1.081
0.906
0.934
1.061
1.238
1.365
1.231
1.107
0.976
0.753
1.0
0.92
0.815
0.771
0.74
0.954
0.733
0.891
1.185
0.956
0.94
0.825
1.105
1.091
1.299
1.478
1.404
1.554
1.664
1.534
1.301
1.479
1.395
1.456
1.37
0.932
1.074
0.951
0.576
0.521
0.278
0.161
0.326
0.3
0.461
0.475
0.37
0.223
0.2
0.241
0.393
0.443
0.566
0.615
0.464
0.346
0.435
0.292
0.206
0.054
0.02
-0.203
-0.235
-0.554
-0.297
-0.454
-0.411
-0.674
-0.559
-0.669
-0.601
-0.235
-0.446
-0.22
-0.39
-0.288
-0.348
-0.086
-0.4
-0.501
-0.509
-0.72
-0.557
-0.573
-0.438
-0.299
-0.401
-0.106
-0.083
-0.19
-0.414
-0.584
-0.662
-0.456
-0.294
-0.174
-0.258
-0.235
-0.03
0.009
-0.022
0.238
0.224
0.17
-0.071
-0.271
0.024
-0.234
0.021
0.196
0.346
-10.336
0.107
0.09
0.414
0.279
0.311
0.336
0.12
0.276
0.415
0.478
0.315
0.311
0.234
0.354
0.092
-0.095
-0.333
-0.547
-0.74
-0.733
-0.751
-0.485
-0.302
-0.335
-0.296
-0.238
-0.174
-0.199
-0.092
-0.059
-0.028
-0.106
-0.083
-0.156
-0.234
-0.066
0.113
0.285
0.199
0.245
0.309
-0.255
-0.251
-0.624
-0.432
-0.758
-0.491
-0.735
-0.765
-0.765
-0.676
-0.705
-0.517
-0.485
-0.645
-0.27
0.019
-0.024
-0.147
-0.265
-0.118
-0.376
-0.085
-0.159
-0.186
-0.138
-0.007
0.08
0.003
0.054
0.103
0.114
-10.336
0.175
0.105
0.165
0.199
0.285
0.185
0.315
0.339
0.185
0.179
0.054
0.191
0.549
0.438
0.366
0.186
-0.109
-0.177
-0.1
-0.181
-0.234
-0.318
-0.557
-0.759
-0.786
-0.724
-0.578
-0.422
-0.448
-0.731
-0.84
-1.136
-1.258
-1.179
-1.081
-1.015
-1.246
-1.103
-1.476
-1.274
-1.262
-1.032
-0.782
-0.734
-0.568
-0.365
-0.081
-0.014
-0.239
-0.044
-0.211
-0.359
-0.352
-0.527
-0.473
-0.59
-0.647
-0.179
-0.074
0.004
-0.128
-0.24
-0.421
-0.708
-0.688
-0.826
-0.706
-0.505
-0.463
-0.283
-0.551
-0.545
-0.576
-0.589
-0.667
-0.475
-0.215
-0.203
-0.033
-0.01
0.33
0.276
0.233
0.359
0.396
0.419
0.549
0.546
0.458
0.155
0.133
-0.315
-0.295
-0.367
-0.411
-0.189
-0.001
-0.077
-0.234
-0.181
-0.099
-0.043
-0.09
-0.11
0.029
-0.034
0.034
-0.064
-0.156
-0.431
-0.288
-0.196
-0.265
-0.314
-0.568
-0.675
-0.746
-0.829
-1.004
-1.081
-1.022
-0.745
-0.628
-0.667
-0.58
-0.7
-0.738
-0.595
-0.631
-0.685
-0.721
-0.65
-0.645
-0.506
-0.496
-0.654
-0.954
-1.08
-1.286
-1.441
-1.45
-1.399
-1.117
-1.135
-1.025
-0.973
-0.844
-0.833
-0.659
-0.615
-0.554
-0.485
-0.451
-0.362
-0.441
-0.64
-0.574
-0.863
-0.785
-0.559
-0.464
-0.569
-0.393
-0.536
-0.383
-0.086
-0.29
-0.036
-0.083
0.084
-0.275
0.114
-0.146
0.171
0.254
0.297
0.268
0.4
0.359
0.2
0.324
0.53
0.514
0.585
0.631
0.924
0.657
0.508
0.394
0.296
0.376
0.238
0.435
0.575
0.655
0.436
0.478
0.501
0.939
0.861
0.893
0.799
1.041
1.008
1.071
1.458
1.39
1.34
1.116
1.189
1.141
1.213
1.126
1.482
1.383
1.109
1.078
1.244
1.111
0.714
0.782
0.891
0.579
0.638
0.53
0.774
0.996
1.241
1.285
1.311
1.42
1.214
1.471
1.355
1.476
1.576
1.394
1.28
1.116
1.136
0.841
0.645
0.689
0.7
0.694
0.608
0.469
0.307
0.366
0.205
0.111
0.111
0.091
0.258
0.139
0.177
0.241
0.444
0.489
0.735
0.696
0.585
0.657
0.782
0.415
0.626
0.325
0.401
0.285
0.37
0.136
0.393
0.228
0.364
0.311
0.263
0.217
0.343
0.324
0.314
0.492
0.561
0.559
0.595
0.633
0.825
0.705
0.807
0.924
0.866
0.973
0.807
1.096
1.343
1.413
1.471
1.397
1.06
1.059
0.891
0.931
0.557
0.745
0.733
0.686
0.665
0.759
0.885
0.943
1.208
1.239
1.235
1.244
1.114
1.038
0.951
0.825
0.802
0.738
0.751
0.589
0.445
0.196
0.226
0.092
0.037
0.388
0.46
0.399
0.306
0.161
0.27
0.134
0.033
0.299
0.505
0.795
0.864
0.73
0.388
0.559
0.531
0.359
0.046
0.139
0.076
-0.021
0.062
0.077
0.022
0.279
0.45
0.662
0.568
0.379
0.335
0.524
0.735
0.941
1.133
1.044
0.74
0.544
0.367
0.013
0.188
0.285
0.456
0.453
0.096
0.005
-0.02
-0.459
-0.355
-0.265
-0.049
0.136
0.135
-0.2
-0.517
-0.631
-0.849
-0.52
-0.615
-0.44
-0.618
-0.446
-0.79
-1.06
-1.009
-1.024
-1.093
-1.174
-1.271
-1.365
-1.344
-1.255
-1.203
-0.976
-0.92
-0.835
-0.963
-0.953
-0.677
-0.664
-0.416
-0.088
0.033
0.154
-0.215
-0.214
-0.619
-0.504
-0.256
-0.383
-0.3
-0.325
-0.271
-0.12
0.088
0.083
0.574
0.229
0.321
0.441
0.321
0.411
0.532
0.593
0.517
0.649
0.591
0.588
0.478
0.3
0.036
-0.181
-0.166
-0.527
-0.54
-0.541
-0.458
-0.481
-0.485
-0.429
-0.695
-0.439
-0.579
-0.41
-0.46
-0.667
-0.688
-0.645
-0.684
-0.934
-0.855
-0.845
-1.068
-1.3
-1.259
-1.042
-0.718
-0.411
-0.516
-0.571
-0.331
-0.391
-0.415
-0.233
-0.253
-0.301
-0.163
-0.436
-0.496
-0.527
-0.547
-0.49
-0.21
-0.19
-0.059
0.022
-0.062
-0.256
0.039
-0.043
-0.245
-0.296
-0.312
-0.448
-0.537
-0.438
-0.238
-0.247
-0.146
-0.007
-0.013
-0.02
0.095
-0.114
-0.364
-0.359
-0.3
-0.46
-0.329
-0.53
-0.346
-0.101
-0.089
-0.079
-0.048
0.306
0.541
0.514
0.39
0.304
0.163
0.151
0.219
0.291
0.333
0.133
0.17
-0.048
-0.091
-0.071
0.022
0.055
-0.043
0.092
0.121
-0.015
-0.198
-0.578
-0.826
-0.677
-0.749
-0.574
-0.424
-0.229
-0.501
-0.506
-0.401
-0.185
0.111
0.095
-0.044
-0.144
-0.395
-0.436
-0.564
-0.657
-0.446
-0.484
-0.426
-0.349
-0.304
-0.331
-0.61
-0.504
-0.743
-0.785
-0.77
-0.812
-0.948
-0.899
-0.94
-0.826
-0.652
-0.484
-0.285
-0.12
0.211
-0.16
-0.031
-0.241
-0.051
-0.194
-0.014
-0.15
-0.06
-0.223
-0.349
-0.107
-0.009
0.037
0.179
0.246
0.119
-0.146
-0.056
0.058
0.168
0.325
0.259
0.396
0.573
0.422
0.343
0.481
0.466
0.568
0.438
0.366
0.253
0.184
0.031
-0.096
-0.339
-0.299
-0.466
-0.333
-0.699
-0.427
-0.461
-0.136
-0.085
-0.269
0.128
0.111
0.054
-0.199
0.238
-0.279
-0.509
-0.404
-0.236
-0.12
0.125
0.434
0.386
0.623
0.545
0.329
0.485
0.479
0.652
0.646
0.839
1.209
1.224
1.145
1.024
0.927
0.425
0.655
0.814
0.741
0.414
0.244
0.036
-0.263
-0.109
-0.061
-0.196
0.031
0.228
0.393
0.375
0.54
0.584
0.566
0.845
1.164
1.302
1.589
1.548
1.387
1.356
1.278
1.165
1.08
1.194
0.618
0.642
0.519
0.568
0.641
0.715
0.705
0.719
0.575
0.554
0.515
0.489
0.364
0.566
0.534
0.366
0.401
0.246
0.098
0.161
0.354
0.399
0.551
0.652
0.575
0.879
0.72
0.718
0.689
0.76
0.652
0.633
0.634
0.786
1.055
0.974
0.876
0.944
0.969
0.868
0.768
0.534
0.55
0.426
0.487
0.49
0.734
0.993
0.975
1.025
1.09
1.141
1.085
1.035
0.973
0.686
0.69
0.446
0.42
0.546
0.517
0.419
0.456
0.593
0.539
0.718
0.826
0.84
0.935
0.804
0.647
0.426
0.258
0.095
-0.177
-0.198
-0.225
-0.191
-0.143
-0.088
-0.018
0.07
0.271
0.335
0.456
0.025
-0.2
-0.329
-0.517
-0.328
-0.052
0.088
0.396
0.469
0.416
0.233
0.145
0.325
0.194
0.522
0.233
0.31
0.152
0.21
0.534
0.246
0.512
0.775
0.846
0.474
0.244
0.074
-0.115
-0.241
-0.03
-0.071
0.006
0.228
0.336
0.466
0.581
0.503
0.547
0.949
0.951
0.785
0.848
0.738
0.291
0.168
0.333
0.231
-0.021
0.15
0.138
0.24
0.331
0.296
0.485
0.401
0.233
-0.089
-0.26
-0.406
-0.374
-0.071
0.006
-0.186
-0.229
-0.209
-0.404
-0.234
-0.261
-0.389
-0.396
-0.473
-0.67
-0.849
-0.955
-1.006
-0.915
-1.025
-0.9
-0.636
-0.427
-0.29
-0.304
-0.071
-0.138
-0.236
-0.086
-0.165
-0.135
-0.336
-0.217
-0.41
-0.352
-0.425
-0.241
-0.534
-0.494
-0.537
-0.67
-0.62
-0.644
-0.491
-0.825
-0.785
-0.998
-1.004
-0.799
-0.799
-0.413
-0.464
-0.932
-0.796
-1.354
-1.323
-1.609
-1.208
-1.407
-1.032
-1.055
-0.96
-0.621
-0.305
-0.221
-0.121
-0.247
-0.191
-0.3
-0.209
0.031
0.278
0.284
0.448
0.434
0.6
0.691
0.779
0.812
0.936
0.998
0.866
0.826
0.745
0.666
0.593
0.641
0.919
0.776
0.855
0.775
0.564
0.63
0.591
0.464
0.328
0.292
-0.149
-0.25
-0.256
-0.219
-0.044
-0.208
-0.04
0.126
0.186
0.258
0.365
0.176
0.115
0.133
-0.075
-0.086
-0.348
-0.557
-0.581
-0.535
-0.359
-0.27
0.066
0.086
0.121
0.281
0.152
0.009
-5.51
-0.369
-0.526
-0.777
-0.86
-0.994
-0.904
-0.394
-0.174
-0.029
-0.066
-0.171
-0.23
-0.494
-0.63
-0.54
-0.53
-0.479
-0.744
-0.695
-0.604
-0.795
-0.618
0.209
-0.125
0.174
0.198
0.384
0.292
0.0
-0.291
-0.499
-0.562
-0.834
-0.733
-0.215
-0.115
0.129
-0.18
-0.333
-0.495
-0.514
-0.435
-0.499
-0.468
-0.259
-0.638
-0.809
-0.931
-1.135
-0.931
-0.936
-0.864
-0.845
-0.753
-0.861
-0.818
-1.114
-1.214
-0.906
-0.59
-0.626
-0.689
-0.589
-0.78
-0.501
-0.319
-0.334
-0.116
-0.094
0.081
0.189
0.704
1.046
1.236
1.305
1.228
0.873
0.841
0.542
0.566
0.24
0.319
0.083
0.014
0.009
0.075
0.198
0.338
0.325
0.275
0.241
0.288
0.455
0.145
-0.276
-0.348
-0.372
-0.309
-0.54
-0.564
-0.796
-0.833
-0.949
-1.04
-1.026
-0.911
-0.976
-0.751
-0.55
-0.451
-0.331
-0.242
-0.335
-0.421
-0.372
-0.158
0.048
-0.009
0.251
0.508
0.657
0.655
0.448
0.537
0.739
0.905
1.001
0.889
1.104
0.98
0.871
0.896
0.515
0.487
0.734
0.579
0.628
0.639
0.611
0.536
0.603
0.525
0.646
0.79
0.899
1.001
0.819
0.849
0.495
0.606
0.494
0.71
0.866
0.768
0.855
0.841
0.873
0.785
0.98
1.052
1.086
1.056
0.888
1.032
1.123
1.08
1.124
0.979
0.815
0.907
1.188
1.101
0.936
0.831
0.631
0.489
0.356
0.52
0.619
0.451
0.641
0.981
0.719
0.594
0.508
0.484
0.388
0.486
0.497
0.598
0.733
0.73
0.46
0.334
0.152
0.335
0.372
0.69
0.661
0.799
0.77
0.731
0.953
-0.385
0.902
0.904
0.804
0.965
0.53
0.593
0.984
0.922
0.849
0.693
0.471
0.728
0.729
0.89
1.021
1.155
1.045
1.475
1.615
1.494
1.46
1.165
1.06
1.117
1.081
1.066
0.98
0.871
0.763
0.787
0.794
0.828
0.733
0.609
0.414
0.348
0.448
0.578
0.596
0.988
0.901
0.719
0.379
0.451
0.099
0.307
0.173
0.33
0.367
0.184
-0.161
-0.352
-0.465
-0.264
0.021
0.095
0.212
0.278
0.31
0.436
0.521
0.531
0.463
0.27
0.301
0.121
-0.115
-0.15
0.135
-0.126
-0.079
0.004
-0.039
-0.039
0.022
0.158
0.149
0.238
0.066
-0.379
-0.466
-0.819
-0.826
-0.343
-0.171
0.033
0.083
-0.129
-0.158
-0.311
-0.584
-0.434
-0.745
-0.595
-0.79
-0.777
-0.672
-0.863
-0.65
-0.495
-0.59
-0.499
-0.475
-0.534
-0.417
-0.929
-0.535
-0.677
-0.439
-0.763
-0.831
-0.995
-0.924
-0.94
-0.886
-0.608
-0.326
-0.256
-0.015
-0.2
-0.113
-0.309
0.013
-0.118
-0.174
-0.307
-0.149
-0.015
-0.019
0.091
0.296
0.515
0.083
0.367
0.151
0.128
0.052
-0.101
0.15
0.141
0.301
0.465
0.542
0.57
0.486
0.73
0.677
0.797
0.573
0.323
0.177
-0.022
-0.079
-0.316
-0.166
-0.007
-0.004
-0.209
-0.268
-0.41
-0.485
-0.489
-0.509
-0.203
0.055
-0.009
0.054
0.09
0.054
10.332
10.332
-0.181
-0.451
-0.463
-0.606
-0.883
-1.241
-0.939
-1.065
-1.286
-1.059
-0.979
-1.226
-1.379
-1.435
-1.44
-1.209
-1.241
-1.144
-0.794
-0.693
-0.522
-0.583
-0.521
-0.591
-0.251
-0.276
-0.288
-0.32
-0.58
-0.69
-0.696
-0.525
-0.406
-0.107
0.188
-0.007
-0.051
-0.26
-0.616
-0.468
-0.468
-0.458
-0.311
-0.43
-0.508
-0.37
-0.32
-0.279
-0.094
-0.122
-0.179
-0.356
-0.135
-0.19
-0.292
-0.408
-0.065
-0.242
-0.052
-0.479
-0.329
-0.231
0.064
0.026
0.233
0.349
0.416
0.265
0.312
0.235
0.263
0.286
0.253
0.253
0.154
0.198
0.11
0.069
0.08
0.149
0.253
0.254
0.284
-0.036
-0.121
-0.051
-0.168
-0.152
-0.094
-0.174
-0.238
-0.174
-0.116
-0.059
-0.116
0.071
0.13
0.266
0.384
0.525
0.445
0.497
0.581
0.575
0.666
2.263
0.596
0.307
0.461
0.221
0.395
0.094
0.193
-0.044
-0.105
-0.155
-0.16
0.077
0.146
0.286
0.226
0.094
0.025
-0.039
-0.122
-0.294
-0.385
-0.675
-0.927
-0.993
-1.097
-1.055
-1.045
-0.916
-0.829
-0.501
-0.239
-0.254
-0.343
-0.496
-0.101
-0.301
0.022
-0.236
-0.242
-0.361
-0.285
-0.051
-0.194
-0.141
-0.11
-0.286
-0.176
-0.381
-0.311
-0.386
-0.374
-0.325
-0.194
-0.242
-0.219
0.044
0.104
-0.036
-0.061
0.228
0.025
-0.03
0.031
-0.096
-0.066
0.025
0.004
-0.128
-0.135
0.104
0.215
0.229
0.15
0.354
0.273
0.319
0.206
-0.044
