-0.965
-0.721
-0.669
-0.744
-0.763
-1.059
-0.906
-0.845
-0.603
-0.642
-0.524
-0.484
-0.55
-0.779
-0.765
-0.975
-1.195
-0.806
-0.8
-0.86
-0.85
-0.64
-0.695
-0.636
-0.693
-0.883
-0.858
-1.134
-1.475
-1.239
-1.518
-1.37
-1.61
-1.492
-1.635
-1.732
-1.734
-1.639
-1.525
-1.367
-1.411
-1.36
-1.225
-1.21
-1.129
-0.958
-1.137
-0.91
-0.925
-0.725
-0.909
-0.74
-0.604
-0.619
-0.585
-0.68
-0.463
-0.579
-0.448
-0.473
-0.285
-0.431
-0.41
-0.383
-0.365
-0.299
-0.159
-0.147
-0.22
-0.557
-0.436
-0.448
-0.304
-0.468
-0.524
-0.532
-0.168
-0.466
-0.335
-0.176
-0.122
-0.136
-0.254
2.993
-0.294
-0.13
0.083
-0.004
0.084
0.056
0.088
0.23
0.158
0.324
0.306
0.25
0.233
0.11
0.241
0.228
0.255
0.098
0.043
0.083
-0.05
-0.071
0.001
0.036
0.013
-0.005
0.077
0.195
0.165
0.069
0.049
0.144
0.16
0.26
0.331
0.291
0.473
0.603
0.492
0.624
0.509
0.367
0.542
0.217
0.014
0.028
-0.076
-0.219
-0.089
-0.215
-0.325
-0.517
-0.542
-0.623
-0.86
-1.173
-1.384
-1.386
-1.518
-1.456
-1.485
-1.542
-1.539
-1.41
-1.506
-1.453
-1.386
-1.379
-1.249
-1.292
-1.415
-1.29
-1.064
-1.066
-0.94
-0.936
-0.927
-0.916
-0.871
-0.721
-0.828
-0.816
-0.731
-0.714
-0.716
-0.676
-0.639
-0.59
-0.52
-0.554
-0.655
-0.593
-0.491
-0.876
-0.79
-0.786
-0.57
-0.349
-0.352
-0.318
-0.642
-0.475
-0.635
-0.552
-0.59
-0.525
-0.52
-0.59
-0.26
-0.448
-0.193
-0.091
-0.044
-0.145
-0.029
-0.01
-0.149
0.066
0.168
0.024
0.131
0.236
0.136
0.195
0.31
0.555
0.552
0.662
0.406
0.445
0.209
0.138
0.129
-0.168
-0.022
-0.176
-0.176
-0.13
-0.177
-0.138
-0.214
-0.494
-0.378
-0.448
-0.268
-0.269
-0.072
0.104
-0.285
-0.438
-0.364
-0.482
-0.583
-0.129
-0.155
-0.323
-0.205
-0.626
-0.596
-0.768
-0.66
-0.42
-0.258
-0.23
-0.497
-0.662
-0.69
-0.521
-0.576
-0.455
-0.801
-0.536
-0.47
-0.255
-0.366
-0.426
-0.378
-0.421
-0.354
-0.215
-0.259
-0.208
-0.019
-0.061
0.022
0.246
-0.072
0.134
0.056
0.028
-0.095
-0.196
-0.1
-0.555
-0.5
-0.579
-0.469
-0.594
-0.84
-0.68
-0.456
-0.362
-0.166
-0.23
-0.29
-0.223
-0.211
-0.311
-0.415
-0.417
-0.473
-0.352
-0.296
-0.075
0.077
0.191
0.405
0.63
0.571
0.703
0.825
0.814
0.87
0.861
0.919
1.086
1.0
1.149
1.218
1.137
1.305
1.345
1.124
1.204
1.099
1.105
0.927
0.792
0.917
0.956
0.941
0.971
0.754
0.352
0.119
0.169
0.115
-0.085
-0.039
-0.122
-0.169
-0.345
-0.274
-0.209
-0.215
-0.1
-0.12
-0.131
-0.061
0.131
-0.094
-0.09
-0.136
-0.228
-0.173
-0.239
0.014
0.005
-0.001
-0.009
-0.018
0.235
0.258
0.425
0.431
0.414
0.484
0.404
0.381
0.341
0.256
0.253
0.32
0.228
0.059
0.03
-0.164
-0.173
-0.254
-0.266
-0.396
-0.344
-0.079
-0.152
-0.196
-0.193
-0.131
-0.177
-0.035
0.015
0.064
0.075
0.154
0.259
0.449
0.571
0.569
0.585
0.709
0.624
0.718
0.664
0.715
0.809
0.873
1.048
0.991
1.061
0.886
0.854
0.708
0.676
0.635
0.427
0.506
0.484
0.417
0.263
0.3
0.268
0.176
0.173
0.122
0.072
-0.191
-0.107
-0.323
-0.279
-0.43
-0.509
-0.49
-0.552
-0.549
-0.735
-0.605
-0.638
-0.504
-0.508
-0.517
-0.756
-0.594
-0.664
-0.708
-0.776
-0.81
-0.635
-0.729
-0.69
-0.478
-0.594
-0.478
-0.443
-0.357
-0.491
-0.56
-0.541
-0.641
-0.603
-0.714
-0.609
-0.73
-0.55
-0.336
-0.571
-0.511
-0.461
-0.541
-0.475
-0.283
-0.173
-0.033
0.135
0.077
-0.103
-0.265
-0.19
-0.212
-0.305
-0.422
-0.519
-0.807
-0.816
-0.589
-0.91
-1.097
-0.958
-0.839
-0.593
-0.516
-0.435
-0.522
-0.512
-0.664
-0.661
-0.675
-0.522
-0.56
-0.542
-0.571
-0.388
-0.495
-0.238
-0.221
-0.258
-0.296
-0.435
-0.459
-0.657
-0.562
-0.566
-0.529
-0.474
-0.571
-0.489
-0.223
-0.021
-0.089
-0.081
-0.154
-0.26
-0.441
-0.328
-0.431
-0.451
-0.316
-0.184
-0.136
-0.184
0.048
0.144
0.199
0.098
0.242
0.24
-0.054
0.095
-0.001
0.064
-0.105
0.031
0.081
-0.225
-0.255
-0.505
-0.593
-0.47
-0.268
-0.432
-0.341
-0.346
-0.297
-0.474
-0.371
-0.341
-0.266
-0.215
-0.2
-0.215
-0.126
-0.274
-0.311
-0.163
-0.283
0.03
0.081
0.389
0.362
0.492
0.271
-0.107
0.052
-0.072
-0.12
-0.256
-0.299
-0.494
-0.429
-0.694
-0.506
-0.469
-0.704
-0.825
-0.831
-0.881
-0.951
-0.963
-0.796
-0.731
-0.728
-0.836
-0.91
-0.845
-0.84
-0.891
-0.715
-0.662
-0.616
-0.578
-0.45
-0.53
-0.265
-0.318
-0.246
-0.259
-0.29
-0.346
-0.247
-0.079
0.029
0.259
0.508
0.501
0.726
0.517
0.638
0.718
0.591
0.652
0.765
0.95
0.824
0.801
0.777
0.869
1.056
0.86
1.054
1.056
0.944
0.944
0.774
0.651
0.812
0.626
0.621
0.68
0.729
0.914
0.755
0.769
0.856
0.64
0.725
0.835
0.738
0.866
1.107
1.064
1.121
1.155
1.367
1.193
1.338
1.318
1.258
1.265
1.259
1.373
1.45
1.434
1.633
1.674
1.616
1.446
1.399
1.501
1.598
1.651
1.686
1.713
1.69
1.714
1.643
1.357
1.426
1.58
1.43
1.895
1.552
1.549
1.77
1.8
2.001
2.136
1.98
1.875
2.067
2.294
2.451
2.507
2.294
2.11
2.047
1.989
2.054
1.996
2.254
2.379
2.136
2.053
1.974
2.243
2.027
2.172
2.339
2.277
2.353
2.212
2.317
2.058
2.246
2.007
1.769
1.617
1.621
1.347
1.569
1.768
1.963
2.044
2.176
2.396
2.436
2.361
2.268
2.045
2.071
2.001
1.606
1.657
1.431
1.193
1.614
1.105
1.13
1.31
0.927
1.054
0.706
0.603
0.449
0.468
0.505
0.539
0.326
-0.119
-0.24
-0.24
-0.348
-0.209
-0.028
-0.307
0.051
-0.031
-0.415
-0.611
-0.802
-1.191
-1.151
-1.17
-1.261
-1.065
-1.241
-0.804
-1.052
-0.75
-0.749
-0.805
-1.018
-0.891
-0.805
-0.811
-0.559
-0.708
-0.874
-0.785
-0.801
-0.455
-0.419
-0.215
-0.139
-0.152
0.079
-0.149
-0.056
-0.156
-0.395
-0.546
-0.417
-0.126
0.052
0.125
0.206
-0.062
-0.037
0.124
0.111
0.006
-0.131
-0.286
-0.249
-0.18
-0.088
-0.285
-0.259
-0.441
-0.544
-0.485
-0.316
-0.23
-0.214
-0.113
-0.233
-0.121
-0.121
-0.009
0.025
-0.075
-0.09
-0.238
-0.304
-0.438
-0.497
-0.364
-0.283
-0.394
-0.329
-0.473
-0.494
-0.429
-0.4
-0.654
-0.657
-1.021
-0.905
-1.035
-1.29
-1.444
-1.419
-1.561
-1.344
-1.292
-1.23
-1.073
-0.986
-1.044
-1.117
-1.413
-1.448
-1.482
-1.416
-1.241
-1.1
-1.018
-1.068
-0.825
-0.839
-0.95
-0.6
-0.536
-0.461
-0.398
-0.265
-0.519
-0.362
-0.18
-0.043
-0.128
-0.2
-0.035
-0.256
0.04
0.01
0.233
0.107
0.128
0.104
0.014
0.1
-0.203
-0.361
-0.364
-0.527
-0.621
-0.491
-0.383
-0.351
-0.359
-0.396
-0.66
-0.701
-0.859
-1.119
-1.066
-0.95
-0.839
-0.681
-0.56
-0.624
-0.815
-0.797
-0.912
-0.888
-0.651
-0.703
-0.466
-0.18
0.054
0.035
-0.003
0.275
0.253
0.089
0.186
0.364
0.449
0.441
0.335
0.419
0.51
0.399
0.333
0.583
0.099
0.576
0.633
0.324
0.318
0.403
0.403
0.468
0.52
0.466
0.26
-0.126
0.035
-0.079
-0.33
-0.338
-0.339
-0.29
-0.379
-0.179
-0.133
-0.396
-0.541
-0.51
-0.321
-0.343
-0.348
-0.288
-0.302
-0.19
-0.199
-0.306
-0.216
-0.236
-0.411
-0.536
-0.834
-0.927
-1.136
-0.958
-0.825
-0.738
-0.738
-0.546
-0.339
-0.297
-0.126
0.122
-0.17
-0.301
-0.481
-0.239
-0.158
-0.061
0.113
0.314
-0.003
-0.203
-0.9
-0.912
-1.221
-0.639
-0.19
-0.024
0.491
0.27
-0.109
-0.589
-0.993
-0.948
-0.549
-0.544
-0.743
-0.709
-0.081
0.113
0.18
0.484
0.486
0.595
0.519
0.506
0.506
0.677
0.764
0.684
0.39
0.19
0.309
0.226
0.375
0.59
0.861
0.848
0.487
0.193
-0.011
-0.145
-0.225
-0.226
-0.223
-0.105
-0.201
-0.389
-0.48
-0.676
-0.446
-0.323
-0.119
0.124
-0.23
-0.077
-0.17
-0.441
-0.431
-0.325
-0.422
-0.156
-0.346
-0.522
-0.321
-0.285
-0.201
0.098
0.25
0.413
0.535
0.55
0.369
0.22
0.316
0.44
0.469
0.503
0.54
0.54
0.375
0.441
0.552
0.779
1.059
1.173
0.953
0.608
0.25
0.241
0.17
-0.059
0.186
0.011
-0.036
-0.055
-0.175
0.092
0.43
0.435
0.522
0.571
0.351
0.404
0.224
0.02
-0.111
0.083
0.193
0.244
0.071
0.026
-0.022
-0.104
-0.028
-0.034
0.024
0.131
0.32
-0.294
-0.216
-0.349
-0.603
-0.641
-0.471
-0.249
-0.174
0.15
0.38
0.331
0.156
0.314
0.305
0.199
0.124
0.079
0.103
-0.246
-0.041
0.193
0.199
0.211
0.171
0.381
0.366
0.456
0.629
0.761
0.621
0.633
1.016
1.069
0.974
1.006
0.925
0.829
0.814
0.763
0.999
1.123
0.889
0.807
0.821
0.863
0.628
0.348
0.482
0.479
0.344
0.083
0.193
0.08
0.089
0.194
0.161
0.201
0.056
0.13
0.035
0.055
0.05
0.04
0.118
0.07
0.051
0.292
0.325
0.366
0.422
0.386
0.367
0.421
0.328
0.131
-0.149
-0.256
-0.29
-0.205
-0.125
-0.136
-0.147
-0.263
-0.444
-0.145
-0.581
-0.581
-0.647
-0.575
-0.482
-0.751
-0.845
-0.787
-0.65
-0.438
-0.271
-0.155
-0.119
-0.165
-0.113
-0.138
-0.588
-0.768
-0.608
-0.461
-0.519
-0.464
-0.256
0.003
0.07
0.209
0.371
0.185
-0.118
-0.16
-0.072
-0.155
-0.216
-0.324
-0.549
-0.38
-0.253
-0.184
-0.169
-0.224
-0.517
-0.464
-0.564
-1.2
-1.069
-1.278
-1.341
-1.114
-1.248
-1.064
-1.36
-1.136
-1.046
-1.019
-0.851
-0.856
-0.893
-1.198
-1.285
-1.255
-1.222
-1.004
-0.818
-0.619
-0.59
-0.701
-0.672
-0.611
-0.466
-0.456
-0.4
-0.351
-0.315
-0.071
-0.451
-0.469
-0.506
-0.484
-0.427
-0.221
-0.415
-0.383
-0.431
-0.536
-0.445
-0.682
-0.95
-1.002
-1.1
-1.154
-1.079
-1.15
-1.104
-1.139
-1.002
-1.106
-1.154
-1.073
-1.135
-0.96
-0.979
-0.885
-0.845
-0.853
-0.859
-0.879
-0.883
-0.844
-0.82
-0.656
-0.596
-0.381
-0.275
-0.404
-0.201
-0.226
-0.029
0.09
0.169
0.249
0.114
-0.035
-0.106
-0.064
-0.086
-0.024
0.244
0.356
0.259
0.048
0.092
-0.122
0.095
0.077
0.164
-0.188
0.007
-0.028
0.128
0.115
0.045
0.026
0.144
0.096
0.211
0.185
-0.04
-0.001
-0.189
0.033
-0.135
-0.331
-0.265
-0.185
-0.236
0.004
-0.08
0.0
0.041
0.084
-0.021
0.037
0.209
0.083
0.158
0.307
0.255
0.378
0.557
0.193
0.378
0.231
0.351
0.289
0.261
0.219
0.24
0.19
0.158
0.139
0.14
0.164
0.319
0.215
0.233
0.044
-0.007
-0.245
-0.263
-0.269
-0.316
-0.039
-0.074
-0.033
0.094
0.371
0.439
0.294
0.25
0.275
0.116
0.549
0.525
0.584
0.584
0.695
0.809
0.853
0.985
1.093
1.255
1.269
1.357
1.475
1.686
1.754
1.785
1.765
1.22
1.394
1.395
1.681
1.665
1.654
2.04
2.079
2.029
2.183
2.315
2.249
2.297
2.024
1.894
1.899
2.089
2.03
2.246
2.595
2.901
2.991
2.974
2.775
2.623
2.501
2.509
2.468
2.565
2.718
2.469
2.666
2.295
1.95
2.361
2.471
2.49
2.396
2.211
2.248
1.845
1.802
1.739
1.607
1.334
1.521
1.476
1.167
0.944
1.137
0.888
1.073
1.203
1.326
1.417
1.304
1.214
1.029
0.993
1.038
1.069
1.116
0.935
0.733
0.768
0.869
0.889
0.927
0.705
0.811
0.581
0.667
0.521
0.271
0.165
0.095
-0.141
-0.176
-0.297
-0.14
-0.301
0.229
-0.136
-0.081
-0.09
-0.084
-0.247
-0.581
-0.403
-0.266
-0.255
-0.106
-0.235
-0.231
0.043
-0.014
-0.11
0.114
0.224
0.388
0.29
0.211
0.04
-0.151
-0.051
-0.156
-0.361
0.114
-0.034
0.069
0.191
0.154
-0.281
0.241
0.596
0.324
0.356
0.455
0.224
0.179
0.033
0.217
-0.016
-0.286
-0.261
-0.509
-0.593
-0.461
-0.708
-0.588
-0.651
-0.404
-0.694
-0.584
-0.505
-0.647
-0.593
-0.649
-0.55
-0.615
-0.569
-0.375
-0.441
-0.19
-0.061
0.054
0.289
0.156
0.033
0.004
0.105
0.165
0.066
-0.113
-0.135
-0.143
-0.421
-0.288
-0.425
-0.505
-0.312
-0.482
-0.385
-0.384
-0.439
-0.67
-0.792
-1.04
-1.144
-1.116
-1.113
-1.335
-1.36
-1.28
-1.121
-1.181
-1.231
-1.262
-1.26
-0.888
-0.809
-0.614
-0.843
-0.894
-0.844
-0.465
-0.439
-0.351
-0.241
-0.364
-0.311
-0.345
-0.383
-0.562
-0.487
-0.449
-0.619
-0.505
-0.379
-0.164
-0.258
-0.421
-0.294
-0.568
-0.574
-0.765
-0.566
-0.586
-0.549
-0.695
-0.669
-0.831
-0.895
-0.66
-0.478
-0.31
-0.357
-0.139
-0.115
-0.352
-0.182
-0.036
0.096
0.026
0.271
0.147
0.125
0.031
-0.214
-0.283
-0.15
0.025
-0.242
-0.321
10.332
-0.831
-0.886
-0.948
-1.115
-0.889
-1.026
-1.084
-0.856
-0.919
-0.743
-0.879
-0.958
-0.79
-0.953
-0.945
-1.078
-1.097
-1.068
-0.964
-1.121
-0.833
-0.761
-0.526
-0.534
-0.555
-0.499
-0.422
-0.434
-0.314
-0.296
-0.285
-0.065
0.041
0.083
0.312
0.422
0.536
0.422
0.599
0.609
0.595
0.72
0.578
0.604
0.415
0.45
0.569
0.408
0.434
0.36
0.226
0.171
0.163
0.141
0.36
0.024
-0.022
-0.099
-0.115
-0.194
-0.385
-0.384
-0.331
-0.265
-0.263
-0.231
-0.292
-0.415
-0.416
-0.536
-0.425
-0.301
-0.251
-0.11
-0.177
0.11
0.06
-0.011
0.044
0.149
-0.111
0.088
0.366
0.608
0.461
0.44
0.269
0.269
0.324
0.395
0.495
0.541
0.721
0.531
0.427
0.075
0.133
-0.219
-0.16
-0.189
-0.325
-0.343
-0.14
-0.016
-0.035
0.176
0.266
0.371
0.302
0.244
0.35
0.482
0.231
0.309
0.427
0.436
0.451
0.708
0.789
0.711
0.667
0.573
0.422
0.315
0.185
0.32
0.381
0.581
0.489
0.489
0.236
0.181
-0.193
0.136
0.005
0.109
0.066
-0.051
0.028
-0.181
0.024
0.099
0.414
0.618
0.605
0.835
1.055
0.609
0.647
0.549
0.396
0.378
0.305
0.268
0.315
0.228
0.297
0.446
0.552
0.524
0.244
0.045
0.061
-0.316
-0.311
-0.434
-0.638
-0.763
-0.65
-0.861
-0.608
-0.759
-0.785
-0.671
-0.696
-0.586
-0.555
-0.549
-0.446
-0.676
-0.649
-0.549
-0.52
-0.331
-0.209
-0.007
0.152
0.294
0.33
0.307
0.372
0.315
0.424
0.4
0.522
0.461
0.797
0.818
0.939
0.719
0.753
0.546
0.444
0.588
0.27
0.453
0.45
0.492
0.413
0.534
0.455
0.348
0.231
-0.036
0.011
-0.206
-0.301
-0.275
-0.265
-0.099
-0.18
0.05
-0.16
-0.236
-0.354
-0.429
-0.375
-0.551
-0.319
-0.25
-0.216
-0.279
-0.182
-0.079
-0.003
0.179
0.124
0.025
0.13
0.065
0.086
0.231
0.158
0.18
0.144
0.119
0.405
0.391
0.596
0.641
0.814
0.844
0.725
0.642
0.781
0.552
0.631
0.511
0.639
0.675
0.499
0.263
0.225
0.141
0.064
0.158
0.095
0.085
0.283
0.315
0.253
0.249
0.173
0.122
0.393
0.323
0.217
0.336
0.034
0.036
0.049
0.133
0.006
-0.18
-0.206
-0.527
-0.69
-0.709
-0.654
-0.598
-0.812
-0.829
-0.844
-0.768
-1.073
-0.995
-0.993
-1.085
-0.976
-0.88
-0.665
-0.943
-0.881
-0.921
-1.055
-1.016
-0.998
-0.988
-0.974
-0.931
-1.055
-1.08
-1.252
-1.336
-1.433
-1.62
-1.404
-1.258
-1.311
-0.968
-0.976
-0.866
-1.016
-1.068
-1.009
-0.689
-0.7
-0.753
-0.609
-0.445
-0.319
-0.626
-0.487
-0.299
-0.386
-0.28
-0.438
-0.474
-0.446
-0.336
-0.336
-0.286
-0.441
-0.263
-0.512
-0.589
-0.734
-0.805
-0.77
-0.685
-0.51
-0.482
-0.425
-0.42
-0.474
-0.527
-0.444
-0.247
-0.393
-0.364
-0.18
-0.559
-0.429
-0.444
-0.372
-1.137
-0.594
-0.56
-0.468
-0.367
-0.174
-0.289
-0.118
-0.044
-0.088
-0.191
-0.206
-0.354
-0.432
-0.056
-0.029
0.076
0.088
0.059
0.043
-0.094
-0.133
-0.184
-0.161
-0.221
-0.107
-0.039
-0.174
-0.106
-0.1
-0.169
0.345
0.113
0.393
0.339
0.356
0.306
-0.08
-0.105
-0.169
-0.316
-0.059
0.044
-0.014
-0.234
-0.101
-0.189
-0.126
-0.169
-0.066
0.026
0.113
0.18
0.179
0.07
0.144
0.098
0.185
0.301
0.415
0.405
0.609
0.729
0.7
0.85
1.008
1.141
1.147
1.109
1.189
1.319
1.451
1.708
1.67
1.841
1.9
1.69
1.887
1.583
1.531
1.489
1.344
1.355
1.345
1.144
1.181
1.089
1.006
1.14
1.379
1.344
1.387
1.561
1.549
1.621
1.679
1.657
1.916
1.95
2.051
2.041
2.263
2.015
2.134
1.988
1.935
1.823
2.089
2.147
2.155
2.271
2.279
1.88
2.206
2.345
2.123
2.24
2.21
2.292
2.288
2.409
2.325
2.369
2.45
2.519
2.56
2.085
2.03
1.985
1.877
1.916
2.252
1.796
1.736
1.741
1.677
1.674
1.829
1.96
1.921
1.709
1.696
1.693
1.79
2.163
2.175
2.065
2.12
2.112
2.086
1.718
1.724
1.498
1.603
1.373
1.19
0.929
0.924
0.941
0.769
0.945
0.784
0.624
0.413
-0.009
0.098
-0.005
-0.184
0.045
0.395
0.514
0.535
0.671
0.606
0.685
0.569
0.591
0.656
0.603
0.529
0.667
0.876
0.909
0.473
0.422
0.301
0.33
0.189
0.159
0.016
0.134
0.031
-0.116
-0.018
0.083
-0.029
-0.013
0.022
-0.147
-0.206
-0.2
-0.254
-0.564
-0.429
-0.291
-0.359
-0.035
-0.124
0.009
-0.105
-0.334
-0.101
-0.427
-0.366
-0.628
-0.596
-0.333
-0.396
-0.034
-0.276
-0.295
-0.235
-0.44
-0.411
-0.396
-0.704
-0.919
-0.894
-1.034
-0.831
-0.759
-0.624
-0.766
-0.741
-0.52
-0.759
-0.807
-1.07
-0.919
-0.99
-0.876
-1.019
-0.963
-0.855
-0.794
-0.649
-0.552
-0.7
-0.584
-0.403
-0.401
-0.315
-0.021
-0.219
-0.292
-0.314
-0.321
-0.555
-0.725
-0.723
-0.883
-0.991
-1.012
-1.066
-0.853
-1.034
-1.075
-1.134
-0.939
-1.129
-1.039
-1.045
-1.121
-0.988
-0.931
-0.935
-0.888
-0.805
-0.574
-0.464
-0.568
-0.438
-0.443
-0.551
-0.794
-0.706
-1.025
-0.953
-0.647
-0.709
-0.953
-0.625
-0.759
-1.0
-0.89
-0.886
-0.929
-0.922
-0.909
-0.859
-0.769
-0.84
-0.953
-0.864
-0.989
-0.83
-1.024
-1.133
-0.995
-0.944
-0.949
-0.909
-0.815
-0.834
-0.861
-0.66
-0.741
-0.854
-0.904
-0.871
-0.869
-0.815
-1.101
-0.988
-0.893
-0.868
-0.685
-0.554
-0.481
-0.536
-0.446
0.026
-0.058
-0.348
-0.031
-0.185
-0.37
-0.364
-0.379
-0.325
-0.346
-0.101
0.125
0.013
0.052
0.025
-0.018
-0.1
0.07
-0.09
-0.101
-0.228
-0.229
-0.385
-0.731
-0.439
-0.69
-0.802
-0.726
-0.654
-0.878
-0.733
-0.749
-0.403
-0.47
-0.438
-0.44
-0.221
0.011
0.274
0.381
0.306
0.484
0.466
0.594
0.569
0.59
0.512
0.608
0.575
0.713
0.749
0.506
0.395
0.334
0.26
0.118
0.033
0.129
0.081
-0.045
0.006
-0.193
0.005
0.029
-0.074
-0.151
-0.116
-0.289
-0.319
-0.388
-0.456
-0.444
-0.42
-0.286
-0.451
-0.535
-0.349
-0.281
-0.271
-0.312
-0.146
-0.134
-0.088
-0.154
-0.155
-0.259
-0.249
-0.111
-0.064
0.015
0.088
-0.021
-0.163
-0.166
-0.241
-0.168
-0.211
-0.223
-0.125
-0.301
-0.129
0.0
-0.124
0.165
0.234
0.596
0.578
0.487
0.704
0.688
0.352
0.386
0.355
0.443
0.366
0.36
0.348
0.266
0.08
0.281
0.304
0.421
0.319
0.256
0.249
0.241
0.214
0.12
0.138
0.1
-0.03
-0.139
-0.195
-0.158
-0.129
-0.004
0.062
0.02
-0.001
-0.208
-0.247
-0.239
-0.151
-0.122
-0.088
-0.288
-0.284
-0.235
-0.312
-0.486
-0.439
-0.346
-0.302
-0.253
-0.343
-0.268
-0.242
-0.158
-0.076
-0.037
0.278
0.385
0.48
0.655
0.444
0.726
0.89
0.973
1.015
1.165
1.228
1.12
1.056
1.076
