-0.529
-0.6
-0.83
-0.679
-0.975
-0.801
-0.258
0.079
0.381
-0.033
0.604
0.322
-0.107
0.149
0.197
-0.024
-0.412
-0.472
-0.353
-0.468
-0.358
-0.13
-0.725
-0.629
0.282
0.564
0.458
0.646
1.297
0.945
0.869
0.778
0.646
-2.567
1.059
1.014
0.618
0.901
0.735
0.724
0.603
0.583
0.337
0.471
-0.084
0.373
0.064
-0.013
-0.126
-0.406
-0.228
-0.081
0.118
0.147
0.365
0.028
-0.131
-0.272
-0.376
-0.814
-0.225
-0.552
-0.188
-0.052
-0.207
-0.026
0.174
0.3
-0.293
-0.29
-0.43
-0.008
0.242
0.431
0.151
0.458
0.069
-0.065
0.454
-0.321
-0.298
-0.287
-0.24
0.307
-0.213
0.062
0.051
0.153
0.352
0.22
0.63
0.35
0.707
0.867
0.67
0.815
0.588
0.282
0.137
0.727
0.522
0.574
0.372
0.381
0.056
0.333
-0.007
-0.218
0.261
0.062
0.318
0.173
-0.014
0.083
0.014
0.019
-0.062
0.14
0.133
0.122
0.001
1.0
0.648
0.455
0.593
0.646
0.447
0.408
0.328
0.448
0.266
0.62
0.512
0.786
0.649
0.814
0.958
1.046
0.558
0.687
0.428
0.238
-0.122
-0.132
-0.076
-0.079
-0.289
-0.404
0.269
0.116
-0.112
0.447
0.178
0.527
-0.31
0.234
0.425
0.106
0.495
0.358
0.561
0.6
0.219
0.057
0.193
0.069
0.073
0.437
0.215
0.278
-0.028
0.196
0.166
0.369
0.489
0.641
0.747
0.187
0.321
0.216
0.266
-0.05
-0.29
0.098
-0.173
-0.361
-0.222
-0.26
-0.783
-0.901
-0.784
-1.058
-0.827
-0.747
-0.781
-0.301
-0.033
-0.64
-0.49
-0.332
-0.66
-0.783
-0.596
-0.999
-1.003
-1.374
-1.126
-1.595
-1.291
-0.992
-0.853
-0.441
-0.237
-0.417
-0.178
-0.328
-0.394
-0.295
-0.113
-0.105
-0.465
-0.238
-0.098
-0.043
-0.062
0.434
0.923
0.731
0.814
0.901
0.435
0.357
0.164
0.338
0.534
0.707
0.713
1.052
0.336
0.345
0.677
0.816
0.253
0.701
0.754
0.79
0.887
0.17
0.234
0.396
0.067
0.022
-0.068
0.037
0.072
-0.013
0.306
0.102
0.452
0.106
0.343
0.42
0.305
0.271
0.357
0.011
-0.089
-0.372
-0.049
-0.463
0.255
0.308
0.383
0.321
0.391
0.254
0.474
0.189
-0.065
0.268
0.069
0.186
0.081
-0.04
-0.458
-0.373
-0.11
-0.105
-0.259
-0.281
-0.456
-0.837
-0.488
-0.69
-0.405
-0.457
-0.381
-0.405
-0.459
-0.32
-0.324
-0.445
-0.6
-0.656
-0.402
-0.656
-0.36
-0.3
0.078
0.021
0.141
-0.096
0.054
0.316
0.659
0.28
0.557
0.524
0.179
0.076
0.082
0.101
-0.177
-0.176
0.098
-0.079
0.225
-0.099
0.139
0.002
0.178
0.245
-0.045
-0.165
-0.168
0.05
-0.295
-0.336
0.125
-0.08
-0.339
-0.23
-0.3
-0.268
-0.154
0.003
-0.17
-0.292
-0.05
0.046
0.013
0.058
-0.132
-0.378
-0.651
-0.526
-0.837
-0.935
-0.354
-0.473
-0.915
-0.993
-1.051
-0.894
-1.146
-0.942
-0.799
-0.506
-0.793
-0.614
-0.021
0.128
0.653
0.855
0.695
0.888
0.558
0.855
1.281
0.995
0.984
0.927
0.772
0.604
0.376
0.763
0.743
1.096
0.753
0.758
0.467
0.44
0.072
0.776
1.088
0.493
0.727
0.478
0.086
-0.088
-0.168
-0.397
-0.002
0.263
-0.43
-0.078
-0.028
0.17
-0.223
0.434
0.211
0.439
0.823
0.993
0.983
0.805
0.849
0.86
1.144
1.042
1.021
1.26
1.243
1.134
1.545
1.537
1.24
1.596
1.44
1.328
0.753
0.852
0.609
0.644
0.674
0.58
0.547
0.802
0.988
0.902
1.199
1.409
1.384
1.337
1.1
0.865
1.23
0.883
0.517
1.295
1.089
1.018
1.402
1.493
1.723
1.708
1.486
1.857
2.277
1.908
1.975
1.936
1.643
1.494
1.798
1.7
1.303
1.346
1.755
1.566
1.278
1.344
1.338
1.343
1.349
1.411
1.633
1.458
1.356
1.236
1.71
1.188
1.411
1.013
0.873
0.618
0.531
0.676
0.57
1.161
0.966
1.299
1.325
1.516
1.955
1.373
1.657
1.786
1.947
2.347
1.971
1.969
2.037
1.373
1.319
1.657
1.634
1.388
1.738
1.404
1.67
1.888
1.558
1.34
1.471
1.424
0.975
1.456
1.29
1.709
1.545
2.004
1.968
2.017
1.955
1.913
2.363
2.029
1.605
1.816
1.117
0.841
0.962
0.639
0.427
0.654
0.419
0.909
0.339
0.299
0.095
-0.103
-0.068
-0.206
-0.509
-0.531
-0.389
-0.97
-0.994
-0.796
-1.003
-0.887
-0.582
-0.38
-1.113
-0.54
-0.813
-0.783
-1.107
-0.917
-1.137
-1.088
-1.199
-0.648
-0.621
-0.371
-0.748
-0.356
-0.651
-0.2
0.024
0.007
0.64
0.303
0.012
-0.361
-0.56
-0.417
-0.64
-0.307
-0.738
-0.788
-0.688
-0.965
-1.161
-1.107
-0.761
-0.7
-0.443
-0.903
-0.634
-1.008
-0.853
-1.027
-1.184
-1.417
-0.559
-1.305
-1.396
-1.267
-1.072
-1.178
-1.058
-1.416
-1.37
-1.132
-1.028
-1.043
-0.95
-1.059
-1.275
-1.781
-1.468
-1.446
-0.853
-0.591
-0.155
-1.121
-1.32
-1.0
-1.273
-1.407
-1.016
-1.334
-1.534
-1.571
-1.802
-1.875
-1.439
-1.605
-0.938
-0.451
-0.601
-0.395
-0.903
-0.724
-0.775
-0.552
-0.439
-0.474
-0.497
-0.476
-0.266
-0.349
-0.81
0.02
0.183
0.065
0.266
0.321
0.058
0.168
0.569
0.253
0.233
0.122
0.241
0.426
0.282
0.339
0.545
0.46
0.201
0.3
0.049
0.205
0.066
-0.125
-0.133
-0.367
-0.207
-0.037
-0.025
-0.127
-0.041
-0.357
-0.97
-0.584
-1.209
-1.288
-0.643
-0.996
-0.942
-0.712
-0.391
-0.571
-0.357
-0.566
-0.583
-0.772
-0.998
-0.95
-0.662
-0.665
-0.65
-0.436
-0.563
-0.488
-0.161
-0.161
-0.105
0.313
0.457
0.164
0.388
-0.086
-0.264
0.04
-0.287
-0.239
-0.525
-0.216
-0.353
-0.387
-0.529
-0.565
-0.245
-0.768
-0.779
-0.583
-0.924
-0.989
-0.632
-0.506
-0.475
-0.567
-0.18
0.027
0.413
0.387
0.409
0.04
0.546
0.578
0.71
0.637
0.645
0.278
0.011
-0.235
-0.486
-0.216
-0.134
0.018
0.084
0.118
0.314
-0.058
-0.122
-0.275
-0.39
-0.287
-0.273
-0.153
-0.234
-0.324
-0.099
-0.49
-0.143
-0.125
-0.134
0.75
0.466
-0.408
0.262
-0.305
-0.459
-0.464
-0.448
0.254
0.855
0.619
0.672
0.549
0.362
0.248
0.108
0.156
0.085
0.03
0.246
-0.036
0.298
-0.206
-0.264
0.249
0.152
0.194
0.296
0.293
-0.076
0.112
-0.053
0.282
0.062
0.081
0.454
0.458
0.288
0.048
0.638
0.508
0.374
0.432
0.696
0.832
0.605
0.704
0.605
0.179
0.404
0.285
0.116
0.328
0.034
-0.016
-0.032
-0.215
-0.192
0.203
-0.091
-0.068
0.04
-0.475
-1.112
-1.271
-0.654
-0.93
-0.309
0.082
0.416
0.293
0.821
0.62
1.105
0.862
1.195
1.033
0.824
0.824
0.539
0.491
0.829
0.389
0.385
0.125
0.268
0.035
-0.239
-0.253
-0.256
-0.202
-0.304
0.169
-0.264
-0.513
0.064
0.123
0.174
0.304
-0.064
-0.022
-0.121
-0.295
0.217
0.088
0.378
0.276
0.158
0.251
-0.173
-0.184
-0.171
-0.253
-0.115
-0.191
-0.05
-0.312
-0.129
-0.189
0.02
-0.401
-0.438
-0.374
-0.477
-0.534
-0.438
-0.559
0.083
-0.383
-0.287
0.323
-0.108
0.276
0.403
0.067
0.419
0.653
0.604
0.429
0.251
0.332
0.322
0.168
0.166
0.093
-0.103
-0.436
-0.52
-0.404
-0.475
-0.059
-0.539
-0.316
-0.399
-0.057
-0.073
0.153
0.075
0.503
0.227
0.07
0.344
0.415
0.48
0.566
0.466
0.355
-0.009
0.542
0.57
-0.005
-0.222
-0.648
-0.571
-0.448
0.031
0.086
0.14
2.565
-0.04
0.015
-0.275
-0.305
0.011
0.529
0.467
0.491
-0.202
-0.494
-0.755
-0.933
-1.058
-0.455
0.007
0.472
0.432
0.514
0.497
0.666
0.613
0.765
0.719
0.613
0.402
0.372
0.394
0.221
0.52
0.468
0.386
0.474
0.831
0.802
0.969
0.737
0.537
0.007
0.198
0.15
0.493
0.217
-0.067
-0.579
0.113
-0.031
-0.188
0.208
-0.158
-0.138
-0.089
0.169
0.267
0.174
0.162
0.191
0.035
0.003
0.497
0.694
0.877
0.632
0.668
0.453
0.027
0.125
0.254
0.816
0.497
0.577
0.617
0.108
0.07
0.166
-0.438
-0.167
-0.109
-0.248
0.065
0.058
0.072
0.13
0.026
-0.165
-0.08
-0.16
0.326
-0.086
-0.022
-0.304
-0.189
-0.051
0.126
0.657
0.357
0.443
0.742
0.694
0.769
0.678
0.851
0.83
1.129
1.173
1.043
0.68
0.174
0.603
0.804
0.63
0.619
0.853
0.797
1.153
1.184
1.02
0.967
1.093
0.672
0.873
0.927
0.964
0.421
0.791
0.521
0.598
0.857
0.635
1.008
0.578
0.756
0.333
0.584
0.635
0.756
0.92
1.2
1.086
0.892
0.891
0.671
0.845
0.471
0.687
0.802
1.301
0.965
1.021
1.303
1.307
1.13
1.356
1.363
0.803
0.94
1.551
1.113
1.67
1.995
1.703
2.013
2.565
2.135
2.565
1.435
1.683
1.417
1.031
1.55
1.152
1.316
0.996
0.9
1.092
1.021
1.073
0.883
0.948
1.017
1.147
1.231
1.63
1.644
1.515
1.829
1.815
1.836
1.492
1.508
1.461
0.436
0.661
0.393
0.141
0.575
0.523
0.849
0.931
2.565
0.665
0.64
0.477
0.603
0.348
0.887
1.274
0.888
1.53
1.317
1.315
1.722
2.177
1.869
2.226
1.892
1.789
1.778
1.679
1.668
1.332
1.312
1.503
1.486
1.493
1.688
1.23
1.163
0.791
0.523
0.556
0.624
0.472
0.946
0.893
0.778
0.813
0.224
0.028
-0.008
-0.158
-0.527
-0.591
-0.883
-1.294
-1.315
-1.013
-1.104
-0.79
-0.661
-0.68
-0.486
-0.502
-0.727
0.011
-0.161
-0.323
-0.624
-0.173
-0.335
-0.53
-0.465
-0.338
-0.305
-0.139
-0.288
-0.75
-0.253
-0.548
-0.351
-0.18
-0.099
-0.218
0.245
0.125
0.861
0.318
0.393
-0.135
-0.182
-0.057
0.54
0.331
0.838
0.306
0.168
0.367
0.323
0.782
0.181
0.135
-0.118
-0.252
-0.543
-0.787
-0.485
-1.028
-1.306
-1.092
-0.853
-1.189
-1.324
-1.456
-1.618
-1.482
-1.703
-1.294
-1.655
-1.267
-1.786
-1.502
-1.991
-1.366
-1.221
-1.001
-1.243
-1.13
-0.732
-0.163
-0.769
-0.447
-0.331
-0.335
-0.561
-0.625
-0.543
-0.312
-0.142
-0.828
-0.167
-0.198
-0.523
-0.379
-0.107
-0.353
0.202
0.114
-0.225
0.023
0.071
-0.062
-0.288
0.154
-0.107
0.031
-0.169
-0.097
0.021
-0.805
0.011
0.09
0.391
0.054
0.258
0.213
0.034
-0.25
-0.274
-0.518
-0.8
-1.003
-1.442
-1.052
-1.641
-1.123
-1.329
-0.96
-1.41
-1.714
-1.143
-1.428
-1.601
-1.452
-1.395
-1.462
-1.473
-1.695
-1.278
-1.188
-1.3
-1.251
-1.012
-1.07
-1.091
-0.498
-0.808
-0.681
-0.698
-0.681
-0.735
-0.449
-0.568
-1.042
-0.99
-0.811
-0.666
-0.486
-0.469
-0.149
-0.65
-0.308
-0.707
-0.582
-0.904
-0.457
-0.603
0.062
0.137
0.452
0.593
0.468
0.264
0.044
0.135
0.051
0.065
0.033
0.012
-0.046
-0.348
-0.21
-0.348
0.054
0.376
0.109
0.323
0.617
0.551
-0.168
-0.253
-0.362
-0.495
-0.286
-0.113
-0.304
-0.495
-0.468
-0.554
-1.018
-0.797
-0.772
-1.082
-0.662
-0.628
-0.785
-0.627
-0.716
-0.681
-0.821
-0.732
-0.531
-0.312
-0.111
-2.567
0.033
-0.152
0.016
-0.042
0.176
0.099
0.028
-0.053
-0.179
-0.393
-0.24
-0.4
-0.193
-0.504
-0.504
-0.347
-0.5
-0.496
-0.316
-0.644
-0.845
-0.55
-0.846
-0.865
-0.327
-0.433
-0.409
-0.197
-0.009
0.03
0.328
0.189
0.512
0.391
0.178
-0.052
-0.058
-0.177
0.04
-0.025
0.609
0.269
0.475
0.123
0.478
0.533
0.639
0.842
0.635
0.747
0.416
0.287
0.222
0.241
0.511
0.444
0.628
0.696
0.542
1.031
1.358
1.01
0.614
0.577
0.711
0.654
1.109
1.424
0.992
0.924
0.223
-0.228
0.012
0.063
0.103
0.16
-0.044
-0.158
-0.605
-0.759
-0.815
-0.299
0.06
0.789
0.587
0.749
0.367
0.178
-0.2
-0.049
-0.388
-0.5
0.035
0.023
0.389
0.767
0.864
0.911
0.497
0.043
0.353
0.197
0.127
0.465
0.448
0.209
0.322
0.263
0.473
0.283
0.408
0.455
0.27
0.325
0.449
0.005
-0.079
-0.478
-0.362
-0.576
-0.465
-0.339
-0.24
-0.343
-0.605
-0.988
-0.823
-0.86
-0.63
-0.257
-0.328
-0.033
0.055
0.052
0.296
-0.209
0.137
0.062
0.593
0.264
0.733
0.237
0.173
0.395
0.321
0.482
0.1
0.144
0.098
-0.443
-0.083
-0.338
-0.21
-0.456
-0.362
-0.349
-0.843
-0.56
-0.288
-0.318
-0.099
0.024
-0.092
-0.078
-0.057
-0.128
-0.035
0.122
0.494
0.295
0.465
0.318
0.141
0.36
0.266
0.265
0.491
0.686
0.686
0.414
0.553
0.491
0.513
0.727
0.813
0.987
0.858
0.591
0.738
0.394
0.435
0.611
0.354
0.362
0.673
0.297
0.273
0.343
-0.077
0.273
0.285
0.212
0.275
0.415
0.145
-0.001
0.196
-0.011
-0.132
-0.008
-0.097
0.124
-0.005
0.075
0.064
0.238
0.224
0.517
0.721
0.419
0.54
0.376
0.398
0.707
0.711
0.654
0.577
1.252
0.683
0.3
0.441
0.377
0.448
0.366
0.761
0.563
0.563
0.97
0.678
0.636
0.666
0.618
0.536
0.458
0.755
0.262
0.272
0.172
0.107
0.154
0.1
0.243
0.125
-0.151
-0.345
0.056
-0.058
0.216
0.401
0.474
0.171
0.642
0.195
0.557
0.131
0.558
0.922
1.12
1.254
0.893
0.738
1.02
0.957
0.983
1.34
1.038
1.322
1.05
1.121
0.848
1.041
0.884
0.499
0.424
0.481
0.671
1.129
1.625
1.576
2.154
1.886
1.103
1.225
1.438
1.453
1.27
2.101
1.501
1.412
1.19
1.163
1.083
0.796
1.333
0.963
1.24
1.057
0.82
0.664
1.248
0.96
1.117
1.3
1.389
1.445
0.695
1.089
0.654
0.749
0.443
1.24
1.392
0.909
0.632
1.146
0.689
0.841
1.563
1.309
1.223
1.473
1.229
1.369
0.673
1.081
1.109
1.175
0.567
0.379
0.505
0.142
-0.011
0.191
0.094
0.383
-0.239
0.54
0.279
0.33
0.192
0.758
2.565
1.202
0.931
1.824
1.8
1.533
0.451
1.029
1.152
0.769
0.812
1.069
1.15
1.032
1.484
1.341
1.432
1.017
1.004
0.889
0.609
0.325
0.615
0.263
0.457
0.599
0.448
0.448
0.657
1.022
1.3
1.415
1.054
0.883
0.334
0.687
0.526
0.302
0.022
0.522
0.166
0.77
0.183
0.157
-0.227
-0.43
-0.348
0.219
0.192
0.387
0.904
0.303
-0.229
0.438
-0.116
0.011
0.526
0.735
0.817
1.007
0.936
0.605
0.357
0.405
0.313
0.233
0.517
0.287
0.053
0.107
0.043
0.235
-0.602
0.039
-0.231
0.146
0.181
-0.233
-0.133
-0.143
-0.289
-0.415
-0.131
-0.294
-0.605
-0.538
-0.874
-1.552
-1.476
-1.346
-1.004
-1.022
-0.34
-0.224
-0.67
-0.313
0.036
-0.182
-0.176
-0.648
-0.924
-1.013
-0.731
-1.06
-0.49
-0.299
-0.585
-0.243
0.002
-0.236
0.008
-0.042
0.219
0.379
0.022
-0.284
-0.553
-0.21
-0.05
-0.081
0.154
0.224
0.188
0.297
0.178
0.098
0.416
0.326
0.53
0.098
-0.174
0.045
-0.595
-0.68
-0.916
-1.246
-1.059
-1.645
-1.556
-2.049
-2.167
-2.532
-2.269
-2.442
-2.374
-1.573
-1.634
-1.141
-1.268
-1.221
-1.345
-1.508
-1.472
-1.666
-1.427
-1.51
-1.304
-1.432
-1.483
-1.232
-0.992
-0.91
-1.073
-0.735
-0.527
-0.607
-0.165
-0.153
-0.34
-0.381
-0.33
-0.066
-0.102
-0.058
0.028
-0.01
-0.06
-0.16
0.19
-0.242
-0.209
0.018
-0.033
0.135
-0.001
0.278
0.185
0.634
0.616
0.522
0.858
0.683
0.383
0.362
0.343
0.027
-0.211
-0.084
-0.208
-0.4
-0.38
-0.41
-0.356
-0.554
-0.757
-0.808
-0.236
-0.298
0.252
0.221
0.248
-0.331
-0.427
-1.069
-0.577
-0.125
-0.098
-0.367
-0.356
0.193
0.024
0.508
0.546
0.035
0.333
0.283
0.26
0.036
-0.19
-0.257
-0.419
-0.283
-0.601
-0.856
-0.547
-0.547
-0.327
-0.392
0.316
-0.419
-0.505
-0.727
-1.486
-1.489
-1.464
-1.48
-1.476
-1.819
-1.758
-1.384
-1.156
-1.161
-0.281
0.148
-0.101
-0.211
-0.343
-0.204
-0.243
-0.242
-0.133
-0.881
0.266
0.084
0.088
-0.552
-0.233
-0.603
-0.427
-0.278
-0.015
0.127
0.631
0.145
0.505
-0.168
-0.088
-0.055
-0.274
0.024
-0.007
-0.346
-0.099
-0.554
-0.668
-0.237
-0.275
-0.906
-0.937
-0.566
-0.297
-0.153
-0.341
0.09
-0.481
-0.347
-0.626
-0.615
-0.734
-1.229
-0.638
-0.122
0.416
0.07
0.246
0.741
0.345
0.208
0.434
0.525
-0.138
0.366
-0.357
0.168
-0.063
0.177
0.482
0.72
0.896
1.158
1.022
0.953
0.973
1.004
0.83
0.906
1.021
0.643
0.866
0.69
0.379
0.59
0.382
0.439
0.341
0.407
-0.145
-0.205
-0.061
-0.2
-0.126
-0.288
-0.583
-0.565
-0.679
-0.563
-0.917
-1.021
-1.099
-1.288
-1.333
-1.727
-1.607
-1.165
-1.347
-1.261
-1.033
-0.725
-1.038
-0.674
-0.987
-0.544
-0.63
-0.553
-0.363
0.148
-0.19
-0.326
-0.012
0.347
0.368
0.107
0.195
0.432
0.273
0.437
0.199
0.197
0.578
0.457
0.479
0.662
0.846
0.821
0.656
0.448
0.319
0.21
0.404
0.145
0.343
0.15
-0.009
-0.34
-0.497
-0.113
-0.283
0.241
0.575
0.647
0.285
0.252
0.184
0.113
0.613
0.844
1.245
1.034
0.843
0.01
0.434
0.355
0.51
0.733
1.533
0.978
0.384
0.209
0.442
0.174
0.1
0.071
0.219
-0.209
0.217
-0.317
0.008
-0.005
-0.272
-0.381
-0.243
0.022
0.236
0.318
0.319
0.419
0.431
0.484
0.725
0.434
0.666
0.57
0.895
0.703
0.517
0.431
-0.201
-0.237
-0.247
-0.042
0.105
0.137
-0.213
-0.28
-0.069
-0.264
0.141
-0.003
0.454
0.115
0.247
0.034
0.18
0.166
0.136
-0.111
0.03
-0.526
-0.413
-0.369
-0.501
-0.636
-0.725
-0.339
-0.517
-0.461
-0.188
-0.178
0.171
0.042
0.228
0.242
0.403
0.491
0.447
0.449
0.472
0.384
0.195
0.22
0.075
0.113
0.257
0.453
0.28
0.32
0.831
0.496
0.295
0.433
0.569
0.616
0.26
0.399
0.195
0.35
0.306
0.158
0.641
0.539
0.544
0.86
0.867
0.399
0.677
0.582
0.685
0.537
0.686
1.111
0.677
0.638
0.301
0.191
0.068
-0.109
-0.023
-0.307
0.076
-0.066
-0.182
0.273
0.115
-0.023
0.275
0.224
0.395
0.449
0.443
0.327
0.645
0.562
0.911
0.95
0.863
1.098
1.055
1.054
1.447
1.312
0.912
1.176
1.373
1.045
0.767
0.853
0.997
1.006
1.361
1.427
1.777
2.12
2.565
2.565
2.565
2.288
2.565
2.565
2.386
2.565
2.565
2.565
2.565
2.293
2.565
2.565
2.565
2.565
2.565
2.559
2.397
2.299
2.487
2.565
2.379
2.565
2.565
2.554
1.865
2.098
1.938
1.958
1.312
1.473
1.558
1.493
2.058
1.391
1.015
1.039
0.624
0.759
0.683
1.075
1.699
1.452
1.54
1.451
1.006
0.648
0.948
1.809
1.707
2.565
1.849
1.535
1.633
1.64
1.526
2.447
1.985
1.896
1.465
1.481
0.829
0.81
0.739
0.688
0.546
1.127
0.868
0.647
0.711
0.043
0.279
0.412
0.395
0.47
0.687
2.565
0.662
0.397
0.256
0.101
-0.02
-0.058
-0.049
-0.191
-0.494
0.152
-0.074
-0.326
0.13
-0.126
-0.202
-0.033
-0.186
-0.492
-0.503
-0.868
-0.998
-1.398
-1.289
-0.891
-0.453
-0.846
-0.537
-1.079
-1.24
-1.86
-1.407
-1.528
-0.913
-0.666
-0.896
-0.461
-1.255
-1.363
-1.224
-1.445
-1.298
-1.633
-1.844
-1.827
-1.905
-1.878
-1.97
-2.136
-1.863
-2.003
-1.777
-1.87
-1.831
-1.95
-2.041
-1.964
-1.752
-1.464
-1.658
-1.393
-1.11
-1.562
-1.109
-0.975
-0.63
-0.486
0.219
0.513
0.604
0.553
0.873
0.913
0.944
0.887
1.241
1.179
1.347
1.19
1.321
0.923
0.923
0.874
1.162
0.883
1.183
1.073
0.301
0.89
0.774
0.306
0.112
0.148
-0.353
-0.74
-0.389
-0.846
-1.076
-0.831
-1.276
-1.713
-1.731
-1.459
-1.299
-1.402
-1.375
-1.281
-1.328
-1.097
-1.004
-0.537
-0.238
0.162
0.563
0.501
0.593
0.13
