0.902
0.938
0.898
0.752
0.796
0.352
0.748
1.023
0.794
0.647
0.791
0.74
0.854
0.888
1.209
0.641
0.762
0.744
0.383
0.3
0.346
0.133
0.284
0.588
0.646
0.562
0.96
0.742
0.682
0.773
1.089
0.892
0.223
0.111
0.029
0.167
-0.315
0.101
-0.019
0.225
-0.192
-0.176
-0.239
0.164
-0.057
0.288
0.648
0.456
0.017
0.283
0.188
-0.008
0.192
0.105
-0.121
-0.294
-0.821
-0.693
-1.474
-1.579
-1.509
-1.36
-1.537
-1.493
-1.158
-1.557
-1.346
-1.327
-0.877
-1.035
-1.03
-0.673
-0.782
-0.482
-0.601
-0.445
-0.505
-0.328
-0.526
-0.646
-0.662
-0.815
-0.256
-0.382
-0.082
-0.134
-0.198
-0.337
0.218
0.142
0.275
-0.254
-0.201
0.104
-0.432
-0.335
-0.023
0.139
-0.164
-0.033
0.203
-0.16
-0.005
0.067
0.131
0.26
-0.092
-0.246
0.277
0.056
-0.037
-0.074
-0.241
-0.195
-0.547
-0.535
-0.098
0.135
-0.077
0.223
-0.189
-0.515
-0.513
-0.527
-1.03
-0.972
-1.001
-0.786
-0.567
-0.559
-0.484
-0.823
-1.026
-1.017
-0.958
-1.04
-0.724
-0.539
-0.662
-0.366
-0.037
0.1
-0.076
-0.018
0.216
0.295
0.217
0.699
0.656
0.314
0.437
0.102
-0.138
0.091
-0.036
-0.212
-0.232
-0.407
-0.0
-0.401
0.086
0.132
-0.075
-0.119
-0.582
-0.586
-0.398
-0.618
-0.112
-0.236
0.033
-0.173
-0.635
-0.731
-0.634
-0.873
-0.838
-0.83
-0.501
-0.391
-0.447
-0.152
-0.253
-0.441
-0.087
-0.436
-0.306
-0.286
-0.512
-0.552
-0.838
-0.843
-1.004
-0.988
-0.492
-1.094
-0.425
-0.495
-0.674
-0.945
-0.892
-1.084
-0.809
-0.636
-0.657
-0.693
-0.268
-0.476
-0.069
-0.289
-0.055
-0.247
-0.295
-0.481
-0.525
-0.684
-0.708
-0.644
-0.721
-0.787
-0.325
-0.266
-0.525
0.101
-0.16
-0.37
-0.426
-0.508
-0.287
-0.578
-0.414
-0.468
-0.515
-0.473
-0.535
-0.92
-0.99
-0.2
-0.498
-0.473
-0.419
-0.003
-0.197
-0.072
0.112
0.155
0.138
0.348
0.296
-0.241
-0.214
-0.033
-0.019
-0.086
0.002
-0.041
-0.043
0.358
0.373
0.313
1.034
0.612
1.163
1.078
0.723
0.806
0.477
0.482
0.271
0.367
0.048
0.609
0.158
0.384
0.48
0.161
0.38
0.194
-0.392
-0.225
-0.081
0.034
0.222
0.3
-0.041
-0.063
-0.044
-0.283
-0.368
-0.258
-0.489
-0.424
-0.589
-0.446
-0.662
-0.402
-0.674
-0.794
-0.583
-0.348
0.089
0.042
0.034
0.225
0.146
0.247
0.196
0.273
0.508
0.563
0.542
0.476
0.715
0.516
0.588
0.529
0.566
0.669
1.099
0.987
1.357
1.125
1.027
1.433
1.481
1.556
1.696
1.748
1.432
1.693
1.559
1.482
1.265
1.45
1.412
1.404
1.656
1.841
1.697
1.73
1.745
1.273
1.341
1.295
1.181
1.173
1.16
1.24
1.179
1.236
1.227
1.172
1.538
1.465
1.585
1.876
1.797
1.513
1.701
1.655
1.567
1.401
1.37
1.586
1.426
1.554
1.403
1.563
1.432
2.565
2.565
1.312
0.677
0.608
0.71
0.448
0.183
0.309
0.224
0.487
0.28
0.517
0.526
0.028
-0.093
-0.159
-0.717
-0.834
-0.878
-0.922
-0.57
-0.776
-0.179
-0.514
-0.475
-0.399
-0.152
-0.28
0.302
0.339
0.307
0.535
0.466
0.481
0.048
0.315
0.421
0.384
0.468
0.474
0.642
0.807
0.942
0.887
1.077
1.034
1.157
0.746
0.418
0.31
0.122
-0.147
0.103
0.276
-0.188
0.084
0.417
0.122
0.519
0.439
0.426
0.594
0.713
0.903
1.093
1.073
1.258
1.11
1.217
1.373
1.011
1.042
1.05
1.298
1.236
1.268
1.38
1.044
1.107
1.081
1.443
1.136
1.182
1.145
0.94
0.937
1.377
1.034
0.722
0.629
0.749
0.957
0.659
0.534
0.706
0.658
0.705
0.925
1.12
1.048
1.135
1.223
0.902
0.302
0.101
0.126
-0.011
-0.145
-0.376
2.076
-0.793
-0.247
-0.315
-0.178
-0.203
0.011
0.013
-0.147
-0.164
-0.02
-0.035
0.201
0.054
0.23
0.304
0.455
0.688
0.221
-0.043
-0.205
0.133
-0.265
0.019
-0.067
-0.042
0.204
0.598
0.677
0.688
0.592
1.036
0.783
0.921
0.582
0.815
0.825
0.835
0.663
0.405
0.623
0.45
0.834
0.791
0.65
0.544
0.972
0.533
0.41
0.732
0.441
0.537
0.173
0.269
0.029
0.227
0.43
0.87
0.779
0.66
0.408
0.34
0.248
0.222
0.019
-0.142
-0.154
-0.694
-1.263
-1.129
-1.125
-1.251
-1.42
-1.058
-1.538
-1.332
-1.336
-1.41
-1.236
-1.147
-1.543
-1.075
-1.542
-1.411
-1.645
-1.64
-1.763
-1.69
-1.966
-2.252
-1.734
-1.607
-1.773
-1.453
-1.475
-1.41
-1.149
-1.406
-1.059
-1.11
-1.067
-1.144
-0.934
-1.109
-0.948
-1.025
-0.631
-0.73
-0.531
-0.201
-0.23
0.366
0.018
-0.028
0.47
0.316
0.603
0.471
0.308
0.287
-0.095
-0.023
0.294
0.275
0.056
0.23
0.197
0.317
0.247
0.584
0.276
0.302
0.191
0.186
0.197
-0.2
-0.539
-0.653
-0.927
-1.113
-0.951
-1.048
-0.689
-0.939
-0.781
-0.191
-0.617
-0.943
-0.605
-0.596
-0.605
-0.67
-0.143
-0.259
-0.119
-0.043
0.371
0.291
0.235
0.166
0.195
0.111
0.109
-0.026
-0.035
0.197
0.292
0.347
0.578
0.481
0.276
0.511
0.255
0.453
0.072
0.216
0.134
-0.232
-0.081
-0.298
0.101
-0.317
-0.219
-0.303
-0.214
-0.547
-0.583
-0.417
-0.952
-0.957
-0.828
-0.818
-0.858
-1.046
-0.483
-0.439
-1.006
-0.877
-0.576
-1.144
-1.117
-0.895
-0.986
-1.043
-1.152
-1.118
-1.073
-1.208
-1.219
-1.18
-0.941
-0.926
-0.973
-1.085
-1.054
-1.186
-1.146
-0.994
-1.076
-0.822
-0.57
-0.535
-0.748
-0.326
-0.182
-0.074
0.225
0.234
0.229
0.121
0.578
0.517
0.593
0.728
0.982
0.885
1.076
1.113
1.036
1.008
0.738
0.722
0.691
0.692
0.769
0.453
0.484
0.812
0.496
0.385
0.566
0.182
0.497
0.527
0.369
0.22
0.346
0.233
-0.087
-0.019
0.036
-0.098
-0.118
0.126
0.157
0.098
-0.076
0.419
-0.101
0.399
-0.064
-0.111
0.264
0.204
0.11
-0.284
0.228
0.564
-0.147
0.151
0.05
0.178
0.444
-0.04
-0.253
0.059
-0.081
-0.204
-0.34
-0.191
0.124
-0.029
-0.1
-0.176
0.396
-0.086
0.423
0.484
0.288
0.318
1.034
0.597
0.552
0.649
0.592
0.502
0.331
0.638
0.605
0.413
0.371
0.8
0.45
0.671
0.688
0.865
0.841
0.996
0.709
0.765
0.543
0.351
0.276
0.264
0.556
0.346
0.428
0.838
0.116
0.766
0.588
0.482
1.031
0.509
0.49
0.454
0.567
0.36
0.366
0.459
0.455
0.411
0.508
0.402
0.438
0.257
0.255
0.177
0.453
0.622
0.782
1.274
0.874
0.661
0.435
0.293
0.236
0.169
-0.05
-0.115
-0.392
-0.533
-0.586
0.065
-0.028
0.139
-0.089
0.273
0.3
0.133
0.455
0.342
0.142
-0.105
0.113
0.315
-0.007
0.138
0.171
-0.262
0.022
0.171
-0.081
-0.01
-0.154
-0.052
-0.022
-0.124
-0.005
-0.106
0.092
-0.193
-0.018
0.348
0.664
0.588
0.688
0.756
0.48
0.659
0.109
0.192
0.29
0.098
0.15
0.334
-0.076
0.243
-0.129
0.192
0.231
-0.391
-0.131
0.098
0.119
0.102
0.362
0.053
0.195
0.184
0.347
0.42
0.45
0.276
0.531
0.122
0.073
0.764
0.518
0.436
0.524
0.758
0.666
0.837
0.692
0.298
0.417
0.32
0.048
0.157
0.161
0.455
0.393
0.7
0.753
0.982
0.626
0.46
1.244
0.442
0.567
0.317
0.227
-0.035
-0.056
0.034
-0.045
0.229
0.418
-0.1
0.047
0.055
-0.017
0.266
-0.172
-0.192
0.129
0.083
-0.086
-0.321
-0.383
-0.676
-0.677
-0.644
-0.848
-0.773
-0.805
-0.349
-0.514
-0.562
-0.277
-0.307
-0.198
0.022
-0.039
-0.225
-0.051
0.284
0.222
0.233
0.413
0.214
-0.005
0.064
-0.099
-0.074
-0.148
-0.131
-0.16
-0.468
-0.23
-0.195
-0.081
-0.118
-0.217
-0.178
-0.103
0.315
0.138
0.365
0.259
0.162
0.272
0.359
0.106
0.46
0.301
0.21
0.241
-0.054
-0.459
-0.245
-0.19
-0.361
-0.392
-0.145
0.179
0.257
-0.088
0.02
0.299
-0.374
0.034
0.367
0.133
0.213
0.382
0.452
0.407
0.516
0.427
0.939
0.568
0.292
0.163
0.337
0.138
0.226
0.256
0.605
0.379
0.497
0.882
1.024
0.691
0.859
0.625
0.829
0.467
0.665
0.53
0.574
0.763
0.465
0.278
0.237
0.079
-0.111
0.292
0.024
0.025
-0.042
0.238
0.15
0.135
0.33
-0.038
0.235
-0.156
-0.145
-0.457
-0.193
-0.349
-0.629
-0.713
-0.623
-1.162
-1.056
-1.042
-1.175
2.565
2.565
-1.421
-1.285
-1.061
-1.011
-0.411
-0.665
-0.522
-0.673
-0.64
-0.68
-0.965
-0.709
-0.344
-0.629
-0.072
-0.227
-2.567
-0.413
0.345
0.334
0.36
0.179
0.82
0.531
0.391
0.352
0.52
0.314
0.349
0.473
-0.088
0.271
0.17
0.111
-0.069
-0.102
-0.28
-0.184
-0.074
0.035
0.168
0.253
-0.123
0.085
0.566
0.223
-0.127
0.345
0.086
0.076
0.268
0.037
0.19
-0.057
-0.094
-0.393
-0.222
-0.797
-0.662
-0.315
-2.567
-0.223
-0.239
-0.166
-0.252
-0.541
-0.169
-0.051
-0.13
0.363
0.571
-0.015
0.319
-0.065
0.376
0.1
0.197
0.202
0.451
0.554
0.491
0.255
0.421
0.559
0.223
0.374
0.481
0.283
0.333
0.404
0.292
0.094
0.182
-0.075
-0.372
-0.211
-0.374
-0.27
-0.682
-0.631
-0.613
-0.177
-0.329
-0.173
-0.195
-0.262
-0.266
-0.239
-0.17
-0.528
-0.489
-0.402
-0.821
-0.863
-0.737
-0.756
-0.924
-0.958
-0.758
0.151
0.06
0.177
0.5
0.373
0.639
0.555
0.409
0.376
0.224
0.188
0.262
0.117
0.22
0.264
0.294
-0.068
0.196
0.112
0.173
0.104
0.062
0.232
-0.155
-0.133
0.27
0.64
0.354
0.781
0.656
0.759
0.513
0.458
0.371
-0.238
-0.146
-0.396
-0.434
-0.322
-0.288
-0.078
-0.213
0.138
0.172
0.683
0.71
0.497
0.815
0.598
0.454
0.574
0.271
0.399
0.586
-0.144
0.055
-0.263
-0.299
0.201
0.125
-0.11
0.081
0.124
0.106
-0.096
-0.079
-0.334
-0.567
-0.36
-0.707
-0.463
-0.427
-0.907
-0.482
-0.419
-0.659
-0.17
-0.189
-0.103
-0.074
0.082
0.239
-0.182
0.002
0.275
0.823
0.538
0.411
0.443
0.127
0.523
0.457
0.501
0.286
0.653
0.228
0.462
-0.085
0.172
-0.052
0.112
-0.245
0.082
-0.018
-0.193
-0.015
-0.216
-0.164
0.138
-0.047
0.175
0.31
0.268
0.275
0.206
0.265
0.203
0.002
0.18
-0.091
-0.006
0.076
-0.318
0.042
-0.222
-0.296
-0.068
-0.057
-0.387
-0.17
-0.438
2.565
-0.943
-0.763
-0.703
-0.656
-0.439
-0.383
-0.117
0.118
-0.376
-0.395
-0.613
-0.353
-0.014
-0.089
-0.235
-0.325
-0.537
-0.245
-0.263
-0.732
-0.304
-0.693
-0.622
-0.779
-0.591
-0.458
-0.37
-0.722
-1.759
-0.61
-0.588
-0.725
-0.55
-0.338
-0.34
-0.434
-0.305
-0.219
-0.079
-0.151
-0.347
-0.598
-0.75
-0.731
-0.743
-0.491
-0.938
-0.621
-2.567
-0.832
-0.962
-1.057
-1.115
-1.079
-0.632
-1.188
-0.675
-0.867
-0.722
-0.894
-0.604
-0.691
-0.345
-0.395
-0.063
-0.434
-0.378
0.209
-0.496
-0.372
-0.126
-0.093
-0.294
-0.165
-0.57
-0.321
-0.453
-0.543
-0.44
-0.595
-1.392
-0.707
-0.404
-0.398
-0.816
-0.279
-0.594
-0.33
-0.318
-0.065
-0.385
-0.025
-0.019
0.163
0.278
0.117
0.222
0.207
-0.055
0.104
-0.11
0.147
0.297
0.039
0.465
0.238
0.145
-0.033
0.512
0.121
0.286
0.279
0.04
0.092
0.024
-0.403
-0.418
-0.26
-0.296
-0.303
-0.052
0.185
0.054
0.167
0.107
-0.058
0.298
-0.092
0.133
0.221
-0.004
0.074
-0.281
-0.367
-0.175
-0.227
-0.103
-0.023
0.256
0.233
0.234
0.154
0.346
0.431
-0.019
0.062
0.027
0.107
0.067
-0.025
0.101
-0.131
-0.143
-0.049
-0.094
0.037
-0.223
0.204
0.109
-0.048
0.05
0.145
0.09
-0.151
0.172
0.431
-0.028
0.332
0.348
0.217
0.532
0.559
0.403
0.15
-0.017
-0.026
-0.099
-0.263
-0.345
-0.104
-0.403
-0.241
0.105
-0.06
0.372
0.132
0.034
-0.201
0.238
-0.163
-0.174
-0.176
0.007
0.025
-0.353
-0.377
-0.159
-0.432
-0.191
-0.265
-0.266
0.027
-0.055
-0.047
-0.001
0.145
0.514
0.382
0.081
0.332
0.185
0.017
0.124
0.366
0.151
0.08
-0.007
0.099
0.152
0.182
-0.041
0.431
0.014
0.568
-0.046
0.163
0.052
0.027
0.102
0.133
0.35
0.174
0.311
0.362
0.905
0.657
0.708
0.815
0.919
0.885
0.717
0.936
0.756
0.544
0.924
0.476
0.614
0.684
0.107
0.168
-0.094
-0.153
-0.618
-0.342
-0.285
-0.346
-0.082
0.156
0.137
-0.033
0.371
0.223
0.15
0.429
0.544
0.175
0.103
0.079
-0.007
0.021
0.361
0.28
0.17
0.266
0.516
0.505
0.333
0.397
0.263
0.249
0.307
0.222
0.187
0.15
0.106
-0.188
-0.25
0.215
0.178
0.275
0.097
0.199
-0.198
-0.115
0.175
0.12
0.165
0.236
0.142
0.227
0.468
0.394
0.233
0.448
0.535
0.393
0.725
0.723
0.773
0.781
0.339
0.341
0.361
0.253
0.038
-0.226
0.3
-0.424
-0.126
0.029
-0.479
-0.419
-0.618
-0.72
-0.747
-0.32
-0.415
-0.682
-0.685
-0.722
-1.059
-0.821
-0.968
-0.953
-0.959
-0.954
-0.747
-0.598
-0.574
-0.525
-0.638
-0.714
-0.767
-0.572
-0.711
0.048
-0.166
-0.325
-0.042
-0.2
-0.415
-0.302
-0.341
-0.368
-0.062
-0.22
-0.115
-0.274
-0.131
-0.517
-0.209
-0.448
-0.49
-0.792
-0.142
-0.429
-0.088
-0.254
-0.19
-0.128
-0.247
-0.297
-0.145
-0.115
-0.207
-0.037
0.387
0.278
-0.02
0.321
0.078
-0.072
-0.181
-0.305
-0.322
-0.47
-0.39
-0.651
-0.407
-0.285
-0.469
-0.485
-0.405
-0.32
-0.507
-0.429
-0.245
-0.254
-0.177
-0.348
-0.403
-0.349
-0.2
-0.122
-0.281
0.119
-0.006
-0.01
0.08
-0.086
-0.288
-0.068
0.0
0.01
-0.209
0.113
0.19
-0.162
-0.106
-0.027
-0.173
-0.184
0.11
0.047
-0.183
0.112
0.283
0.077
0.066
0.233
0.098
0.046
0.371
0.404
0.168
0.232
0.165
0.178
-0.022
-0.122
-0.269
2.565
2.565
-0.752
-0.111
0.143
-0.13
-0.065
0.283
0.077
-0.04
0.035
0.249
0.2
0.094
0.309
0.126
0.105
0.064
0.11
-0.069
0.295
0.071
0.121
0.273
0.231
0.396
0.29
0.413
0.467
0.383
0.495
0.335
0.283
0.293
0.505
0.319
0.288
0.442
0.285
0.379
0.452
0.577
0.501
0.345
0.41
0.325
0.44
0.368
0.258
0.577
0.28
0.445
0.184
0.274
0.328
0.297
0.254
0.494
0.259
0.2
0.482
0.276
0.175
0.267
0.319
0.325
0.225
0.25
0.152
0.101
-0.051
-0.195
-0.229
-0.224
-0.206
-0.182
-0.144
-0.212
-0.098
0.049
-0.356
-0.252
-0.228
-0.46
-0.175
-0.178
-0.367
-0.223
-0.46
-0.27
-0.099
-0.402
-0.457
-0.203
-0.236
0.152
-0.06
0.212
0.227
-0.037
-0.024
-0.162
-0.004
-0.22
-0.228
-0.201
-0.03
-0.007
0.014
0.171
0.003
-0.074
-0.149
-0.073
0.05
-0.245
-0.127
-0.178
0.026
-0.222
-0.33
-0.266
-0.164
-0.08
0.019
-0.062
0.066
0.096
0.349
0.157
0.47
0.287
0.304
0.426
0.359
0.646
0.522
0.596
0.602
0.43
0.812
0.807
0.396
0.682
0.662
0.708
0.619
0.55
0.677
0.595
0.419
0.548
0.42
0.331
0.58
0.4
0.356
0.282
0.276
0.227
0.215
0.118
0.027
-0.014
0.056
0.086
0.073
0.288
0.079
0.116
-0.123
-0.131
0.039
-0.294
-0.174
-0.462
-0.453
-0.488
-0.362
-0.357
-0.304
-0.202
-0.364
-0.149
0.031
0.113
0.348
0.301
0.371
0.308
0.319
0.292
0.442
0.221
0.253
0.137
0.135
0.15
-0.111
-0.032
-0.362
-0.26
-0.364
-0.317
-0.295
-0.463
-0.348
-0.4
-0.373
-0.235
-0.528
-0.363
-0.381
-0.44
-0.3
-0.299
-0.406
-0.329
-0.218
-0.317
-0.353
-0.016
-0.293
-0.126
-0.422
-0.165
-0.233
-0.349
-0.166
-0.065
-0.323
-0.427
-0.111
-0.264
-0.362
-0.249
-0.197
-0.057
-0.233
-0.1
-0.415
-0.197
-0.148
-0.103
-0.042
-0.073
0.166
-0.073
0.019
0.192
0.048
0.3
0.366
0.27
0.29
0.29
0.274
0.281
0.05
-0.283
0.108
0.157
-0.027
0.181
0.144
0.234
0.111
0.019
0.124
0.082
-0.055
0.071
-0.144
-0.105
-0.214
-0.183
-0.044
-0.167
-0.188
-0.073
-0.027
-0.117
0.134
-0.107
-0.014
0.07
-0.015
-0.152
-0.108
0.079
0.02
0.033
0.056
0.228
0.238
0.235
0.034
0.039
0.099
-0.108
-0.023
-0.071
-0.202
-0.251
-0.152
-0.319
-0.193
-0.38
-0.102
-0.229
-0.159
-0.303
-0.233
-0.254
-0.205
-0.14
-0.265
-0.424
-0.232
-0.283
-0.387
-0.312
-0.267
-0.267
-0.374
-0.157
-0.201
-0.059
-0.128
-0.092
-0.281
-0.267
-0.198
-0.207
-0.113
-0.052
0.037
0.037
0.071
0.268
0.151
0.445
0.246
0.211
0.248
0.208
0.346
0.342
0.383
0.242
0.229
0.384
0.153
0.225
0.158
0.123
-0.037
-0.023
0.076
-0.078
0.004
0.075
-0.125
-0.18
0.01
-0.051
0.087
-0.043
0.037
-0.217
0.019
-0.081
-0.133
-0.05
0.047
-0.042
-0.029
0.075
-0.076
-0.083
0.115
0.024
-0.097
-0.068
-0.016
-0.123
-0.131
-0.05
-0.094
-0.267
-0.065
-0.148
-0.208
-0.301
-0.123
-0.279
-0.24
-0.283
-0.217
-0.262
-0.165
-0.333
-0.331
-0.149
-0.269
-0.368
-0.149
-0.18
-0.121
-0.079
0.035
0.09
0.02
-0.126
0.181
0.096
0.263
0.177
0.164
0.234
0.072
0.097
0.147
-0.035
0.207
-0.121
0.072
0.053
-0.022
0.043
0.035
-0.049
-0.087
0.106
0.102
0.175
0.231
0.096
0.142
0.14
0.156
0.007
0.186
0.172
-0.007
0.031
-0.044
-0.002
-0.105
0.067
-0.012
-0.045
0.011
-0.019
0.003
-0.123
0.064
-0.189
-0.071
0.061
-0.226
-0.048
-0.063
-0.221
-0.098
-0.129
-0.079
-0.033
-0.066
0.138
-0.016
-0.026
0.051
-0.039
-0.083
0.015
-0.114
-0.086
-0.155
-0.124
-0.022
-0.217
-0.186
-0.333
-0.245
-0.111
-0.27
-0.288
-0.231
-0.182
-0.247
-0.267
-0.139
-0.214
-0.194
-0.169
-0.213
-0.299
-0.268
-0.123
-0.379
-0.139
-0.16
-0.152
-0.134
-0.12
-0.122
-0.099
-0.046
-0.063
0.05
0.032
0.186
0.175
0.104
0.205
0.09
-0.001
0.102
0.112
-0.013
-0.058
-0.034
-0.048
-0.147
-0.043
-0.131
-0.123
-0.107
0.107
-0.032
0.001
-0.149
0.036
-0.043
0.007
-0.252
0.051
-0.07
-0.184
-0.049
-0.189
-0.226
-0.234
-0.135
-0.055
-0.092
-0.065
-0.151
-0.03
-0.134
-0.12
-0.039
0.04
-0.058
0.055
-0.039
-0.064
0.104
0.138
0.107
0.169
0.319
0.094
0.159
0.213
0.182
0.244
0.07
0.204
0.015
0.158
0.098
0.037
0.146
0.022
0.032
0.004
-0.004
0.129
0.208
-0.003
0.202
0.009
0.029
0.057
-0.016
-0.094
0.222
0.082
0.058
0.083
-0.147
-0.121
0.019
-0.15
-0.045
-0.101
0.018
-0.077
-0.179
-0.085
-0.205
-0.062
-0.125
-0.14
-0.172
-0.119
-0.154
-0.176
0.018
-0.182
0.063
-0.101
-0.006
0.055
0.084
-0.007
0.24
0.245
0.182
0.302
0.193
0.105
0.291
0.283
0.062
0.05
0.082
-0.042
0.01
-0.139
0.017
0.078
0.01
0.118
-0.047
0.066
0.058
-0.018
0.116
0.048
0.092
0.039
-0.014
0.011
-0.046
0.026
-0.012
-0.054
-0.049
-0.061
0.084
-0.108
-0.085
-0.004
-0.022
-0.025
-0.046
-0.004
-0.024
-0.008
0.044
-0.12
0.019
0.065
-0.041
0.116
0.009
-0.088
0.03
-0.102
-0.085
-0.073
0.007
0.041
-0.066
-0.088
-0.096
-0.137
-0.132
-0.038
0.043
-0.071
0.145
-0.093
-0.044
0.022
-0.045
-0.041
-0.007
-0.023
-0.056
0.039
0.111
0.073
0.019
0.196
-0.003
0.007
0.306
0.186
0.152
0.197
0.138
0.171
0.134
0.135
0.171
0.128
0.068
0.005
0.077
0.036
0.178
0.083
0.086
0.113
0.108
0.031
0.023
0.025
-0.007
-0.135
-0.017
0.037
-0.133
-0.036
-0.069
-0.129
-0.034
-0.046
-0.033
0.051
0.072
-0.088
0.023
