-1.367
-1.594
-1.352
-1.059
-1.416
-1.531
-1.425
-1.422
-0.896
-1.46
-0.896
-0.99
-1.386
-1.751
-1.883
-2.01
-1.869
-1.514
-1.634
-1.242
-1.532
-1.374
-1.043
-0.939
-1.493
-1.176
-1.033
-1.206
-1.117
-1.578
-1.267
-1.111
-0.784
-0.425
-0.491
-0.021
-0.001
-0.1
0.013
-0.249
0.22
-0.408
-0.047
-0.001
0.041
0.025
0.355
-0.078
0.007
-0.304
-0.391
-0.608
-0.299
-0.307
-0.381
-0.145
-0.028
0.057
-0.151
0.116
-0.186
0.443
0.194
0.242
-0.18
0.158
0.055
-0.259
0.178
-0.022
-0.269
0.067
-0.804
-0.739
-0.873
-0.742
-0.746
-0.52
-0.829
-0.627
-0.978
-1.049
-1.475
-1.62
-1.457
-1.42
-1.339
-1.045
-1.631
-1.906
-1.999
-2.031
-1.906
-1.78
-1.113
-0.998
-1.163
-1.053
-0.667
-0.403
-0.557
-0.93
-0.572
-0.721
-1.099
-1.096
-0.621
-0.715
-0.453
-0.372
-0.357
-0.409
0.225
0.222
0.559
0.443
0.043
0.198
0.244
0.193
0.632
0.634
0.898
0.589
0.333
-0.082
0.172
0.293
-0.082
-0.266
-0.222
-0.043
0.432
-0.076
0.105
0.055
-0.341
-0.662
-0.85
-0.958
-0.885
-0.526
-0.383
-0.498
-0.359
0.048
-0.271
0.005
0.277
0.135
0.284
-0.238
-2.567
-0.346
-0.383
-0.503
-0.08
-0.211
-0.046
-0.36
0.062
-0.132
-0.301
-0.021
-0.391
0.146
-0.081
0.088
-0.417
-0.23
-0.267
-0.206
-0.073
-0.193
-0.244
-0.131
0.062
-0.149
-0.42
-0.136
-0.649
-0.537
-1.207
-1.234
-1.444
-1.383
-1.179
-0.951
-1.064
-1.543
-1.477
-1.461
-1.527
-1.379
-0.865
-0.831
-0.897
-1.132
-1.124
-0.783
-0.6
-0.104
0.421
0.732
-0.045
-0.065
-0.426
0.074
-0.071
-0.142
-0.221
-0.227
-0.378
-0.018
-0.498
-0.557
-0.232
-0.527
-0.089
0.048
0.554
0.818
0.518
0.554
0.457
0.227
0.24
-0.006
-0.259
-0.358
-0.593
-0.665
-0.79
-0.458
-0.065
-0.165
0.029
0.158
-0.055
-0.06
-0.093
0.061
0.62
-0.152
-0.249
-0.591
-0.653
-0.204
-0.076
0.695
0.849
0.823
0.669
0.247
0.587
0.867
1.182
1.113
0.669
0.609
0.654
-0.06
-0.197
0.156
0.47
0.709
0.999
0.282
0.308
0.614
0.247
0.599
1.023
1.109
0.657
0.486
0.468
0.363
0.574
1.239
1.631
1.047
1.349
1.313
1.064
1.342
1.274
1.207
0.858
0.269
0.059
0.022
-0.162
-0.454
-0.325
-0.123
-0.296
-0.702
-0.377
-0.5
-0.824
-1.041
-0.513
0.124
-0.457
-0.4
-0.475
-0.328
-0.602
-0.511
-0.228
0.034
0.301
0.191
0.544
0.484
0.271
0.297
0.623
0.662
0.782
1.091
1.255
1.552
1.465
1.325
1.389
1.787
1.778
2.046
2.182
2.138
1.9
2.058
1.968
1.948
2.133
1.766
1.853
1.571
1.595
1.58
1.449
1.675
1.377
1.661
1.501
2.424
2.148
2.565
2.565
2.565
2.252
2.142
2.004
1.892
1.818
1.754
1.903
1.997
1.962
1.861
2.072
1.881
1.933
1.768
1.432
1.562
1.823
1.747
1.366
0.958
0.822
0.451
0.661
1.285
1.895
1.763
1.298
1.004
0.895
1.25
1.132
1.621
2.197
1.405
1.262
0.801
0.377
0.002
-0.171
0.234
0.222
0.515
0.241
0.626
1.376
2.24
2.565
2.302
2.49
1.307
1.524
1.575
1.876
1.35
1.602
1.186
0.871
0.484
0.357
1.241
1.436
2.565
1.757
0.682
0.414
0.131
0.132
0.299
0.635
0.821
0.982
0.983
0.453
0.787
1.061
1.677
1.523
1.422
1.281
1.04
0.896
0.867
0.522
0.951
-2.567
1.193
1.156
1.303
1.278
1.263
0.657
1.498
0.968
0.662
0.56
0.393
0.263
0.728
0.597
0.989
0.572
0.664
0.445
-0.043
0.246
-0.186
-2.567
-0.35
-0.75
-0.517
0.05
0.263
0.345
0.652
0.647
0.574
0.393
0.738
-0.163
-0.405
-0.938
-0.873
-1.137
-1.472
-1.204
-0.927
-1.371
-1.219
-0.78
-0.848
-1.035
-0.973
-0.846
-1.153
-0.871
-1.103
-0.969
-0.56
-0.655
-0.143
-0.043
-0.269
-0.988
-0.732
-0.681
-0.66
-0.601
-0.924
-0.653
-1.035
-0.78
-1.067
-1.346
-1.4
-1.214
-1.206
-1.531
-0.689
-0.365
-0.444
-0.491
-0.479
-0.708
-1.064
-0.757
-1.023
-0.417
-0.782
-0.196
-0.759
-0.625
-0.298
-0.779
-0.629
-0.988
-0.87
-0.945
-1.106
-1.009
-0.934
-0.66
-0.773
-0.406
-0.992
-1.185
-1.282
-1.651
-1.475
-1.23
-1.272
-0.699
-0.522
-1.022
-0.701
-0.424
-0.124
-0.135
-0.207
-0.133
-0.492
-0.552
-0.855
-0.356
-0.897
-0.532
-0.805
-0.431
-0.777
-0.282
-0.417
-0.738
-0.635
-0.689
-0.392
-0.089
-0.086
0.327
0.217
-0.019
0.146
-0.151
0.033
-0.17
0.288
-0.005
0.062
-0.391
-0.606
-0.314
-0.309
-0.393
-0.357
-0.503
-0.606
-0.367
-0.656
-0.672
-0.841
-0.766
-1.155
-1.127
-1.133
-0.976
-0.609
-1.085
-0.503
-1.023
-1.048
-1.604
-1.106
-1.127
-0.876
-0.456
0.312
0.116
0.626
0.377
0.223
0.828
0.404
0.358
0.048
-0.105
-0.184
-0.785
-0.721
-0.957
-1.04
-0.801
-0.469
-0.371
0.302
-0.022
-0.256
-0.121
-0.396
-0.75
-0.606
-0.599
-0.164
-0.318
-0.434
-0.369
-0.307
-0.514
-0.283
-0.243
-0.162
-0.323
-0.273
-0.593
-0.513
-0.17
-0.109
0.103
-0.395
-0.488
-0.371
-0.666
-0.577
-0.438
-0.649
-0.65
-0.409
-1.148
-0.888
-1.196
-1.645
-1.159
-0.539
-0.613
-0.296
0.3
0.086
-0.118
-0.02
-2.567
0.199
0.26
0.508
0.915
0.547
0.416
0.477
0.654
0.447
0.913
0.526
0.692
0.093
-0.528
-0.35
-0.958
-1.453
-1.341
-1.17
-1.136
-0.635
-0.945
-1.167
-1.226
-0.932
-1.106
-0.73
-0.378
-0.203
-0.215
0.415
-0.066
-0.293
0.129
-0.42
-0.929
-0.865
-1.132
-1.41
-1.398
-1.566
-1.262
-1.076
-1.252
-1.298
-1.227
-1.112
-0.393
-0.368
0.019
-0.007
-0.105
-0.01
0.02
0.248
0.353
0.7
0.717
0.682
0.47
0.38
0.163
0.497
0.78
1.738
1.31
1.362
0.831
0.933
0.888
0.651
0.308
0.354
0.583
0.227
0.415
0.48
2.565
1.119
1.423
1.236
1.106
1.204
1.241
0.958
1.395
1.493
1.029
0.927
1.126
1.16
1.12
1.739
1.18
0.93
0.743
0.258
0.521
0.934
1.019
0.71
0.523
0.705
0.283
0.262
0.474
0.476
0.686
1.401
1.156
1.417
1.203
1.452
1.978
2.45
1.822
1.643
1.298
1.205
1.302
0.791
0.766
0.736
0.249
0.258
0.43
0.377
1.058
1.199
1.188
0.907
0.747
0.357
0.778
0.971
1.107
1.105
0.902
0.943
0.934
0.483
0.75
0.863
0.687
1.108
0.935
0.967
0.629
0.555
-2.567
0.247
0.094
0.064
0.188
0.614
0.797
0.868
1.788
1.68
1.506
1.653
1.599
1.97
1.733
1.083
1.058
0.377
0.344
0.33
0.579
0.929
1.078
1.136
1.173
0.881
1.001
1.058
1.094
1.406
1.299
1.034
1.009
0.532
0.198
0.276
0.275
0.304
0.263
0.481
0.753
1.035
1.24
1.006
1.077
1.84
1.845
2.023
2.393
1.745
1.41
1.955
1.332
2.042
1.982
1.834
1.485
1.447
1.705
1.455
1.579
1.293
1.237
1.424
1.31
2.565
0.696
0.51
1.037
0.759
0.737
1.17
0.807
0.245
0.105
-0.019
0.138
0.006
0.189
-0.184
0.061
-0.417
0.074
-0.435
0.023
-0.383
-0.26
-0.078
0.149
-0.073
0.406
0.815
1.347
1.079
0.989
1.224
1.299
1.228
1.073
1.394
0.996
0.717
1.227
0.919
0.383
0.179
0.074
-0.01
-0.108
0.077
0.325
-0.137
0.02
-0.367
-0.492
-0.058
0.316
0.59
1.005
0.907
0.397
0.055
0.01
-0.633
-0.685
-0.613
-0.39
-1.016
-0.843
-0.414
-0.682
-0.381
-0.155
0.131
0.29
0.616
-0.084
-0.276
-0.003
-0.384
-0.074
-0.47
-0.169
-0.594
-0.405
-0.44
-0.181
-0.116
-0.541
-0.432
-0.425
-0.666
-0.077
-0.305
-0.778
-0.812
-1.053
-1.327
-1.492
-1.422
-1.318
-0.855
-1.214
-1.125
-0.735
-0.201
0.049
-0.21
-1.126
-1.496
-1.564
-1.452
-1.335
-1.302
-0.928
-0.243
-0.113
-0.521
-0.249
-0.255
0.399
-0.013
0.12
0.03
0.043
-0.07
0.163
0.251
-0.014
0.307
0.283
0.17
0.332
0.288
0.148
0.172
0.425
0.723
0.922
1.006
0.781
0.482
0.42
-0.156
-0.073
-0.116
-0.417
-0.759
-0.398
-0.817
-0.241
-0.829
-0.348
-0.832
-0.991
-1.091
-1.647
-1.091
-1.617
-1.24
-1.679
-1.294
-1.519
-1.351
-0.918
-0.848
-0.668
-0.596
-0.488
-0.349
-0.363
-0.477
-0.745
-0.874
-0.783
-0.312
-0.462
-0.574
-0.42
-0.926
-0.976
-0.997
-0.763
-1.111
-0.497
-0.502
-0.186
-0.364
-0.891
-0.587
-0.619
-0.883
-0.982
-0.591
-0.278
-0.606
-0.858
-1.132
-1.119
-1.063
-1.33
-1.209
-1.197
-1.141
-0.931
-1.309
-1.488
-1.414
-1.525
-0.828
-0.705
-1.144
-0.932
-0.982
-0.947
-1.15
-0.95
-0.417
-0.219
0.245
0.155
0.502
0.374
0.159
0.083
-0.153
-0.249
0.227
0.207
0.605
-0.013
-0.177
-0.344
-0.455
-0.227
-0.152
-0.232
0.154
-0.405
-0.087
0.136
-0.076
0.662
0.759
0.976
1.008
1.709
1.911
1.994
1.548
1.146
0.541
0.879
0.622
0.676
0.604
0.77
0.678
0.36
0.473
0.286
0.217
0.263
-0.272
-0.069
-0.092
-0.085
0.242
0.22
0.379
0.002
0.002
0.338
-0.07
0.184
0.239
0.719
0.533
0.917
0.877
0.349
0.285
-0.068
-0.068
-0.096
0.012
-0.249
-0.172
-0.254
-0.508
-0.387
-0.353
-0.222
-0.042
-0.183
-0.431
-0.363
-0.405
-0.647
-0.566
-0.682
-1.259
-1.217
-0.943
-0.575
-0.434
-0.036
0.012
0.086
0.264
-0.18
-0.228
-0.037
0.209
0.732
0.724
0.836
0.775
0.871
0.685
1.198
1.056
1.07
0.784
0.743
0.644
0.728
0.572
0.436
0.352
0.418
0.578
0.074
-0.075
0.027
-0.089
-0.277
0.255
0.344
0.788
0.748
0.382
0.897
0.781
0.699
0.294
0.92
0.873
0.687
0.583
0.824
0.352
0.344
0.122
0.06
-0.266
0.135
0.32
0.49
0.449
0.863
0.521
0.6
0.514
0.771
0.569
0.937
0.856
0.53
0.623
0.281
0.748
0.862
0.627
0.286
0.443
0.55
0.713
1.178
1.246
1.901
1.74
1.535
1.698
1.99
1.54
1.396
1.598
1.746
1.707
1.396
1.798
1.303
1.315
1.121
1.104
1.221
1.787
1.242
1.447
1.385
1.11
0.745
0.597
0.949
1.09
1.717
2.139
2.123
1.017
0.475
0.382
0.782
0.864
1.026
1.631
1.156
1.133
1.127
0.884
1.298
1.218
1.024
0.743
0.882
0.818
0.747
0.518
0.372
0.249
0.522
0.286
0.74
1.272
0.881
0.571
0.678
0.241
0.163
0.649
0.682
0.641
0.329
0.308
0.215
0.016
0.068
0.409
0.241
0.516
0.194
0.504
0.458
0.217
0.305
0.816
1.027
1.061
1.438
1.166
1.226
1.286
0.928
0.679
0.377
0.56
0.123
0.655
0.618
0.738
1.177
1.056
1.304
1.047
0.804
0.696
0.735
0.424
1.12
0.82
1.085
0.956
0.558
0.608
0.563
0.44
1.003
1.147
1.23
1.059
1.0
0.473
-0.142
-0.076
0.191
0.657
0.185
0.134
-0.326
-0.323
-0.457
-0.039
0.436
0.333
0.573
0.247
0.136
-0.321
-0.425
-0.697
-0.517
-0.052
0.45
0.248
0.408
-0.113
-0.295
-0.975
-0.698
-0.236
0.177
0.409
0.767
0.872
0.953
0.471
0.217
-0.352
-0.631
-0.61
-0.999
-1.129
-1.302
-1.614
-1.145
-1.373
-1.146
-1.269
-1.268
-1.166
-1.033
-1.318
-1.292
-1.312
-1.415
-1.943
-2.082
-1.662
-1.374
-0.881
-0.496
-0.485
-0.341
-0.228
-0.521
-0.453
-0.938
-0.913
-1.108
-1.122
-1.374
-1.239
-1.516
-1.126
-0.912
-0.713
-1.002
-1.241
-0.838
-0.582
-0.587
-0.69
-0.63
-0.529
-0.737
-0.688
-0.788
-0.922
-0.592
-0.768
-0.37
-0.248
-0.003
-0.564
-0.455
-0.504
-0.476
-0.363
0.226
0.105
0.279
0.671
1.012
1.006
1.302
0.713
0.884
0.604
0.5
0.469
0.298
0.13
-0.283
-0.34
-0.544
-0.664
-0.894
-0.309
-0.709
-0.295
-0.357
-0.531
-0.517
-0.281
-0.568
-0.23
-0.024
0.656
0.551
0.054
0.195
0.323
0.165
0.159
0.395
0.292
0.797
0.153
0.155
0.082
-0.143
-0.225
0.048
-0.064
-0.214
-0.203
-0.974
-1.027
-1.07
-1.245
-0.31
0.114
0.819
0.586
0.504
0.193
0.027
-0.581
-0.701
-0.476
0.057
0.623
0.783
0.225
0.109
-0.253
-0.332
-0.403
-0.166
-0.483
-0.232
-0.371
-0.804
-1.201
-1.318
-1.471
-0.947
-0.71
-0.648
-0.826
-0.367
-0.201
0.392
0.302
0.185
0.059
0.033
-0.166
-0.348
0.007
-0.102
-0.154
-0.393
-0.029
-0.197
0.248
0.368
0.491
0.532
0.471
0.47
0.579
0.858
0.659
0.476
0.816
1.098
0.231
0.619
0.178
0.073
-0.251
-0.078
-0.118
0.302
0.043
-0.008
0.357
0.067
-0.057
0.131
-0.062
0.059
-0.258
-0.21
-0.447
-0.447
-0.776
-0.617
-1.038
-0.644
-0.507
-1.014
-0.701
-0.916
-0.701
-1.286
-0.822
-1.154
-1.465
-1.039
-0.958
-0.928
-0.466
-1.268
-1.403
-1.257
-1.892
-2.098
-1.788
-1.72
-1.323
-1.665
-1.555
-1.307
-1.575
-1.481
-0.938
-0.888
-0.617
-0.353
-0.448
-0.354
-0.366
-0.367
-0.012
0.339
0.365
0.678
0.065
-0.073
-0.028
-0.361
0.078
0.258
0.434
0.756
0.663
0.882
0.752
1.197
0.841
1.289
1.651
1.226
1.103
1.053
1.037
0.873
1.08
0.546
1.341
1.745
2.386
2.565
2.479
1.859
1.718
1.398
1.529
1.346
1.775
2.07
1.823
1.51
1.415
1.154
0.695
0.503
0.421
0.781
0.985
1.143
1.029
0.842
0.89
0.24
0.656
0.756
0.882
1.489
1.558
1.248
1.383
1.254
1.066
1.123
0.762
0.729
0.617
0.445
0.485
0.609
0.29
0.27
0.038
0.033
-0.116
-0.211
0.049
-0.094
-0.171
-0.104
-0.124
0.163
-0.038
-0.226
0.073
-0.192
-0.295
-0.433
-0.09
-0.391
-0.233
-0.236
-0.068
0.069
-0.029
0.189
0.108
0.198
0.089
0.8
0.62
0.873
0.81
0.431
0.509
0.294
0.215
0.168
0.884
0.199
0.615
0.34
0.603
0.102
0.115
0.355
0.406
0.127
0.35
0.91
0.782
0.763
1.147
0.859
0.887
1.078
1.492
1.593
1.644
1.63
1.419
1.118
1.394
1.621
1.381
1.085
1.173
0.745
1.275
0.769
1.281
1.172
1.571
1.876
1.189
1.365
1.349
1.084
0.695
1.038
0.658
0.239
0.53
1.0
1.073
0.941
0.653
0.634
0.383
0.256
0.458
0.818
1.004
0.816
0.688
1.001
0.583
0.133
0.168
-0.174
0.09
0.15
0.348
0.165
1.052
0.38
0.609
0.255
0.005
0.316
1.357
1.471
1.489
1.74
0.899
0.742
0.929
0.648
0.619
1.013
1.024
0.932
0.852
0.435
-0.036
-0.043
-0.042
0.026
0.107
0.304
-0.123
-0.56
-0.678
-0.94
-0.968
-0.94
-1.121
-1.248
-1.085
-1.306
-1.186
-0.995
-0.765
-0.821
-0.791
-0.913
-0.881
-0.688
-0.248
-0.295
-0.448
-0.66
-0.249
0.02
0.076
0.782
0.738
0.457
0.3
0.128
0.323
0.317
0.514
0.441
0.759
0.37
0.338
-0.158
-0.23
-0.652
-0.586
-0.476
-0.768
-0.447
-0.483
-0.264
0.127
0.107
-0.121
-0.035
-0.122
-0.459
-0.072
-0.076
0.132
0.455
-0.071
-0.398
-0.265
-0.128
-0.398
-0.083
-0.493
-0.06
-0.326
0.021
0.716
0.876
1.451
1.308
1.093
1.263
0.635
0.983
0.341
0.966
0.309
0.383
-0.296
0.211
-0.215
-0.338
-0.541
-0.814
-1.227
-1.227
-1.0
-0.478
-0.132
0.237
-0.151
-0.078
0.254
-0.207
-0.618
-0.577
-0.982
-1.539
-1.143
-0.684
-0.137
0.907
0.642
-0.211
0.076
-0.092
0.122
0.261
1.099
0.902
0.463
0.084
-0.036
-0.53
-0.754
-0.656
0.083
0.209
0.269
0.287
0.404
0.95
0.875
-0.436
-0.722
-0.957
2.565
-1.386
-1.256
-1.121
-1.464
-1.871
-1.705
-1.988
-1.675
-1.592
-1.345
-1.771
-1.086
-1.328
-1.538
-0.892
-1.131
-1.308
-1.612
-1.794
-2.187
-1.96
-2.171
-1.839
-1.133
-0.888
-0.843
-1.007
-1.23
-1.257
-1.43
-1.476
-0.981
-0.882
-0.753
-0.317
-0.488
-0.927
-0.636
-0.349
-0.119
0.273
0.899
1.056
0.835
0.824
0.419
0.124
-0.057
0.125
0.056
-0.058
0.13
0.033
-0.059
0.469
0.58
0.441
0.279
0.244
0.19
0.449
0.264
0.627
0.745
0.243
0.556
0.662
0.176
-0.248
-0.202
-0.448
0.001
-0.43
0.085
0.207
0.327
0.518
-0.044
-0.247
-0.479
-0.396
-0.367
-0.618
-0.822
-0.66
-0.533
-0.716
-0.27
-0.029
0.33
0.54
0.663
0.731
1.064
1.367
1.178
0.796
0.912
0.81
0.908
0.953
1.121
1.125
1.323
1.32
1.57
1.076
1.607
1.015
1.215
0.855
0.371
0.403
0.101
-0.176
0.126
0.086
-0.013
0.736
0.802
0.728
0.736
0.832
0.63
0.276
0.487
0.221
-0.318
0.001
0.117
0.079
-0.019
0.113
0.157
-0.182
-0.083
-0.073
-0.152
-0.011
0.291
0.355
-0.284
-0.314
-0.409
-0.409
-0.664
-0.165
-0.212
0.055
0.004
-0.108
-0.119
-0.013
-0.478
-0.44
-0.713
-0.563
-0.351
-0.35
-0.173
-0.127
-0.122
-0.447
-0.509
-0.33
-0.574
-0.628
-0.427
-0.736
-0.382
-0.113
-0.053
0.242
0.419
0.126
0.646
0.444
0.331
0.397
0.475
0.41
0.518
0.739
0.749
0.698
0.612
0.838
0.749
0.417
0.591
0.541
0.539
0.844
0.729
1.024
1.014
1.313
0.89
1.086
0.753
0.488
0.544
0.524
0.573
0.635
0.484
0.038
0.445
0.487
0.225
0.165
0.138
0.139
0.351
0.31
0.013
0.451
0.112
0.352
0.437
0.3
0.46
0.839
0.833
0.446
0.791
1.102
1.162
1.315
1.621
1.505
1.625
1.195
0.975
1.087
1.266
0.959
1.191
1.303
1.836
1.217
0.914
1.192
0.758
0.983
1.071
0.958
1.065
0.792
0.916
1.176
1.479
1.387
1.732
1.741
1.708
1.772
2.042
2.253
2.2
2.109
2.246
2.153
2.121
2.03
2.086
1.941
1.409
1.472
1.435
1.371
1.873
1.737
1.332
1.548
1.494
1.312
0.761
0.543
0.366
0.029
0.292
-0.039
-0.35
0.011
-0.268
-0.588
-0.692
-0.346
-0.254
0.141
-0.1
0.36
0.368
0.205
0.18
0.277
0.406
0.29
0.447
0.471
2.565
2.565
0.681
1.116
1.168
0.895
0.865
0.446
0.273
0.077
0.077
0.2
0.642
0.664
0.797
0.897
0.729
0.657
0.439
0.368
0.873
0.508
0.19
0.242
-0.285
-2.567
-0.577
-0.818
-1.082
-0.926
-0.963
-0.954
-1.13
-0.932
-0.96
-1.017
-1.193
-1.139
-0.796
-0.989
-1.247
-0.685
-1.137
-1.105
-1.314
-1.109
-0.444
-0.405
-0.07
-0.353
-0.294
-0.004
-0.037
-0.08
-0.002
0.582
0.318
0.335
0.135
0.273
0.015
-0.293
-0.405
-0.232
0.03
-0.275
0.019
0.134
0.293
0.301
-0.023
0.027
-0.565
-0.541
-0.672
-0.089
-0.208
0.01
0.093
0.252
-0.097
0.27
0.446
0.784
0.453
0.461
0.544
0.473
0.593
0.986
0.785
0.997
0.474
0.508
0.244
0.245
-0.146
-0.084
-0.044
-0.647
-0.536
-0.642
-0.895
-0.813
-0.763
-0.834
-0.705
-1.202
-1.334
-0.852
-1.477
-1.417
-1.12
-0.682
-0.859
-0.159
0.035
-0.302
0.238
-0.238
-0.38
-0.502
-0.831
-1.142
-1.561
-1.3
-1.392
-1.012
-0.789
-1.27
-0.618
-0.482
-0.701
-0.351
-0.116
-0.089
-0.107
-0.162
-0.501
-0.386
-0.689
-0.301
0.03
-0.392
-0.349
-0.318
-0.426
-0.183
-0.404
-0.594
-0.698
-0.718
-0.903
-1.181
-1.322
-1.343
-1.788
-1.603
-1.54
-1.311
-1.108
-1.182
-0.873
-0.679
-0.821
-0.81
-0.929
-0.643
-0.495
-0.475
-0.515
-0.422
-0.467
-0.655
-0.861
-0.603
-0.586
-0.595
-0.913
-0.723
-0.973
-0.827
-0.953
-0.865
-0.977
-0.546
-0.531
-0.182
-0.17
0.406
0.358
0.421
0.496
0.729
1.05
0.744
0.733
0.487
-0.112
0.132
-0.03
-0.102
-0.066
-0.321
-0.044
-0.01
-0.009
-0.245
0.44
0.057
0.226
-0.394
-0.02
-0.423
-0.865
-0.934
-0.512
-1.001
-1.361
-0.843
-1.14
-0.683
-0.546
0.033
-0.274
0.006
-0.153
-0.241
-0.319
-0.2
-0.218
-0.241
-0.299
-0.271
-0.404
-0.292
0.114
0.002
0.051
-0.043
0.33
-0.028
0.199
-0.065
0.115
0.558
0.569
0.577
1.129
1.018
0.773
0.674
0.767
0.378
0.351
0.375
0.309
0.364
-0.394
0.197
0.559
0.168
0.378
0.083
0.322
0.599
0.701
0.316
0.435
0.257
0.098
0.132
0.118
0.58
0.328
0.743
0.532
0.606
0.311
0.363
0.08
-0.085
0.204
0.071
0.183
-0.068
-0.029
0.766
0.434
0.369
0.269
0.667
0.369
0.324
0.523
0.547
0.675
0.584
1.098
0.709
0.535
0.7
0.553
0.749
0.537
0.714
0.453
0.571
0.268
-0.013
0.131
0.222
0.247
0.532
0.572
0.812
0.657
0.318
0.249
0.186
-0.072
0.147
0.523
0.264
0.265
0.316
0.406
0.72
0.088
0.124
-1.087
0.245
-0.121
0.237
0.353
0.55
0.752
0.504
0.639
0.169
0.594
0.734
0.532
0.644
0.884
0.878
1.052
1.336
1.283
1.207
1.191
0.947
0.72
0.464
0.564
0.397
0.651
0.696
0.826
1.029
0.98
1.022
0.658
0.63
0.663
0.778
0.584
0.577
0.756
0.903
0.772
0.708
0.67
1.028
0.76
1.168
0.759
0.731
0.753
0.781
0.603
0.626
0.389
0.543
1.247
0.818
1.092
0.708
0.859
0.763
0.585
0.902
1.449
1.359
1.258
1.036
0.977
0.785
0.719
0.455
0.474
-0.091
-0.005
0.224
0.379
0.341
0.411
0.634
0.521
0.508
0.499
0.817
1.022
1.084
0.777
0.644
0.609
0.573
0.83
0.566
0.196
-0.04
-0.393
-0.172
0.032
-0.007
-0.055
0.437
0.037
0.086
-0.063
0.422
0.501
0.544
0.518
0.556
0.47
-0.068
0.356
0.062
-0.427
-0.459
-0.495
-0.463
-0.315
-0.017
-0.111
-0.001
-0.153
-0.253
-0.482
-0.039
-0.123
-0.283
0.092
-0.223
0.171
-0.124
-0.148
-0.247
-0.042
-0.261
-0.241
-0.002
-0.101
0.062
0.394
0.547
0.71
0.465
1.108
0.595
0.793
0.718
0.821
0.649
0.485
0.781
0.811
0.7
1.427
1.264
1.159
1.073
1.64
1.714
1.494
1.663
1.878
1.69
1.991
1.253
0.871
0.975
0.813
0.559
0.941
1.411
0.795
0.116
0.465
0.115
0.243
-0.434
-0.063
-0.356
-0.343
-0.637
-0.655
-0.783
-0.774
-0.811
-1.157
-1.092
-0.898
-0.957
-0.653
-0.188
-0.144
-0.039
0.02
-0.15
-0.289
-0.345
-0.572
-0.615
-0.752
-0.952
-0.785
-0.518
-0.398
-0.263
-0.144
-0.154
-0.177
-0.523
-0.468
-0.556
-0.668
-0.894
-0.975
-0.883
-0.83
-0.994
-0.937
-0.991
-1.155
-1.023
-0.809
-1.045
-1.373
-1.377
-1.496
-1.287
-1.16
-0.835
-0.812
-0.97
-1.221
-0.998
-0.836
-0.978
-0.198
-0.715
-0.833
-0.769
-0.956
-0.631
-0.917
-0.776
-0.645
-0.424
-0.318
-0.505
-0.663
-0.333
-0.983
-0.578
-0.787
-0.732
-0.188
-0.585
-0.263
-0.592
-0.43
-0.152
-0.554
-0.196
0.107
-0.132
0.438
0.102
0.159
0.311
-0.043
-0.061
0.34
-0.106
-0.091
-0.134
-0.333
0.144
-0.148
0.263
0.466
0.34
0.135
0.328
-0.238
0.109
-0.096
2.565
0.361
0.466
0.335
0.711
0.203
0.411
-0.178
-0.06
-0.471
-0.81
-1.054
-0.903
-0.822
-0.874
-0.579
-0.487
-0.904
-0.443
-0.505
-0.39
-0.14
0.093
0.187
0.787
0.556
0.523
0.654
0.666
0.575
0.581
0.453
0.324
0.723
0.881
0.76
0.767
0.831
0.762
0.683
0.681
0.762
0.765
0.567
0.427
0.693
0.467
0.928
0.448
0.667
0.856
1.331
1.439
0.926
1.337
1.097
0.775
0.454
1.042
0.797
-0.138
0.272
-0.037
0.005
0.279
0.403
0.608
0.274
0.35
0.058
0.013
-0.15
-0.225
0.261
0.157
-0.035
0.035
0.039
-0.519
-0.358
0.052
0.09
0.18
0.407
0.27
0.589
0.741
0.761
0.659
0.875
0.903
1.306
1.705
1.671
2.088
1.843
1.84
1.368
1.425
1.282
1.171
1.188
1.184
1.463
1.859
1.89
1.852
1.877
2.108
2.083
1.855
1.887
1.427
0.742
0.234
-0.024
-0.379
-0.326
-0.432
-0.051
0.006
-0.463
-0.32
-0.281
-0.421
-0.885
-0.682
-0.53
-0.906
-0.844
-0.504
-0.928
-0.422
-0.635
-0.278
-0.682
-0.158
-0.111
-0.253
-0.515
-0.052
-0.453
-0.053
0.229
0.25
0.385
0.793
0.584
0.358
0.449
0.168
0.148
-0.197
-0.311
-0.319
-0.684
-0.431
-0.778
-0.768
-0.782
-0.479
-0.631
-0.498
0.28
0.049
0.36
0.356
0.383
0.635
0.381
0.383
0.277
0.035
-0.085
0.207
0.41
0.973
1.234
1.298
1.72
1.238
1.19
1.245
1.115
0.689
1.464
1.202
1.546
0.992
1.473
1.052
0.83
0.922
1.009
0.889
0.948
0.618
0.065
0.093
-0.103
-0.151
-0.058
-0.346
-0.187
0.185
0.42
0.572
0.598
0.595
0.618
0.863
0.597
0.952
1.082
0.347
0.794
1.368
0.971
0.918
1.328
1.162
1.123
1.338
1.065
0.888
0.97
0.452
0.499
0.35
0.054
-0.224
-0.089
-0.013
0.052
0.37
0.224
-0.132
0.143
0.049
0.001
0.288
-0.112
0.116
0.66
0.742
1.024
1.145
1.088
0.581
0.495
0.438
0.481
0.281
0.207
0.608
0.323
0.392
0.595
0.435
-0.474
-0.33
-0.46
-0.307
0.06
0.05
0.047
-0.083
-0.161
0.173
0.461
0.111
0.322
0.577
0.481
0.03
-0.543
-0.216
-0.318
-0.569
-1.097
-0.144
-0.256
-0.936
-0.409
-1.167
-1.291
-1.185
-0.532
-1.163
-1.135
-0.712
-0.741
-1.196
-0.296
-0.45
-0.226
-0.245
-0.116
-0.313
-0.011
0.039
0.031
0.246
0.02
0.043
0.35
0.446
0.051
0.178
0.33
0.144
0.188
-0.005
0.08
0.304
0.016
-0.172
-0.133
-0.594
-0.884
-0.953
-0.884
-1.088
-0.87
-1.19
-1.107
-1.522
-0.87
-1.606
-1.183
-0.989
-0.76
-0.957
-1.015
-0.354
-0.953
-0.957
-0.717
-0.432
-0.62
-0.598
-2.567
-0.437
-0.493
-0.425
-0.116
-0.373
-0.921
-0.673
-0.861
-1.022
-1.379
-1.028
-0.981
-0.564
-0.856
-0.874
-0.994
-0.904
-0.548
-0.651
-0.708
-0.922
-0.491
-0.302
-0.218
-0.218
0.162
0.5
0.635
0.524
-1.411
0.34
-0.409
0.159
-0.39
-0.226
-0.273
-0.143
-0.222
-0.25
-0.413
-0.169
-0.025
-0.38
-0.287
-0.005
1.113
-0.244
0.153
0.383
0.283
0.574
0.544
0.503
0.386
0.63
0.307
-0.32
-0.017
0.02
-0.354
-0.377
0.101
-0.15
-0.238
-0.156
-0.304
-0.332
-0.26
-0.691
-0.529
-0.885
-0.893
-0.799
-0.352
-0.424
-0.193
0.007
0.548
0.478
0.641
0.662
0.27
0.317
0.424
0.122
0.044
-0.435
0.284
-0.35
-0.145
-0.054
0.114
-0.136
0.084
0.158
0.107
0.181
0.092
0.23
0.133
-0.298
-0.063
0.071
0.135
0.432
0.792
0.665
0.988
0.699
0.668
0.333
0.012
0.058
0.196
0.052
0.223
0.174
0.355
0.052
0.525
0.486
1.083
0.441
0.539
0.313
-0.127
-0.263
-0.418
-0.018
-0.547
-0.315
0.325
0.239
0.149
0.067
0.257
0.404
0.501
0.449
0.542
0.547
0.318
0.115
0.145
0.354
0.526
0.702
0.683
0.885
0.771
0.77
0.785
0.735
0.243
0.506
0.157
-0.017
0.106
0.177
0.151
0.365
0.236
-0.004
0.303
-0.132
-0.068
0.129
-0.212
-0.345
-0.033
0.425
-0.033
0.205
0.286
0.087
-0.14
-0.233
0.037
-0.11
0.087
0.288
0.365
0.48
0.066
-0.083
0.092
0.169
0.126
0.236
0.239
0.29
0.266
0.191
0.383
0.248
0.595
0.67
1.01
1.036
1.056
0.629
0.574
0.4
0.319
0.468
-0.04
-0.066
-0.172
-0.128
-0.539
-0.572
-0.73
-0.589
-0.58
-0.334
-0.782
-0.253
0.092
0.127
0.368
0.736
0.738
0.765
1.03
1.008
1.177
1.338
1.033
0.843
0.982
0.958
1.153
1.163
1.309
1.017
0.984
1.123
0.88
0.53
0.393
0.75
0.576
0.558
0.445
0.617
0.704
0.775
0.604
0.773
0.641
0.633
0.599
0.536
0.564
0.328
0.416
0.121
0.019
0.427
0.483
0.233
0.511
-0.068
0.247
0.511
0.54
0.685
1.049
0.784
0.686
0.39
0.514
0.376
0.092
0.688
0.759
0.806
0.914
1.289
0.671
1.045
1.106
1.084
0.904
1.131
1.07
1.156
1.009
0.63
0.521
0.556
0.52
0.77
1.27
0.991
1.541
1.209
1.452
1.633
1.573
1.558
1.522
1.649
1.607
1.379
1.446
1.312
1.297
1.113
1.022
0.932
0.964
0.796
1.076
1.152
0.92
0.875
1.186
0.958
1.161
1.559
1.15
1.244
1.362
1.146
0.833
1.222
0.994
0.729
0.573
0.127
-0.069
0.315
0.128
0.181
0.168
0.247
0.036
0.517
0.635
0.806
0.574
0.857
0.409
0.831
0.453
0.339
0.548
-0.061
-0.104
-0.31
-0.362
0.056
-0.086
-0.404
-0.021
-0.386
-0.992
-1.121
-1.057
-1.54
0.579
-1.579
-1.544
-1.273
-0.955
-1.15
-0.602
-0.24
-0.745
-0.845
-0.737
-0.54
-0.541
-0.523
-0.275
-0.303
-0.642
-0.388
-0.059
-0.413
-0.43
-0.155
-0.362
-0.366
0.017
-0.541
-0.863
-0.732
-0.787
-1.104
-1.166
-0.802
-0.593
-0.582
-0.325
-0.37
-0.002
0.182
-0.029
-0.266
-0.009
-0.314
-0.388
-0.574
-0.417
-0.632
-0.594
-0.773
-0.439
-0.355
-0.736
-0.23
-0.517
-0.497
-0.616
-0.574
-0.366
-0.26
0.117
0.177
0.608
0.98
0.42
0.905
0.796
0.681
0.769
0.639
0.246
0.279
-0.106
-0.217
-0.149
-0.328
-0.066
0.007
0.317
0.125
0.325
0.365
0.058
-0.011
-0.004
0.027
0.171
0.325
0.274
0.311
0.111
-0.49
-0.42
-0.862
-0.591
-1.082
-0.988
-0.705
-0.568
-0.67
-0.364
-0.092
-0.133
0.011
0.131
-0.328
-0.003
-0.279
-0.312
-0.465
-0.386
-0.24
-0.451
-0.552
-0.436
-0.216
-0.432
-0.069
0.124
-0.422
-0.104
-0.449
-0.587
-0.46
-0.463
-0.904
-1.008
-1.159
-0.76
-0.946
-0.756
-0.87
-1.094
-1.143
-1.189
-1.049
-0.94
-0.553
-0.557
-0.273
-0.524
-0.288
-0.168
-0.191
-0.172
-0.051
-0.226
-0.228
-0.531
-0.496
-0.458
-0.593
-0.195
-0.316
-0.247
0.063
-0.199
0.149
0.275
0.345
-0.06
-0.247
-0.122
-0.362
-0.134
-0.424
-0.457
-0.577
-0.331
-0.674
-0.737
-0.882
-1.104
-1.273
-1.167
-1.318
-1.256
-0.943
-0.982
-0.935
-0.181
-0.697
-0.477
0.235
0.23
0.5
0.306
0.091
-0.288
-0.083
0.254
-0.186
0.177
-0.201
-0.317
-0.113
-0.167
0.406
0.218
0.444
0.504
0.652
0.545
0.469
0.526
0.235
0.201
0.337
0.609
0.076
-0.132
-0.003
0.079
-0.294
-0.279
-0.079
-0.142
0.032
0.052
-0.318
-0.09
0.08
-0.04
-0.035
-0.516
-0.379
-0.217
-0.391
-0.393
-0.184
0.18
0.091
0.304
0.333
0.198
0.315
0.214
0.25
0.301
0.444
0.242
-0.039
-0.176
-0.289
0.429
-0.205
-0.34
-0.075
-0.31
0.022
-0.057
-0.069
0.327
0.139
0.918
1.09
0.934
0.856
0.649
0.833
0.756
0.728
1.101
0.896
0.888
0.941
0.89
0.456
0.607
0.4
0.01
0.276
-0.121
-0.305
-0.145
-0.407
-0.725
-0.357
-0.475
-0.057
-0.203
0.02
-0.02
0.019
0.379
0.432
0.685
0.65
0.451
0.362
0.32
0.496
0.396
0.19
0.593
0.467
0.634
0.61
0.795
0.788
0.92
1.078
0.842
0.861
0.443
0.496
0.513
0.29
0.766
0.675
1.077
1.188
1.051
1.032
1.167
1.196
1.085
1.183
1.093
0.986
0.975
0.777
0.94
0.864
1.103
0.832
0.99
0.894
1.057
0.883
0.446
0.726
0.218
0.46
0.463
0.492
0.646
0.013
0.069
-0.674
-0.355
-0.703
-0.468
-0.29
-0.183
-0.322
0.01
-0.092
-0.161
0.081
0.133
0.495
0.403
0.572
0.792
0.747
0.548
0.374
0.769
0.557
1.175
1.355
1.55
1.433
1.654
1.292
1.616
1.583
1.504
1.51
1.985
1.299
1.514
1.461
1.112
1.234
1.499
0.962
1.164
0.903
0.585
0.73
0.137
-0.241
-0.449
-0.111
-0.449
-0.512
-0.553
-0.591
-0.628
-0.537
-0.71
-0.442
-0.239
-0.521
0.221
0.308
0.263
0.407
0.59
0.792
0.812
0.382
0.152
0.607
0.278
0.198
0.521
0.284
0.105
0.275
0.5
0.677
0.642
0.573
0.829
0.606
0.991
0.778
0.766
1.123
1.072
0.782
0.874
1.156
0.686
0.676
0.74
0.297
0.544
0.294
0.142
0.468
-0.142
0.257
0.114
0.103
0.408
0.032
0.071
0.278
0.088
0.35
0.046
0.307
-0.104
0.022
-0.049
0.052
0.407
-0.014
0.066
0.822
1.008
0.452
0.471
0.351
0.47
0.525
0.936
0.462
0.291
0.445
0.397
-0.16
-0.288
0.122
0.185
-0.072
0.375
0.074
0.168
0.54
0.411
0.368
0.374
0.742
0.471
0.443
0.497
0.284
0.152
-0.255
-0.466
-0.418
-0.596
-0.345
-0.763
-0.609
-0.728
-0.959
-0.713
-1.039
-0.517
-0.723
-0.46
-0.768
-0.743
-1.018
-0.918
-1.183
-0.848
-1.088
-0.753
-0.46
-0.881
-1.108
-0.596
-0.553
-0.608
-0.833
-1.046
-0.93
-1.222
-1.394
-0.978
-0.817
-0.736
-0.901
-0.675
-0.866
-0.753
-0.774
-0.747
-0.755
-1.099
-0.701
-1.027
-0.652
-0.973
-0.526
-0.974
-0.569
-0.268
0.35
0.263
0.298
0.312
0.114
0.44
0.22
0.528
0.571
0.493
0.635
0.596
0.395
0.71
0.852
0.402
0.331
0.254
0.03
0.2
0.053
-0.354
-0.151
-0.225
0.238
0.234
0.196
0.017
0.299
0.167
0.1
-0.148
0.273
0.295
0.367
0.156
0.003
-0.146
0.364
0.139
-2.567
0.198
-0.288
0.397
-0.532
-0.372
-0.044
-0.25
-0.199
-0.393
0.006
-0.045
-0.308
-0.229
-0.413
-0.638
-0.502
-0.792
-0.795
-0.86
-0.313
-0.874
-0.8
-0.816
-1.14
-0.377
-0.603
-0.821
-0.874
-0.574
-0.849
-0.587
-0.692
-0.665
-1.166
-0.854
-0.507
-0.634
-0.331
-0.842
-0.248
-0.588
-0.584
-0.354
-0.218
-0.224
-0.202
-0.503
-0.314
-0.181
-0.376
-0.14
0.083
0.299
0.307
0.352
-0.144
-0.286
0.06
-0.294
0.25
-0.083
0.291
0.607
0.372
0.046
-0.119
0.028
-0.206
-0.01
-0.096
0.104
-0.012
-0.136
-0.102
-0.274
-0.178
-0.354
-0.18
-0.24
-0.069
0.269
0.196
0.087
0.185
0.287
0.45
0.61
0.333
0.582
0.332
0.409
0.36
0.081
-0.015
0.158
-0.033
-0.001
0.212
0.159
0.364
0.327
0.545
0.299
0.315
0.123
0.177
0.434
0.354
0.108
0.129
-0.229
-0.432
-0.237
-0.534
-0.159
-0.1
0.067
-0.37
-0.129
-0.488
-0.883
-1.014
-0.729
-0.958
-0.82
-0.907
-0.811
-0.84
-0.523
-0.743
-0.171
-0.112
-0.003
-0.13
0.016
0.254
0.212
0.034
0.007
-0.143
-0.339
0.028
-0.118
-0.154
-0.159
-0.05
-0.007
-0.225
0.011
0.694
-0.06
0.265
0.473
0.02
0.081
-0.028
0.094
-0.119
-0.011
0.328
0.418
0.51
0.114
0.221
0.163
0.298
-0.087
-0.066
-0.047
-0.351
-0.372
-0.256
-0.439
-0.557
-0.161
-0.25
-0.364
-0.359
-0.107
-0.369
-0.481
-0.122
0.088
-0.13
0.054
-0.041
-0.099
0.033
0.083
0.178
0.539
0.355
0.146
0.216
0.075
-0.065
0.143
0.271
2.565
2.565
2.565
-0.083
0.143
-0.239
-0.42
-0.337
-0.455
-0.671
-0.614
-0.268
-0.47
-0.718
-0.523
-0.565
-0.53
-0.58
-0.455
-0.471
-0.822
-0.533
-0.406
-0.457
-0.7
-0.783
-0.915
-0.823
-1.487
-0.997
-1.081
-0.943
-0.718
-0.604
-0.568
-0.266
-0.657
-0.947
-1.228
-1.151
-1.222
-0.578
-0.767
-0.591
-0.723
-0.897
-0.925
-0.478
-0.531
-0.378
-0.282
0.282
0.107
0.197
0.212
0.312
0.222
0.579
0.442
0.714
0.778
0.737
0.562
-0.003
0.126
0.239
-0.42
-0.168
0.007
0.334
0.046
0.156
0.487
0.469
0.449
0.456
0.24
0.274
0.237
0.013
0.145
0.147
0.108
-0.032
0.397
0.088
0.199
-0.048
0.26
0.258
0.33
0.007
-0.095
-0.033
-0.306
-0.635
-0.455
-0.328
-0.067
-0.394
0.054
0.511
0.177
0.417
-0.058
0.352
0.384
0.178
-2.567
0.395
0.527
0.553
0.669
0.44
0.814
0.158
0.143
-0.002
-0.527
-0.139
-0.052
-0.131
-0.306
0.11
-0.378
0.083
-0.268
-0.143
-0.263
0.249
-0.125
0.286
0.066
0.042
-0.153
-0.226
-0.475
-0.525
-0.722
-0.506
-0.644
-0.448
-0.326
-0.156
-0.323
-0.024
-0.082
-0.361
-0.507
2.565
2.565
-0.298
-0.088
-0.197
-0.182
0.399
0.225
0.261
0.115
0.372
-0.007
0.111
0.037
-0.059
0.08
-0.164
-0.292
-0.144
-0.54
-0.685
-0.393
-0.246
-0.141
-0.337
-0.177
-0.215
-0.298
-0.612
-0.299
-0.28
-0.379
0.07
-0.279
-0.192
-0.322
-0.27
-0.493
-0.22
-0.363
-0.051
-0.628
-0.219
-0.486
-0.333
-0.411
-0.532
-0.874
-0.6
-0.64
-0.75
-0.512
-0.718
-0.289
-0.745
-0.345
-0.162
-0.031
-0.013
-0.027
0.137
-0.006
0.055
0.083
-0.107
0.305
0.633
0.245
0.099
0.26
0.01
0.101
0.541
0.198
0.525
0.551
0.655
0.369
0.274
0.409
0.571
0.535
0.412
0.783
0.299
0.19
0.255
0.322
0.037
0.174
-0.001
0.041
0.218
-0.151
-0.073
-0.096
-0.406
-0.397
-0.369
-0.577
-0.16
-0.048
-0.234
-0.121
-0.193
0.232
0.035
0.16
0.086
0.12
0.065
0.482
-0.008
0.745
0.299
0.089
0.278
0.244
0.209
0.397
0.359
0.266
0.174
0.332
0.118
0.129
0.121
-0.031
-0.066
0.182
0.038
0.074
0.164
0.109
-0.11
-0.051
0.121
-0.043
0.198
0.334
0.546
0.449
0.242
0.578
0.284
0.578
0.352
-0.082
0.045
-0.189
-0.043
-0.351
-0.49
-0.024
-0.457
-0.641
-0.433
-0.136
-0.464
-0.357
-0.121
-0.489
-0.111
-0.065
-0.349
-0.23
-0.318
-0.461
-0.317
-0.16
0.048
0.224
-0.122
0.26
0.209
-0.046
-0.125
0.136
-0.155
-0.09
-0.318
-0.065
-0.082
-0.465
-0.171
0.223
-0.598
-0.191
-0.471
-0.453
-0.356
-0.231
-0.211
0.001
0.152
0.203
0.449
0.198
0.478
0.555
0.021
0.547
0.527
0.795
0.366
0.529
0.334
0.011
0.27
0.27
0.441
0.132
0.054
0.149
0.203
0.106
0.174
0.684
0.174
0.034
0.735
0.644
0.107
0.258
0.502
0.187
-0.105
-0.074
-0.486
-0.694
-0.433
-0.253
-0.608
-0.629
-0.388
-0.769
-0.237
-0.381
-0.119
-0.161
-0.066
-0.163
0.277
0.545
0.237
0.262
0.663
0.972
0.602
0.956
1.113
1.004
0.422
0.292
0.718
0.798
2.565
0.281
-0.115
0.188
-0.161
-0.284
0.129
0.089
-0.135
-0.172
-0.136
-0.262
0.071
-0.483
-0.199
-0.159
-0.056
0.031
-0.141
-0.273
0.028
-0.163
-0.02
0.014
-0.064
-0.287
-0.113
-0.319
-0.546
-0.112
0.114
0.007
0.157
0.083
-0.003
0.252
0.218
0.012
0.062
-0.047
0.321
-0.007
0.403
0.19
0.21
0.386
0.234
0.018
0.104
0.115
-0.138
0.042
0.084
-0.439
-0.068
-0.22
0.009
-0.1
-0.01
-0.15
0.022
-0.252
-0.225
0.252
-0.134
-0.139
-0.238
-0.174
-0.211
-0.047
0.238
0.054
-0.049
0.078
-0.043
-0.067
-0.067
-0.107
-0.237
0.012
0.108
-0.081
0.206
0.549
0.227
0.237
0.355
0.114
0.209
0.286
0.458
0.074
0.13
-0.072
-0.317
0.177
-0.066
-0.016
-0.152
0.141
0.208
0.258
0.307
0.028
0.122
0.005
-0.118
0.049
-0.009
-0.105
0.037
-0.069
0.047
0.106
0.076
0.149
0.063
0.216
0.317
-0.206
0.242
0.106
0.028
-0.104
-0.241
0.339
0.028
0.258
0.096
0.347
0.205
0.062
0.229
0.617
0.302
0.657
0.307
0.814
0.457
0.156
0.437
0.113
0.117
0.195
0.243
0.355
-0.042
0.277
0.145
0.241
0.072
0.168
0.124
0.042
0.404
-0.007
0.502
0.48
0.423
0.49
0.846
0.667
0.429
0.566
0.627
0.294
0.362
0.388
0.365
0.301
0.173
0.384
0.603
0.378
0.527
0.598
0.039
-0.075
-0.281
0.065
-0.373
-0.41
-0.039
-0.394
-0.447
-0.346
-0.362
-0.327
-0.508
-0.218
-0.161
-0.363
-0.206
-0.062
-0.067
-0.32
-0.104
-0.338
0.074
-0.219
-0.043
-0.088
-0.127
-0.054
-0.508
-0.269
-0.017
-0.4
-0.176
-0.415
-0.133
-0.4
-0.417
-0.297
-0.418
-0.288
-0.468
-0.517
-0.888
-0.676
-0.345
-0.748
-0.258
-0.501
-0.459
-0.369
-0.547
-0.431
-0.313
-0.229
-0.217
-0.253
-0.104
-0.034
-0.223
-0.044
-0.258
-0.123
0.167
0.087
-0.038
0.068
0.002
-0.268
0.037
-0.118
-0.214
-0.217
0.029
-0.33
