-2.348
-2.213
-2.2
-2.527
-2.15
-2.469
-2.118
-2.113
-1.47
-1.241
-1.113
-1.194
-1.184
-1.195
-1.412
-1.412
-1.246
0.071
0.096
-0.347
-0.337
-0.099
-0.129
-0.175
0.103
0.144
-0.042
0.468
-0.095
-0.286
-0.083
-0.223
-0.068
-0.096
-0.367
-0.049
0.391
0.151
-0.089
-0.134
0.398
0.222
-0.417
0.377
0.567
-0.002
-0.004
-0.557
-0.735
-0.583
-0.67
-0.761
-0.257
-0.654
-0.89
-0.922
-1.099
-1.136
-1.251
-1.215
-0.86
-1.304
-0.959
-0.706
-1.13
-1.099
-0.974
-0.56
-0.753
-0.537
-0.603
-0.666
-0.486
-0.807
-0.673
-0.903
-1.067
-1.062
-1.144
-1.153
-1.076
-0.843
-0.622
-0.866
-0.699
-0.667
-0.653
-0.11
0.088
0.07
0.437
0.146
-0.03
0.337
0.277
0.572
0.852
1.325
1.117
1.284
1.1
0.384
0.195
-0.078
0.116
0.328
0.275
-0.015
-0.727
-0.223
-0.879
-1.043
-0.715
-0.59
-0.911
-1.07
-0.915
-0.967
-1.317
-0.997
-0.742
-1.543
-1.846
-1.455
-1.782
-2.287
-1.955
-1.614
-1.96
-1.699
-1.225
-1.634
-1.373
-1.061
-0.993
-0.684
-0.425
-1.031
-1.286
-1.51
-1.173
-0.759
0.044
-0.163
-0.547
-0.469
-0.477
-0.551
-0.485
0.373
-0.24
-0.198
-0.254
-0.716
-0.899
-0.419
0.261
0.681
-0.069
0.168
0.459
0.036
0.417
0.08
0.372
-0.274
-0.411
-0.195
-0.526
-0.603
-0.247
0.102
0.792
0.881
0.766
0.302
0.125
-0.276
-0.115
-0.029
0.04
0.238
0.593
0.847
0.491
0.512
0.13
0.154
0.262
0.33
0.621
0.904
0.904
0.382
0.334
0.551
0.58
0.889
0.416
0.414
0.497
0.131
-0.249
0.003
-0.353
-0.28
-0.283
-0.247
-0.456
-0.056
-0.384
-0.663
-0.681
-0.97
-1.166
-0.824
-0.861
-0.634
-0.29
-0.441
-0.363
-0.06
-0.193
-0.098
-0.287
0.106
-0.039
0.07
0.35
0.26
0.42
0.477
0.34
0.148
-0.053
0.007
-0.153
0.015
0.074
-0.047
0.396
0.631
0.945
1.21
1.514
1.226
0.956
0.877
0.695
0.641
0.838
0.615
0.606
0.921
0.492
0.759
0.628
0.564
0.347
0.769
0.8
1.052
0.683
0.677
0.753
0.532
0.263
0.187
0.352
0.174
0.297
0.336
0.418
0.125
-0.108
-0.352
-0.495
-0.827
-0.802
-0.367
-0.343
0.2
0.507
0.401
0.202
0.233
-0.052
0.085
0.484
0.385
0.385
0.281
0.353
0.253
0.455
0.651
1.089
1.465
1.89
1.958
1.143
0.986
1.027
0.157
1.135
1.064
1.085
0.804
0.497
0.436
0.574
1.128
0.795
1.019
1.313
1.413
1.331
1.054
1.128
1.031
0.938
0.81
1.073
1.472
1.79
1.63
1.526
1.294
1.604
1.264
1.078
1.407
1.633
1.648
1.811
1.607
1.727
1.67
1.448
1.115
1.232
1.16
0.714
0.566
0.512
0.432
0.18
0.115
0.472
0.745
0.286
0.6
0.494
0.425
0.268
0.404
0.502
0.796
1.037
1.252
2.111
1.852
2.304
2.057
1.762
2.189
1.977
1.633
1.552
1.619
1.491
1.482
1.294
1.042
1.273
1.092
0.789
0.702
0.553
0.471
0.445
-0.001
-0.034
-0.096
0.42
0.555
0.541
0.294
0.167
0.158
0.185
0.624
1.107
1.71
1.823
1.938
1.639
1.363
0.335
0.856
1.015
2.565
1.048
1.504
0.856
0.903
1.071
1.121
1.243
1.237
1.365
1.823
2.276
1.787
1.536
0.817
0.542
0.955
1.727
1.858
2.28
2.565
2.088
1.848
0.868
0.571
-0.052
0.821
0.631
-0.038
0.618
0.139
-0.295
-0.012
0.269
-0.279
0.158
0.04
0.586
-0.202
-0.241
-0.621
-0.801
-0.851
-1.11
-1.131
-0.213
-0.035
-0.22
-0.518
-0.689
-0.657
-0.391
-0.301
-0.265
-0.244
-0.052
-0.551
-0.513
-0.546
-0.481
-0.539
-0.068
0.174
0.271
0.027
-0.045
-0.428
-0.928
-0.722
-0.228
-0.536
-0.148
-0.149
0.441
-0.289
-0.36
0.122
-0.465
-0.151
-0.483
-0.435
-0.602
-0.908
-0.825
-0.924
-0.672
-0.741
-0.581
-0.808
-0.547
-0.637
-0.277
-0.831
-0.983
-1.067
-0.6
-0.832
-0.785
-0.623
-0.535
-1.113
-0.633
-0.7
-0.904
-0.473
-0.866
-0.727
-1.189
-0.781
-0.439
-0.689
-0.668
-0.683
-0.961
-0.727
-0.981
-1.111
-0.888
-1.046
-0.26
-0.589
-1.411
-1.05
-1.54
-1.603
-1.005
-0.928
-0.644
0.092
-0.192
0.425
0.218
-0.215
0.021
0.103
0.272
-0.05
0.244
-0.226
-0.259
-0.144
-0.526
-0.548
-0.451
-0.036
0.002
0.152
0.039
-0.329
-0.587
-0.793
-0.939
-0.801
-0.898
-0.841
-0.693
-0.813
-1.222
-1.351
-1.01
-1.24
-1.364
-0.929
-1.142
-1.155
-1.559
-1.368
-1.397
-1.351
-1.11
-0.947
-1.436
-1.108
-1.311
-0.616
-0.109
-0.336
-0.221
-0.454
-0.553
-0.69
-0.958
-0.792
-0.879
-0.711
-0.652
-0.654
-0.614
-0.748
-0.823
-1.09
-0.769
-0.626
-0.188
-0.172
-0.413
-0.231
-0.221
-0.748
-0.813
-1.003
-1.022
-0.805
-1.274
-1.173
-0.604
-0.404
-0.193
-0.277
-0.535
-0.467
-0.788
-1.225
-1.033
-1.124
-1.215
-1.401
-1.048
-0.752
-0.406
-0.457
-0.668
-0.277
-0.454
-0.436
-0.247
0.006
-0.308
0.259
0.426
0.484
0.388
0.684
0.61
0.419
0.086
0.518
0.771
0.859
1.092
0.92
0.678
0.825
0.887
0.554
0.512
0.236
0.355
0.198
0.092
0.001
-0.186
-0.115
-0.02
-0.25
0.315
-0.063
0.258
-0.075
-0.268
-0.186
-0.37
-0.392
-0.159
-0.059
-0.111
0.079
-0.142
0.152
0.191
0.037
-0.158
0.314
0.588
0.502
0.023
0.075
-0.345
-0.575
-0.582
-0.225
-0.306
-0.117
-0.407
-0.438
-0.409
-0.269
0.234
-0.375
-0.188
-0.475
-0.633
-0.314
-0.651
-0.699
-0.468
-0.507
-0.672
-0.216
0.118
-0.472
-0.864
-0.644
-0.607
-1.013
-0.511
-0.673
-0.396
-0.113
-0.189
-0.203
-0.501
-0.354
-0.371
-0.314
-0.07
-0.082
0.066
0.016
0.455
0.572
0.776
0.819
0.929
0.842
0.998
0.781
0.741
1.304
0.962
0.986
1.479
1.31
1.4
1.607
1.185
1.749
1.643
1.641
1.497
1.274
1.567
1.226
1.326
0.959
0.802
0.553
1.137
1.126
1.049
1.29
1.355
1.323
1.22
1.334
0.938
0.729
1.034
0.901
0.945
1.245
1.638
1.523
1.854
1.733
1.736
1.678
1.135
1.171
1.086
1.067
0.532
-0.146
-0.104
-0.232
-0.215
0.074
0.326
0.382
0.723
0.46
0.588
0.912
0.771
1.162
0.897
0.762
0.778
0.92
0.659
0.742
0.956
0.812
0.688
0.613
1.271
1.138
0.311
0.692
0.423
0.073
0.246
0.498
0.488
0.69
0.795
0.771
0.864
0.818
0.158
0.153
0.542
0.693
0.102
0.865
0.956
0.381
1.04
0.691
0.555
1.253
1.256
0.831
0.855
0.643
1.015
0.488
0.373
0.367
0.894
0.397
0.834
0.844
0.497
0.598
0.704
0.303
0.691
0.987
1.306
1.31
1.219
1.429
1.377
1.593
1.184
1.688
1.637
1.897
1.546
1.629
1.583
1.394
1.331
1.194
0.761
0.527
0.352
0.814
0.697
0.781
0.346
0.317
0.141
0.058
0.063
0.306
0.652
1.553
1.583
1.386
0.891
0.996
1.093
1.315
1.813
1.438
1.757
1.502
1.279
1.259
1.112
1.178
1.185
1.214
1.26
1.101
1.266
1.08
1.244
1.006
1.346
1.182
1.208
1.228
1.403
1.771
1.276
1.252
1.609
1.22
1.314
1.155
0.839
1.02
0.615
0.653
0.075
0.006
-0.336
-0.283
-1.409
-1.324
-1.34
-1.364
-1.743
-1.912
-1.558
-1.663
-1.473
-1.253
-0.99
-0.783
-0.819
-1.048
-0.453
-0.867
-0.259
-0.413
0.187
-0.205
-0.492
-0.264
-0.26
-0.582
-0.6
-0.273
-0.522
-0.277
-0.664
-0.488
-0.714
-0.878
-0.513
-0.105
0.432
0.172
0.048
-0.137
-0.373
-0.482
-0.568
-0.296
-0.083
0.121
0.312
0.02
-0.205
-0.308
-0.463
-0.332
0.084
0.206
0.197
0.0
-0.007
-0.406
-0.317
-0.657
-0.839
-0.563
-1.484
-1.314
-1.285
-1.278
-0.634
-0.598
-0.799
-0.357
-0.384
-0.525
-0.664
-0.413
-0.9
-1.11
-1.177
-0.711
-1.162
-1.41
-0.976
-1.208
-1.41
-1.875
-1.775
-2.196
-2.037
-1.943
-1.631
-1.973
-1.673
-1.802
-1.269
-1.195
-0.702
-1.018
-0.156
0.057
0.296
0.598
0.85
0.409
0.436
0.051
0.112
0.06
0.518
0.836
1.126
1.13
0.827
1.038
0.827
0.663
0.57
0.019
0.106
-0.212
-0.466
-0.983
-0.48
-0.302
-0.786
-0.587
-0.389
-0.606
-0.559
-0.901
-0.872
-0.914
-1.079
-1.171
-1.041
-1.278
-1.335
-1.337
-2.567
-0.963
-1.249
-0.66
-0.656
-0.687
-0.733
-0.537
-0.395
-0.582
-0.296
-0.369
-0.387
-0.434
-0.163
-0.401
-0.598
-0.077
-0.207
0.057
-0.03
-0.061
0.177
0.521
0.524
0.066
0.123
-0.359
-0.681
-0.716
-0.776
-1.036
-1.201
-1.264
-1.34
-1.272
-1.507
-1.534
-1.165
-0.926
-0.951
-0.416
-0.217
-0.494
-0.567
-0.63
-0.66
-0.1
0.097
0.586
0.304
0.552
0.369
0.19
0.112
0.467
0.451
0.441
0.776
1.01
0.891
0.828
0.501
0.633
0.645
0.851
0.868
0.686
0.439
0.172
-0.306
-0.607
-0.333
-0.465
-0.197
0.27
0.121
0.157
-0.011
-0.1
-0.463
-0.544
-0.336
-0.197
-0.451
-1.082
-1.045
-1.349
-1.806
-1.819
-0.819
-0.476
-0.118
-0.002
0.153
-0.482
-0.732
-0.66
-1.043
-0.778
-0.766
-0.115
-0.235
-0.245
-0.19
0.277
0.062
0.135
0.634
0.659
1.183
0.465
0.891
0.358
0.328
0.085
0.24
0.815
1.136
1.301
1.033
1.134
0.64
0.642
0.786
0.46
0.41
0.48
0.029
0.026
-0.056
-0.502
-0.601
-0.307
-0.054
-0.412
-0.268
-0.541
-0.453
-0.68
-0.984
-1.052
-1.03
-0.562
-0.236
-0.718
-0.468
-0.388
-0.67
-0.907
-0.992
-0.866
-0.429
-0.212
0.07
0.395
0.356
0.413
0.502
0.621
0.429
0.493
0.625
0.544
0.285
0.491
0.828
0.944
0.849
0.896
0.646
0.514
0.307
0.318
0.3
-0.033
0.091
0.393
0.44
0.539
0.738
1.043
1.544
1.521
1.18
1.363
1.48
1.053
1.226
1.496
1.116
1.102
0.995
1.17
0.982
1.173
1.269
1.164
1.268
0.68
0.784
0.064
0.479
0.838
1.173
1.142
1.398
1.02
1.123
0.642
2.565
0.756
0.592
0.817
0.243
-0.248
-0.351
-0.596
-0.692
-0.58
-0.313
-0.211
0.209
0.218
1.262
0.94
1.673
1.469
1.478
0.905
0.819
0.696
1.233
1.969
2.313
2.49
1.907
2.02
2.291
2.268
1.977
2.042
1.774
1.203
0.608
2.565
1.897
2.565
1.845
1.482
0.844
0.939
1.092
1.107
1.98
1.252
0.669
0.64
-0.045
-0.482
-0.09
-0.163
-0.122
0.197
1.221
1.295
1.439
1.135
0.455
0.243
-0.141
-0.703
-0.481
-0.076
-0.447
-0.46
-0.103
-0.261
0.284
0.996
0.824
0.907
1.095
0.583
0.409
0.552
0.473
0.514
0.635
0.855
0.906
0.929
0.871
1.505
0.537
0.816
0.973
1.115
1.673
0.86
0.447
-0.051
0.356
0.228
0.404
0.613
0.417
0.672
0.593
0.458
0.109
-0.339
0.124
0.015
-0.166
0.255
0.352
0.203
0.138
0.058
-0.002
0.173
0.269
0.943
0.963
1.3
0.832
0.187
0.715
0.839
0.594
1.234
1.307
1.273
1.398
1.37
0.818
0.782
0.62
0.633
1.205
0.765
0.705
0.821
0.636
0.725
-0.006
0.375
0.635
0.445
1.178
1.916
1.2
0.525
0.127
0.266
-0.388
-0.581
-0.097
-0.545
-0.783
-1.159
-1.061
-0.644
-0.193
-0.837
-1.062
-1.312
-1.237
-0.816
-0.538
-0.581
-0.818
-1.387
-1.278
-1.974
-1.408
-0.718
-0.08
0.493
0.46
-0.201
-0.108
-0.123
-0.219
-0.329
-0.762
-0.798
-1.044
-1.36
-1.875
-1.268
-1.259
-0.889
-0.384
0.872
1.13
2.058
1.466
0.544
0.128
0.015
-0.444
-0.02
0.117
0.645
1.095
0.597
0.719
0.239
0.704
0.204
0.332
0.442
1.019
0.939
0.849
0.392
0.001
-0.27
-0.389
-0.677
-0.604
-0.083
0.288
-0.035
0.409
-0.023
-0.362
-0.224
-0.247
0.253
0.417
0.673
0.336
0.268
-0.02
-0.094
0.016
0.37
0.835
0.621
0.284
0.136
-0.116
-0.222
0.04
-0.334
-0.167
-0.438
-0.734
-0.512
0.09
-0.414
0.297
0.248
-0.047
-0.451
-0.534
-0.422
-0.638
-0.893
-1.192
-1.341
-2.033
-2.172
-2.153
-2.021
-1.369
-1.673
-1.314
-1.788
-1.593
-2.006
-1.236
-1.392
-1.458
-1.607
-1.198
-1.635
-1.561
-0.999
-1.333
-0.939
-0.67
-0.964
-1.079
-1.223
-0.751
-0.767
-0.345
-0.06
-0.654
-0.507
-0.801
-0.798
-0.606
-0.29
-0.02
0.226
-0.255
-0.229
-0.244
-0.048
-0.137
-0.11
0.244
0.551
0.492
0.485
0.787
0.474
0.32
0.674
0.642
0.519
0.034
0.452
0.291
-0.044
-0.405
0.428
0.553
0.769
0.442
0.156
0.688
0.18
0.564
0.192
-0.074
0.247
0.022
-0.598
-0.732
-0.607
-0.286
0.08
-0.47
-0.328
0.132
-0.404
0.041
-0.226
-0.04
-0.385
-0.138
-0.063
0.197
0.424
0.85
1.117
0.927
1.022
0.81
0.914
0.58
0.761
0.606
0.424
0.537
0.858
1.173
1.084
0.905
0.583
0.469
0.492
0.32
0.567
0.805
-0.047
-0.072
-0.32
-0.543
-0.724
-0.368
-0.074
2.565
2.565
0.363
-0.248
-0.144
-0.079
0.072
0.108
-0.235
0.139
-0.104
0.198
-0.025
0.068
2.565
0.301
0.16
-0.359
-0.408
-0.643
-0.337
-0.663
-0.37
-0.079
0.281
-0.04
0.43
0.271
0.146
-0.177
0.101
-0.226
-0.24
-0.316
0.045
0.005
0.442
-0.233
-0.437
-0.464
-0.844
-0.587
-0.565
-0.426
-0.496
-0.829
-0.983
-1.193
-1.53
-1.309
-1.018
-1.057
-1.045
-0.135
-0.345
-0.458
0.09
-2.567
-0.036
-0.435
-0.056
-0.15
0.072
0.111
0.17
-0.041
-0.295
-0.232
-0.034
0.343
0.363
0.458
0.249
0.107
0.121
-0.144
-0.318
-0.064
0.071
0.615
0.934
0.751
0.889
1.115
1.222
1.238
1.187
1.051
1.306
0.108
0.998
0.796
0.862
0.911
0.527
0.35
0.23
0.328
0.652
0.922
1.162
1.027
1.007
0.656
0.825
0.667
0.564
0.802
1.4
0.928
0.865
0.631
0.633
0.858
1.256
0.994
0.952
1.121
0.835
1.063
0.959
0.869
0.642
0.711
0.835
0.663
0.562
0.886
0.599
1.277
1.1
1.369
1.445
1.122
1.109
1.088
0.874
1.25
1.092
0.952
0.825
0.888
0.524
0.622
0.554
0.398
0.126
0.134
0.46
0.204
0.269
0.359
0.188
-0.062
0.203
0.207
0.455
0.952
0.873
0.411
-0.113
-0.003
-0.168
-0.386
0.019
0.378
0.332
0.609
0.906
1.013
0.805
0.735
0.878
0.749
0.304
0.35
0.201
0.221
-0.258
-0.398
-0.425
-0.843
-0.453
-0.446
0.14
0.26
0.399
0.093
0.608
0.653
0.474
0.496
0.833
1.357
1.057
1.308
1.048
0.777
0.551
0.738
1.022
0.866
1.524
1.535
0.864
0.662
0.618
2.565
0.665
0.751
0.755
0.785
1.033
0.576
0.844
0.914
1.721
1.933
1.58
1.646
1.617
1.383
1.738
1.584
1.723
1.758
1.648
1.576
1.258
1.225
1.459
1.238
1.047
0.823
0.507
0.679
0.714
0.544
-0.033
0.04
-0.064
-0.361
2.565
-0.579
-0.485
-0.495
-0.399
-0.436
0.251
0.47
0.471
0.481
0.197
0.338
0.136
0.505
-0.254
-0.438
-0.773
-0.713
-0.742
-0.519
-0.835
-0.555
-0.679
-0.779
-1.107
-0.926
-1.103
-0.883
-0.715
-0.729
-0.754
-0.841
-0.585
-1.0
-0.199
-0.385
-0.238
-0.194
-0.129
-0.081
0.186
0.373
0.401
0.366
0.396
0.1
-0.137
-0.316
-0.035
-0.163
-0.055
0.291
-0.18
-0.511
-0.522
-0.675
-1.138
-0.775
-1.254
-1.26
-1.808
-1.33
-1.439
-1.052
-1.278
-1.136
-1.169
-0.715
-0.463
-0.216
0.196
0.398
0.364
0.69
0.759
0.645
1.302
1.387
1.126
1.083
1.103
1.023
0.733
0.3
0.19
-0.113
-0.024
-0.287
-0.004
0.084
-0.055
0.091
0.223
0.201
0.129
0.531
-0.432
0.232
0.022
0.214
-0.277
-0.316
-0.482
-0.547
-0.648
-0.825
-0.911
-1.525
-1.501
-1.9
-1.833
-1.587
-1.596
-1.605
-1.427
-1.126
-0.967
-0.614
-0.492
-0.778
-0.178
-0.286
0.095
0.413
0.534
0.714
0.322
0.242
0.322
0.499
0.436
0.076
-0.001
-0.486
-0.614
-0.992
-1.134
-1.003
-0.803
-1.195
-1.347
-1.684
-1.775
-1.663
-1.401
-1.6
-1.619
-1.167
-1.282
-1.169
-0.432
-0.165
0.01
0.09
-0.076
0.309
0.224
0.345
0.671
0.931
1.072
1.62
1.288
1.013
1.217
1.129
1.058
0.908
1.264
1.275
1.173
0.842
0.62
0.435
0.653
0.443
0.435
0.013
-0.06
-0.333
-0.323
-0.761
-0.693
-0.74
-0.488
-0.725
-0.755
-0.47
-0.576
-0.099
-0.229
-0.344
-0.081
0.431
0.188
-0.47
-0.494
-0.669
-1.229
-1.35
-1.556
-1.59
-1.685
-1.084
-1.062
-1.379
-0.841
-0.43
-0.215
-0.226
-0.266
-0.507
-0.095
-0.471
-0.386
-0.149
0.072
0.473
0.201
0.266
-0.027
-0.266
-0.574
-0.534
-0.663
-0.217
-0.075
-0.102
-0.016
0.069
0.166
0.175
0.053
0.484
0.701
0.603
0.926
1.232
1.213
1.308
1.418
1.419
1.087
1.061
1.35
1.116
0.583
0.415
0.377
0.63
0.167
0.566
0.571
0.732
0.613
0.653
0.495
0.1
0.208
0.009
0.108
0.634
0.905
0.725
0.625
0.321
-0.294
0.069
-0.16
0.333
0.852
0.534
0.492
0.009
-0.308
0.049
-0.544
-0.265
-0.193
-0.318
-0.478
-0.329
0.03
0.254
0.436
0.325
0.784
1.144
0.795
0.927
0.837
0.436
0.402
0.219
0.296
-0.017
0.032
-0.156
-0.461
-0.393
-0.181
-0.241
0.102
0.299
0.508
0.605
0.736
0.675
0.846
0.86
0.871
0.64
1.129
0.91
0.915
0.67
0.256
0.467
0.673
0.706
0.404
0.618
0.837
0.688
0.455
0.143
0.147
0.136
0.374
0.509
1.075
1.533
1.969
2.447
1.98
1.967
1.596
1.502
1.597
1.394
1.643
2.1
1.546
1.522
1.793
1.685
1.2
1.113
1.453
0.894
0.905
0.253
0.412
0.035
0.135
0.108
0.001
-0.074
0.236
-0.054
-0.094
-0.038
-0.118
-0.319
0.446
-0.217
0.416
0.257
0.125
0.343
0.301
0.346
0.562
0.888
0.512
0.337
0.329
0.669
0.615
0.335
0.713
0.663
0.812
1.289
1.586
1.318
0.868
0.92
0.573
0.524
0.621
1.356
0.907
1.204
1.48
1.694
1.704
1.747
1.801
1.57
1.322
1.378
1.247
1.233
0.993
0.902
0.388
0.332
0.082
-0.165
0.255
-0.576
-0.21
-0.193
-0.346
-0.261
-0.473
-0.494
-0.44
0.045
0.329
0.304
0.64
1.058
0.815
2.565
2.565
2.565
2.565
0.602
0.99
0.502
0.503
0.97
0.497
0.45
0.33
-0.043
-0.219
-0.481
-0.406
-0.499
-0.308
-0.304
0.097
-0.034
-0.035
-0.011
-0.101
0.016
-0.033
-0.319
-0.716
-0.607
-0.778
-0.919
-0.936
-0.778
-0.636
-0.754
-0.924
-0.82
-0.726
-1.024
-1.127
-1.426
-1.0
-1.002
-1.048
-0.472
-0.38
-0.197
-0.418
0.301
-0.061
0.156
0.638
0.749
1.191
0.982
1.388
1.312
1.138
0.631
0.701
0.682
0.522
0.375
0.7
0.261
0.414
0.577
0.463
0.347
0.543
0.485
0.528
0.284
0.608
-0.18
0.196
-0.465
0.195
-0.021
-0.537
-0.229
-0.324
-0.158
-0.127
-0.062
0.18
-0.083
-0.391
-0.815
-1.124
-0.984
-1.669
-1.428
-0.738
-0.56
-0.695
-1.144
-1.185
-1.663
-1.975
-2.052
-1.308
-0.31
-0.256
-0.283
-0.705
-0.657
-0.625
-0.158
0.297
0.622
0.608
0.286
0.373
-0.155
-0.161
-0.175
0.091
0.475
0.648
0.47
0.413
0.082
-0.286
-0.531
-0.968
-1.044
0.01
1.3
1.751
1.444
0.537
0.083
0.098
-0.264
-0.225
0.226
0.106
-0.052
-0.364
-0.429
-0.702
-0.541
-0.206
-0.32
-0.542
-0.083
0.088
0.036
-0.576
-0.744
-1.014
-0.688
-0.455
-0.585
-0.594
-0.282
-0.476
-0.517
-0.642
-0.647
-0.882
-0.732
-0.592
-0.476
-0.505
-0.755
-0.495
-0.471
-0.674
-0.625
-0.714
-0.907
0.106
0.118
-0.035
0.178
-0.178
-0.427
-0.892
-0.874
-0.533
-0.571
-0.266
0.226
-0.079
-0.705
-0.348
-0.122
-0.677
-0.096
-0.261
-0.441
0.031
-0.633
-0.578
-0.357
-0.313
-0.164
0.164
-0.015
-0.088
0.289
0.135
-0.036
0.211
0.822
1.006
1.152
1.0
1.16
0.702
0.512
-2.567
0.165
0.346
0.104
0.514
0.301
-0.302
0.378
-0.049
0.013
0.29
0.039
0.065
0.076
0.406
0.377
0.088
-0.185
0.378
0.072
0.084
0.665
0.349
-0.03
0.266
0.049
0.163
0.292
0.326
-0.09
0.06
-0.105
-0.103
-0.02
-0.093
0.024
-0.046
0.565
0.67
0.146
0.512
0.232
0.282
0.576
0.153
0.266
0.122
0.167
0.194
0.492
0.396
-0.106
0.173
0.142
-0.31
-0.103
0.105
-0.013
0.446
0.821
0.631
0.645
0.288
0.385
0.22
0.448
0.184
0.122
-0.003
0.055
-0.079
-0.027
-0.536
-0.626
-0.576
-0.593
-0.659
-0.203
-0.002
0.035
-0.006
-0.175
-0.213
-0.226
-0.053
0.089
-0.131
0.266
0.357
0.24
0.603
0.731
0.879
0.728
1.029
0.9
0.798
0.669
0.786
0.914
0.687
0.969
1.012
1.087
1.083
1.072
0.993
0.648
0.755
0.762
0.871
0.824
0.672
0.784
0.678
1.277
1.367
1.343
1.428
1.35
1.059
1.051
1.397
1.436
1.077
1.4
1.201
0.778
1.195
0.807
0.813
0.675
0.493
0.244
0.082
0.344
0.454
0.53
0.768
0.734
0.614
0.69
0.725
1.071
1.018
1.295
1.594
1.092
1.125
0.856
1.016
0.932
1.335
1.85
1.403
1.4
1.445
0.71
0.661
0.214
0.199
0.156
-0.274
-0.053
-0.164
-0.118
0.002
0.076
0.0
-0.1
-0.542
-0.176
-0.213
-0.164
0.121
0.063
-0.074
-0.151
0.166
0.656
0.657
0.678
0.29
0.332
0.844
0.405
0.717
0.932
1.014
0.808
0.72
0.755
0.549
0.99
0.7
0.645
0.64
0.645
0.681
0.332
-0.041
0.423
0.373
0.048
0.556
0.917
0.238
0.21
0.062
-0.317
-0.299
0.117
-0.366
-2.567
-0.04
0.052
-0.034
0.377
0.246
0.382
0.484
0.751
0.838
1.052
1.202
0.97
0.921
0.83
0.886
1.128
0.993
0.646
1.087
0.849
0.584
0.595
0.624
0.66
1.102
1.261
1.435
1.263
0.73
0.565
0.29
0.218
0.112
0.181
0.173
-0.075
0.435
0.135
0.065
0.193
0.154
0.009
-0.074
0.057
-0.207
0.111
0.032
0.082
-0.208
0.152
0.079
-0.251
-0.118
-0.138
-0.583
-0.436
-0.385
-0.615
-0.445
-0.253
-0.275
-1.027
-1.035
-1.214
-0.834
-1.292
-1.451
-1.411
-1.268
-1.132
-1.163
-1.538
-1.643
-1.603
-1.144
-1.298
-0.973
-1.282
-1.335
-1.187
-1.205
-1.339
-0.764
-0.758
-0.299
-1.022
-1.079
-0.334
-0.771
-0.473
-0.463
-0.118
-0.201
0.17
0.217
0.307
0.239
0.149
-0.152
-0.117
-0.074
-0.436
0.199
-0.131
-0.224
0.056
-0.175
-0.193
-0.073
0.2
0.056
-0.088
-0.081
-0.018
-0.295
-0.369
-0.485
-0.096
-0.034
0.146
0.277
-0.093
-0.519
-0.47
-0.093
-0.204
-0.49
-0.616
-0.281
0.138
-0.127
0.106
0.158
-0.086
0.141
0.344
0.06
0.31
0.448
0.096
0.435
0.21
0.574
0.378
0.089
0.349
0.081
0.055
0.232
0.133
0.283
0.166
0.071
0.185
0.168
-0.389
0.055
-0.225
-0.507
-0.398
-0.491
-0.703
-0.564
-0.974
-0.599
-0.333
-0.296
-0.049
-0.523
-0.168
0.036
-0.051
-0.204
-0.323
-0.644
-0.831
-0.79
-1.199
-0.443
-0.62
-0.627
-0.595
-0.486
-1.041
-1.081
-0.847
-1.07
-1.198
-1.098
-1.199
-1.409
-1.269
-1.19
-1.25
-1.19
-0.927
-1.151
-0.696
-0.382
-0.106
-0.352
-0.663
-0.514
-0.674
-0.397
-0.188
-0.411
-0.198
-0.4
-0.283
-0.325
-0.183
0.074
0.05
0.148
-0.021
0.417
0.473
0.577
0.317
0.091
-0.006
-0.108
-0.16
-0.084
-0.117
-0.15
0.305
-0.161
-0.011
0.123
0.023
0.072
-0.155
-0.208
-0.107
-0.12
0.123
0.422
0.363
0.813
0.609
0.808
0.824
0.748
0.665
1.126
0.998
1.258
1.621
1.443
1.218
1.071
0.993
0.605
1.019
1.022
0.841
1.012
0.943
0.823
0.702
0.608
0.126
0.202
0.317
0.24
0.26
-0.015
0.134
-0.1
-0.246
-0.087
-0.171
0.103
0.08
0.612
-0.036
0.089
0.103
0.043
0.093
0.6
0.584
1.059
0.691
0.573
0.266
0.37
0.016
-0.185
-0.228
-0.035
-0.041
0.517
0.017
0.16
0.482
0.115
0.183
0.304
0.388
0.605
0.765
0.647
0.652
0.596
0.173
0.533
0.541
0.317
0.197
0.188
0.077
-0.041
0.004
-0.216
0.181
-0.179
0.027
0.404
0.199
0.13
0.077
0.279
0.358
0.681
0.57
0.563
0.453
0.376
0.124
0.248
0.723
0.504
0.808
0.292
0.313
0.424
0.383
0.065
0.12
-0.179
-0.011
0.079
-0.132
0.013
0.453
0.089
0.344
0.719
1.043
0.828
0.546
0.571
0.474
0.354
0.352
0.9
0.154
0.309
0.453
0.772
0.662
0.793
0.901
0.843
1.09
1.862
1.363
1.104
2.019
1.062
1.313
1.44
1.693
1.885
2.123
1.658
1.601
1.263
1.113
1.281
0.695
0.778
1.338
1.524
1.046
1.395
1.318
0.532
0.952
0.241
-0.035
0.355
-0.01
-0.188
-0.162
-0.268
-0.464
-0.694
-0.534
-0.722
-0.461
-0.236
-0.268
-0.725
-0.24
0.035
0.173
0.331
0.814
0.801
1.31
0.898
1.187
1.169
1.037
0.863
0.942
0.89
0.443
0.235
0.547
0.227
0.5
0.34
0.521
0.235
0.512
0.404
0.128
-0.063
0.281
0.418
0.756
1.025
1.096
1.243
0.89
0.893
1.413
1.215
0.838
1.61
1.251
0.894
0.731
0.846
0.714
0.025
0.117
-0.03
-0.041
-0.796
-0.178
-0.457
2.565
-0.68
-0.5
-0.406
-0.313
-0.242
-0.174
-0.054
-0.12
-0.264
0.012
0.223
0.209
0.501
0.579
0.667
0.944
1.09
1.097
1.016
1.31
0.987
1.307
0.972
0.797
0.137
0.467
0.096
0.41
-0.334
-0.198
-0.563
0.007
-0.435
-0.382
-0.728
-0.515
-1.167
-1.269
-0.695
-0.744
-0.504
-0.555
-0.055
-0.277
-0.3
-0.004
-0.221
0.128
-0.158
-0.507
-0.795
-1.095
-1.623
-1.45
-1.635
-1.618
-1.516
-1.892
-1.548
-2.037
-1.899
-1.997
-1.699
-1.238
-1.875
-1.453
-1.369
-1.465
-1.222
-1.403
-0.852
-0.727
-0.896
-0.907
-0.761
-0.971
-0.704
-0.32
-0.625
-0.727
-0.613
-0.677
-0.618
-0.678
-0.768
-0.595
-0.686
-0.488
-0.479
-0.621
-0.182
-0.489
-0.366
-0.098
-0.161
-0.443
-0.508
-0.656
-0.768
-0.768
-0.832
-0.726
-0.026
-0.781
-0.559
-0.035
0.31
0.086
0.41
0.252
-0.092
0.067
0.013
-0.365
-0.206
-0.292
-0.165
-0.484
-0.568
-0.465
-0.39
-0.164
-0.253
-0.102
-0.096
-0.171
-0.558
-0.199
-0.123
-0.334
-0.197
-0.017
0.139
0.527
0.041
0.506
-0.163
-0.263
-0.143
-0.203
-0.113
-0.074
0.191
-0.153
-0.096
-0.658
-1.049
-0.932
-0.977
-0.859
-1.031
-0.997
-1.183
-0.988
-1.19
-1.146
-1.168
-0.88
-0.728
-0.229
0.023
-0.567
-0.199
-0.537
-0.34
-0.335
-0.68
-0.234
-0.425
-0.071
-0.127
-0.432
-0.371
-0.105
-0.411
-0.568
-0.58
-0.077
0.051
0.555
0.47
0.979
1.196
0.836
1.054
1.122
-0.987
1.073
0.737
0.589
0.87
0.779
0.527
0.759
0.787
0.299
0.51
0.55
0.131
-0.084
0.095
-0.123
-0.207
-0.267
-0.148
0.037
0.174
-0.158
0.238
0.396
0.016
-0.176
0.263
0.201
0.379
0.164
0.61
0.21
0.574
0.45
0.657
0.27
0.25
0.032
0.168
-0.011
-0.181
-0.19
0.413
0.293
0.141
0.366
0.623
0.358
0.501
0.656
1.268
0.756
0.885
0.902
1.246
1.509
1.655
1.358
1.547
1.479
1.49
1.078
1.489
1.235
1.119
1.12
1.141
0.578
0.51
0.867
0.571
0.238
0.745
0.581
0.691
0.573
0.225
0.297
0.255
0.398
0.272
0.108
-0.38
-0.444
-0.14
-0.664
-0.768
-0.743
-0.506
-0.203
-0.069
0.303
0.016
0.238
0.374
0.122
0.292
-0.082
0.053
0.31
0.166
0.35
0.762
0.647
0.292
0.591
0.795
0.434
0.381
0.8
0.488
0.499
0.776
0.174
0.438
0.231
0.088
0.497
0.614
0.94
1.187
0.798
1.179
0.803
1.021
0.963
1.153
0.683
0.633
0.519
0.767
0.594
1.427
1.355
1.29
1.318
1.449
1.054
0.975
0.958
0.464
0.712
0.522
-0.158
-0.092
0.496
0.345
0.228
0.546
1.078
0.974
1.017
1.153
1.221
0.66
0.806
1.001
1.067
0.897
0.896
1.307
0.839
1.178
0.974
0.863
0.637
0.661
0.388
0.654
0.475
0.776
0.609
1.427
1.199
1.219
0.998
0.868
0.687
1.044
0.754
0.936
1.076
0.964
1.17
1.449
1.092
1.14
1.227
0.979
0.68
1.189
1.385
1.382
1.469
1.345
0.165
1.355
1.309
1.258
1.004
0.662
0.664
0.804
0.647
0.525
0.583
0.747
0.471
0.054
0.217
-0.342
-0.1
-0.617
-0.706
-0.334
-0.779
-0.731
-0.144
-0.314
-0.392
-0.428
-0.48
0.28
-0.294
0.09
-0.506
-0.665
-0.38
-0.782
-0.719
-0.602
-0.509
-0.693
-0.165
-0.019
0.172
-0.014
0.166
0.065
0.374
0.264
0.657
0.542
0.811
0.97
1.2
0.833
1.368
1.053
0.519
0.736
0.579
-0.001
0.028
-0.068
-0.141
-0.718
-0.519
-0.763
-0.7
-0.883
-0.387
-0.378
-0.554
-0.663
-0.479
-0.619
-1.051
-1.183
-1.127
-1.381
-1.436
-1.034
-1.036
-0.859
-0.674
-0.384
-0.54
-0.559
-0.523
-0.643
-0.542
-0.57
-0.693
-0.401
-0.485
-0.217
-0.119
0.144
0.092
0.468
0.417
0.828
0.627
0.978
0.77
0.519
0.79
0.742
0.453
0.72
0.386
0.153
-0.088
-0.499
-0.319
-0.273
-0.128
-0.438
0.253
0.458
0.191
0.088
0.095
-0.3
-0.35
-0.233
-0.284
-0.835
-0.736
-0.773
-1.017
-0.989
-1.464
-1.436
-1.14
-1.225
-0.84
-1.259
-0.592
-0.69
-0.863
-1.207
-1.117
-1.554
-1.06
-1.285
-1.338
-0.97
-1.19
-1.236
-1.334
-0.937
-1.331
-1.212
-0.503
-1.176
-0.619
-0.843
-1.193
-0.887
-0.902
-1.168
-1.235
-1.08
-1.326
-1.127
-0.907
-0.569
-0.409
-0.556
-0.116
-0.093
-0.039
0.084
-0.443
0.013
-0.118
-0.315
0.118
-0.217
-0.126
-0.03
0.026
0.544
0.666
0.591
0.595
0.912
0.939
0.655
0.964
0.887
0.759
0.633
0.808
0.982
0.609
0.625
0.986
0.711
0.708
0.957
0.935
0.706
1.248
0.716
0.504
0.23
0.353
-0.072
-0.121
-0.103
-0.459
-0.516
-0.122
-0.012
0.377
0.581
0.265
0.443
0.101
0.617
0.007
-0.171
0.337
-0.393
-0.271
-0.091
-0.08
-0.164
-2.567
0.197
0.316
0.284
0.033
-0.423
-0.465
1.479
-0.304
-0.384
-0.367
-0.237
-0.369
-0.713
-0.389
-0.588
-0.372
0.0
-0.443
-0.141
-0.4
-0.375
-0.072
-0.355
-0.127
-0.019
-0.343
-0.342
-0.487
-0.466
-0.226
-0.389
-0.967
-0.444
-0.258
-0.17
-0.043
0.22
0.58
0.353
0.054
0.331
0.283
0.166
0.46
0.966
1.154
-2.567
1.025
1.645
1.282
1.417
1.723
1.412
1.351
1.068
1.049
0.495
0.628
0.603
0.615
0.962
1.247
1.14
1.276
1.109
1.038
0.449
0.698
0.539
0.706
0.724
0.756
0.696
0.672
-0.225
-0.161
-0.621
-0.907
-0.87
-0.769
-0.793
-0.78
-0.403
-0.646
-0.007
-0.142
0.09
-0.002
0.341
0.5
0.777
0.763
1.037
1.104
0.93
1.337
1.163
1.167
1.497
1.452
1.117
1.025
0.938
0.908
0.727
0.894
0.923
0.893
0.829
0.514
0.334
0.438
-0.07
-0.068
-0.322
-0.128
-0.342
-0.258
-0.538
0.091
-0.27
0.217
0.427
0.218
0.53
0.699
0.671
0.772
0.95
0.903
1.236
1.357
1.427
1.042
1.022
1.003
1.233
1.002
1.142
1.173
1.124
0.829
0.67
0.274
0.539
0.065
0.023
0.172
0.227
-0.004
0.144
0.004
0.182
0.311
0.125
0.411
0.328
0.481
0.535
0.616
0.811
0.651
0.255
0.913
0.045
0.304
0.131
0.076
0.052
-0.012
0.309
0.941
0.89
1.174
1.492
1.662
1.908
1.574
1.674
1.905
1.611
1.424
1.554
1.215
1.183
0.931
0.748
0.532
0.371
0.745
-0.135
-0.19
-0.332
-0.217
-0.441
-0.133
-0.583
-0.223
-0.063
-0.31
-0.689
-0.361
-0.802
-0.812
-0.967
-1.09
-1.097
-1.516
-0.78
-0.835
-0.47
-0.389
-0.106
0.516
0.411
0.287
0.722
0.788
0.85
0.588
0.975
0.483
0.965
0.818
1.204
1.018
1.127
0.716
0.366
0.182
0.528
0.531
0.567
0.377
0.342
0.083
-0.15
-0.192
-0.249
-0.566
-0.459
-0.421
0.003
0.379
0.149
0.207
0.159
0.285
0.009
0.059
-0.17
-0.423
-0.614
-0.687
-0.884
-1.002
-0.282
-0.479
-0.67
-0.39
-0.638
-0.348
-0.256
-0.375
-0.52
-0.8
-0.485
-1.394
-0.969
-0.963
-1.057
-0.953
-0.321
-0.858
-0.529
-0.848
-0.418
-0.569
-0.513
-0.229
0.198
0.223
0.422
0.569
0.651
-0.059
0.261
0.4
0.802
0.527
0.547
0.742
0.659
0.178
0.733
0.288
0.093
0.275
0.176
-0.226
-0.196
-0.09
-0.938
-0.208
-0.487
-0.721
-0.69
-0.668
-0.573
-0.655
-0.384
-0.623
-0.378
-0.459
-0.648
-0.517
-0.468
-0.577
-0.643
-0.978
-0.928
-0.519
-0.021
-0.535
-0.221
-0.329
-0.469
-0.479
-0.303
-0.65
-0.226
-0.559
-0.313
-0.363
-0.58
-0.738
-0.922
-1.098
-1.339
-1.84
-1.539
-1.52
-0.92
-1.022
-1.285
-1.034
-1.795
-0.945
-1.386
-0.847
-0.721
-0.411
-0.462
-0.166
-0.057
-0.021
-0.14
-0.043
-0.299
-0.466
-0.133
0.068
-0.027
-0.025
-0.088
0.002
0.124
0.025
0.166
0.262
0.058
-0.132
0.352
0.031
-0.412
-0.49
-0.138
0.272
0.026
0.038
0.334
0.695
0.89
0.458
0.684
0.854
0.622
0.344
0.926
0.732
0.526
1.358
0.96
0.807
0.758
0.588
0.828
0.453
0.231
-0.457
-0.225
-0.35
-0.647
-0.347
-0.248
-0.405
-0.488
-0.219
-0.244
-0.034
0.213
-0.3
-0.25
-0.261
-0.503
-0.689
2.565
2.301
-0.352
-0.288
-0.434
0.172
0.158
0.347
0.429
0.032
0.427
0.203
0.159
-0.002
-0.039
0.357
-0.19
-0.113
0.127
0.353
-0.033
0.63
0.276
0.486
0.103
-0.013
0.182
0.19
0.056
-0.172
0.141
0.097
0.064
0.268
0.409
0.235
0.278
0.179
0.212
0.234
0.2
0.147
-0.012
0.115
0.289
0.293
0.32
0.137
0.076
-0.21
0.36
0.122
-0.136
-0.096
0.049
0.044
0.038
0.126
0.014
-0.092
-0.036
-0.045
0.241
0.103
0.437
0.26
0.622
0.055
0.018
0.057
0.338
-0.104
-0.177
-0.24
0.052
-0.349
-0.302
-0.268
-0.242
-0.163
0.288
-0.006
-0.195
0.213
0.131
0.213
-0.129
0.177
0.034
0.214
-0.109
0.172
0.185
0.299
0.415
0.299
0.496
0.19
0.325
0.085
-0.102
0.185
0.147
-0.187
0.33
-0.246
0.024
0.321
0.481
0.464
0.319
0.297
0.025
0.299
0.189
-0.112
0.177
0.439
0.512
0.565
0.72
0.984
0.552
0.655
0.479
0.403
0.206
0.284
-0.118
0.14
-0.331
0.264
0.336
-0.046
-0.018
0.113
0.232
0.019
0.374
0.216
0.348
0.11
-0.047
-0.236
0.023
-0.113
-0.182
0.195
0.411
0.122
0.186
0.493
0.013
0.507
0.297
0.273
0.537
0.665
0.838
0.678
0.444
0.582
0.277
0.151
0.14
0.373
0.431
0.431
0.266
0.385
0.333
0.296
0.523
-0.084
-0.008
-0.055
0.519
0.284
0.502
1.155
0.938
0.492
0.591
0.798
0.425
0.429
0.531
0.736
0.681
0.496
1.063
0.649
0.887
0.995
1.038
0.651
0.251
0.477
0.288
0.416
0.103
-0.182
-0.382
-0.491
-0.278
-0.187
-0.238
-0.283
0.121
-0.414
-0.631
-1.026
-0.409
-0.089
-0.542
-0.157
0.246
0.009
-0.128
0.145
0.212
0.077
0.155
-0.018
-0.038
-0.212
-0.2
-0.768
-0.64
-0.681
-0.697
-0.578
-0.393
-0.526
-0.532
-0.439
-0.416
-0.123
0.598
0.006
0.115
-0.203
-0.325
-0.122
-0.114
-0.423
-0.556
0.088
0.266
0.333
0.158
0.872
0.557
0.844
0.744
0.782
0.538
0.48
0.355
0.544
0.044
0.111
0.21
0.108
0.285
0.198
0.516
0.165
0.748
0.702
0.666
0.819
0.652
0.512
0.865
0.175
0.359
0.189
0.478
0.203
0.395
0.033
-0.188
0.146
-0.365
-0.527
-0.314
-0.402
-0.363
-0.655
-0.347
-0.53
-0.638
-0.427
-0.001
-0.04
-0.128
-0.163
0.304
0.158
0.393
-0.283
-0.435
-0.061
-0.243
-0.475
0.027
-0.318
0.284
-0.087
0.232
0.096
0.26
0.541
0.269
0.447
0.849
0.163
0.219
0.094
0.232
0.342
0.338
0.338
-0.052
0.481
-0.32
0.039
-0.189
-0.255
-0.233
0.112
0.167
0.055
0.274
-0.193
0.163
-0.005
-0.45
-0.441
-0.002
-0.362
-0.869
-0.651
-0.89
-0.735
-0.809
-0.4
-0.64
-0.621
-0.764
-0.63
-0.678
-0.705
-0.667
0.055
-0.143
-0.104
0.055
-0.153
-0.176
-0.578
-0.35
-0.234
-0.287
-0.236
0.056
0.203
0.119
-0.147
-0.173
-0.487
-0.375
-0.907
-0.612
-0.794
-0.499
-0.529
-0.045
0.215
0.126
-0.054
0.083
-0.011
0.018
0.123
0.176
-0.026
-0.429
-0.37
-0.205
-0.528
-0.571
-0.483
-0.278
-0.369
-0.328
-0.302
-0.17
-0.091
-0.483
-0.248
-0.352
-0.338
-0.043
-0.703
-0.122
-0.132
-0.279
-0.456
0.202
0.095
0.273
0.295
0.269
0.492
0.946
1.164
0.731
0.875
0.641
0.552
0.404
0.698
0.402
0.674
0.537
0.392
0.332
0.562
0.321
0.021
0.445
0.234
0.413
0.213
-0.066
0.084
-0.256
-0.567
-0.431
-0.537
-0.692
0.188
-0.257
-0.326
-0.247
0.002
0.065
-0.048
0.038
0.105
0.162
-0.134
-0.098
-0.339
-0.085
-0.073
-0.137
-0.147
0.238
0.261
0.154
0.201
-0.028
0.076
0.19
0.128
0.266
0.304
0.468
-0.209
-0.148
-0.02
-0.256
-0.293
-0.525
-0.787
-0.411
-0.335
-0.49
-0.891
-0.729
-0.749
-0.81
-0.762
-0.389
-0.358
-0.242
-0.352
-0.042
-0.083
-0.038
-0.012
0.059
0.268
0.552
0.439
0.991
0.628
0.873
0.922
0.511
0.195
0.379
0.497
0.127
0.3
0.395
0.184
0.214
0.326
0.267
0.037
-0.057
-0.257
-0.355
-0.67
-0.84
-0.907
-1.121
-0.757
-1.218
-0.91
-0.654
-0.407
-0.356
-0.081
-0.242
-0.357
-0.115
-0.102
-0.07
-0.59
0.002
-0.074
0.208
0.127
0.384
-0.317
-0.233
0.074
-0.579
-0.463
-0.466
-0.531
-0.591
-0.286
-0.282
-0.682
-0.588
-0.543
-0.523
-0.526
-0.543
-0.454
-2.567
-0.804
-0.697
-0.967
-1.006
-0.865
-0.966
-0.619
-0.311
-0.417
-0.465
-0.594
-0.326
-0.276
-0.212
-0.08
-0.35
-0.397
-0.337
-0.069
0.217
0.158
0.096
-0.051
0.343
-0.184
-0.315
-0.282
-0.531
-0.492
-0.588
-0.54
-0.249
-0.38
-0.625
-0.35
-0.241
-0.377
-0.113
-0.284
0.001
-0.319
-0.007
0.3
0.257
0.431
0.385
0.656
0.27
0.658
0.283
-2.567
0.286
0.333
0.007
0.038
-0.049
-0.486
-0.231
0.032
-0.085
-0.038
-0.166
-0.136
-0.286
-0.185
-0.698
-0.531
-0.464
0.02
-0.189
0.015
-0.006
0.434
0.258
0.37
0.352
0.318
0.362
0.45
0.508
0.113
0.362
0.014
0.151
0.183
0.116
0.277
0.572
0.393
0.428
0.637
0.293
0.642
0.652
0.463
0.434
0.272
0.453
-0.143
0.84
0.597
0.917
0.876
0.757
0.853
0.866
0.367
0.449
0.727
0.656
2.565
2.565
0.588
0.391
0.141
0.62
0.262
0.292
0.547
0.354
0.263
0.844
0.53
0.254
0.559
0.454
0.361
0.251
0.145
-0.095
0.119
-0.139
-0.198
-0.358
-0.416
-0.743
-0.701
-0.465
-0.651
-0.527
-0.471
-0.744
-0.503
-0.406
-0.655
-0.488
-0.559
-0.396
-0.728
-0.414
-0.315
-0.369
-0.389
-0.421
-0.455
-0.642
-0.427
-0.828
-0.77
-0.802
-0.682
-1.173
-1.198
-1.107
-0.973
-0.921
-1.097
-0.915
-0.739
-0.506
-0.916
-0.525
-0.162
-0.051
-0.125
-0.345
-0.217
-0.031
0.165
0.185
0.035
0.196
0.327
0.57
0.562
0.663
0.542
0.029
0.379
0.375
0.415
0.317
0.585
0.169
-0.071
0.12
0.214
0.117
0.477
0.418
0.128
0.38
0.385
0.07
-0.044
0.04
-0.302
-0.145
-0.064
-0.333
0.055
-0.384
-0.246
-0.621
-0.736
-0.625
-1.232
-0.858
-0.82
-1.426
-1.218
-0.946
-1.394
-1.41
-1.186
-1.095
-1.028
-0.38
-0.42
-0.32
-0.667
-0.562
-0.333
-0.569
-0.292
-0.538
-0.448
-0.422
-0.439
-0.587
-0.348
-0.506
-0.318
