-0.542
-0.535
-0.715
-0.796
-0.605
-0.799
-0.666
-0.803
-0.598
-0.646
-0.358
-0.396
-0.189
-0.192
-0.051
-0.094
0.252
0.283
0.082
0.084
0.089
-0.08
0.406
0.533
0.582
0.696
0.628
0.418
0.274
0.361
0.497
0.457
0.367
0.312
0.426
0.5
0.539
0.668
0.38
0.347
0.271
0.186
0.207
0.253
0.097
0.057
0.008
-0.013
0.115
0.197
0.214
0.351
0.367
0.526
0.579
0.537
0.621
0.646
0.071
0.413
0.26
0.14
-0.159
-0.188
-0.104
-0.232
-0.289
0.082
0.055
-0.166
-0.192
0.048
-0.299
-0.281
-0.138
-0.126
-0.21
0.056
-0.187
-0.166
0.181
0.156
-0.088
-0.053
-0.216
-0.182
-0.231
-0.201
-0.187
-0.263
-0.193
-0.18
-0.173
0.036
0.114
0.011
0.209
0.138
0.047
-0.094
-0.033
-0.099
-0.381
-0.385
-0.202
-0.705
-0.168
-0.393
-0.41
-0.274
-0.211
-0.163
0.074
-0.021
0.05
0.209
0.525
0.282
0.323
0.243
0.328
0.022
0.161
0.101
-0.198
0.063
-0.024
0.045
0.107
-0.041
0.253
0.635
0.355
0.273
0.354
0.468
0.351
0.342
0.124
0.011
-0.046
0.057
-0.149
0.01
0.348
-0.15
0.216
0.025
0.212
0.055
0.221
0.067
0.232
0.142
0.114
0.153
0.398
0.333
0.132
0.01
0.166
0.132
0.058
0.065
0.324
0.351
0.37
0.149
0.305
0.145
0.276
0.094
0.058
0.054
0.237
0.062
0.229
0.349
0.085
0.001
-0.003
-0.094
-0.318
0.142
0.307
0.387
0.31
0.563
0.715
0.517
0.775
0.522
0.321
0.247
0.055
-0.007
0.203
-0.105
0.065
0.011
-0.031
-0.058
0.056
-0.103
0.26
0.281
-0.051
0.126
0.157
-0.069
-0.018
-0.106
-0.369
-0.386
-0.225
-0.58
-0.605
-0.412
-0.425
-0.523
-0.271
-0.144
-0.216
-0.057
0.164
0.12
0.066
0.098
0.128
0.14
0.08
0.111
0.02
0.095
-0.328
-0.256
-0.259
-0.235
-0.095
-0.093
0.286
-0.003
-0.343
-0.092
-0.287
-0.147
0.114
0.038
0.313
0.148
0.165
0.265
0.362
0.458
0.583
0.672
0.648
0.855
1.133
1.1
0.562
0.959
0.706
0.732
0.555
0.878
0.661
0.664
0.543
0.697
0.522
0.714
0.501
0.165
0.02
-0.005
-0.344
-0.296
-0.543
-0.388
-0.369
-0.231
-0.11
0.068
-0.072
-0.101
-0.068
-0.183
0.089
-0.018
-0.033
0.283
0.007
0.268
0.024
0.16
-0.005
0.386
0.255
0.314
0.317
0.386
0.466
0.335
0.402
0.919
0.396
0.763
0.748
0.449
0.608
0.423
0.434
0.273
0.267
0.444
0.035
0.347
0.172
0.006
0.181
-0.039
0.107
0.026
0.323
0.331
0.077
0.381
0.274
0.523
0.33
0.401
0.293
0.674
0.352
0.659
0.534
0.403
0.251
0.602
0.435
0.422
0.29
0.609
0.464
0.176
0.176
0.19
0.228
-0.118
0.099
-0.038
-0.105
0.09
-0.094
-0.095
0.142
0.188
0.212
0.482
0.32
0.249
0.262
0.023
0.2
0.402
0.04
0.074
-0.003
-0.186
0.097
0.418
-0.026
0.222
0.253
0.375
0.394
0.453
0.161
0.517
0.139
0.046
0.122
-0.079
0.15
0.446
0.29
0.48
0.382
0.559
0.406
0.374
0.55
0.542
0.264
0.173
0.139
-0.049
0.048
0.086
-0.26
0.382
0.133
0.18
0.204
0.208
0.141
0.229
0.049
0.239
0.53
0.756
0.939
0.51
0.855
0.725
0.8
0.417
0.348
0.351
0.242
0.024
-0.097
-0.153
0.038
-0.099
-0.032
-0.218
-0.178
-0.244
-0.205
-0.116
-0.078
-0.265
0.152
-0.013
0.018
0.088
0.001
-0.305
-0.002
-0.235
-0.005
0.079
0.306
0.392
0.6
0.272
0.389
0.473
0.598
0.83
0.638
0.815
0.574
0.572
0.597
0.599
0.772
0.208
0.116
0.058
-0.059
-0.071
-0.169
0.218
-0.035
0.413
0.193
0.336
0.2
0.325
0.221
0.018
0.343
0.119
0.166
0.335
0.075
0.059
0.288
0.14
0.296
0.12
0.046
0.023
0.03
-0.268
-0.031
0.236
0.235
0.179
0.133
0.402
0.227
0.122
0.366
0.059
0.251
0.216
-0.22
-0.307
-0.251
-0.756
-0.372
0.029
-0.579
-0.589
-0.42
-0.512
-0.514
-0.382
-0.073
-0.604
-0.226
-0.39
-0.224
0.005
-0.092
-0.057
0.003
-0.023
-0.017
0.128
0.088
-0.127
-0.24
0.016
-0.278
-0.288
0.07
0.16
-0.009
-0.014
-0.201
-0.657
-0.336
-0.034
-0.214
-0.24
-0.009
0.031
0.018
0.227
0.323
0.298
0.235
0.137
0.509
0.252
0.192
0.604
0.572
0.519
0.388
0.542
0.492
0.003
0.142
-0.033
0.037
-0.166
-0.006
-0.082
0.015
-0.037
-0.152
-0.258
0.146
-0.115
-0.296
-0.082
-0.329
-0.408
-0.119
-0.238
-0.148
-0.29
0.144
-0.088
0.014
0.162
0.107
-0.299
0.241
0.057
0.429
0.399
0.202
0.377
0.185
0.302
0.242
0.185
0.332
0.044
0.094
-0.291
-0.054
0.143
-0.109
-0.436
-0.294
-0.376
-0.33
-0.093
0.205
-0.038
0.013
0.144
0.2
0.063
0.328
-0.042
0.058
0.109
0.236
0.359
0.2
0.032
0.073
-0.024
-0.132
-0.045
-0.023
-0.041
-0.078
-0.094
0.276
0.432
0.338
0.359
0.431
0.371
0.345
0.344
0.438
0.157
0.077
0.064
0.107
0.184
0.201
0.09
0.083
0.11
0.525
0.151
0.238
0.375
0.334
0.014
0.192
-0.078
0.192
0.002
0.014
0.018
0.096
-0.242
0.153
0.165
0.031
0.175
0.152
0.064
0.131
0.363
0.196
0.594
0.398
0.58
0.56
0.311
0.355
0.497
0.302
0.438
0.608
0.256
0.515
0.407
0.191
0.323
0.346
0.479
0.407
0.328
0.287
0.084
0.124
0.462
0.248
0.251
0.42
0.354
0.277
0.279
0.328
-0.015
0.407
0.115
0.114
0.094
-0.083
0.42
-0.094
0.098
0.274
0.291
-0.006
-0.011
0.035
-0.322
0.024
0.13
-0.16
-0.151
-0.13
-0.777
-0.054
-0.421
-0.23
-0.339
-0.246
-0.187
-0.428
-0.569
-0.479
-0.569
-0.559
-0.524
-0.154
-0.532
-0.549
-0.586
-0.499
-0.612
-0.474
-0.41
0.02
-0.193
0.031
-0.058
-0.152
0.047
-0.152
-0.056
-0.063
-0.177
-0.125
-0.318
-0.3
-0.182
0.055
-0.006
-0.083
-0.173
-0.016
-0.098
-0.092
-0.18
-0.129
-0.269
-0.116
-0.102
-0.181
-0.228
-0.271
-0.333
-0.627
-0.561
-0.58
-0.623
-0.425
-0.201
-0.204
-0.058
-0.044
-0.065
-0.077
-0.029
-0.113
-0.107
0.294
0.082
0.037
0.14
-0.248
-0.267
0.079
0.16
-0.204
-0.137
-0.124
-0.403
-0.182
0.165
-0.024
0.359
0.248
-0.225
-0.159
0.123
0.357
0.164
0.302
0.162
0.092
0.175
0.248
0.371
0.237
0.29
0.334
0.057
0.131
0.257
-0.243
-0.198
0.172
-0.228
-0.226
-0.131
0.105
0.166
0.084
-0.122
-0.114
-0.134
0.013
0.236
0.311
0.201
0.033
0.015
-0.014
-0.273
-0.063
0.123
0.246
0.479
-0.205
0.189
0.134
-0.174
0.122
0.063
-0.063
0.15
0.487
0.446
0.804
0.608
0.628
0.785
0.568
0.611
0.644
0.276
0.498
0.238
0.237
0.14
0.134
0.421
0.42
0.184
0.432
0.325
0.509
0.155
-0.151
-0.24
-0.52
-0.417
-0.586
-0.239
-0.603
-0.148
-0.107
-0.036
-0.086
-0.368
0.031
-0.393
-0.089
-0.063
-0.202
0.017
0.176
0.13
-0.026
0.192
-0.119
-0.058
0.092
-0.001
-0.013
-0.061
0.177
0.318
0.387
0.213
0.278
0.31
0.165
-0.011
-0.022
0.149
-0.046
0.011
0.002
-0.271
-0.059
-0.186
0.226
-0.426
-0.417
0.014
-0.018
-0.279
0.152
-0.292
-0.235
-0.258
-0.333
-0.176
-0.118
-0.558
-0.317
-0.282
-0.326
-0.279
-0.559
-0.489
-0.396
-0.637
-0.303
-0.414
-0.425
-0.35
-0.172
-0.257
-0.227
-0.054
0.081
0.096
0.224
0.1
0.193
0.215
0.191
-0.057
-0.112
-0.468
-0.093
-0.32
0.05
-0.151
-0.069
-0.186
-0.297
0.017
0.167
-0.127
0.351
0.101
0.166
0.405
0.628
0.477
0.515
0.462
0.401
0.499
0.43
0.454
0.164
0.164
0.103
0.222
-0.117
-0.085
-0.373
-0.252
-0.321
-0.593
-0.074
0.191
0.024
-0.217
-0.089
-0.201
-0.249
-0.021
0.07
0.1
-0.072
-0.153
-0.008
-0.187
-0.206
-0.142
-0.166
-0.098
-0.226
-0.257
-0.068
-0.055
-0.17
0.054
0.164
-0.22
-0.121
-0.172
-0.197
-0.332
-0.235
-0.357
-0.192
-0.602
-0.275
-0.225
-0.49
-0.072
-0.339
-0.224
-0.424
-0.344
-0.513
0.007
-0.057
-0.177
-0.241
0.193
-0.287
-0.608
-0.014
0.161
-0.332
-0.13
0.001
-0.292
-0.152
-0.146
0.086
-0.294
-0.03
-0.352
-0.147
-0.044
0.096
-0.143
0.231
0.179
0.042
0.235
0.12
0.142
0.27
0.082
-0.176
-0.093
0.144
-0.104
-0.054
-0.083
-0.266
-0.273
-0.327
-0.132
-0.273
-0.245
-0.465
-0.36
-0.273
-0.236
-0.035
-0.022
-0.044
-0.099
0.105
0.223
0.24
0.328
0.318
0.233
0.001
0.42
0.011
-0.013
0.09
0.006
-0.215
-0.128
0.054
0.074
-0.109
0.091
-0.027
-0.147
-0.109
-0.106
-0.27
0.107
0.028
-0.021
0.132
-0.017
0.136
-0.067
-0.058
-0.045
-0.07
-0.079
0.095
0.288
-0.048
0.198
-0.101
-0.115
-0.279
-0.025
-0.094
-0.24
0.092
-0.077
-0.018
0.273
0.227
0.344
0.546
0.596
0.451
0.384
-0.097
0.426
0.085
0.123
0.248
0.427
0.176
0.141
0.073
0.227
0.152
0.239
0.267
0.762
0.854
0.856
1.09
0.817
0.586
0.497
0.772
0.9
0.861
0.65
0.799
0.448
0.572
0.574
0.812
0.446
0.437
0.43
0.512
0.3
0.139
0.125
0.051
-0.024
-0.077
-0.251
0.031
-0.034
-0.261
-0.226
-0.297
-0.352
0.096
-0.111
-0.265
0.016
-0.133
-0.173
-0.273
0.017
-0.127
-0.152
0.113
-0.176
0.151
-0.076
-0.074
-0.207
0.108
-0.139
-0.295
0.225
-0.2
-0.594
-0.298
-0.242
-0.495
-0.328
-0.083
-0.083
-0.008
0.121
-0.001
0.058
-0.052
0.118
0.332
0.186
0.168
0.091
0.016
0.101
-0.189
-0.051
-0.057
-0.279
-0.129
-0.182
-0.288
-0.264
0.055
-0.33
-0.262
-0.271
-0.277
-0.399
-0.308
-0.113
-0.095
-0.417
-0.294
-0.401
-0.278
-0.333
-0.134
-0.062
0.058
-0.124
-0.056
0.005
-0.092
-0.182
-0.088
0.117
-0.022
0.052
0.271
-0.11
0.077
0.142
-0.132
0.015
0.214
0.293
0.16
0.128
-0.069
-0.214
0.264
-0.111
0.003
-0.17
-0.101
-0.249
-0.124
-0.016
-0.025
-0.116
-0.036
-0.11
-0.08
0.147
-0.002
-0.284
-0.069
-0.205
-0.385
-0.083
-0.056
-0.081
-0.225
-0.381
-0.326
-0.339
-0.135
-0.403
-0.309
-0.119
-0.341
-0.28
-0.149
-0.057
-0.21
-0.072
0.005
0.31
0.186
0.134
-0.035
0.175
0.138
0.029
0.302
0.253
-0.018
-0.004
0.288
0.064
0.192
-0.078
-0.082
0.021
-0.326
0.012
-0.048
0.0
-0.066
-0.062
-0.258
-0.127
-0.233
0.011
-0.283
-0.271
-0.316
-0.543
-0.276
-0.621
-0.369
-0.408
-0.095
-0.253
-0.162
-0.008
-0.084
0.016
-0.033
-0.052
0.018
-0.067
-0.139
0.021
-0.256
-0.011
0.082
0.129
0.122
0.453
0.51
0.593
0.582
0.71
0.525
0.582
0.509
0.694
0.605
0.513
0.58
0.324
0.584
0.343
0.357
0.15
0.281
0.241
0.002
0.186
0.114
0.048
0.02
-0.019
-0.071
-0.136
-0.127
-0.015
0.03
-0.213
-0.03
0.083
-0.225
0.132
0.029
-0.001
0.063
0.048
-0.001
0.132
-0.161
-0.009
-0.018
0.04
-0.086
0.083
0.046
0.223
-0.177
0.072
0.21
-0.111
-0.105
0.389
0.056
-0.032
0.184
-0.022
0.25
0.097
0.2
0.156
-0.024
0.15
0.147
-0.177
0.143
-0.194
0.112
0.096
-0.068
0.193
0.019
0.089
-0.098
-0.105
0.05
-0.031
-0.049
-0.209
-0.182
-0.084
0.17
0.126
-0.076
0.056
0.295
0.314
0.346
0.15
-0.027
0.179
-0.212
0.284
0.131
0.152
0.303
-0.034
-0.028
0.16
-0.209
-0.197
0.152
-0.057
0.072
0.165
0.026
0.032
-0.343
-0.338
-0.309
-0.239
0.042
-0.188
0.023
-0.286
-0.132
-0.205
-0.046
0.354
0.195
0.138
0.043
-0.189
-0.033
-0.035
0.108
0.007
-0.245
-0.182
-0.104
-0.544
-0.324
-0.01
-0.166
0.037
0.134
0.006
-0.06
0.077
0.066
-0.043
0.021
0.182
0.02
-0.009
0.095
0.062
-0.092
-0.045
-0.213
0.027
-0.221
-0.022
0.017
-0.247
0.022
-0.041
-0.129
0.205
0.086
0.134
0.114
-0.084
-0.011
0.161
-0.136
-0.113
0.074
-0.231
0.05
-0.304
0.216
0.119
0.048
0.124
-0.226
-0.096
-0.117
-0.059
0.043
0.098
-0.248
-0.415
-0.101
-0.037
-0.289
-0.023
0.302
0.146
0.286
0.25
-0.018
0.049
0.237
0.035
0.215
0.267
0.212
-0.035
0.199
0.116
-0.031
-0.063
-0.082
-0.328
0.071
0.156
0.197
0.012
0.052
-0.026
0.217
0.032
0.069
0.182
0.391
0.445
0.402
0.449
0.483
0.417
0.319
0.347
0.387
0.236
0.571
0.096
0.458
0.296
0.263
0.138
0.321
0.022
0.196
0.016
0.124
-0.017
-0.012
-0.158
0.157
-0.044
-0.083
-0.062
-0.029
0.197
0.119
0.133
0.046
0.138
0.288
0.05
0.113
0.234
-0.106
0.146
-0.052
-0.011
0.141
-0.186
-0.146
-0.05
-0.199
-0.139
-0.105
-0.235
-0.071
-0.065
-0.154
-0.194
-0.096
0.072
-0.035
0.107
0.009
-0.134
0.026
-0.115
-0.242
-0.082
0.134
-0.194
-0.121
-0.218
-0.188
-0.118
0.0
-0.091
0.014
-0.277
-0.239
-0.231
-0.103
-0.046
-0.096
0.158
0.044
0.027
0.345
0.088
0.111
-0.18
0.083
-0.066
0.04
0.01
0.043
-0.096
-0.175
0.052
-0.193
-0.22
-0.085
-0.097
-0.091
-0.077
0.177
-0.052
-0.018
0.118
0.044
-0.02
0.098
0.179
0.352
0.21
0.269
0.112
0.171
-0.056
0.077
0.08
-0.127
0.006
0.102
0.221
0.19
0.125
0.233
0.09
0.143
0.274
0.198
-0.005
-0.092
-0.107
-0.14
-0.199
0.073
0.149
-0.13
0.092
-0.086
0.043
0.003
0.043
0.045
-0.07
0.125
-0.057
0.118
-0.053
0.147
0.096
-0.008
-0.118
-0.046
-0.182
-0.297
-0.116
-0.137
-0.255
-0.406
0.115
-0.418
-0.294
-0.045
-0.09
-0.267
0.094
0.031
0.182
-0.066
0.215
0.004
-0.025
-0.07
-0.161
-0.163
0.053
0.013
-0.099
0.063
-0.406
-0.209
-0.122
0.12
-0.104
0.059
0.043
-0.057
0.171
0.061
-0.115
-0.117
-0.123
-0.231
-0.117
0.073
0.072
0.037
-0.057
0.324
-0.18
0.049
0.352
0.334
0.114
0.115
0.277
0.115
0.054
0.225
0.196
0.165
0.193
-0.11
-0.109
0.302
-0.097
0.23
0.106
0.023
-0.206
-0.067
0.042
0.016
0.058
0.16
0.05
-0.138
0.154
-0.012
-0.134
-0.208
0.043
-0.191
-0.143
-0.044
0.164
0.134
0.037
0.075
0.01
-0.021
-0.047
-0.095
-0.014
0.062
0.139
0.087
0.052
0.058
0.078
0.259
0.107
0.373
0.407
0.283
0.132
0.245
0.066
0.049
0.278
0.197
0.226
0.263
0.095
0.047
0.15
0.275
0.23
0.249
0.239
0.207
0.158
0.348
0.233
0.075
0.187
0.237
0.209
0.157
0.338
0.369
0.164
0.128
0.294
0.382
0.213
0.542
0.309
0.303
-0.143
0.124
0.249
0.059
-0.003
0.32
0.072
0.023
0.146
0.245
0.207
0.478
0.501
0.251
0.194
0.151
0.44
0.266
0.202
-0.051
-0.182
-0.309
-0.229
-0.288
-0.089
-0.146
-0.244
-0.026
-0.104
0.026
-0.211
-0.059
-0.253
-0.282
0.013
0.052
-0.424
-0.094
-0.222
0.01
0.085
0.037
-0.163
0.012
-0.217
-0.322
-0.14
-0.146
-0.113
0.201
0.028
-0.043
0.078
0.039
-0.078
0.135
0.577
0.026
0.326
0.074
0.272
0.312
0.512
0.623
0.631
0.84
0.762
1.035
0.933
1.065
0.998
1.015
0.712
0.694
0.996
0.5
0.715
0.718
0.743
0.909
0.948
0.804
0.937
0.74
0.631
0.583
0.439
0.547
0.543
0.176
0.633
0.567
0.446
0.789
0.688
0.687
0.538
0.494
0.481
0.567
0.56
0.634
0.512
0.661
0.557
0.475
0.751
0.769
0.868
0.608
0.625
0.693
0.751
0.961
1.019
1.056
1.191
1.485
1.323
1.487
1.484
1.423
1.195
1.307
0.926
1.157
1.151
1.164
1.204
1.466
1.17
1.539
1.265
1.307
1.579
1.176
1.485
1.31
0.777
0.958
0.773
0.703
0.394
0.763
0.71
0.679
0.323
0.48
0.467
0.579
0.3
0.575
0.642
0.494
0.177
0.27
0.278
0.333
0.178
0.287
0.164
0.404
0.447
0.512
0.543
0.314
0.329
0.088
-0.24
-0.324
-0.23
-0.282
-0.223
-0.502
-0.521
-0.771
-0.464
-0.787
-0.491
-0.591
-0.625
-0.872
-0.533
-0.878
-1.005
-1.074
-1.128
-1.254
-1.32
-1.067
-1.39
-1.307
-1.338
-1.445
-1.35
-1.205
-1.316
-1.436
-1.39
-1.321
-1.488
-1.158
-0.887
-0.755
-0.669
-0.204
-0.433
-0.191
-0.077
-0.132
-0.073
0.01
0.058
0.025
0.196
0.212
0.066
0.514
0.489
0.082
0.531
0.59
0.797
0.669
0.788
0.855
0.469
0.864
0.57
0.463
0.543
0.167
0.174
-0.028
0.034
-0.024
-0.233
-0.339
-0.427
-0.6
-0.469
-0.416
-0.525
-0.78
-0.608
-0.761
-0.521
-0.828
-0.761
-0.674
-0.522
-0.661
-0.641
-0.421
-0.434
-0.848
-0.353
-0.341
-0.619
-0.614
-0.505
-0.609
-0.68
-0.65
-0.677
-0.59
-0.641
-0.525
-0.353
-0.384
-0.608
-0.104
-0.132
-0.335
-0.063
-0.061
-0.088
-0.219
-0.186
-0.213
-0.574
-0.542
-0.302
-0.492
-0.335
-0.177
-0.081
-0.111
0.396
0.292
0.638
0.601
0.666
0.505
0.465
0.374
0.547
0.575
0.565
0.62
0.456
0.567
0.698
0.581
0.822
0.72
0.688
0.909
0.823
0.83
0.901
0.822
0.881
0.884
0.8
0.646
0.844
0.667
0.711
0.249
0.403
0.137
0.228
0.138
0.288
0.377
0.348
0.392
0.221
0.073
0.08
0.015
-0.232
-0.105
-0.142
-0.116
-0.031
-0.203
0.022
0.245
0.357
0.664
0.899
0.596
1.096
0.783
0.672
1.058
0.53
0.646
0.284
0.629
0.337
0.428
0.382
0.69
0.827
0.463
0.334
0.393
-0.112
-0.087
-0.27
-0.207
-0.186
-0.156
-0.46
-0.405
-0.242
-0.188
-0.005
0.03
0.178
0.069
-0.062
-0.288
-0.108
-0.275
-0.279
-0.277
-0.391
-0.35
0.046
-0.258
0.084
-0.304
-0.251
-0.085
-0.122
-0.268
0.193
0.169
0.373
0.237
0.277
0.42
0.533
0.621
0.94
0.689
0.648
0.624
0.497
0.253
0.419
0.169
-0.034
0.412
0.315
0.51
0.358
0.436
0.187
0.293
0.239
0.304
0.066
0.342
0.104
-0.37
-0.069
-0.127
-0.15
-0.273
0.181
0.123
0.078
0.022
-0.133
-0.148
-0.317
-0.347
-0.327
-0.53
-0.435
-0.655
-0.657
-0.605
-0.425
-0.517
-0.57
-0.356
-0.331
-0.311
-0.355
-0.269
-0.358
-0.332
-0.28
-0.108
-0.083
0.019
-0.08
-0.255
-0.255
-0.151
-0.272
0.144
0.351
0.535
0.221
0.504
0.514
0.048
0.47
0.217
-0.124
0.497
0.194
0.076
0.168
-0.011
0.423
0.318
0.271
0.244
0.369
0.257
0.329
0.11
0.037
-0.181
0.216
0.124
0.313
0.386
0.822
0.704
0.943
0.647
0.787
0.489
0.606
0.325
0.72
0.552
0.388
0.466
0.076
0.42
0.456
0.482
0.725
0.321
0.63
0.687
0.554
0.167
0.09
0.198
-0.13
-0.005
-0.126
0.088
0.174
-0.057
0.205
-0.134
0.141
0.022
-0.159
0.03
0.084
0.093
0.223
0.71
0.326
0.378
0.727
0.726
0.554
0.781
0.729
0.7
0.522
0.36
0.643
0.328
0.554
0.782
0.866
0.722
0.727
0.624
0.109
0.536
0.302
-0.125
0.266
0.024
-0.172
0.066
-0.404
-0.26
-0.468
-0.301
-0.617
-0.234
-0.459
-0.77
-0.495
-0.694
-0.786
-0.967
-0.717
-0.37
-0.5
-0.001
-0.158
-0.118
-0.31
-0.068
-0.242
-0.09
-0.228
-0.234
-0.357
-0.233
-0.161
-0.206
-0.055
0.047
0.167
0.24
0.239
0.428
0.205
0.476
0.207
0.128
0.339
0.214
0.217
0.015
0.321
-0.132
0.353
0.164
-0.054
-0.099
-0.041
-0.296
0.174
-0.059
-0.083
-0.058
-0.148
-0.133
-0.218
-0.352
-0.132
-0.179
-0.073
-0.234
-0.188
-0.241
-0.308
-0.027
-0.364
-0.209
-0.243
-0.27
-0.196
-0.364
-0.067
-0.151
0.094
-0.053
0.188
0.102
0.084
-0.128
0.075
-0.074
0.362
0.019
0.278
-0.143
0.213
