0.132
0.109
0.099
0.035
0.023
0.057
0.085
0.058
0.033
-0.004
-0.051
-0.016
-0.01
-0.06
-0.072
-0.089
-0.049
-0.044
-0.074
-0.037
-0.08
-0.051
-0.058
-0.046
-0.085
0.005
-0.026
-0.018
-0.072
-0.11
-0.076
-0.036
-0.091
-0.021
-0.041
-0.089
-0.13
-0.113
-0.132
-0.09
-0.075
-0.099
-0.073
-0.069
-0.084
-0.048
0.009
0.036
0.048
0.042
-0.001
-0.029
-0.028
-0.002
-0.011
-0.02
-0.003
-0.054
-0.05
-0.011
-0.031
-0.045
0.011
-0.046
-0.045
-0.019
-0.016
0.018
0.001
-0.018
-0.061
-0.006
0.032
0.088
0.15
0.098
0.057
0.083
0.047
0.04
0.05
0.121
0.1
0.05
0.023
0.012
-0.003
0.048
0.017
-0.0
-0.055
-0.056
-0.077
-0.084
-0.096
-0.022
0.073
0.158
0.158
0.132
0.072
0.125
0.184
0.198
0.271
0.23
0.149
0.077
-0.063
-0.129
-0.136
-0.064
-0.018
-0.015
-0.017
-0.058
-0.018
0.025
-0.028
0.024
0.078
0.108
0.077
-0.018
-0.087
-0.176
-0.208
-0.128
-0.053
0.021
0.051
0.07
0.028
-0.046
-0.059
-0.097
-0.106
-0.062
-0.092
-0.099
-0.163
-0.169
-0.158
-0.164
-0.139
-0.148
-0.205
-0.236
-0.221
-0.062
0.111
0.214
0.171
0.045
-0.043
-0.097
-0.138
-0.132
-0.078
-0.07
-0.088
-0.072
-0.062
0.028
0.171
0.236
0.156
0.095
0.022
-0.04
-0.127
-0.055
0.055
0.131
0.189
0.209
0.163
0.11
0.089
0.119
0.116
0.13
0.193
0.17
0.104
0.041
-0.005
-0.05
-0.089
-0.071
-0.067
-0.003
0.032
0.03
0.069
0.08
0.063
0.073
0.081
0.048
-0.013
-0.043
-0.12
-0.2
-0.152
-0.051
0.109
0.192
0.128
0.014
-0.048
-0.066
-0.07
-0.027
0.005
-0.048
-0.114
-0.096
-0.107
-0.08
-0.023
0.023
0.022
-0.003
-0.024
0.019
0.108
0.218
0.143
0.054
-0.046
-0.037
-0.055
-0.02
-0.003
-0.043
-0.086
-0.078
-0.093
-0.101
-0.093
-0.075
-0.107
-0.168
-0.151
-0.077
-0.057
-0.005
-0.055
-0.173
-0.129
-0.078
-0.048
0.078
0.085
0.053
-0.022
-0.09
-0.122
-0.106
0.007
0.059
0.025
-0.065
-0.052
-0.051
-0.056
0.007
0.013
-0.035
-0.047
-0.1
-0.031
0.081
0.168
0.227
0.263
0.138
0.09
0.079
0.081
0.057
0.137
0.144
0.072
0.028
-0.0
0.049
0.04
0.085
0.132
0.085
0.118
0.088
0.064
0.03
-0.007
-0.027
-0.045
-0.03
-0.02
-0.032
-0.01
-0.044
-0.002
0.075
0.169
0.285
0.243
0.084
0.02
-0.06
-0.036
-0.022
-0.028
0.013
-0.021
-0.056
-0.084
-0.083
-0.053
-0.04
0.007
0.003
-0.074
-0.119
-0.185
-0.121
-0.126
-0.168
-0.082
-0.012
-0.04
-0.052
-0.032
-0.038
-0.034
-0.0
0.028
-0.004
-0.03
-0.071
-0.028
-0.059
-0.121
-0.106
-0.099
-0.078
-0.15
-0.151
-0.073
-0.071
-0.023
-0.004
-0.043
-0.065
-0.073
-0.066
-0.079
-0.067
-0.034
0.013
0.104
0.104
0.052
0.068
0.064
0.058
0.047
0.089
0.129
0.063
0.013
-0.009
0.012
0.016
0.008
0.076
0.102
-0.003
0.02
0.067
0.076
0.033
0.064
0.104
0.028
0.019
0.028
0.028
0.058
0.021
0.045
0.111
0.071
0.124
0.126
0.08
0.045
0.025
0.033
0.061
0.06
0.027
0.023
0.016
0.01
0.077
0.058
0.059
0.078
0.034
0.002
-0.031
-0.086
-0.052
-0.055
-0.014
0.008
-0.031
-0.038
-0.01
-0.01
0.005
-0.021
0.02
-0.009
-0.022
-0.116
-0.088
-0.033
0.049
0.08
0.027
-0.035
-0.065
-0.136
-0.087
-0.067
-0.063
-0.062
-0.063
-0.058
-0.07
-0.086
-0.074
-0.04
-0.059
-0.102
-0.065
-0.078
-0.106
-0.07
-0.059
-0.158
-0.118
-0.053
-0.028
-0.008
0.004
0.062
0.028
-0.025
-0.088
-0.165
-0.109
-0.055
0.079
0.127
0.173
0.212
0.171
0.124
0.136
0.118
0.163
0.119
0.14
0.082
0.032
0.055
0.038
0.05
-0.048
-0.008
0.046
0.13
0.157
0.259
0.166
0.131
0.056
0.078
0.042
0.056
0.121
0.154
0.083
0.031
0.076
0.092
0.031
0.086
-0.003
-0.064
-0.047
-0.06
-0.049
-0.026
-0.082
-0.107
-0.155
-0.191
-0.213
-0.147
-0.149
-0.072
-0.163
-0.032
-0.056
-0.008
-0.094
-0.082
-0.068
-0.081
0.005
0.012
0.103
-0.011
-0.068
-0.035
-0.039
-0.087
-0.039
-0.043
-0.028
-0.06
-0.07
-0.071
-0.094
-0.121
-0.166
-0.143
-0.132
-0.154
-0.065
0.025
0.045
0.033
0.001
0.093
0.058
0.018
0.082
0.095
0.037
0.036
0.074
-0.04
-0.026
-0.019
-0.025
-0.019
-0.003
0.0
0.005
0.038
0.065
0.024
0.005
-0.008
0.067
0.602
0.105
0.084
0.092
0.173
0.207
0.176
0.196
0.187
0.166
0.211
0.203
0.092
0.165
0.191
0.151
0.155
0.128
0.157
0.116
0.135
0.114
0.109
0.136
0.149
0.156
0.135
0.135
0.145
0.138
0.154
0.138
0.125
0.164
0.17
0.12
0.132
0.088
0.042
0.06
0.052
0.036
-0.041
0.038
-0.019
-0.058
0.014
-0.1
-0.057
-0.12
-0.084
-0.096
-0.111
-0.084
-0.062
-0.075
-0.142
-0.1
-0.062
-0.09
-0.084
-0.125
-0.13
-0.165
-0.097
-0.076
-0.067
-0.025
-0.073
0.052
-0.013
-0.007
-0.024
0.04
0.021
0.016
0.028
-0.102
-0.09
0.03
0.003
0.054
-0.222
-0.186
-0.167
-0.156
-0.154
-0.048
0.071
0.173
0.085
0.147
0.11
0.15
0.259
0.108
0.198
0.054
0.069
0.134
0.077
0.028
0.134
0.535
0.052
0.121
0.249
0.134
0.098
0.168
0.139
-0.103
-0.038
0.217
0.241
0.268
0.194
0.2
0.115
0.099
0.018
0.097
0.095
0.149
0.041
0.041
-0.031
-0.102
-0.028
0.022
-0.013
-0.063
0.081
0.119
0.205
0.155
0.111
0.062
0.117
0.049
0.037
0.094
0.201
0.239
0.188
0.086
0.063
0.029
0.123
0.138
0.095
0.117
0.1
0.071
0.02
0.163
0.106
0.062
0.117
-0.087
0.024
0.012
-0.011
0.018
0.132
0.017
0.109
-0.026
-0.081
-0.112
-0.123
-0.112
-0.003
0.004
0.042
0.093
0.068
0.074
0.105
0.081
-0.004
-0.066
-0.007
-0.023
-0.104
-0.217
-0.264
-0.405
-0.263
-0.196
-0.395
-0.249
-0.145
-0.186
-0.052
-0.05
-0.099
-0.094
0.016
0.124
0.183
0.307
0.39
0.348
0.489
0.489
0.495
0.465
0.516
0.556
0.513
0.535
0.462
0.527
0.451
0.355
0.434
0.306
0.346
0.354
0.376
0.283
0.357
0.481
0.433
0.311
0.315
0.452
0.311
0.273
0.417
0.427
0.318
0.258
0.285
0.357
0.296
0.26
0.399
0.372
0.231
0.177
0.229
0.128
0.13
0.089
0.116
-0.116
-0.075
-0.104
0.034
0.075
0.016
0.064
-0.013
-0.249
-0.077
-0.336
-0.313
-0.383
-0.403
-0.478
-0.494
-0.312
-0.331
-0.364
-0.392
-0.418
-0.422
-0.384
-0.335
-0.26
-0.299
-0.312
-0.269
-0.318
-0.288
-0.208
-0.047
0.089
0.171
0.102
0.193
0.174
0.174
0.062
0.117
0.138
0.012
0.053
0.114
-0.06
-0.058
0.068
0.138
-0.11
-0.027
0.021
-0.119
-0.012
0.073
0.126
-0.142
0.112
0.223
0.153
0.124
0.07
0.175
0.046
0.143
0.169
0.119
0.167
0.158
-0.082
0.111
0.183
0.158
0.196
0.319
0.244
0.19
0.216
0.046
0.103
0.083
-0.043
0.128
0.2
0.056
0.185
0.162
0.122
0.015
0.009
0.17
0.156
0.216
0.16
-0.003
-0.143
-0.086
-0.213
-0.324
-0.205
-0.223
-0.24
0.045
0.097
0.021
-0.18
0.014
-0.143
-0.194
-0.01
-0.008
-0.003
-0.087
0.001
-0.252
-0.344
-0.207
-0.297
-0.327
-0.507
-0.421
-0.463
-0.298
-0.362
-0.303
-0.301
-0.348
-0.293
-0.024
0.156
0.027
0.152
0.092
0.144
-0.024
0.028
-0.101
-0.098
0.068
0.107
-0.184
-0.056
0.033
0.032
0.023
0.056
0.024
0.038
0.216
0.076
0.179
-0.135
0.039
-0.019
-0.045
-0.111
0.257
-0.312
-0.013
-0.011
0.034
-0.062
0.119
0.18
0.372
0.284
0.266
0.182
0.391
0.107
0.079
0.171
0.174
0.078
0.314
0.242
0.578
0.668
0.429
0.413
0.612
0.517
0.561
0.428
0.414
0.385
0.43
0.343
0.27
0.291
0.199
0.169
0.444
0.44
0.737
0.692
0.509
0.259
0.297
0.073
0.194
-0.007
0.062
0.134
0.14
0.071
0.133
0.145
-0.119
-0.315
-0.455
-0.265
-0.162
-0.159
-0.188
-0.443
-0.551
-0.45
-0.37
-0.349
-0.074
-0.111
0.135
-0.05
0.101
-0.007
0.028
0.022
0.113
0.105
0.168
0.297
0.197
0.231
0.114
0.087
0.05
0.105
0.307
0.297
0.523
0.51
0.457
0.491
0.136
-0.108
-0.069
-0.104
-0.012
0.292
0.389
0.274
0.302
0.124
-0.198
-0.099
-0.411
-0.143
-0.375
-0.445
-0.353
-0.193
-0.215
-0.177
-0.188
-0.124
-0.009
0.203
0.294
0.588
0.573
0.696
0.491
0.543
0.519
0.263
0.482
0.367
0.147
0.227
0.421
0.167
0.338
0.404
0.253
0.267
0.131
-0.046
-0.008
-0.144
-0.013
-0.288
-0.086
-0.194
-0.289
-0.32
-0.339
-0.236
-0.182
-0.13
-0.281
-0.283
-0.198
-0.124
0.193
-0.052
0.021
0.015
0.117
0.171
0.175
0.276
0.308
0.276
0.263
0.26
-0.032
0.087
0.052
-0.037
-0.018
0.001
-0.025
0.162
0.333
0.722
0.585
0.544
0.771
0.696
0.35
0.542
0.451
0.292
0.358
0.19
0.436
0.372
0.262
0.513
0.345
0.334
0.486
0.188
0.49
0.111
0.156
0.37
0.182
0.019
0.122
0.185
0.198
0.429
0.302
0.38
0.325
0.19
0.271
0.175
0.333
0.183
0.162
0.403
0.012
0.232
0.288
0.128
0.039
0.06
-0.052
-0.088
-0.114
-0.039
-0.092
-0.187
-0.303
-0.237
-0.122
-0.257
-0.452
-0.202
-0.328
-0.547
-0.284
-0.133
0.025
-0.157
-0.048
0.102
-0.102
0.389
0.38
0.458
0.155
0.39
0.191
0.369
0.584
0.086
0.307
0.138
-0.244
-0.183
-0.237
-0.283
-0.152
-0.107
-0.028
-0.328
-0.005
-0.055
0.323
0.264
0.297
0.353
0.375
0.545
0.31
0.543
0.264
0.395
0.367
0.366
0.058
0.218
0.098
-0.085
-0.017
-0.165
-0.009
-0.117
-0.128
-0.292
-0.021
-0.071
0.317
-0.082
-0.043
-0.046
0.123
-0.255
-0.269
-0.151
-0.308
-0.307
-0.045
-0.053
-0.134
-0.239
-0.261
-0.315
-0.516
-0.263
-0.323
-0.216
-0.315
-0.333
-0.155
-0.224
-0.272
-0.112
0.284
0.4
0.278
0.336
0.58
0.594
0.53
0.588
0.66
0.424
0.657
0.419
0.278
0.353
0.332
0.26
0.307
0.439
0.368
0.147
0.198
0.107
-0.36
-0.382
-0.458
-0.434
-0.779
-0.348
-0.387
-0.444
-0.42
-0.313
-0.454
-0.338
0.13
0.052
-0.046
0.064
0.14
0.022
0.02
0.038
0.033
0.029
0.192
0.139
0.304
0.121
0.012
0.48
0.371
0.185
0.419
0.324
0.237
0.134
0.153
0.367
0.422
0.333
0.479
0.347
0.255
-0.058
-0.346
-0.208
-0.147
-0.258
-0.292
-0.213
-0.259
-0.543
-0.41
-0.744
-0.148
-0.376
-0.236
-0.236
-0.059
-0.252
-0.309
-0.238
0.138
-0.319
0.081
0.452
0.106
0.403
0.623
0.516
0.667
0.623
0.828
0.576
0.676
0.609
0.357
0.492
0.234
0.458
0.488
0.431
0.563
0.486
0.403
0.496
0.667
0.824
0.628
0.562
0.604
0.97
0.704
0.958
1.211
1.052
1.493
1.134
1.235
1.299
1.295
1.42
1.081
1.495
1.428
1.404
1.432
1.156
1.378
1.332
1.18
1.075
1.099
0.854
0.664
0.964
0.59
0.932
0.731
0.846
0.746
0.697
0.614
0.437
0.479
0.358
0.077
0.093
-0.004
-0.014
-0.296
-0.191
-0.269
-0.223
-0.285
-0.548
-0.317
-0.283
-0.361
-0.034
-0.119
-0.123
0.181
0.314
0.325
0.576
0.591
0.374
0.257
0.062
0.41
0.59
0.826
0.701
1.165
0.762
0.817
0.819
0.911
0.818
0.827
1.015
0.361
0.539
0.292
0.436
-0.331
-0.128
-0.178
-0.434
-0.772
-0.229
-0.564
-0.567
-0.519
-0.281
-0.233
-0.524
-0.148
-0.304
-0.365
-0.335
-0.547
-0.647
-0.571
-0.538
-0.62
-0.687
-0.824
-0.728
-0.759
-0.625
-0.497
-0.562
-0.503
-0.15
-0.497
-0.498
-0.467
-0.596
-0.617
-0.64
-0.618
-0.656
-0.34
-0.46
-0.305
0.062
-0.048
0.083
-0.064
-0.143
-0.078
-0.141
0.437
0.259
0.124
-0.055
0.257
-0.088
0.089
-0.144
-0.187
0.006
-0.161
-0.039
-0.077
-0.043
0.232
0.038
0.167
0.103
0.053
0.119
-0.014
0.27
0.309
0.317
-0.134
0.166
-0.083
-0.345
-0.121
-0.308
-0.224
-0.112
-0.063
0.115
0.112
-0.042
0.013
-0.139
0.159
0.056
0.031
0.082
0.167
-0.019
0.092
-0.052
0.017
0.002
-0.164
-0.113
-0.09
0.132
-0.08
-0.177
-0.016
-0.084
0.079
0.109
-0.083
-0.172
-0.183
-0.174
-0.263
-0.121
-0.448
-0.683
-0.498
-0.608
-0.583
-0.666
-0.486
-0.437
-0.598
-0.492
-0.534
-0.344
-0.408
-0.316
-0.094
-0.237
-0.053
0.013
0.001
0.164
0.047
0.126
-0.043
-0.151
-0.081
-0.117
-0.062
-0.122
0.076
0.174
-0.06
-0.078
0.189
0.1
0.077
0.199
-0.027
0.084
-0.089
-0.114
-0.13
-0.28
-0.302
-0.092
-0.273
-0.408
-0.344
-0.406
-0.06
-0.388
-0.341
-0.525
-0.449
-0.619
-0.523
-0.582
-0.68
-0.665
-0.883
-0.75
-0.654
-0.681
-0.762
-0.591
-0.709
-0.546
-0.671
-0.468
-0.522
-0.346
-0.364
-0.309
-0.353
-0.166
-0.395
-0.357
-0.002
-0.324
-0.201
-0.337
0.262
0.141
0.292
0.133
0.262
-0.019
-0.338
-0.286
0.026
-0.419
-0.593
-0.229
-0.213
-0.096
0.146
0.085
0.149
0.157
0.252
0.174
0.303
0.499
0.391
0.159
0.481
0.069
0.344
0.323
0.292
0.352
0.531
0.382
0.272
0.314
0.526
0.647
0.541
0.674
0.333
0.383
0.407
0.083
0.398
0.16
0.182
0.296
0.333
0.033
0.028
0.436
0.243
0.205
0.129
0.137
0.116
-0.241
0.003
-0.002
0.142
0.031
0.229
0.052
0.217
0.313
0.167
0.276
0.121
0.393
0.163
0.367
0.355
0.683
0.503
0.272
0.327
0.529
0.378
0.622
0.391
0.07
-0.223
0.043
-0.038
0.211
0.208
0.498
0.331
0.416
0.325
0.258
0.217
0.143
0.072
-0.059
-0.22
-0.12
-0.272
-0.153
-0.19
-0.114
0.092
0.051
0.345
0.302
0.21
0.321
0.322
0.297
0.142
0.111
0.211
0.141
0.058
0.2
-0.181
0.056
-0.249
-0.144
-0.031
-0.096
-0.069
-0.007
-0.28
0.098
-0.13
0.196
0.093
0.089
-0.041
0.459
0.594
0.246
0.511
0.572
0.401
0.121
0.315
0.541
0.342
0.071
0.352
0.352
0.186
0.082
0.023
0.305
0.148
0.206
0.354
0.291
0.178
0.162
0.056
0.081
0.01
0.31
0.256
0.246
0.212
0.572
0.367
0.58
0.357
0.439
0.514
0.383
0.623
0.618
0.685
0.633
0.563
0.719
0.49
0.277
0.322
0.468
0.278
0.33
0.262
0.048
0.222
0.362
0.133
0.068
0.114
0.062
0.204
0.017
0.027
0.035
0.069
0.082
-0.053
0.159
0.025
-0.236
0.11
-0.031
-0.136
-0.058
0.004
-0.018
0.062
0.08
0.074
0.234
0.008
0.29
0.265
0.395
0.281
0.426
0.339
0.044
0.198
0.163
0.467
0.181
0.16
0.091
0.274
0.263
0.27
0.436
0.172
0.441
0.44
0.576
0.696
0.692
0.776
0.728
0.576
0.52
0.306
0.38
0.451
0.305
0.387
0.348
0.364
0.585
0.63
0.475
0.14
0.146
0.189
0.172
0.082
-0.068
0.214
0.038
0.174
0.138
0.221
0.215
0.123
0.383
0.016
0.063
0.177
-0.029
0.181
0.275
-0.025
-0.199
0.033
-0.083
-0.08
0.011
-0.338
-0.184
-0.499
-0.281
-0.285
-0.361
-0.37
-0.343
-0.364
-0.552
-0.715
-0.565
-0.719
-0.688
-0.329
-0.41
-0.198
-0.195
-0.133
-0.253
0.034
0.017
0.094
-0.219
-0.239
-0.288
-0.341
-0.354
-0.603
-0.218
-0.449
-0.261
-0.308
-0.391
-0.441
-0.393
-0.425
-0.554
-0.384
-0.374
-0.227
-0.137
-0.223
0.042
0.145
0.068
0.223
0.29
0.455
0.534
0.392
0.658
0.532
0.483
0.267
0.144
0.138
0.235
0.268
0.164
0.062
0.22
0.251
0.129
0.061
0.4
0.489
0.764
0.585
0.613
0.661
0.405
0.287
0.298
0.349
0.317
0.315
0.149
0.205
0.203
0.309
0.527
0.632
0.401
0.412
0.363
0.154
0.539
0.075
0.75
0.303
0.565
0.503
0.324
0.481
0.225
0.036
0.509
0.357
0.098
0.385
0.283
0.055
0.26
0.026
0.152
0.188
0.16
0.089
0.016
-0.173
-0.138
-0.469
-0.662
-0.656
-0.919
-0.648
-0.806
-0.837
-0.733
-0.438
-0.39
-0.405
-0.413
-0.27
-0.079
0.04
-0.114
-0.124
-0.097
-0.26
-0.073
-0.031
-0.128
-0.276
-0.017
0.009
-0.453
-0.295
-0.371
-0.351
-0.52
-0.405
-0.447
-0.55
-0.406
-0.236
0.158
0.034
0.328
0.059
0.042
0.119
-0.19
0.347
-0.006
0.037
0.02
0.196
-0.063
-0.137
0.094
0.114
0.279
0.203
0.338
0.474
0.331
0.198
-0.185
0.13
0.052
0.038
0.191
0.14
0.123
-0.023
0.089
-0.276
-0.026
0.072
-0.147
0.123
0.1
-0.303
-0.147
-0.144
-0.274
-0.273
-0.507
-0.476
-0.564
-0.715
-0.683
-0.463
-0.679
-0.594
-0.338
-0.227
-0.17
-0.447
-0.083
-0.24
0.01
-0.251
0.011
0.096
0.357
0.122
0.543
0.248
0.269
-0.015
0.112
0.014
0.11
-0.042
0.089
-0.083
-0.103
0.064
-0.319
-0.133
-0.346
-0.258
-0.27
-0.203
0.016
-0.372
-0.194
-0.113
-0.043
0.099
-0.036
-0.057
-0.112
0.13
-0.003
0.137
-0.002
0.091
0.196
0.318
0.014
-0.004
0.374
0.075
0.219
0.45
0.338
0.289
0.209
0.424
0.553
0.307
0.506
0.249
0.204
0.49
0.23
0.286
0.18
-0.048
0.482
0.354
0.38
0.543
0.384
0.637
0.318
0.367
0.491
0.203
0.111
0.208
0.231
0.292
0.305
0.433
0.214
0.286
0.486
0.528
0.638
0.292
0.354
0.457
0.405
0.266
0.381
0.351
0.289
0.314
0.251
0.268
0.168
-0.098
0.163
0.066
0.128
-0.352
-0.391
0.008
-0.433
-0.382
-0.265
-0.362
-0.263
-0.088
0.11
0.305
0.172
-0.041
-0.238
0.182
-0.13
0.006
-0.118
0.079
0.058
-0.023
-0.246
-0.34
-0.689
-0.183
-0.24
-0.166
-0.067
-0.059
-0.118
-0.091
-0.095
-0.237
-0.194
-0.187
0.13
0.083
0.127
0.126
0.216
0.219
0.191
0.178
0.456
0.288
0.208
-0.048
0.145
-0.219
-0.309
-0.093
0.103
0.036
-0.029
0.103
-0.025
0.01
0.063
-0.249
0.034
-0.004
-0.048
0.357
0.223
0.03
0.037
0.018
-0.154
-0.08
0.144
-0.128
0.071
0.0
-0.447
-0.468
-0.125
-0.423
-0.045
0.258
0.181
-0.05
0.197
-0.034
0.097
0.067
0.217
0.21
0.293
0.27
0.225
0.361
0.465
0.4
0.561
0.323
0.524
0.502
0.243
0.182
0.048
-0.173
-0.2
-0.123
-0.095
0.033
-0.268
0.009
-0.333
-0.373
-0.278
-0.369
-0.056
-0.201
-0.123
-0.31
-0.331
-0.154
-0.294
-0.083
-0.3
-0.25
-0.063
-0.315
-0.356
-0.33
-0.196
-0.671
-0.164
0.031
-0.129
-0.253
-0.25
-0.242
-0.273
-0.142
-0.412
-0.452
-0.181
-0.418
-0.27
-0.3
-0.315
-0.372
-0.394
-0.346
-0.495
-0.662
-0.647
-0.312
-0.347
-0.328
-0.165
-0.011
0.177
0.261
0.277
0.33
0.411
0.102
0.267
0.261
0.535
0.463
0.496
0.274
0.288
0.326
0.492
0.094
0.242
0.296
0.083
0.135
0.349
0.259
0.073
0.546
0.011
0.293
0.064
0.194
0.424
0.228
0.453
0.372
0.21
0.167
0.297
0.265
0.259
0.32
0.378
-0.022
0.045
0.207
0.225
0.022
-0.264
-0.133
-0.149
-0.053
-0.061
0.154
-0.056
0.182
0.12
0.085
0.314
0.095
-0.116
0.265
0.123
0.279
0.096
-0.07
0.056
-0.007
-0.049
-0.024
-0.131
-0.089
-0.055
-0.059
-0.189
-0.21
-0.07
0.017
-0.006
-0.124
0.037
-0.019
-0.041
0.254
0.076
0.167
0.054
0.289
0.089
0.369
0.184
0.159
0.213
0.183
0.214
0.133
0.228
0.31
0.007
0.028
0.098
0.17
0.024
0.347
0.063
0.18
0.285
0.214
0.151
0.06
0.091
0.063
0.179
0.305
0.143
0.04
0.161
0.051
-0.128
0.033
0.014
0.04
0.053
