-0.331
-0.196
0.343
0.359
0.413
0.223
-0.007
0.138
0.065
0.259
0.408
0.188
0.038
-0.065
0.18
-0.015
0.095
0.423
0.196
0.279
0.241
0.219
0.282
0.445
0.143
0.011
-0.177
-0.162
-0.174
0.192
-0.119
0.269
0.371
0.415
0.769
0.578
0.563
0.592
0.546
0.415
0.699
0.285
0.355
0.604
0.288
0.268
0.27
0.552
0.556
0.426
0.432
0.327
0.125
0.258
0.579
0.55
0.217
0.257
0.199
0.208
0.16
0.174
0.203
0.422
0.097
0.058
-0.004
0.246
0.204
-0.129
0.093
0.111
0.071
0.166
0.32
0.229
0.403
0.467
0.313
0.456
0.345
0.313
0.092
0.199
0.133
0.025
0.087
0.094
0.432
0.27
0.452
0.692
0.518
0.628
0.54
0.374
0.435
0.353
0.004
0.237
0.103
0.002
0.059
-0.169
-0.281
-0.096
-0.222
-0.303
-0.196
0.138
-0.414
-0.312
-0.375
-0.565
-0.5
-0.549
-0.383
-0.521
-0.362
-0.451
-0.682
-0.36
-0.269
-0.434
-0.032
-0.159
-0.191
-0.183
-0.164
-0.159
0.068
0.087
0.041
0.231
0.091
0.065
0.203
0.09
0.285
0.008
0.109
0.221
0.059
-0.009
-0.34
0.144
-0.425
-0.167
-0.302
-0.253
-0.101
-0.225
-0.175
-0.237
-0.106
-0.159
-0.209
0.077
0.026
-0.291
-0.181
0.043
-0.355
-0.232
0.046
0.117
-0.211
0.215
0.148
0.186
0.348
0.231
0.577
0.461
0.596
0.605
0.316
0.205
0.013
-0.149
-0.34
-0.15
-0.178
-0.301
-0.608
-0.563
-0.488
-0.42
-0.534
-0.522
-0.666
-0.714
-0.576
-0.435
-0.578
-0.385
-0.122
-0.276
-0.311
-0.256
-0.538
-0.229
-0.037
-0.137
-0.316
-0.388
-0.542
-0.423
-0.346
-0.019
0.234
-0.079
0.05
-0.105
-0.114
-0.025
-0.044
0.26
0.128
-0.134
0.311
0.182
-0.001
-0.147
0.029
-0.014
-0.034
-0.183
0.111
-0.19
0.077
0.288
0.195
0.253
0.359
0.12
0.21
0.252
0.356
0.479
0.18
-0.034
0.067
0.151
0.147
-0.004
0.267
0.4
0.196
-0.001
-0.121
0.087
0.063
-0.166
-0.167
-0.466
-1.027
-0.615
-0.496
-0.399
-0.515
0.018
0.058
0.135
0.137
0.389
0.188
-0.085
0.242
0.121
-0.111
0.105
0.074
0.417
0.301
0.44
0.85
0.784
1.006
1.094
0.792
0.87
0.641
0.472
0.442
0.268
0.007
0.056
0.044
-0.088
0.059
-0.262
-0.172
-0.393
-0.706
-0.523
-0.471
-0.284
-0.098
-0.105
-0.085
0.235
0.265
0.154
0.408
0.573
0.687
0.719
0.729
0.558
0.646
0.586
0.706
0.42
0.339
0.162
0.243
0.064
0.265
0.166
0.203
0.03
0.346
0.422
0.302
0.516
0.378
0.397
0.47
0.315
0.073
0.215
0.064
0.273
0.33
0.223
0.055
-0.047
-0.046
-0.104
-0.04
-0.277
-0.025
-0.228
-0.296
-0.353
-0.078
-0.422
-0.291
-0.327
-0.369
-0.38
-0.187
-0.335
0.014
-0.247
0.115
0.107
0.221
-0.127
-0.015
0.068
-0.219
-0.271
0.022
-0.07
-0.056
-0.002
0.128
0.103
0.167
0.157
0.299
0.218
0.191
-0.052
0.12
0.337
0.215
0.222
0.401
0.458
0.248
0.213
0.026
0.189
-0.101
-0.03
-0.393
0.374
-0.047
0.052
0.231
0.445
0.478
0.703
0.715
0.715
0.626
0.183
0.247
0.223
0.144
0.238
0.367
0.478
0.535
0.479
0.713
0.779
0.725
0.557
0.829
0.586
0.645
1.022
0.687
0.881
0.744
0.686
0.615
0.308
0.189
0.127
0.018
-0.371
-0.21
-0.358
-0.43
-0.086
-0.105
-0.0
-0.078
-0.102
0.028
-0.048
-0.288
-0.276
-0.294
-0.078
-0.403
0.137
0.303
0.099
0.252
0.278
0.026
-0.033
0.099
-0.204
-0.289
-0.101
-0.393
-0.133
-0.356
-0.392
-0.224
-0.136
-0.227
0.074
-0.036
0.231
0.336
0.371
0.256
0.372
0.635
0.664
0.425
0.31
0.269
0.214
0.407
0.325
0.417
0.243
0.133
-0.039
-0.071
-0.231
-0.336
-0.408
-0.609
-0.511
-0.58
-0.785
-0.191
-0.29
-0.25
-0.715
-0.096
-0.447
-0.35
-0.662
-0.408
-0.693
-0.68
-0.668
-0.532
-0.412
-0.519
-0.343
-0.392
-0.407
-0.471
-0.352
0.105
0.18
0.306
0.177
0.396
0.331
0.277
0.206
0.143
0.017
-0.125
-0.007
0.009
-0.37
-0.299
-0.488
-0.481
-0.434
-0.112
-0.291
0.085
-0.17
-0.099
0.126
-0.435
-0.313
-0.247
0.016
-0.183
-0.166
0.114
-0.168
0.032
0.034
0.216
-0.06
-0.09
0.33
0.193
0.086
0.24
0.38
0.246
0.351
0.406
0.304
0.372
0.161
0.19
0.076
0.223
0.122
0.206
0.1
-0.07
-0.22
-0.155
-0.454
-0.383
-0.385
-0.348
-0.451
-0.585
-0.268
-0.506
-0.785
-0.718
-0.613
-0.642
-0.579
-0.511
-0.707
-0.792
-0.538
-0.835
-0.403
-0.476
-0.543
-0.749
-0.471
-0.483
-0.517
-0.464
-0.524
-0.28
-0.301
-0.184
-0.154
-0.313
-0.072
0.103
-0.27
-0.264
-0.044
-0.115
-0.007
0.0
0.036
0.022
0.039
0.085
0.201
0.377
0.417
0.269
0.578
0.444
0.242
0.246
0.223
-0.148
-0.117
-0.084
0.048
0.095
0.102
-0.008
-0.07
-0.022
-0.217
-0.154
-0.032
-0.115
0.233
-0.013
-0.207
0.058
-0.226
0.037
-0.07
0.286
0.143
-0.027
-0.304
-0.175
0.045
0.184
0.29
0.234
0.23
0.137
0.071
0.146
0.053
0.152
-0.133
0.232
0.324
0.056
0.231
0.524
0.022
0.15
0.072
-0.136
0.106
0.198
0.234
0.511
0.127
0.297
0.575
0.407
0.568
0.687
0.545
0.829
0.486
0.509
0.542
0.416
0.123
0.011
-0.032
-0.098
-0.189
-0.331
-0.244
-0.055
-0.254
-0.421
-0.162
0.058
0.193
-0.4
-0.522
0.107
-0.084
-0.21
0.055
-0.184
-0.061
-0.083
-0.231
-0.117
-0.267
-0.261
-0.462
-0.377
-0.357
-0.336
-0.494
-0.583
-0.653
-0.88
-0.462
-0.544
-0.473
-0.332
-0.63
-0.503
-0.406
-0.662
-0.069
-0.417
-0.023
-0.238
-0.014
0.215
0.344
0.286
0.353
0.433
0.409
0.652
0.662
0.585
0.719
0.398
0.624
0.558
0.453
0.623
0.705
0.397
0.934
1.113
0.866
0.468
0.961
0.857
0.763
0.399
0.598
0.217
0.184
0.096
0.17
0.064
-0.18
-0.077
0.391
0.292
0.727
0.228
0.596
0.448
0.085
0.088
0.415
0.219
0.152
0.002
0.16
0.083
0.034
-0.024
-0.137
0.079
-0.031
0.403
0.338
0.523
0.432
0.65
0.528
0.437
0.54
0.451
0.383
0.508
0.557
0.47
0.523
0.626
0.083
0.391
0.337
0.234
0.319
0.086
0.143
-0.171
0.069
-0.022
0.015
-0.177
-0.024
0.441
-0.115
0.297
0.515
-0.014
0.201
0.181
0.078
-0.11
0.179
0.006
0.27
-0.215
-0.191
-0.318
-0.288
-0.444
-0.312
-0.258
-0.211
-0.161
-0.14
-0.15
-0.134
-0.108
-0.304
-0.215
-0.376
-0.055
-0.222
-0.204
-0.252
-0.111
-0.167
-0.28
-0.023
-0.151
0.031
0.231
0.058
0.022
-0.133
-0.108
-0.348
-0.489
-0.273
-0.24
-0.314
-0.199
-0.256
-0.179
0.065
0.204
0.332
0.375
0.274
-0.094
-0.065
-0.233
-0.164
0.019
-0.111
0.036
-0.046
-0.175
-0.008
-0.372
-0.312
-0.191
-0.006
-0.283
-0.07
0.075
-0.162
-0.209
0.389
0.065
-0.015
0.718
0.071
0.511
0.289
0.302
0.149
-0.12
0.383
0.178
0.277
0.457
0.157
0.219
0.435
-0.157
0.079
0.306
0.428
0.187
0.212
0.162
0.212
0.091
0.2
0.051
0.134
0.228
-0.003
0.125
-0.138
-0.131
-0.229
-0.052
-0.212
-0.187
-0.256
0.075
-0.063
-0.012
-0.185
-0.235
-0.339
-0.165
-0.1
-0.285
-0.282
-0.23
-0.339
-0.066
-0.204
-0.331
-0.123
0.027
0.316
-0.215
0.051
0.002
-0.383
-0.274
-0.274
-0.358
-0.475
-0.072
-0.073
-0.222
-0.24
-0.168
-0.053
-0.014
-0.107
0.341
-0.037
0.31
0.188
0.29
0.482
0.206
0.319
0.194
0.034
0.098
-0.007
0.116
-0.021
-0.147
0.076
0.194
0.045
0.076
0.367
0.214
-0.064
0.305
0.214
0.007
-0.287
-0.121
-0.076
0.295
0.117
0.17
0.212
0.441
0.056
0.334
0.265
0.066
0.066
0.164
0.069
-0.122
-0.057
-0.107
-0.267
-0.183
-0.081
-0.126
-0.044
-0.02
-0.178
0.042
0.014
-0.223
0.252
-0.115
-0.102
-0.115
-0.004
-0.38
-0.06
0.346
0.005
0.015
-0.039
-0.112
-0.097
0.104
0.412
0.308
0.502
-0.075
0.312
0.547
0.157
0.164
0.56
0.177
0.195
0.147
0.224
0.497
0.328
0.252
0.212
0.12
0.241
0.214
0.232
0.297
0.348
0.153
0.332
0.133
0.539
0.347
0.414
0.416
0.577
0.693
0.544
0.597
0.569
0.644
0.603
0.52
0.907
0.494
0.753
0.415
0.363
0.262
0.591
0.195
0.377
0.024
-0.057
0.228
-0.184
-0.295
-0.206
-0.413
-0.286
-0.352
-0.227
-0.287
-0.174
-0.01
-0.033
-0.121
-0.077
0.198
-0.097
-0.195
-0.129
-0.408
-0.005
-0.298
-0.136
-0.073
0.009
-0.007
0.408
0.407
0.261
0.088
0.163
0.229
-0.082
-0.149
-0.203
-0.302
-0.393
-0.292
0.001
0.056
-0.262
-0.033
-0.143
-0.095
0.103
0.268
0.046
0.2
0.024
-0.06
-0.089
0.092
-0.147
0.028
0.086
0.067
-0.119
0.13
-0.063
0.283
-0.174
-0.185
-0.243
-0.133
-0.22
-0.43
-0.456
0.254
0.036
0.072
0.155
0.315
0.48
0.194
0.152
0.487
0.234
0.343
0.788
0.173
0.393
0.487
0.425
0.417
0.399
0.46
-0.332
0.228
0.627
0.505
0.851
0.965
0.648
0.794
1.014
0.346
1.002
0.767
0.714
0.626
0.863
0.802
0.486
0.884
0.608
1.119
0.527
0.861
0.897
1.049
1.027
0.883
0.76
0.75
0.531
0.75
0.655
0.514
0.659
0.698
0.8
1.049
0.907
1.126
0.716
0.934
0.882
0.676
0.917
0.354
0.454
0.748
0.469
0.731
0.603
0.374
0.614
0.582
0.753
0.641
0.784
0.732
0.48
0.434
0.429
0.54
0.495
0.371
0.446
0.453
0.405
0.254
0.341
0.13
0.257
0.306
0.372
0.546
0.263
-0.035
0.047
-0.105
-0.049
-0.155
0.096
-0.176
-0.217
-0.037
0.168
0.032
-0.168
-0.113
-0.236
-0.155
-0.308
-0.237
-0.129
-0.096
-0.377
-0.362
0.046
-0.024
0.152
0.692
0.436
0.355
0.161
0.282
0.117
0.429
0.289
0.631
0.342
0.243
0.446
0.438
0.419
0.174
0.099
0.23
-0.057
-0.088
-0.026
-0.234
-0.129
0.017
-0.254
0.209
0.414
0.16
0.359
0.577
0.491
0.542
0.822
0.762
0.934
0.973
0.929
1.008
1.061
1.153
1.568
1.253
1.062
1.055
1.011
1.056
0.848
0.658
0.549
0.916
0.686
0.805
0.869
0.974
0.946
1.067
1.0
0.957
0.727
0.626
0.472
0.373
0.22
0.343
0.123
0.411
0.152
0.362
0.333
0.422
0.328
-0.134
0.131
-0.137
-0.358
-0.182
-0.181
0.19
0.03
0.468
0.726
0.712
0.849
0.645
0.653
0.542
0.564
0.405
0.358
0.616
0.44
0.278
-0.053
0.116
-0.018
0.154
0.076
0.089
-0.055
-0.045
-0.039
0.071
0.063
-0.051
0.197
-0.066
0.226
0.213
-0.04
0.096
0.203
0.458
0.429
0.992
0.389
0.756
0.759
0.598
0.825
0.696
0.603
0.56
0.336
0.399
0.309
0.537
0.41
0.366
0.429
0.37
0.682
0.554
0.566
0.115
0.135
0.168
0.24
0.499
0.453
0.466
0.464
0.163
0.318
0.076
0.292
0.067
-0.158
-0.638
-0.313
-0.487
-0.873
-0.739
-0.694
-0.779
-0.697
-1.224
-0.742
-0.971
-0.78
-1.009
-0.878
-1.024
-0.907
-0.915
-0.336
-0.597
-0.723
0.149
-0.161
-0.356
-0.073
-0.487
-0.185
-0.168
-0.463
-0.389
-0.622
-0.926
-0.81
-0.137
-0.704
-0.257
-0.099
-0.126
0.392
0.133
0.355
0.616
0.413
0.447
0.527
0.547
0.719
0.714
0.365
0.63
0.801
0.524
0.346
0.656
0.622
0.489
0.175
0.219
-0.144
0.173
0.291
0.146
0.17
0.009
0.308
0.451
0.296
0.496
0.885
0.497
0.451
0.557
0.535
0.536
0.239
0.412
0.466
0.593
0.699
0.871
0.96
0.769
0.653
0.386
0.17
0.608
0.148
0.369
0.431
0.104
0.243
0.099
0.463
0.359
0.322
0.279
0.34
0.233
0.294
-0.018
0.063
-0.118
-0.119
-0.121
-0.095
-0.282
-0.124
0.175
-0.458
0.518
-0.343
-0.044
0.403
0.252
-0.127
0.046
-0.066
-0.226
-0.278
-0.032
-0.371
-0.106
-0.129
-0.283
-0.288
-0.088
-0.367
-0.278
-0.392
-0.105
-0.393
-0.191
-0.285
-0.642
-0.582
-0.661
-0.981
-0.705
-0.551
-0.568
-0.477
-0.527
-0.757
-0.327
-0.468
-0.242
0.195
0.071
-0.247
-0.532
-0.853
-0.896
-0.509
-0.772
-0.431
-0.37
-0.11
-0.052
0.054
0.018
0.208
0.394
0.102
0.364
0.37
0.207
0.216
0.164
0.226
0.186
0.681
0.687
0.333
0.457
0.557
0.453
0.497
0.916
0.467
0.998
0.636
0.617
0.595
0.541
0.485
0.513
0.401
-0.034
-0.126
0.041
-0.145
-0.673
-0.791
-1.095
-1.263
-1.103
-1.442
-1.268
-1.541
-1.258
-1.341
-0.786
-1.294
-1.165
-1.216
-1.02
-1.026
-0.68
-0.716
-0.858
-0.529
-0.415
-0.687
-0.588
-0.539
-0.32
-0.705
-0.618
0.092
-0.297
-0.043
-0.169
0.146
0.032
0.23
0.049
0.506
0.331
0.179
0.25
0.331
0.662
0.809
0.808
0.998
0.97
0.749
0.836
0.685
0.563
0.835
0.988
0.992
1.127
1.112
0.906
0.402
0.231
0.224
0.363
0.578
0.643
0.485
0.787
0.771
0.636
1.081
0.87
0.75
0.729
0.844
0.876
0.739
0.451
0.52
0.334
0.064
-0.015
0.206
0.335
0.724
0.209
0.42
0.064
-0.097
-0.239
0.005
0.493
0.28
0.243
0.281
-0.072
0.022
-0.297
-0.277
-0.192
-0.059
0.013
0.07
0.12
0.136
-0.013
-0.196
-0.237
-0.358
-0.249
-0.152
-0.188
-0.413
-0.039
-0.352
-0.257
-0.325
-0.188
-0.219
-0.312
-0.463
-0.064
-0.055
-0.233
-0.256
0.122
-0.182
-0.065
-0.29
-0.207
-0.278
-0.229
-0.045
-0.013
-0.113
-0.14
-0.301
-0.224
-0.476
-0.294
-0.446
-0.202
-0.486
-0.653
-0.368
-0.638
-0.718
-0.873
-0.32
-0.557
-0.334
-0.484
-0.374
-0.607
-0.507
-0.347
-0.649
-0.564
-0.429
-0.286
-0.497
-0.494
-0.513
-0.24
-0.592
-0.367
-0.636
-0.363
-0.378
-0.207
-0.164
-0.168
-0.248
-0.585
-0.471
-0.138
-0.133
0.408
-0.049
0.151
-0.201
-0.359
-0.815
-0.796
-1.217
-1.022
-0.808
-1.205
-0.798
-0.604
-0.58
-0.468
-0.394
-0.451
-0.134
-0.275
-0.044
-0.026
-0.072
-0.228
-0.091
-0.239
-0.195
-0.139
0.099
0.22
0.309
0.174
0.295
0.352
0.033
0.318
0.366
0.448
0.328
0.435
0.541
0.683
0.318
0.577
0.295
0.176
0.122
0.252
0.241
0.121
-0.022
-0.217
-0.037
-0.22
-0.382
-0.171
-0.643
-0.775
-0.978
-1.051
-0.858
-1.026
-0.796
-0.683
-0.578
-0.667
-0.697
-0.546
-0.708
-0.482
-0.552
-0.598
-0.811
-0.888
-0.641
-0.71
-0.496
-0.48
-0.467
-0.293
-0.508
-0.348
-0.337
-0.535
-0.302
-0.448
-0.369
-0.494
-0.039
-0.343
-0.307
-0.189
-0.408
-0.179
-0.298
-0.348
-0.635
-0.338
-0.535
-0.826
-0.589
-0.528
-0.647
-0.803
-0.416
-0.4
-0.496
-0.292
-0.292
-0.364
-0.756
-0.642
-0.743
-0.582
-0.661
-0.572
-0.492
-0.512
-0.843
-0.69
-0.508
-0.663
-0.595
-0.425
-0.344
-0.408
-0.285
0.149
-0.03
-0.168
-0.086
-0.162
-0.069
-0.077
0.012
-0.209
-0.166
-0.116
-0.207
-0.199
-0.19
-0.41
-0.249
0.227
-0.313
-0.009
-0.198
-0.107
-0.711
-0.309
-0.382
-0.494
-0.514
-0.288
-0.401
-0.676
-0.5
-0.289
-0.531
-0.546
-0.231
-0.415
0.183
-0.966
-0.338
0.037
0.048
-0.261
0.162
0.192
0.305
0.329
0.672
0.491
0.755
0.772
0.606
0.673
0.521
0.454
-0.012
-0.062
-0.038
0.182
0.043
0.086
-0.05
-0.099
-0.046
-0.025
0.172
0.004
0.112
-0.083
0.309
0.246
0.369
0.305
0.445
0.143
0.281
0.465
0.448
0.504
0.429
0.422
0.493
0.698
0.577
0.749
0.661
0.33
0.529
0.643
0.583
0.821
0.615
0.772
0.477
0.846
0.556
0.631
0.25
0.173
-0.138
-0.104
-0.315
-0.274
-0.034
-0.127
-0.193
-0.281
0.171
-0.093
0.171
0.589
0.208
0.148
0.008
-0.051
-0.113
0.026
-0.176
-0.264
-0.124
-0.229
-0.062
-0.362
-0.237
-0.424
-0.367
-0.677
-0.572
-0.379
-0.539
-0.483
-0.142
-0.071
-0.381
-0.058
-0.639
-0.598
-0.152
-0.154
-0.203
0.176
-0.165
0.162
-0.084
-0.038
0.143
0.112
0.241
0.212
0.477
0.485
0.554
0.401
0.562
0.421
0.384
0.635
0.446
0.722
1.067
0.958
0.471
0.729
0.781
0.914
0.902
0.793
1.01
0.694
0.702
1.063
1.212
1.054
1.294
1.169
1.187
0.87
0.92
0.912
0.948
0.559
0.457
0.746
0.586
0.605
0.678
0.789
0.392
0.136
0.011
0.327
0.499
0.476
0.445
0.665
1.132
0.798
0.641
0.69
0.528
0.325
0.508
0.422
0.444
0.528
0.492
0.595
0.407
0.318
0.795
0.587
0.281
0.533
0.743
0.575
0.484
0.409
0.491
0.146
0.218
0.517
0.396
0.269
0.343
0.468
0.443
0.308
0.294
0.547
0.417
0.358
0.588
0.11
0.101
0.218
0.141
0.353
0.156
0.369
0.006
-0.014
-0.013
0.118
0.335
0.254
0.103
0.114
-0.182
-0.153
0.248
-0.242
-0.133
-0.069
-0.409
-0.208
-0.008
-0.617
-0.022
-0.301
0.03
-0.341
-0.233
-0.305
-0.262
0.107
-0.382
-0.266
-0.479
-0.069
-0.116
-0.177
0.049
0.183
0.234
0.38
0.108
0.383
0.479
0.31
0.528
0.705
0.584
0.744
0.615
0.811
0.767
0.833
0.741
0.899
0.883
0.803
0.466
0.73
0.603
0.471
0.347
0.261
0.362
0.303
0.35
-0.006
0.379
0.243
0.217
0.216
0.455
0.038
0.002
0.192
0.195
-0.357
0.015
-0.313
-0.46
-0.346
-0.065
-0.199
-0.363
-0.226
-0.856
-0.227
-0.302
-0.6
-0.729
-0.71
-0.171
-0.763
-0.78
-0.601
-0.497
-0.713
-0.456
-0.539
-0.366
-0.244
-0.627
-0.519
-0.633
-0.685
-0.81
-0.441
-0.528
-0.458
-0.477
-0.382
-0.652
-1.036
-0.273
-0.383
-0.506
-0.006
0.247
-0.307
0.106
-0.622
-0.187
-0.218
-0.305
-0.251
-0.188
-0.193
-0.08
-0.349
-0.412
-0.426
-0.283
-0.176
0.312
0.066
0.283
-0.01
-0.123
-0.533
-0.271
-0.565
-0.692
-0.819
-0.739
-0.436
-0.207
-0.511
-0.622
-0.385
-0.701
-0.62
-0.398
0.346
0.048
0.204
-0.179
0.478
-0.052
-0.233
0.18
0.587
0.194
0.444
0.931
0.352
0.423
0.324
0.186
0.019
-0.032
0.19
0.202
0.506
0.532
0.302
0.483
0.834
0.718
0.664
0.556
0.338
0.692
0.375
0.477
0.771
0.736
0.751
0.642
0.341
0.626
0.826
0.345
0.75
1.067
0.494
0.626
0.824
0.926
0.966
0.964
0.713
0.888
0.655
0.381
0.46
0.506
0.286
0.579
0.236
0.74
0.637
0.26
0.171
0.003
0.234
0.109
0.352
0.157
0.081
0.419
0.022
0.376
0.54
0.392
0.215
0.34
0.083
-0.034
0.189
0.083
0.471
0.163
0.182
0.208
0.275
0.53
0.34
0.791
1.366
1.578
1.971
1.873
1.835
1.766
1.93
1.867
1.896
2.124
2.011
2.047
1.772
2.01
1.255
1.33
1.456
1.782
1.658
1.412
1.512
0.992
1.444
1.36
1.137
1.066
1.004
1.059
0.882
1.006
0.85
0.877
0.984
0.541
0.7
0.804
0.818
0.794
1.106
0.795
1.18
0.961
1.164
0.876
1.194
1.13
0.623
0.896
1.309
1.363
1.51
1.622
1.13
1.661
1.383
1.475
1.434
1.723
1.443
1.272
1.611
1.673
1.361
1.45
1.204
1.463
1.662
1.745
1.474
1.926
1.596
1.138
1.218
1.146
1.468
1.266
1.875
1.56
1.098
1.383
1.716
1.438
1.292
1.322
0.812
0.811
0.463
0.432
0.441
0.145
2.565
0.015
-0.037
0.083
0.298
0.243
0.463
0.196
0.117
0.313
0.456
0.245
0.484
0.16
0.54
0.416
0.819
0.505
0.445
0.587
0.544
0.459
0.589
0.918
0.747
0.76
0.622
0.53
0.464
0.539
0.538
0.517
0.279
0.2
0.57
0.412
0.508
0.587
0.435
0.215
0.624
0.32
0.338
0.06
0.167
0.096
0.115
-0.219
-0.411
-0.367
-0.179
-0.568
-0.402
-0.807
-0.739
-0.903
