-0.211
0.083
0.121
0.314
0.204
0.67
0.287
0.04
0.206
0.379
0.65
0.359
0.239
0.214
0.206
0.517
0.716
0.524
0.355
0.686
0.177
0.341
0.122
-0.008
-0.273
-0.215
-0.246
-0.409
-0.493
-0.385
-0.367
-0.26
-0.159
0.188
-0.015
-0.024
0.083
0.497
0.091
0.034
0.425
0.404
0.282
0.044
-0.142
0.222
0.208
0.242
0.174
0.524
0.325
0.46
0.781
0.631
0.492
0.717
0.192
0.271
0.277
0.271
0.265
0.737
0.489
0.495
0.511
0.344
0.21
0.312
0.365
-0.115
0.377
0.102
0.175
-0.162
-0.252
-0.11
-0.441
-0.394
0.015
-0.045
-0.03
-0.281
-0.526
-0.371
-0.415
-0.455
-0.4
-0.418
-0.544
-0.685
-0.581
-0.839
-0.895
-0.653
-0.586
-0.434
-0.271
-0.448
-0.322
-0.287
-0.302
-0.559
-0.284
-0.58
-0.532
-0.527
-0.489
-0.664
-0.586
-0.526
-0.698
-0.375
-0.571
-0.489
-0.643
-0.441
-0.608
-0.463
-0.374
-0.363
-0.386
-0.426
-0.532
-0.744
-0.848
-0.984
-0.851
-0.467
-1.001
-0.6
-0.793
-0.894
-0.573
-0.448
-0.643
-0.359
-0.104
-0.263
0.154
-0.071
0.139
-0.24
0.246
0.271
0.342
0.2
0.598
0.502
0.413
0.452
0.658
0.627
0.476
0.568
0.936
0.707
0.807
1.102
1.424
0.904
0.916
1.224
1.223
0.922
0.739
0.995
0.704
0.172
0.716
0.72
0.202
0.663
0.601
0.758
0.61
0.698
0.583
0.674
0.718
0.303
0.769
0.451
0.421
0.46
0.598
0.76
0.426
0.745
1.028
0.953
1.077
1.214
1.096
0.725
0.863
0.988
0.607
0.569
1.118
0.622
1.127
1.292
1.377
1.14
1.108
0.768
0.858
0.868
1.193
0.77
1.106
0.795
0.802
0.449
0.851
0.526
0.541
0.71
0.663
0.423
0.383
0.606
0.653
0.745
1.062
1.254
1.582
1.437
1.147
1.402
1.031
1.33
1.514
0.902
1.387
1.471
1.266
1.48
1.305
1.478
2.14
2.318
1.956
1.857
1.922
1.361
1.703
1.672
1.546
1.68
1.886
1.435
1.628
1.637
1.593
1.475
1.723
1.516
-2.567
1.919
1.698
1.398
1.414
2.028
1.887
2.333
2.394
2.565
2.555
2.528
2.431
2.322
2.188
2.347
2.395
2.198
1.972
1.855
1.72
1.155
1.697
2.165
2.163
1.545
1.613
1.649
0.96
0.888
1.047
0.838
0.88
0.701
0.929
0.998
0.568
0.517
0.851
0.403
0.578
0.535
-0.158
0.255
0.165
0.094
-0.09
-0.352
0.041
-0.165
-0.046
2.565
-0.454
-0.641
-0.712
-1.006
-0.856
-0.784
-0.801
-0.844
-0.982
-1.082
-0.776
-0.572
-0.956
-0.594
-0.591
-0.749
-0.604
-0.542
-0.744
-0.709
-0.839
-0.567
-1.085
-0.952
-0.842
-1.07
-0.607
-0.635
-0.918
-0.944
-0.363
-0.192
-0.285
-0.619
-0.568
-0.858
-0.731
-0.814
-0.468
-0.748
-0.617
-0.335
-0.209
-0.614
-0.489
-0.243
-0.329
-0.49
-0.455
-0.307
-0.213
-0.196
-0.253
-0.445
-0.067
-0.153
0.145
-0.075
0.098
0.046
0.032
-0.165
-0.216
-0.343
-0.199
-0.623
-0.519
-0.557
-0.549
-0.82
-0.583
-0.786
-0.808
-0.804
-0.717
-0.734
-0.901
-0.941
-1.243
-1.418
-1.226
-1.383
-1.014
-0.768
-0.38
-0.569
-0.593
-0.559
-0.153
-0.332
-0.063
-0.276
0.217
-0.13
0.09
-0.18
0.001
-0.106
-0.326
-0.543
-0.547
-0.15
-0.007
-0.344
-0.34
-0.194
-0.118
-0.305
-0.468
-0.585
-1.043
-1.033
-0.958
-0.953
-0.97
-0.516
-0.466
-0.458
-0.767
-0.765
-1.238
-0.31
0.096
0.801
0.563
0.873
0.586
0.009
-0.133
-0.139
-0.155
-0.233
-0.135
-0.223
-0.671
-0.492
-0.412
-0.088
0.421
0.05
0.567
0.251
0.133
-0.509
-0.497
-0.608
-0.832
-0.903
-1.396
-1.482
-1.366
-1.012
-1.179
-1.123
-1.187
-0.972
-1.346
-1.19
-1.424
-1.142
-1.261
-1.538
-1.294
-0.966
-0.966
-1.215
-0.779
-1.1
-0.701
-0.214
-0.082
0.197
0.065
0.385
-0.096
0.112
0.192
0.136
0.132
0.309
-0.218
-0.027
0.158
0.228
0.238
0.502
0.678
0.695
-0.062
0.237
0.127
0.259
-0.085
0.23
-0.0
-0.178
-0.2
-0.185
-0.611
-0.383
-0.481
-0.25
-0.51
-0.415
-0.242
-0.353
-0.206
-0.491
-0.275
-0.617
-0.787
-0.566
-0.566
-0.669
-0.63
-0.707
-1.089
-0.708
-1.237
-1.214
-0.922
-1.1
-0.804
-0.776
-0.667
-0.485
-0.353
-0.502
-0.509
-0.298
-0.199
-0.021
0.006
0.183
0.485
0.508
0.852
0.783
0.545
0.54
0.343
0.562
0.225
0.343
0.213
0.096
0.658
0.35
0.385
0.624
0.587
0.341
0.479
0.224
0.214
0.094
0.031
0.257
-0.023
-0.042
-0.143
-0.154
-0.122
0.049
0.023
0.215
0.491
0.354
0.319
0.362
0.473
0.572
0.621
0.777
0.94
0.717
0.841
0.736
0.461
0.415
0.378
0.529
0.694
0.841
1.087
1.218
1.126
1.108
0.78
0.8
0.733
0.437
1.072
0.583
0.556
0.498
0.763
0.431
0.436
0.113
0.469
0.414
0.286
0.639
0.498
0.597
0.573
0.562
0.41
0.439
0.396
0.698
0.854
0.727
0.65
0.378
0.086
-0.001
-0.175
-0.149
-0.121
0.002
0.138
0.211
0.221
-0.304
-0.242
-0.01
-0.312
-0.436
0.162
0.386
-0.268
-0.277
-0.337
-0.314
-0.334
0.106
0.413
0.177
0.323
0.025
0.276
-0.05
0.218
0.206
0.515
0.592
0.586
0.619
0.514
0.571
0.569
0.294
0.398
0.539
0.727
0.543
0.835
1.375
0.932
1.137
0.857
0.936
0.613
1.047
1.321
1.205
1.061
0.775
0.876
1.259
0.816
1.021
1.222
1.134
0.783
0.394
0.344
0.198
-0.15
-0.141
-0.008
-0.136
-0.175
-0.042
-0.358
0.338
0.112
0.116
0.164
0.127
0.326
-0.067
-0.083
-0.041
-0.04
-0.15
0.092
0.136
-0.264
-0.149
-0.545
-0.225
-0.554
-0.542
-0.65
-0.44
-0.602
-0.684
-0.638
-0.697
-0.972
-1.07
-0.803
-0.526
-0.67
-0.557
-0.707
-0.505
-0.7
-0.691
-0.706
-0.731
-0.677
-0.745
-0.899
-0.453
-0.765
-0.533
-0.75
-0.548
-0.379
-0.326
-0.761
-0.375
-0.196
-0.651
-0.427
-0.537
-0.522
-0.665
-0.772
-1.079
-0.646
-0.913
-0.434
-0.844
-0.775
-0.342
-0.447
-0.383
-0.873
-0.786
-0.399
-0.948
-0.373
-0.799
-0.576
-0.442
-0.417
-0.218
-0.22
-0.193
0.188
0.517
0.513
0.612
0.857
0.644
0.453
0.618
0.695
0.336
0.61
0.35
0.483
0.448
0.107
0.034
0.216
0.047
0.127
0.427
-0.025
0.107
0.11
-0.391
-0.182
-0.161
-0.107
-0.001
-0.173
-0.301
-0.516
-0.379
-0.519
-0.677
-0.772
-0.57
-0.846
-0.915
-0.508
-0.693
-0.795
-0.751
-0.621
-0.557
-0.633
-0.643
-0.421
-0.31
-0.378
-0.497
-0.213
-0.468
-0.564
-0.637
-0.261
-0.538
-0.353
-0.395
-0.351
-0.272
0.072
0.117
0.499
0.519
0.437
0.471
0.245
0.379
0.297
0.267
0.241
0.281
-0.048
-0.053
-0.423
-0.259
-0.231
-0.044
-0.243
0.236
0.315
0.447
0.381
0.182
-0.009
-0.21
-0.072
0.056
-0.011
-0.284
0.124
-0.454
-0.109
-0.037
-0.083
0.067
0.132
0.289
-0.0
0.175
-0.303
-0.472
-0.562
-0.298
-0.371
-0.012
-0.113
0.207
0.117
0.237
0.107
0.528
0.587
0.708
0.578
0.238
0.247
0.114
0.254
0.177
0.006
-0.028
0.311
0.219
0.65
0.294
0.327
0.128
0.237
0.077
-0.095
-0.039
-0.154
0.01
0.19
0.12
0.118
0.323
0.194
0.282
0.226
0.637
0.712
0.614
1.047
0.481
0.422
0.328
0.484
0.229
0.158
0.079
0.213
0.045
-0.337
0.153
0.155
0.306
0.192
0.418
0.658
0.861
1.106
1.004
0.732
1.05
1.158
0.979
0.621
1.068
0.703
0.787
0.542
0.604
0.834
0.741
0.973
0.782
0.761
0.963
0.829
1.162
1.204
0.387
0.908
0.768
0.593
1.087
0.922
0.862
1.06
1.282
1.444
1.51
1.666
1.49
1.602
1.602
1.416
1.306
1.428
1.076
0.778
1.415
1.09
1.353
1.38
1.708
1.618
1.624
1.593
1.438
1.441
1.197
1.09
1.111
1.02
0.969
1.083
0.871
0.818
0.757
0.77
0.63
1.427
0.876
0.614
1.264
1.009
0.995
1.542
1.251
1.019
1.568
1.789
1.761
1.75
2.152
1.738
2.051
1.859
1.425
1.306
1.249
1.356
1.245
1.497
1.571
1.444
1.52
1.05
0.883
0.679
0.831
1.038
0.827
0.742
0.989
0.969
0.964
0.731
0.789
1.504
1.198
1.173
1.036
1.226
0.672
0.96
1.15
1.125
1.067
0.719
0.435
0.06
0.116
0.081
-0.08
0.015
0.133
0.617
0.837
0.538
0.578
0.828
0.655
0.878
0.787
0.988
0.841
0.554
0.467
0.221
-0.193
-0.705
-0.354
-0.167
-0.148
0.206
0.148
0.51
0.103
0.031
-0.451
-0.457
-0.799
-0.655
-0.628
-0.805
-0.993
-1.005
-0.984
-0.995
-0.905
-0.567
0.112
0.016
-0.358
-0.168
-0.265
-0.51
-0.547
-0.397
-0.175
-0.186
-0.012
0.318
0.556
0.784
0.292
0.207
0.108
0.379
0.161
0.333
0.168
-0.125
-0.261
-0.449
-0.775
-0.345
-0.259
-0.825
-0.576
-0.901
-1.157
-0.953
-1.253
-1.399
-1.176
-1.166
-1.265
-1.127
-1.173
-1.691
-1.44
-1.66
-1.619
-1.49
-1.09
-1.504
-1.47
-0.94
-1.495
-1.628
-1.548
-1.531
-2.087
-1.762
-1.967
-2.148
-1.949
-1.699
-1.526
-1.569
-1.512
-1.015
-0.821
-0.893
-1.173
-0.855
-0.945
-0.597
-0.883
-0.755
-0.515
-0.333
-0.541
-0.578
-0.378
-0.576
-0.213
-0.524
-0.476
-0.73
-0.877
-0.575
-0.625
-0.609
-0.472
0.36
0.172
0.069
0.652
0.502
-0.051
-0.093
-0.085
-0.078
-0.198
0.043
-0.176
-0.14
-0.474
-0.637
-0.731
-0.694
-0.607
-0.509
-0.559
-0.558
-0.636
-0.488
-0.539
-0.421
-0.366
-0.492
-0.235
-0.347
-0.294
-0.351
-0.294
0.087
-0.153
-0.02
-0.104
-0.198
-0.26
-0.11
-0.13
0.032
0.14
-0.071
0.055
-0.336
-0.388
-0.366
-0.511
-0.561
-0.44
-0.695
-0.824
-0.747
-0.769
-0.397
0.17
0.213
-0.387
-0.787
-0.508
-0.868
-0.403
-0.427
-0.445
0.186
-0.442
-0.341
-0.301
-0.383
-0.214
0.145
0.349
0.301
0.041
0.26
0.338
0.448
0.234
0.333
0.369
0.314
0.142
0.391
0.02
-0.114
-0.295
0.076
-0.357
-0.034
0.224
0.374
0.223
0.374
0.174
0.082
0.125
-0.463
0.114
0.109
0.045
1.028
0.525
0.145
0.174
-0.165
-0.339
-0.556
-0.637
-1.189
-0.927
-0.708
-0.983
-0.961
-0.799
-0.925
-0.861
-0.735
-0.27
-0.184
0.09
-0.223
0.07
0.1
-0.403
-0.04
0.063
0.489
0.204
0.618
0.28
0.318
0.845
0.547
0.8
0.669
0.492
0.606
0.343
0.345
-0.006
0.765
0.698
-0.013
0.079
0.266
0.123
0.16
0.539
0.739
0.956
0.4
0.594
0.234
0.183
0.671
0.442
0.832
0.598
0.268
0.371
0.364
0.283
0.177
0.283
0.277
0.372
0.154
0.743
0.676
0.283
0.362
0.228
0.293
0.102
0.015
-0.532
-0.168
0.153
-0.423
-0.635
-0.168
0.033
-0.09
-0.409
-0.513
-0.539
-0.874
-0.633
-0.908
-0.885
-0.543
-0.357
-0.409
-0.645
-0.038
-0.394
-0.325
0.222
0.017
0.159
0.068
0.257
0.194
0.301
0.383
0.295
0.288
0.063
-0.152
-0.398
-0.334
-0.516
0.547
0.031
0.062
0.2
0.299
0.117
0.24
0.097
0.225
0.064
0.254
0.228
0.311
0.228
0.357
0.022
0.345
-0.222
-0.076
0.064
0.292
-0.003
0.339
0.103
0.259
-0.314
-0.402
-0.351
-0.064
-0.232
0.101
-0.101
-0.093
-2.567
0.034
0.064
-0.148
-0.187
-0.302
-0.268
-0.03
0.483
0.469
0.397
0.379
0.329
0.083
0.315
0.005
-0.024
-0.043
-0.094
-0.05
-0.384
-0.127
-0.435
-0.304
-0.219
-0.186
-0.139
-0.057
-0.259
-0.075
0.22
-0.208
0.182
-0.311
-0.455
-0.433
-0.223
-0.246
-0.227
-0.179
-0.055
-0.077
0.057
0.612
0.739
0.702
0.328
0.366
0.173
0.066
-0.12
-0.189
0.208
0.336
0.2
0.086
0.236
-0.002
-0.356
-0.344
0.103
0.018
0.179
0.507
0.625
0.217
-0.223
0.059
-0.054
-0.172
-0.212
0.176
0.01
0.223
0.039
-0.107
-0.277
-0.28
-0.457
-0.485
-0.25
-0.252
-0.234
-0.074
-0.418
-0.484
-0.264
-0.357
-0.108
-0.161
0.095
-0.181
0.014
0.155
0.258
0.264
0.209
0.141
0.386
0.628
0.369
0.998
0.461
0.317
0.48
0.492
0.283
0.512
0.431
0.212
0.504
0.274
-0.269
-0.247
-0.255
-0.453
0.023
0.396
-0.1
0.404
0.039
0.376
0.623
0.423
0.224
0.367
0.046
0.142
0.117
0.525
0.539
0.499
0.579
0.639
0.318
0.345
0.609
0.425
0.229
-0.053
0.2
0.137
0.359
-0.003
-0.048
0.03
0.101
0.064
0.156
-0.076
-0.222
-0.019
-0.138
0.127
0.101
0.198
0.127
0.013
-0.274
-0.528
-0.055
-0.511
-0.389
0.527
-0.037
0.485
0.875
0.923
0.804
1.102
1.215
1.152
1.394
1.387
0.99
1.032
1.254
0.897
1.114
0.976
0.905
0.841
0.657
0.633
0.595
0.434
1.016
0.562
0.596
0.54
0.353
0.101
0.407
0.527
0.578
0.293
0.285
-0.019
0.152
-0.138
-0.285
-0.224
-0.088
0.371
-0.008
0.485
0.145
0.188
0.458
-0.033
-0.015
-0.051
-0.185
-0.122
-0.395
0.237
0.105
-0.622
0.168
-0.072
-0.239
-0.152
-0.444
-0.48
-0.21
1.583
0.948
1.294
1.408
1.118
0.758
0.782
0.697
0.717
1.034
1.242
1.597
1.747
1.513
1.242
1.346
1.373
1.271
1.706
1.451
1.934
1.143
1.383
1.38
1.337
1.273
1.513
1.098
1.271
1.472
1.496
1.739
1.927
1.816
1.897
2.071
2.074
1.728
1.729
1.617
1.78
1.672
1.783
2.056
2.055
1.885
1.964
1.917
1.58
1.448
1.133
1.391
1.14
1.554
1.143
1.069
0.784
0.608
1.042
0.814
0.592
0.638
1.902
0.752
0.745
0.984
1.628
1.039
1.552
1.292
0.987
0.988
0.887
0.814
0.73
0.605
0.731
0.282
0.417
0.43
0.695
0.928
0.939
0.588
0.463
0.198
0.097
-0.307
-0.37
-0.551
-0.229
-0.791
-0.609
-0.548
-0.85
-0.688
-0.033
-0.324
-0.284
-0.419
-0.271
-0.504
-0.177
-0.432
-0.772
-0.597
-0.869
-0.843
-0.903
-0.874
-0.663
-0.424
-0.454
-0.36
-0.041
-0.388
-0.298
-0.231
-0.113
-0.464
0.111
-0.172
-0.058
0.049
0.033
0.391
0.181
0.166
0.129
0.629
0.636
0.905
0.681
0.764
0.878
0.684
0.684
0.508
0.078
0.068
-0.347
0.049
-0.182
0.005
0.283
-0.143
-0.242
-0.278
-0.267
-0.254
-0.616
-0.645
-0.57
-0.751
-0.531
-0.989
-0.697
-0.664
-0.351
-0.182
-0.325
-0.289
-0.189
-0.481
-0.423
-0.52
-0.792
-0.858
-0.867
0.654
-0.987
-0.949
-0.756
-0.679
-0.833
0.051
-0.285
-0.092
-0.14
-0.407
-0.162
-0.35
-0.3
-0.291
-0.664
-0.722
-1.041
-1.023
-1.042
-0.832
-1.096
-0.801
-0.442
-0.495
-1.268
-0.779
-0.792
-0.802
-0.827
-0.643
-0.471
0.049
-0.131
0.243
-0.08
-0.453
-0.53
-0.647
-1.106
-1.089
-0.795
-1.095
-1.214
-1.314
-1.422
-1.571
-1.542
-1.232
-0.649
-0.845
-0.931
-0.489
-0.948
-1.222
-1.062
-0.25
-0.545
-0.45
-0.991
-1.17
-1.228
-1.6
-1.462
-1.48
-1.776
-1.365
-1.706
-1.802
-0.823
-0.731
-0.407
-0.461
-0.263
-0.444
-0.614
-0.242
-0.115
-0.39
-0.191
-0.353
-0.442
-0.425
-0.434
-0.251
0.019
0.467
0.422
0.57
0.948
0.586
0.348
0.615
0.191
0.089
0.381
0.424
0.378
0.039
0.275
0.237
0.257
0.169
0.214
0.222
0.029
-0.218
0.136
-0.456
-0.509
-0.742
-0.667
-0.828
-0.561
-0.412
-0.409
-0.497
-0.294
-0.342
-0.244
-0.227
-0.356
-0.802
-0.693
-0.783
-0.737
-0.175
-0.085
-0.114
-0.271
0.033
-0.085
0.326
0.615
0.26
0.671
0.595
0.729
0.575
0.696
0.572
0.354
0.14
0.128
0.136
0.11
-0.268
-0.167
-0.422
-0.181
-0.256
-0.216
-0.442
-0.266
-0.252
-0.707
-0.515
-0.566
-1.079
-0.558
-0.608
-0.273
-0.23
0.065
-0.301
-0.043
0.05
0.046
0.038
0.049
0.294
-0.182
-0.235
-0.196
-0.377
0.01
0.018
0.173
0.13
0.118
0.197
-0.058
0.322
0.187
0.289
0.603
0.883
0.848
0.748
0.853
0.465
0.552
0.254
0.173
0.104
0.122
0.005
0.207
-0.38
0.223
0.372
0.152
0.074
0.268
0.456
0.396
0.096
0.162
-0.277
0.114
0.271
0.271
0.128
0.044
0.09
-0.086
0.095
0.088
0.22
0.232
-0.079
0.115
0.548
0.186
0.469
0.168
0.087
0.111
0.051
0.103
0.326
0.517
0.578
0.469
0.481
0.341
0.309
0.461
0.346
-0.028
0.02
0.392
0.326
0.439
1.11
0.251
0.298
0.301
0.316
0.291
0.312
0.269
0.261
0.257
0.508
0.848
0.29
0.138
0.154
-0.178
-0.188
-0.305
-0.035
0.082
0.02
0.028
-0.008
-0.103
0.088
-0.057
0.186
0.006
0.4
0.124
0.188
0.465
0.203
-0.057
-0.146
-0.334
-0.343
-0.366
-0.379
-0.563
-0.508
-0.337
-0.428
-0.614
-0.419
-0.341
-0.265
-0.273
-0.101
-0.042
0.033
0.014
-0.119
-0.167
-0.191
0.282
0.42
0.234
0.315
0.518
0.372
0.258
0.457
0.081
0.494
0.525
0.343
0.554
0.545
0.512
0.455
0.528
0.573
0.217
0.197
0.375
0.06
0.128
0.247
0.525
0.079
-0.138
-0.212
-0.132
-0.524
-0.535
-0.249
0.093
-0.369
0.04
0.005
-0.139
-0.08
0.138
0.32
0.176
-0.037
-0.043
-0.056
-0.095
-0.597
-0.394
-0.658
-0.427
-0.181
0.524
0.704
1.091
1.095
0.892
0.683
0.209
0.484
0.487
0.448
0.421
0.253
0.392
0.659
0.757
0.446
0.47
0.556
0.285
0.026
0.158
-0.083
-0.154
-0.285
-0.413
-0.361
-0.581
-0.643
-0.535
-0.512
-0.508
-0.04
-0.313
0.091
-0.374
-0.529
-0.245
-0.549
-0.443
-0.199
-0.002
-0.15
-0.082
-0.123
-0.153
-0.047
0.102
-0.263
-0.259
-0.279
-0.383
-0.009
-0.16
-0.008
-0.217
-0.388
-0.149
-0.657
-0.446
0.493
0.336
0.467
-0.042
0.404
-0.142
0.005
0.078
-0.093
0.174
0.196
-0.213
-0.072
-0.058
-0.541
-0.463
-0.437
-0.422
-0.279
-0.464
-0.063
-0.281
-0.396
-0.262
-0.107
0.255
0.154
0.316
0.064
0.462
0.217
0.327
0.334
0.354
0.535
0.432
0.995
0.571
0.505
0.508
0.009
0.593
0.398
0.259
0.452
0.338
0.27
0.503
0.441
0.48
0.1
0.157
0.406
0.333
-0.089
0.639
0.341
0.188
0.451
0.363
0.295
0.679
0.45
0.781
0.562
0.66
0.353
0.973
0.815
1.159
1.086
0.945
0.907
0.657
1.068
0.903
0.98
1.066
1.122
0.716
0.786
1.148
1.549
1.442
1.805
1.588
1.517
1.514
1.372
1.019
0.908
0.603
0.391
0.787
0.988
0.936
1.07
1.094
0.95
1.049
1.157
0.889
0.99
1.052
0.885
0.935
0.811
0.708
0.973
0.824
0.745
1.023
0.934
0.956
0.896
1.445
0.756
0.93
0.736
0.419
0.092
0.233
0.436
0.225
0.446
0.218
0.578
0.893
0.633
0.921
1.011
0.995
1.483
1.032
1.59
1.597
1.546
1.687
1.59
1.968
2.137
1.806
2.118
1.58
1.668
1.115
1.127
1.291
0.942
0.905
0.794
0.631
0.562
0.706
0.671
0.959
0.959
0.592
0.745
0.918
0.502
0.331
0.69
0.668
0.405
0.635
0.71
0.567
0.899
0.457
0.102
0.281
0.468
0.542
0.235
0.273
0.276
0.056
0.127
-0.123
0.309
0.168
0.451
0.023
0.551
0.503
0.953
1.062
0.51
0.677
0.517
1.269
1.079
0.897
0.648
0.503
0.29
0.3
0.727
1.039
1.066
1.24
1.262
-0.007
-0.255
-0.225
-0.001
0.006
0.465
0.512
0.378
-0.118
-0.238
-0.4
-0.07
-0.098
0.169
0.66
0.833
0.777
0.561
-0.145
-0.218
-0.448
-1.107
-0.883
-0.566
-0.609
-0.563
-0.823
-0.768
-1.003
-0.9
-1.276
-0.931
-1.428
-0.837
-1.008
-1.182
-1.295
-1.51
-1.29
-1.333
-1.259
-1.145
-1.316
-0.941
-0.652
-1.256
-0.953
-1.054
-1.032
-0.687
-0.628
-0.288
-0.473
-0.597
-0.787
-0.955
-0.878
-1.407
-1.031
-0.733
-0.853
-0.904
-0.324
-0.903
-0.674
-0.182
-0.119
-0.236
0.168
-0.075
-0.149
-0.023
0.086
0.14
0.142
0.558
