-0.128
-0.242
0.064
-0.596
-0.27
-0.725
-0.949
-1.04
-0.466
-0.187
0.387
-0.103
-0.122
-0.318
-0.667
-0.475
-0.349
-0.409
-0.633
-0.229
-0.423
-0.381
-0.102
-0.291
-0.669
-0.488
-0.212
-0.247
-0.162
-0.109
0.039
0.078
0.027
0.057
-0.437
-0.464
-0.318
-0.576
-0.608
-0.549
-0.361
-0.096
0.058
0.126
-0.187
-0.121
-0.323
-0.474
-0.35
0.133
0.094
0.329
0.114
0.188
0.083
0.257
0.059
0.24
-0.199
-0.14
0.238
-0.39
0.026
0.101
-0.187
-0.239
-0.117
-0.118
-0.198
0.15
-0.484
-0.449
-0.66
-0.896
-0.597
-0.695
-0.638
-0.698
-0.836
-0.756
-0.846
-0.913
-0.731
-0.705
-0.758
-0.875
-0.813
-0.779
-0.71
-0.833
-0.741
-0.287
-0.529
-0.337
-0.175
-0.371
-0.383
0.039
-0.622
-0.71
-0.825
-0.321
-0.911
-0.561
-0.552
-0.427
-0.53
-0.508
-0.008
-0.309
-0.08
-0.139
-0.409
-0.29
-0.423
-0.123
-0.05
-0.075
-0.032
-0.119
0.069
0.049
0.488
0.179
0.086
0.101
0.101
-0.111
-0.256
-0.48
-0.229
-0.164
-0.265
-0.125
-0.378
-0.54
-0.442
-0.485
-0.508
-0.342
-0.135
-0.057
0.109
0.034
-0.07
0.113
0.292
0.417
0.096
0.612
0.057
0.28
0.422
0.324
-0.148
0.218
0.311
0.19
0.465
0.448
0.527
0.623
0.381
0.268
0.535
0.501
0.33
0.346
0.193
-0.008
0.075
-0.264
-0.223
-0.1
-0.196
0.19
0.217
0.028
0.444
0.517
0.628
0.385
0.59
0.302
0.004
-0.101
-0.312
0.247
0.387
-0.037
0.148
0.055
-0.238
-0.143
-0.44
-0.25
0.007
-0.001
-0.035
-0.271
0.277
-0.071
0.119
0.243
-0.098
0.23
0.166
0.146
0.348
0.612
0.314
0.454
0.632
0.523
0.34
0.302
0.317
0.123
0.266
0.168
0.097
0.314
0.314
0.329
0.503
0.589
0.618
0.63
0.586
0.537
0.352
0.272
0.169
0.006
-0.016
-0.092
0.066
0.075
-0.008
0.039
-0.225
0.052
0.253
0.182
-0.041
0.125
-0.055
-0.044
-0.165
-0.157
0.077
-0.092
-0.17
-0.219
-0.45
-0.527
-0.383
-0.472
-0.375
-0.186
-0.277
-0.378
-0.28
-0.261
-0.53
-0.352
-0.326
-0.604
-0.547
-0.674
-0.682
-0.904
-0.958
-0.983
-1.122
-0.988
-0.858
-0.834
-0.638
-0.794
-0.269
-0.251
-0.671
-0.207
-0.256
-0.028
-0.063
-0.228
-0.392
-0.682
-0.481
-0.303
-0.291
-0.146
-0.244
0.054
-0.209
0.138
0.074
0.163
0.215
0.358
0.171
0.433
0.468
0.068
-0.039
0.409
0.301
-0.048
0.178
0.089
0.349
0.282
0.124
-0.257
-0.085
-0.05
-0.083
-0.166
-0.3
-0.293
-0.218
-0.259
-0.064
-0.152
-0.17
-0.133
-0.093
-0.606
-0.354
-0.264
-0.182
-0.195
0.205
-0.089
0.071
0.205
0.237
0.088
0.205
0.375
0.596
0.117
0.502
0.493
0.647
0.517
0.605
0.563
0.492
0.33
0.264
0.074
0.04
0.057
0.128
0.176
0.085
-0.134
-0.027
0.052
-0.126
-0.143
-0.09
-0.023
-0.09
0.173
0.017
0.158
0.11
-0.101
-0.099
-0.22
-0.062
-0.202
-0.445
-0.432
-0.542
-0.683
-0.43
-0.415
-0.203
-0.236
-0.344
-0.293
-0.404
-0.124
-0.235
-0.178
-0.519
-0.692
-0.539
-0.705
-0.508
-0.469
-0.504
-0.31
-0.188
-0.202
-0.114
-0.339
-0.701
-0.583
-0.636
-0.689
-0.519
-0.59
-0.589
-0.572
-0.503
-0.289
-0.554
-0.243
-0.146
-0.218
0.238
0.147
0.091
0.098
0.145
0.168
-0.006
0.32
0.033
0.107
0.213
0.022
0.075
0.032
-0.046
-0.046
0.047
-0.106
-0.013
0.004
0.204
0.078
0.102
0.464
0.762
0.677
0.611
0.487
0.367
0.557
0.554
0.921
0.755
0.863
0.91
1.168
1.015
1.042
0.464
0.563
0.147
0.184
-0.047
0.623
0.242
0.262
0.312
0.305
-0.025
-0.034
0.179
-0.173
-0.504
-0.187
-0.251
-0.293
-0.385
0.297
0.281
-0.055
0.029
0.284
0.27
0.266
0.511
0.582
0.268
0.395
0.376
0.219
0.43
0.374
-0.291
0.542
0.448
0.337
0.748
0.613
0.203
-0.005
0.03
-0.176
-0.273
0.17
-0.096
-0.246
-0.046
-0.105
-0.429
0.22
-0.04
0.049
-0.04
0.529
-0.071
0.113
0.334
-0.29
-0.369
-0.21
-0.454
-0.187
-0.071
-0.224
-0.368
-0.417
-0.355
-0.546
-0.723
-0.059
-0.177
-0.662
-0.519
-0.404
-0.785
-0.651
-0.674
-1.024
-0.776
-0.684
-0.768
-0.765
-0.636
-0.76
-0.371
-0.475
-0.591
-0.653
-0.329
-0.37
-0.446
-0.379
-0.273
-0.29
-0.388
-0.089
-0.028
-0.484
0.037
-0.15
0.146
-0.292
-0.182
-0.245
-0.084
-0.072
0.148
-0.213
-0.455
-0.134
0.13
-0.149
-0.238
0.085
0.327
0.022
0.479
0.237
0.304
0.214
0.168
0.523
0.144
0.252
0.397
0.385
0.388
0.115
0.133
0.393
-0.026
0.204
0.116
0.309
0.54
0.216
0.577
0.431
0.371
0.24
0.205
-0.027
0.088
0.217
0.48
0.292
0.366
-0.03
0.395
0.487
0.482
0.369
0.348
0.837
0.141
0.409
0.547
-0.01
0.25
0.361
-0.056
0.043
0.303
0.193
-0.18
0.176
0.005
0.006
0.098
-0.033
0.037
0.177
0.253
0.194
0.392
0.452
0.082
0.611
0.606
0.56
0.708
0.573
0.621
0.813
0.771
0.709
0.622
0.823
0.601
0.646
0.711
0.485
0.802
0.738
0.745
0.922
0.904
0.863
0.611
0.97
1.08
1.087
1.047
1.094
1.004
1.326
1.228
1.28
1.261
1.419
1.228
1.317
1.517
1.194
1.224
1.373
1.148
1.254
1.101
1.188
1.418
1.266
1.122
0.992
1.06
1.157
1.406
1.681
1.347
1.524
1.574
1.587
1.506
2.099
2.458
2.114
2.311
1.995
1.985
1.961
1.819
1.795
1.643
1.514
1.683
1.355
0.876
1.073
0.992
1.205
0.825
1.255
1.257
1.092
0.675
0.929
0.901
0.718
0.349
0.645
0.992
0.893
1.13
1.176
1.241
0.941
1.002
1.351
1.285
0.992
1.144
0.807
0.688
0.434
0.822
0.497
0.483
0.7
0.918
0.875
1.196
1.303
1.368
1.261
0.863
1.326
1.225
1.013
1.081
1.501
1.407
1.856
1.696
1.493
1.588
1.655
1.405
0.938
1.434
1.25
1.11
1.295
1.219
0.738
0.513
0.706
0.413
0.568
0.583
0.634
0.981
0.837
0.496
0.197
0.479
-0.098
-0.081
0.395
0.775
0.093
-0.045
-0.023
-0.348
-0.257
0.199
0.144
0.319
0.311
0.023
0.133
-0.119
-0.064
-0.02
0.06
0.236
0.317
-0.042
0.223
0.234
0.155
0.097
0.812
0.092
0.386
0.227
-0.362
-0.514
-0.598
-0.682
-1.195
-0.449
-0.778
-0.468
-0.512
-0.328
-0.677
-0.178
-0.582
-0.648
-0.639
-0.896
-0.879
-1.41
-0.946
-0.926
-0.854
-1.0
-1.148
-1.133
-0.873
-1.121
-1.375
-0.777
-1.135
-1.106
-0.551
-0.634
-0.95
-0.769
-0.39
-0.443
-0.475
-0.332
-0.5
-0.498
-0.555
-0.626
-0.47
-0.385
-0.542
-0.348
-0.292
0.007
-0.54
-0.032
0.055
-0.293
0.043
-0.312
-0.682
-0.718
-0.736
-0.662
-0.688
-0.713
-0.614
-0.928
-0.615
-0.691
-0.592
-0.281
-0.456
-0.653
-0.606
-0.388
-0.559
-0.469
-0.35
-0.237
-0.571
-0.424
-0.614
-0.893
-1.365
-1.2
-1.168
-1.258
-1.082
-0.822
-0.761
-0.363
-0.43
-0.245
-0.821
-0.646
-0.879
-0.674
-0.723
-0.708
-0.526
-0.293
-1.158
-0.981
-0.772
-0.622
-0.984
-0.665
-0.339
-0.547
-0.336
-0.258
-0.097
-0.036
0.328
0.372
0.069
0.078
-0.314
-0.109
-0.183
-0.387
0.308
-0.093
-0.169
0.208
0.037
-0.052
0.533
0.292
0.693
0.024
0.213
-0.179
0.505
0.372
0.184
0.542
0.59
-0.087
0.544
0.516
0.549
0.718
0.823
1.148
0.996
1.038
1.028
0.532
0.402
-0.103
-0.105
-0.422
-0.526
-0.65
-0.627
-0.604
-0.452
-0.506
-0.105
-0.539
-0.667
-0.694
-0.649
-0.665
-1.043
-0.657
-1.018
-0.913
-0.716
-0.866
-0.65
-0.787
-0.725
-0.401
-0.283
-0.297
-0.263
0.058
-0.257
-0.211
-0.111
-0.177
-0.339
-0.163
0.072
0.037
0.094
-0.149
-0.128
-0.163
-0.052
-0.172
-0.001
-0.247
-0.35
-0.267
-0.491
-0.447
-0.638
-0.776
-0.692
-0.836
-0.667
-0.693
-0.238
-0.747
-0.779
-0.78
-0.848
-0.889
-1.109
-1.074
-1.022
-0.89
-0.59
-0.675
-0.616
-0.828
-0.505
-0.337
-0.201
0.246
0.156
-0.078
0.002
0.327
0.198
0.432
0.337
0.718
0.507
0.616
0.276
0.333
0.284
0.175
0.385
0.534
0.207
0.158
0.415
0.058
-0.259
0.33
0.103
0.3
0.504
0.75
0.347
0.326
0.497
0.406
0.507
0.443
0.326
0.068
-0.002
-0.082
0.009
0.147
-0.037
-0.601
0.069
-0.484
-0.178
-0.225
-0.422
-0.235
-0.562
-0.382
-0.57
-0.458
-0.65
-0.412
-0.548
-0.344
0.232
-0.041
0.075
0.279
0.229
0.441
0.748
0.575
0.661
0.122
0.431
0.267
-0.249
0.23
0.006
-0.105
-0.044
0.025
0.207
0.288
0.051
0.063
0.098
0.074
-0.106
0.112
0.131
0.392
0.466
0.779
0.541
0.749
0.92
0.782
0.599
0.844
0.435
0.558
0.412
0.509
0.134
0.203
0.122
-0.066
-0.041
0.151
-0.044
0.227
0.055
0.155
-0.056
0.098
0.234
0.092
0.305
-0.131
0.192
-0.186
-0.197
-0.1
-0.39
-0.319
-0.386
-0.276
-0.083
-0.151
0.033
-0.024
0.165
-0.006
-0.11
-0.351
-0.211
-0.342
-0.23
-0.063
-0.13
-0.324
-0.123
-0.011
-0.088
0.003
0.235
0.489
0.591
0.49
0.454
0.415
0.584
0.411
0.432
0.359
0.466
0.445
0.929
0.77
0.806
0.866
0.654
0.397
0.267
0.193
0.367
0.612
0.603
0.194
0.239
0.007
0.186
-0.304
-0.202
0.122
0.144
0.098
0.118
-0.071
-0.116
-0.091
-0.225
-0.309
-0.419
-0.593
-0.147
0.023
-0.024
-0.267
-0.226
-0.467
-0.49
0.011
-0.174
-0.022
0.232
0.181
-0.231
-0.032
-0.033
0.182
0.2
0.606
0.501
0.492
0.524
0.572
0.272
0.72
0.768
0.521
0.617
0.422
0.464
0.102
0.302
0.466
0.633
0.633
0.543
0.628
0.315
-0.095
-0.22
-0.324
-0.306
-0.441
-0.456
-0.215
-0.428
-0.133
0.039
-0.154
-0.239
-0.036
-0.351
-0.383
-0.19
-0.488
-0.184
-0.116
0.062
0.428
0.17
0.119
0.317
0.319
0.008
0.16
0.139
-0.121
0.013
-0.206
-0.435
-0.456
-0.264
-0.389
-0.362
-0.306
-0.04
-0.205
-0.486
-0.446
-0.715
-1.035
-0.722
-0.938
-0.944
-0.843
-0.907
-0.481
-0.22
0.031
-0.123
-0.303
-0.031
-0.047
-0.463
-0.305
-0.547
-0.253
-0.296
-0.211
-0.134
-0.216
0.13
0.261
-0.102
0.204
0.109
0.145
0.216
0.202
0.423
0.155
0.364
0.447
0.132
0.062
-0.019
0.154
-0.128
-0.127
0.093
0.065
-0.205
-0.018
-0.134
-0.234
0.061
-0.279
-0.073
-0.237
-0.101
-0.23
-0.469
-0.077
0.464
0.068
0.12
0.131
0.091
0.289
0.547
0.574
0.832
0.652
0.817
0.753
1.017
0.473
0.266
0.164
0.425
0.37
0.18
0.341
0.275
0.455
0.297
0.494
0.138
0.875
0.442
0.63
0.524
0.605
0.327
0.357
0.175
0.083
0.004
0.206
0.196
0.43
0.223
0.398
0.375
0.489
0.373
0.357
0.102
0.386
0.145
-0.005
-0.01
0.132
0.38
0.333
0.588
0.651
1.121
1.128
0.566
0.582
0.558
0.022
0.25
0.278
-0.242
-0.068
-0.277
-0.443
-0.326
-0.386
-0.485
-0.206
0.082
-0.364
-0.075
0.193
-0.103
-0.45
-0.212
-0.486
-0.075
-0.201
-0.348
-0.285
-0.441
-0.292
-0.511
-0.113
-0.326
-0.275
-0.096
-0.338
-0.247
-0.586
-0.412
-0.774
-0.242
-0.593
-0.782
-0.854
-0.758
-0.899
-1.095
-0.628
-0.67
-0.607
-0.409
-0.371
-0.133
-0.166
-0.148
-0.366
-0.366
-0.504
-0.593
-0.484
-0.343
-0.134
-0.377
-0.243
-0.348
-0.549
-0.447
-0.56
-0.839
-0.596
-0.645
-0.638
-0.164
-0.111
-0.386
0.054
-0.001
0.145
0.477
0.733
0.417
0.458
0.651
0.314
0.193
0.758
0.397
0.405
0.517
0.309
-0.212
-0.013
-0.03
0.069
0.033
-0.19
-0.046
0.168
0.453
0.319
0.652
0.131
0.366
0.468
0.583
0.603
1.017
0.445
0.548
0.661
0.612
0.729
0.827
0.727
0.649
0.476
0.441
0.475
0.209
0.326
0.406
0.318
0.58
0.859
0.96
1.057
1.216
0.916
0.963
0.793
1.088
1.743
1.504
1.517
1.429
1.33
0.933
1.2
1.626
0.865
1.16
1.083
1.126
1.577
1.389
1.445
1.137
1.09
0.963
0.828
0.992
0.966
1.358
0.962
1.003
1.077
1.263
1.64
1.841
1.763
1.895
2.058
1.707
2.2
2.222
2.233
2.068
1.872
2.145
1.824
1.748
1.811
2.029
1.812
1.832
1.548
1.68
1.394
1.252
1.104
0.855
0.834
1.03
0.987
0.917
1.336
1.21
1.342
1.272
1.262
0.995
0.805
1.175
0.957
0.54
0.241
0.111
0.157
-0.4
-0.14
-0.065
-0.443
-0.911
-0.484
-0.711
-0.895
-0.679
-0.499
-0.677
-0.839
-0.365
-0.633
-0.532
-0.207
-0.482
-0.209
-0.118
-0.499
-0.189
-0.629
-0.454
-0.615
-0.343
-0.071
0.003
-0.519
-0.591
-0.78
-0.523
-0.291
0.192
0.429
0.811
0.81
0.973
0.979
1.091
0.78
1.148
0.858
0.467
0.357
1.106
1.413
0.988
0.977
0.828
0.784
0.623
0.855
0.902
0.965
0.847
1.038
0.894
0.797
1.15
1.091
0.533
0.023
-0.06
-0.111
-0.168
-0.038
0.148
0.17
-0.227
-0.157
-0.686
-0.339
-0.444
-0.287
-0.846
-0.861
-0.58
-0.731
-0.258
-0.646
-0.341
-0.543
-0.525
-0.278
-0.338
-0.344
-0.293
-0.675
-0.7
-0.319
-0.421
-0.475
-0.332
-0.401
-0.018
-0.202
-0.203
-0.32
-0.162
-0.291
-0.253
-0.515
-0.092
-0.527
-0.506
-0.582
-0.289
-0.324
-0.409
-0.533
-0.597
-0.609
-0.372
0.043
-0.168
-0.145
-0.026
-0.276
-0.561
-0.475
-0.34
-0.307
-0.327
-0.63
-0.532
-0.623
-1.025
-1.183
-0.971
-1.128
-1.062
-1.129
-0.816
-1.011
-0.803
-1.014
-0.747
-0.867
-1.062
-0.748
-0.463
-0.779
-0.52
-0.468
-0.311
-0.44
-0.19
-0.281
-0.119
-0.29
-0.233
-0.388
-0.657
-0.749
-0.57
-0.601
-0.236
-0.64
-0.259
-0.428
-0.201
-0.237
-0.383
-0.698
-0.328
-0.635
-0.489
-0.785
-0.828
-0.811
-1.078
-0.799
-1.207
-0.75
-1.025
-0.466
-0.666
-0.181
-0.657
-0.252
-0.177
-0.22
-0.022
-0.313
-0.378
-0.592
-0.895
-0.391
-0.806
-0.529
-0.65
-0.133
-0.276
-0.355
-0.54
-0.17
0.032
-0.318
-0.273
-0.263
-0.357
-0.083
-0.309
-0.141
-0.187
-0.472
-0.212
-0.449
-0.522
-0.477
-0.002
-0.142
0.022
-0.434
-0.306
0.151
-0.212
-0.072
-0.124
-0.247
0.06
-0.195
0.36
0.933
0.775
0.208
0.749
0.2
0.507
0.349
-0.042
-0.052
-0.534
-0.101
-0.138
0.214
0.893
1.302
1.01
0.724
0.328
0.457
0.41
0.284
1.051
0.475
0.337
0.11
-0.07
0.034
-0.339
-0.028
0.192
0.448
0.5
0.307
0.405
0.36
0.467
0.232
0.257
0.236
0.191
0.664
0.729
0.709
1.038
0.698
0.552
0.84
0.376
0.621
0.518
0.728
0.577
0.815
0.598
0.46
0.35
0.219
0.29
0.409
-0.04
-0.179
0.182
0.056
-0.017
-0.005
-0.118
0.098
-0.191
0.368
-0.089
-0.011
-0.228
-0.237
-0.187
-0.194
-0.498
-0.339
-0.167
-0.272
-0.706
-0.617
-0.412
-0.807
-0.586
-0.658
-1.087
-1.038
-1.042
-1.298
-1.36
-1.103
-0.843
-0.943
-0.701
-0.552
-0.563
-0.482
-0.298
-0.67
-0.652
-0.26
-0.5
-0.593
-0.356
-0.307
-0.382
-0.201
0.266
0.043
0.193
0.393
0.284
0.366
0.432
0.241
0.415
0.154
0.425
0.244
0.407
0.421
0.888
0.59
0.571
0.505
0.349
0.288
0.318
-0.137
0.181
-0.334
-0.336
-0.169
-0.367
-0.405
-0.1
0.191
0.077
0.281
0.192
0.07
0.601
0.548
0.567
0.452
0.334
0.156
0.249
0.226
0.283
0.378
0.163
0.468
0.432
0.267
0.049
-0.082
0.107
-0.195
-0.478
-0.321
-0.206
-0.312
-0.26
0.248
-0.054
-0.066
0.254
-0.164
0.277
0.174
0.358
0.414
0.142
-0.036
-0.079
-0.069
0.194
0.14
0.514
0.393
0.3
0.605
0.686
0.28
0.242
0.193
0.272
0.501
0.339
0.504
0.363
0.483
0.276
0.15
-0.066
0.427
0.542
0.447
0.557
0.808
0.716
0.736
0.738
0.733
0.638
0.767
0.587
0.642
1.125
0.715
0.898
0.482
0.608
0.357
0.302
0.671
0.464
0.283
0.302
0.207
0.525
0.586
0.451
0.252
0.343
0.409
0.652
0.468
0.569
0.372
-0.005
-0.321
-0.438
-0.318
-0.187
-0.178
-0.469
-0.302
-0.035
-0.401
-0.393
-0.24
-0.561
-0.289
-0.383
-0.75
-0.341
-0.8
-0.271
-0.137
0.491
-0.028
-0.155
-0.107
-0.181
0.229
0.107
-0.342
-0.461
-0.605
-0.574
-0.63
-0.131
-0.097
-0.004
-0.341
-0.242
-0.501
-0.307
-0.438
-0.52
-0.314
-0.395
-0.88
-0.499
-0.222
-0.473
-0.273
-0.338
-0.678
-0.596
-0.258
0.196
0.682
0.228
0.348
0.251
0.018
-0.123
-0.333
-0.016
-0.167
-0.548
-0.555
-0.522
-0.591
-0.412
-0.387
-0.508
-0.383
-0.169
-0.203
0.058
-0.083
0.36
0.127
0.259
0.306
0.644
0.537
0.501
0.514
0.482
0.57
0.339
-0.027
0.232
0.036
0.323
-0.055
-0.304
-0.176
-0.208
-0.397
-0.419
-0.386
-0.228
0.091
-0.586
-0.3
-0.053
0.038
-0.045
0.157
-0.472
-0.375
-0.053
-0.082
-0.409
-0.306
-0.35
-0.768
-0.555
-0.612
-0.479
-0.341
-0.258
-0.407
-0.391
-0.319
-0.172
-0.356
-0.264
-0.385
-0.405
-0.431
-0.314
-0.229
-0.033
0.022
-0.012
-0.052
0.403
-0.055
-0.12
-0.056
-0.008
-0.104
-0.064
-0.338
-0.011
0.132
-0.338
-0.054
0.212
0.026
0.088
-0.224
-0.058
-0.054
-0.22
-0.389
-0.367
-0.446
-0.294
0.035
-0.198
-0.125
0.112
0.041
0.048
-0.114
-0.173
0.025
-0.228
-0.037
0.101
-0.006
0.203
0.022
-0.023
0.164
0.094
-0.144
0.267
0.292
0.173
0.275
0.296
-0.067
0.284
0.308
0.315
0.478
0.56
0.339
0.245
0.388
0.579
0.571
0.515
0.263
0.194
0.36
0.3
0.256
0.291
0.242
0.049
0.158
-0.157
0.397
0.363
0.43
0.381
0.323
0.256
0.4
0.649
0.274
0.203
0.25
0.415
0.269
0.516
0.692
0.286
0.536
0.521
0.817
0.892
0.592
0.634
0.84
0.328
0.522
0.779
0.531
1.084
1.086
1.008
0.965
0.893
0.893
0.567
0.547
0.275
0.143
0.028
-0.164
0.122
0.416
0.164
0.597
0.586
0.579
0.687
0.567
0.728
1.106
1.071
0.845
0.81
0.714
0.498
0.559
0.757
0.332
0.558
0.886
1.164
0.934
1.118
1.495
1.104
0.764
0.901
0.893
0.792
0.922
1.211
1.17
0.789
1.025
1.115
1.221
1.413
1.608
1.457
1.402
1.873
1.429
1.435
1.498
1.428
2.05
1.385
1.632
1.888
1.967
1.37
1.357
1.368
0.94
1.047
1.233
1.309
1.085
0.662
0.736
0.966
0.682
0.695
0.865
0.786
0.97
1.046
1.348
0.644
0.139
0.121
0.551
0.313
0.351
0.382
0.19
-0.193
-0.247
-0.124
-0.308
-0.328
-0.484
-0.679
-1.029
-0.967
-0.848
-1.144
-0.7
-0.715
-0.757
-0.732
-0.676
-0.736
-0.699
-0.597
-0.883
-0.871
-0.763
-0.743
-0.445
-0.529
-0.491
0.019
-0.363
-0.107
-0.378
-0.277
-0.278
-0.232
-0.156
0.046
-0.017
-0.1
-0.117
-0.019
-0.039
0.194
-0.148
0.003
0.152
0.371
0.278
0.266
0.226
0.234
0.293
0.246
0.146
0.074
-0.116
-0.173
-0.459
-0.181
0.29
0.284
0.406
-2.567
-0.075
0.305
0.207
0.391
0.315
0.144
0.054
-0.481
-0.242
-0.261
0.037
-0.081
-0.273
0.321
-0.017
-0.025
0.212
0.315
-0.16
-0.069
0.17
0.314
0.169
0.539
0.487
0.398
0.578
0.157
0.011
0.034
-0.225
-0.607
-0.83
-0.483
-0.789
-1.019
-0.925
-0.811
-0.756
-0.664
-0.367
-0.282
-0.539
-0.082
-0.047
-0.313
0.053
0.132
0.06
0.17
-0.089
-0.374
0.06
-0.169
-0.399
-0.396
-0.363
0.074
0.182
0.058
-0.355
-0.125
-0.687
-0.682
-0.482
-0.345
0.182
-0.094
-0.156
-0.28
-0.481
-0.332
-0.18
-0.069
-0.027
-0.221
-0.057
-0.103
-0.382
-0.313
-0.036
0.273
0.037
0.292
-0.173
-0.448
-0.264
-0.217
-0.241
0.143
