0.094
0.101
0.071
0.075
0.079
0.034
0.056
0.037
0.048
0.068
0.058
0.021
-0.007
0.022
0.018
0.041
-0.016
-0.035
-0.01
-0.031
0.004
0.001
-0.046
-0.052
-0.048
-0.022
0.009
-0.016
0.006
0.009
0.002
-0.085
-0.085
-0.046
-0.037
-0.024
-0.038
-0.109
-0.116
-0.113
-0.113
-0.093
-0.104
-0.104
-0.073
-0.043
-0.026
-0.03
-0.025
-0.044
-0.05
-0.088
-0.062
-0.029
0.009
-0.002
-0.062
-0.092
-0.057
-0.1
-0.049
0.015
-0.029
-0.038
-0.027
-0.077
-0.114
-0.076
-0.036
-0.012
0.002
-0.012
0.0
-0.016
-0.028
0.028
0.066
0.063
0.08
0.089
0.092
0.031
0.038
0.056
0.098
0.098
0.112
0.09
0.072
0.063
0.062
0.007
-0.017
0.015
0.052
0.086
0.073
0.07
0.097
0.023
0.006
0.026
0.032
0.058
0.127
0.143
0.105
0.051
0.088
0.092
0.136
0.1
0.074
0.082
0.044
0.018
0.034
-0.021
-0.013
0.007
-0.018
-0.044
-0.051
-0.061
-0.054
-0.046
-0.016
-0.061
-0.069
-0.08
-0.092
-0.129
-0.148
-0.146
-0.076
-0.045
-0.019
-0.014
0.025
0.016
0.004
-0.002
-0.027
-0.028
-0.041
-0.016
-0.022
-0.114
-0.144
-0.159
-0.216
-0.243
-0.234
-0.103
0.013
0.028
-0.046
-0.09
-0.118
-0.132
-0.029
0.064
0.048
0.082
0.086
0.054
0.042
-0.01
0.033
0.08
0.043
0.02
-0.024
-0.03
-0.016
-0.058
-0.083
-0.082
-0.052
-0.026
0.039
0.11
0.114
0.108
0.09
0.076
0.058
0.083
0.164
0.15
0.096
0.047
0.038
-0.018
0.046
0.033
0.052
0.067
0.148
0.191
0.163
0.104
0.038
-0.004
0.002
-0.063
-0.012
0.026
0.04
0.052
0.019
0.001
-0.004
0.03
0.035
0.032
-0.007
-0.023
-0.049
-0.006
0.036
0.075
0.073
0.078
0.078
0.053
0.017
-0.031
0.022
0.045
0.023
0.023
-0.057
-0.055
-0.139
-0.249
-0.292
-0.265
-0.193
-0.138
-0.028
0.078
0.103
0.116
0.036
-0.042
-0.018
-0.048
-0.0
0.001
-0.067
-0.067
-0.099
-0.076
-0.032
-0.038
-0.025
-0.063
-0.078
-0.032
-0.012
-0.016
-0.078
-0.13
-0.128
-0.163
-0.136
-0.014
0.043
0.089
0.007
0.026
-0.012
0.027
0.069
0.089
0.114
0.055
0.054
0.021
-0.02
-0.025
-0.043
-0.078
-0.078
-0.061
0.015
0.124
0.214
0.18
0.103
0.02
0.014
0.031
0.123
0.188
0.183
0.107
0.07
0.013
0.023
0.018
-0.03
0.053
0.09
0.095
0.198
0.278
0.273
0.169
0.129
0.096
0.037
0.123
0.149
0.102
0.052
-0.052
-0.138
-0.074
0.017
0.147
0.167
0.163
0.158
0.101
0.003
-0.042
-0.016
-0.02
-0.127
-0.122
-0.148
-0.161
-0.148
-0.151
-0.21
-0.358
-0.342
-0.366
-0.301
-0.329
-0.208
-0.294
-0.231
-0.159
-0.197
-0.158
-0.128
-0.143
-0.067
-0.064
-0.084
0.098
0.262
0.248
0.239
0.153
0.185
0.105
0.03
0.033
-0.013
0.016
0.063
0.037
0.006
-0.029
-0.032
0.022
0.044
0.047
0.103
0.147
0.126
0.067
0.047
0.033
0.041
-0.02
0.052
0.114
0.124
0.053
0.138
0.13
0.158
0.092
0.207
0.2
0.132
0.02
0.039
-0.024
0.036
0.048
0.072
0.204
0.184
0.161
0.123
0.106
0.055
0.071
0.098
0.052
0.053
0.035
0.017
0.023
0.04
0.026
0.018
0.072
0.075
0.031
0.065
0.003
-0.036
0.031
-0.008
-0.032
-0.063
-0.06
-0.115
-0.103
-0.14
-0.102
-0.11
-0.007
0.031
0.022
-0.004
0.07
0.061
0.062
0.0
-0.021
0.011
0.076
0.021
0.049
-0.022
-0.067
-0.066
-0.033
0.007
0.108
0.113
0.079
-0.001
0.044
-0.01
-0.007
0.055
0.078
-0.053
0.054
0.063
0.134
0.092
0.05
0.055
0.097
0.022
-0.043
-0.077
-0.025
-0.021
-0.101
-0.088
-0.005
-0.122
-0.069
-0.066
-0.032
-0.022
-0.044
-0.036
0.037
0.007
0.09
0.027
0.096
0.118
0.136
0.214
0.181
0.162
0.145
0.118
0.076
0.054
0.086
0.09
0.052
0.101
0.111
0.044
0.091
0.077
0.069
0.093
0.107
0.079
0.07
0.189
-0.296
-0.01
0.365
0.258
0.133
0.137
0.166
0.103
0.043
0.115
0.056
0.104
-0.007
0.069
-0.066
0.083
-0.075
-0.092
0.213
0.22
0.094
0.179
0.085
0.07
0.027
-0.062
-0.004
0.008
-0.109
-0.055
-0.117
-0.029
-0.085
-0.089
-0.013
-0.091
-0.077
-0.063
-0.131
-0.141
-0.018
-0.06
0.065
0.014
-0.062
-0.08
-0.205
-0.223
-0.224
-0.31
-0.332
-0.318
-0.121
-0.158
-0.203
-0.224
-0.141
0.025
-0.075
0.0
0.186
0.157
-0.037
0.028
-0.057
0.076
0.117
0.345
0.239
0.203
0.144
0.08
0.017
0.03
0.072
0.086
0.028
0.124
0.106
0.036
0.074
0.119
-0.048
0.235
-0.14
0.1
0.117
0.039
0.12
-0.116
-0.039
-0.063
0.115
0.118
-0.012
-0.217
-0.166
-0.258
-0.092
-0.072
-0.056
-0.188
0.008
-0.098
-0.192
-0.068
0.205
0.298
0.09
0.041
0.451
0.147
0.143
0.165
0.026
0.085
0.052
0.009
0.038
0.158
0.012
-0.037
-0.062
0.02
0.058
0.09
0.11
0.054
0.03
0.083
-0.066
0.024
0.03
-0.004
0.042
0.192
0.062
-0.062
-0.016
-0.118
-0.101
-0.062
0.068
0.343
-0.273
-0.007
-0.087
-0.17
0.114
-0.052
0.115
-0.023
0.074
0.007
-0.006
0.087
0.007
-0.021
-0.052
-0.146
-0.119
-0.096
-0.109
-0.165
-0.153
-0.177
-0.167
-0.077
-0.096
-0.067
0.06
0.025
0.05
0.024
0.056
0.212
0.129
0.153
0.263
0.094
0.187
0.167
0.225
-0.007
-0.327
0.037
-0.028
0.002
0.129
0.345
0.071
0.096
-0.021
0.127
-0.065
-0.058
0.09
-0.027
-0.031
-0.068
-0.092
0.026
0.092
-0.114
-0.095
-0.166
-0.187
-0.142
-0.164
-0.18
-0.187
-0.099
-0.061
-0.23
-0.171
-0.083
-0.231
-0.112
-0.077
-0.163
-0.159
-0.059
-0.144
-0.13
-0.076
-0.107
-0.144
-0.081
-0.111
-0.16
-0.029
0.032
-0.067
-0.014
-0.032
-0.128
-0.057
0.008
-0.017
-0.01
0.019
0.032
-0.051
0.027
0.036
0.02
-0.085
-0.044
0.015
0.091
0.062
0.088
0.092
-0.047
-0.022
-0.007
-0.033
-0.05
-0.059
0.047
-0.036
-0.095
0.028
0.016
-0.027
-0.004
0.273
-0.113
0.128
0.119
0.08
0.061
0.204
0.087
0.196
0.206
0.272
0.162
0.297
0.165
0.22
0.227
0.236
0.199
0.175
0.137
0.112
0.212
0.174
0.155
0.16
0.272
0.138
0.126
0.245
0.237
0.124
0.284
0.253
0.256
0.113
0.32
0.197
0.085
0.02
0.075
0.105
-0.023
0.113
0.022
-0.081
-0.056
-0.071
-0.066
-0.182
-0.179
-0.132
-0.223
-0.222
-0.223
-0.172
-0.152
-0.079
-0.092
-0.108
-0.052
-0.061
0.028
-0.074
-0.138
-0.046
-0.042
-0.154
-0.049
-0.038
-0.174
0.08
0.092
-0.053
0.054
0.084
0.089
0.031
0.065
-0.001
0.055
0.076
0.081
0.058
0.063
0.023
0.051
0.053
0.144
-0.033
0.304
0.093
0.233
0.142
0.024
0.039
0.134
-0.088
0.196
-0.028
0.037
0.056
0.033
0.053
0.062
0.178
0.152
0.215
0.03
0.005
0.097
-0.028
0.001
0.017
0.118
0.01
-0.083
0.036
0.054
-0.14
0.117
0.032
-0.037
0.18
0.277
-0.181
0.089
0.103
0.05
-0.038
-0.018
0.103
0.041
-0.009
0.087
0.118
0.073
0.018
0.125
0.125
0.22
0.045
0.19
0.283
0.252
0.211
0.189
0.177
0.015
0.321
0.202
-0.216
0.087
0.079
0.187
0.176
-0.211
-0.088
0.004
0.176
0.118
0.153
-0.047
0.008
-0.015
0.004
0.083
-0.025
0.047
0.012
-0.001
-0.05
-0.18
-0.076
-0.202
-0.166
-0.346
-0.216
-0.222
-0.265
-0.132
-0.131
-0.037
-0.124
-0.097
-0.108
-0.092
-0.065
-0.118
-0.142
-0.141
-0.174
-0.155
-0.102
0.012
-0.08
0.015
-0.014
-0.034
0.072
0.078
-0.046
0.048
0.044
-0.138
0.006
0.005
0.063
-0.003
-0.292
0.264
0.136
0.207
0.461
0.309
0.225
0.17
0.258
0.31
0.201
0.373
0.379
0.338
0.308
0.365
0.213
0.228
0.47
0.263
0.059
0.209
0.177
0.182
0.158
0.148
0.125
0.115
0.078
0.087
0.201
0.062
0.153
0.089
0.208
0.098
0.025
0.11
-0.04
-0.05
-0.138
-0.124
-0.122
-0.196
-0.226
-0.301
-0.243
-0.298
-0.253
-0.29
-0.282
-0.341
-0.413
-0.253
-0.344
-0.422
-0.234
-0.187
-0.296
-0.268
-0.261
-0.209
-0.241
-0.203
-0.072
-0.056
-0.103
0.043
-0.132
-0.07
-0.102
-0.136
-0.062
-0.024
-0.04
-0.125
-0.15
-0.129
-0.197
-0.193
-0.114
-0.073
-0.005
-0.047
-0.032
0.068
0.1
0.095
0.161
0.181
0.145
0.043
0.097
0.332
0.287
0.123
0.182
0.344
0.151
0.209
0.273
0.12
0.211
0.271
0.221
0.177
0.27
0.139
0.147
0.112
0.122
0.04
0.263
0.183
0.057
0.084
0.122
0.264
0.229
0.193
0.367
0.18
0.168
0.24
0.013
0.169
0.093
0.161
0.056
0.234
0.102
0.146
0.197
0.189
0.032
0.255
0.143
0.022
0.096
0.145
0.004
0.111
0.241
0.176
0.085
0.232
0.118
0.096
0.075
0.083
0.007
-0.023
-0.042
0.073
-0.065
-0.034
-0.046
0.059
0.066
-0.092
-0.126
0.014
-0.003
-0.026
-0.028
-0.059
-0.094
-0.028
-0.068
-0.145
-0.064
-0.039
-0.275
-0.046
-0.068
-0.108
-0.236
-0.033
-0.248
-0.187
-0.189
-0.245
-0.099
-0.003
-0.242
-0.412
0.009
-0.062
0.055
-0.004
-0.014
-0.123
0.085
0.049
0.065
0.07
0.232
-0.05
-0.103
-0.033
0.02
-0.081
-0.154
-0.139
-0.037
-0.022
0.049
0.267
0.206
0.151
0.198
0.146
0.252
0.219
0.288
0.053
0.009
0.15
0.311
0.079
0.292
0.236
0.073
0.162
0.219
0.155
0.197
0.342
0.15
0.052
0.104
0.158
0.354
0.121
0.278
0.242
0.235
0.165
0.23
0.118
0.177
0.178
0.123
0.107
-0.028
-0.074
0.059
-0.118
-0.177
-0.139
-0.049
0.083
-0.207
-0.114
-0.135
-0.153
-0.152
-0.083
-0.04
-0.064
-0.018
-0.041
-0.012
-0.19
-0.123
-0.236
-0.32
-0.135
-0.239
-0.071
-0.017
-0.138
-0.279
-0.146
-0.216
-0.291
-0.271
-0.257
-0.118
-0.102
0.054
0.052
0.052
-0.16
-0.272
-0.173
-0.034
-0.519
-0.214
-0.037
-0.264
-0.484
-0.42
-0.087
0.051
0.224
0.282
0.174
0.113
-0.147
-0.063
-0.075
0.058
-0.035
0.096
-0.004
0.168
-0.08
0.044
0.099
-0.028
0.147
0.26
0.104
0.228
0.049
-0.084
0.022
-0.166
-0.138
-0.016
-0.047
0.041
0.035
-0.111
0.04
0.043
0.167
0.02
0.068
0.035
-0.059
-0.072
-0.14
-0.12
-0.069
-0.057
-0.045
-0.16
-0.046
-0.062
-0.014
-0.092
-0.089
0.027
-0.125
-0.01
-0.145
-0.138
-0.026
0.031
-0.103
-0.038
-0.16
-0.161
-0.143
-0.015
-0.033
-0.006
-0.09
-0.144
-0.217
-0.113
-0.126
-0.186
-0.246
-0.236
-0.282
-0.173
-0.418
-0.281
-0.065
-0.048
0.035
0.083
0.022
-0.237
-0.103
-0.2
-0.272
0.12
0.026
-0.05
0.092
-0.06
-0.162
-0.212
0.026
0.273
0.144
0.211
0.185
0.119
0.005
0.04
0.126
0.135
0.283
0.141
0.076
0.062
0.154
0.203
0.086
0.148
0.338
0.197
0.368
0.113
0.172
0.03
0.071
0.057
0.042
0.044
-0.051
-0.013
0.023
-0.064
0.035
-0.042
0.001
-0.065
-0.053
-0.006
-0.068
0.041
-0.015
0.019
-0.023
-0.155
-0.043
-0.185
-0.1
-0.092
0.035
0.103
-0.091
0.24
0.123
-0.047
0.19
0.01
0.089
-0.044
-0.089
-0.055
-0.009
-0.093
-0.013
0.038
-0.109
-0.048
-0.032
-0.207
-0.128
-0.115
-0.114
-0.204
-0.11
-0.106
-0.273
-0.268
-0.194
-0.231
0.057
0.022
0.059
-0.072
-0.055
-0.075
-0.116
-0.058
-0.11
-0.129
-0.056
-0.209
-0.233
-0.104
-0.144
-0.033
-0.04
0.174
0.013
-0.052
0.141
-0.103
-0.045
0.045
0.01
0.044
0.043
0.088
0.132
0.125
0.036
0.099
0.057
0.1
0.159
0.186
0.12
0.088
0.133
-0.039
0.047
-0.001
-0.01
0.051
-0.092
-0.068
-0.186
0.015
-0.151
-0.181
-0.135
-0.175
-0.057
-0.176
0.034
-0.087
-0.127
0.095
0.083
-0.082
-0.085
-0.02
-0.003
0.073
0.027
0.003
0.07
0.1
-0.004
0.166
0.022
-0.023
0.078
0.137
0.009
0.01
0.157
0.242
0.206
0.204
0.272
0.267
0.208
0.122
0.151
0.231
0.148
0.221
0.122
0.059
0.017
0.058
0.041
0.048
-0.02
0.016
-0.044
-0.059
-0.038
0.012
0.032
-0.082
-0.017
-0.019
-0.131
-0.044
-0.165
-0.07
-0.043
-0.072
-0.092
-0.151
-0.189
-0.252
-0.215
-0.169
-0.109
-0.189
-0.261
-0.184
-0.27
-0.139
-0.143
-0.197
-0.24
-0.12
-0.066
-0.062
-0.046
0.067
0.086
0.04
0.107
0.105
-0.001
0.077
0.13
0.153
0.124
0.043
0.026
0.104
0.127
0.088
0.075
0.192
0.09
0.225
0.145
-0.029
-0.044
0.119
0.162
0.074
0.103
0.089
0.048
-0.011
0.07
0.079
-0.034
0.124
0.14
0.063
0.177
0.17
0.031
0.064
-0.038
0.011
-0.013
0.037
-0.034
0.045
-0.024
-0.026
-0.061
-0.044
-0.079
-0.078
-0.212
-0.092
-0.117
-0.09
-0.129
-0.065
0.025
0.095
0.048
0.025
-0.056
0.001
0.033
0.018
-0.24
-0.053
-0.153
-0.085
-0.088
-0.508
-0.073
-0.24
-0.279
-0.041
-0.191
-0.122
-0.132
-0.052
-0.117
-0.089
-0.065
-0.085
-0.086
-0.118
-0.113
-0.181
-0.064
-0.115
-0.177
-0.07
-0.156
-0.152
-0.082
-0.168
-0.068
0.03
0.033
-0.083
-0.003
-0.069
-0.035
0.078
0.151
0.112
0.085
0.065
0.012
0.043
0.113
0.153
0.156
0.087
0.045
-0.002
-0.045
0.055
0.049
0.092
0.071
0.048
0.099
0.121
0.044
0.133
-0.014
0.029
0.15
0.028
0.086
0.03
0.076
0.036
-0.017
-0.045
-0.089
-0.097
-0.099
-0.096
-0.099
-0.068
-0.03
-0.059
-0.081
-0.123
-0.186
-0.037
0.03
-0.02
0.052
-0.092
-0.083
-0.047
-0.016
-0.059
-0.003
0.03
-0.008
-0.03
-0.043
-0.175
-0.016
0.046
-0.059
-0.055
0.025
0.104
-0.189
0.067
0.058
-0.025
0.002
0.097
-0.055
-0.122
-0.075
-0.186
-0.052
0.029
-0.04
0.037
-0.012
0.026
-0.08
-0.018
0.005
0.02
-0.031
0.073
-0.037
-0.048
0.007
0.02
0.048
0.151
0.005
0.131
0.177
-0.1
0.036
0.118
0.029
0.041
0.013
0.052
0.088
0.11
0.214
0.201
0.113
0.098
0.06
0.06
0.089
0.104
0.085
0.067
0.007
0.04
-0.031
-0.193
-0.092
-0.09
0.133
0.067
0.118
0.198
0.199
0.165
0.173
0.139
0.264
0.226
0.158
0.053
0.078
0.052
0.034
0.0
0.022
-0.175
-0.128
-0.095
-0.02
0.016
0.077
0.051
0.012
-0.121
-0.096
-0.103
-0.128
-0.132
-0.077
-0.153
-0.192
-0.11
0.008
0.031
-0.004
0.106
0.157
0.172
0.117
-0.044
-0.133
-0.114
-0.041
-0.119
-0.066
0.012
-0.106
-0.087
-0.131
-0.126
-0.141
-0.087
0.0
-0.08
-0.09
-0.068
-0.079
-0.017
0.036
-0.066
-0.09
-0.103
-0.21
-0.123
0.074
0.011
0.066
0.187
0.24
0.275
0.212
0.149
0.063
0.043
0.047
0.066
0.082
0.109
0.036
0.004
-0.021
-0.004
0.004
0.068
0.095
0.083
0.072
0.063
0.076
-0.002
0.071
0.05
0.05
0.046
0.041
0.073
0.09
0.111
0.147
0.154
0.117
0.186
0.129
0.24
0.092
0.102
0.093
0.013
-0.019
0.031
-0.025
0.088
0.168
0.138
0.085
0.134
0.053
0.096
0.02
-0.061
-0.068
0.019
0.007
0.072
0.054
0.01
0.039
-0.036
0.002
0.073
0.032
0.049
0.095
0.01
-0.041
-0.103
-0.159
-0.145
-0.167
-0.145
-0.151
-0.171
-0.159
-0.092
-0.182
-0.138
-0.168
-0.091
-0.1
-0.154
-0.035
-0.142
-0.147
-0.138
-0.248
-0.199
-0.12
-0.148
0.045
0.116
-0.003
-0.063
0.087
0.01
-0.008
-0.028
0.038
-0.004
-0.012
-0.042
-0.037
0.024
-0.019
0.004
-0.025
-0.003
-0.071
0.008
0.034
-0.025
0.045
0.011
0.06
-0.007
0.012
0.104
0.121
0.188
0.045
0.126
0.07
0.134
0.146
0.186
0.15
0.089
0.039
0.085
-0.01
0.031
0.048
-0.134
0.132
-0.067
-0.117
0.044
-0.057
0.084
0.045
0.018
0.033
0.055
0.022
0.037
0.081
-0.003
-0.075
0.117
-0.1
0.1
0.021
0.068
0.028
-0.039
0.046
0.056
0.057
0.002
0.0
-0.052
-0.156
-0.121
-0.125
-0.139
-0.155
-0.105
-0.09
-0.094
-0.094
-0.141
-0.156
-0.121
-0.015
-0.022
-0.033
-0.078
-0.065
-0.106
-0.149
-0.154
-0.143
-0.203
-0.155
-0.142
-0.174
-0.128
-0.152
-0.098
-0.182
-0.185
-0.133
-0.16
-0.13
-0.103
-0.233
-0.128
-0.193
-0.01
-0.163
-0.064
-0.008
0.015
-0.021
-0.012
0.029
0.071
0.045
0.08
-0.018
-0.021
-0.002
0.035
0.08
0.084
0.042
0.033
0.038
0.091
0.141
0.08
0.073
0.058
-0.02
0.007
0.113
0.08
0.128
0.118
0.066
0.082
0.037
0.114
0.16
0.076
0.119
0.039
0.068
0.037
0.056
0.02
0.032
-0.02
0.007
-0.03
-0.04
0.001
0.006
0.001
-0.025
-0.054
-0.048
-0.083
0.028
0.001
0.022
0.043
0.033
0.04
-0.051
0.006
0.026
-0.023
0.001
-0.069
-0.069
-0.076
0.0
-0.045
-0.047
-0.033
-0.12
-0.098
-0.101
-0.101
-0.142
-0.005
0.007
-0.093
0.034
0.017
-0.088
-0.039
-0.01
-0.036
-0.083
-0.026
0.01
-0.122
-0.059
0.033
-0.019
0.011
0.013
-0.089
-0.042
-0.02
-0.018
-0.028
0.044
-0.05
-0.089
-0.014
-0.017
0.004
0.035
0.043
-0.03
0.068
0.089
0.005
0.118
0.097
0.144
0.082
0.118
0.157
0.093
0.189
0.08
0.099
0.115
0.092
0.253
0.035
-0.061
0.042
0.081
0.062
0.141
0.158
0.128
0.029
0.152
0.095
0.014
0.055
0.102
0.036
0.025
0.041
0.048
0.009
0.031
0.047
0.021
0.064
0.082
0.039
0.034
-0.019
-0.041
-0.001
-0.015
-0.011
-0.008
-0.066
-0.01
0.059
-0.032
-0.002
0.032
-0.013
-0.106
0.004
-0.04
-0.067
-0.083
-0.055
-0.037
-0.026
-0.043
0.024
-0.114
-0.107
-0.084
-0.073
-0.013
0.059
-0.022
-0.093
-0.169
-0.158
-0.087
-0.011
0.051
0.09
0.038
-0.029
-0.089
-0.109
-0.054
-0.015
0.066
0.048
0.036
-0.007
0.057
0.023
0.054
0.029
0.101
0.069
0.132
0.139
0.165
0.119
0.118
0.064
0.071
-0.041
0.029
0.046
0.091
0.085
0.044
0.047
0.076
0.077
0.063
0.077
0.083
0.138
0.133
0.103
0.138
0.126
0.052
0.09
0.049
0.034
0.069
0.111
0.169
0.233
0.12
0.079
0.069
0.016
0.039
0.035
0.024
0.0
-0.058
-0.073
-0.069
-0.012
0.056
0.066
0.003
-0.077
-0.079
-0.08
-0.011
-0.012
-0.02
-0.014
-0.055
-0.091
-0.044
-0.077
-0.005
-0.05
0.002
0.031
-0.008
0.0
0.029
0.023
-0.071
-0.077
0.023
-0.065
0.007
-0.029
-0.11
-0.053
-0.026
-0.06
-0.064
-0.083
-0.122
-0.089
-0.085
-0.086
-0.122
-0.122
-0.098
-0.083
-0.114
-0.151
-0.184
-0.047
-0.123
-0.105
-0.128
-0.147
-0.117
-0.095
-0.065
-0.157
-0.153
-0.056
-0.131
-0.16
-0.018
-0.027
-0.019
0.095
0.033
-0.002
0.01
-0.013
0.051
0.064
0.066
0.098
0.101
0.055
0.055
0.058
0.078
0.083
0.032
0.034
0.075
0.037
0.146
0.051
0.089
0.032
-0.007
0.087
0.089
0.063
0.121
0.043
0.077
0.043
0.039
-0.002
0.043
0.061
0.046
0.039
0.051
-0.042
0.102
0.022
0.066
-0.052
0.014
0.021
-0.02
-0.063
0.057
0.11
0.094
0.068
0.029
0.004
0.083
0.01
0.068
0.043
-0.044
-0.085
-0.04
-0.062
-0.079
-0.081
-0.04
-0.025
-0.048
-0.065
-0.046
-0.053
-0.098
-0.08
-0.013
-0.13
-0.213
-0.005
-0.013
-0.099
-0.155
0.032
-0.028
-0.047
-0.13
-0.105
-0.123
-0.109
-0.181
-0.039
-0.107
-0.016
-0.072
-0.045
-0.062
-0.097
-0.038
0.052
-0.028
-0.065
-0.001
0.006
0.035
-0.005
0.048
0.02
0.043
0.103
0.083
0.11
0.093
0.116
0.178
0.104
0.086
0.318
0.121
0.022
0.285
0.113
-0.05
0.16
0.129
0.062
0.216
0.099
