-0.443
0.293
-0.213
-0.385
-0.145
0.107
0.434
0.649
0.278
0.286
0.239
0.307
0.347
0.449
0.126
0.063
0.439
0.384
0.255
0.383
0.466
0.372
0.527
0.469
0.616
0.504
0.666
0.665
0.677
0.655
0.692
0.561
0.913
0.716
0.885
0.698
0.439
0.235
0.37
0.089
0.163
0.354
0.165
-0.23
-0.232
-0.348
-0.393
-0.794
-0.788
-0.913
-1.049
-1.1
-0.897
-0.52
-0.287
-0.435
-0.493
-0.251
-0.6
-0.459
-0.349
-0.18
-0.203
-0.381
-0.442
-0.48
-0.621
-0.348
-0.237
-0.215
-0.209
-0.26
-0.191
-0.16
0.2
0.021
0.317
0.173
0.186
0.077
-0.162
-0.158
0.407
0.247
0.692
0.803
1.124
0.571
0.595
-0.043
-0.127
0.629
0.233
0.481
0.723
1.026
0.543
1.042
0.679
0.496
0.674
0.693
0.646
0.808
0.436
0.607
0.494
0.665
0.685
0.617
0.877
1.476
2.157
1.979
2.409
2.185
1.569
1.43
1.361
1.347
1.528
1.125
1.917
1.897
1.808
1.78
1.62
1.77
1.223
1.561
1.239
1.155
1.01
0.823
0.986
0.677
-0.026
-0.06
-0.082
-0.066
0.56
0.664
0.464
0.417
0.179
-0.232
0.079
0.019
0.273
0.388
0.252
0.033
-0.108
-0.144
0.06
0.09
0.108
0.443
0.353
0.189
0.195
0.38
0.12
0.023
0.0
-0.067
0.429
0.04
0.446
0.436
0.442
0.399
1.01
0.82
1.147
1.041
1.065
1.11
0.882
0.619
0.613
0.409
0.097
0.314
0.116
0.4
0.485
0.222
0.242
0.323
0.244
0.117
0.08
-0.228
-0.27
-0.348
-0.331
-0.518
-0.533
-0.508
-0.103
0.009
-0.03
0.13
0.095
-0.248
-0.332
-0.124
-0.565
-0.318
0.024
0.135
-0.039
-0.086
-0.055
-0.244
-0.23
-0.487
-0.703
-0.32
-0.18
0.002
0.022
-0.099
-0.134
-0.64
-0.354
-0.432
-0.976
-0.679
-0.534
-0.424
-0.516
-0.055
0.012
-0.063
0.212
0.212
0.358
-2.567
1.095
1.469
1.078
0.869
1.089
1.288
1.202
1.207
1.046
1.267
1.359
1.361
1.742
2.094
1.958
1.903
1.344
1.1
0.906
1.303
1.652
1.984
1.453
1.355
0.845
0.182
0.702
0.565
0.932
1.117
1.668
1.571
0.885
0.508
0.544
-0.163
-0.137
0.029
0.705
0.601
-0.037
0.377
0.784
0.44
0.672
0.389
0.822
0.516
0.377
0.381
0.192
0.157
0.208
0.102
0.24
-0.433
-0.159
-0.251
-0.333
-0.57
-0.544
-0.833
-0.662
-0.693
-1.02
-0.731
-0.379
-0.783
-0.714
-0.909
-0.554
-0.331
-0.182
-0.511
-0.328
-0.677
-0.436
-0.283
-0.144
-0.281
0.14
0.669
0.21
0.469
0.421
0.45
-0.23
0.478
0.421
0.256
0.097
-0.162
-0.071
-0.343
-0.332
-0.133
-0.151
-0.155
0.018
-0.199
-0.054
-0.392
-0.175
-0.377
-0.326
-0.252
-0.373
0.117
-0.503
-0.376
-0.554
-0.47
-0.239
-0.502
-0.162
0.03
0.32
0.097
-0.268
-0.495
-0.654
-0.883
-0.378
-0.465
-0.043
-0.26
-0.306
-0.265
-0.437
-0.592
-0.412
-0.671
-0.422
-0.227
-0.436
-0.281
-0.775
-0.727
-1.052
-0.97
-0.943
-0.596
-0.331
0.438
1.026
1.164
0.655
0.507
0.72
0.617
0.588
1.397
2.147
1.861
0.999
0.821
0.773
0.128
-0.104
0.168
0.291
0.317
0.455
0.133
0.164
0.384
0.122
0.019
0.177
-0.064
0.2
0.375
0.339
0.56
0.01
-0.269
-0.363
-0.275
-0.198
0.588
1.139
1.458
1.467
0.713
-0.065
-0.192
-0.378
-0.17
0.034
0.504
0.433
0.143
-0.173
-0.125
-0.135
-0.297
-0.728
-0.547
-0.667
0.06
-0.24
-0.398
-0.494
-0.902
-0.866
-0.791
-0.339
-0.565
-0.006
-0.456
-0.715
-0.703
-0.402
-0.585
-0.689
-0.451
-0.642
-0.443
-0.35
-0.42
-0.396
-0.355
-0.339
-0.432
-0.385
-0.63
-0.778
-0.722
-1.056
-0.689
-0.508
0.036
-0.383
-0.488
-0.825
-0.674
-0.718
-0.722
-0.675
-0.283
-0.249
-0.387
-0.231
-0.443
-0.187
-0.273
-0.294
-0.05
-0.167
-0.442
0.002
-0.255
-0.149
0.286
0.175
0.099
0.107
0.076
0.287
0.011
0.077
-0.034
0.01
0.032
-0.118
-0.383
-0.209
-0.467
-0.598
-0.628
-0.771
-0.83
-0.831
-0.355
-0.302
-0.544
-0.698
-0.473
-0.67
-0.795
-0.579
-0.498
-0.54
-0.656
-0.559
-0.077
-0.174
-0.233
0.053
-0.333
0.028
-0.124
-0.359
-0.318
0.134
0.248
0.033
0.171
-0.082
0.164
-0.196
-0.152
0.078
-0.102
-0.192
-0.296
-0.099
-0.248
-0.24
-0.736
-0.686
-0.603
-0.792
-0.597
-0.764
-0.596
-1.119
-1.009
-1.253
-1.193
-1.4
-1.579
-1.349
-1.157
-0.802
-0.934
-0.557
-0.333
-0.363
-0.476
-0.383
-0.773
-0.86
-0.912
-1.127
-1.063
-0.892
-0.686
-0.696
0.083
0.263
0.115
0.136
0.188
-0.121
-0.167
-0.447
-0.707
-0.488
-0.45
-0.38
-0.212
-0.246
-0.094
-0.276
0.173
0.95
0.598
0.854
0.701
0.525
0.796
0.356
0.226
0.051
0.281
0.045
0.219
0.16
0.52
0.591
0.537
0.556
0.743
0.478
0.37
0.591
0.555
0.501
0.452
0.409
0.234
0.146
0.939
0.998
1.451
1.499
1.252
1.198
0.437
0.68
0.578
0.373
0.437
-0.318
0.249
-0.043
-0.415
0.042
-0.274
0.102
0.024
0.104
0.298
0.167
0.15
0.58
0.563
0.541
0.787
0.497
0.548
0.517
0.681
0.852
0.675
0.63
0.676
0.652
0.769
0.741
0.782
0.427
0.163
0.421
0.097
0.478
0.537
0.836
1.127
1.242
1.251
0.957
0.842
0.911
0.659
1.055
0.852
0.707
0.879
0.603
0.419
0.223
0.197
0.072
0.622
0.348
0.332
0.593
0.733
0.302
0.335
-0.229
-0.259
-0.18
0.323
0.607
0.575
0.98
1.345
0.859
0.929
0.628
0.659
0.744
0.845
0.462
0.654
0.789
0.591
0.589
1.004
1.169
1.78
1.608
2.151
1.512
1.429
1.356
1.55
1.565
1.394
1.63
1.575
1.608
1.528
1.23
1.349
0.958
1.392
1.11
1.328
1.383
0.69
0.712
0.73
0.445
0.534
0.307
0.174
0.263
0.149
0.632
0.399
0.756
0.921
0.817
0.627
0.353
0.731
1.116
0.977
1.222
1.448
1.302
0.652
0.809
0.764
0.602
0.454
0.347
0.411
0.345
0.036
0.108
0.63
0.392
0.722
0.968
0.981
0.759
0.575
0.122
0.014
0.149
0.405
0.485
0.578
0.277
0.469
0.264
0.437
0.372
0.759
0.978
0.623
0.556
0.828
0.92
0.706
0.775
0.87
0.721
0.442
0.678
0.463
-0.382
-0.682
-0.316
-0.911
-0.913
-0.619
-0.782
-0.897
-0.88
-0.918
-1.292
-1.184
-1.111
-1.22
-0.874
-0.852
-0.97
-1.109
-0.76
-0.801
-0.693
-0.24
-0.197
0.096
-0.262
0.217
0.179
0.408
0.987
0.957
1.232
0.982
0.763
0.163
0.392
-0.157
0.314
0.395
0.449
-2.567
-0.188
-0.533
-0.209
-0.072
0.404
0.52
1.271
1.675
1.294
1.319
0.954
0.585
0.421
0.809
0.589
0.248
0.097
0.591
0.431
0.797
0.662
0.849
0.823
0.579
-0.144
0.11
0.121
0.206
-0.056
-0.248
-0.273
-0.337
-0.431
-0.346
0.041
-0.437
-0.473
-0.568
-0.588
-0.309
-0.623
-0.53
-0.761
-0.906
-1.348
-1.744
-1.4
-1.373
-1.192
-0.662
-0.583
-0.083
0.114
0.157
0.353
0.179
0.148
0.115
0.078
-0.398
-0.462
-0.485
-0.47
-0.536
-0.733
-0.573
-0.665
-1.178
-1.14
-0.987
-1.221
-1.322
-1.118
-0.778
-0.779
-0.698
-0.966
-1.057
-1.496
-1.75
-1.0
-0.397
-0.568
0.251
-0.109
-0.332
-0.632
-0.633
-0.776
-0.973
-0.77
-1.037
-1.36
-1.251
-1.4
-1.333
-0.877
-0.727
-0.984
-0.6
-0.131
-0.543
-0.211
0.379
0.08
-0.083
-0.375
-0.549
-0.657
-0.889
-0.734
-0.93
-0.615
-1.021
-1.153
-0.945
-0.665
-1.385
-0.884
-0.877
-1.143
-1.592
-1.577
-1.52
-1.35
-1.342
-1.282
-1.268
-0.929
-0.848
-1.068
-0.946
-0.831
-0.754
-0.726
-0.229
-0.008
0.174
-0.249
-0.318
-0.233
-0.392
0.144
0.359
0.476
0.532
0.895
0.497
0.627
1.022
0.56
0.595
0.443
0.515
0.518
0.502
0.388
0.572
0.052
0.034
-0.133
0.212
0.176
0.415
0.214
0.669
0.498
0.122
-0.051
-0.217
-0.218
-0.266
-0.025
-0.249
-0.387
-0.223
-0.334
-0.567
-0.462
-0.64
-0.433
-0.301
-0.088
-0.278
-0.518
0.045
-0.016
0.455
0.345
0.816
0.712
0.172
0.049
0.02
-0.199
-0.374
0.066
0.513
0.402
0.032
0.19
-0.227
0.071
0.491
0.435
0.258
0.222
-0.106
-0.115
-0.273
-0.543
-0.622
-0.474
-0.441
-0.517
-0.802
-0.107
-0.54
-0.096
-0.41
-0.113
-0.375
-0.26
-0.617
-0.881
-0.666
-1.01
-0.967
-0.848
-1.149
-0.828
-0.409
-0.559
-0.399
-0.454
-0.711
-0.276
-0.353
-0.197
-0.438
-0.449
-0.607
-0.539
-0.284
-0.122
0.288
0.228
0.624
0.781
1.145
1.269
1.38
1.386
1.464
1.572
1.516
1.437
1.407
1.49
1.254
1.164
1.257
1.119
1.106
1.218
1.348
1.211
1.478
1.338
0.959
0.989
0.537
0.671
0.482
0.17
-0.156
-0.158
-0.595
-0.349
-0.346
-0.634
-0.746
-0.909
-0.811
-0.565
-0.355
-0.341
0.22
0.303
0.099
-0.102
-0.311
-0.195
-0.468
-0.211
-0.107
0.029
0.033
0.28
0.364
-0.06
-0.016
0.092
-0.309
-0.206
-0.079
-0.381
-0.495
-0.407
-0.433
-0.522
-0.128
-0.025
-0.108
-0.129
0.023
-0.479
-0.297
0.056
0.386
0.631
0.759
0.539
0.579
0.153
0.145
0.29
0.522
0.848
0.822
0.715
0.676
0.712
0.681
0.955
0.918
1.1
1.12
0.853
0.817
1.209
0.743
0.563
0.907
1.209
1.46
1.744
1.965
1.512
1.364
1.32
1.179
1.238
1.399
1.49
0.788
1.388
0.802
1.214
1.147
1.285
1.578
1.214
1.235
1.072
1.013
0.689
0.594
0.636
0.726
0.868
0.693
0.854
0.922
1.337
1.465
1.629
1.909
2.092
1.871
2.036
2.095
1.988
1.839
1.86
1.859
1.902
1.748
1.761
1.627
1.511
1.123
1.1
0.76
0.678
0.034
-0.169
0.065
0.219
0.69
0.561
0.503
0.305
0.435
0.295
0.543
0.1
0.158
0.146
0.2
0.402
0.328
0.296
0.287
0.126
0.376
-0.214
0.035
0.065
0.344
0.393
0.29
0.389
0.35
0.397
0.466
0.216
0.11
0.151
-0.008
0.109
-0.1
0.365
0.432
0.135
0.03
2.04
0.446
0.051
0.035
-0.033
-0.522
-0.418
-0.602
-0.492
0.092
0.227
0.395
-0.092
-0.281
-0.517
-0.206
-0.6
0.225
0.186
0.414
0.531
0.596
0.884
0.956
1.268
1.234
1.099
1.403
1.654
1.874
1.435
1.628
1.691
1.792
1.516
1.122
-2.567
1.304
0.999
1.505
1.055
0.945
0.401
0.598
0.885
0.749
0.936
0.705
0.67
0.26
0.322
0.328
0.487
0.46
0.204
0.409
0.028
-0.23
-0.09
-0.427
-0.195
-0.312
-0.155
0.073
-0.365
-0.147
-0.145
-0.246
-0.312
0.028
-0.071
-0.689
-0.833
-0.571
-0.513
-0.664
-0.256
-0.295
-0.445
-0.4
-0.503
-0.174
-0.154
-0.226
-0.147
-0.469
-0.774
-1.099
-1.248
-1.106
-1.067
-0.943
-0.668
-1.183
-0.975
-1.312
-1.324
-1.37
-1.832
-1.655
-1.462
-1.993
-1.623
-1.593
-1.341
-1.593
-1.317
-0.997
-0.995
-0.523
-0.393
-0.008
0.254
-0.08
-0.045
-0.049
-0.258
-0.466
-0.254
0.11
-0.326
-0.277
-0.194
-0.163
-0.027
-0.157
-0.29
0.284
0.092
-0.064
0.388
0.632
0.754
0.707
1.182
0.509
0.423
0.535
0.848
0.876
1.071
0.594
0.506
0.068
0.128
-0.053
-0.035
0.394
0.184
0.204
0.074
0.288
0.001
0.056
-0.323
-0.364
-0.305
-0.413
-0.465
-0.427
-0.637
-0.943
-0.756
-0.946
-1.11
-0.558
-0.682
-0.871
-0.696
-0.713
-0.612
-0.731
-0.647
-0.945
-1.175
-1.008
-0.867
-0.873
-0.357
-0.625
-0.882
-0.786
-0.606
-0.59
-0.12
-0.028
-0.105
0.136
-0.054
-0.034
-0.191
-0.276
-0.929
-0.377
-0.694
-1.167
-1.135
-1.143
-1.398
-1.52
-1.524
-1.508
-1.333
-0.876
-1.204
-0.27
-0.742
-0.801
-1.092
-0.932
-0.792
-1.047
-0.519
-0.87
-1.234
-1.347
-1.077
-0.96
-0.468
-0.733
-0.5
-0.735
-0.195
-0.313
0.218
0.01
-0.319
-0.443
-0.167
-0.083
0.002
0.259
0.706
0.612
0.679
0.78
0.955
0.216
0.132
0.623
0.468
0.586
0.562
0.51
0.265
-0.006
-0.007
-0.065
0.177
-0.158
-0.008
0.338
0.949
0.31
0.446
0.029
-0.041
0.376
0.348
0.823
0.531
0.557
0.485
0.443
-0.128
0.726
1.038
0.443
0.388
0.665
0.408
0.568
0.794
0.443
0.453
0.275
0.355
0.149
0.23
0.383
0.556
-0.036
0.246
-0.202
0.019
-0.086
-0.37
-0.555
-0.227
-0.527
-0.567
-0.676
-0.229
-0.17
0.022
0.253
-0.051
-0.418
-0.453
-0.382
-0.057
0.117
0.611
0.856
0.987
0.109
-0.195
-0.206
-0.343
-0.738
0.004
0.211
0.463
0.125
-0.088
-0.185
-0.637
-0.404
-0.27
0.898
1.076
0.212
0.116
0.01
-0.844
-1.062
-0.56
-0.98
-0.074
-0.184
0.51
0.323
0.572
-0.048
0.339
0.348
0.451
0.566
0.815
0.438
0.314
-0.35
-0.761
-0.479
-0.394
0.307
0.643
1.182
1.23
0.819
0.547
0.284
0.108
-0.097
0.211
-0.248
-0.355
-0.416
0.039
-0.019
0.466
0.507
0.58
0.34
0.384
0.327
0.085
-0.201
-0.181
-0.398
-0.413
-0.518
-0.344
-0.418
-0.199
-0.2
-0.339
-0.321
-0.392
-0.605
-0.528
-0.542
-0.662
-0.508
-0.737
-0.55
-0.704
-0.659
-0.901
-0.944
-0.725
-0.584
0.132
0.946
1.403
0.975
0.993
0.721
0.853
0.987
1.18
1.026
0.901
0.627
0.556
0.433
0.699
0.878
0.823
0.698
0.572
0.553
0.707
0.806
0.96
0.668
0.628
0.753
0.779
0.632
0.759
1.076
1.094
1.504
1.367
1.664
1.667
1.211
1.268
0.91
0.801
0.937
0.799
0.852
0.878
0.322
0.266
0.326
0.441
0.43
0.544
0.602
0.956
0.936
0.943
1.565
0.918
0.268
0.33
-0.085
0.438
0.886
0.854
0.854
0.772
0.759
0.522
0.339
0.631
0.809
0.955
1.418
1.229
1.203
1.145
1.108
0.739
0.843
1.001
0.976
0.895
1.338
1.476
1.395
0.809
0.791
0.458
0.665
0.594
0.749
1.475
1.253
1.298
1.145
0.807
0.404
0.361
0.411
0.859
1.043
1.176
0.876
0.339
0.422
-0.052
0.243
0.391
0.002
0.284
0.653
0.684
0.557
0.15
0.042
0.12
0.117
-0.062
-0.132
-0.632
-0.968
-0.843
-0.736
-0.738
-0.362
-0.395
-0.239
0.039
0.118
0.118
0.039
-0.317
-0.205
0.251
0.711
0.945
0.741
0.652
0.143
-0.239
-0.028
0.246
0.37
0.608
0.475
0.218
-0.039
-0.273
0.07
-0.176
-0.096
0.204
0.23
0.287
0.064
-0.005
-0.254
0.203
0.461
0.102
0.488
0.596
0.551
0.13
0.055
0.109
0.09
-0.438
-0.061
0.131
0.736
0.13
-0.175
0.216
-0.503
-0.878
-0.528
-0.569
-1.21
-0.965
-1.156
-1.002
-1.126
-0.935
-0.913
-0.995
-0.718
-0.679
-0.71
-0.443
-0.652
-0.987
-0.721
-0.976
-1.105
-0.61
0.089
-0.072
-0.361
-0.002
-0.354
-0.287
-0.283
-0.111
0.235
-0.068
0.113
-0.291
-0.135
-0.219
-0.158
-0.242
0.053
0.13
0.269
0.018
0.111
0.009
-0.386
0.013
0.041
0.176
-0.194
0.135
-0.274
-0.151
-0.658
-0.555
-0.365
-0.257
-0.435
-0.595
-0.255
0.08
-0.081
0.084
0.517
0.985
0.684
0.307
0.086
-0.081
-0.356
-0.507
-0.377
-0.39
-0.24
-0.099
0.171
0.124
0.246
-0.043
0.05
-0.12
-0.053
0.121
-0.202
-0.248
-0.547
-0.95
-1.301
-1.288
-0.989
-0.859
0.441
0.386
0.218
0.349
-0.044
0.254
0.474
0.735
0.714
0.462
1.017
0.284
0.326
0.566
0.515
0.547
0.363
0.478
0.565
0.69
0.791
0.857
0.828
0.711
0.268
0.076
0.04
-0.625
-0.552
-0.404
-0.224
-0.09
0.025
-0.072
-0.136
-0.261
-0.27
-0.645
-0.414
-0.297
-0.317
-0.701
-0.618
-0.593
-0.605
-0.701
-0.883
-0.81
-0.484
-0.221
-0.422
-0.383
-0.633
-0.684
-0.64
-0.737
-0.611
-0.696
-0.069
-0.123
0.057
0.404
2.565
2.565
2.565
-0.211
0.026
-0.053
0.265
-0.049
-0.028
-0.304
-0.676
-0.693
-0.773
-0.834
-0.296
-0.3
0.146
0.198
-0.176
-0.184
-0.342
-0.657
-0.417
-0.313
-0.445
-0.546
-0.427
-0.732
-1.091
-1.157
-1.12
-0.876
-1.007
-1.354
-1.34
-1.038
-1.525
-1.631
-1.336
-1.402
-1.099
-0.59
-0.826
-1.288
-1.22
-1.362
-1.274
-0.756
-0.11
0.494
0.666
0.302
0.174
0.048
-0.119
-0.23
0.349
0.242
-0.195
-0.307
-0.639
-0.639
-0.967
-0.52
-0.09
0.201
0.644
0.889
0.618
0.348
0.534
0.759
0.474
0.644
0.503
-0.087
-0.191
0.065
-0.298
-0.47
-0.893
-0.989
-1.515
-1.464
-1.615
-1.065
-0.694
-0.246
-0.214
-0.136
-0.273
-0.24
-0.144
-0.001
0.113
0.033
0.535
-0.11
0.053
0.216
0.528
0.42
0.466
0.236
-0.157
-0.332
-0.23
-0.381
-0.25
-0.242
-0.512
-0.483
-0.252
-0.258
0.115
0.658
0.792
0.4
1.061
0.889
0.668
0.652
0.549
0.355
0.483
0.297
0.224
0.848
0.824
1.007
1.137
1.316
1.196
1.468
1.515
1.356
1.558
1.598
1.489
1.607
1.473
1.466
1.233
1.23
1.42
1.46
1.417
1.433
1.255
1.144
1.009
1.282
0.929
0.932
0.548
0.572
0.969
0.883
0.939
0.965
0.904
0.67
0.606
0.379
0.502
0.082
0.434
0.212
-0.108
0.437
0.046
0.022
0.626
0.728
1.019
0.829
0.908
0.962
0.619
0.748
0.494
0.479
0.359
0.428
0.321
0.137
0.038
0.037
-0.053
0.543
0.207
0.834
0.639
0.632
0.49
0.61
1.019
0.792
0.875
1.274
0.914
1.086
0.703
1.067
1.509
0.364
0.477
0.148
0.063
0.103
0.266
0.201
0.335
0.435
0.267
0.242
0.21
0.627
0.486
0.544
0.263
0.246
0.627
0.405
0.618
0.894
1.143
1.388
1.219
1.423
1.223
1.268
0.84
1.133
1.148
-2.567
1.245
1.184
1.066
1.239
1.253
1.138
1.114
1.097
0.947
1.214
0.578
0.633
0.549
0.359
0.069
0.022
0.02
0.223
0.358
-0.339
-0.201
-0.149
-0.493
-0.385
-0.213
-0.385
-0.256
-0.266
-0.056
-0.103
-0.253
-0.272
-0.546
-0.719
-0.679
-0.864
-0.652
-0.602
-0.115
0.247
0.169
0.119
0.172
0.108
-0.208
-0.352
0.168
0.165
0.27
0.206
0.202
0.191
0.122
0.046
0.01
0.19
0.271
0.144
-0.336
-0.326
-0.393
-0.144
0.184
0.113
0.549
0.219
0.407
0.486
0.814
0.812
1.231
1.407
0.908
1.263
1.47
0.914
0.928
0.501
1.074
0.191
-0.114
0.054
-0.003
0.242
0.421
0.833
0.909
0.061
0.122
-0.55
-0.927
-1.201
-0.982
-0.603
-0.341
-0.356
-0.385
-0.548
-0.903
-0.551
-0.599
-0.231
-0.178
-0.389
-0.364
-0.687
-0.85
-0.678
-1.267
-1.415
-1.057
-1.208
-1.107
-0.763
-0.39
-1.332
-1.188
-1.053
-1.204
-1.062
-1.054
-1.183
-1.589
-1.44
-1.684
-1.482
-1.661
-1.395
-1.198
-0.698
-0.839
-0.745
-0.939
-1.206
-1.215
-1.292
-1.337
-1.306
-0.993
-1.464
-0.975
-0.799
-0.94
-0.732
-0.983
-0.477
-0.598
-0.482
-0.297
0.044
0.031
0.178
0.095
-0.105
0.225
0.223
0.321
0.653
0.694
0.926
0.67
0.839
0.382
0.022
0.219
0.008
0.08
0.418
-0.345
0.049
0.025
0.066
0.304
0.684
0.83
1.021
0.566
0.594
0.664
0.278
0.416
0.35
0.328
0.263
0.663
0.604
0.554
0.999
1.224
1.052
1.065
0.843
0.664
0.543
0.887
0.302
0.274
0.298
0.028
-0.033
-0.24
-0.385
-0.155
-0.043
0.436
-0.018
0.297
-0.292
-0.025
-0.118
-0.409
-0.396
-0.435
-0.862
-0.613
-1.366
-0.751
-0.228
0.508
-0.188
0.023
-0.512
-0.582
-0.423
-0.45
0.327
1.11
1.068
0.417
0.021
0.123
-0.379
-0.325
0.81
1.007
0.983
1.044
1.195
0.749
0.87
0.571
0.405
0.277
-0.01
0.243
0.066
0.295
-0.019
-0.396
0.284
-0.557
-0.107
0.126
0.096
0.444
0.334
0.398
0.333
0.26
0.502
0.536
0.476
0.365
-0.014
-0.12
-0.029
0.272
0.22
0.235
-0.071
0.076
-0.039
-0.51
-0.007
-0.098
-0.353
-0.435
