-0.417
-0.111
-0.524
-0.474
-0.649
-0.574
-0.76
-0.624
-1.143
-0.714
-1.052
-1.267
-1.052
-1.285
-1.094
-1.134
-1.264
-1.376
-1.044
-1.12
-1.121
-1.281
-1.181
-1.23
-1.421
-0.961
-1.44
-1.574
-1.074
-1.104
-1.301
-1.192
-1.208
-0.83
-1.092
-0.893
-1.101
-1.177
-1.17
-1.233
-1.402
-1.19
-1.143
-1.296
-1.177
-1.413
-1.174
-1.233
-1.328
-1.195
-1.106
-0.696
-1.245
-0.828
-1.116
-0.845
-0.874
-0.573
-0.501
-0.686
-0.473
-0.407
-0.296
-0.633
-0.5
-0.537
-0.424
-0.297
-0.552
-0.113
-0.127
-0.327
-0.324
-0.173
-1.322
-0.117
0.014
-0.305
-0.413
-0.197
-0.37
-0.408
-0.279
-0.148
-0.504
-0.102
-0.201
-0.083
-0.02
-0.108
0.128
-0.158
-0.074
0.009
0.04
0.073
-0.244
-0.068
0.164
-0.135
0.561
-0.029
-0.116
0.092
-0.359
-0.22
-0.386
-0.565
-0.476
-0.362
-0.53
-0.194
-0.814
-0.739
-0.792
-0.58
-0.787
-0.583
-0.221
-0.352
-0.412
-0.089
-0.024
-0.208
0.28
0.231
0.324
0.044
0.769
0.491
0.432
0.751
0.71
0.58
0.859
0.809
0.923
1.473
1.376
1.133
1.308
1.318
0.97
0.758
1.586
0.993
0.991
0.842
0.938
0.717
0.162
0.767
0.41
0.609
0.368
0.686
0.584
0.605
0.501
0.523
0.501
-0.044
0.2
0.703
0.476
0.487
0.398
0.418
0.555
0.662
0.664
0.524
0.283
0.171
0.158
0.036
0.404
0.182
0.393
0.254
0.191
0.113
0.68
0.69
0.58
0.811
0.634
0.629
0.888
0.589
0.682
0.295
0.4
0.198
0.13
0.38
0.387
0.113
0.031
0.236
0.308
0.391
0.616
0.487
0.605
0.292
0.407
0.34
0.732
0.783
0.737
0.941
0.87
0.947
0.626
0.684
0.777
0.815
0.927
0.71
1.001
0.7
0.662
0.451
0.254
0.174
-0.198
-0.361
-0.206
-0.091
0.089
-0.04
-0.128
-0.282
-0.093
-0.345
-0.165
-0.395
-0.055
-0.51
-0.715
-1.145
-0.685
-1.144
-1.11
-1.302
-1.158
-1.174
-0.96
-1.316
-0.996
-1.417
-1.348
-1.501
-1.631
-1.443
-1.44
-1.655
-1.373
-1.444
-1.602
-1.743
-1.643
-1.481
-1.505
-1.452
-1.59
-1.44
-1.421
-1.091
-1.047
-0.854
-0.888
-1.117
-0.925
-0.979
-1.093
-0.589
-0.27
-0.12
-0.103
-0.462
-0.35
-0.239
-0.176
-0.259
0.157
0.174
0.077
0.054
0.194
-0.044
0.086
0.292
0.474
0.577
0.565
0.541
0.453
0.476
0.592
0.302
-0.091
-0.127
0.002
-0.179
0.225
-0.188
-0.052
-0.16
-0.299
0.042
0.181
0.232
0.086
-0.15
-0.072
-0.482
-0.411
-0.576
-0.482
-0.386
-0.146
-0.704
-0.746
-0.698
-0.884
-0.77
-0.497
-0.675
-0.869
-0.357
-0.269
-0.358
-0.101
-0.35
-0.172
-0.436
-0.278
-0.218
-0.241
0.18
0.391
0.309
0.27
0.398
0.325
0.604
0.454
0.506
0.771
0.468
0.228
0.51
0.243
0.27
0.263
0.899
0.467
0.656
0.437
0.473
0.663
0.588
0.937
0.753
0.569
0.626
0.597
0.613
0.379
0.323
0.713
0.543
0.681
0.373
0.36
0.185
0.311
0.357
0.704
0.369
0.308
0.441
0.323
0.123
0.138
0.236
0.628
0.758
0.87
0.593
0.579
0.397
0.56
0.324
0.597
0.937
1.025
1.325
1.362
0.994
0.681
0.58
0.429
0.642
0.352
0.494
0.418
0.135
0.361
-0.031
-0.065
0.019
-0.24
0.273
0.142
0.223
0.466
0.438
0.397
0.701
0.576
0.517
0.988
0.527
0.738
0.507
0.558
0.328
-0.203
-0.19
-0.197
-0.079
0.128
0.063
-0.364
-0.417
-0.648
-0.603
-0.432
-0.298
-0.31
-0.035
-0.093
-0.022
-0.194
-0.071
0.095
0.362
0.71
0.664
0.843
0.619
0.553
0.43
0.382
0.2
0.388
0.343
0.004
0.303
0.176
0.099
0.105
-0.328
-0.266
-0.355
0.048
0.139
0.117
0.191
-0.051
0.13
0.343
0.083
-0.255
-0.118
-0.2
-0.206
-0.311
-0.428
-0.265
0.255
0.026
0.145
0.082
-0.091
0.089
0.051
0.033
0.122
-0.107
-0.109
-0.022
-0.257
-0.01
-0.212
0.096
-0.161
0.063
-0.179
0.158
0.109
0.037
0.133
-0.011
-0.153
0.022
-0.141
-0.008
-0.305
-0.475
-0.443
-0.401
-0.568
-0.655
-0.411
-0.916
-0.726
-0.576
-0.72
-0.459
-0.588
-0.498
-0.297
-0.31
-0.409
-0.32
-0.492
-0.404
-0.393
-0.441
-0.413
0.144
0.083
-0.098
0.081
0.295
-0.211
-0.359
0.079
-0.127
0.203
0.217
0.453
0.083
0.012
0.093
-0.015
-0.127
-0.321
-0.072
0.047
-0.199
-0.219
0.146
0.35
0.286
0.4
0.052
0.316
-0.026
0.013
0.535
0.088
0.306
0.006
0.058
-0.116
-0.216
-0.393
0.009
-0.193
-0.273
0.021
0.299
0.212
-0.015
0.126
0.209
-0.083
0.377
0.449
0.664
0.27
0.212
0.365
0.245
0.152
0.257
0.004
0.022
0.063
0.032
0.198
-0.081
-0.002
0.305
0.076
0.257
0.693
0.692
0.637
0.513
0.502
0.814
1.022
1.085
0.983
0.983
1.189
0.927
0.752
1.567
1.344
1.58
1.428
1.495
1.33
1.337
1.624
1.546
1.318
1.335
1.39
1.018
1.096
0.918
0.833
0.822
0.297
0.605
0.529
0.803
0.815
0.703
0.932
1.207
0.839
0.922
0.816
1.512
1.004
1.29
1.395
1.551
1.488
1.705
1.562
1.872
2.148
2.017
2.479
2.244
2.145
1.971
2.255
1.908
1.78
1.775
2.32
1.944
1.621
2.097
1.598
1.524
1.399
1.292
1.031
1.144
0.613
0.426
0.734
1.062
0.751
0.97
0.812
0.448
0.233
-2.567
0.149
0.282
0.394
0.154
0.557
0.148
0.086
0.085
-0.083
-0.678
-0.15
-0.311
-0.411
-0.356
-0.327
-0.375
-0.21
-0.279
-0.345
-0.744
-0.077
-0.041
-0.252
0.177
0.133
0.022
-0.009
0.218
0.01
-0.297
-0.233
-0.393
0.064
-0.099
-0.351
-0.013
0.076
-0.16
0.183
0.09
0.182
0.087
-0.034
0.103
0.13
0.011
0.001
-0.039
-0.101
-0.088
-0.133
-0.039
0.05
0.112
0.155
0.173
0.201
0.072
0.032
-0.268
-0.222
-0.136
-0.443
-0.304
-0.371
-0.447
-0.59
-0.633
-0.829
-1.206
-1.052
-1.496
-1.588
-1.342
-1.598
-1.4
-1.375
-0.95
-1.216
-0.843
-0.485
-0.491
-0.475
-0.441
-0.596
-0.486
-0.557
-0.637
-0.493
-0.272
-0.142
-0.238
-0.29
-0.199
-0.33
-0.31
-0.264
-0.191
-0.032
-0.036
-0.259
0.042
-0.187
-0.245
-0.376
-0.37
-0.292
-0.409
-0.262
-0.425
-0.3
-0.263
-0.262
-0.552
0.001
-0.165
0.275
-0.188
0.045
0.134
-0.138
0.066
-0.094
-0.135
-0.28
-0.202
-0.279
-0.438
-0.869
-0.943
-1.031
-0.947
-0.972
-1.018
-1.063
-0.872
-0.825
-0.835
-0.562
-0.657
-0.481
-0.856
-0.454
-0.393
-0.272
0.095
0.171
-0.46
-0.303
-0.189
0.372
0.178
-0.244
-0.163
-0.634
-0.487
-0.826
-0.541
-0.337
-0.292
-0.569
0.388
-0.288
0.317
0.651
0.875
1.055
0.467
0.097
0.739
0.438
0.395
0.314
0.601
0.485
0.165
0.323
0.237
0.217
0.269
0.45
0.226
0.53
0.407
-0.262
-0.089
-0.11
-0.439
-0.306
0.081
-0.359
-0.425
-0.318
-0.212
-0.211
0.25
0.326
0.047
0.229
-0.23
-0.143
-0.251
-0.012
0.085
0.287
0.71
0.439
0.341
0.781
0.56
0.551
0.456
0.331
0.13
-0.028
-0.036
-0.099
-0.398
-0.264
-0.229
-0.157
-0.086
0.253
-0.047
-0.015
0.006
0.018
0.025
-0.052
-0.121
0.128
-0.206
-0.054
-0.165
-0.313
-0.592
-0.163
-0.31
-0.353
-0.432
-0.411
-0.217
-0.478
-0.289
-0.364
-0.478
-0.604
-0.433
-0.413
-0.277
-0.274
-0.333
-0.495
-0.442
-0.495
-0.509
-0.422
-0.083
-0.196
-0.263
-0.258
0.008
0.133
0.094
0.282
0.395
0.579
0.694
1.029
0.995
0.526
0.833
0.658
0.493
0.479
0.491
0.453
0.316
0.115
-0.062
0.237
0.303
-0.169
-0.176
-0.181
-0.23
-0.117
-0.467
-0.534
-0.659
-0.79
-0.673
-0.911
-1.06
-1.18
-1.091
-1.048
-1.273
-1.132
-0.912
-1.032
-0.776
-0.458
-0.422
-0.225
-0.368
-0.142
-0.103
-0.348
-0.19
-0.377
-0.12
-0.202
-0.25
-0.23
0.038
-0.241
-0.398
-0.176
0.005
-0.081
0.14
-0.113
-0.03
-0.01
-0.098
0.432
0.266
0.054
0.058
0.333
0.45
0.425
0.446
0.331
0.736
0.41
0.418
0.362
0.498
0.244
0.442
0.408
0.096
0.152
0.218
0.181
0.462
0.168
0.413
0.633
0.625
0.752
0.485
0.741
0.487
0.177
0.206
0.104
0.435
0.448
0.246
0.414
0.327
0.113
0.469
0.42
0.161
0.312
0.316
0.79
0.393
0.552
0.08
0.015
0.02
0.217
0.081
0.389
0.402
0.362
0.138
-0.052
-0.247
-0.375
-0.37
-0.358
-0.673
-0.401
-0.693
-0.695
-0.709
-0.467
-0.466
-0.463
-0.028
0.411
0.083
0.807
0.553
-0.036
-0.163
0.062
-0.239
-0.014
0.499
0.43
0.124
-0.133
-0.097
-0.269
-0.682
-0.451
-0.362
-0.146
-0.078
-0.092
-0.17
-0.421
-0.871
-0.881
-0.573
-0.642
-0.313
-0.207
-0.029
-0.113
-0.613
-1.022
-0.979
-0.999
-0.784
-0.176
0.074
0.236
0.125
-0.025
0.124
-0.413
-0.557
-0.303
-0.069
0.203
-0.187
-0.01
-0.226
-0.716
-0.982
-0.932
-0.966
-0.527
-0.379
-0.14
-0.065
-0.278
-0.276
-0.473
-0.175
-0.067
0.36
0.57
0.043
0.078
0.018
0.094
0.399
0.475
0.571
0.592
0.526
0.388
0.227
0.066
0.07
0.096
0.029
0.476
0.208
0.272
0.258
0.092
0.235
0.121
0.288
0.397
0.326
0.299
0.399
0.428
0.411
0.356
0.176
0.27
0.439
0.594
0.492
0.468
0.499
0.258
0.28
0.209
0.618
0.491
0.57
0.408
0.314
0.335
0.244
0.194
-0.106
-0.118
-0.021
-0.223
-0.458
-0.142
-0.427
-0.26
-0.362
-0.467
-0.14
-0.315
-0.429
-0.312
-0.259
-0.449
-0.216
-0.442
-0.084
-0.106
-0.092
-0.323
-0.27
-0.028
-0.352
-0.158
-0.123
-0.088
0.205
0.245
0.546
0.123
0.035
0.387
0.106
0.268
0.032
0.18
-0.223
-0.144
-0.225
-0.236
-0.275
-0.272
0.007
0.08
0.05
0.257
0.258
0.242
-0.044
0.4
0.471
0.493
0.339
0.502
0.364
0.749
0.487
0.782
0.329
0.34
0.144
0.168
-0.022
0.266
0.22
0.354
-0.042
0.376
0.121
0.082
0.267
0.169
0.539
0.27
0.152
0.041
0.191
0.121
-0.007
-0.047
-0.52
-0.273
-0.276
0.238
-0.042
-0.116
-0.031
0.192
0.254
0.355
0.482
0.213
0.457
0.631
0.526
0.65
0.642
0.61
0.835
0.836
0.564
0.684
0.525
0.911
0.676
0.921
0.802
0.686
0.752
1.333
0.685
0.858
0.916
0.577
0.501
0.55
0.892
0.628
1.089
0.863
0.699
0.874
0.708
0.692
0.413
0.698
1.125
0.509
0.576
0.808
0.622
1.021
0.872
0.892
0.745
1.135
0.917
1.191
1.08
1.468
1.312
1.301
1.541
1.436
1.443
1.354
2.565
1.46
0.969
1.425
1.503
1.643
1.557
1.193
1.165
1.501
0.982
0.942
0.968
1.199
1.167
0.815
0.843
1.172
0.652
1.045
0.614
0.488
0.229
0.277
0.234
0.527
0.512
0.647
0.716
1.089
0.86
0.775
0.668
0.699
1.109
0.718
0.638
0.963
0.763
0.455
0.61
0.76
0.919
0.823
-2.567
1.047
0.687
0.774
0.911
0.956
0.995
0.737
0.873
0.516
0.251
0.398
0.258
0.111
0.11
0.396
0.339
0.291
0.623
0.313
0.601
-0.061
-0.214
-0.123
-0.257
0.028
-0.127
-0.181
-0.306
0.333
-0.065
0.111
0.217
0.383
0.471
0.333
0.392
0.32
0.426
0.321
0.142
0.032
-0.003
0.11
0.505
0.502
0.436
0.478
0.612
0.379
0.891
0.917
0.929
0.755
0.543
0.986
0.327
0.547
0.563
0.543
0.644
0.552
0.979
0.828
0.714
0.975
0.555
0.503
0.784
0.446
0.823
0.317
0.242
-0.106
0.347
0.241
0.319
0.471
0.379
-0.261
0.036
-0.344
-0.376
0.225
0.286
0.493
0.61
0.486
0.202
0.569
0.664
0.514
0.357
0.774
0.323
0.479
0.274
0.156
-0.106
-0.232
-0.05
0.183
0.294
0.031
0.08
0.146
0.495
-0.171
-0.501
-0.552
-1.167
-0.959
-0.32
-0.963
0.068
0.358
0.015
-0.58
-0.806
-1.182
-1.127
-0.667
-0.874
-0.166
-0.652
-0.499
-1.014
-1.421
-1.286
-1.022
-0.838
-0.178
-0.16
-0.064
0.285
0.263
-0.108
-0.056
-0.449
-0.118
0.076
-0.247
-0.289
0.088
-0.109
-0.083
-0.184
-0.247
-0.778
-0.79
-0.665
-0.89
-0.684
-0.873
-1.233
-0.814
-0.793
-1.045
-1.279
-1.25
-1.309
-1.59
-1.359
-0.736
-0.863
-0.656
-0.498
-0.013
-0.249
-0.352
-0.384
-0.489
-0.252
-0.366
-0.401
-0.584
-0.645
-0.834
-1.016
-1.23
-0.587
-0.958
-0.705
-0.517
-0.593
-0.485
-0.408
-0.436
-0.245
-0.234
0.067
0.209
0.258
0.206
0.125
0.81
0.538
0.475
0.584
0.093
0.382
-0.049
0.196
-0.226
-0.084
-0.226
-0.501
-0.578
-0.663
-1.003
-0.652
-0.544
-0.623
-0.455
-0.679
-0.757
-0.596
-0.812
-0.542
-0.53
-0.471
-0.611
-0.454
-0.996
-0.729
-0.511
-0.152
-0.434
0.077
-0.231
-0.345
-0.212
0.029
0.152
0.628
0.718
0.743
0.405
0.337
0.254
-0.049
0.11
0.393
0.145
0.308
-0.043
-0.214
0.165
-0.11
-0.096
-0.221
-0.129
-0.682
-0.714
-0.331
-0.448
-0.828
-0.703
-0.806
-0.747
-0.718
-0.713
-0.55
-0.729
-1.053
-0.991
-1.418
-0.98
-1.45
-0.953
-1.113
-1.275
-1.325
-1.281
-1.023
-0.879
-0.776
-0.673
-0.41
-0.286
-0.249
-0.103
-0.013
0.11
-0.229
-0.177
-0.215
-0.246
-0.35
-0.042
-0.23
0.138
-0.101
-0.115
-0.113
-0.239
-0.323
-0.169
-0.23
-0.287
-0.083
-0.295
-0.297
-0.051
-0.005
-0.017
0.231
-0.008
0.117
-0.116
-0.062
-0.407
-0.418
-0.218
-0.464
-0.168
-0.466
-0.101
-0.089
-0.2
0.037
-0.059
-0.151
-0.131
0.049
0.083
-0.167
-0.088
-0.035
-0.299
-0.162
-0.386
-0.139
-0.278
0.029
0.645
0.644
0.871
1.18
1.327
1.383
1.328
1.156
1.666
0.701
1.029
0.769
0.743
0.435
0.255
0.704
0.542
0.477
0.705
0.951
0.622
0.892
0.667
1.172
0.961
0.677
0.937
1.121
0.66
0.556
0.831
0.579
0.678
0.897
1.028
0.281
0.678
0.638
0.367
0.152
0.378
0.133
-0.268
-0.122
-0.281
-0.321
-0.235
-0.025
-0.128
-0.04
-0.753
-0.344
0.12
-0.006
-0.242
0.128
0.039
-0.181
-0.127
-0.231
-0.312
-0.546
-0.578
-0.532
-0.579
-0.387
-0.409
-0.294
-0.267
0.027
-0.087
-0.074
0.392
0.578
0.489
0.649
0.172
0.221
0.545
0.171
0.483
0.582
0.65
0.493
0.561
0.807
0.718
0.425
0.423
0.391
0.421
0.541
0.486
0.515
0.806
0.525
0.771
0.621
0.999
0.754
0.669
0.795
0.426
0.553
0.49
0.451
0.493
0.441
0.419
0.395
0.478
0.284
0.546
0.472
0.731
0.371
0.342
0.212
0.259
0.136
0.363
0.055
0.063
-0.193
-0.045
0.188
-0.041
-0.045
0.165
0.079
0.281
0.054
0.156
0.281
0.247
0.287
0.084
0.058
0.032
0.147
-0.144
-0.143
-0.056
-0.019
0.042
-0.076
0.086
-0.092
0.088
0.206
-0.206
0.263
0.011
0.089
-0.445
-0.711
-0.601
-0.413
-0.568
-0.658
-0.388
-0.419
-0.483
-0.496
-0.564
-0.546
-0.67
-0.841
-0.723
-0.748
-0.672
-1.06
-1.186
-0.935
-1.296
-0.753
-1.153
-0.888
-1.188
-1.356
-0.78
-0.771
-0.821
-0.631
-0.365
-0.423
-0.477
-0.622
-0.301
-0.462
-0.625
-0.368
-0.235
-0.336
-0.378
-0.452
-0.292
-0.439
-0.37
-0.388
-0.28
0.009
0.354
0.406
0.207
0.292
0.121
-0.052
-0.089
0.009
0.177
0.366
0.356
0.457
0.73
0.259
0.736
0.572
0.559
0.389
0.343
0.232
0.004
0.274
0.502
0.562
0.489
0.519
0.478
0.203
0.657
0.981
0.616
0.902
0.699
0.714
0.828
0.701
0.701
0.564
0.382
0.254
0.495
0.459
0.164
0.422
0.386
0.59
0.096
0.203
0.303
0.1
-0.004
-0.422
0.258
-0.219
0.153
-0.312
-0.176
0.078
-0.075
-0.081
-0.112
-0.098
0.078
0.106
0.098
0.273
0.383
0.589
0.517
0.379
0.411
0.436
0.283
0.246
-0.048
0.299
0.122
-0.032
0.195
0.269
0.283
0.54
0.358
0.129
0.259
0.273
0.131
0.301
0.446
0.349
0.146
0.636
0.642
0.518
0.643
0.694
0.365
0.761
0.297
0.572
0.454
0.429
0.156
0.424
0.0
-0.059
0.303
0.139
-0.082
0.104
0.379
-0.009
0.046
0.486
-0.037
0.144
0.159
0.123
0.151
0.045
0.13
0.042
-0.074
0.261
0.348
0.063
0.243
0.579
0.567
0.67
0.802
0.613
0.665
0.897
0.856
0.78
0.977
0.775
0.532
0.676
0.618
0.306
0.102
0.545
0.016
0.235
0.05
-0.027
0.269
0.036
0.267
-0.48
0.074
0.073
0.394
0.709
0.541
0.222
0.77
0.839
1.228
1.297
1.218
0.871
0.667
0.453
0.276
0.503
1.05
1.165
1.321
1.419
0.859
0.557
0.35
1.26
1.726
1.787
2.239
2.083
1.504
1.687
1.398
1.539
1.38
2.506
1.622
1.887
1.585
1.475
1.283
1.376
1.134
1.239
0.946
1.357
1.348
0.995
0.928
1.057
0.955
1.098
1.647
1.345
2.138
2.333
1.766
1.84
1.896
1.834
1.707
1.766
1.575
1.451
1.063
1.192
1.295
1.019
0.838
0.978
0.797
1.041
0.857
1.393
1.387
1.462
1.077
1.303
0.92
1.155
0.962
1.454
1.742
1.623
1.227
0.862
1.055
0.912
1.019
0.546
0.276
0.251
0.15
0.258
-0.12
-0.028
0.329
0.343
0.512
0.435
0.496
0.624
0.059
0.067
0.157
0.039
0.207
0.253
0.085
-0.023
-0.39
-0.547
-0.053
-0.199
-0.058
0.149
-0.138
-0.077
-0.173
-0.206
-0.439
-0.661
-0.393
-0.659
-0.721
-0.454
-0.623
-0.655
-0.573
-0.562
-0.388
-0.408
-0.277
-0.307
-0.49
-0.732
-0.481
-0.577
-0.628
-0.815
-0.86
-0.894
-0.961
-0.89
-1.239
-1.232
-1.403
-1.085
-1.484
-1.503
-1.239
-1.032
-1.133
-0.861
-0.75
-0.543
-0.484
-0.472
-0.617
-0.71
-0.428
-0.829
-0.562
-0.572
-0.373
-0.743
-0.592
-0.573
-0.675
-0.618
-0.732
-0.632
-0.54
-0.505
-0.544
-0.619
-0.572
-0.841
-1.104
-0.676
-1.016
-0.728
-0.584
-0.869
-0.876
-0.896
-0.536
-1.169
-0.803
-0.884
-0.772
-0.828
-0.885
-1.046
-1.071
-1.144
-1.357
-1.59
-1.322
-1.521
-1.553
-0.448
-0.817
-0.694
-0.774
-0.69
-0.967
-0.471
-0.374
-0.546
-0.328
-0.297
-0.177
-0.235
-0.498
-0.347
-0.389
-0.765
-0.717
-0.653
-0.503
-0.559
-0.871
-0.912
-1.113
-0.824
-0.989
-1.011
-0.72
-0.808
-0.422
-0.943
-0.904
-0.599
-0.713
-0.609
-0.638
-0.572
-1.302
-0.956
-1.216
-0.928
-0.745
-0.81
-0.488
-0.525
-0.172
-0.153
0.04
0.496
0.22
0.187
0.521
0.188
0.453
0.302
0.461
0.371
0.478
0.536
0.261
0.765
0.123
-0.055
0.019
0.159
-0.445
-0.011
-0.01
-0.237
-0.102
-0.372
-0.399
-0.12
-0.298
0.204
-0.416
-0.079
-0.223
0.138
-0.032
0.06
-0.14
-0.277
-0.748
-0.603
-0.697
-0.732
-0.747
-0.872
-0.724
-0.713
0.265
-0.516
-0.418
0.147
0.262
0.379
0.262
0.399
-0.069
-0.063
-0.22
0.122
0.371
0.323
0.239
0.527
0.61
0.597
0.235
0.578
0.596
0.325
0.161
-0.086
0.042
0.129
-0.154
0.248
0.298
0.012
0.155
0.088
0.064
0.138
0.29
0.139
0.344
0.079
0.154
0.021
-0.211
0.147
-0.189
-0.079
-0.134
-0.085
0.027
-0.058
-0.083
-0.047
-0.212
0.078
-0.055
-0.338
-0.177
-0.094
-0.388
-0.388
-0.335
-0.367
-0.367
-0.574
-0.367
-0.648
-0.722
-0.575
-0.563
-0.578
-0.605
-0.717
-0.528
-0.555
-0.22
-0.8
-0.336
-0.537
-0.34
-0.384
-0.451
-0.156
-0.622
-0.497
-0.35
-0.485
-0.317
-0.551
-0.144
-0.264
-0.599
-0.675
-0.637
-0.244
-0.324
-0.426
0.1
-0.127
-0.023
-0.189
0.442
0.383
0.858
1.106
0.715
0.545
0.365
0.566
0.772
0.628
0.969
0.593
0.507
0.453
0.621
0.516
0.596
0.425
0.301
-0.042
0.055
-0.122
-0.46
-0.215
-0.23
-0.454
-0.338
-0.526
-0.651
-0.437
-0.488
0.177
0.47
0.376
0.038
-0.699
-0.47
-0.848
-0.841
-0.452
-0.52
