0.663
0.759
0.566
0.528
0.324
0.248
0.257
0.056
0.069
0.323
0.338
0.334
0.328
0.293
0.569
0.547
0.763
0.853
0.722
0.764
0.819
0.727
0.973
0.694
0.722
0.708
0.637
0.67
0.561
0.357
0.217
0.224
0.31
0.387
0.426
0.731
0.578
0.797
0.605
0.675
0.706
0.645
0.761
0.594
0.588
0.62
0.658
0.943
0.919
0.744
0.954
1.081
1.124
1.041
1.28
1.395
1.137
0.914
1.052
0.974
1.04
0.561
0.659
0.637
0.337
0.329
0.441
0.436
0.209
0.147
0.514
0.77
0.944
0.941
1.232
1.03
0.998
1.051
1.109
1.048
1.237
0.923
0.9
0.78
0.85
1.068
1.15
1.128
0.76
0.758
0.768
0.845
0.764
0.682
0.792
0.551
0.494
0.899
0.976
1.117
1.271
1.361
1.367
1.119
0.838
0.789
0.488
0.208
0.307
0.364
0.424
0.714
0.756
0.593
0.555
0.252
0.236
0.135
-0.06
-0.228
-0.001
0.318
0.305
0.47
0.778
1.151
1.189
1.45
1.532
1.5
1.4
1.387
1.368
1.304
1.227
1.502
1.817
1.677
1.602
1.687
1.796
1.373
1.417
1.078
0.993
0.982
0.93
0.909
0.966
1.072
1.031
1.101
1.584
1.636
1.747
1.567
1.461
1.512
1.428
1.297
1.301
1.218
1.221
1.063
1.255
1.061
0.885
0.973
0.756
0.726
0.695
0.386
0.101
0.092
-0.177
-0.83
-0.499
-0.199
-0.131
-0.073
-0.029
0.2
0.191
0.265
0.003
-0.123
-0.427
-0.548
-0.949
-0.746
-0.92
-0.96
-0.544
-0.471
-0.536
-0.505
-0.618
-0.655
-0.837
-0.786
-0.869
-0.849
-0.53
-0.726
-0.678
-0.502
-0.548
-0.179
-0.135
-0.045
-0.068
-0.203
-0.274
-0.286
-0.071
-0.347
-0.16
-0.053
0.005
-0.006
0.152
-0.011
0.3
0.062
-0.161
-0.011
-0.397
-0.339
-0.523
-0.455
-0.595
-0.612
-0.455
-0.577
-0.504
-0.583
-0.426
-0.638
-0.61
-0.815
-0.828
-0.846
-0.969
-1.159
-1.109
-1.318
-1.586
-1.484
-1.651
-1.671
-1.478
-1.605
-1.415
-1.321
-1.371
-1.599
-1.453
-1.285
-1.083
-0.878
-1.02
-0.48
-0.797
-0.642
-0.586
-0.489
-0.448
-0.552
-0.449
-0.705
-0.695
-0.89
-0.436
-0.429
-0.445
-0.094
0.007
0.055
0.163
0.051
0.367
0.213
0.402
0.115
0.254
0.43
0.157
0.536
0.567
0.074
0.072
0.118
-0.151
-0.232
0.006
-0.453
-0.463
-0.621
-0.322
-0.343
-0.301
-0.222
-0.637
-0.259
-0.196
-0.409
-0.552
-0.513
-0.304
-0.518
-0.509
-0.407
-0.388
-0.496
-0.52
-0.616
-0.606
-0.754
-0.509
-0.497
-0.284
-0.415
-0.278
-0.464
-0.149
-0.067
0.038
0.063
0.14
0.357
-0.173
-0.243
-0.139
-0.058
-0.124
-0.487
-0.018
-0.052
-0.126
-0.031
0.104
-0.076
0.101
0.289
0.343
0.591
0.488
0.343
0.244
0.15
0.22
-0.047
-0.177
-0.376
-0.714
-0.877
-1.094
-1.105
-0.846
-0.836
-0.72
-0.52
-0.283
-0.249
-0.06
-0.111
0.204
0.241
0.171
-0.075
-0.169
-0.233
-0.265
-0.148
-0.322
-0.319
-0.264
0.027
0.206
0.259
0.478
0.831
1.167
1.293
1.475
1.598
1.542
1.588
1.81
1.709
1.621
1.448
1.374
1.123
0.701
0.786
0.932
0.916
0.504
0.408
0.319
0.157
0.139
0.048
0.076
0.024
0.043
-0.033
0.351
0.169
0.297
0.291
0.358
0.168
0.22
-0.037
-0.255
-0.173
-0.278
-0.344
-0.073
-0.095
-0.12
0.27
0.19
0.339
0.347
0.56
0.242
0.236
0.155
-0.415
-0.27
-0.405
-0.46
-0.378
-0.056
0.141
0.362
0.541
0.451
0.472
0.47
0.393
-0.178
-0.274
-0.201
-0.323
-0.273
-0.317
-0.253
-0.103
-0.297
-0.386
-0.506
-0.448
-0.351
-0.65
-0.597
-0.642
-0.546
-0.753
-0.807
-0.361
-0.472
-0.413
-0.407
-0.383
-0.302
-0.238
-0.022
-0.037
-0.024
0.294
0.268
0.261
0.188
-0.194
-0.052
0.042
-0.053
0.052
0.368
0.124
0.187
0.242
0.435
0.265
0.337
0.223
0.413
0.398
0.608
0.927
0.888
0.838
1.106
1.085
1.19
1.063
1.135
1.155
1.053
1.113
1.109
0.828
1.112
1.012
1.128
1.073
0.785
0.845
0.968
1.121
0.975
0.902
1.06
0.679
0.81
1.095
0.802
0.988
1.089
1.35
1.419
1.709
1.907
1.9
2.05
1.94
2.126
1.876
1.855
2.172
2.319
1.95
1.801
1.981
2.26
2.024
2.195
2.444
2.026
1.873
1.453
1.296
1.209
1.149
0.846
0.665
0.526
0.134
0.199
0.201
-0.052
0.033
-0.145
-0.348
-0.368
-0.781
-0.988
-0.882
-0.852
-0.97
-0.551
-0.463
-0.221
-0.174
0.218
0.281
0.206
0.555
0.404
0.62
0.856
1.028
1.194
1.068
1.182
1.075
1.092
1.058
0.829
0.671
0.441
0.517
0.544
0.321
0.245
0.302
0.13
0.149
0.098
0.082
0.077
0.183
0.339
0.329
0.628
0.656
0.651
0.359
0.139
0.077
-0.096
0.107
-0.055
-0.023
-0.13
-0.328
-0.567
-0.399
-0.406
-0.413
-0.558
-0.631
-0.768
-0.861
-1.015
-1.138
-1.06
-1.006
-0.728
-0.618
-0.416
-0.318
0.032
-0.131
0.202
0.103
-0.092
0.198
0.329
0.61
0.525
0.693
0.832
1.062
0.992
0.923
0.919
1.164
1.009
0.979
0.684
0.947
0.757
0.578
0.541
0.32
0.451
0.447
0.414
0.264
0.167
-0.035
0.1
-0.315
-0.212
-0.666
-0.93
-0.668
-0.804
-0.896
-0.777
-0.617
-0.796
-0.911
-0.54
-0.592
-0.764
-0.659
-0.509
-0.778
-1.201
-1.295
-1.351
-1.215
-1.07
-1.131
-0.974
-0.651
-0.698
-0.618
-0.297
-0.205
-0.348
-0.372
-0.373
-0.438
-0.552
-0.45
-0.133
-0.138
-0.166
0.026
-0.024
-0.189
-0.167
-0.389
-0.573
-0.809
-0.921
-1.042
-1.036
-0.454
-0.421
0.131
0.094
0.47
0.454
0.431
0.303
0.028
-0.357
-0.598
-0.754
-0.769
-0.677
-0.738
-1.042
-0.812
-0.682
-0.719
-0.814
-0.777
-0.819
-0.779
-0.508
-0.223
-0.206
-0.181
0.145
0.318
0.048
0.554
0.439
0.88
0.86
1.133
0.855
1.0
1.041
0.533
0.655
0.61
0.672
0.599
0.311
0.205
0.251
0.172
0.135
0.28
0.412
0.537
0.876
1.051
1.138
1.0
0.97
1.026
1.187
0.963
0.966
1.038
1.058
1.052
1.066
1.128
1.044
1.021
1.197
1.15
1.177
1.168
1.126
1.135
0.973
0.818
0.738
0.468
0.24
0.097
-0.054
0.069
-0.176
0.135
0.04
0.204
0.289
0.622
0.565
0.517
0.348
0.327
0.016
-0.055
-0.477
-0.4
-0.311
-0.229
-0.151
0.108
0.052
-0.099
-0.033
-0.071
-0.036
0.075
-0.273
-0.196
-0.286
-0.453
-0.48
-0.365
-0.405
-0.276
-0.328
-0.188
-0.349
-0.521
-0.746
-0.879
-0.784
-0.937
-0.891
-0.625
-0.474
-0.418
-0.492
-0.376
-0.456
-0.557
-0.563
-0.434
-0.627
-0.939
-0.588
-0.905
-0.748
-0.688
-0.269
-0.184
-0.212
-0.307
-0.128
0.023
0.01
-0.206
-0.072
-0.274
-0.081
-0.295
-0.21
-0.379
-0.191
-0.345
-0.084
-0.111
0.191
0.078
0.093
0.091
-0.115
-0.21
-0.219
-0.161
-0.134
-0.379
0.137
-0.079
-0.105
0.148
0.158
0.221
0.321
0.21
0.266
0.26
0.228
0.349
0.279
0.312
0.35
0.322
0.45
0.638
0.603
0.545
0.831
0.856
0.763
0.738
0.786
0.677
0.509
0.31
0.09
0.059
0.092
0.122
0.019
-0.039
-0.163
-0.294
-0.038
-0.139
-0.074
-0.176
0.127
-0.09
0.065
-0.001
0.135
0.211
0.021
0.134
0.327
0.307
0.361
0.623
0.731
0.656
0.816
0.782
1.115
1.158
1.049
1.06
0.854
0.816
0.739
0.905
1.037
1.199
1.338
1.427
1.421
1.382
1.499
1.246
0.975
0.949
0.81
0.728
0.871
0.871
0.682
0.772
1.023
1.103
1.155
0.811
0.801
0.498
0.374
0.231
0.558
0.347
0.328
0.58
0.551
0.615
0.532
0.783
0.661
0.715
0.442
0.453
0.524
0.492
0.475
0.667
0.799
0.831
1.175
0.988
0.727
0.595
0.754
0.604
0.528
0.064
0.258
0.091
0.042
0.036
0.08
0.226
0.496
0.556
0.551
0.689
0.77
0.798
0.633
0.763
0.176
0.379
0.42
0.643
1.05
0.986
0.914
0.729
0.787
0.94
0.781
0.489
0.537
0.408
0.228
0.033
0.043
-0.139
-0.104
-0.204
0.195
-0.075
-0.026
0.136
0.362
-0.028
-0.472
-0.534
-0.373
-0.307
-0.602
-0.746
-0.774
-0.885
-0.831
-0.844
-0.95
-1.015
-0.729
-0.737
-0.831
-0.78
-0.692
-0.551
-0.456
-0.706
-0.561
-0.274
-0.276
-0.26
-0.011
-0.206
0.007
0.092
-0.152
-0.245
-0.025
-0.113
0.154
0.223
0.381
0.204
0.055
0.131
0.143
0.158
-0.043
-0.195
-0.213
-0.317
-0.368
-0.322
-0.426
-0.057
-0.398
-0.339
-0.248
-0.167
0.131
0.168
0.439
0.43
0.644
0.591
0.759
0.593
0.253
0.103
-0.016
-0.002
0.063
0.13
0.343
0.28
0.156
0.511
0.782
0.622
0.695
0.687
0.355
0.318
0.141
0.369
0.327
0.361
0.295
0.17
0.211
0.062
0.338
0.054
0.346
0.19
0.153
-0.058
0.011
-0.118
-0.409
-0.563
-0.621
-0.536
-0.491
-0.552
-0.514
-0.382
-0.671
-0.759
-0.475
-0.62
-0.631
-0.482
-0.255
-0.323
-0.003
-0.106
-0.199
-0.417
-0.503
-0.519
-0.565
-0.311
-0.38
-0.341
-0.357
-0.622
-0.434
-0.705
-0.868
-0.866
-0.946
-0.922
-1.121
-0.994
-0.974
-1.222
-0.926
-0.531
-0.455
-0.42
-0.51
-0.457
-0.336
-0.417
-0.232
-0.194
0.022
-0.072
-0.048
0.039
-0.18
-0.378
-0.233
-0.303
-0.333
-0.465
-0.314
-0.357
-0.43
-0.427
-0.395
-0.295
-0.193
-0.067
0.029
-0.046
-0.203
-0.196
-0.14
-0.359
-0.498
-0.299
-0.401
-0.345
0.103
-0.002
0.134
0.06
0.217
-0.234
-0.283
-0.389
-0.224
-0.405
-0.481
-0.318
-0.251
-0.198
-0.162
-0.02
-0.091
0.367
0.713
0.741
1.012
0.892
1.03
0.547
0.525
0.427
0.194
0.261
0.356
0.032
-0.087
-0.23
-0.475
-0.656
-0.646
-0.768
-0.698
-0.486
-0.602
-0.756
-0.68
-0.652
-0.621
-0.332
-0.444
-0.278
-0.162
-0.267
-0.034
0.048
0.003
0.117
-0.08
0.004
-0.139
-0.135
-0.256
0.003
0.201
0.278
0.378
0.712
0.483
0.406
0.526
0.185
0.208
0.012
0.494
0.301
0.392
0.289
0.266
0.263
0.323
0.382
0.39
0.611
0.351
0.268
0.209
0.54
0.453
0.148
0.21
0.27
0.321
0.253
0.415
0.519
0.694
0.458
0.617
0.659
0.816
0.681
0.7
1.008
0.828
0.843
0.72
0.871
0.536
0.491
0.367
0.51
0.36
0.283
0.466
0.532
0.58
0.735
0.707
0.841
0.834
0.818
0.874
0.782
0.881
0.587
0.458
0.435
0.233
0.303
0.297
0.366
0.197
0.236
0.135
0.355
0.347
0.179
0.313
0.312
-0.021
0.109
-0.052
-0.023
-0.095
-0.193
-0.113
-0.199
-0.153
-0.127
0.149
0.172
0.312
0.297
0.722
0.597
0.652
0.77
1.003
0.693
0.74
0.613
0.636
0.802
0.761
0.687
0.588
0.507
0.618
0.466
0.338
0.322
0.203
0.413
0.458
0.494
0.564
0.712
0.777
0.687
0.645
0.789
0.401
0.294
0.238
-0.162
0.132
0.186
0.179
0.373
0.434
0.616
0.768
0.875
0.744
0.858
1.074
0.782
0.806
0.545
0.737
0.611
0.464
0.746
0.75
0.535
0.592
0.64
0.834
0.621
0.571
0.765
0.878
0.913
0.824
0.907
1.111
0.898
1.033
0.81
0.56
0.724
0.465
0.577
0.268
0.552
0.519
0.477
0.324
0.431
0.664
0.666
0.596
0.551
0.613
0.796
0.709
0.769
0.766
0.562
0.604
0.65
0.487
0.653
0.726
0.868
1.009
0.936
0.982
0.801
1.095
1.107
0.739
0.827
0.915
1.099
0.839
0.58
0.638
0.539
0.248
0.483
0.019
-0.292
0.026
-0.403
-0.63
-1.053
-1.143
-1.365
-1.058
-1.119
-1.183
-1.09
-0.915
-0.704
-0.809
-0.716
-0.802
-0.744
-0.781
-1.088
-0.926
-0.71
-0.484
-0.338
-0.491
-0.306
-0.156
-0.197
0.267
0.141
0.167
0.209
0.476
0.193
-0.064
0.302
0.318
0.755
0.738
0.637
0.678
0.681
0.487
0.296
0.307
0.097
-0.169
-0.146
-0.226
-0.072
-0.296
-0.376
-0.558
-0.454
-0.405
-0.177
-0.291
-0.282
-0.073
-0.283
-0.245
-0.101
-0.078
-0.425
-0.234
-0.406
-0.115
-0.258
-0.274
-0.137
-0.488
-0.48
-0.21
-0.438
-0.438
-0.443
-0.106
-0.142
-0.065
0.022
0.311
0.604
0.778
0.284
0.433
0.175
0.126
0.117
-0.025
0.298
0.129
0.301
0.174
0.174
0.22
0.473
0.279
0.413
0.471
0.486
0.385
0.277
-0.136
-0.346
-0.553
-0.431
-0.728
-0.903
-1.05
-1.006
-0.687
-1.117
-0.883
-1.07
-1.004
-0.96
-0.949
-1.013
-0.813
-0.764
-0.734
-0.807
-0.876
-0.793
-0.799
-0.617
-0.721
-0.371
-0.159
-0.099
0.131
0.119
0.392
0.355
0.538
0.682
0.913
1.028
1.47
1.516
1.332
1.177
1.183
0.949
1.063
0.519
0.216
0.173
0.076
0.179
0.38
0.134
-0.087
-0.347
-0.419
-0.53
-0.81
-0.45
-0.316
-0.422
-0.715
-0.245
-0.626
-0.815
-0.992
-1.049
-1.194
-1.352
-1.36
-1.639
-1.547
-1.646
-1.442
-1.471
-1.393
-1.328
-1.261
-1.076
-1.081
-1.064
-0.943
-1.153
-0.811
-0.634
-0.547
-0.564
-0.492
-0.274
-0.049
-0.385
-0.166
-0.341
0.189
0.283
0.282
0.3
0.295
-0.007
-0.029
-0.176
-0.172
-0.372
-0.54
-0.675
-0.398
-0.498
-0.81
-0.706
-0.879
-0.825
-1.178
-1.022
-0.932
-0.805
-0.891
-0.709
-0.658
-0.575
-0.509
-0.454
-0.074
-0.02
-0.037
-0.257
-0.133
-0.017
0.005
0.04
0.264
-0.017
-0.156
-0.049
-0.158
-0.179
-0.388
-0.11
-0.185
0.055
0.362
0.367
0.494
0.561
0.633
0.552
0.631
0.59
0.89
0.784
0.624
0.764
0.323
0.372
0.317
0.251
0.321
0.397
0.196
0.305
0.133
-0.275
-0.17
-0.322
-0.381
-0.551
-0.475
-0.464
-0.313
-0.556
-0.328
-0.371
-0.291
-0.387
-0.157
-0.155
0.206
-0.017
-0.105
-0.243
-0.152
-0.211
-0.369
-0.194
-0.258
-0.227
0.023
0.136
0.161
0.118
0.145
0.189
0.208
0.181
0.159
0.354
0.366
0.579
0.444
0.63
0.636
0.667
0.592
0.682
0.624
0.371
0.317
0.307
0.193
0.238
0.178
0.08
0.072
0.196
0.098
0.068
0.523
0.737
0.354
0.466
0.439
0.571
0.151
-0.1
0.165
0.068
0.034
0.097
0.322
0.532
0.52
0.558
0.471
0.369
0.37
0.398
0.291
0.457
0.4
0.521
0.663
0.817
1.003
1.006
0.825
1.051
0.8
0.846
0.525
0.784
0.483
0.435
0.264
0.394
0.496
0.431
0.652
0.857
0.709
0.833
0.818
0.248
2.565
0.534
0.645
0.724
0.651
0.634
0.667
0.628
0.662
0.446
0.258
-0.246
-0.167
-0.068
0.068
0.051
0.109
0.174
0.128
0.058
0.26
0.093
0.162
0.261
0.113
0.407
0.475
0.322
0.33
0.438
0.244
0.188
0.234
0.269
0.219
0.012
0.173
0.275
0.168
0.089
0.202
0.326
0.184
0.528
0.513
0.638
0.861
0.797
0.545
0.738
0.503
0.59
0.281
0.299
0.141
0.314
0.318
0.174
0.388
0.141
0.199
0.056
0.232
0.056
0.002
-0.046
0.131
-0.12
0.025
-0.132
-0.215
-0.391
-0.32
-0.212
-0.377
-0.497
-0.288
-0.145
-0.273
-0.188
-0.134
-0.275
-0.385
-0.462
-0.603
-0.361
-0.362
-0.094
0.014
-0.093
0.137
0.037
0.382
0.261
0.221
0.145
0.198
0.226
0.089
-0.089
0.005
-0.046
0.136
0.075
0.103
0.288
0.435
0.509
0.611
0.443
0.435
0.302
0.194
0.087
0.169
-0.059
0.134
-0.043
-0.181
-0.043
-0.145
0.12
-0.149
-0.09
-0.286
0.0
-0.093
-0.051
0.001
0.021
0.002
0.044
0.194
0.147
0.214
0.068
0.082
-0.119
-0.46
-0.386
-0.349
-0.578
-0.324
-0.305
-0.251
-0.485
-0.578
-0.267
-0.408
-0.245
-0.152
-0.203
-0.161
-0.293
-0.012
0.155
-0.028
-0.188
-0.317
-0.161
-0.218
-0.077
-0.471
-0.277
-0.592
-0.493
-0.631
-0.281
0.003
-0.262
0.124
0.015
0.028
0.1
0.185
0.254
0.405
0.539
0.328
0.473
0.596
0.571
0.547
0.891
0.76
0.323
0.537
0.836
0.749
0.526
0.828
0.489
0.471
0.292
0.322
-0.158
-0.165
-0.041
-0.398
-0.113
-0.319
-0.252
-0.15
-0.169
-0.293
-0.128
0.072
0.019
0.084
-0.052
0.188
0.304
0.038
0.281
0.047
0.095
0.021
0.061
0.155
-0.01
0.046
-0.455
-0.367
-0.36
-0.629
-0.525
-0.423
-0.413
-0.498
-0.447
-0.362
-0.476
-0.373
-0.349
-0.239
-0.025
-0.351
-0.294
-0.407
-0.184
-0.23
-0.087
-0.271
-0.51
-0.303
-0.595
-0.254
-0.409
-0.316
-0.408
-0.223
-0.2
-0.161
0.038
-0.2
-0.097
-0.139
-0.164
-0.269
-0.098
-0.053
-0.127
-0.018
0.098
0.024
-0.018
0.099
0.3
0.154
0.26
0.257
0.237
0.024
-0.027
-0.056
-0.093
-0.144
0.17
0.482
0.205
0.717
0.472
0.593
0.657
0.879
0.66
0.571
0.624
0.577
0.533
0.327
0.282
0.067
0.244
0.063
0.07
0.4
0.451
0.464
0.426
0.206
0.222
0.229
0.484
0.369
0.464
0.232
0.632
0.49
0.52
0.691
0.692
0.92
0.873
0.792
0.899
0.825
0.88
0.652
0.484
0.568
0.318
0.243
0.463
0.433
0.276
0.259
0.255
0.552
0.193
0.489
0.23
0.205
0.407
0.222
0.252
0.258
0.467
0.052
-0.048
-0.071
0.067
-0.109
0.016
0.365
0.081
-0.014
0.3
0.045
0.083
0.194
-0.167
-0.223
-0.417
-0.46
-0.494
-0.459
-0.496
-0.669
-0.522
-0.155
-0.139
0.307
0.369
0.532
0.722
0.881
0.978
0.873
0.72
0.916
0.948
0.724
0.641
0.585
0.494
0.623
0.671
0.64
0.733
0.612
0.503
0.509
0.853
0.76
0.629
0.745
0.58
0.29
0.456
0.335
0.277
0.147
0.196
-0.084
0.247
0.269
0.283
0.2
0.048
0.164
0.068
-0.014
-0.077
-0.075
-0.083
0.009
-0.227
-0.374
-0.244
-0.389
-0.324
-0.216
-0.233
-0.215
-0.047
-0.058
-0.023
0.175
-0.168
-0.096
-0.009
-0.288
-0.213
-0.127
-0.253
-0.176
-0.314
-0.371
-0.267
-0.421
-0.394
-0.476
-0.413
-0.458
-0.478
-0.608
-0.88
-0.736
-0.684
-0.784
-0.742
-0.722
-0.741
-0.678
-0.9
-0.568
-0.448
-0.266
-0.504
-0.408
-0.138
-0.342
-0.468
-0.21
-0.008
-0.187
-0.245
-0.193
0.081
-0.02
0.092
-0.122
-0.129
-0.222
-0.322
-0.359
-0.01
-0.025
-0.132
0.001
0.222
-0.047
0.124
0.312
0.272
0.591
0.615
0.674
0.648
0.712
0.916
0.486
0.52
0.187
0.167
0.228
0.361
0.24
0.016
0.072
0.217
-0.125
0.063
0.142
0.151
-0.023
-0.048
-0.023
-0.117
-0.013
0.017
-0.136
0.01
0.044
-0.207
0.077
-0.016
-0.152
-0.109
-0.193
-0.422
-0.128
-0.192
-0.163
-0.038
-0.046
-0.227
-0.17
-0.368
-0.091
-0.549
-0.3
-0.303
-0.503
-0.385
-0.37
-0.681
-0.616
-0.731
-0.814
-0.9
-0.801
-0.873
-0.843
-0.818
-0.787
-0.58
-0.552
-0.845
-0.756
-0.602
-0.508
-0.645
-0.717
-0.583
-0.342
-0.302
-0.362
-0.389
-0.408
-0.465
-0.291
-0.467
-0.201
-0.043
0.007
-0.03
0.107
0.174
0.18
0.421
0.424
0.268
0.239
-0.106
0.231
0.134
0.154
-0.102
0.064
-0.099
-0.253
-0.11
0.13
0.005
-0.046
0.285
0.149
-0.055
0.529
0.374
0.394
0.293
0.308
0.268
0.345
0.339
0.315
0.341
0.304
0.255
0.307
0.438
0.473
0.608
0.609
0.589
0.731
0.537
0.633
0.617
0.47
0.435
0.492
0.506
0.672
0.468
0.48
0.54
0.303
0.299
0.313
0.193
0.057
0.177
0.121
0.12
0.028
0.323
0.193
0.215
0.584
0.488
0.399
0.117
0.263
0.299
0.234
0.246
0.05
0.279
0.033
0.025
0.102
-0.169
-0.066
-0.08
0.077
0.141
0.338
0.515
0.852
0.4
0.493
0.46
0.358
0.479
0.388
0.349
0.373
0.203
0.134
0.17
0.373
-0.108
0.173
0.271
0.315
0.366
0.547
0.574
0.384
0.603
0.503
0.303
0.367
0.603
0.558
0.409
0.517
0.547
0.601
0.404
0.439
0.622
0.4
0.381
0.378
0.531
0.323
0.436
0.166
0.425
0.532
0.287
0.245
0.405
0.335
0.305
0.297
0.376
