0.08
0.135
0.055
0.096
-0.002
0.042
-0.022
0.138
0.122
0.054
0.055
-0.01
0.075
-0.004
-0.007
-0.013
-0.041
0.013
-0.021
0.008
0.125
0.15
0.132
-0.016
-0.012
-0.059
0.103
0.102
0.154
-0.021
0.056
-0.056
-0.044
0.08
-0.028
0.048
0.11
0.099
-0.051
-0.004
-0.028
-0.061
0.023
-0.002
-0.065
-0.04
0.025
-0.062
-0.078
-0.093
-0.208
-0.087
0.04
0.002
-0.022
0.088
-0.04
-0.147
-0.05
-0.049
0.046
0.067
-0.014
-0.168
-0.16
-0.167
-0.173
-0.089
-0.185
-0.251
-0.121
-0.168
-0.045
-0.13
-0.153
-0.046
-0.089
0.012
0.044
0.036
0.007
0.026
-0.018
0.009
0.024
0.109
0.192
0.141
0.088
0.102
0.059
0.164
0.092
0.133
0.088
0.086
0.116
0.099
0.074
0.076
0.088
-0.0
-0.044
0.014
-0.002
-0.099
0.01
0.242
-0.034
0.15
0.066
0.08
-0.019
0.132
-0.033
0.053
-0.015
0.018
0.006
0.016
-0.002
0.203
0.211
0.189
0.074
0.053
0.007
-0.074
0.056
0.008
0.007
0.024
-0.03
-0.125
-0.031
0.02
-0.062
-0.062
0.005
0.06
0.092
0.049
0.11
-0.043
-0.13
-0.174
-0.07
-0.015
0.117
0.141
0.018
0.033
-0.048
-0.013
-0.025
-0.018
0.018
-0.071
-0.116
-0.086
-0.04
-0.105
-0.065
-0.125
-0.127
-0.2
-0.091
-0.049
-0.111
-0.167
-0.105
-0.09
-0.071
-0.058
0.014
-0.073
-0.064
-0.028
-0.086
-0.111
-0.003
0.033
0.015
0.033
-0.011
0.023
0.014
0.044
-0.022
-0.065
0.148
0.005
0.02
0.033
-0.102
-0.016
0.051
0.058
0.068
0.165
0.17
0.149
0.212
0.175
0.085
0.138
0.154
0.146
0.154
0.208
0.152
0.149
0.159
0.107
0.133
0.167
0.117
0.085
0.047
0.02
-0.011
-0.05
-0.012
-0.024
-0.05
-0.045
-0.013
-0.102
0.041
-0.055
0.013
0.033
0.026
0.074
-0.014
0.062
0.021
-0.031
-0.07
-0.092
-0.084
-0.143
-0.118
-0.16
-0.118
-0.132
-0.148
-0.159
-0.111
-0.124
-0.084
-0.029
-0.028
-0.108
-0.161
-0.079
-0.052
-0.163
-0.079
-0.097
-0.075
0.033
-0.066
0.033
0.005
-0.058
-0.035
-0.03
-0.074
-0.111
-0.09
-0.145
-0.206
-0.193
-0.157
-0.07
-0.001
-0.005
0.073
-0.03
0.067
0.081
0.029
0.073
0.108
0.067
0.062
0.065
0.06
0.013
0.07
0.122
0.054
0.05
0.09
0.073
0.104
0.073
0.038
0.027
0.022
0.007
-0.022
-0.008
-0.032
0.0
-0.016
0.021
0.072
0.067
0.082
0.138
0.125
0.128
0.052
0.054
0.038
0.066
0.043
0.026
0.052
0.022
0.005
0.019
-0.054
0.018
0.051
0.046
0.053
0.027
0.006
0.006
0.021
0.019
-0.123
0.089
-0.009
0.156
0.051
-0.055
0.068
0.179
0.018
0.092
0.108
0.049
-0.011
-0.032
-0.093
-0.143
-0.147
-0.031
-0.122
-0.029
-0.073
-0.019
-0.044
-0.087
-0.004
-0.112
0.034
0.0
-0.079
0.033
-0.07
0.125
0.091
-0.071
-0.066
-0.046
-0.022
-0.071
-0.032
-0.145
-0.053
-0.107
-0.022
-0.042
-0.007
-0.052
0.0
-0.022
-0.045
-0.059
-0.08
-0.063
0.04
0.045
0.074
0.015
0.007
0.075
0.022
0.054
0.084
0.116
0.123
0.029
0.028
0.048
0.034
0.05
0.051
0.056
0.009
0.034
0.023
0.043
0.017
0.065
-0.05
0.039
0.086
-0.033
0.066
0.111
0.015
0.045
0.039
-0.026
0.022
0.043
-0.012
-0.031
-0.074
-0.087
-0.04
-0.035
0.027
-0.048
0.021
0.018
-0.011
0.015
-0.049
-0.047
0.062
0.006
-0.005
0.046
-0.013
0.052
0.039
-0.05
-0.053
0.02
0.047
-0.007
0.009
-0.094
-0.064
-0.013
0.02
0.058
-0.001
0.041
-0.016
-0.032
-0.005
-0.032
-0.031
-0.019
-0.061
-0.033
0.009
0.022
0.061
-0.032
-0.017
0.003
-0.016
0.03
0.019
-0.032
-0.068
-0.042
-0.058
-0.039
-0.028
0.012
-0.041
-0.08
-0.22
-0.121
-0.098
-0.014
0.183
0.151
0.008
-0.03
-0.103
-0.193
-0.141
0.062
0.149
0.173
0.166
0.142
0.095
0.072
0.08
0.095
0.117
0.044
0.032
0.029
0.035
-0.081
0.018
0.003
-0.137
0.001
0.079
0.045
0.058
0.101
0.109
0.103
0.071
0.001
0.083
0.075
0.165
0.266
0.209
0.167
0.126
0.065
0.024
0.063
0.061
0.051
-0.004
-0.128
-0.253
-0.331
-0.351
-0.166
-0.149
0.02
0.174
0.129
0.185
0.094
0.04
0.07
0.0
0.116
0.059
0.017
-0.128
-0.083
-0.096
-0.172
-0.173
-0.162
-0.166
-0.205
-0.098
-0.083
-0.027
-0.109
-0.192
-0.217
-0.166
-0.143
-0.024
-0.018
-0.029
-0.113
-0.132
-0.054
0.044
0.103
0.152
0.097
0.036
0.063
0.086
0.042
-0.032
-0.013
-0.144
-0.138
-0.099
-0.133
-0.036
-0.05
-0.112
-0.116
-0.072
-0.07
-0.045
-0.046
-0.054
-0.029
0.113
0.195
0.162
0.2
0.182
0.147
0.109
0.031
0.064
0.088
0.164
0.113
0.082
0.065
0.048
0.045
-0.042
-0.128
-0.218
-0.226
-0.14
-0.038
0.043
0.133
0.116
0.076
-0.038
-0.11
-0.109
0.099
0.206
0.374
0.313
0.166
0.123
0.058
-0.017
-0.044
0.088
0.118
0.063
0.014
0.022
0.01
-0.027
-0.02
-0.033
-0.115
-0.083
-0.064
-0.138
-0.067
-0.161
-0.163
-0.142
0.002
0.064
0.173
0.057
0.031
-0.067
-0.104
-0.149
-0.122
-0.094
-0.112
-0.121
-0.095
-0.057
-0.047
-0.008
-0.068
-0.112
-0.033
-0.049
0.024
-0.011
0.029
-0.047
-0.06
-0.137
-0.205
-0.048
-0.048
0.046
0.186
0.178
0.093
0.087
0.106
-0.007
0.045
0.016
0.021
0.015
0.012
-0.015
-0.042
-0.016
-0.019
0.029
0.044
0.02
0.016
0.012
-0.012
-0.078
-0.099
-0.044
-0.028
0.046
0.08
0.048
0.085
0.065
0.096
0.113
0.12
0.221
0.146
0.173
0.088
0.01
0.02
0.073
0.041
0.021
0.017
0.023
-0.007
0.058
0.052
0.008
0.101
0.062
0.062
0.015
0.001
0.004
-0.021
-0.013
-0.023
-0.021
0.005
0.008
0.042
-0.025
-0.056
-0.027
-0.024
0.01
0.013
-0.02
-0.036
-0.061
-0.041
-0.021
-0.146
-0.069
-0.092
-0.185
-0.075
-0.179
-0.118
-0.125
-0.137
-0.161
-0.121
-0.161
-0.079
-0.117
-0.136
-0.092
-0.075
-0.023
-0.026
-0.051
-0.041
-0.033
-0.019
0.039
0.026
-0.017
0.009
0.073
0.067
0.034
0.045
0.077
-0.008
0.034
0.021
-0.014
0.021
0.053
-0.013
-0.026
-0.035
-0.012
0.015
0.058
0.026
0.005
-0.023
-0.014
-0.01
-0.02
-0.018
0.022
0.014
0.015
-0.003
0.018
0.026
0.03
0.064
0.092
0.054
0.081
0.058
0.069
0.045
0.017
0.011
-0.014
0.032
-0.092
0.049
0.01
-0.027
-0.02
-0.059
-0.068
-0.075
-0.103
-0.031
-0.007
0.031
0.037
0.074
0.027
0.026
0.027
0.027
0.103
0.077
0.094
0.048
0.048
0.096
-0.018
-0.008
-0.048
-0.068
-0.056
-0.058
-0.071
-0.089
-0.086
-0.11
-0.043
-0.088
-0.11
-0.145
-0.065
-0.085
-0.096
-0.071
-0.018
0.006
0.01
0.04
-0.045
-0.013
-0.017
-0.09
-0.03
-0.05
-0.038
-0.018
-0.021
-0.023
-0.084
-0.036
-0.039
-0.004
0.004
-0.011
0.049
0.058
0.068
0.075
0.084
0.117
0.138
0.17
0.129
0.148
0.125
0.117
0.118
0.08
0.084
0.12
0.104
0.103
0.057
-0.023
-0.004
-0.046
-0.016
0.023
-0.022
-0.005
0.0
-0.028
0.017
-0.052
0.011
0.025
0.055
0.039
0.064
0.053
0.07
0.087
0.089
0.079
0.065
0.107
0.055
0.083
0.022
0.047
0.052
0.021
0.024
0.035
0.056
0.052
0.089
0.024
-0.008
-0.035
0.013
0.002
0.031
-0.023
-0.001
0.029
0.02
-0.004
0.015
-0.002
-0.014
-0.046
-0.031
-0.061
-0.076
-0.056
-0.075
-0.063
-0.083
-0.081
-0.05
-0.079
-0.079
-0.108
-0.138
-0.089
-0.156
-0.159
-0.139
-0.105
-0.069
-0.068
-0.038
-0.071
-0.046
-0.062
-0.089
-0.066
-0.059
-0.013
0.055
0.009
0.078
-0.045
0.004
-0.048
-0.005
-0.009
-0.002
-0.033
0.084
0.022
0.09
0.029
0.012
0.06
0.058
0.089
0.056
0.139
0.144
0.169
0.104
0.081
0.11
0.144
0.1
0.118
0.108
0.121
0.121
0.091
0.062
0.046
0.024
0.02
0.007
-0.03
-0.088
-0.062
-0.077
-0.102
-0.044
0.007
0.023
0.055
-0.014
-0.007
-0.025
-0.057
-0.01
0.006
-0.021
0.007
0.016
0.062
0.077
0.092
0.023
0.067
0.039
-0.027
-0.009
-0.05
-0.048
-0.005
-0.041
-0.075
-0.093
-0.076
-0.066
-0.053
-0.071
-0.103
-0.077
-0.069
-0.091
-0.039
-0.014
-0.069
0.065
0.006
-0.097
-0.055
-0.08
-0.059
-0.062
-0.047
-0.068
-0.045
-0.052
-0.063
-0.046
-0.101
-0.1
-0.056
-0.107
-0.107
-0.116
-0.086
-0.067
-0.027
-0.025
-0.023
-0.027
0.032
0.032
0.062
0.043
0.076
0.092
0.064
0.041
0.085
0.057
0.045
0.048
0.037
0.001
0.049
0.067
0.08
0.083
0.095
0.072
0.089
0.043
0.04
0.072
0.09
0.111
0.101
0.176
0.088
0.118
0.164
0.114
0.08
0.078
0.076
0.087
0.056
0.068
0.046
0.053
0.029
0.001
-0.017
-0.058
0.022
0.015
-0.007
0.014
-0.036
-0.078
-0.014
-0.039
-0.023
-0.048
0.022
0.018
-0.006
0.004
-0.061
-0.028
-0.044
-0.07
-0.054
-0.083
-0.067
-0.082
-0.098
-0.099
-0.104
-0.07
-0.068
-0.064
-0.095
-0.064
-0.06
-0.053
-0.06
-0.078
-0.078
-0.072
-0.065
-0.066
-0.074
-0.13
-0.139
-0.074
-0.103
-0.092
-0.03
0.065
0.037
-0.027
-0.013
-0.052
-0.075
0.016
0.031
-0.005
-0.018
-0.007
0.042
-0.037
0.012
0.046
0.052
0.113
0.043
0.098
0.081
0.098
0.077
0.057
0.037
0.123
0.132
0.143
0.208
0.189
0.137
0.165
0.144
0.116
0.136
0.131
0.183
0.132
0.14
0.123
0.146
0.119
0.129
0.098
0.128
0.116
0.101
0.077
0.117
0.062
0.074
0.1
0.072
0.093
0.126
0.135
0.113
0.049
0.028
0.065
0.021
0.048
0.086
0.083
0.043
0.158
-0.06
-0.072
-0.046
-0.065
-0.074
-0.115
-0.105
-0.183
-0.142
-0.048
0.046
0.05
0.06
0.058
0.05
0.05
0.093
0.149
0.122
0.156
0.161
0.193
0.125
0.118
0.154
0.181
0.182
0.228
0.194
0.2
0.106
0.093
0.019
0.015
-0.03
0.007
0.127
0.105
0.054
0.055
-0.091
-0.034
-0.085
0.017
0.122
0.051
0.041
0.081
-0.013
-0.094
0.066
0.026
-0.009
-0.058
-0.107
-0.043
-0.101
-0.058
-0.045
0.011
-0.045
-0.048
0.011
-0.006
0.023
0.046
0.119
0.065
-0.065
-0.063
-0.068
0.083
-0.103
-0.14
0.013
0.073
0.126
0.077
0.142
-0.045
-0.027
-0.015
-0.034
-0.059
0.022
0.079
0.06
-0.09
-0.032
0.058
0.027
0.08
0.069
0.053
0.043
0.077
0.075
0.095
-0.014
0.0
-0.111
-0.155
-0.237
-0.235
-0.158
-0.184
-0.265
-0.226
-0.286
-0.324
-0.267
-0.249
-0.227
-0.314
-0.198
-0.184
-0.157
-0.171
-0.233
-0.221
-0.227
-0.078
-0.03
-0.119
-0.113
-0.043
0.054
0.017
0.023
-0.03
0.003
0.087
0.018
-0.014
-0.056
0.011
0.051
-0.094
0.1
0.041
0.074
0.109
0.045
-0.004
0.0
-0.01
-0.009
-0.12
-0.143
-0.059
-0.092
-0.089
-0.005
0.038
0.093
0.101
0.105
0.024
-0.008
0.056
0.097
0.089
0.141
0.048
0.048
0.062
0.037
0.138
0.172
0.212
0.219
0.185
0.114
0.11
0.164
0.189
0.191
0.227
0.138
0.106
0.124
0.053
0.122
-0.095
0.112
0.145
0.076
0.065
-0.018
0.013
-0.047
0.04
-0.037
0.07
0.127
0.088
-0.022
-0.009
-0.006
-0.029
0.11
0.112
0.193
0.163
0.077
0.118
0.219
0.079
0.018
-0.062
-0.015
-0.027
-0.106
-0.088
-0.025
0.03
-0.029
0.025
0.055
-0.038
0.223
0.115
0.131
-0.099
0.176
0.11
0.197
0.147
0.208
0.206
0.159
0.176
0.142
0.129
0.361
0.301
0.162
0.224
0.085
0.082
0.171
0.058
0.093
0.047
0.071
0.056
0.112
0.064
0.108
0.175
-0.014
0.099
-0.027
0.05
0.058
0.044
0.048
0.07
0.056
0.091
0.128
0.11
0.289
0.069
0.003
0.002
-0.01
-0.025
-0.079
-0.104
-0.075
-0.178
-0.113
-0.166
-0.112
-0.052
-0.003
-0.072
-0.037
-0.045
-0.016
0.078
0.106
0.16
0.145
0.16
0.12
0.058
0.039
0.03
-0.012
0.048
0.013
-0.011
0.017
-0.043
0.009
-0.04
-0.022
-0.028
0.161
0.138
0.188
0.067
0.09
0.049
0.117
0.244
-0.13
0.089
-0.045
-0.09
-0.177
-0.135
-0.329
-0.355
-0.264
-0.238
-0.277
-0.187
-0.312
-0.353
-0.389
-0.273
-0.132
-0.007
0.024
0.088
0.054
-0.023
-0.032
-0.059
0.009
0.019
-0.001
0.098
0.139
0.073
0.203
0.288
0.266
0.223
0.275
0.374
0.289
0.298
0.372
0.096
0.04
0.041
0.088
0.092
0.208
0.223
0.203
0.379
0.182
0.151
0.136
0.247
0.351
0.229
0.322
0.101
-0.11
-0.029
-0.077
0.112
0.031
0.032
-0.121
-0.142
-0.107
-0.178
-0.175
-0.173
-0.172
-0.117
-0.072
0.08
0.072
-0.045
-0.094
0.062
-0.026
0.108
0.302
0.04
0.278
0.271
0.282
0.324
0.349
0.529
0.665
0.595
0.559
0.41
0.482
0.305
0.371
0.351
0.374
0.214
0.106
0.407
-0.034
0.082
0.15
0.179
0.061
0.116
0.253
0.276
0.314
0.38
0.418
0.372
0.431
0.348
0.336
0.34
0.193
0.134
0.092
-0.017
-0.129
-0.177
-0.116
-0.083
0.033
-0.149
-0.117
-0.028
-0.246
-0.27
-0.193
-0.04
-0.202
0.054
0.211
0.195
0.053
0.1
0.025
0.314
0.095
0.418
0.452
0.56
0.512
0.557
0.559
0.502
0.574
0.554
0.692
0.692
0.581
0.747
0.729
0.604
0.633
0.533
0.535
0.618
0.437
0.55
0.273
0.323
0.243
0.388
0.303
0.049
0.085
0.064
-0.251
-0.376
-0.584
-0.455
-0.385
-0.226
-0.389
-0.435
-0.304
-0.233
-0.123
-0.184
-0.082
-0.167
-0.33
-0.514
-0.563
-0.351
-0.027
0.184
0.045
-0.037
-0.207
-0.305
-0.31
-0.136
-0.345
-0.104
-0.283
-0.322
-0.443
-0.448
-0.444
-0.327
-0.258
-0.459
-0.38
-0.487
-0.43
-0.337
-0.258
-0.181
-0.169
0.014
0.054
0.172
0.296
0.248
0.178
0.354
0.4
0.173
0.387
0.605
0.579
0.619
0.784
0.843
0.892
0.814
0.537
0.368
0.322
0.371
0.477
0.306
0.352
0.262
0.3
0.32
0.439
0.689
0.677
0.517
0.443
0.188
0.125
0.213
0.241
0.505
0.496
0.562
0.251
0.46
0.152
0.091
0.158
0.14
0.098
0.048
-0.188
-0.259
-0.369
-0.141
-0.201
-0.096
0.068
0.03
-0.012
-0.003
-0.129
-0.201
-0.099
-0.138
-0.218
-0.03
0.206
0.379
0.5
0.441
0.54
0.883
0.889
1.043
1.073
0.813
0.738
0.467
0.469
0.586
0.765
0.669
0.485
0.572
0.583
0.632
0.567
0.423
0.425
0.178
-0.272
-0.065
0.135
-0.117
0.253
0.348
0.226
0.238
0.299
0.46
0.536
0.412
0.352
0.286
0.083
0.161
0.191
0.269
0.167
-0.068
-0.212
-0.235
-0.14
-0.071
0.011
0.116
0.132
-0.157
0.071
0.027
-0.043
0.105
-0.146
-0.116
-0.093
-0.103
-0.017
0.152
0.089
0.012
-0.186
-0.084
-0.192
-0.228
-0.028
-0.297
-0.374
-0.259
-0.285
-0.168
-0.136
0.096
0.388
0.17
0.283
0.016
0.102
0.115
-0.173
0.253
-0.003
-0.157
0.101
0.361
0.174
0.554
0.443
0.403
0.271
0.372
0.261
0.129
0.302
0.197
0.126
0.323
0.054
0.186
0.232
0.09
0.153
0.128
0.041
0.068
0.064
0.013
0.063
-0.091
0.036
0.147
0.052
-0.08
-0.049
-0.084
0.068
-0.125
0.282
0.457
0.423
0.717
0.252
0.25
0.446
0.277
0.272
0.207
-0.049
-0.084
-0.168
-0.05
0.052
0.063
0.007
-0.087
0.252
0.143
0.117
-0.002
0.165
0.182
0.166
0.218
0.04
0.118
-0.019
0.095
-0.182
-0.122
0.001
0.469
0.527
0.713
0.541
0.429
0.48
0.442
0.518
0.331
0.47
0.367
0.467
0.076
0.188
0.345
0.446
0.411
0.231
0.198
0.152
0.041
-0.029
-0.193
-0.206
-0.259
-0.159
-0.382
-0.181
-0.198
0.066
-0.217
0.0
0.157
-0.024
0.354
0.508
0.275
0.563
0.31
0.037
0.04
0.351
-0.057
0.347
0.05
0.087
0.064
-0.08
0.073
0.234
-0.044
-0.026
0.049
0.039
-0.054
-0.067
-0.072
0.042
0.023
0.022
0.04
0.034
0.036
0.105
0.271
0.301
0.21
0.41
0.362
0.256
0.201
0.121
0.268
1.431
0.338
0.234
-0.037
0.189
0.342
0.275
0.008
0.378
0.159
0.116
0.252
0.388
0.545
0.517
0.661
0.618
0.529
0.26
0.575
0.477
0.297
0.302
-0.043
0.002
-0.163
-0.269
-0.427
-0.681
-0.669
-0.782
-0.728
-0.597
-0.699
-0.675
-0.413
-0.341
-0.119
0.022
0.214
-0.088
0.057
-0.034
0.037
-0.141
-0.083
-0.11
0.295
-0.258
-0.05
-0.11
-0.121
-0.172
-0.001
-0.181
-0.213
-0.164
-0.239
-0.337
0.105
-0.337
-0.088
-0.619
-0.46
-0.901
-0.482
-0.695
-0.563
-0.384
-0.439
-0.06
-0.38
0.009
-0.059
-0.23
-0.131
-0.073
-0.073
0.008
0.113
0.132
0.086
0.617
0.772
0.355
0.849
0.807
0.813
0.921
1.051
0.809
0.838
0.845
0.746
0.587
0.736
0.595
0.739
0.691
0.842
1.025
0.908
0.608
0.555
0.589
0.604
0.507
0.595
0.336
0.41
0.672
0.198
0.505
0.066
0.263
0.268
0.457
0.579
0.531
0.699
0.12
0.409
0.276
0.352
0.502
0.03
0.288
0.329
0.271
0.041
-0.023
0.368
0.072
0.304
0.344
0.486
0.57
0.386
0.371
0.297
0.417
0.231
0.102
0.166
0.205
0.458
0.271
0.84
0.719
0.696
0.78
0.59
0.473
0.695
0.342
0.523
0.544
0.094
0.172
0.008
-0.006
-0.274
-0.35
-0.073
-0.166
-0.389
-0.268
-0.36
-0.55
-0.366
-0.707
-0.712
-0.644
-0.847
-0.614
-0.532
-0.514
-0.348
-0.36
-0.278
-0.46
-0.752
-0.541
-0.735
-0.716
-0.398
-0.428
-0.181
-0.01
-0.278
0.009
-0.311
-0.184
0.069
-0.33
0.125
-0.022
-0.105
0.133
-0.198
0.063
0.322
0.114
0.012
-0.149
-0.161
-0.184
-0.177
-0.266
-0.108
-0.035
-0.098
-0.13
-0.151
-0.29
-0.297
-0.479
-0.335
-0.343
-0.333
-0.496
-0.47
-0.289
-0.464
-0.082
-0.094
-0.186
-0.356
-0.211
-0.609
-0.772
-0.518
-0.79
-0.64
-0.654
-0.66
-0.723
-0.742
-0.806
-0.472
-0.442
-0.656
-0.236
-0.27
-0.11
-0.05
-0.148
-0.083
0.139
-0.274
-0.188
-0.117
-0.074
-0.136
0.048
-0.024
0.084
-0.242
-0.03
0.148
-0.051
-0.106
-0.263
-0.327
-0.505
-0.243
-0.271
-0.312
-0.142
-0.346
-0.235
-0.039
-0.259
0.045
0.217
-0.055
0.125
0.198
0.072
0.333
-0.07
-0.201
-0.317
-0.299
-0.31
-0.31
-0.062
-0.206
-0.134
-0.35
-0.421
-0.311
-0.322
-0.19
-0.484
-0.306
-0.21
-0.276
-0.316
-0.271
-0.218
-0.045
0.311
0.219
0.3
0.646
0.481
0.571
0.425
0.504
0.322
0.384
0.384
0.485
0.553
0.425
0.408
0.532
0.096
0.311
-0.102
-0.016
-0.125
-0.226
0.079
0.029
0.303
0.077
0.062
0.08
-0.028
0.088
-0.109
-0.049
-0.28
-0.31
-0.262
-0.341
-0.07
-0.34
0.024
-0.045
0.113
0.076
0.091
0.057
0.228
0.245
0.166
0.421
0.192
0.387
0.258
0.317
0.245
0.333
0.278
0.018
0.044
0.223
0.29
0.393
0.709
0.804
0.732
0.5
0.585
0.529
0.57
0.439
0.414
0.361
0.062
0.219
0.086
0.097
0.431
0.179
0.263
0.36
0.489
0.419
0.263
0.137
-0.126
-0.143
-0.279
-0.248
-0.339
-0.138
-0.255
-0.42
-0.603
-0.318
-0.709
-0.236
-0.363
0.163
0.264
-0.15
-0.028
0.037
-0.018
-0.148
0.034
0.133
-0.156
0.326
0.156
0.656
0.501
0.622
0.412
0.337
0.375
0.442
0.523
0.405
0.026
0.384
0.083
0.134
0.34
0.221
0.449
0.308
0.428
0.491
0.049
-0.006
0.359
0.023
-0.071
-0.103
-0.106
-0.352
-0.297
-0.112
-0.367
-0.286
-0.361
-0.263
-0.283
-0.116
-0.186
-0.105
0.11
-0.432
0.031
-0.256
-0.279
-0.149
-0.277
-0.058
-0.138
-0.186
-0.44
-0.22
-0.118
-0.08
-0.618
-0.111
-0.564
-0.327
-0.162
-0.231
0.002
0.126
-0.082
-0.074
-0.21
-0.089
-0.167
-0.067
-0.197
-0.093
-0.344
-0.353
-0.282
-0.352
-0.215
-0.069
-0.088
-0.315
-0.122
-0.224
-0.606
-0.147
-0.181
-0.411
-0.015
0.24
0.082
0.103
0.198
0.068
0.059
0.005
0.318
0.217
0.279
0.368
-0.182
0.144
0.015
0.115
0.4
0.079
0.237
-0.013
0.081
0.077
0.004
0.02
0.044
0.354
0.185
0.345
-0.008
0.258
0.182
0.571
0.256
0.203
0.073
0.283
0.165
0.346
0.094
-0.135
-0.044
0.07
-0.027
0.092
0.263
0.181
0.136
0.105
0.252
0.086
0.439
0.36
0.565
0.369
0.362
0.302
0.462
0.674
0.62
0.549
0.743
0.843
0.651
0.772
1.183
0.743
0.636
0.719
0.345
0.444
0.514
0.432
0.528
0.31
0.409
0.604
0.367
0.364
0.675
0.654
0.532
0.588
0.763
0.953
0.642
0.838
0.966
0.507
0.443
0.622
0.117
0.195
0.955
0.171
0.158
0.464
0.498
0.092
0.089
0.253
-0.029
0.163
0.307
0.266
0.44
0.351
0.531
0.344
0.637
0.193
0.438
0.333
0.312
0.316
0.216
0.353
0.011
0.229
0.082
0.049
0.161
-0.092
0.086
0.477
0.277
0.204
0.295
0.606
0.103
0.174
0.145
0.116
-0.253
-0.259
-0.052
-0.066
-0.123
0.011
-0.151
-0.129
-0.096
0.016
-0.17
0.284
0.341
0.361
0.163
0.114
0.247
0.168
0.034
0.188
0.246
0.163
0.311
0.197
0.095
0.393
0.122
0.163
0.191
0.124
0.146
-0.143
-0.172
-0.288
-0.21
0.087
-0.305
0.09
-0.06
-0.118
0.021
-0.089
-0.365
-0.285
-0.06
-0.174
-0.052
0.267
0.002
-0.058
-0.043
-0.261
-0.369
-0.303
-0.26
-0.304
-0.528
-0.069
-0.46
-0.135
-0.431
-0.182
-0.424
-0.105
-0.208
-0.372
-0.661
-0.51
-0.168
-0.474
-0.614
-0.138
-0.721
-0.342
-0.461
-0.154
-0.136
0.041
-0.058
0.053
-0.214
0.092
0.287
0.118
0.185
-0.062
0.023
0.047
-0.107
0.189
-0.027
-0.075
0.064
0.066
-0.01
0.02
0.19
0.064
-0.158
-0.147
-0.037
-0.133
-0.121
-0.12
-0.136
-0.275
-0.215
-0.171
-0.491
0.018
-0.33
-0.259
-0.157
-0.373
-0.021
-0.135
-0.018
-0.092
-0.363
-0.015
-0.228
-0.209
0.015
-0.365
-0.344
-0.601
-0.331
-0.31
-0.196
0.162
0.208
-0.284
0.052
0.229
-0.117
-0.008
0.075
0.273
-0.053
-0.073
-0.314
-0.298
-0.163
0.171
-0.08
-0.495
-0.362
-0.17
-0.023
0.284
0.368
0.345
0.177
0.382
0.069
0.368
0.309
0.412
0.465
0.138
-0.077
0.218
0.371
0.343
0.285
0.527
0.434
0.384
0.513
0.347
0.163
0.134
0.062
0.052
-0.103
-0.344
-0.399
-0.458
-0.124
-0.427
-0.393
-0.209
-0.253
0.159
-0.092
-0.074
0.002
0.001
-0.18
0.266
0.072
-0.206
-0.033
-0.074
-0.225
-0.125
0.242
0.327
0.327
0.365
0.254
0.38
0.458
0.161
0.403
0.361
0.281
-0.104
-0.222
-0.214
-0.057
0.23
0.125
-0.326
0.085
0.301
-0.248
0.044
-0.001
-0.045
0.073
0.122
0.039
0.257
0.025
0.043
-0.115
-0.47
-0.095
-0.054
-0.011
-0.145
-0.276
-0.198
-0.294
-0.492
-0.362
-0.172
-0.375
-0.205
-0.545
-0.512
-0.372
-0.024
-0.148
-0.118
-0.175
0.021
-0.072
-0.083
0.108
-0.143
-0.214
-0.097
0.056
-0.156
0.064
0.364
0.119
0.234
0.452
0.058
0.138
0.235
0.706
-0.046
0.537
0.245
0.303
0.273
0.427
0.129
0.22
0.457
0.618
0.398
0.291
0.286
0.066
0.428
0.031
0.094
-0.141
0.129
-0.078
-0.441
-0.112
-0.443
-0.632
-0.244
-0.224
0.018
-0.014
-0.275
-0.057
-0.158
0.006
-0.133
-0.059
-0.014
-0.307
0.298
0.525
0.348
0.467
0.792
0.6
0.553
0.708
0.838
0.76
0.633
0.715
0.518
0.873
0.394
0.741
0.459
0.457
0.515
0.38
0.301
0.221
0.298
0.263
-0.003
0.039
0.162
0.184
0.54
-0.227
-0.008
0.222
0.291
0.115
0.128
0.129
0.192
0.437
0.438
0.563
0.257
0.359
0.49
0.362
0.606
0.837
0.92
0.604
0.613
0.736
0.503
0.403
0.542
0.506
0.501
0.572
0.922
0.82
0.721
0.581
0.691
0.555
0.605
0.698
0.935
0.905
0.762
0.721
0.566
0.456
0.555
0.566
0.787
0.587
0.791
0.497
0.773
0.478
0.695
0.557
0.397
0.36
0.835
0.874
0.177
0.513
0.609
0.394
0.647
0.539
0.188
0.161
0.228
0.289
0.188
-0.2
0.095
-0.234
0.268
-0.092
0.052
0.265
0.49
0.241
0.324
0.202
0.583
-0.268
0.109
-0.274
-0.116
-0.055
0.35
0.163
0.036
-0.261
0.045
-0.05
0.176
0.325
0.429
0.671
0.821
1.06
1.407
1.476
1.343
1.388
1.245
1.184
1.233
1.344
0.88
1.143
0.871
0.616
1.046
0.738
0.743
0.43
0.52
0.881
0.512
0.27
0.665
0.29
0.043
0.182
0.07
0.202
0.097
0.334
0.32
0.455
0.187
0.365
0.383
0.202
0.487
0.347
0.179
0.174
0.101
-0.003
-0.574
-0.426
-0.807
-0.52
-0.343
-0.187
-0.323
-0.265
-0.235
-0.366
-0.056
-0.459
-0.395
-0.454
-0.59
-0.608
-0.657
-0.622
-0.403
-0.118
-0.179
-0.363
-0.041
-0.228
-0.115
-0.211
-0.094
-0.152
-0.015
-0.092
-0.185
-0.15
-0.074
-0.058
0.019
0.103
-0.117
-0.083
-0.14
-0.358
-0.137
-0.552
-0.269
-0.202
-0.458
-0.096
0.056
0.116
0.256
0.022
0.107
-0.145
-0.367
-0.583
-0.145
-0.25
-0.188
0.258
-0.076
-0.203
-0.324
-0.311
-0.198
0.0
0.047
-0.342
-0.257
-0.069
-0.287
-0.158
-0.004
-0.14
0.091
0.099
0.215
0.288
0.091
0.21
0.302
0.172
-0.371
-0.232
0.268
0.32
-0.334
0.189
0.289
0.319
0.8
-0.038
0.087
0.018
-0.383
-0.143
0.067
-0.127
-0.314
-0.231
-0.124
-0.451
-0.438
0.086
-0.204
0.079
-0.231
0.03
0.034
-0.034
0.124
-0.013
-0.073
0.224
0.455
0.625
0.589
0.582
0.806
0.993
0.733
0.69
0.635
0.383
0.526
0.283
0.484
0.588
0.173
0.473
0.282
0.027
0.589
0.649
0.424
0.203
0.171
-0.076
0.173
-0.083
0.022
0.083
-0.188
-0.118
-0.164
-0.302
-0.092
-0.018
0.093
0.143
0.022
0.025
0.469
0.316
0.436
0.532
0.605
0.345
0.513
0.307
0.57
0.427
0.057
0.226
0.501
0.033
-0.086
0.238
-0.101
0.023
0.041
0.098
-0.168
-0.194
0.312
0.248
0.119
0.343
0.265
0.273
0.31
0.489
0.43
0.42
0.299
0.6
0.652
0.927
1.165
1.066
0.776
0.987
0.762
0.272
1.092
0.673
0.628
0.601
0.199
0.345
0.504
0.4
0.158
0.334
0.257
0.247
-0.033
0.158
0.267
0.139
0.655
0.138
0.151
0.564
0.248
0.242
0.378
0.649
0.241
0.688
0.548
0.341
0.305
0.273
-0.0
0.507
0.478
0.597
0.19
0.353
0.411
0.252
0.02
0.209
0.209
0.337
0.4
0.386
0.097
0.649
0.579
0.818
0.848
0.579
0.416
-0.029
-0.324
-0.321
-0.712
-0.642
-0.916
-0.67
-1.031
-0.895
-0.849
-0.486
-0.132
-0.083
-0.033
-0.019
-0.1
-0.103
-0.136
-0.242
-0.082
-0.053
-0.135
-0.289
-0.102
-0.234
-0.234
-0.343
-0.359
-0.328
0.03
0.247
-0.117
-0.435
-0.485
-0.353
-0.495
-0.433
-0.001
0.185
0.378
0.532
0.276
0.376
0.295
0.033
0.469
0.46
0.432
0.415
0.346
0.179
-0.064
-0.116
-0.223
-0.458
-0.505
-0.666
-0.542
-0.444
-0.251
-0.012
-0.216
0.128
0.178
0.123
0.268
0.228
0.236
0.56
0.282
0.135
0.125
0.348
0.431
0.176
0.186
0.537
0.583
0.172
0.188
-0.102
-0.431
-0.688
-0.771
-1.087
-0.976
-1.247
-1.284
-1.475
-1.258
-1.177
-1.037
-0.331
-0.768
-0.734
-0.566
-0.953
-1.112
-1.129
-0.979
-0.766
-0.711
-0.523
-0.545
-0.296
-0.155
0.041
0.051
0.24
0.521
0.239
0.01
0.099
-0.319
-0.216
0.151
0.256
0.067
0.158
0.624
-0.009
0.605
0.748
0.817
1.24
0.869
0.657
0.298
-0.004
0.079
0.168
0.013
0.01
0.535
0.098
-0.013
0.143
-0.04
0.204
0.009
0.053
0.196
0.498
0.473
0.803
0.442
0.443
0.558
0.566
0.674
0.539
0.807
0.78
0.601
0.668
1.028
0.603
0.704
0.949
0.646
0.652
0.396
0.292
0.072
0.007
0.012
-0.271
0.076
-0.321
0.263
-0.152
-0.413
-0.303
-0.562
-0.603
-0.454
-0.689
-0.915
-0.548
-1.151
-1.052
-1.245
-1.231
-1.124
-1.217
-0.859
-1.085
-1.438
-1.346
-1.395
-1.499
-1.108
-0.993
-0.743
-0.634
-0.819
-0.499
-0.667
-0.568
-0.777
-0.409
-0.324
-0.415
-0.321
-0.373
-0.465
-0.615
-0.634
-0.638
-0.183
-0.215
-0.094
-0.215
-0.22
-0.308
-0.14
-0.049
-0.092
0.112
0.425
0.314
0.06
0.121
0.005
-0.08
0.216
0.42
0.59
0.401
0.601
0.671
0.235
0.483
0.394
0.555
0.329
0.403
0.321
0.409
0.329
0.43
0.137
0.144
-0.118
-0.134
-0.244
-0.204
-0.182
-0.104
-0.331
0.014
-0.121
0.024
0.211
0.047
-0.034
0.044
0.138
0.12
0.18
-0.207
0.023
-0.064
-0.121
0.06
-0.118
-0.203
-0.215
-0.28
-0.17
0.039
-0.22
-0.133
0.082
-0.018
-0.103
0.095
-0.068
0.059
-0.057
-0.189
-0.297
-0.332
-0.475
-0.679
-0.775
-0.705
-0.723
-0.384
0.009
-0.279
-0.678
-0.156
-0.34
-0.154
-0.258
-0.413
-0.193
-0.149
-0.383
-0.2
-0.1
-0.372
-0.086
0.247
0.18
0.182
0.189
0.656
0.032
0.056
0.32
0.112
-0.139
-0.16
0.228
0.086
0.106
0.402
0.22
0.449
0.406
0.515
0.449
0.849
0.743
0.253
0.47
0.613
0.292
0.144
0.017
-0.581
-0.922
-0.75
-0.888
-1.097
-0.775
-0.645
-0.752
-0.585
-0.325
-0.508
-0.2
-0.517
-0.292
-0.379
-0.27
-0.27
-0.387
-0.609
-0.506
-0.276
-0.69
-0.278
-0.088
-0.391
-0.331
-0.381
-0.601
-0.39
-0.438
-0.369
-0.515
-0.482
-0.462
-0.151
-0.167
-0.217
-0.117
0.008
-0.274
-0.336
-0.127
-0.286
-0.282
-0.251
-0.203
-0.295
-0.273
-0.382
-0.322
-0.116
0.154
0.369
0.13
0.359
0.056
0.395
0.234
0.544
0.56
0.322
0.385
0.466
0.33
0.532
0.39
0.457
0.358
0.144
0.33
0.38
0.501
0.353
0.407
0.4
0.182
0.287
0.172
0.118
-0.445
-0.068
-0.111
-0.315
-0.284
-0.467
-0.391
-0.083
-0.226
-0.237
-0.055
-0.071
-0.249
-0.349
-0.501
-0.326
-0.55
-0.453
-0.244
-0.54
-0.321
-0.397
-0.223
-0.246
-0.261
-0.178
-0.204
0.02
-0.191
-0.143
-0.047
-0.415
-0.252
-0.542
-0.522
-0.188
-0.507
-0.313
0.317
0.024
0.123
0.267
0.238
0.206
-0.182
-0.089
-0.149
-0.158
-0.217
-0.297
-0.266
-0.253
-0.157
-0.2
-0.277
-0.183
-0.155
0.021
0.015
0.143
0.353
-0.068
-0.012
-0.063
-0.27
-0.259
-0.028
-0.076
0.122
0.114
0.22
0.221
0.576
0.515
0.537
0.02
0.229
0.022
0.1
-0.188
-0.066
-0.18
-0.214
-0.026
0.405
-0.126
0.359
0.306
0.187
0.321
0.39
0.328
0.258
-0.166
-0.113
0.247
0.246
0.224
0.255
0.1
0.097
0.06
0.237
0.08
0.359
0.405
0.208
0.207
0.399
0.084
-0.026
0.158
0.4
0.4
0.582
0.557
0.152
0.667
0.754
0.068
0.301
0.17
0.018
0.2
0.028
0.147
-0.034
0.286
0.159
0.312
0.292
0.182
0.083
0.227
0.445
0.243
0.337
0.45
0.211
0.149
0.49
0.009
-0.008
0.501
0.083
0.163
0.24
-0.035
0.093
0.218
0.56
0.196
0.652
0.288
0.324
0.494
0.208
0.3
0.592
0.397
0.3
0.693
0.431
0.665
0.438
0.353
0.285
-0.079
0.389
0.113
-0.164
-0.201
0.019
0.177
-0.042
0.112
-0.327
-0.262
-0.484
-0.413
-0.341
-0.271
-0.295
-0.325
-0.418
-0.191
-0.452
-0.564
-0.604
-0.504
-0.474
-0.359
-0.353
-0.491
-0.201
-0.198
-0.3
-0.261
-0.056
0.248
0.017
-0.161
0.109
0.241
-0.206
0.492
0.432
0.867
0.39
0.773
0.53
0.706
0.447
0.321
0.603
0.392
0.343
0.513
1.126
0.617
0.773
0.82
0.575
0.444
-0.137
-0.172
0.063
-0.05
-0.119
0.086
-0.043
0.096
0.003
0.306
0.055
0.076
0.09
-0.054
0.19
0.4
0.528
0.097
0.281
0.328
0.19
-0.033
0.089
0.211
0.173
0.203
0.245
0.246
0.513
0.662
0.811
0.752
0.84
1.083
1.023
1.035
1.433
0.976
0.643
0.803
0.74
0.515
0.354
0.784
0.64
0.551
0.294
0.958
0.686
0.321
0.941
0.927
0.463
0.885
0.693
0.691
0.659
0.449
0.591
0.451
0.624
0.246
0.132
0.315
0.127
-0.053
0.243
0.021
-0.4
-0.321
-0.549
-0.507
-0.643
-0.521
-0.297
-0.528
-0.5
-0.643
-0.409
-0.25
-0.393
-0.376
-0.397
-0.384
-0.296
-0.739
-0.242
-0.378
-0.121
0.208
-0.247
0.133
0.056
0.08
-0.344
0.129
0.108
0.075
0.276
0.331
0.273
0.643
0.798
0.652
0.753
0.675
0.378
0.419
0.581
0.517
0.287
0.319
0.087
-0.055
0.165
0.218
0.174
0.421
0.313
0.472
0.725
0.83
0.553
0.939
0.766
0.696
0.49
0.853
0.531
0.464
0.172
0.006
0.122
0.083
-0.108
-0.067
0.043
-0.19
0.215
-0.017
-0.217
-0.012
0.087
-0.052
0.145
0.228
0.569
0.28
0.416
0.689
0.572
0.399
0.711
0.597
0.731
0.898
0.725
0.526
0.445
0.485
0.562
0.218
0.302
0.34
0.212
0.176
-0.093
0.041
-0.267
-0.407
-0.395
-0.166
0.045
-0.112
-0.122
0.281
0.107
0.003
0.052
0.249
-0.146
-0.099
-0.272
-0.276
-0.17
-0.27
-0.293
-0.334
-0.438
0.01
-0.261
-0.278
-0.339
-0.089
-0.237
-0.457
-0.38
-0.315
-0.29
-0.605
-0.453
-0.601
-0.344
-0.42
-0.13
-0.448
-0.419
-0.345
-0.513
-0.74
-0.693
-0.933
-0.668
-0.415
-0.252
-0.364
-0.058
0.091
0.256
0.503
0.812
0.846
1.058
1.339
1.441
0.931
0.806
1.375
1.018
0.768
1.152
1.157
0.927
0.993
0.923
0.846
0.626
0.577
0.436
0.462
0.681
0.463
0.685
0.572
0.33
0.519
0.587
0.472
0.013
0.877
0.287
0.852
0.71
0.77
0.752
0.573
0.739
0.659
1.18
1.127
0.845
1.222
0.643
0.794
0.593
0.899
0.795
0.852
0.883
0.952
0.96
0.647
0.605
0.334
0.532
0.221
0.287
0.945
1.047
0.884
0.399
0.536
0.316
0.402
0.477
0.572
0.994
0.897
0.814
1.038
0.694
0.718
0.865
0.722
0.623
0.524
0.275
0.296
0.261
0.557
0.442
0.472
0.618
0.999
0.968
1.221
0.934
0.694
0.893
0.378
0.501
0.585
0.632
0.221
0.662
0.601
0.682
0.542
0.676
0.503
0.331
0.57
0.521
0.416
0.596
0.202
0.068
-0.072
-0.035
0.126
-0.086
-0.084
0.071
0.686
0.579
0.275
0.31
0.329
0.416
0.758
0.459
0.517
0.74
1.0
1.343
1.158
1.337
1.304
1.072
0.967
0.511
0.229
0.174
0.249
0.186
0.139
0.455
0.623
0.48
0.708
0.634
0.449
0.574
0.559
0.643
0.667
0.469
0.341
0.018
0.135
-0.057
0.289
0.283
0.275
0.601
0.708
0.431
0.666
0.177
0.151
0.194
0.511
0.343
0.873
1.032
1.228
0.629
0.746
0.794
0.635
0.567
0.912
0.65
0.679
0.61
0.208
0.34
0.607
0.768
0.552
0.713
0.404
0.779
0.51
0.593
0.328
0.546
0.529
0.381
0.543
0.497
0.678
0.687
0.831
0.954
1.42
1.235
1.257
0.84
0.747
0.611
0.675
0.37
0.655
0.435
0.319
0.161
-0.03
-0.226
-0.555
-0.611
-0.776
-0.849
-0.445
-0.496
-0.568
-0.745
-0.756
-1.138
-1.249
-1.27
-1.304
-1.484
-1.011
-1.348
-0.876
-1.261
-1.022
-1.118
-0.814
-0.926
-0.887
-0.847
-0.465
-0.338
-0.45
-0.336
-0.258
-0.291
-0.241
-0.202
0.205
-0.071
0.315
-0.147
0.303
0.209
0.235
-0.043
0.008
0.156
-0.328
-0.296
-0.247
-0.498
-0.154
-0.35
-0.444
-0.563
-0.71
-0.983
-1.05
-1.105
-0.817
-0.518
-0.628
-0.226
-0.518
-0.463
-0.608
-0.718
-0.487
-0.644
-0.805
-0.537
-0.644
-0.833
-0.507
-0.374
-0.413
0.04
0.238
0.291
0.629
0.43
0.568
0.136
0.185
0.358
0.307
0.568
0.601
0.419
-0.091
0.178
0.035
-0.152
0.248
0.009
0.396
0.539
0.236
0.047
0.171
-0.052
-0.31
0.062
-0.011
-0.131
0.029
-0.106
-0.619
-0.707
-0.838
-1.229
-1.219
-1.132
-0.843
-0.603
-0.55
-0.818
-0.831
-1.14
-0.753
-0.77
-0.629
-0.035
0.356
-0.01
-0.074
0.345
-0.195
0.174
0.374
0.939
1.251
1.168
1.19
1.188
1.402
0.642
0.675
0.731
0.495
0.713
0.535
0.79
0.644
0.762
0.581
0.355
0.421
0.297
0.063
0.302
-0.016
0.05
0.213
0.243
0.396
0.612
0.354
0.432
0.22
-0.015
0.215
0.318
-0.177
0.157
-0.257
-0.299
-0.074
0.032
0.269
0.156
0.194
0.337
0.27
0.11
0.134
0.091
0.051
-0.367
-0.099
-0.159
0.035
-0.031
0.068
0.355
-0.048
0.144
0.163
0.337
0.185
0.138
0.383
0.374
0.141
-0.104
-0.099
-0.41
-0.393
-0.425
-0.414
-0.282
-0.414
-0.508
-0.454
-0.537
-0.568
-0.29
-0.516
-0.298
-0.329
-0.714
-0.643
-0.815
-0.99
-1.023
-0.642
-0.625
-0.263
-0.225
-0.244
-0.089
-0.305
-0.32
-0.168
-0.199
-0.461
-0.607
-0.696
-0.324
-0.369
-0.531
-0.7
-0.693
-0.365
-0.264
-0.157
-0.097
-0.127
0.095
-0.163
-0.131
-0.048
-0.177
-0.071
-0.141
-0.421
-0.373
-0.735
-0.435
-0.783
-0.667
-0.74
-0.826
-0.605
-0.984
-1.187
-1.115
-0.621
-0.725
-0.696
-0.302
-0.476
-0.324
-0.408
0.191
0.555
0.262
0.386
0.254
0.415
-0.269
-0.084
0.162
-0.113
-0.232
-0.2
-0.284
-0.049
-0.195
-0.105
-0.334
-0.048
-0.445
-0.324
0.144
-0.355
-0.335
-0.39
-0.75
-0.329
-0.681
0.196
-0.205
0.33
0.143
0.063
-0.169
-0.076
-0.409
0.077
0.159
-0.083
-0.069
-0.13
-0.337
-0.364
-0.304
-0.455
-0.172
-0.405
-0.428
-0.448
-0.758
-0.514
-0.337
-0.613
-0.629
-0.561
-0.542
-0.661
-0.555
-0.454
-0.667
-0.502
-0.682
-0.519
-0.546
-0.368
0.004
0.062
0.323
0.103
0.549
0.342
0.44
0.491
0.455
0.571
0.344
0.544
0.482
0.564
0.454
0.841
0.685
0.397
0.386
0.489
0.648
0.214
0.506
0.349
0.132
-0.054
0.143
0.321
0.23
0.348
0.509
0.372
0.352
0.191
0.463
0.625
0.034
0.292
0.022
0.004
-0.23
-0.13
-0.042
-0.129
-0.084
-0.422
-0.121
-0.264
-0.33
-0.334
-0.275
-0.129
-0.045
-0.091
0.088
-0.123
0.212
-0.113
-0.037
0.217
0.033
0.073
0.194
0.176
-0.001
0.128
0.02
-0.112
-0.04
0.236
0.171
0.335
0.105
0.073
-0.028
-0.163
-0.256
-0.36
-0.283
-0.552
-0.572
-0.546
-0.593
-0.495
-0.509
-0.366
-0.189
0.037
-0.244
0.078
0.068
0.107
-0.077
-0.22
-0.386
-0.342
-0.543
-0.698
-0.616
-0.372
-0.442
-0.62
-0.381
-0.53
-0.769
-0.621
-0.684
-0.66
-0.636
-0.635
-0.581
-0.639
-0.573
-0.712
-0.574
-0.706
-0.34
-0.443
-0.376
-0.333
-0.323
-0.322
-0.133
0.085
-0.432
-0.246
-0.368
-0.443
-0.477
-0.596
-0.758
-0.53
-0.606
-0.642
-0.687
-0.286
-0.183
0.201
0.25
0.472
0.672
0.54
0.191
0.332
0.471
0.093
0.332
0.331
0.091
0.218
-0.021
0.174
0.318
0.223
0.296
0.489
0.71
0.598
0.229
0.218
0.291
-0.166
-0.373
-0.269
-0.475
-0.634
-0.443
-0.267
-0.346
-0.44
-0.181
0.089
0.17
0.05
0.173
0.263
0.134
0.037
0.394
0.18
0.342
0.251
0.09
0.167
-0.008
0.111
0.395
0.052
0.17
0.575
0.172
-0.064
-0.073
-0.178
-0.055
-0.258
-0.524
-0.436
-0.481
-0.63
-0.683
-0.574
-0.31
-0.208
-0.167
0.163
0.007
-0.011
-0.004
0.084
-0.023
0.038
-0.001
0.168
-0.142
0.212
0.084
0.049
0.018
0.003
-0.044
-0.196
-0.102
-0.254
-0.178
0.071
0.022
0.092
0.038
0.201
-0.032
0.084
0.233
0.138
-0.22
0.158
