-1.296
-1.073
-1.15
-1.64
-1.464
-1.403
-1.497
-1.624
-1.81
-1.743
-1.838
-1.657
-1.668
-1.63
-1.36
-1.387
-0.988
-0.56
-0.524
-0.236
-0.323
-0.423
-0.592
-0.656
-0.467
-0.41
-0.345
-0.333
-0.456
-0.547
-0.154
0.158
-0.263
0.412
0.771
0.46
0.581
0.336
0.378
0.05
-0.155
-0.259
-0.511
-0.352
-0.083
0.116
0.312
0.572
0.997
1.031
1.035
0.718
0.777
0.564
0.216
0.113
0.128
-0.057
0.074
0.258
0.099
0.269
-0.18
0.05
-0.068
-0.043
-0.367
-0.483
-0.269
-0.245
-0.505
-0.344
-0.63
-0.586
-0.655
-0.479
-0.346
-0.117
-0.08
0.303
0.07
0.014
-0.186
-0.441
-0.674
-0.34
-0.592
-0.831
-0.704
-0.371
-0.586
-0.452
-0.045
-0.267
-0.042
0.126
0.289
0.065
-0.413
-0.775
-1.027
-1.102
-0.995
-0.634
-0.522
-0.256
-0.257
-0.339
-0.212
-0.513
-0.439
-0.328
0.271
0.391
0.52
0.953
0.912
0.713
0.473
0.629
0.734
0.729
0.614
0.787
0.759
0.833
0.523
0.413
0.76
0.797
0.848
1.055
1.396
1.178
1.007
0.687
0.81
0.197
0.35
0.11
0.17
0.128
0.258
0.275
0.367
0.589
0.678
0.54
0.494
0.563
0.1
0.085
-0.069
-0.386
-0.611
-0.631
-0.534
-0.623
-0.568
-0.506
-0.65
-0.956
-1.288
-1.052
-1.285
-1.278
-1.081
-0.96
-0.824
-0.644
-0.578
-0.348
-0.177
-0.275
-0.198
-0.394
-0.273
-0.513
-0.473
-0.204
-0.15
-0.067
-0.063
0.351
-0.19
-0.047
0.06
0.068
0.166
0.245
0.431
0.552
0.641
0.416
0.323
0.112
0.135
-0.054
0.052
-0.012
-0.153
-0.08
0.263
0.129
0.017
0.039
-0.086
-0.146
0.304
-0.04
-0.093
-0.057
-0.513
-0.382
-0.197
-0.25
0.011
0.037
-0.12
0.15
0.118
0.11
0.335
0.035
-0.044
-0.057
0.025
-0.187
-0.185
-0.392
-0.278
-0.238
-0.283
-0.202
-0.167
-0.397
0.007
-0.097
0.043
-0.101
-0.168
0.064
0.088
0.02
-0.011
-0.162
0.18
0.01
-0.037
0.108
0.163
0.154
0.094
-0.047
0.057
0.478
0.237
0.534
0.805
0.597
0.581
0.522
0.754
0.932
0.975
0.786
0.482
0.252
0.101
0.004
0.124
0.079
0.581
0.661
0.673
0.963
0.828
0.489
0.5
0.606
-0.049
0.135
0.361
0.488
0.617
0.915
0.706
0.448
0.348
0.098
-0.224
-0.356
-0.486
-0.847
-1.036
-1.098
-1.272
-1.56
-1.285
-1.072
-0.837
-0.482
-0.678
-0.348
-0.55
-0.309
-0.588
-0.346
-0.147
-0.099
-0.18
-0.123
-0.087
-0.192
0.024
0.271
-0.063
-0.153
0.19
0.23
-0.062
-0.158
-0.333
-0.531
-0.907
-0.322
-0.398
0.011
0.016
0.082
-0.383
-0.532
-0.696
-0.228
-0.492
-0.303
-0.004
0.278
-0.193
-0.42
-0.585
-1.008
-1.253
-1.256
-0.915
-0.885
-0.636
-0.543
-0.542
-0.488
-0.419
-0.311
0.063
0.302
0.009
-0.306
0.031
-0.369
-0.216
0.164
-0.655
0.622
0.791
0.86
0.66
0.77
0.95
0.54
0.571
0.088
0.51
0.187
0.613
0.032
0.026
-0.295
-0.46
-0.619
-0.723
-0.683
-0.685
-0.41
-0.821
-0.751
-0.589
-0.289
-0.13
-0.196
-0.046
-0.037
-0.081
-0.268
-0.712
-0.98
-1.247
-1.238
-1.241
-1.012
-1.101
-0.835
-0.383
-0.387
-0.221
-0.172
-0.269
-0.271
-0.217
-0.203
-0.591
-0.164
-0.455
-0.03
0.037
0.222
0.305
0.318
0.174
-0.172
-0.436
-0.386
-0.331
-0.526
-0.429
-0.301
-0.046
-0.249
-0.0
0.164
0.189
-0.061
-0.16
0.003
-0.28
-0.109
0.022
-0.36
-0.231
-0.177
-0.085
0.303
0.321
-0.074
0.261
0.458
0.525
0.446
0.768
0.881
0.878
0.813
0.777
0.721
0.722
0.878
0.882
1.146
1.115
0.952
0.79
1.184
1.004
0.892
1.141
1.359
1.26
1.42
1.354
1.354
1.039
1.085
1.012
0.902
0.783
0.849
0.812
0.79
0.676
0.817
0.639
0.623
0.788
0.599
0.652
0.539
0.131
-0.216
0.018
0.276
0.072
0.482
0.829
1.15
0.947
1.368
1.427
1.331
1.22
1.555
1.502
1.539
1.496
1.68
1.788
1.679
1.478
1.821
1.459
2.565
2.565
2.037
1.94
1.565
1.733
1.598
1.504
1.437
1.734
2.015
1.625
1.511
1.223
1.314
1.541
1.8
1.8
2.178
1.892
1.698
1.917
1.815
1.555
1.629
1.612
1.843
1.716
2.233
2.164
1.88
2.119
2.059
2.097
2.35
2.509
2.378
2.312
2.269
2.39
1.807
1.921
2.042
2.043
1.924
1.943
1.897
1.676
2.136
1.956
1.423
1.382
1.62
1.526
1.32
1.123
1.12
1.109
0.745
0.977
0.994
0.905
0.624
0.527
0.448
0.53
0.924
0.812
0.993
1.195
1.359
1.422
1.314
1.474
1.271
0.909
0.527
0.786
0.624
0.637
0.905
0.764
0.778
0.808
0.737
1.049
0.775
1.514
0.947
0.846
0.612
0.42
0.532
0.489
0.285
0.781
0.603
0.374
-0.066
0.343
-0.235
-0.269
-0.569
-0.797
-1.218
-1.078
-1.588
-1.215
-1.239
-1.047
-0.934
-0.845
-0.684
-0.768
-1.007
-0.995
-1.164
-1.548
-1.531
-1.788
-1.821
-1.723
-1.393
-1.384
-1.354
-1.139
-0.908
-0.753
-0.667
-0.465
-0.187
0.014
0.02
0.083
0.181
0.325
0.121
0.319
0.237
-0.059
-0.631
-0.632
-1.188
-1.073
-0.82
-0.677
-0.26
-0.352
-0.613
-0.986
-1.025
-0.96
-1.091
-0.896
-0.802
-1.158
-1.217
-1.076
-1.187
-1.478
-1.175
-1.456
-1.51
-1.657
-1.586
-1.841
-1.846
-2.163
-2.303
-2.567
-2.567
-2.192
-1.915
-1.707
-1.345
-1.373
-1.353
-1.467
-0.802
-0.802
-0.705
-0.611
-0.377
-0.944
-0.954
-1.254
-1.294
-0.856
-0.649
-0.664
-0.389
-0.584
-0.542
-0.427
-0.774
-0.562
-0.693
-0.777
-0.736
-0.35
-0.13
-0.098
-0.422
-0.633
-0.769
-0.747
-0.872
-0.657
-0.622
-0.628
-0.848
-0.841
-0.812
-0.839
-0.956
-0.529
-0.484
-0.32
-0.445
-0.266
-0.308
-0.005
-0.058
0.376
0.551
0.307
0.292
0.426
0.043
0.314
0.375
-0.023
0.253
0.381
0.448
0.462
0.682
0.536
0.347
0.429
0.505
0.177
0.357
0.295
0.416
0.285
0.515
0.849
0.351
0.285
0.188
0.026
-0.123
0.054
-0.362
-0.339
0.069
-0.149
0.002
-0.051
0.035
0.111
0.018
0.124
-0.241
-0.046
-0.299
-0.271
-0.324
-0.138
-0.11
0.021
0.181
0.107
0.22
0.339
0.323
0.238
0.517
0.208
0.687
0.174
0.361
0.335
0.285
0.309
0.418
0.397
0.204
0.419
0.758
0.41
0.466
0.251
-0.084
-0.118
-0.053
-0.261
-0.107
0.158
0.076
0.176
0.276
0.518
0.594
0.706
0.615
0.636
0.521
0.411
0.544
0.483
0.502
0.303
0.025
0.184
0.192
-0.07
-0.233
-0.142
-0.0
-0.495
-0.275
-0.452
-0.761
-0.344
-0.423
-0.456
-0.649
-0.182
-0.689
-0.677
-0.832
-0.504
-0.818
-0.591
-0.639
-0.638
-0.581
-0.489
-0.439
-0.267
-0.311
-0.208
-0.219
-0.361
-0.401
-0.413
-0.531
-0.665
-0.381
-0.498
-0.468
-0.515
-0.26
-0.084
0.062
-0.118
0.046
0.097
-0.069
-0.178
-0.413
-0.568
-0.295
-0.158
-0.223
-0.291
-0.694
-0.546
-0.699
-0.864
-0.556
-0.086
-0.09
-0.191
0.002
0.21
0.83
1.067
1.579
1.532
1.354
0.968
0.639
0.854
0.352
0.368
0.409
0.409
0.537
0.326
0.799
0.659
1.068
0.814
0.535
0.73
0.174
0.08
-0.15
0.094
-0.113
0.161
0.293
0.449
0.642
0.651
0.9
0.818
0.586
0.375
0.106
-0.137
-0.389
-0.288
-0.686
-0.618
-0.925
-0.65
-0.486
-0.313
-0.485
-0.555
-0.099
-0.278
-0.536
-0.528
0.187
-0.069
-0.102
-0.067
-0.089
0.191
0.037
-0.037
0.034
-0.116
-0.268
-0.074
-0.569
-0.074
-0.173
-0.044
-0.078
-0.341
-0.338
-0.422
-0.762
-0.449
-0.273
-0.695
-0.693
-0.535
-0.594
-0.305
-0.329
-0.024
0.085
0.078
0.145
0.022
0.339
0.403
0.632
0.878
0.973
0.735
0.88
0.71
0.54
0.55
0.728
0.596
0.449
0.614
0.493
0.388
0.253
0.162
0.199
-0.024
0.222
0.335
0.191
-0.106
-0.256
-0.119
-0.259
-0.077
-0.018
-0.224
-0.422
-0.509
-0.554
-0.614
-0.436
-0.381
-0.349
0.038
0.072
-0.232
-0.168
-0.195
-0.359
-0.192
-0.221
-0.09
-0.088
0.112
-0.067
0.184
0.297
0.385
0.111
0.39
0.858
0.455
0.547
0.784
0.556
0.33
0.133
0.001
-0.347
-0.211
-0.132
0.017
-0.048
-0.485
-0.467
-0.218
-0.202
-0.458
0.268
0.086
0.292
0.591
0.556
0.396
0.722
0.807
0.778
0.809
0.701
0.307
0.489
0.088
-0.009
-0.265
-0.384
-0.487
-0.511
-0.727
-0.542
-0.722
-0.118
-0.026
0.165
-0.048
0.576
0.043
-0.119
0.034
0.028
0.119
0.247
0.114
0.342
0.528
0.328
0.506
0.537
0.45
0.405
0.237
0.316
-0.251
-0.069
-0.013
-0.122
-0.048
0.238
0.361
0.764
0.86
0.661
0.817
0.751
0.687
0.522
0.498
0.287
0.487
0.693
0.686
0.834
0.83
0.739
0.72
0.957
0.62
0.547
0.632
0.663
0.645
0.59
0.465
0.494
0.542
0.36
0.163
0.308
0.154
0.217
0.087
0.03
0.076
0.092
0.124
0.124
0.59
0.598
0.77
0.59
0.619
0.445
0.804
1.052
1.005
1.578
1.211
1.37
1.416
1.37
1.397
1.308
1.218
1.028
1.363
1.507
1.576
1.048
1.332
1.273
1.507
1.597
1.814
1.982
1.767
1.64
1.79
1.369
1.256
0.809
0.948
1.022
1.012
1.043
1.063
1.377
1.505
1.682
2.103
2.176
1.959
2.397
2.425
2.524
2.565
2.565
2.468
2.124
1.941
1.798
1.564
1.507
1.385
1.153
1.038
1.002
1.127
0.722
0.973
1.332
1.506
1.68
1.792
1.922
1.726
2.102
1.405
1.673
0.948
1.247
0.929
0.822
0.976
0.454
0.516
0.349
0.513
0.845
0.72
1.3
1.076
0.805
1.059
1.517
1.449
1.685
1.827
1.688
1.658
1.445
1.244
1.422
1.421
1.294
1.233
0.553
0.215
0.288
0.127
-0.128
-0.099
0.216
0.059
0.122
-0.126
0.104
-0.401
-0.993
-1.077
-0.967
-1.184
-1.116
-0.618
-0.692
-0.891
-0.567
-0.409
-0.347
-0.07
-0.305
-0.621
-0.417
-0.647
-0.796
-0.515
-0.506
-0.511
-0.268
-0.283
-0.537
-0.076
-0.136
-0.007
0.289
0.192
0.138
-0.032
0.081
-0.235
-0.259
0.0
-0.01
0.125
0.537
0.173
0.273
0.48
0.636
0.589
0.779
0.761
0.623
0.51
0.253
0.197
0.212
-0.093
-0.49
-0.793
-0.423
-0.704
-1.036
-1.125
-0.801
-0.922
-0.988
-1.038
-0.849
-1.152
-1.05
-1.025
-1.497
-1.849
-1.465
-1.812
-1.579
-1.607
-1.492
-1.587
-1.066
-1.098
-1.055
-1.167
-1.212
-1.258
-0.917
-0.978
-1.183
-1.182
-1.173
-1.084
-1.07
-1.155
-0.809
-0.565
-0.801
-0.41
-0.845
-0.813
-0.616
-0.325
-0.379
-0.109
-0.694
-0.587
-0.664
-0.492
-0.503
-0.548
-0.656
-0.886
-1.298
-1.548
-1.594
-1.591
-1.788
-1.511
-1.565
-1.568
-1.495
-1.215
-1.173
-1.041
-1.144
-0.568
-0.44
-0.565
-0.078
-0.111
0.383
0.493
0.736
0.742
1.238
1.232
0.876
0.928
0.732
0.578
1.007
0.942
1.358
1.35
1.142
1.225
0.785
0.529
0.452
0.151
-0.391
-0.231
-0.898
-1.036
-0.663
-0.636
-0.171
-0.168
-0.133
-0.608
-0.789
-0.719
-1.062
-0.662
-0.653
-0.092
-0.121
0.068
0.066
0.347
0.388
0.155
-0.126
-0.194
-0.47
-0.511
-0.535
-0.648
-0.623
-0.404
-0.241
0.223
0.349
0.036
0.413
-0.219
-0.408
-0.35
-0.253
-0.103
0.233
0.353
0.298
0.39
0.495
0.182
-0.013
0.23
0.211
-0.247
0.028
-0.013
-0.229
-0.06
-0.358
-0.384
-0.111
0.147
0.101
0.231
0.079
0.049
-0.124
-0.175
-0.471
-0.357
-0.686
-0.258
-0.434
-0.362
-0.479
-0.301
-0.338
-0.383
-0.276
-0.408
-0.334
-0.355
-0.207
-0.448
-0.216
-0.096
-0.34
-0.218
-0.218
-0.011
0.043
0.047
-0.19
-0.507
-0.592
-0.987
-0.837
-0.92
-0.854
-0.577
-0.496
-0.949
-0.772
-0.591
-0.916
-1.025
-0.77
-0.181
-0.227
0.032
-0.04
-0.055
-0.365
-0.738
-0.85
-0.746
-0.993
-0.92
-0.518
-0.287
-0.368
-0.062
-0.001
-0.214
-0.109
0.081
0.096
-0.103
0.105
-0.007
0.2
0.394
0.439
0.726
0.687
0.895
0.565
0.736
0.547
0.788
0.988
1.249
0.881
0.785
0.495
0.486
0.101
0.155
0.35
0.781
0.67
0.856
0.417
0.188
-0.009
-0.203
0.123
0.1
-0.167
-0.345
-0.199
-0.473
-0.037
-0.127
0.027
0.105
0.001
0.021
-0.005
0.226
-0.169
-0.185
-0.513
-0.742
-0.617
-0.628
-0.682
-0.393
-0.515
-0.193
0.068
-0.269
0.281
0.182
0.532
0.535
0.029
0.186
-0.036
-0.032
-0.279
-0.055
-0.253
-0.464
-0.254
-0.265
-0.014
-0.217
0.103
0.203
-0.111
-0.212
0.098
-0.242
-0.217
0.189
0.404
0.355
0.554
0.409
0.355
-0.122
0.094
0.564
0.875
1.025
0.91
0.959
0.93
0.792
0.924
0.652
0.749
0.509
0.167
-0.056
-0.013
0.005
-0.194
0.023
-0.013
0.217
0.109
-0.418
-0.34
-0.522
-0.938
-1.118
-1.262
-1.223
-1.166
-0.826
-0.764
-0.622
-0.401
-0.283
-0.728
-0.394
-0.128
-0.439
-0.45
-0.417
-0.51
-0.466
-0.595
-0.548
-0.164
-0.145
0.013
-0.142
0.274
0.67
0.593
0.815
1.059
0.884
0.74
0.863
0.899
0.921
0.925
1.118
1.028
0.913
0.922
1.121
1.121
1.113
1.079
1.213
1.029
1.23
0.947
0.839
0.805
1.413
0.948
0.954
0.938
0.858
0.797
0.657
0.863
0.925
0.805
0.634
0.752
0.499
0.182
0.185
-0.074
-0.067
-0.662
-0.474
-0.671
-0.826
-0.988
-0.545
-0.407
-0.235
-0.148
0.109
-0.107
0.397
0.249
0.445
0.374
0.333
0.101
0.297
0.356
0.273
0.404
0.595
0.499
0.096
0.125
0.274
0.288
0.207
0.165
0.127
-0.26
-0.009
0.372
-0.401
-0.349
0.353
-0.167
-0.162
0.359
0.294
0.209
0.198
0.183
-0.183
0.033
-0.278
-0.264
-0.233
-0.48
-0.553
-0.761
-0.527
-0.62
-0.482
-0.142
-0.283
0.198
0.532
0.106
0.349
0.224
0.245
-0.08
0.273
-0.019
0.073
0.141
-0.009
-0.056
0.274
0.307
0.549
0.474
0.329
-0.078
0.252
0.541
0.217
0.829
0.681
0.591
0.717
0.461
0.666
0.687
1.07
0.918
1.057
1.18
0.944
0.976
0.899
0.878
0.818
0.877
1.276
1.623
1.237
1.27
1.294
0.424
1.563
1.85
1.796
1.998
2.076
1.728
1.571
1.246
1.336
1.234
1.485
1.636
1.849
1.986
2.308
2.565
2.14
2.057
2.172
2.028
2.297
1.222
1.647
1.24
1.228
1.162
1.284
2.132
1.639
2.055
1.892
1.789
1.75
1.957
1.756
1.534
1.646
2.019
1.747
1.763
1.783
1.608
1.218
1.075
1.153
1.309
1.418
1.643
1.45
1.717
1.766
1.588
1.676
1.703
1.935
1.871
1.852
1.694
1.909
1.328
1.694
2.007
2.325
1.55
1.688
1.359
1.194
1.038
0.714
0.729
1.216
1.051
0.76
0.845
0.83
1.018
0.818
1.036
1.025
0.649
0.546
0.285
-0.098
0.493
0.578
0.726
0.601
0.599
0.295
0.436
0.531
0.779
0.747
0.213
0.278
0.249
0.805
0.829
0.943
1.065
1.029
1.216
1.613
0.751
0.536
0.539
0.523
0.782
0.235
0.707
1.028
0.516
0.583
0.499
0.288
0.303
0.143
0.241
0.349
0.037
0.053
-0.135
-0.511
-0.687
-0.517
-0.567
-0.654
-0.677
-0.943
-1.182
-1.129
-1.042
-0.762
-0.557
-0.298
-0.98
-1.09
-1.655
-1.318
-1.726
-1.705
-1.349
-1.456
-1.959
-1.809
-1.923
-2.41
-1.84
-2.35
-1.804
-1.787
-1.655
-1.523
-1.501
-1.269
-1.08
-1.1
-1.588
-1.452
-1.468
-1.227
-0.983
-1.026
-1.372
-1.525
-1.605
-1.515
-1.48
-1.667
-1.739
-1.656
-1.671
-1.688
-1.391
-1.573
-1.34
-1.513
-1.417
-1.688
-1.803
-1.772
-1.563
-1.67
-1.607
-1.54
-1.532
-1.499
-1.34
-1.228
-1.383
-1.007
-0.912
-1.109
-0.828
-0.356
-0.729
-0.468
-0.327
-0.312
-0.37
-0.583
-0.307
-0.549
-0.591
-0.494
-0.541
-0.399
-0.763
-0.842
-0.867
-1.008
-1.44
-1.405
-1.504
-1.224
-1.002
-1.072
-0.774
-0.751
-0.585
-0.412
-0.308
-0.152
-0.294
-0.007
0.094
0.288
0.263
0.559
0.558
0.443
0.268
-0.13
0.15
-0.191
0.095
0.416
0.192
0.127
-0.034
-0.037
-0.125
0.029
-0.018
0.174
-0.021
-0.154
-0.027
-0.143
-0.49
-0.71
-0.763
-0.74
-0.657
-0.615
-0.297
-0.044
-0.232
-0.322
-0.52
-0.321
-0.261
-0.171
0.008
-0.057
-0.048
-0.107
-0.471
-0.208
-0.087
0.284
0.41
0.879
0.759
1.043
1.223
0.986
1.242
1.297
1.209
1.833
1.552
1.6
1.545
1.278
1.213
1.529
1.065
1.257
1.041
0.581
0.141
-0.135
-0.271
-0.485
-0.572
-0.2
0.082
0.418
0.464
0.041
-0.279
-0.728
-1.296
-0.972
-0.658
-1.081
-1.105
-1.487
-1.535
-1.895
-1.551
-1.493
-1.037
-1.133
-1.038
-1.832
-1.655
-1.633
-1.498
-1.34
-0.622
-0.781
-0.593
-0.364
-0.266
-0.401
-0.113
0.186
0.514
0.648
0.621
0.52
0.057
0.24
0.092
0.062
0.185
0.129
0.295
0.022
0.105
0.392
0.636
0.761
0.674
0.887
0.746
0.684
0.723
1.036
1.186
1.294
1.151
1.233
1.278
1.207
1.457
1.409
1.241
0.962
0.977
0.88
0.24
0.433
-0.065
-0.23
-0.083
-0.147
-0.433
-0.399
-0.901
-0.758
-0.842
-0.546
-0.204
-0.318
0.101
0.168
0.007
-0.088
0.196
-0.044
-0.303
-0.072
-0.0
0.084
-0.153
0.1
-0.409
-0.434
-0.133
-0.39
-0.203
-0.283
-0.236
-0.463
-0.375
0.143
0.082
-0.313
-0.097
-0.193
-0.703
-0.35
-0.106
-0.094
-0.013
0.076
0.171
0.102
-0.08
0.02
0.029
0.066
0.223
0.12
-0.135
-0.098
0.206
0.35
0.2
0.252
0.481
0.389
0.684
0.686
0.472
0.676
0.068
0.469
0.347
0.311
0.649
0.5
0.607
-0.044
-0.222
0.125
-0.137
0.351
0.235
0.506
0.591
0.394
0.836
0.607
0.449
0.251
-0.087
-0.192
-0.498
-0.053
-0.083
0.018
-0.251
-0.409
-0.802
-0.863
-0.628
-0.37
0.009
-0.433
-0.622
-0.724
-0.373
-0.854
-0.24
0.031
0.003
0.107
-0.034
0.204
-0.04
-0.086
-0.154
-0.92
-0.763
-0.774
-0.772
-0.747
-0.225
-0.416
-0.203
-0.562
-0.283
0.035
0.401
0.559
0.597
0.69
0.565
0.658
0.35
-0.198
-0.504
-0.646
-0.527
-0.22
-0.037
0.272
0.414
0.042
0.312
0.138
0.177
0.45
0.247
0.304
0.239
0.222
0.294
0.24
0.227
0.093
0.449
0.386
0.218
0.323
0.474
0.254
0.098
-0.099
0.431
0.262
0.702
0.948
1.319
1.195
1.083
0.74
0.795
0.369
0.438
0.153
0.464
0.602
0.876
1.108
1.055
1.033
0.868
0.704
0.418
0.549
0.198
0.23
0.139
0.192
0.02
0.265
0.539
0.685
0.85
0.817
0.694
0.433
0.452
0.135
-0.065
0.091
-0.0
0.221
0.184
0.549
0.582
0.7
1.001
0.726
0.985
0.645
0.779
0.634
0.628
0.692
0.988
1.221
1.255
1.201
1.53
2.112
1.813
1.98
1.717
1.602
1.414
1.405
1.231
1.185
1.271
1.044
1.31
1.598
1.97
2.507
2.333
2.117
1.791
1.815
1.919
1.653
1.853
1.355
1.307
0.907
1.208
0.882
1.359
1.497
1.687
1.716
1.828
1.699
1.661
1.296
2.026
1.832
1.848
1.94
2.118
2.406
2.565
2.565
2.565
2.565
2.128
1.976
1.862
2.546
2.31
2.465
2.503
2.565
2.565
2.276
2.002
1.742
1.738
1.486
1.563
1.971
1.898
2.052
2.303
2.236
1.928
1.601
1.301
0.946
0.699
0.569
0.523
0.749
0.156
-0.198
-0.507
-0.628
-0.833
-1.237
-1.243
-1.314
-1.124
-0.876
-0.556
-0.109
-0.019
0.275
0.424
0.717
0.788
1.248
1.089
0.946
0.854
0.618
0.632
0.467
0.382
0.725
0.728
0.687
0.532
0.298
0.217
-0.024
-0.303
-0.457
-0.05
-0.526
-0.549
-0.41
-1.036
-0.509
-1.059
-0.388
-0.416
-0.351
-0.521
-0.409
-0.889
-0.808
-1.113
-0.871
-1.077
-0.854
-0.874
-0.961
-0.795
-0.934
-0.87
-0.638
-1.165
-0.89
-1.023
-1.135
-1.114
-1.004
-1.043
-0.834
-0.79
