0.487
0.693
0.686
0.834
0.83
0.739
0.72
0.957
0.62
0.547
0.632
0.663
0.645
0.59
0.465
0.494
0.542
0.36
0.163
0.308
0.154
0.217
0.087
0.03
0.076
0.092
0.124
0.124
0.59
0.598
0.77
0.59
0.619
0.445
0.804
1.052
1.005
1.578
1.211
1.37
1.416
1.37
1.397
1.308
1.218
1.028
1.363
1.507
1.576
1.048
1.332
1.273
1.507
1.597
1.814
1.982
1.767
1.64
1.79
1.369
1.256
0.809
0.948
1.022
1.012
1.043
1.063
1.377
1.505
1.682
2.103
2.176
1.959
2.397
2.425
2.524
2.565
2.565
2.468
2.124
1.941
1.798
1.564
1.507
1.385
1.153
1.038
1.002
1.127
0.722
0.973
1.332
1.506
1.68
1.792
1.922
1.726
2.102
1.405
1.673
0.948
1.247
0.929
0.822
0.976
0.454
0.516
0.349
0.513
0.845
0.72
1.3
1.076
0.805
1.059
1.517
1.449
1.685
1.827
1.688
1.658
1.445
1.244
1.422
1.421
1.294
1.233
0.553
0.215
0.288
0.127
-0.128
-0.099
0.216
0.059
0.122
-0.126
0.104
-0.401
-0.993
-1.077
-0.967
-1.184
-1.116
-0.618
-0.692
-0.891
-0.567
-0.409
-0.347
-0.07
-0.305
-0.621
-0.417
-0.647
-0.796
-0.515
-0.506
-0.511
-0.268
-0.283
-0.537
-0.076
-0.136
-0.007
0.289
0.192
0.138
-0.032
0.081
-0.235
-0.259
0.0
-0.01
0.125
0.537
0.173
0.273
0.48
0.636
0.589
0.779
0.761
0.623
0.51
0.253
0.197
0.212
-0.093
-0.49
-0.793
-0.423
-0.704
-1.036
-1.125
-0.801
-0.922
-0.988
-1.038
-0.849
-1.152
-1.05
-1.025
-1.497
-1.849
-1.465
-1.812
-1.579
-1.607
-1.492
-1.587
-1.066
-1.098
-1.055
-1.167
-1.212
-1.258
-0.917
-0.978
-1.183
-1.182
-1.173
-1.084
-1.07
-1.155
-0.809
-0.565
-0.801
-0.41
-0.845
-0.813
-0.616
-0.325
-0.379
-0.109
-0.694
-0.587
-0.664
-0.492
-0.503
-0.548
-0.656
-0.886
-1.298
-1.548
-1.594
-1.591
-1.788
-1.511
-1.565
-1.568
-1.495
-1.215
-1.173
-1.041
-1.144
-0.568
-0.44
-0.565
-0.078
-0.111
0.383
0.493
0.736
0.742
1.238
1.232
0.876
0.928
0.732
0.578
1.007
0.942
1.358
1.35
1.142
1.225
0.785
0.529
0.452
0.151
-0.391
-0.231
-0.898
-1.036
-0.663
-0.636
-0.171
-0.168
-0.133
-0.608
-0.789
-0.719
-1.062
-0.662
-0.653
-0.092
-0.121
0.068
0.066
0.347
0.388
0.155
-0.126
-0.194
-0.47
-0.511
-0.535
-0.648
-0.623
-0.404
-0.241
0.223
0.349
0.036
0.413
-0.219
-0.408
-0.35
-0.253
-0.103
0.233
0.353
0.298
0.39
0.495
0.182
-0.013
0.23
0.211
-0.247
0.028
-0.013
-0.229
-0.06
-0.358
-0.384
-0.111
0.147
0.101
0.231
0.079
0.049
-0.124
-0.175
-0.471
-0.357
-0.686
-0.258
-0.434
-0.362
-0.479
-0.301
-0.338
-0.383
-0.276
-0.408
-0.334
-0.355
-0.207
-0.448
-0.216
-0.096
-0.34
-0.218
-0.218
-0.011
0.043
0.047
-0.19
-0.507
-0.592
-0.987
-0.837
-0.92
-0.854
-0.577
-0.496
-0.949
-0.772
-0.591
-0.916
-1.025
-0.77
-0.181
-0.227
0.032
-0.04
-0.055
-0.365
-0.738
-0.85
-0.746
-0.993
-0.92
-0.518
-0.287
-0.368
-0.062
-0.001
-0.214
-0.109
0.081
0.096
-0.103
0.105
-0.007
0.2
0.394
0.439
0.726
0.687
0.895
0.565
0.736
0.547
0.788
0.988
1.249
0.881
0.785
0.495
0.486
0.101
0.155
0.35
0.781
0.67
0.856
0.417
0.188
-0.009
-0.203
0.123
0.1
-0.167
-0.345
-0.199
-0.473
-0.037
-0.127
0.027
0.105
0.001
0.021
-0.005
0.226
-0.169
-0.185
-0.513
-0.742
-0.617
-0.628
-0.682
-0.393
-0.515
-0.193
0.068
-0.269
0.281
0.182
0.532
0.535
0.029
0.186
-0.036
-0.032
-0.279
-0.055
-0.253
-0.464
-0.254
-0.265
-0.014
-0.217
0.103
0.203
-0.111
-0.212
0.098
-0.242
-0.217
0.189
0.404
0.355
0.554
0.409
0.355
-0.122
0.094
0.564
0.875
1.025
0.91
0.959
0.93
0.792
0.924
0.652
0.749
0.509
0.167
-0.056
-0.013
0.005
-0.194
0.023
-0.013
0.217
0.109
-0.418
-0.34
-0.522
-0.938
-1.118
-1.262
-1.223
-1.166
-0.826
-0.764
-0.622
-0.401
-0.283
-0.728
-0.394
-0.128
-0.439
-0.45
-0.417
-0.51
-0.466
-0.595
-0.548
-0.164
-0.145
0.013
-0.142
0.274
0.67
0.593
0.815
1.059
0.884
0.74
0.863
0.899
0.921
0.925
1.118
1.028
0.913
0.922
1.121
1.121
1.113
1.079
1.213
1.029
1.23
0.947
0.839
0.805
1.413
0.948
0.954
0.938
0.858
0.797
0.657
0.863
0.925
0.805
0.634
0.752
0.499
0.182
0.185
-0.074
-0.067
-0.662
-0.474
-0.671
-0.826
-0.988
-0.545
-0.407
-0.235
-0.148
0.109
-0.107
0.397
0.249
0.445
0.374
0.333
0.101
0.297
0.356
0.273
0.404
0.595
0.499
0.096
0.125
0.274
0.288
0.207
0.165
0.127
-0.26
-0.009
0.372
-0.401
-0.349
0.353
-0.167
-0.162
0.359
0.294
0.209
0.198
0.183
-0.183
0.033
-0.278
-0.264
-0.233
-0.48
-0.553
-0.761
-0.527
-0.62
-0.482
-0.142
-0.283
0.198
0.532
0.106
0.349
0.224
0.245
-0.08
0.273
-0.019
0.073
0.141
-0.009
-0.056
0.274
0.307
0.549
0.474
0.329
-0.078
0.252
0.541
0.217
0.829
0.681
0.591
0.717
0.461
0.666
0.687
1.07
0.918
1.057
1.18
0.944
0.976
0.899
0.878
0.818
0.877
1.276
1.623
1.237
1.27
1.294
0.424
1.563
1.85
1.796
1.998
2.076
1.728
1.571
1.246
1.336
1.234
1.485
1.636
1.849
1.986
2.308
2.565
2.14
2.057
2.172
2.028
2.297
1.222
1.647
1.24
1.228
1.162
1.284
2.132
1.639
2.055
1.892
1.789
1.75
1.957
1.756
1.534
1.646
2.019
1.747
1.763
1.783
1.608
1.218
1.075
1.153
1.309
1.418
1.643
1.45
1.717
1.766
1.588
1.676
1.703
1.935
1.871
1.852
1.694
1.909
1.328
1.694
2.007
2.325
1.55
1.688
1.359
1.194
1.038
0.714
0.729
1.216
1.051
0.76
0.845
0.83
1.018
0.818
1.036
1.025
0.649
0.546
0.285
-0.098
0.493
0.578
0.726
0.601
0.599
0.295
0.436
0.531
0.779
0.747
0.213
0.278
0.249
0.805
0.829
0.943
1.065
1.029
1.216
1.613
0.751
0.536
0.539
0.523
0.782
0.235
0.707
1.028
0.516
0.583
0.499
0.288
0.303
0.143
0.241
0.349
0.037
0.053
-0.135
-0.511
-0.687
-0.517
-0.567
-0.654
-0.677
-0.943
-1.182
-1.129
-1.042
-0.762
-0.557
-0.298
-0.98
-1.09
-1.655
-1.318
-1.726
-1.705
-1.349
-1.456
-1.959
-1.809
-1.923
-2.41
-1.84
-2.35
-1.804
-1.787
-1.655
-1.523
-1.501
-1.269
-1.08
-1.1
-1.588
-1.452
-1.468
-1.227
-0.983
-1.026
-1.372
-1.525
-1.605
-1.515
-1.48
-1.667
-1.739
-1.656
-1.671
-1.688
-1.391
-1.573
-1.34
-1.513
-1.417
-1.688
-1.803
-1.772
-1.563
-1.67
-1.607
-1.54
-1.532
-1.499
-1.34
-1.228
-1.383
-1.007
-0.912
-1.109
-0.828
-0.356
-0.729
-0.468
-0.327
-0.312
-0.37
-0.583
-0.307
-0.549
-0.591
-0.494
-0.541
-0.399
-0.763
-0.842
-0.867
-1.008
-1.44
-1.405
-1.504
-1.224
-1.002
-1.072
-0.774
-0.751
-0.585
-0.412
-0.308
-0.152
-0.294
-0.007
0.094
0.288
0.263
0.559
0.558
0.443
0.268
-0.13
0.15
-0.191
0.095
0.416
0.192
0.127
-0.034
-0.037
-0.125
0.029
-0.018
0.174
-0.021
-0.154
-0.027
-0.143
-0.49
-0.71
-0.763
-0.74
-0.657
-0.615
-0.297
-0.044
-0.232
-0.322
-0.52
-0.321
-0.261
-0.171
0.008
-0.057
-0.048
-0.107
-0.471
-0.208
-0.087
0.284
0.41
0.879
0.759
1.043
1.223
0.986
1.242
1.297
1.209
1.833
1.552
1.6
1.545
1.278
1.213
1.529
1.065
1.257
1.041
0.581
0.141
-0.135
-0.271
-0.485
-0.572
-0.2
0.082
0.418
0.464
0.041
-0.279
-0.728
-1.296
-0.972
-0.658
-1.081
-1.105
-1.487
-1.535
-1.895
-1.551
-1.493
-1.037
-1.133
-1.038
-1.832
-1.655
-1.633
-1.498
-1.34
-0.622
-0.781
-0.593
-0.364
-0.266
-0.401
-0.113
0.186
0.514
0.648
0.621
0.52
0.057
0.24
0.092
0.062
0.185
0.129
0.295
0.022
0.105
0.392
0.636
0.761
0.674
0.887
0.746
0.684
0.723
1.036
1.186
1.294
1.151
1.233
1.278
1.207
1.457
1.409
1.241
0.962
0.977
0.88
0.24
0.433
-0.065
-0.23
-0.083
-0.147
-0.433
-0.399
-0.901
-0.758
-0.842
-0.546
-0.204
-0.318
0.101
0.168
0.007
-0.088
0.196
-0.044
-0.303
-0.072
-0.0
0.084
-0.153
0.1
-0.409
-0.434
-0.133
-0.39
-0.203
-0.283
-0.236
-0.463
-0.375
0.143
0.082
-0.313
-0.097
-0.193
-0.703
-0.35
-0.106
-0.094
-0.013
0.076
0.171
0.102
-0.08
0.02
0.029
0.066
0.223
0.12
-0.135
-0.098
0.206
0.35
0.2
0.252
0.481
0.389
0.684
0.686
0.472
0.676
0.068
0.469
0.347
0.311
0.649
0.5
0.607
-0.044
-0.222
0.125
-0.137
0.351
0.235
0.506
0.591
0.394
0.836
0.607
0.449
0.251
-0.087
-0.192
-0.498
-0.053
-0.083
0.018
-0.251
-0.409
-0.802
-0.863
-0.628
-0.37
0.009
-0.433
-0.622
-0.724
-0.373
-0.854
-0.24
0.031
0.003
0.107
-0.034
0.204
-0.04
-0.086
-0.154
-0.92
-0.763
-0.774
-0.772
-0.747
-0.225
-0.416
-0.203
-0.562
-0.283
0.035
0.401
0.559
0.597
0.69
0.565
0.658
0.35
-0.198
-0.504
-0.646
-0.527
-0.22
-0.037
0.272
0.414
0.042
0.312
0.138
0.177
0.45
0.247
0.304
0.239
0.222
0.294
0.24
0.227
0.093
0.449
0.386
0.218
0.323
0.474
0.254
0.098
-0.099
0.431
0.262
0.702
0.948
1.319
1.195
1.083
0.74
0.795
0.369
0.438
0.153
0.464
0.602
0.876
1.108
1.055
1.033
0.868
0.704
0.418
0.549
0.198
0.23
0.139
0.192
0.02
0.265
0.539
0.685
0.85
0.817
0.694
0.433
0.452
0.135
-0.065
0.091
-0.0
0.221
0.184
0.549
0.582
0.7
1.001
0.726
0.985
0.645
0.779
0.634
0.628
0.692
0.988
1.221
1.255
1.201
1.53
2.112
1.813
1.98
1.717
1.602
1.414
1.405
1.231
1.185
1.271
1.044
1.31
1.598
1.97
2.507
2.333
2.117
1.791
1.815
1.919
1.653
1.853
1.355
1.307
0.907
1.208
0.882
1.359
1.497
1.687
1.716
1.828
1.699
1.661
1.296
2.026
1.832
1.848
1.94
2.118
2.406
2.565
2.565
2.565
2.565
2.128
1.976
1.862
2.546
2.31
2.465
2.503
2.565
2.565
2.276
2.002
1.742
1.738
1.486
1.563
1.971
1.898
2.052
2.303
2.236
1.928
1.601
1.301
0.946
0.699
0.569
0.523
0.749
0.156
-0.198
-0.507
-0.628
-0.833
-1.237
-1.243
-1.314
-1.124
-0.876
-0.556
-0.109
-0.019
0.275
0.424
0.717
0.788
1.248
1.089
0.946
0.854
0.618
0.632
0.467
0.382
0.725
0.728
0.687
0.532
0.298
0.217
-0.024
-0.303
-0.457
-0.05
-0.526
-0.549
-0.41
-1.036
-0.509
-1.059
-0.388
-0.416
-0.351
-0.521
-0.409
-0.889
-0.808
-1.113
-0.871
-1.077
-0.854
-0.874
-0.961
-0.795
-0.934
-0.87
-0.638
-1.165
-0.89
-1.023
-1.135
-1.114
-1.004
-1.043
-0.834
-0.79
-0.748
-0.61
-0.313
-0.146
-0.303
-0.217
-0.693
-0.695
-1.08
-1.098
-1.101
-1.363
-1.191
-1.15
-1.185
-1.161
-0.756
-0.694
-0.297
-0.283
-0.3
-0.308
-0.651
-1.021
-1.242
-1.38
-1.222
-1.765
-1.717
-1.297
-1.312
-1.422
-1.653
-1.598
-1.217
-1.265
-1.253
-0.419
-0.453
-0.852
-0.835
-0.432
-0.205
-0.314
-0.077
-0.058
0.15
-0.286
-0.476
-0.3
0.043
0.619
0.965
1.418
1.481
1.76
1.403
1.384
1.104
1.345
0.46
0.218
0.041
-0.142
-0.357
-0.098
0.116
0.637
0.308
0.304
0.233
0.315
-0.08
0.304
0.545
0.376
0.651
0.271
0.442
0.012
0.028
-0.298
-0.603
-0.447
-0.795
-1.422
-1.541
-2.285
-2.412
-2.481
-2.099
-1.75
-1.811
-1.588
-1.31
-1.321
-1.05
-0.715
-0.642
-0.705
-0.439
-0.095
-0.301
-0.293
0.02
0.029
-0.055
0.389
0.588
0.593
0.699
0.546
0.33
0.213
-0.011
-0.464
-0.241
-0.337
-0.217
0.093
-0.115
-0.014
-0.131
-0.506
-0.555
-0.565
-0.774
-0.815
-0.534
-0.484
-0.724
-0.883
-0.893
-0.78
-0.937
-0.891
-0.917
-0.556
-0.502
-0.208
-0.208
-0.573
-0.43
-0.623
-0.81
-0.904
-1.035
-1.323
-1.11
-1.477
-1.488
-1.913
-2.031
-1.544
-1.375
-1.309
-1.155
-1.051
-1.064
-1.268
-1.105
-1.048
-0.744
-0.593
-0.464
-0.583
-0.479
-0.329
-0.366
-0.239
-0.288
0.231
0.706
0.636
0.694
0.436
0.195
0.225
-0.163
-0.346
-0.225
-0.469
-0.731
-0.548
-0.759
-0.823
-0.338
-0.066
-0.233
0.083
0.214
0.129
0.066
0.223
0.299
0.549
0.501
0.617
0.641
0.997
0.726
0.315
0.372
0.39
0.082
0.148
-0.018
-0.361
-0.626
-0.563
-0.65
-0.838
-0.625
-0.899
-0.8
-0.45
-0.495
-0.602
-0.368
-0.42
-0.565
-0.312
-0.348
-0.049
-0.045
0.086
-0.011
0.0
0.081
0.137
0.109
0.103
0.325
0.416
0.049
0.027
-0.296
-0.413
-0.725
-0.157
-0.285
-0.3
-0.234
-0.578
-0.333
0.019
-0.033
-0.002
0.256
-0.101
-0.007
0.596
0.391
0.054
0.245
-0.254
-0.114
-0.433
-0.356
0.149
0.116
0.335
0.614
0.818
0.837
0.824
1.081
1.145
1.273
1.269
1.235
0.898
1.014
0.527
0.54
0.591
0.325
0.13
0.275
0.439
0.263
0.032
0.106
0.039
-0.023
-0.189
-0.122
0.321
0.268
0.21
0.189
0.319
0.524
0.18
0.511
0.369
0.169
-0.17
-0.073
-0.07
-0.022
0.097
0.299
0.148
0.503
0.013
0.547
-0.178
0.115
-0.512
-0.504
-0.403
-0.353
-0.404
-0.519
0.038
0.209
0.212
-0.093
0.137
0.149
0.264
0.03
0.266
0.333
0.185
0.272
0.472
0.071
0.295
0.178
0.145
-0.023
0.112
0.205
0.438
-0.028
-0.226
0.367
0.335
0.283
0.848
1.097
0.583
0.73
0.822
0.724
0.667
0.517
0.792
0.459
0.033
-0.225
-0.165
-0.533
-0.454
-0.399
-0.748
-0.63
-0.147
-0.089
-0.473
0.003
0.018
0.101
-0.011
0.012
0.206
0.118
0.364
0.602
0.752
0.964
1.209
0.708
0.742
0.879
1.044
0.922
0.845
1.124
0.643
0.492
0.475
0.474
0.457
0.326
0.948
0.398
0.812
0.908
1.374
1.641
1.784
2.323
2.167
2.443
1.831
1.787
1.624
1.23
1.408
1.223
1.007
1.098
0.625
0.693
0.616
0.706
-0.035
0.14
0.084
-0.083
0.431
0.567
0.339
0.687
0.797
0.923
0.717
0.671
0.787
0.405
0.623
0.144
0.54
0.877
0.787
0.801
1.262
1.069
1.398
1.2
1.134
1.323
1.482
1.2
1.341
1.454
1.332
1.375
1.538
1.315
1.653
1.828
1.575
1.872
1.732
1.706
1.403
1.087
1.265
1.338
1.126
1.345
1.147
1.47
1.452
1.279
1.398
1.563
1.357
1.026
1.393
1.194
1.017
0.893
0.925
1.1
1.245
0.884
0.662
1.06
1.353
1.127
0.925
1.008
0.788
0.135
0.467
0.815
0.778
0.716
0.861
0.801
0.965
0.85
1.153
0.741
0.589
0.89
1.087
0.758
0.578
0.496
0.783
0.488
0.442
0.283
0.228
-0.204
-0.393
-0.549
-0.646
-0.333
-0.087
0.064
0.573
0.47
0.743
0.486
0.281
0.648
0.757
0.33
0.443
0.591
0.681
0.846
1.175
0.98
1.035
1.058
1.003
1.189
0.971
0.986
0.736
0.66
0.424
0.089
0.586
0.556
0.786
0.383
0.412
0.464
0.328
0.2
0.461
0.434
0.124
-0.312
-0.443
-0.292
-0.167
-0.073
-0.213
-0.386
-0.529
-0.292
-0.797
-0.556
-0.784
-1.125
-1.223
-0.795
-0.448
-0.193
0.137
0.304
-0.084
0.555
0.875
0.777
1.424
0.908
0.916
0.02
0.029
-0.365
-0.225
0.346
0.886
1.479
0.991
1.048
0.837
0.658
0.886
0.379
0.78
0.65
0.736
1.009
0.914
0.546
0.855
1.029
0.426
0.846
0.523
0.568
0.329
-0.149
-0.693
-0.763
-1.245
-1.228
-1.362
-1.292
-1.35
-1.737
-1.58
-1.956
-1.882
-1.755
-1.747
-1.549
-1.74
-1.923
-1.819
-1.843
-2.254
-1.732
-1.461
-1.369
-1.109
-1.064
-1.066
-1.049
-1.235
-1.109
-1.065
-0.964
-0.663
-0.649
-1.143
-0.842
-0.951
-1.009
-1.187
-0.89
-0.805
-0.948
-1.069
-0.93
-0.959
-1.225
-0.883
-1.045
-1.077
-0.848
-0.785
-0.743
-0.909
-0.708
-0.492
-0.888
-1.065
-1.065
-1.222
-1.61
-1.681
-1.532
-1.35
-1.382
-1.317
-1.068
-1.234
-0.96
-0.457
-0.645
-0.372
-0.282
-0.316
-0.457
-0.098
0.292
0.671
0.7
0.63
0.271
-0.144
0.183
-0.181
-0.177
0.414
0.291
0.288
0.638
0.33
0.349
0.211
0.473
0.687
0.725
0.729
0.787
0.333
0.379
0.646
0.352
0.705
0.434
0.478
0.484
0.683
0.634
0.537
0.317
0.256
-0.12
-0.194
-0.404
-0.161
-0.309
-0.084
-1.097
-1.087
-1.15
-1.174
-1.081
-0.838
-0.593
-0.275
0.034
0.171
0.109
-0.143
0.008
-0.045
-0.258
0.16
0.262
0.066
0.032
-0.292
-0.425
-0.788
-0.523
-0.938
-0.411
0.073
0.029
-0.436
-0.538
-0.493
-0.366
-0.448
0.086
0.074
0.033
0.099
-0.247
-0.486
-0.338
-0.302
-0.438
-0.823
-0.574
-0.626
-0.486
-0.902
-0.886
-1.011
-1.367
-1.516
-1.025
-0.808
-1.148
-0.533
-0.219
-0.357
-0.618
-0.74
-1.039
-0.783
-1.233
-1.092
-1.162
-0.977
-1.343
-1.011
-1.059
-1.497
-1.478
-1.139
-1.078
-0.807
-0.667
-0.751
-0.708
-0.59
-0.333
-0.876
-0.648
-0.502
-0.597
-0.411
-0.35
-0.409
0.092
0.451
0.129
-0.023
0.215
0.3
0.121
0.197
0.393
0.249
0.547
0.313
0.367
0.453
0.73
0.36
0.729
0.727
0.36
0.472
0.42
0.171
0.263
0.287
0.581
0.986
0.949
0.953
1.081
0.773
0.714
0.829
0.675
0.636
0.386
0.63
0.779
0.844
0.586
0.483
0.315
0.363
-0.087
-0.085
-0.054
-0.311
-0.449
-0.834
-0.554
-1.046
-0.594
-0.872
-0.523
-0.688
-0.128
-0.323
-0.498
-0.317
0.093
0.612
0.658
0.74
0.833
0.54
0.436
0.485
0.712
0.358
0.228
0.206
0.498
0.327
0.548
0.849
0.243
0.327
-0.171
-0.469
-0.438
-0.578
-0.179
-0.286
-0.067
0.208
0.247
0.268
0.498
0.588
0.706
0.75
1.015
1.44
1.058
1.458
1.395
1.249
0.59
0.542
0.51
0.487
-0.059
0.383
0.348
0.877
1.023
1.017
0.895
0.57
0.538
0.422
0.656
0.747
1.032
1.36
0.954
1.463
0.948
0.886
0.626
0.488
0.534
0.802
0.488
0.426
0.353
0.266
0.537
0.626
0.936
0.704
0.868
0.72
0.876
0.727
1.004
0.727
0.686
0.622
1.075
0.948
0.712
0.756
0.681
0.333
0.437
0.497
0.454
0.586
0.708
0.502
0.631
0.915
0.492
0.67
0.996
0.943
0.751
0.883
1.385
1.158
1.168
1.074
1.417
1.281
1.419
1.086
1.232
1.277
1.113
1.051
1.107
1.683
1.129
1.568
1.634
1.387
1.534
1.134
1.246
0.978
0.995
1.649
1.258
1.536
1.385
1.604
1.769
1.455
1.612
1.474
1.378
1.221
0.846
0.811
0.751
0.659
0.448
1.073
0.95
1.38
1.269
1.133
1.119
0.999
0.89
0.871
0.841
0.537
0.624
0.626
0.328
0.752
0.643
0.657
0.348
0.453
0.456
0.232
0.47
0.18
0.419
0.049
0.378
0.067
0.137
0.24
0.612
0.343
0.824
1.001
0.822
1.052
0.682
0.845
2.565
0.907
0.945
1.032
1.701
1.445
1.449
1.702
1.807
1.787
1.753
2.079
1.753
1.5
1.003
1.057
1.038
0.779
1.175
1.366
1.698
1.468
1.629
1.14
1.152
1.311
0.745
0.676
0.817
0.86
0.733
0.603
0.217
0.01
-0.664
-0.69
-0.379
-0.359
0.188
-0.357
-0.894
-1.128
-1.248
-0.95
-1.183
-0.686
-1.112
-0.764
-0.878
-0.848
-0.887
-0.669
-0.155
-0.36
-0.393
0.06
-0.416
0.013
0.331
0.03
0.11
-0.321
-0.044
-0.041
0.252
0.473
0.897
0.775
0.327
0.417
0.364
0.015
-0.238
-0.094
