-0.118
0.128
-0.116
0.125
-0.163
0.061
-0.189
0.083
0.263
0.179
0.068
0.295
-0.123
0.012
-0.146
-0.437
-0.39
-0.312
-0.183
-0.04
0.31
0.378
0.117
0.539
0.437
0.482
0.503
0.37
0.23
0.123
-0.035
-0.082
-0.124
-0.072
-0.035
-0.173
0.153
0.225
-0.114
0.092
0.045
0.25
0.137
0.241
0.37
0.475
0.516
0.106
0.304
0.564
0.407
0.516
0.525
0.553
0.811
0.653
0.502
0.408
0.606
0.46
0.551
0.447
0.837
0.398
0.471
0.22
0.296
0.258
-0.181
-0.198
-0.251
-0.271
-0.252
-0.129
-0.178
-0.106
-0.366
-0.136
0.051
-0.033
0.01
-0.194
-0.445
-0.522
-0.329
-0.189
-0.027
-0.197
-0.303
0.083
-0.492
-0.126
-0.515
-0.423
-0.604
-0.897
-0.959
-0.847
-0.985
-0.819
-0.574
-0.555
-0.696
-0.555
-0.29
-0.308
-0.295
-0.085
0.097
0.06
0.201
-0.121
-0.031
0.235
-0.184
-0.301
-0.112
0.009
-0.193
0.043
0.14
-0.14
-0.159
-0.127
-0.044
-0.013
-0.318
0.27
0.279
0.058
0.387
0.448
0.5
0.423
0.579
0.423
0.42
0.1
0.302
0.033
0.125
0.177
0.004
-0.004
-0.222
-0.102
0.169
-0.018
-0.04
-0.153
-0.323
-0.314
-0.281
-0.355
-0.048
-0.334
-0.054
-0.252
-0.111
0.013
0.114
0.353
0.194
0.051
-0.085
-0.086
-0.048
-0.124
0.001
-0.184
-0.031
-0.05
-0.054
-0.377
-0.21
-0.189
0.24
0.025
0.217
-0.145
-0.092
-0.098
0.093
-0.58
-0.387
-0.498
-0.639
-0.436
-0.039
0.256
-0.131
0.144
0.421
0.419
0.09
0.421
0.418
0.048
0.212
-0.042
0.065
0.133
0.303
0.174
0.351
0.238
0.2
0.289
0.459
0.269
0.426
0.408
0.273
0.16
0.534
0.241
0.465
0.265
0.557
0.3
0.874
0.703
0.47
0.675
0.642
0.61
0.546
0.85
0.581
0.173
0.315
0.263
0.22
0.109
0.184
0.18
-0.004
0.053
0.028
0.162
0.079
0.29
-0.007
0.299
0.208
0.015
-0.116
-0.085
0.036
-0.148
-0.364
-0.177
-0.327
-0.245
-0.243
-0.142
-0.657
-0.285
-0.321
-0.383
-0.178
-0.095
-0.08
0.018
-0.114
0.101
0.251
0.323
0.211
0.229
0.205
0.19
0.003
0.111
0.358
0.032
-0.18
0.143
0.358
0.339
0.289
0.513
0.072
0.201
0.181
0.139
0.331
0.483
0.243
0.32
-0.265
-0.214
-0.162
-0.508
-0.508
-0.352
-0.476
-0.481
-0.239
-0.22
-0.317
-0.559
-0.322
-0.483
-0.552
-0.549
-0.307
-0.38
-0.306
-0.062
-0.154
-0.091
0.301
0.072
0.538
0.437
0.35
0.266
0.35
0.7
0.33
0.513
0.613
0.141
0.164
0.406
0.108
0.058
0.291
0.46
0.281
0.494
0.719
0.519
0.367
0.418
0.312
0.367
0.143
0.523
0.331
0.528
0.287
0.242
0.435
0.488
0.454
0.559
0.388
0.317
0.203
-0.008
0.032
-0.036
-0.003
-0.127
-0.062
-0.04
-0.191
0.033
0.009
-0.405
-0.247
-0.224
-0.493
-0.607
-0.234
-0.205
-0.597
-0.401
-0.499
-0.405
-0.703
-0.457
-0.38
-0.438
-0.627
-0.12
-0.14
-0.4
-0.077
0.079
0.266
0.193
0.203
0.099
0.096
0.32
0.36
0.035
0.043
0.043
0.268
-0.271
-0.057
0.098
0.027
0.101
0.091
-0.097
0.07
0.242
0.433
0.421
0.277
0.356
-0.122
0.332
0.308
0.238
0.078
-0.033
0.138
-0.083
0.102
-0.058
0.21
0.196
-0.217
0.128
0.085
-0.006
-0.021
-0.117
-0.023
-0.148
-0.253
-0.219
-0.079
-0.106
-0.113
0.018
0.047
-0.169
0.009
-0.144
0.002
-0.188
-0.114
-0.028
0.113
0.068
0.023
-0.042
0.066
0.344
0.065
0.239
0.213
-0.091
0.134
0.239
-0.206
0.02
0.025
-0.153
0.095
0.114
0.039
-0.111
-0.359
-0.125
-0.209
-0.258
-0.184
-0.389
-0.07
-0.426
-0.421
-0.208
-0.18
-0.356
-0.753
-0.218
-0.053
-0.253
0.023
0.312
0.572
0.27
0.402
0.594
0.365
0.394
0.566
0.519
0.393
0.332
0.076
0.408
0.35
0.319
0.091
0.465
0.371
-0.031
0.007
0.247
0.336
0.198
0.335
0.323
0.2
0.065
0.068
0.006
-0.172
-0.169
-0.321
-0.008
-0.073
0.054
0.068
0.332
-0.145
-0.022
0.387
-0.179
-0.056
0.115
0.013
0.06
0.063
0.143
-0.073
-0.078
-0.076
-0.163
-0.159
0.145
0.101
0.266
0.506
0.161
0.363
0.349
0.27
0.146
0.117
0.145
0.139
0.234
0.071
-0.145
-0.296
-0.115
-0.349
-0.253
-0.397
-0.424
-0.479
-0.499
-0.459
-0.528
-0.427
-0.145
-0.162
0.027
-0.112
-0.013
-0.205
-0.013
0.173
0.143
0.088
0.564
0.42
0.103
0.255
0.075
-0.127
-0.103
0.069
0.23
0.021
0.111
0.521
0.165
0.291
0.345
0.203
0.234
0.23
0.142
0.083
0.226
0.21
-0.065
0.146
0.135
0.153
0.253
0.283
0.219
0.499
0.209
-0.041
-0.021
0.043
0.258
0.273
0.321
0.288
-0.025
0.174
0.356
0.298
0.488
0.461
0.538
0.32
0.377
0.082
0.074
-0.034
0.022
0.083
-0.02
0.279
-0.118
-0.025
-0.556
-0.011
-0.057
0.222
0.187
0.217
0.31
0.788
0.639
0.777
0.505
0.797
0.756
0.661
0.57
0.678
0.16
0.226
0.297
-0.105
-0.142
-0.115
0.125
-0.147
0.015
0.077
0.093
0.254
0.231
0.649
0.362
0.443
0.635
0.181
0.069
0.225
0.072
0.008
0.025
-0.228
-0.19
-0.351
-0.371
-0.683
-0.444
-0.462
-0.209
-0.482
-0.273
-0.341
-0.542
-0.671
-0.463
-0.637
-0.494
-0.687
-0.367
-0.492
-0.383
-0.291
-0.332
-0.763
-0.416
-0.688
-0.623
-0.828
-0.93
-0.564
-0.721
-0.512
-0.333
-0.273
-0.398
-0.229
-0.153
-0.227
-0.146
-0.368
-0.435
-0.085
-0.372
-0.364
0.018
-0.35
-0.4
-0.285
-0.229
-0.637
-0.508
-0.214
-0.227
-0.219
0.077
0.009
-0.159
-0.32
0.059
-0.036
-0.109
-0.213
-0.116
-0.003
-0.06
-0.336
-0.258
-0.305
-0.315
-0.069
0.042
0.002
0.002
0.133
0.129
0.111
0.409
0.555
0.551
0.411
0.384
0.507
0.686
0.336
0.371
0.098
0.028
0.246
0.292
0.227
-0.157
0.05
-0.009
0.147
0.058
0.251
0.488
0.338
0.007
-0.393
-0.332
-0.026
-0.365
-0.105
-0.346
-0.304
-0.202
-0.262
-0.199
-0.292
-0.053
-0.143
0.015
0.179
-0.091
0.091
0.166
-0.017
-0.21
-0.166
-0.196
-0.274
-0.431
-0.156
-0.333
-0.426
-0.225
-0.275
-0.387
-0.237
-0.218
-0.282
-0.157
-0.211
-0.113
-0.142
0.03
-0.015
0.037
0.013
-0.048
-0.346
0.161
-0.127
-0.339
-0.007
-0.032
0.194
0.066
0.177
0.076
0.019
0.212
0.331
0.413
0.208
0.489
0.437
0.398
0.335
0.535
0.396
0.273
0.294
0.291
0.291
0.342
0.288
0.031
-0.458
-0.187
-0.178
-0.241
-0.141
-0.153
-0.046
0.238
0.431
0.581
0.611
0.34
0.614
0.716
0.319
0.592
0.342
0.331
-0.057
0.04
-0.037
0.101
0.056
0.124
0.111
-0.096
-0.033
-0.05
-0.022
0.267
0.112
0.593
0.386
0.422
0.419
0.415
0.533
0.453
0.486
0.231
0.455
0.458
0.361
0.441
0.071
0.171
0.162
0.095
-0.291
-0.033
-0.234
-0.204
-0.453
-0.234
-0.262
-0.158
-0.107
0.081
-0.19
-0.085
0.266
-0.058
0.177
0.264
0.39
0.279
0.066
0.333
0.188
0.083
0.254
0.123
-0.047
0.094
0.07
0.054
-0.203
-0.037
-0.059
-0.085
-0.182
-0.381
-0.391
-0.477
-0.399
-0.469
-0.42
0.029
-0.141
-0.065
-0.264
-0.077
-0.074
-0.168
0.04
-0.011
0.019
0.121
0.085
0.069
-0.007
0.443
0.245
0.266
0.025
0.064
0.143
0.246
0.127
0.492
0.657
0.175
0.429
0.218
0.304
0.268
0.355
0.378
0.406
0.473
0.359
0.373
0.483
-0.032
-0.103
0.147
0.264
0.311
0.444
0.509
0.365
0.537
0.932
0.844
0.836
1.286
1.288
1.048
1.232
1.085
0.938
1.121
1.108
1.128
1.022
0.882
1.02
1.002
0.888
1.094
1.185
1.181
1.391
1.333
1.515
1.447
1.597
1.689
1.627
1.491
1.25
1.214
1.379
1.194
1.458
1.007
1.458
0.932
1.036
0.787
0.918
1.193
0.911
0.644
0.633
0.882
0.715
0.679
0.844
0.604
0.357
0.332
0.083
0.182
0.195
-0.154
-0.067
-0.345
-0.111
-0.181
-0.428
-0.427
-0.327
-0.545
-0.355
-0.471
-0.339
-0.118
0.004
-0.115
0.029
0.119
0.258
0.299
0.363
0.57
0.638
0.994
0.926
0.626
0.677
0.565
0.333
0.421
0.37
0.363
0.398
0.242
0.479
0.178
0.231
0.257
0.047
0.146
-0.335
-0.457
-0.457
-0.256
-0.194
0.268
0.063
0.357
0.502
0.476
0.424
0.342
0.449
0.309
0.509
0.581
0.442
0.57
0.522
0.305
0.388
0.279
0.279
0.282
0.093
-0.07
-0.162
-0.238
-0.098
-0.103
0.189
0.394
0.257
0.329
0.325
0.099
0.247
0.306
0.187
-0.0
-0.064
-0.067
-0.287
-0.125
-0.184
-0.647
-0.384
-0.669
-0.441
-0.216
-0.38
-0.541
-0.336
-0.352
-0.367
-0.667
-0.422
-0.358
-0.516
-0.66
-0.526
-0.477
-0.594
-0.6
-0.578
-0.572
-0.658
-0.754
-0.575
-0.76
-0.664
-0.598
-0.63
-0.444
-0.102
-0.169
-0.264
0.004
-0.069
-0.121
0.586
0.064
-0.086
-0.092
-0.035
-0.38
-0.352
-0.123
-0.591
-0.581
-0.81
-0.616
-0.711
-0.64
-0.791
-0.746
-0.363
-0.535
-0.622
0.01
-0.089
-0.04
0.135
0.405
0.424
0.343
0.381
0.321
0.745
0.625
0.494
0.446
0.292
0.254
0.408
0.354
0.603
0.498
0.29
0.229
0.233
0.017
0.151
0.02
-0.344
-0.328
0.13
-0.285
-0.037
-0.286
-0.007
-0.188
0.215
0.125
-0.063
0.088
-0.115
-0.394
-0.487
-0.54
-0.446
-0.416
-0.244
0.077
0.252
0.639
0.626
0.754
0.898
0.659
0.576
0.743
0.479
0.732
0.625
0.853
0.703
0.383
0.804
0.664
0.709
0.78
0.737
0.753
0.59
0.356
0.528
0.074
-0.052
-0.143
-0.177
-0.047
-0.233
-0.352
-0.571
-0.27
-0.256
-0.217
-0.26
-0.102
-0.385
-0.614
-0.517
-0.716
-0.863
-0.837
-1.035
-0.897
-0.721
-0.815
-0.878
-0.389
-0.295
-0.275
-0.401
0.043
-0.171
-0.184
-0.207
-0.165
-0.529
-0.201
-0.056
-0.215
-0.128
-0.482
-0.079
-0.426
-0.103
-0.093
-0.076
0.173
0.065
0.347
0.207
0.422
0.566
0.455
0.233
0.556
0.144
0.016
0.094
0.275
-0.04
-0.204
-0.371
-0.356
-0.251
-0.314
-0.153
-0.006
0.219
0.414
0.443
0.632
0.677
0.797
0.497
0.538
0.496
0.213
0.049
-0.36
0.097
-0.527
-0.574
-0.476
-0.102
-0.112
-0.227
-0.02
0.363
0.071
0.01
0.498
0.59
0.357
0.254
0.339
0.24
0.091
-0.249
-0.172
-0.152
-0.236
-0.209
0.214
0.13
0.206
0.124
0.81
0.65
0.482
0.681
0.411
0.481
0.293
0.415
0.476
0.563
0.657
0.508
0.584
0.575
0.535
1.05
0.874
0.773
0.912
0.605
0.362
0.343
0.36
0.495
0.347
0.372
0.265
0.468
0.465
0.057
0.205
-0.035
-0.195
-0.084
0.041
0.003
-0.018
-0.083
-0.21
-0.266
0.056
0.042
-0.126
0.009
0.006
0.125
0.021
0.283
0.331
0.298
0.33
0.241
0.371
0.268
0.354
0.181
0.175
0.118
0.09
-0.166
-0.173
0.059
-0.05
-0.056
-0.079
-0.297
-0.286
-0.538
-0.343
-0.328
-0.312
-0.043
0.192
0.47
0.599
0.591
0.637
1.184
0.673
0.592
0.843
0.705
0.601
0.628
0.728
0.631
0.442
0.622
0.246
0.299
0.214
0.195
0.003
0.149
0.3
-0.013
-0.148
0.462
0.111
0.023
0.411
0.555
0.409
0.419
0.432
0.579
0.553
1.127
0.722
0.929
0.93
0.753
0.661
0.866
0.845
0.662
0.901
0.49
0.286
0.031
0.041
-0.18
-0.269
-0.292
0.066
0.008
0.617
0.55
0.705
0.769
0.969
0.766
0.579
0.948
0.499
0.287
0.217
-0.388
-0.127
0.077
0.032
0.065
0.299
0.548
0.063
0.473
0.467
0.431
0.508
0.421
0.955
1.042
0.614
0.953
0.965
0.888
0.711
0.744
0.657
0.57
0.233
0.325
0.219
0.045
-0.145
-0.238
-0.439
-0.28
0.004
0.191
-0.043
0.059
-0.026
-0.165
-0.408
-0.541
-0.056
-0.357
-0.325
-0.37
-0.493
-0.315
-0.454
-0.268
-0.135
-0.245
-0.159
-0.237
-0.416
-0.556
-0.59
-0.45
-0.349
-0.107
-0.297
0.231
0.284
0.466
0.38
0.289
0.332
0.019
-0.18
-0.302
-0.452
-0.671
-0.558
-0.491
-0.369
-0.198
-0.089
-0.325
-0.717
-0.413
-0.85
-0.764
-0.797
-0.855
-0.807
-0.544
-0.957
-0.555
-0.21
-0.324
-0.376
-0.077
0.108
-0.152
0.286
-0.068
0.274
-0.022
0.403
0.281
0.366
0.325
0.27
0.216
0.242
0.297
0.662
0.217
0.125
0.268
0.089
-0.073
0.29
0.227
-0.01
0.03
0.068
-0.203
-0.241
0.041
-0.078
0.117
-0.064
-0.052
-0.307
-0.147
-0.294
-0.178
-0.373
0.021
-0.13
-0.048
-0.3
-0.427
-0.513
-0.708
-0.935
-0.797
-0.944
-0.903
-0.843
-0.652
-0.429
-0.397
-0.479
-0.653
-0.327
-0.072
0.058
0.106
-0.362
0.106
-0.016
-0.245
0.126
0.445
0.497
0.42
0.493
0.488
0.532
-0.021
0.468
0.013
-0.16
-0.191
0.072
0.292
0.169
0.373
0.354
0.219
0.314
0.42
0.27
0.229
0.272
0.196
0.405
0.24
0.251
0.387
0.613
0.493
0.612
0.661
0.737
0.785
0.729
0.586
0.278
0.053
0.054
0.109
0.327
0.092
0.323
0.643
0.51
0.631
0.536
0.597
0.59
0.203
0.143
-0.026
0.442
0.333
0.234
0.396
0.257
0.66
0.222
0.365
0.448
0.7
0.548
0.537
0.772
0.557
0.238
0.143
0.753
0.022
0.51
0.216
-0.222
-0.245
-0.261
-0.726
-0.888
-0.932
-0.703
-0.718
-0.585
-0.483
-0.619
-0.613
-0.493
-0.788
-0.72
-0.784
-0.384
-0.198
-0.203
-0.41
-0.147
-0.595
-0.51
-0.628
-0.659
-0.45
-0.169
-0.331
-0.285
-0.282
-0.283
-0.175
-0.216
-0.317
-0.143
-0.372
-0.029
-0.047
-0.127
0.069
0.069
0.046
0.074
0.082
-0.079
-0.044
-0.126
-0.039
0.185
-0.18
-0.264
-0.003
-0.435
-0.605
-0.475
-0.223
-0.286
-0.297
0.029
0.082
-0.178
-0.046
0.276
0.486
0.48
0.53
0.526
0.525
0.407
0.456
0.748
0.388
0.293
0.341
0.351
-0.154
-0.058
0.078
0.107
0.112
0.082
-0.077
-0.048
0.072
0.105
0.12
0.015
0.213
-0.068
0.25
-0.065
0.024
0.1
-0.062
-0.312
-0.308
-0.284
-0.565
-0.533
-0.48
-0.335
-0.487
-0.356
-0.198
0.001
-0.387
-0.292
-0.083
-0.339
-0.052
-0.217
-0.012
0.147
-0.089
0.086
0.005
-0.094
-0.168
0.043
-0.392
-0.388
-0.244
-0.292
-0.712
-0.413
-0.372
-0.557
-0.488
-0.422
-0.259
-0.334
-0.218
-0.462
-0.292
-0.128
-0.288
-0.348
-0.101
-0.016
-0.013
0.072
0.527
0.543
0.281
0.339
0.605
0.72
1.042
0.608
0.93
0.667
0.527
0.438
0.618
0.608
0.327
0.384
-0.094
-0.205
-0.217
-0.4
0.261
-0.265
-0.152
-0.559
-0.323
-0.359
-0.553
-0.348
-0.143
-0.342
-0.091
-0.348
-0.119
0.116
-0.277
-0.418
-0.323
-0.347
-0.469
-0.316
0.034
0.162
0.342
0.403
0.196
0.148
0.681
0.748
0.288
0.245
0.282
0.531
0.179
0.578
0.524
0.486
0.066
0.268
0.303
0.319
0.032
-0.014
-0.019
0.109
0.283
0.404
0.536
0.675
0.77
0.815
0.741
0.91
0.806
0.86
0.677
0.522
0.409
-0.222
-0.268
-0.234
-0.548
-0.762
-0.714
-0.824
-1.044
-0.857
-0.787
-0.431
-0.413
-0.435
-0.532
-0.628
-0.726
-0.45
-0.272
-0.15
-0.281
0.111
-0.168
0.315
0.181
0.117
0.091
0.107
-0.072
-0.294
-0.026
-0.27
-0.253
-0.471
-0.447
-0.668
-0.623
-0.43
-0.226
-0.294
0.119
0.289
0.572
0.579
0.533
0.292
0.491
0.478
0.464
0.456
0.319
0.432
0.283
0.25
0.074
0.242
0.166
0.106
0.198
-0.021
-0.233
-0.278
0.092
-0.012
0.17
0.013
0.388
0.311
0.455
0.692
0.716
1.032
1.353
0.828
1.054
0.67
1.249
0.814
0.53
0.559
0.243
0.291
-0.077
-0.295
-0.066
-0.231
-0.208
-0.018
0.165
0.37
0.15
0.789
0.539
0.708
0.397
0.97
0.923
0.547
0.707
0.669
0.806
0.345
0.498
0.598
0.471
0.693
0.473
0.603
0.39
0.618
0.532
0.012
0.6
0.419
0.52
0.618
0.613
0.672
0.737
0.637
0.934
0.782
0.515
0.431
0.385
0.158
-0.004
-0.056
-0.09
-0.269
-0.57
-0.687
-0.708
-0.645
-0.451
-0.34
-0.139
-0.128
-0.207
-0.01
-0.124
-0.143
-0.382
-0.145
-0.332
-0.348
-0.638
-0.327
-0.391
-0.358
-0.236
-0.305
-0.082
-0.277
-0.023
-0.138
-0.111
-0.002
-0.374
-0.17
-0.036
-0.184
-0.171
-0.196
0.017
-0.349
-0.414
-0.269
-0.46
-0.457
-0.58
-0.492
-0.953
-0.823
-0.982
-0.806
-0.77
-0.771
-0.764
-0.916
-0.973
-0.929
-0.863
-0.5
-0.305
-0.646
-0.488
-0.326
-0.316
-0.309
-0.243
-0.305
-0.344
-0.511
-0.275
-0.277
-0.319
-0.184
-0.247
-0.277
0.093
0.182
-0.407
-0.24
0.127
-0.47
-0.807
-0.201
-0.468
-0.479
-0.456
-0.122
-0.238
-0.108
-0.182
-0.164
-0.024
-0.171
0.139
-0.292
0.008
-0.174
-0.408
-0.515
-0.529
-0.164
-0.094
-0.034
0.23
0.094
0.306
0.404
0.316
0.543
0.482
0.199
0.04
-0.038
-0.038
-0.138
-0.086
-0.219
-0.342
-0.295
-0.137
0.072
0.004
0.051
0.158
0.542
0.131
0.325
0.393
0.747
0.794
0.772
0.563
0.612
0.573
0.288
0.303
0.42
0.697
0.785
0.345
0.138
0.122
0.103
-0.292
-0.432
-0.118
0.058
0.018
-0.02
0.165
0.167
0.07
0.328
0.252
0.416
0.028
0.228
0.026
0.023
0.106
-0.11
-0.049
0.181
0.066
-0.154
0.094
0.314
0.71
0.65
1.001
0.958
0.946
0.769
0.886
0.706
0.642
0.695
0.482
0.629
0.372
0.281
0.463
0.33
0.339
0.195
0.554
0.192
0.467
0.677
0.797
0.677
0.657
0.588
0.703
0.928
0.749
0.61
0.79
0.472
0.473
0.392
0.727
0.356
0.801
0.817
0.467
0.466
0.591
0.474
0.427
0.352
0.392
0.501
0.201
0.068
0.259
0.146
0.045
0.169
0.104
-0.054
0.085
0.143
0.051
0.315
0.367
0.318
0.314
0.881
1.05
0.822
1.216
1.302
1.179
1.265
1.688
1.623
1.577
1.662
1.5
1.341
1.411
1.122
1.225
1.184
1.027
1.099
1.163
1.009
0.831
0.758
0.664
0.706
0.431
0.601
0.602
0.463
0.18
0.416
0.107
0.118
0.243
0.571
0.613
0.651
0.781
0.673
0.903
0.946
0.767
0.68
0.933
0.751
0.657
0.519
0.575
0.509
0.745
0.735
0.629
0.983
0.949
1.016
0.833
0.885
0.977
0.854
1.012
1.074
1.023
0.99
0.98
0.87
1.045
0.772
0.868
0.916
0.843
0.863
1.251
1.417
1.513
1.64
1.105
1.541
1.513
1.437
1.3
1.07
1.192
1.375
1.098
1.569
1.305
1.297
1.512
0.755
0.972
0.957
0.6
0.964
0.353
0.415
0.897
0.732
0.623
0.757
1.224
0.455
0.63
0.494
0.906
0.7
1.129
0.498
0.62
0.394
0.403
0.366
0.595
0.329
0.067
0.076
-0.155
-0.255
-0.398
-0.342
-0.424
0.093
0.188
0.473
0.621
0.854
0.992
0.616
0.807
0.686
1.047
1.057
0.959
0.613
0.731
0.389
0.379
0.682
0.634
0.391
0.39
0.784
0.081
0.127
0.155
0.185
0.067
0.115
0.408
0.435
0.48
0.249
0.137
0.168
0.12
0.166
-0.044
0.079
-0.332
-0.486
-0.503
-0.592
-0.919
-0.939
-0.979
-1.102
-1.115
-0.984
-1.032
-1.156
-0.814
-0.855
-0.889
-0.809
-0.66
-0.621
-0.317
-0.098
-0.209
-0.373
-0.534
-0.288
-0.546
-0.316
-0.391
-0.619
-0.57
-1.01
-1.097
-0.975
-0.652
-0.912
-0.713
-0.728
-0.97
-1.239
-1.141
-0.972
-1.196
-1.022
-0.716
-0.417
-0.465
-0.39
-0.562
-0.616
-0.671
-0.726
-0.728
-0.942
-0.637
-0.203
-0.545
-0.753
-0.569
-0.258
0.158
-0.053
-0.144
-0.101
-0.008
0.012
0.37
0.121
0.143
0.123
0.297
0.039
0.401
0.462
0.544
0.786
0.329
0.48
0.603
0.474
0.482
0.491
0.165
0.208
0.23
0.198
0.071
0.137
-0.166
-0.547
-0.156
-0.011
