0.331
-0.033
0.078
0.189
-0.23
-0.039
-0.052
0.572
0.407
0.83
0.494
0.6
0.236
0.183
-0.073
-0.424
-0.475
-0.655
-0.768
-0.895
-1.02
-0.418
-1.041
-0.795
-1.07
-1.165
-1.252
-1.273
-1.228
-1.857
-1.443
-1.577
-1.377
-1.334
-1.13
-1.107
-1.44
-1.515
-1.55
-1.648
-1.138
-1.603
-1.598
-1.496
-0.661
-0.774
-0.534
-1.015
-0.601
-0.591
-0.308
-0.103
0.392
0.097
0.949
1.109
1.383
1.046
0.939
1.122
0.633
0.61
0.823
0.721
1.106
1.445
1.595
1.216
1.532
1.176
1.139
1.151
1.066
0.327
0.151
-0.533
-0.258
-0.621
-0.167
-0.381
-0.713
-0.456
-0.698
-0.895
-1.041
-1.033
-0.68
-0.562
-0.265
-0.094
0.165
0.195
-0.05
-0.046
0.113
-0.348
-0.335
-0.506
-0.718
-0.726
-0.777
-0.6
-0.305
0.065
-0.089
0.092
0.53
0.339
0.388
0.518
0.417
0.504
0.676
0.438
0.338
0.29
-0.009
-0.228
-0.19
-0.449
-0.521
0.044
-0.649
-0.277
-0.625
-0.757
-1.05
-1.29
-1.801
-1.056
-1.265
-1.425
-1.386
-1.177
-1.041
-1.568
-1.162
-0.771
-0.622
-0.785
-0.156
-0.665
-0.686
-1.373
-1.38
-1.114
-1.343
-1.757
-1.817
-1.438
-1.699
-1.63
-1.622
-1.205
-1.123
-0.842
-0.329
-0.354
0.067
-0.098
-0.145
0.664
0.359
0.079
0.259
-0.141
0.082
0.076
0.019
0.031
0.266
-0.099
0.367
0.219
0.329
0.491
0.77
1.054
0.877
1.34
1.361
1.274
1.301
1.289
1.532
1.833
1.567
1.277
1.353
1.027
1.041
1.278
1.834
1.817
1.543
1.458
1.194
0.928
0.309
-0.154
-0.495
-0.578
-0.942
-0.566
-0.694
-0.919
-0.911
-0.814
-0.716
-0.879
-0.538
-0.709
-0.734
-1.554
-1.023
-1.167
-1.058
-1.032
-1.169
-1.312
-1.089
-0.468
-0.572
-0.786
-0.362
-0.226
-0.102
0.011
-0.134
0.281
0.77
0.728
0.969
0.828
0.854
0.612
0.598
0.469
0.386
0.174
0.156
0.646
0.72
1.273
1.505
1.31
1.695
1.274
1.197
1.302
1.664
1.127
1.225
1.008
0.983
0.474
0.665
0.14
0.068
-0.318
-0.159
-0.01
2.565
0.445
0.894
0.586
0.38
0.648
0.491
0.544
1.03
1.197
0.8
1.093
1.395
1.426
1.279
1.33
1.449
1.088
1.12
1.106
1.106
1.05
0.906
0.641
0.679
0.688
0.825
0.953
0.64
0.709
0.487
0.535
0.113
-0.337
0.073
0.057
0.01
0.03
-0.133
-0.29
-0.171
-0.173
-0.225
-0.069
0.145
0.367
0.366
0.754
1.18
1.24
1.294
1.225
1.228
0.926
1.368
1.332
1.336
1.271
1.049
1.201
1.129
0.948
1.237
1.674
2.014
1.668
1.577
1.523
1.609
1.466
1.332
1.063
1.137
0.812
1.066
0.773
0.748
1.078
1.112
0.896
0.28
0.359
0.502
0.271
0.324
0.237
0.128
0.069
0.158
-0.337
0.005
-0.293
-0.343
0.162
-0.116
0.265
0.117
0.633
0.429
0.008
0.174
-0.138
-0.553
-0.572
-0.61
-0.11
-0.257
-0.15
0.447
0.561
0.603
0.637
0.343
0.841
0.366
0.795
0.747
0.885
1.302
1.495
1.719
1.4
1.375
1.139
1.13
0.911
0.537
0.468
0.174
-0.164
0.002
0.011
0.058
0.143
0.022
-0.083
-0.193
-0.182
-0.529
-0.482
-0.12
-0.231
0.087
-0.123
0.155
0.214
-0.042
-0.237
-0.233
-0.167
-0.534
-0.498
-1.233
-0.77
-1.014
-0.868
-0.108
-0.261
-0.317
-0.577
-0.577
-1.223
-0.649
-0.678
-0.401
-0.54
-0.264
-0.215
-0.401
-0.196
0.035
0.06
-0.278
0.036
-0.151
-0.279
0.033
-0.684
-0.909
-1.057
-0.71
-1.023
-0.427
-1.024
-0.798
-0.992
-0.794
-0.804
-0.402
-0.15
0.077
0.232
-0.074
0.296
0.716
0.145
0.212
0.461
0.227
0.114
0.08
-0.09
0.259
-0.369
0.427
-0.238
0.645
0.269
0.437
0.652
0.667
0.438
0.205
0.902
0.005
0.3
0.07
0.458
0.047
0.257
-0.072
-0.198
0.092
-0.224
-0.441
-0.269
0.625
0.758
0.883
1.027
1.148
0.871
0.464
0.544
0.269
0.375
0.638
0.442
0.422
0.032
-0.244
0.332
-0.017
-0.094
0.378
0.259
0.612
0.532
0.426
0.257
0.413
-0.013
-0.328
-0.313
-0.452
-0.249
-0.409
-0.722
-1.011
-1.093
-0.734
-1.028
-0.799
-0.53
-0.542
-0.359
-0.323
-0.377
-0.396
-0.345
-0.317
-0.7
-1.123
-1.042
-1.382
-0.985
-1.006
-1.118
-0.412
-0.706
-0.953
-0.347
-0.478
-0.271
-0.661
-0.493
-0.341
-0.364
-0.139
0.404
0.512
0.598
0.575
0.642
0.617
0.527
0.365
0.205
0.093
-0.004
-0.366
-0.361
-0.378
-0.328
-0.135
-0.539
-0.478
-0.5
-0.573
-0.787
-0.448
-0.664
-0.496
-0.09
-0.527
0.01
-0.148
-0.036
-0.016
-0.067
0.284
-0.011
0.013
-0.292
-0.273
-0.631
0.075
-0.556
0.106
-0.115
-0.113
-0.253
0.012
-0.483
-0.216
0.025
0.101
-0.023
-0.117
-2.567
-0.133
0.131
0.258
0.2
0.193
0.122
-0.118
-0.221
-0.294
-0.454
-0.291
-0.166
0.219
-0.108
0.394
0.496
0.192
0.535
0.433
0.651
0.513
0.413
0.717
0.772
0.81
0.584
0.867
1.063
1.31
1.31
1.297
0.894
0.336
0.416
0.198
0.07
-0.097
-0.571
-0.391
-0.374
-0.664
-0.526
-0.761
-0.78
-0.499
-0.5
-0.303
-0.076
-0.032
-0.513
-0.577
-0.398
-0.288
-0.313
-0.334
-0.096
0.042
-0.104
-0.063
0.229
1.051
0.657
0.358
0.84
0.535
0.313
0.346
0.05
0.157
0.234
0.105
0.299
0.614
0.901
0.54
0.684
0.304
0.68
0.398
0.554
0.723
0.303
0.724
0.159
0.798
0.252
0.539
2.565
2.565
1.126
1.524
1.25
1.291
1.518
0.778
0.807
0.791
0.18
0.031
0.013
0.096
0.276
0.308
0.088
0.175
0.182
-0.007
0.011
-0.19
0.257
0.338
0.278
0.555
1.01
0.779
0.71
0.911
0.243
0.643
0.249
0.289
-0.128
-0.142
-0.462
-0.392
-0.062
-0.088
-0.028
-0.048
0.055
0.133
0.376
0.611
0.537
0.818
0.578
0.644
0.203
0.659
0.43
2.565
2.565
0.82
1.056
1.109
1.005
1.178
1.418
1.937
2.027
1.973
1.985
2.198
2.131
2.053
2.159
1.823
1.708
1.716
1.774
1.308
1.052
0.919
0.849
0.659
1.087
1.05
0.905
1.331
0.976
1.096
1.217
1.078
1.308
0.8
0.68
0.386
0.113
-0.071
-0.007
-0.297
0.06
0.565
0.238
0.358
0.593
0.453
0.389
0.965
0.532
0.752
0.825
1.257
1.037
1.19
0.942
0.996
0.642
0.775
0.625
0.32
0.539
0.352
0.583
0.312
0.572
0.347
0.385
0.001
-0.004
-0.284
-0.508
-0.505
-0.449
-0.301
-0.371
-0.696
-0.784
-0.748
-0.888
-0.502
-0.933
-0.97
-0.879
-0.59
-1.126
-0.811
-0.889
-0.649
-0.733
-0.563
-0.346
-0.399
-0.203
-0.191
-0.555
-0.117
-0.23
-0.445
-0.318
-0.066
-0.434
-0.153
0.052
0.463
0.674
0.677
1.069
0.869
0.924
0.982
1.195
1.677
1.371
0.783
0.855
0.795
0.626
0.951
0.941
0.659
0.717
0.797
0.757
0.539
0.448
0.007
0.442
0.666
0.558
0.733
0.837
0.772
0.342
0.308
0.679
0.008
0.303
0.458
0.389
0.176
0.271
-0.431
0.232
-0.171
-0.114
0.066
-0.005
-0.542
-0.709
-0.676
-0.676
-1.219
-0.72
-0.955
-0.446
-0.636
-0.488
-0.587
-0.209
0.069
0.586
0.094
0.555
0.188
0.378
0.197
-0.203
0.145
-0.402
-0.125
-0.342
-0.402
-0.623
-0.248
-0.033
0.252
0.505
-0.248
-0.362
0.097
-0.478
-0.028
-0.081
0.025
0.285
0.07
0.268
0.248
0.271
0.031
0.09
-0.033
-0.481
-0.236
-0.403
0.172
0.242
-0.037
0.026
-0.025
-0.316
0.02
-0.263
-0.323
-0.056
-0.654
-0.421
-0.319
-0.601
-0.804
-0.611
-0.902
-0.399
-0.024
0.394
0.43
0.684
0.459
0.383
0.28
0.048
-0.117
-0.414
-0.33
-0.526
-0.193
-0.125
-0.485
0.024
0.027
0.003
-0.202
-0.581
-0.036
-0.236
-0.375
-0.561
-0.595
-0.506
-0.494
-0.002
-0.002
0.553
0.736
0.686
0.743
0.868
0.675
0.596
0.59
0.5
0.219
0.354
0.326
0.045
0.172
0.149
-0.272
0.228
0.1
-0.116
-0.151
0.218
-0.206
-0.39
-0.108
0.083
-0.194
0.163
0.173
-0.012
0.05
0.007
-0.067
-0.668
-0.31
-0.851
-0.831
-0.851
-0.78
-0.46
-0.795
-0.476
-0.628
-0.646
-0.563
-0.735
-0.35
-0.318
-0.266
0.024
-0.01
-0.009
0.091
-0.176
0.156
0.14
0.091
0.263
0.645
0.638
0.595
0.46
0.163
-0.003
-0.106
-0.545
-0.594
-0.578
-0.405
0.042
0.107
0.254
0.282
0.49
0.348
0.871
0.867
1.167
0.631
0.844
0.883
0.732
0.503
0.545
0.817
0.488
0.084
0.319
0.223
0.069
0.162
0.12
0.072
-0.068
-0.101
-0.214
-0.236
-0.233
-0.27
-0.083
-0.049
-0.402
-0.232
-0.066
0.018
0.077
0.247
-0.163
0.001
0.182
0.115
0.493
0.471
0.757
0.614
1.158
0.649
1.151
0.71
0.363
0.782
0.536
0.746
0.889
0.684
0.689
0.562
0.298
0.42
0.106
0.028
0.015
0.197
0.295
0.304
0.474
0.633
0.788
1.107
0.502
0.56
0.335
0.164
-0.021
0.026
-0.012
-0.269
0.003
-0.147
0.044
0.187
0.075
-0.232
-0.283
-0.658
-0.711
-0.476
-0.674
-0.712
-0.418
-0.356
-0.006
0.048
0.508
0.246
0.244
0.645
0.173
0.433
0.362
0.394
0.468
0.648
0.518
0.286
0.372
0.961
0.252
0.213
0.566
0.177
-0.097
0.452
0.106
0.284
0.289
0.504
0.789
0.948
1.082
0.64
0.262
0.628
0.388
0.637
0.667
0.943
1.083
0.774
0.783
0.637
1.073
0.961
0.749
0.758
0.974
0.778
0.917
0.816
1.178
1.156
1.204
1.367
1.448
1.468
1.879
1.629
1.439
1.043
0.541
0.6
0.565
0.044
-0.345
0.508
-0.049
0.59
0.711
1.191
1.024
1.486
1.039
1.026
1.022
0.545
0.825
0.591
0.396
0.457
0.512
-0.074
-0.229
-0.631
-0.734
-1.089
-0.622
-1.003
-0.463
-0.493
0.053
0.049
0.029
0.335
0.42
1.002
1.046
1.242
1.227
1.143
1.196
1.207
0.847
0.781
0.315
-0.044
0.031
0.044
0.388
0.431
0.627
0.386
0.235
0.367
1.015
1.346
1.315
1.927
1.352
1.645
1.592
1.216
0.727
1.113
1.304
1.055
1.337
1.325
0.852
0.526
0.599
0.679
0.655
0.946
0.969
1.221
0.983
0.788
0.878
0.301
-0.023
-0.033
-0.223
-0.356
-0.42
-0.322
-0.484
-0.062
0.021
-0.201
0.138
0.358
-0.058
-0.027
0.245
0.168
0.028
0.124
0.063
-0.025
-0.113
-0.162
-0.048
0.102
0.641
0.828
1.008
1.196
0.882
0.61
0.781
0.299
0.443
0.442
0.628
0.3
0.514
-0.35
-0.954
-1.321
-1.562
-1.734
-1.973
-1.413
-1.474
-1.282
-1.204
-0.981
-1.379
-1.095
-1.02
-1.149
-1.159
-0.645
-0.617
-0.636
-0.289
-0.305
-0.184
-0.466
-0.331
-0.497
-0.574
-0.27
-0.655
-0.344
-0.586
-0.526
-0.743
-1.438
-1.108
-1.286
-1.291
-1.193
-1.532
-1.093
-0.831
-1.169
-0.876
-0.813
-0.666
-0.496
-0.049
-0.089
-0.073
-0.035
-0.358
-0.056
-0.328
-0.098
-0.231
0.109
0.182
0.581
0.805
1.301
1.373
1.217
1.197
0.567
0.859
0.519
0.478
0.157
-0.002
-0.012
-0.18
-0.587
-0.715
-0.901
-1.085
-1.107
-1.101
-0.663
-1.187
-1.378
-1.264
-1.205
-1.403
-1.207
-1.043
-1.209
-1.055
-0.714
-0.671
-0.501
-0.271
0.075
-0.398
-0.22
-0.028
0.288
0.141
0.05
0.315
0.372
0.168
0.074
0.064
-0.311
0.394
0.461
0.47
0.711
0.827
0.268
0.273
0.289
-0.197
-0.555
0.005
-0.073
0.007
-0.163
-0.247
-0.132
-0.212
-0.232
-0.718
-0.716
-0.244
-0.55
-0.059
0.612
0.426
0.314
-0.072
-0.504
-0.404
-0.983
-1.25
-0.642
-1.142
-0.84
-0.251
-0.434
-0.752
-0.588
-0.891
-0.639
-0.855
-0.506
-0.294
0.105
0.31
0.16
0.063
0.321
0.414
0.905
0.844
0.93
1.132
1.169
1.221
1.279
2.442
1.672
2.364
2.533
2.391
1.711
1.555
1.632
1.499
1.518
1.68
1.497
1.589
1.657
1.446
1.036
1.062
1.145
1.168
0.859
0.698
1.241
0.646
0.483
0.343
0.084
-0.121
0.19
0.002
0.354
0.169
-0.128
0.07
-0.117
0.066
0.013
0.348
0.165
0.311
0.368
0.323
0.679
0.887
0.477
0.574
0.504
0.751
0.919
1.535
1.195
0.784
0.523
0.649
0.243
-0.048
0.469
0.625
0.992
0.589
0.788
0.239
-0.084
-0.37
-0.328
-0.227
-0.25
-0.368
-0.073
-0.515
-0.496
-0.387
-0.604
-0.314
-0.651
-0.657
-0.058
-0.26
-0.785
-0.621
-1.067
-1.275
-1.364
-1.405
-1.543
-1.283
-1.077
-0.615
-0.293
-0.278
0.003
0.155
-0.15
-0.024
-0.098
-0.089
-0.051
0.192
0.266
0.42
0.464
0.596
0.261
0.357
0.558
-0.005
0.287
0.188
0.253
0.708
0.6
0.771
0.532
0.998
0.281
0.254
0.404
0.555
0.504
0.425
-0.046
0.05
-0.138
0.128
0.534
0.691
1.203
0.919
1.188
1.304
1.286
1.576
1.429
1.367
1.444
1.53
1.156
1.083
0.744
0.718
0.214
0.186
0.574
0.797
0.963
1.005
1.002
1.176
1.191
1.063
0.666
0.762
0.432
0.742
0.662
0.553
0.612
0.624
0.554
0.611
0.574
0.805
0.555
0.725
0.061
0.195
0.392
0.003
0.317
0.615
0.512
0.784
1.525
0.374
0.95
0.976
0.525
0.797
0.993
0.741
0.663
0.678
0.334
0.601
0.326
-0.147
-0.176
-0.489
-0.292
-0.901
-0.626
-1.115
-0.406
-0.408
-1.014
-0.782
-0.652
-0.943
-0.77
-0.886
-0.908
-0.268
0.18
0.208
0.85
0.433
0.953
1.057
1.013
0.732
0.825
0.408
0.728
0.542
0.711
1.011
0.755
0.981
1.254
1.48
1.471
1.336
1.868
1.667
1.229
1.128
1.137
1.158
1.25
0.77
0.901
0.729
0.355
0.863
0.597
1.091
1.142
0.753
0.405
-0.317
-1.028
-0.866
-1.196
-1.525
-1.546
-1.538
-1.804
-1.672
-1.6
-1.546
-1.643
-1.187
-0.826
-1.118
-1.093
-0.661
-1.506
-1.11
-1.298
-0.819
-0.763
-0.349
-0.365
-0.296
-0.357
-0.426
-0.51
-0.447
-0.451
-0.22
-0.059
-0.018
-0.102
-0.34
-0.367
-0.515
-0.523
-0.405
-0.683
-0.865
-1.098
-0.999
-1.15
-1.048
-1.148
-0.812
-0.557
-0.371
-0.743
0.114
0.175
0.415
0.242
0.648
0.349
0.51
0.73
0.906
0.841
0.634
0.61
0.4
0.501
0.262
0.14
-0.122
0.16
0.511
0.049
-0.403
-0.72
-0.715
-0.612
-0.657
-0.865
-0.457
-0.384
-0.375
-0.471
-0.098
-0.446
-0.453
-0.151
-0.248
-0.192
-0.632
-0.436
-0.627
-0.273
-0.572
-0.55
-0.773
-0.164
-0.355
-0.149
0.019
-0.333
-0.469
-0.257
-0.447
-1.144
-0.655
-0.467
-0.338
-0.467
-0.255
0.142
0.231
0.267
0.247
0.018
0.165
-0.22
-0.314
-0.104
-0.431
-0.323
-0.176
-0.281
-0.434
-0.288
-0.281
-0.149
-0.044
-0.072
0.18
-0.039
0.249
0.381
0.494
0.64
0.446
0.663
0.916
0.95
1.124
0.718
1.354
0.918
0.539
1.044
0.777
0.583
0.283
-0.096
0.103
-0.135
-0.166
-0.439
-0.613
-0.308
-0.493
-0.58
-0.149
-0.288
-0.198
-0.18
-0.1
0.285
0.354
-0.102
-0.105
-0.287
-0.211
-0.168
-0.013
0.053
-0.253
0.06
-0.051
-0.34
-0.214
-0.074
-0.777
-0.439
-0.489
-0.742
-0.561
-0.237
-2.567
-0.574
-0.248
-0.439
-0.59
-0.355
-0.398
-0.465
-0.638
-0.522
-0.564
-0.568
-0.293
-0.509
-0.202
-0.603
-0.69
-0.686
-1.311
-0.973
-1.437
-1.021
-1.185
-0.84
-0.577
-0.553
-0.035
0.022
-0.201
-0.001
-0.332
0.001
-0.343
-0.277
-0.654
-0.607
-0.814
-0.767
-0.263
-0.557
-0.628
-0.268
-0.238
-1.002
-0.722
-0.845
-1.218
-0.902
-1.221
-0.854
-0.555
-0.494
-0.27
-0.297
-0.439
-0.035
-0.005
-0.364
-0.123
-0.069
-0.44
-1.095
-0.974
-0.49
-0.378
-0.223
0.081
0.502
0.308
0.144
0.334
0.122
0.261
-0.054
0.057
-0.363
-0.158
-0.267
0.083
0.092
0.042
-0.147
0.107
0.062
0.08
-0.105
0.214
0.187
0.211
0.437
0.201
0.346
0.27
0.295
-0.099
0.306
-0.016
-0.198
-0.337
-0.476
-0.468
-0.702
-0.482
-0.176
-0.721
-0.508
-0.735
-0.364
-0.259
-0.19
-0.156
-0.172
-0.099
-0.111
-0.15
-0.309
-0.334
-0.354
-0.298
-0.223
-0.062
0.043
0.476
0.129
0.116
-0.046
-0.053
0.335
-0.095
-0.01
-0.288
-0.448
-0.431
-0.508
-0.189
-0.362
-0.123
0.241
-0.248
0.427
-0.046
0.273
0.343
0.299
0.022
0.276
0.162
0.172
1.154
0.64
0.565
0.085
0.144
-0.441
-0.493
-0.165
-0.381
-0.397
-0.212
-0.418
-0.065
-0.182
0.055
-0.244
-0.265
0.116
0.288
0.389
0.43
0.479
0.417
0.592
0.01
0.072
-0.054
0.311
0.022
-0.08
0.03
-0.022
-0.27
-0.294
-0.331
-0.464
-0.521
-0.616
-0.652
-0.576
-0.639
-0.627
-0.484
-0.393
-0.867
-0.733
-0.395
-0.458
-0.182
-0.176
-0.003
0.291
0.211
0.103
0.257
0.116
0.08
0.092
0.142
0.214
0.166
0.134
0.11
0.277
-0.188
-0.036
0.326
0.307
0.242
0.537
0.226
0.3
0.399
0.053
0.027
-0.154
-0.174
-0.034
0.004
0.21
0.277
0.245
0.406
0.61
0.186
0.538
0.878
-0.043
0.357
0.587
0.125
0.589
0.798
0.11
0.634
0.325
0.584
0.352
0.925
0.882
0.51
0.588
0.27
0.332
0.194
0.338
-0.191
-0.138
0.43
-0.104
0.547
0.468
0.52
0.321
0.336
0.155
0.009
-0.253
-0.47
-0.153
-0.163
-0.302
-0.477
0.027
-0.128
0.01
0.101
-0.293
-0.193
0.069
-0.098
-0.072
0.217
0.298
-0.23
0.415
0.492
0.482
0.736
0.661
0.323
0.382
0.581
0.513
0.503
0.601
0.322
0.479
0.441
0.445
0.724
0.51
0.498
0.498
0.396
0.38
0.534
0.255
0.064
-0.076
-0.032
-0.386
-0.424
-0.394
2.565
-0.771
-0.273
0.209
-0.048
-0.037
0.165
0.081
-0.099
0.359
-0.274
-0.153
0.217
-0.134
-0.449
-0.126
-0.238
-0.366
-0.344
0.116
-0.222
-0.338
-2.567
-0.577
-0.267
-0.671
-0.639
-0.9
-0.854
-0.833
-0.783
-0.417
-0.46
-0.694
-0.366
-0.231
0.246
-0.059
0.213
0.28
0.274
0.028
-0.047
0.208
0.174
0.043
0.223
0.308
-0.128
0.22
-0.01
0.231
0.118
0.004
0.144
-0.095
-0.034
0.239
0.106
0.049
-0.151
0.162
0.164
0.246
0.128
-0.013
0.048
0.485
0.222
0.53
0.492
0.304
0.431
0.498
0.518
0.413
0.494
0.734
0.356
0.359
0.493
0.179
0.305
0.17
0.193
0.446
0.493
0.608
0.375
0.574
0.261
0.316
0.18
0.243
-0.124
0.003
0.172
-0.887
-0.422
-0.199
-0.571
-0.534
-0.699
-0.651
-0.531
-0.345
-0.876
-0.49
-0.532
-0.698
-0.99
-0.435
-0.692
-0.455
-0.305
-0.497
-0.294
0.067
-0.003
0.021
-0.166
0.144
0.456
0.279
0.46
0.344
0.517
0.423
0.248
0.537
0.378
0.039
0.214
0.669
0.442
0.57
0.78
0.581
0.557
0.372
0.534
0.707
0.79
0.697
0.542
0.426
0.59
0.768
0.707
0.753
0.808
0.824
0.288
0.464
0.165
0.122
0.223
0.037
-0.003
0.283
-0.255
-0.088
0.373
0.032
-0.141
0.344
-0.167
-0.343
-0.235
0.018
-0.248
-0.613
-0.213
-0.077
0.004
0.292
0.293
0.404
0.642
0.7
0.314
0.445
0.393
0.436
0.917
0.355
0.37
0.625
0.323
0.395
0.461
0.19
0.332
0.037
0.147
-0.075
0.372
-0.199
-0.003
0.239
0.403
0.51
0.127
-0.03
0.29
-0.177
-0.377
0.014
-0.459
-0.482
-0.475
-0.379
-0.397
-0.462
-0.32
0.095
-0.285
-0.322
-0.347
-0.34
-0.429
-0.041
-0.399
-0.154
-0.082
-0.587
-0.284
-0.242
-0.203
0.139
-0.171
-0.317
-0.106
-0.045
-0.446
-0.691
-0.3
-0.202
-0.483
-0.732
-0.305
-0.283
-0.378
0.054
-0.29
-0.233
-0.112
-0.256
-0.399
-0.26
-0.219
-0.257
-0.053
-0.312
0.126
-0.017
-0.271
0.098
-0.217
-0.019
-0.287
0.18
-0.005
0.078
0.237
0.202
-0.248
0.022
-0.421
-0.45
-0.512
-0.715
-0.757
-0.511
-0.264
-0.315
-0.413
-0.316
-0.612
-0.182
-0.105
-0.288
-0.367
-0.392
-0.046
-0.305
0.055
0.261
-0.269
-0.078
-0.11
