0.043
0.039
0.019
0.053
0.085
0.019
0.034
0.042
0.033
0.021
0.024
0.023
0.039
0.007
0.017
0.036
0.028
-0.042
0.05
0.001
-0.027
-0.032
-0.033
-0.008
-0.057
-0.074
-0.07
-0.112
-0.083
-0.067
-0.073
-0.1
-0.101
-0.088
-0.024
-0.054
-0.079
-0.097
-0.044
-0.06
-0.102
-0.088
-0.107
-0.104
-0.116
-0.117
-0.11
-0.136
-0.089
-0.067
-0.099
-0.082
-0.138
-0.077
-0.043
-0.046
-0.02
-0.122
-0.06
-0.044
-0.057
-0.0
0.016
0.123
0.068
0.107
0.082
0.097
0.056
0.144
0.119
0.085
-0.011
0.072
0.098
0.053
0.043
0.055
0.065
0.105
0.071
0.075
0.024
0.052
0.068
0.063
0.046
-0.002
0.041
0.046
0.044
0.055
0.013
0.062
0.031
0.025
0.045
0.013
0.027
0.019
0.023
0.002
0.011
-0.011
0.024
-0.016
-0.052
0.001
0.01
-0.05
-0.014
0.014
0.033
0.04
0.032
-0.009
-0.011
-0.028
0.011
0.05
0.032
0.004
0.02
-0.018
-0.005
-0.047
-0.032
-0.036
-0.064
-0.023
-0.063
-0.064
-0.076
-0.058
-0.055
-0.093
-0.026
-0.082
-0.054
-0.025
-0.07
-0.071
-0.04
-0.058
-0.095
-0.094
-0.113
-0.11
-0.069
-0.022
-0.006
-0.014
-0.037
-0.062
-0.039
-0.047
-0.056
-0.071
-0.056
-0.072
-0.104
-0.05
-0.05
-0.024
-0.078
-0.09
-0.037
0.058
0.045
0.072
0.035
0.092
0.017
0.102
0.136
0.194
0.196
0.23
0.138
0.064
-0.031
-0.042
-0.128
-0.068
0.036
0.155
0.145
0.222
0.119
0.128
0.008
0.043
0.017
0.106
0.168
0.199
0.113
0.045
0.025
-0.03
-0.049
-0.003
0.03
0.04
0.111
0.161
0.196
0.173
0.061
-0.014
-0.081
-0.068
-0.04
0.022
0.07
-0.009
-0.063
-0.048
-0.047
-0.074
0.001
0.007
0.048
-0.031
0.002
-0.009
-0.045
-0.07
-0.097
-0.088
-0.031
-0.073
-0.08
-0.022
-0.046
-0.1
0.006
0.003
0.004
-0.012
-0.007
-0.114
-0.104
-0.16
-0.116
-0.11
-0.133
-0.091
-0.063
-0.055
-0.02
-0.075
0.034
-0.075
-0.012
-0.069
-0.079
-0.162
-0.144
-0.103
-0.12
-0.121
-0.081
0.018
0.053
0.045
-0.009
0.097
0.114
0.137
0.112
0.15
0.143
0.146
0.156
0.109
0.065
0.034
0.049
0.049
0.06
0.064
0.099
0.142
0.04
2.565
-0.001
0.05
-0.015
0.019
-0.022
0.029
-0.022
0.0
-0.028
-0.013
-0.104
-0.001
0.176
0.083
0.072
0.079
0.033
0.062
-0.034
0.031
-0.043
0.073
-0.062
0.04
-0.018
-0.117
0.003
0.092
0.048
0.082
-0.008
0.116
0.071
0.073
-0.051
0.007
-0.058
-0.047
-0.128
-0.075
0.044
0.052
-0.052
0.01
0.053
0.083
0.101
0.182
0.128
0.045
0.017
0.059
0.024
0.11
0.101
0.021
0.087
-0.055
-0.157
-0.043
-0.014
-0.08
-0.016
-0.098
-0.078
-0.149
-0.195
-0.14
-0.121
-0.069
-0.081
0.07
0.079
0.048
0.119
0.134
0.062
0.054
0.182
0.259
0.101
0.153
0.142
0.113
0.05
0.058
0.143
0.102
0.098
0.126
0.186
0.116
0.105
0.233
0.165
0.096
0.088
0.084
0.057
0.03
0.005
-0.009
-0.01
0.082
0.132
0.091
0.153
0.143
0.198
0.118
0.118
0.125
0.199
0.247
0.256
0.203
0.083
0.097
-0.002
0.202
0.154
0.02
0.196
0.069
0.071
-0.211
-0.075
0.039
0.082
-0.139
-0.082
-0.049
-0.009
-0.067
0.037
-0.037
-0.039
-0.144
0.0
0.08
0.014
-0.052
-0.006
0.037
-0.063
-0.065
-0.07
0.081
0.076
0.017
0.124
0.448
-0.024
0.09
0.105
0.063
-0.143
0.001
0.033
-0.039
-0.04
0.13
-0.143
0.053
-0.115
-0.103
-0.007
0.076
0.053
-0.014
0.016
-0.069
-0.08
0.056
0.102
0.034
0.063
0.145
0.154
-0.049
0.107
-0.05
-0.021
-0.077
-0.029
-0.17
-0.025
0.019
-0.058
-0.064
0.05
0.12
0.162
0.065
0.189
-0.005
-0.014
-0.151
0.068
0.124
0.155
0.271
-0.046
0.088
0.251
-0.068
0.194
0.35
0.419
0.119
0.066
0.174
0.249
0.172
0.232
0.222
0.188
0.114
0.08
0.15
0.125
0.181
0.117
0.142
0.007
0.062
-0.024
0.13
0.098
0.144
0.181
0.254
0.071
0.181
0.063
0.19
0.192
0.115
0.101
0.208
0.014
0.12
0.147
0.13
-0.046
-0.113
0.076
-0.076
-0.162
0.023
-0.027
-0.109
-0.111
0.045
0.133
-0.049
-0.102
-0.02
-0.1
-0.072
-0.135
0.005
-0.141
-0.067
-0.332
-0.35
-0.235
-0.172
0.039
0.069
-0.005
0.092
0.125
0.114
0.138
0.144
0.231
0.045
0.112
0.081
0.031
-0.072
0.008
-0.117
-0.116
-0.046
-0.06
-0.025
0.06
-0.021
-0.149
-0.105
-0.125
-0.117
-0.114
-0.145
-0.093
-0.078
0.014
-0.178
-0.082
-0.077
-0.186
-0.202
0.05
0.042
-0.032
0.161
0.245
0.331
0.102
0.203
0.032
0.052
0.049
-0.06
-0.072
-0.088
-0.038
-0.153
-0.054
0.003
0.052
0.079
0.053
0.168
0.299
0.306
0.177
0.16
0.36
0.379
0.316
0.427
0.073
0.085
0.179
0.177
0.014
0.1
0.176
0.159
0.243
0.533
0.174
0.527
0.562
0.536
0.301
0.382
0.143
0.488
0.338
0.475
0.234
0.244
0.184
0.393
0.157
0.409
0.19
0.375
0.581
0.571
0.299
0.602
0.2
0.383
0.209
0.223
0.079
0.044
-0.195
-0.153
-0.184
-0.258
-0.301
-0.193
-0.223
-0.321
-0.191
0.013
0.291
0.182
0.283
0.366
0.326
0.268
0.366
0.292
0.269
0.277
0.216
0.129
0.2
0.243
0.01
0.118
0.126
-0.026
0.074
0.107
0.209
0.088
0.418
0.19
-0.009
0.197
0.241
0.208
0.122
0.296
0.774
0.699
0.494
0.378
0.317
0.052
0.093
0.098
0.087
0.015
0.091
0.358
0.204
0.318
0.332
0.363
0.334
0.206
0.391
0.347
0.537
0.397
0.322
0.357
0.492
0.545
0.506
0.553
0.654
0.327
0.338
0.239
0.447
0.276
0.399
0.627
0.342
0.373
0.619
0.497
0.53
0.218
0.246
0.205
0.201
0.036
0.103
-0.181
-0.068
-0.075
0.088
-0.192
-0.214
-0.305
-0.044
-0.293
-0.373
-0.203
-0.07
-0.145
-0.134
0.02
-0.133
-0.12
0.154
0.004
0.058
0.039
0.155
0.351
0.224
-0.105
0.019
0.104
0.341
0.302
0.044
0.285
0.325
0.129
0.333
0.32
0.317
0.031
0.168
0.241
0.153
0.294
0.301
0.286
0.26
0.442
0.344
0.503
0.411
0.644
0.555
0.566
0.252
0.291
0.191
0.11
0.046
-0.168
-0.163
-0.133
0.026
0.098
0.219
0.311
0.222
0.215
0.235
0.514
0.338
0.253
0.381
0.135
0.117
0.153
0.224
0.183
0.119
0.078
-0.086
0.098
-0.579
-0.101
-0.369
-0.276
-0.521
-0.51
-0.369
-0.463
-0.397
-0.316
0.063
0.109
0.017
-0.002
0.242
0.246
0.102
0.29
0.154
0.054
-0.188
0.048
0.208
-0.122
-0.07
0.134
0.013
-0.049
0.172
0.042
0.003
-0.007
-0.067
-0.018
-0.03
0.048
-0.003
0.138
0.105
0.068
0.151
0.197
0.197
0.174
0.345
0.451
0.31
0.181
0.358
0.169
0.088
0.203
0.193
0.074
0.278
0.008
0.123
0.203
-0.094
-0.171
-0.069
-0.101
-0.248
-0.149
-0.2
-0.376
-0.085
0.018
0.018
-0.022
0.124
-0.119
0.035
-0.175
0.174
0.348
0.28
0.505
0.268
0.211
0.436
0.264
0.271
0.783
0.341
0.336
0.231
0.413
0.014
0.261
0.107
0.03
0.132
-0.229
-0.107
-0.066
0.003
0.053
-0.079
0.12
0.145
0.201
0.334
0.369
0.381
0.097
0.492
0.208
0.379
0.588
0.557
0.836
0.642
0.846
0.858
0.672
0.723
0.769
0.654
0.652
0.871
0.748
0.742
0.951
1.045
0.992
0.869
1.002
1.043
0.795
0.873
0.755
0.694
0.575
0.403
0.187
0.386
0.192
0.233
0.277
-0.029
0.21
0.021
0.032
0.137
0.352
0.169
0.171
0.02
-0.155
-0.042
-0.355
-0.275
0.11
-0.253
-0.022
-0.09
-0.092
0.067
-0.009
0.16
-0.188
0.077
0.111
0.118
0.029
0.238
0.014
0.161
0.322
0.259
0.401
0.417
0.349
0.503
0.34
0.397
0.563
0.65
0.497
0.196
0.18
0.309
0.18
-0.253
-0.065
0.306
0.268
0.206
0.329
0.445
0.142
0.454
0.647
0.238
0.411
0.23
0.223
0.37
0.008
-0.009
0.175
0.053
0.101
-0.345
-0.17
-0.225
-0.283
0.208
0.193
0.285
0.561
0.46
0.682
0.677
0.445
0.748
0.419
0.296
0.473
0.46
0.062
-0.054
-0.026
0.039
0.147
-0.05
-0.012
-0.018
-0.193
0.134
-0.087
0.268
0.108
0.437
0.507
0.556
0.492
0.704
0.424
0.575
0.448
0.429
0.289
0.683
0.429
0.211
0.211
0.467
-0.03
0.23
0.733
0.406
1.049
0.853
0.45
0.403
0.171
0.157
0.391
0.306
0.362
0.21
-0.011
0.067
-0.501
-0.297
-0.363
-0.182
0.128
0.196
0.117
0.268
0.412
0.302
0.106
0.403
0.057
0.084
0.207
-0.149
-0.048
0.116
-0.067
-0.058
-0.203
0.148
0.206
0.241
0.217
0.674
0.538
0.497
0.43
0.713
0.354
0.446
0.497
0.324
0.195
-0.155
-0.166
-0.177
-0.397
-0.077
-0.098
-0.007
0.024
0.161
0.12
-0.086
0.016
-0.265
0.137
-0.437
-0.518
-0.298
-0.391
-0.451
-0.208
-0.336
-0.229
-0.263
-0.063
-0.257
-0.031
-0.268
0.033
0.109
-0.178
0.098
0.237
0.302
-0.169
0.126
0.089
-0.131
0.266
-0.084
-0.065
0.162
-0.059
0.089
0.378
0.497
0.209
0.376
0.454
0.192
0.527
0.204
0.443
0.216
0.312
0.132
-0.044
0.114
0.215
-0.063
0.406
0.261
0.161
-0.074
0.158
-0.036
0.469
0.355
0.33
-0.036
0.011
0.53
0.015
0.427
0.497
0.198
0.12
0.295
0.252
-0.337
0.232
0.167
0.051
-0.019
0.19
0.172
0.045
0.178
0.139
-0.015
-0.133
-0.098
0.224
0.251
-0.033
0.1
0.23
-0.005
0.355
0.021
-0.013
-0.055
-0.291
-0.638
-0.465
-0.412
-0.516
-0.342
-0.335
-0.653
-0.609
-0.354
-0.254
-0.377
-0.618
-0.324
-0.484
-0.468
-0.293
-0.237
-0.324
0.104
0.005
0.122
0.289
0.018
0.187
0.257
0.178
0.107
0.426
0.118
0.33
0.394
0.218
0.273
0.489
0.111
0.111
-0.101
0.321
-0.188
-0.103
0.274
0.365
0.158
0.518
0.413
0.352
0.359
0.347
0.1
0.079
-0.064
0.102
0.207
0.352
0.243
0.069
0.22
0.517
-0.088
-0.073
-0.02
-0.437
-0.527
-0.338
-0.612
-0.395
-0.123
-0.309
-0.004
0.149
0.04
0.352
-0.043
0.064
-0.259
0.017
0.271
0.267
0.013
0.028
0.055
0.073
0.156
0.215
-0.217
0.023
0.054
-0.101
-0.109
-0.217
-0.469
0.009
-0.479
-0.295
-0.471
-0.355
-0.496
-0.746
-0.202
-0.424
-0.274
-0.245
-0.108
-0.27
-0.301
-0.292
-0.037
-0.441
-0.386
-0.273
-0.267
-0.437
-0.613
-0.485
-0.46
-0.649
-0.304
-0.491
-0.103
-0.286
-0.52
-0.577
-0.698
-0.422
-0.39
-0.327
-0.147
-0.268
-0.217
-0.224
-0.156
-0.237
-0.043
0.006
0.017
-0.044
-0.003
0.281
0.16
0.409
0.504
0.278
0.251
0.376
0.413
0.382
0.23
0.356
0.303
0.229
0.413
0.048
0.118
0.049
0.221
0.26
0.655
0.36
0.526
0.307
0.349
-0.049
-0.005
-0.35
-0.104
0.138
-0.038
0.216
0.056
0.211
-0.029
-0.051
-0.373
-0.043
-0.375
-0.467
-0.444
-0.328
-0.358
-0.407
0.237
-0.116
0.189
0.053
0.255
0.441
0.408
0.148
0.188
0.228
0.24
0.684
0.41
0.515
0.265
0.265
0.476
0.328
0.326
0.346
0.183
0.678
0.307
0.346
0.685
0.435
0.484
0.539
0.622
0.21
0.492
0.611
0.328
0.265
0.253
0.319
0.342
0.47
0.401
0.306
0.476
0.193
0.129
-0.156
-0.069
-0.137
-0.13
-0.28
-0.203
-0.299
-0.165
-0.125
-0.248
-0.194
-0.236
0.388
0.285
0.134
-0.042
0.095
0.007
0.137
0.177
0.43
0.542
0.688
0.57
0.843
0.755
0.975
0.389
0.581
0.545
0.305
0.414
0.38
0.257
0.382
0.103
0.466
0.34
0.423
0.272
0.718
0.202
0.344
0.464
0.71
0.473
0.633
0.421
0.315
0.081
0.186
0.131
0.091
0.054
0.065
-0.228
-0.002
-0.323
-0.134
-0.335
-0.315
-0.462
-0.563
-0.196
-0.433
-0.445
-0.2
-0.039
0.268
0.123
0.183
0.336
0.199
0.403
-0.144
-0.092
-0.606
-0.522
-0.681
-0.429
-0.499
-0.527
-0.116
-0.301
-0.112
-0.114
-0.073
0.2
0.31
0.274
0.141
-0.121
0.078
-0.077
0.029
-0.104
-0.213
-0.094
-0.165
-0.097
-0.174
-0.125
-0.185
0.016
-0.351
0.033
0.251
0.102
0.449
0.312
0.368
0.293
0.639
0.522
0.703
0.016
0.295
0.076
-0.409
-0.077
-0.163
-0.525
-0.005
-0.013
0.022
-0.114
0.072
-0.098
0.027
0.19
0.013
0.132
0.191
0.024
-0.334
-0.029
-0.106
-0.093
0.063
-0.198
-0.036
0.047
0.041
-0.126
0.026
-0.042
-0.078
-0.029
0.014
0.004
-0.009
0.487
0.167
0.092
-0.007
0.325
0.071
-0.055
0.133
0.066
-0.068
-0.273
-0.231
-0.144
-0.365
-0.08
-0.197
-0.22
0.034
-0.104
-0.083
-0.127
-0.367
-0.149
0.028
0.028
-0.28
-0.155
-0.153
-0.23
-0.619
-0.256
-0.173
-0.041
0.022
0.186
0.201
0.363
0.431
0.316
0.509
0.664
0.372
0.449
-0.027
0.275
0.1
0.118
0.01
-0.083
-0.084
0.089
-0.093
0.115
-0.018
-0.098
0.348
0.331
0.115
0.292
0.441
0.306
0.196
0.335
0.206
0.102
0.224
0.285
0.226
0.386
0.838
0.607
0.402
0.553
0.025
0.346
0.151
0.016
0.314
0.174
0.115
0.452
0.359
0.422
0.464
0.449
0.726
0.402
0.523
0.405
0.393
0.491
0.539
0.451
0.193
0.177
-0.291
-0.252
0.052
-0.07
-0.094
-0.133
0.01
-0.079
-0.165
-0.01
0.17
-0.05
0.013
0.17
-0.105
0.179
0.22
0.066
0.158
0.23
0.262
-0.034
0.218
-0.077
-0.127
-0.361
-0.453
-0.271
-0.648
-0.386
-0.192
-0.202
-0.077
-0.036
-0.162
-0.206
-0.006
0.334
-0.368
0.037
0.325
0.354
0.305
0.288
0.482
0.337
0.197
0.169
0.182
-0.115
0.115
-0.036
-0.112
-0.09
-0.034
-0.416
-0.129
-0.371
-0.422
-0.088
-0.57
-0.234
-0.345
-0.265
-0.489
-0.19
-0.26
-0.206
-0.049
0.072
0.253
0.647
0.266
0.748
0.108
0.233
0.049
0.162
-0.165
-0.214
-0.033
-0.341
-0.353
-0.348
-0.443
-0.336
-0.48
-0.445
-0.453
-0.369
-0.075
-0.414
-0.692
-0.425
-0.629
-0.54
-0.278
-0.406
-0.373
-0.258
-0.207
-0.125
-0.052
-0.078
-0.408
-0.165
-0.352
-0.298
-0.314
-0.221
0.042
-0.134
0.03
0.257
-0.062
0.316
0.353
0.435
0.309
0.879
0.595
0.659
0.557
0.379
0.168
0.25
0.394
0.572
0.264
0.578
0.383
0.891
0.571
0.684
0.423
0.677
0.348
0.385
0.487
0.129
0.21
-0.239
-0.26
-0.309
-0.303
-0.166
-0.173
0.051
-0.401
-0.072
-0.071
-0.17
-0.157
-0.148
-0.329
-0.166
-0.313
-0.233
-0.15
-0.094
0.033
-0.392
-0.595
-0.475
-0.552
-0.486
-0.366
-0.481
-0.473
-0.734
-0.62
-0.131
-0.202
-0.173
-0.318
-0.197
-0.203
-0.524
-0.365
-0.513
-0.268
-0.26
-0.188
0.089
-0.006
0.193
0.212
0.55
0.102
0.579
0.415
0.496
0.551
0.647
0.209
0.397
0.266
0.493
-0.08
0.123
0.116
-0.303
0.195
-0.022
0.175
-0.023
-0.013
0.094
-0.05
-0.058
0.234
0.287
0.42
0.433
0.488
0.651
0.688
0.812
0.772
0.553
0.892
0.746
0.699
0.499
0.611
0.334
0.662
0.366
0.444
0.171
0.258
0.05
-0.137
-0.039
0.191
-0.201
-0.263
-0.193
-0.389
-0.241
0.046
0.034
0.03
-0.148
0.205
0.001
-0.322
-0.189
-0.153
-0.506
-0.121
-0.223
-0.255
-0.177
-0.344
-0.039
-0.168
-0.336
-0.176
-0.195
0.03
-0.16
-0.561
-0.526
-0.243
-0.547
-0.494
-0.408
-0.11
-0.366
-0.256
-0.148
-0.225
-0.197
-0.491
-0.121
-0.17
-0.428
0.014
-0.041
-0.348
-0.337
-0.384
-0.578
-0.472
-0.459
-0.247
-0.172
-0.356
0.037
-0.186
0.265
0.013
0.257
0.516
0.463
0.269
0.457
0.545
0.445
0.582
0.492
0.504
0.396
0.307
0.348
0.178
0.416
0.539
0.272
0.279
0.257
0.444
0.212
0.288
0.219
0.173
0.358
-0.017
0.222
0.337
0.254
0.201
0.406
0.085
0.11
0.23
0.279
0.087
0.293
0.247
0.162
0.175
-0.062
0.059
0.104
0.137
0.246
-0.106
0.086
0.152
-0.074
-0.089
-0.051
-0.268
-0.357
-0.309
-0.294
-0.464
-0.385
-0.334
-0.139
-0.633
-0.658
-0.624
-0.338
-0.393
-0.525
-0.22
-0.325
-0.314
-0.091
-0.071
0.082
-0.107
0.081
0.198
0.168
0.072
0.135
0.097
-0.098
-0.146
-0.139
-0.035
-0.606
-0.236
-0.36
-0.66
-0.377
-0.475
-0.511
-0.553
-0.646
-0.4
-0.308
-0.774
-0.34
-0.387
-0.477
-0.272
0.022
0.043
0.432
0.303
0.281
0.653
0.614
0.748
0.768
0.613
0.315
0.453
0.646
0.602
0.693
0.597
0.347
0.26
0.478
0.384
0.186
0.697
0.513
0.272
0.18
0.003
0.151
0.084
-0.096
0.202
-0.001
-0.091
-0.228
-0.171
-0.307
-0.357
-0.243
0.022
-0.524
-0.208
-0.282
-0.281
-0.381
-0.353
-0.473
-0.273
-0.412
-0.316
-0.113
-0.161
0.016
-0.042
-0.22
-0.001
-0.135
-0.041
0.162
0.057
0.298
0.229
0.177
-0.068
0.224
0.005
0.065
0.337
0.573
0.306
0.365
0.38
0.253
0.076
0.124
0.265
0.24
0.325
0.355
0.111
0.021
0.133
0.129
0.118
0.198
0.426
0.419
0.636
0.622
0.723
0.824
0.817
0.597
0.665
0.749
0.974
0.638
0.833
0.918
0.929
1.033
1.247
1.155
0.993
0.785
0.817
0.761
0.797
0.683
0.443
0.118
-0.069
-0.105
-0.153
-0.253
-0.205
-0.004
0.186
-0.025
-0.065
0.039
-0.019
-0.219
-0.033
0.166
-0.154
0.091
0.096
-0.096
-0.139
0.104
-0.091
0.039
0.047
-0.294
-0.249
0.401
-0.188
0.132
0.107
0.156
-0.113
0.011
0.268
-0.522
0.113
-0.01
-0.353
-0.144
-0.063
-0.21
-0.146
0.327
0.15
0.007
0.415
0.283
0.124
0.148
0.446
-0.032
0.212
0.064
0.099
0.2
0.142
-0.084
-0.182
-0.123
0.25
0.352
0.373
0.736
0.537
0.196
0.186
0.467
0.402
0.428
0.717
0.565
0.677
0.508
0.497
0.442
0.631
0.603
0.282
0.689
0.618
0.709
0.787
0.512
0.903
0.804
0.676
0.802
0.556
0.532
0.716
0.829
0.641
0.561
0.623
0.815
0.568
0.569
0.628
0.772
0.558
0.73
0.553
0.655
0.444
0.283
0.432
0.492
0.311
0.641
0.588
0.543
0.735
0.685
0.627
0.758
0.471
0.562
0.616
0.313
0.506
0.402
0.274
0.048
-0.082
-0.029
0.092
0.024
0.212
0.323
0.239
0.611
0.559
0.697
0.59
0.575
0.803
0.75
0.855
0.819
0.845
0.94
1.091
1.118
1.058
0.874
0.947
0.884
0.969
0.909
0.914
0.476
0.431
0.168
-0.025
-0.173
-0.008
-0.023
-0.314
-0.335
-0.199
-0.26
-0.256
-0.217
-0.048
-0.24
0.018
-0.173
-0.189
-0.191
0.009
-0.041
0.118
0.148
-0.048
0.148
0.148
-0.008
-0.2
-0.053
-0.389
-0.588
-0.203
0.057
-0.052
-0.078
-0.187
-0.062
-0.189
-0.18
0.145
0.201
0.026
0.187
0.078
-0.221
-0.427
-0.264
-0.257
-0.481
-0.507
-0.482
-0.355
-0.17
-0.317
-0.547
-0.174
-0.366
-0.259
-0.133
-0.092
-0.124
0.01
0.195
-0.011
-0.214
0.038
0.106
-0.029
0.14
-0.015
-0.269
-0.578
-0.305
-0.325
-0.525
-0.037
-0.128
-0.287
-0.348
-0.426
-0.491
-0.383
-0.685
-0.611
-0.702
-0.824
-0.419
-0.143
-0.237
-0.475
-0.473
-0.157
-0.235
-0.482
-0.435
-0.547
-0.756
-0.578
-0.377
-0.796
-0.136
0.039
0.001
0.291
0.157
0.349
0.559
0.432
0.976
0.293
-0.082
-0.21
-0.286
-0.413
-0.446
-0.42
-0.002
-0.203
0.141
0.355
0.541
0.032
0.104
0.13
0.311
0.269
-0.02
-0.271
-0.163
-0.285
-0.488
-0.653
-0.685
-0.508
-0.787
-0.603
-0.363
-0.057
0.219
0.025
0.224
0.046
-0.118
-0.006
-0.126
0.1
0.286
0.023
-0.048
-0.004
0.043
0.297
0.39
0.524
0.306
0.325
