0.737
0.511
0.958
0.085
0.254
-0.072
0.022
0.072
0.025
0.768
0.879
1.356
0.994
0.889
0.501
0.231
0.536
0.599
1.147
1.065
1.26
1.434
1.313
1.243
0.834
1.342
1.081
0.663
0.576
0.367
-0.296
-0.569
-0.298
-0.553
-0.767
-0.367
-0.706
-0.489
-0.628
-1.254
-0.811
-0.441
-0.158
-0.33
-0.463
-0.652
-0.529
-0.591
-0.263
-0.313
-0.238
-0.389
-0.232
-0.459
0.128
-0.041
0.216
0.027
-0.233
-0.383
-0.363
-0.698
-0.517
-0.395
-0.723
-0.524
-0.65
-0.157
-0.224
0.117
0.164
0.24
0.376
0.442
0.317
0.446
0.685
-0.049
-0.104
0.16
-0.378
-0.421
-0.004
-0.638
-0.155
-0.395
-0.158
0.049
0.369
0.253
0.225
0.168
-0.196
-0.138
-0.37
-0.782
-0.323
-0.094
0.212
0.025
0.327
0.381
-0.186
-0.212
-0.369
-0.369
-0.3
-0.489
-0.695
-0.616
-0.699
-0.356
-0.338
0.169
0.37
0.068
0.471
0.89
0.647
0.884
0.508
0.652
0.301
0.557
0.65
0.508
0.329
0.043
0.132
0.3
-0.024
0.083
0.157
0.127
0.361
0.088
0.065
-0.211
-0.189
-0.297
-0.508
-0.627
-0.377
-0.691
-1.029
-1.032
-1.417
-1.456
-1.42
-1.767
-1.496
-1.34
-1.332
-1.29
-1.429
-1.63
-1.445
-1.422
-0.862
-0.836
-0.706
-0.543
-0.657
-0.224
-0.134
0.101
0.405
0.703
0.834
1.01
0.943
0.875
0.765
0.808
0.886
1.371
1.459
1.178
0.87
1.115
0.72
0.931
0.496
0.712
0.582
0.44
1.093
0.654
0.943
1.364
1.483
1.555
1.137
0.655
0.612
0.528
0.771
0.699
0.708
1.048
0.351
0.553
0.784
1.054
0.848
0.362
0.315
0.289
0.35
-0.044
0.36
0.993
0.242
0.207
-0.209
-0.353
-0.702
-0.338
-0.681
-0.006
-0.238
0.014
-0.222
-0.308
-0.573
-0.353
-0.313
-0.351
-0.503
-0.515
-0.053
-0.206
0.022
0.031
0.193
-0.002
0.027
0.074
0.013
-0.175
-0.151
0.185
0.104
0.185
0.209
0.142
0.217
0.336
0.051
0.114
-0.133
-0.075
-0.097
-0.21
0.014
0.156
0.296
0.254
0.338
0.274
-0.27
-0.048
-0.524
-0.714
-0.639
-0.625
-0.166
-0.318
-0.212
-0.083
0.421
0.177
0.26
0.417
1.33
0.78
1.232
2.014
1.684
1.65
2.272
1.996
1.805
1.384
1.328
0.907
0.59
0.86
0.507
0.95
0.711
0.325
0.49
0.853
0.44
0.654
0.815
0.691
0.919
1.477
1.432
1.344
1.438
1.634
1.549
1.248
1.447
1.577
1.429
1.228
1.032
1.174
1.19
1.554
1.21
1.28
1.038
1.175
1.173
1.504
1.631
1.572
1.841
1.532
1.422
1.225
1.471
1.251
0.938
1.801
1.713
2.251
2.424
2.087
2.124
1.885
1.97
2.244
2.273
2.229
2.247
2.183
2.302
2.451
2.275
2.554
2.225
2.467
2.314
1.917
2.21
1.318
1.398
0.763
0.873
1.252
0.621
0.908
0.709
0.893
0.607
0.766
0.843
0.928
1.077
1.294
1.859
1.286
1.377
0.75
0.761
0.46
0.417
0.549
1.063
1.545
1.684
1.92
2.04
2.453
1.73
2.176
2.148
1.338
1.426
2.073
1.821
1.104
1.938
0.953
1.708
1.268
0.652
0.585
0.138
-0.068
0.098
-0.238
-0.164
-0.552
-0.331
-0.042
-0.045
0.503
0.148
0.411
0.145
0.194
0.269
0.255
0.451
0.524
1.171
0.751
1.079
0.948
0.581
0.773
0.656
0.692
0.9
0.603
0.259
0.495
0.073
-0.128
-0.097
-0.457
-0.499
-0.514
-0.388
-0.478
-0.274
-0.429
-0.366
-1.027
-0.898
-0.885
-1.485
-1.232
-1.352
-1.45
-1.125
-1.446
-0.938
-1.171
-1.006
-1.221
-1.08
-1.005
-1.251
-1.347
-1.043
-1.303
-1.366
-1.088
-1.433
-1.135
-1.398
-1.161
-0.799
-1.198
-1.195
-0.925
-0.629
-1.045
-0.705
-0.338
-0.704
-1.17
-0.791
-0.835
-1.09
-0.774
-0.417
-0.63
-0.852
-0.674
-0.518
-0.732
-0.835
-0.825
-0.446
-0.59
-0.93
-0.989
-1.323
-1.989
-1.902
-1.374
-1.892
-1.325
-1.154
-1.157
-1.684
-1.847
-1.134
-1.795
-1.196
-0.862
-1.03
-1.37
-0.993
-0.965
-1.116
-1.02
-0.98
-0.945
-1.082
-0.806
0.089
0.121
0.462
1.056
1.807
1.883
1.496
1.369
1.641
1.052
1.518
1.538
1.399
1.273
0.891
0.661
1.23
1.298
1.821
1.407
1.495
0.692
0.675
0.232
0.131
-0.108
0.073
-0.337
-0.969
-1.278
-1.151
-1.264
-1.386
-1.078
-0.956
-0.89
-0.895
-1.348
-1.33
-1.409
-1.441
-1.563
-1.561
-1.515
-1.75
-1.141
-1.285
-1.313
-1.044
-1.088
-0.627
-0.612
-0.222
-0.303
-0.223
-0.546
-0.787
-0.65
-1.018
-0.954
-0.599
-0.603
-0.389
-0.425
-0.325
-0.691
-0.325
-0.262
-0.459
-0.378
-0.085
-0.551
-0.939
-0.825
-0.908
-0.83
-1.231
-1.173
-1.126
-1.452
-1.065
-0.937
-1.083
-1.415
-1.709
-1.44
-2.283
-1.517
-1.097
-1.249
-0.854
-0.338
-0.114
-0.349
-0.011
0.002
-0.048
-0.178
-0.291
-0.209
-0.019
-0.202
-0.207
0.006
0.29
0.69
0.759
0.939
0.404
0.508
0.5
0.439
0.335
0.657
0.97
1.06
0.783
0.905
0.926
0.757
0.766
0.709
0.464
0.513
0.513
0.176
0.437
0.472
0.274
0.121
0.365
0.337
0.413
-0.087
-0.206
0.245
0.182
0.123
0.386
0.139
0.119
0.259
-0.075
-0.003
-0.184
-0.095
-0.167
0.105
-0.285
0.003
0.491
0.642
0.42
0.417
0.0
0.121
0.131
-0.267
-0.389
-0.22
-0.422
-0.53
-0.893
-0.507
-0.31
-0.575
-0.608
-1.002
-1.005
-1.038
-0.881
-0.841
-0.793
-0.718
-0.657
-0.593
-0.156
-0.276
0.019
0.01
-0.1
0.224
0.161
0.126
-0.285
-0.889
-0.856
-1.145
-1.225
-0.889
-1.063
-0.908
-0.961
-0.953
-1.22
-0.911
-0.718
-0.721
-0.81
-0.584
-0.553
-0.42
-0.408
-0.497
-0.532
-0.91
-0.949
-0.959
-1.059
-0.633
-0.275
-0.416
-0.102
-0.144
0.07
0.355
0.744
0.688
0.649
0.856
0.458
0.493
0.609
0.618
1.072
0.981
0.583
0.598
0.434
0.411
0.232
-0.058
-0.078
-0.495
-0.281
-0.313
-0.583
-0.337
-0.316
-0.118
0.507
0.474
0.387
0.136
0.512
-0.054
-0.091
0.297
-0.271
-0.091
-0.246
-0.402
-0.548
-0.63
-0.805
-0.746
-0.337
-0.775
-0.412
-0.406
0.028
0.063
0.599
0.418
0.147
0.302
0.271
0.587
0.181
0.508
0.238
0.217
0.262
0.396
0.441
0.685
1.114
1.203
1.023
1.184
0.962
0.829
0.618
0.708
0.528
0.884
1.054
0.688
1.34
1.446
1.295
1.448
1.568
1.588
1.134
1.169
0.899
1.163
1.223
1.075
1.115
1.316
1.191
1.474
1.748
1.611
1.087
0.832
0.512
0.476
0.376
1.04
1.687
0.904
1.086
0.493
0.663
0.336
-0.161
0.307
0.275
-0.152
-0.144
-0.315
0.468
-0.998
0.923
1.216
0.948
1.144
0.696
0.552
0.718
0.788
0.56
0.765
0.626
0.06
0.843
1.021
1.428
1.473
1.401
1.226
1.385
1.602
1.343
1.256
1.633
1.212
0.846
1.252
0.833
0.796
0.767
0.562
0.708
1.138
1.266
1.324
0.872
1.219
0.734
0.904
0.832
1.34
0.734
0.904
0.736
0.844
0.822
1.005
0.637
0.52
1.298
0.747
1.153
1.113
0.838
1.242
1.374
1.81
1.664
1.608
1.317
1.016
1.158
1.094
0.471
1.018
0.526
0.155
0.264
0.102
0.228
0.169
0.895
0.678
0.564
0.463
0.339
0.498
0.349
0.327
0.0
-0.258
-0.018
0.2
-0.38
0.4
1.238
0.513
1.544
1.348
1.021
1.051
1.388
1.157
1.003
1.265
1.349
1.201
0.898
0.54
0.538
0.634
0.542
0.342
0.508
0.272
0.221
0.056
0.094
-0.156
-0.005
0.128
0.34
0.137
0.598
0.959
0.775
0.579
0.674
0.353
0.604
0.605
0.906
0.694
0.198
1.181
0.93
1.317
1.023
1.37
1.24
0.718
0.777
0.967
1.065
0.692
0.864
0.734
0.565
0.958
1.145
2.565
1.637
0.928
0.533
0.391
-0.125
0.277
0.077
0.774
1.531
1.223
0.585
0.376
0.17
0.212
0.608
0.856
0.951
0.443
0.353
0.531
-0.306
-0.639
-0.758
-0.371
0.016
-0.158
-0.287
-0.318
-0.652
-0.848
-0.73
-0.52
-0.116
0.013
0.264
-0.239
-0.038
0.039
-0.211
-0.469
-0.118
-0.04
-0.225
-0.268
0.502
0.219
0.449
0.686
0.603
0.129
-0.442
-0.483
-0.558
0.152
-0.107
0.426
0.25
0.896
0.713
0.879
0.716
0.629
0.057
-0.36
-0.523
-0.758
-0.431
-0.811
-0.397
-0.464
-0.002
-0.41
0.228
-0.221
-0.537
-0.292
-0.217
-0.455
-0.408
-0.587
-0.635
-0.621
-0.73
-0.814
-0.735
-0.979
-1.112
-1.218
-1.023
-1.199
-1.357
-1.665
-1.722
-1.653
-1.558
-1.144
-1.252
-1.084
-1.358
-1.254
-1.427
-1.382
-1.136
-1.013
-1.057
-1.043
-1.577
-1.735
-1.591
-1.397
-1.276
-1.178
-1.008
-0.877
-0.747
-0.933
-0.655
-0.423
-0.737
-0.201
-0.322
-0.29
-0.814
-0.719
-0.786
-0.759
-0.628
-0.26
0.117
-0.137
-0.352
-0.098
-0.197
0.167
0.497
0.161
0.398
-0.106
-0.173
-0.148
-0.516
-0.649
-0.717
-0.817
-0.927
-0.371
-0.293
0.388
0.533
0.89
0.521
0.659
0.769
0.664
0.551
0.782
0.357
0.377
-0.152
-0.343
-0.297
0.54
0.901
0.712
0.214
-0.112
-0.276
-0.768
-0.802
-1.035
-1.038
-1.264
-1.305
-1.225
-1.185
-1.319
-1.657
-1.144
-1.018
-0.797
-1.262
-0.9
-0.738
-0.542
-0.749
-0.745
-0.498
-0.274
0.241
-0.08
0.348
0.136
-0.007
0.135
-0.36
-0.005
-0.15
0.024
0.109
0.806
0.78
0.941
0.873
1.159
0.733
1.127
0.507
0.614
0.547
0.448
-0.124
-0.497
-0.219
-0.278
-0.212
0.066
0.566
-0.004
0.448
0.458
0.099
0.268
-0.101
-0.481
-0.526
-0.683
-0.899
-0.901
-0.988
-0.784
-1.016
-1.087
-0.832
-0.521
-0.52
-0.243
-0.005
-0.04
0.569
0.367
0.351
0.278
0.163
0.303
-0.056
0.018
-0.106
-0.659
-0.562
-0.366
-0.345
-0.238
-0.423
0.137
-0.305
0.1
-0.278
-0.072
-0.173
-0.133
-0.163
-0.214
-0.41
0.116
-0.021
-0.008
0.026
0.307
0.174
0.383
0.453
0.673
0.612
0.5
0.589
0.383
0.291
0.299
0.419
0.401
0.531
0.231
1.001
0.443
0.579
1.046
0.313
0.332
0.592
0.191
0.026
0.054
-0.219
-0.153
0.067
0.022
0.033
0.079
-0.311
-0.434
-0.14
-0.043
0.38
0.573
0.37
-0.212
-0.492
-0.861
-0.991
-0.998
-0.59
-0.294
-0.741
-0.717
-0.409
-0.184
-0.389
-0.283
-0.536
-0.432
-0.472
-0.42
-0.348
0.326
-0.19
-0.346
-0.777
-0.905
-0.773
-0.837
-0.45
-0.001
0.056
-0.506
-0.675
-0.519
-0.569
-0.425
-0.17
0.223
-0.028
-0.076
0.188
0.471
-0.008
0.349
0.315
0.403
0.173
0.157
0.36
-0.17
-0.253
0.253
0.472
0.03
-0.35
-0.362
-0.379
-0.838
-0.776
-0.352
-0.458
0.071
0.476
0.384
0.475
0.647
0.529
0.799
0.696
0.693
1.156
1.044
0.388
0.91
0.313
0.804
0.392
0.632
0.903
0.447
0.428
0.891
0.78
0.59
0.911
1.025
0.976
0.989
1.064
0.812
0.745
1.085
0.519
0.383
0.52
0.308
0.478
0.529
0.742
0.735
0.9
0.934
0.797
1.214
1.237
0.833
0.963
0.533
0.407
0.8
0.712
0.739
0.709
0.99
0.799
1.131
0.915
0.82
0.599
0.14
0.245
0.595
0.416
0.426
0.978
1.339
1.098
1.513
1.612
1.88
1.669
1.436
1.493
1.464
1.402
1.501
0.946
0.829
0.926
0.792
0.819
1.265
1.356
1.395
1.372
1.362
1.459
1.258
1.106
1.577
1.525
1.633
1.568
1.78
1.88
2.03
2.067
2.038
1.851
1.612
1.788
1.656
1.47
1.438
1.499
1.428
1.203
0.936
0.832
0.68
0.878
0.335
0.292
0.601
0.68
0.38
0.208
0.588
0.194
-0.141
0.536
0.252
-0.071
0.27
-0.366
-0.408
-0.793
-1.201
-1.446
-0.805
-0.798
-0.865
-0.021
-0.09
-0.384
0.081
-0.1
0.272
0.059
0.15
0.667
0.801
1.13
0.732
0.775
0.86
1.437
1.851
2.338
2.565
2.277
1.636
1.495
1.276
1.75
1.62
1.557
1.772
1.548
1.609
1.517
1.214
1.25
1.221
1.063
1.193
1.319
1.655
1.184
1.489
1.134
1.135
1.278
1.89
1.337
1.451
1.255
0.776
-0.144
-0.442
-0.122
0.403
0.745
1.16
1.344
0.887
1.303
1.081
0.935
1.078
0.947
0.933
0.369
0.357
-0.077
-0.196
-0.388
-0.323
-0.325
-0.49
-0.117
-0.56
-0.67
-1.042
-1.48
-1.61
-1.978
-1.352
-1.248
-1.301
-0.736
-0.963
-1.041
-0.701
-0.548
-0.544
-0.168
-0.391
-0.654
-0.775
-0.685
-0.652
-0.81
-0.644
-0.617
-0.543
-0.074
2.565
-0.177
0.041
0.394
-0.283
-0.241
0.193
0.183
0.257
-0.203
0.418
0.669
0.492
0.61
0.6
0.385
-0.123
-1.893
0.038
0.258
0.268
-0.078
0.216
-0.012
0.409
0.12
-0.079
-0.189
-0.48
-1.177
-1.311
-1.748
-1.058
-1.206
-0.734
-0.478
0.094
0.322
-0.362
-0.815
-0.902
-1.091
-0.76
-0.407
-0.891
-0.619
-0.777
-0.508
-0.713
-0.685
-0.767
-0.162
-0.471
-0.248
-0.416
-0.222
-0.291
-0.356
-0.481
-0.423
-0.423
-0.404
-1.044
-1.511
-0.455
-0.902
-0.866
-1.302
-0.664
-1.078
-0.731
-1.308
-1.583
-1.732
-1.866
-2.083
-1.958
-1.557
-1.232
-1.325
-1.418
-2.187
-1.192
-1.331
-0.975
-0.98
-0.852
-0.903
-1.253
-1.719
-1.612
-1.944
-1.497
-1.198
-1.588
-1.609
-1.667
-1.87
-1.615
-1.706
-1.357
-1.341
-1.304
-1.331
-1.585
-0.951
-1.033
-0.728
-0.472
-0.358
-0.591
-2.567
-0.39
-0.823
-0.461
-0.271
-0.246
-0.159
-0.08
-0.059
-0.548
0.224
-0.095
0.093
-0.373
-0.07
-0.171
-0.271
0.087
-0.214
-0.406
0.028
-0.024
-0.142
-0.006
0.134
-0.772
-0.076
-0.407
-0.117
0.165
-0.202
-0.349
-0.417
-0.75
-0.622
-0.715
-0.294
-0.481
-0.36
-0.558
-0.55
-0.466
-0.055
0.243
0.213
0.529
0.263
0.256
0.373
0.121
0.618
0.463
0.566
0.589
0.647
0.442
0.543
0.582
0.812
0.821
0.535
0.297
0.341
0.3
0.221
0.492
-0.204
-0.4
-0.247
-0.401
-0.764
-0.645
-0.798
-1.021
-0.725
-0.886
-0.59
-0.858
-0.804
-0.661
-0.88
-0.646
-0.512
-0.773
-0.493
-0.214
-0.418
-0.915
-1.117
-1.024
-1.144
-0.655
-0.362
-0.451
-0.802
-1.025
-0.875
-1.061
-0.998
-0.633
-0.486
-0.35
-0.11
-0.131
-0.022
-0.434
0.115
0.416
1.007
0.755
0.94
0.447
0.287
0.122
-0.008
-0.367
-0.362
-0.534
-0.642
-0.706
-0.833
-0.816
-0.65
-0.713
-0.558
-0.504
-0.487
-0.488
-0.345
-0.315
-0.364
-0.473
-0.436
-0.761
-0.71
-0.451
-0.112
0.199
0.271
0.245
0.457
0.453
0.568
0.414
0.815
0.994
0.662
0.532
0.532
0.682
0.556
0.603
0.438
0.374
0.346
0.204
0.208
0.54
0.392
0.734
0.742
0.302
-0.272
-0.071
-0.025
0.245
0.354
0.434
0.337
0.752
0.996
0.915
0.972
1.304
1.195
0.945
0.981
0.727
0.484
0.85
1.049
0.774
0.734
0.683
0.292
0.426
0.516
0.904
1.004
0.593
0.858
0.741
1.038
1.146
0.903
1.122
1.436
1.065
1.457
1.222
0.975
1.562
1.5
1.203
1.292
1.363
0.889
0.821
0.728
0.304
-0.039
-0.253
0.076
-0.152
-0.025
0.001
-0.048
0.04
0.427
-0.019
0.45
0.314
0.535
0.748
1.094
0.878
0.608
1.008
1.367
1.132
1.192
0.819
0.879
0.938
0.471
0.583
0.573
0.381
0.846
0.886
1.13
1.099
0.937
1.264
1.433
1.74
1.69
2.25
1.948
1.867
1.82
1.696
1.61
1.542
1.617
2.138
2.162
2.087
1.764
1.657
1.31
1.312
1.782
1.715
1.446
1.807
1.487
1.16
1.086
0.451
-0.209
0.06
0.136
0.7
0.901
0.972
1.4
0.971
1.019
0.904
1.03
0.742
1.005
0.598
0.92
0.542
0.599
1.023
1.119
1.086
1.421
1.673
1.912
2.265
2.374
1.979
1.897
1.823
1.545
1.381
0.844
0.795
0.493
-0.308
0.1
0.034
0.261
0.611
0.418
0.381
0.582
0.435
0.956
0.684
0.662
1.223
1.151
1.136
1.06
1.075
0.932
0.644
1.002
0.895
1.546
1.063
1.41
0.76
1.186
0.897
1.084
0.848
0.797
0.358
0.251
-0.059
0.077
0.373
0.309
0.431
-2.567
0.576
0.249
0.324
0.233
0.242
0.662
0.644
0.957
0.729
0.787
0.731
1.117
1.005
0.986
1.163
0.729
0.979
0.77
0.364
0.441
0.401
0.368
0.212
0.106
0.058
-0.172
-0.121
0.026
0.382
0.253
0.333
0.349
0.13
-0.566
0.116
0.39
0.63
0.049
0.551
1.312
0.763
0.636
0.941
1.092
0.836
1.434
1.153
1.329
1.155
1.171
0.833
1.157
0.985
0.905
1.392
1.086
1.542
1.684
1.278
0.726
0.299
0.536
0.414
0.011
-0.118
0.224
0.095
0.394
0.626
0.445
0.317
0.014
-0.309
-0.411
-0.971
-1.022
-0.832
-1.035
-1.009
-1.27
-1.538
-1.2
-1.378
-1.169
-0.905
-0.811
-1.17
-0.764
-1.167
-1.189
-1.561
-1.478
-1.653
-1.8
-1.72
-1.42
-0.914
-0.084
-0.076
-0.209
0.016
0.168
0.223
0.17
-0.044
0.307
0.65
0.007
0.42
-0.717
-0.109
-0.416
0.013
0.086
-0.177
-0.87
-0.482
-0.094
-1.488
-0.703
-1.224
-1.267
-0.633
-0.371
-0.426
-0.565
-0.492
-0.254
-0.223
-0.566
-0.118
-0.723
-0.784
-0.94
-0.847
-1.338
-0.934
-0.373
-0.878
-0.588
-0.639
-0.765
-1.042
-1.247
-1.591
-1.097
-1.134
-1.618
-1.252
-1.098
-1.128
-1.031
-0.628
-0.942
-0.571
-0.473
-0.427
-0.418
-1.0
-0.594
-0.559
-0.136
0.355
0.283
0.377
1.095
1.043
1.433
1.075
1.195
0.935
0.579
0.563
0.501
0.591
0.216
0.219
0.274
0.288
0.207
0.208
0.105
-0.431
-0.117
-0.878
-0.911
-0.715
-1.126
-1.522
-1.203
-1.365
-1.501
-1.481
-1.367
-1.473
-1.474
-1.807
-1.529
-1.674
-1.13
-1.586
-1.196
-0.878
-1.168
-1.366
-0.941
-1.056
-1.009
-1.608
-0.761
-0.787
-0.819
-0.344
-0.388
-0.129
0.223
0.661
0.569
0.563
0.467
0.378
0.38
0.058
-0.211
-0.403
-0.671
-0.938
-1.133
-1.034
-0.564
-0.02
0.292
0.733
0.506
0.401
0.186
0.982
0.355
0.352
0.154
0.041
-0.183
-1.04
-1.289
-1.386
-1.523
-1.316
-0.878
-0.937
-1.19
-1.19
-1.564
-1.524
-1.962
-1.913
-1.821
-1.523
-1.323
-1.25
-1.552
-1.143
-0.868
-1.587
-1.126
-0.983
-0.617
-0.439
-0.538
-0.293
-0.316
-0.17
0.125
0.327
-0.157
0.36
0.193
0.35
0.097
0.14
0.486
0.31
0.628
0.551
0.524
0.708
0.232
0.199
0.054
0.068
-0.338
0.041
-0.256
-0.115
-0.132
-0.059
-0.01
0.116
-0.327
-0.068
0.094
0.163
0.044
0.029
-0.029
0.428
0.354
0.289
0.267
0.016
-0.098
0.084
-0.076
-0.651
-0.613
-1.3
-1.322
-1.128
-0.614
-0.657
-0.214
0.072
-0.282
0.106
0.509
0.464
0.292
-0.123
0.203
-0.074
-0.18
-0.755
-0.732
-0.561
-0.162
-0.376
0.348
0.403
0.3
0.29
0.808
0.834
1.222
1.637
1.41
1.006
0.794
2.565
0.279
0.593
0.569
0.028
-0.176
-0.535
-0.268
-0.296
-0.492
-0.252
-0.693
-0.269
-0.768
-0.253
-0.261
0.304
-0.369
-0.847
-0.721
-0.274
-0.145
-0.243
-0.039
0.117
0.527
0.253
0.156
-0.001
0.654
0.561
0.521
0.761
0.932
0.977
1.088
0.498
0.41
0.77
0.943
1.407
1.893
1.998
2.069
1.827
1.745
1.387
1.464
1.025
1.584
1.599
1.059
1.197
1.005
0.695
0.923
1.15
1.266
1.552
2.067
1.742
1.959
1.411
1.151
1.202
1.35
1.323
1.29
1.235
1.696
0.966
1.212
1.062
1.048
1.067
1.263
1.41
0.932
1.054
0.538
0.477
0.48
-0.103
0.39
2.565
2.565
0.611
0.786
0.574
0.329
0.155
0.477
0.655
0.529
0.692
0.519
0.508
0.483
-0.094
0.402
0.306
0.4
0.488
1.152
1.391
1.173
1.662
1.076
1.134
1.345
0.773
0.807
1.812
1.262
1.929
2.007
2.182
1.907
1.963
2.019
1.66
1.702
1.562
1.364
1.469
1.288
0.849
1.487
1.411
1.328
1.375
1.527
1.311
1.608
1.495
1.827
1.464
0.833
0.719
0.916
-0.075
0.429
0.602
0.63
0.616
1.302
1.388
1.495
1.601
2.121
2.261
2.296
2.037
1.88
1.742
1.595
1.47
1.687
1.904
2.41
2.117
2.428
2.565
2.565
2.397
2.565
2.565
2.565
1.941
2.14
1.97
1.729
1.445
1.261
2.357
1.56
1.846
1.409
0.93
0.334
0.118
0.158
-0.652
-0.315
-0.35
-0.252
-0.622
-0.547
-0.434
-0.508
-1.136
-0.875
-1.025
-0.502
0.042
0.348
-0.041
0.146
-0.088
-0.175
-0.585
-0.375
-0.276
0.39
-0.052
-0.253
-0.108
-0.312
-0.4
-0.553
-0.476
-0.824
-0.844
-0.399
-0.864
-1.081
-1.021
-1.287
-1.258
-1.284
-1.028
-0.672
-1.148
-1.129
-0.652
-1.061
-0.883
-0.63
-0.282
-0.733
-0.503
-0.657
-0.736
-0.96
-0.818
-0.984
-1.073
-0.94
-1.205
-0.817
-0.066
0.003
-0.235
0.084
0.51
-0.311
0.103
-0.137
-0.852
-0.642
-0.615
-0.733
-0.906
-0.568
-0.277
-0.316
-0.095
0.024
-0.23
-0.054
-0.369
-0.737
-0.579
-0.775
-0.523
-0.774
-0.835
0.013
0.162
0.255
0.227
0.482
-0.025
0.199
-0.676
-0.204
-0.468
-0.674
0.074
0.095
0.258
0.67
0.601
0.528
-0.081
-0.201
-0.69
-0.5
-0.496
-0.699
-1.055
-0.728
-0.994
-1.133
-1.413
-1.593
-1.354
-1.144
-1.175
-1.122
-1.471
-1.129
-1.771
-1.3
-1.058
-0.795
-0.938
-0.672
-0.928
-1.02
-1.097
-1.195
-1.081
-0.971
-0.772
-0.535
-1.071
-0.62
-0.803
-0.777
-0.594
-0.021
0.324
0.036
-0.25
-0.027
-0.031
-0.346
-0.353
-0.4
0.041
-0.195
-0.474
-0.218
-0.9
-0.743
-0.31
-0.051
0.537
0.829
0.548
0.217
-0.179
-0.537
-0.6
-0.788
-0.64
0.122
0.028
-0.323
-0.562
-0.582
-0.219
-0.323
-0.008
-0.266
0.088
-0.14
-0.226
0.03
-0.375
-0.064
0.446
0.263
-0.059
-0.083
0.442
0.376
0.328
0.332
-0.004
-0.348
-0.074
0.035
0.055
-0.412
-0.288
-0.219
-0.443
-0.271
-0.179
0.27
0.482
0.445
0.387
0.294
-0.153
-0.427
-0.753
-0.552
-0.976
-0.956
-0.625
-0.85
-1.385
-0.674
-1.015
-1.1
-0.865
-0.846
-0.863
-0.493
-0.262
0.012
0.081
0.135
0.225
0.282
0.357
0.587
0.503
0.043
0.031
-0.203
-0.462
-0.572
0.116
-0.072
-0.165
-0.783
-0.381
-0.724
-0.628
-0.302
0.178
0.318
0.349
0.201
0.296
0.183
-0.238
-0.394
-0.66
-1.039
-0.979
-0.678
-0.45
-0.713
-0.472
-0.558
-0.687
-0.731
-0.227
-0.475
-0.066
-0.408
-0.438
-0.571
-0.345
-0.425
-0.32
-0.016
0.269
0.217
0.08
0.011
-0.271
-0.312
-0.453
-0.701
-0.843
-0.935
-0.405
0.3
0.279
0.105
0.022
-0.227
-0.135
-0.266
-0.052
0.357
0.525
0.459
0.307
0.25
0.145
0.147
0.315
0.28
0.573
0.742
0.683
0.22
0.568
0.124
-0.09
-0.324
0.122
-0.205
0.43
0.755
0.339
0.135
0.226
0.444
0.085
0.514
0.238
0.416
0.394
0.177
0.229
0.415
0.623
0.751
0.82
1.378
1.439
0.947
0.691
0.388
0.355
0.157
0.342
0.413
0.463
0.601
0.727
0.931
0.57
0.572
0.728
0.324
0.679
0.85
0.305
0.739
0.431
0.783
0.873
-0.067
0.753
0.997
0.703
0.75
0.947
0.983
0.947
1.345
1.204
1.263
0.87
1.229
0.991
0.823
0.361
0.438
0.477
0.199
0.472
0.559
0.923
1.072
0.865
0.815
0.793
1.074
0.869
0.935
0.526
0.449
0.846
0.319
0.79
0.821
0.792
0.728
1.044
1.252
0.932
0.898
0.398
-0.227
-0.152
0.077
-0.229
-0.099
0.075
-0.11
-0.33
0.333
0.449
0.431
0.525
0.866
0.73
0.842
0.44
0.745
0.812
0.804
1.169
0.974
1.748
1.873
1.895
1.397
1.712
1.766
1.488
1.427
1.247
1.356
1.297
1.516
2.228
2.291
2.547
1.943
1.649
1.696
1.17
1.514
1.8
2.22
1.812
2.16
1.381
1.502
1.565
1.344
1.634
1.673
1.588
1.154
1.421
1.829
2.284
1.946
1.864
2.188
1.706
1.851
1.642
1.367
1.055
0.488
0.391
0.445
0.745
0.684
0.779
0.807
1.064
1.124
1.268
1.662
1.32
1.475
1.31
0.748
0.862
0.717
0.632
0.644
0.09
0.71
0.538
0.75
0.547
0.574
0.138
0.118
-0.081
0.046
-0.266
0.158
-0.359
-0.936
-0.373
-1.0
-0.862
-0.84
-0.36
0.011
0.19
0.321
0.609
0.349
0.196
0.131
0.378
-0.063
0.089
-0.415
-0.358
-0.667
-0.735
-0.659
0.182
-0.078
0.178
0.649
0.764
0.484
0.218
0.359
-0.148
0.427
0.132
0.154
0.369
-0.224
-0.361
-0.299
-0.071
-0.141
-0.238
-0.243
-0.42
-0.765
-0.723
-0.92
-1.531
-1.173
-1.811
-1.353
-0.771
-0.282
0.246
-0.157
-0.158
-0.661
-0.156
-0.566
-0.507
0.104
0.1
-0.22
-0.078
-0.401
-0.443
-0.604
-1.277
-1.076
-1.1
-1.386
-0.876
-0.5
-0.1
-0.127
0.325
-0.078
-0.391
-0.988
-0.885
-0.718
-1.504
-1.815
-1.797
-2.201
-2.341
-2.261
-2.2
-2.08
-1.532
-0.77
0.044
-0.156
-0.07
-0.482
-0.915
-0.566
-1.271
-1.383
-0.974
-1.38
-1.008
2.565
-0.08
0.096
-0.014
0.372
0.611
-0.162
0.386
0.096
0.046
0.061
0.108
-0.566
-0.417
-0.399
-0.872
-0.621
-0.059
-0.147
-0.098
-0.03
-0.323
-0.152
-0.611
-0.735
-0.675
-1.314
-1.278
-1.346
-1.742
-1.857
-1.679
-1.778
-1.222
-0.976
-0.713
-0.428
-0.674
-0.813
-0.82
-0.721
-0.887
-0.218
-0.273
-0.262
-0.562
-0.379
-0.614
-0.939
-0.814
-0.652
-0.187
-0.317
-0.167
0.193
-0.409
0.14
-0.133
0.007
0.008
0.442
0.083
0.17
-0.246
-0.44
-0.601
-0.692
-0.777
-0.624
-0.563
-0.655
-0.568
-0.848
-0.895
-0.803
-0.439
-0.237
-0.092
-0.143
-0.054
-0.156
-0.555
-0.31
-0.841
-0.711
-0.802
-1.143
-0.907
-0.818
-0.85
-0.84
-1.242
-1.456
-1.833
-1.391
-1.526
-1.778
-0.511
-0.599
-0.059
-0.145
-0.026
-0.795
-0.806
-0.677
-0.396
0.062
0.107
0.014
-0.49
-0.063
-0.125
0.233
0.521
0.659
0.579
0.645
0.208
0.46
0.21
-0.41
0.145
-0.056
0.422
0.558
1.081
0.937
1.197
1.292
1.618
1.523
1.668
2.207
2.057
1.806
1.471
1.142
0.655
0.487
0.286
-0.127
-0.163
0.029
-0.03
0.461
0.689
0.349
0.013
0.017
-0.095
0.244
0.248
0.221
0.167
-0.25
-0.27
-0.699
-0.728
-0.443
-0.307
-0.373
-0.603
-0.767
-1.081
-0.685
-0.961
-1.234
-0.853
-1.134
-1.003
-0.263
0.259
0.15
0.162
0.015
-0.232
-0.47
-1.135
-0.448
-0.361
-0.43
-0.334
-0.669
-0.889
-0.622
-0.755
-0.702
-0.456
-0.425
-0.248
-0.294
-0.298
-0.232
-0.195
0.07
0.629
0.548
0.713
0.445
0.536
0.464
0.498
0.493
0.484
0.62
0.394
0.212
0.223
0.361
0.061
0.412
0.42
0.097
0.606
0.782
0.892
1.266
1.427
1.81
1.871
2.024
1.958
2.339
2.308
2.097
1.802
2.209
2.236
2.38
2.154
1.606
1.661
1.478
1.179
1.716
1.879
1.857
2.004
2.506
1.599
1.35
0.814
0.649
0.394
0.997
1.213
1.018
0.905
1.007
0.777
0.862
0.985
1.576
1.998
2.055
1.393
1.228
0.782
0.572
0.053
0.441
0.838
0.92
1.554
1.484
1.479
0.86
0.309
0.547
0.626
0.928
1.203
1.157
1.143
0.813
0.957
1.289
1.202
1.808
1.678
2.247
2.565
2.226
2.265
2.075
1.903
1.903
1.704
1.778
1.949
1.64
1.269
1.102
0.671
0.875
0.751
0.792
0.7
0.93
0.862
0.714
0.693
0.649
0.371
0.955
1.71
1.734
2.163
2.219
2.409
1.714
1.823
1.871
1.809
1.694
1.444
1.062
0.451
0.258
0.192
0.382
0.24
0.203
0.09
0.575
0.471
0.459
0.394
0.233
0.695
0.581
0.818
0.63
0.598
0.449
-0.234
0.21
0.478
0.746
0.689
1.031
1.232
1.323
1.258
1.377
1.117
1.035
0.883
0.777
0.821
0.459
-0.211
-0.388
-0.59
-0.349
-0.433
-0.121
-0.18
0.084
0.134
-0.415
-0.562
-0.848
-0.771
-0.78
-0.698
-0.433
0.311
0.775
1.086
1.162
1.191
1.323
0.786
1.038
0.778
0.733
0.542
0.806
0.753
0.675
1.516
1.407
1.453
1.389
1.023
1.289
1.294
1.17
1.255
1.021
0.771
0.494
-0.047
-0.497
-0.791
-0.504
-0.194
-0.323
-0.055
0.081
-0.242
-0.275
0.015
0.805
0.665
0.119
-0.458
-0.614
-0.655
-0.932
-1.387
-1.537
-1.716
-1.72
-2.107
-1.582
-1.321
-1.196
-0.743
-0.942
-1.165
-0.738
-0.838
-0.756
-1.051
-0.746
-1.124
-1.206
-0.733
-1.052
-1.153
-0.884
-1.429
-0.907
-0.981
-0.351
-0.022
-0.691
-0.928
-0.796
-1.458
-1.287
-1.445
-0.834
-1.082
-1.311
-1.268
-0.876
-0.4
-0.721
-0.534
-0.122
-0.459
-0.768
-0.816
-1.267
-1.599
-1.206
-1.552
-1.166
-1.537
-1.955
-1.808
-1.527
-1.662
-1.782
-1.478
-1.309
-0.995
-0.787
-0.84
-0.557
-0.44
-0.689
-0.463
-0.37
-0.347
-0.04
0.098
-0.152
0.603
0.472
0.574
1.163
-2.567
0.392
-0.055
-0.378
-0.443
-0.641
-1.295
-0.86
-0.759
0.103
0.078
0.205
0.055
0.128
-0.102
0.521
0.839
1.061
1.359
0.447
0.695
0.224
0.144
-0.072
-0.334
-0.453
-0.802
-0.336
-1.743
0.257
0.675
0.404
0.278
-0.494
-0.343
-0.921
-1.134
-0.885
-0.815
-0.979
-0.842
-0.19
-0.205
0.013
0.473
0.432
0.691
-0.068
-0.178
-0.672
-0.993
-1.625
-1.328
-1.66
-2.089
-1.7
-2.038
-1.778
-1.796
-1.776
-1.337
-1.421
-0.87
-0.555
-0.186
0.246
-0.486
-0.432
-1.078
-1.437
-1.113
-1.411
-0.832
-0.508
-0.49
-0.779
-0.948
-1.065
-1.097
-1.427
-1.298
-0.935
-0.817
-0.569
-0.278
-0.513
-0.728
-0.468
-0.243
0.079
0.353
0.453
0.541
0.769
0.458
0.612
0.521
0.205
0.188
0.136
-0.118
-0.35
-0.46
-0.117
-0.205
-0.208
0.204
0.326
0.318
0.447
0.619
0.513
0.134
0.908
0.357
0.393
0.275
0.276
0.283
0.14
0.601
0.165
0.334
0.348
0.196
0.42
-0.051
-0.552
-0.428
-0.536
-0.704
-0.584
-0.498
0.163
0.522
1.106
1.189
0.971
1.022
0.858
1.092
1.119
1.978
1.91
1.743
1.836
1.381
0.948
0.887
1.183
0.944
0.714
0.64
0.583
0.19
-0.049
-0.549
-1.287
-1.281
-1.316
-1.11
-0.755
-0.917
-0.878
-0.792
-1.061
-1.15
-0.858
-0.473
-0.465
0.026
0.363
0.04
0.177
0.114
0.109
0.202
-0.217
-0.257
0.148
-0.033
-0.201
0.697
0.598
0.638
0.868
0.806
0.777
0.556
1.056
1.308
0.606
0.595
0.902
0.952
0.409
0.741
0.668
0.718
0.381
0.691
0.644
0.831
0.876
0.779
0.853
1.192
0.845
0.812
0.951
0.254
0.533
0.832
1.129
1.392
1.206
1.445
1.466
1.368
1.649
1.424
1.101
1.104
0.954
0.702
0.638
0.338
0.448
0.639
0.593
0.366
1.158
0.938
0.678
0.505
0.733
0.249
0.097
0.071
-0.041
0.181
0.364
0.263
0.167
0.453
0.272
0.282
-0.149
0.549
-0.034
0.188
0.142
0.254
0.582
0.255
0.098
0.213
0.536
-0.015
0.331
0.737
0.826
0.659
0.743
1.338
1.36
1.232
1.073
0.952
1.108
0.897
1.064
0.694
0.613
0.645
0.361
0.907
0.633
0.655
0.723
0.562
0.304
0.502
0.362
0.412
0.872
1.314
1.622
1.727
1.592
1.38
1.873
2.045
2.161
2.35
2.34
1.906
2.258
1.992
2.181
1.873
1.838
1.853
1.6
1.61
1.422
1.451
1.784
2.335
2.11
2.496
2.565
2.565
2.547
2.565
2.565
2.13
2.396
1.971
1.418
1.571
1.95
1.733
1.623
1.091
1.357
0.591
0.414
0.458
-0.112
-0.002
0.346
0.522
0.34
0.048
-0.09
0.089
0.133
0.257
0.075
0.433
0.128
-0.175
0.033
-0.445
-0.385
-2.567
-0.208
-0.124
-0.538
-0.707
-0.689
-0.989
-1.008
-1.178
-0.718
-0.705
-0.317
-0.161
0.449
0.394
0.154
0.093
-0.257
-0.458
-0.34
-0.149
-0.397
-0.255
-0.237
-0.3
-0.617
-0.034
-0.015
0.426
0.993
1.678
1.028
0.616
0.317
-0.584
-0.725
-1.138
-0.424
-0.943
-0.908
-1.128
-0.617
-0.912
-0.925
-0.768
-0.635
-1.167
-1.145
-0.866
-1.037
-1.472
-1.199
-1.359
-0.873
-0.637
-0.398
0.216
0.835
0.609
0.649
0.328
0.172
0.551
0.112
0.525
-2.567
0.464
0.424
-0.143
-0.125
0.512
-0.004
0.245
0.376
0.95
0.7
0.372
-2.567
-0.575
-0.915
-0.818
-0.763
-0.419
0.368
-0.241
-0.214
0.283
-0.16
-0.665
-0.714
-0.334
-0.85
-0.898
-1.345
-1.468
-1.181
-1.333
-1.811
-1.583
-1.446
-1.377
-1.458
2.565
-1.042
-0.109
-0.317
-0.371
-0.571
-0.55
-0.822
-0.389
-0.499
-0.292
-0.025
0.247
0.343
0.593
0.17
0.618
0.103
0.294
0.133
0.046
0.573
0.327
1.336
0.713
1.095
0.767
0.767
0.228
-0.249
1.001
0.909
0.559
0.416
-0.295
-0.588
-1.102
-0.562
-1.188
-1.102
-1.429
-1.757
-1.816
-1.879
-1.421
-1.176
-0.84
-0.323
-0.144
-0.056
-0.192
-0.501
-1.086
-0.193
-0.955
-0.29
0.422
0.706
0.641
0.378
0.63
0.686
0.478
0.392
0.382
0.245
0.331
-0.084
-0.329
-0.323
-0.588
-0.563
-0.625
-1.222
-1.302
-1.183
-1.189
-1.001
-1.214
-1.037
-1.045
-1.243
-1.122
-0.935
-1.248
-0.852
-0.267
-0.607
-0.647
-0.441
-0.972
-1.017
-0.666
-0.616
-0.299
-0.075
-0.459
-0.01
0.137
-0.008
-0.048
-0.262
-0.43
-0.706
-0.595
-0.143
0.147
-0.184
0.112
-0.165
-0.43
-0.273
-0.209
-0.231
-0.643
-0.427
-0.469
-0.566
-0.69
-0.221
-0.634
-1.022
-1.0
-1.435
-1.544
-1.325
-1.116
-1.022
-0.887
-0.718
-0.63
-0.85
-0.85
-0.535
-0.835
-0.197
-0.068
-0.247
0.075
-0.149
-0.235
0.095
0.222
0.318
1.112
0.625
0.994
0.851
1.409
1.288
1.428
1.169
1.284
0.934
1.103
0.795
0.849
0.485
0.208
-0.107
0.459
0.36
0.695
0.35
0.527
0.539
-0.113
-0.714
-0.93
-0.89
-0.583
-0.636
-0.324
-0.186
0.142
-0.213
-0.089
0.24
0.063
-0.1
-0.04
-0.007
0.317
0.192
0.628
0.175
0.487
0.925
0.795
0.71
1.063
0.906
1.085
1.253
1.224
1.34
1.328
0.895
0.96
0.952
0.84
0.792
0.789
0.938
0.491
0.827
0.552
0.901
0.162
0.785
0.842
1.057
0.624
0.419
0.773
0.601
0.543
0.522
0.587
0.309
0.803
0.596
0.938
1.084
0.785
1.351
1.313
0.869
0.631
0.354
0.386
0.339
0.285
-0.035
0.431
0.095
0.174
0.195
-0.07
0.001
-0.336
-0.052
-0.285
-0.152
0.062
0.046
0.288
0.314
0.228
0.777
0.611
1.128
0.308
0.238
0.39
0.329
0.327
0.252
0.921
0.575
0.205
0.498
0.242
0.058
-0.45
0.344
0.312
0.188
0.309
0.547
0.587
0.337
1.034
0.89
1.061
1.285
1.178
1.464
1.673
1.59
1.465
1.618
1.468
1.619
1.643
1.535
1.935
2.044
2.013
2.13
2.07
2.087
2.283
1.86
2.136
1.872
2.006
2.455
2.42
2.178
2.524
2.153
2.294
2.237
1.837
1.568
1.413
1.425
0.603
2.565
0.352
0.499
0.479
0.607
0.36
0.775
0.801
0.697
0.825
0.37
0.49
0.371
0.214
0.646
0.86
0.399
0.232
0.368
0.169
0.542
0.773
0.686
0.439
0.457
0.393
0.296
0.335
0.073
0.55
0.304
0.248
0.12
0.356
-0.361
-0.343
0.274
-0.189
-0.496
-0.417
0.068
0.085
-0.158
0.294
0.67
0.352
0.223
0.175
-0.173
-0.139
-0.11
0.111
-0.178
-0.043
-0.395
-0.406
-0.338
-0.007
-0.289
-0.181
-0.087
-0.41
0.004
0.463
0.107
0.362
0.403
0.568
0.301
0.448
0.149
0.344
0.144
-0.235
-0.175
0.174
0.12
0.344
0.601
0.17
-0.028
-0.138
0.114
-0.186
-0.337
-0.418
-0.714
-0.055
-0.556
-0.466
-0.337
0.116
-0.275
-0.192
0.15
0.299
0.19
-0.011
0.311
-0.113
-0.417
-0.004
-0.341
-0.527
-0.998
-1.396
-1.544
-1.178
-1.208
-0.843
-0.929
-0.52
-1.326
-1.449
-1.041
-1.105
-1.324
-1.376
-1.263
-1.751
-1.264
-1.208
-0.551
-0.707
-0.773
-0.756
0.012
-0.703
-0.263
-0.105
-0.57
-0.552
-0.45
-0.28
-0.492
0.133
-0.043
0.117
0.095
0.127
-0.041
-0.25
-0.325
-0.615
-0.629
-0.453
-0.384
0.214
0.264
0.377
0.312
0.195
-0.118
-0.505
-0.863
-1.137
-1.547
-1.575
-1.77
-1.855
-1.688
-1.403
-1.377
-1.233
-1.174
-1.106
-1.023
-0.946
-0.995
-0.708
-0.681
-0.593
-0.766
-0.568
-0.255
0.083
0.226
0.088
0.268
-0.118
-0.256
-0.699
-0.498
-0.59
-0.463
-0.54
-0.586
-0.445
-0.771
-0.606
-0.807
-1.153
-1.172
-1.611
-1.734
-1.382
-1.363
-1.068
-1.058
-0.524
-0.561
-0.239
-0.026
0.213
0.026
0.147
-0.138
-0.478
-0.397
-0.583
-0.362
0.106
-0.078
-0.204
0.02
0.447
-0.064
0.201
0.004
0.12
0.668
0.473
0.438
0.389
0.871
0.357
0.058
0.167
0.597
-0.044
-0.033
-0.279
-0.185
0.12
0.055
-0.213
-0.358
-0.763
-0.297
0.11
-0.029
0.211
1.093
0.785
0.907
1.094
0.631
0.824
0.738
0.549
0.887
0.969
0.855
0.688
0.627
0.284
-0.382
-0.228
-0.288
-0.094
-0.626
-0.136
-0.553
-0.632
-0.638
-0.849
-0.482
-0.301
-0.369
-0.171
-0.628
-0.393
-0.522
-0.47
-0.657
-0.732
-0.782
-0.577
-0.805
-0.9
-0.423
0.089
-0.179
0.078
0.332
0.3
-0.104
0.414
-0.032
0.203
0.315
0.732
0.428
0.861
0.571
0.675
0.54
0.624
0.533
0.442
0.343
-0.033
0.492
0.201
0.327
0.644
0.322
0.592
0.312
0.492
0.266
-0.05
-0.271
-0.215
-0.167
-0.173
-0.02
0.666
0.577
0.524
0.744
0.518
1.087
0.789
0.648
0.942
1.16
1.074
1.275
0.903
0.958
1.392
1.006
1.265
0.974
0.791
0.484
0.603
0.266
0.198
0.559
0.377
0.271
0.381
0.509
0.301
0.487
0.652
0.504
0.431
0.303
0.39
0.462
0.868
0.773
0.63
1.167
0.917
0.953
1.015
0.787
0.855
1.023
1.13
1.622
1.491
1.549
1.447
1.932
1.565
1.973
1.929
1.597
1.394
1.154
1.025
0.88
1.063
0.82
1.189
0.931
0.719
0.877
0.568
1.148
1.173
1.342
0.713
1.043
0.088
0.405
-0.35
0.139
0.024
0.312
-0.135
0.293
0.337
-0.546
-0.222
-0.277
-0.139
-0.195
0.52
0.281
0.456
0.626
0.818
1.046
1.244
0.649
0.898
0.775
0.997
1.044
1.008
0.385
0.233
0.862
0.916
0.584
0.842
0.831
1.264
0.468
0.672
0.673
0.655
1.082
1.449
1.904
1.886
2.396
2.341
1.962
1.951
1.931
1.705
1.559
1.171
1.413
1.153
2.565
2.565
1.18
1.837
1.848
1.995
2.013
1.774
1.698
1.24
1.232
0.982
0.907
0.919
1.079
0.817
1.061
0.933
1.326
1.145
1.502
1.206
1.426
0.713
0.52
0.37
0.297
-0.173
-0.051
0.007
-0.52
0.03
0.184
-0.348
-0.347
-0.758
-0.765
-0.645
-0.028
-0.21
-0.475
-0.426
-0.585
-1.194
-1.243
-1.198
-1.397
-1.192
-1.308
-1.09
-0.955
-0.705
-0.628
-0.524
0.016
-0.164
-0.218
-0.643
-0.189
-0.87
-0.506
-0.439
-0.602
0.012
0.641
0.489
0.834
0.594
0.137
0.301
0.254
0.378
0.097
0.217
-0.133
-0.571
-0.291
-0.398
-0.503
-0.331
-0.397
-0.425
-0.077
-0.165
-0.209
-0.006
0.166
-0.319
-0.294
0.046
-0.156
-0.742
-0.317
0.514
-0.002
0.123
0.174
0.399
0.509
0.483
0.562
0.592
0.598
0.597
0.617
0.989
0.572
0.571
0.725
0.399
-0.092
0.288
-0.197
0.084
-0.011
-0.121
-0.132
-0.271
-0.66
-0.21
0.026
0.191
-0.434
-0.376
-0.301
-0.453
-0.474
-0.279
-0.6
-0.96
-0.311
-0.832
-0.527
-0.448
-0.605
-0.593
-0.925
-1.174
-0.839
-0.728
-0.539
-0.778
-0.449
-0.685
-0.541
-0.721
-1.051
-0.477
0.012
-0.983
-1.059
-1.487
-1.254
-1.744
-0.964
-1.17
-1.146
-1.025
-1.284
-0.921
-0.758
-0.787
-0.85
-0.789
-0.635
-0.357
-0.888
-0.745
-0.686
-0.608
-0.973
-0.981
-1.252
-0.796
-0.983
-1.202
-1.012
-1.075
-0.709
-0.517
-0.291
-0.307
0.131
0.128
