0.874
0.921
0.955
0.98
0.866
0.897
0.804
0.792
0.624
0.598
0.355
0.318
0.134
0.241
0.348
0.585
0.408
0.355
0.511
0.564
0.395
0.323
0.291
0.349
0.215
0.224
0.238
0.228
0.212
0.126
0.175
-0.015
-0.031
0.02
-0.077
-0.122
-0.163
-0.195
-0.346
-0.352
-0.244
-0.244
-0.018
0.021
-0.08
0.076
0.019
0.077
0.143
0.276
0.217
0.288
0.315
0.29
0.2
0.164
0.076
-0.119
-0.001
-0.029
-0.246
-0.211
-0.329
-0.165
-0.426
-0.754
-0.62
-0.879
-0.927
-1.119
-1.071
-1.039
-1.164
-1.04
-1.04
-0.956
-1.041
-1.03
-1.042
-1.055
-0.981
-1.133
-0.927
-0.777
-0.719
-0.667
-0.573
-0.445
-0.315
-0.233
-0.228
-0.189
-0.198
0.043
0.019
0.052
0.154
0.189
0.284
0.154
0.259
0.101
0.146
-0.007
0.095
-0.018
-0.029
0.076
0.005
0.115
0.309
0.451
0.529
0.719
0.721
0.885
0.974
0.801
0.824
0.815
0.647
0.738
0.723
0.74
0.63
0.321
0.212
0.235
0.294
0.302
0.529
0.631
0.396
0.562
0.129
0.105
-0.184
-0.352
-0.432
-0.409
-0.505
-0.595
-0.614
-0.591
-0.652
-0.694
-0.666
-0.532
-0.403
-0.427
-0.515
-0.383
-0.536
-0.56
-0.583
-0.649
-0.645
-0.415
-0.401
-0.4
-0.261
-0.316
-0.128
0.103
-0.046
-0.035
0.051
-0.159
0.033
-0.076
0.245
0.345
0.506
0.638
0.536
0.623
0.417
0.385
0.294
0.699
0.859
0.679
0.739
0.851
1.011
0.912
1.285
1.099
1.177
1.389
1.081
1.188
1.026
1.064
0.846
0.83
0.674
0.764
0.677
0.471
0.29
0.074
-0.007
0.088
0.096
0.107
0.107
0.211
0.326
0.206
0.328
0.011
-0.275
-0.1
-0.201
0.025
-0.022
-0.052
-0.088
-0.188
-0.176
-0.42
-0.364
-0.259
-0.413
-0.501
-0.297
-0.492
-0.588
-0.598
-0.65
-0.609
-0.662
-0.559
-0.508
-0.674
-0.713
-0.818
-0.81
-0.542
-0.647
-0.716
-0.713
-0.739
-0.796
-0.792
-0.695
-0.699
-0.495
-0.614
-0.819
-0.999
-1.134
-1.18
-1.005
-0.805
-0.819
-0.81
-0.574
-0.655
-0.615
-0.454
-0.542
-0.415
-0.459
-0.301
-0.015
-0.1
-0.141
-0.044
0.315
0.486
0.766
0.936
0.917
0.914
0.794
0.841
0.812
0.664
0.734
0.378
0.417
0.594
0.734
0.583
0.621
0.465
0.352
0.216
0.076
0.007
-0.17
-0.106
-0.15
-0.115
-0.289
-0.388
-0.016
-0.158
-0.184
0.004
0.039
0.143
0.214
-0.013
0.004
-0.066
0.007
0.221
0.098
0.021
-0.034
-0.155
-0.35
-0.229
-0.205
-0.527
-0.603
-0.547
-0.561
-0.404
-0.426
-0.378
-0.238
-0.231
-0.223
-0.085
-0.214
0.005
0.152
0.215
0.255
0.302
0.265
0.185
0.427
0.328
0.436
0.545
0.546
0.495
0.484
0.501
0.234
0.231
0.28
0.143
0.236
0.203
0.219
0.251
0.381
0.461
0.335
0.344
0.326
0.241
0.281
0.212
0.189
0.17
0.147
0.33
0.311
0.263
0.42
0.11
0.084
0.136
0.226
0.203
0.177
0.451
0.51
0.667
0.849
0.951
0.926
0.939
0.9
0.968
0.839
1.061
1.117
1.103
1.084
1.188
1.295
1.323
1.2
1.114
1.14
1.106
0.995
0.915
0.725
0.62
0.479
0.43
0.471
0.393
0.245
0.18
-0.088
-0.016
-0.166
-0.234
-0.152
-0.233
-0.35
-0.235
-0.318
-0.44
-0.416
-0.385
-0.48
-0.761
-0.825
-0.705
-0.917
-1.061
-1.177
-1.2
-1.235
-1.179
-1.281
-1.175
-1.384
-1.329
-1.299
-1.271
-1.325
-1.404
-1.355
-1.488
-1.545
-1.559
-1.546
-1.588
-1.386
-1.44
-1.32
-1.258
-1.195
-1.125
-1.094
-0.914
-0.936
-0.948
-0.94
-1.052
-1.143
-0.871
-0.754
-0.608
-0.286
-0.36
-0.044
0.131
0.066
0.404
0.541
0.74
0.665
0.75
1.188
1.159
1.203
1.23
1.542
1.604
1.555
1.45
1.375
1.391
1.356
1.144
1.097
0.973
0.688
0.501
0.44
0.396
0.191
0.21
0.145
0.095
0.059
0.019
0.006
-0.031
-0.074
-0.08
-0.128
-0.15
-0.12
0.021
-0.091
0.193
0.281
0.406
0.55
0.495
0.515
0.41
0.344
0.589
0.383
0.38
0.188
0.124
0.131
0.051
0.08
0.174
0.074
-0.214
-0.136
-0.191
-0.379
-0.366
-0.355
-0.354
-0.506
-0.541
-0.686
-0.601
-0.398
-0.339
-0.36
-0.451
-0.284
-0.383
-0.331
-0.487
-0.448
-0.444
-0.357
-0.434
-0.374
-0.611
-0.818
-0.807
-0.861
-0.719
-0.492
-0.21
-0.116
-0.092
-0.263
-0.389
-0.415
-0.333
-0.144
-0.22
-0.325
-0.346
-0.404
-0.421
-0.589
-0.396
-0.259
-0.26
-0.509
-0.499
-0.431
-0.704
-0.586
-0.341
-0.609
-0.279
-0.12
-0.071
-0.169
-0.346
-0.509
-0.3
-0.151
-0.016
-0.084
-0.019
-0.083
-0.26
-0.188
-0.219
-0.286
-0.144
-0.161
-0.405
-0.585
-0.534
-0.356
-0.336
-0.16
-0.21
-0.043
0.155
0.159
0.32
0.295
0.283
0.417
0.45
0.581
0.544
0.646
0.828
0.806
1.06
1.208
1.226
1.225
0.985
1.061
1.032
1.026
0.824
0.824
0.841
0.714
0.834
0.791
0.98
1.073
1.026
0.917
0.881
0.794
0.71
0.661
0.427
0.427
0.426
0.246
0.354
0.279
0.321
0.009
-0.141
-0.175
-0.344
-0.422
-0.557
-0.461
-0.591
-0.58
-0.455
-0.575
-0.393
-0.432
-0.479
-0.54
-0.441
-0.516
-0.529
-0.529
-0.497
-0.598
-0.714
-0.805
-0.719
-0.811
-0.546
-0.631
-0.865
-0.566
-0.816
-0.96
-0.927
-1.059
-1.189
-1.295
-1.298
-1.299
-1.274
-1.016
-0.919
-0.825
-1.011
-1.225
-1.423
-1.292
-1.085
-0.985
-0.771
-0.531
-0.284
0.036
0.221
0.189
0.302
0.54
0.532
0.501
0.547
0.694
0.939
1.015
1.311
1.026
1.179
1.464
1.74
1.688
1.766
1.816
1.694
1.504
1.395
1.374
1.367
1.349
1.226
1.193
1.116
0.968
0.571
0.405
0.334
0.228
0.091
0.031
-0.015
-0.029
-0.107
-0.145
-0.21
-0.149
-0.182
-0.357
-0.348
-0.22
-0.29
-0.203
-0.26
-0.203
-0.341
-0.25
0.059
0.126
0.278
0.229
-0.046
0.099
-0.062
0.021
-0.331
-0.297
-0.346
-0.319
-0.198
-0.348
-0.638
-0.559
-0.856
-0.735
-0.772
-0.501
-0.439
-0.21
-0.384
-0.565
-0.675
-0.55
-0.441
-0.118
-0.196
-0.051
0.065
0.109
0.015
0.07
0.119
0.065
0.146
0.219
0.239
0.251
0.285
0.138
0.113
0.235
0.156
0.305
0.196
0.276
0.179
0.105
0.145
0.388
0.525
0.451
0.436
0.56
0.343
0.321
0.324
0.254
0.393
0.367
0.244
0.168
0.069
0.044
-0.006
-0.021
-0.028
-0.098
-0.184
-0.226
-0.22
-0.339
-0.37
-0.351
-0.286
-0.265
-0.164
-0.484
-0.362
-0.574
-0.391
-0.328
-0.175
-0.331
-0.23
0.071
0.188
0.196
0.145
-0.133
-0.242
-0.438
-0.499
-0.733
-0.651
-0.583
-0.343
-0.235
-0.144
-0.199
-0.066
0.151
0.326
0.278
0.235
0.23
0.453
0.394
0.427
0.584
0.606
0.485
0.479
0.356
0.424
0.496
0.669
0.924
0.876
0.897
0.795
0.554
0.551
0.526
0.307
0.642
0.694
0.706
0.841
0.681
0.576
0.575
0.306
0.249
0.02
-0.24
-0.316
-0.356
-0.214
-0.509
-0.38
-0.3
-0.251
-0.069
-0.234
-0.215
-0.333
-0.415
-0.489
-0.495
-0.541
-0.519
-0.379
-0.33
-0.26
-0.401
-0.15
-0.234
-0.271
-0.156
-0.004
0.152
0.229
0.203
0.169
0.096
0.168
0.3
0.18
0.396
0.388
0.633
0.688
0.881
1.071
1.119
0.784
0.735
0.594
0.875
0.71
0.576
0.436
0.352
0.404
0.209
0.36
0.396
0.681
0.705
0.542
0.536
0.435
0.492
0.424
0.304
0.307
0.176
0.118
0.045
0.06
-0.045
-0.076
-0.075
0.025
-0.095
-0.241
-0.284
-0.381
-0.531
-0.634
-0.501
-0.56
-0.559
-0.615
-0.635
-0.603
-0.584
-0.818
-0.866
-0.804
-0.695
-0.67
-0.782
-0.994
-0.672
-0.745
-0.8
-0.784
-0.764
-0.758
-0.495
-0.482
-0.383
-0.521
-0.365
-0.18
-0.208
-0.043
-0.026
0.045
0.166
0.226
0.481
0.471
0.474
0.527
0.686
0.448
0.694
0.63
1.044
0.86
0.905
1.045
1.119
0.978
0.995
1.145
0.988
0.951
0.75
0.651
0.646
0.59
0.698
0.787
0.743
0.705
0.579
0.554
0.456
0.246
-0.036
-0.323
-0.456
-0.635
-0.589
-0.521
-0.57
-0.623
-0.593
-0.79
-0.684
-0.534
-0.649
-0.586
-0.695
-0.855
-0.949
-1.042
-1.141
-1.081
-0.665
-0.784
-0.606
-0.662
-0.688
-0.84
-0.792
-0.823
-0.799
-0.775
-0.67
-0.725
-0.776
-0.975
-1.065
-1.124
-0.874
-0.846
-0.685
-0.601
-0.598
-0.522
-0.521
-0.37
-0.224
-0.134
-0.171
-0.329
-0.166
-0.436
-0.301
-0.432
-0.417
-0.41
-0.496
-0.496
-0.794
-0.586
-0.664
-0.456
-0.657
-0.695
-0.601
-0.667
-0.398
-0.339
-0.348
-0.236
-0.126
-0.05
-0.199
-0.061
-0.133
0.003
-0.046
-0.075
-0.118
0.071
0.256
0.236
0.309
0.386
0.464
0.446
0.448
0.74
0.579
0.675
0.736
0.776
0.642
0.784
0.744
0.914
0.84
0.959
1.086
0.904
0.835
0.728
0.771
0.948
1.183
1.165
1.119
0.906
1.026
0.879
0.831
0.891
0.811
0.879
0.975
1.137
1.078
1.055
0.954
1.026
1.089
0.981
0.909
0.84
1.08
1.026
0.969
0.78
0.551
0.323
0.234
0.133
0.011
0.361
0.42
0.174
-0.011
-0.09
-0.015
0.024
0.217
0.176
0.29
0.289
0.163
0.074
0.27
0.239
0.302
0.083
-0.062
0.01
-0.198
-0.357
-0.516
-0.501
-0.746
-0.61
-0.594
-0.575
-0.688
-0.959
-0.975
-0.713
-0.881
-0.662
-0.66
-0.809
-0.776
-0.86
-0.826
-0.706
-0.674
-0.499
-0.426
-0.134
0.046
-0.176
-0.029
0.006
0.14
0.055
-0.136
-0.251
-0.292
-0.154
-0.126
-0.145
-0.271
-0.312
-0.516
-0.674
-0.828
-0.895
-0.729
-1.005
-1.01
-0.851
-0.761
-0.904
-0.756
-0.861
-1.011
-1.06
-1.036
-1.334
-1.109
-0.824
-0.802
-0.706
-0.314
-0.415
-0.426
-0.328
-0.173
-0.094
-0.121
-0.16
-0.369
-0.348
-0.328
-0.247
-0.258
-0.255
-0.251
-0.228
-0.229
-0.335
-0.296
-0.229
-0.454
-0.54
-0.475
-0.074
0.022
-0.013
0.17
0.05
0.104
-0.03
-0.06
-0.261
-0.324
-0.233
-0.306
-0.101
0.024
0.034
0.071
0.009
-0.32
-0.092
-0.141
-0.384
-0.284
-0.283
-0.149
0.011
0.241
0.273
0.304
0.18
0.396
0.515
0.688
0.644
0.823
0.81
0.973
0.889
0.886
0.807
0.811
0.909
0.853
0.926
0.846
0.994
0.959
0.999
1.081
0.797
0.492
0.524
0.264
0.26
0.19
0.295
0.485
0.568
0.557
0.619
0.438
0.164
0.345
0.489
0.571
0.529
0.431
0.375
0.459
0.571
0.863
0.734
1.305
1.135
1.296
1.318
1.136
1.125
1.184
1.314
1.456
1.436
1.279
1.343
1.204
0.889
0.831
0.785
0.676
0.657
0.524
0.479
0.654
0.642
0.723
0.581
0.509
0.345
0.417
0.198
0.15
-0.054
0.081
0.129
-0.013
-0.1
-0.11
-0.2
-0.238
-0.458
-0.191
-0.133
-0.3
-0.556
-0.605
-0.768
-0.684
-0.511
-0.609
-0.516
-0.367
-0.424
-0.269
-0.473
-0.379
-0.605
-0.685
-0.638
-0.699
-0.934
-0.97
-0.815
-0.649
-0.521
-0.345
-0.665
-0.67
-0.671
-0.706
-0.651
-0.616
-0.621
-0.633
-0.69
-0.901
-0.818
-0.772
-0.709
-0.777
-0.776
-0.64
-0.526
-0.309
-0.348
-0.388
-0.251
-0.259
-0.214
-0.206
-0.118
-0.224
-0.256
-0.343
-0.175
-0.086
-0.294
-0.203
-0.113
-0.129
-0.006
0.021
0.11
0.323
0.15
0.246
0.169
0.099
0.278
0.35
0.265
0.376
0.409
0.66
0.616
0.562
0.46
0.296
0.203
0.193
0.326
0.371
0.425
0.631
0.736
0.665
0.728
0.616
0.63
0.575
0.299
0.37
0.307
0.424
0.458
0.446
0.474
0.285
0.422
0.329
0.485
0.371
0.349
0.375
0.432
0.361
0.109
0.062
-0.095
-0.122
-0.136
-0.122
-0.333
-0.129
-0.341
-0.366
-0.45
-0.328
-0.302
-0.234
-0.22
-0.381
-0.333
-0.328
-0.224
-0.189
-0.106
-0.378
-0.224
-0.128
-0.323
-0.074
-0.107
-0.098
-0.146
-0.079
-0.149
-0.199
0.005
-0.209
-0.171
-0.085
-0.333
-0.324
-0.527
-0.362
-0.445
-0.461
-0.41
-0.343
-0.273
-0.212
-0.04
0.08
0.235
0.319
0.33
0.301
0.228
0.374
0.455
0.521
0.283
0.444
0.249
0.284
0.466
0.404
0.461
0.466
0.436
0.355
0.349
0.395
0.256
0.177
0.236
0.314
0.271
0.133
0.075
-0.061
0.074
0.361
0.449
0.585
0.503
0.591
0.579
0.532
0.451
0.527
0.315
0.35
0.489
0.48
0.595
0.633
0.512
0.556
0.323
0.209
-0.064
0.051
0.176
0.133
0.11
-0.021
-0.111
-0.099
-0.014
0.114
0.141
0.348
-0.031
0.242
-0.281
-0.166
-0.071
-0.156
-0.129
-0.211
-0.352
-0.484
-0.519
-0.384
-0.492
-0.489
-0.299
-0.151
-0.014
0.107
0.045
0.173
0.133
0.181
0.103
0.025
0.133
0.179
0.168
0.345
0.456
0.573
0.709
0.614
0.665
0.7
0.85
0.83
0.802
0.677
0.691
0.356
0.133
0.173
0.173
0.158
0.249
0.048
0.185
-0.003
0.001
0.306
0.147
0.062
-0.03
-0.029
-0.09
-0.289
-0.131
0.106
0.214
0.326
0.255
0.384
0.432
0.21
0.22
0.254
0.044
-0.019
0.219
0.147
0.24
0.143
0.1
0.101
0.066
0.149
0.122
0.228
0.288
0.369
0.221
0.25
0.345
0.249
0.118
0.219
0.292
0.375
0.463
0.55
0.436
0.176
-0.013
-0.088
-0.094
0.07
0.155
0.231
0.034
0.314
-0.076
0.091
0.014
0.0
0.177
0.103
-0.051
-0.22
-0.388
-0.242
-0.151
-0.3
-0.084
-0.255
-0.27
-0.371
-0.474
-0.427
-0.335
-0.147
-0.385
-0.394
-0.566
-0.875
-1.089
-1.184
-0.948
-0.618
-0.318
-0.376
-0.041
-0.009
0.081
-0.007
0.11
0.096
0.279
0.185
0.109
-0.022
-0.054
-0.199
0.049
0.164
0.182
0.07
-0.064
-0.119
-0.335
-0.141
-0.464
-0.471
-0.323
-0.426
-0.638
-0.78
-0.779
-0.6
-0.89
-0.777
-0.508
-0.714
-0.794
-0.76
-0.8
-0.489
-0.671
-0.728
-0.701
-0.743
-0.843
-0.893
-0.823
-0.869
-0.705
-0.68
-0.325
-0.378
-0.318
-0.306
-0.19
-0.216
-0.03
0.007
0.031
-0.013
0.32
0.26
0.388
0.534
0.416
0.531
0.565
0.652
0.72
0.802
1.056
1.177
1.066
1.249
1.062
1.059
1.016
1.17
1.309
1.235
1.039
1.104
0.924
0.859
0.662
0.616
0.77
0.486
0.201
-0.133
-0.109
0.083
-0.099
-0.13
-0.338
-0.241
-0.335
-0.394
-0.432
-0.478
-0.517
-0.581
-0.436
-0.524
-0.469
-0.555
-0.517
-0.657
-0.701
-0.63
-0.731
-0.645
-0.611
-0.375
-0.241
-0.316
-0.209
-0.054
-0.171
0.179
0.182
0.198
0.247
0.432
0.283
0.388
0.554
0.595
0.604
0.474
0.352
0.453
0.473
0.468
0.734
0.888
0.866
0.836
0.963
1.071
1.246
1.329
1.445
1.546
1.62
1.72
1.927
1.749
1.681
1.594
1.479
1.258
1.551
1.403
1.254
1.137
1.123
1.01
0.998
0.969
0.936
0.831
0.846
0.776
0.426
0.326
0.179
-0.135
-0.19
-0.159
-0.233
-0.186
-0.424
-0.33
-0.352
-0.326
-0.609
-0.618
-0.665
-0.689
-0.616
-0.536
-0.869
-0.794
-0.985
-1.012
-1.009
-1.191
-1.296
-1.339
-1.354
-1.206
-1.121
-1.279
-1.061
-1.058
-1.219
-1.316
-1.071
-0.924
-0.801
-0.873
-0.495
-0.304
-0.235
-0.273
-0.089
-0.179
-0.215
-0.288
-0.259
-0.14
-0.216
-0.292
-0.235
-0.128
-0.043
-0.044
-0.129
0.041
0.128
0.346
0.526
0.713
0.756
0.564
0.366
0.359
0.139
0.41
0.26
0.456
0.349
0.354
0.354
0.328
0.331
0.266
0.241
0.176
-0.022
-0.181
-0.163
-0.25
-0.211
-0.326
-0.459
-0.566
-0.45
-0.531
-0.36
-0.448
-0.435
-0.278
-0.16
-0.185
-0.219
-0.036
0.065
0.075
0.031
0.065
0.247
0.145
0.09
0.072
0.059
-0.14
0.043
0.059
0.125
0.191
0.13
0.278
0.111
0.173
0.098
-0.036
-0.12
-0.185
-0.054
0.074
0.149
-0.036
0.11
0.0
-0.265
-0.261
-0.273
-0.263
-0.315
-0.389
-0.221
-0.144
-0.101
-0.159
0.021
0.098
-0.006
0.026
-0.145
0.037
-0.158
-0.151
-0.242
-0.186
-0.109
-0.175
-0.075
-0.171
-0.176
-0.13
-0.11
-0.23
-0.107
0.0
0.16
-0.1
0.056
0.08
0.05
0.004
-0.138
-0.048
-0.146
-0.271
-0.126
0.131
0.141
0.351
0.39
0.36
0.31
0.338
0.143
0.223
0.22
0.271
0.475
0.351
0.381
0.501
0.6
0.536
0.536
0.41
0.331
0.311
0.299
0.184
-0.015
0.229
0.271
0.158
-0.01
-0.219
-0.542
-0.641
-0.56
-0.575
-0.751
-0.899
-0.916
-0.869
-0.79
-0.74
-0.641
-0.59
-0.605
-0.638
-0.516
-0.314
-0.324
-0.069
-0.278
0.013
0.048
-0.035
0.075
-0.006
-0.04
-0.212
-0.074
-0.046
-0.086
-0.221
-0.081
0.039
-0.014
0.205
0.214
0.344
0.23
0.019
0.16
0.054
-0.005
-0.021
0.143
-0.015
-0.036
-0.074
0.101
0.126
0.24
0.297
0.28
0.459
0.56
0.589
0.367
0.383
0.606
0.355
0.283
0.135
0.098
0.179
0.376
0.42
0.635
0.42
0.249
0.42
0.29
-0.066
-0.104
-0.048
-0.254
-0.055
-0.346
-0.206
-0.176
-0.096
0.105
0.103
0.134
0.149
0.111
0.143
0.294
0.275
0.296
0.095
-0.018
-0.109
-0.114
-0.126
-0.051
0.217
0.354
0.404
0.333
0.38
0.522
0.345
0.318
0.258
0.188
0.324
0.485
0.595
0.698
0.698
0.676
0.608
0.695
0.858
1.121
1.281
1.401
1.258
1.109
0.777
0.696
0.7
0.684
0.815
0.708
0.749
0.463
0.304
0.291
-0.101
-0.113
-0.011
-0.375
-0.208
-0.292
-0.241
-0.4
-0.319
-0.223
0.015
0.152
0.165
0.299
0.399
0.408
0.383
0.254
0.283
0.386
0.521
0.259
0.205
0.077
0.074
0.305
0.58
0.738
0.605
0.625
0.478
0.58
0.566
0.595
0.571
0.43
0.396
0.519
0.574
0.403
0.996
0.71
0.859
0.946
0.784
1.055
0.978
0.83
0.68
0.774
0.434
0.588
0.532
0.525
0.55
0.549
0.595
0.61
0.544
0.64
0.45
0.299
0.141
-0.052
-0.039
-0.096
-0.022
-0.328
-0.289
-0.14
-0.145
-0.17
-0.236
-0.411
-0.404
-0.495
-0.699
-0.75
-0.571
-0.547
-0.328
-0.265
-0.291
-0.124
-0.013
-0.212
-0.069
-0.061
0.211
0.126
0.179
-0.205
-0.11
-0.145
-0.128
-0.176
-0.224
-0.408
-0.198
-0.177
-0.419
-0.456
-0.537
-0.31
-0.371
-0.02
-0.448
-0.425
-0.111
-0.092
-0.138
-0.246
-0.039
0.028
0.059
0.33
0.511
0.662
0.985
1.173
1.065
1.002
0.886
0.95
1.076
0.794
1.084
0.901
0.839
0.919
1.005
0.996
0.816
0.706
0.925
0.761
0.863
0.73
0.389
0.296
0.439
0.166
0.147
0.031
0.125
-0.278
-0.266
-0.378
-0.4
-0.45
-0.583
-0.59
-0.7
-0.95
-0.854
-0.932
-0.9
-0.98
-1.183
-1.339
-1.32
-1.453
-1.651
-1.68
-1.591
-1.705
-1.637
-1.775
-1.746
-1.774
-1.586
-1.56
-1.613
-1.479
-1.323
-1.185
-1.135
-1.024
-0.776
-0.68
-0.574
-0.534
-0.364
-0.25
-0.239
-0.354
-0.177
-0.241
0.025
0.071
0.134
0.092
-0.025
0.061
0.095
0.088
-0.058
0.022
-0.036
-0.02
0.08
0.026
-0.037
0.043
-0.058
0.05
0.104
0.041
0.145
0.201
0.233
0.111
0.007
-0.22
-0.364
-0.41
-0.555
-0.596
-0.735
-0.571
-0.53
-0.481
-0.309
-0.018
-0.07
-0.048
-0.094
0.07
0.024
0.13
0.268
0.253
0.199
0.114
0.174
0.194
0.206
0.141
0.24
0.255
0.357
0.247
0.328
0.095
0.139
0.189
0.125
0.31
0.404
0.492
0.415
0.635
0.586
0.422
0.723
0.631
0.536
0.559
0.568
0.755
0.698
0.661
0.58
0.451
0.536
0.441
0.578
0.537
0.39
0.359
0.281
0.369
0.228
0.171
0.141
0.037
-0.161
-0.119
-0.159
-0.116
-0.165
-0.106
-0.231
-0.228
-0.284
-0.593
-0.703
-0.63
-0.945
-1.008
-1.11
-1.032
-1.11
-0.975
-0.843
-0.744
-0.861
-0.944
-0.792
-0.661
-0.588
-0.41
-0.279
-0.224
-0.052
0.013
0.055
0.119
0.191
0.281
0.44
0.537
0.684
0.759
0.819
0.829
0.844
1.041
0.916
1.056
1.039
1.075
1.191
1.361
1.296
1.394
1.099
1.186
1.115
0.895
0.926
0.797
0.77
0.829
0.656
0.792
0.826
0.521
0.499
0.393
0.585
0.351
0.416
0.361
0.499
0.473
0.256
-0.015
-0.226
-0.212
-0.324
-0.482
-0.541
-0.478
-0.549
-0.525
-0.461
-0.58
-0.801
-0.749
-0.615
-0.662
-0.278
-0.341
-0.344
-0.169
-0.362
-0.111
-0.241
-0.17
-0.086
-0.115
-0.154
-0.111
-0.273
-0.436
-0.333
-0.429
-0.536
-0.616
-0.764
-1.038
-1.042
-1.171
-0.873
-0.516
-0.569
-0.378
-0.249
-0.448
-0.453
-0.309
-0.443
-0.474
-0.405
-0.466
-0.641
-0.443
-0.54
-0.5
-0.307
-0.655
-0.6
-0.797
-1.06
-1.181
-1.319
-1.413
-1.494
-1.308
-1.417
-1.45
-1.505
-1.514
-1.551
-1.522
-1.35
-1.2
-0.984
-0.749
-0.851
-0.644
-0.735
-0.965
-0.769
-0.594
-0.514
-0.335
-0.016
0.076
0.099
-0.049
0.236
0.379
0.595
0.718
0.537
0.419
0.346
0.406
0.552
0.526
0.626
0.77
0.828
0.755
0.569
0.56
0.401
0.399
0.501
0.655
0.596
0.503
0.352
0.299
0.125
-0.079
-0.2
-0.366
-0.279
-0.283
-0.304
-0.315
-0.35
-0.439
-0.419
-0.391
-0.375
-0.496
-0.374
-0.29
-0.259
-0.171
-0.33
-0.367
-0.288
-0.259
-0.122
0.028
0.098
0.115
0.128
-0.111
-0.304
-0.236
-0.049
0.449
0.6
0.468
0.219
0.223
-0.007
0.214
0.223
0.408
0.4
0.486
0.43
0.155
0.225
0.168
0.208
0.045
0.033
-0.003
-0.113
-0.091
-0.194
-0.126
-0.039
0.065
0.126
0.425
0.535
0.492
0.516
0.509
0.485
0.639
0.756
0.82
0.948
0.9
1.068
0.881
1.021
1.073
1.054
1.145
1.216
1.306
1.366
1.446
1.34
1.28
1.309
1.42
1.29
1.179
1.225
1.048
0.841
0.893
1.008
0.899
0.975
0.843
0.532
0.58
0.719
0.725
0.954
0.956
0.989
0.853
0.497
0.384
0.395
0.324
0.135
0.144
0.305
0.261
0.107
0.251
0.095
0.139
-0.125
0.005
-0.12
-0.331
-0.175
-0.263
-0.245
-0.079
-0.07
-0.029
0.48
0.519
0.606
0.526
0.487
0.431
0.19
0.158
0.005
0.133
0.284
0.302
0.158
0.122
-0.107
-0.21
-0.16
-0.198
-0.289
-0.499
-0.416
-0.318
-0.366
-0.456
-0.46
-0.525
-0.517
-0.491
-0.481
-0.578
-0.505
-0.547
-0.603
-0.615
-0.599
-0.469
-0.409
-0.59
-0.499
-0.415
-0.409
-0.295
-0.208
-0.173
0.052
0.193
0.186
0.155
0.125
-0.03
-0.045
0.169
0.311
0.16
0.221
0.295
0.195
0.408
0.389
0.431
0.389
0.25
0.446
0.696
0.375
0.47
0.405
0.464
0.482
0.424
0.642
0.399
0.441
0.26
0.435
0.348
0.186
0.346
0.163
0.235
0.031
0.075
0.214
0.035
-0.092
-0.169
-0.041
-0.159
-0.259
-0.079
0.006
-0.128
-0.05
0.058
-0.005
0.09
0.141
0.205
0.315
0.335
0.389
0.435
0.405
0.344
0.5
0.481
0.338
0.497
0.508
0.578
0.49
0.331
0.378
0.374
-0.107
-0.291
-0.121
-0.144
-0.372
-0.21
-0.359
-0.169
-0.168
-0.292
-0.319
-0.311
-0.314
-0.271
-0.389
-0.285
-0.354
-0.203
-0.385
-0.307
-0.458
-0.473
-0.285
-0.444
-0.633
-0.39
-0.375
-0.362
-0.24
-0.275
-0.619
-0.471
-0.365
-0.273
-0.38
-0.645
-0.651
-0.386
-0.527
-0.521
-0.569
-0.527
-0.489
-0.318
-0.38
-0.589
-0.588
-0.61
-0.593
-0.784
-0.929
-0.839
-0.804
-0.684
-0.494
-0.223
-0.005
-0.029
0.203
0.062
-0.091
-0.114
-0.263
0.024
-0.054
-0.075
-0.234
-0.261
-0.25
-0.395
-0.65
-0.399
-0.482
-0.448
-0.371
-0.426
-0.362
-0.244
-0.135
-0.066
-0.194
-0.161
-0.181
-0.077
-0.086
-0.066
-0.107
-0.161
-0.151
-0.116
0.072
0.184
0.055
-0.065
-0.19
-0.335
-0.225
-0.41
-0.665
-0.081
-0.223
-0.195
-0.136
0.041
-0.066
-0.079
0.021
0.225
0.285
0.044
0.238
0.581
0.475
0.27
0.35
0.443
0.471
0.824
0.815
0.614
0.66
0.501
0.624
0.614
0.443
0.603
0.814
0.599
0.76
0.751
0.86
0.881
0.701
0.835
0.679
0.551
0.584
0.511
0.501
0.595
0.777
0.879
0.854
0.667
0.35
0.466
0.589
0.82
1.036
0.868
0.656
0.569
0.527
0.395
0.496
0.37
0.478
0.584
0.594
0.495
0.581
0.552
0.666
0.674
0.487
0.578
0.64
0.606
0.421
0.341
0.273
0.509
0.326
0.254
0.189
0.066
0.009
-0.166
-0.096
-0.069
-0.125
-0.022
-0.115
-0.235
-0.291
-0.519
-0.547
-0.541
-0.709
-0.68
-0.774
-0.699
-0.926
-1.124
-1.249
-1.254
-1.097
-1.276
-1.35
-1.338
-1.54
-1.63
-1.386
-1.33
-1.269
-1.189
-0.989
-0.605
-0.741
-0.636
-0.565
-0.439
-0.497
-0.585
-0.51
-0.42
-0.071
-0.103
0.113
0.113
0.079
0.163
-0.066
-0.014
-0.33
-0.336
-0.39
-0.399
-0.344
-0.36
-0.321
-0.398
-0.469
-0.339
-0.414
-0.463
-0.092
0.14
0.158
-0.037
-0.13
-0.203
-0.145
-0.158
-0.249
-0.155
-0.046
-0.016
0.294
0.121
-0.121
-0.106
-0.284
-0.151
-0.184
-0.003
0.281
0.404
0.519
0.509
0.463
0.554
0.756
0.975
0.811
1.004
0.949
1.117
0.81
0.796
0.61
0.601
0.631
1.011
1.216
1.195
1.328
1.143
1.04
0.764
0.973
0.999
1.029
0.834
0.753
0.63
0.679
0.927
0.936
0.858
0.645
0.655
0.565
0.48
0.459
0.309
0.075
-0.173
-0.359
-0.306
-0.405
-0.299
-0.361
-0.588
-0.691
-0.715
-0.804
-0.866
-0.869
-0.935
-0.948
-0.86
-0.954
-1.026
-1.114
-1.262
-1.14
-1.216
-0.976
-0.95
-0.823
-0.618
-0.628
-0.647
-0.669
-0.53
-0.599
-0.312
-0.133
-0.15
-0.111
-0.223
-0.079
-0.037
0.23
0.265
0.211
0.446
0.339
0.281
0.11
0.242
0.185
0.188
0.425
0.704
0.795
0.899
1.091
1.157
1.022
0.969
1.038
0.985
1.038
1.084
1.065
1.062
0.961
0.989
0.919
0.755
0.96
0.885
0.971
0.998
0.966
0.971
0.79
0.825
0.711
0.705
0.62
0.45
0.473
0.362
0.47
0.479
0.114
-0.109
-0.171
-0.4
-0.383
-0.37
-0.296
-0.269
-0.235
0.013
0.076
0.25
0.101
0.006
-0.019
-0.1
-0.061
0.037
-0.266
-0.561
-0.424
-0.209
-0.404
-0.425
-0.415
-0.35
-0.481
-0.393
-0.391
-0.429
-0.388
-0.134
-0.09
-0.05
-0.22
-0.212
-0.2
-0.271
-0.179
-0.341
-0.371
-0.535
-0.593
-0.511
-0.32
-0.362
-0.38
-0.599
-0.455
-0.42
-0.361
-0.471
-0.486
-0.367
-0.168
-0.173
-0.196
-0.09
-0.235
-0.154
-0.109
-0.098
-0.059
-0.051
0.145
0.059
0.111
0.129
0.122
0.15
0.126
0.417
0.311
0.46
0.636
0.744
0.671
0.443
0.541
0.494
0.299
0.383
0.324
0.292
0.261
0.035
0.136
0.054
-0.044
-0.249
-0.244
-0.341
-0.364
-0.469
-0.495
-0.436
-0.514
-0.588
-0.497
-0.45
-0.511
-0.35
-0.21
-0.088
-0.12
-0.199
-0.16
-0.106
-0.077
-0.077
-0.071
-0.138
-0.145
-0.043
-0.066
-0.088
-0.019
0.217
0.365
0.014
0.11
0.299
-0.092
-0.05
0.035
0.211
0.217
0.215
0.188
0.15
0.12
0.054
-0.006
0.062
-0.006
-0.235
-0.146
-0.045
-0.152
0.107
0.056
0.246
0.381
0.709
0.471
0.156
0.417
0.496
0.609
0.897
0.89
0.834
0.893
0.889
0.889
1.062
0.961
0.991
1.135
1.059
1.091
1.078
0.936
0.629
0.811
0.686
0.665
0.721
0.72
0.665
0.285
0.296
-0.089
-0.199
-0.217
-0.376
-0.074
-0.281
-0.355
-0.401
10.332
10.332
-0.184
-0.376
-0.584
-0.593
-0.735
-0.938
-1.246
-1.505
-1.601
-1.539
-1.606
-1.443
-1.349
-1.375
-1.35
-1.134
-1.022
-0.826
-0.636
-0.545
-0.552
-0.551
-0.284
-0.27
-0.258
-0.345
-0.297
-0.151
0.054
0.28
0.431
0.235
0.399
0.352
0.525
0.503
0.463
0.489
0.38
0.618
0.321
0.357
0.474
0.396
0.536
0.755
0.846
1.088
1.079
1.094
1.308
1.143
1.105
1.021
1.046
1.195
1.177
1.114
0.94
0.968
0.861
0.626
0.65
0.792
0.899
0.772
0.806
0.89
0.904
0.82
0.865
0.705
0.672
0.696
0.59
0.584
0.453
0.438
0.43
0.399
0.323
0.247
0.114
0.039
0.035
-0.143
-0.374
-0.361
-0.403
-0.614
-0.689
-0.838
-0.718
-0.74
-0.689
-0.756
-0.588
-0.644
-0.646
-0.716
-0.585
-0.496
-0.526
-0.575
-0.519
-0.323
-0.541
-0.439
-0.521
-0.5
-0.186
-0.188
-0.17
-0.034
0.048
0.246
0.214
0.026
-0.115
0.05
-0.014
0.109
0.27
0.033
0.273
0.152
0.05
0.051
0.059
0.069
0.247
0.128
0.074
0.085
0.23
0.299
0.355
0.22
-0.104
-0.47
-0.661
-0.675
-0.606
-0.329
-0.416
-0.264
-0.344
-0.22
-0.092
0.247
0.133
0.495
0.929
0.87
0.77
0.814
0.73
0.901
1.024
1.328
1.395
1.41
1.188
1.23
1.119
0.885
0.883
0.853
0.804
0.98
0.902
0.8
0.859
0.738
0.76
0.85
0.834
0.969
0.549
0.63
0.551
0.38
0.305
-0.056
-0.26
-0.271
-0.323
-0.284
-0.384
-0.574
-0.696
-0.53
-0.604
-0.593
-0.401
-0.478
-0.381
-0.44
-0.376
-0.415
-0.408
-0.51
-0.542
-0.511
-0.297
-0.114
0.141
0.279
0.164
0.109
0.084
-0.013
0.146
-0.01
0.072
0.105
-0.054
-0.055
-0.209
-0.085
-0.037
-0.124
-0.01
-0.12
-0.19
-0.325
-0.43
-0.094
0.056
0.044
0.284
0.301
0.417
0.3
0.168
0.294
0.319
0.55
0.463
0.619
0.509
0.274
0.453
0.395
0.395
0.504
0.664
0.431
0.17
0.26
0.076
0.007
0.041
-0.129
-0.323
-0.234
-0.529
-0.534
-0.53
-0.615
-0.696
-0.651
-0.876
-0.97
-1.109
-1.292
-1.205
-1.121
-0.816
-1.015
-0.925
-1.06
-1.14
-1.226
-1.051
-1.056
-1.103
-1.294
-1.218
-1.218
-1.239
-1.302
-1.251
-1.27
-0.92
-0.79
-0.766
-0.863
-0.557
-0.635
-0.639
-0.711
-0.55
-0.604
-0.401
-0.324
-0.291
-0.115
-0.066
-0.331
-0.124
-0.384
-0.279
-0.185
0.064
0.294
0.198
0.198
0.135
0.367
0.114
0.06
0.116
-0.131
-0.022
-0.009
0.08
0.06
0.39
0.384
0.275
0.062
0.029
0.212
0.194
0.049
-0.211
-0.2
-0.17
-0.081
0.06
0.071
-0.065
-0.152
-0.436
-0.506
-0.506
-0.644
-0.755
-0.485
-0.618
-0.561
-0.413
-0.568
-0.584
-0.656
-0.961
-0.731
-0.875
-0.731
-0.897
-0.771
-0.786
-0.729
-0.766
-0.719
-0.503
-0.532
-0.41
-0.45
-0.466
-0.482
-0.464
-0.184
-0.314
-0.181
-0.346
-0.062
-0.003
-0.056
0.11
0.4
0.662
0.724
0.776
1.044
1.139
1.24
1.234
1.054
1.074
0.927
0.878
0.883
0.701
0.96
0.95
1.01
0.853
0.914
0.571
0.515
0.691
0.652
0.67
0.819
0.724
0.708
0.656
0.652
0.635
0.417
0.384
0.221
0.241
0.089
0.208
0.448
0.644
0.57
0.339
0.276
0.274
0.296
0.291
0.421
0.419
0.253
0.406
-0.006
0.288
0.018
0.056
0.336
0.422
0.465
0.479
0.552
0.525
0.503
0.383
0.273
0.146
0.19
-0.034
-0.024
0.003
-0.136
-0.215
0.14
-0.079
-0.041
0.043
0.085
0.256
0.455
0.335
0.536
0.598
0.682
0.657
0.831
0.569
0.512
0.274
0.339
0.539
0.561
0.599
0.801
0.878
0.743
0.749
0.578
0.714
0.686
0.634
0.843
0.858
0.945
0.97
0.968
0.927
0.909
1.08
1.199
0.893
0.954
0.849
0.858
0.655
0.723
0.743
0.573
0.343
0.27
0.273
0.494
0.47
0.367
0.17
0.338
0.593
0.669
0.504
0.435
0.333
0.279
0.08
0.22
0.241
0.259
0.285
0.069
0.072
-0.115
-0.356
-0.4
-0.391
-0.22
-0.28
-0.359
-0.378
-0.506
-0.555
-0.565
-0.504
-0.444
-0.393
-0.53
-0.27
-0.181
-0.164
-0.052
0.039
0.106
0.122
0.408
0.485
0.522
0.45
0.215
0.238
0.223
0.193
0.081
0.05
-0.184
-0.189
0.009
-0.061
-0.118
-0.206
-0.135
0.036
0.01
-0.086
-0.164
-0.061
-0.128
-0.184
-0.055
-0.074
0.015
-0.099
-0.088
0.044
0.015
0.181
-0.021
-0.041
-0.091
0.05
-0.006
0.025
0.089
0.049
-0.036
-0.049
0.044
-0.114
-0.295
-0.35
-0.55
-0.481
-0.396
-0.344
-0.283
-0.565
-0.672
-0.569
-0.65
-0.753
-0.841
-0.719
-0.745
-0.885
-0.628
-0.642
-0.516
-0.67
-0.435
-0.775
-0.705
-0.355
-0.274
-0.037
0.061
0.163
0.329
0.489
0.446
0.336
0.275
0.285
0.139
0.278
0.263
0.419
0.42
0.37
0.393
0.2
0.395
0.107
0.158
0.145
0.184
0.365
0.381
0.453
0.474
0.469
0.529
0.367
0.421
0.424
0.375
0.465
0.348
0.265
0.281
0.233
0.189
0.26
0.071
0.193
0.122
0.019
0.177
0.016
-0.113
-0.03
-0.129
-0.011
0.039
0.04
-0.095
-0.203
-0.285
-0.388
-0.084
-0.105
-0.03
-0.095
0.125
0.174
0.274
0.33
0.424
0.405
0.163
0.288
0.121
0.381
0.306
0.268
0.389
0.092
0.24
0.072
0.356
0.403
0.289
0.224
0.386
0.168
0.071
-0.026
0.092
-0.103
-0.221
-0.121
-0.324
-0.236
-0.279
-0.223
-0.235
-0.455
-0.242
-0.409
-0.415
-0.516
-0.367
-0.365
-0.413
-0.388
-0.348
-0.395
-0.434
-0.321
-0.21
-0.295
-0.258
0.086
0.194
0.285
0.276
0.271
0.052
-0.044
-0.165
-0.251
-0.15
0.058
0.085
0.092
0.094
0.179
0.233
0.426
0.429
0.475
0.484
0.539
0.416
0.578
0.573
0.574
0.608
0.524
0.645
0.68
0.646
0.724
0.654
0.589
0.511
0.294
0.372
-0.058
-0.221
-0.505
-0.425
-0.416
-0.633
-0.693
-0.66
-0.519
-0.381
-0.242
-0.37
-0.221
-0.235
-0.261
0.03
-0.269
-0.003
0.075
-0.024
-0.107
0.066
-0.013
-0.065
0.151
0.163
0.125
-0.089
-0.149
-0.335
-0.268
-0.294
-0.244
-0.491
-0.279
-0.035
-0.176
-0.306
-0.365
-0.481
-0.604
-0.522
-0.689
-0.352
-0.279
-0.236
-0.185
-0.19
-0.295
0.052
-0.143
-0.166
-0.24
-0.246
-0.033
-0.164
-0.118
-0.134
0.001
0.154
-0.206
-3.027
-0.655
-0.53
-0.344
-0.536
-0.517
-0.38
-0.565
-0.626
-0.516
-0.463
-0.074
0.105
0.201
0.035
0.074
-0.044
-0.1
-0.258
-0.114
-0.083
0.229
0.532
0.912
0.944
1.054
1.09
1.255
1.015
0.911
0.875
0.82
0.897
0.733
0.469
0.259
0.039
0.19
0.453
0.28
0.274
0.27
0.233
0.099
-0.065
0.018
-0.301
-0.417
-0.319
-0.014
-0.018
0.196
0.256
0.265
0.388
0.482
0.744
0.87
0.93
0.853
0.838
0.635
0.641
0.738
0.846
0.811
0.755
1.076
0.955
0.954
1.096
1.074
0.955
0.679
0.479
0.411
0.199
0.271
0.208
0.212
0.155
0.399
0.32
0.468
0.385
0.299
0.47
0.236
0.644
0.378
0.624
0.736
0.675
0.396
0.345
0.339
0.034
0.013
-0.13
-0.085
-0.072
0.035
0.058
0.029
0.105
-0.179
-0.343
-0.239
-0.22
-0.328
-0.105
0.08
0.228
0.098
-0.196
-0.247
-0.276
-0.096
-0.212
-0.297
-0.18
-0.158
-0.084
-0.126
-0.219
-0.33
-0.352
-0.36
-0.346
-0.164
-0.206
-0.115
0.126
0.076
0.036
0.019
0.075
0.054
0.221
0.279
0.236
0.203
0.238
0.193
0.229
0.266
0.284
0.334
0.301
0.256
0.362
0.105
-0.083
-0.018
-0.228
0.101
-0.086
-0.028
-0.01
-0.018
-0.133
-0.27
-0.284
-0.203
-0.274
-0.394
-0.624
-0.794
-0.868
-0.781
-0.471
-0.344
-0.306
0.185
0.323
0.324
0.251
0.285
0.405
0.384
0.328
0.554
0.63
0.55
0.581
0.448
0.35
0.487
0.766
0.55
0.826
0.921
0.922
0.879
0.94
0.956
0.95
0.708
0.651
0.536
0.527
0.821
0.753
1.16
1.163
0.965
0.706
0.539
0.321
0.146
0.136
0.212
-0.043
-0.115
-0.113
0.084
0.045
0.02
0.169
0.007
0.128
-0.193
-0.13
-0.02
-0.072
0.014
0.223
0.258
0.156
0.274
0.314
0.233
0.336
0.398
0.375
0.034
0.021
-0.133
0.035
-0.021
0.028
-0.06
-0.091
-0.221
-0.367
-0.419
-0.51
-0.46
-0.33
-0.443
-0.355
-0.273
-0.465
-0.54
-0.593
-0.422
-0.642
-0.534
-0.454
-0.517
-0.546
-0.694
-0.698
-0.681
-0.603
-0.718
-0.848
-0.883
-0.789
-0.604
-0.644
-0.573
-0.716
-0.583
-0.619
-0.552
-0.503
-0.614
-0.495
-0.624
-0.566
-0.486
-0.56
-0.593
-0.546
-0.547
-0.662
-0.909
-0.559
-0.915
-0.749
-0.736
-0.684
-0.656
-0.623
-0.501
-0.336
-0.115
-0.21
-0.135
-0.077
-0.026
0.0
0.106
-0.034
0.059
0.413
0.326
0.318
0.23
0.364
0.196
0.146
0.234
0.107
0.404
0.323
0.245
0.27
0.188
0.116
0.12
0.289
0.376
0.554
0.584
0.569
0.367
0.29
0.409
0.323
0.294
0.388
0.176
0.013
0.006
0.107
-0.105
0.074
-0.188
-0.291
-0.328
-0.189
-0.288
-0.316
-0.375
-0.235
-0.389
-0.474
-0.569
-0.331
-0.256
-0.246
0.031
0.145
0.395
0.458
0.517
0.667
0.974
0.836
0.71
0.916
0.974
1.026
0.895
0.92
0.785
0.835
0.714
0.721
0.948
0.659
0.97
0.77
0.899
0.888
0.834
0.741
0.736
0.631
0.62
0.491
0.458
0.216
0.06
-0.195
-0.403
-0.191
-0.324
-0.438
-0.478
-0.589
-0.645
-0.56
-0.532
-0.527
-0.638
-0.735
-0.848
-0.804
-0.78
-0.924
-0.879
-1.129
-1.185
-1.114
-1.296
-1.286
-1.389
-1.32
-1.401
-1.369
-0.948
-0.765
-0.682
-0.84
-0.755
-0.843
-0.703
-0.699
-0.664
-0.776
-0.998
-1.094
-0.911
-0.829
-0.825
-0.703
-0.634
-0.526
-0.574
-0.719
-0.681
-0.323
-0.163
0.126
0.077
0.345
0.136
0.448
0.486
0.647
0.826
0.99
1.107
0.733
0.556
0.329
0.115
0.175
0.07
0.221
0.198
0.26
0.165
0.17
0.28
0.645
0.615
0.441
0.517
0.45
0.481
0.64
0.491
0.454
0.19
0.335
0.283
0.383
0.576
0.409
0.226
0.276
0.269
0.314
0.501
0.62
0.526
0.225
0.041
-0.048
-0.31
-0.432
-0.647
-0.405
-0.346
-0.14
-0.336
-0.618
-0.532
-0.729
-0.703
-0.744
-0.888
-0.7
-0.755
-0.532
-0.39
-0.4
-0.239
-0.044
-0.081
0.006
0.011
0.076
0.101
0.335
0.434
0.394
0.526
0.438
0.429
0.372
0.455
0.42
0.321
0.288
0.264
0.176
0.273
0.316
0.393
0.492
0.529
0.834
0.661
0.626
0.499
0.435
0.264
0.115
0.139
0.03
-0.113
-0.216
-0.331
-0.066
-0.39
-0.116
-0.193
-0.184
-0.274
-0.535
-0.623
-0.531
-0.611
-0.564
-0.505
-0.633
-0.605
-0.438
-0.378
-0.23
-0.28
-0.098
0.083
0.086
0.338
0.216
0.21
0.058
0.214
0.441
0.385
0.435
0.348
0.155
0.046
-0.056
-0.164
-0.009
0.296
0.408
0.506
0.541
0.754
0.642
0.677
0.753
0.698
0.584
0.578
0.361
0.061
-0.11
-0.255
0.169
0.164
0.384
0.348
0.384
0.205
-0.193
-0.343
-0.246
-0.321
-0.396
-0.256
-0.456
-0.623
-0.761
-0.64
-0.609
-0.453
-0.409
-0.417
-0.463
-0.64
-0.474
-0.489
-0.516
-0.463
-0.333
-0.37
-0.292
-0.166
-0.101
0.111
0.128
0.325
0.369
0.795
0.791
0.751
0.693
0.503
0.693
0.854
1.001
1.105
1.333
1.284
1.349
1.351
1.512
1.304
1.421
1.135
1.294
1.424
1.5
1.344
1.45
1.256
1.183
1.126
1.055
0.868
1.117
1.08
1.139
1.026
1.041
0.851
0.744
0.491
0.55
0.652
0.52
0.641
0.336
0.371
0.449
0.497
0.603
0.57
0.508
0.527
0.78
0.754
0.81
0.635
0.633
0.601
0.49
0.542
0.594
0.545
0.541
0.432
0.36
0.147
0.224
0.22
0.058
-0.031
0.133
-0.146
-0.404
-0.362
-0.393
-0.432
-0.226
-0.077
-0.131
-0.281
-0.395
-0.456
-0.557
-0.681
-0.66
-0.844
-0.759
-1.076
-1.298
-1.284
-1.254
-1.33
-1.244
-1.117
-0.956
-1.001
-0.711
-0.682
-0.733
-0.691
-0.623
-0.406
-0.263
-0.23
-0.448
-0.576
-0.356
-0.471
-0.384
-0.095
-0.015
-0.029
-0.064
-0.14
-0.105
-0.244
-0.487
-0.554
-0.427
-0.576
-0.596
-1.083
-1.117
-1.204
-1.294
-1.261
-1.095
-0.914
-0.821
-0.69
-0.704
-0.406
-0.185
-0.046
-0.141
-0.289
-0.189
-0.145
0.081
0.035
0.052
0.118
0.019
-0.07
0.04
0.149
0.13
0.091
0.2
0.09
0.109
0.419
0.247
