-0.468
-0.372
-0.468
-0.36
-0.333
-0.38
-0.463
-0.469
-0.305
-0.145
-0.144
-0.09
-0.335
-0.318
-0.319
-0.212
-0.11
-0.02
0.169
0.216
-0.015
0.145
0.258
0.234
0.263
0.1
0.071
0.165
0.27
0.425
0.465
0.48
0.581
0.556
0.436
0.485
0.441
0.414
0.416
0.611
0.708
0.656
0.605
0.625
0.586
0.574
0.655
0.731
1.094
1.07
1.386
1.351
1.248
1.264
1.065
0.993
0.92
0.948
1.052
0.849
0.824
0.74
0.794
0.655
0.647
0.641
0.38
0.33
0.139
-0.103
-0.398
-0.458
-0.304
-0.255
-0.175
-0.328
-0.451
-0.664
-0.984
-0.833
-0.74
-0.611
-0.542
-0.191
-0.473
-0.399
-0.398
-0.561
-0.48
-0.561
-0.542
-0.555
-0.486
-0.756
-0.855
-0.595
-0.328
-0.116
-0.013
0.263
0.325
0.451
0.379
0.461
0.131
0.129
-0.049
-0.018
0.215
0.263
0.439
0.362
0.537
0.616
0.297
0.376
0.419
0.595
0.741
1.066
0.939
0.993
1.029
1.066
1.269
1.395
1.539
1.552
1.364
1.491
1.571
1.44
1.417
1.312
1.198
1.095
1.13
1.295
1.188
0.965
1.068
1.095
1.191
1.21
1.041
0.666
0.685
0.448
0.253
0.028
-0.066
-0.281
-0.309
-0.42
-0.719
-0.805
-0.806
-0.919
-0.975
-1.011
-1.086
-0.999
-1.022
-1.114
-0.983
-1.173
-1.096
-1.0
-1.015
-1.127
-1.113
-1.126
-1.022
-0.948
-0.989
-0.893
-0.88
-0.917
-0.915
-0.76
-0.883
-0.886
-0.934
-0.779
-1.069
-1.059
-1.086
-1.25
-1.085
-0.895
-0.845
-0.764
-0.846
-0.652
-0.504
-0.504
-0.444
-0.364
-0.111
0.031
0.044
0.23
0.145
0.278
0.501
0.698
0.701
1.036
1.127
1.1
1.025
0.989
0.96
1.126
1.216
1.045
1.069
0.905
0.985
1.014
0.881
0.885
0.679
0.698
0.508
0.362
0.286
0.27
0.295
0.14
0.033
-0.147
-0.06
-0.03
-0.17
-0.253
-0.201
-0.059
-0.246
-0.439
-0.336
-0.275
-0.256
-0.362
-0.367
-0.481
-0.339
-0.401
-0.316
-0.535
-0.661
-0.641
-0.733
-0.679
-0.537
-0.733
-0.715
-0.649
-0.703
-0.728
-0.67
-0.603
-0.506
-0.581
-0.575
-0.677
-0.326
-0.357
-0.391
-0.482
-0.606
-0.581
-0.491
-0.603
-0.571
-0.779
-0.579
-0.489
-0.38
-0.375
-0.444
-0.288
-0.315
-0.156
-0.329
-0.219
-0.058
-0.026
0.036
-0.022
0.164
0.228
0.273
0.104
-0.119
-0.074
-0.224
-0.052
0.046
-0.155
-0.034
-0.26
-0.134
-0.255
0.004
-0.131
-0.084
-0.086
-0.028
-0.147
0.004
-0.025
0.324
0.28
0.21
-0.077
0.236
0.371
0.429
0.506
0.328
0.278
0.426
0.22
0.345
0.294
0.36
0.32
0.27
0.324
0.403
0.155
0.399
0.273
0.228
0.271
0.451
0.26
0.35
0.193
0.165
0.188
0.292
-0.041
-0.169
-0.307
-0.399
-0.233
-0.209
-0.182
-0.26
-0.242
-0.22
-0.185
0.044
-0.01
0.083
0.145
0.176
0.236
0.131
0.16
0.241
0.343
0.246
0.114
0.2
0.083
0.098
-0.046
0.006
-0.062
0.196
0.271
0.346
0.547
0.601
0.763
0.741
0.774
0.601
0.443
0.269
0.191
0.035
-0.026
0.17
0.384
0.679
0.695
0.893
1.05
1.301
1.308
1.221
1.33
1.199
1.23
1.16
1.224
1.366
1.488
1.465
1.431
1.676
1.482
1.555
1.485
1.589
1.318
1.242
0.968
0.948
0.797
0.721
0.484
0.541
0.455
0.611
0.755
0.819
0.708
0.77
0.63
0.664
0.501
0.501
0.385
0.173
0.236
0.029
0.0
0.395
0.461
0.449
0.35
0.229
0.379
0.371
0.158
0.126
0.158
0.122
-0.019
0.079
-0.105
0.125
0.037
0.193
0.12
0.116
0.223
0.325
0.413
0.129
0.165
-0.144
-0.018
-0.235
-0.429
-0.371
-0.522
-0.608
-0.564
-0.364
-0.369
-0.329
-0.154
-0.037
-0.099
-0.316
-0.215
-0.052
-0.109
-0.036
0.173
0.156
0.367
0.378
0.276
0.28
0.393
0.429
0.672
0.549
0.603
0.646
0.734
0.611
0.458
0.537
0.263
0.33
0.346
0.399
0.385
0.212
0.281
0.281
0.24
0.094
0.005
-0.131
-0.163
-0.134
-0.122
0.071
-0.021
0.135
0.118
0.18
0.352
0.3
0.241
0.133
0.069
0.115
0.292
0.384
0.434
0.394
0.284
0.224
0.355
0.67
0.946
1.242
1.073
0.976
0.756
0.688
0.621
0.719
0.559
0.537
0.275
0.294
0.264
0.426
0.495
0.355
0.275
0.27
0.288
0.223
0.196
0.159
0.375
0.444
0.46
0.211
-0.125
-0.348
-0.388
-0.738
-0.461
-0.375
-0.08
-0.17
-0.16
-0.422
-0.816
-0.682
-0.729
-0.473
-0.416
-0.413
-0.466
-0.595
-1.111
-1.26
-1.199
-1.136
-1.044
-0.984
-0.902
-1.002
-1.165
-1.065
-1.06
-0.784
-0.855
-1.031
-1.018
-1.276
-1.405
-1.529
-1.294
-1.03
-0.664
-0.422
-0.453
-0.261
-0.38
-0.191
-0.219
-0.345
-0.036
-0.064
0.166
0.039
-0.034
-0.212
-0.318
-0.315
-0.27
-0.443
-0.435
-0.269
-0.328
-0.367
-0.264
0.098
0.072
0.077
0.479
0.631
0.74
0.886
0.944
1.085
1.194
1.518
1.688
1.819
1.748
1.752
1.723
1.756
1.654
1.472
1.625
1.594
1.633
1.532
1.312
1.326
1.364
1.07
1.021
0.907
0.649
0.438
0.269
0.088
0.061
-0.16
-0.185
-0.203
-0.105
-0.189
-0.278
-0.259
-0.59
-0.807
-0.916
-1.01
-1.041
-0.983
-1.034
-0.94
-0.986
-0.907
-1.367
-1.318
-1.679
-2.067
-2.058
-1.845
-1.849
-1.673
-1.859
-1.91
-1.895
-2.035
-1.98
-1.736
-1.506
-1.356
-1.406
-1.395
-1.514
-1.636
-1.764
-1.683
-1.754
-1.556
-1.664
-1.546
-1.326
-1.326
-1.094
-1.135
-1.14
-1.254
-1.226
-1.113
-1.029
-1.029
-1.299
-1.147
-0.975
-1.127
-1.276
-1.333
-1.183
-1.225
-1.393
-1.489
-1.198
-1.094
-1.044
-0.917
-0.92
-0.682
-0.596
-0.372
-0.336
-0.271
-0.302
-0.193
-0.191
0.09
0.103
0.31
0.578
0.606
0.619
0.68
0.537
0.801
0.701
0.565
0.901
1.015
1.111
1.141
1.091
1.201
1.113
1.248
1.49
1.506
1.529
1.409
1.38
1.321
1.339
1.344
1.246
1.124
0.984
1.0
0.77
0.682
0.723
0.701
0.581
0.475
0.205
0.22
0.199
0.33
0.246
0.054
-0.149
-0.345
-0.341
-0.546
-0.57
-0.503
-0.266
-0.221
-0.389
-0.31
-0.21
-0.021
-0.186
-0.066
-0.155
-0.22
-0.242
-0.274
-0.25
-0.256
-0.179
0.2
0.379
0.506
0.549
0.445
0.268
0.143
0.276
0.45
0.609
0.777
0.549
0.239
0.21
0.055
0.369
0.542
0.393
0.398
0.255
0.195
0.321
0.394
0.261
0.405
0.508
0.698
0.685
0.782
0.725
0.934
0.9
0.759
0.819
0.763
0.724
0.624
0.574
0.67
0.503
0.544
0.355
0.27
-0.206
-0.21
0.015
-0.02
0.21
0.27
0.189
0.288
0.164
-0.011
-0.141
-0.196
-0.203
0.043
-0.2
-0.16
-0.236
-0.254
-0.199
-0.203
-0.354
-0.351
-0.461
-0.59
-0.934
-0.939
-0.941
-0.888
-0.961
-0.906
-0.631
-0.63
-0.63
-0.789
-0.465
-0.283
-0.024
0.11
0.221
0.345
0.25
0.534
0.54
0.624
0.667
0.659
0.82
0.806
1.018
1.058
1.151
1.078
1.141
0.729
0.969
0.657
0.515
0.729
0.895
0.893
0.729
0.655
0.652
0.645
0.79
0.516
0.532
0.469
0.463
0.598
0.389
0.408
0.223
0.352
0.161
0.07
-0.174
-0.159
-0.355
-0.374
-0.4
-0.415
-0.495
-0.367
-0.289
-0.41
-0.223
-0.194
-0.335
-0.154
-0.186
-0.214
-0.174
0.026
0.299
0.247
0.191
0.372
0.139
0.579
0.343
0.331
0.46
0.131
0.41
0.458
0.549
0.579
0.73
0.776
0.536
0.54
0.531
0.539
0.593
0.529
0.465
0.546
0.685
0.768
0.646
0.634
0.753
0.841
0.873
0.657
0.527
0.251
0.022
-0.141
-0.386
-0.23
-0.217
-0.216
0.081
0.089
0.285
0.251
0.508
0.565
0.644
0.299
0.158
0.177
0.152
0.184
0.33
0.49
0.469
0.482
0.351
0.424
0.503
0.554
0.771
0.421
0.223
0.084
-0.104
0.037
-0.268
-0.235
-0.355
-0.203
-0.133
-0.059
-0.045
-0.194
-0.208
-0.398
-0.394
-0.419
-0.516
-0.726
-0.991
-1.181
-1.199
-1.064
-0.915
-0.926
-0.786
-0.861
-0.769
-0.68
-0.541
-0.555
-0.328
-0.411
-0.254
-0.11
-0.19
-0.247
-0.083
-0.119
-0.247
-0.18
-0.263
-0.119
-0.035
-0.189
-0.07
-0.021
0.091
-0.355
-0.004
-0.04
-0.056
0.244
-0.021
0.193
0.14
0.159
0.129
0.072
-0.02
-0.121
-0.176
-0.085
0.011
0.049
0.037
-0.235
-0.194
-0.415
-0.445
-0.506
-0.5
-0.338
-0.163
-0.233
-0.343
-0.216
-0.21
-0.301
-0.386
-0.574
-0.647
-0.755
-0.583
-0.576
-0.64
-0.601
-0.478
-0.484
-0.57
-0.496
-0.458
-0.35
-0.439
-0.144
0.189
0.089
0.435
0.39
0.469
0.29
0.635
0.655
0.705
0.618
0.629
0.786
0.79
0.786
0.67
0.626
0.59
0.618
0.591
0.352
0.409
0.443
0.681
0.51
0.896
0.799
0.864
0.735
0.709
0.65
0.424
0.411
0.576
0.603
0.546
0.352
0.512
0.411
0.268
0.152
0.12
-0.003
-0.122
-0.195
-0.13
-0.238
-0.497
-0.562
-0.65
-0.741
-0.554
-0.579
-0.494
-0.848
-0.875
-1.194
-1.286
-1.411
-1.403
-1.42
-1.463
-1.515
-1.323
-1.586
-1.396
-1.525
-1.683
-1.85
-1.824
-1.689
-1.738
-1.54
-1.552
-1.636
-1.583
-1.542
-1.218
-1.079
-0.886
-0.878
-0.774
-0.636
-0.584
-0.474
-0.185
-0.079
0.17
0.007
0.13
0.2
0.188
0.32
0.435
0.664
0.754
0.9
0.907
0.738
0.776
0.628
0.555
0.33
0.225
0.143
0.349
0.089
0.125
0.016
0.055
-0.195
-0.175
-0.174
-0.219
-0.261
-0.386
-0.319
-0.341
-0.279
-0.321
-0.378
-0.4
-0.466
-0.362
-0.439
-0.43
-0.315
-0.271
-0.286
-0.22
-0.165
-0.199
-0.001
0.077
0.306
0.389
0.496
0.701
0.58
0.652
0.604
0.614
0.54
0.626
0.738
0.836
0.71
0.631
0.458
0.503
0.413
0.471
0.304
0.385
0.266
0.506
0.463
0.386
0.403
0.48
0.829
1.134
0.901
0.784
0.772
0.751
0.693
0.571
0.766
0.644
0.873
0.671
0.897
0.804
0.965
1.066
0.976
1.064
1.05
0.916
0.8
0.879
0.781
0.797
0.976
0.963
0.741
0.67
0.547
0.51
0.449
0.258
0.049
0.048
0.225
-0.044
-0.171
-0.575
-0.593
-0.691
-0.794
-0.656
-0.838
-0.638
-0.581
-0.7
-0.864
-0.93
-1.041
-1.058
-0.984
-0.76
-0.799
-0.816
-0.801
-0.795
-0.82
-0.761
-0.591
-0.635
-0.348
-0.473
-0.39
-0.141
-0.122
0.019
0.069
0.118
0.244
0.541
0.42
0.552
0.745
0.642
0.695
0.794
0.909
1.064
1.364
1.264
1.255
1.391
1.194
0.899
0.911
0.686
0.753
0.655
0.403
0.129
0.035
0.186
0.138
-0.028
-0.185
-0.425
-0.497
-0.616
-0.68
-0.586
-0.532
-0.53
-0.431
-0.321
-0.292
-0.411
-0.376
-0.351
-0.224
-0.306
-0.115
-0.371
-0.205
-0.188
-0.224
-0.194
0.084
-0.02
0.05
0.174
-0.018
0.034
0.212
0.226
0.231
0.064
0.289
0.2
0.201
0.318
0.409
0.138
0.072
0.072
0.05
-0.036
0.106
0.069
0.23
0.514
0.375
0.629
0.531
0.509
0.361
0.395
0.43
0.354
0.559
0.4
0.451
0.316
0.376
0.456
0.512
0.649
0.535
0.7
0.531
0.562
0.279
0.352
0.542
0.515
0.919
0.699
0.772
0.61
0.551
0.439
0.413
0.446
0.473
0.328
0.231
-0.054
-0.114
-0.184
-0.245
-0.383
-0.505
-0.226
-0.079
0.139
-0.527
0.561
0.32
0.095
-0.177
-0.147
-0.3
-0.005
-0.141
-0.041
0.049
0.134
0.294
0.19
0.273
0.299
0.17
0.214
0.265
0.266
0.182
-0.022
0.062
0.305
0.341
0.31
0.44
0.526
0.39
0.302
0.233
0.29
0.4
0.4
0.324
0.165
0.156
0.214
0.138
0.233
0.221
0.328
0.38
-0.156
-0.212
-0.234
-0.221
-0.166
-0.12
-0.106
-0.147
-0.321
-0.54
-0.576
-0.769
-0.619
-0.671
-0.571
-0.667
-0.661
-0.7
-0.59
-0.63
-0.614
-0.555
-0.659
-0.611
-0.665
-0.475
-0.365
-0.356
-0.405
-0.417
-0.143
-0.201
-0.194
-0.064
0.003
0.177
0.151
0.186
-0.091
0.143
-0.041
-0.191
-0.336
-0.364
-0.376
-0.466
-0.514
-0.866
-0.619
-0.584
-0.699
-0.662
-0.578
-0.351
-0.258
-0.339
-0.305
-0.349
-0.259
-0.323
-0.208
-0.193
-0.195
-0.194
-0.11
0.159
0.001
0.159
0.403
0.421
0.253
0.355
0.328
-0.22
-0.19
-0.336
-0.185
-0.241
-0.143
-0.139
-0.071
-0.29
-0.375
-0.259
-0.066
-0.302
-0.184
-0.154
-0.226
-0.239
-0.115
-0.02
-0.001
-0.134
-0.245
-0.3
-0.13
-0.05
-0.124
-0.408
-0.471
-0.357
-0.527
-0.72
-0.759
-0.853
-0.836
-0.811
-0.902
-0.922
-0.841
-1.16
-1.101
-1.396
-1.471
-1.575
-1.583
-1.463
-1.298
-1.573
-1.463
-1.387
-1.18
-1.081
-1.074
-0.92
-0.865
-0.959
-0.779
-0.83
-0.44
-0.401
-0.181
-0.42
-0.401
-0.534
-0.589
-0.329
-0.285
-0.109
-0.07
-0.001
0.146
0.098
0.069
-0.12
0.048
0.18
0.505
0.403
0.511
0.699
0.838
0.954
1.071
1.185
1.386
1.839
1.871
1.964
1.924
1.765
1.415
1.343
1.316
1.294
1.319
1.419
1.631
1.434
1.095
1.109
1.088
1.055
0.895
0.809
0.984
0.812
0.994
1.123
0.935
1.094
0.994
0.682
0.869
0.919
1.2
1.131
1.258
1.242
1.215
1.206
1.404
1.163
0.911
0.539
0.294
0.135
0.158
0.378
0.396
0.443
0.599
0.508
0.512
0.413
0.506
0.471
0.436
0.401
0.352
-0.048
-0.151
-0.269
-0.185
-0.054
0.029
-0.139
0.084
0.12
0.029
0.131
0.285
0.311
0.23
0.139
0.201
0.362
0.219
0.359
0.414
0.514
0.57
0.512
0.435
0.406
0.469
0.152
0.091
-0.151
-0.212
-0.345
-0.388
-0.393
-0.416
-0.445
-0.425
-0.345
-0.285
-0.146
-0.041
-0.168
-0.079
-0.195
-0.169
-0.118
-0.118
0.072
-0.095
0.014
-0.014
0.076
0.16
0.169
0.119
0.228
0.086
-0.01
0.349
0.066
0.269
0.291
0.066
-0.14
-0.041
0.216
0.255
0.231
0.354
0.524
0.241
0.394
0.435
0.525
0.454
0.515
0.36
0.369
0.217
0.229
0.341
0.375
0.26
0.381
0.445
0.489
0.474
0.554
0.501
0.686
0.628
0.435
0.564
0.469
0.514
0.386
0.28
0.301
0.419
0.56
0.79
0.82
1.019
0.984
0.824
0.79
0.552
0.436
0.454
0.226
0.136
0.2
-0.146
-0.22
-0.421
-0.473
-0.509
-0.73
-0.682
-0.54
-0.54
-0.541
-0.621
-0.828
-1.041
-1.03
-1.219
-1.091
-0.979
-0.754
-0.804
-1.062
-1.131
-1.051
-1.032
-0.888
-0.91
-0.983
-1.169
-1.285
-1.459
-1.445
-1.188
-1.147
-0.644
-0.656
-0.693
-0.657
-0.51
-0.357
-0.198
-0.196
-0.111
-0.045
-0.259
-0.14
-0.039
0.019
0.163
0.09
0.119
-0.001
0.126
0.031
-0.035
0.059
0.061
0.07
0.048
0.065
-0.121
-0.084
0.206
0.351
0.348
0.446
0.445
0.399
0.246
0.345
0.388
0.49
0.46
0.652
0.601
0.642
0.806
1.09
1.062
1.213
1.316
1.276
1.357
1.27
1.153
1.095
1.026
1.139
0.981
0.81
0.628
0.48
0.263
0.084
0.001
-0.11
-0.074
-0.216
-0.279
-0.345
-0.463
-0.228
-0.169
-0.173
-0.171
-0.113
-0.04
0.04
-0.016
-0.198
-0.206
-0.055
0.061
0.138
0.158
0.229
0.154
0.099
0.151
0.311
0.22
0.297
0.271
0.44
0.381
0.229
0.224
0.215
0.122
0.14
0.193
0.305
0.163
0.21
0.118
0.022
-0.069
-0.091
-0.251
-0.236
-0.269
-0.348
-0.376
-0.396
-0.541
-0.618
-0.735
-0.84
-0.667
-0.61
-0.614
-0.739
-0.698
-0.604
-0.731
-1.074
-0.945
-0.899
-0.746
-10.336
-0.578
-0.464
-0.354
-0.039
-0.124
-0.059
0.026
0.056
0.355
0.354
0.499
0.682
0.821
0.96
1.011
1.26
1.353
1.536
1.492
1.677
1.485
1.456
1.394
1.218
1.107
1.035
1.044
0.973
0.731
0.738
0.591
0.682
0.646
0.565
0.188
0.106
0.083
-0.209
-0.203
-0.236
-0.1
-0.036
-0.096
-0.113
-0.253
-0.113
-0.244
-0.283
-0.141
-0.246
-0.188
-0.42
-0.395
-0.729
-0.804
-0.806
-0.753
-0.59
-0.751
-0.854
-0.845
-0.873
-0.8
-0.695
-0.709
-0.469
-0.301
-0.199
-0.319
-0.223
-0.086
0.02
0.089
0.296
0.408
0.636
0.7
0.875
0.741
0.654
0.846
1.01
0.986
1.011
0.87
0.931
0.797
0.823
0.94
0.839
0.71
0.544
0.603
0.362
0.432
0.685
0.72
0.691
0.69
0.605
0.529
0.357
0.62
0.628
0.652
0.807
0.745
0.77
0.763
0.629
0.417
0.405
0.249
0.107
0.351
0.285
0.106
-0.003
0.16
-0.059
-0.146
-0.475
-0.491
-0.711
-0.96
-1.042
-1.016
-1.163
-1.089
-1.153
-1.188
-1.123
-1.499
-1.405
-1.518
-1.701
-1.958
-2.208
-2.169
-2.489
-2.593
-2.598
-2.533
-2.288
-2.141
-1.877
-1.992
-1.866
-1.891
-1.825
-1.693
-1.74
-1.534
-1.484
-1.269
-1.27
-1.336
-1.201
-1.042
-0.914
-0.581
-0.359
-0.095
0.173
0.394
0.411
0.366
0.409
0.544
0.586
0.662
0.559
0.738
1.09
1.335
1.391
1.514
1.486
1.476
1.463
1.51
1.691
1.732
1.614
1.526
1.369
1.403
1.224
1.399
1.325
1.193
0.907
0.626
0.564
0.664
0.544
0.506
0.531
0.5
0.444
0.343
0.357
0.254
0.429
0.234
0.396
0.509
0.504
0.599
0.468
0.395
0.355
0.209
0.311
0.229
0.315
0.166
0.174
0.24
0.168
0.296
0.098
0.31
0.182
0.217
0.152
0.381
0.469
0.385
0.415
0.511
0.531
0.55
0.514
0.585
0.51
0.556
0.371
0.47
0.485
0.44
0.532
0.682
0.657
0.654
0.781
0.61
0.657
0.691
0.451
0.445
0.564
0.555
0.585
0.62
0.505
0.652
0.384
0.234
0.22
0.23
0.289
0.193
0.145
0.041
0.04
-0.306
-0.255
-0.336
-0.351
-0.126
-0.103
-0.015
-0.039
-0.076
-0.058
-0.116
-0.309
-0.296
-0.307
-0.527
-0.403
-0.541
-0.372
-0.319
-0.588
-0.481
-0.41
-0.443
-0.549
-0.721
-1.059
-1.14
-1.326
-1.088
-0.914
-0.537
-0.429
-0.471
-0.505
-0.413
-0.181
-0.168
0.031
0.219
0.427
0.419
0.38
0.275
0.394
0.4
0.411
0.72
0.741
1.014
1.136
0.995
0.891
1.127
0.961
1.04
0.927
1.015
0.919
0.87
0.755
0.782
0.601
0.542
0.52
0.395
0.401
0.216
0.092
0.026
-0.13
-0.065
-0.336
-0.223
-0.417
-0.541
-0.623
-0.89
-0.829
-0.777
-0.703
-0.701
-0.421
-0.464
-0.438
-0.344
-0.329
-0.241
-0.193
-0.214
-0.086
-0.16
-0.044
0.041
-0.018
0.094
0.028
0.031
-0.074
-0.03
0.24
0.209
0.274
0.419
0.431
0.522
0.682
0.568
0.42
0.636
0.575
0.536
0.42
0.37
0.31
0.26
0.244
0.244
0.039
0.024
-0.115
-0.196
-0.355
-0.344
-0.386
-0.544
-0.49
-0.499
-0.333
-0.295
-0.318
-0.504
-0.323
-0.364
-0.234
-0.203
-0.014
-0.129
0.099
-0.064
0.105
0.338
0.256
0.338
0.562
0.525
0.73
0.744
0.802
0.699
0.598
0.66
0.67
0.688
0.598
0.792
0.734
0.812
0.948
0.634
0.944
0.588
0.409
0.408
0.656
0.495
0.586
0.131
0.158
0.083
0.028
-0.075
-0.316
-0.191
-0.526
-0.615
-0.411
-0.561
-0.601
-0.74
-0.879
-1.055
-1.15
-1.166
-1.384
-1.218
-1.389
-1.302
-1.206
-1.279
-1.215
-1.044
-0.907
-0.905
-1.026
-0.876
-0.794
-0.616
-0.362
-0.464
-0.458
-0.546
-0.486
-0.487
-0.503
-0.443
-0.408
-0.395
-0.158
-0.15
-0.152
-0.163
-0.331
-0.266
-0.318
-0.198
-0.05
0.21
0.164
0.126
0.039
0.056
0.203
0.225
0.094
0.007
0.135
0.129
0.152
0.239
0.077
-0.009
0.044
0.085
0.309
0.345
0.481
0.461
0.556
0.32
0.176
0.256
0.24
0.319
0.385
0.234
0.329
0.255
0.081
0.23
0.164
0.259
0.261
0.165
0.171
-0.003
0.014
0.036
-0.005
-0.258
-0.446
-0.556
-0.603
-0.815
-0.646
-0.359
-0.225
-0.161
-0.438
-0.541
-0.642
-0.616
-0.84
-0.709
-0.594
-0.943
-0.763
-0.64
-0.641
-0.427
-0.228
-0.271
-0.048
0.01
-0.196
0.015
-0.177
-0.177
-0.33
-0.309
-0.497
-0.569
-0.485
-0.694
-0.583
-0.975
-0.99
-0.936
-0.874
-0.573
-0.796
-0.604
-0.619
-0.531
-0.276
-0.104
-0.043
-0.199
-0.328
-0.151
-0.275
-0.173
-0.152
-0.089
-0.151
-0.039
-0.054
-0.043
-0.134
-0.079
-0.079
-0.105
-0.014
-0.034
-0.018
-0.076
-0.011
0.029
0.054
0.092
0.134
0.065
0.005
-0.011
-0.094
-0.107
-0.122
0.011
0.043
0.217
0.181
0.278
0.098
-0.062
-0.014
-0.061
-0.049
-0.1
-0.135
-0.1
-0.109
0.08
-0.054
0.037
0.015
-0.001
-0.029
0.064
0.175
0.296
0.524
0.57
0.527
0.829
0.848
0.873
0.978
0.976
0.703
0.875
0.784
0.924
0.851
0.986
0.693
0.77
0.806
0.844
0.843
0.955
1.021
0.839
0.959
0.784
0.761
0.51
0.537
0.685
0.618
0.944
0.836
0.919
0.671
0.62
0.526
0.504
0.468
0.394
0.531
0.544
0.416
0.247
0.109
0.065
-0.09
-0.164
-0.212
-0.286
-0.226
-0.245
-0.281
-0.193
-0.159
-0.173
-0.333
-0.385
-0.281
-0.369
-0.351
-0.401
-0.492
-0.47
-0.284
-0.193
-0.324
-0.38
-0.475
-0.579
-0.497
-0.359
-0.449
-0.485
-0.751
-0.777
-0.725
-0.859
-0.406
-0.676
-0.595
-0.494
-0.515
-0.686
-0.743
-0.611
-0.586
-0.315
-0.369
-0.301
-0.128
-0.086
0.035
0.109
0.19
0.198
0.326
0.374
0.479
0.526
0.527
0.699
0.59
0.394
0.324
0.278
0.385
0.633
0.811
0.896
0.696
0.626
0.603
0.595
0.451
0.251
0.417
0.375
0.478
0.352
0.225
0.517
0.65
0.723
0.7
0.776
0.904
1.056
0.956
1.001
0.821
0.985
0.936
1.165
1.073
0.968
0.924
0.975
0.999
0.904
0.786
0.64
0.694
0.485
0.376
0.39
0.443
0.554
0.647
0.704
0.716
0.809
0.738
0.741
0.89
0.994
0.941
0.964
0.824
0.968
1.042
1.203
1.17
1.199
1.321
1.26
1.364
1.311
1.434
1.379
1.271
1.245
1.356
1.361
1.361
1.21
1.373
1.085
1.209
1.05
1.001
0.81
0.739
0.621
0.62
0.656
0.605
0.579
0.419
0.486
0.2
0.231
0.096
0.062
-0.034
-0.228
-0.221
-0.341
-0.25
-0.537
-0.72
-0.723
-0.829
-1.022
-1.019
-1.146
-1.176
-1.215
-1.2
-1.153
-1.203
-0.975
-0.859
-0.865
-1.026
-0.985
-1.36
-1.524
-1.288
-1.115
-1.179
-1.24
-1.113
-1.292
-1.526
-1.416
-1.384
-1.241
-1.312
-1.311
-1.228
-1.169
-1.177
-1.167
-1.001
-0.888
-0.869
-0.873
-0.784
-0.571
-0.395
-0.367
-0.256
-0.294
-0.386
-0.554
-0.536
-0.281
-0.036
-0.203
-0.234
0.004
0.253
0.261
0.618
0.598
0.546
0.636
0.586
0.495
0.426
0.376
0.285
0.095
0.336
0.435
0.329
0.106
-0.041
-0.069
-0.23
-0.206
-0.33
-0.701
-0.815
-0.974
-1.059
-1.34
-1.501
-1.475
-1.191
-0.995
-1.022
-0.973
-0.883
-0.744
-0.564
-0.704
-0.596
-0.719
-0.758
-0.628
-0.738
-0.779
-0.508
-0.48
-0.349
-0.527
-0.389
-0.273
-0.115
-0.009
-0.06
-0.03
0.019
-0.046
-0.048
-0.001
0.203
0.245
0.198
0.058
0.134
0.145
-0.076
-0.077
-0.314
-0.297
-0.436
-0.413
-0.336
-0.292
-0.296
-0.234
-0.009
0.029
-0.225
-0.106
0.039
-0.088
0.119
0.319
0.551
0.44
0.565
0.851
0.889
0.8
0.925
1.091
1.129
1.041
1.11
0.841
1.064
0.973
1.185
1.081
1.131
0.931
1.008
1.27
1.074
1.038
1.036
1.154
1.05
0.951
0.878
0.758
0.449
0.02
-0.079
-0.319
-0.294
-0.33
-0.12
-0.314
-0.155
-0.271
-0.247
-0.255
-0.361
-0.271
-0.201
0.072
0.149
0.2
0.103
0.138
0.135
0.329
0.165
0.079
0.077
0.034
0.08
-0.104
-0.065
-0.223
-0.115
-0.119
-0.175
-0.071
-0.301
-0.292
-0.185
-0.081
0.048
0.025
0.046
-0.075
0.144
0.066
0.246
0.246
0.221
0.417
0.273
0.23
0.161
0.217
0.048
0.099
0.021
0.273
-0.092
-0.104
-0.096
-0.018
0.18
-0.024
0.01
0.188
-0.003
0.258
-0.104
-0.005
-0.122
0.16
0.364
0.701
0.876
0.858
1.001
0.955
1.014
1.008
1.268
1.107
0.799
0.679
0.64
0.468
0.585
0.504
0.626
0.625
0.576
0.544
0.489
0.728
0.958
0.805
0.473
0.355
0.465
0.255
0.223
0.239
0.201
0.013
0.034
0.12
0.329
0.23
0.432
0.435
0.221
0.325
0.245
0.224
0.28
0.246
0.434
0.23
0.271
0.345
0.414
0.666
0.512
0.515
0.245
0.233
0.129
0.066
0.114
0.046
-0.11
-0.361
-0.586
-0.709
-0.623
-0.83
-0.851
-0.557
-0.266
-0.22
-0.376
-0.432
-0.679
-0.661
-0.323
-0.278
-0.163
-0.189
0.022
0.013
-0.029
-0.15
-0.196
-0.292
-0.031
-0.176
-0.409
-0.359
-0.484
-0.184
0.101
0.101
0.255
0.297
0.107
-0.125
-0.221
-0.331
-0.295
-0.011
0.004
0.23
-0.046
0.065
0.049
0.074
0.194
0.234
0.463
0.438
0.364
0.085
-0.166
0.154
0.369
0.42
0.466
0.522
0.44
0.461
0.43
0.464
0.374
0.486
0.536
0.713
0.745
0.645
0.633
0.491
0.343
0.466
0.254
0.198
0.304
0.336
0.286
0.408
0.469
0.489
0.421
0.365
0.292
0.393
0.295
0.356
0.367
0.372
0.495
0.229
0.463
0.564
0.604
0.656
0.484
0.484
0.46
0.681
0.367
0.383
0.179
0.154
0.049
-0.055
-0.006
-0.161
0.209
0.311
0.508
0.438
0.118
0.349
0.388
0.35
0.206
-0.037
-0.122
-0.054
0.049
0.061
0.233
0.394
0.49
0.325
0.311
0.31
0.27
0.456
0.315
0.261
0.105
0.225
0.08
-0.064
-0.055
-0.181
-0.099
-0.235
-0.115
-0.236
-0.295
-0.426
-0.781
-0.854
-0.756
-0.598
-0.514
-0.385
-0.369
-0.494
-0.574
-0.698
-0.47
-0.515
-0.45
-0.508
-0.331
-0.274
-0.409
-0.403
-0.479
-0.755
-0.897
-0.819
-0.917
-0.885
-0.91
-0.848
-0.782
-0.876
-0.546
-0.596
-0.364
-0.469
-0.638
-0.769
-0.789
-0.751
-0.686
-0.605
-0.61
-0.48
-0.733
-0.552
-0.69
-0.62
-0.446
-0.349
-0.429
-0.574
-0.456
-0.454
-0.362
-0.525
-0.281
-0.134
-0.242
-0.271
-0.238
-0.417
-0.444
-0.478
-0.635
-0.735
-0.797
-0.985
-0.853
-0.976
-1.036
-1.001
-1.036
-1.062
-0.958
-0.873
-0.864
-0.583
-0.576
-0.506
-0.517
-0.584
-0.618
-0.574
-0.334
-0.223
-0.116
0.285
0.361
0.384
0.481
0.524
0.634
0.856
0.894
1.055
1.04
1.036
1.026
1.008
1.14
1.18
1.371
1.232
1.189
0.96
0.854
0.758
0.588
0.454
0.33
0.545
0.378
0.376
0.344
0.225
0.182
0.007
-0.029
-0.105
-0.061
-0.004
0.043
0.066
0.134
0.25
0.045
0.296
0.312
0.388
-0.071
-0.176
-0.001
-0.105
0.106
0.121
0.295
0.124
-0.045
-0.061
-0.005
-0.195
-0.352
-0.318
-0.28
-0.295
-0.314
-0.28
-0.286
-0.295
-0.401
-0.336
-0.36
-0.588
-0.46
-0.566
-0.67
-0.77
-0.936
-1.071
-1.035
-1.159
-1.198
-1.001
-1.046
-0.925
-0.826
-0.8
-0.606
-0.425
-0.299
-0.138
-0.025
-0.036
-0.106
-0.225
-0.048
-0.115
-0.231
-0.1
0.075
0.022
0.099
0.099
0.095
-0.081
-0.15
-0.013
-0.079
0.046
-0.075
-0.083
-0.101
-0.001
0.253
0.234
0.17
-0.049
-0.2
-0.031
-0.013
0.405
0.396
0.458
0.529
0.53
0.487
0.517
0.569
0.531
0.422
0.146
0.324
0.215
0.312
0.291
0.453
0.279
0.526
0.53
0.547
0.557
0.506
0.68
0.733
0.82
0.598
0.438
0.524
0.695
0.854
0.785
0.53
0.576
0.542
0.644
0.547
0.76
0.641
0.833
0.964
0.74
0.584
0.589
0.669
0.638
0.698
0.579
0.589
0.585
0.516
0.527
0.586
0.713
0.796
0.74
0.769
0.888
0.981
0.826
1.036
1.12
1.099
1.161
1.177
0.905
0.864
0.799
0.771
0.816
0.672
0.881
0.68
0.522
0.359
0.255
0.294
0.208
0.209
-0.009
0.026
0.066
-0.118
-0.169
-0.089
-0.14
-0.438
-0.314
-0.391
-0.13
-0.366
-0.559
-0.531
-0.512
-0.276
-0.505
-0.503
-0.547
-0.4
-0.415
-0.432
-0.357
-0.143
-0.448
-0.351
-0.464
-0.45
-0.415
-0.098
-0.066
0.136
0.245
0.365
0.318
0.229
0.081
0.013
0.009
0.021
-0.041
0.103
0.083
0.058
0.147
0.03
-0.025
0.036
0.058
0.194
0.164
0.249
0.138
0.107
0.188
0.224
0.212
0.115
0.212
0.286
0.478
0.393
0.29
0.114
0.019
0.096
-0.013
-0.051
-0.031
-0.07
-0.159
-0.046
-0.205
-0.036
0.028
0.17
0.474
0.42
0.5
0.699
0.738
0.56
0.623
0.588
0.506
0.579
0.685
0.744
0.711
0.652
0.677
0.365
0.411
0.249
-0.154
-0.076
-0.256
-0.369
-0.199
-0.16
-0.23
-0.274
-0.247
-0.212
-0.291
-0.324
-0.265
-0.419
-0.346
-0.506
-0.535
-0.564
-0.506
-0.474
-0.362
-0.365
-0.413
-0.516
-0.621
-0.641
-0.473
-0.551
-0.469
-0.301
-0.14
-0.25
-0.154
-0.043
-0.091
0.115
0.111
0.215
0.334
0.432
0.453
0.512
0.504
0.64
0.681
0.82
0.969
0.844
0.883
0.971
0.785
0.771
0.641
0.546
0.536
0.774
0.829
0.969
0.846
0.729
0.703
0.772
0.819
0.8
0.851
0.756
0.63
0.564
0.258
0.104
0.065
0.25
0.335
-0.979
-0.039
-0.253
-0.311
-0.331
-0.471
-0.37
-0.504
-0.339
-0.669
-0.534
-0.638
10.332
-0.591
-0.636
-0.468
-0.589
-0.468
-0.46
-0.49
-0.52
-0.379
-0.214
-0.079
0.146
0.359
0.271
0.107
0.014
-0.088
0.001
0.115
-0.161
-0.537
-0.4
-0.486
-0.588
-0.482
-0.514
-0.725
-0.912
-0.869
-1.105
-1.2
-1.141
-0.985
-1.004
-0.971
-0.915
-0.897
-0.781
-0.71
-0.8
-0.819
-0.718
-0.611
-0.619
-0.603
-0.461
-0.174
-0.168
0.01
0.01
-0.011
0.211
0.251
0.318
0.525
0.549
0.568
0.878
0.686
0.611
0.568
0.509
0.656
0.785
0.839
0.759
0.865
0.963
0.785
0.864
0.755
0.647
0.545
0.753
0.75
0.826
0.84
0.787
0.807
0.611
0.724
0.67
0.546
0.62
0.504
0.525
0.451
0.361
0.455
0.593
0.603
0.667
0.726
0.856
0.72
0.807
0.834
0.726
0.564
0.409
0.374
0.251
0.121
-0.062
-0.037
-0.241
-0.329
-0.394
-0.677
-0.871
-1.165
-1.034
-1.15
-1.195
-0.986
-0.869
-0.902
-0.939
-1.022
-0.969
-0.886
-0.834
-0.68
-0.718
-0.693
-0.833
-0.786
-0.905
-0.873
-0.835
-0.8
-1.001
-1.198
-1.177
-1.191
-0.956
-0.785
-1.046
-1.004
-0.969
-0.891
-0.812
-0.65
-0.419
-0.67
-0.499
-0.383
-0.485
-0.504
-0.216
-0.107
0.131
0.304
0.441
0.651
0.718
0.695
0.574
0.73
0.555
0.441
0.729
0.81
0.795
1.009
1.085
1.031
1.049
1.049
1.012
1.1
1.127
0.936
1.028
0.899
0.864
1.012
0.766
0.684
0.895
0.838
0.809
0.649
0.599
0.574
0.654
0.401
0.242
0.221
0.096
0.165
0.116
-0.011
0.048
0.011
-0.065
-0.138
-0.205
-0.168
-0.193
-0.177
-0.241
-0.306
-0.195
-0.165
-0.199
0.033
-0.279
-0.182
-0.169
-0.052
-0.103
-0.552
-0.208
-0.098
0.06
-0.043
0.103
0.048
0.177
0.139
0.074
0.075
0.105
0.165
-0.033
-0.096
0.088
-0.021
-0.077
-0.168
-0.276
-0.281
-0.259
-0.279
-0.144
-0.288
-0.348
-0.328
-0.258
-0.171
-0.144
-0.074
0.043
0.049
-0.054
0.061
0.072
0.229
0.301
0.256
0.133
-0.013
0.03
-0.035
-0.089
-0.129
-0.044
0.025
-0.013
0.029
-0.118
-0.125
-0.009
0.051
0.158
0.404
0.369
0.263
0.413
0.411
0.336
0.35
0.234
0.24
-0.045
-0.031
0.143
0.149
0.198
0.141
0.133
0.179
-0.154
-0.111
-0.431
-0.242
-0.208
-0.145
-0.13
-0.04
-0.24
-0.36
-0.279
-0.215
-0.176
-0.181
-0.251
-0.203
-0.09
-0.114
-0.147
-0.171
-0.121
-0.051
-0.031
0.107
0.037
0.501
0.458
0.539
0.531
0.691
0.775
0.864
0.911
0.542
0.856
1.016
1.065
1.015
0.889
1.105
1.091
1.185
1.177
1.065
0.856
0.878
0.816
0.655
0.672
0.71
0.716
0.547
0.674
0.11
0.338
0.427
0.555
0.487
0.495
0.555
0.605
0.682
0.497
0.629
0.417
0.466
0.448
0.266
0.122
0.044
0.033
-0.166
-0.098
-0.048
-0.149
-0.121
-0.275
-0.351
-0.445
-0.278
-0.494
-0.324
-0.435
-0.496
-0.562
-0.669
-0.744
-0.854
-0.874
-0.901
-0.816
-0.781
-0.772
-0.589
-0.531
-0.638
-0.487
-0.579
-0.391
-0.444
-0.667
-0.761
-0.836
-0.733
-0.735
-0.645
-0.674
-0.729
-0.698
-1.056
-0.718
-0.693
-0.561
-0.376
-0.144
-0.004
-0.033
0.034
0.169
0.247
0.318
0.359
0.41
0.6
0.698
0.841
1.008
1.048
1.015
0.87
0.926
0.856
0.855
0.666
0.536
0.556
0.924
0.988
0.901
0.811
0.844
0.906
0.828
0.764
0.718
0.539
0.478
0.307
0.193
0.29
0.38
0.395
0.289
0.054
0.238
0.096
0.261
0.335
0.451
0.231
0.152
0.039
0.034
0.294
0.115
0.11
0.273
0.17
0.165
0.01
0.254
0.32
0.141
0.134
0.24
0.239
0.19
0.226
0.419
0.456
0.453
0.305
0.29
0.351
0.315
-0.089
0.158
0.381
0.32
0.161
0.195
0.081
0.12
0.016
-0.064
-0.274
-0.094
0.019
0.046
0.083
-0.219
-0.04
-0.021
0.15
0.231
0.194
0.284
0.351
0.256
0.046
0.094
0.05
0.45
0.27
0.284
0.534
0.539
0.414
0.492
0.638
0.448
0.519
0.465
0.524
0.542
0.416
0.5
0.29
0.384
0.07
-0.193
0.217
0.152
0.177
0.212
0.341
0.463
0.46
0.419
0.733
0.713
0.856
0.677
0.764
0.87
0.516
0.503
0.366
0.188
0.263
0.309
0.333
0.223
0.089
0.145
-0.056
0.005
-0.071
-0.505
-0.769
-0.91
-0.825
-0.823
-0.782
-0.685
-0.68
-0.662
-0.716
-0.65
-0.741
-0.729
-0.795
-0.795
-0.79
-0.686
-0.559
-0.598
-0.791
-0.94
-0.856
-0.777
-0.499
-0.464
-0.362
-0.529
-0.478
-0.286
-0.246
-0.041
-0.091
-0.043
-0.043
0.086
0.13
0.35
0.385
0.484
0.879
0.92
0.772
0.792
0.695
0.534
0.66
0.547
0.618
0.244
0.305
0.186
-0.009
0.155
0.109
-0.041
0.009
0.18
0.251
0.386
0.343
0.511
0.5
0.344
0.384
-2.575
0.426
0.55
0.455
0.514
0.484
0.475
0.532
0.545
0.234
0.146
0.324
0.251
0.261
0.398
0.424
0.424
0.391
0.346
0.32
0.579
0.511
0.611
0.561
0.583
0.53
0.417
0.444
0.399
0.331
0.211
0.294
0.375
0.424
0.278
0.289
0.205
0.141
0.24
0.25
0.024
-0.052
-0.217
-0.074
-0.133
-0.239
-0.535
-0.312
-0.343
-0.311
-0.385
-0.56
-0.223
-0.306
-0.266
-0.333
-0.458
-0.374
-0.291
-0.355
-0.42
-0.469
-0.584
-0.504
-0.47
-0.554
-0.575
-0.463
-0.46
-0.479
-0.48
-0.731
-0.731
-0.869
-0.816
-0.628
-0.73
-0.764
-0.959
-0.871
-0.876
-0.878
-1.061
-0.759
-0.801
-0.973
-1.004
-1.056
-1.121
-1.002
-1.035
-0.905
-0.82
-0.853
-0.795
-0.667
-0.705
-0.631
-0.466
-0.384
-0.362
-0.265
-0.286
-0.271
-0.339
-0.269
-0.094
0.041
-0.115
0.072
-0.019
-0.189
-0.265
-0.259
-0.295
-0.291
-0.089
0.092
0.1
0.125
0.357
0.173
0.318
0.328
0.291
0.45
0.455
0.279
0.512
0.474
0.234
0.235
0.311
0.39
0.448
0.7
0.469
0.743
0.781
0.792
0.604
0.495
0.571
0.362
0.425
0.133
0.188
0.134
0.041
0.159
0.024
-0.034
-0.089
-0.051
0.166
0.254
0.191
0.138
0.225
0.216
0.241
0.264
0.333
0.398
0.399
0.604
0.512
0.509
0.334
0.346
0.242
0.151
0.083
0.188
0.131
0.405
0.286
0.355
0.2
0.242
0.264
0.266
0.209
0.126
0.103
0.219
0.058
-0.011
0.145
0.212
0.299
0.439
0.421
0.269
0.362
0.344
0.367
0.209
0.135
-0.024
0.149
-0.147
-0.041
0.034
0.1
0.131
0.269
0.326
0.258
0.381
0.384
0.299
0.325
0.413
0.374
0.555
0.651
0.662
0.67
0.441
0.654
0.481
0.36
0.316
0.253
0.125
0.072
0.058
0.004
0.048
0.191
0.105
0.182
0.116
0.036
-0.033
-0.164
-0.138
-0.247
-0.058
-0.072
-0.022
-0.158
-0.251
-0.181
-0.161
-0.224
-0.307
-0.141
-0.292
-0.135
-0.059
0.035
0.18
0.226
0.189
-0.031
0.054
0.27
0.185
0.19
0.174
0.118
0.06
-0.086
0.128
0.058
-0.02
0.026
0.279
0.48
0.296
0.175
0.077
-0.014
0.145
0.004
0.121
-0.236
-0.284
-0.296
-0.15
-0.24
-0.329
-0.159
0.065
0.014
-0.101
0.004
0.092
0.271
0.421
0.344
0.29
0.152
0.385
0.319
0.145
0.251
0.31
0.338
0.414
0.517
0.352
0.234
0.23
0.135
0.155
0.115
0.209
0.274
0.393
0.511
0.414
0.328
0.338
0.234
0.107
0.246
0.06
0.109
-0.031
-0.288
-0.273
-0.519
-0.546
-0.524
-0.61
-0.568
-0.427
-0.495
-0.654
-0.69
-0.706
-0.709
-0.826
-0.865
-0.688
-0.396
-0.26
-0.06
0.111
0.116
0.177
0.184
0.146
0.355
0.461
0.58
0.565
10.332
10.332
0.426
0.634
0.386
0.554
0.756
0.885
1.085
1.339
1.073
0.891
0.969
0.958
1.109
1.276
1.183
1.14
1.065
1.157
1.213
1.275
1.299
1.465
1.294
1.475
1.397
1.184
1.331
1.099
1.058
0.989
0.789
0.819
0.792
0.796
0.546
0.672
0.547
0.482
0.336
0.143
0.206
0.246
0.191
0.294
0.274
0.31
0.261
0.41
0.514
0.168
0.238
0.343
0.131
0.039
-0.06
0.0
-0.04
-0.079
-0.175
-0.281
-0.366
-0.235
-0.259
-0.138
-0.169
-0.261
-0.089
-0.338
-0.408
-0.449
-0.331
-0.069
-0.312
-0.371
-0.315
-0.633
-0.779
-0.851
-0.907
-1.036
-0.89
-0.961
-0.769
-0.685
-0.701
-0.806
-0.795
-0.763
-0.81
-0.784
-0.809
-0.899
-0.699
-0.664
-0.792
-0.72
-0.796
-0.591
-0.503
-0.306
-0.372
-0.374
-0.379
-0.118
-0.11
0.024
0.2
0.198
0.133
0.199
0.448
0.378
0.656
0.666
0.448
0.088
0.095
0.059
0.166
0.297
0.355
0.336
0.486
0.59
0.545
0.608
0.384
0.401
0.336
0.268
0.279
0.151
0.229
0.136
0.021
0.025
0.08
0.144
0.251
0.072
0.113
-0.083
0.209
0.161
0.003
-0.118
-0.212
-0.221
-0.305
-0.241
-0.15
-0.169
-0.004
-0.021
-0.046
0.03
-0.103
0.01
0.026
0.208
0.17
0.454
0.281
0.275
0.333
0.101
0.185
0.32
0.364
0.39
0.409
0.345
0.216
0.168
0.174
0.129
-0.039
-0.069
-0.024
0.0
0.005
0.225
0.258
0.139
0.13
0.036
0.226
0.133
0.289
0.256
0.465
0.411
0.468
0.633
0.649
0.671
0.635
0.73
0.81
0.723
0.66
0.733
0.777
0.861
1.06
0.934
0.931
0.826
0.78
0.853
0.78
0.647
0.568
0.465
0.367
0.333
0.435
0.503
0.576
0.609
0.466
0.593
0.484
0.449
0.393
0.234
0.309
0.32
0.316
0.304
0.309
0.185
0.233
0.173
0.229
0.133
0.094
0.138
0.198
-0.024
-0.168
-0.048
-0.08
-0.155
-0.159
-0.198
0.081
0.203
0.22
0.316
0.404
0.469
0.275
0.336
0.246
0.177
0.258
0.089
0.109
-0.037
-0.147
-0.279
-0.386
-0.393
-0.541
-0.596
-0.62
-0.527
-0.652
-0.651
-0.789
-0.731
-0.656
-0.677
-0.796
-0.763
-0.62
-0.511
-0.573
-0.62
-0.481
-0.369
-0.297
-0.155
-0.13
-0.009
-0.085
-0.184
-0.173
-0.33
-0.336
-0.362
-0.446
-0.601
-0.651
-0.736
-0.787
-0.89
-0.95
-0.946
-0.868
-0.864
-0.745
-0.539
-0.519
-0.578
-0.319
-0.094
-0.016
0.019
0.104
0.064
0.086
0.11
0.13
0.022
0.022
-0.016
-0.107
-0.098
-0.212
-0.285
-0.256
-0.269
-0.128
-0.147
-0.18
-0.159
-0.08
-0.077
0.001
0.145
-0.031
0.061
0.21
0.006
0.307
0.244
0.104
0.291
0.216
0.231
0.21
0.361
0.537
0.468
0.628
0.564
0.593
0.547
0.65
0.593
0.691
0.501
0.511
0.596
0.696
0.549
0.672
0.532
0.583
0.574
0.516
0.383
0.48
0.499
0.421
0.578
0.404
0.46
0.475
0.403
0.517
0.366
0.49
0.371
0.328
0.224
0.145
0.051
0.131
0.037
-0.141
-0.21
-0.343
-0.531
-0.497
-0.594
-0.695
-0.836
