-0.159
0.036
0.033
0.251
0.224
0.35
0.456
0.664
0.599
0.574
0.61
0.641
0.68
0.556
0.413
0.492
0.349
0.343
0.195
0.266
0.094
-0.028
0.141
-0.051
-0.216
-0.417
-0.403
-0.38
-0.335
-0.314
-0.285
-0.236
-0.246
-0.131
-0.12
-0.195
-0.104
0.003
-0.181
-0.199
-0.036
-0.065
0.004
0.079
0.075
0.013
0.009
0.006
0.028
-0.025
-0.209
-0.246
-0.201
-0.27
-0.335
-0.454
-0.399
-0.485
-0.559
-0.527
-0.599
-0.491
-0.541
-0.351
-0.249
-0.24
-0.099
-0.19
-0.191
-0.205
-0.039
0.188
0.22
0.144
0.211
0.181
0.266
0.152
0.2
0.151
0.354
0.249
0.266
0.381
0.235
0.239
0.335
0.283
0.44
0.545
0.588
0.604
0.828
0.894
0.932
0.874
0.902
0.916
0.929
0.848
0.845
0.921
1.056
1.016
0.779
0.701
0.64
0.565
0.685
0.492
0.374
0.223
0.119
0.184
0.058
0.155
0.003
0.036
-0.075
-0.196
-0.092
-0.024
-0.025
0.037
-0.17
-0.23
-0.329
-0.336
-0.289
-0.473
-0.466
-0.506
-0.581
-0.492
-0.441
-0.324
-0.271
-0.205
-0.249
-0.171
-0.106
-0.185
-0.166
-0.247
-0.343
-0.253
-0.312
-0.259
-0.426
-0.435
-0.575
-0.544
-0.739
-0.691
-0.596
-0.62
-0.451
-0.517
-0.443
-0.54
-0.435
-0.372
-0.456
-0.136
-0.092
-0.018
0.011
-0.013
0.056
0.029
-0.003
-0.022
0.029
0.075
0.029
0.071
-0.043
-0.104
-0.175
-0.037
-0.224
-0.228
-0.046
0.006
0.159
0.329
0.464
0.301
0.348
0.296
0.405
0.473
0.398
0.465
0.408
0.406
0.384
0.329
0.305
0.302
0.314
0.509
0.623
0.626
0.689
0.459
0.639
0.681
0.705
0.631
0.59
0.573
0.671
0.69
0.679
0.621
0.509
0.46
0.32
0.25
0.229
0.365
0.388
0.549
0.474
0.393
0.35
0.448
0.48
0.451
0.616
0.539
0.534
0.419
0.491
0.32
0.364
0.319
0.174
0.14
-0.035
-0.193
-0.283
-0.374
-0.196
-0.206
-0.15
-0.182
-0.048
-0.05
-0.176
-0.151
-0.125
0.007
0.091
0.072
0.046
-0.094
-0.019
0.062
0.026
0.034
-0.021
0.101
0.146
0.163
0.182
0.007
-0.074
-0.14
-0.158
-0.069
-0.001
-0.175
-0.196
-0.201
-0.29
-0.291
-0.37
-0.208
-0.231
-0.249
-0.26
-0.13
-0.22
-0.345
-0.261
-0.384
-0.39
-0.674
-0.647
-0.703
-0.603
-0.417
-0.394
-0.443
-0.571
-0.481
-0.525
-0.615
-0.478
-0.331
-0.174
-0.015
-0.104
-0.163
-0.278
-0.394
-0.299
-0.355
-0.417
-0.289
-0.309
-0.17
-0.199
-0.044
-0.231
-0.144
-0.209
-0.238
-0.13
-0.161
-0.159
-0.212
-0.286
-0.176
-0.125
-0.069
-0.058
-0.059
-0.041
-0.064
0.083
-0.096
-0.11
-0.161
-0.179
-0.174
-0.024
0.016
0.077
0.224
0.182
0.104
0.06
0.096
0.129
0.245
0.224
0.212
0.221
0.333
0.441
0.503
0.45
0.64
0.525
0.573
0.455
0.497
0.419
0.48
0.469
0.603
0.59
0.556
0.484
0.511
0.431
0.333
0.186
0.396
0.246
0.043
0.046
-0.164
-0.175
-0.219
-0.134
-0.365
-0.396
-0.41
-0.376
-0.247
-0.333
-0.251
-0.281
-0.26
-0.311
-0.256
-0.329
-0.29
-0.266
-0.369
-0.5
-0.046
-0.113
-0.098
-0.035
-0.234
-0.331
-0.348
-0.131
-0.193
-0.309
-0.184
-0.155
-0.116
0.009
-0.084
-0.138
-0.066
-0.269
-0.216
-0.236
-0.325
-0.318
-0.3
-0.302
-0.359
-0.279
-0.158
-0.055
-0.051
0.004
0.054
0.105
0.069
0.072
0.08
-0.061
0.014
0.014
0.133
0.083
0.054
0.264
0.105
0.122
0.095
0.011
0.005
-0.144
-0.062
-0.15
-0.131
-0.205
-0.143
-0.154
-0.158
-0.177
-0.076
-0.208
-0.131
-0.01
-0.02
0.095
0.014
0.021
0.106
-0.155
-0.193
-0.149
-0.13
-0.121
-0.181
-0.016
-0.072
-0.138
-0.307
-0.43
-0.27
-0.289
-0.226
-0.297
-0.195
-0.211
-0.072
0.091
0.219
-0.03
0.159
0.133
0.126
0.109
0.081
-0.025
0.136
0.029
0.006
0.003
0.106
0.107
0.054
-0.022
-0.044
-0.113
0.014
0.044
-0.121
-0.143
0.029
0.003
-0.125
-0.193
-0.186
-0.003
-0.054
-0.096
0.058
-0.055
-0.08
-0.14
-0.036
-0.099
-0.164
-0.076
-0.155
-0.147
-0.081
-0.052
-0.041
-0.23
-0.352
-0.24
-0.236
-0.205
-0.281
-0.138
-0.006
-0.155
-0.124
-0.129
-0.107
-0.077
0.195
0.294
0.325
0.381
0.479
0.685
0.705
0.699
0.561
0.819
0.786
0.661
0.588
0.484
0.557
0.539
0.505
0.584
0.626
0.69
0.73
0.647
0.589
0.545
0.511
0.424
0.366
0.264
0.393
0.588
0.682
0.625
0.54
0.578
0.456
0.434
0.635
0.596
0.651
0.766
0.805
0.905
0.891
0.879
0.888
0.939
0.953
0.941
0.956
1.069
1.004
1.301
1.318
1.24
1.13
1.145
1.093
1.116
1.089
0.961
1.045
0.989
0.981
0.902
0.666
0.625
0.542
0.471
0.571
0.494
0.432
0.292
0.26
0.075
0.147
-0.025
-0.056
-0.143
-0.28
-0.482
-0.688
-0.585
-0.455
-0.484
-0.556
-0.645
-0.591
-0.74
-0.774
-0.82
-1.035
-1.104
-1.065
-0.864
-0.9
-0.811
-0.693
-0.651
-0.693
-0.696
-0.655
-0.529
-0.323
-0.362
-0.069
0.17
0.234
0.31
0.419
0.509
0.501
0.479
0.459
0.432
0.667
0.665
0.804
0.75
0.666
0.685
0.738
0.664
0.427
0.434
0.285
0.36
0.284
0.143
0.122
0.022
-0.09
-0.229
-0.429
-0.686
-0.925
-0.881
-0.881
-0.979
-1.159
-1.288
-1.19
-1.14
-1.159
-1.383
-1.367
-1.369
-1.189
-1.301
-1.216
-1.147
-1.117
-0.846
-0.84
-0.708
-0.657
-0.482
-0.302
-0.245
-0.19
0.09
0.2
0.226
0.14
0.435
0.357
0.705
0.934
1.034
1.124
1.136
1.157
1.229
1.215
1.044
1.149
0.94
1.036
0.841
0.776
0.537
0.413
0.505
0.459
0.599
0.589
0.728
0.863
0.759
0.638
0.73
0.77
0.704
0.599
0.565
0.586
0.319
0.27
0.254
0.182
0.158
0.184
0.036
0.086
0.043
0.061
0.195
0.32
0.199
-0.001
-0.113
-0.249
-0.146
-0.179
-0.118
-0.054
-0.007
0.11
0.08
0.126
0.056
0.044
-0.169
-0.066
-0.095
0.01
0.064
0.154
0.186
0.07
0.196
0.278
0.701
0.75
0.838
0.799
1.096
1.095
1.111
0.94
0.99
0.983
1.096
0.941
0.943
1.075
1.071
1.107
0.96
1.008
0.82
0.723
0.647
0.466
0.512
0.471
0.417
0.341
0.314
0.31
0.206
0.194
0.114
0.198
0.388
0.233
0.165
-0.019
-0.011
-0.174
-0.174
-0.375
-0.35
-0.365
-0.379
-0.379
-0.511
-0.774
-0.786
-0.964
-0.851
-0.95
-1.08
-1.204
-1.335
-1.425
-1.449
-1.405
-1.3
-1.198
-1.228
-1.119
-1.159
-1.044
-1.0
-1.022
-1.045
-1.115
-1.235
-1.343
-1.24
-1.346
-1.205
-1.13
-0.868
-0.704
-0.615
-0.455
-0.236
-0.362
-0.524
-0.235
-0.198
-0.08
0.035
0.258
0.215
0.188
0.221
0.095
-0.034
-0.091
-0.089
-0.003
-0.23
-0.071
-0.17
-0.191
-0.208
-0.18
-0.019
0.044
0.161
0.144
0.031
-0.056
-0.025
-0.083
0.12
0.081
0.189
0.106
0.02
-0.07
-0.275
-0.215
-0.316
-0.258
-0.324
-0.492
-0.445
-0.495
-0.628
-0.552
-0.603
-0.628
-0.647
-0.721
-0.796
-0.715
-0.831
-0.794
-0.763
-0.849
-0.965
-0.891
-0.719
-0.855
-0.785
-0.718
-0.785
-0.745
-0.746
-0.776
-0.824
-0.873
-0.924
-0.863
-0.7
-0.746
-0.644
-0.774
-0.71
-0.766
-0.725
-0.614
-0.55
-0.497
-0.551
-0.689
-0.694
-0.721
-0.646
-0.589
-0.584
-0.328
-0.415
-0.508
-0.395
-0.383
-0.451
-0.359
-0.145
-0.081
-0.075
-0.007
0.044
0.074
0.141
0.23
0.121
0.323
0.331
0.431
0.385
0.334
0.281
0.401
0.438
0.47
0.348
0.491
0.57
0.621
0.667
0.595
0.725
0.724
0.833
0.907
0.856
1.045
1.16
1.025
0.994
0.881
0.818
0.874
0.809
0.745
0.785
0.844
0.95
0.96
0.917
0.869
0.978
0.974
0.896
0.964
0.775
0.631
0.65
0.669
0.517
0.516
0.534
0.324
0.343
0.254
0.296
0.026
0.141
0.055
-0.024
-0.106
0.029
0.106
0.099
0.111
0.049
-0.001
-0.113
-0.309
-0.372
-0.234
-0.238
-0.341
-0.542
-0.654
-0.594
-0.606
-0.667
-0.694
-0.768
-0.723
-0.574
-0.599
-0.58
-0.537
-0.349
-0.254
-0.247
-0.245
-0.24
-0.304
-0.26
-0.289
-0.241
-0.355
-0.146
-0.058
0.035
0.08
0.168
0.03
0.15
0.244
0.265
0.297
0.286
0.359
0.346
0.383
0.484
0.723
0.659
0.638
0.73
0.858
1.009
0.985
1.254
1.22
1.326
1.311
1.361
1.336
1.262
1.16
1.371
1.386
1.385
1.433
1.254
1.265
1.347
1.236
1.08
0.907
0.794
0.652
0.529
0.359
0.2
0.181
0.147
0.028
-0.104
-0.28
-0.434
-0.527
-0.375
-0.536
-0.517
-0.21
-0.264
-0.466
-0.46
-0.549
-0.654
-0.769
-0.885
-0.83
-0.876
-0.946
-1.064
-1.075
-1.181
-1.255
-1.502
-1.414
-1.394
-1.481
-1.571
-1.554
-1.593
-1.647
-1.508
-1.504
-1.546
-1.541
-1.51
-1.54
-1.599
-1.484
-1.534
-1.311
-1.23
-1.154
-1.124
-1.05
-1.026
-1.065
-0.881
-0.73
-0.603
-0.427
-0.376
-0.24
-0.15
0.095
0.161
0.161
0.055
0.173
0.186
0.195
0.261
0.268
0.338
0.26
0.206
0.386
0.39
0.408
0.364
0.329
0.417
0.506
0.496
0.506
0.529
0.715
0.708
0.744
0.79
0.514
0.464
0.535
0.529
0.57
0.554
0.456
0.359
0.166
0.154
0.169
0.02
0.035
0.054
0.13
0.115
0.139
0.029
-0.095
0.105
0.145
0.201
0.034
0.214
0.133
0.041
-0.069
-0.115
-0.13
-0.056
-0.005
-0.08
-0.096
-0.026
0.052
0.143
0.189
0.246
0.139
0.168
0.273
0.233
0.351
0.264
0.399
0.396
0.395
0.436
0.199
0.394
0.486
0.634
0.718
0.728
0.64
0.66
0.487
0.512
0.811
0.774
0.706
0.478
0.42
0.175
0.261
0.146
0.221
0.339
0.226
0.196
0.297
0.18
0.174
0.004
0.103
0.075
0.143
-0.071
0.058
-0.091
-0.161
-0.1
-0.17
-0.076
-0.103
-0.089
-0.236
-0.15
-0.055
-0.249
-0.186
-0.016
-0.036
-0.135
0.021
0.122
0.114
0.09
0.005
0.026
-0.086
-0.195
-0.321
-0.45
-0.638
-0.731
-0.71
-0.96
-0.979
-0.899
-0.76
-0.735
-0.594
-0.746
-0.519
-0.61
-0.552
-0.43
-0.231
-0.324
-0.214
-0.214
-0.143
-0.141
-0.306
-0.014
-0.158
-0.011
-0.116
-0.105
0.054
0.2
0.24
0.228
0.297
0.36
0.48
0.461
0.331
0.54
0.695
0.705
0.676
0.593
0.614
0.497
0.482
0.552
0.406
0.415
0.31
0.283
0.251
0.235
0.12
0.201
0.19
-0.011
-0.149
-0.28
-0.319
-0.443
-0.485
-0.364
-0.401
-0.591
-0.593
-0.609
-0.581
-0.436
-0.571
-0.291
-0.288
0.006
-0.015
0.072
0.203
0.159
0.208
0.29
0.394
0.334
0.388
0.608
0.635
0.82
0.769
0.794
0.864
0.97
1.117
1.135
1.175
1.159
1.219
1.134
1.028
0.879
0.936
0.953
0.858
0.615
0.545
0.386
0.331
0.318
0.246
0.105
0.176
0.231
0.217
0.2
0.134
0.278
0.314
0.435
0.435
0.289
0.435
0.311
0.223
0.254
0.145
0.09
0.146
-0.013
-0.031
0.036
-0.02
0.05
0.005
0.036
-0.043
0.096
0.14
0.029
0.193
0.3
0.25
0.31
0.2
0.14
0.08
0.125
0.079
-0.084
-0.101
-0.016
-0.098
-0.158
-0.309
-0.369
-0.432
-0.576
-0.496
-0.409
-0.427
-0.429
-0.27
-0.223
-0.409
-0.173
-0.156
0.265
-0.254
-0.111
0.236
0.28
0.13
0.066
0.315
0.401
0.348
0.474
0.601
0.71
0.763
0.911
0.894
1.094
0.911
0.699
0.853
0.863
0.959
0.92
0.761
0.763
0.636
0.545
0.455
0.515
0.499
0.456
0.6
0.43
0.435
0.429
0.651
0.701
0.618
0.44
0.306
0.385
0.574
0.635
0.65
0.629
0.656
0.438
0.439
0.439
0.238
0.223
0.138
-0.116
-0.221
-0.255
-0.145
-0.158
-0.333
-0.352
-0.177
-0.307
-0.193
-0.226
-0.302
-0.279
-0.341
-0.336
-0.096
-0.256
-0.35
-0.338
-0.229
-0.06
0.06
-0.094
-0.106
-0.033
-0.176
-0.109
-0.074
0.166
0.223
0.189
0.29
0.17
0.284
0.299
0.254
0.118
0.312
0.338
0.519
0.81
0.564
0.649
0.731
0.621
0.693
0.765
0.93
0.993
1.137
1.105
0.79
0.802
0.958
0.729
0.951
0.881
0.935
0.978
0.746
0.574
0.49
0.494
0.375
0.465
0.44
0.284
0.186
0.177
0.236
0.131
0.177
0.226
0.36
0.21
0.276
0.152
-0.01
-0.037
0.09
-0.031
-0.115
-0.26
-0.244
-0.309
-0.236
-0.275
-0.113
-0.114
-0.276
-0.114
-0.105
-0.238
-0.274
-0.296
-0.188
-0.291
-0.109
-0.079
-0.016
-0.014
0.003
0.077
0.076
0.268
0.25
0.242
0.198
0.254
0.431
0.219
0.286
0.29
0.106
0.086
0.083
0.151
0.176
0.224
0.247
0.401
0.255
0.304
0.492
0.265
0.244
-0.054
0.054
0.005
0.1
0.107
-0.126
-0.212
-0.212
-0.475
-0.318
-0.546
-0.61
-0.785
-0.93
-0.83
-1.134
-1.176
-1.025
-1.083
-0.948
-1.133
-1.083
-1.194
-1.31
-1.052
-1.349
-1.101
-1.109
-1.035
-1.129
-0.95
-0.915
-0.893
-0.438
-0.521
-0.393
-0.394
-0.362
-0.393
-0.37
-0.283
-0.189
-0.103
-0.025
-0.085
0.055
-0.18
0.141
0.114
0.156
0.311
0.324
0.369
0.422
0.439
0.605
0.573
0.453
0.441
0.47
0.647
0.623
0.745
0.526
0.579
0.609
0.501
0.326
0.381
0.511
0.42
0.359
0.215
0.164
0.185
0.19
0.095
0.254
0.316
0.297
0.424
0.385
0.299
0.211
0.118
-0.149
-0.283
-0.435
-0.451
-0.422
-0.511
-0.564
-0.414
-0.583
-0.511
-0.721
-0.735
-0.614
-0.633
-0.754
-0.761
-0.746
-0.878
-1.088
-0.968
-0.994
-1.149
-1.07
-1.088
-0.971
-0.848
-0.659
-0.497
-0.686
-0.349
-0.586
-0.24
-0.037
-0.103
-0.107
-0.171
0.105
0.216
0.286
0.203
0.177
0.09
0.088
0.266
0.2
0.324
0.33
0.579
0.554
0.492
0.519
0.391
0.691
0.745
0.739
0.705
0.829
0.871
0.589
0.645
0.601
0.626
0.665
0.685
0.675
0.656
0.544
0.439
0.429
0.33
0.174
0.19
0.118
-0.041
-0.02
-0.305
-0.015
-0.024
-0.154
-0.128
-0.163
-0.165
-0.286
-0.159
-0.256
-0.492
-0.466
-0.426
-0.432
-0.55
-0.489
-0.631
-0.595
-0.614
-0.745
-0.649
-0.305
-0.416
-0.413
-0.376
-0.37
-0.409
-0.511
-0.438
-0.393
-0.641
-0.503
-0.535
-0.496
-0.475
-0.54
-0.3
-0.361
-0.158
-0.201
-0.159
-0.051
-0.074
-0.024
0.033
0.064
0.0
0.136
0.126
-0.085
-0.135
-0.18
-0.022
-0.214
-0.221
-0.367
-0.43
-0.345
-0.32
-0.211
-0.125
0.041
-0.044
-0.04
-0.115
-0.111
-0.045
-0.035
-0.066
-0.069
-0.061
0.058
0.089
0.131
0.151
0.118
0.177
0.099
0.146
0.125
0.334
0.372
0.37
0.364
0.381
0.415
0.385
0.383
0.396
0.4
0.468
0.42
0.3
0.324
0.133
0.092
0.062
-0.061
-0.095
-0.065
0.075
0.065
0.05
0.064
0.052
-0.001
-0.034
-0.212
-0.234
-0.436
-0.439
-0.431
-0.338
-0.453
-0.525
-0.529
-0.66
-0.625
-0.504
-0.384
-0.32
-0.37
-0.431
-0.389
-0.289
-0.198
-0.083
-0.109
-0.113
-0.242
-0.2
0.022
0.119
0.399
0.453
0.598
0.571
0.395
0.481
0.359
0.399
0.354
0.46
0.422
0.484
0.268
0.225
0.166
0.041
-0.034
-0.096
-0.291
-0.281
-0.629
-0.6
-0.88
-0.804
-0.726
-0.624
-0.505
-0.384
-0.44
-0.312
-0.2
-0.43
-0.404
-0.519
-0.393
-0.372
-0.41
-0.41
-0.236
-0.152
-0.163
-0.18
-0.245
-0.233
-0.166
-0.081
0.08
-0.021
-0.411
0.066
-0.028
-0.16
-0.058
-0.061
-0.077
0.083
0.08
0.163
-0.022
0.069
0.039
0.034
-0.11
-0.212
-0.013
0.075
0.103
0.152
0.159
0.289
0.307
0.461
0.49
0.3
0.196
0.23
0.16
0.1
0.116
0.041
0.144
0.146
0.143
0.06
-0.005
0.077
0.103
0.075
-0.014
0.035
0.185
0.226
0.413
0.431
0.646
0.807
0.694
0.758
0.841
0.943
0.945
1.051
1.036
1.103
1.055
1.045
0.906
0.888
0.963
0.999
0.771
0.744
0.71
0.638
0.605
0.615
0.434
0.281
0.229
0.203
0.098
0.158
0.096
0.077
0.089
-0.039
-0.143
-0.378
-0.37
-0.25
-0.456
-0.531
-0.415
-0.464
-0.496
-0.395
-0.41
-0.484
-0.409
-0.208
-0.198
-0.07
-0.151
-0.19
-0.22
-0.168
-0.195
-0.214
-0.258
-0.306
-0.165
-0.276
-0.241
-0.18
-0.134
-0.159
-0.098
-0.122
-0.146
-0.199
-0.354
-0.557
-0.446
-0.367
-0.53
-0.578
-0.657
-0.728
-0.729
-0.781
-0.634
-0.638
-0.604
-0.667
-0.725
-0.836
-0.67
-0.626
-0.641
-0.51
-0.555
-0.608
-0.725
-0.605
-0.583
-0.656
-0.473
-0.416
-0.326
-0.33
-0.279
-0.209
-0.169
-0.064
0.036
0.07
-0.01
0.111
0.085
0.051
0.121
0.161
0.098
0.019
0.144
0.12
0.403
0.355
0.443
0.659
0.432
0.384
0.478
0.429
0.463
0.491
0.396
0.544
0.531
0.604
0.5
0.725
0.581
0.52
0.664
0.575
0.804
0.965
1.176
1.367
1.205
1.261
1.22
1.441
1.411
1.375
1.419
1.34
1.181
1.16
1.235
0.993
0.896
0.729
0.749
0.725
0.603
0.721
0.636
0.638
0.404
0.544
0.426
0.364
0.485
0.149
0.217
0.253
0.276
0.269
0.286
0.323
0.228
0.143
0.015
-0.07
-0.07
0.026
0.04
0.11
0.059
0.239
0.147
0.054
0.022
-0.149
-0.285
-0.2
-0.205
-0.052
-0.271
-0.316
-0.42
-0.574
-0.588
-0.681
-0.536
-0.404
-0.576
-0.403
-0.573
-0.449
-0.532
-0.494
-0.251
-0.325
-0.139
-0.401
-0.451
-0.281
-0.436
-0.23
-0.22
-0.084
-0.096
0.09
-0.001
-0.199
-0.049
-0.2
0.004
0.024
0.066
0.072
-0.048
0.11
-0.084
0.065
0.116
0.219
0.118
0.333
0.115
-0.106
-0.338
-0.366
-0.174
-0.295
-0.311
-0.378
-0.454
-0.545
-0.495
-0.443
-0.545
-0.59
-0.753
-0.455
-0.044
-0.185
-0.079
-0.189
-0.058
0.086
0.185
0.261
0.345
0.604
0.464
0.417
0.354
0.57
0.67
0.696
0.823
0.677
0.751
0.725
0.618
0.661
0.583
0.573
0.698
0.671
0.766
0.88
0.72
0.436
0.185
0.118
0.036
-0.083
0.048
-0.156
-0.037
-0.14
-0.11
-0.275
-0.499
-0.779
-0.635
-0.641
-0.501
-0.589
-0.534
-0.401
-0.386
-0.434
-0.456
-0.532
-0.547
-0.479
-0.443
-0.388
-0.276
-0.058
-0.141
-0.028
0.096
0.129
0.188
0.374
0.398
0.417
0.386
0.474
0.453
0.28
0.176
0.039
0.105
-0.025
-0.168
-0.116
0.216
0.152
0.034
-0.006
-0.158
-0.176
-0.273
-0.216
-0.526
-0.684
-0.917
-0.806
-0.985
-1.131
-1.056
-1.126
-0.84
-0.684
-0.521
-0.552
-0.552
-0.434
-0.599
-0.44
-0.336
-0.324
-0.286
-0.23
-0.225
-0.136
-0.188
0.056
0.041
-0.061
0.011
-0.085
-0.02
0.052
-0.258
-0.06
-0.245
-0.182
-0.176
0.076
0.021
-0.186
-0.169
-0.253
-0.165
-0.159
-0.133
-0.084
-0.028
-0.176
-0.1
-0.076
-0.059
-0.054
0.051
-0.089
-0.179
-0.119
-0.249
-0.396
-0.381
-0.385
-0.434
-0.31
-0.194
-0.144
-0.091
-0.228
-0.059
-0.049
0.024
-0.13
0.033
0.125
0.191
0.315
0.49
0.69
0.56
0.65
0.669
0.741
0.745
0.55
0.466
0.535
0.51
0.458
0.413
0.359
0.2
0.279
0.258
0.206
0.198
0.14
-0.075
-0.144
-0.185
-0.371
-0.505
-0.468
-0.603
-0.59
-0.58
-0.481
-0.561
-0.6
-0.642
-0.545
-0.534
-0.393
-0.432
-0.434
-0.284
-0.283
-0.179
-0.134
-0.158
0.081
0.17
0.307
0.413
0.334
0.266
0.251
0.05
-0.051
-0.143
-0.231
-0.161
-0.16
-0.103
-0.182
-0.139
-0.098
-0.018
0.072
-0.17
-0.07
-0.103
-0.046
-0.241
-0.301
-0.225
-0.158
-0.261
-0.259
-0.219
-0.15
-0.161
-0.224
-0.234
-0.203
0.147
-0.04
-0.066
-0.058
0.01
-0.071
-0.021
-0.02
0.099
0.216
0.025
-0.181
-0.331
-0.47
-0.369
-0.135
-0.018
0.028
0.133
-0.049
-0.114
0.024
-0.139
-0.096
-0.233
-0.159
-0.281
-0.109
-0.249
-0.453
-0.145
-0.289
-0.372
-0.534
-0.378
-0.372
-0.339
-0.244
-0.225
-0.139
-0.31
-0.366
-0.474
-0.41
-0.408
-0.406
-0.544
-0.454
-0.46
-0.33
-0.532
-0.365
-0.266
-0.395
-0.39
-0.175
-0.005
0.104
0.189
0.258
0.215
0.319
0.46
0.367
0.536
0.579
0.596
0.629
0.534
0.541
0.486
0.411
0.236
0.28
0.295
0.299
0.271
0.42
0.413
0.284
0.406
0.355
0.43
0.27
0.21
0.395
0.421
0.619
0.674
0.764
0.843
0.984
0.989
0.902
0.844
0.709
0.575
0.603
0.573
0.689
0.571
0.275
0.051
0.046
0.033
0.044
-0.025
0.071
-0.011
0.014
-0.122
-0.264
-0.274
-0.256
-0.374
-0.305
-0.325
-0.31
-0.366
-0.398
-0.264
-0.125
0.141
0.166
0.291
0.341
0.297
0.406
0.346
0.306
0.534
0.517
0.55
0.515
0.439
0.446
0.311
0.323
0.296
0.259
0.266
0.378
0.359
0.414
0.408
0.288
0.343
0.294
0.286
0.271
-0.138
-0.247
-0.154
-0.398
-0.426
-0.478
-0.584
-0.772
-0.782
-0.571
-0.614
-0.49
-0.48
-0.381
-0.421
-0.725
-0.713
-0.666
-0.376
-0.281
-0.296
-0.26
-0.013
0.025
0.072
0.198
0.294
0.286
0.296
0.263
0.241
0.154
0.263
0.304
0.414
0.547
0.492
0.584
0.471
0.631
0.608
0.403
0.47
0.444
0.531
0.4
0.376
0.339
0.378
0.261
0.294
0.177
0.046
-0.006
-0.061
-0.059
-0.083
-0.119
-0.125
-0.251
-0.25
-0.138
-0.216
-0.198
0.144
0.2
0.238
0.255
0.164
0.056
-0.001
-0.006
0.06
-0.076
0.021
-0.228
-0.224
-0.44
-0.555
-0.785
-0.779
-0.883
-1.014
-0.95
-0.9
-1.119
-0.919
-1.012
-0.759
-0.821
-0.93
-0.784
-0.61
-0.422
-0.429
-0.225
-0.085
-0.028
0.029
0.121
0.147
0.279
0.258
0.299
0.455
0.403
0.435
0.565
0.595
0.478
0.519
0.605
0.674
0.693
0.628
0.665
0.674
0.504
0.662
0.792
0.77
0.792
0.765
0.575
0.549
0.427
0.491
0.559
0.641
0.568
0.59
0.557
0.586
0.647
0.73
0.634
0.444
0.365
0.302
0.48
0.378
0.424
0.26
0.306
-0.02
0.081
-0.041
-0.194
-0.331
-0.336
-0.369
-0.259
-0.328
-0.536
-0.456
-0.451
-0.451
-0.403
-0.626
-0.635
-0.57
-0.585
-0.596
-0.57
-0.686
-0.642
-0.784
-0.685
-0.723
-0.71
-0.601
-0.399
-0.512
-0.454
-0.364
-0.5
-0.421
-0.532
-0.354
-0.231
-0.08
0.045
0.036
0.214
0.226
0.228
0.417
0.634
0.584
0.57
0.641
0.758
0.61
0.458
0.424
0.398
0.371
0.422
0.185
0.253
0.163
0.271
0.066
0.152
0.009
0.129
0.216
0.276
0.124
0.285
0.206
0.401
0.426
0.369
0.445
0.551
0.741
0.738
1.16
1.095
1.155
1.2
0.924
0.909
0.883
0.905
0.886
0.849
0.951
0.885
0.834
0.844
0.786
0.889
0.646
0.792
0.776
0.706
0.486
0.445
0.335
0.413
0.33
0.089
0.028
-0.021
-0.034
0.166
0.24
0.323
0.414
0.454
0.265
0.333
0.449
0.58
0.703
0.606
0.492
0.544
0.431
0.461
0.598
0.756
0.745
0.705
0.733
0.636
0.67
0.679
0.723
0.896
0.655
0.776
0.676
0.77
0.686
0.537
0.468
0.416
0.486
0.521
0.435
0.484
0.554
0.715
0.52
0.519
0.426
0.066
-0.059
-0.156
-0.107
-0.072
-0.224
-0.284
-0.395
-0.492
-0.642
-0.557
-0.334
-0.32
-0.286
-0.24
-0.416
-0.325
-0.302
-0.338
-0.22
-0.196
0.044
0.099
0.182
0.278
0.193
0.188
0.273
0.349
0.509
0.694
0.829
0.824
0.579
0.522
0.53
0.427
0.436
0.539
0.635
0.595
0.667
0.645
0.419
0.598
0.451
0.46
0.487
0.301
0.375
0.235
0.176
0.283
0.323
0.396
0.391
0.491
0.479
0.497
0.534
0.69
0.448
0.42
0.324
0.27
0.219
0.22
0.261
0.101
0.098
0.128
0.072
0.203
0.064
0.118
-0.043
0.13
0.156
0.02
0.138
-0.013
-0.098
-0.119
-0.083
-0.007
-0.149
-0.136
-0.129
-0.283
-0.164
-0.061
0.105
0.056
-0.071
-0.006
-0.024
-0.255
-0.212
-0.12
-0.454
-0.306
-0.326
-0.164
0.036
0.111
0.185
0.156
0.07
0.211
0.029
-0.018
0.133
-0.021
-0.021
0.156
0.126
0.245
0.345
0.505
0.315
0.306
0.46
0.385
0.429
0.469
0.552
0.57
0.67
0.739
0.841
0.681
0.694
0.575
0.396
0.316
0.071
0.021
-0.051
-0.126
-0.19
-0.306
-0.215
-0.104
-0.09
-0.044
-0.175
-0.174
-0.212
-0.253
-0.343
-0.391
-0.273
-0.133
-0.045
-0.151
-0.077
-0.138
-0.163
-0.044
-0.189
-0.056
0.003
-0.113
-0.297
-0.302
-0.094
-0.198
-0.081
0.141
0.115
0.118
0.025
-0.058
-0.045
-0.052
0.054
-0.005
-0.013
-0.08
-0.288
-0.266
-0.41
-0.517
-0.466
-0.497
-0.509
-0.64
-0.739
-0.67
-0.848
-0.718
-0.916
-1.06
-0.986
-1.054
-1.157
-1.231
-1.249
-1.361
-1.354
-1.38
-1.309
-1.318
-1.208
-1.262
-1.292
-1.093
-1.272
-1.14
-1.222
-1.117
-1.004
-1.042
-0.861
-1.169
-1.064
-1.191
-1.068
-1.036
-1.126
-0.935
-0.856
-0.924
-0.944
-1.149
-0.98
-1.012
-0.897
-1.004
-0.901
-0.99
-1.065
-1.088
-1.005
-0.905
-0.924
-0.9
-0.93
-0.8
-0.739
-0.763
-0.736
-0.672
-0.585
-0.484
-0.536
-0.503
-0.504
-0.561
-0.66
-0.398
-0.465
-0.37
-0.38
-0.406
-0.375
-0.152
-0.005
0.094
-0.031
-0.009
-0.086
-0.151
-0.159
-0.139
-0.113
-0.098
-0.125
-0.11
-0.171
0.04
-0.106
-0.139
-0.18
-0.184
-0.021
0.031
-0.034
0.056
0.034
0.171
0.506
0.362
0.453
0.478
0.509
0.524
0.526
0.474
0.389
0.431
0.443
0.603
0.647
0.424
0.425
0.238
0.371
0.269
0.27
0.084
0.06
0.071
0.13
0.116
0.092
0.081
-0.094
0.12
-0.026
-0.14
-0.036
-0.236
-0.284
-0.307
-0.134
-0.266
-0.085
-0.013
-0.037
-0.034
0.006
0.081
0.048
0.12
0.046
0.105
0.208
0.088
0.151
0.193
0.244
0.021
0.013
-0.065
0.052
-0.036
0.072
0.086
-0.024
-0.018
0.095
-0.005
0.02
-0.018
-0.184
-0.054
-0.062
-0.225
-0.254
-0.205
-0.19
-0.186
-0.231
-0.109
-0.07
-0.138
-0.349
-0.378
-0.357
-0.53
-0.494
-0.456
10.332
-0.874
-0.229
-0.199
-0.135
-0.191
-0.258
-0.186
-0.295
-0.408
-0.413
-0.441
-0.271
-0.19
-0.159
-0.105
-0.021
-0.046
-0.066
0.029
-0.079
-0.066
-0.045
-0.024
0.085
0.007
-0.147
-0.12
-0.335
-0.084
-0.111
-0.014
0.351
0.359
0.201
0.171
0.161
0.062
-0.013
-0.011
0.007
0.116
0.238
0.231
0.422
0.486
0.565
0.666
0.964
0.914
1.004
1.062
1.005
0.864
0.98
0.846
1.104
1.17
1.245
1.222
1.046
1.005
0.919
0.968
1.079
1.164
1.289
1.399
1.355
1.222
1.17
0.858
0.772
0.6
0.463
0.585
0.459
0.554
0.446
0.406
0.362
0.461
0.195
0.296
0.246
0.216
0.04
0.009
-0.163
-0.019
-0.085
-0.139
-0.118
-0.201
-0.32
-0.31
-0.283
-0.413
-0.499
-0.751
-0.836
-1.105
-1.005
-1.044
-1.035
-1.115
-1.354
-1.46
-1.541
-1.66
-1.634
-1.675
-1.479
-1.463
-1.524
-1.384
-1.405
-1.434
-1.292
-1.173
-1.208
-1.123
-1.085
-0.999
-0.958
-0.944
-0.886
-0.999
-1.028
-0.986
-0.831
-0.891
-0.71
-0.619
-0.675
-0.654
-0.561
-0.695
-0.46
-0.544
-0.589
-0.468
-0.671
-0.605
-0.489
-0.547
-0.606
-0.64
-0.38
-0.527
-0.652
-0.531
-0.541
-0.325
-0.279
-0.029
0.006
0.075
0.279
0.18
0.297
0.27
0.269
0.265
0.198
0.364
0.584
0.512
0.766
0.916
0.986
1.012
1.149
1.183
1.285
1.272
1.338
1.318
1.302
1.275
1.195
1.285
1.38
1.496
1.561
1.435
1.419
1.468
1.241
1.117
0.999
0.941
0.766
0.821
0.75
0.615
0.5
0.249
0.47
0.319
0.314
0.379
0.096
0.174
0.14
0.201
0.3
0.06
0.35
0.275
0.445
0.536
0.508
0.589
0.537
0.421
0.375
0.561
0.47
0.492
0.306
0.216
0.274
0.325
0.245
0.364
0.092
-0.02
0.149
0.084
0.133
-0.014
-0.052
0.006
-0.095
-0.09
-0.035
-0.026
0.119
-0.014
-0.072
-0.161
-0.266
-0.206
-0.258
-0.381
-0.391
-0.536
-0.469
-0.662
-0.685
-0.669
-0.666
-0.579
-0.609
-0.417
-0.48
-0.451
-0.42
-0.628
-0.283
-0.259
-0.135
-0.374
-0.228
-0.31
-0.215
-0.007
0.234
0.315
0.206
0.441
0.324
0.646
0.551
0.682
0.819
1.064
0.991
1.103
1.218
1.331
1.144
1.347
1.289
1.393
1.242
1.203
1.174
1.177
1.19
1.193
1.045
1.183
1.22
1.12
1.066
0.897
1.179
0.981
0.739
0.585
0.316
0.191
0.026
-0.158
-0.169
-0.14
-0.17
-0.205
-0.331
-0.357
-0.449
-0.314
-0.301
-0.164
-0.103
0.011
-0.011
-0.136
-0.106
-0.054
0.051
-0.018
-0.143
0.022
-0.194
0.138
0.133
0.076
0.004
-0.221
0.033
0.055
0.051
0.15
0.189
0.365
0.182
0.143
0.195
0.29
0.205
0.279
0.25
0.205
0.417
0.393
0.508
0.409
0.182
0.235
0.284
0.401
0.139
0.417
0.263
0.378
0.509
0.519
0.48
0.459
0.545
0.22
0.349
0.193
0.201
0.261
0.043
-0.013
0.029
0.049
0.092
0.32
0.414
0.249
0.378
0.458
0.501
0.561
0.72
0.596
0.705
0.902
0.873
0.789
0.85
0.82
0.701
0.929
0.929
0.8
0.636
0.916
0.994
1.056
1.244
0.9
0.931
0.63
0.654
0.46
0.583
0.69
0.708
0.763
0.644
0.545
0.511
0.505
0.5
0.413
0.301
0.484
0.23
0.318
0.1
-0.154
-0.15
-0.24
-0.105
-0.286
-0.165
-0.04
-0.359
-0.119
-0.494
-0.56
-0.596
-0.791
-0.677
-0.796
-0.62
-0.741
-0.675
-0.63
-0.464
-0.324
-0.236
-0.23
-0.174
-0.146
-0.434
-0.503
-0.503
-0.434
-0.559
-0.484
-0.33
-0.413
-0.47
-0.638
-0.341
-0.394
-0.406
-0.579
-0.589
-0.394
-0.379
-0.398
-0.519
-0.642
-0.679
-0.771
-0.912
-0.989
-1.079
-0.901
-0.859
-1.006
-0.796
-0.869
-0.718
-0.555
-0.631
-0.544
-0.636
-0.743
-0.849
-0.838
-0.796
-0.635
-0.438
-0.326
-0.045
-0.004
0.191
0.309
0.466
0.348
0.424
0.649
0.705
0.66
0.71
0.853
0.775
0.759
0.75
0.691
0.515
0.511
0.624
0.669
0.566
0.424
0.29
0.088
0.238
0.259
0.339
0.445
0.211
0.166
0.046
-0.1
-0.105
-0.128
-0.149
-0.284
-0.325
-0.44
-0.6
-0.782
-0.823
-0.905
-0.924
-0.79
-0.728
-0.605
-0.552
-0.396
-0.261
-0.364
-0.245
-0.265
-0.275
-0.339
-0.427
-0.301
-0.378
-0.158
0.006
-0.03
0.114
-0.099
0.2
-0.037
0.217
0.32
0.24
0.278
0.3
0.398
0.361
0.228
0.265
0.069
0.244
0.149
0.099
0.189
-0.074
-0.098
-0.338
-0.326
-0.388
-0.451
-0.486
-0.333
-0.389
-0.326
-0.271
-0.259
-0.256
-0.352
-0.331
-0.273
-0.459
-0.359
-0.388
-0.174
-0.092
0.037
0.12
0.072
0.155
0.151
0.22
0.098
0.175
0.36
0.403
0.375
0.323
0.126
0.105
-0.11
-0.201
-0.389
-0.37
-0.549
-0.655
-0.675
-0.795
-1.002
-0.975
-0.991
-1.11
-1.242
-1.39
-1.282
-1.268
-1.015
-1.051
-0.926
-0.816
-0.639
-0.581
-0.635
-0.615
-0.503
-0.539
-0.394
-0.526
-0.696
-0.611
-0.834
-0.864
-0.916
-0.996
-1.016
-0.956
-0.784
-0.624
-0.636
-0.537
-0.474
-0.466
-0.473
-0.625
-0.655
-0.55
-0.604
-0.601
-0.606
-0.482
-0.441
-0.241
-0.415
-0.357
-0.314
-0.11
-0.212
-0.134
0.048
0.085
0.061
0.319
0.182
0.32
0.256
0.215
0.219
-0.16
0.055
-0.058
0.085
0.206
0.276
0.247
0.005
0.344
0.389
0.606
0.646
0.69
0.761
0.901
1.05
0.938
1.167
1.157
1.235
1.07
0.983
0.927
1.008
0.86
0.833
0.807
0.759
0.559
0.49
0.51
0.474
0.456
0.608
0.699
0.782
0.616
0.605
0.343
0.24
0.219
0.361
0.284
0.458
0.551
0.849
0.536
0.633
0.552
0.524
0.36
0.334
0.39
0.19
0.114
0.22
0.045
0.188
0.254
0.325
0.185
0.105
0.088
0.169
0.23
0.42
0.364
0.42
0.247
0.2
0.189
0.199
0.056
0.205
0.195
0.003
-0.054
-0.06
-0.043
-0.404
-0.259
-0.193
-0.294
-0.46
-0.547
-0.838
-0.721
-0.669
-0.724
-0.469
-0.436
-0.482
-0.281
-0.352
-0.416
-0.471
-0.29
-0.18
-0.294
-0.281
-0.465
-0.395
-0.465
-0.309
-0.408
-0.181
-0.189
-0.135
-0.091
-0.326
-0.25
-0.259
-0.151
0.103
0.263
0.309
0.299
0.468
0.503
0.511
0.666
0.635
0.772
0.868
0.87
0.809
0.806
0.784
0.761
-1.268
0.843
0.9
0.616
0.681
0.677
0.596
0.4
0.509
0.51
0.521
0.403
0.376
0.383
0.329
0.31
0.273
0.121
0.221
0.326
0.215
0.241
0.14
0.09
-0.055
0.043
0.085
-0.083
-0.145
-0.025
-0.066
-0.092
-0.22
-0.122
-0.291
-0.285
-0.256
-0.284
-0.274
-0.266
-0.278
-0.365
-0.345
-0.403
-0.421
-0.44
-0.455
-0.495
-0.266
-0.314
-0.345
-0.335
-0.359
-0.49
-0.55
-0.55
-0.524
-0.39
-0.455
-0.36
-0.391
-0.615
-0.431
-0.466
-0.393
-0.524
-0.489
-0.411
-0.369
-0.209
-0.346
-0.269
-0.205
-0.224
-0.203
-0.334
-0.304
-0.312
-0.406
-0.374
-0.279
-0.181
-0.156
-0.043
0.049
0.195
0.348
0.365
0.438
0.63
0.743
0.946
0.983
0.98
1.101
1.225
1.208
1.062
0.98
1.107
1.131
1.145
1.276
1.036
1.235
1.341
1.244
1.105
0.891
0.763
0.569
0.48
0.306
0.371
0.454
0.362
0.532
0.546
0.386
0.461
0.246
0.224
0.221
0.134
-0.016
0.125
-0.064
-0.05
0.159
0.251
0.031
0.161
0.074
0.024
0.131
0.146
0.241
0.185
0.229
0.364
0.086
-0.006
0.255
0.219
0.348
0.323
0.245
0.199
0.128
0.211
0.273
0.105
0.219
0.109
0.014
-0.166
-0.247
-0.048
-0.124
-0.129
-0.141
-0.139
-0.013
-0.039
0.161
-0.16
-0.133
-0.378
-0.578
-0.594
-0.735
-0.605
-0.598
-0.351
-0.494
-0.315
-0.004
0.106
0.077
0.198
0.279
0.449
0.305
0.098
0.431
0.629
0.546
0.519
0.468
0.676
0.839
1.04
0.95
1.131
0.984
0.944
0.876
0.81
0.854
0.659
0.749
0.708
0.745
0.593
0.876
0.779
0.691
0.426
0.219
0.376
0.075
0.065
0.035
0.11
0.064
0.17
0.3
-0.015
0.049
0.216
0.214
0.14
0.166
0.051
-0.099
0.059
0.089
0.099
-0.037
-0.115
-0.075
-0.12
-0.147
-0.389
-0.443
-0.751
-0.682
-0.711
-0.792
-0.733
-0.749
-0.801
-0.792
-0.652
-0.708
-0.491
-0.618
-0.59
-0.481
-0.297
-0.325
-0.203
-0.205
-0.278
-0.338
-0.08
-0.145
0.072
0.229
0.565
0.724
0.665
0.751
0.703
0.805
0.855
0.833
0.936
0.981
0.833
0.978
0.912
0.652
0.79
0.714
0.681
0.496
0.469
0.411
0.474
0.365
0.29
0.17
0.2
0.101
-0.07
0.05
0.056
-0.118
-0.114
-0.189
-0.264
-0.481
-0.44
-0.56
-0.549
-0.471
-0.609
-0.505
-0.651
-0.608
-0.586
-0.478
-0.62
-0.699
-0.425
-0.343
-0.52
-0.145
0.083
0.139
0.279
0.283
0.196
0.184
0.3
0.299
0.286
0.244
0.343
0.344
0.341
0.46
0.449
0.616
0.521
0.484
0.38
0.422
0.51
0.369
0.321
0.439
0.329
0.466
0.375
0.438
0.285
0.48
0.491
0.29
0.109
0.001
-0.015
0.033
0.092
0.045
0.165
0.088
-0.064
0.058
0.019
0.121
-0.116
-0.278
-0.24
-0.286
-0.259
-0.015
-0.131
-0.15
-0.085
-0.316
-0.323
-0.435
-0.41
-0.527
-0.547
-0.37
-0.395
-0.45
-0.657
-0.711
-0.699
-0.775
-0.74
-0.71
-0.744
-0.698
-0.583
-0.62
-0.625
-0.465
-0.509
-0.545
-0.556
-0.419
-0.352
-0.174
-0.144
-0.18
0.086
0.005
-0.016
-0.13
-0.039
-0.06
0.077
0.161
0.221
0.413
0.39
0.526
0.371
0.406
0.454
0.386
-0.048
-0.12
-0.228
-0.011
-0.075
-0.179
-0.133
-0.323
-0.33
-0.485
-0.686
-0.766
-0.765
-0.963
-1.015
-0.863
-0.797
-0.749
-0.77
-0.746
-0.667
-0.539
-0.367
-0.052
0.039
0.122
0.251
0.23
0.314
0.375
0.414
0.378
0.376
0.436
0.326
0.398
0.224
0.19
0.181
0.185
0.124
0.274
0.338
0.524
0.427
0.464
0.201
0.11
0.071
-0.041
0.061
0.147
0.109
0.198
0.039
-0.025
-0.018
-0.21
0.054
-0.025
0.119
0.024
-0.122
-0.18
-0.411
-0.362
-0.429
-0.345
-0.253
-0.276
-0.128
-0.004
0.08
0.18
0.166
0.235
0.346
0.344
0.296
0.292
0.321
0.309
0.233
0.301
-0.01
-0.07
-0.016
-0.121
-0.064
-0.239
-0.188
-0.158
-0.217
-0.083
-0.385
-0.532
-0.691
-1.046
-0.864
-1.16
-1.215
-1.396
-1.43
-1.498
-1.49
-1.336
-1.409
-1.241
-1.249
-1.205
-1.318
-1.289
-1.2
-1.334
-1.304
-1.15
-1.321
-1.084
-0.93
-0.72
-0.85
-0.801
-1.011
-0.859
-0.95
-0.792
-0.624
-0.546
-0.57
-0.631
-0.431
-0.395
-0.268
-0.236
-0.184
-0.253
-0.124
-0.225
-0.152
-0.242
-0.234
-0.186
-0.294
-0.231
-0.092
-0.103
0.058
-0.034
0.045
0.219
0.231
0.196
0.139
0.241
0.133
0.107
0.125
0.01
-0.018
-0.041
0.221
0.278
0.492
0.536
0.581
0.75
0.698
0.723
0.713
0.696
0.736
0.766
0.552
0.565
0.487
0.651
0.581
0.53
0.696
0.675
0.724
0.958
0.983
0.958
1.022
1.16
1.004
0.938
0.907
0.799
0.779
0.618
0.494
0.294
0.037
-0.118
-0.08
-0.19
-0.152
0.044
-0.077
-0.212
-0.092
-0.198
-0.099
0.014
0.055
0.022
-0.146
0.174
-0.029
-0.15
0.005
0.024
-0.113
-0.185
-0.219
-0.19
-0.238
-0.295
-0.158
-0.199
-0.147
-0.055
-0.101
0.111
0.156
0.154
0.214
-0.02
0.147
-0.081
-0.081
-0.135
-0.307
-0.219
-0.054
-0.004
0.039
0.191
0.236
0.198
0.125
0.225
0.106
-0.089
0.096
-0.001
-0.1
-0.195
-0.223
-0.271
-0.422
-0.564
-0.646
-0.514
-0.726
-0.605
-0.556
-0.43
-0.35
-0.348
-0.169
-0.184
-0.179
-0.284
-0.133
-0.031
-0.099
-0.034
0.215
0.278
0.371
0.468
0.576
0.608
0.623
0.665
0.657
0.486
0.601
0.629
0.691
0.761
0.989
0.886
0.974
0.841
0.779
0.844
0.897
0.818
0.743
0.784
0.761
0.743
0.705
0.731
0.557
0.754
0.794
0.714
0.72
0.569
0.785
0.706
0.781
0.82
0.716
0.569
0.455
0.349
0.354
0.288
0.191
0.238
0.279
0.211
0.195
-0.05
0.024
-0.242
-0.261
-0.309
-0.25
-0.181
-0.135
-0.089
-0.118
-0.185
-0.136
-0.375
-0.348
-0.429
-0.333
-0.413
-0.365
-0.39
-0.276
-0.256
-0.475
-0.291
-0.212
-0.286
-0.15
-0.184
-0.054
-0.265
-0.361
-0.301
-0.443
-0.435
-0.301
-0.349
-0.238
-0.212
-0.121
-0.029
-0.005
0.033
-0.151
-0.064
-0.022
-0.165
-0.065
-0.356
-0.274
-0.238
-0.251
-0.278
-0.185
-0.175
-0.14
-0.221
-0.354
-0.403
-0.343
-0.367
-0.152
-0.164
0.005
0.072
0.226
0.091
0.265
0.45
0.47
0.466
0.399
0.539
0.745
0.768
0.74
0.601
0.5
0.422
0.636
0.52
0.516
0.557
0.521
0.619
0.414
0.359
0.269
0.075
0.291
-0.003
0.029
0.062
0.036
-0.169
-0.465
-0.356
-0.223
-0.286
-0.152
-0.254
-0.111
-0.228
-0.175
-0.131
0.003
-0.14
-0.024
0.15
0.33
0.38
0.561
0.43
0.51
0.396
0.366
0.265
-0.005
0.107
0.072
0.265
0.098
-0.016
0.096
0.193
0.09
0.246
0.284
0.2
0.398
0.233
0.164
0.114
-0.099
-0.049
-0.269
-0.324
-0.36
-0.675
-0.581
-0.642
-0.593
-0.61
-0.716
-0.431
-0.384
-0.233
-0.245
-0.279
-0.061
-0.037
0.059
-0.118
-0.169
-0.26
-0.385
-0.217
-0.076
-0.011
0.244
0.461
0.618
0.669
0.729
0.826
0.965
0.859
1.089
1.15
1.22
1.288
1.555
1.47
1.621
1.83
1.887
1.887
1.917
1.855
1.772
1.861
2.005
2.146
1.951
1.92
1.818
1.677
1.525
1.279
1.265
1.278
1.256
1.123
1.216
1.123
0.956
0.95
0.823
0.816
0.79
0.545
0.501
0.505
0.444
0.341
0.276
0.126
0.121
0.006
-0.075
-0.296
-0.216
-0.361
-0.5
